race_id,year,racecourse,meeting_number,meeting_day,race_number,actual_date,official_source_url,mapping_status
201001010101,2010,札幌,1,1,1,2010-08-14,https://www.jra.go.jp/datafile/seiseki/report/2010/1sap.pdf,official_meeting_summary
201001010102,2010,札幌,1,1,2,2010-08-14,https://www.jra.go.jp/datafile/seiseki/report/2010/1sap.pdf,official_meeting_summary
201001010103,2010,札幌,1,1,3,2010-08-14,https://www.jra.go.jp/datafile/seiseki/report/2010/1sap.pdf,official_meeting_summary
201001010104,2010,札幌,1,1,4,2010-08-14,https://www.jra.go.jp/datafile/seiseki/report/2010/1sap.pdf,official_meeting_summary
201001010105,2010,札幌,1,1,5,2010-08-14,https://www.jra.go.jp/datafile/seiseki/report/2010/1sap.pdf,official_meeting_summary
201001010106,2010,札幌,1,1,6,2010-08-14,https://www.jra.go.jp/datafile/seiseki/report/2010/1sap.pdf,official_meeting_summary
201001010107,2010,札幌,1,1,7,2010-08-14,https://www.jra.go.jp/datafile/seiseki/report/2010/1sap.pdf,official_meeting_summary
201001010108,2010,札幌,1,1,8,2010-08-14,https://www.jra.go.jp/datafile/seiseki/report/2010/1sap.pdf,official_meeting_summary
201001010109,2010,札幌,1,1,9,2010-08-14,https://www.jra.go.jp/datafile/seiseki/report/2010/1sap.pdf,official_meeting_summary
201001010110,2010,札幌,1,1,10,2010-08-14,https://www.jra.go.jp/datafile/seiseki/report/2010/1sap.pdf,official_meeting_summary
201001010111,2010,札幌,1,1,11,2010-08-14,https://www.jra.go.jp/datafile/seiseki/report/2010/1sap.pdf,official_meeting_summary
201001010112,2010,札幌,1,1,12,2010-08-14,https://www.jra.go.jp/datafile/seiseki/report/2010/1sap.pdf,official_meeting_summary
201001010201,2010,札幌,1,2,1,2010-08-15,https://www.jra.go.jp/datafile/seiseki/report/2010/1sap.pdf,official_meeting_summary
201001010202,2010,札幌,1,2,2,2010-08-15,https://www.jra.go.jp/datafile/seiseki/report/2010/1sap.pdf,official_meeting_summary
201001010203,2010,札幌,1,2,3,2010-08-15,https://www.jra.go.jp/datafile/seiseki/report/2010/1sap.pdf,official_meeting_summary
201001010204,2010,札幌,1,2,4,2010-08-15,https://www.jra.go.jp/datafile/seiseki/report/2010/1sap.pdf,official_meeting_summary
201001010205,2010,札幌,1,2,5,2010-08-15,https://www.jra.go.jp/datafile/seiseki/report/2010/1sap.pdf,official_meeting_summary
201001010206,2010,札幌,1,2,6,2010-08-15,https://www.jra.go.jp/datafile/seiseki/report/2010/1sap.pdf,official_meeting_summary
201001010207,2010,札幌,1,2,7,2010-08-15,https://www.jra.go.jp/datafile/seiseki/report/2010/1sap.pdf,official_meeting_summary
201001010208,2010,札幌,1,2,8,2010-08-15,https://www.jra.go.jp/datafile/seiseki/report/2010/1sap.pdf,official_meeting_summary
201001010209,2010,札幌,1,2,9,2010-08-15,https://www.jra.go.jp/datafile/seiseki/report/2010/1sap.pdf,official_meeting_summary
201001010210,2010,札幌,1,2,10,2010-08-15,https://www.jra.go.jp/datafile/seiseki/report/2010/1sap.pdf,official_meeting_summary
201001010211,2010,札幌,1,2,11,2010-08-15,https://www.jra.go.jp/datafile/seiseki/report/2010/1sap.pdf,official_meeting_summary
201001010212,2010,札幌,1,2,12,2010-08-15,https://www.jra.go.jp/datafile/seiseki/report/2010/1sap.pdf,official_meeting_summary
201001010301,2010,札幌,1,3,1,2010-08-21,https://www.jra.go.jp/datafile/seiseki/report/2010/1sap.pdf,official_meeting_summary
201001010302,2010,札幌,1,3,2,2010-08-21,https://www.jra.go.jp/datafile/seiseki/report/2010/1sap.pdf,official_meeting_summary
201001010303,2010,札幌,1,3,3,2010-08-21,https://www.jra.go.jp/datafile/seiseki/report/2010/1sap.pdf,official_meeting_summary
201001010304,2010,札幌,1,3,4,2010-08-21,https://www.jra.go.jp/datafile/seiseki/report/2010/1sap.pdf,official_meeting_summary
201001010305,2010,札幌,1,3,5,2010-08-21,https://www.jra.go.jp/datafile/seiseki/report/2010/1sap.pdf,official_meeting_summary
201001010306,2010,札幌,1,3,6,2010-08-21,https://www.jra.go.jp/datafile/seiseki/report/2010/1sap.pdf,official_meeting_summary
201001010307,2010,札幌,1,3,7,2010-08-21,https://www.jra.go.jp/datafile/seiseki/report/2010/1sap.pdf,official_meeting_summary
201001010308,2010,札幌,1,3,8,2010-08-21,https://www.jra.go.jp/datafile/seiseki/report/2010/1sap.pdf,official_meeting_summary
201001010309,2010,札幌,1,3,9,2010-08-21,https://www.jra.go.jp/datafile/seiseki/report/2010/1sap.pdf,official_meeting_summary
201001010310,2010,札幌,1,3,10,2010-08-21,https://www.jra.go.jp/datafile/seiseki/report/2010/1sap.pdf,official_meeting_summary
201001010311,2010,札幌,1,3,11,2010-08-21,https://www.jra.go.jp/datafile/seiseki/report/2010/1sap.pdf,official_meeting_summary
201001010312,2010,札幌,1,3,12,2010-08-21,https://www.jra.go.jp/datafile/seiseki/report/2010/1sap.pdf,official_meeting_summary
201001010401,2010,札幌,1,4,1,2010-08-22,https://www.jra.go.jp/datafile/seiseki/report/2010/1sap.pdf,official_meeting_summary
201001010402,2010,札幌,1,4,2,2010-08-22,https://www.jra.go.jp/datafile/seiseki/report/2010/1sap.pdf,official_meeting_summary
201001010403,2010,札幌,1,4,3,2010-08-22,https://www.jra.go.jp/datafile/seiseki/report/2010/1sap.pdf,official_meeting_summary
201001010404,2010,札幌,1,4,4,2010-08-22,https://www.jra.go.jp/datafile/seiseki/report/2010/1sap.pdf,official_meeting_summary
201001010405,2010,札幌,1,4,5,2010-08-22,https://www.jra.go.jp/datafile/seiseki/report/2010/1sap.pdf,official_meeting_summary
201001010406,2010,札幌,1,4,6,2010-08-22,https://www.jra.go.jp/datafile/seiseki/report/2010/1sap.pdf,official_meeting_summary
201001010407,2010,札幌,1,4,7,2010-08-22,https://www.jra.go.jp/datafile/seiseki/report/2010/1sap.pdf,official_meeting_summary
201001010408,2010,札幌,1,4,8,2010-08-22,https://www.jra.go.jp/datafile/seiseki/report/2010/1sap.pdf,official_meeting_summary
201001010409,2010,札幌,1,4,9,2010-08-22,https://www.jra.go.jp/datafile/seiseki/report/2010/1sap.pdf,official_meeting_summary
201001010410,2010,札幌,1,4,10,2010-08-22,https://www.jra.go.jp/datafile/seiseki/report/2010/1sap.pdf,official_meeting_summary
201001010411,2010,札幌,1,4,11,2010-08-22,https://www.jra.go.jp/datafile/seiseki/report/2010/1sap.pdf,official_meeting_summary
201001010412,2010,札幌,1,4,12,2010-08-22,https://www.jra.go.jp/datafile/seiseki/report/2010/1sap.pdf,official_meeting_summary
201001010501,2010,札幌,1,5,1,2010-08-28,https://www.jra.go.jp/datafile/seiseki/report/2010/1sap.pdf,official_meeting_summary
201001010502,2010,札幌,1,5,2,2010-08-28,https://www.jra.go.jp/datafile/seiseki/report/2010/1sap.pdf,official_meeting_summary
201001010503,2010,札幌,1,5,3,2010-08-28,https://www.jra.go.jp/datafile/seiseki/report/2010/1sap.pdf,official_meeting_summary
201001010504,2010,札幌,1,5,4,2010-08-28,https://www.jra.go.jp/datafile/seiseki/report/2010/1sap.pdf,official_meeting_summary
201001010505,2010,札幌,1,5,5,2010-08-28,https://www.jra.go.jp/datafile/seiseki/report/2010/1sap.pdf,official_meeting_summary
201001010506,2010,札幌,1,5,6,2010-08-28,https://www.jra.go.jp/datafile/seiseki/report/2010/1sap.pdf,official_meeting_summary
201001010507,2010,札幌,1,5,7,2010-08-28,https://www.jra.go.jp/datafile/seiseki/report/2010/1sap.pdf,official_meeting_summary
201001010508,2010,札幌,1,5,8,2010-08-28,https://www.jra.go.jp/datafile/seiseki/report/2010/1sap.pdf,official_meeting_summary
201001010509,2010,札幌,1,5,9,2010-08-28,https://www.jra.go.jp/datafile/seiseki/report/2010/1sap.pdf,official_meeting_summary
201001010510,2010,札幌,1,5,10,2010-08-28,https://www.jra.go.jp/datafile/seiseki/report/2010/1sap.pdf,official_meeting_summary
201001010511,2010,札幌,1,5,11,2010-08-28,https://www.jra.go.jp/datafile/seiseki/report/2010/1sap.pdf,official_meeting_summary
201001010512,2010,札幌,1,5,12,2010-08-28,https://www.jra.go.jp/datafile/seiseki/report/2010/1sap.pdf,official_meeting_summary
201001010601,2010,札幌,1,6,1,2010-08-29,https://www.jra.go.jp/datafile/seiseki/report/2010/1sap.pdf,official_meeting_summary
201001010602,2010,札幌,1,6,2,2010-08-29,https://www.jra.go.jp/datafile/seiseki/report/2010/1sap.pdf,official_meeting_summary
201001010603,2010,札幌,1,6,3,2010-08-29,https://www.jra.go.jp/datafile/seiseki/report/2010/1sap.pdf,official_meeting_summary
201001010604,2010,札幌,1,6,4,2010-08-29,https://www.jra.go.jp/datafile/seiseki/report/2010/1sap.pdf,official_meeting_summary
201001010605,2010,札幌,1,6,5,2010-08-29,https://www.jra.go.jp/datafile/seiseki/report/2010/1sap.pdf,official_meeting_summary
201001010606,2010,札幌,1,6,6,2010-08-29,https://www.jra.go.jp/datafile/seiseki/report/2010/1sap.pdf,official_meeting_summary
201001010607,2010,札幌,1,6,7,2010-08-29,https://www.jra.go.jp/datafile/seiseki/report/2010/1sap.pdf,official_meeting_summary
201001010608,2010,札幌,1,6,8,2010-08-29,https://www.jra.go.jp/datafile/seiseki/report/2010/1sap.pdf,official_meeting_summary
201001010609,2010,札幌,1,6,9,2010-08-29,https://www.jra.go.jp/datafile/seiseki/report/2010/1sap.pdf,official_meeting_summary
201001010610,2010,札幌,1,6,10,2010-08-29,https://www.jra.go.jp/datafile/seiseki/report/2010/1sap.pdf,official_meeting_summary
201001010611,2010,札幌,1,6,11,2010-08-29,https://www.jra.go.jp/datafile/seiseki/report/2010/1sap.pdf,official_meeting_summary
201001010612,2010,札幌,1,6,12,2010-08-29,https://www.jra.go.jp/datafile/seiseki/report/2010/1sap.pdf,official_meeting_summary
201001010701,2010,札幌,1,7,1,2010-09-04,https://www.jra.go.jp/datafile/seiseki/report/2010/1sap.pdf,official_meeting_summary
201001010702,2010,札幌,1,7,2,2010-09-04,https://www.jra.go.jp/datafile/seiseki/report/2010/1sap.pdf,official_meeting_summary
201001010703,2010,札幌,1,7,3,2010-09-04,https://www.jra.go.jp/datafile/seiseki/report/2010/1sap.pdf,official_meeting_summary
201001010704,2010,札幌,1,7,4,2010-09-04,https://www.jra.go.jp/datafile/seiseki/report/2010/1sap.pdf,official_meeting_summary
201001010705,2010,札幌,1,7,5,2010-09-04,https://www.jra.go.jp/datafile/seiseki/report/2010/1sap.pdf,official_meeting_summary
201001010706,2010,札幌,1,7,6,2010-09-04,https://www.jra.go.jp/datafile/seiseki/report/2010/1sap.pdf,official_meeting_summary
201001010707,2010,札幌,1,7,7,2010-09-04,https://www.jra.go.jp/datafile/seiseki/report/2010/1sap.pdf,official_meeting_summary
201001010708,2010,札幌,1,7,8,2010-09-04,https://www.jra.go.jp/datafile/seiseki/report/2010/1sap.pdf,official_meeting_summary
201001010709,2010,札幌,1,7,9,2010-09-04,https://www.jra.go.jp/datafile/seiseki/report/2010/1sap.pdf,official_meeting_summary
201001010710,2010,札幌,1,7,10,2010-09-04,https://www.jra.go.jp/datafile/seiseki/report/2010/1sap.pdf,official_meeting_summary
201001010711,2010,札幌,1,7,11,2010-09-04,https://www.jra.go.jp/datafile/seiseki/report/2010/1sap.pdf,official_meeting_summary
201001010712,2010,札幌,1,7,12,2010-09-04,https://www.jra.go.jp/datafile/seiseki/report/2010/1sap.pdf,official_meeting_summary
201001010801,2010,札幌,1,8,1,2010-09-05,https://www.jra.go.jp/datafile/seiseki/report/2010/1sap.pdf,official_meeting_summary
201001010802,2010,札幌,1,8,2,2010-09-05,https://www.jra.go.jp/datafile/seiseki/report/2010/1sap.pdf,official_meeting_summary
201001010803,2010,札幌,1,8,3,2010-09-05,https://www.jra.go.jp/datafile/seiseki/report/2010/1sap.pdf,official_meeting_summary
201001010804,2010,札幌,1,8,4,2010-09-05,https://www.jra.go.jp/datafile/seiseki/report/2010/1sap.pdf,official_meeting_summary
201001010805,2010,札幌,1,8,5,2010-09-05,https://www.jra.go.jp/datafile/seiseki/report/2010/1sap.pdf,official_meeting_summary
201001010806,2010,札幌,1,8,6,2010-09-05,https://www.jra.go.jp/datafile/seiseki/report/2010/1sap.pdf,official_meeting_summary
201001010807,2010,札幌,1,8,7,2010-09-05,https://www.jra.go.jp/datafile/seiseki/report/2010/1sap.pdf,official_meeting_summary
201001010808,2010,札幌,1,8,8,2010-09-05,https://www.jra.go.jp/datafile/seiseki/report/2010/1sap.pdf,official_meeting_summary
201001010809,2010,札幌,1,8,9,2010-09-05,https://www.jra.go.jp/datafile/seiseki/report/2010/1sap.pdf,official_meeting_summary
201001010810,2010,札幌,1,8,10,2010-09-05,https://www.jra.go.jp/datafile/seiseki/report/2010/1sap.pdf,official_meeting_summary
201001010811,2010,札幌,1,8,11,2010-09-05,https://www.jra.go.jp/datafile/seiseki/report/2010/1sap.pdf,official_meeting_summary
201001010812,2010,札幌,1,8,12,2010-09-05,https://www.jra.go.jp/datafile/seiseki/report/2010/1sap.pdf,official_meeting_summary
201001020101,2010,札幌,2,1,1,2010-09-11,https://www.jra.go.jp/datafile/seiseki/report/2010/2sap.pdf,official_meeting_summary
201001020102,2010,札幌,2,1,2,2010-09-11,https://www.jra.go.jp/datafile/seiseki/report/2010/2sap.pdf,official_meeting_summary
201001020103,2010,札幌,2,1,3,2010-09-11,https://www.jra.go.jp/datafile/seiseki/report/2010/2sap.pdf,official_meeting_summary
201001020104,2010,札幌,2,1,4,2010-09-11,https://www.jra.go.jp/datafile/seiseki/report/2010/2sap.pdf,official_meeting_summary
201001020105,2010,札幌,2,1,5,2010-09-11,https://www.jra.go.jp/datafile/seiseki/report/2010/2sap.pdf,official_meeting_summary
201001020106,2010,札幌,2,1,6,2010-09-11,https://www.jra.go.jp/datafile/seiseki/report/2010/2sap.pdf,official_meeting_summary
201001020107,2010,札幌,2,1,7,2010-09-11,https://www.jra.go.jp/datafile/seiseki/report/2010/2sap.pdf,official_meeting_summary
201001020108,2010,札幌,2,1,8,2010-09-11,https://www.jra.go.jp/datafile/seiseki/report/2010/2sap.pdf,official_meeting_summary
201001020109,2010,札幌,2,1,9,2010-09-11,https://www.jra.go.jp/datafile/seiseki/report/2010/2sap.pdf,official_meeting_summary
201001020110,2010,札幌,2,1,10,2010-09-11,https://www.jra.go.jp/datafile/seiseki/report/2010/2sap.pdf,official_meeting_summary
201001020111,2010,札幌,2,1,11,2010-09-11,https://www.jra.go.jp/datafile/seiseki/report/2010/2sap.pdf,official_meeting_summary
201001020112,2010,札幌,2,1,12,2010-09-11,https://www.jra.go.jp/datafile/seiseki/report/2010/2sap.pdf,official_meeting_summary
201001020201,2010,札幌,2,2,1,2010-09-12,https://www.jra.go.jp/datafile/seiseki/report/2010/2sap.pdf,official_meeting_summary
201001020202,2010,札幌,2,2,2,2010-09-12,https://www.jra.go.jp/datafile/seiseki/report/2010/2sap.pdf,official_meeting_summary
201001020203,2010,札幌,2,2,3,2010-09-12,https://www.jra.go.jp/datafile/seiseki/report/2010/2sap.pdf,official_meeting_summary
201001020204,2010,札幌,2,2,4,2010-09-12,https://www.jra.go.jp/datafile/seiseki/report/2010/2sap.pdf,official_meeting_summary
201001020205,2010,札幌,2,2,5,2010-09-12,https://www.jra.go.jp/datafile/seiseki/report/2010/2sap.pdf,official_meeting_summary
201001020206,2010,札幌,2,2,6,2010-09-12,https://www.jra.go.jp/datafile/seiseki/report/2010/2sap.pdf,official_meeting_summary
201001020207,2010,札幌,2,2,7,2010-09-12,https://www.jra.go.jp/datafile/seiseki/report/2010/2sap.pdf,official_meeting_summary
201001020208,2010,札幌,2,2,8,2010-09-12,https://www.jra.go.jp/datafile/seiseki/report/2010/2sap.pdf,official_meeting_summary
201001020209,2010,札幌,2,2,9,2010-09-12,https://www.jra.go.jp/datafile/seiseki/report/2010/2sap.pdf,official_meeting_summary
201001020210,2010,札幌,2,2,10,2010-09-12,https://www.jra.go.jp/datafile/seiseki/report/2010/2sap.pdf,official_meeting_summary
201001020211,2010,札幌,2,2,11,2010-09-12,https://www.jra.go.jp/datafile/seiseki/report/2010/2sap.pdf,official_meeting_summary
201001020212,2010,札幌,2,2,12,2010-09-12,https://www.jra.go.jp/datafile/seiseki/report/2010/2sap.pdf,official_meeting_summary
201001020301,2010,札幌,2,3,1,2010-09-18,https://www.jra.go.jp/datafile/seiseki/report/2010/2sap.pdf,official_meeting_summary
201001020302,2010,札幌,2,3,2,2010-09-18,https://www.jra.go.jp/datafile/seiseki/report/2010/2sap.pdf,official_meeting_summary
201001020303,2010,札幌,2,3,3,2010-09-18,https://www.jra.go.jp/datafile/seiseki/report/2010/2sap.pdf,official_meeting_summary
201001020304,2010,札幌,2,3,4,2010-09-18,https://www.jra.go.jp/datafile/seiseki/report/2010/2sap.pdf,official_meeting_summary
201001020305,2010,札幌,2,3,5,2010-09-18,https://www.jra.go.jp/datafile/seiseki/report/2010/2sap.pdf,official_meeting_summary
201001020306,2010,札幌,2,3,6,2010-09-18,https://www.jra.go.jp/datafile/seiseki/report/2010/2sap.pdf,official_meeting_summary
201001020307,2010,札幌,2,3,7,2010-09-18,https://www.jra.go.jp/datafile/seiseki/report/2010/2sap.pdf,official_meeting_summary
201001020308,2010,札幌,2,3,8,2010-09-18,https://www.jra.go.jp/datafile/seiseki/report/2010/2sap.pdf,official_meeting_summary
201001020309,2010,札幌,2,3,9,2010-09-18,https://www.jra.go.jp/datafile/seiseki/report/2010/2sap.pdf,official_meeting_summary
201001020310,2010,札幌,2,3,10,2010-09-18,https://www.jra.go.jp/datafile/seiseki/report/2010/2sap.pdf,official_meeting_summary
201001020311,2010,札幌,2,3,11,2010-09-18,https://www.jra.go.jp/datafile/seiseki/report/2010/2sap.pdf,official_meeting_summary
201001020312,2010,札幌,2,3,12,2010-09-18,https://www.jra.go.jp/datafile/seiseki/report/2010/2sap.pdf,official_meeting_summary
201001020401,2010,札幌,2,4,1,2010-09-20,https://www.jra.go.jp/datafile/seiseki/report/2010/2sap.pdf,official_meeting_summary
201001020402,2010,札幌,2,4,2,2010-09-20,https://www.jra.go.jp/datafile/seiseki/report/2010/2sap.pdf,official_meeting_summary
201001020403,2010,札幌,2,4,3,2010-09-20,https://www.jra.go.jp/datafile/seiseki/report/2010/2sap.pdf,official_meeting_summary
201001020404,2010,札幌,2,4,4,2010-09-20,https://www.jra.go.jp/datafile/seiseki/report/2010/2sap.pdf,official_meeting_summary
201001020405,2010,札幌,2,4,5,2010-09-20,https://www.jra.go.jp/datafile/seiseki/report/2010/2sap.pdf,official_meeting_summary
201001020406,2010,札幌,2,4,6,2010-09-20,https://www.jra.go.jp/datafile/seiseki/report/2010/2sap.pdf,official_meeting_summary
201001020407,2010,札幌,2,4,7,2010-09-20,https://www.jra.go.jp/datafile/seiseki/report/2010/2sap.pdf,official_meeting_summary
201001020408,2010,札幌,2,4,8,2010-09-20,https://www.jra.go.jp/datafile/seiseki/report/2010/2sap.pdf,official_meeting_summary
201001020409,2010,札幌,2,4,9,2010-09-20,https://www.jra.go.jp/datafile/seiseki/report/2010/2sap.pdf,official_meeting_summary
201001020410,2010,札幌,2,4,10,2010-09-20,https://www.jra.go.jp/datafile/seiseki/report/2010/2sap.pdf,official_meeting_summary
201001020411,2010,札幌,2,4,11,2010-09-20,https://www.jra.go.jp/datafile/seiseki/report/2010/2sap.pdf,official_meeting_summary
201001020412,2010,札幌,2,4,12,2010-09-20,https://www.jra.go.jp/datafile/seiseki/report/2010/2sap.pdf,official_meeting_summary
201001020501,2010,札幌,2,5,1,2010-09-25,https://www.jra.go.jp/datafile/seiseki/report/2010/2sap.pdf,official_meeting_summary
201001020502,2010,札幌,2,5,2,2010-09-25,https://www.jra.go.jp/datafile/seiseki/report/2010/2sap.pdf,official_meeting_summary
201001020503,2010,札幌,2,5,3,2010-09-25,https://www.jra.go.jp/datafile/seiseki/report/2010/2sap.pdf,official_meeting_summary
201001020504,2010,札幌,2,5,4,2010-09-25,https://www.jra.go.jp/datafile/seiseki/report/2010/2sap.pdf,official_meeting_summary
201001020505,2010,札幌,2,5,5,2010-09-25,https://www.jra.go.jp/datafile/seiseki/report/2010/2sap.pdf,official_meeting_summary
201001020506,2010,札幌,2,5,6,2010-09-25,https://www.jra.go.jp/datafile/seiseki/report/2010/2sap.pdf,official_meeting_summary
201001020507,2010,札幌,2,5,7,2010-09-25,https://www.jra.go.jp/datafile/seiseki/report/2010/2sap.pdf,official_meeting_summary
201001020508,2010,札幌,2,5,8,2010-09-25,https://www.jra.go.jp/datafile/seiseki/report/2010/2sap.pdf,official_meeting_summary
201001020509,2010,札幌,2,5,9,2010-09-25,https://www.jra.go.jp/datafile/seiseki/report/2010/2sap.pdf,official_meeting_summary
201001020510,2010,札幌,2,5,10,2010-09-25,https://www.jra.go.jp/datafile/seiseki/report/2010/2sap.pdf,official_meeting_summary
201001020511,2010,札幌,2,5,11,2010-09-25,https://www.jra.go.jp/datafile/seiseki/report/2010/2sap.pdf,official_meeting_summary
201001020512,2010,札幌,2,5,12,2010-09-25,https://www.jra.go.jp/datafile/seiseki/report/2010/2sap.pdf,official_meeting_summary
201001020601,2010,札幌,2,6,1,2010-09-26,https://www.jra.go.jp/datafile/seiseki/report/2010/2sap.pdf,official_meeting_summary
201001020602,2010,札幌,2,6,2,2010-09-26,https://www.jra.go.jp/datafile/seiseki/report/2010/2sap.pdf,official_meeting_summary
201001020603,2010,札幌,2,6,3,2010-09-26,https://www.jra.go.jp/datafile/seiseki/report/2010/2sap.pdf,official_meeting_summary
201001020604,2010,札幌,2,6,4,2010-09-26,https://www.jra.go.jp/datafile/seiseki/report/2010/2sap.pdf,official_meeting_summary
201001020605,2010,札幌,2,6,5,2010-09-26,https://www.jra.go.jp/datafile/seiseki/report/2010/2sap.pdf,official_meeting_summary
201001020606,2010,札幌,2,6,6,2010-09-26,https://www.jra.go.jp/datafile/seiseki/report/2010/2sap.pdf,official_meeting_summary
201001020607,2010,札幌,2,6,7,2010-09-26,https://www.jra.go.jp/datafile/seiseki/report/2010/2sap.pdf,official_meeting_summary
201001020608,2010,札幌,2,6,8,2010-09-26,https://www.jra.go.jp/datafile/seiseki/report/2010/2sap.pdf,official_meeting_summary
201001020609,2010,札幌,2,6,9,2010-09-26,https://www.jra.go.jp/datafile/seiseki/report/2010/2sap.pdf,official_meeting_summary
201001020610,2010,札幌,2,6,10,2010-09-26,https://www.jra.go.jp/datafile/seiseki/report/2010/2sap.pdf,official_meeting_summary
201001020611,2010,札幌,2,6,11,2010-09-26,https://www.jra.go.jp/datafile/seiseki/report/2010/2sap.pdf,official_meeting_summary
201001020612,2010,札幌,2,6,12,2010-09-26,https://www.jra.go.jp/datafile/seiseki/report/2010/2sap.pdf,official_meeting_summary
201001020701,2010,札幌,2,7,1,2010-10-02,https://www.jra.go.jp/datafile/seiseki/report/2010/2sap.pdf,official_meeting_summary
201001020702,2010,札幌,2,7,2,2010-10-02,https://www.jra.go.jp/datafile/seiseki/report/2010/2sap.pdf,official_meeting_summary
201001020703,2010,札幌,2,7,3,2010-10-02,https://www.jra.go.jp/datafile/seiseki/report/2010/2sap.pdf,official_meeting_summary
201001020704,2010,札幌,2,7,4,2010-10-02,https://www.jra.go.jp/datafile/seiseki/report/2010/2sap.pdf,official_meeting_summary
201001020705,2010,札幌,2,7,5,2010-10-02,https://www.jra.go.jp/datafile/seiseki/report/2010/2sap.pdf,official_meeting_summary
201001020706,2010,札幌,2,7,6,2010-10-02,https://www.jra.go.jp/datafile/seiseki/report/2010/2sap.pdf,official_meeting_summary
201001020707,2010,札幌,2,7,7,2010-10-02,https://www.jra.go.jp/datafile/seiseki/report/2010/2sap.pdf,official_meeting_summary
201001020708,2010,札幌,2,7,8,2010-10-02,https://www.jra.go.jp/datafile/seiseki/report/2010/2sap.pdf,official_meeting_summary
201001020709,2010,札幌,2,7,9,2010-10-02,https://www.jra.go.jp/datafile/seiseki/report/2010/2sap.pdf,official_meeting_summary
201001020710,2010,札幌,2,7,10,2010-10-02,https://www.jra.go.jp/datafile/seiseki/report/2010/2sap.pdf,official_meeting_summary
201001020711,2010,札幌,2,7,11,2010-10-02,https://www.jra.go.jp/datafile/seiseki/report/2010/2sap.pdf,official_meeting_summary
201001020712,2010,札幌,2,7,12,2010-10-02,https://www.jra.go.jp/datafile/seiseki/report/2010/2sap.pdf,official_meeting_summary
201001020801,2010,札幌,2,8,1,2010-10-03,https://www.jra.go.jp/datafile/seiseki/report/2010/2sap.pdf,official_meeting_summary
201001020802,2010,札幌,2,8,2,2010-10-03,https://www.jra.go.jp/datafile/seiseki/report/2010/2sap.pdf,official_meeting_summary
201001020803,2010,札幌,2,8,3,2010-10-03,https://www.jra.go.jp/datafile/seiseki/report/2010/2sap.pdf,official_meeting_summary
201001020804,2010,札幌,2,8,4,2010-10-03,https://www.jra.go.jp/datafile/seiseki/report/2010/2sap.pdf,official_meeting_summary
201001020805,2010,札幌,2,8,5,2010-10-03,https://www.jra.go.jp/datafile/seiseki/report/2010/2sap.pdf,official_meeting_summary
201001020806,2010,札幌,2,8,6,2010-10-03,https://www.jra.go.jp/datafile/seiseki/report/2010/2sap.pdf,official_meeting_summary
201001020807,2010,札幌,2,8,7,2010-10-03,https://www.jra.go.jp/datafile/seiseki/report/2010/2sap.pdf,official_meeting_summary
201001020808,2010,札幌,2,8,8,2010-10-03,https://www.jra.go.jp/datafile/seiseki/report/2010/2sap.pdf,official_meeting_summary
201001020809,2010,札幌,2,8,9,2010-10-03,https://www.jra.go.jp/datafile/seiseki/report/2010/2sap.pdf,official_meeting_summary
201001020810,2010,札幌,2,8,10,2010-10-03,https://www.jra.go.jp/datafile/seiseki/report/2010/2sap.pdf,official_meeting_summary
201001020811,2010,札幌,2,8,11,2010-10-03,https://www.jra.go.jp/datafile/seiseki/report/2010/2sap.pdf,official_meeting_summary
201001020812,2010,札幌,2,8,12,2010-10-03,https://www.jra.go.jp/datafile/seiseki/report/2010/2sap.pdf,official_meeting_summary
201002010101,2010,函館,1,1,1,2010-06-19,https://www.jra.go.jp/datafile/seiseki/report/2010/1hako.pdf,official_meeting_summary
201002010102,2010,函館,1,1,2,2010-06-19,https://www.jra.go.jp/datafile/seiseki/report/2010/1hako.pdf,official_meeting_summary
201002010103,2010,函館,1,1,3,2010-06-19,https://www.jra.go.jp/datafile/seiseki/report/2010/1hako.pdf,official_meeting_summary
201002010104,2010,函館,1,1,4,2010-06-19,https://www.jra.go.jp/datafile/seiseki/report/2010/1hako.pdf,official_meeting_summary
201002010105,2010,函館,1,1,5,2010-06-19,https://www.jra.go.jp/datafile/seiseki/report/2010/1hako.pdf,official_meeting_summary
201002010106,2010,函館,1,1,6,2010-06-19,https://www.jra.go.jp/datafile/seiseki/report/2010/1hako.pdf,official_meeting_summary
201002010107,2010,函館,1,1,7,2010-06-19,https://www.jra.go.jp/datafile/seiseki/report/2010/1hako.pdf,official_meeting_summary
201002010108,2010,函館,1,1,8,2010-06-19,https://www.jra.go.jp/datafile/seiseki/report/2010/1hako.pdf,official_meeting_summary
201002010109,2010,函館,1,1,9,2010-06-19,https://www.jra.go.jp/datafile/seiseki/report/2010/1hako.pdf,official_meeting_summary
201002010110,2010,函館,1,1,10,2010-06-19,https://www.jra.go.jp/datafile/seiseki/report/2010/1hako.pdf,official_meeting_summary
201002010111,2010,函館,1,1,11,2010-06-19,https://www.jra.go.jp/datafile/seiseki/report/2010/1hako.pdf,official_meeting_summary
201002010112,2010,函館,1,1,12,2010-06-19,https://www.jra.go.jp/datafile/seiseki/report/2010/1hako.pdf,official_meeting_summary
201002010201,2010,函館,1,2,1,2010-06-20,https://www.jra.go.jp/datafile/seiseki/report/2010/1hako.pdf,official_meeting_summary
201002010202,2010,函館,1,2,2,2010-06-20,https://www.jra.go.jp/datafile/seiseki/report/2010/1hako.pdf,official_meeting_summary
201002010203,2010,函館,1,2,3,2010-06-20,https://www.jra.go.jp/datafile/seiseki/report/2010/1hako.pdf,official_meeting_summary
201002010204,2010,函館,1,2,4,2010-06-20,https://www.jra.go.jp/datafile/seiseki/report/2010/1hako.pdf,official_meeting_summary
201002010205,2010,函館,1,2,5,2010-06-20,https://www.jra.go.jp/datafile/seiseki/report/2010/1hako.pdf,official_meeting_summary
201002010206,2010,函館,1,2,6,2010-06-20,https://www.jra.go.jp/datafile/seiseki/report/2010/1hako.pdf,official_meeting_summary
201002010207,2010,函館,1,2,7,2010-06-20,https://www.jra.go.jp/datafile/seiseki/report/2010/1hako.pdf,official_meeting_summary
201002010208,2010,函館,1,2,8,2010-06-20,https://www.jra.go.jp/datafile/seiseki/report/2010/1hako.pdf,official_meeting_summary
201002010209,2010,函館,1,2,9,2010-06-20,https://www.jra.go.jp/datafile/seiseki/report/2010/1hako.pdf,official_meeting_summary
201002010210,2010,函館,1,2,10,2010-06-20,https://www.jra.go.jp/datafile/seiseki/report/2010/1hako.pdf,official_meeting_summary
201002010211,2010,函館,1,2,11,2010-06-20,https://www.jra.go.jp/datafile/seiseki/report/2010/1hako.pdf,official_meeting_summary
201002010212,2010,函館,1,2,12,2010-06-20,https://www.jra.go.jp/datafile/seiseki/report/2010/1hako.pdf,official_meeting_summary
201002010301,2010,函館,1,3,1,2010-06-26,https://www.jra.go.jp/datafile/seiseki/report/2010/1hako.pdf,official_meeting_summary
201002010302,2010,函館,1,3,2,2010-06-26,https://www.jra.go.jp/datafile/seiseki/report/2010/1hako.pdf,official_meeting_summary
201002010303,2010,函館,1,3,3,2010-06-26,https://www.jra.go.jp/datafile/seiseki/report/2010/1hako.pdf,official_meeting_summary
201002010304,2010,函館,1,3,4,2010-06-26,https://www.jra.go.jp/datafile/seiseki/report/2010/1hako.pdf,official_meeting_summary
201002010305,2010,函館,1,3,5,2010-06-26,https://www.jra.go.jp/datafile/seiseki/report/2010/1hako.pdf,official_meeting_summary
201002010306,2010,函館,1,3,6,2010-06-26,https://www.jra.go.jp/datafile/seiseki/report/2010/1hako.pdf,official_meeting_summary
201002010307,2010,函館,1,3,7,2010-06-26,https://www.jra.go.jp/datafile/seiseki/report/2010/1hako.pdf,official_meeting_summary
201002010308,2010,函館,1,3,8,2010-06-26,https://www.jra.go.jp/datafile/seiseki/report/2010/1hako.pdf,official_meeting_summary
201002010309,2010,函館,1,3,9,2010-06-26,https://www.jra.go.jp/datafile/seiseki/report/2010/1hako.pdf,official_meeting_summary
201002010310,2010,函館,1,3,10,2010-06-26,https://www.jra.go.jp/datafile/seiseki/report/2010/1hako.pdf,official_meeting_summary
201002010311,2010,函館,1,3,11,2010-06-26,https://www.jra.go.jp/datafile/seiseki/report/2010/1hako.pdf,official_meeting_summary
201002010312,2010,函館,1,3,12,2010-06-26,https://www.jra.go.jp/datafile/seiseki/report/2010/1hako.pdf,official_meeting_summary
201002010401,2010,函館,1,4,1,2010-06-27,https://www.jra.go.jp/datafile/seiseki/report/2010/1hako.pdf,official_meeting_summary
201002010402,2010,函館,1,4,2,2010-06-27,https://www.jra.go.jp/datafile/seiseki/report/2010/1hako.pdf,official_meeting_summary
201002010403,2010,函館,1,4,3,2010-06-27,https://www.jra.go.jp/datafile/seiseki/report/2010/1hako.pdf,official_meeting_summary
201002010404,2010,函館,1,4,4,2010-06-27,https://www.jra.go.jp/datafile/seiseki/report/2010/1hako.pdf,official_meeting_summary
201002010405,2010,函館,1,4,5,2010-06-27,https://www.jra.go.jp/datafile/seiseki/report/2010/1hako.pdf,official_meeting_summary
201002010406,2010,函館,1,4,6,2010-06-27,https://www.jra.go.jp/datafile/seiseki/report/2010/1hako.pdf,official_meeting_summary
201002010407,2010,函館,1,4,7,2010-06-27,https://www.jra.go.jp/datafile/seiseki/report/2010/1hako.pdf,official_meeting_summary
201002010408,2010,函館,1,4,8,2010-06-27,https://www.jra.go.jp/datafile/seiseki/report/2010/1hako.pdf,official_meeting_summary
201002010409,2010,函館,1,4,9,2010-06-27,https://www.jra.go.jp/datafile/seiseki/report/2010/1hako.pdf,official_meeting_summary
201002010410,2010,函館,1,4,10,2010-06-27,https://www.jra.go.jp/datafile/seiseki/report/2010/1hako.pdf,official_meeting_summary
201002010411,2010,函館,1,4,11,2010-06-27,https://www.jra.go.jp/datafile/seiseki/report/2010/1hako.pdf,official_meeting_summary
201002010412,2010,函館,1,4,12,2010-06-27,https://www.jra.go.jp/datafile/seiseki/report/2010/1hako.pdf,official_meeting_summary
201002010501,2010,函館,1,5,1,2010-07-03,https://www.jra.go.jp/datafile/seiseki/report/2010/1hako.pdf,official_meeting_summary
201002010502,2010,函館,1,5,2,2010-07-03,https://www.jra.go.jp/datafile/seiseki/report/2010/1hako.pdf,official_meeting_summary
201002010503,2010,函館,1,5,3,2010-07-03,https://www.jra.go.jp/datafile/seiseki/report/2010/1hako.pdf,official_meeting_summary
201002010504,2010,函館,1,5,4,2010-07-03,https://www.jra.go.jp/datafile/seiseki/report/2010/1hako.pdf,official_meeting_summary
201002010505,2010,函館,1,5,5,2010-07-03,https://www.jra.go.jp/datafile/seiseki/report/2010/1hako.pdf,official_meeting_summary
201002010506,2010,函館,1,5,6,2010-07-03,https://www.jra.go.jp/datafile/seiseki/report/2010/1hako.pdf,official_meeting_summary
201002010507,2010,函館,1,5,7,2010-07-03,https://www.jra.go.jp/datafile/seiseki/report/2010/1hako.pdf,official_meeting_summary
201002010508,2010,函館,1,5,8,2010-07-03,https://www.jra.go.jp/datafile/seiseki/report/2010/1hako.pdf,official_meeting_summary
201002010509,2010,函館,1,5,9,2010-07-03,https://www.jra.go.jp/datafile/seiseki/report/2010/1hako.pdf,official_meeting_summary
201002010510,2010,函館,1,5,10,2010-07-03,https://www.jra.go.jp/datafile/seiseki/report/2010/1hako.pdf,official_meeting_summary
201002010511,2010,函館,1,5,11,2010-07-03,https://www.jra.go.jp/datafile/seiseki/report/2010/1hako.pdf,official_meeting_summary
201002010512,2010,函館,1,5,12,2010-07-03,https://www.jra.go.jp/datafile/seiseki/report/2010/1hako.pdf,official_meeting_summary
201002010601,2010,函館,1,6,1,2010-07-04,https://www.jra.go.jp/datafile/seiseki/report/2010/1hako.pdf,official_meeting_summary
201002010602,2010,函館,1,6,2,2010-07-04,https://www.jra.go.jp/datafile/seiseki/report/2010/1hako.pdf,official_meeting_summary
201002010603,2010,函館,1,6,3,2010-07-04,https://www.jra.go.jp/datafile/seiseki/report/2010/1hako.pdf,official_meeting_summary
201002010604,2010,函館,1,6,4,2010-07-04,https://www.jra.go.jp/datafile/seiseki/report/2010/1hako.pdf,official_meeting_summary
201002010605,2010,函館,1,6,5,2010-07-04,https://www.jra.go.jp/datafile/seiseki/report/2010/1hako.pdf,official_meeting_summary
201002010606,2010,函館,1,6,6,2010-07-04,https://www.jra.go.jp/datafile/seiseki/report/2010/1hako.pdf,official_meeting_summary
201002010607,2010,函館,1,6,7,2010-07-04,https://www.jra.go.jp/datafile/seiseki/report/2010/1hako.pdf,official_meeting_summary
201002010608,2010,函館,1,6,8,2010-07-04,https://www.jra.go.jp/datafile/seiseki/report/2010/1hako.pdf,official_meeting_summary
201002010609,2010,函館,1,6,9,2010-07-04,https://www.jra.go.jp/datafile/seiseki/report/2010/1hako.pdf,official_meeting_summary
201002010610,2010,函館,1,6,10,2010-07-04,https://www.jra.go.jp/datafile/seiseki/report/2010/1hako.pdf,official_meeting_summary
201002010611,2010,函館,1,6,11,2010-07-04,https://www.jra.go.jp/datafile/seiseki/report/2010/1hako.pdf,official_meeting_summary
201002010612,2010,函館,1,6,12,2010-07-04,https://www.jra.go.jp/datafile/seiseki/report/2010/1hako.pdf,official_meeting_summary
201002010701,2010,函館,1,7,1,2010-07-10,https://www.jra.go.jp/datafile/seiseki/report/2010/1hako.pdf,official_meeting_summary
201002010702,2010,函館,1,7,2,2010-07-10,https://www.jra.go.jp/datafile/seiseki/report/2010/1hako.pdf,official_meeting_summary
201002010703,2010,函館,1,7,3,2010-07-10,https://www.jra.go.jp/datafile/seiseki/report/2010/1hako.pdf,official_meeting_summary
201002010704,2010,函館,1,7,4,2010-07-10,https://www.jra.go.jp/datafile/seiseki/report/2010/1hako.pdf,official_meeting_summary
201002010705,2010,函館,1,7,5,2010-07-10,https://www.jra.go.jp/datafile/seiseki/report/2010/1hako.pdf,official_meeting_summary
201002010706,2010,函館,1,7,6,2010-07-10,https://www.jra.go.jp/datafile/seiseki/report/2010/1hako.pdf,official_meeting_summary
201002010707,2010,函館,1,7,7,2010-07-10,https://www.jra.go.jp/datafile/seiseki/report/2010/1hako.pdf,official_meeting_summary
201002010708,2010,函館,1,7,8,2010-07-10,https://www.jra.go.jp/datafile/seiseki/report/2010/1hako.pdf,official_meeting_summary
201002010709,2010,函館,1,7,9,2010-07-10,https://www.jra.go.jp/datafile/seiseki/report/2010/1hako.pdf,official_meeting_summary
201002010710,2010,函館,1,7,10,2010-07-10,https://www.jra.go.jp/datafile/seiseki/report/2010/1hako.pdf,official_meeting_summary
201002010711,2010,函館,1,7,11,2010-07-10,https://www.jra.go.jp/datafile/seiseki/report/2010/1hako.pdf,official_meeting_summary
201002010712,2010,函館,1,7,12,2010-07-10,https://www.jra.go.jp/datafile/seiseki/report/2010/1hako.pdf,official_meeting_summary
201002010801,2010,函館,1,8,1,2010-07-11,https://www.jra.go.jp/datafile/seiseki/report/2010/1hako.pdf,official_meeting_summary
201002010802,2010,函館,1,8,2,2010-07-11,https://www.jra.go.jp/datafile/seiseki/report/2010/1hako.pdf,official_meeting_summary
201002010803,2010,函館,1,8,3,2010-07-11,https://www.jra.go.jp/datafile/seiseki/report/2010/1hako.pdf,official_meeting_summary
201002010804,2010,函館,1,8,4,2010-07-11,https://www.jra.go.jp/datafile/seiseki/report/2010/1hako.pdf,official_meeting_summary
201002010805,2010,函館,1,8,5,2010-07-11,https://www.jra.go.jp/datafile/seiseki/report/2010/1hako.pdf,official_meeting_summary
201002010806,2010,函館,1,8,6,2010-07-11,https://www.jra.go.jp/datafile/seiseki/report/2010/1hako.pdf,official_meeting_summary
201002010807,2010,函館,1,8,7,2010-07-11,https://www.jra.go.jp/datafile/seiseki/report/2010/1hako.pdf,official_meeting_summary
201002010808,2010,函館,1,8,8,2010-07-11,https://www.jra.go.jp/datafile/seiseki/report/2010/1hako.pdf,official_meeting_summary
201002010809,2010,函館,1,8,9,2010-07-11,https://www.jra.go.jp/datafile/seiseki/report/2010/1hako.pdf,official_meeting_summary
201002010810,2010,函館,1,8,10,2010-07-11,https://www.jra.go.jp/datafile/seiseki/report/2010/1hako.pdf,official_meeting_summary
201002010811,2010,函館,1,8,11,2010-07-11,https://www.jra.go.jp/datafile/seiseki/report/2010/1hako.pdf,official_meeting_summary
201002010812,2010,函館,1,8,12,2010-07-11,https://www.jra.go.jp/datafile/seiseki/report/2010/1hako.pdf,official_meeting_summary
201002020101,2010,函館,2,1,1,2010-07-17,https://www.jra.go.jp/datafile/seiseki/report/2010/2hako.pdf,official_meeting_summary
201002020102,2010,函館,2,1,2,2010-07-17,https://www.jra.go.jp/datafile/seiseki/report/2010/2hako.pdf,official_meeting_summary
201002020103,2010,函館,2,1,3,2010-07-17,https://www.jra.go.jp/datafile/seiseki/report/2010/2hako.pdf,official_meeting_summary
201002020104,2010,函館,2,1,4,2010-07-17,https://www.jra.go.jp/datafile/seiseki/report/2010/2hako.pdf,official_meeting_summary
201002020105,2010,函館,2,1,5,2010-07-17,https://www.jra.go.jp/datafile/seiseki/report/2010/2hako.pdf,official_meeting_summary
201002020106,2010,函館,2,1,6,2010-07-17,https://www.jra.go.jp/datafile/seiseki/report/2010/2hako.pdf,official_meeting_summary
201002020107,2010,函館,2,1,7,2010-07-17,https://www.jra.go.jp/datafile/seiseki/report/2010/2hako.pdf,official_meeting_summary
201002020108,2010,函館,2,1,8,2010-07-17,https://www.jra.go.jp/datafile/seiseki/report/2010/2hako.pdf,official_meeting_summary
201002020109,2010,函館,2,1,9,2010-07-17,https://www.jra.go.jp/datafile/seiseki/report/2010/2hako.pdf,official_meeting_summary
201002020110,2010,函館,2,1,10,2010-07-17,https://www.jra.go.jp/datafile/seiseki/report/2010/2hako.pdf,official_meeting_summary
201002020111,2010,函館,2,1,11,2010-07-17,https://www.jra.go.jp/datafile/seiseki/report/2010/2hako.pdf,official_meeting_summary
201002020112,2010,函館,2,1,12,2010-07-17,https://www.jra.go.jp/datafile/seiseki/report/2010/2hako.pdf,official_meeting_summary
201002020201,2010,函館,2,2,1,2010-07-18,https://www.jra.go.jp/datafile/seiseki/report/2010/2hako.pdf,official_meeting_summary
201002020202,2010,函館,2,2,2,2010-07-18,https://www.jra.go.jp/datafile/seiseki/report/2010/2hako.pdf,official_meeting_summary
201002020203,2010,函館,2,2,3,2010-07-18,https://www.jra.go.jp/datafile/seiseki/report/2010/2hako.pdf,official_meeting_summary
201002020204,2010,函館,2,2,4,2010-07-18,https://www.jra.go.jp/datafile/seiseki/report/2010/2hako.pdf,official_meeting_summary
201002020205,2010,函館,2,2,5,2010-07-18,https://www.jra.go.jp/datafile/seiseki/report/2010/2hako.pdf,official_meeting_summary
201002020206,2010,函館,2,2,6,2010-07-18,https://www.jra.go.jp/datafile/seiseki/report/2010/2hako.pdf,official_meeting_summary
201002020207,2010,函館,2,2,7,2010-07-18,https://www.jra.go.jp/datafile/seiseki/report/2010/2hako.pdf,official_meeting_summary
201002020208,2010,函館,2,2,8,2010-07-18,https://www.jra.go.jp/datafile/seiseki/report/2010/2hako.pdf,official_meeting_summary
201002020209,2010,函館,2,2,9,2010-07-18,https://www.jra.go.jp/datafile/seiseki/report/2010/2hako.pdf,official_meeting_summary
201002020210,2010,函館,2,2,10,2010-07-18,https://www.jra.go.jp/datafile/seiseki/report/2010/2hako.pdf,official_meeting_summary
201002020211,2010,函館,2,2,11,2010-07-18,https://www.jra.go.jp/datafile/seiseki/report/2010/2hako.pdf,official_meeting_summary
201002020212,2010,函館,2,2,12,2010-07-18,https://www.jra.go.jp/datafile/seiseki/report/2010/2hako.pdf,official_meeting_summary
201002020301,2010,函館,2,3,1,2010-07-24,https://www.jra.go.jp/datafile/seiseki/report/2010/2hako.pdf,official_meeting_summary
201002020302,2010,函館,2,3,2,2010-07-24,https://www.jra.go.jp/datafile/seiseki/report/2010/2hako.pdf,official_meeting_summary
201002020303,2010,函館,2,3,3,2010-07-24,https://www.jra.go.jp/datafile/seiseki/report/2010/2hako.pdf,official_meeting_summary
201002020304,2010,函館,2,3,4,2010-07-24,https://www.jra.go.jp/datafile/seiseki/report/2010/2hako.pdf,official_meeting_summary
201002020305,2010,函館,2,3,5,2010-07-24,https://www.jra.go.jp/datafile/seiseki/report/2010/2hako.pdf,official_meeting_summary
201002020306,2010,函館,2,3,6,2010-07-24,https://www.jra.go.jp/datafile/seiseki/report/2010/2hako.pdf,official_meeting_summary
201002020307,2010,函館,2,3,7,2010-07-24,https://www.jra.go.jp/datafile/seiseki/report/2010/2hako.pdf,official_meeting_summary
201002020308,2010,函館,2,3,8,2010-07-24,https://www.jra.go.jp/datafile/seiseki/report/2010/2hako.pdf,official_meeting_summary
201002020309,2010,函館,2,3,9,2010-07-24,https://www.jra.go.jp/datafile/seiseki/report/2010/2hako.pdf,official_meeting_summary
201002020310,2010,函館,2,3,10,2010-07-24,https://www.jra.go.jp/datafile/seiseki/report/2010/2hako.pdf,official_meeting_summary
201002020311,2010,函館,2,3,11,2010-07-24,https://www.jra.go.jp/datafile/seiseki/report/2010/2hako.pdf,official_meeting_summary
201002020312,2010,函館,2,3,12,2010-07-24,https://www.jra.go.jp/datafile/seiseki/report/2010/2hako.pdf,official_meeting_summary
201002020401,2010,函館,2,4,1,2010-07-25,https://www.jra.go.jp/datafile/seiseki/report/2010/2hako.pdf,official_meeting_summary
201002020402,2010,函館,2,4,2,2010-07-25,https://www.jra.go.jp/datafile/seiseki/report/2010/2hako.pdf,official_meeting_summary
201002020403,2010,函館,2,4,3,2010-07-25,https://www.jra.go.jp/datafile/seiseki/report/2010/2hako.pdf,official_meeting_summary
201002020404,2010,函館,2,4,4,2010-07-25,https://www.jra.go.jp/datafile/seiseki/report/2010/2hako.pdf,official_meeting_summary
201002020405,2010,函館,2,4,5,2010-07-25,https://www.jra.go.jp/datafile/seiseki/report/2010/2hako.pdf,official_meeting_summary
201002020406,2010,函館,2,4,6,2010-07-25,https://www.jra.go.jp/datafile/seiseki/report/2010/2hako.pdf,official_meeting_summary
201002020407,2010,函館,2,4,7,2010-07-25,https://www.jra.go.jp/datafile/seiseki/report/2010/2hako.pdf,official_meeting_summary
201002020408,2010,函館,2,4,8,2010-07-25,https://www.jra.go.jp/datafile/seiseki/report/2010/2hako.pdf,official_meeting_summary
201002020409,2010,函館,2,4,9,2010-07-25,https://www.jra.go.jp/datafile/seiseki/report/2010/2hako.pdf,official_meeting_summary
201002020410,2010,函館,2,4,10,2010-07-25,https://www.jra.go.jp/datafile/seiseki/report/2010/2hako.pdf,official_meeting_summary
201002020411,2010,函館,2,4,11,2010-07-25,https://www.jra.go.jp/datafile/seiseki/report/2010/2hako.pdf,official_meeting_summary
201002020412,2010,函館,2,4,12,2010-07-25,https://www.jra.go.jp/datafile/seiseki/report/2010/2hako.pdf,official_meeting_summary
201002020501,2010,函館,2,5,1,2010-07-31,https://www.jra.go.jp/datafile/seiseki/report/2010/2hako.pdf,official_meeting_summary
201002020502,2010,函館,2,5,2,2010-07-31,https://www.jra.go.jp/datafile/seiseki/report/2010/2hako.pdf,official_meeting_summary
201002020503,2010,函館,2,5,3,2010-07-31,https://www.jra.go.jp/datafile/seiseki/report/2010/2hako.pdf,official_meeting_summary
201002020504,2010,函館,2,5,4,2010-07-31,https://www.jra.go.jp/datafile/seiseki/report/2010/2hako.pdf,official_meeting_summary
201002020505,2010,函館,2,5,5,2010-07-31,https://www.jra.go.jp/datafile/seiseki/report/2010/2hako.pdf,official_meeting_summary
201002020506,2010,函館,2,5,6,2010-07-31,https://www.jra.go.jp/datafile/seiseki/report/2010/2hako.pdf,official_meeting_summary
201002020507,2010,函館,2,5,7,2010-07-31,https://www.jra.go.jp/datafile/seiseki/report/2010/2hako.pdf,official_meeting_summary
201002020508,2010,函館,2,5,8,2010-07-31,https://www.jra.go.jp/datafile/seiseki/report/2010/2hako.pdf,official_meeting_summary
201002020509,2010,函館,2,5,9,2010-07-31,https://www.jra.go.jp/datafile/seiseki/report/2010/2hako.pdf,official_meeting_summary
201002020510,2010,函館,2,5,10,2010-07-31,https://www.jra.go.jp/datafile/seiseki/report/2010/2hako.pdf,official_meeting_summary
201002020511,2010,函館,2,5,11,2010-07-31,https://www.jra.go.jp/datafile/seiseki/report/2010/2hako.pdf,official_meeting_summary
201002020512,2010,函館,2,5,12,2010-07-31,https://www.jra.go.jp/datafile/seiseki/report/2010/2hako.pdf,official_meeting_summary
201002020601,2010,函館,2,6,1,2010-08-01,https://www.jra.go.jp/datafile/seiseki/report/2010/2hako.pdf,official_meeting_summary
201002020602,2010,函館,2,6,2,2010-08-01,https://www.jra.go.jp/datafile/seiseki/report/2010/2hako.pdf,official_meeting_summary
201002020603,2010,函館,2,6,3,2010-08-01,https://www.jra.go.jp/datafile/seiseki/report/2010/2hako.pdf,official_meeting_summary
201002020604,2010,函館,2,6,4,2010-08-01,https://www.jra.go.jp/datafile/seiseki/report/2010/2hako.pdf,official_meeting_summary
201002020605,2010,函館,2,6,5,2010-08-01,https://www.jra.go.jp/datafile/seiseki/report/2010/2hako.pdf,official_meeting_summary
201002020606,2010,函館,2,6,6,2010-08-01,https://www.jra.go.jp/datafile/seiseki/report/2010/2hako.pdf,official_meeting_summary
201002020607,2010,函館,2,6,7,2010-08-01,https://www.jra.go.jp/datafile/seiseki/report/2010/2hako.pdf,official_meeting_summary
201002020608,2010,函館,2,6,8,2010-08-01,https://www.jra.go.jp/datafile/seiseki/report/2010/2hako.pdf,official_meeting_summary
201002020609,2010,函館,2,6,9,2010-08-01,https://www.jra.go.jp/datafile/seiseki/report/2010/2hako.pdf,official_meeting_summary
201002020610,2010,函館,2,6,10,2010-08-01,https://www.jra.go.jp/datafile/seiseki/report/2010/2hako.pdf,official_meeting_summary
201002020611,2010,函館,2,6,11,2010-08-01,https://www.jra.go.jp/datafile/seiseki/report/2010/2hako.pdf,official_meeting_summary
201002020612,2010,函館,2,6,12,2010-08-01,https://www.jra.go.jp/datafile/seiseki/report/2010/2hako.pdf,official_meeting_summary
201002020701,2010,函館,2,7,1,2010-08-07,https://www.jra.go.jp/datafile/seiseki/report/2010/2hako.pdf,official_meeting_summary
201002020702,2010,函館,2,7,2,2010-08-07,https://www.jra.go.jp/datafile/seiseki/report/2010/2hako.pdf,official_meeting_summary
201002020703,2010,函館,2,7,3,2010-08-07,https://www.jra.go.jp/datafile/seiseki/report/2010/2hako.pdf,official_meeting_summary
201002020704,2010,函館,2,7,4,2010-08-07,https://www.jra.go.jp/datafile/seiseki/report/2010/2hako.pdf,official_meeting_summary
201002020705,2010,函館,2,7,5,2010-08-07,https://www.jra.go.jp/datafile/seiseki/report/2010/2hako.pdf,official_meeting_summary
201002020706,2010,函館,2,7,6,2010-08-07,https://www.jra.go.jp/datafile/seiseki/report/2010/2hako.pdf,official_meeting_summary
201002020707,2010,函館,2,7,7,2010-08-07,https://www.jra.go.jp/datafile/seiseki/report/2010/2hako.pdf,official_meeting_summary
201002020708,2010,函館,2,7,8,2010-08-07,https://www.jra.go.jp/datafile/seiseki/report/2010/2hako.pdf,official_meeting_summary
201002020709,2010,函館,2,7,9,2010-08-07,https://www.jra.go.jp/datafile/seiseki/report/2010/2hako.pdf,official_meeting_summary
201002020710,2010,函館,2,7,10,2010-08-07,https://www.jra.go.jp/datafile/seiseki/report/2010/2hako.pdf,official_meeting_summary
201002020711,2010,函館,2,7,11,2010-08-07,https://www.jra.go.jp/datafile/seiseki/report/2010/2hako.pdf,official_meeting_summary
201002020712,2010,函館,2,7,12,2010-08-07,https://www.jra.go.jp/datafile/seiseki/report/2010/2hako.pdf,official_meeting_summary
201002020801,2010,函館,2,8,1,2010-08-08,https://www.jra.go.jp/datafile/seiseki/report/2010/2hako.pdf,official_meeting_summary
201002020802,2010,函館,2,8,2,2010-08-08,https://www.jra.go.jp/datafile/seiseki/report/2010/2hako.pdf,official_meeting_summary
201002020803,2010,函館,2,8,3,2010-08-08,https://www.jra.go.jp/datafile/seiseki/report/2010/2hako.pdf,official_meeting_summary
201002020804,2010,函館,2,8,4,2010-08-08,https://www.jra.go.jp/datafile/seiseki/report/2010/2hako.pdf,official_meeting_summary
201002020805,2010,函館,2,8,5,2010-08-08,https://www.jra.go.jp/datafile/seiseki/report/2010/2hako.pdf,official_meeting_summary
201002020806,2010,函館,2,8,6,2010-08-08,https://www.jra.go.jp/datafile/seiseki/report/2010/2hako.pdf,official_meeting_summary
201002020807,2010,函館,2,8,7,2010-08-08,https://www.jra.go.jp/datafile/seiseki/report/2010/2hako.pdf,official_meeting_summary
201002020808,2010,函館,2,8,8,2010-08-08,https://www.jra.go.jp/datafile/seiseki/report/2010/2hako.pdf,official_meeting_summary
201002020809,2010,函館,2,8,9,2010-08-08,https://www.jra.go.jp/datafile/seiseki/report/2010/2hako.pdf,official_meeting_summary
201002020810,2010,函館,2,8,10,2010-08-08,https://www.jra.go.jp/datafile/seiseki/report/2010/2hako.pdf,official_meeting_summary
201002020811,2010,函館,2,8,11,2010-08-08,https://www.jra.go.jp/datafile/seiseki/report/2010/2hako.pdf,official_meeting_summary
201002020812,2010,函館,2,8,12,2010-08-08,https://www.jra.go.jp/datafile/seiseki/report/2010/2hako.pdf,official_meeting_summary
201003010101,2010,福島,1,1,1,2010-04-10,https://www.jra.go.jp/datafile/seiseki/report/2010/1fuku.pdf,official_meeting_summary
201003010102,2010,福島,1,1,2,2010-04-10,https://www.jra.go.jp/datafile/seiseki/report/2010/1fuku.pdf,official_meeting_summary
201003010103,2010,福島,1,1,3,2010-04-10,https://www.jra.go.jp/datafile/seiseki/report/2010/1fuku.pdf,official_meeting_summary
201003010104,2010,福島,1,1,4,2010-04-10,https://www.jra.go.jp/datafile/seiseki/report/2010/1fuku.pdf,official_meeting_summary
201003010105,2010,福島,1,1,5,2010-04-10,https://www.jra.go.jp/datafile/seiseki/report/2010/1fuku.pdf,official_meeting_summary
201003010106,2010,福島,1,1,6,2010-04-10,https://www.jra.go.jp/datafile/seiseki/report/2010/1fuku.pdf,official_meeting_summary
201003010107,2010,福島,1,1,7,2010-04-10,https://www.jra.go.jp/datafile/seiseki/report/2010/1fuku.pdf,official_meeting_summary
201003010108,2010,福島,1,1,8,2010-04-10,https://www.jra.go.jp/datafile/seiseki/report/2010/1fuku.pdf,official_meeting_summary
201003010109,2010,福島,1,1,9,2010-04-10,https://www.jra.go.jp/datafile/seiseki/report/2010/1fuku.pdf,official_meeting_summary
201003010110,2010,福島,1,1,10,2010-04-10,https://www.jra.go.jp/datafile/seiseki/report/2010/1fuku.pdf,official_meeting_summary
201003010111,2010,福島,1,1,11,2010-04-10,https://www.jra.go.jp/datafile/seiseki/report/2010/1fuku.pdf,official_meeting_summary
201003010112,2010,福島,1,1,12,2010-04-10,https://www.jra.go.jp/datafile/seiseki/report/2010/1fuku.pdf,official_meeting_summary
201003010201,2010,福島,1,2,1,2010-04-11,https://www.jra.go.jp/datafile/seiseki/report/2010/1fuku.pdf,official_meeting_summary
201003010202,2010,福島,1,2,2,2010-04-11,https://www.jra.go.jp/datafile/seiseki/report/2010/1fuku.pdf,official_meeting_summary
201003010203,2010,福島,1,2,3,2010-04-11,https://www.jra.go.jp/datafile/seiseki/report/2010/1fuku.pdf,official_meeting_summary
201003010204,2010,福島,1,2,4,2010-04-11,https://www.jra.go.jp/datafile/seiseki/report/2010/1fuku.pdf,official_meeting_summary
201003010205,2010,福島,1,2,5,2010-04-11,https://www.jra.go.jp/datafile/seiseki/report/2010/1fuku.pdf,official_meeting_summary
201003010206,2010,福島,1,2,6,2010-04-11,https://www.jra.go.jp/datafile/seiseki/report/2010/1fuku.pdf,official_meeting_summary
201003010207,2010,福島,1,2,7,2010-04-11,https://www.jra.go.jp/datafile/seiseki/report/2010/1fuku.pdf,official_meeting_summary
201003010208,2010,福島,1,2,8,2010-04-11,https://www.jra.go.jp/datafile/seiseki/report/2010/1fuku.pdf,official_meeting_summary
201003010209,2010,福島,1,2,9,2010-04-11,https://www.jra.go.jp/datafile/seiseki/report/2010/1fuku.pdf,official_meeting_summary
201003010210,2010,福島,1,2,10,2010-04-11,https://www.jra.go.jp/datafile/seiseki/report/2010/1fuku.pdf,official_meeting_summary
201003010211,2010,福島,1,2,11,2010-04-11,https://www.jra.go.jp/datafile/seiseki/report/2010/1fuku.pdf,official_meeting_summary
201003010212,2010,福島,1,2,12,2010-04-11,https://www.jra.go.jp/datafile/seiseki/report/2010/1fuku.pdf,official_meeting_summary
201003010301,2010,福島,1,3,1,2010-04-19,https://www.jra.go.jp/datafile/seiseki/report/2010/1fuku.pdf,official_meeting_summary
201003010302,2010,福島,1,3,2,2010-04-19,https://www.jra.go.jp/datafile/seiseki/report/2010/1fuku.pdf,official_meeting_summary
201003010303,2010,福島,1,3,3,2010-04-19,https://www.jra.go.jp/datafile/seiseki/report/2010/1fuku.pdf,official_meeting_summary
201003010304,2010,福島,1,3,4,2010-04-19,https://www.jra.go.jp/datafile/seiseki/report/2010/1fuku.pdf,official_meeting_summary
201003010305,2010,福島,1,3,5,2010-04-19,https://www.jra.go.jp/datafile/seiseki/report/2010/1fuku.pdf,official_meeting_summary
201003010306,2010,福島,1,3,6,2010-04-19,https://www.jra.go.jp/datafile/seiseki/report/2010/1fuku.pdf,official_meeting_summary
201003010307,2010,福島,1,3,7,2010-04-19,https://www.jra.go.jp/datafile/seiseki/report/2010/1fuku.pdf,official_meeting_summary
201003010308,2010,福島,1,3,8,2010-04-19,https://www.jra.go.jp/datafile/seiseki/report/2010/1fuku.pdf,official_meeting_summary
201003010309,2010,福島,1,3,9,2010-04-19,https://www.jra.go.jp/datafile/seiseki/report/2010/1fuku.pdf,official_meeting_summary
201003010310,2010,福島,1,3,10,2010-04-19,https://www.jra.go.jp/datafile/seiseki/report/2010/1fuku.pdf,official_meeting_summary
201003010311,2010,福島,1,3,11,2010-04-19,https://www.jra.go.jp/datafile/seiseki/report/2010/1fuku.pdf,official_meeting_summary
201003010312,2010,福島,1,3,12,2010-04-19,https://www.jra.go.jp/datafile/seiseki/report/2010/1fuku.pdf,official_meeting_summary
201003010401,2010,福島,1,4,1,2010-04-18,https://www.jra.go.jp/datafile/seiseki/report/2010/1fuku.pdf,official_meeting_summary
201003010402,2010,福島,1,4,2,2010-04-18,https://www.jra.go.jp/datafile/seiseki/report/2010/1fuku.pdf,official_meeting_summary
201003010403,2010,福島,1,4,3,2010-04-18,https://www.jra.go.jp/datafile/seiseki/report/2010/1fuku.pdf,official_meeting_summary
201003010404,2010,福島,1,4,4,2010-04-18,https://www.jra.go.jp/datafile/seiseki/report/2010/1fuku.pdf,official_meeting_summary
201003010405,2010,福島,1,4,5,2010-04-18,https://www.jra.go.jp/datafile/seiseki/report/2010/1fuku.pdf,official_meeting_summary
201003010406,2010,福島,1,4,6,2010-04-18,https://www.jra.go.jp/datafile/seiseki/report/2010/1fuku.pdf,official_meeting_summary
201003010407,2010,福島,1,4,7,2010-04-18,https://www.jra.go.jp/datafile/seiseki/report/2010/1fuku.pdf,official_meeting_summary
201003010408,2010,福島,1,4,8,2010-04-18,https://www.jra.go.jp/datafile/seiseki/report/2010/1fuku.pdf,official_meeting_summary
201003010409,2010,福島,1,4,9,2010-04-18,https://www.jra.go.jp/datafile/seiseki/report/2010/1fuku.pdf,official_meeting_summary
201003010410,2010,福島,1,4,10,2010-04-18,https://www.jra.go.jp/datafile/seiseki/report/2010/1fuku.pdf,official_meeting_summary
201003010411,2010,福島,1,4,11,2010-04-18,https://www.jra.go.jp/datafile/seiseki/report/2010/1fuku.pdf,official_meeting_summary
201003010412,2010,福島,1,4,12,2010-04-18,https://www.jra.go.jp/datafile/seiseki/report/2010/1fuku.pdf,official_meeting_summary
201003010501,2010,福島,1,5,1,2010-04-24,https://www.jra.go.jp/datafile/seiseki/report/2010/1fuku.pdf,official_meeting_summary
201003010502,2010,福島,1,5,2,2010-04-24,https://www.jra.go.jp/datafile/seiseki/report/2010/1fuku.pdf,official_meeting_summary
201003010503,2010,福島,1,5,3,2010-04-24,https://www.jra.go.jp/datafile/seiseki/report/2010/1fuku.pdf,official_meeting_summary
201003010504,2010,福島,1,5,4,2010-04-24,https://www.jra.go.jp/datafile/seiseki/report/2010/1fuku.pdf,official_meeting_summary
201003010505,2010,福島,1,5,5,2010-04-24,https://www.jra.go.jp/datafile/seiseki/report/2010/1fuku.pdf,official_meeting_summary
201003010506,2010,福島,1,5,6,2010-04-24,https://www.jra.go.jp/datafile/seiseki/report/2010/1fuku.pdf,official_meeting_summary
201003010507,2010,福島,1,5,7,2010-04-24,https://www.jra.go.jp/datafile/seiseki/report/2010/1fuku.pdf,official_meeting_summary
201003010508,2010,福島,1,5,8,2010-04-24,https://www.jra.go.jp/datafile/seiseki/report/2010/1fuku.pdf,official_meeting_summary
201003010509,2010,福島,1,5,9,2010-04-24,https://www.jra.go.jp/datafile/seiseki/report/2010/1fuku.pdf,official_meeting_summary
201003010510,2010,福島,1,5,10,2010-04-24,https://www.jra.go.jp/datafile/seiseki/report/2010/1fuku.pdf,official_meeting_summary
201003010511,2010,福島,1,5,11,2010-04-24,https://www.jra.go.jp/datafile/seiseki/report/2010/1fuku.pdf,official_meeting_summary
201003010512,2010,福島,1,5,12,2010-04-24,https://www.jra.go.jp/datafile/seiseki/report/2010/1fuku.pdf,official_meeting_summary
201003010601,2010,福島,1,6,1,2010-04-25,https://www.jra.go.jp/datafile/seiseki/report/2010/1fuku.pdf,official_meeting_summary
201003010602,2010,福島,1,6,2,2010-04-25,https://www.jra.go.jp/datafile/seiseki/report/2010/1fuku.pdf,official_meeting_summary
201003010603,2010,福島,1,6,3,2010-04-25,https://www.jra.go.jp/datafile/seiseki/report/2010/1fuku.pdf,official_meeting_summary
201003010604,2010,福島,1,6,4,2010-04-25,https://www.jra.go.jp/datafile/seiseki/report/2010/1fuku.pdf,official_meeting_summary
201003010605,2010,福島,1,6,5,2010-04-25,https://www.jra.go.jp/datafile/seiseki/report/2010/1fuku.pdf,official_meeting_summary
201003010606,2010,福島,1,6,6,2010-04-25,https://www.jra.go.jp/datafile/seiseki/report/2010/1fuku.pdf,official_meeting_summary
201003010607,2010,福島,1,6,7,2010-04-25,https://www.jra.go.jp/datafile/seiseki/report/2010/1fuku.pdf,official_meeting_summary
201003010608,2010,福島,1,6,8,2010-04-25,https://www.jra.go.jp/datafile/seiseki/report/2010/1fuku.pdf,official_meeting_summary
201003010609,2010,福島,1,6,9,2010-04-25,https://www.jra.go.jp/datafile/seiseki/report/2010/1fuku.pdf,official_meeting_summary
201003010610,2010,福島,1,6,10,2010-04-25,https://www.jra.go.jp/datafile/seiseki/report/2010/1fuku.pdf,official_meeting_summary
201003010611,2010,福島,1,6,11,2010-04-25,https://www.jra.go.jp/datafile/seiseki/report/2010/1fuku.pdf,official_meeting_summary
201003010612,2010,福島,1,6,12,2010-04-25,https://www.jra.go.jp/datafile/seiseki/report/2010/1fuku.pdf,official_meeting_summary
201003020101,2010,福島,2,1,1,2010-06-19,https://www.jra.go.jp/datafile/seiseki/report/2010/2fuku.pdf,official_meeting_summary
201003020102,2010,福島,2,1,2,2010-06-19,https://www.jra.go.jp/datafile/seiseki/report/2010/2fuku.pdf,official_meeting_summary
201003020103,2010,福島,2,1,3,2010-06-19,https://www.jra.go.jp/datafile/seiseki/report/2010/2fuku.pdf,official_meeting_summary
201003020104,2010,福島,2,1,4,2010-06-19,https://www.jra.go.jp/datafile/seiseki/report/2010/2fuku.pdf,official_meeting_summary
201003020105,2010,福島,2,1,5,2010-06-19,https://www.jra.go.jp/datafile/seiseki/report/2010/2fuku.pdf,official_meeting_summary
201003020106,2010,福島,2,1,6,2010-06-19,https://www.jra.go.jp/datafile/seiseki/report/2010/2fuku.pdf,official_meeting_summary
201003020107,2010,福島,2,1,7,2010-06-19,https://www.jra.go.jp/datafile/seiseki/report/2010/2fuku.pdf,official_meeting_summary
201003020108,2010,福島,2,1,8,2010-06-19,https://www.jra.go.jp/datafile/seiseki/report/2010/2fuku.pdf,official_meeting_summary
201003020109,2010,福島,2,1,9,2010-06-19,https://www.jra.go.jp/datafile/seiseki/report/2010/2fuku.pdf,official_meeting_summary
201003020110,2010,福島,2,1,10,2010-06-19,https://www.jra.go.jp/datafile/seiseki/report/2010/2fuku.pdf,official_meeting_summary
201003020111,2010,福島,2,1,11,2010-06-19,https://www.jra.go.jp/datafile/seiseki/report/2010/2fuku.pdf,official_meeting_summary
201003020112,2010,福島,2,1,12,2010-06-19,https://www.jra.go.jp/datafile/seiseki/report/2010/2fuku.pdf,official_meeting_summary
201003020201,2010,福島,2,2,1,2010-06-20,https://www.jra.go.jp/datafile/seiseki/report/2010/2fuku.pdf,official_meeting_summary
201003020202,2010,福島,2,2,2,2010-06-20,https://www.jra.go.jp/datafile/seiseki/report/2010/2fuku.pdf,official_meeting_summary
201003020203,2010,福島,2,2,3,2010-06-20,https://www.jra.go.jp/datafile/seiseki/report/2010/2fuku.pdf,official_meeting_summary
201003020204,2010,福島,2,2,4,2010-06-20,https://www.jra.go.jp/datafile/seiseki/report/2010/2fuku.pdf,official_meeting_summary
201003020205,2010,福島,2,2,5,2010-06-20,https://www.jra.go.jp/datafile/seiseki/report/2010/2fuku.pdf,official_meeting_summary
201003020206,2010,福島,2,2,6,2010-06-20,https://www.jra.go.jp/datafile/seiseki/report/2010/2fuku.pdf,official_meeting_summary
201003020207,2010,福島,2,2,7,2010-06-20,https://www.jra.go.jp/datafile/seiseki/report/2010/2fuku.pdf,official_meeting_summary
201003020208,2010,福島,2,2,8,2010-06-20,https://www.jra.go.jp/datafile/seiseki/report/2010/2fuku.pdf,official_meeting_summary
201003020209,2010,福島,2,2,9,2010-06-20,https://www.jra.go.jp/datafile/seiseki/report/2010/2fuku.pdf,official_meeting_summary
201003020210,2010,福島,2,2,10,2010-06-20,https://www.jra.go.jp/datafile/seiseki/report/2010/2fuku.pdf,official_meeting_summary
201003020211,2010,福島,2,2,11,2010-06-20,https://www.jra.go.jp/datafile/seiseki/report/2010/2fuku.pdf,official_meeting_summary
201003020212,2010,福島,2,2,12,2010-06-20,https://www.jra.go.jp/datafile/seiseki/report/2010/2fuku.pdf,official_meeting_summary
201003020301,2010,福島,2,3,1,2010-06-26,https://www.jra.go.jp/datafile/seiseki/report/2010/2fuku.pdf,official_meeting_summary
201003020302,2010,福島,2,3,2,2010-06-26,https://www.jra.go.jp/datafile/seiseki/report/2010/2fuku.pdf,official_meeting_summary
201003020303,2010,福島,2,3,3,2010-06-26,https://www.jra.go.jp/datafile/seiseki/report/2010/2fuku.pdf,official_meeting_summary
201003020304,2010,福島,2,3,4,2010-06-26,https://www.jra.go.jp/datafile/seiseki/report/2010/2fuku.pdf,official_meeting_summary
201003020305,2010,福島,2,3,5,2010-06-26,https://www.jra.go.jp/datafile/seiseki/report/2010/2fuku.pdf,official_meeting_summary
201003020306,2010,福島,2,3,6,2010-06-26,https://www.jra.go.jp/datafile/seiseki/report/2010/2fuku.pdf,official_meeting_summary
201003020307,2010,福島,2,3,7,2010-06-26,https://www.jra.go.jp/datafile/seiseki/report/2010/2fuku.pdf,official_meeting_summary
201003020308,2010,福島,2,3,8,2010-06-26,https://www.jra.go.jp/datafile/seiseki/report/2010/2fuku.pdf,official_meeting_summary
201003020309,2010,福島,2,3,9,2010-06-26,https://www.jra.go.jp/datafile/seiseki/report/2010/2fuku.pdf,official_meeting_summary
201003020310,2010,福島,2,3,10,2010-06-26,https://www.jra.go.jp/datafile/seiseki/report/2010/2fuku.pdf,official_meeting_summary
201003020311,2010,福島,2,3,11,2010-06-26,https://www.jra.go.jp/datafile/seiseki/report/2010/2fuku.pdf,official_meeting_summary
201003020312,2010,福島,2,3,12,2010-06-26,https://www.jra.go.jp/datafile/seiseki/report/2010/2fuku.pdf,official_meeting_summary
201003020401,2010,福島,2,4,1,2010-06-27,https://www.jra.go.jp/datafile/seiseki/report/2010/2fuku.pdf,official_meeting_summary
201003020402,2010,福島,2,4,2,2010-06-27,https://www.jra.go.jp/datafile/seiseki/report/2010/2fuku.pdf,official_meeting_summary
201003020403,2010,福島,2,4,3,2010-06-27,https://www.jra.go.jp/datafile/seiseki/report/2010/2fuku.pdf,official_meeting_summary
201003020404,2010,福島,2,4,4,2010-06-27,https://www.jra.go.jp/datafile/seiseki/report/2010/2fuku.pdf,official_meeting_summary
201003020405,2010,福島,2,4,5,2010-06-27,https://www.jra.go.jp/datafile/seiseki/report/2010/2fuku.pdf,official_meeting_summary
201003020406,2010,福島,2,4,6,2010-06-27,https://www.jra.go.jp/datafile/seiseki/report/2010/2fuku.pdf,official_meeting_summary
201003020407,2010,福島,2,4,7,2010-06-27,https://www.jra.go.jp/datafile/seiseki/report/2010/2fuku.pdf,official_meeting_summary
201003020408,2010,福島,2,4,8,2010-06-27,https://www.jra.go.jp/datafile/seiseki/report/2010/2fuku.pdf,official_meeting_summary
201003020409,2010,福島,2,4,9,2010-06-27,https://www.jra.go.jp/datafile/seiseki/report/2010/2fuku.pdf,official_meeting_summary
201003020410,2010,福島,2,4,10,2010-06-27,https://www.jra.go.jp/datafile/seiseki/report/2010/2fuku.pdf,official_meeting_summary
201003020411,2010,福島,2,4,11,2010-06-27,https://www.jra.go.jp/datafile/seiseki/report/2010/2fuku.pdf,official_meeting_summary
201003020412,2010,福島,2,4,12,2010-06-27,https://www.jra.go.jp/datafile/seiseki/report/2010/2fuku.pdf,official_meeting_summary
201003020501,2010,福島,2,5,1,2010-07-03,https://www.jra.go.jp/datafile/seiseki/report/2010/2fuku.pdf,official_meeting_summary
201003020502,2010,福島,2,5,2,2010-07-03,https://www.jra.go.jp/datafile/seiseki/report/2010/2fuku.pdf,official_meeting_summary
201003020503,2010,福島,2,5,3,2010-07-03,https://www.jra.go.jp/datafile/seiseki/report/2010/2fuku.pdf,official_meeting_summary
201003020504,2010,福島,2,5,4,2010-07-03,https://www.jra.go.jp/datafile/seiseki/report/2010/2fuku.pdf,official_meeting_summary
201003020505,2010,福島,2,5,5,2010-07-03,https://www.jra.go.jp/datafile/seiseki/report/2010/2fuku.pdf,official_meeting_summary
201003020506,2010,福島,2,5,6,2010-07-03,https://www.jra.go.jp/datafile/seiseki/report/2010/2fuku.pdf,official_meeting_summary
201003020507,2010,福島,2,5,7,2010-07-03,https://www.jra.go.jp/datafile/seiseki/report/2010/2fuku.pdf,official_meeting_summary
201003020508,2010,福島,2,5,8,2010-07-03,https://www.jra.go.jp/datafile/seiseki/report/2010/2fuku.pdf,official_meeting_summary
201003020509,2010,福島,2,5,9,2010-07-03,https://www.jra.go.jp/datafile/seiseki/report/2010/2fuku.pdf,official_meeting_summary
201003020510,2010,福島,2,5,10,2010-07-03,https://www.jra.go.jp/datafile/seiseki/report/2010/2fuku.pdf,official_meeting_summary
201003020511,2010,福島,2,5,11,2010-07-03,https://www.jra.go.jp/datafile/seiseki/report/2010/2fuku.pdf,official_meeting_summary
201003020512,2010,福島,2,5,12,2010-07-03,https://www.jra.go.jp/datafile/seiseki/report/2010/2fuku.pdf,official_meeting_summary
201003020601,2010,福島,2,6,1,2010-07-04,https://www.jra.go.jp/datafile/seiseki/report/2010/2fuku.pdf,official_meeting_summary
201003020602,2010,福島,2,6,2,2010-07-04,https://www.jra.go.jp/datafile/seiseki/report/2010/2fuku.pdf,official_meeting_summary
201003020603,2010,福島,2,6,3,2010-07-04,https://www.jra.go.jp/datafile/seiseki/report/2010/2fuku.pdf,official_meeting_summary
201003020604,2010,福島,2,6,4,2010-07-04,https://www.jra.go.jp/datafile/seiseki/report/2010/2fuku.pdf,official_meeting_summary
201003020605,2010,福島,2,6,5,2010-07-04,https://www.jra.go.jp/datafile/seiseki/report/2010/2fuku.pdf,official_meeting_summary
201003020606,2010,福島,2,6,6,2010-07-04,https://www.jra.go.jp/datafile/seiseki/report/2010/2fuku.pdf,official_meeting_summary
201003020607,2010,福島,2,6,7,2010-07-04,https://www.jra.go.jp/datafile/seiseki/report/2010/2fuku.pdf,official_meeting_summary
201003020608,2010,福島,2,6,8,2010-07-04,https://www.jra.go.jp/datafile/seiseki/report/2010/2fuku.pdf,official_meeting_summary
201003020609,2010,福島,2,6,9,2010-07-04,https://www.jra.go.jp/datafile/seiseki/report/2010/2fuku.pdf,official_meeting_summary
201003020610,2010,福島,2,6,10,2010-07-04,https://www.jra.go.jp/datafile/seiseki/report/2010/2fuku.pdf,official_meeting_summary
201003020611,2010,福島,2,6,11,2010-07-04,https://www.jra.go.jp/datafile/seiseki/report/2010/2fuku.pdf,official_meeting_summary
201003020612,2010,福島,2,6,12,2010-07-04,https://www.jra.go.jp/datafile/seiseki/report/2010/2fuku.pdf,official_meeting_summary
201003020701,2010,福島,2,7,1,2010-07-10,https://www.jra.go.jp/datafile/seiseki/report/2010/2fuku.pdf,official_meeting_summary
201003020702,2010,福島,2,7,2,2010-07-10,https://www.jra.go.jp/datafile/seiseki/report/2010/2fuku.pdf,official_meeting_summary
201003020703,2010,福島,2,7,3,2010-07-10,https://www.jra.go.jp/datafile/seiseki/report/2010/2fuku.pdf,official_meeting_summary
201003020704,2010,福島,2,7,4,2010-07-10,https://www.jra.go.jp/datafile/seiseki/report/2010/2fuku.pdf,official_meeting_summary
201003020705,2010,福島,2,7,5,2010-07-10,https://www.jra.go.jp/datafile/seiseki/report/2010/2fuku.pdf,official_meeting_summary
201003020706,2010,福島,2,7,6,2010-07-10,https://www.jra.go.jp/datafile/seiseki/report/2010/2fuku.pdf,official_meeting_summary
201003020707,2010,福島,2,7,7,2010-07-10,https://www.jra.go.jp/datafile/seiseki/report/2010/2fuku.pdf,official_meeting_summary
201003020708,2010,福島,2,7,8,2010-07-10,https://www.jra.go.jp/datafile/seiseki/report/2010/2fuku.pdf,official_meeting_summary
201003020709,2010,福島,2,7,9,2010-07-10,https://www.jra.go.jp/datafile/seiseki/report/2010/2fuku.pdf,official_meeting_summary
201003020710,2010,福島,2,7,10,2010-07-10,https://www.jra.go.jp/datafile/seiseki/report/2010/2fuku.pdf,official_meeting_summary
201003020711,2010,福島,2,7,11,2010-07-10,https://www.jra.go.jp/datafile/seiseki/report/2010/2fuku.pdf,official_meeting_summary
201003020712,2010,福島,2,7,12,2010-07-10,https://www.jra.go.jp/datafile/seiseki/report/2010/2fuku.pdf,official_meeting_summary
201003020801,2010,福島,2,8,1,2010-07-11,https://www.jra.go.jp/datafile/seiseki/report/2010/2fuku.pdf,official_meeting_summary
201003020802,2010,福島,2,8,2,2010-07-11,https://www.jra.go.jp/datafile/seiseki/report/2010/2fuku.pdf,official_meeting_summary
201003020803,2010,福島,2,8,3,2010-07-11,https://www.jra.go.jp/datafile/seiseki/report/2010/2fuku.pdf,official_meeting_summary
201003020804,2010,福島,2,8,4,2010-07-11,https://www.jra.go.jp/datafile/seiseki/report/2010/2fuku.pdf,official_meeting_summary
201003020805,2010,福島,2,8,5,2010-07-11,https://www.jra.go.jp/datafile/seiseki/report/2010/2fuku.pdf,official_meeting_summary
201003020806,2010,福島,2,8,6,2010-07-11,https://www.jra.go.jp/datafile/seiseki/report/2010/2fuku.pdf,official_meeting_summary
201003020807,2010,福島,2,8,7,2010-07-11,https://www.jra.go.jp/datafile/seiseki/report/2010/2fuku.pdf,official_meeting_summary
201003020808,2010,福島,2,8,8,2010-07-11,https://www.jra.go.jp/datafile/seiseki/report/2010/2fuku.pdf,official_meeting_summary
201003020809,2010,福島,2,8,9,2010-07-11,https://www.jra.go.jp/datafile/seiseki/report/2010/2fuku.pdf,official_meeting_summary
201003020810,2010,福島,2,8,10,2010-07-11,https://www.jra.go.jp/datafile/seiseki/report/2010/2fuku.pdf,official_meeting_summary
201003020811,2010,福島,2,8,11,2010-07-11,https://www.jra.go.jp/datafile/seiseki/report/2010/2fuku.pdf,official_meeting_summary
201003020812,2010,福島,2,8,12,2010-07-11,https://www.jra.go.jp/datafile/seiseki/report/2010/2fuku.pdf,official_meeting_summary
201003030101,2010,福島,3,1,1,2010-10-23,https://www.jra.go.jp/datafile/seiseki/report/2010/3fuku.pdf,official_meeting_summary
201003030102,2010,福島,3,1,2,2010-10-23,https://www.jra.go.jp/datafile/seiseki/report/2010/3fuku.pdf,official_meeting_summary
201003030103,2010,福島,3,1,3,2010-10-23,https://www.jra.go.jp/datafile/seiseki/report/2010/3fuku.pdf,official_meeting_summary
201003030104,2010,福島,3,1,4,2010-10-23,https://www.jra.go.jp/datafile/seiseki/report/2010/3fuku.pdf,official_meeting_summary
201003030105,2010,福島,3,1,5,2010-10-23,https://www.jra.go.jp/datafile/seiseki/report/2010/3fuku.pdf,official_meeting_summary
201003030106,2010,福島,3,1,6,2010-10-23,https://www.jra.go.jp/datafile/seiseki/report/2010/3fuku.pdf,official_meeting_summary
201003030107,2010,福島,3,1,7,2010-10-23,https://www.jra.go.jp/datafile/seiseki/report/2010/3fuku.pdf,official_meeting_summary
201003030108,2010,福島,3,1,8,2010-10-23,https://www.jra.go.jp/datafile/seiseki/report/2010/3fuku.pdf,official_meeting_summary
201003030109,2010,福島,3,1,9,2010-10-23,https://www.jra.go.jp/datafile/seiseki/report/2010/3fuku.pdf,official_meeting_summary
201003030110,2010,福島,3,1,10,2010-10-23,https://www.jra.go.jp/datafile/seiseki/report/2010/3fuku.pdf,official_meeting_summary
201003030111,2010,福島,3,1,11,2010-10-23,https://www.jra.go.jp/datafile/seiseki/report/2010/3fuku.pdf,official_meeting_summary
201003030112,2010,福島,3,1,12,2010-10-23,https://www.jra.go.jp/datafile/seiseki/report/2010/3fuku.pdf,official_meeting_summary
201003030201,2010,福島,3,2,1,2010-10-24,https://www.jra.go.jp/datafile/seiseki/report/2010/3fuku.pdf,official_meeting_summary
201003030202,2010,福島,3,2,2,2010-10-24,https://www.jra.go.jp/datafile/seiseki/report/2010/3fuku.pdf,official_meeting_summary
201003030203,2010,福島,3,2,3,2010-10-24,https://www.jra.go.jp/datafile/seiseki/report/2010/3fuku.pdf,official_meeting_summary
201003030204,2010,福島,3,2,4,2010-10-24,https://www.jra.go.jp/datafile/seiseki/report/2010/3fuku.pdf,official_meeting_summary
201003030205,2010,福島,3,2,5,2010-10-24,https://www.jra.go.jp/datafile/seiseki/report/2010/3fuku.pdf,official_meeting_summary
201003030206,2010,福島,3,2,6,2010-10-24,https://www.jra.go.jp/datafile/seiseki/report/2010/3fuku.pdf,official_meeting_summary
201003030207,2010,福島,3,2,7,2010-10-24,https://www.jra.go.jp/datafile/seiseki/report/2010/3fuku.pdf,official_meeting_summary
201003030208,2010,福島,3,2,8,2010-10-24,https://www.jra.go.jp/datafile/seiseki/report/2010/3fuku.pdf,official_meeting_summary
201003030209,2010,福島,3,2,9,2010-10-24,https://www.jra.go.jp/datafile/seiseki/report/2010/3fuku.pdf,official_meeting_summary
201003030210,2010,福島,3,2,10,2010-10-24,https://www.jra.go.jp/datafile/seiseki/report/2010/3fuku.pdf,official_meeting_summary
201003030211,2010,福島,3,2,11,2010-10-24,https://www.jra.go.jp/datafile/seiseki/report/2010/3fuku.pdf,official_meeting_summary
201003030212,2010,福島,3,2,12,2010-10-24,https://www.jra.go.jp/datafile/seiseki/report/2010/3fuku.pdf,official_meeting_summary
201003030301,2010,福島,3,3,1,2010-10-30,https://www.jra.go.jp/datafile/seiseki/report/2010/3fuku.pdf,official_meeting_summary
201003030302,2010,福島,3,3,2,2010-10-30,https://www.jra.go.jp/datafile/seiseki/report/2010/3fuku.pdf,official_meeting_summary
201003030303,2010,福島,3,3,3,2010-10-30,https://www.jra.go.jp/datafile/seiseki/report/2010/3fuku.pdf,official_meeting_summary
201003030304,2010,福島,3,3,4,2010-10-30,https://www.jra.go.jp/datafile/seiseki/report/2010/3fuku.pdf,official_meeting_summary
201003030305,2010,福島,3,3,5,2010-10-30,https://www.jra.go.jp/datafile/seiseki/report/2010/3fuku.pdf,official_meeting_summary
201003030306,2010,福島,3,3,6,2010-10-30,https://www.jra.go.jp/datafile/seiseki/report/2010/3fuku.pdf,official_meeting_summary
201003030307,2010,福島,3,3,7,2010-10-30,https://www.jra.go.jp/datafile/seiseki/report/2010/3fuku.pdf,official_meeting_summary
201003030308,2010,福島,3,3,8,2010-10-30,https://www.jra.go.jp/datafile/seiseki/report/2010/3fuku.pdf,official_meeting_summary
201003030309,2010,福島,3,3,9,2010-10-30,https://www.jra.go.jp/datafile/seiseki/report/2010/3fuku.pdf,official_meeting_summary
201003030310,2010,福島,3,3,10,2010-10-30,https://www.jra.go.jp/datafile/seiseki/report/2010/3fuku.pdf,official_meeting_summary
201003030311,2010,福島,3,3,11,2010-10-30,https://www.jra.go.jp/datafile/seiseki/report/2010/3fuku.pdf,official_meeting_summary
201003030312,2010,福島,3,3,12,2010-10-30,https://www.jra.go.jp/datafile/seiseki/report/2010/3fuku.pdf,official_meeting_summary
201003030401,2010,福島,3,4,1,2010-10-31,https://www.jra.go.jp/datafile/seiseki/report/2010/3fuku.pdf,official_meeting_summary
201003030402,2010,福島,3,4,2,2010-10-31,https://www.jra.go.jp/datafile/seiseki/report/2010/3fuku.pdf,official_meeting_summary
201003030403,2010,福島,3,4,3,2010-10-31,https://www.jra.go.jp/datafile/seiseki/report/2010/3fuku.pdf,official_meeting_summary
201003030404,2010,福島,3,4,4,2010-10-31,https://www.jra.go.jp/datafile/seiseki/report/2010/3fuku.pdf,official_meeting_summary
201003030405,2010,福島,3,4,5,2010-10-31,https://www.jra.go.jp/datafile/seiseki/report/2010/3fuku.pdf,official_meeting_summary
201003030406,2010,福島,3,4,6,2010-10-31,https://www.jra.go.jp/datafile/seiseki/report/2010/3fuku.pdf,official_meeting_summary
201003030407,2010,福島,3,4,7,2010-10-31,https://www.jra.go.jp/datafile/seiseki/report/2010/3fuku.pdf,official_meeting_summary
201003030408,2010,福島,3,4,8,2010-10-31,https://www.jra.go.jp/datafile/seiseki/report/2010/3fuku.pdf,official_meeting_summary
201003030409,2010,福島,3,4,9,2010-10-31,https://www.jra.go.jp/datafile/seiseki/report/2010/3fuku.pdf,official_meeting_summary
201003030410,2010,福島,3,4,10,2010-10-31,https://www.jra.go.jp/datafile/seiseki/report/2010/3fuku.pdf,official_meeting_summary
201003030411,2010,福島,3,4,11,2010-10-31,https://www.jra.go.jp/datafile/seiseki/report/2010/3fuku.pdf,official_meeting_summary
201003030412,2010,福島,3,4,12,2010-10-31,https://www.jra.go.jp/datafile/seiseki/report/2010/3fuku.pdf,official_meeting_summary
201003030501,2010,福島,3,5,1,2010-11-06,https://www.jra.go.jp/datafile/seiseki/report/2010/3fuku.pdf,official_meeting_summary
201003030502,2010,福島,3,5,2,2010-11-06,https://www.jra.go.jp/datafile/seiseki/report/2010/3fuku.pdf,official_meeting_summary
201003030503,2010,福島,3,5,3,2010-11-06,https://www.jra.go.jp/datafile/seiseki/report/2010/3fuku.pdf,official_meeting_summary
201003030504,2010,福島,3,5,4,2010-11-06,https://www.jra.go.jp/datafile/seiseki/report/2010/3fuku.pdf,official_meeting_summary
201003030505,2010,福島,3,5,5,2010-11-06,https://www.jra.go.jp/datafile/seiseki/report/2010/3fuku.pdf,official_meeting_summary
201003030506,2010,福島,3,5,6,2010-11-06,https://www.jra.go.jp/datafile/seiseki/report/2010/3fuku.pdf,official_meeting_summary
201003030507,2010,福島,3,5,7,2010-11-06,https://www.jra.go.jp/datafile/seiseki/report/2010/3fuku.pdf,official_meeting_summary
201003030508,2010,福島,3,5,8,2010-11-06,https://www.jra.go.jp/datafile/seiseki/report/2010/3fuku.pdf,official_meeting_summary
201003030509,2010,福島,3,5,9,2010-11-06,https://www.jra.go.jp/datafile/seiseki/report/2010/3fuku.pdf,official_meeting_summary
201003030510,2010,福島,3,5,10,2010-11-06,https://www.jra.go.jp/datafile/seiseki/report/2010/3fuku.pdf,official_meeting_summary
201003030511,2010,福島,3,5,11,2010-11-06,https://www.jra.go.jp/datafile/seiseki/report/2010/3fuku.pdf,official_meeting_summary
201003030512,2010,福島,3,5,12,2010-11-06,https://www.jra.go.jp/datafile/seiseki/report/2010/3fuku.pdf,official_meeting_summary
201003030601,2010,福島,3,6,1,2010-11-07,https://www.jra.go.jp/datafile/seiseki/report/2010/3fuku.pdf,official_meeting_summary
201003030602,2010,福島,3,6,2,2010-11-07,https://www.jra.go.jp/datafile/seiseki/report/2010/3fuku.pdf,official_meeting_summary
201003030603,2010,福島,3,6,3,2010-11-07,https://www.jra.go.jp/datafile/seiseki/report/2010/3fuku.pdf,official_meeting_summary
201003030604,2010,福島,3,6,4,2010-11-07,https://www.jra.go.jp/datafile/seiseki/report/2010/3fuku.pdf,official_meeting_summary
201003030605,2010,福島,3,6,5,2010-11-07,https://www.jra.go.jp/datafile/seiseki/report/2010/3fuku.pdf,official_meeting_summary
201003030606,2010,福島,3,6,6,2010-11-07,https://www.jra.go.jp/datafile/seiseki/report/2010/3fuku.pdf,official_meeting_summary
201003030607,2010,福島,3,6,7,2010-11-07,https://www.jra.go.jp/datafile/seiseki/report/2010/3fuku.pdf,official_meeting_summary
201003030608,2010,福島,3,6,8,2010-11-07,https://www.jra.go.jp/datafile/seiseki/report/2010/3fuku.pdf,official_meeting_summary
201003030609,2010,福島,3,6,9,2010-11-07,https://www.jra.go.jp/datafile/seiseki/report/2010/3fuku.pdf,official_meeting_summary
201003030610,2010,福島,3,6,10,2010-11-07,https://www.jra.go.jp/datafile/seiseki/report/2010/3fuku.pdf,official_meeting_summary
201003030611,2010,福島,3,6,11,2010-11-07,https://www.jra.go.jp/datafile/seiseki/report/2010/3fuku.pdf,official_meeting_summary
201003030612,2010,福島,3,6,12,2010-11-07,https://www.jra.go.jp/datafile/seiseki/report/2010/3fuku.pdf,official_meeting_summary
201003030701,2010,福島,3,7,1,2010-11-13,https://www.jra.go.jp/datafile/seiseki/report/2010/3fuku.pdf,official_meeting_summary
201003030702,2010,福島,3,7,2,2010-11-13,https://www.jra.go.jp/datafile/seiseki/report/2010/3fuku.pdf,official_meeting_summary
201003030703,2010,福島,3,7,3,2010-11-13,https://www.jra.go.jp/datafile/seiseki/report/2010/3fuku.pdf,official_meeting_summary
201003030704,2010,福島,3,7,4,2010-11-13,https://www.jra.go.jp/datafile/seiseki/report/2010/3fuku.pdf,official_meeting_summary
201003030705,2010,福島,3,7,5,2010-11-13,https://www.jra.go.jp/datafile/seiseki/report/2010/3fuku.pdf,official_meeting_summary
201003030706,2010,福島,3,7,6,2010-11-13,https://www.jra.go.jp/datafile/seiseki/report/2010/3fuku.pdf,official_meeting_summary
201003030707,2010,福島,3,7,7,2010-11-13,https://www.jra.go.jp/datafile/seiseki/report/2010/3fuku.pdf,official_meeting_summary
201003030708,2010,福島,3,7,8,2010-11-13,https://www.jra.go.jp/datafile/seiseki/report/2010/3fuku.pdf,official_meeting_summary
201003030709,2010,福島,3,7,9,2010-11-13,https://www.jra.go.jp/datafile/seiseki/report/2010/3fuku.pdf,official_meeting_summary
201003030710,2010,福島,3,7,10,2010-11-13,https://www.jra.go.jp/datafile/seiseki/report/2010/3fuku.pdf,official_meeting_summary
201003030711,2010,福島,3,7,11,2010-11-13,https://www.jra.go.jp/datafile/seiseki/report/2010/3fuku.pdf,official_meeting_summary
201003030712,2010,福島,3,7,12,2010-11-13,https://www.jra.go.jp/datafile/seiseki/report/2010/3fuku.pdf,official_meeting_summary
201003030801,2010,福島,3,8,1,2010-11-14,https://www.jra.go.jp/datafile/seiseki/report/2010/3fuku.pdf,official_meeting_summary
201003030802,2010,福島,3,8,2,2010-11-14,https://www.jra.go.jp/datafile/seiseki/report/2010/3fuku.pdf,official_meeting_summary
201003030803,2010,福島,3,8,3,2010-11-14,https://www.jra.go.jp/datafile/seiseki/report/2010/3fuku.pdf,official_meeting_summary
201003030804,2010,福島,3,8,4,2010-11-14,https://www.jra.go.jp/datafile/seiseki/report/2010/3fuku.pdf,official_meeting_summary
201003030805,2010,福島,3,8,5,2010-11-14,https://www.jra.go.jp/datafile/seiseki/report/2010/3fuku.pdf,official_meeting_summary
201003030806,2010,福島,3,8,6,2010-11-14,https://www.jra.go.jp/datafile/seiseki/report/2010/3fuku.pdf,official_meeting_summary
201003030807,2010,福島,3,8,7,2010-11-14,https://www.jra.go.jp/datafile/seiseki/report/2010/3fuku.pdf,official_meeting_summary
201003030808,2010,福島,3,8,8,2010-11-14,https://www.jra.go.jp/datafile/seiseki/report/2010/3fuku.pdf,official_meeting_summary
201003030809,2010,福島,3,8,9,2010-11-14,https://www.jra.go.jp/datafile/seiseki/report/2010/3fuku.pdf,official_meeting_summary
201003030810,2010,福島,3,8,10,2010-11-14,https://www.jra.go.jp/datafile/seiseki/report/2010/3fuku.pdf,official_meeting_summary
201003030811,2010,福島,3,8,11,2010-11-14,https://www.jra.go.jp/datafile/seiseki/report/2010/3fuku.pdf,official_meeting_summary
201003030812,2010,福島,3,8,12,2010-11-14,https://www.jra.go.jp/datafile/seiseki/report/2010/3fuku.pdf,official_meeting_summary
201003030901,2010,福島,3,9,1,2010-11-20,https://www.jra.go.jp/datafile/seiseki/report/2010/3fuku.pdf,official_meeting_summary
201003030902,2010,福島,3,9,2,2010-11-20,https://www.jra.go.jp/datafile/seiseki/report/2010/3fuku.pdf,official_meeting_summary
201003030903,2010,福島,3,9,3,2010-11-20,https://www.jra.go.jp/datafile/seiseki/report/2010/3fuku.pdf,official_meeting_summary
201003030904,2010,福島,3,9,4,2010-11-20,https://www.jra.go.jp/datafile/seiseki/report/2010/3fuku.pdf,official_meeting_summary
201003030905,2010,福島,3,9,5,2010-11-20,https://www.jra.go.jp/datafile/seiseki/report/2010/3fuku.pdf,official_meeting_summary
201003030906,2010,福島,3,9,6,2010-11-20,https://www.jra.go.jp/datafile/seiseki/report/2010/3fuku.pdf,official_meeting_summary
201003030907,2010,福島,3,9,7,2010-11-20,https://www.jra.go.jp/datafile/seiseki/report/2010/3fuku.pdf,official_meeting_summary
201003030908,2010,福島,3,9,8,2010-11-20,https://www.jra.go.jp/datafile/seiseki/report/2010/3fuku.pdf,official_meeting_summary
201003030909,2010,福島,3,9,9,2010-11-20,https://www.jra.go.jp/datafile/seiseki/report/2010/3fuku.pdf,official_meeting_summary
201003030910,2010,福島,3,9,10,2010-11-20,https://www.jra.go.jp/datafile/seiseki/report/2010/3fuku.pdf,official_meeting_summary
201003030911,2010,福島,3,9,11,2010-11-20,https://www.jra.go.jp/datafile/seiseki/report/2010/3fuku.pdf,official_meeting_summary
201003030912,2010,福島,3,9,12,2010-11-20,https://www.jra.go.jp/datafile/seiseki/report/2010/3fuku.pdf,official_meeting_summary
201003031001,2010,福島,3,10,1,2010-11-21,https://www.jra.go.jp/datafile/seiseki/report/2010/3fuku.pdf,official_meeting_summary
201003031002,2010,福島,3,10,2,2010-11-21,https://www.jra.go.jp/datafile/seiseki/report/2010/3fuku.pdf,official_meeting_summary
201003031003,2010,福島,3,10,3,2010-11-21,https://www.jra.go.jp/datafile/seiseki/report/2010/3fuku.pdf,official_meeting_summary
201003031004,2010,福島,3,10,4,2010-11-21,https://www.jra.go.jp/datafile/seiseki/report/2010/3fuku.pdf,official_meeting_summary
201003031005,2010,福島,3,10,5,2010-11-21,https://www.jra.go.jp/datafile/seiseki/report/2010/3fuku.pdf,official_meeting_summary
201003031006,2010,福島,3,10,6,2010-11-21,https://www.jra.go.jp/datafile/seiseki/report/2010/3fuku.pdf,official_meeting_summary
201003031007,2010,福島,3,10,7,2010-11-21,https://www.jra.go.jp/datafile/seiseki/report/2010/3fuku.pdf,official_meeting_summary
201003031008,2010,福島,3,10,8,2010-11-21,https://www.jra.go.jp/datafile/seiseki/report/2010/3fuku.pdf,official_meeting_summary
201003031009,2010,福島,3,10,9,2010-11-21,https://www.jra.go.jp/datafile/seiseki/report/2010/3fuku.pdf,official_meeting_summary
201003031010,2010,福島,3,10,10,2010-11-21,https://www.jra.go.jp/datafile/seiseki/report/2010/3fuku.pdf,official_meeting_summary
201003031011,2010,福島,3,10,11,2010-11-21,https://www.jra.go.jp/datafile/seiseki/report/2010/3fuku.pdf,official_meeting_summary
201003031012,2010,福島,3,10,12,2010-11-21,https://www.jra.go.jp/datafile/seiseki/report/2010/3fuku.pdf,official_meeting_summary
201004010101,2010,新潟,1,1,1,2010-05-01,https://www.jra.go.jp/datafile/seiseki/report/2010/1niiga.pdf,official_meeting_summary
201004010102,2010,新潟,1,1,2,2010-05-01,https://www.jra.go.jp/datafile/seiseki/report/2010/1niiga.pdf,official_meeting_summary
201004010103,2010,新潟,1,1,3,2010-05-01,https://www.jra.go.jp/datafile/seiseki/report/2010/1niiga.pdf,official_meeting_summary
201004010104,2010,新潟,1,1,4,2010-05-01,https://www.jra.go.jp/datafile/seiseki/report/2010/1niiga.pdf,official_meeting_summary
201004010105,2010,新潟,1,1,5,2010-05-01,https://www.jra.go.jp/datafile/seiseki/report/2010/1niiga.pdf,official_meeting_summary
201004010106,2010,新潟,1,1,6,2010-05-01,https://www.jra.go.jp/datafile/seiseki/report/2010/1niiga.pdf,official_meeting_summary
201004010107,2010,新潟,1,1,7,2010-05-01,https://www.jra.go.jp/datafile/seiseki/report/2010/1niiga.pdf,official_meeting_summary
201004010108,2010,新潟,1,1,8,2010-05-01,https://www.jra.go.jp/datafile/seiseki/report/2010/1niiga.pdf,official_meeting_summary
201004010109,2010,新潟,1,1,9,2010-05-01,https://www.jra.go.jp/datafile/seiseki/report/2010/1niiga.pdf,official_meeting_summary
201004010110,2010,新潟,1,1,10,2010-05-01,https://www.jra.go.jp/datafile/seiseki/report/2010/1niiga.pdf,official_meeting_summary
201004010111,2010,新潟,1,1,11,2010-05-01,https://www.jra.go.jp/datafile/seiseki/report/2010/1niiga.pdf,official_meeting_summary
201004010112,2010,新潟,1,1,12,2010-05-01,https://www.jra.go.jp/datafile/seiseki/report/2010/1niiga.pdf,official_meeting_summary
201004010201,2010,新潟,1,2,1,2010-05-02,https://www.jra.go.jp/datafile/seiseki/report/2010/1niiga.pdf,official_meeting_summary
201004010202,2010,新潟,1,2,2,2010-05-02,https://www.jra.go.jp/datafile/seiseki/report/2010/1niiga.pdf,official_meeting_summary
201004010203,2010,新潟,1,2,3,2010-05-02,https://www.jra.go.jp/datafile/seiseki/report/2010/1niiga.pdf,official_meeting_summary
201004010204,2010,新潟,1,2,4,2010-05-02,https://www.jra.go.jp/datafile/seiseki/report/2010/1niiga.pdf,official_meeting_summary
201004010205,2010,新潟,1,2,5,2010-05-02,https://www.jra.go.jp/datafile/seiseki/report/2010/1niiga.pdf,official_meeting_summary
201004010206,2010,新潟,1,2,6,2010-05-02,https://www.jra.go.jp/datafile/seiseki/report/2010/1niiga.pdf,official_meeting_summary
201004010207,2010,新潟,1,2,7,2010-05-02,https://www.jra.go.jp/datafile/seiseki/report/2010/1niiga.pdf,official_meeting_summary
201004010208,2010,新潟,1,2,8,2010-05-02,https://www.jra.go.jp/datafile/seiseki/report/2010/1niiga.pdf,official_meeting_summary
201004010209,2010,新潟,1,2,9,2010-05-02,https://www.jra.go.jp/datafile/seiseki/report/2010/1niiga.pdf,official_meeting_summary
201004010210,2010,新潟,1,2,10,2010-05-02,https://www.jra.go.jp/datafile/seiseki/report/2010/1niiga.pdf,official_meeting_summary
201004010211,2010,新潟,1,2,11,2010-05-02,https://www.jra.go.jp/datafile/seiseki/report/2010/1niiga.pdf,official_meeting_summary
201004010212,2010,新潟,1,2,12,2010-05-02,https://www.jra.go.jp/datafile/seiseki/report/2010/1niiga.pdf,official_meeting_summary
201004010301,2010,新潟,1,3,1,2010-05-08,https://www.jra.go.jp/datafile/seiseki/report/2010/1niiga.pdf,official_meeting_summary
201004010302,2010,新潟,1,3,2,2010-05-08,https://www.jra.go.jp/datafile/seiseki/report/2010/1niiga.pdf,official_meeting_summary
201004010303,2010,新潟,1,3,3,2010-05-08,https://www.jra.go.jp/datafile/seiseki/report/2010/1niiga.pdf,official_meeting_summary
201004010304,2010,新潟,1,3,4,2010-05-08,https://www.jra.go.jp/datafile/seiseki/report/2010/1niiga.pdf,official_meeting_summary
201004010305,2010,新潟,1,3,5,2010-05-08,https://www.jra.go.jp/datafile/seiseki/report/2010/1niiga.pdf,official_meeting_summary
201004010306,2010,新潟,1,3,6,2010-05-08,https://www.jra.go.jp/datafile/seiseki/report/2010/1niiga.pdf,official_meeting_summary
201004010307,2010,新潟,1,3,7,2010-05-08,https://www.jra.go.jp/datafile/seiseki/report/2010/1niiga.pdf,official_meeting_summary
201004010308,2010,新潟,1,3,8,2010-05-08,https://www.jra.go.jp/datafile/seiseki/report/2010/1niiga.pdf,official_meeting_summary
201004010309,2010,新潟,1,3,9,2010-05-08,https://www.jra.go.jp/datafile/seiseki/report/2010/1niiga.pdf,official_meeting_summary
201004010310,2010,新潟,1,3,10,2010-05-08,https://www.jra.go.jp/datafile/seiseki/report/2010/1niiga.pdf,official_meeting_summary
201004010311,2010,新潟,1,3,11,2010-05-08,https://www.jra.go.jp/datafile/seiseki/report/2010/1niiga.pdf,official_meeting_summary
201004010312,2010,新潟,1,3,12,2010-05-08,https://www.jra.go.jp/datafile/seiseki/report/2010/1niiga.pdf,official_meeting_summary
201004010401,2010,新潟,1,4,1,2010-05-09,https://www.jra.go.jp/datafile/seiseki/report/2010/1niiga.pdf,official_meeting_summary
201004010402,2010,新潟,1,4,2,2010-05-09,https://www.jra.go.jp/datafile/seiseki/report/2010/1niiga.pdf,official_meeting_summary
201004010403,2010,新潟,1,4,3,2010-05-09,https://www.jra.go.jp/datafile/seiseki/report/2010/1niiga.pdf,official_meeting_summary
201004010404,2010,新潟,1,4,4,2010-05-09,https://www.jra.go.jp/datafile/seiseki/report/2010/1niiga.pdf,official_meeting_summary
201004010405,2010,新潟,1,4,5,2010-05-09,https://www.jra.go.jp/datafile/seiseki/report/2010/1niiga.pdf,official_meeting_summary
201004010406,2010,新潟,1,4,6,2010-05-09,https://www.jra.go.jp/datafile/seiseki/report/2010/1niiga.pdf,official_meeting_summary
201004010407,2010,新潟,1,4,7,2010-05-09,https://www.jra.go.jp/datafile/seiseki/report/2010/1niiga.pdf,official_meeting_summary
201004010408,2010,新潟,1,4,8,2010-05-09,https://www.jra.go.jp/datafile/seiseki/report/2010/1niiga.pdf,official_meeting_summary
201004010409,2010,新潟,1,4,9,2010-05-09,https://www.jra.go.jp/datafile/seiseki/report/2010/1niiga.pdf,official_meeting_summary
201004010410,2010,新潟,1,4,10,2010-05-09,https://www.jra.go.jp/datafile/seiseki/report/2010/1niiga.pdf,official_meeting_summary
201004010411,2010,新潟,1,4,11,2010-05-09,https://www.jra.go.jp/datafile/seiseki/report/2010/1niiga.pdf,official_meeting_summary
201004010412,2010,新潟,1,4,12,2010-05-09,https://www.jra.go.jp/datafile/seiseki/report/2010/1niiga.pdf,official_meeting_summary
201004010501,2010,新潟,1,5,1,2010-05-15,https://www.jra.go.jp/datafile/seiseki/report/2010/1niiga.pdf,official_meeting_summary
201004010502,2010,新潟,1,5,2,2010-05-15,https://www.jra.go.jp/datafile/seiseki/report/2010/1niiga.pdf,official_meeting_summary
201004010503,2010,新潟,1,5,3,2010-05-15,https://www.jra.go.jp/datafile/seiseki/report/2010/1niiga.pdf,official_meeting_summary
201004010504,2010,新潟,1,5,4,2010-05-15,https://www.jra.go.jp/datafile/seiseki/report/2010/1niiga.pdf,official_meeting_summary
201004010505,2010,新潟,1,5,5,2010-05-15,https://www.jra.go.jp/datafile/seiseki/report/2010/1niiga.pdf,official_meeting_summary
201004010506,2010,新潟,1,5,6,2010-05-15,https://www.jra.go.jp/datafile/seiseki/report/2010/1niiga.pdf,official_meeting_summary
201004010507,2010,新潟,1,5,7,2010-05-15,https://www.jra.go.jp/datafile/seiseki/report/2010/1niiga.pdf,official_meeting_summary
201004010508,2010,新潟,1,5,8,2010-05-15,https://www.jra.go.jp/datafile/seiseki/report/2010/1niiga.pdf,official_meeting_summary
201004010509,2010,新潟,1,5,9,2010-05-15,https://www.jra.go.jp/datafile/seiseki/report/2010/1niiga.pdf,official_meeting_summary
201004010510,2010,新潟,1,5,10,2010-05-15,https://www.jra.go.jp/datafile/seiseki/report/2010/1niiga.pdf,official_meeting_summary
201004010511,2010,新潟,1,5,11,2010-05-15,https://www.jra.go.jp/datafile/seiseki/report/2010/1niiga.pdf,official_meeting_summary
201004010512,2010,新潟,1,5,12,2010-05-15,https://www.jra.go.jp/datafile/seiseki/report/2010/1niiga.pdf,official_meeting_summary
201004010601,2010,新潟,1,6,1,2010-05-16,https://www.jra.go.jp/datafile/seiseki/report/2010/1niiga.pdf,official_meeting_summary
201004010602,2010,新潟,1,6,2,2010-05-16,https://www.jra.go.jp/datafile/seiseki/report/2010/1niiga.pdf,official_meeting_summary
201004010603,2010,新潟,1,6,3,2010-05-16,https://www.jra.go.jp/datafile/seiseki/report/2010/1niiga.pdf,official_meeting_summary
201004010604,2010,新潟,1,6,4,2010-05-16,https://www.jra.go.jp/datafile/seiseki/report/2010/1niiga.pdf,official_meeting_summary
201004010605,2010,新潟,1,6,5,2010-05-16,https://www.jra.go.jp/datafile/seiseki/report/2010/1niiga.pdf,official_meeting_summary
201004010606,2010,新潟,1,6,6,2010-05-16,https://www.jra.go.jp/datafile/seiseki/report/2010/1niiga.pdf,official_meeting_summary
201004010607,2010,新潟,1,6,7,2010-05-16,https://www.jra.go.jp/datafile/seiseki/report/2010/1niiga.pdf,official_meeting_summary
201004010608,2010,新潟,1,6,8,2010-05-16,https://www.jra.go.jp/datafile/seiseki/report/2010/1niiga.pdf,official_meeting_summary
201004010609,2010,新潟,1,6,9,2010-05-16,https://www.jra.go.jp/datafile/seiseki/report/2010/1niiga.pdf,official_meeting_summary
201004010610,2010,新潟,1,6,10,2010-05-16,https://www.jra.go.jp/datafile/seiseki/report/2010/1niiga.pdf,official_meeting_summary
201004010611,2010,新潟,1,6,11,2010-05-16,https://www.jra.go.jp/datafile/seiseki/report/2010/1niiga.pdf,official_meeting_summary
201004010612,2010,新潟,1,6,12,2010-05-16,https://www.jra.go.jp/datafile/seiseki/report/2010/1niiga.pdf,official_meeting_summary
201004010701,2010,新潟,1,7,1,2010-05-22,https://www.jra.go.jp/datafile/seiseki/report/2010/1niiga.pdf,official_meeting_summary
201004010702,2010,新潟,1,7,2,2010-05-22,https://www.jra.go.jp/datafile/seiseki/report/2010/1niiga.pdf,official_meeting_summary
201004010703,2010,新潟,1,7,3,2010-05-22,https://www.jra.go.jp/datafile/seiseki/report/2010/1niiga.pdf,official_meeting_summary
201004010704,2010,新潟,1,7,4,2010-05-22,https://www.jra.go.jp/datafile/seiseki/report/2010/1niiga.pdf,official_meeting_summary
201004010705,2010,新潟,1,7,5,2010-05-22,https://www.jra.go.jp/datafile/seiseki/report/2010/1niiga.pdf,official_meeting_summary
201004010706,2010,新潟,1,7,6,2010-05-22,https://www.jra.go.jp/datafile/seiseki/report/2010/1niiga.pdf,official_meeting_summary
201004010707,2010,新潟,1,7,7,2010-05-22,https://www.jra.go.jp/datafile/seiseki/report/2010/1niiga.pdf,official_meeting_summary
201004010708,2010,新潟,1,7,8,2010-05-22,https://www.jra.go.jp/datafile/seiseki/report/2010/1niiga.pdf,official_meeting_summary
201004010709,2010,新潟,1,7,9,2010-05-22,https://www.jra.go.jp/datafile/seiseki/report/2010/1niiga.pdf,official_meeting_summary
201004010710,2010,新潟,1,7,10,2010-05-22,https://www.jra.go.jp/datafile/seiseki/report/2010/1niiga.pdf,official_meeting_summary
201004010711,2010,新潟,1,7,11,2010-05-22,https://www.jra.go.jp/datafile/seiseki/report/2010/1niiga.pdf,official_meeting_summary
201004010712,2010,新潟,1,7,12,2010-05-22,https://www.jra.go.jp/datafile/seiseki/report/2010/1niiga.pdf,official_meeting_summary
201004010801,2010,新潟,1,8,1,2010-05-23,https://www.jra.go.jp/datafile/seiseki/report/2010/1niiga.pdf,official_meeting_summary
201004010802,2010,新潟,1,8,2,2010-05-23,https://www.jra.go.jp/datafile/seiseki/report/2010/1niiga.pdf,official_meeting_summary
201004010803,2010,新潟,1,8,3,2010-05-23,https://www.jra.go.jp/datafile/seiseki/report/2010/1niiga.pdf,official_meeting_summary
201004010804,2010,新潟,1,8,4,2010-05-23,https://www.jra.go.jp/datafile/seiseki/report/2010/1niiga.pdf,official_meeting_summary
201004010805,2010,新潟,1,8,5,2010-05-23,https://www.jra.go.jp/datafile/seiseki/report/2010/1niiga.pdf,official_meeting_summary
201004010806,2010,新潟,1,8,6,2010-05-23,https://www.jra.go.jp/datafile/seiseki/report/2010/1niiga.pdf,official_meeting_summary
201004010807,2010,新潟,1,8,7,2010-05-23,https://www.jra.go.jp/datafile/seiseki/report/2010/1niiga.pdf,official_meeting_summary
201004010808,2010,新潟,1,8,8,2010-05-23,https://www.jra.go.jp/datafile/seiseki/report/2010/1niiga.pdf,official_meeting_summary
201004010809,2010,新潟,1,8,9,2010-05-23,https://www.jra.go.jp/datafile/seiseki/report/2010/1niiga.pdf,official_meeting_summary
201004010810,2010,新潟,1,8,10,2010-05-23,https://www.jra.go.jp/datafile/seiseki/report/2010/1niiga.pdf,official_meeting_summary
201004010811,2010,新潟,1,8,11,2010-05-23,https://www.jra.go.jp/datafile/seiseki/report/2010/1niiga.pdf,official_meeting_summary
201004010812,2010,新潟,1,8,12,2010-05-23,https://www.jra.go.jp/datafile/seiseki/report/2010/1niiga.pdf,official_meeting_summary
201004020101,2010,新潟,2,1,1,2010-07-17,https://www.jra.go.jp/datafile/seiseki/report/2010/2niiga.pdf,official_meeting_summary
201004020102,2010,新潟,2,1,2,2010-07-17,https://www.jra.go.jp/datafile/seiseki/report/2010/2niiga.pdf,official_meeting_summary
201004020103,2010,新潟,2,1,3,2010-07-17,https://www.jra.go.jp/datafile/seiseki/report/2010/2niiga.pdf,official_meeting_summary
201004020104,2010,新潟,2,1,4,2010-07-17,https://www.jra.go.jp/datafile/seiseki/report/2010/2niiga.pdf,official_meeting_summary
201004020105,2010,新潟,2,1,5,2010-07-17,https://www.jra.go.jp/datafile/seiseki/report/2010/2niiga.pdf,official_meeting_summary
201004020106,2010,新潟,2,1,6,2010-07-17,https://www.jra.go.jp/datafile/seiseki/report/2010/2niiga.pdf,official_meeting_summary
201004020107,2010,新潟,2,1,7,2010-07-17,https://www.jra.go.jp/datafile/seiseki/report/2010/2niiga.pdf,official_meeting_summary
201004020108,2010,新潟,2,1,8,2010-07-17,https://www.jra.go.jp/datafile/seiseki/report/2010/2niiga.pdf,official_meeting_summary
201004020109,2010,新潟,2,1,9,2010-07-17,https://www.jra.go.jp/datafile/seiseki/report/2010/2niiga.pdf,official_meeting_summary
201004020110,2010,新潟,2,1,10,2010-07-17,https://www.jra.go.jp/datafile/seiseki/report/2010/2niiga.pdf,official_meeting_summary
201004020111,2010,新潟,2,1,11,2010-07-17,https://www.jra.go.jp/datafile/seiseki/report/2010/2niiga.pdf,official_meeting_summary
201004020112,2010,新潟,2,1,12,2010-07-17,https://www.jra.go.jp/datafile/seiseki/report/2010/2niiga.pdf,official_meeting_summary
201004020201,2010,新潟,2,2,1,2010-07-18,https://www.jra.go.jp/datafile/seiseki/report/2010/2niiga.pdf,official_meeting_summary
201004020202,2010,新潟,2,2,2,2010-07-18,https://www.jra.go.jp/datafile/seiseki/report/2010/2niiga.pdf,official_meeting_summary
201004020203,2010,新潟,2,2,3,2010-07-18,https://www.jra.go.jp/datafile/seiseki/report/2010/2niiga.pdf,official_meeting_summary
201004020204,2010,新潟,2,2,4,2010-07-18,https://www.jra.go.jp/datafile/seiseki/report/2010/2niiga.pdf,official_meeting_summary
201004020205,2010,新潟,2,2,5,2010-07-18,https://www.jra.go.jp/datafile/seiseki/report/2010/2niiga.pdf,official_meeting_summary
201004020206,2010,新潟,2,2,6,2010-07-18,https://www.jra.go.jp/datafile/seiseki/report/2010/2niiga.pdf,official_meeting_summary
201004020207,2010,新潟,2,2,7,2010-07-18,https://www.jra.go.jp/datafile/seiseki/report/2010/2niiga.pdf,official_meeting_summary
201004020208,2010,新潟,2,2,8,2010-07-18,https://www.jra.go.jp/datafile/seiseki/report/2010/2niiga.pdf,official_meeting_summary
201004020209,2010,新潟,2,2,9,2010-07-18,https://www.jra.go.jp/datafile/seiseki/report/2010/2niiga.pdf,official_meeting_summary
201004020210,2010,新潟,2,2,10,2010-07-18,https://www.jra.go.jp/datafile/seiseki/report/2010/2niiga.pdf,official_meeting_summary
201004020211,2010,新潟,2,2,11,2010-07-18,https://www.jra.go.jp/datafile/seiseki/report/2010/2niiga.pdf,official_meeting_summary
201004020212,2010,新潟,2,2,12,2010-07-18,https://www.jra.go.jp/datafile/seiseki/report/2010/2niiga.pdf,official_meeting_summary
201004020301,2010,新潟,2,3,1,2010-07-24,https://www.jra.go.jp/datafile/seiseki/report/2010/2niiga.pdf,official_meeting_summary
201004020302,2010,新潟,2,3,2,2010-07-24,https://www.jra.go.jp/datafile/seiseki/report/2010/2niiga.pdf,official_meeting_summary
201004020303,2010,新潟,2,3,3,2010-07-24,https://www.jra.go.jp/datafile/seiseki/report/2010/2niiga.pdf,official_meeting_summary
201004020304,2010,新潟,2,3,4,2010-07-24,https://www.jra.go.jp/datafile/seiseki/report/2010/2niiga.pdf,official_meeting_summary
201004020305,2010,新潟,2,3,5,2010-07-24,https://www.jra.go.jp/datafile/seiseki/report/2010/2niiga.pdf,official_meeting_summary
201004020306,2010,新潟,2,3,6,2010-07-24,https://www.jra.go.jp/datafile/seiseki/report/2010/2niiga.pdf,official_meeting_summary
201004020307,2010,新潟,2,3,7,2010-07-24,https://www.jra.go.jp/datafile/seiseki/report/2010/2niiga.pdf,official_meeting_summary
201004020308,2010,新潟,2,3,8,2010-07-24,https://www.jra.go.jp/datafile/seiseki/report/2010/2niiga.pdf,official_meeting_summary
201004020309,2010,新潟,2,3,9,2010-07-24,https://www.jra.go.jp/datafile/seiseki/report/2010/2niiga.pdf,official_meeting_summary
201004020310,2010,新潟,2,3,10,2010-07-24,https://www.jra.go.jp/datafile/seiseki/report/2010/2niiga.pdf,official_meeting_summary
201004020311,2010,新潟,2,3,11,2010-07-24,https://www.jra.go.jp/datafile/seiseki/report/2010/2niiga.pdf,official_meeting_summary
201004020312,2010,新潟,2,3,12,2010-07-24,https://www.jra.go.jp/datafile/seiseki/report/2010/2niiga.pdf,official_meeting_summary
201004020401,2010,新潟,2,4,1,2010-07-25,https://www.jra.go.jp/datafile/seiseki/report/2010/2niiga.pdf,official_meeting_summary
201004020402,2010,新潟,2,4,2,2010-07-25,https://www.jra.go.jp/datafile/seiseki/report/2010/2niiga.pdf,official_meeting_summary
201004020403,2010,新潟,2,4,3,2010-07-25,https://www.jra.go.jp/datafile/seiseki/report/2010/2niiga.pdf,official_meeting_summary
201004020404,2010,新潟,2,4,4,2010-07-25,https://www.jra.go.jp/datafile/seiseki/report/2010/2niiga.pdf,official_meeting_summary
201004020405,2010,新潟,2,4,5,2010-07-25,https://www.jra.go.jp/datafile/seiseki/report/2010/2niiga.pdf,official_meeting_summary
201004020406,2010,新潟,2,4,6,2010-07-25,https://www.jra.go.jp/datafile/seiseki/report/2010/2niiga.pdf,official_meeting_summary
201004020407,2010,新潟,2,4,7,2010-07-25,https://www.jra.go.jp/datafile/seiseki/report/2010/2niiga.pdf,official_meeting_summary
201004020408,2010,新潟,2,4,8,2010-07-25,https://www.jra.go.jp/datafile/seiseki/report/2010/2niiga.pdf,official_meeting_summary
201004020409,2010,新潟,2,4,9,2010-07-25,https://www.jra.go.jp/datafile/seiseki/report/2010/2niiga.pdf,official_meeting_summary
201004020410,2010,新潟,2,4,10,2010-07-25,https://www.jra.go.jp/datafile/seiseki/report/2010/2niiga.pdf,official_meeting_summary
201004020411,2010,新潟,2,4,11,2010-07-25,https://www.jra.go.jp/datafile/seiseki/report/2010/2niiga.pdf,official_meeting_summary
201004020412,2010,新潟,2,4,12,2010-07-25,https://www.jra.go.jp/datafile/seiseki/report/2010/2niiga.pdf,official_meeting_summary
201004020501,2010,新潟,2,5,1,2010-07-31,https://www.jra.go.jp/datafile/seiseki/report/2010/2niiga.pdf,official_meeting_summary
201004020502,2010,新潟,2,5,2,2010-07-31,https://www.jra.go.jp/datafile/seiseki/report/2010/2niiga.pdf,official_meeting_summary
201004020503,2010,新潟,2,5,3,2010-07-31,https://www.jra.go.jp/datafile/seiseki/report/2010/2niiga.pdf,official_meeting_summary
201004020504,2010,新潟,2,5,4,2010-07-31,https://www.jra.go.jp/datafile/seiseki/report/2010/2niiga.pdf,official_meeting_summary
201004020505,2010,新潟,2,5,5,2010-07-31,https://www.jra.go.jp/datafile/seiseki/report/2010/2niiga.pdf,official_meeting_summary
201004020506,2010,新潟,2,5,6,2010-07-31,https://www.jra.go.jp/datafile/seiseki/report/2010/2niiga.pdf,official_meeting_summary
201004020507,2010,新潟,2,5,7,2010-07-31,https://www.jra.go.jp/datafile/seiseki/report/2010/2niiga.pdf,official_meeting_summary
201004020508,2010,新潟,2,5,8,2010-07-31,https://www.jra.go.jp/datafile/seiseki/report/2010/2niiga.pdf,official_meeting_summary
201004020509,2010,新潟,2,5,9,2010-07-31,https://www.jra.go.jp/datafile/seiseki/report/2010/2niiga.pdf,official_meeting_summary
201004020510,2010,新潟,2,5,10,2010-07-31,https://www.jra.go.jp/datafile/seiseki/report/2010/2niiga.pdf,official_meeting_summary
201004020511,2010,新潟,2,5,11,2010-07-31,https://www.jra.go.jp/datafile/seiseki/report/2010/2niiga.pdf,official_meeting_summary
201004020512,2010,新潟,2,5,12,2010-07-31,https://www.jra.go.jp/datafile/seiseki/report/2010/2niiga.pdf,official_meeting_summary
201004020601,2010,新潟,2,6,1,2010-08-01,https://www.jra.go.jp/datafile/seiseki/report/2010/2niiga.pdf,official_meeting_summary
201004020602,2010,新潟,2,6,2,2010-08-01,https://www.jra.go.jp/datafile/seiseki/report/2010/2niiga.pdf,official_meeting_summary
201004020603,2010,新潟,2,6,3,2010-08-01,https://www.jra.go.jp/datafile/seiseki/report/2010/2niiga.pdf,official_meeting_summary
201004020604,2010,新潟,2,6,4,2010-08-01,https://www.jra.go.jp/datafile/seiseki/report/2010/2niiga.pdf,official_meeting_summary
201004020605,2010,新潟,2,6,5,2010-08-01,https://www.jra.go.jp/datafile/seiseki/report/2010/2niiga.pdf,official_meeting_summary
201004020606,2010,新潟,2,6,6,2010-08-01,https://www.jra.go.jp/datafile/seiseki/report/2010/2niiga.pdf,official_meeting_summary
201004020607,2010,新潟,2,6,7,2010-08-01,https://www.jra.go.jp/datafile/seiseki/report/2010/2niiga.pdf,official_meeting_summary
201004020608,2010,新潟,2,6,8,2010-08-01,https://www.jra.go.jp/datafile/seiseki/report/2010/2niiga.pdf,official_meeting_summary
201004020609,2010,新潟,2,6,9,2010-08-01,https://www.jra.go.jp/datafile/seiseki/report/2010/2niiga.pdf,official_meeting_summary
201004020610,2010,新潟,2,6,10,2010-08-01,https://www.jra.go.jp/datafile/seiseki/report/2010/2niiga.pdf,official_meeting_summary
201004020611,2010,新潟,2,6,11,2010-08-01,https://www.jra.go.jp/datafile/seiseki/report/2010/2niiga.pdf,official_meeting_summary
201004020612,2010,新潟,2,6,12,2010-08-01,https://www.jra.go.jp/datafile/seiseki/report/2010/2niiga.pdf,official_meeting_summary
201004020701,2010,新潟,2,7,1,2010-08-07,https://www.jra.go.jp/datafile/seiseki/report/2010/2niiga.pdf,official_meeting_summary
201004020702,2010,新潟,2,7,2,2010-08-07,https://www.jra.go.jp/datafile/seiseki/report/2010/2niiga.pdf,official_meeting_summary
201004020703,2010,新潟,2,7,3,2010-08-07,https://www.jra.go.jp/datafile/seiseki/report/2010/2niiga.pdf,official_meeting_summary
201004020704,2010,新潟,2,7,4,2010-08-07,https://www.jra.go.jp/datafile/seiseki/report/2010/2niiga.pdf,official_meeting_summary
201004020705,2010,新潟,2,7,5,2010-08-07,https://www.jra.go.jp/datafile/seiseki/report/2010/2niiga.pdf,official_meeting_summary
201004020706,2010,新潟,2,7,6,2010-08-07,https://www.jra.go.jp/datafile/seiseki/report/2010/2niiga.pdf,official_meeting_summary
201004020707,2010,新潟,2,7,7,2010-08-07,https://www.jra.go.jp/datafile/seiseki/report/2010/2niiga.pdf,official_meeting_summary
201004020708,2010,新潟,2,7,8,2010-08-07,https://www.jra.go.jp/datafile/seiseki/report/2010/2niiga.pdf,official_meeting_summary
201004020709,2010,新潟,2,7,9,2010-08-07,https://www.jra.go.jp/datafile/seiseki/report/2010/2niiga.pdf,official_meeting_summary
201004020710,2010,新潟,2,7,10,2010-08-07,https://www.jra.go.jp/datafile/seiseki/report/2010/2niiga.pdf,official_meeting_summary
201004020711,2010,新潟,2,7,11,2010-08-07,https://www.jra.go.jp/datafile/seiseki/report/2010/2niiga.pdf,official_meeting_summary
201004020712,2010,新潟,2,7,12,2010-08-07,https://www.jra.go.jp/datafile/seiseki/report/2010/2niiga.pdf,official_meeting_summary
201004020801,2010,新潟,2,8,1,2010-08-08,https://www.jra.go.jp/datafile/seiseki/report/2010/2niiga.pdf,official_meeting_summary
201004020802,2010,新潟,2,8,2,2010-08-08,https://www.jra.go.jp/datafile/seiseki/report/2010/2niiga.pdf,official_meeting_summary
201004020803,2010,新潟,2,8,3,2010-08-08,https://www.jra.go.jp/datafile/seiseki/report/2010/2niiga.pdf,official_meeting_summary
201004020804,2010,新潟,2,8,4,2010-08-08,https://www.jra.go.jp/datafile/seiseki/report/2010/2niiga.pdf,official_meeting_summary
201004020805,2010,新潟,2,8,5,2010-08-08,https://www.jra.go.jp/datafile/seiseki/report/2010/2niiga.pdf,official_meeting_summary
201004020806,2010,新潟,2,8,6,2010-08-08,https://www.jra.go.jp/datafile/seiseki/report/2010/2niiga.pdf,official_meeting_summary
201004020807,2010,新潟,2,8,7,2010-08-08,https://www.jra.go.jp/datafile/seiseki/report/2010/2niiga.pdf,official_meeting_summary
201004020808,2010,新潟,2,8,8,2010-08-08,https://www.jra.go.jp/datafile/seiseki/report/2010/2niiga.pdf,official_meeting_summary
201004020809,2010,新潟,2,8,9,2010-08-08,https://www.jra.go.jp/datafile/seiseki/report/2010/2niiga.pdf,official_meeting_summary
201004020810,2010,新潟,2,8,10,2010-08-08,https://www.jra.go.jp/datafile/seiseki/report/2010/2niiga.pdf,official_meeting_summary
201004020811,2010,新潟,2,8,11,2010-08-08,https://www.jra.go.jp/datafile/seiseki/report/2010/2niiga.pdf,official_meeting_summary
201004020812,2010,新潟,2,8,12,2010-08-08,https://www.jra.go.jp/datafile/seiseki/report/2010/2niiga.pdf,official_meeting_summary
201004030101,2010,新潟,3,1,1,2010-08-14,https://www.jra.go.jp/datafile/seiseki/report/2010/3niiga.pdf,official_meeting_summary
201004030102,2010,新潟,3,1,2,2010-08-14,https://www.jra.go.jp/datafile/seiseki/report/2010/3niiga.pdf,official_meeting_summary
201004030103,2010,新潟,3,1,3,2010-08-14,https://www.jra.go.jp/datafile/seiseki/report/2010/3niiga.pdf,official_meeting_summary
201004030104,2010,新潟,3,1,4,2010-08-14,https://www.jra.go.jp/datafile/seiseki/report/2010/3niiga.pdf,official_meeting_summary
201004030105,2010,新潟,3,1,5,2010-08-14,https://www.jra.go.jp/datafile/seiseki/report/2010/3niiga.pdf,official_meeting_summary
201004030106,2010,新潟,3,1,6,2010-08-14,https://www.jra.go.jp/datafile/seiseki/report/2010/3niiga.pdf,official_meeting_summary
201004030107,2010,新潟,3,1,7,2010-08-14,https://www.jra.go.jp/datafile/seiseki/report/2010/3niiga.pdf,official_meeting_summary
201004030108,2010,新潟,3,1,8,2010-08-14,https://www.jra.go.jp/datafile/seiseki/report/2010/3niiga.pdf,official_meeting_summary
201004030109,2010,新潟,3,1,9,2010-08-14,https://www.jra.go.jp/datafile/seiseki/report/2010/3niiga.pdf,official_meeting_summary
201004030110,2010,新潟,3,1,10,2010-08-14,https://www.jra.go.jp/datafile/seiseki/report/2010/3niiga.pdf,official_meeting_summary
201004030111,2010,新潟,3,1,11,2010-08-14,https://www.jra.go.jp/datafile/seiseki/report/2010/3niiga.pdf,official_meeting_summary
201004030112,2010,新潟,3,1,12,2010-08-14,https://www.jra.go.jp/datafile/seiseki/report/2010/3niiga.pdf,official_meeting_summary
201004030201,2010,新潟,3,2,1,2010-08-15,https://www.jra.go.jp/datafile/seiseki/report/2010/3niiga.pdf,official_meeting_summary
201004030202,2010,新潟,3,2,2,2010-08-15,https://www.jra.go.jp/datafile/seiseki/report/2010/3niiga.pdf,official_meeting_summary
201004030203,2010,新潟,3,2,3,2010-08-15,https://www.jra.go.jp/datafile/seiseki/report/2010/3niiga.pdf,official_meeting_summary
201004030204,2010,新潟,3,2,4,2010-08-15,https://www.jra.go.jp/datafile/seiseki/report/2010/3niiga.pdf,official_meeting_summary
201004030205,2010,新潟,3,2,5,2010-08-15,https://www.jra.go.jp/datafile/seiseki/report/2010/3niiga.pdf,official_meeting_summary
201004030206,2010,新潟,3,2,6,2010-08-15,https://www.jra.go.jp/datafile/seiseki/report/2010/3niiga.pdf,official_meeting_summary
201004030207,2010,新潟,3,2,7,2010-08-15,https://www.jra.go.jp/datafile/seiseki/report/2010/3niiga.pdf,official_meeting_summary
201004030208,2010,新潟,3,2,8,2010-08-15,https://www.jra.go.jp/datafile/seiseki/report/2010/3niiga.pdf,official_meeting_summary
201004030209,2010,新潟,3,2,9,2010-08-15,https://www.jra.go.jp/datafile/seiseki/report/2010/3niiga.pdf,official_meeting_summary
201004030210,2010,新潟,3,2,10,2010-08-15,https://www.jra.go.jp/datafile/seiseki/report/2010/3niiga.pdf,official_meeting_summary
201004030211,2010,新潟,3,2,11,2010-08-15,https://www.jra.go.jp/datafile/seiseki/report/2010/3niiga.pdf,official_meeting_summary
201004030212,2010,新潟,3,2,12,2010-08-15,https://www.jra.go.jp/datafile/seiseki/report/2010/3niiga.pdf,official_meeting_summary
201004030301,2010,新潟,3,3,1,2010-08-21,https://www.jra.go.jp/datafile/seiseki/report/2010/3niiga.pdf,official_meeting_summary
201004030302,2010,新潟,3,3,2,2010-08-21,https://www.jra.go.jp/datafile/seiseki/report/2010/3niiga.pdf,official_meeting_summary
201004030303,2010,新潟,3,3,3,2010-08-21,https://www.jra.go.jp/datafile/seiseki/report/2010/3niiga.pdf,official_meeting_summary
201004030304,2010,新潟,3,3,4,2010-08-21,https://www.jra.go.jp/datafile/seiseki/report/2010/3niiga.pdf,official_meeting_summary
201004030305,2010,新潟,3,3,5,2010-08-21,https://www.jra.go.jp/datafile/seiseki/report/2010/3niiga.pdf,official_meeting_summary
201004030306,2010,新潟,3,3,6,2010-08-21,https://www.jra.go.jp/datafile/seiseki/report/2010/3niiga.pdf,official_meeting_summary
201004030307,2010,新潟,3,3,7,2010-08-21,https://www.jra.go.jp/datafile/seiseki/report/2010/3niiga.pdf,official_meeting_summary
201004030308,2010,新潟,3,3,8,2010-08-21,https://www.jra.go.jp/datafile/seiseki/report/2010/3niiga.pdf,official_meeting_summary
201004030309,2010,新潟,3,3,9,2010-08-21,https://www.jra.go.jp/datafile/seiseki/report/2010/3niiga.pdf,official_meeting_summary
201004030310,2010,新潟,3,3,10,2010-08-21,https://www.jra.go.jp/datafile/seiseki/report/2010/3niiga.pdf,official_meeting_summary
201004030311,2010,新潟,3,3,11,2010-08-21,https://www.jra.go.jp/datafile/seiseki/report/2010/3niiga.pdf,official_meeting_summary
201004030312,2010,新潟,3,3,12,2010-08-21,https://www.jra.go.jp/datafile/seiseki/report/2010/3niiga.pdf,official_meeting_summary
201004030401,2010,新潟,3,4,1,2010-08-22,https://www.jra.go.jp/datafile/seiseki/report/2010/3niiga.pdf,official_meeting_summary
201004030402,2010,新潟,3,4,2,2010-08-22,https://www.jra.go.jp/datafile/seiseki/report/2010/3niiga.pdf,official_meeting_summary
201004030403,2010,新潟,3,4,3,2010-08-22,https://www.jra.go.jp/datafile/seiseki/report/2010/3niiga.pdf,official_meeting_summary
201004030404,2010,新潟,3,4,4,2010-08-22,https://www.jra.go.jp/datafile/seiseki/report/2010/3niiga.pdf,official_meeting_summary
201004030405,2010,新潟,3,4,5,2010-08-22,https://www.jra.go.jp/datafile/seiseki/report/2010/3niiga.pdf,official_meeting_summary
201004030406,2010,新潟,3,4,6,2010-08-22,https://www.jra.go.jp/datafile/seiseki/report/2010/3niiga.pdf,official_meeting_summary
201004030407,2010,新潟,3,4,7,2010-08-22,https://www.jra.go.jp/datafile/seiseki/report/2010/3niiga.pdf,official_meeting_summary
201004030408,2010,新潟,3,4,8,2010-08-22,https://www.jra.go.jp/datafile/seiseki/report/2010/3niiga.pdf,official_meeting_summary
201004030409,2010,新潟,3,4,9,2010-08-22,https://www.jra.go.jp/datafile/seiseki/report/2010/3niiga.pdf,official_meeting_summary
201004030410,2010,新潟,3,4,10,2010-08-22,https://www.jra.go.jp/datafile/seiseki/report/2010/3niiga.pdf,official_meeting_summary
201004030411,2010,新潟,3,4,11,2010-08-22,https://www.jra.go.jp/datafile/seiseki/report/2010/3niiga.pdf,official_meeting_summary
201004030412,2010,新潟,3,4,12,2010-08-22,https://www.jra.go.jp/datafile/seiseki/report/2010/3niiga.pdf,official_meeting_summary
201004030501,2010,新潟,3,5,1,2010-08-28,https://www.jra.go.jp/datafile/seiseki/report/2010/3niiga.pdf,official_meeting_summary
201004030502,2010,新潟,3,5,2,2010-08-28,https://www.jra.go.jp/datafile/seiseki/report/2010/3niiga.pdf,official_meeting_summary
201004030503,2010,新潟,3,5,3,2010-08-28,https://www.jra.go.jp/datafile/seiseki/report/2010/3niiga.pdf,official_meeting_summary
201004030504,2010,新潟,3,5,4,2010-08-28,https://www.jra.go.jp/datafile/seiseki/report/2010/3niiga.pdf,official_meeting_summary
201004030505,2010,新潟,3,5,5,2010-08-28,https://www.jra.go.jp/datafile/seiseki/report/2010/3niiga.pdf,official_meeting_summary
201004030506,2010,新潟,3,5,6,2010-08-28,https://www.jra.go.jp/datafile/seiseki/report/2010/3niiga.pdf,official_meeting_summary
201004030507,2010,新潟,3,5,7,2010-08-28,https://www.jra.go.jp/datafile/seiseki/report/2010/3niiga.pdf,official_meeting_summary
201004030508,2010,新潟,3,5,8,2010-08-28,https://www.jra.go.jp/datafile/seiseki/report/2010/3niiga.pdf,official_meeting_summary
201004030509,2010,新潟,3,5,9,2010-08-28,https://www.jra.go.jp/datafile/seiseki/report/2010/3niiga.pdf,official_meeting_summary
201004030510,2010,新潟,3,5,10,2010-08-28,https://www.jra.go.jp/datafile/seiseki/report/2010/3niiga.pdf,official_meeting_summary
201004030511,2010,新潟,3,5,11,2010-08-28,https://www.jra.go.jp/datafile/seiseki/report/2010/3niiga.pdf,official_meeting_summary
201004030512,2010,新潟,3,5,12,2010-08-28,https://www.jra.go.jp/datafile/seiseki/report/2010/3niiga.pdf,official_meeting_summary
201004030601,2010,新潟,3,6,1,2010-08-29,https://www.jra.go.jp/datafile/seiseki/report/2010/3niiga.pdf,official_meeting_summary
201004030602,2010,新潟,3,6,2,2010-08-29,https://www.jra.go.jp/datafile/seiseki/report/2010/3niiga.pdf,official_meeting_summary
201004030603,2010,新潟,3,6,3,2010-08-29,https://www.jra.go.jp/datafile/seiseki/report/2010/3niiga.pdf,official_meeting_summary
201004030604,2010,新潟,3,6,4,2010-08-29,https://www.jra.go.jp/datafile/seiseki/report/2010/3niiga.pdf,official_meeting_summary
201004030605,2010,新潟,3,6,5,2010-08-29,https://www.jra.go.jp/datafile/seiseki/report/2010/3niiga.pdf,official_meeting_summary
201004030606,2010,新潟,3,6,6,2010-08-29,https://www.jra.go.jp/datafile/seiseki/report/2010/3niiga.pdf,official_meeting_summary
201004030607,2010,新潟,3,6,7,2010-08-29,https://www.jra.go.jp/datafile/seiseki/report/2010/3niiga.pdf,official_meeting_summary
201004030608,2010,新潟,3,6,8,2010-08-29,https://www.jra.go.jp/datafile/seiseki/report/2010/3niiga.pdf,official_meeting_summary
201004030609,2010,新潟,3,6,9,2010-08-29,https://www.jra.go.jp/datafile/seiseki/report/2010/3niiga.pdf,official_meeting_summary
201004030610,2010,新潟,3,6,10,2010-08-29,https://www.jra.go.jp/datafile/seiseki/report/2010/3niiga.pdf,official_meeting_summary
201004030611,2010,新潟,3,6,11,2010-08-29,https://www.jra.go.jp/datafile/seiseki/report/2010/3niiga.pdf,official_meeting_summary
201004030612,2010,新潟,3,6,12,2010-08-29,https://www.jra.go.jp/datafile/seiseki/report/2010/3niiga.pdf,official_meeting_summary
201004030701,2010,新潟,3,7,1,2010-09-04,https://www.jra.go.jp/datafile/seiseki/report/2010/3niiga.pdf,official_meeting_summary
201004030702,2010,新潟,3,7,2,2010-09-04,https://www.jra.go.jp/datafile/seiseki/report/2010/3niiga.pdf,official_meeting_summary
201004030703,2010,新潟,3,7,3,2010-09-04,https://www.jra.go.jp/datafile/seiseki/report/2010/3niiga.pdf,official_meeting_summary
201004030704,2010,新潟,3,7,4,2010-09-04,https://www.jra.go.jp/datafile/seiseki/report/2010/3niiga.pdf,official_meeting_summary
201004030705,2010,新潟,3,7,5,2010-09-04,https://www.jra.go.jp/datafile/seiseki/report/2010/3niiga.pdf,official_meeting_summary
201004030706,2010,新潟,3,7,6,2010-09-04,https://www.jra.go.jp/datafile/seiseki/report/2010/3niiga.pdf,official_meeting_summary
201004030707,2010,新潟,3,7,7,2010-09-04,https://www.jra.go.jp/datafile/seiseki/report/2010/3niiga.pdf,official_meeting_summary
201004030708,2010,新潟,3,7,8,2010-09-04,https://www.jra.go.jp/datafile/seiseki/report/2010/3niiga.pdf,official_meeting_summary
201004030709,2010,新潟,3,7,9,2010-09-04,https://www.jra.go.jp/datafile/seiseki/report/2010/3niiga.pdf,official_meeting_summary
201004030710,2010,新潟,3,7,10,2010-09-04,https://www.jra.go.jp/datafile/seiseki/report/2010/3niiga.pdf,official_meeting_summary
201004030711,2010,新潟,3,7,11,2010-09-04,https://www.jra.go.jp/datafile/seiseki/report/2010/3niiga.pdf,official_meeting_summary
201004030712,2010,新潟,3,7,12,2010-09-04,https://www.jra.go.jp/datafile/seiseki/report/2010/3niiga.pdf,official_meeting_summary
201004030801,2010,新潟,3,8,1,2010-09-05,https://www.jra.go.jp/datafile/seiseki/report/2010/3niiga.pdf,official_meeting_summary
201004030802,2010,新潟,3,8,2,2010-09-05,https://www.jra.go.jp/datafile/seiseki/report/2010/3niiga.pdf,official_meeting_summary
201004030803,2010,新潟,3,8,3,2010-09-05,https://www.jra.go.jp/datafile/seiseki/report/2010/3niiga.pdf,official_meeting_summary
201004030804,2010,新潟,3,8,4,2010-09-05,https://www.jra.go.jp/datafile/seiseki/report/2010/3niiga.pdf,official_meeting_summary
201004030805,2010,新潟,3,8,5,2010-09-05,https://www.jra.go.jp/datafile/seiseki/report/2010/3niiga.pdf,official_meeting_summary
201004030806,2010,新潟,3,8,6,2010-09-05,https://www.jra.go.jp/datafile/seiseki/report/2010/3niiga.pdf,official_meeting_summary
201004030807,2010,新潟,3,8,7,2010-09-05,https://www.jra.go.jp/datafile/seiseki/report/2010/3niiga.pdf,official_meeting_summary
201004030808,2010,新潟,3,8,8,2010-09-05,https://www.jra.go.jp/datafile/seiseki/report/2010/3niiga.pdf,official_meeting_summary
201004030809,2010,新潟,3,8,9,2010-09-05,https://www.jra.go.jp/datafile/seiseki/report/2010/3niiga.pdf,official_meeting_summary
201004030810,2010,新潟,3,8,10,2010-09-05,https://www.jra.go.jp/datafile/seiseki/report/2010/3niiga.pdf,official_meeting_summary
201004030811,2010,新潟,3,8,11,2010-09-05,https://www.jra.go.jp/datafile/seiseki/report/2010/3niiga.pdf,official_meeting_summary
201004030812,2010,新潟,3,8,12,2010-09-05,https://www.jra.go.jp/datafile/seiseki/report/2010/3niiga.pdf,official_meeting_summary
201005010101,2010,東京,1,1,1,2010-01-30,https://www.jra.go.jp/datafile/seiseki/report/2010/1tokyo.pdf,official_meeting_summary
201005010102,2010,東京,1,1,2,2010-01-30,https://www.jra.go.jp/datafile/seiseki/report/2010/1tokyo.pdf,official_meeting_summary
201005010103,2010,東京,1,1,3,2010-01-30,https://www.jra.go.jp/datafile/seiseki/report/2010/1tokyo.pdf,official_meeting_summary
201005010104,2010,東京,1,1,4,2010-01-30,https://www.jra.go.jp/datafile/seiseki/report/2010/1tokyo.pdf,official_meeting_summary
201005010105,2010,東京,1,1,5,2010-01-30,https://www.jra.go.jp/datafile/seiseki/report/2010/1tokyo.pdf,official_meeting_summary
201005010106,2010,東京,1,1,6,2010-01-30,https://www.jra.go.jp/datafile/seiseki/report/2010/1tokyo.pdf,official_meeting_summary
201005010107,2010,東京,1,1,7,2010-01-30,https://www.jra.go.jp/datafile/seiseki/report/2010/1tokyo.pdf,official_meeting_summary
201005010108,2010,東京,1,1,8,2010-01-30,https://www.jra.go.jp/datafile/seiseki/report/2010/1tokyo.pdf,official_meeting_summary
201005010109,2010,東京,1,1,9,2010-01-30,https://www.jra.go.jp/datafile/seiseki/report/2010/1tokyo.pdf,official_meeting_summary
201005010110,2010,東京,1,1,10,2010-01-30,https://www.jra.go.jp/datafile/seiseki/report/2010/1tokyo.pdf,official_meeting_summary
201005010111,2010,東京,1,1,11,2010-01-30,https://www.jra.go.jp/datafile/seiseki/report/2010/1tokyo.pdf,official_meeting_summary
201005010112,2010,東京,1,1,12,2010-01-30,https://www.jra.go.jp/datafile/seiseki/report/2010/1tokyo.pdf,official_meeting_summary
201005010201,2010,東京,1,2,1,2010-01-31,https://www.jra.go.jp/datafile/seiseki/report/2010/1tokyo.pdf,official_meeting_summary
201005010202,2010,東京,1,2,2,2010-01-31,https://www.jra.go.jp/datafile/seiseki/report/2010/1tokyo.pdf,official_meeting_summary
201005010203,2010,東京,1,2,3,2010-01-31,https://www.jra.go.jp/datafile/seiseki/report/2010/1tokyo.pdf,official_meeting_summary
201005010204,2010,東京,1,2,4,2010-01-31,https://www.jra.go.jp/datafile/seiseki/report/2010/1tokyo.pdf,official_meeting_summary
201005010205,2010,東京,1,2,5,2010-01-31,https://www.jra.go.jp/datafile/seiseki/report/2010/1tokyo.pdf,official_meeting_summary
201005010206,2010,東京,1,2,6,2010-01-31,https://www.jra.go.jp/datafile/seiseki/report/2010/1tokyo.pdf,official_meeting_summary
201005010207,2010,東京,1,2,7,2010-01-31,https://www.jra.go.jp/datafile/seiseki/report/2010/1tokyo.pdf,official_meeting_summary
201005010208,2010,東京,1,2,8,2010-01-31,https://www.jra.go.jp/datafile/seiseki/report/2010/1tokyo.pdf,official_meeting_summary
201005010209,2010,東京,1,2,9,2010-01-31,https://www.jra.go.jp/datafile/seiseki/report/2010/1tokyo.pdf,official_meeting_summary
201005010210,2010,東京,1,2,10,2010-01-31,https://www.jra.go.jp/datafile/seiseki/report/2010/1tokyo.pdf,official_meeting_summary
201005010211,2010,東京,1,2,11,2010-01-31,https://www.jra.go.jp/datafile/seiseki/report/2010/1tokyo.pdf,official_meeting_summary
201005010212,2010,東京,1,2,12,2010-01-31,https://www.jra.go.jp/datafile/seiseki/report/2010/1tokyo.pdf,official_meeting_summary
201005010301,2010,東京,1,3,1,2010-02-06,https://www.jra.go.jp/datafile/seiseki/report/2010/1tokyo.pdf,official_meeting_summary
201005010302,2010,東京,1,3,2,2010-02-06,https://www.jra.go.jp/datafile/seiseki/report/2010/1tokyo.pdf,official_meeting_summary
201005010303,2010,東京,1,3,3,2010-02-06,https://www.jra.go.jp/datafile/seiseki/report/2010/1tokyo.pdf,official_meeting_summary
201005010304,2010,東京,1,3,4,2010-02-06,https://www.jra.go.jp/datafile/seiseki/report/2010/1tokyo.pdf,official_meeting_summary
201005010305,2010,東京,1,3,5,2010-02-06,https://www.jra.go.jp/datafile/seiseki/report/2010/1tokyo.pdf,official_meeting_summary
201005010306,2010,東京,1,3,6,2010-02-06,https://www.jra.go.jp/datafile/seiseki/report/2010/1tokyo.pdf,official_meeting_summary
201005010307,2010,東京,1,3,7,2010-02-06,https://www.jra.go.jp/datafile/seiseki/report/2010/1tokyo.pdf,official_meeting_summary
201005010308,2010,東京,1,3,8,2010-02-06,https://www.jra.go.jp/datafile/seiseki/report/2010/1tokyo.pdf,official_meeting_summary
201005010309,2010,東京,1,3,9,2010-02-06,https://www.jra.go.jp/datafile/seiseki/report/2010/1tokyo.pdf,official_meeting_summary
201005010310,2010,東京,1,3,10,2010-02-06,https://www.jra.go.jp/datafile/seiseki/report/2010/1tokyo.pdf,official_meeting_summary
201005010311,2010,東京,1,3,11,2010-02-06,https://www.jra.go.jp/datafile/seiseki/report/2010/1tokyo.pdf,official_meeting_summary
201005010312,2010,東京,1,3,12,2010-02-06,https://www.jra.go.jp/datafile/seiseki/report/2010/1tokyo.pdf,official_meeting_summary
201005010401,2010,東京,1,4,1,2010-02-07,https://www.jra.go.jp/datafile/seiseki/report/2010/1tokyo.pdf,official_meeting_summary
201005010402,2010,東京,1,4,2,2010-02-07,https://www.jra.go.jp/datafile/seiseki/report/2010/1tokyo.pdf,official_meeting_summary
201005010403,2010,東京,1,4,3,2010-02-07,https://www.jra.go.jp/datafile/seiseki/report/2010/1tokyo.pdf,official_meeting_summary
201005010404,2010,東京,1,4,4,2010-02-07,https://www.jra.go.jp/datafile/seiseki/report/2010/1tokyo.pdf,official_meeting_summary
201005010405,2010,東京,1,4,5,2010-02-07,https://www.jra.go.jp/datafile/seiseki/report/2010/1tokyo.pdf,official_meeting_summary
201005010406,2010,東京,1,4,6,2010-02-07,https://www.jra.go.jp/datafile/seiseki/report/2010/1tokyo.pdf,official_meeting_summary
201005010407,2010,東京,1,4,7,2010-02-07,https://www.jra.go.jp/datafile/seiseki/report/2010/1tokyo.pdf,official_meeting_summary
201005010408,2010,東京,1,4,8,2010-02-07,https://www.jra.go.jp/datafile/seiseki/report/2010/1tokyo.pdf,official_meeting_summary
201005010409,2010,東京,1,4,9,2010-02-07,https://www.jra.go.jp/datafile/seiseki/report/2010/1tokyo.pdf,official_meeting_summary
201005010410,2010,東京,1,4,10,2010-02-07,https://www.jra.go.jp/datafile/seiseki/report/2010/1tokyo.pdf,official_meeting_summary
201005010411,2010,東京,1,4,11,2010-02-07,https://www.jra.go.jp/datafile/seiseki/report/2010/1tokyo.pdf,official_meeting_summary
201005010412,2010,東京,1,4,12,2010-02-07,https://www.jra.go.jp/datafile/seiseki/report/2010/1tokyo.pdf,official_meeting_summary
201005010501,2010,東京,1,5,1,2010-02-13,https://www.jra.go.jp/datafile/seiseki/report/2010/1tokyo.pdf,official_meeting_summary
201005010502,2010,東京,1,5,2,2010-02-13,https://www.jra.go.jp/datafile/seiseki/report/2010/1tokyo.pdf,official_meeting_summary
201005010503,2010,東京,1,5,3,2010-02-13,https://www.jra.go.jp/datafile/seiseki/report/2010/1tokyo.pdf,official_meeting_summary
201005010504,2010,東京,1,5,4,2010-02-13,https://www.jra.go.jp/datafile/seiseki/report/2010/1tokyo.pdf,official_meeting_summary
201005010505,2010,東京,1,5,5,2010-02-13,https://www.jra.go.jp/datafile/seiseki/report/2010/1tokyo.pdf,official_meeting_summary
201005010506,2010,東京,1,5,6,2010-02-13,https://www.jra.go.jp/datafile/seiseki/report/2010/1tokyo.pdf,official_meeting_summary
201005010507,2010,東京,1,5,7,2010-02-13,https://www.jra.go.jp/datafile/seiseki/report/2010/1tokyo.pdf,official_meeting_summary
201005010508,2010,東京,1,5,8,2010-02-13,https://www.jra.go.jp/datafile/seiseki/report/2010/1tokyo.pdf,official_meeting_summary
201005010509,2010,東京,1,5,9,2010-02-13,https://www.jra.go.jp/datafile/seiseki/report/2010/1tokyo.pdf,official_meeting_summary
201005010510,2010,東京,1,5,10,2010-02-13,https://www.jra.go.jp/datafile/seiseki/report/2010/1tokyo.pdf,official_meeting_summary
201005010511,2010,東京,1,5,11,2010-02-13,https://www.jra.go.jp/datafile/seiseki/report/2010/1tokyo.pdf,official_meeting_summary
201005010512,2010,東京,1,5,12,2010-02-13,https://www.jra.go.jp/datafile/seiseki/report/2010/1tokyo.pdf,official_meeting_summary
201005010601,2010,東京,1,6,1,2010-02-14,https://www.jra.go.jp/datafile/seiseki/report/2010/1tokyo.pdf,official_meeting_summary
201005010602,2010,東京,1,6,2,2010-02-14,https://www.jra.go.jp/datafile/seiseki/report/2010/1tokyo.pdf,official_meeting_summary
201005010603,2010,東京,1,6,3,2010-02-14,https://www.jra.go.jp/datafile/seiseki/report/2010/1tokyo.pdf,official_meeting_summary
201005010604,2010,東京,1,6,4,2010-02-14,https://www.jra.go.jp/datafile/seiseki/report/2010/1tokyo.pdf,official_meeting_summary
201005010605,2010,東京,1,6,5,2010-02-14,https://www.jra.go.jp/datafile/seiseki/report/2010/1tokyo.pdf,official_meeting_summary
201005010606,2010,東京,1,6,6,2010-02-14,https://www.jra.go.jp/datafile/seiseki/report/2010/1tokyo.pdf,official_meeting_summary
201005010607,2010,東京,1,6,7,2010-02-14,https://www.jra.go.jp/datafile/seiseki/report/2010/1tokyo.pdf,official_meeting_summary
201005010608,2010,東京,1,6,8,2010-02-14,https://www.jra.go.jp/datafile/seiseki/report/2010/1tokyo.pdf,official_meeting_summary
201005010609,2010,東京,1,6,9,2010-02-14,https://www.jra.go.jp/datafile/seiseki/report/2010/1tokyo.pdf,official_meeting_summary
201005010610,2010,東京,1,6,10,2010-02-14,https://www.jra.go.jp/datafile/seiseki/report/2010/1tokyo.pdf,official_meeting_summary
201005010611,2010,東京,1,6,11,2010-02-14,https://www.jra.go.jp/datafile/seiseki/report/2010/1tokyo.pdf,official_meeting_summary
201005010612,2010,東京,1,6,12,2010-02-14,https://www.jra.go.jp/datafile/seiseki/report/2010/1tokyo.pdf,official_meeting_summary
201005010701,2010,東京,1,7,1,2010-02-20,https://www.jra.go.jp/datafile/seiseki/report/2010/1tokyo.pdf,official_meeting_summary
201005010702,2010,東京,1,7,2,2010-02-20,https://www.jra.go.jp/datafile/seiseki/report/2010/1tokyo.pdf,official_meeting_summary
201005010703,2010,東京,1,7,3,2010-02-20,https://www.jra.go.jp/datafile/seiseki/report/2010/1tokyo.pdf,official_meeting_summary
201005010704,2010,東京,1,7,4,2010-02-20,https://www.jra.go.jp/datafile/seiseki/report/2010/1tokyo.pdf,official_meeting_summary
201005010705,2010,東京,1,7,5,2010-02-20,https://www.jra.go.jp/datafile/seiseki/report/2010/1tokyo.pdf,official_meeting_summary
201005010706,2010,東京,1,7,6,2010-02-20,https://www.jra.go.jp/datafile/seiseki/report/2010/1tokyo.pdf,official_meeting_summary
201005010707,2010,東京,1,7,7,2010-02-20,https://www.jra.go.jp/datafile/seiseki/report/2010/1tokyo.pdf,official_meeting_summary
201005010708,2010,東京,1,7,8,2010-02-20,https://www.jra.go.jp/datafile/seiseki/report/2010/1tokyo.pdf,official_meeting_summary
201005010709,2010,東京,1,7,9,2010-02-20,https://www.jra.go.jp/datafile/seiseki/report/2010/1tokyo.pdf,official_meeting_summary
201005010710,2010,東京,1,7,10,2010-02-20,https://www.jra.go.jp/datafile/seiseki/report/2010/1tokyo.pdf,official_meeting_summary
201005010711,2010,東京,1,7,11,2010-02-20,https://www.jra.go.jp/datafile/seiseki/report/2010/1tokyo.pdf,official_meeting_summary
201005010712,2010,東京,1,7,12,2010-02-20,https://www.jra.go.jp/datafile/seiseki/report/2010/1tokyo.pdf,official_meeting_summary
201005010801,2010,東京,1,8,1,2010-02-21,https://www.jra.go.jp/datafile/seiseki/report/2010/1tokyo.pdf,official_meeting_summary
201005010802,2010,東京,1,8,2,2010-02-21,https://www.jra.go.jp/datafile/seiseki/report/2010/1tokyo.pdf,official_meeting_summary
201005010803,2010,東京,1,8,3,2010-02-21,https://www.jra.go.jp/datafile/seiseki/report/2010/1tokyo.pdf,official_meeting_summary
201005010804,2010,東京,1,8,4,2010-02-21,https://www.jra.go.jp/datafile/seiseki/report/2010/1tokyo.pdf,official_meeting_summary
201005010805,2010,東京,1,8,5,2010-02-21,https://www.jra.go.jp/datafile/seiseki/report/2010/1tokyo.pdf,official_meeting_summary
201005010806,2010,東京,1,8,6,2010-02-21,https://www.jra.go.jp/datafile/seiseki/report/2010/1tokyo.pdf,official_meeting_summary
201005010807,2010,東京,1,8,7,2010-02-21,https://www.jra.go.jp/datafile/seiseki/report/2010/1tokyo.pdf,official_meeting_summary
201005010808,2010,東京,1,8,8,2010-02-21,https://www.jra.go.jp/datafile/seiseki/report/2010/1tokyo.pdf,official_meeting_summary
201005010809,2010,東京,1,8,9,2010-02-21,https://www.jra.go.jp/datafile/seiseki/report/2010/1tokyo.pdf,official_meeting_summary
201005010810,2010,東京,1,8,10,2010-02-21,https://www.jra.go.jp/datafile/seiseki/report/2010/1tokyo.pdf,official_meeting_summary
201005010811,2010,東京,1,8,11,2010-02-21,https://www.jra.go.jp/datafile/seiseki/report/2010/1tokyo.pdf,official_meeting_summary
201005010812,2010,東京,1,8,12,2010-02-21,https://www.jra.go.jp/datafile/seiseki/report/2010/1tokyo.pdf,official_meeting_summary
201005020101,2010,東京,2,1,1,2010-04-24,https://www.jra.go.jp/datafile/seiseki/report/2010/2tokyo.pdf,official_meeting_summary
201005020102,2010,東京,2,1,2,2010-04-24,https://www.jra.go.jp/datafile/seiseki/report/2010/2tokyo.pdf,official_meeting_summary
201005020103,2010,東京,2,1,3,2010-04-24,https://www.jra.go.jp/datafile/seiseki/report/2010/2tokyo.pdf,official_meeting_summary
201005020104,2010,東京,2,1,4,2010-04-24,https://www.jra.go.jp/datafile/seiseki/report/2010/2tokyo.pdf,official_meeting_summary
201005020105,2010,東京,2,1,5,2010-04-24,https://www.jra.go.jp/datafile/seiseki/report/2010/2tokyo.pdf,official_meeting_summary
201005020106,2010,東京,2,1,6,2010-04-24,https://www.jra.go.jp/datafile/seiseki/report/2010/2tokyo.pdf,official_meeting_summary
201005020107,2010,東京,2,1,7,2010-04-24,https://www.jra.go.jp/datafile/seiseki/report/2010/2tokyo.pdf,official_meeting_summary
201005020108,2010,東京,2,1,8,2010-04-24,https://www.jra.go.jp/datafile/seiseki/report/2010/2tokyo.pdf,official_meeting_summary
201005020109,2010,東京,2,1,9,2010-04-24,https://www.jra.go.jp/datafile/seiseki/report/2010/2tokyo.pdf,official_meeting_summary
201005020110,2010,東京,2,1,10,2010-04-24,https://www.jra.go.jp/datafile/seiseki/report/2010/2tokyo.pdf,official_meeting_summary
201005020111,2010,東京,2,1,11,2010-04-24,https://www.jra.go.jp/datafile/seiseki/report/2010/2tokyo.pdf,official_meeting_summary
201005020112,2010,東京,2,1,12,2010-04-24,https://www.jra.go.jp/datafile/seiseki/report/2010/2tokyo.pdf,official_meeting_summary
201005020201,2010,東京,2,2,1,2010-04-25,https://www.jra.go.jp/datafile/seiseki/report/2010/2tokyo.pdf,official_meeting_summary
201005020202,2010,東京,2,2,2,2010-04-25,https://www.jra.go.jp/datafile/seiseki/report/2010/2tokyo.pdf,official_meeting_summary
201005020203,2010,東京,2,2,3,2010-04-25,https://www.jra.go.jp/datafile/seiseki/report/2010/2tokyo.pdf,official_meeting_summary
201005020204,2010,東京,2,2,4,2010-04-25,https://www.jra.go.jp/datafile/seiseki/report/2010/2tokyo.pdf,official_meeting_summary
201005020205,2010,東京,2,2,5,2010-04-25,https://www.jra.go.jp/datafile/seiseki/report/2010/2tokyo.pdf,official_meeting_summary
201005020206,2010,東京,2,2,6,2010-04-25,https://www.jra.go.jp/datafile/seiseki/report/2010/2tokyo.pdf,official_meeting_summary
201005020207,2010,東京,2,2,7,2010-04-25,https://www.jra.go.jp/datafile/seiseki/report/2010/2tokyo.pdf,official_meeting_summary
201005020208,2010,東京,2,2,8,2010-04-25,https://www.jra.go.jp/datafile/seiseki/report/2010/2tokyo.pdf,official_meeting_summary
201005020209,2010,東京,2,2,9,2010-04-25,https://www.jra.go.jp/datafile/seiseki/report/2010/2tokyo.pdf,official_meeting_summary
201005020210,2010,東京,2,2,10,2010-04-25,https://www.jra.go.jp/datafile/seiseki/report/2010/2tokyo.pdf,official_meeting_summary
201005020211,2010,東京,2,2,11,2010-04-25,https://www.jra.go.jp/datafile/seiseki/report/2010/2tokyo.pdf,official_meeting_summary
201005020212,2010,東京,2,2,12,2010-04-25,https://www.jra.go.jp/datafile/seiseki/report/2010/2tokyo.pdf,official_meeting_summary
201005020301,2010,東京,2,3,1,2010-05-01,https://www.jra.go.jp/datafile/seiseki/report/2010/2tokyo.pdf,official_meeting_summary
201005020302,2010,東京,2,3,2,2010-05-01,https://www.jra.go.jp/datafile/seiseki/report/2010/2tokyo.pdf,official_meeting_summary
201005020303,2010,東京,2,3,3,2010-05-01,https://www.jra.go.jp/datafile/seiseki/report/2010/2tokyo.pdf,official_meeting_summary
201005020304,2010,東京,2,3,4,2010-05-01,https://www.jra.go.jp/datafile/seiseki/report/2010/2tokyo.pdf,official_meeting_summary
201005020305,2010,東京,2,3,5,2010-05-01,https://www.jra.go.jp/datafile/seiseki/report/2010/2tokyo.pdf,official_meeting_summary
201005020306,2010,東京,2,3,6,2010-05-01,https://www.jra.go.jp/datafile/seiseki/report/2010/2tokyo.pdf,official_meeting_summary
201005020307,2010,東京,2,3,7,2010-05-01,https://www.jra.go.jp/datafile/seiseki/report/2010/2tokyo.pdf,official_meeting_summary
201005020308,2010,東京,2,3,8,2010-05-01,https://www.jra.go.jp/datafile/seiseki/report/2010/2tokyo.pdf,official_meeting_summary
201005020309,2010,東京,2,3,9,2010-05-01,https://www.jra.go.jp/datafile/seiseki/report/2010/2tokyo.pdf,official_meeting_summary
201005020310,2010,東京,2,3,10,2010-05-01,https://www.jra.go.jp/datafile/seiseki/report/2010/2tokyo.pdf,official_meeting_summary
201005020311,2010,東京,2,3,11,2010-05-01,https://www.jra.go.jp/datafile/seiseki/report/2010/2tokyo.pdf,official_meeting_summary
201005020312,2010,東京,2,3,12,2010-05-01,https://www.jra.go.jp/datafile/seiseki/report/2010/2tokyo.pdf,official_meeting_summary
201005020401,2010,東京,2,4,1,2010-05-02,https://www.jra.go.jp/datafile/seiseki/report/2010/2tokyo.pdf,official_meeting_summary
201005020402,2010,東京,2,4,2,2010-05-02,https://www.jra.go.jp/datafile/seiseki/report/2010/2tokyo.pdf,official_meeting_summary
201005020403,2010,東京,2,4,3,2010-05-02,https://www.jra.go.jp/datafile/seiseki/report/2010/2tokyo.pdf,official_meeting_summary
201005020404,2010,東京,2,4,4,2010-05-02,https://www.jra.go.jp/datafile/seiseki/report/2010/2tokyo.pdf,official_meeting_summary
201005020405,2010,東京,2,4,5,2010-05-02,https://www.jra.go.jp/datafile/seiseki/report/2010/2tokyo.pdf,official_meeting_summary
201005020406,2010,東京,2,4,6,2010-05-02,https://www.jra.go.jp/datafile/seiseki/report/2010/2tokyo.pdf,official_meeting_summary
201005020407,2010,東京,2,4,7,2010-05-02,https://www.jra.go.jp/datafile/seiseki/report/2010/2tokyo.pdf,official_meeting_summary
201005020408,2010,東京,2,4,8,2010-05-02,https://www.jra.go.jp/datafile/seiseki/report/2010/2tokyo.pdf,official_meeting_summary
201005020409,2010,東京,2,4,9,2010-05-02,https://www.jra.go.jp/datafile/seiseki/report/2010/2tokyo.pdf,official_meeting_summary
201005020410,2010,東京,2,4,10,2010-05-02,https://www.jra.go.jp/datafile/seiseki/report/2010/2tokyo.pdf,official_meeting_summary
201005020411,2010,東京,2,4,11,2010-05-02,https://www.jra.go.jp/datafile/seiseki/report/2010/2tokyo.pdf,official_meeting_summary
201005020412,2010,東京,2,4,12,2010-05-02,https://www.jra.go.jp/datafile/seiseki/report/2010/2tokyo.pdf,official_meeting_summary
201005020501,2010,東京,2,5,1,2010-05-08,https://www.jra.go.jp/datafile/seiseki/report/2010/2tokyo.pdf,official_meeting_summary
201005020502,2010,東京,2,5,2,2010-05-08,https://www.jra.go.jp/datafile/seiseki/report/2010/2tokyo.pdf,official_meeting_summary
201005020503,2010,東京,2,5,3,2010-05-08,https://www.jra.go.jp/datafile/seiseki/report/2010/2tokyo.pdf,official_meeting_summary
201005020504,2010,東京,2,5,4,2010-05-08,https://www.jra.go.jp/datafile/seiseki/report/2010/2tokyo.pdf,official_meeting_summary
201005020505,2010,東京,2,5,5,2010-05-08,https://www.jra.go.jp/datafile/seiseki/report/2010/2tokyo.pdf,official_meeting_summary
201005020506,2010,東京,2,5,6,2010-05-08,https://www.jra.go.jp/datafile/seiseki/report/2010/2tokyo.pdf,official_meeting_summary
201005020507,2010,東京,2,5,7,2010-05-08,https://www.jra.go.jp/datafile/seiseki/report/2010/2tokyo.pdf,official_meeting_summary
201005020508,2010,東京,2,5,8,2010-05-08,https://www.jra.go.jp/datafile/seiseki/report/2010/2tokyo.pdf,official_meeting_summary
201005020509,2010,東京,2,5,9,2010-05-08,https://www.jra.go.jp/datafile/seiseki/report/2010/2tokyo.pdf,official_meeting_summary
201005020510,2010,東京,2,5,10,2010-05-08,https://www.jra.go.jp/datafile/seiseki/report/2010/2tokyo.pdf,official_meeting_summary
201005020511,2010,東京,2,5,11,2010-05-08,https://www.jra.go.jp/datafile/seiseki/report/2010/2tokyo.pdf,official_meeting_summary
201005020512,2010,東京,2,5,12,2010-05-08,https://www.jra.go.jp/datafile/seiseki/report/2010/2tokyo.pdf,official_meeting_summary
201005020601,2010,東京,2,6,1,2010-05-09,https://www.jra.go.jp/datafile/seiseki/report/2010/2tokyo.pdf,official_meeting_summary
201005020602,2010,東京,2,6,2,2010-05-09,https://www.jra.go.jp/datafile/seiseki/report/2010/2tokyo.pdf,official_meeting_summary
201005020603,2010,東京,2,6,3,2010-05-09,https://www.jra.go.jp/datafile/seiseki/report/2010/2tokyo.pdf,official_meeting_summary
201005020604,2010,東京,2,6,4,2010-05-09,https://www.jra.go.jp/datafile/seiseki/report/2010/2tokyo.pdf,official_meeting_summary
201005020605,2010,東京,2,6,5,2010-05-09,https://www.jra.go.jp/datafile/seiseki/report/2010/2tokyo.pdf,official_meeting_summary
201005020606,2010,東京,2,6,6,2010-05-09,https://www.jra.go.jp/datafile/seiseki/report/2010/2tokyo.pdf,official_meeting_summary
201005020607,2010,東京,2,6,7,2010-05-09,https://www.jra.go.jp/datafile/seiseki/report/2010/2tokyo.pdf,official_meeting_summary
201005020608,2010,東京,2,6,8,2010-05-09,https://www.jra.go.jp/datafile/seiseki/report/2010/2tokyo.pdf,official_meeting_summary
201005020609,2010,東京,2,6,9,2010-05-09,https://www.jra.go.jp/datafile/seiseki/report/2010/2tokyo.pdf,official_meeting_summary
201005020610,2010,東京,2,6,10,2010-05-09,https://www.jra.go.jp/datafile/seiseki/report/2010/2tokyo.pdf,official_meeting_summary
201005020611,2010,東京,2,6,11,2010-05-09,https://www.jra.go.jp/datafile/seiseki/report/2010/2tokyo.pdf,official_meeting_summary
201005020612,2010,東京,2,6,12,2010-05-09,https://www.jra.go.jp/datafile/seiseki/report/2010/2tokyo.pdf,official_meeting_summary
201005020701,2010,東京,2,7,1,2010-05-15,https://www.jra.go.jp/datafile/seiseki/report/2010/2tokyo.pdf,official_meeting_summary
201005020702,2010,東京,2,7,2,2010-05-15,https://www.jra.go.jp/datafile/seiseki/report/2010/2tokyo.pdf,official_meeting_summary
201005020703,2010,東京,2,7,3,2010-05-15,https://www.jra.go.jp/datafile/seiseki/report/2010/2tokyo.pdf,official_meeting_summary
201005020704,2010,東京,2,7,4,2010-05-15,https://www.jra.go.jp/datafile/seiseki/report/2010/2tokyo.pdf,official_meeting_summary
201005020705,2010,東京,2,7,5,2010-05-15,https://www.jra.go.jp/datafile/seiseki/report/2010/2tokyo.pdf,official_meeting_summary
201005020706,2010,東京,2,7,6,2010-05-15,https://www.jra.go.jp/datafile/seiseki/report/2010/2tokyo.pdf,official_meeting_summary
201005020707,2010,東京,2,7,7,2010-05-15,https://www.jra.go.jp/datafile/seiseki/report/2010/2tokyo.pdf,official_meeting_summary
201005020708,2010,東京,2,7,8,2010-05-15,https://www.jra.go.jp/datafile/seiseki/report/2010/2tokyo.pdf,official_meeting_summary
201005020709,2010,東京,2,7,9,2010-05-15,https://www.jra.go.jp/datafile/seiseki/report/2010/2tokyo.pdf,official_meeting_summary
201005020710,2010,東京,2,7,10,2010-05-15,https://www.jra.go.jp/datafile/seiseki/report/2010/2tokyo.pdf,official_meeting_summary
201005020711,2010,東京,2,7,11,2010-05-15,https://www.jra.go.jp/datafile/seiseki/report/2010/2tokyo.pdf,official_meeting_summary
201005020712,2010,東京,2,7,12,2010-05-15,https://www.jra.go.jp/datafile/seiseki/report/2010/2tokyo.pdf,official_meeting_summary
201005020801,2010,東京,2,8,1,2010-05-16,https://www.jra.go.jp/datafile/seiseki/report/2010/2tokyo.pdf,official_meeting_summary
201005020802,2010,東京,2,8,2,2010-05-16,https://www.jra.go.jp/datafile/seiseki/report/2010/2tokyo.pdf,official_meeting_summary
201005020803,2010,東京,2,8,3,2010-05-16,https://www.jra.go.jp/datafile/seiseki/report/2010/2tokyo.pdf,official_meeting_summary
201005020804,2010,東京,2,8,4,2010-05-16,https://www.jra.go.jp/datafile/seiseki/report/2010/2tokyo.pdf,official_meeting_summary
201005020805,2010,東京,2,8,5,2010-05-16,https://www.jra.go.jp/datafile/seiseki/report/2010/2tokyo.pdf,official_meeting_summary
201005020806,2010,東京,2,8,6,2010-05-16,https://www.jra.go.jp/datafile/seiseki/report/2010/2tokyo.pdf,official_meeting_summary
201005020807,2010,東京,2,8,7,2010-05-16,https://www.jra.go.jp/datafile/seiseki/report/2010/2tokyo.pdf,official_meeting_summary
201005020808,2010,東京,2,8,8,2010-05-16,https://www.jra.go.jp/datafile/seiseki/report/2010/2tokyo.pdf,official_meeting_summary
201005020809,2010,東京,2,8,9,2010-05-16,https://www.jra.go.jp/datafile/seiseki/report/2010/2tokyo.pdf,official_meeting_summary
201005020810,2010,東京,2,8,10,2010-05-16,https://www.jra.go.jp/datafile/seiseki/report/2010/2tokyo.pdf,official_meeting_summary
201005020811,2010,東京,2,8,11,2010-05-16,https://www.jra.go.jp/datafile/seiseki/report/2010/2tokyo.pdf,official_meeting_summary
201005020812,2010,東京,2,8,12,2010-05-16,https://www.jra.go.jp/datafile/seiseki/report/2010/2tokyo.pdf,official_meeting_summary
201005030101,2010,東京,3,1,1,2010-05-22,https://www.jra.go.jp/datafile/seiseki/report/2010/3tokyo.pdf,official_meeting_summary
201005030102,2010,東京,3,1,2,2010-05-22,https://www.jra.go.jp/datafile/seiseki/report/2010/3tokyo.pdf,official_meeting_summary
201005030103,2010,東京,3,1,3,2010-05-22,https://www.jra.go.jp/datafile/seiseki/report/2010/3tokyo.pdf,official_meeting_summary
201005030104,2010,東京,3,1,4,2010-05-22,https://www.jra.go.jp/datafile/seiseki/report/2010/3tokyo.pdf,official_meeting_summary
201005030105,2010,東京,3,1,5,2010-05-22,https://www.jra.go.jp/datafile/seiseki/report/2010/3tokyo.pdf,official_meeting_summary
201005030106,2010,東京,3,1,6,2010-05-22,https://www.jra.go.jp/datafile/seiseki/report/2010/3tokyo.pdf,official_meeting_summary
201005030107,2010,東京,3,1,7,2010-05-22,https://www.jra.go.jp/datafile/seiseki/report/2010/3tokyo.pdf,official_meeting_summary
201005030108,2010,東京,3,1,8,2010-05-22,https://www.jra.go.jp/datafile/seiseki/report/2010/3tokyo.pdf,official_meeting_summary
201005030109,2010,東京,3,1,9,2010-05-22,https://www.jra.go.jp/datafile/seiseki/report/2010/3tokyo.pdf,official_meeting_summary
201005030110,2010,東京,3,1,10,2010-05-22,https://www.jra.go.jp/datafile/seiseki/report/2010/3tokyo.pdf,official_meeting_summary
201005030111,2010,東京,3,1,11,2010-05-22,https://www.jra.go.jp/datafile/seiseki/report/2010/3tokyo.pdf,official_meeting_summary
201005030112,2010,東京,3,1,12,2010-05-22,https://www.jra.go.jp/datafile/seiseki/report/2010/3tokyo.pdf,official_meeting_summary
201005030201,2010,東京,3,2,1,2010-05-23,https://www.jra.go.jp/datafile/seiseki/report/2010/3tokyo.pdf,official_meeting_summary
201005030202,2010,東京,3,2,2,2010-05-23,https://www.jra.go.jp/datafile/seiseki/report/2010/3tokyo.pdf,official_meeting_summary
201005030203,2010,東京,3,2,3,2010-05-23,https://www.jra.go.jp/datafile/seiseki/report/2010/3tokyo.pdf,official_meeting_summary
201005030204,2010,東京,3,2,4,2010-05-23,https://www.jra.go.jp/datafile/seiseki/report/2010/3tokyo.pdf,official_meeting_summary
201005030205,2010,東京,3,2,5,2010-05-23,https://www.jra.go.jp/datafile/seiseki/report/2010/3tokyo.pdf,official_meeting_summary
201005030206,2010,東京,3,2,6,2010-05-23,https://www.jra.go.jp/datafile/seiseki/report/2010/3tokyo.pdf,official_meeting_summary
201005030207,2010,東京,3,2,7,2010-05-23,https://www.jra.go.jp/datafile/seiseki/report/2010/3tokyo.pdf,official_meeting_summary
201005030208,2010,東京,3,2,8,2010-05-23,https://www.jra.go.jp/datafile/seiseki/report/2010/3tokyo.pdf,official_meeting_summary
201005030209,2010,東京,3,2,9,2010-05-23,https://www.jra.go.jp/datafile/seiseki/report/2010/3tokyo.pdf,official_meeting_summary
201005030210,2010,東京,3,2,10,2010-05-23,https://www.jra.go.jp/datafile/seiseki/report/2010/3tokyo.pdf,official_meeting_summary
201005030211,2010,東京,3,2,11,2010-05-23,https://www.jra.go.jp/datafile/seiseki/report/2010/3tokyo.pdf,official_meeting_summary
201005030212,2010,東京,3,2,12,2010-05-23,https://www.jra.go.jp/datafile/seiseki/report/2010/3tokyo.pdf,official_meeting_summary
201005030301,2010,東京,3,3,1,2010-05-29,https://www.jra.go.jp/datafile/seiseki/report/2010/3tokyo.pdf,official_meeting_summary
201005030302,2010,東京,3,3,2,2010-05-29,https://www.jra.go.jp/datafile/seiseki/report/2010/3tokyo.pdf,official_meeting_summary
201005030303,2010,東京,3,3,3,2010-05-29,https://www.jra.go.jp/datafile/seiseki/report/2010/3tokyo.pdf,official_meeting_summary
201005030304,2010,東京,3,3,4,2010-05-29,https://www.jra.go.jp/datafile/seiseki/report/2010/3tokyo.pdf,official_meeting_summary
201005030305,2010,東京,3,3,5,2010-05-29,https://www.jra.go.jp/datafile/seiseki/report/2010/3tokyo.pdf,official_meeting_summary
201005030306,2010,東京,3,3,6,2010-05-29,https://www.jra.go.jp/datafile/seiseki/report/2010/3tokyo.pdf,official_meeting_summary
201005030307,2010,東京,3,3,7,2010-05-29,https://www.jra.go.jp/datafile/seiseki/report/2010/3tokyo.pdf,official_meeting_summary
201005030308,2010,東京,3,3,8,2010-05-29,https://www.jra.go.jp/datafile/seiseki/report/2010/3tokyo.pdf,official_meeting_summary
201005030309,2010,東京,3,3,9,2010-05-29,https://www.jra.go.jp/datafile/seiseki/report/2010/3tokyo.pdf,official_meeting_summary
201005030310,2010,東京,3,3,10,2010-05-29,https://www.jra.go.jp/datafile/seiseki/report/2010/3tokyo.pdf,official_meeting_summary
201005030311,2010,東京,3,3,11,2010-05-29,https://www.jra.go.jp/datafile/seiseki/report/2010/3tokyo.pdf,official_meeting_summary
201005030312,2010,東京,3,3,12,2010-05-29,https://www.jra.go.jp/datafile/seiseki/report/2010/3tokyo.pdf,official_meeting_summary
201005030401,2010,東京,3,4,1,2010-05-30,https://www.jra.go.jp/datafile/seiseki/report/2010/3tokyo.pdf,official_meeting_summary
201005030402,2010,東京,3,4,2,2010-05-30,https://www.jra.go.jp/datafile/seiseki/report/2010/3tokyo.pdf,official_meeting_summary
201005030403,2010,東京,3,4,3,2010-05-30,https://www.jra.go.jp/datafile/seiseki/report/2010/3tokyo.pdf,official_meeting_summary
201005030404,2010,東京,3,4,4,2010-05-30,https://www.jra.go.jp/datafile/seiseki/report/2010/3tokyo.pdf,official_meeting_summary
201005030405,2010,東京,3,4,5,2010-05-30,https://www.jra.go.jp/datafile/seiseki/report/2010/3tokyo.pdf,official_meeting_summary
201005030406,2010,東京,3,4,6,2010-05-30,https://www.jra.go.jp/datafile/seiseki/report/2010/3tokyo.pdf,official_meeting_summary
201005030407,2010,東京,3,4,7,2010-05-30,https://www.jra.go.jp/datafile/seiseki/report/2010/3tokyo.pdf,official_meeting_summary
201005030408,2010,東京,3,4,8,2010-05-30,https://www.jra.go.jp/datafile/seiseki/report/2010/3tokyo.pdf,official_meeting_summary
201005030409,2010,東京,3,4,9,2010-05-30,https://www.jra.go.jp/datafile/seiseki/report/2010/3tokyo.pdf,official_meeting_summary
201005030410,2010,東京,3,4,10,2010-05-30,https://www.jra.go.jp/datafile/seiseki/report/2010/3tokyo.pdf,official_meeting_summary
201005030411,2010,東京,3,4,11,2010-05-30,https://www.jra.go.jp/datafile/seiseki/report/2010/3tokyo.pdf,official_meeting_summary
201005030412,2010,東京,3,4,12,2010-05-30,https://www.jra.go.jp/datafile/seiseki/report/2010/3tokyo.pdf,official_meeting_summary
201005030501,2010,東京,3,5,1,2010-06-05,https://www.jra.go.jp/datafile/seiseki/report/2010/3tokyo.pdf,official_meeting_summary
201005030502,2010,東京,3,5,2,2010-06-05,https://www.jra.go.jp/datafile/seiseki/report/2010/3tokyo.pdf,official_meeting_summary
201005030503,2010,東京,3,5,3,2010-06-05,https://www.jra.go.jp/datafile/seiseki/report/2010/3tokyo.pdf,official_meeting_summary
201005030504,2010,東京,3,5,4,2010-06-05,https://www.jra.go.jp/datafile/seiseki/report/2010/3tokyo.pdf,official_meeting_summary
201005030505,2010,東京,3,5,5,2010-06-05,https://www.jra.go.jp/datafile/seiseki/report/2010/3tokyo.pdf,official_meeting_summary
201005030506,2010,東京,3,5,6,2010-06-05,https://www.jra.go.jp/datafile/seiseki/report/2010/3tokyo.pdf,official_meeting_summary
201005030507,2010,東京,3,5,7,2010-06-05,https://www.jra.go.jp/datafile/seiseki/report/2010/3tokyo.pdf,official_meeting_summary
201005030508,2010,東京,3,5,8,2010-06-05,https://www.jra.go.jp/datafile/seiseki/report/2010/3tokyo.pdf,official_meeting_summary
201005030509,2010,東京,3,5,9,2010-06-05,https://www.jra.go.jp/datafile/seiseki/report/2010/3tokyo.pdf,official_meeting_summary
201005030510,2010,東京,3,5,10,2010-06-05,https://www.jra.go.jp/datafile/seiseki/report/2010/3tokyo.pdf,official_meeting_summary
201005030511,2010,東京,3,5,11,2010-06-05,https://www.jra.go.jp/datafile/seiseki/report/2010/3tokyo.pdf,official_meeting_summary
201005030512,2010,東京,3,5,12,2010-06-05,https://www.jra.go.jp/datafile/seiseki/report/2010/3tokyo.pdf,official_meeting_summary
201005030601,2010,東京,3,6,1,2010-06-06,https://www.jra.go.jp/datafile/seiseki/report/2010/3tokyo.pdf,official_meeting_summary
201005030602,2010,東京,3,6,2,2010-06-06,https://www.jra.go.jp/datafile/seiseki/report/2010/3tokyo.pdf,official_meeting_summary
201005030603,2010,東京,3,6,3,2010-06-06,https://www.jra.go.jp/datafile/seiseki/report/2010/3tokyo.pdf,official_meeting_summary
201005030604,2010,東京,3,6,4,2010-06-06,https://www.jra.go.jp/datafile/seiseki/report/2010/3tokyo.pdf,official_meeting_summary
201005030605,2010,東京,3,6,5,2010-06-06,https://www.jra.go.jp/datafile/seiseki/report/2010/3tokyo.pdf,official_meeting_summary
201005030606,2010,東京,3,6,6,2010-06-06,https://www.jra.go.jp/datafile/seiseki/report/2010/3tokyo.pdf,official_meeting_summary
201005030607,2010,東京,3,6,7,2010-06-06,https://www.jra.go.jp/datafile/seiseki/report/2010/3tokyo.pdf,official_meeting_summary
201005030608,2010,東京,3,6,8,2010-06-06,https://www.jra.go.jp/datafile/seiseki/report/2010/3tokyo.pdf,official_meeting_summary
201005030609,2010,東京,3,6,9,2010-06-06,https://www.jra.go.jp/datafile/seiseki/report/2010/3tokyo.pdf,official_meeting_summary
201005030610,2010,東京,3,6,10,2010-06-06,https://www.jra.go.jp/datafile/seiseki/report/2010/3tokyo.pdf,official_meeting_summary
201005030611,2010,東京,3,6,11,2010-06-06,https://www.jra.go.jp/datafile/seiseki/report/2010/3tokyo.pdf,official_meeting_summary
201005030612,2010,東京,3,6,12,2010-06-06,https://www.jra.go.jp/datafile/seiseki/report/2010/3tokyo.pdf,official_meeting_summary
201005030701,2010,東京,3,7,1,2010-06-12,https://www.jra.go.jp/datafile/seiseki/report/2010/3tokyo.pdf,official_meeting_summary
201005030702,2010,東京,3,7,2,2010-06-12,https://www.jra.go.jp/datafile/seiseki/report/2010/3tokyo.pdf,official_meeting_summary
201005030703,2010,東京,3,7,3,2010-06-12,https://www.jra.go.jp/datafile/seiseki/report/2010/3tokyo.pdf,official_meeting_summary
201005030704,2010,東京,3,7,4,2010-06-12,https://www.jra.go.jp/datafile/seiseki/report/2010/3tokyo.pdf,official_meeting_summary
201005030705,2010,東京,3,7,5,2010-06-12,https://www.jra.go.jp/datafile/seiseki/report/2010/3tokyo.pdf,official_meeting_summary
201005030706,2010,東京,3,7,6,2010-06-12,https://www.jra.go.jp/datafile/seiseki/report/2010/3tokyo.pdf,official_meeting_summary
201005030707,2010,東京,3,7,7,2010-06-12,https://www.jra.go.jp/datafile/seiseki/report/2010/3tokyo.pdf,official_meeting_summary
201005030708,2010,東京,3,7,8,2010-06-12,https://www.jra.go.jp/datafile/seiseki/report/2010/3tokyo.pdf,official_meeting_summary
201005030709,2010,東京,3,7,9,2010-06-12,https://www.jra.go.jp/datafile/seiseki/report/2010/3tokyo.pdf,official_meeting_summary
201005030710,2010,東京,3,7,10,2010-06-12,https://www.jra.go.jp/datafile/seiseki/report/2010/3tokyo.pdf,official_meeting_summary
201005030711,2010,東京,3,7,11,2010-06-12,https://www.jra.go.jp/datafile/seiseki/report/2010/3tokyo.pdf,official_meeting_summary
201005030712,2010,東京,3,7,12,2010-06-12,https://www.jra.go.jp/datafile/seiseki/report/2010/3tokyo.pdf,official_meeting_summary
201005030801,2010,東京,3,8,1,2010-06-13,https://www.jra.go.jp/datafile/seiseki/report/2010/3tokyo.pdf,official_meeting_summary
201005030802,2010,東京,3,8,2,2010-06-13,https://www.jra.go.jp/datafile/seiseki/report/2010/3tokyo.pdf,official_meeting_summary
201005030803,2010,東京,3,8,3,2010-06-13,https://www.jra.go.jp/datafile/seiseki/report/2010/3tokyo.pdf,official_meeting_summary
201005030804,2010,東京,3,8,4,2010-06-13,https://www.jra.go.jp/datafile/seiseki/report/2010/3tokyo.pdf,official_meeting_summary
201005030805,2010,東京,3,8,5,2010-06-13,https://www.jra.go.jp/datafile/seiseki/report/2010/3tokyo.pdf,official_meeting_summary
201005030806,2010,東京,3,8,6,2010-06-13,https://www.jra.go.jp/datafile/seiseki/report/2010/3tokyo.pdf,official_meeting_summary
201005030807,2010,東京,3,8,7,2010-06-13,https://www.jra.go.jp/datafile/seiseki/report/2010/3tokyo.pdf,official_meeting_summary
201005030808,2010,東京,3,8,8,2010-06-13,https://www.jra.go.jp/datafile/seiseki/report/2010/3tokyo.pdf,official_meeting_summary
201005030809,2010,東京,3,8,9,2010-06-13,https://www.jra.go.jp/datafile/seiseki/report/2010/3tokyo.pdf,official_meeting_summary
201005030810,2010,東京,3,8,10,2010-06-13,https://www.jra.go.jp/datafile/seiseki/report/2010/3tokyo.pdf,official_meeting_summary
201005030811,2010,東京,3,8,11,2010-06-13,https://www.jra.go.jp/datafile/seiseki/report/2010/3tokyo.pdf,official_meeting_summary
201005030812,2010,東京,3,8,12,2010-06-13,https://www.jra.go.jp/datafile/seiseki/report/2010/3tokyo.pdf,official_meeting_summary
201005040101,2010,東京,4,1,1,2010-10-09,https://www.jra.go.jp/datafile/seiseki/report/2010/4tokyo.pdf,official_meeting_summary
201005040102,2010,東京,4,1,2,2010-10-09,https://www.jra.go.jp/datafile/seiseki/report/2010/4tokyo.pdf,official_meeting_summary
201005040103,2010,東京,4,1,3,2010-10-09,https://www.jra.go.jp/datafile/seiseki/report/2010/4tokyo.pdf,official_meeting_summary
201005040104,2010,東京,4,1,4,2010-10-09,https://www.jra.go.jp/datafile/seiseki/report/2010/4tokyo.pdf,official_meeting_summary
201005040105,2010,東京,4,1,5,2010-10-09,https://www.jra.go.jp/datafile/seiseki/report/2010/4tokyo.pdf,official_meeting_summary
201005040106,2010,東京,4,1,6,2010-10-09,https://www.jra.go.jp/datafile/seiseki/report/2010/4tokyo.pdf,official_meeting_summary
201005040107,2010,東京,4,1,7,2010-10-09,https://www.jra.go.jp/datafile/seiseki/report/2010/4tokyo.pdf,official_meeting_summary
201005040108,2010,東京,4,1,8,2010-10-09,https://www.jra.go.jp/datafile/seiseki/report/2010/4tokyo.pdf,official_meeting_summary
201005040109,2010,東京,4,1,9,2010-10-09,https://www.jra.go.jp/datafile/seiseki/report/2010/4tokyo.pdf,official_meeting_summary
201005040110,2010,東京,4,1,10,2010-10-09,https://www.jra.go.jp/datafile/seiseki/report/2010/4tokyo.pdf,official_meeting_summary
201005040111,2010,東京,4,1,11,2010-10-09,https://www.jra.go.jp/datafile/seiseki/report/2010/4tokyo.pdf,official_meeting_summary
201005040112,2010,東京,4,1,12,2010-10-09,https://www.jra.go.jp/datafile/seiseki/report/2010/4tokyo.pdf,official_meeting_summary
201005040201,2010,東京,4,2,1,2010-10-10,https://www.jra.go.jp/datafile/seiseki/report/2010/4tokyo.pdf,official_meeting_summary
201005040202,2010,東京,4,2,2,2010-10-10,https://www.jra.go.jp/datafile/seiseki/report/2010/4tokyo.pdf,official_meeting_summary
201005040203,2010,東京,4,2,3,2010-10-10,https://www.jra.go.jp/datafile/seiseki/report/2010/4tokyo.pdf,official_meeting_summary
201005040204,2010,東京,4,2,4,2010-10-10,https://www.jra.go.jp/datafile/seiseki/report/2010/4tokyo.pdf,official_meeting_summary
201005040205,2010,東京,4,2,5,2010-10-10,https://www.jra.go.jp/datafile/seiseki/report/2010/4tokyo.pdf,official_meeting_summary
201005040206,2010,東京,4,2,6,2010-10-10,https://www.jra.go.jp/datafile/seiseki/report/2010/4tokyo.pdf,official_meeting_summary
201005040207,2010,東京,4,2,7,2010-10-10,https://www.jra.go.jp/datafile/seiseki/report/2010/4tokyo.pdf,official_meeting_summary
201005040208,2010,東京,4,2,8,2010-10-10,https://www.jra.go.jp/datafile/seiseki/report/2010/4tokyo.pdf,official_meeting_summary
201005040209,2010,東京,4,2,9,2010-10-10,https://www.jra.go.jp/datafile/seiseki/report/2010/4tokyo.pdf,official_meeting_summary
201005040210,2010,東京,4,2,10,2010-10-10,https://www.jra.go.jp/datafile/seiseki/report/2010/4tokyo.pdf,official_meeting_summary
201005040211,2010,東京,4,2,11,2010-10-10,https://www.jra.go.jp/datafile/seiseki/report/2010/4tokyo.pdf,official_meeting_summary
201005040212,2010,東京,4,2,12,2010-10-10,https://www.jra.go.jp/datafile/seiseki/report/2010/4tokyo.pdf,official_meeting_summary
201005040301,2010,東京,4,3,1,2010-10-16,https://www.jra.go.jp/datafile/seiseki/report/2010/4tokyo.pdf,official_meeting_summary
201005040302,2010,東京,4,3,2,2010-10-16,https://www.jra.go.jp/datafile/seiseki/report/2010/4tokyo.pdf,official_meeting_summary
201005040303,2010,東京,4,3,3,2010-10-16,https://www.jra.go.jp/datafile/seiseki/report/2010/4tokyo.pdf,official_meeting_summary
201005040304,2010,東京,4,3,4,2010-10-16,https://www.jra.go.jp/datafile/seiseki/report/2010/4tokyo.pdf,official_meeting_summary
201005040305,2010,東京,4,3,5,2010-10-16,https://www.jra.go.jp/datafile/seiseki/report/2010/4tokyo.pdf,official_meeting_summary
201005040306,2010,東京,4,3,6,2010-10-16,https://www.jra.go.jp/datafile/seiseki/report/2010/4tokyo.pdf,official_meeting_summary
201005040307,2010,東京,4,3,7,2010-10-16,https://www.jra.go.jp/datafile/seiseki/report/2010/4tokyo.pdf,official_meeting_summary
201005040308,2010,東京,4,3,8,2010-10-16,https://www.jra.go.jp/datafile/seiseki/report/2010/4tokyo.pdf,official_meeting_summary
201005040309,2010,東京,4,3,9,2010-10-16,https://www.jra.go.jp/datafile/seiseki/report/2010/4tokyo.pdf,official_meeting_summary
201005040310,2010,東京,4,3,10,2010-10-16,https://www.jra.go.jp/datafile/seiseki/report/2010/4tokyo.pdf,official_meeting_summary
201005040311,2010,東京,4,3,11,2010-10-16,https://www.jra.go.jp/datafile/seiseki/report/2010/4tokyo.pdf,official_meeting_summary
201005040312,2010,東京,4,3,12,2010-10-16,https://www.jra.go.jp/datafile/seiseki/report/2010/4tokyo.pdf,official_meeting_summary
201005040401,2010,東京,4,4,1,2010-10-17,https://www.jra.go.jp/datafile/seiseki/report/2010/4tokyo.pdf,official_meeting_summary
201005040402,2010,東京,4,4,2,2010-10-17,https://www.jra.go.jp/datafile/seiseki/report/2010/4tokyo.pdf,official_meeting_summary
201005040403,2010,東京,4,4,3,2010-10-17,https://www.jra.go.jp/datafile/seiseki/report/2010/4tokyo.pdf,official_meeting_summary
201005040404,2010,東京,4,4,4,2010-10-17,https://www.jra.go.jp/datafile/seiseki/report/2010/4tokyo.pdf,official_meeting_summary
201005040405,2010,東京,4,4,5,2010-10-17,https://www.jra.go.jp/datafile/seiseki/report/2010/4tokyo.pdf,official_meeting_summary
201005040406,2010,東京,4,4,6,2010-10-17,https://www.jra.go.jp/datafile/seiseki/report/2010/4tokyo.pdf,official_meeting_summary
201005040407,2010,東京,4,4,7,2010-10-17,https://www.jra.go.jp/datafile/seiseki/report/2010/4tokyo.pdf,official_meeting_summary
201005040408,2010,東京,4,4,8,2010-10-17,https://www.jra.go.jp/datafile/seiseki/report/2010/4tokyo.pdf,official_meeting_summary
201005040409,2010,東京,4,4,9,2010-10-17,https://www.jra.go.jp/datafile/seiseki/report/2010/4tokyo.pdf,official_meeting_summary
201005040410,2010,東京,4,4,10,2010-10-17,https://www.jra.go.jp/datafile/seiseki/report/2010/4tokyo.pdf,official_meeting_summary
201005040411,2010,東京,4,4,11,2010-10-17,https://www.jra.go.jp/datafile/seiseki/report/2010/4tokyo.pdf,official_meeting_summary
201005040412,2010,東京,4,4,12,2010-10-17,https://www.jra.go.jp/datafile/seiseki/report/2010/4tokyo.pdf,official_meeting_summary
201005040501,2010,東京,4,5,1,2010-10-23,https://www.jra.go.jp/datafile/seiseki/report/2010/4tokyo.pdf,official_meeting_summary
201005040502,2010,東京,4,5,2,2010-10-23,https://www.jra.go.jp/datafile/seiseki/report/2010/4tokyo.pdf,official_meeting_summary
201005040503,2010,東京,4,5,3,2010-10-23,https://www.jra.go.jp/datafile/seiseki/report/2010/4tokyo.pdf,official_meeting_summary
201005040504,2010,東京,4,5,4,2010-10-23,https://www.jra.go.jp/datafile/seiseki/report/2010/4tokyo.pdf,official_meeting_summary
201005040505,2010,東京,4,5,5,2010-10-23,https://www.jra.go.jp/datafile/seiseki/report/2010/4tokyo.pdf,official_meeting_summary
201005040506,2010,東京,4,5,6,2010-10-23,https://www.jra.go.jp/datafile/seiseki/report/2010/4tokyo.pdf,official_meeting_summary
201005040507,2010,東京,4,5,7,2010-10-23,https://www.jra.go.jp/datafile/seiseki/report/2010/4tokyo.pdf,official_meeting_summary
201005040508,2010,東京,4,5,8,2010-10-23,https://www.jra.go.jp/datafile/seiseki/report/2010/4tokyo.pdf,official_meeting_summary
201005040509,2010,東京,4,5,9,2010-10-23,https://www.jra.go.jp/datafile/seiseki/report/2010/4tokyo.pdf,official_meeting_summary
201005040510,2010,東京,4,5,10,2010-10-23,https://www.jra.go.jp/datafile/seiseki/report/2010/4tokyo.pdf,official_meeting_summary
201005040511,2010,東京,4,5,11,2010-10-23,https://www.jra.go.jp/datafile/seiseki/report/2010/4tokyo.pdf,official_meeting_summary
201005040512,2010,東京,4,5,12,2010-10-23,https://www.jra.go.jp/datafile/seiseki/report/2010/4tokyo.pdf,official_meeting_summary
201005040601,2010,東京,4,6,1,2010-10-24,https://www.jra.go.jp/datafile/seiseki/report/2010/4tokyo.pdf,official_meeting_summary
201005040602,2010,東京,4,6,2,2010-10-24,https://www.jra.go.jp/datafile/seiseki/report/2010/4tokyo.pdf,official_meeting_summary
201005040603,2010,東京,4,6,3,2010-10-24,https://www.jra.go.jp/datafile/seiseki/report/2010/4tokyo.pdf,official_meeting_summary
201005040604,2010,東京,4,6,4,2010-10-24,https://www.jra.go.jp/datafile/seiseki/report/2010/4tokyo.pdf,official_meeting_summary
201005040605,2010,東京,4,6,5,2010-10-24,https://www.jra.go.jp/datafile/seiseki/report/2010/4tokyo.pdf,official_meeting_summary
201005040606,2010,東京,4,6,6,2010-10-24,https://www.jra.go.jp/datafile/seiseki/report/2010/4tokyo.pdf,official_meeting_summary
201005040607,2010,東京,4,6,7,2010-10-24,https://www.jra.go.jp/datafile/seiseki/report/2010/4tokyo.pdf,official_meeting_summary
201005040608,2010,東京,4,6,8,2010-10-24,https://www.jra.go.jp/datafile/seiseki/report/2010/4tokyo.pdf,official_meeting_summary
201005040609,2010,東京,4,6,9,2010-10-24,https://www.jra.go.jp/datafile/seiseki/report/2010/4tokyo.pdf,official_meeting_summary
201005040610,2010,東京,4,6,10,2010-10-24,https://www.jra.go.jp/datafile/seiseki/report/2010/4tokyo.pdf,official_meeting_summary
201005040611,2010,東京,4,6,11,2010-10-24,https://www.jra.go.jp/datafile/seiseki/report/2010/4tokyo.pdf,official_meeting_summary
201005040612,2010,東京,4,6,12,2010-10-24,https://www.jra.go.jp/datafile/seiseki/report/2010/4tokyo.pdf,official_meeting_summary
201005040701,2010,東京,4,7,1,2010-11-01,https://www.jra.go.jp/datafile/seiseki/report/2010/4tokyo.pdf,official_meeting_summary
201005040702,2010,東京,4,7,2,2010-11-01,https://www.jra.go.jp/datafile/seiseki/report/2010/4tokyo.pdf,official_meeting_summary
201005040703,2010,東京,4,7,3,2010-11-01,https://www.jra.go.jp/datafile/seiseki/report/2010/4tokyo.pdf,official_meeting_summary
201005040704,2010,東京,4,7,4,2010-11-01,https://www.jra.go.jp/datafile/seiseki/report/2010/4tokyo.pdf,official_meeting_summary
201005040705,2010,東京,4,7,5,2010-11-01,https://www.jra.go.jp/datafile/seiseki/report/2010/4tokyo.pdf,official_meeting_summary
201005040706,2010,東京,4,7,6,2010-11-01,https://www.jra.go.jp/datafile/seiseki/report/2010/4tokyo.pdf,official_meeting_summary
201005040707,2010,東京,4,7,7,2010-11-01,https://www.jra.go.jp/datafile/seiseki/report/2010/4tokyo.pdf,official_meeting_summary
201005040708,2010,東京,4,7,8,2010-11-01,https://www.jra.go.jp/datafile/seiseki/report/2010/4tokyo.pdf,official_meeting_summary
201005040709,2010,東京,4,7,9,2010-11-01,https://www.jra.go.jp/datafile/seiseki/report/2010/4tokyo.pdf,official_meeting_summary
201005040710,2010,東京,4,7,10,2010-11-01,https://www.jra.go.jp/datafile/seiseki/report/2010/4tokyo.pdf,official_meeting_summary
201005040711,2010,東京,4,7,11,2010-11-01,https://www.jra.go.jp/datafile/seiseki/report/2010/4tokyo.pdf,official_meeting_summary
201005040712,2010,東京,4,7,12,2010-11-01,https://www.jra.go.jp/datafile/seiseki/report/2010/4tokyo.pdf,official_meeting_summary
201005040801,2010,東京,4,8,1,2010-10-31,https://www.jra.go.jp/datafile/seiseki/report/2010/4tokyo.pdf,official_meeting_summary
201005040802,2010,東京,4,8,2,2010-10-31,https://www.jra.go.jp/datafile/seiseki/report/2010/4tokyo.pdf,official_meeting_summary
201005040803,2010,東京,4,8,3,2010-10-31,https://www.jra.go.jp/datafile/seiseki/report/2010/4tokyo.pdf,official_meeting_summary
201005040804,2010,東京,4,8,4,2010-10-31,https://www.jra.go.jp/datafile/seiseki/report/2010/4tokyo.pdf,official_meeting_summary
201005040805,2010,東京,4,8,5,2010-10-31,https://www.jra.go.jp/datafile/seiseki/report/2010/4tokyo.pdf,official_meeting_summary
201005040806,2010,東京,4,8,6,2010-10-31,https://www.jra.go.jp/datafile/seiseki/report/2010/4tokyo.pdf,official_meeting_summary
201005040807,2010,東京,4,8,7,2010-10-31,https://www.jra.go.jp/datafile/seiseki/report/2010/4tokyo.pdf,official_meeting_summary
201005040808,2010,東京,4,8,8,2010-10-31,https://www.jra.go.jp/datafile/seiseki/report/2010/4tokyo.pdf,official_meeting_summary
201005040809,2010,東京,4,8,9,2010-10-31,https://www.jra.go.jp/datafile/seiseki/report/2010/4tokyo.pdf,official_meeting_summary
201005040810,2010,東京,4,8,10,2010-10-31,https://www.jra.go.jp/datafile/seiseki/report/2010/4tokyo.pdf,official_meeting_summary
201005040811,2010,東京,4,8,11,2010-10-31,https://www.jra.go.jp/datafile/seiseki/report/2010/4tokyo.pdf,official_meeting_summary
201005040812,2010,東京,4,8,12,2010-10-31,https://www.jra.go.jp/datafile/seiseki/report/2010/4tokyo.pdf,official_meeting_summary
201005050101,2010,東京,5,1,1,2010-11-06,https://www.jra.go.jp/datafile/seiseki/report/2010/5tokyo.pdf,official_meeting_summary
201005050102,2010,東京,5,1,2,2010-11-06,https://www.jra.go.jp/datafile/seiseki/report/2010/5tokyo.pdf,official_meeting_summary
201005050103,2010,東京,5,1,3,2010-11-06,https://www.jra.go.jp/datafile/seiseki/report/2010/5tokyo.pdf,official_meeting_summary
201005050104,2010,東京,5,1,4,2010-11-06,https://www.jra.go.jp/datafile/seiseki/report/2010/5tokyo.pdf,official_meeting_summary
201005050105,2010,東京,5,1,5,2010-11-06,https://www.jra.go.jp/datafile/seiseki/report/2010/5tokyo.pdf,official_meeting_summary
201005050106,2010,東京,5,1,6,2010-11-06,https://www.jra.go.jp/datafile/seiseki/report/2010/5tokyo.pdf,official_meeting_summary
201005050107,2010,東京,5,1,7,2010-11-06,https://www.jra.go.jp/datafile/seiseki/report/2010/5tokyo.pdf,official_meeting_summary
201005050108,2010,東京,5,1,8,2010-11-06,https://www.jra.go.jp/datafile/seiseki/report/2010/5tokyo.pdf,official_meeting_summary
201005050109,2010,東京,5,1,9,2010-11-06,https://www.jra.go.jp/datafile/seiseki/report/2010/5tokyo.pdf,official_meeting_summary
201005050110,2010,東京,5,1,10,2010-11-06,https://www.jra.go.jp/datafile/seiseki/report/2010/5tokyo.pdf,official_meeting_summary
201005050111,2010,東京,5,1,11,2010-11-06,https://www.jra.go.jp/datafile/seiseki/report/2010/5tokyo.pdf,official_meeting_summary
201005050112,2010,東京,5,1,12,2010-11-06,https://www.jra.go.jp/datafile/seiseki/report/2010/5tokyo.pdf,official_meeting_summary
201005050201,2010,東京,5,2,1,2010-11-07,https://www.jra.go.jp/datafile/seiseki/report/2010/5tokyo.pdf,official_meeting_summary
201005050202,2010,東京,5,2,2,2010-11-07,https://www.jra.go.jp/datafile/seiseki/report/2010/5tokyo.pdf,official_meeting_summary
201005050203,2010,東京,5,2,3,2010-11-07,https://www.jra.go.jp/datafile/seiseki/report/2010/5tokyo.pdf,official_meeting_summary
201005050204,2010,東京,5,2,4,2010-11-07,https://www.jra.go.jp/datafile/seiseki/report/2010/5tokyo.pdf,official_meeting_summary
201005050205,2010,東京,5,2,5,2010-11-07,https://www.jra.go.jp/datafile/seiseki/report/2010/5tokyo.pdf,official_meeting_summary
201005050206,2010,東京,5,2,6,2010-11-07,https://www.jra.go.jp/datafile/seiseki/report/2010/5tokyo.pdf,official_meeting_summary
201005050207,2010,東京,5,2,7,2010-11-07,https://www.jra.go.jp/datafile/seiseki/report/2010/5tokyo.pdf,official_meeting_summary
201005050208,2010,東京,5,2,8,2010-11-07,https://www.jra.go.jp/datafile/seiseki/report/2010/5tokyo.pdf,official_meeting_summary
201005050209,2010,東京,5,2,9,2010-11-07,https://www.jra.go.jp/datafile/seiseki/report/2010/5tokyo.pdf,official_meeting_summary
201005050210,2010,東京,5,2,10,2010-11-07,https://www.jra.go.jp/datafile/seiseki/report/2010/5tokyo.pdf,official_meeting_summary
201005050211,2010,東京,5,2,11,2010-11-07,https://www.jra.go.jp/datafile/seiseki/report/2010/5tokyo.pdf,official_meeting_summary
201005050212,2010,東京,5,2,12,2010-11-07,https://www.jra.go.jp/datafile/seiseki/report/2010/5tokyo.pdf,official_meeting_summary
201005050301,2010,東京,5,3,1,2010-11-13,https://www.jra.go.jp/datafile/seiseki/report/2010/5tokyo.pdf,official_meeting_summary
201005050302,2010,東京,5,3,2,2010-11-13,https://www.jra.go.jp/datafile/seiseki/report/2010/5tokyo.pdf,official_meeting_summary
201005050303,2010,東京,5,3,3,2010-11-13,https://www.jra.go.jp/datafile/seiseki/report/2010/5tokyo.pdf,official_meeting_summary
201005050304,2010,東京,5,3,4,2010-11-13,https://www.jra.go.jp/datafile/seiseki/report/2010/5tokyo.pdf,official_meeting_summary
201005050305,2010,東京,5,3,5,2010-11-13,https://www.jra.go.jp/datafile/seiseki/report/2010/5tokyo.pdf,official_meeting_summary
201005050306,2010,東京,5,3,6,2010-11-13,https://www.jra.go.jp/datafile/seiseki/report/2010/5tokyo.pdf,official_meeting_summary
201005050307,2010,東京,5,3,7,2010-11-13,https://www.jra.go.jp/datafile/seiseki/report/2010/5tokyo.pdf,official_meeting_summary
201005050308,2010,東京,5,3,8,2010-11-13,https://www.jra.go.jp/datafile/seiseki/report/2010/5tokyo.pdf,official_meeting_summary
201005050309,2010,東京,5,3,9,2010-11-13,https://www.jra.go.jp/datafile/seiseki/report/2010/5tokyo.pdf,official_meeting_summary
201005050310,2010,東京,5,3,10,2010-11-13,https://www.jra.go.jp/datafile/seiseki/report/2010/5tokyo.pdf,official_meeting_summary
201005050311,2010,東京,5,3,11,2010-11-13,https://www.jra.go.jp/datafile/seiseki/report/2010/5tokyo.pdf,official_meeting_summary
201005050312,2010,東京,5,3,12,2010-11-13,https://www.jra.go.jp/datafile/seiseki/report/2010/5tokyo.pdf,official_meeting_summary
201005050401,2010,東京,5,4,1,2010-11-14,https://www.jra.go.jp/datafile/seiseki/report/2010/5tokyo.pdf,official_meeting_summary
201005050402,2010,東京,5,4,2,2010-11-14,https://www.jra.go.jp/datafile/seiseki/report/2010/5tokyo.pdf,official_meeting_summary
201005050403,2010,東京,5,4,3,2010-11-14,https://www.jra.go.jp/datafile/seiseki/report/2010/5tokyo.pdf,official_meeting_summary
201005050404,2010,東京,5,4,4,2010-11-14,https://www.jra.go.jp/datafile/seiseki/report/2010/5tokyo.pdf,official_meeting_summary
201005050405,2010,東京,5,4,5,2010-11-14,https://www.jra.go.jp/datafile/seiseki/report/2010/5tokyo.pdf,official_meeting_summary
201005050406,2010,東京,5,4,6,2010-11-14,https://www.jra.go.jp/datafile/seiseki/report/2010/5tokyo.pdf,official_meeting_summary
201005050407,2010,東京,5,4,7,2010-11-14,https://www.jra.go.jp/datafile/seiseki/report/2010/5tokyo.pdf,official_meeting_summary
201005050408,2010,東京,5,4,8,2010-11-14,https://www.jra.go.jp/datafile/seiseki/report/2010/5tokyo.pdf,official_meeting_summary
201005050409,2010,東京,5,4,9,2010-11-14,https://www.jra.go.jp/datafile/seiseki/report/2010/5tokyo.pdf,official_meeting_summary
201005050410,2010,東京,5,4,10,2010-11-14,https://www.jra.go.jp/datafile/seiseki/report/2010/5tokyo.pdf,official_meeting_summary
201005050411,2010,東京,5,4,11,2010-11-14,https://www.jra.go.jp/datafile/seiseki/report/2010/5tokyo.pdf,official_meeting_summary
201005050412,2010,東京,5,4,12,2010-11-14,https://www.jra.go.jp/datafile/seiseki/report/2010/5tokyo.pdf,official_meeting_summary
201005050501,2010,東京,5,5,1,2010-11-20,https://www.jra.go.jp/datafile/seiseki/report/2010/5tokyo.pdf,official_meeting_summary
201005050502,2010,東京,5,5,2,2010-11-20,https://www.jra.go.jp/datafile/seiseki/report/2010/5tokyo.pdf,official_meeting_summary
201005050503,2010,東京,5,5,3,2010-11-20,https://www.jra.go.jp/datafile/seiseki/report/2010/5tokyo.pdf,official_meeting_summary
201005050504,2010,東京,5,5,4,2010-11-20,https://www.jra.go.jp/datafile/seiseki/report/2010/5tokyo.pdf,official_meeting_summary
201005050505,2010,東京,5,5,5,2010-11-20,https://www.jra.go.jp/datafile/seiseki/report/2010/5tokyo.pdf,official_meeting_summary
201005050506,2010,東京,5,5,6,2010-11-20,https://www.jra.go.jp/datafile/seiseki/report/2010/5tokyo.pdf,official_meeting_summary
201005050507,2010,東京,5,5,7,2010-11-20,https://www.jra.go.jp/datafile/seiseki/report/2010/5tokyo.pdf,official_meeting_summary
201005050508,2010,東京,5,5,8,2010-11-20,https://www.jra.go.jp/datafile/seiseki/report/2010/5tokyo.pdf,official_meeting_summary
201005050509,2010,東京,5,5,9,2010-11-20,https://www.jra.go.jp/datafile/seiseki/report/2010/5tokyo.pdf,official_meeting_summary
201005050510,2010,東京,5,5,10,2010-11-20,https://www.jra.go.jp/datafile/seiseki/report/2010/5tokyo.pdf,official_meeting_summary
201005050511,2010,東京,5,5,11,2010-11-20,https://www.jra.go.jp/datafile/seiseki/report/2010/5tokyo.pdf,official_meeting_summary
201005050512,2010,東京,5,5,12,2010-11-20,https://www.jra.go.jp/datafile/seiseki/report/2010/5tokyo.pdf,official_meeting_summary
201005050601,2010,東京,5,6,1,2010-11-21,https://www.jra.go.jp/datafile/seiseki/report/2010/5tokyo.pdf,official_meeting_summary
201005050602,2010,東京,5,6,2,2010-11-21,https://www.jra.go.jp/datafile/seiseki/report/2010/5tokyo.pdf,official_meeting_summary
201005050603,2010,東京,5,6,3,2010-11-21,https://www.jra.go.jp/datafile/seiseki/report/2010/5tokyo.pdf,official_meeting_summary
201005050604,2010,東京,5,6,4,2010-11-21,https://www.jra.go.jp/datafile/seiseki/report/2010/5tokyo.pdf,official_meeting_summary
201005050605,2010,東京,5,6,5,2010-11-21,https://www.jra.go.jp/datafile/seiseki/report/2010/5tokyo.pdf,official_meeting_summary
201005050606,2010,東京,5,6,6,2010-11-21,https://www.jra.go.jp/datafile/seiseki/report/2010/5tokyo.pdf,official_meeting_summary
201005050607,2010,東京,5,6,7,2010-11-21,https://www.jra.go.jp/datafile/seiseki/report/2010/5tokyo.pdf,official_meeting_summary
201005050608,2010,東京,5,6,8,2010-11-21,https://www.jra.go.jp/datafile/seiseki/report/2010/5tokyo.pdf,official_meeting_summary
201005050609,2010,東京,5,6,9,2010-11-21,https://www.jra.go.jp/datafile/seiseki/report/2010/5tokyo.pdf,official_meeting_summary
201005050610,2010,東京,5,6,10,2010-11-21,https://www.jra.go.jp/datafile/seiseki/report/2010/5tokyo.pdf,official_meeting_summary
201005050611,2010,東京,5,6,11,2010-11-21,https://www.jra.go.jp/datafile/seiseki/report/2010/5tokyo.pdf,official_meeting_summary
201005050612,2010,東京,5,6,12,2010-11-21,https://www.jra.go.jp/datafile/seiseki/report/2010/5tokyo.pdf,official_meeting_summary
201005050701,2010,東京,5,7,1,2010-11-27,https://www.jra.go.jp/datafile/seiseki/report/2010/5tokyo.pdf,official_meeting_summary
201005050702,2010,東京,5,7,2,2010-11-27,https://www.jra.go.jp/datafile/seiseki/report/2010/5tokyo.pdf,official_meeting_summary
201005050703,2010,東京,5,7,3,2010-11-27,https://www.jra.go.jp/datafile/seiseki/report/2010/5tokyo.pdf,official_meeting_summary
201005050704,2010,東京,5,7,4,2010-11-27,https://www.jra.go.jp/datafile/seiseki/report/2010/5tokyo.pdf,official_meeting_summary
201005050705,2010,東京,5,7,5,2010-11-27,https://www.jra.go.jp/datafile/seiseki/report/2010/5tokyo.pdf,official_meeting_summary
201005050706,2010,東京,5,7,6,2010-11-27,https://www.jra.go.jp/datafile/seiseki/report/2010/5tokyo.pdf,official_meeting_summary
201005050707,2010,東京,5,7,7,2010-11-27,https://www.jra.go.jp/datafile/seiseki/report/2010/5tokyo.pdf,official_meeting_summary
201005050708,2010,東京,5,7,8,2010-11-27,https://www.jra.go.jp/datafile/seiseki/report/2010/5tokyo.pdf,official_meeting_summary
201005050709,2010,東京,5,7,9,2010-11-27,https://www.jra.go.jp/datafile/seiseki/report/2010/5tokyo.pdf,official_meeting_summary
201005050710,2010,東京,5,7,10,2010-11-27,https://www.jra.go.jp/datafile/seiseki/report/2010/5tokyo.pdf,official_meeting_summary
201005050711,2010,東京,5,7,11,2010-11-27,https://www.jra.go.jp/datafile/seiseki/report/2010/5tokyo.pdf,official_meeting_summary
201005050712,2010,東京,5,7,12,2010-11-27,https://www.jra.go.jp/datafile/seiseki/report/2010/5tokyo.pdf,official_meeting_summary
201005050801,2010,東京,5,8,1,2010-11-28,https://www.jra.go.jp/datafile/seiseki/report/2010/5tokyo.pdf,official_meeting_summary
201005050802,2010,東京,5,8,2,2010-11-28,https://www.jra.go.jp/datafile/seiseki/report/2010/5tokyo.pdf,official_meeting_summary
201005050803,2010,東京,5,8,3,2010-11-28,https://www.jra.go.jp/datafile/seiseki/report/2010/5tokyo.pdf,official_meeting_summary
201005050804,2010,東京,5,8,4,2010-11-28,https://www.jra.go.jp/datafile/seiseki/report/2010/5tokyo.pdf,official_meeting_summary
201005050805,2010,東京,5,8,5,2010-11-28,https://www.jra.go.jp/datafile/seiseki/report/2010/5tokyo.pdf,official_meeting_summary
201005050806,2010,東京,5,8,6,2010-11-28,https://www.jra.go.jp/datafile/seiseki/report/2010/5tokyo.pdf,official_meeting_summary
201005050807,2010,東京,5,8,7,2010-11-28,https://www.jra.go.jp/datafile/seiseki/report/2010/5tokyo.pdf,official_meeting_summary
201005050808,2010,東京,5,8,8,2010-11-28,https://www.jra.go.jp/datafile/seiseki/report/2010/5tokyo.pdf,official_meeting_summary
201005050809,2010,東京,5,8,9,2010-11-28,https://www.jra.go.jp/datafile/seiseki/report/2010/5tokyo.pdf,official_meeting_summary
201005050810,2010,東京,5,8,10,2010-11-28,https://www.jra.go.jp/datafile/seiseki/report/2010/5tokyo.pdf,official_meeting_summary
201005050811,2010,東京,5,8,11,2010-11-28,https://www.jra.go.jp/datafile/seiseki/report/2010/5tokyo.pdf,official_meeting_summary
201006010101,2010,中山,1,1,1,2010-01-05,https://www.jra.go.jp/datafile/seiseki/report/2010/1naka.pdf,official_meeting_summary
201006010102,2010,中山,1,1,2,2010-01-05,https://www.jra.go.jp/datafile/seiseki/report/2010/1naka.pdf,official_meeting_summary
201006010103,2010,中山,1,1,3,2010-01-05,https://www.jra.go.jp/datafile/seiseki/report/2010/1naka.pdf,official_meeting_summary
201006010104,2010,中山,1,1,4,2010-01-05,https://www.jra.go.jp/datafile/seiseki/report/2010/1naka.pdf,official_meeting_summary
201006010105,2010,中山,1,1,5,2010-01-05,https://www.jra.go.jp/datafile/seiseki/report/2010/1naka.pdf,official_meeting_summary
201006010106,2010,中山,1,1,6,2010-01-05,https://www.jra.go.jp/datafile/seiseki/report/2010/1naka.pdf,official_meeting_summary
201006010107,2010,中山,1,1,7,2010-01-05,https://www.jra.go.jp/datafile/seiseki/report/2010/1naka.pdf,official_meeting_summary
201006010108,2010,中山,1,1,8,2010-01-05,https://www.jra.go.jp/datafile/seiseki/report/2010/1naka.pdf,official_meeting_summary
201006010109,2010,中山,1,1,9,2010-01-05,https://www.jra.go.jp/datafile/seiseki/report/2010/1naka.pdf,official_meeting_summary
201006010110,2010,中山,1,1,10,2010-01-05,https://www.jra.go.jp/datafile/seiseki/report/2010/1naka.pdf,official_meeting_summary
201006010111,2010,中山,1,1,11,2010-01-05,https://www.jra.go.jp/datafile/seiseki/report/2010/1naka.pdf,official_meeting_summary
201006010112,2010,中山,1,1,12,2010-01-05,https://www.jra.go.jp/datafile/seiseki/report/2010/1naka.pdf,official_meeting_summary
201006010201,2010,中山,1,2,1,2010-01-09,https://www.jra.go.jp/datafile/seiseki/report/2010/1naka.pdf,official_meeting_summary
201006010202,2010,中山,1,2,2,2010-01-09,https://www.jra.go.jp/datafile/seiseki/report/2010/1naka.pdf,official_meeting_summary
201006010203,2010,中山,1,2,3,2010-01-09,https://www.jra.go.jp/datafile/seiseki/report/2010/1naka.pdf,official_meeting_summary
201006010204,2010,中山,1,2,4,2010-01-09,https://www.jra.go.jp/datafile/seiseki/report/2010/1naka.pdf,official_meeting_summary
201006010205,2010,中山,1,2,5,2010-01-09,https://www.jra.go.jp/datafile/seiseki/report/2010/1naka.pdf,official_meeting_summary
201006010206,2010,中山,1,2,6,2010-01-09,https://www.jra.go.jp/datafile/seiseki/report/2010/1naka.pdf,official_meeting_summary
201006010207,2010,中山,1,2,7,2010-01-09,https://www.jra.go.jp/datafile/seiseki/report/2010/1naka.pdf,official_meeting_summary
201006010208,2010,中山,1,2,8,2010-01-09,https://www.jra.go.jp/datafile/seiseki/report/2010/1naka.pdf,official_meeting_summary
201006010209,2010,中山,1,2,9,2010-01-09,https://www.jra.go.jp/datafile/seiseki/report/2010/1naka.pdf,official_meeting_summary
201006010210,2010,中山,1,2,10,2010-01-09,https://www.jra.go.jp/datafile/seiseki/report/2010/1naka.pdf,official_meeting_summary
201006010211,2010,中山,1,2,11,2010-01-09,https://www.jra.go.jp/datafile/seiseki/report/2010/1naka.pdf,official_meeting_summary
201006010212,2010,中山,1,2,12,2010-01-09,https://www.jra.go.jp/datafile/seiseki/report/2010/1naka.pdf,official_meeting_summary
201006010301,2010,中山,1,3,1,2010-01-10,https://www.jra.go.jp/datafile/seiseki/report/2010/1naka.pdf,official_meeting_summary
201006010302,2010,中山,1,3,2,2010-01-10,https://www.jra.go.jp/datafile/seiseki/report/2010/1naka.pdf,official_meeting_summary
201006010303,2010,中山,1,3,3,2010-01-10,https://www.jra.go.jp/datafile/seiseki/report/2010/1naka.pdf,official_meeting_summary
201006010304,2010,中山,1,3,4,2010-01-10,https://www.jra.go.jp/datafile/seiseki/report/2010/1naka.pdf,official_meeting_summary
201006010305,2010,中山,1,3,5,2010-01-10,https://www.jra.go.jp/datafile/seiseki/report/2010/1naka.pdf,official_meeting_summary
201006010306,2010,中山,1,3,6,2010-01-10,https://www.jra.go.jp/datafile/seiseki/report/2010/1naka.pdf,official_meeting_summary
201006010307,2010,中山,1,3,7,2010-01-10,https://www.jra.go.jp/datafile/seiseki/report/2010/1naka.pdf,official_meeting_summary
201006010308,2010,中山,1,3,8,2010-01-10,https://www.jra.go.jp/datafile/seiseki/report/2010/1naka.pdf,official_meeting_summary
201006010309,2010,中山,1,3,9,2010-01-10,https://www.jra.go.jp/datafile/seiseki/report/2010/1naka.pdf,official_meeting_summary
201006010310,2010,中山,1,3,10,2010-01-10,https://www.jra.go.jp/datafile/seiseki/report/2010/1naka.pdf,official_meeting_summary
201006010311,2010,中山,1,3,11,2010-01-10,https://www.jra.go.jp/datafile/seiseki/report/2010/1naka.pdf,official_meeting_summary
201006010312,2010,中山,1,3,12,2010-01-10,https://www.jra.go.jp/datafile/seiseki/report/2010/1naka.pdf,official_meeting_summary
201006010401,2010,中山,1,4,1,2010-01-11,https://www.jra.go.jp/datafile/seiseki/report/2010/1naka.pdf,official_meeting_summary
201006010402,2010,中山,1,4,2,2010-01-11,https://www.jra.go.jp/datafile/seiseki/report/2010/1naka.pdf,official_meeting_summary
201006010403,2010,中山,1,4,3,2010-01-11,https://www.jra.go.jp/datafile/seiseki/report/2010/1naka.pdf,official_meeting_summary
201006010404,2010,中山,1,4,4,2010-01-11,https://www.jra.go.jp/datafile/seiseki/report/2010/1naka.pdf,official_meeting_summary
201006010405,2010,中山,1,4,5,2010-01-11,https://www.jra.go.jp/datafile/seiseki/report/2010/1naka.pdf,official_meeting_summary
201006010406,2010,中山,1,4,6,2010-01-11,https://www.jra.go.jp/datafile/seiseki/report/2010/1naka.pdf,official_meeting_summary
201006010407,2010,中山,1,4,7,2010-01-11,https://www.jra.go.jp/datafile/seiseki/report/2010/1naka.pdf,official_meeting_summary
201006010408,2010,中山,1,4,8,2010-01-11,https://www.jra.go.jp/datafile/seiseki/report/2010/1naka.pdf,official_meeting_summary
201006010409,2010,中山,1,4,9,2010-01-11,https://www.jra.go.jp/datafile/seiseki/report/2010/1naka.pdf,official_meeting_summary
201006010410,2010,中山,1,4,10,2010-01-11,https://www.jra.go.jp/datafile/seiseki/report/2010/1naka.pdf,official_meeting_summary
201006010411,2010,中山,1,4,11,2010-01-11,https://www.jra.go.jp/datafile/seiseki/report/2010/1naka.pdf,official_meeting_summary
201006010412,2010,中山,1,4,12,2010-01-11,https://www.jra.go.jp/datafile/seiseki/report/2010/1naka.pdf,official_meeting_summary
201006010501,2010,中山,1,5,1,2010-01-16,https://www.jra.go.jp/datafile/seiseki/report/2010/1naka.pdf,official_meeting_summary
201006010502,2010,中山,1,5,2,2010-01-16,https://www.jra.go.jp/datafile/seiseki/report/2010/1naka.pdf,official_meeting_summary
201006010503,2010,中山,1,5,3,2010-01-16,https://www.jra.go.jp/datafile/seiseki/report/2010/1naka.pdf,official_meeting_summary
201006010504,2010,中山,1,5,4,2010-01-16,https://www.jra.go.jp/datafile/seiseki/report/2010/1naka.pdf,official_meeting_summary
201006010505,2010,中山,1,5,5,2010-01-16,https://www.jra.go.jp/datafile/seiseki/report/2010/1naka.pdf,official_meeting_summary
201006010506,2010,中山,1,5,6,2010-01-16,https://www.jra.go.jp/datafile/seiseki/report/2010/1naka.pdf,official_meeting_summary
201006010507,2010,中山,1,5,7,2010-01-16,https://www.jra.go.jp/datafile/seiseki/report/2010/1naka.pdf,official_meeting_summary
201006010508,2010,中山,1,5,8,2010-01-16,https://www.jra.go.jp/datafile/seiseki/report/2010/1naka.pdf,official_meeting_summary
201006010509,2010,中山,1,5,9,2010-01-16,https://www.jra.go.jp/datafile/seiseki/report/2010/1naka.pdf,official_meeting_summary
201006010510,2010,中山,1,5,10,2010-01-16,https://www.jra.go.jp/datafile/seiseki/report/2010/1naka.pdf,official_meeting_summary
201006010511,2010,中山,1,5,11,2010-01-16,https://www.jra.go.jp/datafile/seiseki/report/2010/1naka.pdf,official_meeting_summary
201006010512,2010,中山,1,5,12,2010-01-16,https://www.jra.go.jp/datafile/seiseki/report/2010/1naka.pdf,official_meeting_summary
201006010601,2010,中山,1,6,1,2010-01-17,https://www.jra.go.jp/datafile/seiseki/report/2010/1naka.pdf,official_meeting_summary
201006010602,2010,中山,1,6,2,2010-01-17,https://www.jra.go.jp/datafile/seiseki/report/2010/1naka.pdf,official_meeting_summary
201006010603,2010,中山,1,6,3,2010-01-17,https://www.jra.go.jp/datafile/seiseki/report/2010/1naka.pdf,official_meeting_summary
201006010604,2010,中山,1,6,4,2010-01-17,https://www.jra.go.jp/datafile/seiseki/report/2010/1naka.pdf,official_meeting_summary
201006010605,2010,中山,1,6,5,2010-01-17,https://www.jra.go.jp/datafile/seiseki/report/2010/1naka.pdf,official_meeting_summary
201006010606,2010,中山,1,6,6,2010-01-17,https://www.jra.go.jp/datafile/seiseki/report/2010/1naka.pdf,official_meeting_summary
201006010607,2010,中山,1,6,7,2010-01-17,https://www.jra.go.jp/datafile/seiseki/report/2010/1naka.pdf,official_meeting_summary
201006010608,2010,中山,1,6,8,2010-01-17,https://www.jra.go.jp/datafile/seiseki/report/2010/1naka.pdf,official_meeting_summary
201006010609,2010,中山,1,6,9,2010-01-17,https://www.jra.go.jp/datafile/seiseki/report/2010/1naka.pdf,official_meeting_summary
201006010610,2010,中山,1,6,10,2010-01-17,https://www.jra.go.jp/datafile/seiseki/report/2010/1naka.pdf,official_meeting_summary
201006010611,2010,中山,1,6,11,2010-01-17,https://www.jra.go.jp/datafile/seiseki/report/2010/1naka.pdf,official_meeting_summary
201006010612,2010,中山,1,6,12,2010-01-17,https://www.jra.go.jp/datafile/seiseki/report/2010/1naka.pdf,official_meeting_summary
201006010701,2010,中山,1,7,1,2010-01-23,https://www.jra.go.jp/datafile/seiseki/report/2010/1naka.pdf,official_meeting_summary
201006010702,2010,中山,1,7,2,2010-01-23,https://www.jra.go.jp/datafile/seiseki/report/2010/1naka.pdf,official_meeting_summary
201006010703,2010,中山,1,7,3,2010-01-23,https://www.jra.go.jp/datafile/seiseki/report/2010/1naka.pdf,official_meeting_summary
201006010704,2010,中山,1,7,4,2010-01-23,https://www.jra.go.jp/datafile/seiseki/report/2010/1naka.pdf,official_meeting_summary
201006010705,2010,中山,1,7,5,2010-01-23,https://www.jra.go.jp/datafile/seiseki/report/2010/1naka.pdf,official_meeting_summary
201006010706,2010,中山,1,7,6,2010-01-23,https://www.jra.go.jp/datafile/seiseki/report/2010/1naka.pdf,official_meeting_summary
201006010707,2010,中山,1,7,7,2010-01-23,https://www.jra.go.jp/datafile/seiseki/report/2010/1naka.pdf,official_meeting_summary
201006010708,2010,中山,1,7,8,2010-01-23,https://www.jra.go.jp/datafile/seiseki/report/2010/1naka.pdf,official_meeting_summary
201006010709,2010,中山,1,7,9,2010-01-23,https://www.jra.go.jp/datafile/seiseki/report/2010/1naka.pdf,official_meeting_summary
201006010710,2010,中山,1,7,10,2010-01-23,https://www.jra.go.jp/datafile/seiseki/report/2010/1naka.pdf,official_meeting_summary
201006010711,2010,中山,1,7,11,2010-01-23,https://www.jra.go.jp/datafile/seiseki/report/2010/1naka.pdf,official_meeting_summary
201006010712,2010,中山,1,7,12,2010-01-23,https://www.jra.go.jp/datafile/seiseki/report/2010/1naka.pdf,official_meeting_summary
201006010801,2010,中山,1,8,1,2010-01-24,https://www.jra.go.jp/datafile/seiseki/report/2010/1naka.pdf,official_meeting_summary
201006010802,2010,中山,1,8,2,2010-01-24,https://www.jra.go.jp/datafile/seiseki/report/2010/1naka.pdf,official_meeting_summary
201006010803,2010,中山,1,8,3,2010-01-24,https://www.jra.go.jp/datafile/seiseki/report/2010/1naka.pdf,official_meeting_summary
201006010804,2010,中山,1,8,4,2010-01-24,https://www.jra.go.jp/datafile/seiseki/report/2010/1naka.pdf,official_meeting_summary
201006010805,2010,中山,1,8,5,2010-01-24,https://www.jra.go.jp/datafile/seiseki/report/2010/1naka.pdf,official_meeting_summary
201006010806,2010,中山,1,8,6,2010-01-24,https://www.jra.go.jp/datafile/seiseki/report/2010/1naka.pdf,official_meeting_summary
201006010807,2010,中山,1,8,7,2010-01-24,https://www.jra.go.jp/datafile/seiseki/report/2010/1naka.pdf,official_meeting_summary
201006010808,2010,中山,1,8,8,2010-01-24,https://www.jra.go.jp/datafile/seiseki/report/2010/1naka.pdf,official_meeting_summary
201006010809,2010,中山,1,8,9,2010-01-24,https://www.jra.go.jp/datafile/seiseki/report/2010/1naka.pdf,official_meeting_summary
201006010810,2010,中山,1,8,10,2010-01-24,https://www.jra.go.jp/datafile/seiseki/report/2010/1naka.pdf,official_meeting_summary
201006010811,2010,中山,1,8,11,2010-01-24,https://www.jra.go.jp/datafile/seiseki/report/2010/1naka.pdf,official_meeting_summary
201006010812,2010,中山,1,8,12,2010-01-24,https://www.jra.go.jp/datafile/seiseki/report/2010/1naka.pdf,official_meeting_summary
201006020101,2010,中山,2,1,1,2010-02-27,https://www.jra.go.jp/datafile/seiseki/report/2010/2naka.pdf,official_meeting_summary
201006020102,2010,中山,2,1,2,2010-02-27,https://www.jra.go.jp/datafile/seiseki/report/2010/2naka.pdf,official_meeting_summary
201006020103,2010,中山,2,1,3,2010-02-27,https://www.jra.go.jp/datafile/seiseki/report/2010/2naka.pdf,official_meeting_summary
201006020104,2010,中山,2,1,4,2010-02-27,https://www.jra.go.jp/datafile/seiseki/report/2010/2naka.pdf,official_meeting_summary
201006020105,2010,中山,2,1,5,2010-02-27,https://www.jra.go.jp/datafile/seiseki/report/2010/2naka.pdf,official_meeting_summary
201006020106,2010,中山,2,1,6,2010-02-27,https://www.jra.go.jp/datafile/seiseki/report/2010/2naka.pdf,official_meeting_summary
201006020107,2010,中山,2,1,7,2010-02-27,https://www.jra.go.jp/datafile/seiseki/report/2010/2naka.pdf,official_meeting_summary
201006020108,2010,中山,2,1,8,2010-02-27,https://www.jra.go.jp/datafile/seiseki/report/2010/2naka.pdf,official_meeting_summary
201006020109,2010,中山,2,1,9,2010-02-27,https://www.jra.go.jp/datafile/seiseki/report/2010/2naka.pdf,official_meeting_summary
201006020110,2010,中山,2,1,10,2010-02-27,https://www.jra.go.jp/datafile/seiseki/report/2010/2naka.pdf,official_meeting_summary
201006020111,2010,中山,2,1,11,2010-02-27,https://www.jra.go.jp/datafile/seiseki/report/2010/2naka.pdf,official_meeting_summary
201006020112,2010,中山,2,1,12,2010-02-27,https://www.jra.go.jp/datafile/seiseki/report/2010/2naka.pdf,official_meeting_summary
201006020201,2010,中山,2,2,1,2010-02-28,https://www.jra.go.jp/datafile/seiseki/report/2010/2naka.pdf,official_meeting_summary
201006020202,2010,中山,2,2,2,2010-02-28,https://www.jra.go.jp/datafile/seiseki/report/2010/2naka.pdf,official_meeting_summary
201006020203,2010,中山,2,2,3,2010-02-28,https://www.jra.go.jp/datafile/seiseki/report/2010/2naka.pdf,official_meeting_summary
201006020204,2010,中山,2,2,4,2010-02-28,https://www.jra.go.jp/datafile/seiseki/report/2010/2naka.pdf,official_meeting_summary
201006020205,2010,中山,2,2,5,2010-02-28,https://www.jra.go.jp/datafile/seiseki/report/2010/2naka.pdf,official_meeting_summary
201006020206,2010,中山,2,2,6,2010-02-28,https://www.jra.go.jp/datafile/seiseki/report/2010/2naka.pdf,official_meeting_summary
201006020207,2010,中山,2,2,7,2010-02-28,https://www.jra.go.jp/datafile/seiseki/report/2010/2naka.pdf,official_meeting_summary
201006020208,2010,中山,2,2,8,2010-02-28,https://www.jra.go.jp/datafile/seiseki/report/2010/2naka.pdf,official_meeting_summary
201006020209,2010,中山,2,2,9,2010-02-28,https://www.jra.go.jp/datafile/seiseki/report/2010/2naka.pdf,official_meeting_summary
201006020210,2010,中山,2,2,10,2010-02-28,https://www.jra.go.jp/datafile/seiseki/report/2010/2naka.pdf,official_meeting_summary
201006020211,2010,中山,2,2,11,2010-02-28,https://www.jra.go.jp/datafile/seiseki/report/2010/2naka.pdf,official_meeting_summary
201006020212,2010,中山,2,2,12,2010-02-28,https://www.jra.go.jp/datafile/seiseki/report/2010/2naka.pdf,official_meeting_summary
201006020301,2010,中山,2,3,1,2010-03-06,https://www.jra.go.jp/datafile/seiseki/report/2010/2naka.pdf,official_meeting_summary
201006020302,2010,中山,2,3,2,2010-03-06,https://www.jra.go.jp/datafile/seiseki/report/2010/2naka.pdf,official_meeting_summary
201006020303,2010,中山,2,3,3,2010-03-06,https://www.jra.go.jp/datafile/seiseki/report/2010/2naka.pdf,official_meeting_summary
201006020304,2010,中山,2,3,4,2010-03-06,https://www.jra.go.jp/datafile/seiseki/report/2010/2naka.pdf,official_meeting_summary
201006020305,2010,中山,2,3,5,2010-03-06,https://www.jra.go.jp/datafile/seiseki/report/2010/2naka.pdf,official_meeting_summary
201006020306,2010,中山,2,3,6,2010-03-06,https://www.jra.go.jp/datafile/seiseki/report/2010/2naka.pdf,official_meeting_summary
201006020307,2010,中山,2,3,7,2010-03-06,https://www.jra.go.jp/datafile/seiseki/report/2010/2naka.pdf,official_meeting_summary
201006020308,2010,中山,2,3,8,2010-03-06,https://www.jra.go.jp/datafile/seiseki/report/2010/2naka.pdf,official_meeting_summary
201006020309,2010,中山,2,3,9,2010-03-06,https://www.jra.go.jp/datafile/seiseki/report/2010/2naka.pdf,official_meeting_summary
201006020310,2010,中山,2,3,10,2010-03-06,https://www.jra.go.jp/datafile/seiseki/report/2010/2naka.pdf,official_meeting_summary
201006020311,2010,中山,2,3,11,2010-03-06,https://www.jra.go.jp/datafile/seiseki/report/2010/2naka.pdf,official_meeting_summary
201006020312,2010,中山,2,3,12,2010-03-06,https://www.jra.go.jp/datafile/seiseki/report/2010/2naka.pdf,official_meeting_summary
201006020401,2010,中山,2,4,1,2010-03-07,https://www.jra.go.jp/datafile/seiseki/report/2010/2naka.pdf,official_meeting_summary
201006020402,2010,中山,2,4,2,2010-03-07,https://www.jra.go.jp/datafile/seiseki/report/2010/2naka.pdf,official_meeting_summary
201006020403,2010,中山,2,4,3,2010-03-07,https://www.jra.go.jp/datafile/seiseki/report/2010/2naka.pdf,official_meeting_summary
201006020404,2010,中山,2,4,4,2010-03-07,https://www.jra.go.jp/datafile/seiseki/report/2010/2naka.pdf,official_meeting_summary
201006020405,2010,中山,2,4,5,2010-03-07,https://www.jra.go.jp/datafile/seiseki/report/2010/2naka.pdf,official_meeting_summary
201006020406,2010,中山,2,4,6,2010-03-07,https://www.jra.go.jp/datafile/seiseki/report/2010/2naka.pdf,official_meeting_summary
201006020407,2010,中山,2,4,7,2010-03-07,https://www.jra.go.jp/datafile/seiseki/report/2010/2naka.pdf,official_meeting_summary
201006020408,2010,中山,2,4,8,2010-03-07,https://www.jra.go.jp/datafile/seiseki/report/2010/2naka.pdf,official_meeting_summary
201006020409,2010,中山,2,4,9,2010-03-07,https://www.jra.go.jp/datafile/seiseki/report/2010/2naka.pdf,official_meeting_summary
201006020410,2010,中山,2,4,10,2010-03-07,https://www.jra.go.jp/datafile/seiseki/report/2010/2naka.pdf,official_meeting_summary
201006020411,2010,中山,2,4,11,2010-03-07,https://www.jra.go.jp/datafile/seiseki/report/2010/2naka.pdf,official_meeting_summary
201006020412,2010,中山,2,4,12,2010-03-07,https://www.jra.go.jp/datafile/seiseki/report/2010/2naka.pdf,official_meeting_summary
201006020501,2010,中山,2,5,1,2010-03-13,https://www.jra.go.jp/datafile/seiseki/report/2010/2naka.pdf,official_meeting_summary
201006020502,2010,中山,2,5,2,2010-03-13,https://www.jra.go.jp/datafile/seiseki/report/2010/2naka.pdf,official_meeting_summary
201006020503,2010,中山,2,5,3,2010-03-13,https://www.jra.go.jp/datafile/seiseki/report/2010/2naka.pdf,official_meeting_summary
201006020504,2010,中山,2,5,4,2010-03-13,https://www.jra.go.jp/datafile/seiseki/report/2010/2naka.pdf,official_meeting_summary
201006020505,2010,中山,2,5,5,2010-03-13,https://www.jra.go.jp/datafile/seiseki/report/2010/2naka.pdf,official_meeting_summary
201006020506,2010,中山,2,5,6,2010-03-13,https://www.jra.go.jp/datafile/seiseki/report/2010/2naka.pdf,official_meeting_summary
201006020507,2010,中山,2,5,7,2010-03-13,https://www.jra.go.jp/datafile/seiseki/report/2010/2naka.pdf,official_meeting_summary
201006020508,2010,中山,2,5,8,2010-03-13,https://www.jra.go.jp/datafile/seiseki/report/2010/2naka.pdf,official_meeting_summary
201006020509,2010,中山,2,5,9,2010-03-13,https://www.jra.go.jp/datafile/seiseki/report/2010/2naka.pdf,official_meeting_summary
201006020510,2010,中山,2,5,10,2010-03-13,https://www.jra.go.jp/datafile/seiseki/report/2010/2naka.pdf,official_meeting_summary
201006020511,2010,中山,2,5,11,2010-03-13,https://www.jra.go.jp/datafile/seiseki/report/2010/2naka.pdf,official_meeting_summary
201006020512,2010,中山,2,5,12,2010-03-13,https://www.jra.go.jp/datafile/seiseki/report/2010/2naka.pdf,official_meeting_summary
201006020601,2010,中山,2,6,1,2010-03-14,https://www.jra.go.jp/datafile/seiseki/report/2010/2naka.pdf,official_meeting_summary
201006020602,2010,中山,2,6,2,2010-03-14,https://www.jra.go.jp/datafile/seiseki/report/2010/2naka.pdf,official_meeting_summary
201006020603,2010,中山,2,6,3,2010-03-14,https://www.jra.go.jp/datafile/seiseki/report/2010/2naka.pdf,official_meeting_summary
201006020604,2010,中山,2,6,4,2010-03-14,https://www.jra.go.jp/datafile/seiseki/report/2010/2naka.pdf,official_meeting_summary
201006020605,2010,中山,2,6,5,2010-03-14,https://www.jra.go.jp/datafile/seiseki/report/2010/2naka.pdf,official_meeting_summary
201006020606,2010,中山,2,6,6,2010-03-14,https://www.jra.go.jp/datafile/seiseki/report/2010/2naka.pdf,official_meeting_summary
201006020607,2010,中山,2,6,7,2010-03-14,https://www.jra.go.jp/datafile/seiseki/report/2010/2naka.pdf,official_meeting_summary
201006020608,2010,中山,2,6,8,2010-03-14,https://www.jra.go.jp/datafile/seiseki/report/2010/2naka.pdf,official_meeting_summary
201006020609,2010,中山,2,6,9,2010-03-14,https://www.jra.go.jp/datafile/seiseki/report/2010/2naka.pdf,official_meeting_summary
201006020610,2010,中山,2,6,10,2010-03-14,https://www.jra.go.jp/datafile/seiseki/report/2010/2naka.pdf,official_meeting_summary
201006020611,2010,中山,2,6,11,2010-03-14,https://www.jra.go.jp/datafile/seiseki/report/2010/2naka.pdf,official_meeting_summary
201006020612,2010,中山,2,6,12,2010-03-14,https://www.jra.go.jp/datafile/seiseki/report/2010/2naka.pdf,official_meeting_summary
201006020701,2010,中山,2,7,1,2010-03-20,https://www.jra.go.jp/datafile/seiseki/report/2010/2naka.pdf,official_meeting_summary
201006020702,2010,中山,2,7,2,2010-03-20,https://www.jra.go.jp/datafile/seiseki/report/2010/2naka.pdf,official_meeting_summary
201006020703,2010,中山,2,7,3,2010-03-20,https://www.jra.go.jp/datafile/seiseki/report/2010/2naka.pdf,official_meeting_summary
201006020704,2010,中山,2,7,4,2010-03-20,https://www.jra.go.jp/datafile/seiseki/report/2010/2naka.pdf,official_meeting_summary
201006020705,2010,中山,2,7,5,2010-03-20,https://www.jra.go.jp/datafile/seiseki/report/2010/2naka.pdf,official_meeting_summary
201006020706,2010,中山,2,7,6,2010-03-20,https://www.jra.go.jp/datafile/seiseki/report/2010/2naka.pdf,official_meeting_summary
201006020707,2010,中山,2,7,7,2010-03-20,https://www.jra.go.jp/datafile/seiseki/report/2010/2naka.pdf,official_meeting_summary
201006020708,2010,中山,2,7,8,2010-03-20,https://www.jra.go.jp/datafile/seiseki/report/2010/2naka.pdf,official_meeting_summary
201006020709,2010,中山,2,7,9,2010-03-20,https://www.jra.go.jp/datafile/seiseki/report/2010/2naka.pdf,official_meeting_summary
201006020710,2010,中山,2,7,10,2010-03-20,https://www.jra.go.jp/datafile/seiseki/report/2010/2naka.pdf,official_meeting_summary
201006020711,2010,中山,2,7,11,2010-03-20,https://www.jra.go.jp/datafile/seiseki/report/2010/2naka.pdf,official_meeting_summary
201006020712,2010,中山,2,7,12,2010-03-20,https://www.jra.go.jp/datafile/seiseki/report/2010/2naka.pdf,official_meeting_summary
201006020801,2010,中山,2,8,1,2010-03-21,https://www.jra.go.jp/datafile/seiseki/report/2010/2naka.pdf,official_meeting_summary
201006020802,2010,中山,2,8,2,2010-03-21,https://www.jra.go.jp/datafile/seiseki/report/2010/2naka.pdf,official_meeting_summary
201006020803,2010,中山,2,8,3,2010-03-21,https://www.jra.go.jp/datafile/seiseki/report/2010/2naka.pdf,official_meeting_summary
201006020804,2010,中山,2,8,4,2010-03-21,https://www.jra.go.jp/datafile/seiseki/report/2010/2naka.pdf,official_meeting_summary
201006020805,2010,中山,2,8,5,2010-03-21,https://www.jra.go.jp/datafile/seiseki/report/2010/2naka.pdf,official_meeting_summary
201006020806,2010,中山,2,8,6,2010-03-21,https://www.jra.go.jp/datafile/seiseki/report/2010/2naka.pdf,official_meeting_summary
201006020807,2010,中山,2,8,7,2010-03-21,https://www.jra.go.jp/datafile/seiseki/report/2010/2naka.pdf,official_meeting_summary
201006020808,2010,中山,2,8,8,2010-03-21,https://www.jra.go.jp/datafile/seiseki/report/2010/2naka.pdf,official_meeting_summary
201006020809,2010,中山,2,8,9,2010-03-21,https://www.jra.go.jp/datafile/seiseki/report/2010/2naka.pdf,official_meeting_summary
201006020810,2010,中山,2,8,10,2010-03-21,https://www.jra.go.jp/datafile/seiseki/report/2010/2naka.pdf,official_meeting_summary
201006020811,2010,中山,2,8,11,2010-03-21,https://www.jra.go.jp/datafile/seiseki/report/2010/2naka.pdf,official_meeting_summary
201006020812,2010,中山,2,8,12,2010-03-21,https://www.jra.go.jp/datafile/seiseki/report/2010/2naka.pdf,official_meeting_summary
201006030101,2010,中山,3,1,1,2010-03-27,https://www.jra.go.jp/datafile/seiseki/report/2010/3naka.pdf,official_meeting_summary
201006030102,2010,中山,3,1,2,2010-03-27,https://www.jra.go.jp/datafile/seiseki/report/2010/3naka.pdf,official_meeting_summary
201006030103,2010,中山,3,1,3,2010-03-27,https://www.jra.go.jp/datafile/seiseki/report/2010/3naka.pdf,official_meeting_summary
201006030104,2010,中山,3,1,4,2010-03-27,https://www.jra.go.jp/datafile/seiseki/report/2010/3naka.pdf,official_meeting_summary
201006030105,2010,中山,3,1,5,2010-03-27,https://www.jra.go.jp/datafile/seiseki/report/2010/3naka.pdf,official_meeting_summary
201006030106,2010,中山,3,1,6,2010-03-27,https://www.jra.go.jp/datafile/seiseki/report/2010/3naka.pdf,official_meeting_summary
201006030107,2010,中山,3,1,7,2010-03-27,https://www.jra.go.jp/datafile/seiseki/report/2010/3naka.pdf,official_meeting_summary
201006030108,2010,中山,3,1,8,2010-03-27,https://www.jra.go.jp/datafile/seiseki/report/2010/3naka.pdf,official_meeting_summary
201006030109,2010,中山,3,1,9,2010-03-27,https://www.jra.go.jp/datafile/seiseki/report/2010/3naka.pdf,official_meeting_summary
201006030110,2010,中山,3,1,10,2010-03-27,https://www.jra.go.jp/datafile/seiseki/report/2010/3naka.pdf,official_meeting_summary
201006030111,2010,中山,3,1,11,2010-03-27,https://www.jra.go.jp/datafile/seiseki/report/2010/3naka.pdf,official_meeting_summary
201006030112,2010,中山,3,1,12,2010-03-27,https://www.jra.go.jp/datafile/seiseki/report/2010/3naka.pdf,official_meeting_summary
201006030201,2010,中山,3,2,1,2010-03-28,https://www.jra.go.jp/datafile/seiseki/report/2010/3naka.pdf,official_meeting_summary
201006030202,2010,中山,3,2,2,2010-03-28,https://www.jra.go.jp/datafile/seiseki/report/2010/3naka.pdf,official_meeting_summary
201006030203,2010,中山,3,2,3,2010-03-28,https://www.jra.go.jp/datafile/seiseki/report/2010/3naka.pdf,official_meeting_summary
201006030204,2010,中山,3,2,4,2010-03-28,https://www.jra.go.jp/datafile/seiseki/report/2010/3naka.pdf,official_meeting_summary
201006030205,2010,中山,3,2,5,2010-03-28,https://www.jra.go.jp/datafile/seiseki/report/2010/3naka.pdf,official_meeting_summary
201006030206,2010,中山,3,2,6,2010-03-28,https://www.jra.go.jp/datafile/seiseki/report/2010/3naka.pdf,official_meeting_summary
201006030207,2010,中山,3,2,7,2010-03-28,https://www.jra.go.jp/datafile/seiseki/report/2010/3naka.pdf,official_meeting_summary
201006030208,2010,中山,3,2,8,2010-03-28,https://www.jra.go.jp/datafile/seiseki/report/2010/3naka.pdf,official_meeting_summary
201006030209,2010,中山,3,2,9,2010-03-28,https://www.jra.go.jp/datafile/seiseki/report/2010/3naka.pdf,official_meeting_summary
201006030210,2010,中山,3,2,10,2010-03-28,https://www.jra.go.jp/datafile/seiseki/report/2010/3naka.pdf,official_meeting_summary
201006030211,2010,中山,3,2,11,2010-03-28,https://www.jra.go.jp/datafile/seiseki/report/2010/3naka.pdf,official_meeting_summary
201006030212,2010,中山,3,2,12,2010-03-28,https://www.jra.go.jp/datafile/seiseki/report/2010/3naka.pdf,official_meeting_summary
201006030301,2010,中山,3,3,1,2010-04-03,https://www.jra.go.jp/datafile/seiseki/report/2010/3naka.pdf,official_meeting_summary
201006030302,2010,中山,3,3,2,2010-04-03,https://www.jra.go.jp/datafile/seiseki/report/2010/3naka.pdf,official_meeting_summary
201006030303,2010,中山,3,3,3,2010-04-03,https://www.jra.go.jp/datafile/seiseki/report/2010/3naka.pdf,official_meeting_summary
201006030304,2010,中山,3,3,4,2010-04-03,https://www.jra.go.jp/datafile/seiseki/report/2010/3naka.pdf,official_meeting_summary
201006030305,2010,中山,3,3,5,2010-04-03,https://www.jra.go.jp/datafile/seiseki/report/2010/3naka.pdf,official_meeting_summary
201006030306,2010,中山,3,3,6,2010-04-03,https://www.jra.go.jp/datafile/seiseki/report/2010/3naka.pdf,official_meeting_summary
201006030307,2010,中山,3,3,7,2010-04-03,https://www.jra.go.jp/datafile/seiseki/report/2010/3naka.pdf,official_meeting_summary
201006030308,2010,中山,3,3,8,2010-04-03,https://www.jra.go.jp/datafile/seiseki/report/2010/3naka.pdf,official_meeting_summary
201006030309,2010,中山,3,3,9,2010-04-03,https://www.jra.go.jp/datafile/seiseki/report/2010/3naka.pdf,official_meeting_summary
201006030310,2010,中山,3,3,10,2010-04-03,https://www.jra.go.jp/datafile/seiseki/report/2010/3naka.pdf,official_meeting_summary
201006030311,2010,中山,3,3,11,2010-04-03,https://www.jra.go.jp/datafile/seiseki/report/2010/3naka.pdf,official_meeting_summary
201006030312,2010,中山,3,3,12,2010-04-03,https://www.jra.go.jp/datafile/seiseki/report/2010/3naka.pdf,official_meeting_summary
201006030401,2010,中山,3,4,1,2010-04-04,https://www.jra.go.jp/datafile/seiseki/report/2010/3naka.pdf,official_meeting_summary
201006030402,2010,中山,3,4,2,2010-04-04,https://www.jra.go.jp/datafile/seiseki/report/2010/3naka.pdf,official_meeting_summary
201006030403,2010,中山,3,4,3,2010-04-04,https://www.jra.go.jp/datafile/seiseki/report/2010/3naka.pdf,official_meeting_summary
201006030404,2010,中山,3,4,4,2010-04-04,https://www.jra.go.jp/datafile/seiseki/report/2010/3naka.pdf,official_meeting_summary
201006030405,2010,中山,3,4,5,2010-04-04,https://www.jra.go.jp/datafile/seiseki/report/2010/3naka.pdf,official_meeting_summary
201006030406,2010,中山,3,4,6,2010-04-04,https://www.jra.go.jp/datafile/seiseki/report/2010/3naka.pdf,official_meeting_summary
201006030407,2010,中山,3,4,7,2010-04-04,https://www.jra.go.jp/datafile/seiseki/report/2010/3naka.pdf,official_meeting_summary
201006030408,2010,中山,3,4,8,2010-04-04,https://www.jra.go.jp/datafile/seiseki/report/2010/3naka.pdf,official_meeting_summary
201006030409,2010,中山,3,4,9,2010-04-04,https://www.jra.go.jp/datafile/seiseki/report/2010/3naka.pdf,official_meeting_summary
201006030410,2010,中山,3,4,10,2010-04-04,https://www.jra.go.jp/datafile/seiseki/report/2010/3naka.pdf,official_meeting_summary
201006030411,2010,中山,3,4,11,2010-04-04,https://www.jra.go.jp/datafile/seiseki/report/2010/3naka.pdf,official_meeting_summary
201006030412,2010,中山,3,4,12,2010-04-04,https://www.jra.go.jp/datafile/seiseki/report/2010/3naka.pdf,official_meeting_summary
201006030501,2010,中山,3,5,1,2010-04-10,https://www.jra.go.jp/datafile/seiseki/report/2010/3naka.pdf,official_meeting_summary
201006030502,2010,中山,3,5,2,2010-04-10,https://www.jra.go.jp/datafile/seiseki/report/2010/3naka.pdf,official_meeting_summary
201006030503,2010,中山,3,5,3,2010-04-10,https://www.jra.go.jp/datafile/seiseki/report/2010/3naka.pdf,official_meeting_summary
201006030504,2010,中山,3,5,4,2010-04-10,https://www.jra.go.jp/datafile/seiseki/report/2010/3naka.pdf,official_meeting_summary
201006030505,2010,中山,3,5,5,2010-04-10,https://www.jra.go.jp/datafile/seiseki/report/2010/3naka.pdf,official_meeting_summary
201006030506,2010,中山,3,5,6,2010-04-10,https://www.jra.go.jp/datafile/seiseki/report/2010/3naka.pdf,official_meeting_summary
201006030507,2010,中山,3,5,7,2010-04-10,https://www.jra.go.jp/datafile/seiseki/report/2010/3naka.pdf,official_meeting_summary
201006030508,2010,中山,3,5,8,2010-04-10,https://www.jra.go.jp/datafile/seiseki/report/2010/3naka.pdf,official_meeting_summary
201006030509,2010,中山,3,5,9,2010-04-10,https://www.jra.go.jp/datafile/seiseki/report/2010/3naka.pdf,official_meeting_summary
201006030510,2010,中山,3,5,10,2010-04-10,https://www.jra.go.jp/datafile/seiseki/report/2010/3naka.pdf,official_meeting_summary
201006030511,2010,中山,3,5,11,2010-04-10,https://www.jra.go.jp/datafile/seiseki/report/2010/3naka.pdf,official_meeting_summary
201006030512,2010,中山,3,5,12,2010-04-10,https://www.jra.go.jp/datafile/seiseki/report/2010/3naka.pdf,official_meeting_summary
201006030601,2010,中山,3,6,1,2010-04-11,https://www.jra.go.jp/datafile/seiseki/report/2010/3naka.pdf,official_meeting_summary
201006030602,2010,中山,3,6,2,2010-04-11,https://www.jra.go.jp/datafile/seiseki/report/2010/3naka.pdf,official_meeting_summary
201006030603,2010,中山,3,6,3,2010-04-11,https://www.jra.go.jp/datafile/seiseki/report/2010/3naka.pdf,official_meeting_summary
201006030604,2010,中山,3,6,4,2010-04-11,https://www.jra.go.jp/datafile/seiseki/report/2010/3naka.pdf,official_meeting_summary
201006030605,2010,中山,3,6,5,2010-04-11,https://www.jra.go.jp/datafile/seiseki/report/2010/3naka.pdf,official_meeting_summary
201006030606,2010,中山,3,6,6,2010-04-11,https://www.jra.go.jp/datafile/seiseki/report/2010/3naka.pdf,official_meeting_summary
201006030607,2010,中山,3,6,7,2010-04-11,https://www.jra.go.jp/datafile/seiseki/report/2010/3naka.pdf,official_meeting_summary
201006030608,2010,中山,3,6,8,2010-04-11,https://www.jra.go.jp/datafile/seiseki/report/2010/3naka.pdf,official_meeting_summary
201006030609,2010,中山,3,6,9,2010-04-11,https://www.jra.go.jp/datafile/seiseki/report/2010/3naka.pdf,official_meeting_summary
201006030610,2010,中山,3,6,10,2010-04-11,https://www.jra.go.jp/datafile/seiseki/report/2010/3naka.pdf,official_meeting_summary
201006030611,2010,中山,3,6,11,2010-04-11,https://www.jra.go.jp/datafile/seiseki/report/2010/3naka.pdf,official_meeting_summary
201006030612,2010,中山,3,6,12,2010-04-11,https://www.jra.go.jp/datafile/seiseki/report/2010/3naka.pdf,official_meeting_summary
201006030701,2010,中山,3,7,1,2010-04-17,https://www.jra.go.jp/datafile/seiseki/report/2010/3naka.pdf,official_meeting_summary
201006030702,2010,中山,3,7,2,2010-04-17,https://www.jra.go.jp/datafile/seiseki/report/2010/3naka.pdf,official_meeting_summary
201006030703,2010,中山,3,7,3,2010-04-17,https://www.jra.go.jp/datafile/seiseki/report/2010/3naka.pdf,official_meeting_summary
201006030704,2010,中山,3,7,4,2010-04-17,https://www.jra.go.jp/datafile/seiseki/report/2010/3naka.pdf,official_meeting_summary
201006030705,2010,中山,3,7,5,2010-04-17,https://www.jra.go.jp/datafile/seiseki/report/2010/3naka.pdf,official_meeting_summary
201006030706,2010,中山,3,7,6,2010-04-17,https://www.jra.go.jp/datafile/seiseki/report/2010/3naka.pdf,official_meeting_summary
201006030707,2010,中山,3,7,7,2010-04-17,https://www.jra.go.jp/datafile/seiseki/report/2010/3naka.pdf,official_meeting_summary
201006030708,2010,中山,3,7,8,2010-04-17,https://www.jra.go.jp/datafile/seiseki/report/2010/3naka.pdf,official_meeting_summary
201006030709,2010,中山,3,7,9,2010-04-17,https://www.jra.go.jp/datafile/seiseki/report/2010/3naka.pdf,official_meeting_summary
201006030710,2010,中山,3,7,10,2010-04-17,https://www.jra.go.jp/datafile/seiseki/report/2010/3naka.pdf,official_meeting_summary
201006030711,2010,中山,3,7,11,2010-04-17,https://www.jra.go.jp/datafile/seiseki/report/2010/3naka.pdf,official_meeting_summary
201006030712,2010,中山,3,7,12,2010-04-17,https://www.jra.go.jp/datafile/seiseki/report/2010/3naka.pdf,official_meeting_summary
201006030801,2010,中山,3,8,1,2010-04-18,https://www.jra.go.jp/datafile/seiseki/report/2010/3naka.pdf,official_meeting_summary
201006030802,2010,中山,3,8,2,2010-04-18,https://www.jra.go.jp/datafile/seiseki/report/2010/3naka.pdf,official_meeting_summary
201006030803,2010,中山,3,8,3,2010-04-18,https://www.jra.go.jp/datafile/seiseki/report/2010/3naka.pdf,official_meeting_summary
201006030804,2010,中山,3,8,4,2010-04-18,https://www.jra.go.jp/datafile/seiseki/report/2010/3naka.pdf,official_meeting_summary
201006030805,2010,中山,3,8,5,2010-04-18,https://www.jra.go.jp/datafile/seiseki/report/2010/3naka.pdf,official_meeting_summary
201006030806,2010,中山,3,8,6,2010-04-18,https://www.jra.go.jp/datafile/seiseki/report/2010/3naka.pdf,official_meeting_summary
201006030807,2010,中山,3,8,7,2010-04-18,https://www.jra.go.jp/datafile/seiseki/report/2010/3naka.pdf,official_meeting_summary
201006030808,2010,中山,3,8,8,2010-04-18,https://www.jra.go.jp/datafile/seiseki/report/2010/3naka.pdf,official_meeting_summary
201006030809,2010,中山,3,8,9,2010-04-18,https://www.jra.go.jp/datafile/seiseki/report/2010/3naka.pdf,official_meeting_summary
201006030810,2010,中山,3,8,10,2010-04-18,https://www.jra.go.jp/datafile/seiseki/report/2010/3naka.pdf,official_meeting_summary
201006030811,2010,中山,3,8,11,2010-04-18,https://www.jra.go.jp/datafile/seiseki/report/2010/3naka.pdf,official_meeting_summary
201006030812,2010,中山,3,8,12,2010-04-18,https://www.jra.go.jp/datafile/seiseki/report/2010/3naka.pdf,official_meeting_summary
201006040101,2010,中山,4,1,1,2010-09-11,https://www.jra.go.jp/datafile/seiseki/report/2010/4naka.pdf,official_meeting_summary
201006040102,2010,中山,4,1,2,2010-09-11,https://www.jra.go.jp/datafile/seiseki/report/2010/4naka.pdf,official_meeting_summary
201006040103,2010,中山,4,1,3,2010-09-11,https://www.jra.go.jp/datafile/seiseki/report/2010/4naka.pdf,official_meeting_summary
201006040104,2010,中山,4,1,4,2010-09-11,https://www.jra.go.jp/datafile/seiseki/report/2010/4naka.pdf,official_meeting_summary
201006040105,2010,中山,4,1,5,2010-09-11,https://www.jra.go.jp/datafile/seiseki/report/2010/4naka.pdf,official_meeting_summary
201006040106,2010,中山,4,1,6,2010-09-11,https://www.jra.go.jp/datafile/seiseki/report/2010/4naka.pdf,official_meeting_summary
201006040107,2010,中山,4,1,7,2010-09-11,https://www.jra.go.jp/datafile/seiseki/report/2010/4naka.pdf,official_meeting_summary
201006040108,2010,中山,4,1,8,2010-09-11,https://www.jra.go.jp/datafile/seiseki/report/2010/4naka.pdf,official_meeting_summary
201006040109,2010,中山,4,1,9,2010-09-11,https://www.jra.go.jp/datafile/seiseki/report/2010/4naka.pdf,official_meeting_summary
201006040110,2010,中山,4,1,10,2010-09-11,https://www.jra.go.jp/datafile/seiseki/report/2010/4naka.pdf,official_meeting_summary
201006040111,2010,中山,4,1,11,2010-09-11,https://www.jra.go.jp/datafile/seiseki/report/2010/4naka.pdf,official_meeting_summary
201006040112,2010,中山,4,1,12,2010-09-11,https://www.jra.go.jp/datafile/seiseki/report/2010/4naka.pdf,official_meeting_summary
201006040201,2010,中山,4,2,1,2010-09-12,https://www.jra.go.jp/datafile/seiseki/report/2010/4naka.pdf,official_meeting_summary
201006040202,2010,中山,4,2,2,2010-09-12,https://www.jra.go.jp/datafile/seiseki/report/2010/4naka.pdf,official_meeting_summary
201006040203,2010,中山,4,2,3,2010-09-12,https://www.jra.go.jp/datafile/seiseki/report/2010/4naka.pdf,official_meeting_summary
201006040204,2010,中山,4,2,4,2010-09-12,https://www.jra.go.jp/datafile/seiseki/report/2010/4naka.pdf,official_meeting_summary
201006040205,2010,中山,4,2,5,2010-09-12,https://www.jra.go.jp/datafile/seiseki/report/2010/4naka.pdf,official_meeting_summary
201006040206,2010,中山,4,2,6,2010-09-12,https://www.jra.go.jp/datafile/seiseki/report/2010/4naka.pdf,official_meeting_summary
201006040207,2010,中山,4,2,7,2010-09-12,https://www.jra.go.jp/datafile/seiseki/report/2010/4naka.pdf,official_meeting_summary
201006040208,2010,中山,4,2,8,2010-09-12,https://www.jra.go.jp/datafile/seiseki/report/2010/4naka.pdf,official_meeting_summary
201006040209,2010,中山,4,2,9,2010-09-12,https://www.jra.go.jp/datafile/seiseki/report/2010/4naka.pdf,official_meeting_summary
201006040210,2010,中山,4,2,10,2010-09-12,https://www.jra.go.jp/datafile/seiseki/report/2010/4naka.pdf,official_meeting_summary
201006040211,2010,中山,4,2,11,2010-09-12,https://www.jra.go.jp/datafile/seiseki/report/2010/4naka.pdf,official_meeting_summary
201006040212,2010,中山,4,2,12,2010-09-12,https://www.jra.go.jp/datafile/seiseki/report/2010/4naka.pdf,official_meeting_summary
201006040301,2010,中山,4,3,1,2010-09-18,https://www.jra.go.jp/datafile/seiseki/report/2010/4naka.pdf,official_meeting_summary
201006040302,2010,中山,4,3,2,2010-09-18,https://www.jra.go.jp/datafile/seiseki/report/2010/4naka.pdf,official_meeting_summary
201006040303,2010,中山,4,3,3,2010-09-18,https://www.jra.go.jp/datafile/seiseki/report/2010/4naka.pdf,official_meeting_summary
201006040304,2010,中山,4,3,4,2010-09-18,https://www.jra.go.jp/datafile/seiseki/report/2010/4naka.pdf,official_meeting_summary
201006040305,2010,中山,4,3,5,2010-09-18,https://www.jra.go.jp/datafile/seiseki/report/2010/4naka.pdf,official_meeting_summary
201006040306,2010,中山,4,3,6,2010-09-18,https://www.jra.go.jp/datafile/seiseki/report/2010/4naka.pdf,official_meeting_summary
201006040307,2010,中山,4,3,7,2010-09-18,https://www.jra.go.jp/datafile/seiseki/report/2010/4naka.pdf,official_meeting_summary
201006040308,2010,中山,4,3,8,2010-09-18,https://www.jra.go.jp/datafile/seiseki/report/2010/4naka.pdf,official_meeting_summary
201006040309,2010,中山,4,3,9,2010-09-18,https://www.jra.go.jp/datafile/seiseki/report/2010/4naka.pdf,official_meeting_summary
201006040310,2010,中山,4,3,10,2010-09-18,https://www.jra.go.jp/datafile/seiseki/report/2010/4naka.pdf,official_meeting_summary
201006040311,2010,中山,4,3,11,2010-09-18,https://www.jra.go.jp/datafile/seiseki/report/2010/4naka.pdf,official_meeting_summary
201006040312,2010,中山,4,3,12,2010-09-18,https://www.jra.go.jp/datafile/seiseki/report/2010/4naka.pdf,official_meeting_summary
201006040401,2010,中山,4,4,1,2010-09-19,https://www.jra.go.jp/datafile/seiseki/report/2010/4naka.pdf,official_meeting_summary
201006040402,2010,中山,4,4,2,2010-09-19,https://www.jra.go.jp/datafile/seiseki/report/2010/4naka.pdf,official_meeting_summary
201006040403,2010,中山,4,4,3,2010-09-19,https://www.jra.go.jp/datafile/seiseki/report/2010/4naka.pdf,official_meeting_summary
201006040404,2010,中山,4,4,4,2010-09-19,https://www.jra.go.jp/datafile/seiseki/report/2010/4naka.pdf,official_meeting_summary
201006040405,2010,中山,4,4,5,2010-09-19,https://www.jra.go.jp/datafile/seiseki/report/2010/4naka.pdf,official_meeting_summary
201006040406,2010,中山,4,4,6,2010-09-19,https://www.jra.go.jp/datafile/seiseki/report/2010/4naka.pdf,official_meeting_summary
201006040407,2010,中山,4,4,7,2010-09-19,https://www.jra.go.jp/datafile/seiseki/report/2010/4naka.pdf,official_meeting_summary
201006040408,2010,中山,4,4,8,2010-09-19,https://www.jra.go.jp/datafile/seiseki/report/2010/4naka.pdf,official_meeting_summary
201006040409,2010,中山,4,4,9,2010-09-19,https://www.jra.go.jp/datafile/seiseki/report/2010/4naka.pdf,official_meeting_summary
201006040410,2010,中山,4,4,10,2010-09-19,https://www.jra.go.jp/datafile/seiseki/report/2010/4naka.pdf,official_meeting_summary
201006040411,2010,中山,4,4,11,2010-09-19,https://www.jra.go.jp/datafile/seiseki/report/2010/4naka.pdf,official_meeting_summary
201006040412,2010,中山,4,4,12,2010-09-19,https://www.jra.go.jp/datafile/seiseki/report/2010/4naka.pdf,official_meeting_summary
201006040501,2010,中山,4,5,1,2010-09-25,https://www.jra.go.jp/datafile/seiseki/report/2010/4naka.pdf,official_meeting_summary
201006040502,2010,中山,4,5,2,2010-09-25,https://www.jra.go.jp/datafile/seiseki/report/2010/4naka.pdf,official_meeting_summary
201006040503,2010,中山,4,5,3,2010-09-25,https://www.jra.go.jp/datafile/seiseki/report/2010/4naka.pdf,official_meeting_summary
201006040504,2010,中山,4,5,4,2010-09-25,https://www.jra.go.jp/datafile/seiseki/report/2010/4naka.pdf,official_meeting_summary
201006040505,2010,中山,4,5,5,2010-09-25,https://www.jra.go.jp/datafile/seiseki/report/2010/4naka.pdf,official_meeting_summary
201006040506,2010,中山,4,5,6,2010-09-25,https://www.jra.go.jp/datafile/seiseki/report/2010/4naka.pdf,official_meeting_summary
201006040507,2010,中山,4,5,7,2010-09-25,https://www.jra.go.jp/datafile/seiseki/report/2010/4naka.pdf,official_meeting_summary
201006040508,2010,中山,4,5,8,2010-09-25,https://www.jra.go.jp/datafile/seiseki/report/2010/4naka.pdf,official_meeting_summary
201006040509,2010,中山,4,5,9,2010-09-25,https://www.jra.go.jp/datafile/seiseki/report/2010/4naka.pdf,official_meeting_summary
201006040510,2010,中山,4,5,10,2010-09-25,https://www.jra.go.jp/datafile/seiseki/report/2010/4naka.pdf,official_meeting_summary
201006040511,2010,中山,4,5,11,2010-09-25,https://www.jra.go.jp/datafile/seiseki/report/2010/4naka.pdf,official_meeting_summary
201006040512,2010,中山,4,5,12,2010-09-25,https://www.jra.go.jp/datafile/seiseki/report/2010/4naka.pdf,official_meeting_summary
201006040601,2010,中山,4,6,1,2010-09-26,https://www.jra.go.jp/datafile/seiseki/report/2010/4naka.pdf,official_meeting_summary
201006040602,2010,中山,4,6,2,2010-09-26,https://www.jra.go.jp/datafile/seiseki/report/2010/4naka.pdf,official_meeting_summary
201006040603,2010,中山,4,6,3,2010-09-26,https://www.jra.go.jp/datafile/seiseki/report/2010/4naka.pdf,official_meeting_summary
201006040604,2010,中山,4,6,4,2010-09-26,https://www.jra.go.jp/datafile/seiseki/report/2010/4naka.pdf,official_meeting_summary
201006040605,2010,中山,4,6,5,2010-09-26,https://www.jra.go.jp/datafile/seiseki/report/2010/4naka.pdf,official_meeting_summary
201006040606,2010,中山,4,6,6,2010-09-26,https://www.jra.go.jp/datafile/seiseki/report/2010/4naka.pdf,official_meeting_summary
201006040607,2010,中山,4,6,7,2010-09-26,https://www.jra.go.jp/datafile/seiseki/report/2010/4naka.pdf,official_meeting_summary
201006040608,2010,中山,4,6,8,2010-09-26,https://www.jra.go.jp/datafile/seiseki/report/2010/4naka.pdf,official_meeting_summary
201006040609,2010,中山,4,6,9,2010-09-26,https://www.jra.go.jp/datafile/seiseki/report/2010/4naka.pdf,official_meeting_summary
201006040610,2010,中山,4,6,10,2010-09-26,https://www.jra.go.jp/datafile/seiseki/report/2010/4naka.pdf,official_meeting_summary
201006040611,2010,中山,4,6,11,2010-09-26,https://www.jra.go.jp/datafile/seiseki/report/2010/4naka.pdf,official_meeting_summary
201006040612,2010,中山,4,6,12,2010-09-26,https://www.jra.go.jp/datafile/seiseki/report/2010/4naka.pdf,official_meeting_summary
201006040701,2010,中山,4,7,1,2010-10-02,https://www.jra.go.jp/datafile/seiseki/report/2010/4naka.pdf,official_meeting_summary
201006040702,2010,中山,4,7,2,2010-10-02,https://www.jra.go.jp/datafile/seiseki/report/2010/4naka.pdf,official_meeting_summary
201006040703,2010,中山,4,7,3,2010-10-02,https://www.jra.go.jp/datafile/seiseki/report/2010/4naka.pdf,official_meeting_summary
201006040704,2010,中山,4,7,4,2010-10-02,https://www.jra.go.jp/datafile/seiseki/report/2010/4naka.pdf,official_meeting_summary
201006040705,2010,中山,4,7,5,2010-10-02,https://www.jra.go.jp/datafile/seiseki/report/2010/4naka.pdf,official_meeting_summary
201006040706,2010,中山,4,7,6,2010-10-02,https://www.jra.go.jp/datafile/seiseki/report/2010/4naka.pdf,official_meeting_summary
201006040707,2010,中山,4,7,7,2010-10-02,https://www.jra.go.jp/datafile/seiseki/report/2010/4naka.pdf,official_meeting_summary
201006040708,2010,中山,4,7,8,2010-10-02,https://www.jra.go.jp/datafile/seiseki/report/2010/4naka.pdf,official_meeting_summary
201006040709,2010,中山,4,7,9,2010-10-02,https://www.jra.go.jp/datafile/seiseki/report/2010/4naka.pdf,official_meeting_summary
201006040710,2010,中山,4,7,10,2010-10-02,https://www.jra.go.jp/datafile/seiseki/report/2010/4naka.pdf,official_meeting_summary
201006040711,2010,中山,4,7,11,2010-10-02,https://www.jra.go.jp/datafile/seiseki/report/2010/4naka.pdf,official_meeting_summary
201006040712,2010,中山,4,7,12,2010-10-02,https://www.jra.go.jp/datafile/seiseki/report/2010/4naka.pdf,official_meeting_summary
201006040801,2010,中山,4,8,1,2010-10-03,https://www.jra.go.jp/datafile/seiseki/report/2010/4naka.pdf,official_meeting_summary
201006040802,2010,中山,4,8,2,2010-10-03,https://www.jra.go.jp/datafile/seiseki/report/2010/4naka.pdf,official_meeting_summary
201006040803,2010,中山,4,8,3,2010-10-03,https://www.jra.go.jp/datafile/seiseki/report/2010/4naka.pdf,official_meeting_summary
201006040804,2010,中山,4,8,4,2010-10-03,https://www.jra.go.jp/datafile/seiseki/report/2010/4naka.pdf,official_meeting_summary
201006040805,2010,中山,4,8,5,2010-10-03,https://www.jra.go.jp/datafile/seiseki/report/2010/4naka.pdf,official_meeting_summary
201006040806,2010,中山,4,8,6,2010-10-03,https://www.jra.go.jp/datafile/seiseki/report/2010/4naka.pdf,official_meeting_summary
201006040807,2010,中山,4,8,7,2010-10-03,https://www.jra.go.jp/datafile/seiseki/report/2010/4naka.pdf,official_meeting_summary
201006040808,2010,中山,4,8,8,2010-10-03,https://www.jra.go.jp/datafile/seiseki/report/2010/4naka.pdf,official_meeting_summary
201006040809,2010,中山,4,8,9,2010-10-03,https://www.jra.go.jp/datafile/seiseki/report/2010/4naka.pdf,official_meeting_summary
201006040810,2010,中山,4,8,10,2010-10-03,https://www.jra.go.jp/datafile/seiseki/report/2010/4naka.pdf,official_meeting_summary
201006040811,2010,中山,4,8,11,2010-10-03,https://www.jra.go.jp/datafile/seiseki/report/2010/4naka.pdf,official_meeting_summary
201006040812,2010,中山,4,8,12,2010-10-03,https://www.jra.go.jp/datafile/seiseki/report/2010/4naka.pdf,official_meeting_summary
201006050101,2010,中山,5,1,1,2010-12-04,https://www.jra.go.jp/datafile/seiseki/report/2010/5naka.pdf,official_meeting_summary
201006050102,2010,中山,5,1,2,2010-12-04,https://www.jra.go.jp/datafile/seiseki/report/2010/5naka.pdf,official_meeting_summary
201006050103,2010,中山,5,1,3,2010-12-04,https://www.jra.go.jp/datafile/seiseki/report/2010/5naka.pdf,official_meeting_summary
201006050104,2010,中山,5,1,4,2010-12-04,https://www.jra.go.jp/datafile/seiseki/report/2010/5naka.pdf,official_meeting_summary
201006050105,2010,中山,5,1,5,2010-12-04,https://www.jra.go.jp/datafile/seiseki/report/2010/5naka.pdf,official_meeting_summary
201006050106,2010,中山,5,1,6,2010-12-04,https://www.jra.go.jp/datafile/seiseki/report/2010/5naka.pdf,official_meeting_summary
201006050107,2010,中山,5,1,7,2010-12-04,https://www.jra.go.jp/datafile/seiseki/report/2010/5naka.pdf,official_meeting_summary
201006050108,2010,中山,5,1,8,2010-12-04,https://www.jra.go.jp/datafile/seiseki/report/2010/5naka.pdf,official_meeting_summary
201006050109,2010,中山,5,1,9,2010-12-04,https://www.jra.go.jp/datafile/seiseki/report/2010/5naka.pdf,official_meeting_summary
201006050110,2010,中山,5,1,10,2010-12-04,https://www.jra.go.jp/datafile/seiseki/report/2010/5naka.pdf,official_meeting_summary
201006050111,2010,中山,5,1,11,2010-12-04,https://www.jra.go.jp/datafile/seiseki/report/2010/5naka.pdf,official_meeting_summary
201006050112,2010,中山,5,1,12,2010-12-04,https://www.jra.go.jp/datafile/seiseki/report/2010/5naka.pdf,official_meeting_summary
201006050201,2010,中山,5,2,1,2010-12-05,https://www.jra.go.jp/datafile/seiseki/report/2010/5naka.pdf,official_meeting_summary
201006050202,2010,中山,5,2,2,2010-12-05,https://www.jra.go.jp/datafile/seiseki/report/2010/5naka.pdf,official_meeting_summary
201006050203,2010,中山,5,2,3,2010-12-05,https://www.jra.go.jp/datafile/seiseki/report/2010/5naka.pdf,official_meeting_summary
201006050204,2010,中山,5,2,4,2010-12-05,https://www.jra.go.jp/datafile/seiseki/report/2010/5naka.pdf,official_meeting_summary
201006050205,2010,中山,5,2,5,2010-12-05,https://www.jra.go.jp/datafile/seiseki/report/2010/5naka.pdf,official_meeting_summary
201006050206,2010,中山,5,2,6,2010-12-05,https://www.jra.go.jp/datafile/seiseki/report/2010/5naka.pdf,official_meeting_summary
201006050207,2010,中山,5,2,7,2010-12-05,https://www.jra.go.jp/datafile/seiseki/report/2010/5naka.pdf,official_meeting_summary
201006050208,2010,中山,5,2,8,2010-12-05,https://www.jra.go.jp/datafile/seiseki/report/2010/5naka.pdf,official_meeting_summary
201006050209,2010,中山,5,2,9,2010-12-05,https://www.jra.go.jp/datafile/seiseki/report/2010/5naka.pdf,official_meeting_summary
201006050210,2010,中山,5,2,10,2010-12-05,https://www.jra.go.jp/datafile/seiseki/report/2010/5naka.pdf,official_meeting_summary
201006050211,2010,中山,5,2,11,2010-12-05,https://www.jra.go.jp/datafile/seiseki/report/2010/5naka.pdf,official_meeting_summary
201006050212,2010,中山,5,2,12,2010-12-05,https://www.jra.go.jp/datafile/seiseki/report/2010/5naka.pdf,official_meeting_summary
201006050301,2010,中山,5,3,1,2010-12-11,https://www.jra.go.jp/datafile/seiseki/report/2010/5naka.pdf,official_meeting_summary
201006050302,2010,中山,5,3,2,2010-12-11,https://www.jra.go.jp/datafile/seiseki/report/2010/5naka.pdf,official_meeting_summary
201006050303,2010,中山,5,3,3,2010-12-11,https://www.jra.go.jp/datafile/seiseki/report/2010/5naka.pdf,official_meeting_summary
201006050304,2010,中山,5,3,4,2010-12-11,https://www.jra.go.jp/datafile/seiseki/report/2010/5naka.pdf,official_meeting_summary
201006050305,2010,中山,5,3,5,2010-12-11,https://www.jra.go.jp/datafile/seiseki/report/2010/5naka.pdf,official_meeting_summary
201006050306,2010,中山,5,3,6,2010-12-11,https://www.jra.go.jp/datafile/seiseki/report/2010/5naka.pdf,official_meeting_summary
201006050307,2010,中山,5,3,7,2010-12-11,https://www.jra.go.jp/datafile/seiseki/report/2010/5naka.pdf,official_meeting_summary
201006050308,2010,中山,5,3,8,2010-12-11,https://www.jra.go.jp/datafile/seiseki/report/2010/5naka.pdf,official_meeting_summary
201006050309,2010,中山,5,3,9,2010-12-11,https://www.jra.go.jp/datafile/seiseki/report/2010/5naka.pdf,official_meeting_summary
201006050310,2010,中山,5,3,10,2010-12-11,https://www.jra.go.jp/datafile/seiseki/report/2010/5naka.pdf,official_meeting_summary
201006050311,2010,中山,5,3,11,2010-12-11,https://www.jra.go.jp/datafile/seiseki/report/2010/5naka.pdf,official_meeting_summary
201006050312,2010,中山,5,3,12,2010-12-11,https://www.jra.go.jp/datafile/seiseki/report/2010/5naka.pdf,official_meeting_summary
201006050401,2010,中山,5,4,1,2010-12-12,https://www.jra.go.jp/datafile/seiseki/report/2010/5naka.pdf,official_meeting_summary
201006050402,2010,中山,5,4,2,2010-12-12,https://www.jra.go.jp/datafile/seiseki/report/2010/5naka.pdf,official_meeting_summary
201006050403,2010,中山,5,4,3,2010-12-12,https://www.jra.go.jp/datafile/seiseki/report/2010/5naka.pdf,official_meeting_summary
201006050404,2010,中山,5,4,4,2010-12-12,https://www.jra.go.jp/datafile/seiseki/report/2010/5naka.pdf,official_meeting_summary
201006050405,2010,中山,5,4,5,2010-12-12,https://www.jra.go.jp/datafile/seiseki/report/2010/5naka.pdf,official_meeting_summary
201006050406,2010,中山,5,4,6,2010-12-12,https://www.jra.go.jp/datafile/seiseki/report/2010/5naka.pdf,official_meeting_summary
201006050407,2010,中山,5,4,7,2010-12-12,https://www.jra.go.jp/datafile/seiseki/report/2010/5naka.pdf,official_meeting_summary
201006050408,2010,中山,5,4,8,2010-12-12,https://www.jra.go.jp/datafile/seiseki/report/2010/5naka.pdf,official_meeting_summary
201006050409,2010,中山,5,4,9,2010-12-12,https://www.jra.go.jp/datafile/seiseki/report/2010/5naka.pdf,official_meeting_summary
201006050410,2010,中山,5,4,10,2010-12-12,https://www.jra.go.jp/datafile/seiseki/report/2010/5naka.pdf,official_meeting_summary
201006050411,2010,中山,5,4,11,2010-12-12,https://www.jra.go.jp/datafile/seiseki/report/2010/5naka.pdf,official_meeting_summary
201006050412,2010,中山,5,4,12,2010-12-12,https://www.jra.go.jp/datafile/seiseki/report/2010/5naka.pdf,official_meeting_summary
201006050501,2010,中山,5,5,1,2010-12-18,https://www.jra.go.jp/datafile/seiseki/report/2010/5naka.pdf,official_meeting_summary
201006050502,2010,中山,5,5,2,2010-12-18,https://www.jra.go.jp/datafile/seiseki/report/2010/5naka.pdf,official_meeting_summary
201006050503,2010,中山,5,5,3,2010-12-18,https://www.jra.go.jp/datafile/seiseki/report/2010/5naka.pdf,official_meeting_summary
201006050504,2010,中山,5,5,4,2010-12-18,https://www.jra.go.jp/datafile/seiseki/report/2010/5naka.pdf,official_meeting_summary
201006050505,2010,中山,5,5,5,2010-12-18,https://www.jra.go.jp/datafile/seiseki/report/2010/5naka.pdf,official_meeting_summary
201006050506,2010,中山,5,5,6,2010-12-18,https://www.jra.go.jp/datafile/seiseki/report/2010/5naka.pdf,official_meeting_summary
201006050507,2010,中山,5,5,7,2010-12-18,https://www.jra.go.jp/datafile/seiseki/report/2010/5naka.pdf,official_meeting_summary
201006050508,2010,中山,5,5,8,2010-12-18,https://www.jra.go.jp/datafile/seiseki/report/2010/5naka.pdf,official_meeting_summary
201006050509,2010,中山,5,5,9,2010-12-18,https://www.jra.go.jp/datafile/seiseki/report/2010/5naka.pdf,official_meeting_summary
201006050510,2010,中山,5,5,10,2010-12-18,https://www.jra.go.jp/datafile/seiseki/report/2010/5naka.pdf,official_meeting_summary
201006050511,2010,中山,5,5,11,2010-12-18,https://www.jra.go.jp/datafile/seiseki/report/2010/5naka.pdf,official_meeting_summary
201006050512,2010,中山,5,5,12,2010-12-18,https://www.jra.go.jp/datafile/seiseki/report/2010/5naka.pdf,official_meeting_summary
201006050601,2010,中山,5,6,1,2010-12-19,https://www.jra.go.jp/datafile/seiseki/report/2010/5naka.pdf,official_meeting_summary
201006050602,2010,中山,5,6,2,2010-12-19,https://www.jra.go.jp/datafile/seiseki/report/2010/5naka.pdf,official_meeting_summary
201006050603,2010,中山,5,6,3,2010-12-19,https://www.jra.go.jp/datafile/seiseki/report/2010/5naka.pdf,official_meeting_summary
201006050604,2010,中山,5,6,4,2010-12-19,https://www.jra.go.jp/datafile/seiseki/report/2010/5naka.pdf,official_meeting_summary
201006050605,2010,中山,5,6,5,2010-12-19,https://www.jra.go.jp/datafile/seiseki/report/2010/5naka.pdf,official_meeting_summary
201006050606,2010,中山,5,6,6,2010-12-19,https://www.jra.go.jp/datafile/seiseki/report/2010/5naka.pdf,official_meeting_summary
201006050607,2010,中山,5,6,7,2010-12-19,https://www.jra.go.jp/datafile/seiseki/report/2010/5naka.pdf,official_meeting_summary
201006050608,2010,中山,5,6,8,2010-12-19,https://www.jra.go.jp/datafile/seiseki/report/2010/5naka.pdf,official_meeting_summary
201006050609,2010,中山,5,6,9,2010-12-19,https://www.jra.go.jp/datafile/seiseki/report/2010/5naka.pdf,official_meeting_summary
201006050610,2010,中山,5,6,10,2010-12-19,https://www.jra.go.jp/datafile/seiseki/report/2010/5naka.pdf,official_meeting_summary
201006050611,2010,中山,5,6,11,2010-12-19,https://www.jra.go.jp/datafile/seiseki/report/2010/5naka.pdf,official_meeting_summary
201006050612,2010,中山,5,6,12,2010-12-19,https://www.jra.go.jp/datafile/seiseki/report/2010/5naka.pdf,official_meeting_summary
201006050701,2010,中山,5,7,1,2010-12-25,https://www.jra.go.jp/datafile/seiseki/report/2010/5naka.pdf,official_meeting_summary
201006050702,2010,中山,5,7,2,2010-12-25,https://www.jra.go.jp/datafile/seiseki/report/2010/5naka.pdf,official_meeting_summary
201006050703,2010,中山,5,7,3,2010-12-25,https://www.jra.go.jp/datafile/seiseki/report/2010/5naka.pdf,official_meeting_summary
201006050704,2010,中山,5,7,4,2010-12-25,https://www.jra.go.jp/datafile/seiseki/report/2010/5naka.pdf,official_meeting_summary
201006050705,2010,中山,5,7,5,2010-12-25,https://www.jra.go.jp/datafile/seiseki/report/2010/5naka.pdf,official_meeting_summary
201006050706,2010,中山,5,7,6,2010-12-25,https://www.jra.go.jp/datafile/seiseki/report/2010/5naka.pdf,official_meeting_summary
201006050707,2010,中山,5,7,7,2010-12-25,https://www.jra.go.jp/datafile/seiseki/report/2010/5naka.pdf,official_meeting_summary
201006050708,2010,中山,5,7,8,2010-12-25,https://www.jra.go.jp/datafile/seiseki/report/2010/5naka.pdf,official_meeting_summary
201006050709,2010,中山,5,7,9,2010-12-25,https://www.jra.go.jp/datafile/seiseki/report/2010/5naka.pdf,official_meeting_summary
201006050710,2010,中山,5,7,10,2010-12-25,https://www.jra.go.jp/datafile/seiseki/report/2010/5naka.pdf,official_meeting_summary
201006050711,2010,中山,5,7,11,2010-12-25,https://www.jra.go.jp/datafile/seiseki/report/2010/5naka.pdf,official_meeting_summary
201006050712,2010,中山,5,7,12,2010-12-25,https://www.jra.go.jp/datafile/seiseki/report/2010/5naka.pdf,official_meeting_summary
201006050801,2010,中山,5,8,1,2010-12-26,https://www.jra.go.jp/datafile/seiseki/report/2010/5naka.pdf,official_meeting_summary
201006050802,2010,中山,5,8,2,2010-12-26,https://www.jra.go.jp/datafile/seiseki/report/2010/5naka.pdf,official_meeting_summary
201006050803,2010,中山,5,8,3,2010-12-26,https://www.jra.go.jp/datafile/seiseki/report/2010/5naka.pdf,official_meeting_summary
201006050804,2010,中山,5,8,4,2010-12-26,https://www.jra.go.jp/datafile/seiseki/report/2010/5naka.pdf,official_meeting_summary
201006050805,2010,中山,5,8,5,2010-12-26,https://www.jra.go.jp/datafile/seiseki/report/2010/5naka.pdf,official_meeting_summary
201006050806,2010,中山,5,8,6,2010-12-26,https://www.jra.go.jp/datafile/seiseki/report/2010/5naka.pdf,official_meeting_summary
201006050807,2010,中山,5,8,7,2010-12-26,https://www.jra.go.jp/datafile/seiseki/report/2010/5naka.pdf,official_meeting_summary
201006050808,2010,中山,5,8,8,2010-12-26,https://www.jra.go.jp/datafile/seiseki/report/2010/5naka.pdf,official_meeting_summary
201006050809,2010,中山,5,8,9,2010-12-26,https://www.jra.go.jp/datafile/seiseki/report/2010/5naka.pdf,official_meeting_summary
201006050810,2010,中山,5,8,10,2010-12-26,https://www.jra.go.jp/datafile/seiseki/report/2010/5naka.pdf,official_meeting_summary
201006050811,2010,中山,5,8,11,2010-12-26,https://www.jra.go.jp/datafile/seiseki/report/2010/5naka.pdf,official_meeting_summary
201007010101,2010,中京,1,1,1,2010-01-23,https://www.jra.go.jp/datafile/seiseki/report/2010/1chu.pdf,official_meeting_summary
201007010102,2010,中京,1,1,2,2010-01-23,https://www.jra.go.jp/datafile/seiseki/report/2010/1chu.pdf,official_meeting_summary
201007010103,2010,中京,1,1,3,2010-01-23,https://www.jra.go.jp/datafile/seiseki/report/2010/1chu.pdf,official_meeting_summary
201007010104,2010,中京,1,1,4,2010-01-23,https://www.jra.go.jp/datafile/seiseki/report/2010/1chu.pdf,official_meeting_summary
201007010105,2010,中京,1,1,5,2010-01-23,https://www.jra.go.jp/datafile/seiseki/report/2010/1chu.pdf,official_meeting_summary
201007010106,2010,中京,1,1,6,2010-01-23,https://www.jra.go.jp/datafile/seiseki/report/2010/1chu.pdf,official_meeting_summary
201007010107,2010,中京,1,1,7,2010-01-23,https://www.jra.go.jp/datafile/seiseki/report/2010/1chu.pdf,official_meeting_summary
201007010108,2010,中京,1,1,8,2010-01-23,https://www.jra.go.jp/datafile/seiseki/report/2010/1chu.pdf,official_meeting_summary
201007010109,2010,中京,1,1,9,2010-01-23,https://www.jra.go.jp/datafile/seiseki/report/2010/1chu.pdf,official_meeting_summary
201007010110,2010,中京,1,1,10,2010-01-23,https://www.jra.go.jp/datafile/seiseki/report/2010/1chu.pdf,official_meeting_summary
201007010111,2010,中京,1,1,11,2010-01-23,https://www.jra.go.jp/datafile/seiseki/report/2010/1chu.pdf,official_meeting_summary
201007010112,2010,中京,1,1,12,2010-01-23,https://www.jra.go.jp/datafile/seiseki/report/2010/1chu.pdf,official_meeting_summary
201007010201,2010,中京,1,2,1,2010-01-24,https://www.jra.go.jp/datafile/seiseki/report/2010/1chu.pdf,official_meeting_summary
201007010202,2010,中京,1,2,2,2010-01-24,https://www.jra.go.jp/datafile/seiseki/report/2010/1chu.pdf,official_meeting_summary
201007010203,2010,中京,1,2,3,2010-01-24,https://www.jra.go.jp/datafile/seiseki/report/2010/1chu.pdf,official_meeting_summary
201007010204,2010,中京,1,2,4,2010-01-24,https://www.jra.go.jp/datafile/seiseki/report/2010/1chu.pdf,official_meeting_summary
201007010205,2010,中京,1,2,5,2010-01-24,https://www.jra.go.jp/datafile/seiseki/report/2010/1chu.pdf,official_meeting_summary
201007010206,2010,中京,1,2,6,2010-01-24,https://www.jra.go.jp/datafile/seiseki/report/2010/1chu.pdf,official_meeting_summary
201007010207,2010,中京,1,2,7,2010-01-24,https://www.jra.go.jp/datafile/seiseki/report/2010/1chu.pdf,official_meeting_summary
201007010208,2010,中京,1,2,8,2010-01-24,https://www.jra.go.jp/datafile/seiseki/report/2010/1chu.pdf,official_meeting_summary
201007010209,2010,中京,1,2,9,2010-01-24,https://www.jra.go.jp/datafile/seiseki/report/2010/1chu.pdf,official_meeting_summary
201007010210,2010,中京,1,2,10,2010-01-24,https://www.jra.go.jp/datafile/seiseki/report/2010/1chu.pdf,official_meeting_summary
201007010211,2010,中京,1,2,11,2010-01-24,https://www.jra.go.jp/datafile/seiseki/report/2010/1chu.pdf,official_meeting_summary
201007010212,2010,中京,1,2,12,2010-01-24,https://www.jra.go.jp/datafile/seiseki/report/2010/1chu.pdf,official_meeting_summary
201007010301,2010,中京,1,3,1,2010-01-30,https://www.jra.go.jp/datafile/seiseki/report/2010/1chu.pdf,official_meeting_summary
201007010302,2010,中京,1,3,2,2010-01-30,https://www.jra.go.jp/datafile/seiseki/report/2010/1chu.pdf,official_meeting_summary
201007010303,2010,中京,1,3,3,2010-01-30,https://www.jra.go.jp/datafile/seiseki/report/2010/1chu.pdf,official_meeting_summary
201007010304,2010,中京,1,3,4,2010-01-30,https://www.jra.go.jp/datafile/seiseki/report/2010/1chu.pdf,official_meeting_summary
201007010305,2010,中京,1,3,5,2010-01-30,https://www.jra.go.jp/datafile/seiseki/report/2010/1chu.pdf,official_meeting_summary
201007010306,2010,中京,1,3,6,2010-01-30,https://www.jra.go.jp/datafile/seiseki/report/2010/1chu.pdf,official_meeting_summary
201007010307,2010,中京,1,3,7,2010-01-30,https://www.jra.go.jp/datafile/seiseki/report/2010/1chu.pdf,official_meeting_summary
201007010308,2010,中京,1,3,8,2010-01-30,https://www.jra.go.jp/datafile/seiseki/report/2010/1chu.pdf,official_meeting_summary
201007010309,2010,中京,1,3,9,2010-01-30,https://www.jra.go.jp/datafile/seiseki/report/2010/1chu.pdf,official_meeting_summary
201007010310,2010,中京,1,3,10,2010-01-30,https://www.jra.go.jp/datafile/seiseki/report/2010/1chu.pdf,official_meeting_summary
201007010311,2010,中京,1,3,11,2010-01-30,https://www.jra.go.jp/datafile/seiseki/report/2010/1chu.pdf,official_meeting_summary
201007010312,2010,中京,1,3,12,2010-01-30,https://www.jra.go.jp/datafile/seiseki/report/2010/1chu.pdf,official_meeting_summary
201007010401,2010,中京,1,4,1,2010-01-31,https://www.jra.go.jp/datafile/seiseki/report/2010/1chu.pdf,official_meeting_summary
201007010402,2010,中京,1,4,2,2010-01-31,https://www.jra.go.jp/datafile/seiseki/report/2010/1chu.pdf,official_meeting_summary
201007010403,2010,中京,1,4,3,2010-01-31,https://www.jra.go.jp/datafile/seiseki/report/2010/1chu.pdf,official_meeting_summary
201007010404,2010,中京,1,4,4,2010-01-31,https://www.jra.go.jp/datafile/seiseki/report/2010/1chu.pdf,official_meeting_summary
201007010405,2010,中京,1,4,5,2010-01-31,https://www.jra.go.jp/datafile/seiseki/report/2010/1chu.pdf,official_meeting_summary
201007010406,2010,中京,1,4,6,2010-01-31,https://www.jra.go.jp/datafile/seiseki/report/2010/1chu.pdf,official_meeting_summary
201007010407,2010,中京,1,4,7,2010-01-31,https://www.jra.go.jp/datafile/seiseki/report/2010/1chu.pdf,official_meeting_summary
201007010408,2010,中京,1,4,8,2010-01-31,https://www.jra.go.jp/datafile/seiseki/report/2010/1chu.pdf,official_meeting_summary
201007010409,2010,中京,1,4,9,2010-01-31,https://www.jra.go.jp/datafile/seiseki/report/2010/1chu.pdf,official_meeting_summary
201007010410,2010,中京,1,4,10,2010-01-31,https://www.jra.go.jp/datafile/seiseki/report/2010/1chu.pdf,official_meeting_summary
201007010411,2010,中京,1,4,11,2010-01-31,https://www.jra.go.jp/datafile/seiseki/report/2010/1chu.pdf,official_meeting_summary
201007010412,2010,中京,1,4,12,2010-01-31,https://www.jra.go.jp/datafile/seiseki/report/2010/1chu.pdf,official_meeting_summary
201007010501,2010,中京,1,5,1,2010-02-06,https://www.jra.go.jp/datafile/seiseki/report/2010/1chu.pdf,official_meeting_summary
201007010502,2010,中京,1,5,2,2010-02-06,https://www.jra.go.jp/datafile/seiseki/report/2010/1chu.pdf,official_meeting_summary
201007010503,2010,中京,1,5,3,2010-02-06,https://www.jra.go.jp/datafile/seiseki/report/2010/1chu.pdf,official_meeting_summary
201007010504,2010,中京,1,5,4,2010-02-06,https://www.jra.go.jp/datafile/seiseki/report/2010/1chu.pdf,official_meeting_summary
201007010505,2010,中京,1,5,5,2010-02-06,https://www.jra.go.jp/datafile/seiseki/report/2010/1chu.pdf,official_meeting_summary
201007010506,2010,中京,1,5,6,2010-02-06,https://www.jra.go.jp/datafile/seiseki/report/2010/1chu.pdf,official_meeting_summary
201007010507,2010,中京,1,5,7,2010-02-06,https://www.jra.go.jp/datafile/seiseki/report/2010/1chu.pdf,official_meeting_summary
201007010508,2010,中京,1,5,8,2010-02-06,https://www.jra.go.jp/datafile/seiseki/report/2010/1chu.pdf,official_meeting_summary
201007010509,2010,中京,1,5,9,2010-02-06,https://www.jra.go.jp/datafile/seiseki/report/2010/1chu.pdf,official_meeting_summary
201007010510,2010,中京,1,5,10,2010-02-06,https://www.jra.go.jp/datafile/seiseki/report/2010/1chu.pdf,official_meeting_summary
201007010511,2010,中京,1,5,11,2010-02-06,https://www.jra.go.jp/datafile/seiseki/report/2010/1chu.pdf,official_meeting_summary
201007010512,2010,中京,1,5,12,2010-02-06,https://www.jra.go.jp/datafile/seiseki/report/2010/1chu.pdf,official_meeting_summary
201007010601,2010,中京,1,6,1,2010-02-07,https://www.jra.go.jp/datafile/seiseki/report/2010/1chu.pdf,official_meeting_summary
201007010602,2010,中京,1,6,2,2010-02-07,https://www.jra.go.jp/datafile/seiseki/report/2010/1chu.pdf,official_meeting_summary
201007010603,2010,中京,1,6,3,2010-02-07,https://www.jra.go.jp/datafile/seiseki/report/2010/1chu.pdf,official_meeting_summary
201007010604,2010,中京,1,6,4,2010-02-07,https://www.jra.go.jp/datafile/seiseki/report/2010/1chu.pdf,official_meeting_summary
201007010605,2010,中京,1,6,5,2010-02-07,https://www.jra.go.jp/datafile/seiseki/report/2010/1chu.pdf,official_meeting_summary
201007010606,2010,中京,1,6,6,2010-02-07,https://www.jra.go.jp/datafile/seiseki/report/2010/1chu.pdf,official_meeting_summary
201007010607,2010,中京,1,6,7,2010-02-07,https://www.jra.go.jp/datafile/seiseki/report/2010/1chu.pdf,official_meeting_summary
201007010608,2010,中京,1,6,8,2010-02-07,https://www.jra.go.jp/datafile/seiseki/report/2010/1chu.pdf,official_meeting_summary
201007010609,2010,中京,1,6,9,2010-02-07,https://www.jra.go.jp/datafile/seiseki/report/2010/1chu.pdf,official_meeting_summary
201007010610,2010,中京,1,6,10,2010-02-07,https://www.jra.go.jp/datafile/seiseki/report/2010/1chu.pdf,official_meeting_summary
201007010611,2010,中京,1,6,11,2010-02-07,https://www.jra.go.jp/datafile/seiseki/report/2010/1chu.pdf,official_meeting_summary
201007010612,2010,中京,1,6,12,2010-02-07,https://www.jra.go.jp/datafile/seiseki/report/2010/1chu.pdf,official_meeting_summary
201007010701,2010,中京,1,7,1,2010-02-13,https://www.jra.go.jp/datafile/seiseki/report/2010/1chu.pdf,official_meeting_summary
201007010702,2010,中京,1,7,2,2010-02-13,https://www.jra.go.jp/datafile/seiseki/report/2010/1chu.pdf,official_meeting_summary
201007010703,2010,中京,1,7,3,2010-02-13,https://www.jra.go.jp/datafile/seiseki/report/2010/1chu.pdf,official_meeting_summary
201007010704,2010,中京,1,7,4,2010-02-13,https://www.jra.go.jp/datafile/seiseki/report/2010/1chu.pdf,official_meeting_summary
201007010705,2010,中京,1,7,5,2010-02-13,https://www.jra.go.jp/datafile/seiseki/report/2010/1chu.pdf,official_meeting_summary
201007010706,2010,中京,1,7,6,2010-02-13,https://www.jra.go.jp/datafile/seiseki/report/2010/1chu.pdf,official_meeting_summary
201007010707,2010,中京,1,7,7,2010-02-13,https://www.jra.go.jp/datafile/seiseki/report/2010/1chu.pdf,official_meeting_summary
201007010708,2010,中京,1,7,8,2010-02-13,https://www.jra.go.jp/datafile/seiseki/report/2010/1chu.pdf,official_meeting_summary
201007010709,2010,中京,1,7,9,2010-02-13,https://www.jra.go.jp/datafile/seiseki/report/2010/1chu.pdf,official_meeting_summary
201007010710,2010,中京,1,7,10,2010-02-13,https://www.jra.go.jp/datafile/seiseki/report/2010/1chu.pdf,official_meeting_summary
201007010711,2010,中京,1,7,11,2010-02-13,https://www.jra.go.jp/datafile/seiseki/report/2010/1chu.pdf,official_meeting_summary
201007010712,2010,中京,1,7,12,2010-02-13,https://www.jra.go.jp/datafile/seiseki/report/2010/1chu.pdf,official_meeting_summary
201007010801,2010,中京,1,8,1,2010-02-14,https://www.jra.go.jp/datafile/seiseki/report/2010/1chu.pdf,official_meeting_summary
201007010802,2010,中京,1,8,2,2010-02-14,https://www.jra.go.jp/datafile/seiseki/report/2010/1chu.pdf,official_meeting_summary
201007010803,2010,中京,1,8,3,2010-02-14,https://www.jra.go.jp/datafile/seiseki/report/2010/1chu.pdf,official_meeting_summary
201007010804,2010,中京,1,8,4,2010-02-14,https://www.jra.go.jp/datafile/seiseki/report/2010/1chu.pdf,official_meeting_summary
201007010805,2010,中京,1,8,5,2010-02-14,https://www.jra.go.jp/datafile/seiseki/report/2010/1chu.pdf,official_meeting_summary
201007010806,2010,中京,1,8,6,2010-02-14,https://www.jra.go.jp/datafile/seiseki/report/2010/1chu.pdf,official_meeting_summary
201007010807,2010,中京,1,8,7,2010-02-14,https://www.jra.go.jp/datafile/seiseki/report/2010/1chu.pdf,official_meeting_summary
201007010808,2010,中京,1,8,8,2010-02-14,https://www.jra.go.jp/datafile/seiseki/report/2010/1chu.pdf,official_meeting_summary
201007010809,2010,中京,1,8,9,2010-02-14,https://www.jra.go.jp/datafile/seiseki/report/2010/1chu.pdf,official_meeting_summary
201007010810,2010,中京,1,8,10,2010-02-14,https://www.jra.go.jp/datafile/seiseki/report/2010/1chu.pdf,official_meeting_summary
201007010811,2010,中京,1,8,11,2010-02-14,https://www.jra.go.jp/datafile/seiseki/report/2010/1chu.pdf,official_meeting_summary
201007010812,2010,中京,1,8,12,2010-02-14,https://www.jra.go.jp/datafile/seiseki/report/2010/1chu.pdf,official_meeting_summary
201007020101,2010,中京,2,1,1,2010-03-06,https://www.jra.go.jp/datafile/seiseki/report/2010/2chu.pdf,official_meeting_summary
201007020102,2010,中京,2,1,2,2010-03-06,https://www.jra.go.jp/datafile/seiseki/report/2010/2chu.pdf,official_meeting_summary
201007020103,2010,中京,2,1,3,2010-03-06,https://www.jra.go.jp/datafile/seiseki/report/2010/2chu.pdf,official_meeting_summary
201007020104,2010,中京,2,1,4,2010-03-06,https://www.jra.go.jp/datafile/seiseki/report/2010/2chu.pdf,official_meeting_summary
201007020105,2010,中京,2,1,5,2010-03-06,https://www.jra.go.jp/datafile/seiseki/report/2010/2chu.pdf,official_meeting_summary
201007020106,2010,中京,2,1,6,2010-03-06,https://www.jra.go.jp/datafile/seiseki/report/2010/2chu.pdf,official_meeting_summary
201007020107,2010,中京,2,1,7,2010-03-06,https://www.jra.go.jp/datafile/seiseki/report/2010/2chu.pdf,official_meeting_summary
201007020108,2010,中京,2,1,8,2010-03-06,https://www.jra.go.jp/datafile/seiseki/report/2010/2chu.pdf,official_meeting_summary
201007020109,2010,中京,2,1,9,2010-03-06,https://www.jra.go.jp/datafile/seiseki/report/2010/2chu.pdf,official_meeting_summary
201007020110,2010,中京,2,1,10,2010-03-06,https://www.jra.go.jp/datafile/seiseki/report/2010/2chu.pdf,official_meeting_summary
201007020111,2010,中京,2,1,11,2010-03-06,https://www.jra.go.jp/datafile/seiseki/report/2010/2chu.pdf,official_meeting_summary
201007020112,2010,中京,2,1,12,2010-03-06,https://www.jra.go.jp/datafile/seiseki/report/2010/2chu.pdf,official_meeting_summary
201007020201,2010,中京,2,2,1,2010-03-07,https://www.jra.go.jp/datafile/seiseki/report/2010/2chu.pdf,official_meeting_summary
201007020202,2010,中京,2,2,2,2010-03-07,https://www.jra.go.jp/datafile/seiseki/report/2010/2chu.pdf,official_meeting_summary
201007020203,2010,中京,2,2,3,2010-03-07,https://www.jra.go.jp/datafile/seiseki/report/2010/2chu.pdf,official_meeting_summary
201007020204,2010,中京,2,2,4,2010-03-07,https://www.jra.go.jp/datafile/seiseki/report/2010/2chu.pdf,official_meeting_summary
201007020205,2010,中京,2,2,5,2010-03-07,https://www.jra.go.jp/datafile/seiseki/report/2010/2chu.pdf,official_meeting_summary
201007020206,2010,中京,2,2,6,2010-03-07,https://www.jra.go.jp/datafile/seiseki/report/2010/2chu.pdf,official_meeting_summary
201007020207,2010,中京,2,2,7,2010-03-07,https://www.jra.go.jp/datafile/seiseki/report/2010/2chu.pdf,official_meeting_summary
201007020208,2010,中京,2,2,8,2010-03-07,https://www.jra.go.jp/datafile/seiseki/report/2010/2chu.pdf,official_meeting_summary
201007020209,2010,中京,2,2,9,2010-03-07,https://www.jra.go.jp/datafile/seiseki/report/2010/2chu.pdf,official_meeting_summary
201007020210,2010,中京,2,2,10,2010-03-07,https://www.jra.go.jp/datafile/seiseki/report/2010/2chu.pdf,official_meeting_summary
201007020211,2010,中京,2,2,11,2010-03-07,https://www.jra.go.jp/datafile/seiseki/report/2010/2chu.pdf,official_meeting_summary
201007020212,2010,中京,2,2,12,2010-03-07,https://www.jra.go.jp/datafile/seiseki/report/2010/2chu.pdf,official_meeting_summary
201007020301,2010,中京,2,3,1,2010-03-13,https://www.jra.go.jp/datafile/seiseki/report/2010/2chu.pdf,official_meeting_summary
201007020302,2010,中京,2,3,2,2010-03-13,https://www.jra.go.jp/datafile/seiseki/report/2010/2chu.pdf,official_meeting_summary
201007020303,2010,中京,2,3,3,2010-03-13,https://www.jra.go.jp/datafile/seiseki/report/2010/2chu.pdf,official_meeting_summary
201007020304,2010,中京,2,3,4,2010-03-13,https://www.jra.go.jp/datafile/seiseki/report/2010/2chu.pdf,official_meeting_summary
201007020305,2010,中京,2,3,5,2010-03-13,https://www.jra.go.jp/datafile/seiseki/report/2010/2chu.pdf,official_meeting_summary
201007020306,2010,中京,2,3,6,2010-03-13,https://www.jra.go.jp/datafile/seiseki/report/2010/2chu.pdf,official_meeting_summary
201007020307,2010,中京,2,3,7,2010-03-13,https://www.jra.go.jp/datafile/seiseki/report/2010/2chu.pdf,official_meeting_summary
201007020308,2010,中京,2,3,8,2010-03-13,https://www.jra.go.jp/datafile/seiseki/report/2010/2chu.pdf,official_meeting_summary
201007020309,2010,中京,2,3,9,2010-03-13,https://www.jra.go.jp/datafile/seiseki/report/2010/2chu.pdf,official_meeting_summary
201007020310,2010,中京,2,3,10,2010-03-13,https://www.jra.go.jp/datafile/seiseki/report/2010/2chu.pdf,official_meeting_summary
201007020311,2010,中京,2,3,11,2010-03-13,https://www.jra.go.jp/datafile/seiseki/report/2010/2chu.pdf,official_meeting_summary
201007020312,2010,中京,2,3,12,2010-03-13,https://www.jra.go.jp/datafile/seiseki/report/2010/2chu.pdf,official_meeting_summary
201007020401,2010,中京,2,4,1,2010-03-14,https://www.jra.go.jp/datafile/seiseki/report/2010/2chu.pdf,official_meeting_summary
201007020402,2010,中京,2,4,2,2010-03-14,https://www.jra.go.jp/datafile/seiseki/report/2010/2chu.pdf,official_meeting_summary
201007020403,2010,中京,2,4,3,2010-03-14,https://www.jra.go.jp/datafile/seiseki/report/2010/2chu.pdf,official_meeting_summary
201007020404,2010,中京,2,4,4,2010-03-14,https://www.jra.go.jp/datafile/seiseki/report/2010/2chu.pdf,official_meeting_summary
201007020405,2010,中京,2,4,5,2010-03-14,https://www.jra.go.jp/datafile/seiseki/report/2010/2chu.pdf,official_meeting_summary
201007020406,2010,中京,2,4,6,2010-03-14,https://www.jra.go.jp/datafile/seiseki/report/2010/2chu.pdf,official_meeting_summary
201007020407,2010,中京,2,4,7,2010-03-14,https://www.jra.go.jp/datafile/seiseki/report/2010/2chu.pdf,official_meeting_summary
201007020408,2010,中京,2,4,8,2010-03-14,https://www.jra.go.jp/datafile/seiseki/report/2010/2chu.pdf,official_meeting_summary
201007020409,2010,中京,2,4,9,2010-03-14,https://www.jra.go.jp/datafile/seiseki/report/2010/2chu.pdf,official_meeting_summary
201007020410,2010,中京,2,4,10,2010-03-14,https://www.jra.go.jp/datafile/seiseki/report/2010/2chu.pdf,official_meeting_summary
201007020411,2010,中京,2,4,11,2010-03-14,https://www.jra.go.jp/datafile/seiseki/report/2010/2chu.pdf,official_meeting_summary
201007020412,2010,中京,2,4,12,2010-03-14,https://www.jra.go.jp/datafile/seiseki/report/2010/2chu.pdf,official_meeting_summary
201007020501,2010,中京,2,5,1,2010-03-20,https://www.jra.go.jp/datafile/seiseki/report/2010/2chu.pdf,official_meeting_summary
201007020502,2010,中京,2,5,2,2010-03-20,https://www.jra.go.jp/datafile/seiseki/report/2010/2chu.pdf,official_meeting_summary
201007020503,2010,中京,2,5,3,2010-03-20,https://www.jra.go.jp/datafile/seiseki/report/2010/2chu.pdf,official_meeting_summary
201007020504,2010,中京,2,5,4,2010-03-20,https://www.jra.go.jp/datafile/seiseki/report/2010/2chu.pdf,official_meeting_summary
201007020505,2010,中京,2,5,5,2010-03-20,https://www.jra.go.jp/datafile/seiseki/report/2010/2chu.pdf,official_meeting_summary
201007020506,2010,中京,2,5,6,2010-03-20,https://www.jra.go.jp/datafile/seiseki/report/2010/2chu.pdf,official_meeting_summary
201007020507,2010,中京,2,5,7,2010-03-20,https://www.jra.go.jp/datafile/seiseki/report/2010/2chu.pdf,official_meeting_summary
201007020508,2010,中京,2,5,8,2010-03-20,https://www.jra.go.jp/datafile/seiseki/report/2010/2chu.pdf,official_meeting_summary
201007020509,2010,中京,2,5,9,2010-03-20,https://www.jra.go.jp/datafile/seiseki/report/2010/2chu.pdf,official_meeting_summary
201007020510,2010,中京,2,5,10,2010-03-20,https://www.jra.go.jp/datafile/seiseki/report/2010/2chu.pdf,official_meeting_summary
201007020511,2010,中京,2,5,11,2010-03-20,https://www.jra.go.jp/datafile/seiseki/report/2010/2chu.pdf,official_meeting_summary
201007020512,2010,中京,2,5,12,2010-03-20,https://www.jra.go.jp/datafile/seiseki/report/2010/2chu.pdf,official_meeting_summary
201007020601,2010,中京,2,6,1,2010-03-21,https://www.jra.go.jp/datafile/seiseki/report/2010/2chu.pdf,official_meeting_summary
201007020602,2010,中京,2,6,2,2010-03-21,https://www.jra.go.jp/datafile/seiseki/report/2010/2chu.pdf,official_meeting_summary
201007020603,2010,中京,2,6,3,2010-03-21,https://www.jra.go.jp/datafile/seiseki/report/2010/2chu.pdf,official_meeting_summary
201007020604,2010,中京,2,6,4,2010-03-21,https://www.jra.go.jp/datafile/seiseki/report/2010/2chu.pdf,official_meeting_summary
201007020605,2010,中京,2,6,5,2010-03-21,https://www.jra.go.jp/datafile/seiseki/report/2010/2chu.pdf,official_meeting_summary
201007020606,2010,中京,2,6,6,2010-03-21,https://www.jra.go.jp/datafile/seiseki/report/2010/2chu.pdf,official_meeting_summary
201007020607,2010,中京,2,6,7,2010-03-21,https://www.jra.go.jp/datafile/seiseki/report/2010/2chu.pdf,official_meeting_summary
201007020608,2010,中京,2,6,8,2010-03-21,https://www.jra.go.jp/datafile/seiseki/report/2010/2chu.pdf,official_meeting_summary
201007020609,2010,中京,2,6,9,2010-03-21,https://www.jra.go.jp/datafile/seiseki/report/2010/2chu.pdf,official_meeting_summary
201007020610,2010,中京,2,6,10,2010-03-21,https://www.jra.go.jp/datafile/seiseki/report/2010/2chu.pdf,official_meeting_summary
201007020611,2010,中京,2,6,11,2010-03-21,https://www.jra.go.jp/datafile/seiseki/report/2010/2chu.pdf,official_meeting_summary
201007020612,2010,中京,2,6,12,2010-03-21,https://www.jra.go.jp/datafile/seiseki/report/2010/2chu.pdf,official_meeting_summary
201007020701,2010,中京,2,7,1,2010-03-27,https://www.jra.go.jp/datafile/seiseki/report/2010/2chu.pdf,official_meeting_summary
201007020702,2010,中京,2,7,2,2010-03-27,https://www.jra.go.jp/datafile/seiseki/report/2010/2chu.pdf,official_meeting_summary
201007020703,2010,中京,2,7,3,2010-03-27,https://www.jra.go.jp/datafile/seiseki/report/2010/2chu.pdf,official_meeting_summary
201007020704,2010,中京,2,7,4,2010-03-27,https://www.jra.go.jp/datafile/seiseki/report/2010/2chu.pdf,official_meeting_summary
201007020705,2010,中京,2,7,5,2010-03-27,https://www.jra.go.jp/datafile/seiseki/report/2010/2chu.pdf,official_meeting_summary
201007020706,2010,中京,2,7,6,2010-03-27,https://www.jra.go.jp/datafile/seiseki/report/2010/2chu.pdf,official_meeting_summary
201007020707,2010,中京,2,7,7,2010-03-27,https://www.jra.go.jp/datafile/seiseki/report/2010/2chu.pdf,official_meeting_summary
201007020708,2010,中京,2,7,8,2010-03-27,https://www.jra.go.jp/datafile/seiseki/report/2010/2chu.pdf,official_meeting_summary
201007020709,2010,中京,2,7,9,2010-03-27,https://www.jra.go.jp/datafile/seiseki/report/2010/2chu.pdf,official_meeting_summary
201007020710,2010,中京,2,7,10,2010-03-27,https://www.jra.go.jp/datafile/seiseki/report/2010/2chu.pdf,official_meeting_summary
201007020711,2010,中京,2,7,11,2010-03-27,https://www.jra.go.jp/datafile/seiseki/report/2010/2chu.pdf,official_meeting_summary
201007020712,2010,中京,2,7,12,2010-03-27,https://www.jra.go.jp/datafile/seiseki/report/2010/2chu.pdf,official_meeting_summary
201007020801,2010,中京,2,8,1,2010-03-28,https://www.jra.go.jp/datafile/seiseki/report/2010/2chu.pdf,official_meeting_summary
201007020802,2010,中京,2,8,2,2010-03-28,https://www.jra.go.jp/datafile/seiseki/report/2010/2chu.pdf,official_meeting_summary
201007020803,2010,中京,2,8,3,2010-03-28,https://www.jra.go.jp/datafile/seiseki/report/2010/2chu.pdf,official_meeting_summary
201007020804,2010,中京,2,8,4,2010-03-28,https://www.jra.go.jp/datafile/seiseki/report/2010/2chu.pdf,official_meeting_summary
201007020805,2010,中京,2,8,5,2010-03-28,https://www.jra.go.jp/datafile/seiseki/report/2010/2chu.pdf,official_meeting_summary
201007020806,2010,中京,2,8,6,2010-03-28,https://www.jra.go.jp/datafile/seiseki/report/2010/2chu.pdf,official_meeting_summary
201007020807,2010,中京,2,8,7,2010-03-28,https://www.jra.go.jp/datafile/seiseki/report/2010/2chu.pdf,official_meeting_summary
201007020808,2010,中京,2,8,8,2010-03-28,https://www.jra.go.jp/datafile/seiseki/report/2010/2chu.pdf,official_meeting_summary
201007020809,2010,中京,2,8,9,2010-03-28,https://www.jra.go.jp/datafile/seiseki/report/2010/2chu.pdf,official_meeting_summary
201007020810,2010,中京,2,8,10,2010-03-28,https://www.jra.go.jp/datafile/seiseki/report/2010/2chu.pdf,official_meeting_summary
201007020811,2010,中京,2,8,11,2010-03-28,https://www.jra.go.jp/datafile/seiseki/report/2010/2chu.pdf,official_meeting_summary
201007020812,2010,中京,2,8,12,2010-03-28,https://www.jra.go.jp/datafile/seiseki/report/2010/2chu.pdf,official_meeting_summary
201008010101,2010,京都,1,1,1,2010-01-05,https://www.jra.go.jp/datafile/seiseki/report/2010/1kyo.pdf,official_meeting_summary
201008010102,2010,京都,1,1,2,2010-01-05,https://www.jra.go.jp/datafile/seiseki/report/2010/1kyo.pdf,official_meeting_summary
201008010103,2010,京都,1,1,3,2010-01-05,https://www.jra.go.jp/datafile/seiseki/report/2010/1kyo.pdf,official_meeting_summary
201008010104,2010,京都,1,1,4,2010-01-05,https://www.jra.go.jp/datafile/seiseki/report/2010/1kyo.pdf,official_meeting_summary
201008010105,2010,京都,1,1,5,2010-01-05,https://www.jra.go.jp/datafile/seiseki/report/2010/1kyo.pdf,official_meeting_summary
201008010106,2010,京都,1,1,6,2010-01-05,https://www.jra.go.jp/datafile/seiseki/report/2010/1kyo.pdf,official_meeting_summary
201008010107,2010,京都,1,1,7,2010-01-05,https://www.jra.go.jp/datafile/seiseki/report/2010/1kyo.pdf,official_meeting_summary
201008010108,2010,京都,1,1,8,2010-01-05,https://www.jra.go.jp/datafile/seiseki/report/2010/1kyo.pdf,official_meeting_summary
201008010109,2010,京都,1,1,9,2010-01-05,https://www.jra.go.jp/datafile/seiseki/report/2010/1kyo.pdf,official_meeting_summary
201008010110,2010,京都,1,1,10,2010-01-05,https://www.jra.go.jp/datafile/seiseki/report/2010/1kyo.pdf,official_meeting_summary
201008010111,2010,京都,1,1,11,2010-01-05,https://www.jra.go.jp/datafile/seiseki/report/2010/1kyo.pdf,official_meeting_summary
201008010112,2010,京都,1,1,12,2010-01-05,https://www.jra.go.jp/datafile/seiseki/report/2010/1kyo.pdf,official_meeting_summary
201008010201,2010,京都,1,2,1,2010-01-09,https://www.jra.go.jp/datafile/seiseki/report/2010/1kyo.pdf,official_meeting_summary
201008010202,2010,京都,1,2,2,2010-01-09,https://www.jra.go.jp/datafile/seiseki/report/2010/1kyo.pdf,official_meeting_summary
201008010203,2010,京都,1,2,3,2010-01-09,https://www.jra.go.jp/datafile/seiseki/report/2010/1kyo.pdf,official_meeting_summary
201008010204,2010,京都,1,2,4,2010-01-09,https://www.jra.go.jp/datafile/seiseki/report/2010/1kyo.pdf,official_meeting_summary
201008010205,2010,京都,1,2,5,2010-01-09,https://www.jra.go.jp/datafile/seiseki/report/2010/1kyo.pdf,official_meeting_summary
201008010206,2010,京都,1,2,6,2010-01-09,https://www.jra.go.jp/datafile/seiseki/report/2010/1kyo.pdf,official_meeting_summary
201008010207,2010,京都,1,2,7,2010-01-09,https://www.jra.go.jp/datafile/seiseki/report/2010/1kyo.pdf,official_meeting_summary
201008010208,2010,京都,1,2,8,2010-01-09,https://www.jra.go.jp/datafile/seiseki/report/2010/1kyo.pdf,official_meeting_summary
201008010209,2010,京都,1,2,9,2010-01-09,https://www.jra.go.jp/datafile/seiseki/report/2010/1kyo.pdf,official_meeting_summary
201008010210,2010,京都,1,2,10,2010-01-09,https://www.jra.go.jp/datafile/seiseki/report/2010/1kyo.pdf,official_meeting_summary
201008010211,2010,京都,1,2,11,2010-01-09,https://www.jra.go.jp/datafile/seiseki/report/2010/1kyo.pdf,official_meeting_summary
201008010212,2010,京都,1,2,12,2010-01-09,https://www.jra.go.jp/datafile/seiseki/report/2010/1kyo.pdf,official_meeting_summary
201008010301,2010,京都,1,3,1,2010-01-10,https://www.jra.go.jp/datafile/seiseki/report/2010/1kyo.pdf,official_meeting_summary
201008010302,2010,京都,1,3,2,2010-01-10,https://www.jra.go.jp/datafile/seiseki/report/2010/1kyo.pdf,official_meeting_summary
201008010303,2010,京都,1,3,3,2010-01-10,https://www.jra.go.jp/datafile/seiseki/report/2010/1kyo.pdf,official_meeting_summary
201008010304,2010,京都,1,3,4,2010-01-10,https://www.jra.go.jp/datafile/seiseki/report/2010/1kyo.pdf,official_meeting_summary
201008010305,2010,京都,1,3,5,2010-01-10,https://www.jra.go.jp/datafile/seiseki/report/2010/1kyo.pdf,official_meeting_summary
201008010306,2010,京都,1,3,6,2010-01-10,https://www.jra.go.jp/datafile/seiseki/report/2010/1kyo.pdf,official_meeting_summary
201008010307,2010,京都,1,3,7,2010-01-10,https://www.jra.go.jp/datafile/seiseki/report/2010/1kyo.pdf,official_meeting_summary
201008010308,2010,京都,1,3,8,2010-01-10,https://www.jra.go.jp/datafile/seiseki/report/2010/1kyo.pdf,official_meeting_summary
201008010309,2010,京都,1,3,9,2010-01-10,https://www.jra.go.jp/datafile/seiseki/report/2010/1kyo.pdf,official_meeting_summary
201008010310,2010,京都,1,3,10,2010-01-10,https://www.jra.go.jp/datafile/seiseki/report/2010/1kyo.pdf,official_meeting_summary
201008010311,2010,京都,1,3,11,2010-01-10,https://www.jra.go.jp/datafile/seiseki/report/2010/1kyo.pdf,official_meeting_summary
201008010312,2010,京都,1,3,12,2010-01-10,https://www.jra.go.jp/datafile/seiseki/report/2010/1kyo.pdf,official_meeting_summary
201008010401,2010,京都,1,4,1,2010-01-11,https://www.jra.go.jp/datafile/seiseki/report/2010/1kyo.pdf,official_meeting_summary
201008010402,2010,京都,1,4,2,2010-01-11,https://www.jra.go.jp/datafile/seiseki/report/2010/1kyo.pdf,official_meeting_summary
201008010403,2010,京都,1,4,3,2010-01-11,https://www.jra.go.jp/datafile/seiseki/report/2010/1kyo.pdf,official_meeting_summary
201008010404,2010,京都,1,4,4,2010-01-11,https://www.jra.go.jp/datafile/seiseki/report/2010/1kyo.pdf,official_meeting_summary
201008010405,2010,京都,1,4,5,2010-01-11,https://www.jra.go.jp/datafile/seiseki/report/2010/1kyo.pdf,official_meeting_summary
201008010406,2010,京都,1,4,6,2010-01-11,https://www.jra.go.jp/datafile/seiseki/report/2010/1kyo.pdf,official_meeting_summary
201008010407,2010,京都,1,4,7,2010-01-11,https://www.jra.go.jp/datafile/seiseki/report/2010/1kyo.pdf,official_meeting_summary
201008010408,2010,京都,1,4,8,2010-01-11,https://www.jra.go.jp/datafile/seiseki/report/2010/1kyo.pdf,official_meeting_summary
201008010409,2010,京都,1,4,9,2010-01-11,https://www.jra.go.jp/datafile/seiseki/report/2010/1kyo.pdf,official_meeting_summary
201008010410,2010,京都,1,4,10,2010-01-11,https://www.jra.go.jp/datafile/seiseki/report/2010/1kyo.pdf,official_meeting_summary
201008010411,2010,京都,1,4,11,2010-01-11,https://www.jra.go.jp/datafile/seiseki/report/2010/1kyo.pdf,official_meeting_summary
201008010412,2010,京都,1,4,12,2010-01-11,https://www.jra.go.jp/datafile/seiseki/report/2010/1kyo.pdf,official_meeting_summary
201008010501,2010,京都,1,5,1,2010-01-16,https://www.jra.go.jp/datafile/seiseki/report/2010/1kyo.pdf,official_meeting_summary
201008010502,2010,京都,1,5,2,2010-01-16,https://www.jra.go.jp/datafile/seiseki/report/2010/1kyo.pdf,official_meeting_summary
201008010503,2010,京都,1,5,3,2010-01-16,https://www.jra.go.jp/datafile/seiseki/report/2010/1kyo.pdf,official_meeting_summary
201008010504,2010,京都,1,5,4,2010-01-16,https://www.jra.go.jp/datafile/seiseki/report/2010/1kyo.pdf,official_meeting_summary
201008010505,2010,京都,1,5,5,2010-01-16,https://www.jra.go.jp/datafile/seiseki/report/2010/1kyo.pdf,official_meeting_summary
201008010506,2010,京都,1,5,6,2010-01-16,https://www.jra.go.jp/datafile/seiseki/report/2010/1kyo.pdf,official_meeting_summary
201008010507,2010,京都,1,5,7,2010-01-16,https://www.jra.go.jp/datafile/seiseki/report/2010/1kyo.pdf,official_meeting_summary
201008010508,2010,京都,1,5,8,2010-01-16,https://www.jra.go.jp/datafile/seiseki/report/2010/1kyo.pdf,official_meeting_summary
201008010509,2010,京都,1,5,9,2010-01-16,https://www.jra.go.jp/datafile/seiseki/report/2010/1kyo.pdf,official_meeting_summary
201008010510,2010,京都,1,5,10,2010-01-16,https://www.jra.go.jp/datafile/seiseki/report/2010/1kyo.pdf,official_meeting_summary
201008010511,2010,京都,1,5,11,2010-01-16,https://www.jra.go.jp/datafile/seiseki/report/2010/1kyo.pdf,official_meeting_summary
201008010512,2010,京都,1,5,12,2010-01-16,https://www.jra.go.jp/datafile/seiseki/report/2010/1kyo.pdf,official_meeting_summary
201008010601,2010,京都,1,6,1,2010-01-17,https://www.jra.go.jp/datafile/seiseki/report/2010/1kyo.pdf,official_meeting_summary
201008010602,2010,京都,1,6,2,2010-01-17,https://www.jra.go.jp/datafile/seiseki/report/2010/1kyo.pdf,official_meeting_summary
201008010603,2010,京都,1,6,3,2010-01-17,https://www.jra.go.jp/datafile/seiseki/report/2010/1kyo.pdf,official_meeting_summary
201008010604,2010,京都,1,6,4,2010-01-17,https://www.jra.go.jp/datafile/seiseki/report/2010/1kyo.pdf,official_meeting_summary
201008010605,2010,京都,1,6,5,2010-01-17,https://www.jra.go.jp/datafile/seiseki/report/2010/1kyo.pdf,official_meeting_summary
201008010606,2010,京都,1,6,6,2010-01-17,https://www.jra.go.jp/datafile/seiseki/report/2010/1kyo.pdf,official_meeting_summary
201008010607,2010,京都,1,6,7,2010-01-17,https://www.jra.go.jp/datafile/seiseki/report/2010/1kyo.pdf,official_meeting_summary
201008010608,2010,京都,1,6,8,2010-01-17,https://www.jra.go.jp/datafile/seiseki/report/2010/1kyo.pdf,official_meeting_summary
201008010609,2010,京都,1,6,9,2010-01-17,https://www.jra.go.jp/datafile/seiseki/report/2010/1kyo.pdf,official_meeting_summary
201008010610,2010,京都,1,6,10,2010-01-17,https://www.jra.go.jp/datafile/seiseki/report/2010/1kyo.pdf,official_meeting_summary
201008010611,2010,京都,1,6,11,2010-01-17,https://www.jra.go.jp/datafile/seiseki/report/2010/1kyo.pdf,official_meeting_summary
201008010612,2010,京都,1,6,12,2010-01-17,https://www.jra.go.jp/datafile/seiseki/report/2010/1kyo.pdf,official_meeting_summary
201008010701,2010,京都,1,7,1,2010-01-23,https://www.jra.go.jp/datafile/seiseki/report/2010/1kyo.pdf,official_meeting_summary
201008010702,2010,京都,1,7,2,2010-01-23,https://www.jra.go.jp/datafile/seiseki/report/2010/1kyo.pdf,official_meeting_summary
201008010703,2010,京都,1,7,3,2010-01-23,https://www.jra.go.jp/datafile/seiseki/report/2010/1kyo.pdf,official_meeting_summary
201008010704,2010,京都,1,7,4,2010-01-23,https://www.jra.go.jp/datafile/seiseki/report/2010/1kyo.pdf,official_meeting_summary
201008010705,2010,京都,1,7,5,2010-01-23,https://www.jra.go.jp/datafile/seiseki/report/2010/1kyo.pdf,official_meeting_summary
201008010706,2010,京都,1,7,6,2010-01-23,https://www.jra.go.jp/datafile/seiseki/report/2010/1kyo.pdf,official_meeting_summary
201008010707,2010,京都,1,7,7,2010-01-23,https://www.jra.go.jp/datafile/seiseki/report/2010/1kyo.pdf,official_meeting_summary
201008010708,2010,京都,1,7,8,2010-01-23,https://www.jra.go.jp/datafile/seiseki/report/2010/1kyo.pdf,official_meeting_summary
201008010709,2010,京都,1,7,9,2010-01-23,https://www.jra.go.jp/datafile/seiseki/report/2010/1kyo.pdf,official_meeting_summary
201008010710,2010,京都,1,7,10,2010-01-23,https://www.jra.go.jp/datafile/seiseki/report/2010/1kyo.pdf,official_meeting_summary
201008010711,2010,京都,1,7,11,2010-01-23,https://www.jra.go.jp/datafile/seiseki/report/2010/1kyo.pdf,official_meeting_summary
201008010712,2010,京都,1,7,12,2010-01-23,https://www.jra.go.jp/datafile/seiseki/report/2010/1kyo.pdf,official_meeting_summary
201008010801,2010,京都,1,8,1,2010-01-24,https://www.jra.go.jp/datafile/seiseki/report/2010/1kyo.pdf,official_meeting_summary
201008010802,2010,京都,1,8,2,2010-01-24,https://www.jra.go.jp/datafile/seiseki/report/2010/1kyo.pdf,official_meeting_summary
201008010803,2010,京都,1,8,3,2010-01-24,https://www.jra.go.jp/datafile/seiseki/report/2010/1kyo.pdf,official_meeting_summary
201008010804,2010,京都,1,8,4,2010-01-24,https://www.jra.go.jp/datafile/seiseki/report/2010/1kyo.pdf,official_meeting_summary
201008010805,2010,京都,1,8,5,2010-01-24,https://www.jra.go.jp/datafile/seiseki/report/2010/1kyo.pdf,official_meeting_summary
201008010806,2010,京都,1,8,6,2010-01-24,https://www.jra.go.jp/datafile/seiseki/report/2010/1kyo.pdf,official_meeting_summary
201008010807,2010,京都,1,8,7,2010-01-24,https://www.jra.go.jp/datafile/seiseki/report/2010/1kyo.pdf,official_meeting_summary
201008010808,2010,京都,1,8,8,2010-01-24,https://www.jra.go.jp/datafile/seiseki/report/2010/1kyo.pdf,official_meeting_summary
201008010809,2010,京都,1,8,9,2010-01-24,https://www.jra.go.jp/datafile/seiseki/report/2010/1kyo.pdf,official_meeting_summary
201008010810,2010,京都,1,8,10,2010-01-24,https://www.jra.go.jp/datafile/seiseki/report/2010/1kyo.pdf,official_meeting_summary
201008010811,2010,京都,1,8,11,2010-01-24,https://www.jra.go.jp/datafile/seiseki/report/2010/1kyo.pdf,official_meeting_summary
201008010812,2010,京都,1,8,12,2010-01-24,https://www.jra.go.jp/datafile/seiseki/report/2010/1kyo.pdf,official_meeting_summary
201008020101,2010,京都,2,1,1,2010-01-30,https://www.jra.go.jp/datafile/seiseki/report/2010/2kyo.pdf,official_meeting_summary
201008020102,2010,京都,2,1,2,2010-01-30,https://www.jra.go.jp/datafile/seiseki/report/2010/2kyo.pdf,official_meeting_summary
201008020103,2010,京都,2,1,3,2010-01-30,https://www.jra.go.jp/datafile/seiseki/report/2010/2kyo.pdf,official_meeting_summary
201008020104,2010,京都,2,1,4,2010-01-30,https://www.jra.go.jp/datafile/seiseki/report/2010/2kyo.pdf,official_meeting_summary
201008020105,2010,京都,2,1,5,2010-01-30,https://www.jra.go.jp/datafile/seiseki/report/2010/2kyo.pdf,official_meeting_summary
201008020106,2010,京都,2,1,6,2010-01-30,https://www.jra.go.jp/datafile/seiseki/report/2010/2kyo.pdf,official_meeting_summary
201008020107,2010,京都,2,1,7,2010-01-30,https://www.jra.go.jp/datafile/seiseki/report/2010/2kyo.pdf,official_meeting_summary
201008020108,2010,京都,2,1,8,2010-01-30,https://www.jra.go.jp/datafile/seiseki/report/2010/2kyo.pdf,official_meeting_summary
201008020109,2010,京都,2,1,9,2010-01-30,https://www.jra.go.jp/datafile/seiseki/report/2010/2kyo.pdf,official_meeting_summary
201008020110,2010,京都,2,1,10,2010-01-30,https://www.jra.go.jp/datafile/seiseki/report/2010/2kyo.pdf,official_meeting_summary
201008020111,2010,京都,2,1,11,2010-01-30,https://www.jra.go.jp/datafile/seiseki/report/2010/2kyo.pdf,official_meeting_summary
201008020112,2010,京都,2,1,12,2010-01-30,https://www.jra.go.jp/datafile/seiseki/report/2010/2kyo.pdf,official_meeting_summary
201008020201,2010,京都,2,2,1,2010-01-31,https://www.jra.go.jp/datafile/seiseki/report/2010/2kyo.pdf,official_meeting_summary
201008020202,2010,京都,2,2,2,2010-01-31,https://www.jra.go.jp/datafile/seiseki/report/2010/2kyo.pdf,official_meeting_summary
201008020203,2010,京都,2,2,3,2010-01-31,https://www.jra.go.jp/datafile/seiseki/report/2010/2kyo.pdf,official_meeting_summary
201008020204,2010,京都,2,2,4,2010-01-31,https://www.jra.go.jp/datafile/seiseki/report/2010/2kyo.pdf,official_meeting_summary
201008020205,2010,京都,2,2,5,2010-01-31,https://www.jra.go.jp/datafile/seiseki/report/2010/2kyo.pdf,official_meeting_summary
201008020206,2010,京都,2,2,6,2010-01-31,https://www.jra.go.jp/datafile/seiseki/report/2010/2kyo.pdf,official_meeting_summary
201008020207,2010,京都,2,2,7,2010-01-31,https://www.jra.go.jp/datafile/seiseki/report/2010/2kyo.pdf,official_meeting_summary
201008020208,2010,京都,2,2,8,2010-01-31,https://www.jra.go.jp/datafile/seiseki/report/2010/2kyo.pdf,official_meeting_summary
201008020209,2010,京都,2,2,9,2010-01-31,https://www.jra.go.jp/datafile/seiseki/report/2010/2kyo.pdf,official_meeting_summary
201008020210,2010,京都,2,2,10,2010-01-31,https://www.jra.go.jp/datafile/seiseki/report/2010/2kyo.pdf,official_meeting_summary
201008020211,2010,京都,2,2,11,2010-01-31,https://www.jra.go.jp/datafile/seiseki/report/2010/2kyo.pdf,official_meeting_summary
201008020212,2010,京都,2,2,12,2010-01-31,https://www.jra.go.jp/datafile/seiseki/report/2010/2kyo.pdf,official_meeting_summary
201008020301,2010,京都,2,3,1,2010-02-06,https://www.jra.go.jp/datafile/seiseki/report/2010/2kyo.pdf,official_meeting_summary
201008020302,2010,京都,2,3,2,2010-02-06,https://www.jra.go.jp/datafile/seiseki/report/2010/2kyo.pdf,official_meeting_summary
201008020303,2010,京都,2,3,3,2010-02-06,https://www.jra.go.jp/datafile/seiseki/report/2010/2kyo.pdf,official_meeting_summary
201008020304,2010,京都,2,3,4,2010-02-06,https://www.jra.go.jp/datafile/seiseki/report/2010/2kyo.pdf,official_meeting_summary
201008020305,2010,京都,2,3,5,2010-02-06,https://www.jra.go.jp/datafile/seiseki/report/2010/2kyo.pdf,official_meeting_summary
201008020306,2010,京都,2,3,6,2010-02-06,https://www.jra.go.jp/datafile/seiseki/report/2010/2kyo.pdf,official_meeting_summary
201008020307,2010,京都,2,3,7,2010-02-06,https://www.jra.go.jp/datafile/seiseki/report/2010/2kyo.pdf,official_meeting_summary
201008020308,2010,京都,2,3,8,2010-02-06,https://www.jra.go.jp/datafile/seiseki/report/2010/2kyo.pdf,official_meeting_summary
201008020309,2010,京都,2,3,9,2010-02-06,https://www.jra.go.jp/datafile/seiseki/report/2010/2kyo.pdf,official_meeting_summary
201008020310,2010,京都,2,3,10,2010-02-06,https://www.jra.go.jp/datafile/seiseki/report/2010/2kyo.pdf,official_meeting_summary
201008020311,2010,京都,2,3,11,2010-02-06,https://www.jra.go.jp/datafile/seiseki/report/2010/2kyo.pdf,official_meeting_summary
201008020312,2010,京都,2,3,12,2010-02-06,https://www.jra.go.jp/datafile/seiseki/report/2010/2kyo.pdf,official_meeting_summary
201008020401,2010,京都,2,4,1,2010-02-07,https://www.jra.go.jp/datafile/seiseki/report/2010/2kyo.pdf,official_meeting_summary
201008020402,2010,京都,2,4,2,2010-02-07,https://www.jra.go.jp/datafile/seiseki/report/2010/2kyo.pdf,official_meeting_summary
201008020403,2010,京都,2,4,3,2010-02-07,https://www.jra.go.jp/datafile/seiseki/report/2010/2kyo.pdf,official_meeting_summary
201008020404,2010,京都,2,4,4,2010-02-07,https://www.jra.go.jp/datafile/seiseki/report/2010/2kyo.pdf,official_meeting_summary
201008020405,2010,京都,2,4,5,2010-02-07,https://www.jra.go.jp/datafile/seiseki/report/2010/2kyo.pdf,official_meeting_summary
201008020406,2010,京都,2,4,6,2010-02-07,https://www.jra.go.jp/datafile/seiseki/report/2010/2kyo.pdf,official_meeting_summary
201008020407,2010,京都,2,4,7,2010-02-07,https://www.jra.go.jp/datafile/seiseki/report/2010/2kyo.pdf,official_meeting_summary
201008020408,2010,京都,2,4,8,2010-02-07,https://www.jra.go.jp/datafile/seiseki/report/2010/2kyo.pdf,official_meeting_summary
201008020409,2010,京都,2,4,9,2010-02-07,https://www.jra.go.jp/datafile/seiseki/report/2010/2kyo.pdf,official_meeting_summary
201008020410,2010,京都,2,4,10,2010-02-07,https://www.jra.go.jp/datafile/seiseki/report/2010/2kyo.pdf,official_meeting_summary
201008020411,2010,京都,2,4,11,2010-02-07,https://www.jra.go.jp/datafile/seiseki/report/2010/2kyo.pdf,official_meeting_summary
201008020412,2010,京都,2,4,12,2010-02-07,https://www.jra.go.jp/datafile/seiseki/report/2010/2kyo.pdf,official_meeting_summary
201008020501,2010,京都,2,5,1,2010-02-13,https://www.jra.go.jp/datafile/seiseki/report/2010/2kyo.pdf,official_meeting_summary
201008020502,2010,京都,2,5,2,2010-02-13,https://www.jra.go.jp/datafile/seiseki/report/2010/2kyo.pdf,official_meeting_summary
201008020503,2010,京都,2,5,3,2010-02-13,https://www.jra.go.jp/datafile/seiseki/report/2010/2kyo.pdf,official_meeting_summary
201008020504,2010,京都,2,5,4,2010-02-13,https://www.jra.go.jp/datafile/seiseki/report/2010/2kyo.pdf,official_meeting_summary
201008020505,2010,京都,2,5,5,2010-02-13,https://www.jra.go.jp/datafile/seiseki/report/2010/2kyo.pdf,official_meeting_summary
201008020506,2010,京都,2,5,6,2010-02-13,https://www.jra.go.jp/datafile/seiseki/report/2010/2kyo.pdf,official_meeting_summary
201008020507,2010,京都,2,5,7,2010-02-13,https://www.jra.go.jp/datafile/seiseki/report/2010/2kyo.pdf,official_meeting_summary
201008020508,2010,京都,2,5,8,2010-02-13,https://www.jra.go.jp/datafile/seiseki/report/2010/2kyo.pdf,official_meeting_summary
201008020509,2010,京都,2,5,9,2010-02-13,https://www.jra.go.jp/datafile/seiseki/report/2010/2kyo.pdf,official_meeting_summary
201008020510,2010,京都,2,5,10,2010-02-13,https://www.jra.go.jp/datafile/seiseki/report/2010/2kyo.pdf,official_meeting_summary
201008020511,2010,京都,2,5,11,2010-02-13,https://www.jra.go.jp/datafile/seiseki/report/2010/2kyo.pdf,official_meeting_summary
201008020512,2010,京都,2,5,12,2010-02-13,https://www.jra.go.jp/datafile/seiseki/report/2010/2kyo.pdf,official_meeting_summary
201008020601,2010,京都,2,6,1,2010-02-14,https://www.jra.go.jp/datafile/seiseki/report/2010/2kyo.pdf,official_meeting_summary
201008020602,2010,京都,2,6,2,2010-02-14,https://www.jra.go.jp/datafile/seiseki/report/2010/2kyo.pdf,official_meeting_summary
201008020603,2010,京都,2,6,3,2010-02-14,https://www.jra.go.jp/datafile/seiseki/report/2010/2kyo.pdf,official_meeting_summary
201008020604,2010,京都,2,6,4,2010-02-14,https://www.jra.go.jp/datafile/seiseki/report/2010/2kyo.pdf,official_meeting_summary
201008020605,2010,京都,2,6,5,2010-02-14,https://www.jra.go.jp/datafile/seiseki/report/2010/2kyo.pdf,official_meeting_summary
201008020606,2010,京都,2,6,6,2010-02-14,https://www.jra.go.jp/datafile/seiseki/report/2010/2kyo.pdf,official_meeting_summary
201008020607,2010,京都,2,6,7,2010-02-14,https://www.jra.go.jp/datafile/seiseki/report/2010/2kyo.pdf,official_meeting_summary
201008020608,2010,京都,2,6,8,2010-02-14,https://www.jra.go.jp/datafile/seiseki/report/2010/2kyo.pdf,official_meeting_summary
201008020609,2010,京都,2,6,9,2010-02-14,https://www.jra.go.jp/datafile/seiseki/report/2010/2kyo.pdf,official_meeting_summary
201008020610,2010,京都,2,6,10,2010-02-14,https://www.jra.go.jp/datafile/seiseki/report/2010/2kyo.pdf,official_meeting_summary
201008020611,2010,京都,2,6,11,2010-02-14,https://www.jra.go.jp/datafile/seiseki/report/2010/2kyo.pdf,official_meeting_summary
201008020612,2010,京都,2,6,12,2010-02-14,https://www.jra.go.jp/datafile/seiseki/report/2010/2kyo.pdf,official_meeting_summary
201008020701,2010,京都,2,7,1,2010-02-20,https://www.jra.go.jp/datafile/seiseki/report/2010/2kyo.pdf,official_meeting_summary
201008020702,2010,京都,2,7,2,2010-02-20,https://www.jra.go.jp/datafile/seiseki/report/2010/2kyo.pdf,official_meeting_summary
201008020703,2010,京都,2,7,3,2010-02-20,https://www.jra.go.jp/datafile/seiseki/report/2010/2kyo.pdf,official_meeting_summary
201008020704,2010,京都,2,7,4,2010-02-20,https://www.jra.go.jp/datafile/seiseki/report/2010/2kyo.pdf,official_meeting_summary
201008020705,2010,京都,2,7,5,2010-02-20,https://www.jra.go.jp/datafile/seiseki/report/2010/2kyo.pdf,official_meeting_summary
201008020706,2010,京都,2,7,6,2010-02-20,https://www.jra.go.jp/datafile/seiseki/report/2010/2kyo.pdf,official_meeting_summary
201008020707,2010,京都,2,7,7,2010-02-20,https://www.jra.go.jp/datafile/seiseki/report/2010/2kyo.pdf,official_meeting_summary
201008020708,2010,京都,2,7,8,2010-02-20,https://www.jra.go.jp/datafile/seiseki/report/2010/2kyo.pdf,official_meeting_summary
201008020709,2010,京都,2,7,9,2010-02-20,https://www.jra.go.jp/datafile/seiseki/report/2010/2kyo.pdf,official_meeting_summary
201008020710,2010,京都,2,7,10,2010-02-20,https://www.jra.go.jp/datafile/seiseki/report/2010/2kyo.pdf,official_meeting_summary
201008020711,2010,京都,2,7,11,2010-02-20,https://www.jra.go.jp/datafile/seiseki/report/2010/2kyo.pdf,official_meeting_summary
201008020712,2010,京都,2,7,12,2010-02-20,https://www.jra.go.jp/datafile/seiseki/report/2010/2kyo.pdf,official_meeting_summary
201008020801,2010,京都,2,8,1,2010-02-21,https://www.jra.go.jp/datafile/seiseki/report/2010/2kyo.pdf,official_meeting_summary
201008020802,2010,京都,2,8,2,2010-02-21,https://www.jra.go.jp/datafile/seiseki/report/2010/2kyo.pdf,official_meeting_summary
201008020803,2010,京都,2,8,3,2010-02-21,https://www.jra.go.jp/datafile/seiseki/report/2010/2kyo.pdf,official_meeting_summary
201008020804,2010,京都,2,8,4,2010-02-21,https://www.jra.go.jp/datafile/seiseki/report/2010/2kyo.pdf,official_meeting_summary
201008020805,2010,京都,2,8,5,2010-02-21,https://www.jra.go.jp/datafile/seiseki/report/2010/2kyo.pdf,official_meeting_summary
201008020806,2010,京都,2,8,6,2010-02-21,https://www.jra.go.jp/datafile/seiseki/report/2010/2kyo.pdf,official_meeting_summary
201008020807,2010,京都,2,8,7,2010-02-21,https://www.jra.go.jp/datafile/seiseki/report/2010/2kyo.pdf,official_meeting_summary
201008020808,2010,京都,2,8,8,2010-02-21,https://www.jra.go.jp/datafile/seiseki/report/2010/2kyo.pdf,official_meeting_summary
201008020809,2010,京都,2,8,9,2010-02-21,https://www.jra.go.jp/datafile/seiseki/report/2010/2kyo.pdf,official_meeting_summary
201008020810,2010,京都,2,8,10,2010-02-21,https://www.jra.go.jp/datafile/seiseki/report/2010/2kyo.pdf,official_meeting_summary
201008020811,2010,京都,2,8,11,2010-02-21,https://www.jra.go.jp/datafile/seiseki/report/2010/2kyo.pdf,official_meeting_summary
201008020812,2010,京都,2,8,12,2010-02-21,https://www.jra.go.jp/datafile/seiseki/report/2010/2kyo.pdf,official_meeting_summary
201008030101,2010,京都,3,1,1,2010-04-24,https://www.jra.go.jp/datafile/seiseki/report/2010/3kyo.pdf,official_meeting_summary
201008030102,2010,京都,3,1,2,2010-04-24,https://www.jra.go.jp/datafile/seiseki/report/2010/3kyo.pdf,official_meeting_summary
201008030103,2010,京都,3,1,3,2010-04-24,https://www.jra.go.jp/datafile/seiseki/report/2010/3kyo.pdf,official_meeting_summary
201008030104,2010,京都,3,1,4,2010-04-24,https://www.jra.go.jp/datafile/seiseki/report/2010/3kyo.pdf,official_meeting_summary
201008030105,2010,京都,3,1,5,2010-04-24,https://www.jra.go.jp/datafile/seiseki/report/2010/3kyo.pdf,official_meeting_summary
201008030106,2010,京都,3,1,6,2010-04-24,https://www.jra.go.jp/datafile/seiseki/report/2010/3kyo.pdf,official_meeting_summary
201008030107,2010,京都,3,1,7,2010-04-24,https://www.jra.go.jp/datafile/seiseki/report/2010/3kyo.pdf,official_meeting_summary
201008030108,2010,京都,3,1,8,2010-04-24,https://www.jra.go.jp/datafile/seiseki/report/2010/3kyo.pdf,official_meeting_summary
201008030109,2010,京都,3,1,9,2010-04-24,https://www.jra.go.jp/datafile/seiseki/report/2010/3kyo.pdf,official_meeting_summary
201008030110,2010,京都,3,1,10,2010-04-24,https://www.jra.go.jp/datafile/seiseki/report/2010/3kyo.pdf,official_meeting_summary
201008030111,2010,京都,3,1,11,2010-04-24,https://www.jra.go.jp/datafile/seiseki/report/2010/3kyo.pdf,official_meeting_summary
201008030112,2010,京都,3,1,12,2010-04-24,https://www.jra.go.jp/datafile/seiseki/report/2010/3kyo.pdf,official_meeting_summary
201008030201,2010,京都,3,2,1,2010-04-25,https://www.jra.go.jp/datafile/seiseki/report/2010/3kyo.pdf,official_meeting_summary
201008030202,2010,京都,3,2,2,2010-04-25,https://www.jra.go.jp/datafile/seiseki/report/2010/3kyo.pdf,official_meeting_summary
201008030203,2010,京都,3,2,3,2010-04-25,https://www.jra.go.jp/datafile/seiseki/report/2010/3kyo.pdf,official_meeting_summary
201008030204,2010,京都,3,2,4,2010-04-25,https://www.jra.go.jp/datafile/seiseki/report/2010/3kyo.pdf,official_meeting_summary
201008030205,2010,京都,3,2,5,2010-04-25,https://www.jra.go.jp/datafile/seiseki/report/2010/3kyo.pdf,official_meeting_summary
201008030206,2010,京都,3,2,6,2010-04-25,https://www.jra.go.jp/datafile/seiseki/report/2010/3kyo.pdf,official_meeting_summary
201008030207,2010,京都,3,2,7,2010-04-25,https://www.jra.go.jp/datafile/seiseki/report/2010/3kyo.pdf,official_meeting_summary
201008030208,2010,京都,3,2,8,2010-04-25,https://www.jra.go.jp/datafile/seiseki/report/2010/3kyo.pdf,official_meeting_summary
201008030209,2010,京都,3,2,9,2010-04-25,https://www.jra.go.jp/datafile/seiseki/report/2010/3kyo.pdf,official_meeting_summary
201008030210,2010,京都,3,2,10,2010-04-25,https://www.jra.go.jp/datafile/seiseki/report/2010/3kyo.pdf,official_meeting_summary
201008030211,2010,京都,3,2,11,2010-04-25,https://www.jra.go.jp/datafile/seiseki/report/2010/3kyo.pdf,official_meeting_summary
201008030212,2010,京都,3,2,12,2010-04-25,https://www.jra.go.jp/datafile/seiseki/report/2010/3kyo.pdf,official_meeting_summary
201008030301,2010,京都,3,3,1,2010-05-01,https://www.jra.go.jp/datafile/seiseki/report/2010/3kyo.pdf,official_meeting_summary
201008030302,2010,京都,3,3,2,2010-05-01,https://www.jra.go.jp/datafile/seiseki/report/2010/3kyo.pdf,official_meeting_summary
201008030303,2010,京都,3,3,3,2010-05-01,https://www.jra.go.jp/datafile/seiseki/report/2010/3kyo.pdf,official_meeting_summary
201008030304,2010,京都,3,3,4,2010-05-01,https://www.jra.go.jp/datafile/seiseki/report/2010/3kyo.pdf,official_meeting_summary
201008030305,2010,京都,3,3,5,2010-05-01,https://www.jra.go.jp/datafile/seiseki/report/2010/3kyo.pdf,official_meeting_summary
201008030306,2010,京都,3,3,6,2010-05-01,https://www.jra.go.jp/datafile/seiseki/report/2010/3kyo.pdf,official_meeting_summary
201008030307,2010,京都,3,3,7,2010-05-01,https://www.jra.go.jp/datafile/seiseki/report/2010/3kyo.pdf,official_meeting_summary
201008030308,2010,京都,3,3,8,2010-05-01,https://www.jra.go.jp/datafile/seiseki/report/2010/3kyo.pdf,official_meeting_summary
201008030309,2010,京都,3,3,9,2010-05-01,https://www.jra.go.jp/datafile/seiseki/report/2010/3kyo.pdf,official_meeting_summary
201008030310,2010,京都,3,3,10,2010-05-01,https://www.jra.go.jp/datafile/seiseki/report/2010/3kyo.pdf,official_meeting_summary
201008030311,2010,京都,3,3,11,2010-05-01,https://www.jra.go.jp/datafile/seiseki/report/2010/3kyo.pdf,official_meeting_summary
201008030312,2010,京都,3,3,12,2010-05-01,https://www.jra.go.jp/datafile/seiseki/report/2010/3kyo.pdf,official_meeting_summary
201008030401,2010,京都,3,4,1,2010-05-02,https://www.jra.go.jp/datafile/seiseki/report/2010/3kyo.pdf,official_meeting_summary
201008030402,2010,京都,3,4,2,2010-05-02,https://www.jra.go.jp/datafile/seiseki/report/2010/3kyo.pdf,official_meeting_summary
201008030403,2010,京都,3,4,3,2010-05-02,https://www.jra.go.jp/datafile/seiseki/report/2010/3kyo.pdf,official_meeting_summary
201008030404,2010,京都,3,4,4,2010-05-02,https://www.jra.go.jp/datafile/seiseki/report/2010/3kyo.pdf,official_meeting_summary
201008030405,2010,京都,3,4,5,2010-05-02,https://www.jra.go.jp/datafile/seiseki/report/2010/3kyo.pdf,official_meeting_summary
201008030406,2010,京都,3,4,6,2010-05-02,https://www.jra.go.jp/datafile/seiseki/report/2010/3kyo.pdf,official_meeting_summary
201008030407,2010,京都,3,4,7,2010-05-02,https://www.jra.go.jp/datafile/seiseki/report/2010/3kyo.pdf,official_meeting_summary
201008030408,2010,京都,3,4,8,2010-05-02,https://www.jra.go.jp/datafile/seiseki/report/2010/3kyo.pdf,official_meeting_summary
201008030409,2010,京都,3,4,9,2010-05-02,https://www.jra.go.jp/datafile/seiseki/report/2010/3kyo.pdf,official_meeting_summary
201008030410,2010,京都,3,4,10,2010-05-02,https://www.jra.go.jp/datafile/seiseki/report/2010/3kyo.pdf,official_meeting_summary
201008030411,2010,京都,3,4,11,2010-05-02,https://www.jra.go.jp/datafile/seiseki/report/2010/3kyo.pdf,official_meeting_summary
201008030412,2010,京都,3,4,12,2010-05-02,https://www.jra.go.jp/datafile/seiseki/report/2010/3kyo.pdf,official_meeting_summary
201008030501,2010,京都,3,5,1,2010-05-08,https://www.jra.go.jp/datafile/seiseki/report/2010/3kyo.pdf,official_meeting_summary
201008030502,2010,京都,3,5,2,2010-05-08,https://www.jra.go.jp/datafile/seiseki/report/2010/3kyo.pdf,official_meeting_summary
201008030503,2010,京都,3,5,3,2010-05-08,https://www.jra.go.jp/datafile/seiseki/report/2010/3kyo.pdf,official_meeting_summary
201008030504,2010,京都,3,5,4,2010-05-08,https://www.jra.go.jp/datafile/seiseki/report/2010/3kyo.pdf,official_meeting_summary
201008030505,2010,京都,3,5,5,2010-05-08,https://www.jra.go.jp/datafile/seiseki/report/2010/3kyo.pdf,official_meeting_summary
201008030506,2010,京都,3,5,6,2010-05-08,https://www.jra.go.jp/datafile/seiseki/report/2010/3kyo.pdf,official_meeting_summary
201008030507,2010,京都,3,5,7,2010-05-08,https://www.jra.go.jp/datafile/seiseki/report/2010/3kyo.pdf,official_meeting_summary
201008030508,2010,京都,3,5,8,2010-05-08,https://www.jra.go.jp/datafile/seiseki/report/2010/3kyo.pdf,official_meeting_summary
201008030509,2010,京都,3,5,9,2010-05-08,https://www.jra.go.jp/datafile/seiseki/report/2010/3kyo.pdf,official_meeting_summary
201008030510,2010,京都,3,5,10,2010-05-08,https://www.jra.go.jp/datafile/seiseki/report/2010/3kyo.pdf,official_meeting_summary
201008030511,2010,京都,3,5,11,2010-05-08,https://www.jra.go.jp/datafile/seiseki/report/2010/3kyo.pdf,official_meeting_summary
201008030512,2010,京都,3,5,12,2010-05-08,https://www.jra.go.jp/datafile/seiseki/report/2010/3kyo.pdf,official_meeting_summary
201008030601,2010,京都,3,6,1,2010-05-09,https://www.jra.go.jp/datafile/seiseki/report/2010/3kyo.pdf,official_meeting_summary
201008030602,2010,京都,3,6,2,2010-05-09,https://www.jra.go.jp/datafile/seiseki/report/2010/3kyo.pdf,official_meeting_summary
201008030603,2010,京都,3,6,3,2010-05-09,https://www.jra.go.jp/datafile/seiseki/report/2010/3kyo.pdf,official_meeting_summary
201008030604,2010,京都,3,6,4,2010-05-09,https://www.jra.go.jp/datafile/seiseki/report/2010/3kyo.pdf,official_meeting_summary
201008030605,2010,京都,3,6,5,2010-05-09,https://www.jra.go.jp/datafile/seiseki/report/2010/3kyo.pdf,official_meeting_summary
201008030606,2010,京都,3,6,6,2010-05-09,https://www.jra.go.jp/datafile/seiseki/report/2010/3kyo.pdf,official_meeting_summary
201008030607,2010,京都,3,6,7,2010-05-09,https://www.jra.go.jp/datafile/seiseki/report/2010/3kyo.pdf,official_meeting_summary
201008030608,2010,京都,3,6,8,2010-05-09,https://www.jra.go.jp/datafile/seiseki/report/2010/3kyo.pdf,official_meeting_summary
201008030609,2010,京都,3,6,9,2010-05-09,https://www.jra.go.jp/datafile/seiseki/report/2010/3kyo.pdf,official_meeting_summary
201008030610,2010,京都,3,6,10,2010-05-09,https://www.jra.go.jp/datafile/seiseki/report/2010/3kyo.pdf,official_meeting_summary
201008030611,2010,京都,3,6,11,2010-05-09,https://www.jra.go.jp/datafile/seiseki/report/2010/3kyo.pdf,official_meeting_summary
201008030612,2010,京都,3,6,12,2010-05-09,https://www.jra.go.jp/datafile/seiseki/report/2010/3kyo.pdf,official_meeting_summary
201008030701,2010,京都,3,7,1,2010-05-15,https://www.jra.go.jp/datafile/seiseki/report/2010/3kyo.pdf,official_meeting_summary
201008030702,2010,京都,3,7,2,2010-05-15,https://www.jra.go.jp/datafile/seiseki/report/2010/3kyo.pdf,official_meeting_summary
201008030703,2010,京都,3,7,3,2010-05-15,https://www.jra.go.jp/datafile/seiseki/report/2010/3kyo.pdf,official_meeting_summary
201008030704,2010,京都,3,7,4,2010-05-15,https://www.jra.go.jp/datafile/seiseki/report/2010/3kyo.pdf,official_meeting_summary
201008030705,2010,京都,3,7,5,2010-05-15,https://www.jra.go.jp/datafile/seiseki/report/2010/3kyo.pdf,official_meeting_summary
201008030706,2010,京都,3,7,6,2010-05-15,https://www.jra.go.jp/datafile/seiseki/report/2010/3kyo.pdf,official_meeting_summary
201008030707,2010,京都,3,7,7,2010-05-15,https://www.jra.go.jp/datafile/seiseki/report/2010/3kyo.pdf,official_meeting_summary
201008030708,2010,京都,3,7,8,2010-05-15,https://www.jra.go.jp/datafile/seiseki/report/2010/3kyo.pdf,official_meeting_summary
201008030709,2010,京都,3,7,9,2010-05-15,https://www.jra.go.jp/datafile/seiseki/report/2010/3kyo.pdf,official_meeting_summary
201008030710,2010,京都,3,7,10,2010-05-15,https://www.jra.go.jp/datafile/seiseki/report/2010/3kyo.pdf,official_meeting_summary
201008030711,2010,京都,3,7,11,2010-05-15,https://www.jra.go.jp/datafile/seiseki/report/2010/3kyo.pdf,official_meeting_summary
201008030712,2010,京都,3,7,12,2010-05-15,https://www.jra.go.jp/datafile/seiseki/report/2010/3kyo.pdf,official_meeting_summary
201008030801,2010,京都,3,8,1,2010-05-16,https://www.jra.go.jp/datafile/seiseki/report/2010/3kyo.pdf,official_meeting_summary
201008030802,2010,京都,3,8,2,2010-05-16,https://www.jra.go.jp/datafile/seiseki/report/2010/3kyo.pdf,official_meeting_summary
201008030803,2010,京都,3,8,3,2010-05-16,https://www.jra.go.jp/datafile/seiseki/report/2010/3kyo.pdf,official_meeting_summary
201008030804,2010,京都,3,8,4,2010-05-16,https://www.jra.go.jp/datafile/seiseki/report/2010/3kyo.pdf,official_meeting_summary
201008030805,2010,京都,3,8,5,2010-05-16,https://www.jra.go.jp/datafile/seiseki/report/2010/3kyo.pdf,official_meeting_summary
201008030806,2010,京都,3,8,6,2010-05-16,https://www.jra.go.jp/datafile/seiseki/report/2010/3kyo.pdf,official_meeting_summary
201008030807,2010,京都,3,8,7,2010-05-16,https://www.jra.go.jp/datafile/seiseki/report/2010/3kyo.pdf,official_meeting_summary
201008030808,2010,京都,3,8,8,2010-05-16,https://www.jra.go.jp/datafile/seiseki/report/2010/3kyo.pdf,official_meeting_summary
201008030809,2010,京都,3,8,9,2010-05-16,https://www.jra.go.jp/datafile/seiseki/report/2010/3kyo.pdf,official_meeting_summary
201008030810,2010,京都,3,8,10,2010-05-16,https://www.jra.go.jp/datafile/seiseki/report/2010/3kyo.pdf,official_meeting_summary
201008030811,2010,京都,3,8,11,2010-05-16,https://www.jra.go.jp/datafile/seiseki/report/2010/3kyo.pdf,official_meeting_summary
201008030812,2010,京都,3,8,12,2010-05-16,https://www.jra.go.jp/datafile/seiseki/report/2010/3kyo.pdf,official_meeting_summary
201008040101,2010,京都,4,1,1,2010-05-22,https://www.jra.go.jp/datafile/seiseki/report/2010/4kyo.pdf,official_meeting_summary
201008040102,2010,京都,4,1,2,2010-05-22,https://www.jra.go.jp/datafile/seiseki/report/2010/4kyo.pdf,official_meeting_summary
201008040103,2010,京都,4,1,3,2010-05-22,https://www.jra.go.jp/datafile/seiseki/report/2010/4kyo.pdf,official_meeting_summary
201008040104,2010,京都,4,1,4,2010-05-22,https://www.jra.go.jp/datafile/seiseki/report/2010/4kyo.pdf,official_meeting_summary
201008040105,2010,京都,4,1,5,2010-05-22,https://www.jra.go.jp/datafile/seiseki/report/2010/4kyo.pdf,official_meeting_summary
201008040106,2010,京都,4,1,6,2010-05-22,https://www.jra.go.jp/datafile/seiseki/report/2010/4kyo.pdf,official_meeting_summary
201008040107,2010,京都,4,1,7,2010-05-22,https://www.jra.go.jp/datafile/seiseki/report/2010/4kyo.pdf,official_meeting_summary
201008040108,2010,京都,4,1,8,2010-05-22,https://www.jra.go.jp/datafile/seiseki/report/2010/4kyo.pdf,official_meeting_summary
201008040109,2010,京都,4,1,9,2010-05-22,https://www.jra.go.jp/datafile/seiseki/report/2010/4kyo.pdf,official_meeting_summary
201008040110,2010,京都,4,1,10,2010-05-22,https://www.jra.go.jp/datafile/seiseki/report/2010/4kyo.pdf,official_meeting_summary
201008040111,2010,京都,4,1,11,2010-05-22,https://www.jra.go.jp/datafile/seiseki/report/2010/4kyo.pdf,official_meeting_summary
201008040112,2010,京都,4,1,12,2010-05-22,https://www.jra.go.jp/datafile/seiseki/report/2010/4kyo.pdf,official_meeting_summary
201008040201,2010,京都,4,2,1,2010-05-23,https://www.jra.go.jp/datafile/seiseki/report/2010/4kyo.pdf,official_meeting_summary
201008040202,2010,京都,4,2,2,2010-05-23,https://www.jra.go.jp/datafile/seiseki/report/2010/4kyo.pdf,official_meeting_summary
201008040203,2010,京都,4,2,3,2010-05-23,https://www.jra.go.jp/datafile/seiseki/report/2010/4kyo.pdf,official_meeting_summary
201008040204,2010,京都,4,2,4,2010-05-23,https://www.jra.go.jp/datafile/seiseki/report/2010/4kyo.pdf,official_meeting_summary
201008040205,2010,京都,4,2,5,2010-05-23,https://www.jra.go.jp/datafile/seiseki/report/2010/4kyo.pdf,official_meeting_summary
201008040206,2010,京都,4,2,6,2010-05-23,https://www.jra.go.jp/datafile/seiseki/report/2010/4kyo.pdf,official_meeting_summary
201008040207,2010,京都,4,2,7,2010-05-23,https://www.jra.go.jp/datafile/seiseki/report/2010/4kyo.pdf,official_meeting_summary
201008040208,2010,京都,4,2,8,2010-05-23,https://www.jra.go.jp/datafile/seiseki/report/2010/4kyo.pdf,official_meeting_summary
201008040209,2010,京都,4,2,9,2010-05-23,https://www.jra.go.jp/datafile/seiseki/report/2010/4kyo.pdf,official_meeting_summary
201008040210,2010,京都,4,2,10,2010-05-23,https://www.jra.go.jp/datafile/seiseki/report/2010/4kyo.pdf,official_meeting_summary
201008040211,2010,京都,4,2,11,2010-05-23,https://www.jra.go.jp/datafile/seiseki/report/2010/4kyo.pdf,official_meeting_summary
201008040212,2010,京都,4,2,12,2010-05-23,https://www.jra.go.jp/datafile/seiseki/report/2010/4kyo.pdf,official_meeting_summary
201008040301,2010,京都,4,3,1,2010-05-29,https://www.jra.go.jp/datafile/seiseki/report/2010/4kyo.pdf,official_meeting_summary
201008040302,2010,京都,4,3,2,2010-05-29,https://www.jra.go.jp/datafile/seiseki/report/2010/4kyo.pdf,official_meeting_summary
201008040303,2010,京都,4,3,3,2010-05-29,https://www.jra.go.jp/datafile/seiseki/report/2010/4kyo.pdf,official_meeting_summary
201008040304,2010,京都,4,3,4,2010-05-29,https://www.jra.go.jp/datafile/seiseki/report/2010/4kyo.pdf,official_meeting_summary
201008040305,2010,京都,4,3,5,2010-05-29,https://www.jra.go.jp/datafile/seiseki/report/2010/4kyo.pdf,official_meeting_summary
201008040306,2010,京都,4,3,6,2010-05-29,https://www.jra.go.jp/datafile/seiseki/report/2010/4kyo.pdf,official_meeting_summary
201008040307,2010,京都,4,3,7,2010-05-29,https://www.jra.go.jp/datafile/seiseki/report/2010/4kyo.pdf,official_meeting_summary
201008040308,2010,京都,4,3,8,2010-05-29,https://www.jra.go.jp/datafile/seiseki/report/2010/4kyo.pdf,official_meeting_summary
201008040309,2010,京都,4,3,9,2010-05-29,https://www.jra.go.jp/datafile/seiseki/report/2010/4kyo.pdf,official_meeting_summary
201008040310,2010,京都,4,3,10,2010-05-29,https://www.jra.go.jp/datafile/seiseki/report/2010/4kyo.pdf,official_meeting_summary
201008040311,2010,京都,4,3,11,2010-05-29,https://www.jra.go.jp/datafile/seiseki/report/2010/4kyo.pdf,official_meeting_summary
201008040312,2010,京都,4,3,12,2010-05-29,https://www.jra.go.jp/datafile/seiseki/report/2010/4kyo.pdf,official_meeting_summary
201008040401,2010,京都,4,4,1,2010-05-30,https://www.jra.go.jp/datafile/seiseki/report/2010/4kyo.pdf,official_meeting_summary
201008040402,2010,京都,4,4,2,2010-05-30,https://www.jra.go.jp/datafile/seiseki/report/2010/4kyo.pdf,official_meeting_summary
201008040403,2010,京都,4,4,3,2010-05-30,https://www.jra.go.jp/datafile/seiseki/report/2010/4kyo.pdf,official_meeting_summary
201008040404,2010,京都,4,4,4,2010-05-30,https://www.jra.go.jp/datafile/seiseki/report/2010/4kyo.pdf,official_meeting_summary
201008040405,2010,京都,4,4,5,2010-05-30,https://www.jra.go.jp/datafile/seiseki/report/2010/4kyo.pdf,official_meeting_summary
201008040406,2010,京都,4,4,6,2010-05-30,https://www.jra.go.jp/datafile/seiseki/report/2010/4kyo.pdf,official_meeting_summary
201008040407,2010,京都,4,4,7,2010-05-30,https://www.jra.go.jp/datafile/seiseki/report/2010/4kyo.pdf,official_meeting_summary
201008040408,2010,京都,4,4,8,2010-05-30,https://www.jra.go.jp/datafile/seiseki/report/2010/4kyo.pdf,official_meeting_summary
201008040409,2010,京都,4,4,9,2010-05-30,https://www.jra.go.jp/datafile/seiseki/report/2010/4kyo.pdf,official_meeting_summary
201008040410,2010,京都,4,4,10,2010-05-30,https://www.jra.go.jp/datafile/seiseki/report/2010/4kyo.pdf,official_meeting_summary
201008040411,2010,京都,4,4,11,2010-05-30,https://www.jra.go.jp/datafile/seiseki/report/2010/4kyo.pdf,official_meeting_summary
201008040412,2010,京都,4,4,12,2010-05-30,https://www.jra.go.jp/datafile/seiseki/report/2010/4kyo.pdf,official_meeting_summary
201008040501,2010,京都,4,5,1,2010-06-05,https://www.jra.go.jp/datafile/seiseki/report/2010/4kyo.pdf,official_meeting_summary
201008040502,2010,京都,4,5,2,2010-06-05,https://www.jra.go.jp/datafile/seiseki/report/2010/4kyo.pdf,official_meeting_summary
201008040503,2010,京都,4,5,3,2010-06-05,https://www.jra.go.jp/datafile/seiseki/report/2010/4kyo.pdf,official_meeting_summary
201008040504,2010,京都,4,5,4,2010-06-05,https://www.jra.go.jp/datafile/seiseki/report/2010/4kyo.pdf,official_meeting_summary
201008040505,2010,京都,4,5,5,2010-06-05,https://www.jra.go.jp/datafile/seiseki/report/2010/4kyo.pdf,official_meeting_summary
201008040506,2010,京都,4,5,6,2010-06-05,https://www.jra.go.jp/datafile/seiseki/report/2010/4kyo.pdf,official_meeting_summary
201008040507,2010,京都,4,5,7,2010-06-05,https://www.jra.go.jp/datafile/seiseki/report/2010/4kyo.pdf,official_meeting_summary
201008040508,2010,京都,4,5,8,2010-06-05,https://www.jra.go.jp/datafile/seiseki/report/2010/4kyo.pdf,official_meeting_summary
201008040509,2010,京都,4,5,9,2010-06-05,https://www.jra.go.jp/datafile/seiseki/report/2010/4kyo.pdf,official_meeting_summary
201008040510,2010,京都,4,5,10,2010-06-05,https://www.jra.go.jp/datafile/seiseki/report/2010/4kyo.pdf,official_meeting_summary
201008040511,2010,京都,4,5,11,2010-06-05,https://www.jra.go.jp/datafile/seiseki/report/2010/4kyo.pdf,official_meeting_summary
201008040512,2010,京都,4,5,12,2010-06-05,https://www.jra.go.jp/datafile/seiseki/report/2010/4kyo.pdf,official_meeting_summary
201008040601,2010,京都,4,6,1,2010-06-06,https://www.jra.go.jp/datafile/seiseki/report/2010/4kyo.pdf,official_meeting_summary
201008040602,2010,京都,4,6,2,2010-06-06,https://www.jra.go.jp/datafile/seiseki/report/2010/4kyo.pdf,official_meeting_summary
201008040603,2010,京都,4,6,3,2010-06-06,https://www.jra.go.jp/datafile/seiseki/report/2010/4kyo.pdf,official_meeting_summary
201008040604,2010,京都,4,6,4,2010-06-06,https://www.jra.go.jp/datafile/seiseki/report/2010/4kyo.pdf,official_meeting_summary
201008040605,2010,京都,4,6,5,2010-06-06,https://www.jra.go.jp/datafile/seiseki/report/2010/4kyo.pdf,official_meeting_summary
201008040606,2010,京都,4,6,6,2010-06-06,https://www.jra.go.jp/datafile/seiseki/report/2010/4kyo.pdf,official_meeting_summary
201008040607,2010,京都,4,6,7,2010-06-06,https://www.jra.go.jp/datafile/seiseki/report/2010/4kyo.pdf,official_meeting_summary
201008040608,2010,京都,4,6,8,2010-06-06,https://www.jra.go.jp/datafile/seiseki/report/2010/4kyo.pdf,official_meeting_summary
201008040609,2010,京都,4,6,9,2010-06-06,https://www.jra.go.jp/datafile/seiseki/report/2010/4kyo.pdf,official_meeting_summary
201008040610,2010,京都,4,6,10,2010-06-06,https://www.jra.go.jp/datafile/seiseki/report/2010/4kyo.pdf,official_meeting_summary
201008040611,2010,京都,4,6,11,2010-06-06,https://www.jra.go.jp/datafile/seiseki/report/2010/4kyo.pdf,official_meeting_summary
201008040612,2010,京都,4,6,12,2010-06-06,https://www.jra.go.jp/datafile/seiseki/report/2010/4kyo.pdf,official_meeting_summary
201008040701,2010,京都,4,7,1,2010-06-12,https://www.jra.go.jp/datafile/seiseki/report/2010/4kyo.pdf,official_meeting_summary
201008040702,2010,京都,4,7,2,2010-06-12,https://www.jra.go.jp/datafile/seiseki/report/2010/4kyo.pdf,official_meeting_summary
201008040703,2010,京都,4,7,3,2010-06-12,https://www.jra.go.jp/datafile/seiseki/report/2010/4kyo.pdf,official_meeting_summary
201008040704,2010,京都,4,7,4,2010-06-12,https://www.jra.go.jp/datafile/seiseki/report/2010/4kyo.pdf,official_meeting_summary
201008040705,2010,京都,4,7,5,2010-06-12,https://www.jra.go.jp/datafile/seiseki/report/2010/4kyo.pdf,official_meeting_summary
201008040706,2010,京都,4,7,6,2010-06-12,https://www.jra.go.jp/datafile/seiseki/report/2010/4kyo.pdf,official_meeting_summary
201008040707,2010,京都,4,7,7,2010-06-12,https://www.jra.go.jp/datafile/seiseki/report/2010/4kyo.pdf,official_meeting_summary
201008040708,2010,京都,4,7,8,2010-06-12,https://www.jra.go.jp/datafile/seiseki/report/2010/4kyo.pdf,official_meeting_summary
201008040709,2010,京都,4,7,9,2010-06-12,https://www.jra.go.jp/datafile/seiseki/report/2010/4kyo.pdf,official_meeting_summary
201008040710,2010,京都,4,7,10,2010-06-12,https://www.jra.go.jp/datafile/seiseki/report/2010/4kyo.pdf,official_meeting_summary
201008040711,2010,京都,4,7,11,2010-06-12,https://www.jra.go.jp/datafile/seiseki/report/2010/4kyo.pdf,official_meeting_summary
201008040712,2010,京都,4,7,12,2010-06-12,https://www.jra.go.jp/datafile/seiseki/report/2010/4kyo.pdf,official_meeting_summary
201008040801,2010,京都,4,8,1,2010-06-13,https://www.jra.go.jp/datafile/seiseki/report/2010/4kyo.pdf,official_meeting_summary
201008040802,2010,京都,4,8,2,2010-06-13,https://www.jra.go.jp/datafile/seiseki/report/2010/4kyo.pdf,official_meeting_summary
201008040803,2010,京都,4,8,3,2010-06-13,https://www.jra.go.jp/datafile/seiseki/report/2010/4kyo.pdf,official_meeting_summary
201008040804,2010,京都,4,8,4,2010-06-13,https://www.jra.go.jp/datafile/seiseki/report/2010/4kyo.pdf,official_meeting_summary
201008040805,2010,京都,4,8,5,2010-06-13,https://www.jra.go.jp/datafile/seiseki/report/2010/4kyo.pdf,official_meeting_summary
201008040806,2010,京都,4,8,6,2010-06-13,https://www.jra.go.jp/datafile/seiseki/report/2010/4kyo.pdf,official_meeting_summary
201008040807,2010,京都,4,8,7,2010-06-13,https://www.jra.go.jp/datafile/seiseki/report/2010/4kyo.pdf,official_meeting_summary
201008040808,2010,京都,4,8,8,2010-06-13,https://www.jra.go.jp/datafile/seiseki/report/2010/4kyo.pdf,official_meeting_summary
201008040809,2010,京都,4,8,9,2010-06-13,https://www.jra.go.jp/datafile/seiseki/report/2010/4kyo.pdf,official_meeting_summary
201008040810,2010,京都,4,8,10,2010-06-13,https://www.jra.go.jp/datafile/seiseki/report/2010/4kyo.pdf,official_meeting_summary
201008040811,2010,京都,4,8,11,2010-06-13,https://www.jra.go.jp/datafile/seiseki/report/2010/4kyo.pdf,official_meeting_summary
201008040812,2010,京都,4,8,12,2010-06-13,https://www.jra.go.jp/datafile/seiseki/report/2010/4kyo.pdf,official_meeting_summary
201008050101,2010,京都,5,1,1,2010-10-09,https://www.jra.go.jp/datafile/seiseki/report/2010/5kyo.pdf,official_meeting_summary
201008050102,2010,京都,5,1,2,2010-10-09,https://www.jra.go.jp/datafile/seiseki/report/2010/5kyo.pdf,official_meeting_summary
201008050103,2010,京都,5,1,3,2010-10-09,https://www.jra.go.jp/datafile/seiseki/report/2010/5kyo.pdf,official_meeting_summary
201008050104,2010,京都,5,1,4,2010-10-09,https://www.jra.go.jp/datafile/seiseki/report/2010/5kyo.pdf,official_meeting_summary
201008050105,2010,京都,5,1,5,2010-10-09,https://www.jra.go.jp/datafile/seiseki/report/2010/5kyo.pdf,official_meeting_summary
201008050106,2010,京都,5,1,6,2010-10-09,https://www.jra.go.jp/datafile/seiseki/report/2010/5kyo.pdf,official_meeting_summary
201008050107,2010,京都,5,1,7,2010-10-09,https://www.jra.go.jp/datafile/seiseki/report/2010/5kyo.pdf,official_meeting_summary
201008050108,2010,京都,5,1,8,2010-10-09,https://www.jra.go.jp/datafile/seiseki/report/2010/5kyo.pdf,official_meeting_summary
201008050109,2010,京都,5,1,9,2010-10-09,https://www.jra.go.jp/datafile/seiseki/report/2010/5kyo.pdf,official_meeting_summary
201008050110,2010,京都,5,1,10,2010-10-09,https://www.jra.go.jp/datafile/seiseki/report/2010/5kyo.pdf,official_meeting_summary
201008050111,2010,京都,5,1,11,2010-10-09,https://www.jra.go.jp/datafile/seiseki/report/2010/5kyo.pdf,official_meeting_summary
201008050112,2010,京都,5,1,12,2010-10-09,https://www.jra.go.jp/datafile/seiseki/report/2010/5kyo.pdf,official_meeting_summary
201008050201,2010,京都,5,2,1,2010-10-10,https://www.jra.go.jp/datafile/seiseki/report/2010/5kyo.pdf,official_meeting_summary
201008050202,2010,京都,5,2,2,2010-10-10,https://www.jra.go.jp/datafile/seiseki/report/2010/5kyo.pdf,official_meeting_summary
201008050203,2010,京都,5,2,3,2010-10-10,https://www.jra.go.jp/datafile/seiseki/report/2010/5kyo.pdf,official_meeting_summary
201008050204,2010,京都,5,2,4,2010-10-10,https://www.jra.go.jp/datafile/seiseki/report/2010/5kyo.pdf,official_meeting_summary
201008050205,2010,京都,5,2,5,2010-10-10,https://www.jra.go.jp/datafile/seiseki/report/2010/5kyo.pdf,official_meeting_summary
201008050206,2010,京都,5,2,6,2010-10-10,https://www.jra.go.jp/datafile/seiseki/report/2010/5kyo.pdf,official_meeting_summary
201008050207,2010,京都,5,2,7,2010-10-10,https://www.jra.go.jp/datafile/seiseki/report/2010/5kyo.pdf,official_meeting_summary
201008050208,2010,京都,5,2,8,2010-10-10,https://www.jra.go.jp/datafile/seiseki/report/2010/5kyo.pdf,official_meeting_summary
201008050209,2010,京都,5,2,9,2010-10-10,https://www.jra.go.jp/datafile/seiseki/report/2010/5kyo.pdf,official_meeting_summary
201008050210,2010,京都,5,2,10,2010-10-10,https://www.jra.go.jp/datafile/seiseki/report/2010/5kyo.pdf,official_meeting_summary
201008050211,2010,京都,5,2,11,2010-10-10,https://www.jra.go.jp/datafile/seiseki/report/2010/5kyo.pdf,official_meeting_summary
201008050212,2010,京都,5,2,12,2010-10-10,https://www.jra.go.jp/datafile/seiseki/report/2010/5kyo.pdf,official_meeting_summary
201008050301,2010,京都,5,3,1,2010-10-16,https://www.jra.go.jp/datafile/seiseki/report/2010/5kyo.pdf,official_meeting_summary
201008050302,2010,京都,5,3,2,2010-10-16,https://www.jra.go.jp/datafile/seiseki/report/2010/5kyo.pdf,official_meeting_summary
201008050303,2010,京都,5,3,3,2010-10-16,https://www.jra.go.jp/datafile/seiseki/report/2010/5kyo.pdf,official_meeting_summary
201008050304,2010,京都,5,3,4,2010-10-16,https://www.jra.go.jp/datafile/seiseki/report/2010/5kyo.pdf,official_meeting_summary
201008050305,2010,京都,5,3,5,2010-10-16,https://www.jra.go.jp/datafile/seiseki/report/2010/5kyo.pdf,official_meeting_summary
201008050306,2010,京都,5,3,6,2010-10-16,https://www.jra.go.jp/datafile/seiseki/report/2010/5kyo.pdf,official_meeting_summary
201008050307,2010,京都,5,3,7,2010-10-16,https://www.jra.go.jp/datafile/seiseki/report/2010/5kyo.pdf,official_meeting_summary
201008050308,2010,京都,5,3,8,2010-10-16,https://www.jra.go.jp/datafile/seiseki/report/2010/5kyo.pdf,official_meeting_summary
201008050309,2010,京都,5,3,9,2010-10-16,https://www.jra.go.jp/datafile/seiseki/report/2010/5kyo.pdf,official_meeting_summary
201008050310,2010,京都,5,3,10,2010-10-16,https://www.jra.go.jp/datafile/seiseki/report/2010/5kyo.pdf,official_meeting_summary
201008050311,2010,京都,5,3,11,2010-10-16,https://www.jra.go.jp/datafile/seiseki/report/2010/5kyo.pdf,official_meeting_summary
201008050312,2010,京都,5,3,12,2010-10-16,https://www.jra.go.jp/datafile/seiseki/report/2010/5kyo.pdf,official_meeting_summary
201008050401,2010,京都,5,4,1,2010-10-17,https://www.jra.go.jp/datafile/seiseki/report/2010/5kyo.pdf,official_meeting_summary
201008050402,2010,京都,5,4,2,2010-10-17,https://www.jra.go.jp/datafile/seiseki/report/2010/5kyo.pdf,official_meeting_summary
201008050403,2010,京都,5,4,3,2010-10-17,https://www.jra.go.jp/datafile/seiseki/report/2010/5kyo.pdf,official_meeting_summary
201008050404,2010,京都,5,4,4,2010-10-17,https://www.jra.go.jp/datafile/seiseki/report/2010/5kyo.pdf,official_meeting_summary
201008050405,2010,京都,5,4,5,2010-10-17,https://www.jra.go.jp/datafile/seiseki/report/2010/5kyo.pdf,official_meeting_summary
201008050406,2010,京都,5,4,6,2010-10-17,https://www.jra.go.jp/datafile/seiseki/report/2010/5kyo.pdf,official_meeting_summary
201008050407,2010,京都,5,4,7,2010-10-17,https://www.jra.go.jp/datafile/seiseki/report/2010/5kyo.pdf,official_meeting_summary
201008050408,2010,京都,5,4,8,2010-10-17,https://www.jra.go.jp/datafile/seiseki/report/2010/5kyo.pdf,official_meeting_summary
201008050409,2010,京都,5,4,9,2010-10-17,https://www.jra.go.jp/datafile/seiseki/report/2010/5kyo.pdf,official_meeting_summary
201008050410,2010,京都,5,4,10,2010-10-17,https://www.jra.go.jp/datafile/seiseki/report/2010/5kyo.pdf,official_meeting_summary
201008050411,2010,京都,5,4,11,2010-10-17,https://www.jra.go.jp/datafile/seiseki/report/2010/5kyo.pdf,official_meeting_summary
201008050412,2010,京都,5,4,12,2010-10-17,https://www.jra.go.jp/datafile/seiseki/report/2010/5kyo.pdf,official_meeting_summary
201008050501,2010,京都,5,5,1,2010-10-23,https://www.jra.go.jp/datafile/seiseki/report/2010/5kyo.pdf,official_meeting_summary
201008050502,2010,京都,5,5,2,2010-10-23,https://www.jra.go.jp/datafile/seiseki/report/2010/5kyo.pdf,official_meeting_summary
201008050503,2010,京都,5,5,3,2010-10-23,https://www.jra.go.jp/datafile/seiseki/report/2010/5kyo.pdf,official_meeting_summary
201008050504,2010,京都,5,5,4,2010-10-23,https://www.jra.go.jp/datafile/seiseki/report/2010/5kyo.pdf,official_meeting_summary
201008050505,2010,京都,5,5,5,2010-10-23,https://www.jra.go.jp/datafile/seiseki/report/2010/5kyo.pdf,official_meeting_summary
201008050506,2010,京都,5,5,6,2010-10-23,https://www.jra.go.jp/datafile/seiseki/report/2010/5kyo.pdf,official_meeting_summary
201008050507,2010,京都,5,5,7,2010-10-23,https://www.jra.go.jp/datafile/seiseki/report/2010/5kyo.pdf,official_meeting_summary
201008050508,2010,京都,5,5,8,2010-10-23,https://www.jra.go.jp/datafile/seiseki/report/2010/5kyo.pdf,official_meeting_summary
201008050509,2010,京都,5,5,9,2010-10-23,https://www.jra.go.jp/datafile/seiseki/report/2010/5kyo.pdf,official_meeting_summary
201008050510,2010,京都,5,5,10,2010-10-23,https://www.jra.go.jp/datafile/seiseki/report/2010/5kyo.pdf,official_meeting_summary
201008050511,2010,京都,5,5,11,2010-10-23,https://www.jra.go.jp/datafile/seiseki/report/2010/5kyo.pdf,official_meeting_summary
201008050512,2010,京都,5,5,12,2010-10-23,https://www.jra.go.jp/datafile/seiseki/report/2010/5kyo.pdf,official_meeting_summary
201008050601,2010,京都,5,6,1,2010-10-24,https://www.jra.go.jp/datafile/seiseki/report/2010/5kyo.pdf,official_meeting_summary
201008050602,2010,京都,5,6,2,2010-10-24,https://www.jra.go.jp/datafile/seiseki/report/2010/5kyo.pdf,official_meeting_summary
201008050603,2010,京都,5,6,3,2010-10-24,https://www.jra.go.jp/datafile/seiseki/report/2010/5kyo.pdf,official_meeting_summary
201008050604,2010,京都,5,6,4,2010-10-24,https://www.jra.go.jp/datafile/seiseki/report/2010/5kyo.pdf,official_meeting_summary
201008050605,2010,京都,5,6,5,2010-10-24,https://www.jra.go.jp/datafile/seiseki/report/2010/5kyo.pdf,official_meeting_summary
201008050606,2010,京都,5,6,6,2010-10-24,https://www.jra.go.jp/datafile/seiseki/report/2010/5kyo.pdf,official_meeting_summary
201008050607,2010,京都,5,6,7,2010-10-24,https://www.jra.go.jp/datafile/seiseki/report/2010/5kyo.pdf,official_meeting_summary
201008050608,2010,京都,5,6,8,2010-10-24,https://www.jra.go.jp/datafile/seiseki/report/2010/5kyo.pdf,official_meeting_summary
201008050609,2010,京都,5,6,9,2010-10-24,https://www.jra.go.jp/datafile/seiseki/report/2010/5kyo.pdf,official_meeting_summary
201008050610,2010,京都,5,6,10,2010-10-24,https://www.jra.go.jp/datafile/seiseki/report/2010/5kyo.pdf,official_meeting_summary
201008050611,2010,京都,5,6,11,2010-10-24,https://www.jra.go.jp/datafile/seiseki/report/2010/5kyo.pdf,official_meeting_summary
201008050612,2010,京都,5,6,12,2010-10-24,https://www.jra.go.jp/datafile/seiseki/report/2010/5kyo.pdf,official_meeting_summary
201008050701,2010,京都,5,7,1,2010-10-30,https://www.jra.go.jp/datafile/seiseki/report/2010/5kyo.pdf,official_meeting_summary
201008050702,2010,京都,5,7,2,2010-10-30,https://www.jra.go.jp/datafile/seiseki/report/2010/5kyo.pdf,official_meeting_summary
201008050703,2010,京都,5,7,3,2010-10-30,https://www.jra.go.jp/datafile/seiseki/report/2010/5kyo.pdf,official_meeting_summary
201008050704,2010,京都,5,7,4,2010-10-30,https://www.jra.go.jp/datafile/seiseki/report/2010/5kyo.pdf,official_meeting_summary
201008050705,2010,京都,5,7,5,2010-10-30,https://www.jra.go.jp/datafile/seiseki/report/2010/5kyo.pdf,official_meeting_summary
201008050706,2010,京都,5,7,6,2010-10-30,https://www.jra.go.jp/datafile/seiseki/report/2010/5kyo.pdf,official_meeting_summary
201008050707,2010,京都,5,7,7,2010-10-30,https://www.jra.go.jp/datafile/seiseki/report/2010/5kyo.pdf,official_meeting_summary
201008050708,2010,京都,5,7,8,2010-10-30,https://www.jra.go.jp/datafile/seiseki/report/2010/5kyo.pdf,official_meeting_summary
201008050709,2010,京都,5,7,9,2010-10-30,https://www.jra.go.jp/datafile/seiseki/report/2010/5kyo.pdf,official_meeting_summary
201008050710,2010,京都,5,7,10,2010-10-30,https://www.jra.go.jp/datafile/seiseki/report/2010/5kyo.pdf,official_meeting_summary
201008050711,2010,京都,5,7,11,2010-10-30,https://www.jra.go.jp/datafile/seiseki/report/2010/5kyo.pdf,official_meeting_summary
201008050712,2010,京都,5,7,12,2010-10-30,https://www.jra.go.jp/datafile/seiseki/report/2010/5kyo.pdf,official_meeting_summary
201008050801,2010,京都,5,8,1,2010-10-31,https://www.jra.go.jp/datafile/seiseki/report/2010/5kyo.pdf,official_meeting_summary
201008050802,2010,京都,5,8,2,2010-10-31,https://www.jra.go.jp/datafile/seiseki/report/2010/5kyo.pdf,official_meeting_summary
201008050803,2010,京都,5,8,3,2010-10-31,https://www.jra.go.jp/datafile/seiseki/report/2010/5kyo.pdf,official_meeting_summary
201008050804,2010,京都,5,8,4,2010-10-31,https://www.jra.go.jp/datafile/seiseki/report/2010/5kyo.pdf,official_meeting_summary
201008050805,2010,京都,5,8,5,2010-10-31,https://www.jra.go.jp/datafile/seiseki/report/2010/5kyo.pdf,official_meeting_summary
201008050806,2010,京都,5,8,6,2010-10-31,https://www.jra.go.jp/datafile/seiseki/report/2010/5kyo.pdf,official_meeting_summary
201008050807,2010,京都,5,8,7,2010-10-31,https://www.jra.go.jp/datafile/seiseki/report/2010/5kyo.pdf,official_meeting_summary
201008050808,2010,京都,5,8,8,2010-10-31,https://www.jra.go.jp/datafile/seiseki/report/2010/5kyo.pdf,official_meeting_summary
201008050809,2010,京都,5,8,9,2010-10-31,https://www.jra.go.jp/datafile/seiseki/report/2010/5kyo.pdf,official_meeting_summary
201008050810,2010,京都,5,8,10,2010-10-31,https://www.jra.go.jp/datafile/seiseki/report/2010/5kyo.pdf,official_meeting_summary
201008050811,2010,京都,5,8,11,2010-10-31,https://www.jra.go.jp/datafile/seiseki/report/2010/5kyo.pdf,official_meeting_summary
201008050812,2010,京都,5,8,12,2010-10-31,https://www.jra.go.jp/datafile/seiseki/report/2010/5kyo.pdf,official_meeting_summary
201008060101,2010,京都,6,1,1,2010-11-06,https://www.jra.go.jp/datafile/seiseki/report/2010/6kyo.pdf,official_meeting_summary
201008060102,2010,京都,6,1,2,2010-11-06,https://www.jra.go.jp/datafile/seiseki/report/2010/6kyo.pdf,official_meeting_summary
201008060103,2010,京都,6,1,3,2010-11-06,https://www.jra.go.jp/datafile/seiseki/report/2010/6kyo.pdf,official_meeting_summary
201008060104,2010,京都,6,1,4,2010-11-06,https://www.jra.go.jp/datafile/seiseki/report/2010/6kyo.pdf,official_meeting_summary
201008060105,2010,京都,6,1,5,2010-11-06,https://www.jra.go.jp/datafile/seiseki/report/2010/6kyo.pdf,official_meeting_summary
201008060106,2010,京都,6,1,6,2010-11-06,https://www.jra.go.jp/datafile/seiseki/report/2010/6kyo.pdf,official_meeting_summary
201008060107,2010,京都,6,1,7,2010-11-06,https://www.jra.go.jp/datafile/seiseki/report/2010/6kyo.pdf,official_meeting_summary
201008060108,2010,京都,6,1,8,2010-11-06,https://www.jra.go.jp/datafile/seiseki/report/2010/6kyo.pdf,official_meeting_summary
201008060109,2010,京都,6,1,9,2010-11-06,https://www.jra.go.jp/datafile/seiseki/report/2010/6kyo.pdf,official_meeting_summary
201008060110,2010,京都,6,1,10,2010-11-06,https://www.jra.go.jp/datafile/seiseki/report/2010/6kyo.pdf,official_meeting_summary
201008060111,2010,京都,6,1,11,2010-11-06,https://www.jra.go.jp/datafile/seiseki/report/2010/6kyo.pdf,official_meeting_summary
201008060112,2010,京都,6,1,12,2010-11-06,https://www.jra.go.jp/datafile/seiseki/report/2010/6kyo.pdf,official_meeting_summary
201008060201,2010,京都,6,2,1,2010-11-07,https://www.jra.go.jp/datafile/seiseki/report/2010/6kyo.pdf,official_meeting_summary
201008060202,2010,京都,6,2,2,2010-11-07,https://www.jra.go.jp/datafile/seiseki/report/2010/6kyo.pdf,official_meeting_summary
201008060203,2010,京都,6,2,3,2010-11-07,https://www.jra.go.jp/datafile/seiseki/report/2010/6kyo.pdf,official_meeting_summary
201008060204,2010,京都,6,2,4,2010-11-07,https://www.jra.go.jp/datafile/seiseki/report/2010/6kyo.pdf,official_meeting_summary
201008060205,2010,京都,6,2,5,2010-11-07,https://www.jra.go.jp/datafile/seiseki/report/2010/6kyo.pdf,official_meeting_summary
201008060206,2010,京都,6,2,6,2010-11-07,https://www.jra.go.jp/datafile/seiseki/report/2010/6kyo.pdf,official_meeting_summary
201008060207,2010,京都,6,2,7,2010-11-07,https://www.jra.go.jp/datafile/seiseki/report/2010/6kyo.pdf,official_meeting_summary
201008060208,2010,京都,6,2,8,2010-11-07,https://www.jra.go.jp/datafile/seiseki/report/2010/6kyo.pdf,official_meeting_summary
201008060209,2010,京都,6,2,9,2010-11-07,https://www.jra.go.jp/datafile/seiseki/report/2010/6kyo.pdf,official_meeting_summary
201008060210,2010,京都,6,2,10,2010-11-07,https://www.jra.go.jp/datafile/seiseki/report/2010/6kyo.pdf,official_meeting_summary
201008060211,2010,京都,6,2,11,2010-11-07,https://www.jra.go.jp/datafile/seiseki/report/2010/6kyo.pdf,official_meeting_summary
201008060212,2010,京都,6,2,12,2010-11-07,https://www.jra.go.jp/datafile/seiseki/report/2010/6kyo.pdf,official_meeting_summary
201008060301,2010,京都,6,3,1,2010-11-13,https://www.jra.go.jp/datafile/seiseki/report/2010/6kyo.pdf,official_meeting_summary
201008060302,2010,京都,6,3,2,2010-11-13,https://www.jra.go.jp/datafile/seiseki/report/2010/6kyo.pdf,official_meeting_summary
201008060303,2010,京都,6,3,3,2010-11-13,https://www.jra.go.jp/datafile/seiseki/report/2010/6kyo.pdf,official_meeting_summary
201008060304,2010,京都,6,3,4,2010-11-13,https://www.jra.go.jp/datafile/seiseki/report/2010/6kyo.pdf,official_meeting_summary
201008060305,2010,京都,6,3,5,2010-11-13,https://www.jra.go.jp/datafile/seiseki/report/2010/6kyo.pdf,official_meeting_summary
201008060306,2010,京都,6,3,6,2010-11-13,https://www.jra.go.jp/datafile/seiseki/report/2010/6kyo.pdf,official_meeting_summary
201008060307,2010,京都,6,3,7,2010-11-13,https://www.jra.go.jp/datafile/seiseki/report/2010/6kyo.pdf,official_meeting_summary
201008060308,2010,京都,6,3,8,2010-11-13,https://www.jra.go.jp/datafile/seiseki/report/2010/6kyo.pdf,official_meeting_summary
201008060309,2010,京都,6,3,9,2010-11-13,https://www.jra.go.jp/datafile/seiseki/report/2010/6kyo.pdf,official_meeting_summary
201008060310,2010,京都,6,3,10,2010-11-13,https://www.jra.go.jp/datafile/seiseki/report/2010/6kyo.pdf,official_meeting_summary
201008060311,2010,京都,6,3,11,2010-11-13,https://www.jra.go.jp/datafile/seiseki/report/2010/6kyo.pdf,official_meeting_summary
201008060312,2010,京都,6,3,12,2010-11-13,https://www.jra.go.jp/datafile/seiseki/report/2010/6kyo.pdf,official_meeting_summary
201008060401,2010,京都,6,4,1,2010-11-14,https://www.jra.go.jp/datafile/seiseki/report/2010/6kyo.pdf,official_meeting_summary
201008060402,2010,京都,6,4,2,2010-11-14,https://www.jra.go.jp/datafile/seiseki/report/2010/6kyo.pdf,official_meeting_summary
201008060403,2010,京都,6,4,3,2010-11-14,https://www.jra.go.jp/datafile/seiseki/report/2010/6kyo.pdf,official_meeting_summary
201008060404,2010,京都,6,4,4,2010-11-14,https://www.jra.go.jp/datafile/seiseki/report/2010/6kyo.pdf,official_meeting_summary
201008060405,2010,京都,6,4,5,2010-11-14,https://www.jra.go.jp/datafile/seiseki/report/2010/6kyo.pdf,official_meeting_summary
201008060406,2010,京都,6,4,6,2010-11-14,https://www.jra.go.jp/datafile/seiseki/report/2010/6kyo.pdf,official_meeting_summary
201008060407,2010,京都,6,4,7,2010-11-14,https://www.jra.go.jp/datafile/seiseki/report/2010/6kyo.pdf,official_meeting_summary
201008060408,2010,京都,6,4,8,2010-11-14,https://www.jra.go.jp/datafile/seiseki/report/2010/6kyo.pdf,official_meeting_summary
201008060409,2010,京都,6,4,9,2010-11-14,https://www.jra.go.jp/datafile/seiseki/report/2010/6kyo.pdf,official_meeting_summary
201008060410,2010,京都,6,4,10,2010-11-14,https://www.jra.go.jp/datafile/seiseki/report/2010/6kyo.pdf,official_meeting_summary
201008060411,2010,京都,6,4,11,2010-11-14,https://www.jra.go.jp/datafile/seiseki/report/2010/6kyo.pdf,official_meeting_summary
201008060412,2010,京都,6,4,12,2010-11-14,https://www.jra.go.jp/datafile/seiseki/report/2010/6kyo.pdf,official_meeting_summary
201008060501,2010,京都,6,5,1,2010-11-20,https://www.jra.go.jp/datafile/seiseki/report/2010/6kyo.pdf,official_meeting_summary
201008060502,2010,京都,6,5,2,2010-11-20,https://www.jra.go.jp/datafile/seiseki/report/2010/6kyo.pdf,official_meeting_summary
201008060503,2010,京都,6,5,3,2010-11-20,https://www.jra.go.jp/datafile/seiseki/report/2010/6kyo.pdf,official_meeting_summary
201008060504,2010,京都,6,5,4,2010-11-20,https://www.jra.go.jp/datafile/seiseki/report/2010/6kyo.pdf,official_meeting_summary
201008060505,2010,京都,6,5,5,2010-11-20,https://www.jra.go.jp/datafile/seiseki/report/2010/6kyo.pdf,official_meeting_summary
201008060506,2010,京都,6,5,6,2010-11-20,https://www.jra.go.jp/datafile/seiseki/report/2010/6kyo.pdf,official_meeting_summary
201008060507,2010,京都,6,5,7,2010-11-20,https://www.jra.go.jp/datafile/seiseki/report/2010/6kyo.pdf,official_meeting_summary
201008060508,2010,京都,6,5,8,2010-11-20,https://www.jra.go.jp/datafile/seiseki/report/2010/6kyo.pdf,official_meeting_summary
201008060509,2010,京都,6,5,9,2010-11-20,https://www.jra.go.jp/datafile/seiseki/report/2010/6kyo.pdf,official_meeting_summary
201008060510,2010,京都,6,5,10,2010-11-20,https://www.jra.go.jp/datafile/seiseki/report/2010/6kyo.pdf,official_meeting_summary
201008060511,2010,京都,6,5,11,2010-11-20,https://www.jra.go.jp/datafile/seiseki/report/2010/6kyo.pdf,official_meeting_summary
201008060512,2010,京都,6,5,12,2010-11-20,https://www.jra.go.jp/datafile/seiseki/report/2010/6kyo.pdf,official_meeting_summary
201008060601,2010,京都,6,6,1,2010-11-21,https://www.jra.go.jp/datafile/seiseki/report/2010/6kyo.pdf,official_meeting_summary
201008060602,2010,京都,6,6,2,2010-11-21,https://www.jra.go.jp/datafile/seiseki/report/2010/6kyo.pdf,official_meeting_summary
201008060603,2010,京都,6,6,3,2010-11-21,https://www.jra.go.jp/datafile/seiseki/report/2010/6kyo.pdf,official_meeting_summary
201008060604,2010,京都,6,6,4,2010-11-21,https://www.jra.go.jp/datafile/seiseki/report/2010/6kyo.pdf,official_meeting_summary
201008060605,2010,京都,6,6,5,2010-11-21,https://www.jra.go.jp/datafile/seiseki/report/2010/6kyo.pdf,official_meeting_summary
201008060606,2010,京都,6,6,6,2010-11-21,https://www.jra.go.jp/datafile/seiseki/report/2010/6kyo.pdf,official_meeting_summary
201008060607,2010,京都,6,6,7,2010-11-21,https://www.jra.go.jp/datafile/seiseki/report/2010/6kyo.pdf,official_meeting_summary
201008060608,2010,京都,6,6,8,2010-11-21,https://www.jra.go.jp/datafile/seiseki/report/2010/6kyo.pdf,official_meeting_summary
201008060609,2010,京都,6,6,9,2010-11-21,https://www.jra.go.jp/datafile/seiseki/report/2010/6kyo.pdf,official_meeting_summary
201008060610,2010,京都,6,6,10,2010-11-21,https://www.jra.go.jp/datafile/seiseki/report/2010/6kyo.pdf,official_meeting_summary
201008060611,2010,京都,6,6,11,2010-11-21,https://www.jra.go.jp/datafile/seiseki/report/2010/6kyo.pdf,official_meeting_summary
201008060612,2010,京都,6,6,12,2010-11-21,https://www.jra.go.jp/datafile/seiseki/report/2010/6kyo.pdf,official_meeting_summary
201008060701,2010,京都,6,7,1,2010-11-27,https://www.jra.go.jp/datafile/seiseki/report/2010/6kyo.pdf,official_meeting_summary
201008060702,2010,京都,6,7,2,2010-11-27,https://www.jra.go.jp/datafile/seiseki/report/2010/6kyo.pdf,official_meeting_summary
201008060703,2010,京都,6,7,3,2010-11-27,https://www.jra.go.jp/datafile/seiseki/report/2010/6kyo.pdf,official_meeting_summary
201008060704,2010,京都,6,7,4,2010-11-27,https://www.jra.go.jp/datafile/seiseki/report/2010/6kyo.pdf,official_meeting_summary
201008060705,2010,京都,6,7,5,2010-11-27,https://www.jra.go.jp/datafile/seiseki/report/2010/6kyo.pdf,official_meeting_summary
201008060706,2010,京都,6,7,6,2010-11-27,https://www.jra.go.jp/datafile/seiseki/report/2010/6kyo.pdf,official_meeting_summary
201008060707,2010,京都,6,7,7,2010-11-27,https://www.jra.go.jp/datafile/seiseki/report/2010/6kyo.pdf,official_meeting_summary
201008060708,2010,京都,6,7,8,2010-11-27,https://www.jra.go.jp/datafile/seiseki/report/2010/6kyo.pdf,official_meeting_summary
201008060709,2010,京都,6,7,9,2010-11-27,https://www.jra.go.jp/datafile/seiseki/report/2010/6kyo.pdf,official_meeting_summary
201008060710,2010,京都,6,7,10,2010-11-27,https://www.jra.go.jp/datafile/seiseki/report/2010/6kyo.pdf,official_meeting_summary
201008060711,2010,京都,6,7,11,2010-11-27,https://www.jra.go.jp/datafile/seiseki/report/2010/6kyo.pdf,official_meeting_summary
201008060712,2010,京都,6,7,12,2010-11-27,https://www.jra.go.jp/datafile/seiseki/report/2010/6kyo.pdf,official_meeting_summary
201008060801,2010,京都,6,8,1,2010-11-28,https://www.jra.go.jp/datafile/seiseki/report/2010/6kyo.pdf,official_meeting_summary
201008060802,2010,京都,6,8,2,2010-11-28,https://www.jra.go.jp/datafile/seiseki/report/2010/6kyo.pdf,official_meeting_summary
201008060803,2010,京都,6,8,3,2010-11-28,https://www.jra.go.jp/datafile/seiseki/report/2010/6kyo.pdf,official_meeting_summary
201008060804,2010,京都,6,8,4,2010-11-28,https://www.jra.go.jp/datafile/seiseki/report/2010/6kyo.pdf,official_meeting_summary
201008060805,2010,京都,6,8,5,2010-11-28,https://www.jra.go.jp/datafile/seiseki/report/2010/6kyo.pdf,official_meeting_summary
201008060806,2010,京都,6,8,6,2010-11-28,https://www.jra.go.jp/datafile/seiseki/report/2010/6kyo.pdf,official_meeting_summary
201008060807,2010,京都,6,8,7,2010-11-28,https://www.jra.go.jp/datafile/seiseki/report/2010/6kyo.pdf,official_meeting_summary
201008060808,2010,京都,6,8,8,2010-11-28,https://www.jra.go.jp/datafile/seiseki/report/2010/6kyo.pdf,official_meeting_summary
201008060809,2010,京都,6,8,9,2010-11-28,https://www.jra.go.jp/datafile/seiseki/report/2010/6kyo.pdf,official_meeting_summary
201008060810,2010,京都,6,8,10,2010-11-28,https://www.jra.go.jp/datafile/seiseki/report/2010/6kyo.pdf,official_meeting_summary
201008060811,2010,京都,6,8,11,2010-11-28,https://www.jra.go.jp/datafile/seiseki/report/2010/6kyo.pdf,official_meeting_summary
201008060812,2010,京都,6,8,12,2010-11-28,https://www.jra.go.jp/datafile/seiseki/report/2010/6kyo.pdf,official_meeting_summary
201009010101,2010,阪神,1,1,1,2010-02-27,https://www.jra.go.jp/datafile/seiseki/report/2010/1han.pdf,official_meeting_summary
201009010102,2010,阪神,1,1,2,2010-02-27,https://www.jra.go.jp/datafile/seiseki/report/2010/1han.pdf,official_meeting_summary
201009010103,2010,阪神,1,1,3,2010-02-27,https://www.jra.go.jp/datafile/seiseki/report/2010/1han.pdf,official_meeting_summary
201009010104,2010,阪神,1,1,4,2010-02-27,https://www.jra.go.jp/datafile/seiseki/report/2010/1han.pdf,official_meeting_summary
201009010105,2010,阪神,1,1,5,2010-02-27,https://www.jra.go.jp/datafile/seiseki/report/2010/1han.pdf,official_meeting_summary
201009010106,2010,阪神,1,1,6,2010-02-27,https://www.jra.go.jp/datafile/seiseki/report/2010/1han.pdf,official_meeting_summary
201009010107,2010,阪神,1,1,7,2010-02-27,https://www.jra.go.jp/datafile/seiseki/report/2010/1han.pdf,official_meeting_summary
201009010108,2010,阪神,1,1,8,2010-02-27,https://www.jra.go.jp/datafile/seiseki/report/2010/1han.pdf,official_meeting_summary
201009010109,2010,阪神,1,1,9,2010-02-27,https://www.jra.go.jp/datafile/seiseki/report/2010/1han.pdf,official_meeting_summary
201009010110,2010,阪神,1,1,10,2010-02-27,https://www.jra.go.jp/datafile/seiseki/report/2010/1han.pdf,official_meeting_summary
201009010111,2010,阪神,1,1,11,2010-02-27,https://www.jra.go.jp/datafile/seiseki/report/2010/1han.pdf,official_meeting_summary
201009010112,2010,阪神,1,1,12,2010-02-27,https://www.jra.go.jp/datafile/seiseki/report/2010/1han.pdf,official_meeting_summary
201009010201,2010,阪神,1,2,1,2010-02-28,https://www.jra.go.jp/datafile/seiseki/report/2010/1han.pdf,official_meeting_summary
201009010202,2010,阪神,1,2,2,2010-02-28,https://www.jra.go.jp/datafile/seiseki/report/2010/1han.pdf,official_meeting_summary
201009010203,2010,阪神,1,2,3,2010-02-28,https://www.jra.go.jp/datafile/seiseki/report/2010/1han.pdf,official_meeting_summary
201009010204,2010,阪神,1,2,4,2010-02-28,https://www.jra.go.jp/datafile/seiseki/report/2010/1han.pdf,official_meeting_summary
201009010205,2010,阪神,1,2,5,2010-02-28,https://www.jra.go.jp/datafile/seiseki/report/2010/1han.pdf,official_meeting_summary
201009010206,2010,阪神,1,2,6,2010-02-28,https://www.jra.go.jp/datafile/seiseki/report/2010/1han.pdf,official_meeting_summary
201009010207,2010,阪神,1,2,7,2010-02-28,https://www.jra.go.jp/datafile/seiseki/report/2010/1han.pdf,official_meeting_summary
201009010208,2010,阪神,1,2,8,2010-02-28,https://www.jra.go.jp/datafile/seiseki/report/2010/1han.pdf,official_meeting_summary
201009010209,2010,阪神,1,2,9,2010-02-28,https://www.jra.go.jp/datafile/seiseki/report/2010/1han.pdf,official_meeting_summary
201009010210,2010,阪神,1,2,10,2010-02-28,https://www.jra.go.jp/datafile/seiseki/report/2010/1han.pdf,official_meeting_summary
201009010211,2010,阪神,1,2,11,2010-02-28,https://www.jra.go.jp/datafile/seiseki/report/2010/1han.pdf,official_meeting_summary
201009010212,2010,阪神,1,2,12,2010-02-28,https://www.jra.go.jp/datafile/seiseki/report/2010/1han.pdf,official_meeting_summary
201009010301,2010,阪神,1,3,1,2010-03-06,https://www.jra.go.jp/datafile/seiseki/report/2010/1han.pdf,official_meeting_summary
201009010302,2010,阪神,1,3,2,2010-03-06,https://www.jra.go.jp/datafile/seiseki/report/2010/1han.pdf,official_meeting_summary
201009010303,2010,阪神,1,3,3,2010-03-06,https://www.jra.go.jp/datafile/seiseki/report/2010/1han.pdf,official_meeting_summary
201009010304,2010,阪神,1,3,4,2010-03-06,https://www.jra.go.jp/datafile/seiseki/report/2010/1han.pdf,official_meeting_summary
201009010305,2010,阪神,1,3,5,2010-03-06,https://www.jra.go.jp/datafile/seiseki/report/2010/1han.pdf,official_meeting_summary
201009010306,2010,阪神,1,3,6,2010-03-06,https://www.jra.go.jp/datafile/seiseki/report/2010/1han.pdf,official_meeting_summary
201009010307,2010,阪神,1,3,7,2010-03-06,https://www.jra.go.jp/datafile/seiseki/report/2010/1han.pdf,official_meeting_summary
201009010308,2010,阪神,1,3,8,2010-03-06,https://www.jra.go.jp/datafile/seiseki/report/2010/1han.pdf,official_meeting_summary
201009010309,2010,阪神,1,3,9,2010-03-06,https://www.jra.go.jp/datafile/seiseki/report/2010/1han.pdf,official_meeting_summary
201009010310,2010,阪神,1,3,10,2010-03-06,https://www.jra.go.jp/datafile/seiseki/report/2010/1han.pdf,official_meeting_summary
201009010311,2010,阪神,1,3,11,2010-03-06,https://www.jra.go.jp/datafile/seiseki/report/2010/1han.pdf,official_meeting_summary
201009010312,2010,阪神,1,3,12,2010-03-06,https://www.jra.go.jp/datafile/seiseki/report/2010/1han.pdf,official_meeting_summary
201009010401,2010,阪神,1,4,1,2010-03-07,https://www.jra.go.jp/datafile/seiseki/report/2010/1han.pdf,official_meeting_summary
201009010402,2010,阪神,1,4,2,2010-03-07,https://www.jra.go.jp/datafile/seiseki/report/2010/1han.pdf,official_meeting_summary
201009010403,2010,阪神,1,4,3,2010-03-07,https://www.jra.go.jp/datafile/seiseki/report/2010/1han.pdf,official_meeting_summary
201009010404,2010,阪神,1,4,4,2010-03-07,https://www.jra.go.jp/datafile/seiseki/report/2010/1han.pdf,official_meeting_summary
201009010405,2010,阪神,1,4,5,2010-03-07,https://www.jra.go.jp/datafile/seiseki/report/2010/1han.pdf,official_meeting_summary
201009010406,2010,阪神,1,4,6,2010-03-07,https://www.jra.go.jp/datafile/seiseki/report/2010/1han.pdf,official_meeting_summary
201009010407,2010,阪神,1,4,7,2010-03-07,https://www.jra.go.jp/datafile/seiseki/report/2010/1han.pdf,official_meeting_summary
201009010408,2010,阪神,1,4,8,2010-03-07,https://www.jra.go.jp/datafile/seiseki/report/2010/1han.pdf,official_meeting_summary
201009010409,2010,阪神,1,4,9,2010-03-07,https://www.jra.go.jp/datafile/seiseki/report/2010/1han.pdf,official_meeting_summary
201009010410,2010,阪神,1,4,10,2010-03-07,https://www.jra.go.jp/datafile/seiseki/report/2010/1han.pdf,official_meeting_summary
201009010411,2010,阪神,1,4,11,2010-03-07,https://www.jra.go.jp/datafile/seiseki/report/2010/1han.pdf,official_meeting_summary
201009010412,2010,阪神,1,4,12,2010-03-07,https://www.jra.go.jp/datafile/seiseki/report/2010/1han.pdf,official_meeting_summary
201009010501,2010,阪神,1,5,1,2010-03-13,https://www.jra.go.jp/datafile/seiseki/report/2010/1han.pdf,official_meeting_summary
201009010502,2010,阪神,1,5,2,2010-03-13,https://www.jra.go.jp/datafile/seiseki/report/2010/1han.pdf,official_meeting_summary
201009010503,2010,阪神,1,5,3,2010-03-13,https://www.jra.go.jp/datafile/seiseki/report/2010/1han.pdf,official_meeting_summary
201009010504,2010,阪神,1,5,4,2010-03-13,https://www.jra.go.jp/datafile/seiseki/report/2010/1han.pdf,official_meeting_summary
201009010505,2010,阪神,1,5,5,2010-03-13,https://www.jra.go.jp/datafile/seiseki/report/2010/1han.pdf,official_meeting_summary
201009010506,2010,阪神,1,5,6,2010-03-13,https://www.jra.go.jp/datafile/seiseki/report/2010/1han.pdf,official_meeting_summary
201009010507,2010,阪神,1,5,7,2010-03-13,https://www.jra.go.jp/datafile/seiseki/report/2010/1han.pdf,official_meeting_summary
201009010508,2010,阪神,1,5,8,2010-03-13,https://www.jra.go.jp/datafile/seiseki/report/2010/1han.pdf,official_meeting_summary
201009010509,2010,阪神,1,5,9,2010-03-13,https://www.jra.go.jp/datafile/seiseki/report/2010/1han.pdf,official_meeting_summary
201009010510,2010,阪神,1,5,10,2010-03-13,https://www.jra.go.jp/datafile/seiseki/report/2010/1han.pdf,official_meeting_summary
201009010511,2010,阪神,1,5,11,2010-03-13,https://www.jra.go.jp/datafile/seiseki/report/2010/1han.pdf,official_meeting_summary
201009010512,2010,阪神,1,5,12,2010-03-13,https://www.jra.go.jp/datafile/seiseki/report/2010/1han.pdf,official_meeting_summary
201009010601,2010,阪神,1,6,1,2010-03-14,https://www.jra.go.jp/datafile/seiseki/report/2010/1han.pdf,official_meeting_summary
201009010602,2010,阪神,1,6,2,2010-03-14,https://www.jra.go.jp/datafile/seiseki/report/2010/1han.pdf,official_meeting_summary
201009010603,2010,阪神,1,6,3,2010-03-14,https://www.jra.go.jp/datafile/seiseki/report/2010/1han.pdf,official_meeting_summary
201009010604,2010,阪神,1,6,4,2010-03-14,https://www.jra.go.jp/datafile/seiseki/report/2010/1han.pdf,official_meeting_summary
201009010605,2010,阪神,1,6,5,2010-03-14,https://www.jra.go.jp/datafile/seiseki/report/2010/1han.pdf,official_meeting_summary
201009010606,2010,阪神,1,6,6,2010-03-14,https://www.jra.go.jp/datafile/seiseki/report/2010/1han.pdf,official_meeting_summary
201009010607,2010,阪神,1,6,7,2010-03-14,https://www.jra.go.jp/datafile/seiseki/report/2010/1han.pdf,official_meeting_summary
201009010608,2010,阪神,1,6,8,2010-03-14,https://www.jra.go.jp/datafile/seiseki/report/2010/1han.pdf,official_meeting_summary
201009010609,2010,阪神,1,6,9,2010-03-14,https://www.jra.go.jp/datafile/seiseki/report/2010/1han.pdf,official_meeting_summary
201009010610,2010,阪神,1,6,10,2010-03-14,https://www.jra.go.jp/datafile/seiseki/report/2010/1han.pdf,official_meeting_summary
201009010611,2010,阪神,1,6,11,2010-03-14,https://www.jra.go.jp/datafile/seiseki/report/2010/1han.pdf,official_meeting_summary
201009010612,2010,阪神,1,6,12,2010-03-14,https://www.jra.go.jp/datafile/seiseki/report/2010/1han.pdf,official_meeting_summary
201009010701,2010,阪神,1,7,1,2010-03-20,https://www.jra.go.jp/datafile/seiseki/report/2010/1han.pdf,official_meeting_summary
201009010702,2010,阪神,1,7,2,2010-03-20,https://www.jra.go.jp/datafile/seiseki/report/2010/1han.pdf,official_meeting_summary
201009010703,2010,阪神,1,7,3,2010-03-20,https://www.jra.go.jp/datafile/seiseki/report/2010/1han.pdf,official_meeting_summary
201009010704,2010,阪神,1,7,4,2010-03-20,https://www.jra.go.jp/datafile/seiseki/report/2010/1han.pdf,official_meeting_summary
201009010705,2010,阪神,1,7,5,2010-03-20,https://www.jra.go.jp/datafile/seiseki/report/2010/1han.pdf,official_meeting_summary
201009010706,2010,阪神,1,7,6,2010-03-20,https://www.jra.go.jp/datafile/seiseki/report/2010/1han.pdf,official_meeting_summary
201009010707,2010,阪神,1,7,7,2010-03-20,https://www.jra.go.jp/datafile/seiseki/report/2010/1han.pdf,official_meeting_summary
201009010708,2010,阪神,1,7,8,2010-03-20,https://www.jra.go.jp/datafile/seiseki/report/2010/1han.pdf,official_meeting_summary
201009010709,2010,阪神,1,7,9,2010-03-20,https://www.jra.go.jp/datafile/seiseki/report/2010/1han.pdf,official_meeting_summary
201009010710,2010,阪神,1,7,10,2010-03-20,https://www.jra.go.jp/datafile/seiseki/report/2010/1han.pdf,official_meeting_summary
201009010711,2010,阪神,1,7,11,2010-03-20,https://www.jra.go.jp/datafile/seiseki/report/2010/1han.pdf,official_meeting_summary
201009010712,2010,阪神,1,7,12,2010-03-20,https://www.jra.go.jp/datafile/seiseki/report/2010/1han.pdf,official_meeting_summary
201009010801,2010,阪神,1,8,1,2010-03-21,https://www.jra.go.jp/datafile/seiseki/report/2010/1han.pdf,official_meeting_summary
201009010802,2010,阪神,1,8,2,2010-03-21,https://www.jra.go.jp/datafile/seiseki/report/2010/1han.pdf,official_meeting_summary
201009010803,2010,阪神,1,8,3,2010-03-21,https://www.jra.go.jp/datafile/seiseki/report/2010/1han.pdf,official_meeting_summary
201009010804,2010,阪神,1,8,4,2010-03-21,https://www.jra.go.jp/datafile/seiseki/report/2010/1han.pdf,official_meeting_summary
201009010805,2010,阪神,1,8,5,2010-03-21,https://www.jra.go.jp/datafile/seiseki/report/2010/1han.pdf,official_meeting_summary
201009010806,2010,阪神,1,8,6,2010-03-21,https://www.jra.go.jp/datafile/seiseki/report/2010/1han.pdf,official_meeting_summary
201009010807,2010,阪神,1,8,7,2010-03-21,https://www.jra.go.jp/datafile/seiseki/report/2010/1han.pdf,official_meeting_summary
201009010808,2010,阪神,1,8,8,2010-03-21,https://www.jra.go.jp/datafile/seiseki/report/2010/1han.pdf,official_meeting_summary
201009010809,2010,阪神,1,8,9,2010-03-21,https://www.jra.go.jp/datafile/seiseki/report/2010/1han.pdf,official_meeting_summary
201009010810,2010,阪神,1,8,10,2010-03-21,https://www.jra.go.jp/datafile/seiseki/report/2010/1han.pdf,official_meeting_summary
201009010811,2010,阪神,1,8,11,2010-03-21,https://www.jra.go.jp/datafile/seiseki/report/2010/1han.pdf,official_meeting_summary
201009010812,2010,阪神,1,8,12,2010-03-21,https://www.jra.go.jp/datafile/seiseki/report/2010/1han.pdf,official_meeting_summary
201009020101,2010,阪神,2,1,1,2010-03-27,https://www.jra.go.jp/datafile/seiseki/report/2010/2han.pdf,official_meeting_summary
201009020102,2010,阪神,2,1,2,2010-03-27,https://www.jra.go.jp/datafile/seiseki/report/2010/2han.pdf,official_meeting_summary
201009020103,2010,阪神,2,1,3,2010-03-27,https://www.jra.go.jp/datafile/seiseki/report/2010/2han.pdf,official_meeting_summary
201009020104,2010,阪神,2,1,4,2010-03-27,https://www.jra.go.jp/datafile/seiseki/report/2010/2han.pdf,official_meeting_summary
201009020105,2010,阪神,2,1,5,2010-03-27,https://www.jra.go.jp/datafile/seiseki/report/2010/2han.pdf,official_meeting_summary
201009020106,2010,阪神,2,1,6,2010-03-27,https://www.jra.go.jp/datafile/seiseki/report/2010/2han.pdf,official_meeting_summary
201009020107,2010,阪神,2,1,7,2010-03-27,https://www.jra.go.jp/datafile/seiseki/report/2010/2han.pdf,official_meeting_summary
201009020108,2010,阪神,2,1,8,2010-03-27,https://www.jra.go.jp/datafile/seiseki/report/2010/2han.pdf,official_meeting_summary
201009020109,2010,阪神,2,1,9,2010-03-27,https://www.jra.go.jp/datafile/seiseki/report/2010/2han.pdf,official_meeting_summary
201009020110,2010,阪神,2,1,10,2010-03-27,https://www.jra.go.jp/datafile/seiseki/report/2010/2han.pdf,official_meeting_summary
201009020111,2010,阪神,2,1,11,2010-03-27,https://www.jra.go.jp/datafile/seiseki/report/2010/2han.pdf,official_meeting_summary
201009020112,2010,阪神,2,1,12,2010-03-27,https://www.jra.go.jp/datafile/seiseki/report/2010/2han.pdf,official_meeting_summary
201009020201,2010,阪神,2,2,1,2010-03-28,https://www.jra.go.jp/datafile/seiseki/report/2010/2han.pdf,official_meeting_summary
201009020202,2010,阪神,2,2,2,2010-03-28,https://www.jra.go.jp/datafile/seiseki/report/2010/2han.pdf,official_meeting_summary
201009020203,2010,阪神,2,2,3,2010-03-28,https://www.jra.go.jp/datafile/seiseki/report/2010/2han.pdf,official_meeting_summary
201009020204,2010,阪神,2,2,4,2010-03-28,https://www.jra.go.jp/datafile/seiseki/report/2010/2han.pdf,official_meeting_summary
201009020205,2010,阪神,2,2,5,2010-03-28,https://www.jra.go.jp/datafile/seiseki/report/2010/2han.pdf,official_meeting_summary
201009020206,2010,阪神,2,2,6,2010-03-28,https://www.jra.go.jp/datafile/seiseki/report/2010/2han.pdf,official_meeting_summary
201009020207,2010,阪神,2,2,7,2010-03-28,https://www.jra.go.jp/datafile/seiseki/report/2010/2han.pdf,official_meeting_summary
201009020208,2010,阪神,2,2,8,2010-03-28,https://www.jra.go.jp/datafile/seiseki/report/2010/2han.pdf,official_meeting_summary
201009020209,2010,阪神,2,2,9,2010-03-28,https://www.jra.go.jp/datafile/seiseki/report/2010/2han.pdf,official_meeting_summary
201009020210,2010,阪神,2,2,10,2010-03-28,https://www.jra.go.jp/datafile/seiseki/report/2010/2han.pdf,official_meeting_summary
201009020211,2010,阪神,2,2,11,2010-03-28,https://www.jra.go.jp/datafile/seiseki/report/2010/2han.pdf,official_meeting_summary
201009020212,2010,阪神,2,2,12,2010-03-28,https://www.jra.go.jp/datafile/seiseki/report/2010/2han.pdf,official_meeting_summary
201009020301,2010,阪神,2,3,1,2010-04-03,https://www.jra.go.jp/datafile/seiseki/report/2010/2han.pdf,official_meeting_summary
201009020302,2010,阪神,2,3,2,2010-04-03,https://www.jra.go.jp/datafile/seiseki/report/2010/2han.pdf,official_meeting_summary
201009020303,2010,阪神,2,3,3,2010-04-03,https://www.jra.go.jp/datafile/seiseki/report/2010/2han.pdf,official_meeting_summary
201009020304,2010,阪神,2,3,4,2010-04-03,https://www.jra.go.jp/datafile/seiseki/report/2010/2han.pdf,official_meeting_summary
201009020305,2010,阪神,2,3,5,2010-04-03,https://www.jra.go.jp/datafile/seiseki/report/2010/2han.pdf,official_meeting_summary
201009020306,2010,阪神,2,3,6,2010-04-03,https://www.jra.go.jp/datafile/seiseki/report/2010/2han.pdf,official_meeting_summary
201009020307,2010,阪神,2,3,7,2010-04-03,https://www.jra.go.jp/datafile/seiseki/report/2010/2han.pdf,official_meeting_summary
201009020308,2010,阪神,2,3,8,2010-04-03,https://www.jra.go.jp/datafile/seiseki/report/2010/2han.pdf,official_meeting_summary
201009020309,2010,阪神,2,3,9,2010-04-03,https://www.jra.go.jp/datafile/seiseki/report/2010/2han.pdf,official_meeting_summary
201009020310,2010,阪神,2,3,10,2010-04-03,https://www.jra.go.jp/datafile/seiseki/report/2010/2han.pdf,official_meeting_summary
201009020311,2010,阪神,2,3,11,2010-04-03,https://www.jra.go.jp/datafile/seiseki/report/2010/2han.pdf,official_meeting_summary
201009020312,2010,阪神,2,3,12,2010-04-03,https://www.jra.go.jp/datafile/seiseki/report/2010/2han.pdf,official_meeting_summary
201009020401,2010,阪神,2,4,1,2010-04-04,https://www.jra.go.jp/datafile/seiseki/report/2010/2han.pdf,official_meeting_summary
201009020402,2010,阪神,2,4,2,2010-04-04,https://www.jra.go.jp/datafile/seiseki/report/2010/2han.pdf,official_meeting_summary
201009020403,2010,阪神,2,4,3,2010-04-04,https://www.jra.go.jp/datafile/seiseki/report/2010/2han.pdf,official_meeting_summary
201009020404,2010,阪神,2,4,4,2010-04-04,https://www.jra.go.jp/datafile/seiseki/report/2010/2han.pdf,official_meeting_summary
201009020405,2010,阪神,2,4,5,2010-04-04,https://www.jra.go.jp/datafile/seiseki/report/2010/2han.pdf,official_meeting_summary
201009020406,2010,阪神,2,4,6,2010-04-04,https://www.jra.go.jp/datafile/seiseki/report/2010/2han.pdf,official_meeting_summary
201009020407,2010,阪神,2,4,7,2010-04-04,https://www.jra.go.jp/datafile/seiseki/report/2010/2han.pdf,official_meeting_summary
201009020408,2010,阪神,2,4,8,2010-04-04,https://www.jra.go.jp/datafile/seiseki/report/2010/2han.pdf,official_meeting_summary
201009020409,2010,阪神,2,4,9,2010-04-04,https://www.jra.go.jp/datafile/seiseki/report/2010/2han.pdf,official_meeting_summary
201009020410,2010,阪神,2,4,10,2010-04-04,https://www.jra.go.jp/datafile/seiseki/report/2010/2han.pdf,official_meeting_summary
201009020411,2010,阪神,2,4,11,2010-04-04,https://www.jra.go.jp/datafile/seiseki/report/2010/2han.pdf,official_meeting_summary
201009020412,2010,阪神,2,4,12,2010-04-04,https://www.jra.go.jp/datafile/seiseki/report/2010/2han.pdf,official_meeting_summary
201009020501,2010,阪神,2,5,1,2010-04-10,https://www.jra.go.jp/datafile/seiseki/report/2010/2han.pdf,official_meeting_summary
201009020502,2010,阪神,2,5,2,2010-04-10,https://www.jra.go.jp/datafile/seiseki/report/2010/2han.pdf,official_meeting_summary
201009020503,2010,阪神,2,5,3,2010-04-10,https://www.jra.go.jp/datafile/seiseki/report/2010/2han.pdf,official_meeting_summary
201009020504,2010,阪神,2,5,4,2010-04-10,https://www.jra.go.jp/datafile/seiseki/report/2010/2han.pdf,official_meeting_summary
201009020505,2010,阪神,2,5,5,2010-04-10,https://www.jra.go.jp/datafile/seiseki/report/2010/2han.pdf,official_meeting_summary
201009020506,2010,阪神,2,5,6,2010-04-10,https://www.jra.go.jp/datafile/seiseki/report/2010/2han.pdf,official_meeting_summary
201009020507,2010,阪神,2,5,7,2010-04-10,https://www.jra.go.jp/datafile/seiseki/report/2010/2han.pdf,official_meeting_summary
201009020508,2010,阪神,2,5,8,2010-04-10,https://www.jra.go.jp/datafile/seiseki/report/2010/2han.pdf,official_meeting_summary
201009020509,2010,阪神,2,5,9,2010-04-10,https://www.jra.go.jp/datafile/seiseki/report/2010/2han.pdf,official_meeting_summary
201009020510,2010,阪神,2,5,10,2010-04-10,https://www.jra.go.jp/datafile/seiseki/report/2010/2han.pdf,official_meeting_summary
201009020511,2010,阪神,2,5,11,2010-04-10,https://www.jra.go.jp/datafile/seiseki/report/2010/2han.pdf,official_meeting_summary
201009020512,2010,阪神,2,5,12,2010-04-10,https://www.jra.go.jp/datafile/seiseki/report/2010/2han.pdf,official_meeting_summary
201009020601,2010,阪神,2,6,1,2010-04-11,https://www.jra.go.jp/datafile/seiseki/report/2010/2han.pdf,official_meeting_summary
201009020602,2010,阪神,2,6,2,2010-04-11,https://www.jra.go.jp/datafile/seiseki/report/2010/2han.pdf,official_meeting_summary
201009020603,2010,阪神,2,6,3,2010-04-11,https://www.jra.go.jp/datafile/seiseki/report/2010/2han.pdf,official_meeting_summary
201009020604,2010,阪神,2,6,4,2010-04-11,https://www.jra.go.jp/datafile/seiseki/report/2010/2han.pdf,official_meeting_summary
201009020605,2010,阪神,2,6,5,2010-04-11,https://www.jra.go.jp/datafile/seiseki/report/2010/2han.pdf,official_meeting_summary
201009020606,2010,阪神,2,6,6,2010-04-11,https://www.jra.go.jp/datafile/seiseki/report/2010/2han.pdf,official_meeting_summary
201009020607,2010,阪神,2,6,7,2010-04-11,https://www.jra.go.jp/datafile/seiseki/report/2010/2han.pdf,official_meeting_summary
201009020608,2010,阪神,2,6,8,2010-04-11,https://www.jra.go.jp/datafile/seiseki/report/2010/2han.pdf,official_meeting_summary
201009020609,2010,阪神,2,6,9,2010-04-11,https://www.jra.go.jp/datafile/seiseki/report/2010/2han.pdf,official_meeting_summary
201009020610,2010,阪神,2,6,10,2010-04-11,https://www.jra.go.jp/datafile/seiseki/report/2010/2han.pdf,official_meeting_summary
201009020611,2010,阪神,2,6,11,2010-04-11,https://www.jra.go.jp/datafile/seiseki/report/2010/2han.pdf,official_meeting_summary
201009020612,2010,阪神,2,6,12,2010-04-11,https://www.jra.go.jp/datafile/seiseki/report/2010/2han.pdf,official_meeting_summary
201009020701,2010,阪神,2,7,1,2010-04-17,https://www.jra.go.jp/datafile/seiseki/report/2010/2han.pdf,official_meeting_summary
201009020702,2010,阪神,2,7,2,2010-04-17,https://www.jra.go.jp/datafile/seiseki/report/2010/2han.pdf,official_meeting_summary
201009020703,2010,阪神,2,7,3,2010-04-17,https://www.jra.go.jp/datafile/seiseki/report/2010/2han.pdf,official_meeting_summary
201009020704,2010,阪神,2,7,4,2010-04-17,https://www.jra.go.jp/datafile/seiseki/report/2010/2han.pdf,official_meeting_summary
201009020705,2010,阪神,2,7,5,2010-04-17,https://www.jra.go.jp/datafile/seiseki/report/2010/2han.pdf,official_meeting_summary
201009020706,2010,阪神,2,7,6,2010-04-17,https://www.jra.go.jp/datafile/seiseki/report/2010/2han.pdf,official_meeting_summary
201009020707,2010,阪神,2,7,7,2010-04-17,https://www.jra.go.jp/datafile/seiseki/report/2010/2han.pdf,official_meeting_summary
201009020708,2010,阪神,2,7,8,2010-04-17,https://www.jra.go.jp/datafile/seiseki/report/2010/2han.pdf,official_meeting_summary
201009020709,2010,阪神,2,7,9,2010-04-17,https://www.jra.go.jp/datafile/seiseki/report/2010/2han.pdf,official_meeting_summary
201009020710,2010,阪神,2,7,10,2010-04-17,https://www.jra.go.jp/datafile/seiseki/report/2010/2han.pdf,official_meeting_summary
201009020711,2010,阪神,2,7,11,2010-04-17,https://www.jra.go.jp/datafile/seiseki/report/2010/2han.pdf,official_meeting_summary
201009020712,2010,阪神,2,7,12,2010-04-17,https://www.jra.go.jp/datafile/seiseki/report/2010/2han.pdf,official_meeting_summary
201009020801,2010,阪神,2,8,1,2010-04-18,https://www.jra.go.jp/datafile/seiseki/report/2010/2han.pdf,official_meeting_summary
201009020802,2010,阪神,2,8,2,2010-04-18,https://www.jra.go.jp/datafile/seiseki/report/2010/2han.pdf,official_meeting_summary
201009020803,2010,阪神,2,8,3,2010-04-18,https://www.jra.go.jp/datafile/seiseki/report/2010/2han.pdf,official_meeting_summary
201009020804,2010,阪神,2,8,4,2010-04-18,https://www.jra.go.jp/datafile/seiseki/report/2010/2han.pdf,official_meeting_summary
201009020805,2010,阪神,2,8,5,2010-04-18,https://www.jra.go.jp/datafile/seiseki/report/2010/2han.pdf,official_meeting_summary
201009020806,2010,阪神,2,8,6,2010-04-18,https://www.jra.go.jp/datafile/seiseki/report/2010/2han.pdf,official_meeting_summary
201009020807,2010,阪神,2,8,7,2010-04-18,https://www.jra.go.jp/datafile/seiseki/report/2010/2han.pdf,official_meeting_summary
201009020808,2010,阪神,2,8,8,2010-04-18,https://www.jra.go.jp/datafile/seiseki/report/2010/2han.pdf,official_meeting_summary
201009020809,2010,阪神,2,8,9,2010-04-18,https://www.jra.go.jp/datafile/seiseki/report/2010/2han.pdf,official_meeting_summary
201009020810,2010,阪神,2,8,10,2010-04-18,https://www.jra.go.jp/datafile/seiseki/report/2010/2han.pdf,official_meeting_summary
201009020811,2010,阪神,2,8,11,2010-04-18,https://www.jra.go.jp/datafile/seiseki/report/2010/2han.pdf,official_meeting_summary
201009020812,2010,阪神,2,8,12,2010-04-18,https://www.jra.go.jp/datafile/seiseki/report/2010/2han.pdf,official_meeting_summary
201009030101,2010,阪神,3,1,1,2010-06-19,https://www.jra.go.jp/datafile/seiseki/report/2010/3han.pdf,official_meeting_summary
201009030102,2010,阪神,3,1,2,2010-06-19,https://www.jra.go.jp/datafile/seiseki/report/2010/3han.pdf,official_meeting_summary
201009030103,2010,阪神,3,1,3,2010-06-19,https://www.jra.go.jp/datafile/seiseki/report/2010/3han.pdf,official_meeting_summary
201009030104,2010,阪神,3,1,4,2010-06-19,https://www.jra.go.jp/datafile/seiseki/report/2010/3han.pdf,official_meeting_summary
201009030105,2010,阪神,3,1,5,2010-06-19,https://www.jra.go.jp/datafile/seiseki/report/2010/3han.pdf,official_meeting_summary
201009030106,2010,阪神,3,1,6,2010-06-19,https://www.jra.go.jp/datafile/seiseki/report/2010/3han.pdf,official_meeting_summary
201009030107,2010,阪神,3,1,7,2010-06-19,https://www.jra.go.jp/datafile/seiseki/report/2010/3han.pdf,official_meeting_summary
201009030108,2010,阪神,3,1,8,2010-06-19,https://www.jra.go.jp/datafile/seiseki/report/2010/3han.pdf,official_meeting_summary
201009030109,2010,阪神,3,1,9,2010-06-19,https://www.jra.go.jp/datafile/seiseki/report/2010/3han.pdf,official_meeting_summary
201009030110,2010,阪神,3,1,10,2010-06-19,https://www.jra.go.jp/datafile/seiseki/report/2010/3han.pdf,official_meeting_summary
201009030111,2010,阪神,3,1,11,2010-06-19,https://www.jra.go.jp/datafile/seiseki/report/2010/3han.pdf,official_meeting_summary
201009030112,2010,阪神,3,1,12,2010-06-19,https://www.jra.go.jp/datafile/seiseki/report/2010/3han.pdf,official_meeting_summary
201009030201,2010,阪神,3,2,1,2010-06-20,https://www.jra.go.jp/datafile/seiseki/report/2010/3han.pdf,official_meeting_summary
201009030202,2010,阪神,3,2,2,2010-06-20,https://www.jra.go.jp/datafile/seiseki/report/2010/3han.pdf,official_meeting_summary
201009030203,2010,阪神,3,2,3,2010-06-20,https://www.jra.go.jp/datafile/seiseki/report/2010/3han.pdf,official_meeting_summary
201009030204,2010,阪神,3,2,4,2010-06-20,https://www.jra.go.jp/datafile/seiseki/report/2010/3han.pdf,official_meeting_summary
201009030205,2010,阪神,3,2,5,2010-06-20,https://www.jra.go.jp/datafile/seiseki/report/2010/3han.pdf,official_meeting_summary
201009030206,2010,阪神,3,2,6,2010-06-20,https://www.jra.go.jp/datafile/seiseki/report/2010/3han.pdf,official_meeting_summary
201009030207,2010,阪神,3,2,7,2010-06-20,https://www.jra.go.jp/datafile/seiseki/report/2010/3han.pdf,official_meeting_summary
201009030208,2010,阪神,3,2,8,2010-06-20,https://www.jra.go.jp/datafile/seiseki/report/2010/3han.pdf,official_meeting_summary
201009030209,2010,阪神,3,2,9,2010-06-20,https://www.jra.go.jp/datafile/seiseki/report/2010/3han.pdf,official_meeting_summary
201009030210,2010,阪神,3,2,10,2010-06-20,https://www.jra.go.jp/datafile/seiseki/report/2010/3han.pdf,official_meeting_summary
201009030211,2010,阪神,3,2,11,2010-06-20,https://www.jra.go.jp/datafile/seiseki/report/2010/3han.pdf,official_meeting_summary
201009030212,2010,阪神,3,2,12,2010-06-20,https://www.jra.go.jp/datafile/seiseki/report/2010/3han.pdf,official_meeting_summary
201009030301,2010,阪神,3,3,1,2010-06-26,https://www.jra.go.jp/datafile/seiseki/report/2010/3han.pdf,official_meeting_summary
201009030302,2010,阪神,3,3,2,2010-06-26,https://www.jra.go.jp/datafile/seiseki/report/2010/3han.pdf,official_meeting_summary
201009030303,2010,阪神,3,3,3,2010-06-26,https://www.jra.go.jp/datafile/seiseki/report/2010/3han.pdf,official_meeting_summary
201009030304,2010,阪神,3,3,4,2010-06-26,https://www.jra.go.jp/datafile/seiseki/report/2010/3han.pdf,official_meeting_summary
201009030305,2010,阪神,3,3,5,2010-06-26,https://www.jra.go.jp/datafile/seiseki/report/2010/3han.pdf,official_meeting_summary
201009030306,2010,阪神,3,3,6,2010-06-26,https://www.jra.go.jp/datafile/seiseki/report/2010/3han.pdf,official_meeting_summary
201009030307,2010,阪神,3,3,7,2010-06-26,https://www.jra.go.jp/datafile/seiseki/report/2010/3han.pdf,official_meeting_summary
201009030308,2010,阪神,3,3,8,2010-06-26,https://www.jra.go.jp/datafile/seiseki/report/2010/3han.pdf,official_meeting_summary
201009030309,2010,阪神,3,3,9,2010-06-26,https://www.jra.go.jp/datafile/seiseki/report/2010/3han.pdf,official_meeting_summary
201009030310,2010,阪神,3,3,10,2010-06-26,https://www.jra.go.jp/datafile/seiseki/report/2010/3han.pdf,official_meeting_summary
201009030311,2010,阪神,3,3,11,2010-06-26,https://www.jra.go.jp/datafile/seiseki/report/2010/3han.pdf,official_meeting_summary
201009030312,2010,阪神,3,3,12,2010-06-26,https://www.jra.go.jp/datafile/seiseki/report/2010/3han.pdf,official_meeting_summary
201009030401,2010,阪神,3,4,1,2010-06-27,https://www.jra.go.jp/datafile/seiseki/report/2010/3han.pdf,official_meeting_summary
201009030402,2010,阪神,3,4,2,2010-06-27,https://www.jra.go.jp/datafile/seiseki/report/2010/3han.pdf,official_meeting_summary
201009030403,2010,阪神,3,4,3,2010-06-27,https://www.jra.go.jp/datafile/seiseki/report/2010/3han.pdf,official_meeting_summary
201009030404,2010,阪神,3,4,4,2010-06-27,https://www.jra.go.jp/datafile/seiseki/report/2010/3han.pdf,official_meeting_summary
201009030405,2010,阪神,3,4,5,2010-06-27,https://www.jra.go.jp/datafile/seiseki/report/2010/3han.pdf,official_meeting_summary
201009030406,2010,阪神,3,4,6,2010-06-27,https://www.jra.go.jp/datafile/seiseki/report/2010/3han.pdf,official_meeting_summary
201009030407,2010,阪神,3,4,7,2010-06-27,https://www.jra.go.jp/datafile/seiseki/report/2010/3han.pdf,official_meeting_summary
201009030408,2010,阪神,3,4,8,2010-06-27,https://www.jra.go.jp/datafile/seiseki/report/2010/3han.pdf,official_meeting_summary
201009030409,2010,阪神,3,4,9,2010-06-27,https://www.jra.go.jp/datafile/seiseki/report/2010/3han.pdf,official_meeting_summary
201009030410,2010,阪神,3,4,10,2010-06-27,https://www.jra.go.jp/datafile/seiseki/report/2010/3han.pdf,official_meeting_summary
201009030411,2010,阪神,3,4,11,2010-06-27,https://www.jra.go.jp/datafile/seiseki/report/2010/3han.pdf,official_meeting_summary
201009030412,2010,阪神,3,4,12,2010-06-27,https://www.jra.go.jp/datafile/seiseki/report/2010/3han.pdf,official_meeting_summary
201009030501,2010,阪神,3,5,1,2010-07-03,https://www.jra.go.jp/datafile/seiseki/report/2010/3han.pdf,official_meeting_summary
201009030502,2010,阪神,3,5,2,2010-07-03,https://www.jra.go.jp/datafile/seiseki/report/2010/3han.pdf,official_meeting_summary
201009030503,2010,阪神,3,5,3,2010-07-03,https://www.jra.go.jp/datafile/seiseki/report/2010/3han.pdf,official_meeting_summary
201009030504,2010,阪神,3,5,4,2010-07-03,https://www.jra.go.jp/datafile/seiseki/report/2010/3han.pdf,official_meeting_summary
201009030505,2010,阪神,3,5,5,2010-07-03,https://www.jra.go.jp/datafile/seiseki/report/2010/3han.pdf,official_meeting_summary
201009030506,2010,阪神,3,5,6,2010-07-03,https://www.jra.go.jp/datafile/seiseki/report/2010/3han.pdf,official_meeting_summary
201009030507,2010,阪神,3,5,7,2010-07-03,https://www.jra.go.jp/datafile/seiseki/report/2010/3han.pdf,official_meeting_summary
201009030508,2010,阪神,3,5,8,2010-07-03,https://www.jra.go.jp/datafile/seiseki/report/2010/3han.pdf,official_meeting_summary
201009030509,2010,阪神,3,5,9,2010-07-03,https://www.jra.go.jp/datafile/seiseki/report/2010/3han.pdf,official_meeting_summary
201009030510,2010,阪神,3,5,10,2010-07-03,https://www.jra.go.jp/datafile/seiseki/report/2010/3han.pdf,official_meeting_summary
201009030511,2010,阪神,3,5,11,2010-07-03,https://www.jra.go.jp/datafile/seiseki/report/2010/3han.pdf,official_meeting_summary
201009030512,2010,阪神,3,5,12,2010-07-03,https://www.jra.go.jp/datafile/seiseki/report/2010/3han.pdf,official_meeting_summary
201009030601,2010,阪神,3,6,1,2010-07-04,https://www.jra.go.jp/datafile/seiseki/report/2010/3han.pdf,official_meeting_summary
201009030602,2010,阪神,3,6,2,2010-07-04,https://www.jra.go.jp/datafile/seiseki/report/2010/3han.pdf,official_meeting_summary
201009030603,2010,阪神,3,6,3,2010-07-04,https://www.jra.go.jp/datafile/seiseki/report/2010/3han.pdf,official_meeting_summary
201009030604,2010,阪神,3,6,4,2010-07-04,https://www.jra.go.jp/datafile/seiseki/report/2010/3han.pdf,official_meeting_summary
201009030605,2010,阪神,3,6,5,2010-07-04,https://www.jra.go.jp/datafile/seiseki/report/2010/3han.pdf,official_meeting_summary
201009030606,2010,阪神,3,6,6,2010-07-04,https://www.jra.go.jp/datafile/seiseki/report/2010/3han.pdf,official_meeting_summary
201009030607,2010,阪神,3,6,7,2010-07-04,https://www.jra.go.jp/datafile/seiseki/report/2010/3han.pdf,official_meeting_summary
201009030608,2010,阪神,3,6,8,2010-07-04,https://www.jra.go.jp/datafile/seiseki/report/2010/3han.pdf,official_meeting_summary
201009030609,2010,阪神,3,6,9,2010-07-04,https://www.jra.go.jp/datafile/seiseki/report/2010/3han.pdf,official_meeting_summary
201009030610,2010,阪神,3,6,10,2010-07-04,https://www.jra.go.jp/datafile/seiseki/report/2010/3han.pdf,official_meeting_summary
201009030611,2010,阪神,3,6,11,2010-07-04,https://www.jra.go.jp/datafile/seiseki/report/2010/3han.pdf,official_meeting_summary
201009030612,2010,阪神,3,6,12,2010-07-04,https://www.jra.go.jp/datafile/seiseki/report/2010/3han.pdf,official_meeting_summary
201009030701,2010,阪神,3,7,1,2010-07-10,https://www.jra.go.jp/datafile/seiseki/report/2010/3han.pdf,official_meeting_summary
201009030702,2010,阪神,3,7,2,2010-07-10,https://www.jra.go.jp/datafile/seiseki/report/2010/3han.pdf,official_meeting_summary
201009030703,2010,阪神,3,7,3,2010-07-10,https://www.jra.go.jp/datafile/seiseki/report/2010/3han.pdf,official_meeting_summary
201009030704,2010,阪神,3,7,4,2010-07-10,https://www.jra.go.jp/datafile/seiseki/report/2010/3han.pdf,official_meeting_summary
201009030705,2010,阪神,3,7,5,2010-07-10,https://www.jra.go.jp/datafile/seiseki/report/2010/3han.pdf,official_meeting_summary
201009030706,2010,阪神,3,7,6,2010-07-10,https://www.jra.go.jp/datafile/seiseki/report/2010/3han.pdf,official_meeting_summary
201009030707,2010,阪神,3,7,7,2010-07-10,https://www.jra.go.jp/datafile/seiseki/report/2010/3han.pdf,official_meeting_summary
201009030708,2010,阪神,3,7,8,2010-07-10,https://www.jra.go.jp/datafile/seiseki/report/2010/3han.pdf,official_meeting_summary
201009030709,2010,阪神,3,7,9,2010-07-10,https://www.jra.go.jp/datafile/seiseki/report/2010/3han.pdf,official_meeting_summary
201009030710,2010,阪神,3,7,10,2010-07-10,https://www.jra.go.jp/datafile/seiseki/report/2010/3han.pdf,official_meeting_summary
201009030711,2010,阪神,3,7,11,2010-07-10,https://www.jra.go.jp/datafile/seiseki/report/2010/3han.pdf,official_meeting_summary
201009030712,2010,阪神,3,7,12,2010-07-10,https://www.jra.go.jp/datafile/seiseki/report/2010/3han.pdf,official_meeting_summary
201009030801,2010,阪神,3,8,1,2010-07-11,https://www.jra.go.jp/datafile/seiseki/report/2010/3han.pdf,official_meeting_summary
201009030802,2010,阪神,3,8,2,2010-07-11,https://www.jra.go.jp/datafile/seiseki/report/2010/3han.pdf,official_meeting_summary
201009030803,2010,阪神,3,8,3,2010-07-11,https://www.jra.go.jp/datafile/seiseki/report/2010/3han.pdf,official_meeting_summary
201009030804,2010,阪神,3,8,4,2010-07-11,https://www.jra.go.jp/datafile/seiseki/report/2010/3han.pdf,official_meeting_summary
201009030805,2010,阪神,3,8,5,2010-07-11,https://www.jra.go.jp/datafile/seiseki/report/2010/3han.pdf,official_meeting_summary
201009030806,2010,阪神,3,8,6,2010-07-11,https://www.jra.go.jp/datafile/seiseki/report/2010/3han.pdf,official_meeting_summary
201009030807,2010,阪神,3,8,7,2010-07-11,https://www.jra.go.jp/datafile/seiseki/report/2010/3han.pdf,official_meeting_summary
201009030808,2010,阪神,3,8,8,2010-07-11,https://www.jra.go.jp/datafile/seiseki/report/2010/3han.pdf,official_meeting_summary
201009030809,2010,阪神,3,8,9,2010-07-11,https://www.jra.go.jp/datafile/seiseki/report/2010/3han.pdf,official_meeting_summary
201009030810,2010,阪神,3,8,10,2010-07-11,https://www.jra.go.jp/datafile/seiseki/report/2010/3han.pdf,official_meeting_summary
201009030811,2010,阪神,3,8,11,2010-07-11,https://www.jra.go.jp/datafile/seiseki/report/2010/3han.pdf,official_meeting_summary
201009030812,2010,阪神,3,8,12,2010-07-11,https://www.jra.go.jp/datafile/seiseki/report/2010/3han.pdf,official_meeting_summary
201009040101,2010,阪神,4,1,1,2010-09-11,https://www.jra.go.jp/datafile/seiseki/report/2010/4han.pdf,official_meeting_summary
201009040102,2010,阪神,4,1,2,2010-09-11,https://www.jra.go.jp/datafile/seiseki/report/2010/4han.pdf,official_meeting_summary
201009040103,2010,阪神,4,1,3,2010-09-11,https://www.jra.go.jp/datafile/seiseki/report/2010/4han.pdf,official_meeting_summary
201009040104,2010,阪神,4,1,4,2010-09-11,https://www.jra.go.jp/datafile/seiseki/report/2010/4han.pdf,official_meeting_summary
201009040105,2010,阪神,4,1,5,2010-09-11,https://www.jra.go.jp/datafile/seiseki/report/2010/4han.pdf,official_meeting_summary
201009040106,2010,阪神,4,1,6,2010-09-11,https://www.jra.go.jp/datafile/seiseki/report/2010/4han.pdf,official_meeting_summary
201009040107,2010,阪神,4,1,7,2010-09-11,https://www.jra.go.jp/datafile/seiseki/report/2010/4han.pdf,official_meeting_summary
201009040108,2010,阪神,4,1,8,2010-09-11,https://www.jra.go.jp/datafile/seiseki/report/2010/4han.pdf,official_meeting_summary
201009040109,2010,阪神,4,1,9,2010-09-11,https://www.jra.go.jp/datafile/seiseki/report/2010/4han.pdf,official_meeting_summary
201009040110,2010,阪神,4,1,10,2010-09-11,https://www.jra.go.jp/datafile/seiseki/report/2010/4han.pdf,official_meeting_summary
201009040111,2010,阪神,4,1,11,2010-09-11,https://www.jra.go.jp/datafile/seiseki/report/2010/4han.pdf,official_meeting_summary
201009040112,2010,阪神,4,1,12,2010-09-11,https://www.jra.go.jp/datafile/seiseki/report/2010/4han.pdf,official_meeting_summary
201009040201,2010,阪神,4,2,1,2010-09-12,https://www.jra.go.jp/datafile/seiseki/report/2010/4han.pdf,official_meeting_summary
201009040202,2010,阪神,4,2,2,2010-09-12,https://www.jra.go.jp/datafile/seiseki/report/2010/4han.pdf,official_meeting_summary
201009040203,2010,阪神,4,2,3,2010-09-12,https://www.jra.go.jp/datafile/seiseki/report/2010/4han.pdf,official_meeting_summary
201009040204,2010,阪神,4,2,4,2010-09-12,https://www.jra.go.jp/datafile/seiseki/report/2010/4han.pdf,official_meeting_summary
201009040205,2010,阪神,4,2,5,2010-09-12,https://www.jra.go.jp/datafile/seiseki/report/2010/4han.pdf,official_meeting_summary
201009040206,2010,阪神,4,2,6,2010-09-12,https://www.jra.go.jp/datafile/seiseki/report/2010/4han.pdf,official_meeting_summary
201009040207,2010,阪神,4,2,7,2010-09-12,https://www.jra.go.jp/datafile/seiseki/report/2010/4han.pdf,official_meeting_summary
201009040208,2010,阪神,4,2,8,2010-09-12,https://www.jra.go.jp/datafile/seiseki/report/2010/4han.pdf,official_meeting_summary
201009040209,2010,阪神,4,2,9,2010-09-12,https://www.jra.go.jp/datafile/seiseki/report/2010/4han.pdf,official_meeting_summary
201009040210,2010,阪神,4,2,10,2010-09-12,https://www.jra.go.jp/datafile/seiseki/report/2010/4han.pdf,official_meeting_summary
201009040211,2010,阪神,4,2,11,2010-09-12,https://www.jra.go.jp/datafile/seiseki/report/2010/4han.pdf,official_meeting_summary
201009040212,2010,阪神,4,2,12,2010-09-12,https://www.jra.go.jp/datafile/seiseki/report/2010/4han.pdf,official_meeting_summary
201009040301,2010,阪神,4,3,1,2010-09-19,https://www.jra.go.jp/datafile/seiseki/report/2010/4han.pdf,official_meeting_summary
201009040302,2010,阪神,4,3,2,2010-09-19,https://www.jra.go.jp/datafile/seiseki/report/2010/4han.pdf,official_meeting_summary
201009040303,2010,阪神,4,3,3,2010-09-19,https://www.jra.go.jp/datafile/seiseki/report/2010/4han.pdf,official_meeting_summary
201009040304,2010,阪神,4,3,4,2010-09-19,https://www.jra.go.jp/datafile/seiseki/report/2010/4han.pdf,official_meeting_summary
201009040305,2010,阪神,4,3,5,2010-09-19,https://www.jra.go.jp/datafile/seiseki/report/2010/4han.pdf,official_meeting_summary
201009040306,2010,阪神,4,3,6,2010-09-19,https://www.jra.go.jp/datafile/seiseki/report/2010/4han.pdf,official_meeting_summary
201009040307,2010,阪神,4,3,7,2010-09-19,https://www.jra.go.jp/datafile/seiseki/report/2010/4han.pdf,official_meeting_summary
201009040308,2010,阪神,4,3,8,2010-09-19,https://www.jra.go.jp/datafile/seiseki/report/2010/4han.pdf,official_meeting_summary
201009040309,2010,阪神,4,3,9,2010-09-19,https://www.jra.go.jp/datafile/seiseki/report/2010/4han.pdf,official_meeting_summary
201009040310,2010,阪神,4,3,10,2010-09-19,https://www.jra.go.jp/datafile/seiseki/report/2010/4han.pdf,official_meeting_summary
201009040311,2010,阪神,4,3,11,2010-09-19,https://www.jra.go.jp/datafile/seiseki/report/2010/4han.pdf,official_meeting_summary
201009040312,2010,阪神,4,3,12,2010-09-19,https://www.jra.go.jp/datafile/seiseki/report/2010/4han.pdf,official_meeting_summary
201009040401,2010,阪神,4,4,1,2010-09-20,https://www.jra.go.jp/datafile/seiseki/report/2010/4han.pdf,official_meeting_summary
201009040402,2010,阪神,4,4,2,2010-09-20,https://www.jra.go.jp/datafile/seiseki/report/2010/4han.pdf,official_meeting_summary
201009040403,2010,阪神,4,4,3,2010-09-20,https://www.jra.go.jp/datafile/seiseki/report/2010/4han.pdf,official_meeting_summary
201009040404,2010,阪神,4,4,4,2010-09-20,https://www.jra.go.jp/datafile/seiseki/report/2010/4han.pdf,official_meeting_summary
201009040405,2010,阪神,4,4,5,2010-09-20,https://www.jra.go.jp/datafile/seiseki/report/2010/4han.pdf,official_meeting_summary
201009040406,2010,阪神,4,4,6,2010-09-20,https://www.jra.go.jp/datafile/seiseki/report/2010/4han.pdf,official_meeting_summary
201009040407,2010,阪神,4,4,7,2010-09-20,https://www.jra.go.jp/datafile/seiseki/report/2010/4han.pdf,official_meeting_summary
201009040408,2010,阪神,4,4,8,2010-09-20,https://www.jra.go.jp/datafile/seiseki/report/2010/4han.pdf,official_meeting_summary
201009040409,2010,阪神,4,4,9,2010-09-20,https://www.jra.go.jp/datafile/seiseki/report/2010/4han.pdf,official_meeting_summary
201009040410,2010,阪神,4,4,10,2010-09-20,https://www.jra.go.jp/datafile/seiseki/report/2010/4han.pdf,official_meeting_summary
201009040411,2010,阪神,4,4,11,2010-09-20,https://www.jra.go.jp/datafile/seiseki/report/2010/4han.pdf,official_meeting_summary
201009040412,2010,阪神,4,4,12,2010-09-20,https://www.jra.go.jp/datafile/seiseki/report/2010/4han.pdf,official_meeting_summary
201009040501,2010,阪神,4,5,1,2010-09-25,https://www.jra.go.jp/datafile/seiseki/report/2010/4han.pdf,official_meeting_summary
201009040502,2010,阪神,4,5,2,2010-09-25,https://www.jra.go.jp/datafile/seiseki/report/2010/4han.pdf,official_meeting_summary
201009040503,2010,阪神,4,5,3,2010-09-25,https://www.jra.go.jp/datafile/seiseki/report/2010/4han.pdf,official_meeting_summary
201009040504,2010,阪神,4,5,4,2010-09-25,https://www.jra.go.jp/datafile/seiseki/report/2010/4han.pdf,official_meeting_summary
201009040505,2010,阪神,4,5,5,2010-09-25,https://www.jra.go.jp/datafile/seiseki/report/2010/4han.pdf,official_meeting_summary
201009040506,2010,阪神,4,5,6,2010-09-25,https://www.jra.go.jp/datafile/seiseki/report/2010/4han.pdf,official_meeting_summary
201009040507,2010,阪神,4,5,7,2010-09-25,https://www.jra.go.jp/datafile/seiseki/report/2010/4han.pdf,official_meeting_summary
201009040508,2010,阪神,4,5,8,2010-09-25,https://www.jra.go.jp/datafile/seiseki/report/2010/4han.pdf,official_meeting_summary
201009040509,2010,阪神,4,5,9,2010-09-25,https://www.jra.go.jp/datafile/seiseki/report/2010/4han.pdf,official_meeting_summary
201009040510,2010,阪神,4,5,10,2010-09-25,https://www.jra.go.jp/datafile/seiseki/report/2010/4han.pdf,official_meeting_summary
201009040511,2010,阪神,4,5,11,2010-09-25,https://www.jra.go.jp/datafile/seiseki/report/2010/4han.pdf,official_meeting_summary
201009040512,2010,阪神,4,5,12,2010-09-25,https://www.jra.go.jp/datafile/seiseki/report/2010/4han.pdf,official_meeting_summary
201009040601,2010,阪神,4,6,1,2010-09-26,https://www.jra.go.jp/datafile/seiseki/report/2010/4han.pdf,official_meeting_summary
201009040602,2010,阪神,4,6,2,2010-09-26,https://www.jra.go.jp/datafile/seiseki/report/2010/4han.pdf,official_meeting_summary
201009040603,2010,阪神,4,6,3,2010-09-26,https://www.jra.go.jp/datafile/seiseki/report/2010/4han.pdf,official_meeting_summary
201009040604,2010,阪神,4,6,4,2010-09-26,https://www.jra.go.jp/datafile/seiseki/report/2010/4han.pdf,official_meeting_summary
201009040605,2010,阪神,4,6,5,2010-09-26,https://www.jra.go.jp/datafile/seiseki/report/2010/4han.pdf,official_meeting_summary
201009040606,2010,阪神,4,6,6,2010-09-26,https://www.jra.go.jp/datafile/seiseki/report/2010/4han.pdf,official_meeting_summary
201009040607,2010,阪神,4,6,7,2010-09-26,https://www.jra.go.jp/datafile/seiseki/report/2010/4han.pdf,official_meeting_summary
201009040608,2010,阪神,4,6,8,2010-09-26,https://www.jra.go.jp/datafile/seiseki/report/2010/4han.pdf,official_meeting_summary
201009040609,2010,阪神,4,6,9,2010-09-26,https://www.jra.go.jp/datafile/seiseki/report/2010/4han.pdf,official_meeting_summary
201009040610,2010,阪神,4,6,10,2010-09-26,https://www.jra.go.jp/datafile/seiseki/report/2010/4han.pdf,official_meeting_summary
201009040611,2010,阪神,4,6,11,2010-09-26,https://www.jra.go.jp/datafile/seiseki/report/2010/4han.pdf,official_meeting_summary
201009040612,2010,阪神,4,6,12,2010-09-26,https://www.jra.go.jp/datafile/seiseki/report/2010/4han.pdf,official_meeting_summary
201009040701,2010,阪神,4,7,1,2010-10-02,https://www.jra.go.jp/datafile/seiseki/report/2010/4han.pdf,official_meeting_summary
201009040702,2010,阪神,4,7,2,2010-10-02,https://www.jra.go.jp/datafile/seiseki/report/2010/4han.pdf,official_meeting_summary
201009040703,2010,阪神,4,7,3,2010-10-02,https://www.jra.go.jp/datafile/seiseki/report/2010/4han.pdf,official_meeting_summary
201009040704,2010,阪神,4,7,4,2010-10-02,https://www.jra.go.jp/datafile/seiseki/report/2010/4han.pdf,official_meeting_summary
201009040705,2010,阪神,4,7,5,2010-10-02,https://www.jra.go.jp/datafile/seiseki/report/2010/4han.pdf,official_meeting_summary
201009040706,2010,阪神,4,7,6,2010-10-02,https://www.jra.go.jp/datafile/seiseki/report/2010/4han.pdf,official_meeting_summary
201009040707,2010,阪神,4,7,7,2010-10-02,https://www.jra.go.jp/datafile/seiseki/report/2010/4han.pdf,official_meeting_summary
201009040708,2010,阪神,4,7,8,2010-10-02,https://www.jra.go.jp/datafile/seiseki/report/2010/4han.pdf,official_meeting_summary
201009040709,2010,阪神,4,7,9,2010-10-02,https://www.jra.go.jp/datafile/seiseki/report/2010/4han.pdf,official_meeting_summary
201009040710,2010,阪神,4,7,10,2010-10-02,https://www.jra.go.jp/datafile/seiseki/report/2010/4han.pdf,official_meeting_summary
201009040711,2010,阪神,4,7,11,2010-10-02,https://www.jra.go.jp/datafile/seiseki/report/2010/4han.pdf,official_meeting_summary
201009040712,2010,阪神,4,7,12,2010-10-02,https://www.jra.go.jp/datafile/seiseki/report/2010/4han.pdf,official_meeting_summary
201009040801,2010,阪神,4,8,1,2010-10-03,https://www.jra.go.jp/datafile/seiseki/report/2010/4han.pdf,official_meeting_summary
201009040802,2010,阪神,4,8,2,2010-10-03,https://www.jra.go.jp/datafile/seiseki/report/2010/4han.pdf,official_meeting_summary
201009040803,2010,阪神,4,8,3,2010-10-03,https://www.jra.go.jp/datafile/seiseki/report/2010/4han.pdf,official_meeting_summary
201009040804,2010,阪神,4,8,4,2010-10-03,https://www.jra.go.jp/datafile/seiseki/report/2010/4han.pdf,official_meeting_summary
201009040805,2010,阪神,4,8,5,2010-10-03,https://www.jra.go.jp/datafile/seiseki/report/2010/4han.pdf,official_meeting_summary
201009040806,2010,阪神,4,8,6,2010-10-03,https://www.jra.go.jp/datafile/seiseki/report/2010/4han.pdf,official_meeting_summary
201009040807,2010,阪神,4,8,7,2010-10-03,https://www.jra.go.jp/datafile/seiseki/report/2010/4han.pdf,official_meeting_summary
201009040808,2010,阪神,4,8,8,2010-10-03,https://www.jra.go.jp/datafile/seiseki/report/2010/4han.pdf,official_meeting_summary
201009040809,2010,阪神,4,8,9,2010-10-03,https://www.jra.go.jp/datafile/seiseki/report/2010/4han.pdf,official_meeting_summary
201009040810,2010,阪神,4,8,10,2010-10-03,https://www.jra.go.jp/datafile/seiseki/report/2010/4han.pdf,official_meeting_summary
201009040811,2010,阪神,4,8,11,2010-10-03,https://www.jra.go.jp/datafile/seiseki/report/2010/4han.pdf,official_meeting_summary
201009040812,2010,阪神,4,8,12,2010-10-03,https://www.jra.go.jp/datafile/seiseki/report/2010/4han.pdf,official_meeting_summary
201009050101,2010,阪神,5,1,1,2010-12-04,https://www.jra.go.jp/datafile/seiseki/report/2010/5han.pdf,official_meeting_summary
201009050102,2010,阪神,5,1,2,2010-12-04,https://www.jra.go.jp/datafile/seiseki/report/2010/5han.pdf,official_meeting_summary
201009050103,2010,阪神,5,1,3,2010-12-04,https://www.jra.go.jp/datafile/seiseki/report/2010/5han.pdf,official_meeting_summary
201009050104,2010,阪神,5,1,4,2010-12-04,https://www.jra.go.jp/datafile/seiseki/report/2010/5han.pdf,official_meeting_summary
201009050105,2010,阪神,5,1,5,2010-12-04,https://www.jra.go.jp/datafile/seiseki/report/2010/5han.pdf,official_meeting_summary
201009050106,2010,阪神,5,1,6,2010-12-04,https://www.jra.go.jp/datafile/seiseki/report/2010/5han.pdf,official_meeting_summary
201009050107,2010,阪神,5,1,7,2010-12-04,https://www.jra.go.jp/datafile/seiseki/report/2010/5han.pdf,official_meeting_summary
201009050108,2010,阪神,5,1,8,2010-12-04,https://www.jra.go.jp/datafile/seiseki/report/2010/5han.pdf,official_meeting_summary
201009050109,2010,阪神,5,1,9,2010-12-04,https://www.jra.go.jp/datafile/seiseki/report/2010/5han.pdf,official_meeting_summary
201009050110,2010,阪神,5,1,10,2010-12-04,https://www.jra.go.jp/datafile/seiseki/report/2010/5han.pdf,official_meeting_summary
201009050111,2010,阪神,5,1,11,2010-12-04,https://www.jra.go.jp/datafile/seiseki/report/2010/5han.pdf,official_meeting_summary
201009050112,2010,阪神,5,1,12,2010-12-04,https://www.jra.go.jp/datafile/seiseki/report/2010/5han.pdf,official_meeting_summary
201009050201,2010,阪神,5,2,1,2010-12-05,https://www.jra.go.jp/datafile/seiseki/report/2010/5han.pdf,official_meeting_summary
201009050202,2010,阪神,5,2,2,2010-12-05,https://www.jra.go.jp/datafile/seiseki/report/2010/5han.pdf,official_meeting_summary
201009050203,2010,阪神,5,2,3,2010-12-05,https://www.jra.go.jp/datafile/seiseki/report/2010/5han.pdf,official_meeting_summary
201009050204,2010,阪神,5,2,4,2010-12-05,https://www.jra.go.jp/datafile/seiseki/report/2010/5han.pdf,official_meeting_summary
201009050205,2010,阪神,5,2,5,2010-12-05,https://www.jra.go.jp/datafile/seiseki/report/2010/5han.pdf,official_meeting_summary
201009050206,2010,阪神,5,2,6,2010-12-05,https://www.jra.go.jp/datafile/seiseki/report/2010/5han.pdf,official_meeting_summary
201009050207,2010,阪神,5,2,7,2010-12-05,https://www.jra.go.jp/datafile/seiseki/report/2010/5han.pdf,official_meeting_summary
201009050208,2010,阪神,5,2,8,2010-12-05,https://www.jra.go.jp/datafile/seiseki/report/2010/5han.pdf,official_meeting_summary
201009050209,2010,阪神,5,2,9,2010-12-05,https://www.jra.go.jp/datafile/seiseki/report/2010/5han.pdf,official_meeting_summary
201009050210,2010,阪神,5,2,10,2010-12-05,https://www.jra.go.jp/datafile/seiseki/report/2010/5han.pdf,official_meeting_summary
201009050211,2010,阪神,5,2,11,2010-12-05,https://www.jra.go.jp/datafile/seiseki/report/2010/5han.pdf,official_meeting_summary
201009050212,2010,阪神,5,2,12,2010-12-05,https://www.jra.go.jp/datafile/seiseki/report/2010/5han.pdf,official_meeting_summary
201009050301,2010,阪神,5,3,1,2010-12-11,https://www.jra.go.jp/datafile/seiseki/report/2010/5han.pdf,official_meeting_summary
201009050302,2010,阪神,5,3,2,2010-12-11,https://www.jra.go.jp/datafile/seiseki/report/2010/5han.pdf,official_meeting_summary
201009050303,2010,阪神,5,3,3,2010-12-11,https://www.jra.go.jp/datafile/seiseki/report/2010/5han.pdf,official_meeting_summary
201009050304,2010,阪神,5,3,4,2010-12-11,https://www.jra.go.jp/datafile/seiseki/report/2010/5han.pdf,official_meeting_summary
201009050305,2010,阪神,5,3,5,2010-12-11,https://www.jra.go.jp/datafile/seiseki/report/2010/5han.pdf,official_meeting_summary
201009050306,2010,阪神,5,3,6,2010-12-11,https://www.jra.go.jp/datafile/seiseki/report/2010/5han.pdf,official_meeting_summary
201009050307,2010,阪神,5,3,7,2010-12-11,https://www.jra.go.jp/datafile/seiseki/report/2010/5han.pdf,official_meeting_summary
201009050308,2010,阪神,5,3,8,2010-12-11,https://www.jra.go.jp/datafile/seiseki/report/2010/5han.pdf,official_meeting_summary
201009050309,2010,阪神,5,3,9,2010-12-11,https://www.jra.go.jp/datafile/seiseki/report/2010/5han.pdf,official_meeting_summary
201009050310,2010,阪神,5,3,10,2010-12-11,https://www.jra.go.jp/datafile/seiseki/report/2010/5han.pdf,official_meeting_summary
201009050311,2010,阪神,5,3,11,2010-12-11,https://www.jra.go.jp/datafile/seiseki/report/2010/5han.pdf,official_meeting_summary
201009050312,2010,阪神,5,3,12,2010-12-11,https://www.jra.go.jp/datafile/seiseki/report/2010/5han.pdf,official_meeting_summary
201009050401,2010,阪神,5,4,1,2010-12-12,https://www.jra.go.jp/datafile/seiseki/report/2010/5han.pdf,official_meeting_summary
201009050402,2010,阪神,5,4,2,2010-12-12,https://www.jra.go.jp/datafile/seiseki/report/2010/5han.pdf,official_meeting_summary
201009050403,2010,阪神,5,4,3,2010-12-12,https://www.jra.go.jp/datafile/seiseki/report/2010/5han.pdf,official_meeting_summary
201009050404,2010,阪神,5,4,4,2010-12-12,https://www.jra.go.jp/datafile/seiseki/report/2010/5han.pdf,official_meeting_summary
201009050405,2010,阪神,5,4,5,2010-12-12,https://www.jra.go.jp/datafile/seiseki/report/2010/5han.pdf,official_meeting_summary
201009050406,2010,阪神,5,4,6,2010-12-12,https://www.jra.go.jp/datafile/seiseki/report/2010/5han.pdf,official_meeting_summary
201009050407,2010,阪神,5,4,7,2010-12-12,https://www.jra.go.jp/datafile/seiseki/report/2010/5han.pdf,official_meeting_summary
201009050408,2010,阪神,5,4,8,2010-12-12,https://www.jra.go.jp/datafile/seiseki/report/2010/5han.pdf,official_meeting_summary
201009050409,2010,阪神,5,4,9,2010-12-12,https://www.jra.go.jp/datafile/seiseki/report/2010/5han.pdf,official_meeting_summary
201009050410,2010,阪神,5,4,10,2010-12-12,https://www.jra.go.jp/datafile/seiseki/report/2010/5han.pdf,official_meeting_summary
201009050411,2010,阪神,5,4,11,2010-12-12,https://www.jra.go.jp/datafile/seiseki/report/2010/5han.pdf,official_meeting_summary
201009050412,2010,阪神,5,4,12,2010-12-12,https://www.jra.go.jp/datafile/seiseki/report/2010/5han.pdf,official_meeting_summary
201009050501,2010,阪神,5,5,1,2010-12-18,https://www.jra.go.jp/datafile/seiseki/report/2010/5han.pdf,official_meeting_summary
201009050502,2010,阪神,5,5,2,2010-12-18,https://www.jra.go.jp/datafile/seiseki/report/2010/5han.pdf,official_meeting_summary
201009050503,2010,阪神,5,5,3,2010-12-18,https://www.jra.go.jp/datafile/seiseki/report/2010/5han.pdf,official_meeting_summary
201009050504,2010,阪神,5,5,4,2010-12-18,https://www.jra.go.jp/datafile/seiseki/report/2010/5han.pdf,official_meeting_summary
201009050505,2010,阪神,5,5,5,2010-12-18,https://www.jra.go.jp/datafile/seiseki/report/2010/5han.pdf,official_meeting_summary
201009050506,2010,阪神,5,5,6,2010-12-18,https://www.jra.go.jp/datafile/seiseki/report/2010/5han.pdf,official_meeting_summary
201009050507,2010,阪神,5,5,7,2010-12-18,https://www.jra.go.jp/datafile/seiseki/report/2010/5han.pdf,official_meeting_summary
201009050508,2010,阪神,5,5,8,2010-12-18,https://www.jra.go.jp/datafile/seiseki/report/2010/5han.pdf,official_meeting_summary
201009050509,2010,阪神,5,5,9,2010-12-18,https://www.jra.go.jp/datafile/seiseki/report/2010/5han.pdf,official_meeting_summary
201009050510,2010,阪神,5,5,10,2010-12-18,https://www.jra.go.jp/datafile/seiseki/report/2010/5han.pdf,official_meeting_summary
201009050511,2010,阪神,5,5,11,2010-12-18,https://www.jra.go.jp/datafile/seiseki/report/2010/5han.pdf,official_meeting_summary
201009050512,2010,阪神,5,5,12,2010-12-18,https://www.jra.go.jp/datafile/seiseki/report/2010/5han.pdf,official_meeting_summary
201009050601,2010,阪神,5,6,1,2010-12-19,https://www.jra.go.jp/datafile/seiseki/report/2010/5han.pdf,official_meeting_summary
201009050602,2010,阪神,5,6,2,2010-12-19,https://www.jra.go.jp/datafile/seiseki/report/2010/5han.pdf,official_meeting_summary
201009050603,2010,阪神,5,6,3,2010-12-19,https://www.jra.go.jp/datafile/seiseki/report/2010/5han.pdf,official_meeting_summary
201009050604,2010,阪神,5,6,4,2010-12-19,https://www.jra.go.jp/datafile/seiseki/report/2010/5han.pdf,official_meeting_summary
201009050605,2010,阪神,5,6,5,2010-12-19,https://www.jra.go.jp/datafile/seiseki/report/2010/5han.pdf,official_meeting_summary
201009050606,2010,阪神,5,6,6,2010-12-19,https://www.jra.go.jp/datafile/seiseki/report/2010/5han.pdf,official_meeting_summary
201009050607,2010,阪神,5,6,7,2010-12-19,https://www.jra.go.jp/datafile/seiseki/report/2010/5han.pdf,official_meeting_summary
201009050608,2010,阪神,5,6,8,2010-12-19,https://www.jra.go.jp/datafile/seiseki/report/2010/5han.pdf,official_meeting_summary
201009050609,2010,阪神,5,6,9,2010-12-19,https://www.jra.go.jp/datafile/seiseki/report/2010/5han.pdf,official_meeting_summary
201009050610,2010,阪神,5,6,10,2010-12-19,https://www.jra.go.jp/datafile/seiseki/report/2010/5han.pdf,official_meeting_summary
201009050611,2010,阪神,5,6,11,2010-12-19,https://www.jra.go.jp/datafile/seiseki/report/2010/5han.pdf,official_meeting_summary
201009050612,2010,阪神,5,6,12,2010-12-19,https://www.jra.go.jp/datafile/seiseki/report/2010/5han.pdf,official_meeting_summary
201009050701,2010,阪神,5,7,1,2010-12-25,https://www.jra.go.jp/datafile/seiseki/report/2010/5han.pdf,official_meeting_summary
201009050702,2010,阪神,5,7,2,2010-12-25,https://www.jra.go.jp/datafile/seiseki/report/2010/5han.pdf,official_meeting_summary
201009050703,2010,阪神,5,7,3,2010-12-25,https://www.jra.go.jp/datafile/seiseki/report/2010/5han.pdf,official_meeting_summary
201009050704,2010,阪神,5,7,4,2010-12-25,https://www.jra.go.jp/datafile/seiseki/report/2010/5han.pdf,official_meeting_summary
201009050705,2010,阪神,5,7,5,2010-12-25,https://www.jra.go.jp/datafile/seiseki/report/2010/5han.pdf,official_meeting_summary
201009050706,2010,阪神,5,7,6,2010-12-25,https://www.jra.go.jp/datafile/seiseki/report/2010/5han.pdf,official_meeting_summary
201009050707,2010,阪神,5,7,7,2010-12-25,https://www.jra.go.jp/datafile/seiseki/report/2010/5han.pdf,official_meeting_summary
201009050708,2010,阪神,5,7,8,2010-12-25,https://www.jra.go.jp/datafile/seiseki/report/2010/5han.pdf,official_meeting_summary
201009050709,2010,阪神,5,7,9,2010-12-25,https://www.jra.go.jp/datafile/seiseki/report/2010/5han.pdf,official_meeting_summary
201009050710,2010,阪神,5,7,10,2010-12-25,https://www.jra.go.jp/datafile/seiseki/report/2010/5han.pdf,official_meeting_summary
201009050711,2010,阪神,5,7,11,2010-12-25,https://www.jra.go.jp/datafile/seiseki/report/2010/5han.pdf,official_meeting_summary
201009050712,2010,阪神,5,7,12,2010-12-25,https://www.jra.go.jp/datafile/seiseki/report/2010/5han.pdf,official_meeting_summary
201009050801,2010,阪神,5,8,1,2010-12-26,https://www.jra.go.jp/datafile/seiseki/report/2010/5han.pdf,official_meeting_summary
201009050802,2010,阪神,5,8,2,2010-12-26,https://www.jra.go.jp/datafile/seiseki/report/2010/5han.pdf,official_meeting_summary
201009050803,2010,阪神,5,8,3,2010-12-26,https://www.jra.go.jp/datafile/seiseki/report/2010/5han.pdf,official_meeting_summary
201009050804,2010,阪神,5,8,4,2010-12-26,https://www.jra.go.jp/datafile/seiseki/report/2010/5han.pdf,official_meeting_summary
201009050805,2010,阪神,5,8,5,2010-12-26,https://www.jra.go.jp/datafile/seiseki/report/2010/5han.pdf,official_meeting_summary
201009050806,2010,阪神,5,8,6,2010-12-26,https://www.jra.go.jp/datafile/seiseki/report/2010/5han.pdf,official_meeting_summary
201009050807,2010,阪神,5,8,7,2010-12-26,https://www.jra.go.jp/datafile/seiseki/report/2010/5han.pdf,official_meeting_summary
201009050808,2010,阪神,5,8,8,2010-12-26,https://www.jra.go.jp/datafile/seiseki/report/2010/5han.pdf,official_meeting_summary
201009050809,2010,阪神,5,8,9,2010-12-26,https://www.jra.go.jp/datafile/seiseki/report/2010/5han.pdf,official_meeting_summary
201009050810,2010,阪神,5,8,10,2010-12-26,https://www.jra.go.jp/datafile/seiseki/report/2010/5han.pdf,official_meeting_summary
201009050811,2010,阪神,5,8,11,2010-12-26,https://www.jra.go.jp/datafile/seiseki/report/2010/5han.pdf,official_meeting_summary
201009050812,2010,阪神,5,8,12,2010-12-26,https://www.jra.go.jp/datafile/seiseki/report/2010/5han.pdf,official_meeting_summary
201010010101,2010,小倉,1,1,1,2010-07-17,https://www.jra.go.jp/datafile/seiseki/report/2010/1koku.pdf,official_meeting_summary
201010010102,2010,小倉,1,1,2,2010-07-17,https://www.jra.go.jp/datafile/seiseki/report/2010/1koku.pdf,official_meeting_summary
201010010103,2010,小倉,1,1,3,2010-07-17,https://www.jra.go.jp/datafile/seiseki/report/2010/1koku.pdf,official_meeting_summary
201010010104,2010,小倉,1,1,4,2010-07-17,https://www.jra.go.jp/datafile/seiseki/report/2010/1koku.pdf,official_meeting_summary
201010010105,2010,小倉,1,1,5,2010-07-17,https://www.jra.go.jp/datafile/seiseki/report/2010/1koku.pdf,official_meeting_summary
201010010106,2010,小倉,1,1,6,2010-07-17,https://www.jra.go.jp/datafile/seiseki/report/2010/1koku.pdf,official_meeting_summary
201010010107,2010,小倉,1,1,7,2010-07-17,https://www.jra.go.jp/datafile/seiseki/report/2010/1koku.pdf,official_meeting_summary
201010010108,2010,小倉,1,1,8,2010-07-17,https://www.jra.go.jp/datafile/seiseki/report/2010/1koku.pdf,official_meeting_summary
201010010109,2010,小倉,1,1,9,2010-07-17,https://www.jra.go.jp/datafile/seiseki/report/2010/1koku.pdf,official_meeting_summary
201010010110,2010,小倉,1,1,10,2010-07-17,https://www.jra.go.jp/datafile/seiseki/report/2010/1koku.pdf,official_meeting_summary
201010010111,2010,小倉,1,1,11,2010-07-17,https://www.jra.go.jp/datafile/seiseki/report/2010/1koku.pdf,official_meeting_summary
201010010112,2010,小倉,1,1,12,2010-07-17,https://www.jra.go.jp/datafile/seiseki/report/2010/1koku.pdf,official_meeting_summary
201010010201,2010,小倉,1,2,1,2010-07-18,https://www.jra.go.jp/datafile/seiseki/report/2010/1koku.pdf,official_meeting_summary
201010010202,2010,小倉,1,2,2,2010-07-18,https://www.jra.go.jp/datafile/seiseki/report/2010/1koku.pdf,official_meeting_summary
201010010203,2010,小倉,1,2,3,2010-07-18,https://www.jra.go.jp/datafile/seiseki/report/2010/1koku.pdf,official_meeting_summary
201010010204,2010,小倉,1,2,4,2010-07-18,https://www.jra.go.jp/datafile/seiseki/report/2010/1koku.pdf,official_meeting_summary
201010010205,2010,小倉,1,2,5,2010-07-18,https://www.jra.go.jp/datafile/seiseki/report/2010/1koku.pdf,official_meeting_summary
201010010206,2010,小倉,1,2,6,2010-07-18,https://www.jra.go.jp/datafile/seiseki/report/2010/1koku.pdf,official_meeting_summary
201010010207,2010,小倉,1,2,7,2010-07-18,https://www.jra.go.jp/datafile/seiseki/report/2010/1koku.pdf,official_meeting_summary
201010010208,2010,小倉,1,2,8,2010-07-18,https://www.jra.go.jp/datafile/seiseki/report/2010/1koku.pdf,official_meeting_summary
201010010209,2010,小倉,1,2,9,2010-07-18,https://www.jra.go.jp/datafile/seiseki/report/2010/1koku.pdf,official_meeting_summary
201010010210,2010,小倉,1,2,10,2010-07-18,https://www.jra.go.jp/datafile/seiseki/report/2010/1koku.pdf,official_meeting_summary
201010010211,2010,小倉,1,2,11,2010-07-18,https://www.jra.go.jp/datafile/seiseki/report/2010/1koku.pdf,official_meeting_summary
201010010212,2010,小倉,1,2,12,2010-07-18,https://www.jra.go.jp/datafile/seiseki/report/2010/1koku.pdf,official_meeting_summary
201010010301,2010,小倉,1,3,1,2010-07-24,https://www.jra.go.jp/datafile/seiseki/report/2010/1koku.pdf,official_meeting_summary
201010010302,2010,小倉,1,3,2,2010-07-24,https://www.jra.go.jp/datafile/seiseki/report/2010/1koku.pdf,official_meeting_summary
201010010303,2010,小倉,1,3,3,2010-07-24,https://www.jra.go.jp/datafile/seiseki/report/2010/1koku.pdf,official_meeting_summary
201010010304,2010,小倉,1,3,4,2010-07-24,https://www.jra.go.jp/datafile/seiseki/report/2010/1koku.pdf,official_meeting_summary
201010010305,2010,小倉,1,3,5,2010-07-24,https://www.jra.go.jp/datafile/seiseki/report/2010/1koku.pdf,official_meeting_summary
201010010306,2010,小倉,1,3,6,2010-07-24,https://www.jra.go.jp/datafile/seiseki/report/2010/1koku.pdf,official_meeting_summary
201010010307,2010,小倉,1,3,7,2010-07-24,https://www.jra.go.jp/datafile/seiseki/report/2010/1koku.pdf,official_meeting_summary
201010010308,2010,小倉,1,3,8,2010-07-24,https://www.jra.go.jp/datafile/seiseki/report/2010/1koku.pdf,official_meeting_summary
201010010309,2010,小倉,1,3,9,2010-07-24,https://www.jra.go.jp/datafile/seiseki/report/2010/1koku.pdf,official_meeting_summary
201010010310,2010,小倉,1,3,10,2010-07-24,https://www.jra.go.jp/datafile/seiseki/report/2010/1koku.pdf,official_meeting_summary
201010010311,2010,小倉,1,3,11,2010-07-24,https://www.jra.go.jp/datafile/seiseki/report/2010/1koku.pdf,official_meeting_summary
201010010312,2010,小倉,1,3,12,2010-07-24,https://www.jra.go.jp/datafile/seiseki/report/2010/1koku.pdf,official_meeting_summary
201010010401,2010,小倉,1,4,1,2010-07-25,https://www.jra.go.jp/datafile/seiseki/report/2010/1koku.pdf,official_meeting_summary
201010010402,2010,小倉,1,4,2,2010-07-25,https://www.jra.go.jp/datafile/seiseki/report/2010/1koku.pdf,official_meeting_summary
201010010403,2010,小倉,1,4,3,2010-07-25,https://www.jra.go.jp/datafile/seiseki/report/2010/1koku.pdf,official_meeting_summary
201010010404,2010,小倉,1,4,4,2010-07-25,https://www.jra.go.jp/datafile/seiseki/report/2010/1koku.pdf,official_meeting_summary
201010010405,2010,小倉,1,4,5,2010-07-25,https://www.jra.go.jp/datafile/seiseki/report/2010/1koku.pdf,official_meeting_summary
201010010406,2010,小倉,1,4,6,2010-07-25,https://www.jra.go.jp/datafile/seiseki/report/2010/1koku.pdf,official_meeting_summary
201010010407,2010,小倉,1,4,7,2010-07-25,https://www.jra.go.jp/datafile/seiseki/report/2010/1koku.pdf,official_meeting_summary
201010010408,2010,小倉,1,4,8,2010-07-25,https://www.jra.go.jp/datafile/seiseki/report/2010/1koku.pdf,official_meeting_summary
201010010409,2010,小倉,1,4,9,2010-07-25,https://www.jra.go.jp/datafile/seiseki/report/2010/1koku.pdf,official_meeting_summary
201010010410,2010,小倉,1,4,10,2010-07-25,https://www.jra.go.jp/datafile/seiseki/report/2010/1koku.pdf,official_meeting_summary
201010010411,2010,小倉,1,4,11,2010-07-25,https://www.jra.go.jp/datafile/seiseki/report/2010/1koku.pdf,official_meeting_summary
201010010412,2010,小倉,1,4,12,2010-07-25,https://www.jra.go.jp/datafile/seiseki/report/2010/1koku.pdf,official_meeting_summary
201010010501,2010,小倉,1,5,1,2010-07-31,https://www.jra.go.jp/datafile/seiseki/report/2010/1koku.pdf,official_meeting_summary
201010010502,2010,小倉,1,5,2,2010-07-31,https://www.jra.go.jp/datafile/seiseki/report/2010/1koku.pdf,official_meeting_summary
201010010503,2010,小倉,1,5,3,2010-07-31,https://www.jra.go.jp/datafile/seiseki/report/2010/1koku.pdf,official_meeting_summary
201010010504,2010,小倉,1,5,4,2010-07-31,https://www.jra.go.jp/datafile/seiseki/report/2010/1koku.pdf,official_meeting_summary
201010010505,2010,小倉,1,5,5,2010-07-31,https://www.jra.go.jp/datafile/seiseki/report/2010/1koku.pdf,official_meeting_summary
201010010506,2010,小倉,1,5,6,2010-07-31,https://www.jra.go.jp/datafile/seiseki/report/2010/1koku.pdf,official_meeting_summary
201010010507,2010,小倉,1,5,7,2010-07-31,https://www.jra.go.jp/datafile/seiseki/report/2010/1koku.pdf,official_meeting_summary
201010010508,2010,小倉,1,5,8,2010-07-31,https://www.jra.go.jp/datafile/seiseki/report/2010/1koku.pdf,official_meeting_summary
201010010509,2010,小倉,1,5,9,2010-07-31,https://www.jra.go.jp/datafile/seiseki/report/2010/1koku.pdf,official_meeting_summary
201010010510,2010,小倉,1,5,10,2010-07-31,https://www.jra.go.jp/datafile/seiseki/report/2010/1koku.pdf,official_meeting_summary
201010010511,2010,小倉,1,5,11,2010-07-31,https://www.jra.go.jp/datafile/seiseki/report/2010/1koku.pdf,official_meeting_summary
201010010512,2010,小倉,1,5,12,2010-07-31,https://www.jra.go.jp/datafile/seiseki/report/2010/1koku.pdf,official_meeting_summary
201010010601,2010,小倉,1,6,1,2010-08-01,https://www.jra.go.jp/datafile/seiseki/report/2010/1koku.pdf,official_meeting_summary
201010010602,2010,小倉,1,6,2,2010-08-01,https://www.jra.go.jp/datafile/seiseki/report/2010/1koku.pdf,official_meeting_summary
201010010603,2010,小倉,1,6,3,2010-08-01,https://www.jra.go.jp/datafile/seiseki/report/2010/1koku.pdf,official_meeting_summary
201010010604,2010,小倉,1,6,4,2010-08-01,https://www.jra.go.jp/datafile/seiseki/report/2010/1koku.pdf,official_meeting_summary
201010010605,2010,小倉,1,6,5,2010-08-01,https://www.jra.go.jp/datafile/seiseki/report/2010/1koku.pdf,official_meeting_summary
201010010606,2010,小倉,1,6,6,2010-08-01,https://www.jra.go.jp/datafile/seiseki/report/2010/1koku.pdf,official_meeting_summary
201010010607,2010,小倉,1,6,7,2010-08-01,https://www.jra.go.jp/datafile/seiseki/report/2010/1koku.pdf,official_meeting_summary
201010010608,2010,小倉,1,6,8,2010-08-01,https://www.jra.go.jp/datafile/seiseki/report/2010/1koku.pdf,official_meeting_summary
201010010609,2010,小倉,1,6,9,2010-08-01,https://www.jra.go.jp/datafile/seiseki/report/2010/1koku.pdf,official_meeting_summary
201010010610,2010,小倉,1,6,10,2010-08-01,https://www.jra.go.jp/datafile/seiseki/report/2010/1koku.pdf,official_meeting_summary
201010010611,2010,小倉,1,6,11,2010-08-01,https://www.jra.go.jp/datafile/seiseki/report/2010/1koku.pdf,official_meeting_summary
201010010612,2010,小倉,1,6,12,2010-08-01,https://www.jra.go.jp/datafile/seiseki/report/2010/1koku.pdf,official_meeting_summary
201010010701,2010,小倉,1,7,1,2010-08-07,https://www.jra.go.jp/datafile/seiseki/report/2010/1koku.pdf,official_meeting_summary
201010010702,2010,小倉,1,7,2,2010-08-07,https://www.jra.go.jp/datafile/seiseki/report/2010/1koku.pdf,official_meeting_summary
201010010703,2010,小倉,1,7,3,2010-08-07,https://www.jra.go.jp/datafile/seiseki/report/2010/1koku.pdf,official_meeting_summary
201010010704,2010,小倉,1,7,4,2010-08-07,https://www.jra.go.jp/datafile/seiseki/report/2010/1koku.pdf,official_meeting_summary
201010010705,2010,小倉,1,7,5,2010-08-07,https://www.jra.go.jp/datafile/seiseki/report/2010/1koku.pdf,official_meeting_summary
201010010706,2010,小倉,1,7,6,2010-08-07,https://www.jra.go.jp/datafile/seiseki/report/2010/1koku.pdf,official_meeting_summary
201010010707,2010,小倉,1,7,7,2010-08-07,https://www.jra.go.jp/datafile/seiseki/report/2010/1koku.pdf,official_meeting_summary
201010010708,2010,小倉,1,7,8,2010-08-07,https://www.jra.go.jp/datafile/seiseki/report/2010/1koku.pdf,official_meeting_summary
201010010709,2010,小倉,1,7,9,2010-08-07,https://www.jra.go.jp/datafile/seiseki/report/2010/1koku.pdf,official_meeting_summary
201010010710,2010,小倉,1,7,10,2010-08-07,https://www.jra.go.jp/datafile/seiseki/report/2010/1koku.pdf,official_meeting_summary
201010010711,2010,小倉,1,7,11,2010-08-07,https://www.jra.go.jp/datafile/seiseki/report/2010/1koku.pdf,official_meeting_summary
201010010712,2010,小倉,1,7,12,2010-08-07,https://www.jra.go.jp/datafile/seiseki/report/2010/1koku.pdf,official_meeting_summary
201010010801,2010,小倉,1,8,1,2010-08-08,https://www.jra.go.jp/datafile/seiseki/report/2010/1koku.pdf,official_meeting_summary
201010010802,2010,小倉,1,8,2,2010-08-08,https://www.jra.go.jp/datafile/seiseki/report/2010/1koku.pdf,official_meeting_summary
201010010803,2010,小倉,1,8,3,2010-08-08,https://www.jra.go.jp/datafile/seiseki/report/2010/1koku.pdf,official_meeting_summary
201010010804,2010,小倉,1,8,4,2010-08-08,https://www.jra.go.jp/datafile/seiseki/report/2010/1koku.pdf,official_meeting_summary
201010010805,2010,小倉,1,8,5,2010-08-08,https://www.jra.go.jp/datafile/seiseki/report/2010/1koku.pdf,official_meeting_summary
201010010806,2010,小倉,1,8,6,2010-08-08,https://www.jra.go.jp/datafile/seiseki/report/2010/1koku.pdf,official_meeting_summary
201010010807,2010,小倉,1,8,7,2010-08-08,https://www.jra.go.jp/datafile/seiseki/report/2010/1koku.pdf,official_meeting_summary
201010010808,2010,小倉,1,8,8,2010-08-08,https://www.jra.go.jp/datafile/seiseki/report/2010/1koku.pdf,official_meeting_summary
201010010809,2010,小倉,1,8,9,2010-08-08,https://www.jra.go.jp/datafile/seiseki/report/2010/1koku.pdf,official_meeting_summary
201010010810,2010,小倉,1,8,10,2010-08-08,https://www.jra.go.jp/datafile/seiseki/report/2010/1koku.pdf,official_meeting_summary
201010010811,2010,小倉,1,8,11,2010-08-08,https://www.jra.go.jp/datafile/seiseki/report/2010/1koku.pdf,official_meeting_summary
201010010812,2010,小倉,1,8,12,2010-08-08,https://www.jra.go.jp/datafile/seiseki/report/2010/1koku.pdf,official_meeting_summary
201010020101,2010,小倉,2,1,1,2010-08-14,https://www.jra.go.jp/datafile/seiseki/report/2010/2koku.pdf,official_meeting_summary
201010020102,2010,小倉,2,1,2,2010-08-14,https://www.jra.go.jp/datafile/seiseki/report/2010/2koku.pdf,official_meeting_summary
201010020103,2010,小倉,2,1,3,2010-08-14,https://www.jra.go.jp/datafile/seiseki/report/2010/2koku.pdf,official_meeting_summary
201010020104,2010,小倉,2,1,4,2010-08-14,https://www.jra.go.jp/datafile/seiseki/report/2010/2koku.pdf,official_meeting_summary
201010020105,2010,小倉,2,1,5,2010-08-14,https://www.jra.go.jp/datafile/seiseki/report/2010/2koku.pdf,official_meeting_summary
201010020106,2010,小倉,2,1,6,2010-08-14,https://www.jra.go.jp/datafile/seiseki/report/2010/2koku.pdf,official_meeting_summary
201010020107,2010,小倉,2,1,7,2010-08-14,https://www.jra.go.jp/datafile/seiseki/report/2010/2koku.pdf,official_meeting_summary
201010020108,2010,小倉,2,1,8,2010-08-14,https://www.jra.go.jp/datafile/seiseki/report/2010/2koku.pdf,official_meeting_summary
201010020109,2010,小倉,2,1,9,2010-08-14,https://www.jra.go.jp/datafile/seiseki/report/2010/2koku.pdf,official_meeting_summary
201010020110,2010,小倉,2,1,10,2010-08-14,https://www.jra.go.jp/datafile/seiseki/report/2010/2koku.pdf,official_meeting_summary
201010020111,2010,小倉,2,1,11,2010-08-14,https://www.jra.go.jp/datafile/seiseki/report/2010/2koku.pdf,official_meeting_summary
201010020112,2010,小倉,2,1,12,2010-08-14,https://www.jra.go.jp/datafile/seiseki/report/2010/2koku.pdf,official_meeting_summary
201010020201,2010,小倉,2,2,1,2010-08-15,https://www.jra.go.jp/datafile/seiseki/report/2010/2koku.pdf,official_meeting_summary
201010020202,2010,小倉,2,2,2,2010-08-15,https://www.jra.go.jp/datafile/seiseki/report/2010/2koku.pdf,official_meeting_summary
201010020203,2010,小倉,2,2,3,2010-08-15,https://www.jra.go.jp/datafile/seiseki/report/2010/2koku.pdf,official_meeting_summary
201010020204,2010,小倉,2,2,4,2010-08-15,https://www.jra.go.jp/datafile/seiseki/report/2010/2koku.pdf,official_meeting_summary
201010020205,2010,小倉,2,2,5,2010-08-15,https://www.jra.go.jp/datafile/seiseki/report/2010/2koku.pdf,official_meeting_summary
201010020206,2010,小倉,2,2,6,2010-08-15,https://www.jra.go.jp/datafile/seiseki/report/2010/2koku.pdf,official_meeting_summary
201010020207,2010,小倉,2,2,7,2010-08-15,https://www.jra.go.jp/datafile/seiseki/report/2010/2koku.pdf,official_meeting_summary
201010020208,2010,小倉,2,2,8,2010-08-15,https://www.jra.go.jp/datafile/seiseki/report/2010/2koku.pdf,official_meeting_summary
201010020209,2010,小倉,2,2,9,2010-08-15,https://www.jra.go.jp/datafile/seiseki/report/2010/2koku.pdf,official_meeting_summary
201010020210,2010,小倉,2,2,10,2010-08-15,https://www.jra.go.jp/datafile/seiseki/report/2010/2koku.pdf,official_meeting_summary
201010020211,2010,小倉,2,2,11,2010-08-15,https://www.jra.go.jp/datafile/seiseki/report/2010/2koku.pdf,official_meeting_summary
201010020212,2010,小倉,2,2,12,2010-08-15,https://www.jra.go.jp/datafile/seiseki/report/2010/2koku.pdf,official_meeting_summary
201010020301,2010,小倉,2,3,1,2010-08-21,https://www.jra.go.jp/datafile/seiseki/report/2010/2koku.pdf,official_meeting_summary
201010020302,2010,小倉,2,3,2,2010-08-21,https://www.jra.go.jp/datafile/seiseki/report/2010/2koku.pdf,official_meeting_summary
201010020303,2010,小倉,2,3,3,2010-08-21,https://www.jra.go.jp/datafile/seiseki/report/2010/2koku.pdf,official_meeting_summary
201010020304,2010,小倉,2,3,4,2010-08-21,https://www.jra.go.jp/datafile/seiseki/report/2010/2koku.pdf,official_meeting_summary
201010020305,2010,小倉,2,3,5,2010-08-21,https://www.jra.go.jp/datafile/seiseki/report/2010/2koku.pdf,official_meeting_summary
201010020306,2010,小倉,2,3,6,2010-08-21,https://www.jra.go.jp/datafile/seiseki/report/2010/2koku.pdf,official_meeting_summary
201010020307,2010,小倉,2,3,7,2010-08-21,https://www.jra.go.jp/datafile/seiseki/report/2010/2koku.pdf,official_meeting_summary
201010020308,2010,小倉,2,3,8,2010-08-21,https://www.jra.go.jp/datafile/seiseki/report/2010/2koku.pdf,official_meeting_summary
201010020309,2010,小倉,2,3,9,2010-08-21,https://www.jra.go.jp/datafile/seiseki/report/2010/2koku.pdf,official_meeting_summary
201010020310,2010,小倉,2,3,10,2010-08-21,https://www.jra.go.jp/datafile/seiseki/report/2010/2koku.pdf,official_meeting_summary
201010020311,2010,小倉,2,3,11,2010-08-21,https://www.jra.go.jp/datafile/seiseki/report/2010/2koku.pdf,official_meeting_summary
201010020312,2010,小倉,2,3,12,2010-08-21,https://www.jra.go.jp/datafile/seiseki/report/2010/2koku.pdf,official_meeting_summary
201010020401,2010,小倉,2,4,1,2010-08-22,https://www.jra.go.jp/datafile/seiseki/report/2010/2koku.pdf,official_meeting_summary
201010020402,2010,小倉,2,4,2,2010-08-22,https://www.jra.go.jp/datafile/seiseki/report/2010/2koku.pdf,official_meeting_summary
201010020403,2010,小倉,2,4,3,2010-08-22,https://www.jra.go.jp/datafile/seiseki/report/2010/2koku.pdf,official_meeting_summary
201010020404,2010,小倉,2,4,4,2010-08-22,https://www.jra.go.jp/datafile/seiseki/report/2010/2koku.pdf,official_meeting_summary
201010020405,2010,小倉,2,4,5,2010-08-22,https://www.jra.go.jp/datafile/seiseki/report/2010/2koku.pdf,official_meeting_summary
201010020406,2010,小倉,2,4,6,2010-08-22,https://www.jra.go.jp/datafile/seiseki/report/2010/2koku.pdf,official_meeting_summary
201010020407,2010,小倉,2,4,7,2010-08-22,https://www.jra.go.jp/datafile/seiseki/report/2010/2koku.pdf,official_meeting_summary
201010020408,2010,小倉,2,4,8,2010-08-22,https://www.jra.go.jp/datafile/seiseki/report/2010/2koku.pdf,official_meeting_summary
201010020409,2010,小倉,2,4,9,2010-08-22,https://www.jra.go.jp/datafile/seiseki/report/2010/2koku.pdf,official_meeting_summary
201010020410,2010,小倉,2,4,10,2010-08-22,https://www.jra.go.jp/datafile/seiseki/report/2010/2koku.pdf,official_meeting_summary
201010020411,2010,小倉,2,4,11,2010-08-22,https://www.jra.go.jp/datafile/seiseki/report/2010/2koku.pdf,official_meeting_summary
201010020412,2010,小倉,2,4,12,2010-08-22,https://www.jra.go.jp/datafile/seiseki/report/2010/2koku.pdf,official_meeting_summary
201010020501,2010,小倉,2,5,1,2010-08-28,https://www.jra.go.jp/datafile/seiseki/report/2010/2koku.pdf,official_meeting_summary
201010020502,2010,小倉,2,5,2,2010-08-28,https://www.jra.go.jp/datafile/seiseki/report/2010/2koku.pdf,official_meeting_summary
201010020503,2010,小倉,2,5,3,2010-08-28,https://www.jra.go.jp/datafile/seiseki/report/2010/2koku.pdf,official_meeting_summary
201010020504,2010,小倉,2,5,4,2010-08-28,https://www.jra.go.jp/datafile/seiseki/report/2010/2koku.pdf,official_meeting_summary
201010020505,2010,小倉,2,5,5,2010-08-28,https://www.jra.go.jp/datafile/seiseki/report/2010/2koku.pdf,official_meeting_summary
201010020506,2010,小倉,2,5,6,2010-08-28,https://www.jra.go.jp/datafile/seiseki/report/2010/2koku.pdf,official_meeting_summary
201010020507,2010,小倉,2,5,7,2010-08-28,https://www.jra.go.jp/datafile/seiseki/report/2010/2koku.pdf,official_meeting_summary
201010020508,2010,小倉,2,5,8,2010-08-28,https://www.jra.go.jp/datafile/seiseki/report/2010/2koku.pdf,official_meeting_summary
201010020509,2010,小倉,2,5,9,2010-08-28,https://www.jra.go.jp/datafile/seiseki/report/2010/2koku.pdf,official_meeting_summary
201010020510,2010,小倉,2,5,10,2010-08-28,https://www.jra.go.jp/datafile/seiseki/report/2010/2koku.pdf,official_meeting_summary
201010020511,2010,小倉,2,5,11,2010-08-28,https://www.jra.go.jp/datafile/seiseki/report/2010/2koku.pdf,official_meeting_summary
201010020512,2010,小倉,2,5,12,2010-08-28,https://www.jra.go.jp/datafile/seiseki/report/2010/2koku.pdf,official_meeting_summary
201010020601,2010,小倉,2,6,1,2010-08-29,https://www.jra.go.jp/datafile/seiseki/report/2010/2koku.pdf,official_meeting_summary
201010020602,2010,小倉,2,6,2,2010-08-29,https://www.jra.go.jp/datafile/seiseki/report/2010/2koku.pdf,official_meeting_summary
201010020603,2010,小倉,2,6,3,2010-08-29,https://www.jra.go.jp/datafile/seiseki/report/2010/2koku.pdf,official_meeting_summary
201010020604,2010,小倉,2,6,4,2010-08-29,https://www.jra.go.jp/datafile/seiseki/report/2010/2koku.pdf,official_meeting_summary
201010020605,2010,小倉,2,6,5,2010-08-29,https://www.jra.go.jp/datafile/seiseki/report/2010/2koku.pdf,official_meeting_summary
201010020606,2010,小倉,2,6,6,2010-08-29,https://www.jra.go.jp/datafile/seiseki/report/2010/2koku.pdf,official_meeting_summary
201010020607,2010,小倉,2,6,7,2010-08-29,https://www.jra.go.jp/datafile/seiseki/report/2010/2koku.pdf,official_meeting_summary
201010020608,2010,小倉,2,6,8,2010-08-29,https://www.jra.go.jp/datafile/seiseki/report/2010/2koku.pdf,official_meeting_summary
201010020609,2010,小倉,2,6,9,2010-08-29,https://www.jra.go.jp/datafile/seiseki/report/2010/2koku.pdf,official_meeting_summary
201010020610,2010,小倉,2,6,10,2010-08-29,https://www.jra.go.jp/datafile/seiseki/report/2010/2koku.pdf,official_meeting_summary
201010020611,2010,小倉,2,6,11,2010-08-29,https://www.jra.go.jp/datafile/seiseki/report/2010/2koku.pdf,official_meeting_summary
201010020612,2010,小倉,2,6,12,2010-08-29,https://www.jra.go.jp/datafile/seiseki/report/2010/2koku.pdf,official_meeting_summary
201010020701,2010,小倉,2,7,1,2010-09-04,https://www.jra.go.jp/datafile/seiseki/report/2010/2koku.pdf,official_meeting_summary
201010020702,2010,小倉,2,7,2,2010-09-04,https://www.jra.go.jp/datafile/seiseki/report/2010/2koku.pdf,official_meeting_summary
201010020703,2010,小倉,2,7,3,2010-09-04,https://www.jra.go.jp/datafile/seiseki/report/2010/2koku.pdf,official_meeting_summary
201010020704,2010,小倉,2,7,4,2010-09-04,https://www.jra.go.jp/datafile/seiseki/report/2010/2koku.pdf,official_meeting_summary
201010020705,2010,小倉,2,7,5,2010-09-04,https://www.jra.go.jp/datafile/seiseki/report/2010/2koku.pdf,official_meeting_summary
201010020706,2010,小倉,2,7,6,2010-09-04,https://www.jra.go.jp/datafile/seiseki/report/2010/2koku.pdf,official_meeting_summary
201010020707,2010,小倉,2,7,7,2010-09-04,https://www.jra.go.jp/datafile/seiseki/report/2010/2koku.pdf,official_meeting_summary
201010020708,2010,小倉,2,7,8,2010-09-04,https://www.jra.go.jp/datafile/seiseki/report/2010/2koku.pdf,official_meeting_summary
201010020709,2010,小倉,2,7,9,2010-09-04,https://www.jra.go.jp/datafile/seiseki/report/2010/2koku.pdf,official_meeting_summary
201010020710,2010,小倉,2,7,10,2010-09-04,https://www.jra.go.jp/datafile/seiseki/report/2010/2koku.pdf,official_meeting_summary
201010020711,2010,小倉,2,7,11,2010-09-04,https://www.jra.go.jp/datafile/seiseki/report/2010/2koku.pdf,official_meeting_summary
201010020712,2010,小倉,2,7,12,2010-09-04,https://www.jra.go.jp/datafile/seiseki/report/2010/2koku.pdf,official_meeting_summary
201010020801,2010,小倉,2,8,1,2010-09-05,https://www.jra.go.jp/datafile/seiseki/report/2010/2koku.pdf,official_meeting_summary
201010020802,2010,小倉,2,8,2,2010-09-05,https://www.jra.go.jp/datafile/seiseki/report/2010/2koku.pdf,official_meeting_summary
201010020803,2010,小倉,2,8,3,2010-09-05,https://www.jra.go.jp/datafile/seiseki/report/2010/2koku.pdf,official_meeting_summary
201010020804,2010,小倉,2,8,4,2010-09-05,https://www.jra.go.jp/datafile/seiseki/report/2010/2koku.pdf,official_meeting_summary
201010020805,2010,小倉,2,8,5,2010-09-05,https://www.jra.go.jp/datafile/seiseki/report/2010/2koku.pdf,official_meeting_summary
201010020806,2010,小倉,2,8,6,2010-09-05,https://www.jra.go.jp/datafile/seiseki/report/2010/2koku.pdf,official_meeting_summary
201010020807,2010,小倉,2,8,7,2010-09-05,https://www.jra.go.jp/datafile/seiseki/report/2010/2koku.pdf,official_meeting_summary
201010020808,2010,小倉,2,8,8,2010-09-05,https://www.jra.go.jp/datafile/seiseki/report/2010/2koku.pdf,official_meeting_summary
201010020809,2010,小倉,2,8,9,2010-09-05,https://www.jra.go.jp/datafile/seiseki/report/2010/2koku.pdf,official_meeting_summary
201010020810,2010,小倉,2,8,10,2010-09-05,https://www.jra.go.jp/datafile/seiseki/report/2010/2koku.pdf,official_meeting_summary
201010020811,2010,小倉,2,8,11,2010-09-05,https://www.jra.go.jp/datafile/seiseki/report/2010/2koku.pdf,official_meeting_summary
201010020812,2010,小倉,2,8,12,2010-09-05,https://www.jra.go.jp/datafile/seiseki/report/2010/2koku.pdf,official_meeting_summary
201010030101,2010,小倉,3,1,1,2010-12-04,https://www.jra.go.jp/datafile/seiseki/report/2010/3koku.pdf,official_meeting_summary
201010030102,2010,小倉,3,1,2,2010-12-04,https://www.jra.go.jp/datafile/seiseki/report/2010/3koku.pdf,official_meeting_summary
201010030103,2010,小倉,3,1,3,2010-12-04,https://www.jra.go.jp/datafile/seiseki/report/2010/3koku.pdf,official_meeting_summary
201010030104,2010,小倉,3,1,4,2010-12-04,https://www.jra.go.jp/datafile/seiseki/report/2010/3koku.pdf,official_meeting_summary
201010030105,2010,小倉,3,1,5,2010-12-04,https://www.jra.go.jp/datafile/seiseki/report/2010/3koku.pdf,official_meeting_summary
201010030106,2010,小倉,3,1,6,2010-12-04,https://www.jra.go.jp/datafile/seiseki/report/2010/3koku.pdf,official_meeting_summary
201010030107,2010,小倉,3,1,7,2010-12-04,https://www.jra.go.jp/datafile/seiseki/report/2010/3koku.pdf,official_meeting_summary
201010030108,2010,小倉,3,1,8,2010-12-04,https://www.jra.go.jp/datafile/seiseki/report/2010/3koku.pdf,official_meeting_summary
201010030109,2010,小倉,3,1,9,2010-12-04,https://www.jra.go.jp/datafile/seiseki/report/2010/3koku.pdf,official_meeting_summary
201010030110,2010,小倉,3,1,10,2010-12-04,https://www.jra.go.jp/datafile/seiseki/report/2010/3koku.pdf,official_meeting_summary
201010030111,2010,小倉,3,1,11,2010-12-04,https://www.jra.go.jp/datafile/seiseki/report/2010/3koku.pdf,official_meeting_summary
201010030112,2010,小倉,3,1,12,2010-12-04,https://www.jra.go.jp/datafile/seiseki/report/2010/3koku.pdf,official_meeting_summary
201010030201,2010,小倉,3,2,1,2010-12-05,https://www.jra.go.jp/datafile/seiseki/report/2010/3koku.pdf,official_meeting_summary
201010030202,2010,小倉,3,2,2,2010-12-05,https://www.jra.go.jp/datafile/seiseki/report/2010/3koku.pdf,official_meeting_summary
201010030203,2010,小倉,3,2,3,2010-12-05,https://www.jra.go.jp/datafile/seiseki/report/2010/3koku.pdf,official_meeting_summary
201010030204,2010,小倉,3,2,4,2010-12-05,https://www.jra.go.jp/datafile/seiseki/report/2010/3koku.pdf,official_meeting_summary
201010030205,2010,小倉,3,2,5,2010-12-05,https://www.jra.go.jp/datafile/seiseki/report/2010/3koku.pdf,official_meeting_summary
201010030206,2010,小倉,3,2,6,2010-12-05,https://www.jra.go.jp/datafile/seiseki/report/2010/3koku.pdf,official_meeting_summary
201010030207,2010,小倉,3,2,7,2010-12-05,https://www.jra.go.jp/datafile/seiseki/report/2010/3koku.pdf,official_meeting_summary
201010030208,2010,小倉,3,2,8,2010-12-05,https://www.jra.go.jp/datafile/seiseki/report/2010/3koku.pdf,official_meeting_summary
201010030209,2010,小倉,3,2,9,2010-12-05,https://www.jra.go.jp/datafile/seiseki/report/2010/3koku.pdf,official_meeting_summary
201010030210,2010,小倉,3,2,10,2010-12-05,https://www.jra.go.jp/datafile/seiseki/report/2010/3koku.pdf,official_meeting_summary
201010030211,2010,小倉,3,2,11,2010-12-05,https://www.jra.go.jp/datafile/seiseki/report/2010/3koku.pdf,official_meeting_summary
201010030212,2010,小倉,3,2,12,2010-12-05,https://www.jra.go.jp/datafile/seiseki/report/2010/3koku.pdf,official_meeting_summary
201010030301,2010,小倉,3,3,1,2010-12-11,https://www.jra.go.jp/datafile/seiseki/report/2010/3koku.pdf,official_meeting_summary
201010030302,2010,小倉,3,3,2,2010-12-11,https://www.jra.go.jp/datafile/seiseki/report/2010/3koku.pdf,official_meeting_summary
201010030303,2010,小倉,3,3,3,2010-12-11,https://www.jra.go.jp/datafile/seiseki/report/2010/3koku.pdf,official_meeting_summary
201010030304,2010,小倉,3,3,4,2010-12-11,https://www.jra.go.jp/datafile/seiseki/report/2010/3koku.pdf,official_meeting_summary
201010030305,2010,小倉,3,3,5,2010-12-11,https://www.jra.go.jp/datafile/seiseki/report/2010/3koku.pdf,official_meeting_summary
201010030306,2010,小倉,3,3,6,2010-12-11,https://www.jra.go.jp/datafile/seiseki/report/2010/3koku.pdf,official_meeting_summary
201010030307,2010,小倉,3,3,7,2010-12-11,https://www.jra.go.jp/datafile/seiseki/report/2010/3koku.pdf,official_meeting_summary
201010030308,2010,小倉,3,3,8,2010-12-11,https://www.jra.go.jp/datafile/seiseki/report/2010/3koku.pdf,official_meeting_summary
201010030309,2010,小倉,3,3,9,2010-12-11,https://www.jra.go.jp/datafile/seiseki/report/2010/3koku.pdf,official_meeting_summary
201010030310,2010,小倉,3,3,10,2010-12-11,https://www.jra.go.jp/datafile/seiseki/report/2010/3koku.pdf,official_meeting_summary
201010030311,2010,小倉,3,3,11,2010-12-11,https://www.jra.go.jp/datafile/seiseki/report/2010/3koku.pdf,official_meeting_summary
201010030312,2010,小倉,3,3,12,2010-12-11,https://www.jra.go.jp/datafile/seiseki/report/2010/3koku.pdf,official_meeting_summary
201010030401,2010,小倉,3,4,1,2010-12-12,https://www.jra.go.jp/datafile/seiseki/report/2010/3koku.pdf,official_meeting_summary
201010030402,2010,小倉,3,4,2,2010-12-12,https://www.jra.go.jp/datafile/seiseki/report/2010/3koku.pdf,official_meeting_summary
201010030403,2010,小倉,3,4,3,2010-12-12,https://www.jra.go.jp/datafile/seiseki/report/2010/3koku.pdf,official_meeting_summary
201010030404,2010,小倉,3,4,4,2010-12-12,https://www.jra.go.jp/datafile/seiseki/report/2010/3koku.pdf,official_meeting_summary
201010030405,2010,小倉,3,4,5,2010-12-12,https://www.jra.go.jp/datafile/seiseki/report/2010/3koku.pdf,official_meeting_summary
201010030406,2010,小倉,3,4,6,2010-12-12,https://www.jra.go.jp/datafile/seiseki/report/2010/3koku.pdf,official_meeting_summary
201010030407,2010,小倉,3,4,7,2010-12-12,https://www.jra.go.jp/datafile/seiseki/report/2010/3koku.pdf,official_meeting_summary
201010030408,2010,小倉,3,4,8,2010-12-12,https://www.jra.go.jp/datafile/seiseki/report/2010/3koku.pdf,official_meeting_summary
201010030409,2010,小倉,3,4,9,2010-12-12,https://www.jra.go.jp/datafile/seiseki/report/2010/3koku.pdf,official_meeting_summary
201010030410,2010,小倉,3,4,10,2010-12-12,https://www.jra.go.jp/datafile/seiseki/report/2010/3koku.pdf,official_meeting_summary
201010030411,2010,小倉,3,4,11,2010-12-12,https://www.jra.go.jp/datafile/seiseki/report/2010/3koku.pdf,official_meeting_summary
201010030412,2010,小倉,3,4,12,2010-12-12,https://www.jra.go.jp/datafile/seiseki/report/2010/3koku.pdf,official_meeting_summary
201010030501,2010,小倉,3,5,1,2010-12-18,https://www.jra.go.jp/datafile/seiseki/report/2010/3koku.pdf,official_meeting_summary
201010030502,2010,小倉,3,5,2,2010-12-18,https://www.jra.go.jp/datafile/seiseki/report/2010/3koku.pdf,official_meeting_summary
201010030503,2010,小倉,3,5,3,2010-12-18,https://www.jra.go.jp/datafile/seiseki/report/2010/3koku.pdf,official_meeting_summary
201010030504,2010,小倉,3,5,4,2010-12-18,https://www.jra.go.jp/datafile/seiseki/report/2010/3koku.pdf,official_meeting_summary
201010030505,2010,小倉,3,5,5,2010-12-18,https://www.jra.go.jp/datafile/seiseki/report/2010/3koku.pdf,official_meeting_summary
201010030506,2010,小倉,3,5,6,2010-12-18,https://www.jra.go.jp/datafile/seiseki/report/2010/3koku.pdf,official_meeting_summary
201010030507,2010,小倉,3,5,7,2010-12-18,https://www.jra.go.jp/datafile/seiseki/report/2010/3koku.pdf,official_meeting_summary
201010030508,2010,小倉,3,5,8,2010-12-18,https://www.jra.go.jp/datafile/seiseki/report/2010/3koku.pdf,official_meeting_summary
201010030509,2010,小倉,3,5,9,2010-12-18,https://www.jra.go.jp/datafile/seiseki/report/2010/3koku.pdf,official_meeting_summary
201010030510,2010,小倉,3,5,10,2010-12-18,https://www.jra.go.jp/datafile/seiseki/report/2010/3koku.pdf,official_meeting_summary
201010030511,2010,小倉,3,5,11,2010-12-18,https://www.jra.go.jp/datafile/seiseki/report/2010/3koku.pdf,official_meeting_summary
201010030512,2010,小倉,3,5,12,2010-12-18,https://www.jra.go.jp/datafile/seiseki/report/2010/3koku.pdf,official_meeting_summary
201010030601,2010,小倉,3,6,1,2010-12-19,https://www.jra.go.jp/datafile/seiseki/report/2010/3koku.pdf,official_meeting_summary
201010030602,2010,小倉,3,6,2,2010-12-19,https://www.jra.go.jp/datafile/seiseki/report/2010/3koku.pdf,official_meeting_summary
201010030603,2010,小倉,3,6,3,2010-12-19,https://www.jra.go.jp/datafile/seiseki/report/2010/3koku.pdf,official_meeting_summary
201010030604,2010,小倉,3,6,4,2010-12-19,https://www.jra.go.jp/datafile/seiseki/report/2010/3koku.pdf,official_meeting_summary
201010030605,2010,小倉,3,6,5,2010-12-19,https://www.jra.go.jp/datafile/seiseki/report/2010/3koku.pdf,official_meeting_summary
201010030606,2010,小倉,3,6,6,2010-12-19,https://www.jra.go.jp/datafile/seiseki/report/2010/3koku.pdf,official_meeting_summary
201010030607,2010,小倉,3,6,7,2010-12-19,https://www.jra.go.jp/datafile/seiseki/report/2010/3koku.pdf,official_meeting_summary
201010030608,2010,小倉,3,6,8,2010-12-19,https://www.jra.go.jp/datafile/seiseki/report/2010/3koku.pdf,official_meeting_summary
201010030609,2010,小倉,3,6,9,2010-12-19,https://www.jra.go.jp/datafile/seiseki/report/2010/3koku.pdf,official_meeting_summary
201010030610,2010,小倉,3,6,10,2010-12-19,https://www.jra.go.jp/datafile/seiseki/report/2010/3koku.pdf,official_meeting_summary
201010030611,2010,小倉,3,6,11,2010-12-19,https://www.jra.go.jp/datafile/seiseki/report/2010/3koku.pdf,official_meeting_summary
201010030612,2010,小倉,3,6,12,2010-12-19,https://www.jra.go.jp/datafile/seiseki/report/2010/3koku.pdf,official_meeting_summary
201010030701,2010,小倉,3,7,1,2010-12-25,https://www.jra.go.jp/datafile/seiseki/report/2010/3koku.pdf,official_meeting_summary
201010030702,2010,小倉,3,7,2,2010-12-25,https://www.jra.go.jp/datafile/seiseki/report/2010/3koku.pdf,official_meeting_summary
201010030703,2010,小倉,3,7,3,2010-12-25,https://www.jra.go.jp/datafile/seiseki/report/2010/3koku.pdf,official_meeting_summary
201010030704,2010,小倉,3,7,4,2010-12-25,https://www.jra.go.jp/datafile/seiseki/report/2010/3koku.pdf,official_meeting_summary
201010030705,2010,小倉,3,7,5,2010-12-25,https://www.jra.go.jp/datafile/seiseki/report/2010/3koku.pdf,official_meeting_summary
201010030706,2010,小倉,3,7,6,2010-12-25,https://www.jra.go.jp/datafile/seiseki/report/2010/3koku.pdf,official_meeting_summary
201010030707,2010,小倉,3,7,7,2010-12-25,https://www.jra.go.jp/datafile/seiseki/report/2010/3koku.pdf,official_meeting_summary
201010030708,2010,小倉,3,7,8,2010-12-25,https://www.jra.go.jp/datafile/seiseki/report/2010/3koku.pdf,official_meeting_summary
201010030709,2010,小倉,3,7,9,2010-12-25,https://www.jra.go.jp/datafile/seiseki/report/2010/3koku.pdf,official_meeting_summary
201010030710,2010,小倉,3,7,10,2010-12-25,https://www.jra.go.jp/datafile/seiseki/report/2010/3koku.pdf,official_meeting_summary
201010030711,2010,小倉,3,7,11,2010-12-25,https://www.jra.go.jp/datafile/seiseki/report/2010/3koku.pdf,official_meeting_summary
201010030712,2010,小倉,3,7,12,2010-12-25,https://www.jra.go.jp/datafile/seiseki/report/2010/3koku.pdf,official_meeting_summary
201010030801,2010,小倉,3,8,1,2010-12-26,https://www.jra.go.jp/datafile/seiseki/report/2010/3koku.pdf,official_meeting_summary
201010030802,2010,小倉,3,8,2,2010-12-26,https://www.jra.go.jp/datafile/seiseki/report/2010/3koku.pdf,official_meeting_summary
201010030803,2010,小倉,3,8,3,2010-12-26,https://www.jra.go.jp/datafile/seiseki/report/2010/3koku.pdf,official_meeting_summary
201010030804,2010,小倉,3,8,4,2010-12-26,https://www.jra.go.jp/datafile/seiseki/report/2010/3koku.pdf,official_meeting_summary
201010030805,2010,小倉,3,8,5,2010-12-26,https://www.jra.go.jp/datafile/seiseki/report/2010/3koku.pdf,official_meeting_summary
201010030806,2010,小倉,3,8,6,2010-12-26,https://www.jra.go.jp/datafile/seiseki/report/2010/3koku.pdf,official_meeting_summary
201010030807,2010,小倉,3,8,7,2010-12-26,https://www.jra.go.jp/datafile/seiseki/report/2010/3koku.pdf,official_meeting_summary
201010030808,2010,小倉,3,8,8,2010-12-26,https://www.jra.go.jp/datafile/seiseki/report/2010/3koku.pdf,official_meeting_summary
201010030809,2010,小倉,3,8,9,2010-12-26,https://www.jra.go.jp/datafile/seiseki/report/2010/3koku.pdf,official_meeting_summary
201010030810,2010,小倉,3,8,10,2010-12-26,https://www.jra.go.jp/datafile/seiseki/report/2010/3koku.pdf,official_meeting_summary
201010030811,2010,小倉,3,8,11,2010-12-26,https://www.jra.go.jp/datafile/seiseki/report/2010/3koku.pdf,official_meeting_summary
201010030812,2010,小倉,3,8,12,2010-12-26,https://www.jra.go.jp/datafile/seiseki/report/2010/3koku.pdf,official_meeting_summary
201101010101,2011,札幌,1,1,1,2011-08-13,https://www.jra.go.jp/datafile/seiseki/report/2011/2011-1sapporo1.pdf,official_daily_result_pdf
201101010102,2011,札幌,1,1,2,2011-08-13,https://www.jra.go.jp/datafile/seiseki/report/2011/2011-1sapporo1.pdf,official_daily_result_pdf
201101010103,2011,札幌,1,1,3,2011-08-13,https://www.jra.go.jp/datafile/seiseki/report/2011/2011-1sapporo1.pdf,official_daily_result_pdf
201101010104,2011,札幌,1,1,4,2011-08-13,https://www.jra.go.jp/datafile/seiseki/report/2011/2011-1sapporo1.pdf,official_daily_result_pdf
201101010105,2011,札幌,1,1,5,2011-08-13,https://www.jra.go.jp/datafile/seiseki/report/2011/2011-1sapporo1.pdf,official_daily_result_pdf
201101010106,2011,札幌,1,1,6,2011-08-13,https://www.jra.go.jp/datafile/seiseki/report/2011/2011-1sapporo1.pdf,official_daily_result_pdf
201101010107,2011,札幌,1,1,7,2011-08-13,https://www.jra.go.jp/datafile/seiseki/report/2011/2011-1sapporo1.pdf,official_daily_result_pdf
201101010108,2011,札幌,1,1,8,2011-08-13,https://www.jra.go.jp/datafile/seiseki/report/2011/2011-1sapporo1.pdf,official_daily_result_pdf
201101010109,2011,札幌,1,1,9,2011-08-13,https://www.jra.go.jp/datafile/seiseki/report/2011/2011-1sapporo1.pdf,official_daily_result_pdf
201101010110,2011,札幌,1,1,10,2011-08-13,https://www.jra.go.jp/datafile/seiseki/report/2011/2011-1sapporo1.pdf,official_daily_result_pdf
201101010111,2011,札幌,1,1,11,2011-08-13,https://www.jra.go.jp/datafile/seiseki/report/2011/2011-1sapporo1.pdf,official_daily_result_pdf
201101010112,2011,札幌,1,1,12,2011-08-13,https://www.jra.go.jp/datafile/seiseki/report/2011/2011-1sapporo1.pdf,official_daily_result_pdf
201101010201,2011,札幌,1,2,1,2011-08-14,https://www.jra.go.jp/datafile/seiseki/report/2011/2011-1sapporo2.pdf,official_daily_result_pdf
201101010202,2011,札幌,1,2,2,2011-08-14,https://www.jra.go.jp/datafile/seiseki/report/2011/2011-1sapporo2.pdf,official_daily_result_pdf
201101010203,2011,札幌,1,2,3,2011-08-14,https://www.jra.go.jp/datafile/seiseki/report/2011/2011-1sapporo2.pdf,official_daily_result_pdf
201101010204,2011,札幌,1,2,4,2011-08-14,https://www.jra.go.jp/datafile/seiseki/report/2011/2011-1sapporo2.pdf,official_daily_result_pdf
201101010205,2011,札幌,1,2,5,2011-08-14,https://www.jra.go.jp/datafile/seiseki/report/2011/2011-1sapporo2.pdf,official_daily_result_pdf
201101010206,2011,札幌,1,2,6,2011-08-14,https://www.jra.go.jp/datafile/seiseki/report/2011/2011-1sapporo2.pdf,official_daily_result_pdf
201101010207,2011,札幌,1,2,7,2011-08-14,https://www.jra.go.jp/datafile/seiseki/report/2011/2011-1sapporo2.pdf,official_daily_result_pdf
201101010208,2011,札幌,1,2,8,2011-08-14,https://www.jra.go.jp/datafile/seiseki/report/2011/2011-1sapporo2.pdf,official_daily_result_pdf
201101010209,2011,札幌,1,2,9,2011-08-14,https://www.jra.go.jp/datafile/seiseki/report/2011/2011-1sapporo2.pdf,official_daily_result_pdf
201101010210,2011,札幌,1,2,10,2011-08-14,https://www.jra.go.jp/datafile/seiseki/report/2011/2011-1sapporo2.pdf,official_daily_result_pdf
201101010211,2011,札幌,1,2,11,2011-08-14,https://www.jra.go.jp/datafile/seiseki/report/2011/2011-1sapporo2.pdf,official_daily_result_pdf
201101010212,2011,札幌,1,2,12,2011-08-14,https://www.jra.go.jp/datafile/seiseki/report/2011/2011-1sapporo2.pdf,official_daily_result_pdf
201101010301,2011,札幌,1,3,1,2011-08-20,https://www.jra.go.jp/datafile/seiseki/report/2011/2011-1sapporo3.pdf,official_daily_result_pdf
201101010302,2011,札幌,1,3,2,2011-08-20,https://www.jra.go.jp/datafile/seiseki/report/2011/2011-1sapporo3.pdf,official_daily_result_pdf
201101010303,2011,札幌,1,3,3,2011-08-20,https://www.jra.go.jp/datafile/seiseki/report/2011/2011-1sapporo3.pdf,official_daily_result_pdf
201101010304,2011,札幌,1,3,4,2011-08-20,https://www.jra.go.jp/datafile/seiseki/report/2011/2011-1sapporo3.pdf,official_daily_result_pdf
201101010305,2011,札幌,1,3,5,2011-08-20,https://www.jra.go.jp/datafile/seiseki/report/2011/2011-1sapporo3.pdf,official_daily_result_pdf
201101010306,2011,札幌,1,3,6,2011-08-20,https://www.jra.go.jp/datafile/seiseki/report/2011/2011-1sapporo3.pdf,official_daily_result_pdf
201101010307,2011,札幌,1,3,7,2011-08-20,https://www.jra.go.jp/datafile/seiseki/report/2011/2011-1sapporo3.pdf,official_daily_result_pdf
201101010308,2011,札幌,1,3,8,2011-08-20,https://www.jra.go.jp/datafile/seiseki/report/2011/2011-1sapporo3.pdf,official_daily_result_pdf
201101010309,2011,札幌,1,3,9,2011-08-20,https://www.jra.go.jp/datafile/seiseki/report/2011/2011-1sapporo3.pdf,official_daily_result_pdf
201101010310,2011,札幌,1,3,10,2011-08-20,https://www.jra.go.jp/datafile/seiseki/report/2011/2011-1sapporo3.pdf,official_daily_result_pdf
201101010311,2011,札幌,1,3,11,2011-08-20,https://www.jra.go.jp/datafile/seiseki/report/2011/2011-1sapporo3.pdf,official_daily_result_pdf
201101010312,2011,札幌,1,3,12,2011-08-20,https://www.jra.go.jp/datafile/seiseki/report/2011/2011-1sapporo3.pdf,official_daily_result_pdf
201101010401,2011,札幌,1,4,1,2011-08-21,https://www.jra.go.jp/datafile/seiseki/report/2011/2011-1sapporo4.pdf,official_daily_result_pdf
201101010402,2011,札幌,1,4,2,2011-08-21,https://www.jra.go.jp/datafile/seiseki/report/2011/2011-1sapporo4.pdf,official_daily_result_pdf
201101010403,2011,札幌,1,4,3,2011-08-21,https://www.jra.go.jp/datafile/seiseki/report/2011/2011-1sapporo4.pdf,official_daily_result_pdf
201101010404,2011,札幌,1,4,4,2011-08-21,https://www.jra.go.jp/datafile/seiseki/report/2011/2011-1sapporo4.pdf,official_daily_result_pdf
201101010405,2011,札幌,1,4,5,2011-08-21,https://www.jra.go.jp/datafile/seiseki/report/2011/2011-1sapporo4.pdf,official_daily_result_pdf
201101010406,2011,札幌,1,4,6,2011-08-21,https://www.jra.go.jp/datafile/seiseki/report/2011/2011-1sapporo4.pdf,official_daily_result_pdf
201101010407,2011,札幌,1,4,7,2011-08-21,https://www.jra.go.jp/datafile/seiseki/report/2011/2011-1sapporo4.pdf,official_daily_result_pdf
201101010408,2011,札幌,1,4,8,2011-08-21,https://www.jra.go.jp/datafile/seiseki/report/2011/2011-1sapporo4.pdf,official_daily_result_pdf
201101010409,2011,札幌,1,4,9,2011-08-21,https://www.jra.go.jp/datafile/seiseki/report/2011/2011-1sapporo4.pdf,official_daily_result_pdf
201101010410,2011,札幌,1,4,10,2011-08-21,https://www.jra.go.jp/datafile/seiseki/report/2011/2011-1sapporo4.pdf,official_daily_result_pdf
201101010411,2011,札幌,1,4,11,2011-08-21,https://www.jra.go.jp/datafile/seiseki/report/2011/2011-1sapporo4.pdf,official_daily_result_pdf
201101010412,2011,札幌,1,4,12,2011-08-21,https://www.jra.go.jp/datafile/seiseki/report/2011/2011-1sapporo4.pdf,official_daily_result_pdf
201101010501,2011,札幌,1,5,1,2011-08-27,https://www.jra.go.jp/datafile/seiseki/report/2011/2011-1sapporo5.pdf,official_daily_result_pdf
201101010502,2011,札幌,1,5,2,2011-08-27,https://www.jra.go.jp/datafile/seiseki/report/2011/2011-1sapporo5.pdf,official_daily_result_pdf
201101010503,2011,札幌,1,5,3,2011-08-27,https://www.jra.go.jp/datafile/seiseki/report/2011/2011-1sapporo5.pdf,official_daily_result_pdf
201101010504,2011,札幌,1,5,4,2011-08-27,https://www.jra.go.jp/datafile/seiseki/report/2011/2011-1sapporo5.pdf,official_daily_result_pdf
201101010505,2011,札幌,1,5,5,2011-08-27,https://www.jra.go.jp/datafile/seiseki/report/2011/2011-1sapporo5.pdf,official_daily_result_pdf
201101010506,2011,札幌,1,5,6,2011-08-27,https://www.jra.go.jp/datafile/seiseki/report/2011/2011-1sapporo5.pdf,official_daily_result_pdf
201101010507,2011,札幌,1,5,7,2011-08-27,https://www.jra.go.jp/datafile/seiseki/report/2011/2011-1sapporo5.pdf,official_daily_result_pdf
201101010508,2011,札幌,1,5,8,2011-08-27,https://www.jra.go.jp/datafile/seiseki/report/2011/2011-1sapporo5.pdf,official_daily_result_pdf
201101010509,2011,札幌,1,5,9,2011-08-27,https://www.jra.go.jp/datafile/seiseki/report/2011/2011-1sapporo5.pdf,official_daily_result_pdf
201101010510,2011,札幌,1,5,10,2011-08-27,https://www.jra.go.jp/datafile/seiseki/report/2011/2011-1sapporo5.pdf,official_daily_result_pdf
201101010511,2011,札幌,1,5,11,2011-08-27,https://www.jra.go.jp/datafile/seiseki/report/2011/2011-1sapporo5.pdf,official_daily_result_pdf
201101010512,2011,札幌,1,5,12,2011-08-27,https://www.jra.go.jp/datafile/seiseki/report/2011/2011-1sapporo5.pdf,official_daily_result_pdf
201101010601,2011,札幌,1,6,1,2011-08-28,https://www.jra.go.jp/datafile/seiseki/report/2011/2011-1sapporo6.pdf,official_daily_result_pdf
201101010602,2011,札幌,1,6,2,2011-08-28,https://www.jra.go.jp/datafile/seiseki/report/2011/2011-1sapporo6.pdf,official_daily_result_pdf
201101010603,2011,札幌,1,6,3,2011-08-28,https://www.jra.go.jp/datafile/seiseki/report/2011/2011-1sapporo6.pdf,official_daily_result_pdf
201101010604,2011,札幌,1,6,4,2011-08-28,https://www.jra.go.jp/datafile/seiseki/report/2011/2011-1sapporo6.pdf,official_daily_result_pdf
201101010605,2011,札幌,1,6,5,2011-08-28,https://www.jra.go.jp/datafile/seiseki/report/2011/2011-1sapporo6.pdf,official_daily_result_pdf
201101010606,2011,札幌,1,6,6,2011-08-28,https://www.jra.go.jp/datafile/seiseki/report/2011/2011-1sapporo6.pdf,official_daily_result_pdf
201101010607,2011,札幌,1,6,7,2011-08-28,https://www.jra.go.jp/datafile/seiseki/report/2011/2011-1sapporo6.pdf,official_daily_result_pdf
201101010608,2011,札幌,1,6,8,2011-08-28,https://www.jra.go.jp/datafile/seiseki/report/2011/2011-1sapporo6.pdf,official_daily_result_pdf
201101010609,2011,札幌,1,6,9,2011-08-28,https://www.jra.go.jp/datafile/seiseki/report/2011/2011-1sapporo6.pdf,official_daily_result_pdf
201101010610,2011,札幌,1,6,10,2011-08-28,https://www.jra.go.jp/datafile/seiseki/report/2011/2011-1sapporo6.pdf,official_daily_result_pdf
201101010611,2011,札幌,1,6,11,2011-08-28,https://www.jra.go.jp/datafile/seiseki/report/2011/2011-1sapporo6.pdf,official_daily_result_pdf
201101010612,2011,札幌,1,6,12,2011-08-28,https://www.jra.go.jp/datafile/seiseki/report/2011/2011-1sapporo6.pdf,official_daily_result_pdf
201101010701,2011,札幌,1,7,1,2011-09-03,https://www.jra.go.jp/datafile/seiseki/report/2011/2011-1sapporo7.pdf,official_daily_result_pdf
201101010702,2011,札幌,1,7,2,2011-09-03,https://www.jra.go.jp/datafile/seiseki/report/2011/2011-1sapporo7.pdf,official_daily_result_pdf
201101010703,2011,札幌,1,7,3,2011-09-03,https://www.jra.go.jp/datafile/seiseki/report/2011/2011-1sapporo7.pdf,official_daily_result_pdf
201101010704,2011,札幌,1,7,4,2011-09-03,https://www.jra.go.jp/datafile/seiseki/report/2011/2011-1sapporo7.pdf,official_daily_result_pdf
201101010705,2011,札幌,1,7,5,2011-09-03,https://www.jra.go.jp/datafile/seiseki/report/2011/2011-1sapporo7.pdf,official_daily_result_pdf
201101010706,2011,札幌,1,7,6,2011-09-03,https://www.jra.go.jp/datafile/seiseki/report/2011/2011-1sapporo7.pdf,official_daily_result_pdf
201101010707,2011,札幌,1,7,7,2011-09-03,https://www.jra.go.jp/datafile/seiseki/report/2011/2011-1sapporo7.pdf,official_daily_result_pdf
201101010708,2011,札幌,1,7,8,2011-09-03,https://www.jra.go.jp/datafile/seiseki/report/2011/2011-1sapporo7.pdf,official_daily_result_pdf
201101010709,2011,札幌,1,7,9,2011-09-03,https://www.jra.go.jp/datafile/seiseki/report/2011/2011-1sapporo7.pdf,official_daily_result_pdf
201101010710,2011,札幌,1,7,10,2011-09-03,https://www.jra.go.jp/datafile/seiseki/report/2011/2011-1sapporo7.pdf,official_daily_result_pdf
201101010711,2011,札幌,1,7,11,2011-09-03,https://www.jra.go.jp/datafile/seiseki/report/2011/2011-1sapporo7.pdf,official_daily_result_pdf
201101010712,2011,札幌,1,7,12,2011-09-03,https://www.jra.go.jp/datafile/seiseki/report/2011/2011-1sapporo7.pdf,official_daily_result_pdf
201101010801,2011,札幌,1,8,1,2011-09-04,https://www.jra.go.jp/datafile/seiseki/report/2011/2011-1sapporo8.pdf,official_daily_result_pdf
201101010802,2011,札幌,1,8,2,2011-09-04,https://www.jra.go.jp/datafile/seiseki/report/2011/2011-1sapporo8.pdf,official_daily_result_pdf
201101010803,2011,札幌,1,8,3,2011-09-04,https://www.jra.go.jp/datafile/seiseki/report/2011/2011-1sapporo8.pdf,official_daily_result_pdf
201101010804,2011,札幌,1,8,4,2011-09-04,https://www.jra.go.jp/datafile/seiseki/report/2011/2011-1sapporo8.pdf,official_daily_result_pdf
201101010805,2011,札幌,1,8,5,2011-09-04,https://www.jra.go.jp/datafile/seiseki/report/2011/2011-1sapporo8.pdf,official_daily_result_pdf
201101010806,2011,札幌,1,8,6,2011-09-04,https://www.jra.go.jp/datafile/seiseki/report/2011/2011-1sapporo8.pdf,official_daily_result_pdf
201101010807,2011,札幌,1,8,7,2011-09-04,https://www.jra.go.jp/datafile/seiseki/report/2011/2011-1sapporo8.pdf,official_daily_result_pdf
201101010808,2011,札幌,1,8,8,2011-09-04,https://www.jra.go.jp/datafile/seiseki/report/2011/2011-1sapporo8.pdf,official_daily_result_pdf
201101010809,2011,札幌,1,8,9,2011-09-04,https://www.jra.go.jp/datafile/seiseki/report/2011/2011-1sapporo8.pdf,official_daily_result_pdf
201101010810,2011,札幌,1,8,10,2011-09-04,https://www.jra.go.jp/datafile/seiseki/report/2011/2011-1sapporo8.pdf,official_daily_result_pdf
201101010811,2011,札幌,1,8,11,2011-09-04,https://www.jra.go.jp/datafile/seiseki/report/2011/2011-1sapporo8.pdf,official_daily_result_pdf
201101010812,2011,札幌,1,8,12,2011-09-04,https://www.jra.go.jp/datafile/seiseki/report/2011/2011-1sapporo8.pdf,official_daily_result_pdf
201101020101,2011,札幌,2,1,1,2011-09-10,https://www.jra.go.jp/datafile/seiseki/report/2011/2011-2sapporo1.pdf,official_daily_result_pdf
201101020102,2011,札幌,2,1,2,2011-09-10,https://www.jra.go.jp/datafile/seiseki/report/2011/2011-2sapporo1.pdf,official_daily_result_pdf
201101020103,2011,札幌,2,1,3,2011-09-10,https://www.jra.go.jp/datafile/seiseki/report/2011/2011-2sapporo1.pdf,official_daily_result_pdf
201101020104,2011,札幌,2,1,4,2011-09-10,https://www.jra.go.jp/datafile/seiseki/report/2011/2011-2sapporo1.pdf,official_daily_result_pdf
201101020105,2011,札幌,2,1,5,2011-09-10,https://www.jra.go.jp/datafile/seiseki/report/2011/2011-2sapporo1.pdf,official_daily_result_pdf
201101020106,2011,札幌,2,1,6,2011-09-10,https://www.jra.go.jp/datafile/seiseki/report/2011/2011-2sapporo1.pdf,official_daily_result_pdf
201101020107,2011,札幌,2,1,7,2011-09-10,https://www.jra.go.jp/datafile/seiseki/report/2011/2011-2sapporo1.pdf,official_daily_result_pdf
201101020108,2011,札幌,2,1,8,2011-09-10,https://www.jra.go.jp/datafile/seiseki/report/2011/2011-2sapporo1.pdf,official_daily_result_pdf
201101020109,2011,札幌,2,1,9,2011-09-10,https://www.jra.go.jp/datafile/seiseki/report/2011/2011-2sapporo1.pdf,official_daily_result_pdf
201101020110,2011,札幌,2,1,10,2011-09-10,https://www.jra.go.jp/datafile/seiseki/report/2011/2011-2sapporo1.pdf,official_daily_result_pdf
201101020111,2011,札幌,2,1,11,2011-09-10,https://www.jra.go.jp/datafile/seiseki/report/2011/2011-2sapporo1.pdf,official_daily_result_pdf
201101020112,2011,札幌,2,1,12,2011-09-10,https://www.jra.go.jp/datafile/seiseki/report/2011/2011-2sapporo1.pdf,official_daily_result_pdf
201101020201,2011,札幌,2,2,1,2011-09-11,https://www.jra.go.jp/datafile/seiseki/report/2011/2011-2sapporo2.pdf,official_daily_result_pdf
201101020202,2011,札幌,2,2,2,2011-09-11,https://www.jra.go.jp/datafile/seiseki/report/2011/2011-2sapporo2.pdf,official_daily_result_pdf
201101020203,2011,札幌,2,2,3,2011-09-11,https://www.jra.go.jp/datafile/seiseki/report/2011/2011-2sapporo2.pdf,official_daily_result_pdf
201101020204,2011,札幌,2,2,4,2011-09-11,https://www.jra.go.jp/datafile/seiseki/report/2011/2011-2sapporo2.pdf,official_daily_result_pdf
201101020205,2011,札幌,2,2,5,2011-09-11,https://www.jra.go.jp/datafile/seiseki/report/2011/2011-2sapporo2.pdf,official_daily_result_pdf
201101020206,2011,札幌,2,2,6,2011-09-11,https://www.jra.go.jp/datafile/seiseki/report/2011/2011-2sapporo2.pdf,official_daily_result_pdf
201101020207,2011,札幌,2,2,7,2011-09-11,https://www.jra.go.jp/datafile/seiseki/report/2011/2011-2sapporo2.pdf,official_daily_result_pdf
201101020208,2011,札幌,2,2,8,2011-09-11,https://www.jra.go.jp/datafile/seiseki/report/2011/2011-2sapporo2.pdf,official_daily_result_pdf
201101020209,2011,札幌,2,2,9,2011-09-11,https://www.jra.go.jp/datafile/seiseki/report/2011/2011-2sapporo2.pdf,official_daily_result_pdf
201101020210,2011,札幌,2,2,10,2011-09-11,https://www.jra.go.jp/datafile/seiseki/report/2011/2011-2sapporo2.pdf,official_daily_result_pdf
201101020211,2011,札幌,2,2,11,2011-09-11,https://www.jra.go.jp/datafile/seiseki/report/2011/2011-2sapporo2.pdf,official_daily_result_pdf
201101020212,2011,札幌,2,2,12,2011-09-11,https://www.jra.go.jp/datafile/seiseki/report/2011/2011-2sapporo2.pdf,official_daily_result_pdf
201101020301,2011,札幌,2,3,1,2011-09-17,https://www.jra.go.jp/datafile/seiseki/report/2011/2011-2sapporo3.pdf,official_daily_result_pdf
201101020302,2011,札幌,2,3,2,2011-09-17,https://www.jra.go.jp/datafile/seiseki/report/2011/2011-2sapporo3.pdf,official_daily_result_pdf
201101020303,2011,札幌,2,3,3,2011-09-17,https://www.jra.go.jp/datafile/seiseki/report/2011/2011-2sapporo3.pdf,official_daily_result_pdf
201101020304,2011,札幌,2,3,4,2011-09-17,https://www.jra.go.jp/datafile/seiseki/report/2011/2011-2sapporo3.pdf,official_daily_result_pdf
201101020305,2011,札幌,2,3,5,2011-09-17,https://www.jra.go.jp/datafile/seiseki/report/2011/2011-2sapporo3.pdf,official_daily_result_pdf
201101020306,2011,札幌,2,3,6,2011-09-17,https://www.jra.go.jp/datafile/seiseki/report/2011/2011-2sapporo3.pdf,official_daily_result_pdf
201101020307,2011,札幌,2,3,7,2011-09-17,https://www.jra.go.jp/datafile/seiseki/report/2011/2011-2sapporo3.pdf,official_daily_result_pdf
201101020308,2011,札幌,2,3,8,2011-09-17,https://www.jra.go.jp/datafile/seiseki/report/2011/2011-2sapporo3.pdf,official_daily_result_pdf
201101020309,2011,札幌,2,3,9,2011-09-17,https://www.jra.go.jp/datafile/seiseki/report/2011/2011-2sapporo3.pdf,official_daily_result_pdf
201101020310,2011,札幌,2,3,10,2011-09-17,https://www.jra.go.jp/datafile/seiseki/report/2011/2011-2sapporo3.pdf,official_daily_result_pdf
201101020311,2011,札幌,2,3,11,2011-09-17,https://www.jra.go.jp/datafile/seiseki/report/2011/2011-2sapporo3.pdf,official_daily_result_pdf
201101020312,2011,札幌,2,3,12,2011-09-17,https://www.jra.go.jp/datafile/seiseki/report/2011/2011-2sapporo3.pdf,official_daily_result_pdf
201101020401,2011,札幌,2,4,1,2011-09-19,https://www.jra.go.jp/datafile/seiseki/report/2011/2011-2sapporo4.pdf,official_daily_result_pdf
201101020402,2011,札幌,2,4,2,2011-09-19,https://www.jra.go.jp/datafile/seiseki/report/2011/2011-2sapporo4.pdf,official_daily_result_pdf
201101020403,2011,札幌,2,4,3,2011-09-19,https://www.jra.go.jp/datafile/seiseki/report/2011/2011-2sapporo4.pdf,official_daily_result_pdf
201101020404,2011,札幌,2,4,4,2011-09-19,https://www.jra.go.jp/datafile/seiseki/report/2011/2011-2sapporo4.pdf,official_daily_result_pdf
201101020405,2011,札幌,2,4,5,2011-09-19,https://www.jra.go.jp/datafile/seiseki/report/2011/2011-2sapporo4.pdf,official_daily_result_pdf
201101020406,2011,札幌,2,4,6,2011-09-19,https://www.jra.go.jp/datafile/seiseki/report/2011/2011-2sapporo4.pdf,official_daily_result_pdf
201101020407,2011,札幌,2,4,7,2011-09-19,https://www.jra.go.jp/datafile/seiseki/report/2011/2011-2sapporo4.pdf,official_daily_result_pdf
201101020408,2011,札幌,2,4,8,2011-09-19,https://www.jra.go.jp/datafile/seiseki/report/2011/2011-2sapporo4.pdf,official_daily_result_pdf
201101020409,2011,札幌,2,4,9,2011-09-19,https://www.jra.go.jp/datafile/seiseki/report/2011/2011-2sapporo4.pdf,official_daily_result_pdf
201101020410,2011,札幌,2,4,10,2011-09-19,https://www.jra.go.jp/datafile/seiseki/report/2011/2011-2sapporo4.pdf,official_daily_result_pdf
201101020411,2011,札幌,2,4,11,2011-09-19,https://www.jra.go.jp/datafile/seiseki/report/2011/2011-2sapporo4.pdf,official_daily_result_pdf
201101020412,2011,札幌,2,4,12,2011-09-19,https://www.jra.go.jp/datafile/seiseki/report/2011/2011-2sapporo4.pdf,official_daily_result_pdf
201101020501,2011,札幌,2,5,1,2011-09-24,https://www.jra.go.jp/datafile/seiseki/report/2011/2011-2sapporo5.pdf,official_daily_result_pdf
201101020502,2011,札幌,2,5,2,2011-09-24,https://www.jra.go.jp/datafile/seiseki/report/2011/2011-2sapporo5.pdf,official_daily_result_pdf
201101020503,2011,札幌,2,5,3,2011-09-24,https://www.jra.go.jp/datafile/seiseki/report/2011/2011-2sapporo5.pdf,official_daily_result_pdf
201101020504,2011,札幌,2,5,4,2011-09-24,https://www.jra.go.jp/datafile/seiseki/report/2011/2011-2sapporo5.pdf,official_daily_result_pdf
201101020505,2011,札幌,2,5,5,2011-09-24,https://www.jra.go.jp/datafile/seiseki/report/2011/2011-2sapporo5.pdf,official_daily_result_pdf
201101020506,2011,札幌,2,5,6,2011-09-24,https://www.jra.go.jp/datafile/seiseki/report/2011/2011-2sapporo5.pdf,official_daily_result_pdf
201101020507,2011,札幌,2,5,7,2011-09-24,https://www.jra.go.jp/datafile/seiseki/report/2011/2011-2sapporo5.pdf,official_daily_result_pdf
201101020508,2011,札幌,2,5,8,2011-09-24,https://www.jra.go.jp/datafile/seiseki/report/2011/2011-2sapporo5.pdf,official_daily_result_pdf
201101020509,2011,札幌,2,5,9,2011-09-24,https://www.jra.go.jp/datafile/seiseki/report/2011/2011-2sapporo5.pdf,official_daily_result_pdf
201101020510,2011,札幌,2,5,10,2011-09-24,https://www.jra.go.jp/datafile/seiseki/report/2011/2011-2sapporo5.pdf,official_daily_result_pdf
201101020511,2011,札幌,2,5,11,2011-09-24,https://www.jra.go.jp/datafile/seiseki/report/2011/2011-2sapporo5.pdf,official_daily_result_pdf
201101020512,2011,札幌,2,5,12,2011-09-24,https://www.jra.go.jp/datafile/seiseki/report/2011/2011-2sapporo5.pdf,official_daily_result_pdf
201101020601,2011,札幌,2,6,1,2011-09-25,https://www.jra.go.jp/datafile/seiseki/report/2011/2011-2sapporo6.pdf,official_daily_result_pdf
201101020602,2011,札幌,2,6,2,2011-09-25,https://www.jra.go.jp/datafile/seiseki/report/2011/2011-2sapporo6.pdf,official_daily_result_pdf
201101020603,2011,札幌,2,6,3,2011-09-25,https://www.jra.go.jp/datafile/seiseki/report/2011/2011-2sapporo6.pdf,official_daily_result_pdf
201101020604,2011,札幌,2,6,4,2011-09-25,https://www.jra.go.jp/datafile/seiseki/report/2011/2011-2sapporo6.pdf,official_daily_result_pdf
201101020605,2011,札幌,2,6,5,2011-09-25,https://www.jra.go.jp/datafile/seiseki/report/2011/2011-2sapporo6.pdf,official_daily_result_pdf
201101020606,2011,札幌,2,6,6,2011-09-25,https://www.jra.go.jp/datafile/seiseki/report/2011/2011-2sapporo6.pdf,official_daily_result_pdf
201101020607,2011,札幌,2,6,7,2011-09-25,https://www.jra.go.jp/datafile/seiseki/report/2011/2011-2sapporo6.pdf,official_daily_result_pdf
201101020608,2011,札幌,2,6,8,2011-09-25,https://www.jra.go.jp/datafile/seiseki/report/2011/2011-2sapporo6.pdf,official_daily_result_pdf
201101020609,2011,札幌,2,6,9,2011-09-25,https://www.jra.go.jp/datafile/seiseki/report/2011/2011-2sapporo6.pdf,official_daily_result_pdf
201101020610,2011,札幌,2,6,10,2011-09-25,https://www.jra.go.jp/datafile/seiseki/report/2011/2011-2sapporo6.pdf,official_daily_result_pdf
201101020611,2011,札幌,2,6,11,2011-09-25,https://www.jra.go.jp/datafile/seiseki/report/2011/2011-2sapporo6.pdf,official_daily_result_pdf
201101020612,2011,札幌,2,6,12,2011-09-25,https://www.jra.go.jp/datafile/seiseki/report/2011/2011-2sapporo6.pdf,official_daily_result_pdf
201101020701,2011,札幌,2,7,1,2011-10-01,https://www.jra.go.jp/datafile/seiseki/report/2011/2011-2sapporo7.pdf,official_daily_result_pdf
201101020702,2011,札幌,2,7,2,2011-10-01,https://www.jra.go.jp/datafile/seiseki/report/2011/2011-2sapporo7.pdf,official_daily_result_pdf
201101020703,2011,札幌,2,7,3,2011-10-01,https://www.jra.go.jp/datafile/seiseki/report/2011/2011-2sapporo7.pdf,official_daily_result_pdf
201101020704,2011,札幌,2,7,4,2011-10-01,https://www.jra.go.jp/datafile/seiseki/report/2011/2011-2sapporo7.pdf,official_daily_result_pdf
201101020705,2011,札幌,2,7,5,2011-10-01,https://www.jra.go.jp/datafile/seiseki/report/2011/2011-2sapporo7.pdf,official_daily_result_pdf
201101020706,2011,札幌,2,7,6,2011-10-01,https://www.jra.go.jp/datafile/seiseki/report/2011/2011-2sapporo7.pdf,official_daily_result_pdf
201101020707,2011,札幌,2,7,7,2011-10-01,https://www.jra.go.jp/datafile/seiseki/report/2011/2011-2sapporo7.pdf,official_daily_result_pdf
201101020708,2011,札幌,2,7,8,2011-10-01,https://www.jra.go.jp/datafile/seiseki/report/2011/2011-2sapporo7.pdf,official_daily_result_pdf
201101020709,2011,札幌,2,7,9,2011-10-01,https://www.jra.go.jp/datafile/seiseki/report/2011/2011-2sapporo7.pdf,official_daily_result_pdf
201101020710,2011,札幌,2,7,10,2011-10-01,https://www.jra.go.jp/datafile/seiseki/report/2011/2011-2sapporo7.pdf,official_daily_result_pdf
201101020711,2011,札幌,2,7,11,2011-10-01,https://www.jra.go.jp/datafile/seiseki/report/2011/2011-2sapporo7.pdf,official_daily_result_pdf
201101020712,2011,札幌,2,7,12,2011-10-01,https://www.jra.go.jp/datafile/seiseki/report/2011/2011-2sapporo7.pdf,official_daily_result_pdf
201101020801,2011,札幌,2,8,1,2011-10-02,https://www.jra.go.jp/datafile/seiseki/report/2011/2011-2sapporo8.pdf,official_daily_result_pdf
201101020802,2011,札幌,2,8,2,2011-10-02,https://www.jra.go.jp/datafile/seiseki/report/2011/2011-2sapporo8.pdf,official_daily_result_pdf
201101020803,2011,札幌,2,8,3,2011-10-02,https://www.jra.go.jp/datafile/seiseki/report/2011/2011-2sapporo8.pdf,official_daily_result_pdf
201101020804,2011,札幌,2,8,4,2011-10-02,https://www.jra.go.jp/datafile/seiseki/report/2011/2011-2sapporo8.pdf,official_daily_result_pdf
201101020805,2011,札幌,2,8,5,2011-10-02,https://www.jra.go.jp/datafile/seiseki/report/2011/2011-2sapporo8.pdf,official_daily_result_pdf
201101020806,2011,札幌,2,8,6,2011-10-02,https://www.jra.go.jp/datafile/seiseki/report/2011/2011-2sapporo8.pdf,official_daily_result_pdf
201101020807,2011,札幌,2,8,7,2011-10-02,https://www.jra.go.jp/datafile/seiseki/report/2011/2011-2sapporo8.pdf,official_daily_result_pdf
201101020808,2011,札幌,2,8,8,2011-10-02,https://www.jra.go.jp/datafile/seiseki/report/2011/2011-2sapporo8.pdf,official_daily_result_pdf
201101020809,2011,札幌,2,8,9,2011-10-02,https://www.jra.go.jp/datafile/seiseki/report/2011/2011-2sapporo8.pdf,official_daily_result_pdf
201101020810,2011,札幌,2,8,10,2011-10-02,https://www.jra.go.jp/datafile/seiseki/report/2011/2011-2sapporo8.pdf,official_daily_result_pdf
201101020811,2011,札幌,2,8,11,2011-10-02,https://www.jra.go.jp/datafile/seiseki/report/2011/2011-2sapporo8.pdf,official_daily_result_pdf
201101020812,2011,札幌,2,8,12,2011-10-02,https://www.jra.go.jp/datafile/seiseki/report/2011/2011-2sapporo8.pdf,official_daily_result_pdf
201102010101,2011,函館,1,1,1,2011-06-18,https://www.jra.go.jp/datafile/seiseki/report/2011/2011-1hakodate1.pdf,official_daily_result_pdf
201102010102,2011,函館,1,1,2,2011-06-18,https://www.jra.go.jp/datafile/seiseki/report/2011/2011-1hakodate1.pdf,official_daily_result_pdf
201102010103,2011,函館,1,1,3,2011-06-18,https://www.jra.go.jp/datafile/seiseki/report/2011/2011-1hakodate1.pdf,official_daily_result_pdf
201102010104,2011,函館,1,1,4,2011-06-18,https://www.jra.go.jp/datafile/seiseki/report/2011/2011-1hakodate1.pdf,official_daily_result_pdf
201102010105,2011,函館,1,1,5,2011-06-18,https://www.jra.go.jp/datafile/seiseki/report/2011/2011-1hakodate1.pdf,official_daily_result_pdf
201102010106,2011,函館,1,1,6,2011-06-18,https://www.jra.go.jp/datafile/seiseki/report/2011/2011-1hakodate1.pdf,official_daily_result_pdf
201102010107,2011,函館,1,1,7,2011-06-18,https://www.jra.go.jp/datafile/seiseki/report/2011/2011-1hakodate1.pdf,official_daily_result_pdf
201102010108,2011,函館,1,1,8,2011-06-18,https://www.jra.go.jp/datafile/seiseki/report/2011/2011-1hakodate1.pdf,official_daily_result_pdf
201102010109,2011,函館,1,1,9,2011-06-18,https://www.jra.go.jp/datafile/seiseki/report/2011/2011-1hakodate1.pdf,official_daily_result_pdf
201102010110,2011,函館,1,1,10,2011-06-18,https://www.jra.go.jp/datafile/seiseki/report/2011/2011-1hakodate1.pdf,official_daily_result_pdf
201102010111,2011,函館,1,1,11,2011-06-18,https://www.jra.go.jp/datafile/seiseki/report/2011/2011-1hakodate1.pdf,official_daily_result_pdf
201102010112,2011,函館,1,1,12,2011-06-18,https://www.jra.go.jp/datafile/seiseki/report/2011/2011-1hakodate1.pdf,official_daily_result_pdf
201102010201,2011,函館,1,2,1,2011-06-19,https://www.jra.go.jp/datafile/seiseki/report/2011/2011-1hakodate2.pdf,official_daily_result_pdf
201102010202,2011,函館,1,2,2,2011-06-19,https://www.jra.go.jp/datafile/seiseki/report/2011/2011-1hakodate2.pdf,official_daily_result_pdf
201102010203,2011,函館,1,2,3,2011-06-19,https://www.jra.go.jp/datafile/seiseki/report/2011/2011-1hakodate2.pdf,official_daily_result_pdf
201102010204,2011,函館,1,2,4,2011-06-19,https://www.jra.go.jp/datafile/seiseki/report/2011/2011-1hakodate2.pdf,official_daily_result_pdf
201102010205,2011,函館,1,2,5,2011-06-19,https://www.jra.go.jp/datafile/seiseki/report/2011/2011-1hakodate2.pdf,official_daily_result_pdf
201102010206,2011,函館,1,2,6,2011-06-19,https://www.jra.go.jp/datafile/seiseki/report/2011/2011-1hakodate2.pdf,official_daily_result_pdf
201102010207,2011,函館,1,2,7,2011-06-19,https://www.jra.go.jp/datafile/seiseki/report/2011/2011-1hakodate2.pdf,official_daily_result_pdf
201102010208,2011,函館,1,2,8,2011-06-19,https://www.jra.go.jp/datafile/seiseki/report/2011/2011-1hakodate2.pdf,official_daily_result_pdf
201102010209,2011,函館,1,2,9,2011-06-19,https://www.jra.go.jp/datafile/seiseki/report/2011/2011-1hakodate2.pdf,official_daily_result_pdf
201102010210,2011,函館,1,2,10,2011-06-19,https://www.jra.go.jp/datafile/seiseki/report/2011/2011-1hakodate2.pdf,official_daily_result_pdf
201102010211,2011,函館,1,2,11,2011-06-19,https://www.jra.go.jp/datafile/seiseki/report/2011/2011-1hakodate2.pdf,official_daily_result_pdf
201102010212,2011,函館,1,2,12,2011-06-19,https://www.jra.go.jp/datafile/seiseki/report/2011/2011-1hakodate2.pdf,official_daily_result_pdf
201102010301,2011,函館,1,3,1,2011-06-25,https://www.jra.go.jp/datafile/seiseki/report/2011/2011-1hakodate3.pdf,official_daily_result_pdf
201102010302,2011,函館,1,3,2,2011-06-25,https://www.jra.go.jp/datafile/seiseki/report/2011/2011-1hakodate3.pdf,official_daily_result_pdf
201102010303,2011,函館,1,3,3,2011-06-25,https://www.jra.go.jp/datafile/seiseki/report/2011/2011-1hakodate3.pdf,official_daily_result_pdf
201102010304,2011,函館,1,3,4,2011-06-25,https://www.jra.go.jp/datafile/seiseki/report/2011/2011-1hakodate3.pdf,official_daily_result_pdf
201102010305,2011,函館,1,3,5,2011-06-25,https://www.jra.go.jp/datafile/seiseki/report/2011/2011-1hakodate3.pdf,official_daily_result_pdf
201102010306,2011,函館,1,3,6,2011-06-25,https://www.jra.go.jp/datafile/seiseki/report/2011/2011-1hakodate3.pdf,official_daily_result_pdf
201102010307,2011,函館,1,3,7,2011-06-25,https://www.jra.go.jp/datafile/seiseki/report/2011/2011-1hakodate3.pdf,official_daily_result_pdf
201102010308,2011,函館,1,3,8,2011-06-25,https://www.jra.go.jp/datafile/seiseki/report/2011/2011-1hakodate3.pdf,official_daily_result_pdf
201102010309,2011,函館,1,3,9,2011-06-25,https://www.jra.go.jp/datafile/seiseki/report/2011/2011-1hakodate3.pdf,official_daily_result_pdf
201102010310,2011,函館,1,3,10,2011-06-25,https://www.jra.go.jp/datafile/seiseki/report/2011/2011-1hakodate3.pdf,official_daily_result_pdf
201102010311,2011,函館,1,3,11,2011-06-25,https://www.jra.go.jp/datafile/seiseki/report/2011/2011-1hakodate3.pdf,official_daily_result_pdf
201102010312,2011,函館,1,3,12,2011-06-25,https://www.jra.go.jp/datafile/seiseki/report/2011/2011-1hakodate3.pdf,official_daily_result_pdf
201102010401,2011,函館,1,4,1,2011-06-26,https://www.jra.go.jp/datafile/seiseki/report/2011/2011-1hakodate4.pdf,official_daily_result_pdf
201102010402,2011,函館,1,4,2,2011-06-26,https://www.jra.go.jp/datafile/seiseki/report/2011/2011-1hakodate4.pdf,official_daily_result_pdf
201102010403,2011,函館,1,4,3,2011-06-26,https://www.jra.go.jp/datafile/seiseki/report/2011/2011-1hakodate4.pdf,official_daily_result_pdf
201102010404,2011,函館,1,4,4,2011-06-26,https://www.jra.go.jp/datafile/seiseki/report/2011/2011-1hakodate4.pdf,official_daily_result_pdf
201102010405,2011,函館,1,4,5,2011-06-26,https://www.jra.go.jp/datafile/seiseki/report/2011/2011-1hakodate4.pdf,official_daily_result_pdf
201102010406,2011,函館,1,4,6,2011-06-26,https://www.jra.go.jp/datafile/seiseki/report/2011/2011-1hakodate4.pdf,official_daily_result_pdf
201102010407,2011,函館,1,4,7,2011-06-26,https://www.jra.go.jp/datafile/seiseki/report/2011/2011-1hakodate4.pdf,official_daily_result_pdf
201102010408,2011,函館,1,4,8,2011-06-26,https://www.jra.go.jp/datafile/seiseki/report/2011/2011-1hakodate4.pdf,official_daily_result_pdf
201102010409,2011,函館,1,4,9,2011-06-26,https://www.jra.go.jp/datafile/seiseki/report/2011/2011-1hakodate4.pdf,official_daily_result_pdf
201102010410,2011,函館,1,4,10,2011-06-26,https://www.jra.go.jp/datafile/seiseki/report/2011/2011-1hakodate4.pdf,official_daily_result_pdf
201102010411,2011,函館,1,4,11,2011-06-26,https://www.jra.go.jp/datafile/seiseki/report/2011/2011-1hakodate4.pdf,official_daily_result_pdf
201102010412,2011,函館,1,4,12,2011-06-26,https://www.jra.go.jp/datafile/seiseki/report/2011/2011-1hakodate4.pdf,official_daily_result_pdf
201102010501,2011,函館,1,5,1,2011-07-02,https://www.jra.go.jp/datafile/seiseki/report/2011/2011-1hakodate5.pdf,official_daily_result_pdf
201102010502,2011,函館,1,5,2,2011-07-02,https://www.jra.go.jp/datafile/seiseki/report/2011/2011-1hakodate5.pdf,official_daily_result_pdf
201102010503,2011,函館,1,5,3,2011-07-02,https://www.jra.go.jp/datafile/seiseki/report/2011/2011-1hakodate5.pdf,official_daily_result_pdf
201102010504,2011,函館,1,5,4,2011-07-02,https://www.jra.go.jp/datafile/seiseki/report/2011/2011-1hakodate5.pdf,official_daily_result_pdf
201102010505,2011,函館,1,5,5,2011-07-02,https://www.jra.go.jp/datafile/seiseki/report/2011/2011-1hakodate5.pdf,official_daily_result_pdf
201102010506,2011,函館,1,5,6,2011-07-02,https://www.jra.go.jp/datafile/seiseki/report/2011/2011-1hakodate5.pdf,official_daily_result_pdf
201102010507,2011,函館,1,5,7,2011-07-02,https://www.jra.go.jp/datafile/seiseki/report/2011/2011-1hakodate5.pdf,official_daily_result_pdf
201102010508,2011,函館,1,5,8,2011-07-02,https://www.jra.go.jp/datafile/seiseki/report/2011/2011-1hakodate5.pdf,official_daily_result_pdf
201102010509,2011,函館,1,5,9,2011-07-02,https://www.jra.go.jp/datafile/seiseki/report/2011/2011-1hakodate5.pdf,official_daily_result_pdf
201102010510,2011,函館,1,5,10,2011-07-02,https://www.jra.go.jp/datafile/seiseki/report/2011/2011-1hakodate5.pdf,official_daily_result_pdf
201102010511,2011,函館,1,5,11,2011-07-02,https://www.jra.go.jp/datafile/seiseki/report/2011/2011-1hakodate5.pdf,official_daily_result_pdf
201102010512,2011,函館,1,5,12,2011-07-02,https://www.jra.go.jp/datafile/seiseki/report/2011/2011-1hakodate5.pdf,official_daily_result_pdf
201102010601,2011,函館,1,6,1,2011-07-03,https://www.jra.go.jp/datafile/seiseki/report/2011/2011-1hakodate6.pdf,official_daily_result_pdf
201102010602,2011,函館,1,6,2,2011-07-03,https://www.jra.go.jp/datafile/seiseki/report/2011/2011-1hakodate6.pdf,official_daily_result_pdf
201102010603,2011,函館,1,6,3,2011-07-03,https://www.jra.go.jp/datafile/seiseki/report/2011/2011-1hakodate6.pdf,official_daily_result_pdf
201102010604,2011,函館,1,6,4,2011-07-03,https://www.jra.go.jp/datafile/seiseki/report/2011/2011-1hakodate6.pdf,official_daily_result_pdf
201102010605,2011,函館,1,6,5,2011-07-03,https://www.jra.go.jp/datafile/seiseki/report/2011/2011-1hakodate6.pdf,official_daily_result_pdf
201102010606,2011,函館,1,6,6,2011-07-03,https://www.jra.go.jp/datafile/seiseki/report/2011/2011-1hakodate6.pdf,official_daily_result_pdf
201102010607,2011,函館,1,6,7,2011-07-03,https://www.jra.go.jp/datafile/seiseki/report/2011/2011-1hakodate6.pdf,official_daily_result_pdf
201102010608,2011,函館,1,6,8,2011-07-03,https://www.jra.go.jp/datafile/seiseki/report/2011/2011-1hakodate6.pdf,official_daily_result_pdf
201102010609,2011,函館,1,6,9,2011-07-03,https://www.jra.go.jp/datafile/seiseki/report/2011/2011-1hakodate6.pdf,official_daily_result_pdf
201102010610,2011,函館,1,6,10,2011-07-03,https://www.jra.go.jp/datafile/seiseki/report/2011/2011-1hakodate6.pdf,official_daily_result_pdf
201102010611,2011,函館,1,6,11,2011-07-03,https://www.jra.go.jp/datafile/seiseki/report/2011/2011-1hakodate6.pdf,official_daily_result_pdf
201102010612,2011,函館,1,6,12,2011-07-03,https://www.jra.go.jp/datafile/seiseki/report/2011/2011-1hakodate6.pdf,official_daily_result_pdf
201102010701,2011,函館,1,7,1,2011-07-09,https://www.jra.go.jp/datafile/seiseki/report/2011/2011-1hakodate7.pdf,official_daily_result_pdf
201102010702,2011,函館,1,7,2,2011-07-09,https://www.jra.go.jp/datafile/seiseki/report/2011/2011-1hakodate7.pdf,official_daily_result_pdf
201102010703,2011,函館,1,7,3,2011-07-09,https://www.jra.go.jp/datafile/seiseki/report/2011/2011-1hakodate7.pdf,official_daily_result_pdf
201102010704,2011,函館,1,7,4,2011-07-09,https://www.jra.go.jp/datafile/seiseki/report/2011/2011-1hakodate7.pdf,official_daily_result_pdf
201102010705,2011,函館,1,7,5,2011-07-09,https://www.jra.go.jp/datafile/seiseki/report/2011/2011-1hakodate7.pdf,official_daily_result_pdf
201102010706,2011,函館,1,7,6,2011-07-09,https://www.jra.go.jp/datafile/seiseki/report/2011/2011-1hakodate7.pdf,official_daily_result_pdf
201102010707,2011,函館,1,7,7,2011-07-09,https://www.jra.go.jp/datafile/seiseki/report/2011/2011-1hakodate7.pdf,official_daily_result_pdf
201102010708,2011,函館,1,7,8,2011-07-09,https://www.jra.go.jp/datafile/seiseki/report/2011/2011-1hakodate7.pdf,official_daily_result_pdf
201102010709,2011,函館,1,7,9,2011-07-09,https://www.jra.go.jp/datafile/seiseki/report/2011/2011-1hakodate7.pdf,official_daily_result_pdf
201102010710,2011,函館,1,7,10,2011-07-09,https://www.jra.go.jp/datafile/seiseki/report/2011/2011-1hakodate7.pdf,official_daily_result_pdf
201102010711,2011,函館,1,7,11,2011-07-09,https://www.jra.go.jp/datafile/seiseki/report/2011/2011-1hakodate7.pdf,official_daily_result_pdf
201102010712,2011,函館,1,7,12,2011-07-09,https://www.jra.go.jp/datafile/seiseki/report/2011/2011-1hakodate7.pdf,official_daily_result_pdf
201102010801,2011,函館,1,8,1,2011-07-10,https://www.jra.go.jp/datafile/seiseki/report/2011/2011-1hakodate8.pdf,official_daily_result_pdf
201102010802,2011,函館,1,8,2,2011-07-10,https://www.jra.go.jp/datafile/seiseki/report/2011/2011-1hakodate8.pdf,official_daily_result_pdf
201102010803,2011,函館,1,8,3,2011-07-10,https://www.jra.go.jp/datafile/seiseki/report/2011/2011-1hakodate8.pdf,official_daily_result_pdf
201102010804,2011,函館,1,8,4,2011-07-10,https://www.jra.go.jp/datafile/seiseki/report/2011/2011-1hakodate8.pdf,official_daily_result_pdf
201102010805,2011,函館,1,8,5,2011-07-10,https://www.jra.go.jp/datafile/seiseki/report/2011/2011-1hakodate8.pdf,official_daily_result_pdf
201102010806,2011,函館,1,8,6,2011-07-10,https://www.jra.go.jp/datafile/seiseki/report/2011/2011-1hakodate8.pdf,official_daily_result_pdf
201102010807,2011,函館,1,8,7,2011-07-10,https://www.jra.go.jp/datafile/seiseki/report/2011/2011-1hakodate8.pdf,official_daily_result_pdf
201102010808,2011,函館,1,8,8,2011-07-10,https://www.jra.go.jp/datafile/seiseki/report/2011/2011-1hakodate8.pdf,official_daily_result_pdf
201102010809,2011,函館,1,8,9,2011-07-10,https://www.jra.go.jp/datafile/seiseki/report/2011/2011-1hakodate8.pdf,official_daily_result_pdf
201102010810,2011,函館,1,8,10,2011-07-10,https://www.jra.go.jp/datafile/seiseki/report/2011/2011-1hakodate8.pdf,official_daily_result_pdf
201102010811,2011,函館,1,8,11,2011-07-10,https://www.jra.go.jp/datafile/seiseki/report/2011/2011-1hakodate8.pdf,official_daily_result_pdf
201102010812,2011,函館,1,8,12,2011-07-10,https://www.jra.go.jp/datafile/seiseki/report/2011/2011-1hakodate8.pdf,official_daily_result_pdf
201102020101,2011,函館,2,1,1,2011-07-16,https://www.jra.go.jp/datafile/seiseki/report/2011/2011-2hakodate1.pdf,official_daily_result_pdf
201102020102,2011,函館,2,1,2,2011-07-16,https://www.jra.go.jp/datafile/seiseki/report/2011/2011-2hakodate1.pdf,official_daily_result_pdf
201102020103,2011,函館,2,1,3,2011-07-16,https://www.jra.go.jp/datafile/seiseki/report/2011/2011-2hakodate1.pdf,official_daily_result_pdf
201102020104,2011,函館,2,1,4,2011-07-16,https://www.jra.go.jp/datafile/seiseki/report/2011/2011-2hakodate1.pdf,official_daily_result_pdf
201102020105,2011,函館,2,1,5,2011-07-16,https://www.jra.go.jp/datafile/seiseki/report/2011/2011-2hakodate1.pdf,official_daily_result_pdf
201102020106,2011,函館,2,1,6,2011-07-16,https://www.jra.go.jp/datafile/seiseki/report/2011/2011-2hakodate1.pdf,official_daily_result_pdf
201102020107,2011,函館,2,1,7,2011-07-16,https://www.jra.go.jp/datafile/seiseki/report/2011/2011-2hakodate1.pdf,official_daily_result_pdf
201102020108,2011,函館,2,1,8,2011-07-16,https://www.jra.go.jp/datafile/seiseki/report/2011/2011-2hakodate1.pdf,official_daily_result_pdf
201102020109,2011,函館,2,1,9,2011-07-16,https://www.jra.go.jp/datafile/seiseki/report/2011/2011-2hakodate1.pdf,official_daily_result_pdf
201102020110,2011,函館,2,1,10,2011-07-16,https://www.jra.go.jp/datafile/seiseki/report/2011/2011-2hakodate1.pdf,official_daily_result_pdf
201102020111,2011,函館,2,1,11,2011-07-16,https://www.jra.go.jp/datafile/seiseki/report/2011/2011-2hakodate1.pdf,official_daily_result_pdf
201102020112,2011,函館,2,1,12,2011-07-16,https://www.jra.go.jp/datafile/seiseki/report/2011/2011-2hakodate1.pdf,official_daily_result_pdf
201102020201,2011,函館,2,2,1,2011-07-17,https://www.jra.go.jp/datafile/seiseki/report/2011/2011-2hakodate2.pdf,official_daily_result_pdf
201102020202,2011,函館,2,2,2,2011-07-17,https://www.jra.go.jp/datafile/seiseki/report/2011/2011-2hakodate2.pdf,official_daily_result_pdf
201102020203,2011,函館,2,2,3,2011-07-17,https://www.jra.go.jp/datafile/seiseki/report/2011/2011-2hakodate2.pdf,official_daily_result_pdf
201102020204,2011,函館,2,2,4,2011-07-17,https://www.jra.go.jp/datafile/seiseki/report/2011/2011-2hakodate2.pdf,official_daily_result_pdf
201102020205,2011,函館,2,2,5,2011-07-17,https://www.jra.go.jp/datafile/seiseki/report/2011/2011-2hakodate2.pdf,official_daily_result_pdf
201102020206,2011,函館,2,2,6,2011-07-17,https://www.jra.go.jp/datafile/seiseki/report/2011/2011-2hakodate2.pdf,official_daily_result_pdf
201102020207,2011,函館,2,2,7,2011-07-17,https://www.jra.go.jp/datafile/seiseki/report/2011/2011-2hakodate2.pdf,official_daily_result_pdf
201102020208,2011,函館,2,2,8,2011-07-17,https://www.jra.go.jp/datafile/seiseki/report/2011/2011-2hakodate2.pdf,official_daily_result_pdf
201102020209,2011,函館,2,2,9,2011-07-17,https://www.jra.go.jp/datafile/seiseki/report/2011/2011-2hakodate2.pdf,official_daily_result_pdf
201102020210,2011,函館,2,2,10,2011-07-17,https://www.jra.go.jp/datafile/seiseki/report/2011/2011-2hakodate2.pdf,official_daily_result_pdf
201102020211,2011,函館,2,2,11,2011-07-17,https://www.jra.go.jp/datafile/seiseki/report/2011/2011-2hakodate2.pdf,official_daily_result_pdf
201102020212,2011,函館,2,2,12,2011-07-17,https://www.jra.go.jp/datafile/seiseki/report/2011/2011-2hakodate2.pdf,official_daily_result_pdf
201102020301,2011,函館,2,3,1,2011-07-23,https://www.jra.go.jp/datafile/seiseki/report/2011/2011-2hakodate3.pdf,official_daily_result_pdf
201102020302,2011,函館,2,3,2,2011-07-23,https://www.jra.go.jp/datafile/seiseki/report/2011/2011-2hakodate3.pdf,official_daily_result_pdf
201102020303,2011,函館,2,3,3,2011-07-23,https://www.jra.go.jp/datafile/seiseki/report/2011/2011-2hakodate3.pdf,official_daily_result_pdf
201102020304,2011,函館,2,3,4,2011-07-23,https://www.jra.go.jp/datafile/seiseki/report/2011/2011-2hakodate3.pdf,official_daily_result_pdf
201102020305,2011,函館,2,3,5,2011-07-23,https://www.jra.go.jp/datafile/seiseki/report/2011/2011-2hakodate3.pdf,official_daily_result_pdf
201102020306,2011,函館,2,3,6,2011-07-23,https://www.jra.go.jp/datafile/seiseki/report/2011/2011-2hakodate3.pdf,official_daily_result_pdf
201102020307,2011,函館,2,3,7,2011-07-23,https://www.jra.go.jp/datafile/seiseki/report/2011/2011-2hakodate3.pdf,official_daily_result_pdf
201102020308,2011,函館,2,3,8,2011-07-23,https://www.jra.go.jp/datafile/seiseki/report/2011/2011-2hakodate3.pdf,official_daily_result_pdf
201102020309,2011,函館,2,3,9,2011-07-23,https://www.jra.go.jp/datafile/seiseki/report/2011/2011-2hakodate3.pdf,official_daily_result_pdf
201102020310,2011,函館,2,3,10,2011-07-23,https://www.jra.go.jp/datafile/seiseki/report/2011/2011-2hakodate3.pdf,official_daily_result_pdf
201102020311,2011,函館,2,3,11,2011-07-23,https://www.jra.go.jp/datafile/seiseki/report/2011/2011-2hakodate3.pdf,official_daily_result_pdf
201102020312,2011,函館,2,3,12,2011-07-23,https://www.jra.go.jp/datafile/seiseki/report/2011/2011-2hakodate3.pdf,official_daily_result_pdf
201102020401,2011,函館,2,4,1,2011-07-24,https://www.jra.go.jp/datafile/seiseki/report/2011/2011-2hakodate4.pdf,official_daily_result_pdf
201102020402,2011,函館,2,4,2,2011-07-24,https://www.jra.go.jp/datafile/seiseki/report/2011/2011-2hakodate4.pdf,official_daily_result_pdf
201102020403,2011,函館,2,4,3,2011-07-24,https://www.jra.go.jp/datafile/seiseki/report/2011/2011-2hakodate4.pdf,official_daily_result_pdf
201102020404,2011,函館,2,4,4,2011-07-24,https://www.jra.go.jp/datafile/seiseki/report/2011/2011-2hakodate4.pdf,official_daily_result_pdf
201102020405,2011,函館,2,4,5,2011-07-24,https://www.jra.go.jp/datafile/seiseki/report/2011/2011-2hakodate4.pdf,official_daily_result_pdf
201102020406,2011,函館,2,4,6,2011-07-24,https://www.jra.go.jp/datafile/seiseki/report/2011/2011-2hakodate4.pdf,official_daily_result_pdf
201102020407,2011,函館,2,4,7,2011-07-24,https://www.jra.go.jp/datafile/seiseki/report/2011/2011-2hakodate4.pdf,official_daily_result_pdf
201102020408,2011,函館,2,4,8,2011-07-24,https://www.jra.go.jp/datafile/seiseki/report/2011/2011-2hakodate4.pdf,official_daily_result_pdf
201102020409,2011,函館,2,4,9,2011-07-24,https://www.jra.go.jp/datafile/seiseki/report/2011/2011-2hakodate4.pdf,official_daily_result_pdf
201102020410,2011,函館,2,4,10,2011-07-24,https://www.jra.go.jp/datafile/seiseki/report/2011/2011-2hakodate4.pdf,official_daily_result_pdf
201102020411,2011,函館,2,4,11,2011-07-24,https://www.jra.go.jp/datafile/seiseki/report/2011/2011-2hakodate4.pdf,official_daily_result_pdf
201102020412,2011,函館,2,4,12,2011-07-24,https://www.jra.go.jp/datafile/seiseki/report/2011/2011-2hakodate4.pdf,official_daily_result_pdf
201102020501,2011,函館,2,5,1,2011-07-30,https://www.jra.go.jp/datafile/seiseki/report/2011/2011-2hakodate5.pdf,official_daily_result_pdf
201102020502,2011,函館,2,5,2,2011-07-30,https://www.jra.go.jp/datafile/seiseki/report/2011/2011-2hakodate5.pdf,official_daily_result_pdf
201102020503,2011,函館,2,5,3,2011-07-30,https://www.jra.go.jp/datafile/seiseki/report/2011/2011-2hakodate5.pdf,official_daily_result_pdf
201102020504,2011,函館,2,5,4,2011-07-30,https://www.jra.go.jp/datafile/seiseki/report/2011/2011-2hakodate5.pdf,official_daily_result_pdf
201102020505,2011,函館,2,5,5,2011-07-30,https://www.jra.go.jp/datafile/seiseki/report/2011/2011-2hakodate5.pdf,official_daily_result_pdf
201102020506,2011,函館,2,5,6,2011-07-30,https://www.jra.go.jp/datafile/seiseki/report/2011/2011-2hakodate5.pdf,official_daily_result_pdf
201102020507,2011,函館,2,5,7,2011-07-30,https://www.jra.go.jp/datafile/seiseki/report/2011/2011-2hakodate5.pdf,official_daily_result_pdf
201102020508,2011,函館,2,5,8,2011-07-30,https://www.jra.go.jp/datafile/seiseki/report/2011/2011-2hakodate5.pdf,official_daily_result_pdf
201102020509,2011,函館,2,5,9,2011-07-30,https://www.jra.go.jp/datafile/seiseki/report/2011/2011-2hakodate5.pdf,official_daily_result_pdf
201102020510,2011,函館,2,5,10,2011-07-30,https://www.jra.go.jp/datafile/seiseki/report/2011/2011-2hakodate5.pdf,official_daily_result_pdf
201102020511,2011,函館,2,5,11,2011-07-30,https://www.jra.go.jp/datafile/seiseki/report/2011/2011-2hakodate5.pdf,official_daily_result_pdf
201102020512,2011,函館,2,5,12,2011-07-30,https://www.jra.go.jp/datafile/seiseki/report/2011/2011-2hakodate5.pdf,official_daily_result_pdf
201102020601,2011,函館,2,6,1,2011-07-31,https://www.jra.go.jp/datafile/seiseki/report/2011/2011-2hakodate6.pdf,official_daily_result_pdf
201102020602,2011,函館,2,6,2,2011-07-31,https://www.jra.go.jp/datafile/seiseki/report/2011/2011-2hakodate6.pdf,official_daily_result_pdf
201102020603,2011,函館,2,6,3,2011-07-31,https://www.jra.go.jp/datafile/seiseki/report/2011/2011-2hakodate6.pdf,official_daily_result_pdf
201102020604,2011,函館,2,6,4,2011-07-31,https://www.jra.go.jp/datafile/seiseki/report/2011/2011-2hakodate6.pdf,official_daily_result_pdf
201102020605,2011,函館,2,6,5,2011-07-31,https://www.jra.go.jp/datafile/seiseki/report/2011/2011-2hakodate6.pdf,official_daily_result_pdf
201102020606,2011,函館,2,6,6,2011-07-31,https://www.jra.go.jp/datafile/seiseki/report/2011/2011-2hakodate6.pdf,official_daily_result_pdf
201102020607,2011,函館,2,6,7,2011-07-31,https://www.jra.go.jp/datafile/seiseki/report/2011/2011-2hakodate6.pdf,official_daily_result_pdf
201102020608,2011,函館,2,6,8,2011-07-31,https://www.jra.go.jp/datafile/seiseki/report/2011/2011-2hakodate6.pdf,official_daily_result_pdf
201102020609,2011,函館,2,6,9,2011-07-31,https://www.jra.go.jp/datafile/seiseki/report/2011/2011-2hakodate6.pdf,official_daily_result_pdf
201102020610,2011,函館,2,6,10,2011-07-31,https://www.jra.go.jp/datafile/seiseki/report/2011/2011-2hakodate6.pdf,official_daily_result_pdf
201102020611,2011,函館,2,6,11,2011-07-31,https://www.jra.go.jp/datafile/seiseki/report/2011/2011-2hakodate6.pdf,official_daily_result_pdf
201102020612,2011,函館,2,6,12,2011-07-31,https://www.jra.go.jp/datafile/seiseki/report/2011/2011-2hakodate6.pdf,official_daily_result_pdf
201102020701,2011,函館,2,7,1,2011-08-06,https://www.jra.go.jp/datafile/seiseki/report/2011/2011-2hakodate7.pdf,official_daily_result_pdf
201102020702,2011,函館,2,7,2,2011-08-06,https://www.jra.go.jp/datafile/seiseki/report/2011/2011-2hakodate7.pdf,official_daily_result_pdf
201102020703,2011,函館,2,7,3,2011-08-06,https://www.jra.go.jp/datafile/seiseki/report/2011/2011-2hakodate7.pdf,official_daily_result_pdf
201102020704,2011,函館,2,7,4,2011-08-06,https://www.jra.go.jp/datafile/seiseki/report/2011/2011-2hakodate7.pdf,official_daily_result_pdf
201102020705,2011,函館,2,7,5,2011-08-06,https://www.jra.go.jp/datafile/seiseki/report/2011/2011-2hakodate7.pdf,official_daily_result_pdf
201102020706,2011,函館,2,7,6,2011-08-06,https://www.jra.go.jp/datafile/seiseki/report/2011/2011-2hakodate7.pdf,official_daily_result_pdf
201102020707,2011,函館,2,7,7,2011-08-06,https://www.jra.go.jp/datafile/seiseki/report/2011/2011-2hakodate7.pdf,official_daily_result_pdf
201102020708,2011,函館,2,7,8,2011-08-06,https://www.jra.go.jp/datafile/seiseki/report/2011/2011-2hakodate7.pdf,official_daily_result_pdf
201102020709,2011,函館,2,7,9,2011-08-06,https://www.jra.go.jp/datafile/seiseki/report/2011/2011-2hakodate7.pdf,official_daily_result_pdf
201102020710,2011,函館,2,7,10,2011-08-06,https://www.jra.go.jp/datafile/seiseki/report/2011/2011-2hakodate7.pdf,official_daily_result_pdf
201102020711,2011,函館,2,7,11,2011-08-06,https://www.jra.go.jp/datafile/seiseki/report/2011/2011-2hakodate7.pdf,official_daily_result_pdf
201102020712,2011,函館,2,7,12,2011-08-06,https://www.jra.go.jp/datafile/seiseki/report/2011/2011-2hakodate7.pdf,official_daily_result_pdf
201102020801,2011,函館,2,8,1,2011-08-07,https://www.jra.go.jp/datafile/seiseki/report/2011/2011-2hakodate8.pdf,official_daily_result_pdf
201102020802,2011,函館,2,8,2,2011-08-07,https://www.jra.go.jp/datafile/seiseki/report/2011/2011-2hakodate8.pdf,official_daily_result_pdf
201102020803,2011,函館,2,8,3,2011-08-07,https://www.jra.go.jp/datafile/seiseki/report/2011/2011-2hakodate8.pdf,official_daily_result_pdf
201102020804,2011,函館,2,8,4,2011-08-07,https://www.jra.go.jp/datafile/seiseki/report/2011/2011-2hakodate8.pdf,official_daily_result_pdf
201102020805,2011,函館,2,8,5,2011-08-07,https://www.jra.go.jp/datafile/seiseki/report/2011/2011-2hakodate8.pdf,official_daily_result_pdf
201102020806,2011,函館,2,8,6,2011-08-07,https://www.jra.go.jp/datafile/seiseki/report/2011/2011-2hakodate8.pdf,official_daily_result_pdf
201102020807,2011,函館,2,8,7,2011-08-07,https://www.jra.go.jp/datafile/seiseki/report/2011/2011-2hakodate8.pdf,official_daily_result_pdf
201102020808,2011,函館,2,8,8,2011-08-07,https://www.jra.go.jp/datafile/seiseki/report/2011/2011-2hakodate8.pdf,official_daily_result_pdf
201102020809,2011,函館,2,8,9,2011-08-07,https://www.jra.go.jp/datafile/seiseki/report/2011/2011-2hakodate8.pdf,official_daily_result_pdf
201102020810,2011,函館,2,8,10,2011-08-07,https://www.jra.go.jp/datafile/seiseki/report/2011/2011-2hakodate8.pdf,official_daily_result_pdf
201102020811,2011,函館,2,8,11,2011-08-07,https://www.jra.go.jp/datafile/seiseki/report/2011/2011-2hakodate8.pdf,official_daily_result_pdf
201102020812,2011,函館,2,8,12,2011-08-07,https://www.jra.go.jp/datafile/seiseki/report/2011/2011-2hakodate8.pdf,official_daily_result_pdf
201104010101,2011,新潟,1,1,1,2011-04-23,https://www.jra.go.jp/datafile/seiseki/report/2011/2011-1niigata1.pdf,official_daily_result_pdf
201104010102,2011,新潟,1,1,2,2011-04-23,https://www.jra.go.jp/datafile/seiseki/report/2011/2011-1niigata1.pdf,official_daily_result_pdf
201104010103,2011,新潟,1,1,3,2011-04-23,https://www.jra.go.jp/datafile/seiseki/report/2011/2011-1niigata1.pdf,official_daily_result_pdf
201104010104,2011,新潟,1,1,4,2011-04-23,https://www.jra.go.jp/datafile/seiseki/report/2011/2011-1niigata1.pdf,official_daily_result_pdf
201104010105,2011,新潟,1,1,5,2011-04-23,https://www.jra.go.jp/datafile/seiseki/report/2011/2011-1niigata1.pdf,official_daily_result_pdf
201104010106,2011,新潟,1,1,6,2011-04-23,https://www.jra.go.jp/datafile/seiseki/report/2011/2011-1niigata1.pdf,official_daily_result_pdf
201104010107,2011,新潟,1,1,7,2011-04-23,https://www.jra.go.jp/datafile/seiseki/report/2011/2011-1niigata1.pdf,official_daily_result_pdf
201104010108,2011,新潟,1,1,8,2011-04-23,https://www.jra.go.jp/datafile/seiseki/report/2011/2011-1niigata1.pdf,official_daily_result_pdf
201104010109,2011,新潟,1,1,9,2011-04-23,https://www.jra.go.jp/datafile/seiseki/report/2011/2011-1niigata1.pdf,official_daily_result_pdf
201104010110,2011,新潟,1,1,10,2011-04-23,https://www.jra.go.jp/datafile/seiseki/report/2011/2011-1niigata1.pdf,official_daily_result_pdf
201104010111,2011,新潟,1,1,11,2011-04-23,https://www.jra.go.jp/datafile/seiseki/report/2011/2011-1niigata1.pdf,official_daily_result_pdf
201104010112,2011,新潟,1,1,12,2011-04-23,https://www.jra.go.jp/datafile/seiseki/report/2011/2011-1niigata1.pdf,official_daily_result_pdf
201104010201,2011,新潟,1,2,1,2011-04-24,https://www.jra.go.jp/datafile/seiseki/report/2011/2011-1niigata2.pdf,official_daily_result_pdf
201104010202,2011,新潟,1,2,2,2011-04-24,https://www.jra.go.jp/datafile/seiseki/report/2011/2011-1niigata2.pdf,official_daily_result_pdf
201104010203,2011,新潟,1,2,3,2011-04-24,https://www.jra.go.jp/datafile/seiseki/report/2011/2011-1niigata2.pdf,official_daily_result_pdf
201104010204,2011,新潟,1,2,4,2011-04-24,https://www.jra.go.jp/datafile/seiseki/report/2011/2011-1niigata2.pdf,official_daily_result_pdf
201104010205,2011,新潟,1,2,5,2011-04-24,https://www.jra.go.jp/datafile/seiseki/report/2011/2011-1niigata2.pdf,official_daily_result_pdf
201104010206,2011,新潟,1,2,6,2011-04-24,https://www.jra.go.jp/datafile/seiseki/report/2011/2011-1niigata2.pdf,official_daily_result_pdf
201104010207,2011,新潟,1,2,7,2011-04-24,https://www.jra.go.jp/datafile/seiseki/report/2011/2011-1niigata2.pdf,official_daily_result_pdf
201104010208,2011,新潟,1,2,8,2011-04-24,https://www.jra.go.jp/datafile/seiseki/report/2011/2011-1niigata2.pdf,official_daily_result_pdf
201104010209,2011,新潟,1,2,9,2011-04-24,https://www.jra.go.jp/datafile/seiseki/report/2011/2011-1niigata2.pdf,official_daily_result_pdf
201104010210,2011,新潟,1,2,10,2011-04-24,https://www.jra.go.jp/datafile/seiseki/report/2011/2011-1niigata2.pdf,official_daily_result_pdf
201104010211,2011,新潟,1,2,11,2011-04-24,https://www.jra.go.jp/datafile/seiseki/report/2011/2011-1niigata2.pdf,official_daily_result_pdf
201104010212,2011,新潟,1,2,12,2011-04-24,https://www.jra.go.jp/datafile/seiseki/report/2011/2011-1niigata2.pdf,official_daily_result_pdf
201104010301,2011,新潟,1,3,1,2011-04-30,https://www.jra.go.jp/datafile/seiseki/report/2011/2011-1niigata3.pdf,official_daily_result_pdf
201104010302,2011,新潟,1,3,2,2011-04-30,https://www.jra.go.jp/datafile/seiseki/report/2011/2011-1niigata3.pdf,official_daily_result_pdf
201104010303,2011,新潟,1,3,3,2011-04-30,https://www.jra.go.jp/datafile/seiseki/report/2011/2011-1niigata3.pdf,official_daily_result_pdf
201104010304,2011,新潟,1,3,4,2011-04-30,https://www.jra.go.jp/datafile/seiseki/report/2011/2011-1niigata3.pdf,official_daily_result_pdf
201104010305,2011,新潟,1,3,5,2011-04-30,https://www.jra.go.jp/datafile/seiseki/report/2011/2011-1niigata3.pdf,official_daily_result_pdf
201104010306,2011,新潟,1,3,6,2011-04-30,https://www.jra.go.jp/datafile/seiseki/report/2011/2011-1niigata3.pdf,official_daily_result_pdf
201104010307,2011,新潟,1,3,7,2011-04-30,https://www.jra.go.jp/datafile/seiseki/report/2011/2011-1niigata3.pdf,official_daily_result_pdf
201104010308,2011,新潟,1,3,8,2011-04-30,https://www.jra.go.jp/datafile/seiseki/report/2011/2011-1niigata3.pdf,official_daily_result_pdf
201104010309,2011,新潟,1,3,9,2011-04-30,https://www.jra.go.jp/datafile/seiseki/report/2011/2011-1niigata3.pdf,official_daily_result_pdf
201104010310,2011,新潟,1,3,10,2011-04-30,https://www.jra.go.jp/datafile/seiseki/report/2011/2011-1niigata3.pdf,official_daily_result_pdf
201104010311,2011,新潟,1,3,11,2011-04-30,https://www.jra.go.jp/datafile/seiseki/report/2011/2011-1niigata3.pdf,official_daily_result_pdf
201104010312,2011,新潟,1,3,12,2011-04-30,https://www.jra.go.jp/datafile/seiseki/report/2011/2011-1niigata3.pdf,official_daily_result_pdf
201104010401,2011,新潟,1,4,1,2011-05-01,https://www.jra.go.jp/datafile/seiseki/report/2011/2011-1niigata4.pdf,official_daily_result_pdf
201104010402,2011,新潟,1,4,2,2011-05-01,https://www.jra.go.jp/datafile/seiseki/report/2011/2011-1niigata4.pdf,official_daily_result_pdf
201104010403,2011,新潟,1,4,3,2011-05-01,https://www.jra.go.jp/datafile/seiseki/report/2011/2011-1niigata4.pdf,official_daily_result_pdf
201104010404,2011,新潟,1,4,4,2011-05-01,https://www.jra.go.jp/datafile/seiseki/report/2011/2011-1niigata4.pdf,official_daily_result_pdf
201104010405,2011,新潟,1,4,5,2011-05-01,https://www.jra.go.jp/datafile/seiseki/report/2011/2011-1niigata4.pdf,official_daily_result_pdf
201104010406,2011,新潟,1,4,6,2011-05-01,https://www.jra.go.jp/datafile/seiseki/report/2011/2011-1niigata4.pdf,official_daily_result_pdf
201104010407,2011,新潟,1,4,7,2011-05-01,https://www.jra.go.jp/datafile/seiseki/report/2011/2011-1niigata4.pdf,official_daily_result_pdf
201104010408,2011,新潟,1,4,8,2011-05-01,https://www.jra.go.jp/datafile/seiseki/report/2011/2011-1niigata4.pdf,official_daily_result_pdf
201104010409,2011,新潟,1,4,9,2011-05-01,https://www.jra.go.jp/datafile/seiseki/report/2011/2011-1niigata4.pdf,official_daily_result_pdf
201104010410,2011,新潟,1,4,10,2011-05-01,https://www.jra.go.jp/datafile/seiseki/report/2011/2011-1niigata4.pdf,official_daily_result_pdf
201104010411,2011,新潟,1,4,11,2011-05-01,https://www.jra.go.jp/datafile/seiseki/report/2011/2011-1niigata4.pdf,official_daily_result_pdf
201104010412,2011,新潟,1,4,12,2011-05-01,https://www.jra.go.jp/datafile/seiseki/report/2011/2011-1niigata4.pdf,official_daily_result_pdf
201104010501,2011,新潟,1,5,1,2011-05-07,https://www.jra.go.jp/datafile/seiseki/report/2011/2011-1niigata5.pdf,official_daily_result_pdf
201104010502,2011,新潟,1,5,2,2011-05-07,https://www.jra.go.jp/datafile/seiseki/report/2011/2011-1niigata5.pdf,official_daily_result_pdf
201104010503,2011,新潟,1,5,3,2011-05-07,https://www.jra.go.jp/datafile/seiseki/report/2011/2011-1niigata5.pdf,official_daily_result_pdf
201104010504,2011,新潟,1,5,4,2011-05-07,https://www.jra.go.jp/datafile/seiseki/report/2011/2011-1niigata5.pdf,official_daily_result_pdf
201104010505,2011,新潟,1,5,5,2011-05-07,https://www.jra.go.jp/datafile/seiseki/report/2011/2011-1niigata5.pdf,official_daily_result_pdf
201104010506,2011,新潟,1,5,6,2011-05-07,https://www.jra.go.jp/datafile/seiseki/report/2011/2011-1niigata5.pdf,official_daily_result_pdf
201104010507,2011,新潟,1,5,7,2011-05-07,https://www.jra.go.jp/datafile/seiseki/report/2011/2011-1niigata5.pdf,official_daily_result_pdf
201104010508,2011,新潟,1,5,8,2011-05-07,https://www.jra.go.jp/datafile/seiseki/report/2011/2011-1niigata5.pdf,official_daily_result_pdf
201104010509,2011,新潟,1,5,9,2011-05-07,https://www.jra.go.jp/datafile/seiseki/report/2011/2011-1niigata5.pdf,official_daily_result_pdf
201104010510,2011,新潟,1,5,10,2011-05-07,https://www.jra.go.jp/datafile/seiseki/report/2011/2011-1niigata5.pdf,official_daily_result_pdf
201104010511,2011,新潟,1,5,11,2011-05-07,https://www.jra.go.jp/datafile/seiseki/report/2011/2011-1niigata5.pdf,official_daily_result_pdf
201104010512,2011,新潟,1,5,12,2011-05-07,https://www.jra.go.jp/datafile/seiseki/report/2011/2011-1niigata5.pdf,official_daily_result_pdf
201104010601,2011,新潟,1,6,1,2011-05-08,https://www.jra.go.jp/datafile/seiseki/report/2011/2011-1niigata6.pdf,official_daily_result_pdf
201104010602,2011,新潟,1,6,2,2011-05-08,https://www.jra.go.jp/datafile/seiseki/report/2011/2011-1niigata6.pdf,official_daily_result_pdf
201104010603,2011,新潟,1,6,3,2011-05-08,https://www.jra.go.jp/datafile/seiseki/report/2011/2011-1niigata6.pdf,official_daily_result_pdf
201104010604,2011,新潟,1,6,4,2011-05-08,https://www.jra.go.jp/datafile/seiseki/report/2011/2011-1niigata6.pdf,official_daily_result_pdf
201104010605,2011,新潟,1,6,5,2011-05-08,https://www.jra.go.jp/datafile/seiseki/report/2011/2011-1niigata6.pdf,official_daily_result_pdf
201104010606,2011,新潟,1,6,6,2011-05-08,https://www.jra.go.jp/datafile/seiseki/report/2011/2011-1niigata6.pdf,official_daily_result_pdf
201104010607,2011,新潟,1,6,7,2011-05-08,https://www.jra.go.jp/datafile/seiseki/report/2011/2011-1niigata6.pdf,official_daily_result_pdf
201104010608,2011,新潟,1,6,8,2011-05-08,https://www.jra.go.jp/datafile/seiseki/report/2011/2011-1niigata6.pdf,official_daily_result_pdf
201104010609,2011,新潟,1,6,9,2011-05-08,https://www.jra.go.jp/datafile/seiseki/report/2011/2011-1niigata6.pdf,official_daily_result_pdf
201104010610,2011,新潟,1,6,10,2011-05-08,https://www.jra.go.jp/datafile/seiseki/report/2011/2011-1niigata6.pdf,official_daily_result_pdf
201104010611,2011,新潟,1,6,11,2011-05-08,https://www.jra.go.jp/datafile/seiseki/report/2011/2011-1niigata6.pdf,official_daily_result_pdf
201104010612,2011,新潟,1,6,12,2011-05-08,https://www.jra.go.jp/datafile/seiseki/report/2011/2011-1niigata6.pdf,official_daily_result_pdf
201104010701,2011,新潟,1,7,1,2011-05-14,https://www.jra.go.jp/datafile/seiseki/report/2011/2011-1niigata7.pdf,official_daily_result_pdf
201104010702,2011,新潟,1,7,2,2011-05-14,https://www.jra.go.jp/datafile/seiseki/report/2011/2011-1niigata7.pdf,official_daily_result_pdf
201104010703,2011,新潟,1,7,3,2011-05-14,https://www.jra.go.jp/datafile/seiseki/report/2011/2011-1niigata7.pdf,official_daily_result_pdf
201104010704,2011,新潟,1,7,4,2011-05-14,https://www.jra.go.jp/datafile/seiseki/report/2011/2011-1niigata7.pdf,official_daily_result_pdf
201104010705,2011,新潟,1,7,5,2011-05-14,https://www.jra.go.jp/datafile/seiseki/report/2011/2011-1niigata7.pdf,official_daily_result_pdf
201104010706,2011,新潟,1,7,6,2011-05-14,https://www.jra.go.jp/datafile/seiseki/report/2011/2011-1niigata7.pdf,official_daily_result_pdf
201104010707,2011,新潟,1,7,7,2011-05-14,https://www.jra.go.jp/datafile/seiseki/report/2011/2011-1niigata7.pdf,official_daily_result_pdf
201104010708,2011,新潟,1,7,8,2011-05-14,https://www.jra.go.jp/datafile/seiseki/report/2011/2011-1niigata7.pdf,official_daily_result_pdf
201104010709,2011,新潟,1,7,9,2011-05-14,https://www.jra.go.jp/datafile/seiseki/report/2011/2011-1niigata7.pdf,official_daily_result_pdf
201104010710,2011,新潟,1,7,10,2011-05-14,https://www.jra.go.jp/datafile/seiseki/report/2011/2011-1niigata7.pdf,official_daily_result_pdf
201104010711,2011,新潟,1,7,11,2011-05-14,https://www.jra.go.jp/datafile/seiseki/report/2011/2011-1niigata7.pdf,official_daily_result_pdf
201104010712,2011,新潟,1,7,12,2011-05-14,https://www.jra.go.jp/datafile/seiseki/report/2011/2011-1niigata7.pdf,official_daily_result_pdf
201104010801,2011,新潟,1,8,1,2011-05-15,https://www.jra.go.jp/datafile/seiseki/report/2011/2011-1niigata8.pdf,official_daily_result_pdf
201104010802,2011,新潟,1,8,2,2011-05-15,https://www.jra.go.jp/datafile/seiseki/report/2011/2011-1niigata8.pdf,official_daily_result_pdf
201104010803,2011,新潟,1,8,3,2011-05-15,https://www.jra.go.jp/datafile/seiseki/report/2011/2011-1niigata8.pdf,official_daily_result_pdf
201104010804,2011,新潟,1,8,4,2011-05-15,https://www.jra.go.jp/datafile/seiseki/report/2011/2011-1niigata8.pdf,official_daily_result_pdf
201104010805,2011,新潟,1,8,5,2011-05-15,https://www.jra.go.jp/datafile/seiseki/report/2011/2011-1niigata8.pdf,official_daily_result_pdf
201104010806,2011,新潟,1,8,6,2011-05-15,https://www.jra.go.jp/datafile/seiseki/report/2011/2011-1niigata8.pdf,official_daily_result_pdf
201104010807,2011,新潟,1,8,7,2011-05-15,https://www.jra.go.jp/datafile/seiseki/report/2011/2011-1niigata8.pdf,official_daily_result_pdf
201104010808,2011,新潟,1,8,8,2011-05-15,https://www.jra.go.jp/datafile/seiseki/report/2011/2011-1niigata8.pdf,official_daily_result_pdf
201104010809,2011,新潟,1,8,9,2011-05-15,https://www.jra.go.jp/datafile/seiseki/report/2011/2011-1niigata8.pdf,official_daily_result_pdf
201104010810,2011,新潟,1,8,10,2011-05-15,https://www.jra.go.jp/datafile/seiseki/report/2011/2011-1niigata8.pdf,official_daily_result_pdf
201104010811,2011,新潟,1,8,11,2011-05-15,https://www.jra.go.jp/datafile/seiseki/report/2011/2011-1niigata8.pdf,official_daily_result_pdf
201104010812,2011,新潟,1,8,12,2011-05-15,https://www.jra.go.jp/datafile/seiseki/report/2011/2011-1niigata8.pdf,official_daily_result_pdf
201104010901,2011,新潟,1,9,1,2011-05-21,https://www.jra.go.jp/datafile/seiseki/report/2011/2011-1niigata9.pdf,official_daily_result_pdf
201104010902,2011,新潟,1,9,2,2011-05-21,https://www.jra.go.jp/datafile/seiseki/report/2011/2011-1niigata9.pdf,official_daily_result_pdf
201104010903,2011,新潟,1,9,3,2011-05-21,https://www.jra.go.jp/datafile/seiseki/report/2011/2011-1niigata9.pdf,official_daily_result_pdf
201104010904,2011,新潟,1,9,4,2011-05-21,https://www.jra.go.jp/datafile/seiseki/report/2011/2011-1niigata9.pdf,official_daily_result_pdf
201104010905,2011,新潟,1,9,5,2011-05-21,https://www.jra.go.jp/datafile/seiseki/report/2011/2011-1niigata9.pdf,official_daily_result_pdf
201104010906,2011,新潟,1,9,6,2011-05-21,https://www.jra.go.jp/datafile/seiseki/report/2011/2011-1niigata9.pdf,official_daily_result_pdf
201104010907,2011,新潟,1,9,7,2011-05-21,https://www.jra.go.jp/datafile/seiseki/report/2011/2011-1niigata9.pdf,official_daily_result_pdf
201104010908,2011,新潟,1,9,8,2011-05-21,https://www.jra.go.jp/datafile/seiseki/report/2011/2011-1niigata9.pdf,official_daily_result_pdf
201104010909,2011,新潟,1,9,9,2011-05-21,https://www.jra.go.jp/datafile/seiseki/report/2011/2011-1niigata9.pdf,official_daily_result_pdf
201104010910,2011,新潟,1,9,10,2011-05-21,https://www.jra.go.jp/datafile/seiseki/report/2011/2011-1niigata9.pdf,official_daily_result_pdf
201104010911,2011,新潟,1,9,11,2011-05-21,https://www.jra.go.jp/datafile/seiseki/report/2011/2011-1niigata9.pdf,official_daily_result_pdf
201104010912,2011,新潟,1,9,12,2011-05-21,https://www.jra.go.jp/datafile/seiseki/report/2011/2011-1niigata9.pdf,official_daily_result_pdf
201104011001,2011,新潟,1,10,1,2011-05-22,https://www.jra.go.jp/datafile/seiseki/report/2011/2011-1niigata10.pdf,official_daily_result_pdf
201104011002,2011,新潟,1,10,2,2011-05-22,https://www.jra.go.jp/datafile/seiseki/report/2011/2011-1niigata10.pdf,official_daily_result_pdf
201104011003,2011,新潟,1,10,3,2011-05-22,https://www.jra.go.jp/datafile/seiseki/report/2011/2011-1niigata10.pdf,official_daily_result_pdf
201104011004,2011,新潟,1,10,4,2011-05-22,https://www.jra.go.jp/datafile/seiseki/report/2011/2011-1niigata10.pdf,official_daily_result_pdf
201104011005,2011,新潟,1,10,5,2011-05-22,https://www.jra.go.jp/datafile/seiseki/report/2011/2011-1niigata10.pdf,official_daily_result_pdf
201104011006,2011,新潟,1,10,6,2011-05-22,https://www.jra.go.jp/datafile/seiseki/report/2011/2011-1niigata10.pdf,official_daily_result_pdf
201104011007,2011,新潟,1,10,7,2011-05-22,https://www.jra.go.jp/datafile/seiseki/report/2011/2011-1niigata10.pdf,official_daily_result_pdf
201104011008,2011,新潟,1,10,8,2011-05-22,https://www.jra.go.jp/datafile/seiseki/report/2011/2011-1niigata10.pdf,official_daily_result_pdf
201104011009,2011,新潟,1,10,9,2011-05-22,https://www.jra.go.jp/datafile/seiseki/report/2011/2011-1niigata10.pdf,official_daily_result_pdf
201104011010,2011,新潟,1,10,10,2011-05-22,https://www.jra.go.jp/datafile/seiseki/report/2011/2011-1niigata10.pdf,official_daily_result_pdf
201104011011,2011,新潟,1,10,11,2011-05-22,https://www.jra.go.jp/datafile/seiseki/report/2011/2011-1niigata10.pdf,official_daily_result_pdf
201104011012,2011,新潟,1,10,12,2011-05-22,https://www.jra.go.jp/datafile/seiseki/report/2011/2011-1niigata10.pdf,official_daily_result_pdf
201104020101,2011,新潟,2,1,1,2011-05-28,https://www.jra.go.jp/datafile/seiseki/report/2011/2011-2niigata1.pdf,official_daily_result_pdf
201104020102,2011,新潟,2,1,2,2011-05-28,https://www.jra.go.jp/datafile/seiseki/report/2011/2011-2niigata1.pdf,official_daily_result_pdf
201104020103,2011,新潟,2,1,3,2011-05-28,https://www.jra.go.jp/datafile/seiseki/report/2011/2011-2niigata1.pdf,official_daily_result_pdf
201104020104,2011,新潟,2,1,4,2011-05-28,https://www.jra.go.jp/datafile/seiseki/report/2011/2011-2niigata1.pdf,official_daily_result_pdf
201104020105,2011,新潟,2,1,5,2011-05-28,https://www.jra.go.jp/datafile/seiseki/report/2011/2011-2niigata1.pdf,official_daily_result_pdf
201104020106,2011,新潟,2,1,6,2011-05-28,https://www.jra.go.jp/datafile/seiseki/report/2011/2011-2niigata1.pdf,official_daily_result_pdf
201104020107,2011,新潟,2,1,7,2011-05-28,https://www.jra.go.jp/datafile/seiseki/report/2011/2011-2niigata1.pdf,official_daily_result_pdf
201104020108,2011,新潟,2,1,8,2011-05-28,https://www.jra.go.jp/datafile/seiseki/report/2011/2011-2niigata1.pdf,official_daily_result_pdf
201104020109,2011,新潟,2,1,9,2011-05-28,https://www.jra.go.jp/datafile/seiseki/report/2011/2011-2niigata1.pdf,official_daily_result_pdf
201104020110,2011,新潟,2,1,10,2011-05-28,https://www.jra.go.jp/datafile/seiseki/report/2011/2011-2niigata1.pdf,official_daily_result_pdf
201104020111,2011,新潟,2,1,11,2011-05-28,https://www.jra.go.jp/datafile/seiseki/report/2011/2011-2niigata1.pdf,official_daily_result_pdf
201104020112,2011,新潟,2,1,12,2011-05-28,https://www.jra.go.jp/datafile/seiseki/report/2011/2011-2niigata1.pdf,official_daily_result_pdf
201104020201,2011,新潟,2,2,1,2011-05-29,https://www.jra.go.jp/datafile/seiseki/report/2011/2011-2niigata2.pdf,official_daily_result_pdf
201104020202,2011,新潟,2,2,2,2011-05-29,https://www.jra.go.jp/datafile/seiseki/report/2011/2011-2niigata2.pdf,official_daily_result_pdf
201104020203,2011,新潟,2,2,3,2011-05-29,https://www.jra.go.jp/datafile/seiseki/report/2011/2011-2niigata2.pdf,official_daily_result_pdf
201104020204,2011,新潟,2,2,4,2011-05-29,https://www.jra.go.jp/datafile/seiseki/report/2011/2011-2niigata2.pdf,official_daily_result_pdf
201104020205,2011,新潟,2,2,5,2011-05-29,https://www.jra.go.jp/datafile/seiseki/report/2011/2011-2niigata2.pdf,official_daily_result_pdf
201104020206,2011,新潟,2,2,6,2011-05-29,https://www.jra.go.jp/datafile/seiseki/report/2011/2011-2niigata2.pdf,official_daily_result_pdf
201104020207,2011,新潟,2,2,7,2011-05-29,https://www.jra.go.jp/datafile/seiseki/report/2011/2011-2niigata2.pdf,official_daily_result_pdf
201104020208,2011,新潟,2,2,8,2011-05-29,https://www.jra.go.jp/datafile/seiseki/report/2011/2011-2niigata2.pdf,official_daily_result_pdf
201104020209,2011,新潟,2,2,9,2011-05-29,https://www.jra.go.jp/datafile/seiseki/report/2011/2011-2niigata2.pdf,official_daily_result_pdf
201104020210,2011,新潟,2,2,10,2011-05-29,https://www.jra.go.jp/datafile/seiseki/report/2011/2011-2niigata2.pdf,official_daily_result_pdf
201104020211,2011,新潟,2,2,11,2011-05-29,https://www.jra.go.jp/datafile/seiseki/report/2011/2011-2niigata2.pdf,official_daily_result_pdf
201104020212,2011,新潟,2,2,12,2011-05-29,https://www.jra.go.jp/datafile/seiseki/report/2011/2011-2niigata2.pdf,official_daily_result_pdf
201104020301,2011,新潟,2,3,1,2011-06-04,https://www.jra.go.jp/datafile/seiseki/report/2011/2011-2niigata3.pdf,official_daily_result_pdf
201104020302,2011,新潟,2,3,2,2011-06-04,https://www.jra.go.jp/datafile/seiseki/report/2011/2011-2niigata3.pdf,official_daily_result_pdf
201104020303,2011,新潟,2,3,3,2011-06-04,https://www.jra.go.jp/datafile/seiseki/report/2011/2011-2niigata3.pdf,official_daily_result_pdf
201104020304,2011,新潟,2,3,4,2011-06-04,https://www.jra.go.jp/datafile/seiseki/report/2011/2011-2niigata3.pdf,official_daily_result_pdf
201104020305,2011,新潟,2,3,5,2011-06-04,https://www.jra.go.jp/datafile/seiseki/report/2011/2011-2niigata3.pdf,official_daily_result_pdf
201104020306,2011,新潟,2,3,6,2011-06-04,https://www.jra.go.jp/datafile/seiseki/report/2011/2011-2niigata3.pdf,official_daily_result_pdf
201104020307,2011,新潟,2,3,7,2011-06-04,https://www.jra.go.jp/datafile/seiseki/report/2011/2011-2niigata3.pdf,official_daily_result_pdf
201104020308,2011,新潟,2,3,8,2011-06-04,https://www.jra.go.jp/datafile/seiseki/report/2011/2011-2niigata3.pdf,official_daily_result_pdf
201104020309,2011,新潟,2,3,9,2011-06-04,https://www.jra.go.jp/datafile/seiseki/report/2011/2011-2niigata3.pdf,official_daily_result_pdf
201104020310,2011,新潟,2,3,10,2011-06-04,https://www.jra.go.jp/datafile/seiseki/report/2011/2011-2niigata3.pdf,official_daily_result_pdf
201104020311,2011,新潟,2,3,11,2011-06-04,https://www.jra.go.jp/datafile/seiseki/report/2011/2011-2niigata3.pdf,official_daily_result_pdf
201104020312,2011,新潟,2,3,12,2011-06-04,https://www.jra.go.jp/datafile/seiseki/report/2011/2011-2niigata3.pdf,official_daily_result_pdf
201104020401,2011,新潟,2,4,1,2011-06-05,https://www.jra.go.jp/datafile/seiseki/report/2011/2011-2niigata4.pdf,official_daily_result_pdf
201104020402,2011,新潟,2,4,2,2011-06-05,https://www.jra.go.jp/datafile/seiseki/report/2011/2011-2niigata4.pdf,official_daily_result_pdf
201104020403,2011,新潟,2,4,3,2011-06-05,https://www.jra.go.jp/datafile/seiseki/report/2011/2011-2niigata4.pdf,official_daily_result_pdf
201104020404,2011,新潟,2,4,4,2011-06-05,https://www.jra.go.jp/datafile/seiseki/report/2011/2011-2niigata4.pdf,official_daily_result_pdf
201104020405,2011,新潟,2,4,5,2011-06-05,https://www.jra.go.jp/datafile/seiseki/report/2011/2011-2niigata4.pdf,official_daily_result_pdf
201104020406,2011,新潟,2,4,6,2011-06-05,https://www.jra.go.jp/datafile/seiseki/report/2011/2011-2niigata4.pdf,official_daily_result_pdf
201104020407,2011,新潟,2,4,7,2011-06-05,https://www.jra.go.jp/datafile/seiseki/report/2011/2011-2niigata4.pdf,official_daily_result_pdf
201104020408,2011,新潟,2,4,8,2011-06-05,https://www.jra.go.jp/datafile/seiseki/report/2011/2011-2niigata4.pdf,official_daily_result_pdf
201104020409,2011,新潟,2,4,9,2011-06-05,https://www.jra.go.jp/datafile/seiseki/report/2011/2011-2niigata4.pdf,official_daily_result_pdf
201104020410,2011,新潟,2,4,10,2011-06-05,https://www.jra.go.jp/datafile/seiseki/report/2011/2011-2niigata4.pdf,official_daily_result_pdf
201104020411,2011,新潟,2,4,11,2011-06-05,https://www.jra.go.jp/datafile/seiseki/report/2011/2011-2niigata4.pdf,official_daily_result_pdf
201104020412,2011,新潟,2,4,12,2011-06-05,https://www.jra.go.jp/datafile/seiseki/report/2011/2011-2niigata4.pdf,official_daily_result_pdf
201104020501,2011,新潟,2,5,1,2011-06-11,https://www.jra.go.jp/datafile/seiseki/report/2011/2011-2niigata5.pdf,official_daily_result_pdf
201104020502,2011,新潟,2,5,2,2011-06-11,https://www.jra.go.jp/datafile/seiseki/report/2011/2011-2niigata5.pdf,official_daily_result_pdf
201104020503,2011,新潟,2,5,3,2011-06-11,https://www.jra.go.jp/datafile/seiseki/report/2011/2011-2niigata5.pdf,official_daily_result_pdf
201104020504,2011,新潟,2,5,4,2011-06-11,https://www.jra.go.jp/datafile/seiseki/report/2011/2011-2niigata5.pdf,official_daily_result_pdf
201104020505,2011,新潟,2,5,5,2011-06-11,https://www.jra.go.jp/datafile/seiseki/report/2011/2011-2niigata5.pdf,official_daily_result_pdf
201104020506,2011,新潟,2,5,6,2011-06-11,https://www.jra.go.jp/datafile/seiseki/report/2011/2011-2niigata5.pdf,official_daily_result_pdf
201104020507,2011,新潟,2,5,7,2011-06-11,https://www.jra.go.jp/datafile/seiseki/report/2011/2011-2niigata5.pdf,official_daily_result_pdf
201104020508,2011,新潟,2,5,8,2011-06-11,https://www.jra.go.jp/datafile/seiseki/report/2011/2011-2niigata5.pdf,official_daily_result_pdf
201104020509,2011,新潟,2,5,9,2011-06-11,https://www.jra.go.jp/datafile/seiseki/report/2011/2011-2niigata5.pdf,official_daily_result_pdf
201104020510,2011,新潟,2,5,10,2011-06-11,https://www.jra.go.jp/datafile/seiseki/report/2011/2011-2niigata5.pdf,official_daily_result_pdf
201104020511,2011,新潟,2,5,11,2011-06-11,https://www.jra.go.jp/datafile/seiseki/report/2011/2011-2niigata5.pdf,official_daily_result_pdf
201104020512,2011,新潟,2,5,12,2011-06-11,https://www.jra.go.jp/datafile/seiseki/report/2011/2011-2niigata5.pdf,official_daily_result_pdf
201104020601,2011,新潟,2,6,1,2011-06-12,https://www.jra.go.jp/datafile/seiseki/report/2011/2011-2niigata6.pdf,official_daily_result_pdf
201104020602,2011,新潟,2,6,2,2011-06-12,https://www.jra.go.jp/datafile/seiseki/report/2011/2011-2niigata6.pdf,official_daily_result_pdf
201104020603,2011,新潟,2,6,3,2011-06-12,https://www.jra.go.jp/datafile/seiseki/report/2011/2011-2niigata6.pdf,official_daily_result_pdf
201104020604,2011,新潟,2,6,4,2011-06-12,https://www.jra.go.jp/datafile/seiseki/report/2011/2011-2niigata6.pdf,official_daily_result_pdf
201104020605,2011,新潟,2,6,5,2011-06-12,https://www.jra.go.jp/datafile/seiseki/report/2011/2011-2niigata6.pdf,official_daily_result_pdf
201104020606,2011,新潟,2,6,6,2011-06-12,https://www.jra.go.jp/datafile/seiseki/report/2011/2011-2niigata6.pdf,official_daily_result_pdf
201104020607,2011,新潟,2,6,7,2011-06-12,https://www.jra.go.jp/datafile/seiseki/report/2011/2011-2niigata6.pdf,official_daily_result_pdf
201104020608,2011,新潟,2,6,8,2011-06-12,https://www.jra.go.jp/datafile/seiseki/report/2011/2011-2niigata6.pdf,official_daily_result_pdf
201104020609,2011,新潟,2,6,9,2011-06-12,https://www.jra.go.jp/datafile/seiseki/report/2011/2011-2niigata6.pdf,official_daily_result_pdf
201104020610,2011,新潟,2,6,10,2011-06-12,https://www.jra.go.jp/datafile/seiseki/report/2011/2011-2niigata6.pdf,official_daily_result_pdf
201104020611,2011,新潟,2,6,11,2011-06-12,https://www.jra.go.jp/datafile/seiseki/report/2011/2011-2niigata6.pdf,official_daily_result_pdf
201104020612,2011,新潟,2,6,12,2011-06-12,https://www.jra.go.jp/datafile/seiseki/report/2011/2011-2niigata6.pdf,official_daily_result_pdf
201104030101,2011,新潟,3,1,1,2011-07-16,https://www.jra.go.jp/datafile/seiseki/report/2011/2011-3niigata1.pdf,official_daily_result_pdf
201104030102,2011,新潟,3,1,2,2011-07-16,https://www.jra.go.jp/datafile/seiseki/report/2011/2011-3niigata1.pdf,official_daily_result_pdf
201104030103,2011,新潟,3,1,3,2011-07-16,https://www.jra.go.jp/datafile/seiseki/report/2011/2011-3niigata1.pdf,official_daily_result_pdf
201104030104,2011,新潟,3,1,4,2011-07-16,https://www.jra.go.jp/datafile/seiseki/report/2011/2011-3niigata1.pdf,official_daily_result_pdf
201104030105,2011,新潟,3,1,5,2011-07-16,https://www.jra.go.jp/datafile/seiseki/report/2011/2011-3niigata1.pdf,official_daily_result_pdf
201104030106,2011,新潟,3,1,6,2011-07-16,https://www.jra.go.jp/datafile/seiseki/report/2011/2011-3niigata1.pdf,official_daily_result_pdf
201104030107,2011,新潟,3,1,7,2011-07-16,https://www.jra.go.jp/datafile/seiseki/report/2011/2011-3niigata1.pdf,official_daily_result_pdf
201104030108,2011,新潟,3,1,8,2011-07-16,https://www.jra.go.jp/datafile/seiseki/report/2011/2011-3niigata1.pdf,official_daily_result_pdf
201104030109,2011,新潟,3,1,9,2011-07-16,https://www.jra.go.jp/datafile/seiseki/report/2011/2011-3niigata1.pdf,official_daily_result_pdf
201104030110,2011,新潟,3,1,10,2011-07-16,https://www.jra.go.jp/datafile/seiseki/report/2011/2011-3niigata1.pdf,official_daily_result_pdf
201104030111,2011,新潟,3,1,11,2011-07-16,https://www.jra.go.jp/datafile/seiseki/report/2011/2011-3niigata1.pdf,official_daily_result_pdf
201104030112,2011,新潟,3,1,12,2011-07-16,https://www.jra.go.jp/datafile/seiseki/report/2011/2011-3niigata1.pdf,official_daily_result_pdf
201104030201,2011,新潟,3,2,1,2011-07-17,https://www.jra.go.jp/datafile/seiseki/report/2011/2011-3niigata2.pdf,official_daily_result_pdf
201104030202,2011,新潟,3,2,2,2011-07-17,https://www.jra.go.jp/datafile/seiseki/report/2011/2011-3niigata2.pdf,official_daily_result_pdf
201104030203,2011,新潟,3,2,3,2011-07-17,https://www.jra.go.jp/datafile/seiseki/report/2011/2011-3niigata2.pdf,official_daily_result_pdf
201104030204,2011,新潟,3,2,4,2011-07-17,https://www.jra.go.jp/datafile/seiseki/report/2011/2011-3niigata2.pdf,official_daily_result_pdf
201104030205,2011,新潟,3,2,5,2011-07-17,https://www.jra.go.jp/datafile/seiseki/report/2011/2011-3niigata2.pdf,official_daily_result_pdf
201104030206,2011,新潟,3,2,6,2011-07-17,https://www.jra.go.jp/datafile/seiseki/report/2011/2011-3niigata2.pdf,official_daily_result_pdf
201104030207,2011,新潟,3,2,7,2011-07-17,https://www.jra.go.jp/datafile/seiseki/report/2011/2011-3niigata2.pdf,official_daily_result_pdf
201104030208,2011,新潟,3,2,8,2011-07-17,https://www.jra.go.jp/datafile/seiseki/report/2011/2011-3niigata2.pdf,official_daily_result_pdf
201104030209,2011,新潟,3,2,9,2011-07-17,https://www.jra.go.jp/datafile/seiseki/report/2011/2011-3niigata2.pdf,official_daily_result_pdf
201104030210,2011,新潟,3,2,10,2011-07-17,https://www.jra.go.jp/datafile/seiseki/report/2011/2011-3niigata2.pdf,official_daily_result_pdf
201104030211,2011,新潟,3,2,11,2011-07-17,https://www.jra.go.jp/datafile/seiseki/report/2011/2011-3niigata2.pdf,official_daily_result_pdf
201104030212,2011,新潟,3,2,12,2011-07-17,https://www.jra.go.jp/datafile/seiseki/report/2011/2011-3niigata2.pdf,official_daily_result_pdf
201104030301,2011,新潟,3,3,1,2011-07-23,https://www.jra.go.jp/datafile/seiseki/report/2011/2011-3niigata3.pdf,official_daily_result_pdf
201104030302,2011,新潟,3,3,2,2011-07-23,https://www.jra.go.jp/datafile/seiseki/report/2011/2011-3niigata3.pdf,official_daily_result_pdf
201104030303,2011,新潟,3,3,3,2011-07-23,https://www.jra.go.jp/datafile/seiseki/report/2011/2011-3niigata3.pdf,official_daily_result_pdf
201104030304,2011,新潟,3,3,4,2011-07-23,https://www.jra.go.jp/datafile/seiseki/report/2011/2011-3niigata3.pdf,official_daily_result_pdf
201104030305,2011,新潟,3,3,5,2011-07-23,https://www.jra.go.jp/datafile/seiseki/report/2011/2011-3niigata3.pdf,official_daily_result_pdf
201104030306,2011,新潟,3,3,6,2011-07-23,https://www.jra.go.jp/datafile/seiseki/report/2011/2011-3niigata3.pdf,official_daily_result_pdf
201104030307,2011,新潟,3,3,7,2011-07-23,https://www.jra.go.jp/datafile/seiseki/report/2011/2011-3niigata3.pdf,official_daily_result_pdf
201104030308,2011,新潟,3,3,8,2011-07-23,https://www.jra.go.jp/datafile/seiseki/report/2011/2011-3niigata3.pdf,official_daily_result_pdf
201104030309,2011,新潟,3,3,9,2011-07-23,https://www.jra.go.jp/datafile/seiseki/report/2011/2011-3niigata3.pdf,official_daily_result_pdf
201104030310,2011,新潟,3,3,10,2011-07-23,https://www.jra.go.jp/datafile/seiseki/report/2011/2011-3niigata3.pdf,official_daily_result_pdf
201104030311,2011,新潟,3,3,11,2011-07-23,https://www.jra.go.jp/datafile/seiseki/report/2011/2011-3niigata3.pdf,official_daily_result_pdf
201104030312,2011,新潟,3,3,12,2011-07-23,https://www.jra.go.jp/datafile/seiseki/report/2011/2011-3niigata3.pdf,official_daily_result_pdf
201104030401,2011,新潟,3,4,1,2011-07-24,https://www.jra.go.jp/datafile/seiseki/report/2011/2011-3niigata4.pdf,official_daily_result_pdf
201104030402,2011,新潟,3,4,2,2011-07-24,https://www.jra.go.jp/datafile/seiseki/report/2011/2011-3niigata4.pdf,official_daily_result_pdf
201104030403,2011,新潟,3,4,3,2011-07-24,https://www.jra.go.jp/datafile/seiseki/report/2011/2011-3niigata4.pdf,official_daily_result_pdf
201104030404,2011,新潟,3,4,4,2011-07-24,https://www.jra.go.jp/datafile/seiseki/report/2011/2011-3niigata4.pdf,official_daily_result_pdf
201104030405,2011,新潟,3,4,5,2011-07-24,https://www.jra.go.jp/datafile/seiseki/report/2011/2011-3niigata4.pdf,official_daily_result_pdf
201104030406,2011,新潟,3,4,6,2011-07-24,https://www.jra.go.jp/datafile/seiseki/report/2011/2011-3niigata4.pdf,official_daily_result_pdf
201104030407,2011,新潟,3,4,7,2011-07-24,https://www.jra.go.jp/datafile/seiseki/report/2011/2011-3niigata4.pdf,official_daily_result_pdf
201104030408,2011,新潟,3,4,8,2011-07-24,https://www.jra.go.jp/datafile/seiseki/report/2011/2011-3niigata4.pdf,official_daily_result_pdf
201104030409,2011,新潟,3,4,9,2011-07-24,https://www.jra.go.jp/datafile/seiseki/report/2011/2011-3niigata4.pdf,official_daily_result_pdf
201104030410,2011,新潟,3,4,10,2011-07-24,https://www.jra.go.jp/datafile/seiseki/report/2011/2011-3niigata4.pdf,official_daily_result_pdf
201104030411,2011,新潟,3,4,11,2011-07-24,https://www.jra.go.jp/datafile/seiseki/report/2011/2011-3niigata4.pdf,official_daily_result_pdf
201104030412,2011,新潟,3,4,12,2011-07-24,https://www.jra.go.jp/datafile/seiseki/report/2011/2011-3niigata4.pdf,official_daily_result_pdf
201104030501,2011,新潟,3,5,1,2011-07-30,https://www.jra.go.jp/datafile/seiseki/report/2011/2011-3niigata5.pdf,official_daily_result_pdf
201104030502,2011,新潟,3,5,2,2011-07-30,https://www.jra.go.jp/datafile/seiseki/report/2011/2011-3niigata5.pdf,official_daily_result_pdf
201104030503,2011,新潟,3,5,3,2011-07-30,https://www.jra.go.jp/datafile/seiseki/report/2011/2011-3niigata5.pdf,official_daily_result_pdf
201104030504,2011,新潟,3,5,4,2011-07-30,https://www.jra.go.jp/datafile/seiseki/report/2011/2011-3niigata5.pdf,official_daily_result_pdf
201104030505,2011,新潟,3,5,5,2011-07-30,https://www.jra.go.jp/datafile/seiseki/report/2011/2011-3niigata5.pdf,official_daily_result_pdf
201104030506,2011,新潟,3,5,6,2011-07-30,https://www.jra.go.jp/datafile/seiseki/report/2011/2011-3niigata5.pdf,official_daily_result_pdf
201104030507,2011,新潟,3,5,7,2011-07-30,https://www.jra.go.jp/datafile/seiseki/report/2011/2011-3niigata5.pdf,official_daily_result_pdf
201104030508,2011,新潟,3,5,8,2011-07-30,https://www.jra.go.jp/datafile/seiseki/report/2011/2011-3niigata5.pdf,official_daily_result_pdf
201104030509,2011,新潟,3,5,9,2011-07-30,https://www.jra.go.jp/datafile/seiseki/report/2011/2011-3niigata5.pdf,official_daily_result_pdf
201104030510,2011,新潟,3,5,10,2011-07-30,https://www.jra.go.jp/datafile/seiseki/report/2011/2011-3niigata5.pdf,official_daily_result_pdf
201104030511,2011,新潟,3,5,11,2011-07-30,https://www.jra.go.jp/datafile/seiseki/report/2011/2011-3niigata5.pdf,official_daily_result_pdf
201104030512,2011,新潟,3,5,12,2011-07-30,https://www.jra.go.jp/datafile/seiseki/report/2011/2011-3niigata5.pdf,official_daily_result_pdf
201104030601,2011,新潟,3,6,1,2011-07-31,https://www.jra.go.jp/datafile/seiseki/report/2011/2011-3niigata6.pdf,official_daily_result_pdf
201104030602,2011,新潟,3,6,2,2011-07-31,https://www.jra.go.jp/datafile/seiseki/report/2011/2011-3niigata6.pdf,official_daily_result_pdf
201104030603,2011,新潟,3,6,3,2011-07-31,https://www.jra.go.jp/datafile/seiseki/report/2011/2011-3niigata6.pdf,official_daily_result_pdf
201104030604,2011,新潟,3,6,4,2011-07-31,https://www.jra.go.jp/datafile/seiseki/report/2011/2011-3niigata6.pdf,official_daily_result_pdf
201104030605,2011,新潟,3,6,5,2011-07-31,https://www.jra.go.jp/datafile/seiseki/report/2011/2011-3niigata6.pdf,official_daily_result_pdf
201104030606,2011,新潟,3,6,6,2011-07-31,https://www.jra.go.jp/datafile/seiseki/report/2011/2011-3niigata6.pdf,official_daily_result_pdf
201104030607,2011,新潟,3,6,7,2011-07-31,https://www.jra.go.jp/datafile/seiseki/report/2011/2011-3niigata6.pdf,official_daily_result_pdf
201104030608,2011,新潟,3,6,8,2011-07-31,https://www.jra.go.jp/datafile/seiseki/report/2011/2011-3niigata6.pdf,official_daily_result_pdf
201104030609,2011,新潟,3,6,9,2011-07-31,https://www.jra.go.jp/datafile/seiseki/report/2011/2011-3niigata6.pdf,official_daily_result_pdf
201104030610,2011,新潟,3,6,10,2011-07-31,https://www.jra.go.jp/datafile/seiseki/report/2011/2011-3niigata6.pdf,official_daily_result_pdf
201104030611,2011,新潟,3,6,11,2011-07-31,https://www.jra.go.jp/datafile/seiseki/report/2011/2011-3niigata6.pdf,official_daily_result_pdf
201104030612,2011,新潟,3,6,12,2011-07-31,https://www.jra.go.jp/datafile/seiseki/report/2011/2011-3niigata6.pdf,official_daily_result_pdf
201104030701,2011,新潟,3,7,1,2011-08-06,https://www.jra.go.jp/datafile/seiseki/report/2011/2011-3niigata7.pdf,official_daily_result_pdf
201104030702,2011,新潟,3,7,2,2011-08-06,https://www.jra.go.jp/datafile/seiseki/report/2011/2011-3niigata7.pdf,official_daily_result_pdf
201104030703,2011,新潟,3,7,3,2011-08-06,https://www.jra.go.jp/datafile/seiseki/report/2011/2011-3niigata7.pdf,official_daily_result_pdf
201104030704,2011,新潟,3,7,4,2011-08-06,https://www.jra.go.jp/datafile/seiseki/report/2011/2011-3niigata7.pdf,official_daily_result_pdf
201104030705,2011,新潟,3,7,5,2011-08-06,https://www.jra.go.jp/datafile/seiseki/report/2011/2011-3niigata7.pdf,official_daily_result_pdf
201104030706,2011,新潟,3,7,6,2011-08-06,https://www.jra.go.jp/datafile/seiseki/report/2011/2011-3niigata7.pdf,official_daily_result_pdf
201104030707,2011,新潟,3,7,7,2011-08-06,https://www.jra.go.jp/datafile/seiseki/report/2011/2011-3niigata7.pdf,official_daily_result_pdf
201104030708,2011,新潟,3,7,8,2011-08-06,https://www.jra.go.jp/datafile/seiseki/report/2011/2011-3niigata7.pdf,official_daily_result_pdf
201104030709,2011,新潟,3,7,9,2011-08-06,https://www.jra.go.jp/datafile/seiseki/report/2011/2011-3niigata7.pdf,official_daily_result_pdf
201104030710,2011,新潟,3,7,10,2011-08-06,https://www.jra.go.jp/datafile/seiseki/report/2011/2011-3niigata7.pdf,official_daily_result_pdf
201104030711,2011,新潟,3,7,11,2011-08-06,https://www.jra.go.jp/datafile/seiseki/report/2011/2011-3niigata7.pdf,official_daily_result_pdf
201104030712,2011,新潟,3,7,12,2011-08-06,https://www.jra.go.jp/datafile/seiseki/report/2011/2011-3niigata7.pdf,official_daily_result_pdf
201104030801,2011,新潟,3,8,1,2011-08-07,https://www.jra.go.jp/datafile/seiseki/report/2011/2011-3niigata8.pdf,official_daily_result_pdf
201104030802,2011,新潟,3,8,2,2011-08-07,https://www.jra.go.jp/datafile/seiseki/report/2011/2011-3niigata8.pdf,official_daily_result_pdf
201104030803,2011,新潟,3,8,3,2011-08-07,https://www.jra.go.jp/datafile/seiseki/report/2011/2011-3niigata8.pdf,official_daily_result_pdf
201104030804,2011,新潟,3,8,4,2011-08-07,https://www.jra.go.jp/datafile/seiseki/report/2011/2011-3niigata8.pdf,official_daily_result_pdf
201104030805,2011,新潟,3,8,5,2011-08-07,https://www.jra.go.jp/datafile/seiseki/report/2011/2011-3niigata8.pdf,official_daily_result_pdf
201104030806,2011,新潟,3,8,6,2011-08-07,https://www.jra.go.jp/datafile/seiseki/report/2011/2011-3niigata8.pdf,official_daily_result_pdf
201104030807,2011,新潟,3,8,7,2011-08-07,https://www.jra.go.jp/datafile/seiseki/report/2011/2011-3niigata8.pdf,official_daily_result_pdf
201104030808,2011,新潟,3,8,8,2011-08-07,https://www.jra.go.jp/datafile/seiseki/report/2011/2011-3niigata8.pdf,official_daily_result_pdf
201104030809,2011,新潟,3,8,9,2011-08-07,https://www.jra.go.jp/datafile/seiseki/report/2011/2011-3niigata8.pdf,official_daily_result_pdf
201104030810,2011,新潟,3,8,10,2011-08-07,https://www.jra.go.jp/datafile/seiseki/report/2011/2011-3niigata8.pdf,official_daily_result_pdf
201104030811,2011,新潟,3,8,11,2011-08-07,https://www.jra.go.jp/datafile/seiseki/report/2011/2011-3niigata8.pdf,official_daily_result_pdf
201104030812,2011,新潟,3,8,12,2011-08-07,https://www.jra.go.jp/datafile/seiseki/report/2011/2011-3niigata8.pdf,official_daily_result_pdf
201104040101,2011,新潟,4,1,1,2011-08-13,https://www.jra.go.jp/datafile/seiseki/report/2011/2011-4niigata1.pdf,official_daily_result_pdf
201104040102,2011,新潟,4,1,2,2011-08-13,https://www.jra.go.jp/datafile/seiseki/report/2011/2011-4niigata1.pdf,official_daily_result_pdf
201104040103,2011,新潟,4,1,3,2011-08-13,https://www.jra.go.jp/datafile/seiseki/report/2011/2011-4niigata1.pdf,official_daily_result_pdf
201104040104,2011,新潟,4,1,4,2011-08-13,https://www.jra.go.jp/datafile/seiseki/report/2011/2011-4niigata1.pdf,official_daily_result_pdf
201104040105,2011,新潟,4,1,5,2011-08-13,https://www.jra.go.jp/datafile/seiseki/report/2011/2011-4niigata1.pdf,official_daily_result_pdf
201104040106,2011,新潟,4,1,6,2011-08-13,https://www.jra.go.jp/datafile/seiseki/report/2011/2011-4niigata1.pdf,official_daily_result_pdf
201104040107,2011,新潟,4,1,7,2011-08-13,https://www.jra.go.jp/datafile/seiseki/report/2011/2011-4niigata1.pdf,official_daily_result_pdf
201104040108,2011,新潟,4,1,8,2011-08-13,https://www.jra.go.jp/datafile/seiseki/report/2011/2011-4niigata1.pdf,official_daily_result_pdf
201104040109,2011,新潟,4,1,9,2011-08-13,https://www.jra.go.jp/datafile/seiseki/report/2011/2011-4niigata1.pdf,official_daily_result_pdf
201104040110,2011,新潟,4,1,10,2011-08-13,https://www.jra.go.jp/datafile/seiseki/report/2011/2011-4niigata1.pdf,official_daily_result_pdf
201104040111,2011,新潟,4,1,11,2011-08-13,https://www.jra.go.jp/datafile/seiseki/report/2011/2011-4niigata1.pdf,official_daily_result_pdf
201104040112,2011,新潟,4,1,12,2011-08-13,https://www.jra.go.jp/datafile/seiseki/report/2011/2011-4niigata1.pdf,official_daily_result_pdf
201104040201,2011,新潟,4,2,1,2011-08-14,https://www.jra.go.jp/datafile/seiseki/report/2011/2011-4niigata2.pdf,official_daily_result_pdf
201104040202,2011,新潟,4,2,2,2011-08-14,https://www.jra.go.jp/datafile/seiseki/report/2011/2011-4niigata2.pdf,official_daily_result_pdf
201104040203,2011,新潟,4,2,3,2011-08-14,https://www.jra.go.jp/datafile/seiseki/report/2011/2011-4niigata2.pdf,official_daily_result_pdf
201104040204,2011,新潟,4,2,4,2011-08-14,https://www.jra.go.jp/datafile/seiseki/report/2011/2011-4niigata2.pdf,official_daily_result_pdf
201104040205,2011,新潟,4,2,5,2011-08-14,https://www.jra.go.jp/datafile/seiseki/report/2011/2011-4niigata2.pdf,official_daily_result_pdf
201104040206,2011,新潟,4,2,6,2011-08-14,https://www.jra.go.jp/datafile/seiseki/report/2011/2011-4niigata2.pdf,official_daily_result_pdf
201104040207,2011,新潟,4,2,7,2011-08-14,https://www.jra.go.jp/datafile/seiseki/report/2011/2011-4niigata2.pdf,official_daily_result_pdf
201104040208,2011,新潟,4,2,8,2011-08-14,https://www.jra.go.jp/datafile/seiseki/report/2011/2011-4niigata2.pdf,official_daily_result_pdf
201104040209,2011,新潟,4,2,9,2011-08-14,https://www.jra.go.jp/datafile/seiseki/report/2011/2011-4niigata2.pdf,official_daily_result_pdf
201104040210,2011,新潟,4,2,10,2011-08-14,https://www.jra.go.jp/datafile/seiseki/report/2011/2011-4niigata2.pdf,official_daily_result_pdf
201104040211,2011,新潟,4,2,11,2011-08-14,https://www.jra.go.jp/datafile/seiseki/report/2011/2011-4niigata2.pdf,official_daily_result_pdf
201104040212,2011,新潟,4,2,12,2011-08-14,https://www.jra.go.jp/datafile/seiseki/report/2011/2011-4niigata2.pdf,official_daily_result_pdf
201104040301,2011,新潟,4,3,1,2011-08-20,https://www.jra.go.jp/datafile/seiseki/report/2011/2011-4niigata3.pdf,official_daily_result_pdf
201104040302,2011,新潟,4,3,2,2011-08-20,https://www.jra.go.jp/datafile/seiseki/report/2011/2011-4niigata3.pdf,official_daily_result_pdf
201104040303,2011,新潟,4,3,3,2011-08-20,https://www.jra.go.jp/datafile/seiseki/report/2011/2011-4niigata3.pdf,official_daily_result_pdf
201104040304,2011,新潟,4,3,4,2011-08-20,https://www.jra.go.jp/datafile/seiseki/report/2011/2011-4niigata3.pdf,official_daily_result_pdf
201104040305,2011,新潟,4,3,5,2011-08-20,https://www.jra.go.jp/datafile/seiseki/report/2011/2011-4niigata3.pdf,official_daily_result_pdf
201104040306,2011,新潟,4,3,6,2011-08-20,https://www.jra.go.jp/datafile/seiseki/report/2011/2011-4niigata3.pdf,official_daily_result_pdf
201104040307,2011,新潟,4,3,7,2011-08-20,https://www.jra.go.jp/datafile/seiseki/report/2011/2011-4niigata3.pdf,official_daily_result_pdf
201104040308,2011,新潟,4,3,8,2011-08-20,https://www.jra.go.jp/datafile/seiseki/report/2011/2011-4niigata3.pdf,official_daily_result_pdf
201104040309,2011,新潟,4,3,9,2011-08-20,https://www.jra.go.jp/datafile/seiseki/report/2011/2011-4niigata3.pdf,official_daily_result_pdf
201104040310,2011,新潟,4,3,10,2011-08-20,https://www.jra.go.jp/datafile/seiseki/report/2011/2011-4niigata3.pdf,official_daily_result_pdf
201104040311,2011,新潟,4,3,11,2011-08-20,https://www.jra.go.jp/datafile/seiseki/report/2011/2011-4niigata3.pdf,official_daily_result_pdf
201104040312,2011,新潟,4,3,12,2011-08-20,https://www.jra.go.jp/datafile/seiseki/report/2011/2011-4niigata3.pdf,official_daily_result_pdf
201104040401,2011,新潟,4,4,1,2011-08-21,https://www.jra.go.jp/datafile/seiseki/report/2011/2011-4niigata4.pdf,official_daily_result_pdf
201104040402,2011,新潟,4,4,2,2011-08-21,https://www.jra.go.jp/datafile/seiseki/report/2011/2011-4niigata4.pdf,official_daily_result_pdf
201104040403,2011,新潟,4,4,3,2011-08-21,https://www.jra.go.jp/datafile/seiseki/report/2011/2011-4niigata4.pdf,official_daily_result_pdf
201104040404,2011,新潟,4,4,4,2011-08-21,https://www.jra.go.jp/datafile/seiseki/report/2011/2011-4niigata4.pdf,official_daily_result_pdf
201104040405,2011,新潟,4,4,5,2011-08-21,https://www.jra.go.jp/datafile/seiseki/report/2011/2011-4niigata4.pdf,official_daily_result_pdf
201104040406,2011,新潟,4,4,6,2011-08-21,https://www.jra.go.jp/datafile/seiseki/report/2011/2011-4niigata4.pdf,official_daily_result_pdf
201104040407,2011,新潟,4,4,7,2011-08-21,https://www.jra.go.jp/datafile/seiseki/report/2011/2011-4niigata4.pdf,official_daily_result_pdf
201104040408,2011,新潟,4,4,8,2011-08-21,https://www.jra.go.jp/datafile/seiseki/report/2011/2011-4niigata4.pdf,official_daily_result_pdf
201104040409,2011,新潟,4,4,9,2011-08-21,https://www.jra.go.jp/datafile/seiseki/report/2011/2011-4niigata4.pdf,official_daily_result_pdf
201104040410,2011,新潟,4,4,10,2011-08-21,https://www.jra.go.jp/datafile/seiseki/report/2011/2011-4niigata4.pdf,official_daily_result_pdf
201104040411,2011,新潟,4,4,11,2011-08-21,https://www.jra.go.jp/datafile/seiseki/report/2011/2011-4niigata4.pdf,official_daily_result_pdf
201104040412,2011,新潟,4,4,12,2011-08-21,https://www.jra.go.jp/datafile/seiseki/report/2011/2011-4niigata4.pdf,official_daily_result_pdf
201104040501,2011,新潟,4,5,1,2011-08-27,https://www.jra.go.jp/datafile/seiseki/report/2011/2011-4niigata5.pdf,official_daily_result_pdf
201104040502,2011,新潟,4,5,2,2011-08-27,https://www.jra.go.jp/datafile/seiseki/report/2011/2011-4niigata5.pdf,official_daily_result_pdf
201104040503,2011,新潟,4,5,3,2011-08-27,https://www.jra.go.jp/datafile/seiseki/report/2011/2011-4niigata5.pdf,official_daily_result_pdf
201104040504,2011,新潟,4,5,4,2011-08-27,https://www.jra.go.jp/datafile/seiseki/report/2011/2011-4niigata5.pdf,official_daily_result_pdf
201104040505,2011,新潟,4,5,5,2011-08-27,https://www.jra.go.jp/datafile/seiseki/report/2011/2011-4niigata5.pdf,official_daily_result_pdf
201104040506,2011,新潟,4,5,6,2011-08-27,https://www.jra.go.jp/datafile/seiseki/report/2011/2011-4niigata5.pdf,official_daily_result_pdf
201104040507,2011,新潟,4,5,7,2011-08-27,https://www.jra.go.jp/datafile/seiseki/report/2011/2011-4niigata5.pdf,official_daily_result_pdf
201104040508,2011,新潟,4,5,8,2011-08-27,https://www.jra.go.jp/datafile/seiseki/report/2011/2011-4niigata5.pdf,official_daily_result_pdf
201104040509,2011,新潟,4,5,9,2011-08-27,https://www.jra.go.jp/datafile/seiseki/report/2011/2011-4niigata5.pdf,official_daily_result_pdf
201104040510,2011,新潟,4,5,10,2011-08-27,https://www.jra.go.jp/datafile/seiseki/report/2011/2011-4niigata5.pdf,official_daily_result_pdf
201104040511,2011,新潟,4,5,11,2011-08-27,https://www.jra.go.jp/datafile/seiseki/report/2011/2011-4niigata5.pdf,official_daily_result_pdf
201104040512,2011,新潟,4,5,12,2011-08-27,https://www.jra.go.jp/datafile/seiseki/report/2011/2011-4niigata5.pdf,official_daily_result_pdf
201104040601,2011,新潟,4,6,1,2011-08-28,https://www.jra.go.jp/datafile/seiseki/report/2011/2011-4niigata6.pdf,official_daily_result_pdf
201104040602,2011,新潟,4,6,2,2011-08-28,https://www.jra.go.jp/datafile/seiseki/report/2011/2011-4niigata6.pdf,official_daily_result_pdf
201104040603,2011,新潟,4,6,3,2011-08-28,https://www.jra.go.jp/datafile/seiseki/report/2011/2011-4niigata6.pdf,official_daily_result_pdf
201104040604,2011,新潟,4,6,4,2011-08-28,https://www.jra.go.jp/datafile/seiseki/report/2011/2011-4niigata6.pdf,official_daily_result_pdf
201104040605,2011,新潟,4,6,5,2011-08-28,https://www.jra.go.jp/datafile/seiseki/report/2011/2011-4niigata6.pdf,official_daily_result_pdf
201104040606,2011,新潟,4,6,6,2011-08-28,https://www.jra.go.jp/datafile/seiseki/report/2011/2011-4niigata6.pdf,official_daily_result_pdf
201104040607,2011,新潟,4,6,7,2011-08-28,https://www.jra.go.jp/datafile/seiseki/report/2011/2011-4niigata6.pdf,official_daily_result_pdf
201104040608,2011,新潟,4,6,8,2011-08-28,https://www.jra.go.jp/datafile/seiseki/report/2011/2011-4niigata6.pdf,official_daily_result_pdf
201104040609,2011,新潟,4,6,9,2011-08-28,https://www.jra.go.jp/datafile/seiseki/report/2011/2011-4niigata6.pdf,official_daily_result_pdf
201104040610,2011,新潟,4,6,10,2011-08-28,https://www.jra.go.jp/datafile/seiseki/report/2011/2011-4niigata6.pdf,official_daily_result_pdf
201104040611,2011,新潟,4,6,11,2011-08-28,https://www.jra.go.jp/datafile/seiseki/report/2011/2011-4niigata6.pdf,official_daily_result_pdf
201104040612,2011,新潟,4,6,12,2011-08-28,https://www.jra.go.jp/datafile/seiseki/report/2011/2011-4niigata6.pdf,official_daily_result_pdf
201104040701,2011,新潟,4,7,1,2011-09-03,https://www.jra.go.jp/datafile/seiseki/report/2011/2011-4niigata7.pdf,official_daily_result_pdf
201104040702,2011,新潟,4,7,2,2011-09-03,https://www.jra.go.jp/datafile/seiseki/report/2011/2011-4niigata7.pdf,official_daily_result_pdf
201104040703,2011,新潟,4,7,3,2011-09-03,https://www.jra.go.jp/datafile/seiseki/report/2011/2011-4niigata7.pdf,official_daily_result_pdf
201104040704,2011,新潟,4,7,4,2011-09-03,https://www.jra.go.jp/datafile/seiseki/report/2011/2011-4niigata7.pdf,official_daily_result_pdf
201104040705,2011,新潟,4,7,5,2011-09-03,https://www.jra.go.jp/datafile/seiseki/report/2011/2011-4niigata7.pdf,official_daily_result_pdf
201104040706,2011,新潟,4,7,6,2011-09-03,https://www.jra.go.jp/datafile/seiseki/report/2011/2011-4niigata7.pdf,official_daily_result_pdf
201104040707,2011,新潟,4,7,7,2011-09-03,https://www.jra.go.jp/datafile/seiseki/report/2011/2011-4niigata7.pdf,official_daily_result_pdf
201104040708,2011,新潟,4,7,8,2011-09-03,https://www.jra.go.jp/datafile/seiseki/report/2011/2011-4niigata7.pdf,official_daily_result_pdf
201104040709,2011,新潟,4,7,9,2011-09-03,https://www.jra.go.jp/datafile/seiseki/report/2011/2011-4niigata7.pdf,official_daily_result_pdf
201104040710,2011,新潟,4,7,10,2011-09-03,https://www.jra.go.jp/datafile/seiseki/report/2011/2011-4niigata7.pdf,official_daily_result_pdf
201104040711,2011,新潟,4,7,11,2011-09-03,https://www.jra.go.jp/datafile/seiseki/report/2011/2011-4niigata7.pdf,official_daily_result_pdf
201104040712,2011,新潟,4,7,12,2011-09-03,https://www.jra.go.jp/datafile/seiseki/report/2011/2011-4niigata7.pdf,official_daily_result_pdf
201104040801,2011,新潟,4,8,1,2011-09-04,https://www.jra.go.jp/datafile/seiseki/report/2011/2011-4niigata8.pdf,official_daily_result_pdf
201104040802,2011,新潟,4,8,2,2011-09-04,https://www.jra.go.jp/datafile/seiseki/report/2011/2011-4niigata8.pdf,official_daily_result_pdf
201104040803,2011,新潟,4,8,3,2011-09-04,https://www.jra.go.jp/datafile/seiseki/report/2011/2011-4niigata8.pdf,official_daily_result_pdf
201104040804,2011,新潟,4,8,4,2011-09-04,https://www.jra.go.jp/datafile/seiseki/report/2011/2011-4niigata8.pdf,official_daily_result_pdf
201104040805,2011,新潟,4,8,5,2011-09-04,https://www.jra.go.jp/datafile/seiseki/report/2011/2011-4niigata8.pdf,official_daily_result_pdf
201104040806,2011,新潟,4,8,6,2011-09-04,https://www.jra.go.jp/datafile/seiseki/report/2011/2011-4niigata8.pdf,official_daily_result_pdf
201104040807,2011,新潟,4,8,7,2011-09-04,https://www.jra.go.jp/datafile/seiseki/report/2011/2011-4niigata8.pdf,official_daily_result_pdf
201104040808,2011,新潟,4,8,8,2011-09-04,https://www.jra.go.jp/datafile/seiseki/report/2011/2011-4niigata8.pdf,official_daily_result_pdf
201104040809,2011,新潟,4,8,9,2011-09-04,https://www.jra.go.jp/datafile/seiseki/report/2011/2011-4niigata8.pdf,official_daily_result_pdf
201104040810,2011,新潟,4,8,10,2011-09-04,https://www.jra.go.jp/datafile/seiseki/report/2011/2011-4niigata8.pdf,official_daily_result_pdf
201104040811,2011,新潟,4,8,11,2011-09-04,https://www.jra.go.jp/datafile/seiseki/report/2011/2011-4niigata8.pdf,official_daily_result_pdf
201104040812,2011,新潟,4,8,12,2011-09-04,https://www.jra.go.jp/datafile/seiseki/report/2011/2011-4niigata8.pdf,official_daily_result_pdf
201104050101,2011,新潟,5,1,1,2011-10-15,https://www.jra.go.jp/datafile/seiseki/report/2011/2011-5niigata1.pdf,official_daily_result_pdf
201104050102,2011,新潟,5,1,2,2011-10-15,https://www.jra.go.jp/datafile/seiseki/report/2011/2011-5niigata1.pdf,official_daily_result_pdf
201104050103,2011,新潟,5,1,3,2011-10-15,https://www.jra.go.jp/datafile/seiseki/report/2011/2011-5niigata1.pdf,official_daily_result_pdf
201104050104,2011,新潟,5,1,4,2011-10-15,https://www.jra.go.jp/datafile/seiseki/report/2011/2011-5niigata1.pdf,official_daily_result_pdf
201104050105,2011,新潟,5,1,5,2011-10-15,https://www.jra.go.jp/datafile/seiseki/report/2011/2011-5niigata1.pdf,official_daily_result_pdf
201104050106,2011,新潟,5,1,6,2011-10-15,https://www.jra.go.jp/datafile/seiseki/report/2011/2011-5niigata1.pdf,official_daily_result_pdf
201104050107,2011,新潟,5,1,7,2011-10-15,https://www.jra.go.jp/datafile/seiseki/report/2011/2011-5niigata1.pdf,official_daily_result_pdf
201104050108,2011,新潟,5,1,8,2011-10-15,https://www.jra.go.jp/datafile/seiseki/report/2011/2011-5niigata1.pdf,official_daily_result_pdf
201104050109,2011,新潟,5,1,9,2011-10-15,https://www.jra.go.jp/datafile/seiseki/report/2011/2011-5niigata1.pdf,official_daily_result_pdf
201104050110,2011,新潟,5,1,10,2011-10-15,https://www.jra.go.jp/datafile/seiseki/report/2011/2011-5niigata1.pdf,official_daily_result_pdf
201104050111,2011,新潟,5,1,11,2011-10-15,https://www.jra.go.jp/datafile/seiseki/report/2011/2011-5niigata1.pdf,official_daily_result_pdf
201104050112,2011,新潟,5,1,12,2011-10-15,https://www.jra.go.jp/datafile/seiseki/report/2011/2011-5niigata1.pdf,official_daily_result_pdf
201104050201,2011,新潟,5,2,1,2011-10-16,https://www.jra.go.jp/datafile/seiseki/report/2011/2011-5niigata2.pdf,official_daily_result_pdf
201104050202,2011,新潟,5,2,2,2011-10-16,https://www.jra.go.jp/datafile/seiseki/report/2011/2011-5niigata2.pdf,official_daily_result_pdf
201104050203,2011,新潟,5,2,3,2011-10-16,https://www.jra.go.jp/datafile/seiseki/report/2011/2011-5niigata2.pdf,official_daily_result_pdf
201104050204,2011,新潟,5,2,4,2011-10-16,https://www.jra.go.jp/datafile/seiseki/report/2011/2011-5niigata2.pdf,official_daily_result_pdf
201104050205,2011,新潟,5,2,5,2011-10-16,https://www.jra.go.jp/datafile/seiseki/report/2011/2011-5niigata2.pdf,official_daily_result_pdf
201104050206,2011,新潟,5,2,6,2011-10-16,https://www.jra.go.jp/datafile/seiseki/report/2011/2011-5niigata2.pdf,official_daily_result_pdf
201104050207,2011,新潟,5,2,7,2011-10-16,https://www.jra.go.jp/datafile/seiseki/report/2011/2011-5niigata2.pdf,official_daily_result_pdf
201104050208,2011,新潟,5,2,8,2011-10-16,https://www.jra.go.jp/datafile/seiseki/report/2011/2011-5niigata2.pdf,official_daily_result_pdf
201104050209,2011,新潟,5,2,9,2011-10-16,https://www.jra.go.jp/datafile/seiseki/report/2011/2011-5niigata2.pdf,official_daily_result_pdf
201104050210,2011,新潟,5,2,10,2011-10-16,https://www.jra.go.jp/datafile/seiseki/report/2011/2011-5niigata2.pdf,official_daily_result_pdf
201104050211,2011,新潟,5,2,11,2011-10-16,https://www.jra.go.jp/datafile/seiseki/report/2011/2011-5niigata2.pdf,official_daily_result_pdf
201104050212,2011,新潟,5,2,12,2011-10-16,https://www.jra.go.jp/datafile/seiseki/report/2011/2011-5niigata2.pdf,official_daily_result_pdf
201104050301,2011,新潟,5,3,1,2011-10-22,https://www.jra.go.jp/datafile/seiseki/report/2011/2011-5niigata3.pdf,official_daily_result_pdf
201104050302,2011,新潟,5,3,2,2011-10-22,https://www.jra.go.jp/datafile/seiseki/report/2011/2011-5niigata3.pdf,official_daily_result_pdf
201104050303,2011,新潟,5,3,3,2011-10-22,https://www.jra.go.jp/datafile/seiseki/report/2011/2011-5niigata3.pdf,official_daily_result_pdf
201104050304,2011,新潟,5,3,4,2011-10-22,https://www.jra.go.jp/datafile/seiseki/report/2011/2011-5niigata3.pdf,official_daily_result_pdf
201104050305,2011,新潟,5,3,5,2011-10-22,https://www.jra.go.jp/datafile/seiseki/report/2011/2011-5niigata3.pdf,official_daily_result_pdf
201104050306,2011,新潟,5,3,6,2011-10-22,https://www.jra.go.jp/datafile/seiseki/report/2011/2011-5niigata3.pdf,official_daily_result_pdf
201104050307,2011,新潟,5,3,7,2011-10-22,https://www.jra.go.jp/datafile/seiseki/report/2011/2011-5niigata3.pdf,official_daily_result_pdf
201104050308,2011,新潟,5,3,8,2011-10-22,https://www.jra.go.jp/datafile/seiseki/report/2011/2011-5niigata3.pdf,official_daily_result_pdf
201104050309,2011,新潟,5,3,9,2011-10-22,https://www.jra.go.jp/datafile/seiseki/report/2011/2011-5niigata3.pdf,official_daily_result_pdf
201104050310,2011,新潟,5,3,10,2011-10-22,https://www.jra.go.jp/datafile/seiseki/report/2011/2011-5niigata3.pdf,official_daily_result_pdf
201104050311,2011,新潟,5,3,11,2011-10-22,https://www.jra.go.jp/datafile/seiseki/report/2011/2011-5niigata3.pdf,official_daily_result_pdf
201104050312,2011,新潟,5,3,12,2011-10-22,https://www.jra.go.jp/datafile/seiseki/report/2011/2011-5niigata3.pdf,official_daily_result_pdf
201104050401,2011,新潟,5,4,1,2011-10-23,https://www.jra.go.jp/datafile/seiseki/report/2011/2011-5niigata4.pdf,official_daily_result_pdf
201104050402,2011,新潟,5,4,2,2011-10-23,https://www.jra.go.jp/datafile/seiseki/report/2011/2011-5niigata4.pdf,official_daily_result_pdf
201104050403,2011,新潟,5,4,3,2011-10-23,https://www.jra.go.jp/datafile/seiseki/report/2011/2011-5niigata4.pdf,official_daily_result_pdf
201104050404,2011,新潟,5,4,4,2011-10-23,https://www.jra.go.jp/datafile/seiseki/report/2011/2011-5niigata4.pdf,official_daily_result_pdf
201104050405,2011,新潟,5,4,5,2011-10-23,https://www.jra.go.jp/datafile/seiseki/report/2011/2011-5niigata4.pdf,official_daily_result_pdf
201104050406,2011,新潟,5,4,6,2011-10-23,https://www.jra.go.jp/datafile/seiseki/report/2011/2011-5niigata4.pdf,official_daily_result_pdf
201104050407,2011,新潟,5,4,7,2011-10-23,https://www.jra.go.jp/datafile/seiseki/report/2011/2011-5niigata4.pdf,official_daily_result_pdf
201104050408,2011,新潟,5,4,8,2011-10-23,https://www.jra.go.jp/datafile/seiseki/report/2011/2011-5niigata4.pdf,official_daily_result_pdf
201104050409,2011,新潟,5,4,9,2011-10-23,https://www.jra.go.jp/datafile/seiseki/report/2011/2011-5niigata4.pdf,official_daily_result_pdf
201104050410,2011,新潟,5,4,10,2011-10-23,https://www.jra.go.jp/datafile/seiseki/report/2011/2011-5niigata4.pdf,official_daily_result_pdf
201104050411,2011,新潟,5,4,11,2011-10-23,https://www.jra.go.jp/datafile/seiseki/report/2011/2011-5niigata4.pdf,official_daily_result_pdf
201104050412,2011,新潟,5,4,12,2011-10-23,https://www.jra.go.jp/datafile/seiseki/report/2011/2011-5niigata4.pdf,official_daily_result_pdf
201104050501,2011,新潟,5,5,1,2011-10-29,https://www.jra.go.jp/datafile/seiseki/report/2011/2011-5niigata5.pdf,official_daily_result_pdf
201104050502,2011,新潟,5,5,2,2011-10-29,https://www.jra.go.jp/datafile/seiseki/report/2011/2011-5niigata5.pdf,official_daily_result_pdf
201104050503,2011,新潟,5,5,3,2011-10-29,https://www.jra.go.jp/datafile/seiseki/report/2011/2011-5niigata5.pdf,official_daily_result_pdf
201104050504,2011,新潟,5,5,4,2011-10-29,https://www.jra.go.jp/datafile/seiseki/report/2011/2011-5niigata5.pdf,official_daily_result_pdf
201104050505,2011,新潟,5,5,5,2011-10-29,https://www.jra.go.jp/datafile/seiseki/report/2011/2011-5niigata5.pdf,official_daily_result_pdf
201104050506,2011,新潟,5,5,6,2011-10-29,https://www.jra.go.jp/datafile/seiseki/report/2011/2011-5niigata5.pdf,official_daily_result_pdf
201104050507,2011,新潟,5,5,7,2011-10-29,https://www.jra.go.jp/datafile/seiseki/report/2011/2011-5niigata5.pdf,official_daily_result_pdf
201104050508,2011,新潟,5,5,8,2011-10-29,https://www.jra.go.jp/datafile/seiseki/report/2011/2011-5niigata5.pdf,official_daily_result_pdf
201104050509,2011,新潟,5,5,9,2011-10-29,https://www.jra.go.jp/datafile/seiseki/report/2011/2011-5niigata5.pdf,official_daily_result_pdf
201104050510,2011,新潟,5,5,10,2011-10-29,https://www.jra.go.jp/datafile/seiseki/report/2011/2011-5niigata5.pdf,official_daily_result_pdf
201104050511,2011,新潟,5,5,11,2011-10-29,https://www.jra.go.jp/datafile/seiseki/report/2011/2011-5niigata5.pdf,official_daily_result_pdf
201104050512,2011,新潟,5,5,12,2011-10-29,https://www.jra.go.jp/datafile/seiseki/report/2011/2011-5niigata5.pdf,official_daily_result_pdf
201104050601,2011,新潟,5,6,1,2011-10-30,https://www.jra.go.jp/datafile/seiseki/report/2011/2011-5niigata6.pdf,official_daily_result_pdf
201104050602,2011,新潟,5,6,2,2011-10-30,https://www.jra.go.jp/datafile/seiseki/report/2011/2011-5niigata6.pdf,official_daily_result_pdf
201104050603,2011,新潟,5,6,3,2011-10-30,https://www.jra.go.jp/datafile/seiseki/report/2011/2011-5niigata6.pdf,official_daily_result_pdf
201104050604,2011,新潟,5,6,4,2011-10-30,https://www.jra.go.jp/datafile/seiseki/report/2011/2011-5niigata6.pdf,official_daily_result_pdf
201104050605,2011,新潟,5,6,5,2011-10-30,https://www.jra.go.jp/datafile/seiseki/report/2011/2011-5niigata6.pdf,official_daily_result_pdf
201104050606,2011,新潟,5,6,6,2011-10-30,https://www.jra.go.jp/datafile/seiseki/report/2011/2011-5niigata6.pdf,official_daily_result_pdf
201104050607,2011,新潟,5,6,7,2011-10-30,https://www.jra.go.jp/datafile/seiseki/report/2011/2011-5niigata6.pdf,official_daily_result_pdf
201104050608,2011,新潟,5,6,8,2011-10-30,https://www.jra.go.jp/datafile/seiseki/report/2011/2011-5niigata6.pdf,official_daily_result_pdf
201104050609,2011,新潟,5,6,9,2011-10-30,https://www.jra.go.jp/datafile/seiseki/report/2011/2011-5niigata6.pdf,official_daily_result_pdf
201104050610,2011,新潟,5,6,10,2011-10-30,https://www.jra.go.jp/datafile/seiseki/report/2011/2011-5niigata6.pdf,official_daily_result_pdf
201104050611,2011,新潟,5,6,11,2011-10-30,https://www.jra.go.jp/datafile/seiseki/report/2011/2011-5niigata6.pdf,official_daily_result_pdf
201104050612,2011,新潟,5,6,12,2011-10-30,https://www.jra.go.jp/datafile/seiseki/report/2011/2011-5niigata6.pdf,official_daily_result_pdf
201104050701,2011,新潟,5,7,1,2011-11-05,https://www.jra.go.jp/datafile/seiseki/report/2011/2011-5niigata7.pdf,official_daily_result_pdf
201104050702,2011,新潟,5,7,2,2011-11-05,https://www.jra.go.jp/datafile/seiseki/report/2011/2011-5niigata7.pdf,official_daily_result_pdf
201104050703,2011,新潟,5,7,3,2011-11-05,https://www.jra.go.jp/datafile/seiseki/report/2011/2011-5niigata7.pdf,official_daily_result_pdf
201104050704,2011,新潟,5,7,4,2011-11-05,https://www.jra.go.jp/datafile/seiseki/report/2011/2011-5niigata7.pdf,official_daily_result_pdf
201104050705,2011,新潟,5,7,5,2011-11-05,https://www.jra.go.jp/datafile/seiseki/report/2011/2011-5niigata7.pdf,official_daily_result_pdf
201104050706,2011,新潟,5,7,6,2011-11-05,https://www.jra.go.jp/datafile/seiseki/report/2011/2011-5niigata7.pdf,official_daily_result_pdf
201104050707,2011,新潟,5,7,7,2011-11-05,https://www.jra.go.jp/datafile/seiseki/report/2011/2011-5niigata7.pdf,official_daily_result_pdf
201104050708,2011,新潟,5,7,8,2011-11-05,https://www.jra.go.jp/datafile/seiseki/report/2011/2011-5niigata7.pdf,official_daily_result_pdf
201104050709,2011,新潟,5,7,9,2011-11-05,https://www.jra.go.jp/datafile/seiseki/report/2011/2011-5niigata7.pdf,official_daily_result_pdf
201104050710,2011,新潟,5,7,10,2011-11-05,https://www.jra.go.jp/datafile/seiseki/report/2011/2011-5niigata7.pdf,official_daily_result_pdf
201104050711,2011,新潟,5,7,11,2011-11-05,https://www.jra.go.jp/datafile/seiseki/report/2011/2011-5niigata7.pdf,official_daily_result_pdf
201104050712,2011,新潟,5,7,12,2011-11-05,https://www.jra.go.jp/datafile/seiseki/report/2011/2011-5niigata7.pdf,official_daily_result_pdf
201104050801,2011,新潟,5,8,1,2011-11-06,https://www.jra.go.jp/datafile/seiseki/report/2011/2011-5niigata8.pdf,official_daily_result_pdf
201104050802,2011,新潟,5,8,2,2011-11-06,https://www.jra.go.jp/datafile/seiseki/report/2011/2011-5niigata8.pdf,official_daily_result_pdf
201104050803,2011,新潟,5,8,3,2011-11-06,https://www.jra.go.jp/datafile/seiseki/report/2011/2011-5niigata8.pdf,official_daily_result_pdf
201104050804,2011,新潟,5,8,4,2011-11-06,https://www.jra.go.jp/datafile/seiseki/report/2011/2011-5niigata8.pdf,official_daily_result_pdf
201104050805,2011,新潟,5,8,5,2011-11-06,https://www.jra.go.jp/datafile/seiseki/report/2011/2011-5niigata8.pdf,official_daily_result_pdf
201104050806,2011,新潟,5,8,6,2011-11-06,https://www.jra.go.jp/datafile/seiseki/report/2011/2011-5niigata8.pdf,official_daily_result_pdf
201104050807,2011,新潟,5,8,7,2011-11-06,https://www.jra.go.jp/datafile/seiseki/report/2011/2011-5niigata8.pdf,official_daily_result_pdf
201104050808,2011,新潟,5,8,8,2011-11-06,https://www.jra.go.jp/datafile/seiseki/report/2011/2011-5niigata8.pdf,official_daily_result_pdf
201104050809,2011,新潟,5,8,9,2011-11-06,https://www.jra.go.jp/datafile/seiseki/report/2011/2011-5niigata8.pdf,official_daily_result_pdf
201104050810,2011,新潟,5,8,10,2011-11-06,https://www.jra.go.jp/datafile/seiseki/report/2011/2011-5niigata8.pdf,official_daily_result_pdf
201104050811,2011,新潟,5,8,11,2011-11-06,https://www.jra.go.jp/datafile/seiseki/report/2011/2011-5niigata8.pdf,official_daily_result_pdf
201104050812,2011,新潟,5,8,12,2011-11-06,https://www.jra.go.jp/datafile/seiseki/report/2011/2011-5niigata8.pdf,official_daily_result_pdf
201104050901,2011,新潟,5,9,1,2011-11-12,https://www.jra.go.jp/datafile/seiseki/report/2011/2011-5niigata9.pdf,official_daily_result_pdf
201104050902,2011,新潟,5,9,2,2011-11-12,https://www.jra.go.jp/datafile/seiseki/report/2011/2011-5niigata9.pdf,official_daily_result_pdf
201104050903,2011,新潟,5,9,3,2011-11-12,https://www.jra.go.jp/datafile/seiseki/report/2011/2011-5niigata9.pdf,official_daily_result_pdf
201104050904,2011,新潟,5,9,4,2011-11-12,https://www.jra.go.jp/datafile/seiseki/report/2011/2011-5niigata9.pdf,official_daily_result_pdf
201104050905,2011,新潟,5,9,5,2011-11-12,https://www.jra.go.jp/datafile/seiseki/report/2011/2011-5niigata9.pdf,official_daily_result_pdf
201104050906,2011,新潟,5,9,6,2011-11-12,https://www.jra.go.jp/datafile/seiseki/report/2011/2011-5niigata9.pdf,official_daily_result_pdf
201104050907,2011,新潟,5,9,7,2011-11-12,https://www.jra.go.jp/datafile/seiseki/report/2011/2011-5niigata9.pdf,official_daily_result_pdf
201104050908,2011,新潟,5,9,8,2011-11-12,https://www.jra.go.jp/datafile/seiseki/report/2011/2011-5niigata9.pdf,official_daily_result_pdf
201104050909,2011,新潟,5,9,9,2011-11-12,https://www.jra.go.jp/datafile/seiseki/report/2011/2011-5niigata9.pdf,official_daily_result_pdf
201104050910,2011,新潟,5,9,10,2011-11-12,https://www.jra.go.jp/datafile/seiseki/report/2011/2011-5niigata9.pdf,official_daily_result_pdf
201104050911,2011,新潟,5,9,11,2011-11-12,https://www.jra.go.jp/datafile/seiseki/report/2011/2011-5niigata9.pdf,official_daily_result_pdf
201104050912,2011,新潟,5,9,12,2011-11-12,https://www.jra.go.jp/datafile/seiseki/report/2011/2011-5niigata9.pdf,official_daily_result_pdf
201104051001,2011,新潟,5,10,1,2011-11-13,https://www.jra.go.jp/datafile/seiseki/report/2011/2011-5niigata10.pdf,official_daily_result_pdf
201104051002,2011,新潟,5,10,2,2011-11-13,https://www.jra.go.jp/datafile/seiseki/report/2011/2011-5niigata10.pdf,official_daily_result_pdf
201104051003,2011,新潟,5,10,3,2011-11-13,https://www.jra.go.jp/datafile/seiseki/report/2011/2011-5niigata10.pdf,official_daily_result_pdf
201104051004,2011,新潟,5,10,4,2011-11-13,https://www.jra.go.jp/datafile/seiseki/report/2011/2011-5niigata10.pdf,official_daily_result_pdf
201104051005,2011,新潟,5,10,5,2011-11-13,https://www.jra.go.jp/datafile/seiseki/report/2011/2011-5niigata10.pdf,official_daily_result_pdf
201104051006,2011,新潟,5,10,6,2011-11-13,https://www.jra.go.jp/datafile/seiseki/report/2011/2011-5niigata10.pdf,official_daily_result_pdf
201104051007,2011,新潟,5,10,7,2011-11-13,https://www.jra.go.jp/datafile/seiseki/report/2011/2011-5niigata10.pdf,official_daily_result_pdf
201104051008,2011,新潟,5,10,8,2011-11-13,https://www.jra.go.jp/datafile/seiseki/report/2011/2011-5niigata10.pdf,official_daily_result_pdf
201104051009,2011,新潟,5,10,9,2011-11-13,https://www.jra.go.jp/datafile/seiseki/report/2011/2011-5niigata10.pdf,official_daily_result_pdf
201104051010,2011,新潟,5,10,10,2011-11-13,https://www.jra.go.jp/datafile/seiseki/report/2011/2011-5niigata10.pdf,official_daily_result_pdf
201104051011,2011,新潟,5,10,11,2011-11-13,https://www.jra.go.jp/datafile/seiseki/report/2011/2011-5niigata10.pdf,official_daily_result_pdf
201104051012,2011,新潟,5,10,12,2011-11-13,https://www.jra.go.jp/datafile/seiseki/report/2011/2011-5niigata10.pdf,official_daily_result_pdf
201104051101,2011,新潟,5,11,1,2011-11-19,https://www.jra.go.jp/datafile/seiseki/report/2011/2011-5niigata11.pdf,official_daily_result_pdf
201104051102,2011,新潟,5,11,2,2011-11-19,https://www.jra.go.jp/datafile/seiseki/report/2011/2011-5niigata11.pdf,official_daily_result_pdf
201104051103,2011,新潟,5,11,3,2011-11-19,https://www.jra.go.jp/datafile/seiseki/report/2011/2011-5niigata11.pdf,official_daily_result_pdf
201104051104,2011,新潟,5,11,4,2011-11-19,https://www.jra.go.jp/datafile/seiseki/report/2011/2011-5niigata11.pdf,official_daily_result_pdf
201104051105,2011,新潟,5,11,5,2011-11-19,https://www.jra.go.jp/datafile/seiseki/report/2011/2011-5niigata11.pdf,official_daily_result_pdf
201104051106,2011,新潟,5,11,6,2011-11-19,https://www.jra.go.jp/datafile/seiseki/report/2011/2011-5niigata11.pdf,official_daily_result_pdf
201104051107,2011,新潟,5,11,7,2011-11-19,https://www.jra.go.jp/datafile/seiseki/report/2011/2011-5niigata11.pdf,official_daily_result_pdf
201104051108,2011,新潟,5,11,8,2011-11-19,https://www.jra.go.jp/datafile/seiseki/report/2011/2011-5niigata11.pdf,official_daily_result_pdf
201104051109,2011,新潟,5,11,9,2011-11-19,https://www.jra.go.jp/datafile/seiseki/report/2011/2011-5niigata11.pdf,official_daily_result_pdf
201104051110,2011,新潟,5,11,10,2011-11-19,https://www.jra.go.jp/datafile/seiseki/report/2011/2011-5niigata11.pdf,official_daily_result_pdf
201104051111,2011,新潟,5,11,11,2011-11-19,https://www.jra.go.jp/datafile/seiseki/report/2011/2011-5niigata11.pdf,official_daily_result_pdf
201104051112,2011,新潟,5,11,12,2011-11-19,https://www.jra.go.jp/datafile/seiseki/report/2011/2011-5niigata11.pdf,official_daily_result_pdf
201104051201,2011,新潟,5,12,1,2011-11-20,https://www.jra.go.jp/datafile/seiseki/report/2011/2011-5niigata12.pdf,official_daily_result_pdf
201104051202,2011,新潟,5,12,2,2011-11-20,https://www.jra.go.jp/datafile/seiseki/report/2011/2011-5niigata12.pdf,official_daily_result_pdf
201104051203,2011,新潟,5,12,3,2011-11-20,https://www.jra.go.jp/datafile/seiseki/report/2011/2011-5niigata12.pdf,official_daily_result_pdf
201104051204,2011,新潟,5,12,4,2011-11-20,https://www.jra.go.jp/datafile/seiseki/report/2011/2011-5niigata12.pdf,official_daily_result_pdf
201104051205,2011,新潟,5,12,5,2011-11-20,https://www.jra.go.jp/datafile/seiseki/report/2011/2011-5niigata12.pdf,official_daily_result_pdf
201104051206,2011,新潟,5,12,6,2011-11-20,https://www.jra.go.jp/datafile/seiseki/report/2011/2011-5niigata12.pdf,official_daily_result_pdf
201104051207,2011,新潟,5,12,7,2011-11-20,https://www.jra.go.jp/datafile/seiseki/report/2011/2011-5niigata12.pdf,official_daily_result_pdf
201104051208,2011,新潟,5,12,8,2011-11-20,https://www.jra.go.jp/datafile/seiseki/report/2011/2011-5niigata12.pdf,official_daily_result_pdf
201104051209,2011,新潟,5,12,9,2011-11-20,https://www.jra.go.jp/datafile/seiseki/report/2011/2011-5niigata12.pdf,official_daily_result_pdf
201104051210,2011,新潟,5,12,10,2011-11-20,https://www.jra.go.jp/datafile/seiseki/report/2011/2011-5niigata12.pdf,official_daily_result_pdf
201104051211,2011,新潟,5,12,11,2011-11-20,https://www.jra.go.jp/datafile/seiseki/report/2011/2011-5niigata12.pdf,official_daily_result_pdf
201104051212,2011,新潟,5,12,12,2011-11-20,https://www.jra.go.jp/datafile/seiseki/report/2011/2011-5niigata12.pdf,official_daily_result_pdf
201105010101,2011,東京,1,1,1,2011-01-29,https://www.jra.go.jp/datafile/seiseki/report/2011/2011-1tokyo1.pdf,official_daily_result_pdf
201105010102,2011,東京,1,1,2,2011-01-29,https://www.jra.go.jp/datafile/seiseki/report/2011/2011-1tokyo1.pdf,official_daily_result_pdf
201105010103,2011,東京,1,1,3,2011-01-29,https://www.jra.go.jp/datafile/seiseki/report/2011/2011-1tokyo1.pdf,official_daily_result_pdf
201105010104,2011,東京,1,1,4,2011-01-29,https://www.jra.go.jp/datafile/seiseki/report/2011/2011-1tokyo1.pdf,official_daily_result_pdf
201105010105,2011,東京,1,1,5,2011-01-29,https://www.jra.go.jp/datafile/seiseki/report/2011/2011-1tokyo1.pdf,official_daily_result_pdf
201105010106,2011,東京,1,1,6,2011-01-29,https://www.jra.go.jp/datafile/seiseki/report/2011/2011-1tokyo1.pdf,official_daily_result_pdf
201105010107,2011,東京,1,1,7,2011-01-29,https://www.jra.go.jp/datafile/seiseki/report/2011/2011-1tokyo1.pdf,official_daily_result_pdf
201105010108,2011,東京,1,1,8,2011-01-29,https://www.jra.go.jp/datafile/seiseki/report/2011/2011-1tokyo1.pdf,official_daily_result_pdf
201105010109,2011,東京,1,1,9,2011-01-29,https://www.jra.go.jp/datafile/seiseki/report/2011/2011-1tokyo1.pdf,official_daily_result_pdf
201105010110,2011,東京,1,1,10,2011-01-29,https://www.jra.go.jp/datafile/seiseki/report/2011/2011-1tokyo1.pdf,official_daily_result_pdf
201105010111,2011,東京,1,1,11,2011-01-29,https://www.jra.go.jp/datafile/seiseki/report/2011/2011-1tokyo1.pdf,official_daily_result_pdf
201105010112,2011,東京,1,1,12,2011-01-29,https://www.jra.go.jp/datafile/seiseki/report/2011/2011-1tokyo1.pdf,official_daily_result_pdf
201105010201,2011,東京,1,2,1,2011-01-30,https://www.jra.go.jp/datafile/seiseki/report/2011/2011-1tokyo2.pdf,official_daily_result_pdf
201105010202,2011,東京,1,2,2,2011-01-30,https://www.jra.go.jp/datafile/seiseki/report/2011/2011-1tokyo2.pdf,official_daily_result_pdf
201105010203,2011,東京,1,2,3,2011-01-30,https://www.jra.go.jp/datafile/seiseki/report/2011/2011-1tokyo2.pdf,official_daily_result_pdf
201105010204,2011,東京,1,2,4,2011-01-30,https://www.jra.go.jp/datafile/seiseki/report/2011/2011-1tokyo2.pdf,official_daily_result_pdf
201105010205,2011,東京,1,2,5,2011-01-30,https://www.jra.go.jp/datafile/seiseki/report/2011/2011-1tokyo2.pdf,official_daily_result_pdf
201105010206,2011,東京,1,2,6,2011-01-30,https://www.jra.go.jp/datafile/seiseki/report/2011/2011-1tokyo2.pdf,official_daily_result_pdf
201105010207,2011,東京,1,2,7,2011-01-30,https://www.jra.go.jp/datafile/seiseki/report/2011/2011-1tokyo2.pdf,official_daily_result_pdf
201105010208,2011,東京,1,2,8,2011-01-30,https://www.jra.go.jp/datafile/seiseki/report/2011/2011-1tokyo2.pdf,official_daily_result_pdf
201105010209,2011,東京,1,2,9,2011-01-30,https://www.jra.go.jp/datafile/seiseki/report/2011/2011-1tokyo2.pdf,official_daily_result_pdf
201105010210,2011,東京,1,2,10,2011-01-30,https://www.jra.go.jp/datafile/seiseki/report/2011/2011-1tokyo2.pdf,official_daily_result_pdf
201105010211,2011,東京,1,2,11,2011-01-30,https://www.jra.go.jp/datafile/seiseki/report/2011/2011-1tokyo2.pdf,official_daily_result_pdf
201105010212,2011,東京,1,2,12,2011-01-30,https://www.jra.go.jp/datafile/seiseki/report/2011/2011-1tokyo2.pdf,official_daily_result_pdf
201105010301,2011,東京,1,3,1,2011-02-05,https://www.jra.go.jp/datafile/seiseki/report/2011/2011-1tokyo3.pdf,official_daily_result_pdf
201105010302,2011,東京,1,3,2,2011-02-05,https://www.jra.go.jp/datafile/seiseki/report/2011/2011-1tokyo3.pdf,official_daily_result_pdf
201105010303,2011,東京,1,3,3,2011-02-05,https://www.jra.go.jp/datafile/seiseki/report/2011/2011-1tokyo3.pdf,official_daily_result_pdf
201105010304,2011,東京,1,3,4,2011-02-05,https://www.jra.go.jp/datafile/seiseki/report/2011/2011-1tokyo3.pdf,official_daily_result_pdf
201105010305,2011,東京,1,3,5,2011-02-05,https://www.jra.go.jp/datafile/seiseki/report/2011/2011-1tokyo3.pdf,official_daily_result_pdf
201105010306,2011,東京,1,3,6,2011-02-05,https://www.jra.go.jp/datafile/seiseki/report/2011/2011-1tokyo3.pdf,official_daily_result_pdf
201105010307,2011,東京,1,3,7,2011-02-05,https://www.jra.go.jp/datafile/seiseki/report/2011/2011-1tokyo3.pdf,official_daily_result_pdf
201105010308,2011,東京,1,3,8,2011-02-05,https://www.jra.go.jp/datafile/seiseki/report/2011/2011-1tokyo3.pdf,official_daily_result_pdf
201105010309,2011,東京,1,3,9,2011-02-05,https://www.jra.go.jp/datafile/seiseki/report/2011/2011-1tokyo3.pdf,official_daily_result_pdf
201105010310,2011,東京,1,3,10,2011-02-05,https://www.jra.go.jp/datafile/seiseki/report/2011/2011-1tokyo3.pdf,official_daily_result_pdf
201105010311,2011,東京,1,3,11,2011-02-05,https://www.jra.go.jp/datafile/seiseki/report/2011/2011-1tokyo3.pdf,official_daily_result_pdf
201105010312,2011,東京,1,3,12,2011-02-05,https://www.jra.go.jp/datafile/seiseki/report/2011/2011-1tokyo3.pdf,official_daily_result_pdf
201105010401,2011,東京,1,4,1,2011-02-06,https://www.jra.go.jp/datafile/seiseki/report/2011/2011-1tokyo4.pdf,official_daily_result_pdf
201105010402,2011,東京,1,4,2,2011-02-06,https://www.jra.go.jp/datafile/seiseki/report/2011/2011-1tokyo4.pdf,official_daily_result_pdf
201105010403,2011,東京,1,4,3,2011-02-06,https://www.jra.go.jp/datafile/seiseki/report/2011/2011-1tokyo4.pdf,official_daily_result_pdf
201105010404,2011,東京,1,4,4,2011-02-06,https://www.jra.go.jp/datafile/seiseki/report/2011/2011-1tokyo4.pdf,official_daily_result_pdf
201105010405,2011,東京,1,4,5,2011-02-06,https://www.jra.go.jp/datafile/seiseki/report/2011/2011-1tokyo4.pdf,official_daily_result_pdf
201105010406,2011,東京,1,4,6,2011-02-06,https://www.jra.go.jp/datafile/seiseki/report/2011/2011-1tokyo4.pdf,official_daily_result_pdf
201105010407,2011,東京,1,4,7,2011-02-06,https://www.jra.go.jp/datafile/seiseki/report/2011/2011-1tokyo4.pdf,official_daily_result_pdf
201105010408,2011,東京,1,4,8,2011-02-06,https://www.jra.go.jp/datafile/seiseki/report/2011/2011-1tokyo4.pdf,official_daily_result_pdf
201105010409,2011,東京,1,4,9,2011-02-06,https://www.jra.go.jp/datafile/seiseki/report/2011/2011-1tokyo4.pdf,official_daily_result_pdf
201105010410,2011,東京,1,4,10,2011-02-06,https://www.jra.go.jp/datafile/seiseki/report/2011/2011-1tokyo4.pdf,official_daily_result_pdf
201105010411,2011,東京,1,4,11,2011-02-06,https://www.jra.go.jp/datafile/seiseki/report/2011/2011-1tokyo4.pdf,official_daily_result_pdf
201105010412,2011,東京,1,4,12,2011-02-06,https://www.jra.go.jp/datafile/seiseki/report/2011/2011-1tokyo4.pdf,official_daily_result_pdf
201105010501,2011,東京,1,5,1,2011-02-12,https://www.jra.go.jp/datafile/seiseki/report/2011/2011-1tokyo5.pdf,official_daily_result_pdf
201105010502,2011,東京,1,5,2,2011-02-12,https://www.jra.go.jp/datafile/seiseki/report/2011/2011-1tokyo5.pdf,official_daily_result_pdf
201105010503,2011,東京,1,5,3,2011-02-12,https://www.jra.go.jp/datafile/seiseki/report/2011/2011-1tokyo5.pdf,official_daily_result_pdf
201105010504,2011,東京,1,5,4,2011-02-12,https://www.jra.go.jp/datafile/seiseki/report/2011/2011-1tokyo5.pdf,official_daily_result_pdf
201105010505,2011,東京,1,5,5,2011-02-12,https://www.jra.go.jp/datafile/seiseki/report/2011/2011-1tokyo5.pdf,official_daily_result_pdf
201105010506,2011,東京,1,5,6,2011-02-12,https://www.jra.go.jp/datafile/seiseki/report/2011/2011-1tokyo5.pdf,official_daily_result_pdf
201105010507,2011,東京,1,5,7,2011-02-12,https://www.jra.go.jp/datafile/seiseki/report/2011/2011-1tokyo5.pdf,official_daily_result_pdf
201105010508,2011,東京,1,5,8,2011-02-12,https://www.jra.go.jp/datafile/seiseki/report/2011/2011-1tokyo5.pdf,official_daily_result_pdf
201105010509,2011,東京,1,5,9,2011-02-12,https://www.jra.go.jp/datafile/seiseki/report/2011/2011-1tokyo5.pdf,official_daily_result_pdf
201105010510,2011,東京,1,5,10,2011-02-12,https://www.jra.go.jp/datafile/seiseki/report/2011/2011-1tokyo5.pdf,official_daily_result_pdf
201105010511,2011,東京,1,5,11,2011-02-12,https://www.jra.go.jp/datafile/seiseki/report/2011/2011-1tokyo5.pdf,official_daily_result_pdf
201105010512,2011,東京,1,5,12,2011-02-12,https://www.jra.go.jp/datafile/seiseki/report/2011/2011-1tokyo5.pdf,official_daily_result_pdf
201105010601,2011,東京,1,6,1,2011-02-13,https://www.jra.go.jp/datafile/seiseki/report/2011/2011-1tokyo6.pdf,official_daily_result_pdf
201105010602,2011,東京,1,6,2,2011-02-13,https://www.jra.go.jp/datafile/seiseki/report/2011/2011-1tokyo6.pdf,official_daily_result_pdf
201105010603,2011,東京,1,6,3,2011-02-13,https://www.jra.go.jp/datafile/seiseki/report/2011/2011-1tokyo6.pdf,official_daily_result_pdf
201105010604,2011,東京,1,6,4,2011-02-13,https://www.jra.go.jp/datafile/seiseki/report/2011/2011-1tokyo6.pdf,official_daily_result_pdf
201105010605,2011,東京,1,6,5,2011-02-13,https://www.jra.go.jp/datafile/seiseki/report/2011/2011-1tokyo6.pdf,official_daily_result_pdf
201105010606,2011,東京,1,6,6,2011-02-13,https://www.jra.go.jp/datafile/seiseki/report/2011/2011-1tokyo6.pdf,official_daily_result_pdf
201105010607,2011,東京,1,6,7,2011-02-13,https://www.jra.go.jp/datafile/seiseki/report/2011/2011-1tokyo6.pdf,official_daily_result_pdf
201105010608,2011,東京,1,6,8,2011-02-13,https://www.jra.go.jp/datafile/seiseki/report/2011/2011-1tokyo6.pdf,official_daily_result_pdf
201105010609,2011,東京,1,6,9,2011-02-13,https://www.jra.go.jp/datafile/seiseki/report/2011/2011-1tokyo6.pdf,official_daily_result_pdf
201105010610,2011,東京,1,6,10,2011-02-13,https://www.jra.go.jp/datafile/seiseki/report/2011/2011-1tokyo6.pdf,official_daily_result_pdf
201105010611,2011,東京,1,6,11,2011-02-13,https://www.jra.go.jp/datafile/seiseki/report/2011/2011-1tokyo6.pdf,official_daily_result_pdf
201105010612,2011,東京,1,6,12,2011-02-13,https://www.jra.go.jp/datafile/seiseki/report/2011/2011-1tokyo6.pdf,official_daily_result_pdf
201105010701,2011,東京,1,7,1,2011-02-19,https://www.jra.go.jp/datafile/seiseki/report/2011/2011-1tokyo7.pdf,official_daily_result_pdf
201105010702,2011,東京,1,7,2,2011-02-19,https://www.jra.go.jp/datafile/seiseki/report/2011/2011-1tokyo7.pdf,official_daily_result_pdf
201105010703,2011,東京,1,7,3,2011-02-19,https://www.jra.go.jp/datafile/seiseki/report/2011/2011-1tokyo7.pdf,official_daily_result_pdf
201105010704,2011,東京,1,7,4,2011-02-19,https://www.jra.go.jp/datafile/seiseki/report/2011/2011-1tokyo7.pdf,official_daily_result_pdf
201105010705,2011,東京,1,7,5,2011-02-19,https://www.jra.go.jp/datafile/seiseki/report/2011/2011-1tokyo7.pdf,official_daily_result_pdf
201105010706,2011,東京,1,7,6,2011-02-19,https://www.jra.go.jp/datafile/seiseki/report/2011/2011-1tokyo7.pdf,official_daily_result_pdf
201105010707,2011,東京,1,7,7,2011-02-19,https://www.jra.go.jp/datafile/seiseki/report/2011/2011-1tokyo7.pdf,official_daily_result_pdf
201105010708,2011,東京,1,7,8,2011-02-19,https://www.jra.go.jp/datafile/seiseki/report/2011/2011-1tokyo7.pdf,official_daily_result_pdf
201105010709,2011,東京,1,7,9,2011-02-19,https://www.jra.go.jp/datafile/seiseki/report/2011/2011-1tokyo7.pdf,official_daily_result_pdf
201105010710,2011,東京,1,7,10,2011-02-19,https://www.jra.go.jp/datafile/seiseki/report/2011/2011-1tokyo7.pdf,official_daily_result_pdf
201105010711,2011,東京,1,7,11,2011-02-19,https://www.jra.go.jp/datafile/seiseki/report/2011/2011-1tokyo7.pdf,official_daily_result_pdf
201105010712,2011,東京,1,7,12,2011-02-19,https://www.jra.go.jp/datafile/seiseki/report/2011/2011-1tokyo7.pdf,official_daily_result_pdf
201105010801,2011,東京,1,8,1,2011-02-20,https://www.jra.go.jp/datafile/seiseki/report/2011/2011-1tokyo8.pdf,official_daily_result_pdf
201105010802,2011,東京,1,8,2,2011-02-20,https://www.jra.go.jp/datafile/seiseki/report/2011/2011-1tokyo8.pdf,official_daily_result_pdf
201105010803,2011,東京,1,8,3,2011-02-20,https://www.jra.go.jp/datafile/seiseki/report/2011/2011-1tokyo8.pdf,official_daily_result_pdf
201105010804,2011,東京,1,8,4,2011-02-20,https://www.jra.go.jp/datafile/seiseki/report/2011/2011-1tokyo8.pdf,official_daily_result_pdf
201105010805,2011,東京,1,8,5,2011-02-20,https://www.jra.go.jp/datafile/seiseki/report/2011/2011-1tokyo8.pdf,official_daily_result_pdf
201105010806,2011,東京,1,8,6,2011-02-20,https://www.jra.go.jp/datafile/seiseki/report/2011/2011-1tokyo8.pdf,official_daily_result_pdf
201105010807,2011,東京,1,8,7,2011-02-20,https://www.jra.go.jp/datafile/seiseki/report/2011/2011-1tokyo8.pdf,official_daily_result_pdf
201105010808,2011,東京,1,8,8,2011-02-20,https://www.jra.go.jp/datafile/seiseki/report/2011/2011-1tokyo8.pdf,official_daily_result_pdf
201105010809,2011,東京,1,8,9,2011-02-20,https://www.jra.go.jp/datafile/seiseki/report/2011/2011-1tokyo8.pdf,official_daily_result_pdf
201105010810,2011,東京,1,8,10,2011-02-20,https://www.jra.go.jp/datafile/seiseki/report/2011/2011-1tokyo8.pdf,official_daily_result_pdf
201105010811,2011,東京,1,8,11,2011-02-20,https://www.jra.go.jp/datafile/seiseki/report/2011/2011-1tokyo8.pdf,official_daily_result_pdf
201105010812,2011,東京,1,8,12,2011-02-20,https://www.jra.go.jp/datafile/seiseki/report/2011/2011-1tokyo8.pdf,official_daily_result_pdf
201105020101,2011,東京,2,1,1,2011-04-23,https://www.jra.go.jp/datafile/seiseki/report/2011/2011-2tokyo1.pdf,official_daily_result_pdf
201105020102,2011,東京,2,1,2,2011-04-23,https://www.jra.go.jp/datafile/seiseki/report/2011/2011-2tokyo1.pdf,official_daily_result_pdf
201105020103,2011,東京,2,1,3,2011-04-23,https://www.jra.go.jp/datafile/seiseki/report/2011/2011-2tokyo1.pdf,official_daily_result_pdf
201105020104,2011,東京,2,1,4,2011-04-23,https://www.jra.go.jp/datafile/seiseki/report/2011/2011-2tokyo1.pdf,official_daily_result_pdf
201105020105,2011,東京,2,1,5,2011-04-23,https://www.jra.go.jp/datafile/seiseki/report/2011/2011-2tokyo1.pdf,official_daily_result_pdf
201105020106,2011,東京,2,1,6,2011-04-23,https://www.jra.go.jp/datafile/seiseki/report/2011/2011-2tokyo1.pdf,official_daily_result_pdf
201105020107,2011,東京,2,1,7,2011-04-23,https://www.jra.go.jp/datafile/seiseki/report/2011/2011-2tokyo1.pdf,official_daily_result_pdf
201105020108,2011,東京,2,1,8,2011-04-23,https://www.jra.go.jp/datafile/seiseki/report/2011/2011-2tokyo1.pdf,official_daily_result_pdf
201105020109,2011,東京,2,1,9,2011-04-23,https://www.jra.go.jp/datafile/seiseki/report/2011/2011-2tokyo1.pdf,official_daily_result_pdf
201105020110,2011,東京,2,1,10,2011-04-23,https://www.jra.go.jp/datafile/seiseki/report/2011/2011-2tokyo1.pdf,official_daily_result_pdf
201105020111,2011,東京,2,1,11,2011-04-23,https://www.jra.go.jp/datafile/seiseki/report/2011/2011-2tokyo1.pdf,official_daily_result_pdf
201105020112,2011,東京,2,1,12,2011-04-23,https://www.jra.go.jp/datafile/seiseki/report/2011/2011-2tokyo1.pdf,official_daily_result_pdf
201105020201,2011,東京,2,2,1,2011-04-24,https://www.jra.go.jp/datafile/seiseki/report/2011/2011-2tokyo2.pdf,official_daily_result_pdf
201105020202,2011,東京,2,2,2,2011-04-24,https://www.jra.go.jp/datafile/seiseki/report/2011/2011-2tokyo2.pdf,official_daily_result_pdf
201105020203,2011,東京,2,2,3,2011-04-24,https://www.jra.go.jp/datafile/seiseki/report/2011/2011-2tokyo2.pdf,official_daily_result_pdf
201105020204,2011,東京,2,2,4,2011-04-24,https://www.jra.go.jp/datafile/seiseki/report/2011/2011-2tokyo2.pdf,official_daily_result_pdf
201105020205,2011,東京,2,2,5,2011-04-24,https://www.jra.go.jp/datafile/seiseki/report/2011/2011-2tokyo2.pdf,official_daily_result_pdf
201105020206,2011,東京,2,2,6,2011-04-24,https://www.jra.go.jp/datafile/seiseki/report/2011/2011-2tokyo2.pdf,official_daily_result_pdf
201105020207,2011,東京,2,2,7,2011-04-24,https://www.jra.go.jp/datafile/seiseki/report/2011/2011-2tokyo2.pdf,official_daily_result_pdf
201105020208,2011,東京,2,2,8,2011-04-24,https://www.jra.go.jp/datafile/seiseki/report/2011/2011-2tokyo2.pdf,official_daily_result_pdf
201105020209,2011,東京,2,2,9,2011-04-24,https://www.jra.go.jp/datafile/seiseki/report/2011/2011-2tokyo2.pdf,official_daily_result_pdf
201105020210,2011,東京,2,2,10,2011-04-24,https://www.jra.go.jp/datafile/seiseki/report/2011/2011-2tokyo2.pdf,official_daily_result_pdf
201105020211,2011,東京,2,2,11,2011-04-24,https://www.jra.go.jp/datafile/seiseki/report/2011/2011-2tokyo2.pdf,official_daily_result_pdf
201105020212,2011,東京,2,2,12,2011-04-24,https://www.jra.go.jp/datafile/seiseki/report/2011/2011-2tokyo2.pdf,official_daily_result_pdf
201105020301,2011,東京,2,3,1,2011-04-30,https://www.jra.go.jp/datafile/seiseki/report/2011/2011-2tokyo3.pdf,official_daily_result_pdf
201105020302,2011,東京,2,3,2,2011-04-30,https://www.jra.go.jp/datafile/seiseki/report/2011/2011-2tokyo3.pdf,official_daily_result_pdf
201105020303,2011,東京,2,3,3,2011-04-30,https://www.jra.go.jp/datafile/seiseki/report/2011/2011-2tokyo3.pdf,official_daily_result_pdf
201105020304,2011,東京,2,3,4,2011-04-30,https://www.jra.go.jp/datafile/seiseki/report/2011/2011-2tokyo3.pdf,official_daily_result_pdf
201105020305,2011,東京,2,3,5,2011-04-30,https://www.jra.go.jp/datafile/seiseki/report/2011/2011-2tokyo3.pdf,official_daily_result_pdf
201105020306,2011,東京,2,3,6,2011-04-30,https://www.jra.go.jp/datafile/seiseki/report/2011/2011-2tokyo3.pdf,official_daily_result_pdf
201105020307,2011,東京,2,3,7,2011-04-30,https://www.jra.go.jp/datafile/seiseki/report/2011/2011-2tokyo3.pdf,official_daily_result_pdf
201105020308,2011,東京,2,3,8,2011-04-30,https://www.jra.go.jp/datafile/seiseki/report/2011/2011-2tokyo3.pdf,official_daily_result_pdf
201105020309,2011,東京,2,3,9,2011-04-30,https://www.jra.go.jp/datafile/seiseki/report/2011/2011-2tokyo3.pdf,official_daily_result_pdf
201105020310,2011,東京,2,3,10,2011-04-30,https://www.jra.go.jp/datafile/seiseki/report/2011/2011-2tokyo3.pdf,official_daily_result_pdf
201105020311,2011,東京,2,3,11,2011-04-30,https://www.jra.go.jp/datafile/seiseki/report/2011/2011-2tokyo3.pdf,official_daily_result_pdf
201105020312,2011,東京,2,3,12,2011-04-30,https://www.jra.go.jp/datafile/seiseki/report/2011/2011-2tokyo3.pdf,official_daily_result_pdf
201105020401,2011,東京,2,4,1,2011-05-01,https://www.jra.go.jp/datafile/seiseki/report/2011/2011-2tokyo4.pdf,official_daily_result_pdf
201105020402,2011,東京,2,4,2,2011-05-01,https://www.jra.go.jp/datafile/seiseki/report/2011/2011-2tokyo4.pdf,official_daily_result_pdf
201105020403,2011,東京,2,4,3,2011-05-01,https://www.jra.go.jp/datafile/seiseki/report/2011/2011-2tokyo4.pdf,official_daily_result_pdf
201105020404,2011,東京,2,4,4,2011-05-01,https://www.jra.go.jp/datafile/seiseki/report/2011/2011-2tokyo4.pdf,official_daily_result_pdf
201105020405,2011,東京,2,4,5,2011-05-01,https://www.jra.go.jp/datafile/seiseki/report/2011/2011-2tokyo4.pdf,official_daily_result_pdf
201105020406,2011,東京,2,4,6,2011-05-01,https://www.jra.go.jp/datafile/seiseki/report/2011/2011-2tokyo4.pdf,official_daily_result_pdf
201105020407,2011,東京,2,4,7,2011-05-01,https://www.jra.go.jp/datafile/seiseki/report/2011/2011-2tokyo4.pdf,official_daily_result_pdf
201105020408,2011,東京,2,4,8,2011-05-01,https://www.jra.go.jp/datafile/seiseki/report/2011/2011-2tokyo4.pdf,official_daily_result_pdf
201105020409,2011,東京,2,4,9,2011-05-01,https://www.jra.go.jp/datafile/seiseki/report/2011/2011-2tokyo4.pdf,official_daily_result_pdf
201105020410,2011,東京,2,4,10,2011-05-01,https://www.jra.go.jp/datafile/seiseki/report/2011/2011-2tokyo4.pdf,official_daily_result_pdf
201105020411,2011,東京,2,4,11,2011-05-01,https://www.jra.go.jp/datafile/seiseki/report/2011/2011-2tokyo4.pdf,official_daily_result_pdf
201105020412,2011,東京,2,4,12,2011-05-01,https://www.jra.go.jp/datafile/seiseki/report/2011/2011-2tokyo4.pdf,official_daily_result_pdf
201105020501,2011,東京,2,5,1,2011-05-07,https://www.jra.go.jp/datafile/seiseki/report/2011/2011-2tokyo5.pdf,official_daily_result_pdf
201105020502,2011,東京,2,5,2,2011-05-07,https://www.jra.go.jp/datafile/seiseki/report/2011/2011-2tokyo5.pdf,official_daily_result_pdf
201105020503,2011,東京,2,5,3,2011-05-07,https://www.jra.go.jp/datafile/seiseki/report/2011/2011-2tokyo5.pdf,official_daily_result_pdf
201105020504,2011,東京,2,5,4,2011-05-07,https://www.jra.go.jp/datafile/seiseki/report/2011/2011-2tokyo5.pdf,official_daily_result_pdf
201105020505,2011,東京,2,5,5,2011-05-07,https://www.jra.go.jp/datafile/seiseki/report/2011/2011-2tokyo5.pdf,official_daily_result_pdf
201105020506,2011,東京,2,5,6,2011-05-07,https://www.jra.go.jp/datafile/seiseki/report/2011/2011-2tokyo5.pdf,official_daily_result_pdf
201105020507,2011,東京,2,5,7,2011-05-07,https://www.jra.go.jp/datafile/seiseki/report/2011/2011-2tokyo5.pdf,official_daily_result_pdf
201105020508,2011,東京,2,5,8,2011-05-07,https://www.jra.go.jp/datafile/seiseki/report/2011/2011-2tokyo5.pdf,official_daily_result_pdf
201105020509,2011,東京,2,5,9,2011-05-07,https://www.jra.go.jp/datafile/seiseki/report/2011/2011-2tokyo5.pdf,official_daily_result_pdf
201105020510,2011,東京,2,5,10,2011-05-07,https://www.jra.go.jp/datafile/seiseki/report/2011/2011-2tokyo5.pdf,official_daily_result_pdf
201105020511,2011,東京,2,5,11,2011-05-07,https://www.jra.go.jp/datafile/seiseki/report/2011/2011-2tokyo5.pdf,official_daily_result_pdf
201105020512,2011,東京,2,5,12,2011-05-07,https://www.jra.go.jp/datafile/seiseki/report/2011/2011-2tokyo5.pdf,official_daily_result_pdf
201105020601,2011,東京,2,6,1,2011-05-08,https://www.jra.go.jp/datafile/seiseki/report/2011/2011-2tokyo6.pdf,official_daily_result_pdf
201105020602,2011,東京,2,6,2,2011-05-08,https://www.jra.go.jp/datafile/seiseki/report/2011/2011-2tokyo6.pdf,official_daily_result_pdf
201105020603,2011,東京,2,6,3,2011-05-08,https://www.jra.go.jp/datafile/seiseki/report/2011/2011-2tokyo6.pdf,official_daily_result_pdf
201105020604,2011,東京,2,6,4,2011-05-08,https://www.jra.go.jp/datafile/seiseki/report/2011/2011-2tokyo6.pdf,official_daily_result_pdf
201105020605,2011,東京,2,6,5,2011-05-08,https://www.jra.go.jp/datafile/seiseki/report/2011/2011-2tokyo6.pdf,official_daily_result_pdf
201105020606,2011,東京,2,6,6,2011-05-08,https://www.jra.go.jp/datafile/seiseki/report/2011/2011-2tokyo6.pdf,official_daily_result_pdf
201105020607,2011,東京,2,6,7,2011-05-08,https://www.jra.go.jp/datafile/seiseki/report/2011/2011-2tokyo6.pdf,official_daily_result_pdf
201105020608,2011,東京,2,6,8,2011-05-08,https://www.jra.go.jp/datafile/seiseki/report/2011/2011-2tokyo6.pdf,official_daily_result_pdf
201105020609,2011,東京,2,6,9,2011-05-08,https://www.jra.go.jp/datafile/seiseki/report/2011/2011-2tokyo6.pdf,official_daily_result_pdf
201105020610,2011,東京,2,6,10,2011-05-08,https://www.jra.go.jp/datafile/seiseki/report/2011/2011-2tokyo6.pdf,official_daily_result_pdf
201105020611,2011,東京,2,6,11,2011-05-08,https://www.jra.go.jp/datafile/seiseki/report/2011/2011-2tokyo6.pdf,official_daily_result_pdf
201105020612,2011,東京,2,6,12,2011-05-08,https://www.jra.go.jp/datafile/seiseki/report/2011/2011-2tokyo6.pdf,official_daily_result_pdf
201105020701,2011,東京,2,7,1,2011-05-14,https://www.jra.go.jp/datafile/seiseki/report/2011/2011-2tokyo7.pdf,official_daily_result_pdf
201105020702,2011,東京,2,7,2,2011-05-14,https://www.jra.go.jp/datafile/seiseki/report/2011/2011-2tokyo7.pdf,official_daily_result_pdf
201105020703,2011,東京,2,7,3,2011-05-14,https://www.jra.go.jp/datafile/seiseki/report/2011/2011-2tokyo7.pdf,official_daily_result_pdf
201105020704,2011,東京,2,7,4,2011-05-14,https://www.jra.go.jp/datafile/seiseki/report/2011/2011-2tokyo7.pdf,official_daily_result_pdf
201105020705,2011,東京,2,7,5,2011-05-14,https://www.jra.go.jp/datafile/seiseki/report/2011/2011-2tokyo7.pdf,official_daily_result_pdf
201105020706,2011,東京,2,7,6,2011-05-14,https://www.jra.go.jp/datafile/seiseki/report/2011/2011-2tokyo7.pdf,official_daily_result_pdf
201105020707,2011,東京,2,7,7,2011-05-14,https://www.jra.go.jp/datafile/seiseki/report/2011/2011-2tokyo7.pdf,official_daily_result_pdf
201105020708,2011,東京,2,7,8,2011-05-14,https://www.jra.go.jp/datafile/seiseki/report/2011/2011-2tokyo7.pdf,official_daily_result_pdf
201105020709,2011,東京,2,7,9,2011-05-14,https://www.jra.go.jp/datafile/seiseki/report/2011/2011-2tokyo7.pdf,official_daily_result_pdf
201105020710,2011,東京,2,7,10,2011-05-14,https://www.jra.go.jp/datafile/seiseki/report/2011/2011-2tokyo7.pdf,official_daily_result_pdf
201105020711,2011,東京,2,7,11,2011-05-14,https://www.jra.go.jp/datafile/seiseki/report/2011/2011-2tokyo7.pdf,official_daily_result_pdf
201105020712,2011,東京,2,7,12,2011-05-14,https://www.jra.go.jp/datafile/seiseki/report/2011/2011-2tokyo7.pdf,official_daily_result_pdf
201105020801,2011,東京,2,8,1,2011-05-15,https://www.jra.go.jp/datafile/seiseki/report/2011/2011-2tokyo8.pdf,official_daily_result_pdf
201105020802,2011,東京,2,8,2,2011-05-15,https://www.jra.go.jp/datafile/seiseki/report/2011/2011-2tokyo8.pdf,official_daily_result_pdf
201105020803,2011,東京,2,8,3,2011-05-15,https://www.jra.go.jp/datafile/seiseki/report/2011/2011-2tokyo8.pdf,official_daily_result_pdf
201105020804,2011,東京,2,8,4,2011-05-15,https://www.jra.go.jp/datafile/seiseki/report/2011/2011-2tokyo8.pdf,official_daily_result_pdf
201105020805,2011,東京,2,8,5,2011-05-15,https://www.jra.go.jp/datafile/seiseki/report/2011/2011-2tokyo8.pdf,official_daily_result_pdf
201105020806,2011,東京,2,8,6,2011-05-15,https://www.jra.go.jp/datafile/seiseki/report/2011/2011-2tokyo8.pdf,official_daily_result_pdf
201105020807,2011,東京,2,8,7,2011-05-15,https://www.jra.go.jp/datafile/seiseki/report/2011/2011-2tokyo8.pdf,official_daily_result_pdf
201105020808,2011,東京,2,8,8,2011-05-15,https://www.jra.go.jp/datafile/seiseki/report/2011/2011-2tokyo8.pdf,official_daily_result_pdf
201105020809,2011,東京,2,8,9,2011-05-15,https://www.jra.go.jp/datafile/seiseki/report/2011/2011-2tokyo8.pdf,official_daily_result_pdf
201105020810,2011,東京,2,8,10,2011-05-15,https://www.jra.go.jp/datafile/seiseki/report/2011/2011-2tokyo8.pdf,official_daily_result_pdf
201105020811,2011,東京,2,8,11,2011-05-15,https://www.jra.go.jp/datafile/seiseki/report/2011/2011-2tokyo8.pdf,official_daily_result_pdf
201105020812,2011,東京,2,8,12,2011-05-15,https://www.jra.go.jp/datafile/seiseki/report/2011/2011-2tokyo8.pdf,official_daily_result_pdf
201105030101,2011,東京,3,1,1,2011-05-21,https://www.jra.go.jp/datafile/seiseki/report/2011/2011-3tokyo1.pdf,official_daily_result_pdf
201105030102,2011,東京,3,1,2,2011-05-21,https://www.jra.go.jp/datafile/seiseki/report/2011/2011-3tokyo1.pdf,official_daily_result_pdf
201105030103,2011,東京,3,1,3,2011-05-21,https://www.jra.go.jp/datafile/seiseki/report/2011/2011-3tokyo1.pdf,official_daily_result_pdf
201105030104,2011,東京,3,1,4,2011-05-21,https://www.jra.go.jp/datafile/seiseki/report/2011/2011-3tokyo1.pdf,official_daily_result_pdf
201105030105,2011,東京,3,1,5,2011-05-21,https://www.jra.go.jp/datafile/seiseki/report/2011/2011-3tokyo1.pdf,official_daily_result_pdf
201105030106,2011,東京,3,1,6,2011-05-21,https://www.jra.go.jp/datafile/seiseki/report/2011/2011-3tokyo1.pdf,official_daily_result_pdf
201105030107,2011,東京,3,1,7,2011-05-21,https://www.jra.go.jp/datafile/seiseki/report/2011/2011-3tokyo1.pdf,official_daily_result_pdf
201105030108,2011,東京,3,1,8,2011-05-21,https://www.jra.go.jp/datafile/seiseki/report/2011/2011-3tokyo1.pdf,official_daily_result_pdf
201105030109,2011,東京,3,1,9,2011-05-21,https://www.jra.go.jp/datafile/seiseki/report/2011/2011-3tokyo1.pdf,official_daily_result_pdf
201105030110,2011,東京,3,1,10,2011-05-21,https://www.jra.go.jp/datafile/seiseki/report/2011/2011-3tokyo1.pdf,official_daily_result_pdf
201105030111,2011,東京,3,1,11,2011-05-21,https://www.jra.go.jp/datafile/seiseki/report/2011/2011-3tokyo1.pdf,official_daily_result_pdf
201105030112,2011,東京,3,1,12,2011-05-21,https://www.jra.go.jp/datafile/seiseki/report/2011/2011-3tokyo1.pdf,official_daily_result_pdf
201105030201,2011,東京,3,2,1,2011-05-22,https://www.jra.go.jp/datafile/seiseki/report/2011/2011-3tokyo2.pdf,official_daily_result_pdf
201105030202,2011,東京,3,2,2,2011-05-22,https://www.jra.go.jp/datafile/seiseki/report/2011/2011-3tokyo2.pdf,official_daily_result_pdf
201105030203,2011,東京,3,2,3,2011-05-22,https://www.jra.go.jp/datafile/seiseki/report/2011/2011-3tokyo2.pdf,official_daily_result_pdf
201105030204,2011,東京,3,2,4,2011-05-22,https://www.jra.go.jp/datafile/seiseki/report/2011/2011-3tokyo2.pdf,official_daily_result_pdf
201105030205,2011,東京,3,2,5,2011-05-22,https://www.jra.go.jp/datafile/seiseki/report/2011/2011-3tokyo2.pdf,official_daily_result_pdf
201105030206,2011,東京,3,2,6,2011-05-22,https://www.jra.go.jp/datafile/seiseki/report/2011/2011-3tokyo2.pdf,official_daily_result_pdf
201105030207,2011,東京,3,2,7,2011-05-22,https://www.jra.go.jp/datafile/seiseki/report/2011/2011-3tokyo2.pdf,official_daily_result_pdf
201105030208,2011,東京,3,2,8,2011-05-22,https://www.jra.go.jp/datafile/seiseki/report/2011/2011-3tokyo2.pdf,official_daily_result_pdf
201105030209,2011,東京,3,2,9,2011-05-22,https://www.jra.go.jp/datafile/seiseki/report/2011/2011-3tokyo2.pdf,official_daily_result_pdf
201105030210,2011,東京,3,2,10,2011-05-22,https://www.jra.go.jp/datafile/seiseki/report/2011/2011-3tokyo2.pdf,official_daily_result_pdf
201105030211,2011,東京,3,2,11,2011-05-22,https://www.jra.go.jp/datafile/seiseki/report/2011/2011-3tokyo2.pdf,official_daily_result_pdf
201105030212,2011,東京,3,2,12,2011-05-22,https://www.jra.go.jp/datafile/seiseki/report/2011/2011-3tokyo2.pdf,official_daily_result_pdf
201105030301,2011,東京,3,3,1,2011-05-28,https://www.jra.go.jp/datafile/seiseki/report/2011/2011-3tokyo3.pdf,official_daily_result_pdf
201105030302,2011,東京,3,3,2,2011-05-28,https://www.jra.go.jp/datafile/seiseki/report/2011/2011-3tokyo3.pdf,official_daily_result_pdf
201105030303,2011,東京,3,3,3,2011-05-28,https://www.jra.go.jp/datafile/seiseki/report/2011/2011-3tokyo3.pdf,official_daily_result_pdf
201105030304,2011,東京,3,3,4,2011-05-28,https://www.jra.go.jp/datafile/seiseki/report/2011/2011-3tokyo3.pdf,official_daily_result_pdf
201105030305,2011,東京,3,3,5,2011-05-28,https://www.jra.go.jp/datafile/seiseki/report/2011/2011-3tokyo3.pdf,official_daily_result_pdf
201105030306,2011,東京,3,3,6,2011-05-28,https://www.jra.go.jp/datafile/seiseki/report/2011/2011-3tokyo3.pdf,official_daily_result_pdf
201105030307,2011,東京,3,3,7,2011-05-28,https://www.jra.go.jp/datafile/seiseki/report/2011/2011-3tokyo3.pdf,official_daily_result_pdf
201105030308,2011,東京,3,3,8,2011-05-28,https://www.jra.go.jp/datafile/seiseki/report/2011/2011-3tokyo3.pdf,official_daily_result_pdf
201105030309,2011,東京,3,3,9,2011-05-28,https://www.jra.go.jp/datafile/seiseki/report/2011/2011-3tokyo3.pdf,official_daily_result_pdf
201105030310,2011,東京,3,3,10,2011-05-28,https://www.jra.go.jp/datafile/seiseki/report/2011/2011-3tokyo3.pdf,official_daily_result_pdf
201105030311,2011,東京,3,3,11,2011-05-28,https://www.jra.go.jp/datafile/seiseki/report/2011/2011-3tokyo3.pdf,official_daily_result_pdf
201105030312,2011,東京,3,3,12,2011-05-28,https://www.jra.go.jp/datafile/seiseki/report/2011/2011-3tokyo3.pdf,official_daily_result_pdf
201105030401,2011,東京,3,4,1,2011-05-29,https://www.jra.go.jp/datafile/seiseki/report/2011/2011-3tokyo4.pdf,official_daily_result_pdf
201105030402,2011,東京,3,4,2,2011-05-29,https://www.jra.go.jp/datafile/seiseki/report/2011/2011-3tokyo4.pdf,official_daily_result_pdf
201105030403,2011,東京,3,4,3,2011-05-29,https://www.jra.go.jp/datafile/seiseki/report/2011/2011-3tokyo4.pdf,official_daily_result_pdf
201105030404,2011,東京,3,4,4,2011-05-29,https://www.jra.go.jp/datafile/seiseki/report/2011/2011-3tokyo4.pdf,official_daily_result_pdf
201105030405,2011,東京,3,4,5,2011-05-29,https://www.jra.go.jp/datafile/seiseki/report/2011/2011-3tokyo4.pdf,official_daily_result_pdf
201105030406,2011,東京,3,4,6,2011-05-29,https://www.jra.go.jp/datafile/seiseki/report/2011/2011-3tokyo4.pdf,official_daily_result_pdf
201105030407,2011,東京,3,4,7,2011-05-29,https://www.jra.go.jp/datafile/seiseki/report/2011/2011-3tokyo4.pdf,official_daily_result_pdf
201105030408,2011,東京,3,4,8,2011-05-29,https://www.jra.go.jp/datafile/seiseki/report/2011/2011-3tokyo4.pdf,official_daily_result_pdf
201105030409,2011,東京,3,4,9,2011-05-29,https://www.jra.go.jp/datafile/seiseki/report/2011/2011-3tokyo4.pdf,official_daily_result_pdf
201105030410,2011,東京,3,4,10,2011-05-29,https://www.jra.go.jp/datafile/seiseki/report/2011/2011-3tokyo4.pdf,official_daily_result_pdf
201105030411,2011,東京,3,4,11,2011-05-29,https://www.jra.go.jp/datafile/seiseki/report/2011/2011-3tokyo4.pdf,official_daily_result_pdf
201105030412,2011,東京,3,4,12,2011-05-29,https://www.jra.go.jp/datafile/seiseki/report/2011/2011-3tokyo4.pdf,official_daily_result_pdf
201105030501,2011,東京,3,5,1,2011-06-04,https://www.jra.go.jp/datafile/seiseki/report/2011/2011-3tokyo5.pdf,official_daily_result_pdf
201105030502,2011,東京,3,5,2,2011-06-04,https://www.jra.go.jp/datafile/seiseki/report/2011/2011-3tokyo5.pdf,official_daily_result_pdf
201105030503,2011,東京,3,5,3,2011-06-04,https://www.jra.go.jp/datafile/seiseki/report/2011/2011-3tokyo5.pdf,official_daily_result_pdf
201105030504,2011,東京,3,5,4,2011-06-04,https://www.jra.go.jp/datafile/seiseki/report/2011/2011-3tokyo5.pdf,official_daily_result_pdf
201105030505,2011,東京,3,5,5,2011-06-04,https://www.jra.go.jp/datafile/seiseki/report/2011/2011-3tokyo5.pdf,official_daily_result_pdf
201105030506,2011,東京,3,5,6,2011-06-04,https://www.jra.go.jp/datafile/seiseki/report/2011/2011-3tokyo5.pdf,official_daily_result_pdf
201105030507,2011,東京,3,5,7,2011-06-04,https://www.jra.go.jp/datafile/seiseki/report/2011/2011-3tokyo5.pdf,official_daily_result_pdf
201105030508,2011,東京,3,5,8,2011-06-04,https://www.jra.go.jp/datafile/seiseki/report/2011/2011-3tokyo5.pdf,official_daily_result_pdf
201105030509,2011,東京,3,5,9,2011-06-04,https://www.jra.go.jp/datafile/seiseki/report/2011/2011-3tokyo5.pdf,official_daily_result_pdf
201105030510,2011,東京,3,5,10,2011-06-04,https://www.jra.go.jp/datafile/seiseki/report/2011/2011-3tokyo5.pdf,official_daily_result_pdf
201105030511,2011,東京,3,5,11,2011-06-04,https://www.jra.go.jp/datafile/seiseki/report/2011/2011-3tokyo5.pdf,official_daily_result_pdf
201105030512,2011,東京,3,5,12,2011-06-04,https://www.jra.go.jp/datafile/seiseki/report/2011/2011-3tokyo5.pdf,official_daily_result_pdf
201105030601,2011,東京,3,6,1,2011-06-05,https://www.jra.go.jp/datafile/seiseki/report/2011/2011-3tokyo6.pdf,official_daily_result_pdf
201105030602,2011,東京,3,6,2,2011-06-05,https://www.jra.go.jp/datafile/seiseki/report/2011/2011-3tokyo6.pdf,official_daily_result_pdf
201105030603,2011,東京,3,6,3,2011-06-05,https://www.jra.go.jp/datafile/seiseki/report/2011/2011-3tokyo6.pdf,official_daily_result_pdf
201105030604,2011,東京,3,6,4,2011-06-05,https://www.jra.go.jp/datafile/seiseki/report/2011/2011-3tokyo6.pdf,official_daily_result_pdf
201105030605,2011,東京,3,6,5,2011-06-05,https://www.jra.go.jp/datafile/seiseki/report/2011/2011-3tokyo6.pdf,official_daily_result_pdf
201105030606,2011,東京,3,6,6,2011-06-05,https://www.jra.go.jp/datafile/seiseki/report/2011/2011-3tokyo6.pdf,official_daily_result_pdf
201105030607,2011,東京,3,6,7,2011-06-05,https://www.jra.go.jp/datafile/seiseki/report/2011/2011-3tokyo6.pdf,official_daily_result_pdf
201105030608,2011,東京,3,6,8,2011-06-05,https://www.jra.go.jp/datafile/seiseki/report/2011/2011-3tokyo6.pdf,official_daily_result_pdf
201105030609,2011,東京,3,6,9,2011-06-05,https://www.jra.go.jp/datafile/seiseki/report/2011/2011-3tokyo6.pdf,official_daily_result_pdf
201105030610,2011,東京,3,6,10,2011-06-05,https://www.jra.go.jp/datafile/seiseki/report/2011/2011-3tokyo6.pdf,official_daily_result_pdf
201105030611,2011,東京,3,6,11,2011-06-05,https://www.jra.go.jp/datafile/seiseki/report/2011/2011-3tokyo6.pdf,official_daily_result_pdf
201105030612,2011,東京,3,6,12,2011-06-05,https://www.jra.go.jp/datafile/seiseki/report/2011/2011-3tokyo6.pdf,official_daily_result_pdf
201105030701,2011,東京,3,7,1,2011-06-11,https://www.jra.go.jp/datafile/seiseki/report/2011/2011-3tokyo7.pdf,official_daily_result_pdf
201105030702,2011,東京,3,7,2,2011-06-11,https://www.jra.go.jp/datafile/seiseki/report/2011/2011-3tokyo7.pdf,official_daily_result_pdf
201105030703,2011,東京,3,7,3,2011-06-11,https://www.jra.go.jp/datafile/seiseki/report/2011/2011-3tokyo7.pdf,official_daily_result_pdf
201105030704,2011,東京,3,7,4,2011-06-11,https://www.jra.go.jp/datafile/seiseki/report/2011/2011-3tokyo7.pdf,official_daily_result_pdf
201105030705,2011,東京,3,7,5,2011-06-11,https://www.jra.go.jp/datafile/seiseki/report/2011/2011-3tokyo7.pdf,official_daily_result_pdf
201105030706,2011,東京,3,7,6,2011-06-11,https://www.jra.go.jp/datafile/seiseki/report/2011/2011-3tokyo7.pdf,official_daily_result_pdf
201105030707,2011,東京,3,7,7,2011-06-11,https://www.jra.go.jp/datafile/seiseki/report/2011/2011-3tokyo7.pdf,official_daily_result_pdf
201105030708,2011,東京,3,7,8,2011-06-11,https://www.jra.go.jp/datafile/seiseki/report/2011/2011-3tokyo7.pdf,official_daily_result_pdf
201105030709,2011,東京,3,7,9,2011-06-11,https://www.jra.go.jp/datafile/seiseki/report/2011/2011-3tokyo7.pdf,official_daily_result_pdf
201105030710,2011,東京,3,7,10,2011-06-11,https://www.jra.go.jp/datafile/seiseki/report/2011/2011-3tokyo7.pdf,official_daily_result_pdf
201105030711,2011,東京,3,7,11,2011-06-11,https://www.jra.go.jp/datafile/seiseki/report/2011/2011-3tokyo7.pdf,official_daily_result_pdf
201105030712,2011,東京,3,7,12,2011-06-11,https://www.jra.go.jp/datafile/seiseki/report/2011/2011-3tokyo7.pdf,official_daily_result_pdf
201105030801,2011,東京,3,8,1,2011-06-12,https://www.jra.go.jp/datafile/seiseki/report/2011/2011-3tokyo8.pdf,official_daily_result_pdf
201105030802,2011,東京,3,8,2,2011-06-12,https://www.jra.go.jp/datafile/seiseki/report/2011/2011-3tokyo8.pdf,official_daily_result_pdf
201105030803,2011,東京,3,8,3,2011-06-12,https://www.jra.go.jp/datafile/seiseki/report/2011/2011-3tokyo8.pdf,official_daily_result_pdf
201105030804,2011,東京,3,8,4,2011-06-12,https://www.jra.go.jp/datafile/seiseki/report/2011/2011-3tokyo8.pdf,official_daily_result_pdf
201105030805,2011,東京,3,8,5,2011-06-12,https://www.jra.go.jp/datafile/seiseki/report/2011/2011-3tokyo8.pdf,official_daily_result_pdf
201105030806,2011,東京,3,8,6,2011-06-12,https://www.jra.go.jp/datafile/seiseki/report/2011/2011-3tokyo8.pdf,official_daily_result_pdf
201105030807,2011,東京,3,8,7,2011-06-12,https://www.jra.go.jp/datafile/seiseki/report/2011/2011-3tokyo8.pdf,official_daily_result_pdf
201105030808,2011,東京,3,8,8,2011-06-12,https://www.jra.go.jp/datafile/seiseki/report/2011/2011-3tokyo8.pdf,official_daily_result_pdf
201105030809,2011,東京,3,8,9,2011-06-12,https://www.jra.go.jp/datafile/seiseki/report/2011/2011-3tokyo8.pdf,official_daily_result_pdf
201105030810,2011,東京,3,8,10,2011-06-12,https://www.jra.go.jp/datafile/seiseki/report/2011/2011-3tokyo8.pdf,official_daily_result_pdf
201105030811,2011,東京,3,8,11,2011-06-12,https://www.jra.go.jp/datafile/seiseki/report/2011/2011-3tokyo8.pdf,official_daily_result_pdf
201105030812,2011,東京,3,8,12,2011-06-12,https://www.jra.go.jp/datafile/seiseki/report/2011/2011-3tokyo8.pdf,official_daily_result_pdf
201105040101,2011,東京,4,1,1,2011-10-08,https://www.jra.go.jp/datafile/seiseki/report/2011/2011-4tokyo1.pdf,official_daily_result_pdf
201105040102,2011,東京,4,1,2,2011-10-08,https://www.jra.go.jp/datafile/seiseki/report/2011/2011-4tokyo1.pdf,official_daily_result_pdf
201105040103,2011,東京,4,1,3,2011-10-08,https://www.jra.go.jp/datafile/seiseki/report/2011/2011-4tokyo1.pdf,official_daily_result_pdf
201105040104,2011,東京,4,1,4,2011-10-08,https://www.jra.go.jp/datafile/seiseki/report/2011/2011-4tokyo1.pdf,official_daily_result_pdf
201105040105,2011,東京,4,1,5,2011-10-08,https://www.jra.go.jp/datafile/seiseki/report/2011/2011-4tokyo1.pdf,official_daily_result_pdf
201105040106,2011,東京,4,1,6,2011-10-08,https://www.jra.go.jp/datafile/seiseki/report/2011/2011-4tokyo1.pdf,official_daily_result_pdf
201105040107,2011,東京,4,1,7,2011-10-08,https://www.jra.go.jp/datafile/seiseki/report/2011/2011-4tokyo1.pdf,official_daily_result_pdf
201105040108,2011,東京,4,1,8,2011-10-08,https://www.jra.go.jp/datafile/seiseki/report/2011/2011-4tokyo1.pdf,official_daily_result_pdf
201105040109,2011,東京,4,1,9,2011-10-08,https://www.jra.go.jp/datafile/seiseki/report/2011/2011-4tokyo1.pdf,official_daily_result_pdf
201105040110,2011,東京,4,1,10,2011-10-08,https://www.jra.go.jp/datafile/seiseki/report/2011/2011-4tokyo1.pdf,official_daily_result_pdf
201105040111,2011,東京,4,1,11,2011-10-08,https://www.jra.go.jp/datafile/seiseki/report/2011/2011-4tokyo1.pdf,official_daily_result_pdf
201105040112,2011,東京,4,1,12,2011-10-08,https://www.jra.go.jp/datafile/seiseki/report/2011/2011-4tokyo1.pdf,official_daily_result_pdf
201105040201,2011,東京,4,2,1,2011-10-09,https://www.jra.go.jp/datafile/seiseki/report/2011/2011-4tokyo2.pdf,official_daily_result_pdf
201105040202,2011,東京,4,2,2,2011-10-09,https://www.jra.go.jp/datafile/seiseki/report/2011/2011-4tokyo2.pdf,official_daily_result_pdf
201105040203,2011,東京,4,2,3,2011-10-09,https://www.jra.go.jp/datafile/seiseki/report/2011/2011-4tokyo2.pdf,official_daily_result_pdf
201105040204,2011,東京,4,2,4,2011-10-09,https://www.jra.go.jp/datafile/seiseki/report/2011/2011-4tokyo2.pdf,official_daily_result_pdf
201105040205,2011,東京,4,2,5,2011-10-09,https://www.jra.go.jp/datafile/seiseki/report/2011/2011-4tokyo2.pdf,official_daily_result_pdf
201105040206,2011,東京,4,2,6,2011-10-09,https://www.jra.go.jp/datafile/seiseki/report/2011/2011-4tokyo2.pdf,official_daily_result_pdf
201105040207,2011,東京,4,2,7,2011-10-09,https://www.jra.go.jp/datafile/seiseki/report/2011/2011-4tokyo2.pdf,official_daily_result_pdf
201105040208,2011,東京,4,2,8,2011-10-09,https://www.jra.go.jp/datafile/seiseki/report/2011/2011-4tokyo2.pdf,official_daily_result_pdf
201105040209,2011,東京,4,2,9,2011-10-09,https://www.jra.go.jp/datafile/seiseki/report/2011/2011-4tokyo2.pdf,official_daily_result_pdf
201105040210,2011,東京,4,2,10,2011-10-09,https://www.jra.go.jp/datafile/seiseki/report/2011/2011-4tokyo2.pdf,official_daily_result_pdf
201105040211,2011,東京,4,2,11,2011-10-09,https://www.jra.go.jp/datafile/seiseki/report/2011/2011-4tokyo2.pdf,official_daily_result_pdf
201105040212,2011,東京,4,2,12,2011-10-09,https://www.jra.go.jp/datafile/seiseki/report/2011/2011-4tokyo2.pdf,official_daily_result_pdf
201105040301,2011,東京,4,3,1,2011-10-10,https://www.jra.go.jp/datafile/seiseki/report/2011/2011-4tokyo3.pdf,official_daily_result_pdf
201105040302,2011,東京,4,3,2,2011-10-10,https://www.jra.go.jp/datafile/seiseki/report/2011/2011-4tokyo3.pdf,official_daily_result_pdf
201105040303,2011,東京,4,3,3,2011-10-10,https://www.jra.go.jp/datafile/seiseki/report/2011/2011-4tokyo3.pdf,official_daily_result_pdf
201105040304,2011,東京,4,3,4,2011-10-10,https://www.jra.go.jp/datafile/seiseki/report/2011/2011-4tokyo3.pdf,official_daily_result_pdf
201105040305,2011,東京,4,3,5,2011-10-10,https://www.jra.go.jp/datafile/seiseki/report/2011/2011-4tokyo3.pdf,official_daily_result_pdf
201105040306,2011,東京,4,3,6,2011-10-10,https://www.jra.go.jp/datafile/seiseki/report/2011/2011-4tokyo3.pdf,official_daily_result_pdf
201105040307,2011,東京,4,3,7,2011-10-10,https://www.jra.go.jp/datafile/seiseki/report/2011/2011-4tokyo3.pdf,official_daily_result_pdf
201105040308,2011,東京,4,3,8,2011-10-10,https://www.jra.go.jp/datafile/seiseki/report/2011/2011-4tokyo3.pdf,official_daily_result_pdf
201105040309,2011,東京,4,3,9,2011-10-10,https://www.jra.go.jp/datafile/seiseki/report/2011/2011-4tokyo3.pdf,official_daily_result_pdf
201105040310,2011,東京,4,3,10,2011-10-10,https://www.jra.go.jp/datafile/seiseki/report/2011/2011-4tokyo3.pdf,official_daily_result_pdf
201105040311,2011,東京,4,3,11,2011-10-10,https://www.jra.go.jp/datafile/seiseki/report/2011/2011-4tokyo3.pdf,official_daily_result_pdf
201105040312,2011,東京,4,3,12,2011-10-10,https://www.jra.go.jp/datafile/seiseki/report/2011/2011-4tokyo3.pdf,official_daily_result_pdf
201105040401,2011,東京,4,4,1,2011-10-15,https://www.jra.go.jp/datafile/seiseki/report/2011/2011-4tokyo4.pdf,official_daily_result_pdf
201105040402,2011,東京,4,4,2,2011-10-15,https://www.jra.go.jp/datafile/seiseki/report/2011/2011-4tokyo4.pdf,official_daily_result_pdf
201105040403,2011,東京,4,4,3,2011-10-15,https://www.jra.go.jp/datafile/seiseki/report/2011/2011-4tokyo4.pdf,official_daily_result_pdf
201105040404,2011,東京,4,4,4,2011-10-15,https://www.jra.go.jp/datafile/seiseki/report/2011/2011-4tokyo4.pdf,official_daily_result_pdf
201105040405,2011,東京,4,4,5,2011-10-15,https://www.jra.go.jp/datafile/seiseki/report/2011/2011-4tokyo4.pdf,official_daily_result_pdf
201105040406,2011,東京,4,4,6,2011-10-15,https://www.jra.go.jp/datafile/seiseki/report/2011/2011-4tokyo4.pdf,official_daily_result_pdf
201105040407,2011,東京,4,4,7,2011-10-15,https://www.jra.go.jp/datafile/seiseki/report/2011/2011-4tokyo4.pdf,official_daily_result_pdf
201105040408,2011,東京,4,4,8,2011-10-15,https://www.jra.go.jp/datafile/seiseki/report/2011/2011-4tokyo4.pdf,official_daily_result_pdf
201105040409,2011,東京,4,4,9,2011-10-15,https://www.jra.go.jp/datafile/seiseki/report/2011/2011-4tokyo4.pdf,official_daily_result_pdf
201105040410,2011,東京,4,4,10,2011-10-15,https://www.jra.go.jp/datafile/seiseki/report/2011/2011-4tokyo4.pdf,official_daily_result_pdf
201105040411,2011,東京,4,4,11,2011-10-15,https://www.jra.go.jp/datafile/seiseki/report/2011/2011-4tokyo4.pdf,official_daily_result_pdf
201105040412,2011,東京,4,4,12,2011-10-15,https://www.jra.go.jp/datafile/seiseki/report/2011/2011-4tokyo4.pdf,official_daily_result_pdf
201105040501,2011,東京,4,5,1,2011-10-16,https://www.jra.go.jp/datafile/seiseki/report/2011/2011-4tokyo5.pdf,official_daily_result_pdf
201105040502,2011,東京,4,5,2,2011-10-16,https://www.jra.go.jp/datafile/seiseki/report/2011/2011-4tokyo5.pdf,official_daily_result_pdf
201105040503,2011,東京,4,5,3,2011-10-16,https://www.jra.go.jp/datafile/seiseki/report/2011/2011-4tokyo5.pdf,official_daily_result_pdf
201105040504,2011,東京,4,5,4,2011-10-16,https://www.jra.go.jp/datafile/seiseki/report/2011/2011-4tokyo5.pdf,official_daily_result_pdf
201105040505,2011,東京,4,5,5,2011-10-16,https://www.jra.go.jp/datafile/seiseki/report/2011/2011-4tokyo5.pdf,official_daily_result_pdf
201105040506,2011,東京,4,5,6,2011-10-16,https://www.jra.go.jp/datafile/seiseki/report/2011/2011-4tokyo5.pdf,official_daily_result_pdf
201105040507,2011,東京,4,5,7,2011-10-16,https://www.jra.go.jp/datafile/seiseki/report/2011/2011-4tokyo5.pdf,official_daily_result_pdf
201105040508,2011,東京,4,5,8,2011-10-16,https://www.jra.go.jp/datafile/seiseki/report/2011/2011-4tokyo5.pdf,official_daily_result_pdf
201105040509,2011,東京,4,5,9,2011-10-16,https://www.jra.go.jp/datafile/seiseki/report/2011/2011-4tokyo5.pdf,official_daily_result_pdf
201105040510,2011,東京,4,5,10,2011-10-16,https://www.jra.go.jp/datafile/seiseki/report/2011/2011-4tokyo5.pdf,official_daily_result_pdf
201105040511,2011,東京,4,5,11,2011-10-16,https://www.jra.go.jp/datafile/seiseki/report/2011/2011-4tokyo5.pdf,official_daily_result_pdf
201105040512,2011,東京,4,5,12,2011-10-16,https://www.jra.go.jp/datafile/seiseki/report/2011/2011-4tokyo5.pdf,official_daily_result_pdf
201105040601,2011,東京,4,6,1,2011-10-22,https://www.jra.go.jp/datafile/seiseki/report/2011/2011-4tokyo6.pdf,official_daily_result_pdf
201105040602,2011,東京,4,6,2,2011-10-22,https://www.jra.go.jp/datafile/seiseki/report/2011/2011-4tokyo6.pdf,official_daily_result_pdf
201105040603,2011,東京,4,6,3,2011-10-22,https://www.jra.go.jp/datafile/seiseki/report/2011/2011-4tokyo6.pdf,official_daily_result_pdf
201105040604,2011,東京,4,6,4,2011-10-22,https://www.jra.go.jp/datafile/seiseki/report/2011/2011-4tokyo6.pdf,official_daily_result_pdf
201105040605,2011,東京,4,6,5,2011-10-22,https://www.jra.go.jp/datafile/seiseki/report/2011/2011-4tokyo6.pdf,official_daily_result_pdf
201105040606,2011,東京,4,6,6,2011-10-22,https://www.jra.go.jp/datafile/seiseki/report/2011/2011-4tokyo6.pdf,official_daily_result_pdf
201105040607,2011,東京,4,6,7,2011-10-22,https://www.jra.go.jp/datafile/seiseki/report/2011/2011-4tokyo6.pdf,official_daily_result_pdf
201105040608,2011,東京,4,6,8,2011-10-22,https://www.jra.go.jp/datafile/seiseki/report/2011/2011-4tokyo6.pdf,official_daily_result_pdf
201105040609,2011,東京,4,6,9,2011-10-22,https://www.jra.go.jp/datafile/seiseki/report/2011/2011-4tokyo6.pdf,official_daily_result_pdf
201105040610,2011,東京,4,6,10,2011-10-22,https://www.jra.go.jp/datafile/seiseki/report/2011/2011-4tokyo6.pdf,official_daily_result_pdf
201105040611,2011,東京,4,6,11,2011-10-22,https://www.jra.go.jp/datafile/seiseki/report/2011/2011-4tokyo6.pdf,official_daily_result_pdf
201105040612,2011,東京,4,6,12,2011-10-22,https://www.jra.go.jp/datafile/seiseki/report/2011/2011-4tokyo6.pdf,official_daily_result_pdf
201105040701,2011,東京,4,7,1,2011-10-23,https://www.jra.go.jp/datafile/seiseki/report/2011/2011-4tokyo7.pdf,official_daily_result_pdf
201105040702,2011,東京,4,7,2,2011-10-23,https://www.jra.go.jp/datafile/seiseki/report/2011/2011-4tokyo7.pdf,official_daily_result_pdf
201105040703,2011,東京,4,7,3,2011-10-23,https://www.jra.go.jp/datafile/seiseki/report/2011/2011-4tokyo7.pdf,official_daily_result_pdf
201105040704,2011,東京,4,7,4,2011-10-23,https://www.jra.go.jp/datafile/seiseki/report/2011/2011-4tokyo7.pdf,official_daily_result_pdf
201105040705,2011,東京,4,7,5,2011-10-23,https://www.jra.go.jp/datafile/seiseki/report/2011/2011-4tokyo7.pdf,official_daily_result_pdf
201105040706,2011,東京,4,7,6,2011-10-23,https://www.jra.go.jp/datafile/seiseki/report/2011/2011-4tokyo7.pdf,official_daily_result_pdf
201105040707,2011,東京,4,7,7,2011-10-23,https://www.jra.go.jp/datafile/seiseki/report/2011/2011-4tokyo7.pdf,official_daily_result_pdf
201105040708,2011,東京,4,7,8,2011-10-23,https://www.jra.go.jp/datafile/seiseki/report/2011/2011-4tokyo7.pdf,official_daily_result_pdf
201105040709,2011,東京,4,7,9,2011-10-23,https://www.jra.go.jp/datafile/seiseki/report/2011/2011-4tokyo7.pdf,official_daily_result_pdf
201105040710,2011,東京,4,7,10,2011-10-23,https://www.jra.go.jp/datafile/seiseki/report/2011/2011-4tokyo7.pdf,official_daily_result_pdf
201105040711,2011,東京,4,7,11,2011-10-23,https://www.jra.go.jp/datafile/seiseki/report/2011/2011-4tokyo7.pdf,official_daily_result_pdf
201105040712,2011,東京,4,7,12,2011-10-23,https://www.jra.go.jp/datafile/seiseki/report/2011/2011-4tokyo7.pdf,official_daily_result_pdf
201105040801,2011,東京,4,8,1,2011-10-29,https://www.jra.go.jp/datafile/seiseki/report/2011/2011-4tokyo8.pdf,official_daily_result_pdf
201105040802,2011,東京,4,8,2,2011-10-29,https://www.jra.go.jp/datafile/seiseki/report/2011/2011-4tokyo8.pdf,official_daily_result_pdf
201105040803,2011,東京,4,8,3,2011-10-29,https://www.jra.go.jp/datafile/seiseki/report/2011/2011-4tokyo8.pdf,official_daily_result_pdf
201105040804,2011,東京,4,8,4,2011-10-29,https://www.jra.go.jp/datafile/seiseki/report/2011/2011-4tokyo8.pdf,official_daily_result_pdf
201105040805,2011,東京,4,8,5,2011-10-29,https://www.jra.go.jp/datafile/seiseki/report/2011/2011-4tokyo8.pdf,official_daily_result_pdf
201105040806,2011,東京,4,8,6,2011-10-29,https://www.jra.go.jp/datafile/seiseki/report/2011/2011-4tokyo8.pdf,official_daily_result_pdf
201105040807,2011,東京,4,8,7,2011-10-29,https://www.jra.go.jp/datafile/seiseki/report/2011/2011-4tokyo8.pdf,official_daily_result_pdf
201105040808,2011,東京,4,8,8,2011-10-29,https://www.jra.go.jp/datafile/seiseki/report/2011/2011-4tokyo8.pdf,official_daily_result_pdf
201105040809,2011,東京,4,8,9,2011-10-29,https://www.jra.go.jp/datafile/seiseki/report/2011/2011-4tokyo8.pdf,official_daily_result_pdf
201105040810,2011,東京,4,8,10,2011-10-29,https://www.jra.go.jp/datafile/seiseki/report/2011/2011-4tokyo8.pdf,official_daily_result_pdf
201105040811,2011,東京,4,8,11,2011-10-29,https://www.jra.go.jp/datafile/seiseki/report/2011/2011-4tokyo8.pdf,official_daily_result_pdf
201105040812,2011,東京,4,8,12,2011-10-29,https://www.jra.go.jp/datafile/seiseki/report/2011/2011-4tokyo8.pdf,official_daily_result_pdf
201105040901,2011,東京,4,9,1,2011-10-30,https://www.jra.go.jp/datafile/seiseki/report/2011/2011-4tokyo9.pdf,official_daily_result_pdf
201105040902,2011,東京,4,9,2,2011-10-30,https://www.jra.go.jp/datafile/seiseki/report/2011/2011-4tokyo9.pdf,official_daily_result_pdf
201105040903,2011,東京,4,9,3,2011-10-30,https://www.jra.go.jp/datafile/seiseki/report/2011/2011-4tokyo9.pdf,official_daily_result_pdf
201105040904,2011,東京,4,9,4,2011-10-30,https://www.jra.go.jp/datafile/seiseki/report/2011/2011-4tokyo9.pdf,official_daily_result_pdf
201105040905,2011,東京,4,9,5,2011-10-30,https://www.jra.go.jp/datafile/seiseki/report/2011/2011-4tokyo9.pdf,official_daily_result_pdf
201105040906,2011,東京,4,9,6,2011-10-30,https://www.jra.go.jp/datafile/seiseki/report/2011/2011-4tokyo9.pdf,official_daily_result_pdf
201105040907,2011,東京,4,9,7,2011-10-30,https://www.jra.go.jp/datafile/seiseki/report/2011/2011-4tokyo9.pdf,official_daily_result_pdf
201105040908,2011,東京,4,9,8,2011-10-30,https://www.jra.go.jp/datafile/seiseki/report/2011/2011-4tokyo9.pdf,official_daily_result_pdf
201105040909,2011,東京,4,9,9,2011-10-30,https://www.jra.go.jp/datafile/seiseki/report/2011/2011-4tokyo9.pdf,official_daily_result_pdf
201105040910,2011,東京,4,9,10,2011-10-30,https://www.jra.go.jp/datafile/seiseki/report/2011/2011-4tokyo9.pdf,official_daily_result_pdf
201105040911,2011,東京,4,9,11,2011-10-30,https://www.jra.go.jp/datafile/seiseki/report/2011/2011-4tokyo9.pdf,official_daily_result_pdf
201105040912,2011,東京,4,9,12,2011-10-30,https://www.jra.go.jp/datafile/seiseki/report/2011/2011-4tokyo9.pdf,official_daily_result_pdf
201105050101,2011,東京,5,1,1,2011-11-05,https://www.jra.go.jp/datafile/seiseki/report/2011/2011-5tokyo1.pdf,official_daily_result_pdf
201105050102,2011,東京,5,1,2,2011-11-05,https://www.jra.go.jp/datafile/seiseki/report/2011/2011-5tokyo1.pdf,official_daily_result_pdf
201105050103,2011,東京,5,1,3,2011-11-05,https://www.jra.go.jp/datafile/seiseki/report/2011/2011-5tokyo1.pdf,official_daily_result_pdf
201105050104,2011,東京,5,1,4,2011-11-05,https://www.jra.go.jp/datafile/seiseki/report/2011/2011-5tokyo1.pdf,official_daily_result_pdf
201105050105,2011,東京,5,1,5,2011-11-05,https://www.jra.go.jp/datafile/seiseki/report/2011/2011-5tokyo1.pdf,official_daily_result_pdf
201105050106,2011,東京,5,1,6,2011-11-05,https://www.jra.go.jp/datafile/seiseki/report/2011/2011-5tokyo1.pdf,official_daily_result_pdf
201105050107,2011,東京,5,1,7,2011-11-05,https://www.jra.go.jp/datafile/seiseki/report/2011/2011-5tokyo1.pdf,official_daily_result_pdf
201105050108,2011,東京,5,1,8,2011-11-05,https://www.jra.go.jp/datafile/seiseki/report/2011/2011-5tokyo1.pdf,official_daily_result_pdf
201105050109,2011,東京,5,1,9,2011-11-05,https://www.jra.go.jp/datafile/seiseki/report/2011/2011-5tokyo1.pdf,official_daily_result_pdf
201105050110,2011,東京,5,1,10,2011-11-05,https://www.jra.go.jp/datafile/seiseki/report/2011/2011-5tokyo1.pdf,official_daily_result_pdf
201105050111,2011,東京,5,1,11,2011-11-05,https://www.jra.go.jp/datafile/seiseki/report/2011/2011-5tokyo1.pdf,official_daily_result_pdf
201105050112,2011,東京,5,1,12,2011-11-05,https://www.jra.go.jp/datafile/seiseki/report/2011/2011-5tokyo1.pdf,official_daily_result_pdf
201105050201,2011,東京,5,2,1,2011-11-06,https://www.jra.go.jp/datafile/seiseki/report/2011/2011-5tokyo2.pdf,official_daily_result_pdf
201105050202,2011,東京,5,2,2,2011-11-06,https://www.jra.go.jp/datafile/seiseki/report/2011/2011-5tokyo2.pdf,official_daily_result_pdf
201105050203,2011,東京,5,2,3,2011-11-06,https://www.jra.go.jp/datafile/seiseki/report/2011/2011-5tokyo2.pdf,official_daily_result_pdf
201105050204,2011,東京,5,2,4,2011-11-06,https://www.jra.go.jp/datafile/seiseki/report/2011/2011-5tokyo2.pdf,official_daily_result_pdf
201105050205,2011,東京,5,2,5,2011-11-06,https://www.jra.go.jp/datafile/seiseki/report/2011/2011-5tokyo2.pdf,official_daily_result_pdf
201105050206,2011,東京,5,2,6,2011-11-06,https://www.jra.go.jp/datafile/seiseki/report/2011/2011-5tokyo2.pdf,official_daily_result_pdf
201105050207,2011,東京,5,2,7,2011-11-06,https://www.jra.go.jp/datafile/seiseki/report/2011/2011-5tokyo2.pdf,official_daily_result_pdf
201105050208,2011,東京,5,2,8,2011-11-06,https://www.jra.go.jp/datafile/seiseki/report/2011/2011-5tokyo2.pdf,official_daily_result_pdf
201105050209,2011,東京,5,2,9,2011-11-06,https://www.jra.go.jp/datafile/seiseki/report/2011/2011-5tokyo2.pdf,official_daily_result_pdf
201105050210,2011,東京,5,2,10,2011-11-06,https://www.jra.go.jp/datafile/seiseki/report/2011/2011-5tokyo2.pdf,official_daily_result_pdf
201105050211,2011,東京,5,2,11,2011-11-06,https://www.jra.go.jp/datafile/seiseki/report/2011/2011-5tokyo2.pdf,official_daily_result_pdf
201105050212,2011,東京,5,2,12,2011-11-06,https://www.jra.go.jp/datafile/seiseki/report/2011/2011-5tokyo2.pdf,official_daily_result_pdf
201105050301,2011,東京,5,3,1,2011-11-12,https://www.jra.go.jp/datafile/seiseki/report/2011/2011-5tokyo3.pdf,official_daily_result_pdf
201105050302,2011,東京,5,3,2,2011-11-12,https://www.jra.go.jp/datafile/seiseki/report/2011/2011-5tokyo3.pdf,official_daily_result_pdf
201105050303,2011,東京,5,3,3,2011-11-12,https://www.jra.go.jp/datafile/seiseki/report/2011/2011-5tokyo3.pdf,official_daily_result_pdf
201105050304,2011,東京,5,3,4,2011-11-12,https://www.jra.go.jp/datafile/seiseki/report/2011/2011-5tokyo3.pdf,official_daily_result_pdf
201105050305,2011,東京,5,3,5,2011-11-12,https://www.jra.go.jp/datafile/seiseki/report/2011/2011-5tokyo3.pdf,official_daily_result_pdf
201105050306,2011,東京,5,3,6,2011-11-12,https://www.jra.go.jp/datafile/seiseki/report/2011/2011-5tokyo3.pdf,official_daily_result_pdf
201105050307,2011,東京,5,3,7,2011-11-12,https://www.jra.go.jp/datafile/seiseki/report/2011/2011-5tokyo3.pdf,official_daily_result_pdf
201105050308,2011,東京,5,3,8,2011-11-12,https://www.jra.go.jp/datafile/seiseki/report/2011/2011-5tokyo3.pdf,official_daily_result_pdf
201105050309,2011,東京,5,3,9,2011-11-12,https://www.jra.go.jp/datafile/seiseki/report/2011/2011-5tokyo3.pdf,official_daily_result_pdf
201105050310,2011,東京,5,3,10,2011-11-12,https://www.jra.go.jp/datafile/seiseki/report/2011/2011-5tokyo3.pdf,official_daily_result_pdf
201105050311,2011,東京,5,3,11,2011-11-12,https://www.jra.go.jp/datafile/seiseki/report/2011/2011-5tokyo3.pdf,official_daily_result_pdf
201105050312,2011,東京,5,3,12,2011-11-12,https://www.jra.go.jp/datafile/seiseki/report/2011/2011-5tokyo3.pdf,official_daily_result_pdf
201105050401,2011,東京,5,4,1,2011-11-13,https://www.jra.go.jp/datafile/seiseki/report/2011/2011-5tokyo4.pdf,official_daily_result_pdf
201105050402,2011,東京,5,4,2,2011-11-13,https://www.jra.go.jp/datafile/seiseki/report/2011/2011-5tokyo4.pdf,official_daily_result_pdf
201105050403,2011,東京,5,4,3,2011-11-13,https://www.jra.go.jp/datafile/seiseki/report/2011/2011-5tokyo4.pdf,official_daily_result_pdf
201105050404,2011,東京,5,4,4,2011-11-13,https://www.jra.go.jp/datafile/seiseki/report/2011/2011-5tokyo4.pdf,official_daily_result_pdf
201105050405,2011,東京,5,4,5,2011-11-13,https://www.jra.go.jp/datafile/seiseki/report/2011/2011-5tokyo4.pdf,official_daily_result_pdf
201105050406,2011,東京,5,4,6,2011-11-13,https://www.jra.go.jp/datafile/seiseki/report/2011/2011-5tokyo4.pdf,official_daily_result_pdf
201105050407,2011,東京,5,4,7,2011-11-13,https://www.jra.go.jp/datafile/seiseki/report/2011/2011-5tokyo4.pdf,official_daily_result_pdf
201105050408,2011,東京,5,4,8,2011-11-13,https://www.jra.go.jp/datafile/seiseki/report/2011/2011-5tokyo4.pdf,official_daily_result_pdf
201105050409,2011,東京,5,4,9,2011-11-13,https://www.jra.go.jp/datafile/seiseki/report/2011/2011-5tokyo4.pdf,official_daily_result_pdf
201105050410,2011,東京,5,4,10,2011-11-13,https://www.jra.go.jp/datafile/seiseki/report/2011/2011-5tokyo4.pdf,official_daily_result_pdf
201105050411,2011,東京,5,4,11,2011-11-13,https://www.jra.go.jp/datafile/seiseki/report/2011/2011-5tokyo4.pdf,official_daily_result_pdf
201105050412,2011,東京,5,4,12,2011-11-13,https://www.jra.go.jp/datafile/seiseki/report/2011/2011-5tokyo4.pdf,official_daily_result_pdf
201105050501,2011,東京,5,5,1,2011-11-19,https://www.jra.go.jp/datafile/seiseki/report/2011/2011-5tokyo5.pdf,official_daily_result_pdf
201105050502,2011,東京,5,5,2,2011-11-19,https://www.jra.go.jp/datafile/seiseki/report/2011/2011-5tokyo5.pdf,official_daily_result_pdf
201105050503,2011,東京,5,5,3,2011-11-19,https://www.jra.go.jp/datafile/seiseki/report/2011/2011-5tokyo5.pdf,official_daily_result_pdf
201105050504,2011,東京,5,5,4,2011-11-19,https://www.jra.go.jp/datafile/seiseki/report/2011/2011-5tokyo5.pdf,official_daily_result_pdf
201105050505,2011,東京,5,5,5,2011-11-19,https://www.jra.go.jp/datafile/seiseki/report/2011/2011-5tokyo5.pdf,official_daily_result_pdf
201105050506,2011,東京,5,5,6,2011-11-19,https://www.jra.go.jp/datafile/seiseki/report/2011/2011-5tokyo5.pdf,official_daily_result_pdf
201105050507,2011,東京,5,5,7,2011-11-19,https://www.jra.go.jp/datafile/seiseki/report/2011/2011-5tokyo5.pdf,official_daily_result_pdf
201105050508,2011,東京,5,5,8,2011-11-19,https://www.jra.go.jp/datafile/seiseki/report/2011/2011-5tokyo5.pdf,official_daily_result_pdf
201105050509,2011,東京,5,5,9,2011-11-19,https://www.jra.go.jp/datafile/seiseki/report/2011/2011-5tokyo5.pdf,official_daily_result_pdf
201105050510,2011,東京,5,5,10,2011-11-19,https://www.jra.go.jp/datafile/seiseki/report/2011/2011-5tokyo5.pdf,official_daily_result_pdf
201105050511,2011,東京,5,5,11,2011-11-19,https://www.jra.go.jp/datafile/seiseki/report/2011/2011-5tokyo5.pdf,official_daily_result_pdf
201105050512,2011,東京,5,5,12,2011-11-19,https://www.jra.go.jp/datafile/seiseki/report/2011/2011-5tokyo5.pdf,official_daily_result_pdf
201105050601,2011,東京,5,6,1,2011-11-20,https://www.jra.go.jp/datafile/seiseki/report/2011/2011-5tokyo6.pdf,official_daily_result_pdf
201105050602,2011,東京,5,6,2,2011-11-20,https://www.jra.go.jp/datafile/seiseki/report/2011/2011-5tokyo6.pdf,official_daily_result_pdf
201105050603,2011,東京,5,6,3,2011-11-20,https://www.jra.go.jp/datafile/seiseki/report/2011/2011-5tokyo6.pdf,official_daily_result_pdf
201105050604,2011,東京,5,6,4,2011-11-20,https://www.jra.go.jp/datafile/seiseki/report/2011/2011-5tokyo6.pdf,official_daily_result_pdf
201105050605,2011,東京,5,6,5,2011-11-20,https://www.jra.go.jp/datafile/seiseki/report/2011/2011-5tokyo6.pdf,official_daily_result_pdf
201105050606,2011,東京,5,6,6,2011-11-20,https://www.jra.go.jp/datafile/seiseki/report/2011/2011-5tokyo6.pdf,official_daily_result_pdf
201105050607,2011,東京,5,6,7,2011-11-20,https://www.jra.go.jp/datafile/seiseki/report/2011/2011-5tokyo6.pdf,official_daily_result_pdf
201105050608,2011,東京,5,6,8,2011-11-20,https://www.jra.go.jp/datafile/seiseki/report/2011/2011-5tokyo6.pdf,official_daily_result_pdf
201105050609,2011,東京,5,6,9,2011-11-20,https://www.jra.go.jp/datafile/seiseki/report/2011/2011-5tokyo6.pdf,official_daily_result_pdf
201105050610,2011,東京,5,6,10,2011-11-20,https://www.jra.go.jp/datafile/seiseki/report/2011/2011-5tokyo6.pdf,official_daily_result_pdf
201105050611,2011,東京,5,6,11,2011-11-20,https://www.jra.go.jp/datafile/seiseki/report/2011/2011-5tokyo6.pdf,official_daily_result_pdf
201105050612,2011,東京,5,6,12,2011-11-20,https://www.jra.go.jp/datafile/seiseki/report/2011/2011-5tokyo6.pdf,official_daily_result_pdf
201105050701,2011,東京,5,7,1,2011-11-26,https://www.jra.go.jp/datafile/seiseki/report/2011/2011-5tokyo7.pdf,official_daily_result_pdf
201105050702,2011,東京,5,7,2,2011-11-26,https://www.jra.go.jp/datafile/seiseki/report/2011/2011-5tokyo7.pdf,official_daily_result_pdf
201105050703,2011,東京,5,7,3,2011-11-26,https://www.jra.go.jp/datafile/seiseki/report/2011/2011-5tokyo7.pdf,official_daily_result_pdf
201105050704,2011,東京,5,7,4,2011-11-26,https://www.jra.go.jp/datafile/seiseki/report/2011/2011-5tokyo7.pdf,official_daily_result_pdf
201105050705,2011,東京,5,7,5,2011-11-26,https://www.jra.go.jp/datafile/seiseki/report/2011/2011-5tokyo7.pdf,official_daily_result_pdf
201105050706,2011,東京,5,7,6,2011-11-26,https://www.jra.go.jp/datafile/seiseki/report/2011/2011-5tokyo7.pdf,official_daily_result_pdf
201105050707,2011,東京,5,7,7,2011-11-26,https://www.jra.go.jp/datafile/seiseki/report/2011/2011-5tokyo7.pdf,official_daily_result_pdf
201105050708,2011,東京,5,7,8,2011-11-26,https://www.jra.go.jp/datafile/seiseki/report/2011/2011-5tokyo7.pdf,official_daily_result_pdf
201105050709,2011,東京,5,7,9,2011-11-26,https://www.jra.go.jp/datafile/seiseki/report/2011/2011-5tokyo7.pdf,official_daily_result_pdf
201105050710,2011,東京,5,7,10,2011-11-26,https://www.jra.go.jp/datafile/seiseki/report/2011/2011-5tokyo7.pdf,official_daily_result_pdf
201105050711,2011,東京,5,7,11,2011-11-26,https://www.jra.go.jp/datafile/seiseki/report/2011/2011-5tokyo7.pdf,official_daily_result_pdf
201105050712,2011,東京,5,7,12,2011-11-26,https://www.jra.go.jp/datafile/seiseki/report/2011/2011-5tokyo7.pdf,official_daily_result_pdf
201105050801,2011,東京,5,8,1,2011-11-27,https://www.jra.go.jp/datafile/seiseki/report/2011/2011-5tokyo8.pdf,official_daily_result_pdf
201105050802,2011,東京,5,8,2,2011-11-27,https://www.jra.go.jp/datafile/seiseki/report/2011/2011-5tokyo8.pdf,official_daily_result_pdf
201105050803,2011,東京,5,8,3,2011-11-27,https://www.jra.go.jp/datafile/seiseki/report/2011/2011-5tokyo8.pdf,official_daily_result_pdf
201105050804,2011,東京,5,8,4,2011-11-27,https://www.jra.go.jp/datafile/seiseki/report/2011/2011-5tokyo8.pdf,official_daily_result_pdf
201105050805,2011,東京,5,8,5,2011-11-27,https://www.jra.go.jp/datafile/seiseki/report/2011/2011-5tokyo8.pdf,official_daily_result_pdf
201105050806,2011,東京,5,8,6,2011-11-27,https://www.jra.go.jp/datafile/seiseki/report/2011/2011-5tokyo8.pdf,official_daily_result_pdf
201105050807,2011,東京,5,8,7,2011-11-27,https://www.jra.go.jp/datafile/seiseki/report/2011/2011-5tokyo8.pdf,official_daily_result_pdf
201105050808,2011,東京,5,8,8,2011-11-27,https://www.jra.go.jp/datafile/seiseki/report/2011/2011-5tokyo8.pdf,official_daily_result_pdf
201105050809,2011,東京,5,8,9,2011-11-27,https://www.jra.go.jp/datafile/seiseki/report/2011/2011-5tokyo8.pdf,official_daily_result_pdf
201105050810,2011,東京,5,8,10,2011-11-27,https://www.jra.go.jp/datafile/seiseki/report/2011/2011-5tokyo8.pdf,official_daily_result_pdf
201105050811,2011,東京,5,8,11,2011-11-27,https://www.jra.go.jp/datafile/seiseki/report/2011/2011-5tokyo8.pdf,official_daily_result_pdf
201106010101,2011,中山,1,1,1,2011-01-05,https://www.jra.go.jp/datafile/seiseki/report/2011/2011-1nakayama1.pdf,official_daily_result_pdf
201106010102,2011,中山,1,1,2,2011-01-05,https://www.jra.go.jp/datafile/seiseki/report/2011/2011-1nakayama1.pdf,official_daily_result_pdf
201106010103,2011,中山,1,1,3,2011-01-05,https://www.jra.go.jp/datafile/seiseki/report/2011/2011-1nakayama1.pdf,official_daily_result_pdf
201106010104,2011,中山,1,1,4,2011-01-05,https://www.jra.go.jp/datafile/seiseki/report/2011/2011-1nakayama1.pdf,official_daily_result_pdf
201106010105,2011,中山,1,1,5,2011-01-05,https://www.jra.go.jp/datafile/seiseki/report/2011/2011-1nakayama1.pdf,official_daily_result_pdf
201106010106,2011,中山,1,1,6,2011-01-05,https://www.jra.go.jp/datafile/seiseki/report/2011/2011-1nakayama1.pdf,official_daily_result_pdf
201106010107,2011,中山,1,1,7,2011-01-05,https://www.jra.go.jp/datafile/seiseki/report/2011/2011-1nakayama1.pdf,official_daily_result_pdf
201106010108,2011,中山,1,1,8,2011-01-05,https://www.jra.go.jp/datafile/seiseki/report/2011/2011-1nakayama1.pdf,official_daily_result_pdf
201106010109,2011,中山,1,1,9,2011-01-05,https://www.jra.go.jp/datafile/seiseki/report/2011/2011-1nakayama1.pdf,official_daily_result_pdf
201106010110,2011,中山,1,1,10,2011-01-05,https://www.jra.go.jp/datafile/seiseki/report/2011/2011-1nakayama1.pdf,official_daily_result_pdf
201106010111,2011,中山,1,1,11,2011-01-05,https://www.jra.go.jp/datafile/seiseki/report/2011/2011-1nakayama1.pdf,official_daily_result_pdf
201106010112,2011,中山,1,1,12,2011-01-05,https://www.jra.go.jp/datafile/seiseki/report/2011/2011-1nakayama1.pdf,official_daily_result_pdf
201106010201,2011,中山,1,2,1,2011-01-08,https://www.jra.go.jp/datafile/seiseki/report/2011/2011-1nakayama2.pdf,official_daily_result_pdf
201106010202,2011,中山,1,2,2,2011-01-08,https://www.jra.go.jp/datafile/seiseki/report/2011/2011-1nakayama2.pdf,official_daily_result_pdf
201106010203,2011,中山,1,2,3,2011-01-08,https://www.jra.go.jp/datafile/seiseki/report/2011/2011-1nakayama2.pdf,official_daily_result_pdf
201106010204,2011,中山,1,2,4,2011-01-08,https://www.jra.go.jp/datafile/seiseki/report/2011/2011-1nakayama2.pdf,official_daily_result_pdf
201106010205,2011,中山,1,2,5,2011-01-08,https://www.jra.go.jp/datafile/seiseki/report/2011/2011-1nakayama2.pdf,official_daily_result_pdf
201106010206,2011,中山,1,2,6,2011-01-08,https://www.jra.go.jp/datafile/seiseki/report/2011/2011-1nakayama2.pdf,official_daily_result_pdf
201106010207,2011,中山,1,2,7,2011-01-08,https://www.jra.go.jp/datafile/seiseki/report/2011/2011-1nakayama2.pdf,official_daily_result_pdf
201106010208,2011,中山,1,2,8,2011-01-08,https://www.jra.go.jp/datafile/seiseki/report/2011/2011-1nakayama2.pdf,official_daily_result_pdf
201106010209,2011,中山,1,2,9,2011-01-08,https://www.jra.go.jp/datafile/seiseki/report/2011/2011-1nakayama2.pdf,official_daily_result_pdf
201106010210,2011,中山,1,2,10,2011-01-08,https://www.jra.go.jp/datafile/seiseki/report/2011/2011-1nakayama2.pdf,official_daily_result_pdf
201106010211,2011,中山,1,2,11,2011-01-08,https://www.jra.go.jp/datafile/seiseki/report/2011/2011-1nakayama2.pdf,official_daily_result_pdf
201106010212,2011,中山,1,2,12,2011-01-08,https://www.jra.go.jp/datafile/seiseki/report/2011/2011-1nakayama2.pdf,official_daily_result_pdf
201106010301,2011,中山,1,3,1,2011-01-09,https://www.jra.go.jp/datafile/seiseki/report/2011/2011-1nakayama3.pdf,official_daily_result_pdf
201106010302,2011,中山,1,3,2,2011-01-09,https://www.jra.go.jp/datafile/seiseki/report/2011/2011-1nakayama3.pdf,official_daily_result_pdf
201106010303,2011,中山,1,3,3,2011-01-09,https://www.jra.go.jp/datafile/seiseki/report/2011/2011-1nakayama3.pdf,official_daily_result_pdf
201106010304,2011,中山,1,3,4,2011-01-09,https://www.jra.go.jp/datafile/seiseki/report/2011/2011-1nakayama3.pdf,official_daily_result_pdf
201106010305,2011,中山,1,3,5,2011-01-09,https://www.jra.go.jp/datafile/seiseki/report/2011/2011-1nakayama3.pdf,official_daily_result_pdf
201106010306,2011,中山,1,3,6,2011-01-09,https://www.jra.go.jp/datafile/seiseki/report/2011/2011-1nakayama3.pdf,official_daily_result_pdf
201106010307,2011,中山,1,3,7,2011-01-09,https://www.jra.go.jp/datafile/seiseki/report/2011/2011-1nakayama3.pdf,official_daily_result_pdf
201106010308,2011,中山,1,3,8,2011-01-09,https://www.jra.go.jp/datafile/seiseki/report/2011/2011-1nakayama3.pdf,official_daily_result_pdf
201106010309,2011,中山,1,3,9,2011-01-09,https://www.jra.go.jp/datafile/seiseki/report/2011/2011-1nakayama3.pdf,official_daily_result_pdf
201106010310,2011,中山,1,3,10,2011-01-09,https://www.jra.go.jp/datafile/seiseki/report/2011/2011-1nakayama3.pdf,official_daily_result_pdf
201106010311,2011,中山,1,3,11,2011-01-09,https://www.jra.go.jp/datafile/seiseki/report/2011/2011-1nakayama3.pdf,official_daily_result_pdf
201106010312,2011,中山,1,3,12,2011-01-09,https://www.jra.go.jp/datafile/seiseki/report/2011/2011-1nakayama3.pdf,official_daily_result_pdf
201106010401,2011,中山,1,4,1,2011-01-10,https://www.jra.go.jp/datafile/seiseki/report/2011/2011-1nakayama4.pdf,official_daily_result_pdf
201106010402,2011,中山,1,4,2,2011-01-10,https://www.jra.go.jp/datafile/seiseki/report/2011/2011-1nakayama4.pdf,official_daily_result_pdf
201106010403,2011,中山,1,4,3,2011-01-10,https://www.jra.go.jp/datafile/seiseki/report/2011/2011-1nakayama4.pdf,official_daily_result_pdf
201106010404,2011,中山,1,4,4,2011-01-10,https://www.jra.go.jp/datafile/seiseki/report/2011/2011-1nakayama4.pdf,official_daily_result_pdf
201106010405,2011,中山,1,4,5,2011-01-10,https://www.jra.go.jp/datafile/seiseki/report/2011/2011-1nakayama4.pdf,official_daily_result_pdf
201106010406,2011,中山,1,4,6,2011-01-10,https://www.jra.go.jp/datafile/seiseki/report/2011/2011-1nakayama4.pdf,official_daily_result_pdf
201106010407,2011,中山,1,4,7,2011-01-10,https://www.jra.go.jp/datafile/seiseki/report/2011/2011-1nakayama4.pdf,official_daily_result_pdf
201106010408,2011,中山,1,4,8,2011-01-10,https://www.jra.go.jp/datafile/seiseki/report/2011/2011-1nakayama4.pdf,official_daily_result_pdf
201106010409,2011,中山,1,4,9,2011-01-10,https://www.jra.go.jp/datafile/seiseki/report/2011/2011-1nakayama4.pdf,official_daily_result_pdf
201106010410,2011,中山,1,4,10,2011-01-10,https://www.jra.go.jp/datafile/seiseki/report/2011/2011-1nakayama4.pdf,official_daily_result_pdf
201106010411,2011,中山,1,4,11,2011-01-10,https://www.jra.go.jp/datafile/seiseki/report/2011/2011-1nakayama4.pdf,official_daily_result_pdf
201106010412,2011,中山,1,4,12,2011-01-10,https://www.jra.go.jp/datafile/seiseki/report/2011/2011-1nakayama4.pdf,official_daily_result_pdf
201106010501,2011,中山,1,5,1,2011-01-15,https://www.jra.go.jp/datafile/seiseki/report/2011/2011-1nakayama5.pdf,official_daily_result_pdf
201106010502,2011,中山,1,5,2,2011-01-15,https://www.jra.go.jp/datafile/seiseki/report/2011/2011-1nakayama5.pdf,official_daily_result_pdf
201106010503,2011,中山,1,5,3,2011-01-15,https://www.jra.go.jp/datafile/seiseki/report/2011/2011-1nakayama5.pdf,official_daily_result_pdf
201106010504,2011,中山,1,5,4,2011-01-15,https://www.jra.go.jp/datafile/seiseki/report/2011/2011-1nakayama5.pdf,official_daily_result_pdf
201106010505,2011,中山,1,5,5,2011-01-15,https://www.jra.go.jp/datafile/seiseki/report/2011/2011-1nakayama5.pdf,official_daily_result_pdf
201106010506,2011,中山,1,5,6,2011-01-15,https://www.jra.go.jp/datafile/seiseki/report/2011/2011-1nakayama5.pdf,official_daily_result_pdf
201106010507,2011,中山,1,5,7,2011-01-15,https://www.jra.go.jp/datafile/seiseki/report/2011/2011-1nakayama5.pdf,official_daily_result_pdf
201106010508,2011,中山,1,5,8,2011-01-15,https://www.jra.go.jp/datafile/seiseki/report/2011/2011-1nakayama5.pdf,official_daily_result_pdf
201106010509,2011,中山,1,5,9,2011-01-15,https://www.jra.go.jp/datafile/seiseki/report/2011/2011-1nakayama5.pdf,official_daily_result_pdf
201106010510,2011,中山,1,5,10,2011-01-15,https://www.jra.go.jp/datafile/seiseki/report/2011/2011-1nakayama5.pdf,official_daily_result_pdf
201106010511,2011,中山,1,5,11,2011-01-15,https://www.jra.go.jp/datafile/seiseki/report/2011/2011-1nakayama5.pdf,official_daily_result_pdf
201106010512,2011,中山,1,5,12,2011-01-15,https://www.jra.go.jp/datafile/seiseki/report/2011/2011-1nakayama5.pdf,official_daily_result_pdf
201106010601,2011,中山,1,6,1,2011-01-16,https://www.jra.go.jp/datafile/seiseki/report/2011/2011-1nakayama6.pdf,official_daily_result_pdf
201106010602,2011,中山,1,6,2,2011-01-16,https://www.jra.go.jp/datafile/seiseki/report/2011/2011-1nakayama6.pdf,official_daily_result_pdf
201106010603,2011,中山,1,6,3,2011-01-16,https://www.jra.go.jp/datafile/seiseki/report/2011/2011-1nakayama6.pdf,official_daily_result_pdf
201106010605,2011,中山,1,6,5,2011-01-16,https://www.jra.go.jp/datafile/seiseki/report/2011/2011-1nakayama6.pdf,official_daily_result_pdf
201106010606,2011,中山,1,6,6,2011-01-16,https://www.jra.go.jp/datafile/seiseki/report/2011/2011-1nakayama6.pdf,official_daily_result_pdf
201106010607,2011,中山,1,6,7,2011-01-16,https://www.jra.go.jp/datafile/seiseki/report/2011/2011-1nakayama6.pdf,official_daily_result_pdf
201106010608,2011,中山,1,6,8,2011-01-16,https://www.jra.go.jp/datafile/seiseki/report/2011/2011-1nakayama6.pdf,official_daily_result_pdf
201106010609,2011,中山,1,6,9,2011-01-16,https://www.jra.go.jp/datafile/seiseki/report/2011/2011-1nakayama6.pdf,official_daily_result_pdf
201106010610,2011,中山,1,6,10,2011-01-16,https://www.jra.go.jp/datafile/seiseki/report/2011/2011-1nakayama6.pdf,official_daily_result_pdf
201106010611,2011,中山,1,6,11,2011-01-16,https://www.jra.go.jp/datafile/seiseki/report/2011/2011-1nakayama6.pdf,official_daily_result_pdf
201106010612,2011,中山,1,6,12,2011-01-16,https://www.jra.go.jp/datafile/seiseki/report/2011/2011-1nakayama6.pdf,official_daily_result_pdf
201106010701,2011,中山,1,7,1,2011-01-22,https://www.jra.go.jp/datafile/seiseki/report/2011/2011-1nakayama7.pdf,official_daily_result_pdf
201106010702,2011,中山,1,7,2,2011-01-22,https://www.jra.go.jp/datafile/seiseki/report/2011/2011-1nakayama7.pdf,official_daily_result_pdf
201106010703,2011,中山,1,7,3,2011-01-22,https://www.jra.go.jp/datafile/seiseki/report/2011/2011-1nakayama7.pdf,official_daily_result_pdf
201106010704,2011,中山,1,7,4,2011-01-22,https://www.jra.go.jp/datafile/seiseki/report/2011/2011-1nakayama7.pdf,official_daily_result_pdf
201106010705,2011,中山,1,7,5,2011-01-22,https://www.jra.go.jp/datafile/seiseki/report/2011/2011-1nakayama7.pdf,official_daily_result_pdf
201106010706,2011,中山,1,7,6,2011-01-22,https://www.jra.go.jp/datafile/seiseki/report/2011/2011-1nakayama7.pdf,official_daily_result_pdf
201106010707,2011,中山,1,7,7,2011-01-22,https://www.jra.go.jp/datafile/seiseki/report/2011/2011-1nakayama7.pdf,official_daily_result_pdf
201106010708,2011,中山,1,7,8,2011-01-22,https://www.jra.go.jp/datafile/seiseki/report/2011/2011-1nakayama7.pdf,official_daily_result_pdf
201106010709,2011,中山,1,7,9,2011-01-22,https://www.jra.go.jp/datafile/seiseki/report/2011/2011-1nakayama7.pdf,official_daily_result_pdf
201106010710,2011,中山,1,7,10,2011-01-22,https://www.jra.go.jp/datafile/seiseki/report/2011/2011-1nakayama7.pdf,official_daily_result_pdf
201106010711,2011,中山,1,7,11,2011-01-22,https://www.jra.go.jp/datafile/seiseki/report/2011/2011-1nakayama7.pdf,official_daily_result_pdf
201106010712,2011,中山,1,7,12,2011-01-22,https://www.jra.go.jp/datafile/seiseki/report/2011/2011-1nakayama7.pdf,official_daily_result_pdf
201106010801,2011,中山,1,8,1,2011-01-23,https://www.jra.go.jp/datafile/seiseki/report/2011/2011-1nakayama8.pdf,official_daily_result_pdf
201106010802,2011,中山,1,8,2,2011-01-23,https://www.jra.go.jp/datafile/seiseki/report/2011/2011-1nakayama8.pdf,official_daily_result_pdf
201106010803,2011,中山,1,8,3,2011-01-23,https://www.jra.go.jp/datafile/seiseki/report/2011/2011-1nakayama8.pdf,official_daily_result_pdf
201106010804,2011,中山,1,8,4,2011-01-23,https://www.jra.go.jp/datafile/seiseki/report/2011/2011-1nakayama8.pdf,official_daily_result_pdf
201106010805,2011,中山,1,8,5,2011-01-23,https://www.jra.go.jp/datafile/seiseki/report/2011/2011-1nakayama8.pdf,official_daily_result_pdf
201106010806,2011,中山,1,8,6,2011-01-23,https://www.jra.go.jp/datafile/seiseki/report/2011/2011-1nakayama8.pdf,official_daily_result_pdf
201106010807,2011,中山,1,8,7,2011-01-23,https://www.jra.go.jp/datafile/seiseki/report/2011/2011-1nakayama8.pdf,official_daily_result_pdf
201106010808,2011,中山,1,8,8,2011-01-23,https://www.jra.go.jp/datafile/seiseki/report/2011/2011-1nakayama8.pdf,official_daily_result_pdf
201106010809,2011,中山,1,8,9,2011-01-23,https://www.jra.go.jp/datafile/seiseki/report/2011/2011-1nakayama8.pdf,official_daily_result_pdf
201106010810,2011,中山,1,8,10,2011-01-23,https://www.jra.go.jp/datafile/seiseki/report/2011/2011-1nakayama8.pdf,official_daily_result_pdf
201106010811,2011,中山,1,8,11,2011-01-23,https://www.jra.go.jp/datafile/seiseki/report/2011/2011-1nakayama8.pdf,official_daily_result_pdf
201106010812,2011,中山,1,8,12,2011-01-23,https://www.jra.go.jp/datafile/seiseki/report/2011/2011-1nakayama8.pdf,official_daily_result_pdf
201106020101,2011,中山,2,1,1,2011-02-26,https://www.jra.go.jp/datafile/seiseki/report/2011/2011-2nakayama1.pdf,official_daily_result_pdf
201106020102,2011,中山,2,1,2,2011-02-26,https://www.jra.go.jp/datafile/seiseki/report/2011/2011-2nakayama1.pdf,official_daily_result_pdf
201106020103,2011,中山,2,1,3,2011-02-26,https://www.jra.go.jp/datafile/seiseki/report/2011/2011-2nakayama1.pdf,official_daily_result_pdf
201106020104,2011,中山,2,1,4,2011-02-26,https://www.jra.go.jp/datafile/seiseki/report/2011/2011-2nakayama1.pdf,official_daily_result_pdf
201106020105,2011,中山,2,1,5,2011-02-26,https://www.jra.go.jp/datafile/seiseki/report/2011/2011-2nakayama1.pdf,official_daily_result_pdf
201106020106,2011,中山,2,1,6,2011-02-26,https://www.jra.go.jp/datafile/seiseki/report/2011/2011-2nakayama1.pdf,official_daily_result_pdf
201106020107,2011,中山,2,1,7,2011-02-26,https://www.jra.go.jp/datafile/seiseki/report/2011/2011-2nakayama1.pdf,official_daily_result_pdf
201106020108,2011,中山,2,1,8,2011-02-26,https://www.jra.go.jp/datafile/seiseki/report/2011/2011-2nakayama1.pdf,official_daily_result_pdf
201106020109,2011,中山,2,1,9,2011-02-26,https://www.jra.go.jp/datafile/seiseki/report/2011/2011-2nakayama1.pdf,official_daily_result_pdf
201106020110,2011,中山,2,1,10,2011-02-26,https://www.jra.go.jp/datafile/seiseki/report/2011/2011-2nakayama1.pdf,official_daily_result_pdf
201106020111,2011,中山,2,1,11,2011-02-26,https://www.jra.go.jp/datafile/seiseki/report/2011/2011-2nakayama1.pdf,official_daily_result_pdf
201106020112,2011,中山,2,1,12,2011-02-26,https://www.jra.go.jp/datafile/seiseki/report/2011/2011-2nakayama1.pdf,official_daily_result_pdf
201106020201,2011,中山,2,2,1,2011-02-27,https://www.jra.go.jp/datafile/seiseki/report/2011/2011-2nakayama2.pdf,official_daily_result_pdf
201106020202,2011,中山,2,2,2,2011-02-27,https://www.jra.go.jp/datafile/seiseki/report/2011/2011-2nakayama2.pdf,official_daily_result_pdf
201106020203,2011,中山,2,2,3,2011-02-27,https://www.jra.go.jp/datafile/seiseki/report/2011/2011-2nakayama2.pdf,official_daily_result_pdf
201106020204,2011,中山,2,2,4,2011-02-27,https://www.jra.go.jp/datafile/seiseki/report/2011/2011-2nakayama2.pdf,official_daily_result_pdf
201106020205,2011,中山,2,2,5,2011-02-27,https://www.jra.go.jp/datafile/seiseki/report/2011/2011-2nakayama2.pdf,official_daily_result_pdf
201106020206,2011,中山,2,2,6,2011-02-27,https://www.jra.go.jp/datafile/seiseki/report/2011/2011-2nakayama2.pdf,official_daily_result_pdf
201106020207,2011,中山,2,2,7,2011-02-27,https://www.jra.go.jp/datafile/seiseki/report/2011/2011-2nakayama2.pdf,official_daily_result_pdf
201106020208,2011,中山,2,2,8,2011-02-27,https://www.jra.go.jp/datafile/seiseki/report/2011/2011-2nakayama2.pdf,official_daily_result_pdf
201106020209,2011,中山,2,2,9,2011-02-27,https://www.jra.go.jp/datafile/seiseki/report/2011/2011-2nakayama2.pdf,official_daily_result_pdf
201106020210,2011,中山,2,2,10,2011-02-27,https://www.jra.go.jp/datafile/seiseki/report/2011/2011-2nakayama2.pdf,official_daily_result_pdf
201106020211,2011,中山,2,2,11,2011-02-27,https://www.jra.go.jp/datafile/seiseki/report/2011/2011-2nakayama2.pdf,official_daily_result_pdf
201106020212,2011,中山,2,2,12,2011-02-27,https://www.jra.go.jp/datafile/seiseki/report/2011/2011-2nakayama2.pdf,official_daily_result_pdf
201106020301,2011,中山,2,3,1,2011-03-05,https://www.jra.go.jp/datafile/seiseki/report/2011/2011-2nakayama3.pdf,official_daily_result_pdf
201106020302,2011,中山,2,3,2,2011-03-05,https://www.jra.go.jp/datafile/seiseki/report/2011/2011-2nakayama3.pdf,official_daily_result_pdf
201106020303,2011,中山,2,3,3,2011-03-05,https://www.jra.go.jp/datafile/seiseki/report/2011/2011-2nakayama3.pdf,official_daily_result_pdf
201106020304,2011,中山,2,3,4,2011-03-05,https://www.jra.go.jp/datafile/seiseki/report/2011/2011-2nakayama3.pdf,official_daily_result_pdf
201106020305,2011,中山,2,3,5,2011-03-05,https://www.jra.go.jp/datafile/seiseki/report/2011/2011-2nakayama3.pdf,official_daily_result_pdf
201106020306,2011,中山,2,3,6,2011-03-05,https://www.jra.go.jp/datafile/seiseki/report/2011/2011-2nakayama3.pdf,official_daily_result_pdf
201106020307,2011,中山,2,3,7,2011-03-05,https://www.jra.go.jp/datafile/seiseki/report/2011/2011-2nakayama3.pdf,official_daily_result_pdf
201106020308,2011,中山,2,3,8,2011-03-05,https://www.jra.go.jp/datafile/seiseki/report/2011/2011-2nakayama3.pdf,official_daily_result_pdf
201106020309,2011,中山,2,3,9,2011-03-05,https://www.jra.go.jp/datafile/seiseki/report/2011/2011-2nakayama3.pdf,official_daily_result_pdf
201106020310,2011,中山,2,3,10,2011-03-05,https://www.jra.go.jp/datafile/seiseki/report/2011/2011-2nakayama3.pdf,official_daily_result_pdf
201106020311,2011,中山,2,3,11,2011-03-05,https://www.jra.go.jp/datafile/seiseki/report/2011/2011-2nakayama3.pdf,official_daily_result_pdf
201106020312,2011,中山,2,3,12,2011-03-05,https://www.jra.go.jp/datafile/seiseki/report/2011/2011-2nakayama3.pdf,official_daily_result_pdf
201106020401,2011,中山,2,4,1,2011-03-06,https://www.jra.go.jp/datafile/seiseki/report/2011/2011-2nakayama4.pdf,official_daily_result_pdf
201106020402,2011,中山,2,4,2,2011-03-06,https://www.jra.go.jp/datafile/seiseki/report/2011/2011-2nakayama4.pdf,official_daily_result_pdf
201106020403,2011,中山,2,4,3,2011-03-06,https://www.jra.go.jp/datafile/seiseki/report/2011/2011-2nakayama4.pdf,official_daily_result_pdf
201106020404,2011,中山,2,4,4,2011-03-06,https://www.jra.go.jp/datafile/seiseki/report/2011/2011-2nakayama4.pdf,official_daily_result_pdf
201106020405,2011,中山,2,4,5,2011-03-06,https://www.jra.go.jp/datafile/seiseki/report/2011/2011-2nakayama4.pdf,official_daily_result_pdf
201106020406,2011,中山,2,4,6,2011-03-06,https://www.jra.go.jp/datafile/seiseki/report/2011/2011-2nakayama4.pdf,official_daily_result_pdf
201106020407,2011,中山,2,4,7,2011-03-06,https://www.jra.go.jp/datafile/seiseki/report/2011/2011-2nakayama4.pdf,official_daily_result_pdf
201106020408,2011,中山,2,4,8,2011-03-06,https://www.jra.go.jp/datafile/seiseki/report/2011/2011-2nakayama4.pdf,official_daily_result_pdf
201106020409,2011,中山,2,4,9,2011-03-06,https://www.jra.go.jp/datafile/seiseki/report/2011/2011-2nakayama4.pdf,official_daily_result_pdf
201106020410,2011,中山,2,4,10,2011-03-06,https://www.jra.go.jp/datafile/seiseki/report/2011/2011-2nakayama4.pdf,official_daily_result_pdf
201106020411,2011,中山,2,4,11,2011-03-06,https://www.jra.go.jp/datafile/seiseki/report/2011/2011-2nakayama4.pdf,official_daily_result_pdf
201106020412,2011,中山,2,4,12,2011-03-06,https://www.jra.go.jp/datafile/seiseki/report/2011/2011-2nakayama4.pdf,official_daily_result_pdf
201106030101,2011,中山,3,1,1,2011-06-18,https://www.jra.go.jp/datafile/seiseki/report/2011/2011-3nakayama1.pdf,official_daily_result_pdf
201106030102,2011,中山,3,1,2,2011-06-18,https://www.jra.go.jp/datafile/seiseki/report/2011/2011-3nakayama1.pdf,official_daily_result_pdf
201106030103,2011,中山,3,1,3,2011-06-18,https://www.jra.go.jp/datafile/seiseki/report/2011/2011-3nakayama1.pdf,official_daily_result_pdf
201106030104,2011,中山,3,1,4,2011-06-18,https://www.jra.go.jp/datafile/seiseki/report/2011/2011-3nakayama1.pdf,official_daily_result_pdf
201106030105,2011,中山,3,1,5,2011-06-18,https://www.jra.go.jp/datafile/seiseki/report/2011/2011-3nakayama1.pdf,official_daily_result_pdf
201106030106,2011,中山,3,1,6,2011-06-18,https://www.jra.go.jp/datafile/seiseki/report/2011/2011-3nakayama1.pdf,official_daily_result_pdf
201106030107,2011,中山,3,1,7,2011-06-18,https://www.jra.go.jp/datafile/seiseki/report/2011/2011-3nakayama1.pdf,official_daily_result_pdf
201106030108,2011,中山,3,1,8,2011-06-18,https://www.jra.go.jp/datafile/seiseki/report/2011/2011-3nakayama1.pdf,official_daily_result_pdf
201106030109,2011,中山,3,1,9,2011-06-18,https://www.jra.go.jp/datafile/seiseki/report/2011/2011-3nakayama1.pdf,official_daily_result_pdf
201106030110,2011,中山,3,1,10,2011-06-18,https://www.jra.go.jp/datafile/seiseki/report/2011/2011-3nakayama1.pdf,official_daily_result_pdf
201106030111,2011,中山,3,1,11,2011-06-18,https://www.jra.go.jp/datafile/seiseki/report/2011/2011-3nakayama1.pdf,official_daily_result_pdf
201106030112,2011,中山,3,1,12,2011-06-18,https://www.jra.go.jp/datafile/seiseki/report/2011/2011-3nakayama1.pdf,official_daily_result_pdf
201106030201,2011,中山,3,2,1,2011-06-19,https://www.jra.go.jp/datafile/seiseki/report/2011/2011-3nakayama2.pdf,official_daily_result_pdf
201106030202,2011,中山,3,2,2,2011-06-19,https://www.jra.go.jp/datafile/seiseki/report/2011/2011-3nakayama2.pdf,official_daily_result_pdf
201106030203,2011,中山,3,2,3,2011-06-19,https://www.jra.go.jp/datafile/seiseki/report/2011/2011-3nakayama2.pdf,official_daily_result_pdf
201106030204,2011,中山,3,2,4,2011-06-19,https://www.jra.go.jp/datafile/seiseki/report/2011/2011-3nakayama2.pdf,official_daily_result_pdf
201106030205,2011,中山,3,2,5,2011-06-19,https://www.jra.go.jp/datafile/seiseki/report/2011/2011-3nakayama2.pdf,official_daily_result_pdf
201106030206,2011,中山,3,2,6,2011-06-19,https://www.jra.go.jp/datafile/seiseki/report/2011/2011-3nakayama2.pdf,official_daily_result_pdf
201106030207,2011,中山,3,2,7,2011-06-19,https://www.jra.go.jp/datafile/seiseki/report/2011/2011-3nakayama2.pdf,official_daily_result_pdf
201106030208,2011,中山,3,2,8,2011-06-19,https://www.jra.go.jp/datafile/seiseki/report/2011/2011-3nakayama2.pdf,official_daily_result_pdf
201106030209,2011,中山,3,2,9,2011-06-19,https://www.jra.go.jp/datafile/seiseki/report/2011/2011-3nakayama2.pdf,official_daily_result_pdf
201106030210,2011,中山,3,2,10,2011-06-19,https://www.jra.go.jp/datafile/seiseki/report/2011/2011-3nakayama2.pdf,official_daily_result_pdf
201106030211,2011,中山,3,2,11,2011-06-19,https://www.jra.go.jp/datafile/seiseki/report/2011/2011-3nakayama2.pdf,official_daily_result_pdf
201106030212,2011,中山,3,2,12,2011-06-19,https://www.jra.go.jp/datafile/seiseki/report/2011/2011-3nakayama2.pdf,official_daily_result_pdf
201106030301,2011,中山,3,3,1,2011-06-25,https://www.jra.go.jp/datafile/seiseki/report/2011/2011-3nakayama3.pdf,official_daily_result_pdf
201106030302,2011,中山,3,3,2,2011-06-25,https://www.jra.go.jp/datafile/seiseki/report/2011/2011-3nakayama3.pdf,official_daily_result_pdf
201106030303,2011,中山,3,3,3,2011-06-25,https://www.jra.go.jp/datafile/seiseki/report/2011/2011-3nakayama3.pdf,official_daily_result_pdf
201106030304,2011,中山,3,3,4,2011-06-25,https://www.jra.go.jp/datafile/seiseki/report/2011/2011-3nakayama3.pdf,official_daily_result_pdf
201106030305,2011,中山,3,3,5,2011-06-25,https://www.jra.go.jp/datafile/seiseki/report/2011/2011-3nakayama3.pdf,official_daily_result_pdf
201106030306,2011,中山,3,3,6,2011-06-25,https://www.jra.go.jp/datafile/seiseki/report/2011/2011-3nakayama3.pdf,official_daily_result_pdf
201106030307,2011,中山,3,3,7,2011-06-25,https://www.jra.go.jp/datafile/seiseki/report/2011/2011-3nakayama3.pdf,official_daily_result_pdf
201106030308,2011,中山,3,3,8,2011-06-25,https://www.jra.go.jp/datafile/seiseki/report/2011/2011-3nakayama3.pdf,official_daily_result_pdf
201106030309,2011,中山,3,3,9,2011-06-25,https://www.jra.go.jp/datafile/seiseki/report/2011/2011-3nakayama3.pdf,official_daily_result_pdf
201106030310,2011,中山,3,3,10,2011-06-25,https://www.jra.go.jp/datafile/seiseki/report/2011/2011-3nakayama3.pdf,official_daily_result_pdf
201106030311,2011,中山,3,3,11,2011-06-25,https://www.jra.go.jp/datafile/seiseki/report/2011/2011-3nakayama3.pdf,official_daily_result_pdf
201106030312,2011,中山,3,3,12,2011-06-25,https://www.jra.go.jp/datafile/seiseki/report/2011/2011-3nakayama3.pdf,official_daily_result_pdf
201106030401,2011,中山,3,4,1,2011-06-26,https://www.jra.go.jp/datafile/seiseki/report/2011/2011-3nakayama4.pdf,official_daily_result_pdf
201106030402,2011,中山,3,4,2,2011-06-26,https://www.jra.go.jp/datafile/seiseki/report/2011/2011-3nakayama4.pdf,official_daily_result_pdf
201106030403,2011,中山,3,4,3,2011-06-26,https://www.jra.go.jp/datafile/seiseki/report/2011/2011-3nakayama4.pdf,official_daily_result_pdf
201106030404,2011,中山,3,4,4,2011-06-26,https://www.jra.go.jp/datafile/seiseki/report/2011/2011-3nakayama4.pdf,official_daily_result_pdf
201106030405,2011,中山,3,4,5,2011-06-26,https://www.jra.go.jp/datafile/seiseki/report/2011/2011-3nakayama4.pdf,official_daily_result_pdf
201106030406,2011,中山,3,4,6,2011-06-26,https://www.jra.go.jp/datafile/seiseki/report/2011/2011-3nakayama4.pdf,official_daily_result_pdf
201106030407,2011,中山,3,4,7,2011-06-26,https://www.jra.go.jp/datafile/seiseki/report/2011/2011-3nakayama4.pdf,official_daily_result_pdf
201106030408,2011,中山,3,4,8,2011-06-26,https://www.jra.go.jp/datafile/seiseki/report/2011/2011-3nakayama4.pdf,official_daily_result_pdf
201106030409,2011,中山,3,4,9,2011-06-26,https://www.jra.go.jp/datafile/seiseki/report/2011/2011-3nakayama4.pdf,official_daily_result_pdf
201106030410,2011,中山,3,4,10,2011-06-26,https://www.jra.go.jp/datafile/seiseki/report/2011/2011-3nakayama4.pdf,official_daily_result_pdf
201106030411,2011,中山,3,4,11,2011-06-26,https://www.jra.go.jp/datafile/seiseki/report/2011/2011-3nakayama4.pdf,official_daily_result_pdf
201106030412,2011,中山,3,4,12,2011-06-26,https://www.jra.go.jp/datafile/seiseki/report/2011/2011-3nakayama4.pdf,official_daily_result_pdf
201106030501,2011,中山,3,5,1,2011-07-02,https://www.jra.go.jp/datafile/seiseki/report/2011/2011-3nakayama5.pdf,official_daily_result_pdf
201106030502,2011,中山,3,5,2,2011-07-02,https://www.jra.go.jp/datafile/seiseki/report/2011/2011-3nakayama5.pdf,official_daily_result_pdf
201106030503,2011,中山,3,5,3,2011-07-02,https://www.jra.go.jp/datafile/seiseki/report/2011/2011-3nakayama5.pdf,official_daily_result_pdf
201106030504,2011,中山,3,5,4,2011-07-02,https://www.jra.go.jp/datafile/seiseki/report/2011/2011-3nakayama5.pdf,official_daily_result_pdf
201106030505,2011,中山,3,5,5,2011-07-02,https://www.jra.go.jp/datafile/seiseki/report/2011/2011-3nakayama5.pdf,official_daily_result_pdf
201106030506,2011,中山,3,5,6,2011-07-02,https://www.jra.go.jp/datafile/seiseki/report/2011/2011-3nakayama5.pdf,official_daily_result_pdf
201106030507,2011,中山,3,5,7,2011-07-02,https://www.jra.go.jp/datafile/seiseki/report/2011/2011-3nakayama5.pdf,official_daily_result_pdf
201106030508,2011,中山,3,5,8,2011-07-02,https://www.jra.go.jp/datafile/seiseki/report/2011/2011-3nakayama5.pdf,official_daily_result_pdf
201106030509,2011,中山,3,5,9,2011-07-02,https://www.jra.go.jp/datafile/seiseki/report/2011/2011-3nakayama5.pdf,official_daily_result_pdf
201106030510,2011,中山,3,5,10,2011-07-02,https://www.jra.go.jp/datafile/seiseki/report/2011/2011-3nakayama5.pdf,official_daily_result_pdf
201106030511,2011,中山,3,5,11,2011-07-02,https://www.jra.go.jp/datafile/seiseki/report/2011/2011-3nakayama5.pdf,official_daily_result_pdf
201106030512,2011,中山,3,5,12,2011-07-02,https://www.jra.go.jp/datafile/seiseki/report/2011/2011-3nakayama5.pdf,official_daily_result_pdf
201106030601,2011,中山,3,6,1,2011-07-03,https://www.jra.go.jp/datafile/seiseki/report/2011/2011-3nakayama6.pdf,official_daily_result_pdf
201106030602,2011,中山,3,6,2,2011-07-03,https://www.jra.go.jp/datafile/seiseki/report/2011/2011-3nakayama6.pdf,official_daily_result_pdf
201106030603,2011,中山,3,6,3,2011-07-03,https://www.jra.go.jp/datafile/seiseki/report/2011/2011-3nakayama6.pdf,official_daily_result_pdf
201106030604,2011,中山,3,6,4,2011-07-03,https://www.jra.go.jp/datafile/seiseki/report/2011/2011-3nakayama6.pdf,official_daily_result_pdf
201106030605,2011,中山,3,6,5,2011-07-03,https://www.jra.go.jp/datafile/seiseki/report/2011/2011-3nakayama6.pdf,official_daily_result_pdf
201106030606,2011,中山,3,6,6,2011-07-03,https://www.jra.go.jp/datafile/seiseki/report/2011/2011-3nakayama6.pdf,official_daily_result_pdf
201106030607,2011,中山,3,6,7,2011-07-03,https://www.jra.go.jp/datafile/seiseki/report/2011/2011-3nakayama6.pdf,official_daily_result_pdf
201106030608,2011,中山,3,6,8,2011-07-03,https://www.jra.go.jp/datafile/seiseki/report/2011/2011-3nakayama6.pdf,official_daily_result_pdf
201106030609,2011,中山,3,6,9,2011-07-03,https://www.jra.go.jp/datafile/seiseki/report/2011/2011-3nakayama6.pdf,official_daily_result_pdf
201106030610,2011,中山,3,6,10,2011-07-03,https://www.jra.go.jp/datafile/seiseki/report/2011/2011-3nakayama6.pdf,official_daily_result_pdf
201106030611,2011,中山,3,6,11,2011-07-03,https://www.jra.go.jp/datafile/seiseki/report/2011/2011-3nakayama6.pdf,official_daily_result_pdf
201106030612,2011,中山,3,6,12,2011-07-03,https://www.jra.go.jp/datafile/seiseki/report/2011/2011-3nakayama6.pdf,official_daily_result_pdf
201106030701,2011,中山,3,7,1,2011-07-09,https://www.jra.go.jp/datafile/seiseki/report/2011/2011-3nakayama7.pdf,official_daily_result_pdf
201106030702,2011,中山,3,7,2,2011-07-09,https://www.jra.go.jp/datafile/seiseki/report/2011/2011-3nakayama7.pdf,official_daily_result_pdf
201106030703,2011,中山,3,7,3,2011-07-09,https://www.jra.go.jp/datafile/seiseki/report/2011/2011-3nakayama7.pdf,official_daily_result_pdf
201106030704,2011,中山,3,7,4,2011-07-09,https://www.jra.go.jp/datafile/seiseki/report/2011/2011-3nakayama7.pdf,official_daily_result_pdf
201106030705,2011,中山,3,7,5,2011-07-09,https://www.jra.go.jp/datafile/seiseki/report/2011/2011-3nakayama7.pdf,official_daily_result_pdf
201106030706,2011,中山,3,7,6,2011-07-09,https://www.jra.go.jp/datafile/seiseki/report/2011/2011-3nakayama7.pdf,official_daily_result_pdf
201106030707,2011,中山,3,7,7,2011-07-09,https://www.jra.go.jp/datafile/seiseki/report/2011/2011-3nakayama7.pdf,official_daily_result_pdf
201106030708,2011,中山,3,7,8,2011-07-09,https://www.jra.go.jp/datafile/seiseki/report/2011/2011-3nakayama7.pdf,official_daily_result_pdf
201106030709,2011,中山,3,7,9,2011-07-09,https://www.jra.go.jp/datafile/seiseki/report/2011/2011-3nakayama7.pdf,official_daily_result_pdf
201106030710,2011,中山,3,7,10,2011-07-09,https://www.jra.go.jp/datafile/seiseki/report/2011/2011-3nakayama7.pdf,official_daily_result_pdf
201106030711,2011,中山,3,7,11,2011-07-09,https://www.jra.go.jp/datafile/seiseki/report/2011/2011-3nakayama7.pdf,official_daily_result_pdf
201106030712,2011,中山,3,7,12,2011-07-09,https://www.jra.go.jp/datafile/seiseki/report/2011/2011-3nakayama7.pdf,official_daily_result_pdf
201106030801,2011,中山,3,8,1,2011-07-10,https://www.jra.go.jp/datafile/seiseki/report/2011/2011-3nakayama8.pdf,official_daily_result_pdf
201106030802,2011,中山,3,8,2,2011-07-10,https://www.jra.go.jp/datafile/seiseki/report/2011/2011-3nakayama8.pdf,official_daily_result_pdf
201106030803,2011,中山,3,8,3,2011-07-10,https://www.jra.go.jp/datafile/seiseki/report/2011/2011-3nakayama8.pdf,official_daily_result_pdf
201106030804,2011,中山,3,8,4,2011-07-10,https://www.jra.go.jp/datafile/seiseki/report/2011/2011-3nakayama8.pdf,official_daily_result_pdf
201106030805,2011,中山,3,8,5,2011-07-10,https://www.jra.go.jp/datafile/seiseki/report/2011/2011-3nakayama8.pdf,official_daily_result_pdf
201106030806,2011,中山,3,8,6,2011-07-10,https://www.jra.go.jp/datafile/seiseki/report/2011/2011-3nakayama8.pdf,official_daily_result_pdf
201106030807,2011,中山,3,8,7,2011-07-10,https://www.jra.go.jp/datafile/seiseki/report/2011/2011-3nakayama8.pdf,official_daily_result_pdf
201106030808,2011,中山,3,8,8,2011-07-10,https://www.jra.go.jp/datafile/seiseki/report/2011/2011-3nakayama8.pdf,official_daily_result_pdf
201106030809,2011,中山,3,8,9,2011-07-10,https://www.jra.go.jp/datafile/seiseki/report/2011/2011-3nakayama8.pdf,official_daily_result_pdf
201106030810,2011,中山,3,8,10,2011-07-10,https://www.jra.go.jp/datafile/seiseki/report/2011/2011-3nakayama8.pdf,official_daily_result_pdf
201106030811,2011,中山,3,8,11,2011-07-10,https://www.jra.go.jp/datafile/seiseki/report/2011/2011-3nakayama8.pdf,official_daily_result_pdf
201106030812,2011,中山,3,8,12,2011-07-10,https://www.jra.go.jp/datafile/seiseki/report/2011/2011-3nakayama8.pdf,official_daily_result_pdf
201106040101,2011,中山,4,1,1,2011-09-10,https://www.jra.go.jp/datafile/seiseki/report/2011/2011-4nakayama1.pdf,official_daily_result_pdf
201106040102,2011,中山,4,1,2,2011-09-10,https://www.jra.go.jp/datafile/seiseki/report/2011/2011-4nakayama1.pdf,official_daily_result_pdf
201106040103,2011,中山,4,1,3,2011-09-10,https://www.jra.go.jp/datafile/seiseki/report/2011/2011-4nakayama1.pdf,official_daily_result_pdf
201106040104,2011,中山,4,1,4,2011-09-10,https://www.jra.go.jp/datafile/seiseki/report/2011/2011-4nakayama1.pdf,official_daily_result_pdf
201106040105,2011,中山,4,1,5,2011-09-10,https://www.jra.go.jp/datafile/seiseki/report/2011/2011-4nakayama1.pdf,official_daily_result_pdf
201106040106,2011,中山,4,1,6,2011-09-10,https://www.jra.go.jp/datafile/seiseki/report/2011/2011-4nakayama1.pdf,official_daily_result_pdf
201106040107,2011,中山,4,1,7,2011-09-10,https://www.jra.go.jp/datafile/seiseki/report/2011/2011-4nakayama1.pdf,official_daily_result_pdf
201106040108,2011,中山,4,1,8,2011-09-10,https://www.jra.go.jp/datafile/seiseki/report/2011/2011-4nakayama1.pdf,official_daily_result_pdf
201106040109,2011,中山,4,1,9,2011-09-10,https://www.jra.go.jp/datafile/seiseki/report/2011/2011-4nakayama1.pdf,official_daily_result_pdf
201106040110,2011,中山,4,1,10,2011-09-10,https://www.jra.go.jp/datafile/seiseki/report/2011/2011-4nakayama1.pdf,official_daily_result_pdf
201106040111,2011,中山,4,1,11,2011-09-10,https://www.jra.go.jp/datafile/seiseki/report/2011/2011-4nakayama1.pdf,official_daily_result_pdf
201106040112,2011,中山,4,1,12,2011-09-10,https://www.jra.go.jp/datafile/seiseki/report/2011/2011-4nakayama1.pdf,official_daily_result_pdf
201106040201,2011,中山,4,2,1,2011-09-11,https://www.jra.go.jp/datafile/seiseki/report/2011/2011-4nakayama2.pdf,official_daily_result_pdf
201106040202,2011,中山,4,2,2,2011-09-11,https://www.jra.go.jp/datafile/seiseki/report/2011/2011-4nakayama2.pdf,official_daily_result_pdf
201106040203,2011,中山,4,2,3,2011-09-11,https://www.jra.go.jp/datafile/seiseki/report/2011/2011-4nakayama2.pdf,official_daily_result_pdf
201106040204,2011,中山,4,2,4,2011-09-11,https://www.jra.go.jp/datafile/seiseki/report/2011/2011-4nakayama2.pdf,official_daily_result_pdf
201106040205,2011,中山,4,2,5,2011-09-11,https://www.jra.go.jp/datafile/seiseki/report/2011/2011-4nakayama2.pdf,official_daily_result_pdf
201106040206,2011,中山,4,2,6,2011-09-11,https://www.jra.go.jp/datafile/seiseki/report/2011/2011-4nakayama2.pdf,official_daily_result_pdf
201106040207,2011,中山,4,2,7,2011-09-11,https://www.jra.go.jp/datafile/seiseki/report/2011/2011-4nakayama2.pdf,official_daily_result_pdf
201106040208,2011,中山,4,2,8,2011-09-11,https://www.jra.go.jp/datafile/seiseki/report/2011/2011-4nakayama2.pdf,official_daily_result_pdf
201106040209,2011,中山,4,2,9,2011-09-11,https://www.jra.go.jp/datafile/seiseki/report/2011/2011-4nakayama2.pdf,official_daily_result_pdf
201106040210,2011,中山,4,2,10,2011-09-11,https://www.jra.go.jp/datafile/seiseki/report/2011/2011-4nakayama2.pdf,official_daily_result_pdf
201106040211,2011,中山,4,2,11,2011-09-11,https://www.jra.go.jp/datafile/seiseki/report/2011/2011-4nakayama2.pdf,official_daily_result_pdf
201106040212,2011,中山,4,2,12,2011-09-11,https://www.jra.go.jp/datafile/seiseki/report/2011/2011-4nakayama2.pdf,official_daily_result_pdf
201106040301,2011,中山,4,3,1,2011-09-17,https://www.jra.go.jp/datafile/seiseki/report/2011/2011-4nakayama3.pdf,official_daily_result_pdf
201106040302,2011,中山,4,3,2,2011-09-17,https://www.jra.go.jp/datafile/seiseki/report/2011/2011-4nakayama3.pdf,official_daily_result_pdf
201106040303,2011,中山,4,3,3,2011-09-17,https://www.jra.go.jp/datafile/seiseki/report/2011/2011-4nakayama3.pdf,official_daily_result_pdf
201106040304,2011,中山,4,3,4,2011-09-17,https://www.jra.go.jp/datafile/seiseki/report/2011/2011-4nakayama3.pdf,official_daily_result_pdf
201106040305,2011,中山,4,3,5,2011-09-17,https://www.jra.go.jp/datafile/seiseki/report/2011/2011-4nakayama3.pdf,official_daily_result_pdf
201106040306,2011,中山,4,3,6,2011-09-17,https://www.jra.go.jp/datafile/seiseki/report/2011/2011-4nakayama3.pdf,official_daily_result_pdf
201106040307,2011,中山,4,3,7,2011-09-17,https://www.jra.go.jp/datafile/seiseki/report/2011/2011-4nakayama3.pdf,official_daily_result_pdf
201106040308,2011,中山,4,3,8,2011-09-17,https://www.jra.go.jp/datafile/seiseki/report/2011/2011-4nakayama3.pdf,official_daily_result_pdf
201106040309,2011,中山,4,3,9,2011-09-17,https://www.jra.go.jp/datafile/seiseki/report/2011/2011-4nakayama3.pdf,official_daily_result_pdf
201106040310,2011,中山,4,3,10,2011-09-17,https://www.jra.go.jp/datafile/seiseki/report/2011/2011-4nakayama3.pdf,official_daily_result_pdf
201106040311,2011,中山,4,3,11,2011-09-17,https://www.jra.go.jp/datafile/seiseki/report/2011/2011-4nakayama3.pdf,official_daily_result_pdf
201106040312,2011,中山,4,3,12,2011-09-17,https://www.jra.go.jp/datafile/seiseki/report/2011/2011-4nakayama3.pdf,official_daily_result_pdf
201106040401,2011,中山,4,4,1,2011-09-18,https://www.jra.go.jp/datafile/seiseki/report/2011/2011-4nakayama4.pdf,official_daily_result_pdf
201106040402,2011,中山,4,4,2,2011-09-18,https://www.jra.go.jp/datafile/seiseki/report/2011/2011-4nakayama4.pdf,official_daily_result_pdf
201106040403,2011,中山,4,4,3,2011-09-18,https://www.jra.go.jp/datafile/seiseki/report/2011/2011-4nakayama4.pdf,official_daily_result_pdf
201106040404,2011,中山,4,4,4,2011-09-18,https://www.jra.go.jp/datafile/seiseki/report/2011/2011-4nakayama4.pdf,official_daily_result_pdf
201106040405,2011,中山,4,4,5,2011-09-18,https://www.jra.go.jp/datafile/seiseki/report/2011/2011-4nakayama4.pdf,official_daily_result_pdf
201106040406,2011,中山,4,4,6,2011-09-18,https://www.jra.go.jp/datafile/seiseki/report/2011/2011-4nakayama4.pdf,official_daily_result_pdf
201106040407,2011,中山,4,4,7,2011-09-18,https://www.jra.go.jp/datafile/seiseki/report/2011/2011-4nakayama4.pdf,official_daily_result_pdf
201106040408,2011,中山,4,4,8,2011-09-18,https://www.jra.go.jp/datafile/seiseki/report/2011/2011-4nakayama4.pdf,official_daily_result_pdf
201106040409,2011,中山,4,4,9,2011-09-18,https://www.jra.go.jp/datafile/seiseki/report/2011/2011-4nakayama4.pdf,official_daily_result_pdf
201106040410,2011,中山,4,4,10,2011-09-18,https://www.jra.go.jp/datafile/seiseki/report/2011/2011-4nakayama4.pdf,official_daily_result_pdf
201106040411,2011,中山,4,4,11,2011-09-18,https://www.jra.go.jp/datafile/seiseki/report/2011/2011-4nakayama4.pdf,official_daily_result_pdf
201106040412,2011,中山,4,4,12,2011-09-18,https://www.jra.go.jp/datafile/seiseki/report/2011/2011-4nakayama4.pdf,official_daily_result_pdf
201106040501,2011,中山,4,5,1,2011-09-24,https://www.jra.go.jp/datafile/seiseki/report/2011/2011-4nakayama5.pdf,official_daily_result_pdf
201106040502,2011,中山,4,5,2,2011-09-24,https://www.jra.go.jp/datafile/seiseki/report/2011/2011-4nakayama5.pdf,official_daily_result_pdf
201106040503,2011,中山,4,5,3,2011-09-24,https://www.jra.go.jp/datafile/seiseki/report/2011/2011-4nakayama5.pdf,official_daily_result_pdf
201106040504,2011,中山,4,5,4,2011-09-24,https://www.jra.go.jp/datafile/seiseki/report/2011/2011-4nakayama5.pdf,official_daily_result_pdf
201106040505,2011,中山,4,5,5,2011-09-24,https://www.jra.go.jp/datafile/seiseki/report/2011/2011-4nakayama5.pdf,official_daily_result_pdf
201106040506,2011,中山,4,5,6,2011-09-24,https://www.jra.go.jp/datafile/seiseki/report/2011/2011-4nakayama5.pdf,official_daily_result_pdf
201106040507,2011,中山,4,5,7,2011-09-24,https://www.jra.go.jp/datafile/seiseki/report/2011/2011-4nakayama5.pdf,official_daily_result_pdf
201106040508,2011,中山,4,5,8,2011-09-24,https://www.jra.go.jp/datafile/seiseki/report/2011/2011-4nakayama5.pdf,official_daily_result_pdf
201106040509,2011,中山,4,5,9,2011-09-24,https://www.jra.go.jp/datafile/seiseki/report/2011/2011-4nakayama5.pdf,official_daily_result_pdf
201106040510,2011,中山,4,5,10,2011-09-24,https://www.jra.go.jp/datafile/seiseki/report/2011/2011-4nakayama5.pdf,official_daily_result_pdf
201106040511,2011,中山,4,5,11,2011-09-24,https://www.jra.go.jp/datafile/seiseki/report/2011/2011-4nakayama5.pdf,official_daily_result_pdf
201106040512,2011,中山,4,5,12,2011-09-24,https://www.jra.go.jp/datafile/seiseki/report/2011/2011-4nakayama5.pdf,official_daily_result_pdf
201106040601,2011,中山,4,6,1,2011-09-25,https://www.jra.go.jp/datafile/seiseki/report/2011/2011-4nakayama6.pdf,official_daily_result_pdf
201106040602,2011,中山,4,6,2,2011-09-25,https://www.jra.go.jp/datafile/seiseki/report/2011/2011-4nakayama6.pdf,official_daily_result_pdf
201106040603,2011,中山,4,6,3,2011-09-25,https://www.jra.go.jp/datafile/seiseki/report/2011/2011-4nakayama6.pdf,official_daily_result_pdf
201106040604,2011,中山,4,6,4,2011-09-25,https://www.jra.go.jp/datafile/seiseki/report/2011/2011-4nakayama6.pdf,official_daily_result_pdf
201106040605,2011,中山,4,6,5,2011-09-25,https://www.jra.go.jp/datafile/seiseki/report/2011/2011-4nakayama6.pdf,official_daily_result_pdf
201106040606,2011,中山,4,6,6,2011-09-25,https://www.jra.go.jp/datafile/seiseki/report/2011/2011-4nakayama6.pdf,official_daily_result_pdf
201106040607,2011,中山,4,6,7,2011-09-25,https://www.jra.go.jp/datafile/seiseki/report/2011/2011-4nakayama6.pdf,official_daily_result_pdf
201106040608,2011,中山,4,6,8,2011-09-25,https://www.jra.go.jp/datafile/seiseki/report/2011/2011-4nakayama6.pdf,official_daily_result_pdf
201106040609,2011,中山,4,6,9,2011-09-25,https://www.jra.go.jp/datafile/seiseki/report/2011/2011-4nakayama6.pdf,official_daily_result_pdf
201106040610,2011,中山,4,6,10,2011-09-25,https://www.jra.go.jp/datafile/seiseki/report/2011/2011-4nakayama6.pdf,official_daily_result_pdf
201106040611,2011,中山,4,6,11,2011-09-25,https://www.jra.go.jp/datafile/seiseki/report/2011/2011-4nakayama6.pdf,official_daily_result_pdf
201106040612,2011,中山,4,6,12,2011-09-25,https://www.jra.go.jp/datafile/seiseki/report/2011/2011-4nakayama6.pdf,official_daily_result_pdf
201106040701,2011,中山,4,7,1,2011-10-01,https://www.jra.go.jp/datafile/seiseki/report/2011/2011-4nakayama7.pdf,official_daily_result_pdf
201106040702,2011,中山,4,7,2,2011-10-01,https://www.jra.go.jp/datafile/seiseki/report/2011/2011-4nakayama7.pdf,official_daily_result_pdf
201106040703,2011,中山,4,7,3,2011-10-01,https://www.jra.go.jp/datafile/seiseki/report/2011/2011-4nakayama7.pdf,official_daily_result_pdf
201106040704,2011,中山,4,7,4,2011-10-01,https://www.jra.go.jp/datafile/seiseki/report/2011/2011-4nakayama7.pdf,official_daily_result_pdf
201106040705,2011,中山,4,7,5,2011-10-01,https://www.jra.go.jp/datafile/seiseki/report/2011/2011-4nakayama7.pdf,official_daily_result_pdf
201106040706,2011,中山,4,7,6,2011-10-01,https://www.jra.go.jp/datafile/seiseki/report/2011/2011-4nakayama7.pdf,official_daily_result_pdf
201106040707,2011,中山,4,7,7,2011-10-01,https://www.jra.go.jp/datafile/seiseki/report/2011/2011-4nakayama7.pdf,official_daily_result_pdf
201106040708,2011,中山,4,7,8,2011-10-01,https://www.jra.go.jp/datafile/seiseki/report/2011/2011-4nakayama7.pdf,official_daily_result_pdf
201106040709,2011,中山,4,7,9,2011-10-01,https://www.jra.go.jp/datafile/seiseki/report/2011/2011-4nakayama7.pdf,official_daily_result_pdf
201106040710,2011,中山,4,7,10,2011-10-01,https://www.jra.go.jp/datafile/seiseki/report/2011/2011-4nakayama7.pdf,official_daily_result_pdf
201106040711,2011,中山,4,7,11,2011-10-01,https://www.jra.go.jp/datafile/seiseki/report/2011/2011-4nakayama7.pdf,official_daily_result_pdf
201106040712,2011,中山,4,7,12,2011-10-01,https://www.jra.go.jp/datafile/seiseki/report/2011/2011-4nakayama7.pdf,official_daily_result_pdf
201106040801,2011,中山,4,8,1,2011-10-02,https://www.jra.go.jp/datafile/seiseki/report/2011/2011-4nakayama8.pdf,official_daily_result_pdf
201106040802,2011,中山,4,8,2,2011-10-02,https://www.jra.go.jp/datafile/seiseki/report/2011/2011-4nakayama8.pdf,official_daily_result_pdf
201106040803,2011,中山,4,8,3,2011-10-02,https://www.jra.go.jp/datafile/seiseki/report/2011/2011-4nakayama8.pdf,official_daily_result_pdf
201106040804,2011,中山,4,8,4,2011-10-02,https://www.jra.go.jp/datafile/seiseki/report/2011/2011-4nakayama8.pdf,official_daily_result_pdf
201106040805,2011,中山,4,8,5,2011-10-02,https://www.jra.go.jp/datafile/seiseki/report/2011/2011-4nakayama8.pdf,official_daily_result_pdf
201106040806,2011,中山,4,8,6,2011-10-02,https://www.jra.go.jp/datafile/seiseki/report/2011/2011-4nakayama8.pdf,official_daily_result_pdf
201106040807,2011,中山,4,8,7,2011-10-02,https://www.jra.go.jp/datafile/seiseki/report/2011/2011-4nakayama8.pdf,official_daily_result_pdf
201106040808,2011,中山,4,8,8,2011-10-02,https://www.jra.go.jp/datafile/seiseki/report/2011/2011-4nakayama8.pdf,official_daily_result_pdf
201106040809,2011,中山,4,8,9,2011-10-02,https://www.jra.go.jp/datafile/seiseki/report/2011/2011-4nakayama8.pdf,official_daily_result_pdf
201106040810,2011,中山,4,8,10,2011-10-02,https://www.jra.go.jp/datafile/seiseki/report/2011/2011-4nakayama8.pdf,official_daily_result_pdf
201106040811,2011,中山,4,8,11,2011-10-02,https://www.jra.go.jp/datafile/seiseki/report/2011/2011-4nakayama8.pdf,official_daily_result_pdf
201106040812,2011,中山,4,8,12,2011-10-02,https://www.jra.go.jp/datafile/seiseki/report/2011/2011-4nakayama8.pdf,official_daily_result_pdf
201106050101,2011,中山,5,1,1,2011-12-03,https://www.jra.go.jp/datafile/seiseki/report/2011/2011-5nakayama1.pdf,official_daily_result_pdf
201106050102,2011,中山,5,1,2,2011-12-03,https://www.jra.go.jp/datafile/seiseki/report/2011/2011-5nakayama1.pdf,official_daily_result_pdf
201106050103,2011,中山,5,1,3,2011-12-03,https://www.jra.go.jp/datafile/seiseki/report/2011/2011-5nakayama1.pdf,official_daily_result_pdf
201106050104,2011,中山,5,1,4,2011-12-03,https://www.jra.go.jp/datafile/seiseki/report/2011/2011-5nakayama1.pdf,official_daily_result_pdf
201106050105,2011,中山,5,1,5,2011-12-03,https://www.jra.go.jp/datafile/seiseki/report/2011/2011-5nakayama1.pdf,official_daily_result_pdf
201106050106,2011,中山,5,1,6,2011-12-03,https://www.jra.go.jp/datafile/seiseki/report/2011/2011-5nakayama1.pdf,official_daily_result_pdf
201106050107,2011,中山,5,1,7,2011-12-03,https://www.jra.go.jp/datafile/seiseki/report/2011/2011-5nakayama1.pdf,official_daily_result_pdf
201106050108,2011,中山,5,1,8,2011-12-03,https://www.jra.go.jp/datafile/seiseki/report/2011/2011-5nakayama1.pdf,official_daily_result_pdf
201106050109,2011,中山,5,1,9,2011-12-03,https://www.jra.go.jp/datafile/seiseki/report/2011/2011-5nakayama1.pdf,official_daily_result_pdf
201106050110,2011,中山,5,1,10,2011-12-03,https://www.jra.go.jp/datafile/seiseki/report/2011/2011-5nakayama1.pdf,official_daily_result_pdf
201106050111,2011,中山,5,1,11,2011-12-03,https://www.jra.go.jp/datafile/seiseki/report/2011/2011-5nakayama1.pdf,official_daily_result_pdf
201106050112,2011,中山,5,1,12,2011-12-03,https://www.jra.go.jp/datafile/seiseki/report/2011/2011-5nakayama1.pdf,official_daily_result_pdf
201106050201,2011,中山,5,2,1,2011-12-04,https://www.jra.go.jp/datafile/seiseki/report/2011/2011-5nakayama2.pdf,official_daily_result_pdf
201106050202,2011,中山,5,2,2,2011-12-04,https://www.jra.go.jp/datafile/seiseki/report/2011/2011-5nakayama2.pdf,official_daily_result_pdf
201106050203,2011,中山,5,2,3,2011-12-04,https://www.jra.go.jp/datafile/seiseki/report/2011/2011-5nakayama2.pdf,official_daily_result_pdf
201106050204,2011,中山,5,2,4,2011-12-04,https://www.jra.go.jp/datafile/seiseki/report/2011/2011-5nakayama2.pdf,official_daily_result_pdf
201106050205,2011,中山,5,2,5,2011-12-04,https://www.jra.go.jp/datafile/seiseki/report/2011/2011-5nakayama2.pdf,official_daily_result_pdf
201106050206,2011,中山,5,2,6,2011-12-04,https://www.jra.go.jp/datafile/seiseki/report/2011/2011-5nakayama2.pdf,official_daily_result_pdf
201106050207,2011,中山,5,2,7,2011-12-04,https://www.jra.go.jp/datafile/seiseki/report/2011/2011-5nakayama2.pdf,official_daily_result_pdf
201106050208,2011,中山,5,2,8,2011-12-04,https://www.jra.go.jp/datafile/seiseki/report/2011/2011-5nakayama2.pdf,official_daily_result_pdf
201106050209,2011,中山,5,2,9,2011-12-04,https://www.jra.go.jp/datafile/seiseki/report/2011/2011-5nakayama2.pdf,official_daily_result_pdf
201106050210,2011,中山,5,2,10,2011-12-04,https://www.jra.go.jp/datafile/seiseki/report/2011/2011-5nakayama2.pdf,official_daily_result_pdf
201106050211,2011,中山,5,2,11,2011-12-04,https://www.jra.go.jp/datafile/seiseki/report/2011/2011-5nakayama2.pdf,official_daily_result_pdf
201106050212,2011,中山,5,2,12,2011-12-04,https://www.jra.go.jp/datafile/seiseki/report/2011/2011-5nakayama2.pdf,official_daily_result_pdf
201106050301,2011,中山,5,3,1,2011-12-10,https://www.jra.go.jp/datafile/seiseki/report/2011/2011-5nakayama3.pdf,official_daily_result_pdf
201106050302,2011,中山,5,3,2,2011-12-10,https://www.jra.go.jp/datafile/seiseki/report/2011/2011-5nakayama3.pdf,official_daily_result_pdf
201106050303,2011,中山,5,3,3,2011-12-10,https://www.jra.go.jp/datafile/seiseki/report/2011/2011-5nakayama3.pdf,official_daily_result_pdf
201106050304,2011,中山,5,3,4,2011-12-10,https://www.jra.go.jp/datafile/seiseki/report/2011/2011-5nakayama3.pdf,official_daily_result_pdf
201106050305,2011,中山,5,3,5,2011-12-10,https://www.jra.go.jp/datafile/seiseki/report/2011/2011-5nakayama3.pdf,official_daily_result_pdf
201106050306,2011,中山,5,3,6,2011-12-10,https://www.jra.go.jp/datafile/seiseki/report/2011/2011-5nakayama3.pdf,official_daily_result_pdf
201106050307,2011,中山,5,3,7,2011-12-10,https://www.jra.go.jp/datafile/seiseki/report/2011/2011-5nakayama3.pdf,official_daily_result_pdf
201106050308,2011,中山,5,3,8,2011-12-10,https://www.jra.go.jp/datafile/seiseki/report/2011/2011-5nakayama3.pdf,official_daily_result_pdf
201106050309,2011,中山,5,3,9,2011-12-10,https://www.jra.go.jp/datafile/seiseki/report/2011/2011-5nakayama3.pdf,official_daily_result_pdf
201106050310,2011,中山,5,3,10,2011-12-10,https://www.jra.go.jp/datafile/seiseki/report/2011/2011-5nakayama3.pdf,official_daily_result_pdf
201106050311,2011,中山,5,3,11,2011-12-10,https://www.jra.go.jp/datafile/seiseki/report/2011/2011-5nakayama3.pdf,official_daily_result_pdf
201106050312,2011,中山,5,3,12,2011-12-10,https://www.jra.go.jp/datafile/seiseki/report/2011/2011-5nakayama3.pdf,official_daily_result_pdf
201106050401,2011,中山,5,4,1,2011-12-11,https://www.jra.go.jp/datafile/seiseki/report/2011/2011-5nakayama4.pdf,official_daily_result_pdf
201106050402,2011,中山,5,4,2,2011-12-11,https://www.jra.go.jp/datafile/seiseki/report/2011/2011-5nakayama4.pdf,official_daily_result_pdf
201106050403,2011,中山,5,4,3,2011-12-11,https://www.jra.go.jp/datafile/seiseki/report/2011/2011-5nakayama4.pdf,official_daily_result_pdf
201106050404,2011,中山,5,4,4,2011-12-11,https://www.jra.go.jp/datafile/seiseki/report/2011/2011-5nakayama4.pdf,official_daily_result_pdf
201106050405,2011,中山,5,4,5,2011-12-11,https://www.jra.go.jp/datafile/seiseki/report/2011/2011-5nakayama4.pdf,official_daily_result_pdf
201106050406,2011,中山,5,4,6,2011-12-11,https://www.jra.go.jp/datafile/seiseki/report/2011/2011-5nakayama4.pdf,official_daily_result_pdf
201106050407,2011,中山,5,4,7,2011-12-11,https://www.jra.go.jp/datafile/seiseki/report/2011/2011-5nakayama4.pdf,official_daily_result_pdf
201106050408,2011,中山,5,4,8,2011-12-11,https://www.jra.go.jp/datafile/seiseki/report/2011/2011-5nakayama4.pdf,official_daily_result_pdf
201106050409,2011,中山,5,4,9,2011-12-11,https://www.jra.go.jp/datafile/seiseki/report/2011/2011-5nakayama4.pdf,official_daily_result_pdf
201106050410,2011,中山,5,4,10,2011-12-11,https://www.jra.go.jp/datafile/seiseki/report/2011/2011-5nakayama4.pdf,official_daily_result_pdf
201106050411,2011,中山,5,4,11,2011-12-11,https://www.jra.go.jp/datafile/seiseki/report/2011/2011-5nakayama4.pdf,official_daily_result_pdf
201106050412,2011,中山,5,4,12,2011-12-11,https://www.jra.go.jp/datafile/seiseki/report/2011/2011-5nakayama4.pdf,official_daily_result_pdf
201106050501,2011,中山,5,5,1,2011-12-17,https://www.jra.go.jp/datafile/seiseki/report/2011/2011-5nakayama5.pdf,official_daily_result_pdf
201106050502,2011,中山,5,5,2,2011-12-17,https://www.jra.go.jp/datafile/seiseki/report/2011/2011-5nakayama5.pdf,official_daily_result_pdf
201106050503,2011,中山,5,5,3,2011-12-17,https://www.jra.go.jp/datafile/seiseki/report/2011/2011-5nakayama5.pdf,official_daily_result_pdf
201106050504,2011,中山,5,5,4,2011-12-17,https://www.jra.go.jp/datafile/seiseki/report/2011/2011-5nakayama5.pdf,official_daily_result_pdf
201106050505,2011,中山,5,5,5,2011-12-17,https://www.jra.go.jp/datafile/seiseki/report/2011/2011-5nakayama5.pdf,official_daily_result_pdf
201106050506,2011,中山,5,5,6,2011-12-17,https://www.jra.go.jp/datafile/seiseki/report/2011/2011-5nakayama5.pdf,official_daily_result_pdf
201106050507,2011,中山,5,5,7,2011-12-17,https://www.jra.go.jp/datafile/seiseki/report/2011/2011-5nakayama5.pdf,official_daily_result_pdf
201106050508,2011,中山,5,5,8,2011-12-17,https://www.jra.go.jp/datafile/seiseki/report/2011/2011-5nakayama5.pdf,official_daily_result_pdf
201106050509,2011,中山,5,5,9,2011-12-17,https://www.jra.go.jp/datafile/seiseki/report/2011/2011-5nakayama5.pdf,official_daily_result_pdf
201106050510,2011,中山,5,5,10,2011-12-17,https://www.jra.go.jp/datafile/seiseki/report/2011/2011-5nakayama5.pdf,official_daily_result_pdf
201106050511,2011,中山,5,5,11,2011-12-17,https://www.jra.go.jp/datafile/seiseki/report/2011/2011-5nakayama5.pdf,official_daily_result_pdf
201106050512,2011,中山,5,5,12,2011-12-17,https://www.jra.go.jp/datafile/seiseki/report/2011/2011-5nakayama5.pdf,official_daily_result_pdf
201106050601,2011,中山,5,6,1,2011-12-18,https://www.jra.go.jp/datafile/seiseki/report/2011/2011-5nakayama6.pdf,official_daily_result_pdf
201106050602,2011,中山,5,6,2,2011-12-18,https://www.jra.go.jp/datafile/seiseki/report/2011/2011-5nakayama6.pdf,official_daily_result_pdf
201106050603,2011,中山,5,6,3,2011-12-18,https://www.jra.go.jp/datafile/seiseki/report/2011/2011-5nakayama6.pdf,official_daily_result_pdf
201106050604,2011,中山,5,6,4,2011-12-18,https://www.jra.go.jp/datafile/seiseki/report/2011/2011-5nakayama6.pdf,official_daily_result_pdf
201106050605,2011,中山,5,6,5,2011-12-18,https://www.jra.go.jp/datafile/seiseki/report/2011/2011-5nakayama6.pdf,official_daily_result_pdf
201106050606,2011,中山,5,6,6,2011-12-18,https://www.jra.go.jp/datafile/seiseki/report/2011/2011-5nakayama6.pdf,official_daily_result_pdf
201106050607,2011,中山,5,6,7,2011-12-18,https://www.jra.go.jp/datafile/seiseki/report/2011/2011-5nakayama6.pdf,official_daily_result_pdf
201106050608,2011,中山,5,6,8,2011-12-18,https://www.jra.go.jp/datafile/seiseki/report/2011/2011-5nakayama6.pdf,official_daily_result_pdf
201106050609,2011,中山,5,6,9,2011-12-18,https://www.jra.go.jp/datafile/seiseki/report/2011/2011-5nakayama6.pdf,official_daily_result_pdf
201106050610,2011,中山,5,6,10,2011-12-18,https://www.jra.go.jp/datafile/seiseki/report/2011/2011-5nakayama6.pdf,official_daily_result_pdf
201106050611,2011,中山,5,6,11,2011-12-18,https://www.jra.go.jp/datafile/seiseki/report/2011/2011-5nakayama6.pdf,official_daily_result_pdf
201106050612,2011,中山,5,6,12,2011-12-18,https://www.jra.go.jp/datafile/seiseki/report/2011/2011-5nakayama6.pdf,official_daily_result_pdf
201106050701,2011,中山,5,7,1,2011-12-24,https://www.jra.go.jp/datafile/seiseki/report/2011/2011-5nakayama7.pdf,official_daily_result_pdf
201106050702,2011,中山,5,7,2,2011-12-24,https://www.jra.go.jp/datafile/seiseki/report/2011/2011-5nakayama7.pdf,official_daily_result_pdf
201106050703,2011,中山,5,7,3,2011-12-24,https://www.jra.go.jp/datafile/seiseki/report/2011/2011-5nakayama7.pdf,official_daily_result_pdf
201106050704,2011,中山,5,7,4,2011-12-24,https://www.jra.go.jp/datafile/seiseki/report/2011/2011-5nakayama7.pdf,official_daily_result_pdf
201106050705,2011,中山,5,7,5,2011-12-24,https://www.jra.go.jp/datafile/seiseki/report/2011/2011-5nakayama7.pdf,official_daily_result_pdf
201106050706,2011,中山,5,7,6,2011-12-24,https://www.jra.go.jp/datafile/seiseki/report/2011/2011-5nakayama7.pdf,official_daily_result_pdf
201106050707,2011,中山,5,7,7,2011-12-24,https://www.jra.go.jp/datafile/seiseki/report/2011/2011-5nakayama7.pdf,official_daily_result_pdf
201106050708,2011,中山,5,7,8,2011-12-24,https://www.jra.go.jp/datafile/seiseki/report/2011/2011-5nakayama7.pdf,official_daily_result_pdf
201106050709,2011,中山,5,7,9,2011-12-24,https://www.jra.go.jp/datafile/seiseki/report/2011/2011-5nakayama7.pdf,official_daily_result_pdf
201106050710,2011,中山,5,7,10,2011-12-24,https://www.jra.go.jp/datafile/seiseki/report/2011/2011-5nakayama7.pdf,official_daily_result_pdf
201106050711,2011,中山,5,7,11,2011-12-24,https://www.jra.go.jp/datafile/seiseki/report/2011/2011-5nakayama7.pdf,official_daily_result_pdf
201106050712,2011,中山,5,7,12,2011-12-24,https://www.jra.go.jp/datafile/seiseki/report/2011/2011-5nakayama7.pdf,official_daily_result_pdf
201106050801,2011,中山,5,8,1,2011-12-25,https://www.jra.go.jp/datafile/seiseki/report/2011/2011-5nakayama8.pdf,official_daily_result_pdf
201106050802,2011,中山,5,8,2,2011-12-25,https://www.jra.go.jp/datafile/seiseki/report/2011/2011-5nakayama8.pdf,official_daily_result_pdf
201106050803,2011,中山,5,8,3,2011-12-25,https://www.jra.go.jp/datafile/seiseki/report/2011/2011-5nakayama8.pdf,official_daily_result_pdf
201106050804,2011,中山,5,8,4,2011-12-25,https://www.jra.go.jp/datafile/seiseki/report/2011/2011-5nakayama8.pdf,official_daily_result_pdf
201106050805,2011,中山,5,8,5,2011-12-25,https://www.jra.go.jp/datafile/seiseki/report/2011/2011-5nakayama8.pdf,official_daily_result_pdf
201106050806,2011,中山,5,8,6,2011-12-25,https://www.jra.go.jp/datafile/seiseki/report/2011/2011-5nakayama8.pdf,official_daily_result_pdf
201106050807,2011,中山,5,8,7,2011-12-25,https://www.jra.go.jp/datafile/seiseki/report/2011/2011-5nakayama8.pdf,official_daily_result_pdf
201106050808,2011,中山,5,8,8,2011-12-25,https://www.jra.go.jp/datafile/seiseki/report/2011/2011-5nakayama8.pdf,official_daily_result_pdf
201106050809,2011,中山,5,8,9,2011-12-25,https://www.jra.go.jp/datafile/seiseki/report/2011/2011-5nakayama8.pdf,official_daily_result_pdf
201106050810,2011,中山,5,8,10,2011-12-25,https://www.jra.go.jp/datafile/seiseki/report/2011/2011-5nakayama8.pdf,official_daily_result_pdf
201106050811,2011,中山,5,8,11,2011-12-25,https://www.jra.go.jp/datafile/seiseki/report/2011/2011-5nakayama8.pdf,official_daily_result_pdf
201108010101,2011,京都,1,1,1,2011-01-05,https://www.jra.go.jp/datafile/seiseki/report/2011/2011-1kyoto1.pdf,official_daily_result_pdf
201108010102,2011,京都,1,1,2,2011-01-05,https://www.jra.go.jp/datafile/seiseki/report/2011/2011-1kyoto1.pdf,official_daily_result_pdf
201108010103,2011,京都,1,1,3,2011-01-05,https://www.jra.go.jp/datafile/seiseki/report/2011/2011-1kyoto1.pdf,official_daily_result_pdf
201108010104,2011,京都,1,1,4,2011-01-05,https://www.jra.go.jp/datafile/seiseki/report/2011/2011-1kyoto1.pdf,official_daily_result_pdf
201108010105,2011,京都,1,1,5,2011-01-05,https://www.jra.go.jp/datafile/seiseki/report/2011/2011-1kyoto1.pdf,official_daily_result_pdf
201108010106,2011,京都,1,1,6,2011-01-05,https://www.jra.go.jp/datafile/seiseki/report/2011/2011-1kyoto1.pdf,official_daily_result_pdf
201108010107,2011,京都,1,1,7,2011-01-05,https://www.jra.go.jp/datafile/seiseki/report/2011/2011-1kyoto1.pdf,official_daily_result_pdf
201108010108,2011,京都,1,1,8,2011-01-05,https://www.jra.go.jp/datafile/seiseki/report/2011/2011-1kyoto1.pdf,official_daily_result_pdf
201108010109,2011,京都,1,1,9,2011-01-05,https://www.jra.go.jp/datafile/seiseki/report/2011/2011-1kyoto1.pdf,official_daily_result_pdf
201108010110,2011,京都,1,1,10,2011-01-05,https://www.jra.go.jp/datafile/seiseki/report/2011/2011-1kyoto1.pdf,official_daily_result_pdf
201108010111,2011,京都,1,1,11,2011-01-05,https://www.jra.go.jp/datafile/seiseki/report/2011/2011-1kyoto1.pdf,official_daily_result_pdf
201108010112,2011,京都,1,1,12,2011-01-05,https://www.jra.go.jp/datafile/seiseki/report/2011/2011-1kyoto1.pdf,official_daily_result_pdf
201108010201,2011,京都,1,2,1,2011-01-08,https://www.jra.go.jp/datafile/seiseki/report/2011/2011-1kyoto2.pdf,official_daily_result_pdf
201108010202,2011,京都,1,2,2,2011-01-08,https://www.jra.go.jp/datafile/seiseki/report/2011/2011-1kyoto2.pdf,official_daily_result_pdf
201108010203,2011,京都,1,2,3,2011-01-08,https://www.jra.go.jp/datafile/seiseki/report/2011/2011-1kyoto2.pdf,official_daily_result_pdf
201108010204,2011,京都,1,2,4,2011-01-08,https://www.jra.go.jp/datafile/seiseki/report/2011/2011-1kyoto2.pdf,official_daily_result_pdf
201108010205,2011,京都,1,2,5,2011-01-08,https://www.jra.go.jp/datafile/seiseki/report/2011/2011-1kyoto2.pdf,official_daily_result_pdf
201108010206,2011,京都,1,2,6,2011-01-08,https://www.jra.go.jp/datafile/seiseki/report/2011/2011-1kyoto2.pdf,official_daily_result_pdf
201108010207,2011,京都,1,2,7,2011-01-08,https://www.jra.go.jp/datafile/seiseki/report/2011/2011-1kyoto2.pdf,official_daily_result_pdf
201108010208,2011,京都,1,2,8,2011-01-08,https://www.jra.go.jp/datafile/seiseki/report/2011/2011-1kyoto2.pdf,official_daily_result_pdf
201108010209,2011,京都,1,2,9,2011-01-08,https://www.jra.go.jp/datafile/seiseki/report/2011/2011-1kyoto2.pdf,official_daily_result_pdf
201108010210,2011,京都,1,2,10,2011-01-08,https://www.jra.go.jp/datafile/seiseki/report/2011/2011-1kyoto2.pdf,official_daily_result_pdf
201108010211,2011,京都,1,2,11,2011-01-08,https://www.jra.go.jp/datafile/seiseki/report/2011/2011-1kyoto2.pdf,official_daily_result_pdf
201108010212,2011,京都,1,2,12,2011-01-08,https://www.jra.go.jp/datafile/seiseki/report/2011/2011-1kyoto2.pdf,official_daily_result_pdf
201108010301,2011,京都,1,3,1,2011-01-09,https://www.jra.go.jp/datafile/seiseki/report/2011/2011-1kyoto3.pdf,official_daily_result_pdf
201108010302,2011,京都,1,3,2,2011-01-09,https://www.jra.go.jp/datafile/seiseki/report/2011/2011-1kyoto3.pdf,official_daily_result_pdf
201108010303,2011,京都,1,3,3,2011-01-09,https://www.jra.go.jp/datafile/seiseki/report/2011/2011-1kyoto3.pdf,official_daily_result_pdf
201108010304,2011,京都,1,3,4,2011-01-09,https://www.jra.go.jp/datafile/seiseki/report/2011/2011-1kyoto3.pdf,official_daily_result_pdf
201108010305,2011,京都,1,3,5,2011-01-09,https://www.jra.go.jp/datafile/seiseki/report/2011/2011-1kyoto3.pdf,official_daily_result_pdf
201108010306,2011,京都,1,3,6,2011-01-09,https://www.jra.go.jp/datafile/seiseki/report/2011/2011-1kyoto3.pdf,official_daily_result_pdf
201108010307,2011,京都,1,3,7,2011-01-09,https://www.jra.go.jp/datafile/seiseki/report/2011/2011-1kyoto3.pdf,official_daily_result_pdf
201108010308,2011,京都,1,3,8,2011-01-09,https://www.jra.go.jp/datafile/seiseki/report/2011/2011-1kyoto3.pdf,official_daily_result_pdf
201108010309,2011,京都,1,3,9,2011-01-09,https://www.jra.go.jp/datafile/seiseki/report/2011/2011-1kyoto3.pdf,official_daily_result_pdf
201108010310,2011,京都,1,3,10,2011-01-09,https://www.jra.go.jp/datafile/seiseki/report/2011/2011-1kyoto3.pdf,official_daily_result_pdf
201108010311,2011,京都,1,3,11,2011-01-09,https://www.jra.go.jp/datafile/seiseki/report/2011/2011-1kyoto3.pdf,official_daily_result_pdf
201108010312,2011,京都,1,3,12,2011-01-09,https://www.jra.go.jp/datafile/seiseki/report/2011/2011-1kyoto3.pdf,official_daily_result_pdf
201108010401,2011,京都,1,4,1,2011-01-10,https://www.jra.go.jp/datafile/seiseki/report/2011/2011-1kyoto4.pdf,official_daily_result_pdf
201108010402,2011,京都,1,4,2,2011-01-10,https://www.jra.go.jp/datafile/seiseki/report/2011/2011-1kyoto4.pdf,official_daily_result_pdf
201108010403,2011,京都,1,4,3,2011-01-10,https://www.jra.go.jp/datafile/seiseki/report/2011/2011-1kyoto4.pdf,official_daily_result_pdf
201108010404,2011,京都,1,4,4,2011-01-10,https://www.jra.go.jp/datafile/seiseki/report/2011/2011-1kyoto4.pdf,official_daily_result_pdf
201108010405,2011,京都,1,4,5,2011-01-10,https://www.jra.go.jp/datafile/seiseki/report/2011/2011-1kyoto4.pdf,official_daily_result_pdf
201108010406,2011,京都,1,4,6,2011-01-10,https://www.jra.go.jp/datafile/seiseki/report/2011/2011-1kyoto4.pdf,official_daily_result_pdf
201108010407,2011,京都,1,4,7,2011-01-10,https://www.jra.go.jp/datafile/seiseki/report/2011/2011-1kyoto4.pdf,official_daily_result_pdf
201108010408,2011,京都,1,4,8,2011-01-10,https://www.jra.go.jp/datafile/seiseki/report/2011/2011-1kyoto4.pdf,official_daily_result_pdf
201108010409,2011,京都,1,4,9,2011-01-10,https://www.jra.go.jp/datafile/seiseki/report/2011/2011-1kyoto4.pdf,official_daily_result_pdf
201108010410,2011,京都,1,4,10,2011-01-10,https://www.jra.go.jp/datafile/seiseki/report/2011/2011-1kyoto4.pdf,official_daily_result_pdf
201108010411,2011,京都,1,4,11,2011-01-10,https://www.jra.go.jp/datafile/seiseki/report/2011/2011-1kyoto4.pdf,official_daily_result_pdf
201108010412,2011,京都,1,4,12,2011-01-10,https://www.jra.go.jp/datafile/seiseki/report/2011/2011-1kyoto4.pdf,official_daily_result_pdf
201108010501,2011,京都,1,5,1,2011-01-15,https://www.jra.go.jp/datafile/seiseki/report/2011/2011-1kyoto5.pdf,official_daily_result_pdf
201108010502,2011,京都,1,5,2,2011-01-15,https://www.jra.go.jp/datafile/seiseki/report/2011/2011-1kyoto5.pdf,official_daily_result_pdf
201108010503,2011,京都,1,5,3,2011-01-15,https://www.jra.go.jp/datafile/seiseki/report/2011/2011-1kyoto5.pdf,official_daily_result_pdf
201108010504,2011,京都,1,5,4,2011-01-15,https://www.jra.go.jp/datafile/seiseki/report/2011/2011-1kyoto5.pdf,official_daily_result_pdf
201108010505,2011,京都,1,5,5,2011-01-15,https://www.jra.go.jp/datafile/seiseki/report/2011/2011-1kyoto5.pdf,official_daily_result_pdf
201108010506,2011,京都,1,5,6,2011-01-15,https://www.jra.go.jp/datafile/seiseki/report/2011/2011-1kyoto5.pdf,official_daily_result_pdf
201108010507,2011,京都,1,5,7,2011-01-15,https://www.jra.go.jp/datafile/seiseki/report/2011/2011-1kyoto5.pdf,official_daily_result_pdf
201108010508,2011,京都,1,5,8,2011-01-15,https://www.jra.go.jp/datafile/seiseki/report/2011/2011-1kyoto5.pdf,official_daily_result_pdf
201108010509,2011,京都,1,5,9,2011-01-15,https://www.jra.go.jp/datafile/seiseki/report/2011/2011-1kyoto5.pdf,official_daily_result_pdf
201108010510,2011,京都,1,5,10,2011-01-15,https://www.jra.go.jp/datafile/seiseki/report/2011/2011-1kyoto5.pdf,official_daily_result_pdf
201108010511,2011,京都,1,5,11,2011-01-15,https://www.jra.go.jp/datafile/seiseki/report/2011/2011-1kyoto5.pdf,official_daily_result_pdf
201108010512,2011,京都,1,5,12,2011-01-15,https://www.jra.go.jp/datafile/seiseki/report/2011/2011-1kyoto5.pdf,official_daily_result_pdf
201108010601,2011,京都,1,6,1,2011-01-16,https://www.jra.go.jp/datafile/seiseki/report/2011/2011-1kyoto6.pdf,official_daily_result_pdf
201108010602,2011,京都,1,6,2,2011-01-16,https://www.jra.go.jp/datafile/seiseki/report/2011/2011-1kyoto6.pdf,official_daily_result_pdf
201108010603,2011,京都,1,6,3,2011-01-16,https://www.jra.go.jp/datafile/seiseki/report/2011/2011-1kyoto6.pdf,official_daily_result_pdf
201108010604,2011,京都,1,6,4,2011-01-16,https://www.jra.go.jp/datafile/seiseki/report/2011/2011-1kyoto6.pdf,official_daily_result_pdf
201108010605,2011,京都,1,6,5,2011-01-16,https://www.jra.go.jp/datafile/seiseki/report/2011/2011-1kyoto6.pdf,official_daily_result_pdf
201108010606,2011,京都,1,6,6,2011-01-16,https://www.jra.go.jp/datafile/seiseki/report/2011/2011-1kyoto6.pdf,official_daily_result_pdf
201108010607,2011,京都,1,6,7,2011-01-16,https://www.jra.go.jp/datafile/seiseki/report/2011/2011-1kyoto6.pdf,official_daily_result_pdf
201108010608,2011,京都,1,6,8,2011-01-16,https://www.jra.go.jp/datafile/seiseki/report/2011/2011-1kyoto6.pdf,official_daily_result_pdf
201108010609,2011,京都,1,6,9,2011-01-16,https://www.jra.go.jp/datafile/seiseki/report/2011/2011-1kyoto6.pdf,official_daily_result_pdf
201108010610,2011,京都,1,6,10,2011-01-16,https://www.jra.go.jp/datafile/seiseki/report/2011/2011-1kyoto6.pdf,official_daily_result_pdf
201108010611,2011,京都,1,6,11,2011-01-16,https://www.jra.go.jp/datafile/seiseki/report/2011/2011-1kyoto6.pdf,official_daily_result_pdf
201108010612,2011,京都,1,6,12,2011-01-16,https://www.jra.go.jp/datafile/seiseki/report/2011/2011-1kyoto6.pdf,official_daily_result_pdf
201108010701,2011,京都,1,7,1,2011-01-22,https://www.jra.go.jp/datafile/seiseki/report/2011/2011-1kyoto7.pdf,official_daily_result_pdf
201108010702,2011,京都,1,7,2,2011-01-22,https://www.jra.go.jp/datafile/seiseki/report/2011/2011-1kyoto7.pdf,official_daily_result_pdf
201108010703,2011,京都,1,7,3,2011-01-22,https://www.jra.go.jp/datafile/seiseki/report/2011/2011-1kyoto7.pdf,official_daily_result_pdf
201108010704,2011,京都,1,7,4,2011-01-22,https://www.jra.go.jp/datafile/seiseki/report/2011/2011-1kyoto7.pdf,official_daily_result_pdf
201108010705,2011,京都,1,7,5,2011-01-22,https://www.jra.go.jp/datafile/seiseki/report/2011/2011-1kyoto7.pdf,official_daily_result_pdf
201108010706,2011,京都,1,7,6,2011-01-22,https://www.jra.go.jp/datafile/seiseki/report/2011/2011-1kyoto7.pdf,official_daily_result_pdf
201108010707,2011,京都,1,7,7,2011-01-22,https://www.jra.go.jp/datafile/seiseki/report/2011/2011-1kyoto7.pdf,official_daily_result_pdf
201108010708,2011,京都,1,7,8,2011-01-22,https://www.jra.go.jp/datafile/seiseki/report/2011/2011-1kyoto7.pdf,official_daily_result_pdf
201108010709,2011,京都,1,7,9,2011-01-22,https://www.jra.go.jp/datafile/seiseki/report/2011/2011-1kyoto7.pdf,official_daily_result_pdf
201108010710,2011,京都,1,7,10,2011-01-22,https://www.jra.go.jp/datafile/seiseki/report/2011/2011-1kyoto7.pdf,official_daily_result_pdf
201108010711,2011,京都,1,7,11,2011-01-22,https://www.jra.go.jp/datafile/seiseki/report/2011/2011-1kyoto7.pdf,official_daily_result_pdf
201108010712,2011,京都,1,7,12,2011-01-22,https://www.jra.go.jp/datafile/seiseki/report/2011/2011-1kyoto7.pdf,official_daily_result_pdf
201108010801,2011,京都,1,8,1,2011-01-23,https://www.jra.go.jp/datafile/seiseki/report/2011/2011-1kyoto8.pdf,official_daily_result_pdf
201108010802,2011,京都,1,8,2,2011-01-23,https://www.jra.go.jp/datafile/seiseki/report/2011/2011-1kyoto8.pdf,official_daily_result_pdf
201108010803,2011,京都,1,8,3,2011-01-23,https://www.jra.go.jp/datafile/seiseki/report/2011/2011-1kyoto8.pdf,official_daily_result_pdf
201108010804,2011,京都,1,8,4,2011-01-23,https://www.jra.go.jp/datafile/seiseki/report/2011/2011-1kyoto8.pdf,official_daily_result_pdf
201108010805,2011,京都,1,8,5,2011-01-23,https://www.jra.go.jp/datafile/seiseki/report/2011/2011-1kyoto8.pdf,official_daily_result_pdf
201108010806,2011,京都,1,8,6,2011-01-23,https://www.jra.go.jp/datafile/seiseki/report/2011/2011-1kyoto8.pdf,official_daily_result_pdf
201108010807,2011,京都,1,8,7,2011-01-23,https://www.jra.go.jp/datafile/seiseki/report/2011/2011-1kyoto8.pdf,official_daily_result_pdf
201108010808,2011,京都,1,8,8,2011-01-23,https://www.jra.go.jp/datafile/seiseki/report/2011/2011-1kyoto8.pdf,official_daily_result_pdf
201108010809,2011,京都,1,8,9,2011-01-23,https://www.jra.go.jp/datafile/seiseki/report/2011/2011-1kyoto8.pdf,official_daily_result_pdf
201108010810,2011,京都,1,8,10,2011-01-23,https://www.jra.go.jp/datafile/seiseki/report/2011/2011-1kyoto8.pdf,official_daily_result_pdf
201108010811,2011,京都,1,8,11,2011-01-23,https://www.jra.go.jp/datafile/seiseki/report/2011/2011-1kyoto8.pdf,official_daily_result_pdf
201108010812,2011,京都,1,8,12,2011-01-23,https://www.jra.go.jp/datafile/seiseki/report/2011/2011-1kyoto8.pdf,official_daily_result_pdf
201108020101,2011,京都,2,1,1,2011-01-29,https://www.jra.go.jp/datafile/seiseki/report/2011/2011-2kyoto1.pdf,official_daily_result_pdf
201108020102,2011,京都,2,1,2,2011-01-29,https://www.jra.go.jp/datafile/seiseki/report/2011/2011-2kyoto1.pdf,official_daily_result_pdf
201108020103,2011,京都,2,1,3,2011-01-29,https://www.jra.go.jp/datafile/seiseki/report/2011/2011-2kyoto1.pdf,official_daily_result_pdf
201108020104,2011,京都,2,1,4,2011-01-29,https://www.jra.go.jp/datafile/seiseki/report/2011/2011-2kyoto1.pdf,official_daily_result_pdf
201108020105,2011,京都,2,1,5,2011-01-29,https://www.jra.go.jp/datafile/seiseki/report/2011/2011-2kyoto1.pdf,official_daily_result_pdf
201108020106,2011,京都,2,1,6,2011-01-29,https://www.jra.go.jp/datafile/seiseki/report/2011/2011-2kyoto1.pdf,official_daily_result_pdf
201108020107,2011,京都,2,1,7,2011-01-29,https://www.jra.go.jp/datafile/seiseki/report/2011/2011-2kyoto1.pdf,official_daily_result_pdf
201108020108,2011,京都,2,1,8,2011-01-29,https://www.jra.go.jp/datafile/seiseki/report/2011/2011-2kyoto1.pdf,official_daily_result_pdf
201108020109,2011,京都,2,1,9,2011-01-29,https://www.jra.go.jp/datafile/seiseki/report/2011/2011-2kyoto1.pdf,official_daily_result_pdf
201108020110,2011,京都,2,1,10,2011-01-29,https://www.jra.go.jp/datafile/seiseki/report/2011/2011-2kyoto1.pdf,official_daily_result_pdf
201108020111,2011,京都,2,1,11,2011-01-29,https://www.jra.go.jp/datafile/seiseki/report/2011/2011-2kyoto1.pdf,official_daily_result_pdf
201108020112,2011,京都,2,1,12,2011-01-29,https://www.jra.go.jp/datafile/seiseki/report/2011/2011-2kyoto1.pdf,official_daily_result_pdf
201108020201,2011,京都,2,2,1,2011-01-30,https://www.jra.go.jp/datafile/seiseki/report/2011/2011-2kyoto2.pdf,official_daily_result_pdf
201108020202,2011,京都,2,2,2,2011-01-30,https://www.jra.go.jp/datafile/seiseki/report/2011/2011-2kyoto2.pdf,official_daily_result_pdf
201108020203,2011,京都,2,2,3,2011-01-30,https://www.jra.go.jp/datafile/seiseki/report/2011/2011-2kyoto2.pdf,official_daily_result_pdf
201108020204,2011,京都,2,2,4,2011-01-30,https://www.jra.go.jp/datafile/seiseki/report/2011/2011-2kyoto2.pdf,official_daily_result_pdf
201108020205,2011,京都,2,2,5,2011-01-30,https://www.jra.go.jp/datafile/seiseki/report/2011/2011-2kyoto2.pdf,official_daily_result_pdf
201108020206,2011,京都,2,2,6,2011-01-30,https://www.jra.go.jp/datafile/seiseki/report/2011/2011-2kyoto2.pdf,official_daily_result_pdf
201108020207,2011,京都,2,2,7,2011-01-30,https://www.jra.go.jp/datafile/seiseki/report/2011/2011-2kyoto2.pdf,official_daily_result_pdf
201108020208,2011,京都,2,2,8,2011-01-30,https://www.jra.go.jp/datafile/seiseki/report/2011/2011-2kyoto2.pdf,official_daily_result_pdf
201108020209,2011,京都,2,2,9,2011-01-30,https://www.jra.go.jp/datafile/seiseki/report/2011/2011-2kyoto2.pdf,official_daily_result_pdf
201108020210,2011,京都,2,2,10,2011-01-30,https://www.jra.go.jp/datafile/seiseki/report/2011/2011-2kyoto2.pdf,official_daily_result_pdf
201108020211,2011,京都,2,2,11,2011-01-30,https://www.jra.go.jp/datafile/seiseki/report/2011/2011-2kyoto2.pdf,official_daily_result_pdf
201108020212,2011,京都,2,2,12,2011-01-30,https://www.jra.go.jp/datafile/seiseki/report/2011/2011-2kyoto2.pdf,official_daily_result_pdf
201108020301,2011,京都,2,3,1,2011-02-05,https://www.jra.go.jp/datafile/seiseki/report/2011/2011-2kyoto3.pdf,official_daily_result_pdf
201108020302,2011,京都,2,3,2,2011-02-05,https://www.jra.go.jp/datafile/seiseki/report/2011/2011-2kyoto3.pdf,official_daily_result_pdf
201108020303,2011,京都,2,3,3,2011-02-05,https://www.jra.go.jp/datafile/seiseki/report/2011/2011-2kyoto3.pdf,official_daily_result_pdf
201108020304,2011,京都,2,3,4,2011-02-05,https://www.jra.go.jp/datafile/seiseki/report/2011/2011-2kyoto3.pdf,official_daily_result_pdf
201108020305,2011,京都,2,3,5,2011-02-05,https://www.jra.go.jp/datafile/seiseki/report/2011/2011-2kyoto3.pdf,official_daily_result_pdf
201108020306,2011,京都,2,3,6,2011-02-05,https://www.jra.go.jp/datafile/seiseki/report/2011/2011-2kyoto3.pdf,official_daily_result_pdf
201108020307,2011,京都,2,3,7,2011-02-05,https://www.jra.go.jp/datafile/seiseki/report/2011/2011-2kyoto3.pdf,official_daily_result_pdf
201108020308,2011,京都,2,3,8,2011-02-05,https://www.jra.go.jp/datafile/seiseki/report/2011/2011-2kyoto3.pdf,official_daily_result_pdf
201108020309,2011,京都,2,3,9,2011-02-05,https://www.jra.go.jp/datafile/seiseki/report/2011/2011-2kyoto3.pdf,official_daily_result_pdf
201108020310,2011,京都,2,3,10,2011-02-05,https://www.jra.go.jp/datafile/seiseki/report/2011/2011-2kyoto3.pdf,official_daily_result_pdf
201108020311,2011,京都,2,3,11,2011-02-05,https://www.jra.go.jp/datafile/seiseki/report/2011/2011-2kyoto3.pdf,official_daily_result_pdf
201108020312,2011,京都,2,3,12,2011-02-05,https://www.jra.go.jp/datafile/seiseki/report/2011/2011-2kyoto3.pdf,official_daily_result_pdf
201108020401,2011,京都,2,4,1,2011-02-06,https://www.jra.go.jp/datafile/seiseki/report/2011/2011-2kyoto4.pdf,official_daily_result_pdf
201108020402,2011,京都,2,4,2,2011-02-06,https://www.jra.go.jp/datafile/seiseki/report/2011/2011-2kyoto4.pdf,official_daily_result_pdf
201108020403,2011,京都,2,4,3,2011-02-06,https://www.jra.go.jp/datafile/seiseki/report/2011/2011-2kyoto4.pdf,official_daily_result_pdf
201108020404,2011,京都,2,4,4,2011-02-06,https://www.jra.go.jp/datafile/seiseki/report/2011/2011-2kyoto4.pdf,official_daily_result_pdf
201108020405,2011,京都,2,4,5,2011-02-06,https://www.jra.go.jp/datafile/seiseki/report/2011/2011-2kyoto4.pdf,official_daily_result_pdf
201108020406,2011,京都,2,4,6,2011-02-06,https://www.jra.go.jp/datafile/seiseki/report/2011/2011-2kyoto4.pdf,official_daily_result_pdf
201108020407,2011,京都,2,4,7,2011-02-06,https://www.jra.go.jp/datafile/seiseki/report/2011/2011-2kyoto4.pdf,official_daily_result_pdf
201108020408,2011,京都,2,4,8,2011-02-06,https://www.jra.go.jp/datafile/seiseki/report/2011/2011-2kyoto4.pdf,official_daily_result_pdf
201108020409,2011,京都,2,4,9,2011-02-06,https://www.jra.go.jp/datafile/seiseki/report/2011/2011-2kyoto4.pdf,official_daily_result_pdf
201108020410,2011,京都,2,4,10,2011-02-06,https://www.jra.go.jp/datafile/seiseki/report/2011/2011-2kyoto4.pdf,official_daily_result_pdf
201108020411,2011,京都,2,4,11,2011-02-06,https://www.jra.go.jp/datafile/seiseki/report/2011/2011-2kyoto4.pdf,official_daily_result_pdf
201108020412,2011,京都,2,4,12,2011-02-06,https://www.jra.go.jp/datafile/seiseki/report/2011/2011-2kyoto4.pdf,official_daily_result_pdf
201108020501,2011,京都,2,5,1,2011-02-12,https://www.jra.go.jp/datafile/seiseki/report/2011/2011-2kyoto5.pdf,official_daily_result_pdf
201108020502,2011,京都,2,5,2,2011-02-12,https://www.jra.go.jp/datafile/seiseki/report/2011/2011-2kyoto5.pdf,official_daily_result_pdf
201108020503,2011,京都,2,5,3,2011-02-12,https://www.jra.go.jp/datafile/seiseki/report/2011/2011-2kyoto5.pdf,official_daily_result_pdf
201108020504,2011,京都,2,5,4,2011-02-12,https://www.jra.go.jp/datafile/seiseki/report/2011/2011-2kyoto5.pdf,official_daily_result_pdf
201108020505,2011,京都,2,5,5,2011-02-12,https://www.jra.go.jp/datafile/seiseki/report/2011/2011-2kyoto5.pdf,official_daily_result_pdf
201108020506,2011,京都,2,5,6,2011-02-12,https://www.jra.go.jp/datafile/seiseki/report/2011/2011-2kyoto5.pdf,official_daily_result_pdf
201108020507,2011,京都,2,5,7,2011-02-12,https://www.jra.go.jp/datafile/seiseki/report/2011/2011-2kyoto5.pdf,official_daily_result_pdf
201108020508,2011,京都,2,5,8,2011-02-12,https://www.jra.go.jp/datafile/seiseki/report/2011/2011-2kyoto5.pdf,official_daily_result_pdf
201108020509,2011,京都,2,5,9,2011-02-12,https://www.jra.go.jp/datafile/seiseki/report/2011/2011-2kyoto5.pdf,official_daily_result_pdf
201108020510,2011,京都,2,5,10,2011-02-12,https://www.jra.go.jp/datafile/seiseki/report/2011/2011-2kyoto5.pdf,official_daily_result_pdf
201108020511,2011,京都,2,5,11,2011-02-12,https://www.jra.go.jp/datafile/seiseki/report/2011/2011-2kyoto5.pdf,official_daily_result_pdf
201108020512,2011,京都,2,5,12,2011-02-12,https://www.jra.go.jp/datafile/seiseki/report/2011/2011-2kyoto5.pdf,official_daily_result_pdf
201108020601,2011,京都,2,6,1,2011-02-13,https://www.jra.go.jp/datafile/seiseki/report/2011/2011-2kyoto6.pdf,official_daily_result_pdf
201108020602,2011,京都,2,6,2,2011-02-13,https://www.jra.go.jp/datafile/seiseki/report/2011/2011-2kyoto6.pdf,official_daily_result_pdf
201108020603,2011,京都,2,6,3,2011-02-13,https://www.jra.go.jp/datafile/seiseki/report/2011/2011-2kyoto6.pdf,official_daily_result_pdf
201108020604,2011,京都,2,6,4,2011-02-13,https://www.jra.go.jp/datafile/seiseki/report/2011/2011-2kyoto6.pdf,official_daily_result_pdf
201108020605,2011,京都,2,6,5,2011-02-13,https://www.jra.go.jp/datafile/seiseki/report/2011/2011-2kyoto6.pdf,official_daily_result_pdf
201108020606,2011,京都,2,6,6,2011-02-13,https://www.jra.go.jp/datafile/seiseki/report/2011/2011-2kyoto6.pdf,official_daily_result_pdf
201108020607,2011,京都,2,6,7,2011-02-13,https://www.jra.go.jp/datafile/seiseki/report/2011/2011-2kyoto6.pdf,official_daily_result_pdf
201108020608,2011,京都,2,6,8,2011-02-13,https://www.jra.go.jp/datafile/seiseki/report/2011/2011-2kyoto6.pdf,official_daily_result_pdf
201108020609,2011,京都,2,6,9,2011-02-13,https://www.jra.go.jp/datafile/seiseki/report/2011/2011-2kyoto6.pdf,official_daily_result_pdf
201108020610,2011,京都,2,6,10,2011-02-13,https://www.jra.go.jp/datafile/seiseki/report/2011/2011-2kyoto6.pdf,official_daily_result_pdf
201108020611,2011,京都,2,6,11,2011-02-13,https://www.jra.go.jp/datafile/seiseki/report/2011/2011-2kyoto6.pdf,official_daily_result_pdf
201108020612,2011,京都,2,6,12,2011-02-13,https://www.jra.go.jp/datafile/seiseki/report/2011/2011-2kyoto6.pdf,official_daily_result_pdf
201108020701,2011,京都,2,7,1,2011-02-19,https://www.jra.go.jp/datafile/seiseki/report/2011/2011-2kyoto7.pdf,official_daily_result_pdf
201108020702,2011,京都,2,7,2,2011-02-19,https://www.jra.go.jp/datafile/seiseki/report/2011/2011-2kyoto7.pdf,official_daily_result_pdf
201108020703,2011,京都,2,7,3,2011-02-19,https://www.jra.go.jp/datafile/seiseki/report/2011/2011-2kyoto7.pdf,official_daily_result_pdf
201108020704,2011,京都,2,7,4,2011-02-19,https://www.jra.go.jp/datafile/seiseki/report/2011/2011-2kyoto7.pdf,official_daily_result_pdf
201108020705,2011,京都,2,7,5,2011-02-19,https://www.jra.go.jp/datafile/seiseki/report/2011/2011-2kyoto7.pdf,official_daily_result_pdf
201108020706,2011,京都,2,7,6,2011-02-19,https://www.jra.go.jp/datafile/seiseki/report/2011/2011-2kyoto7.pdf,official_daily_result_pdf
201108020707,2011,京都,2,7,7,2011-02-19,https://www.jra.go.jp/datafile/seiseki/report/2011/2011-2kyoto7.pdf,official_daily_result_pdf
201108020708,2011,京都,2,7,8,2011-02-19,https://www.jra.go.jp/datafile/seiseki/report/2011/2011-2kyoto7.pdf,official_daily_result_pdf
201108020709,2011,京都,2,7,9,2011-02-19,https://www.jra.go.jp/datafile/seiseki/report/2011/2011-2kyoto7.pdf,official_daily_result_pdf
201108020710,2011,京都,2,7,10,2011-02-19,https://www.jra.go.jp/datafile/seiseki/report/2011/2011-2kyoto7.pdf,official_daily_result_pdf
201108020711,2011,京都,2,7,11,2011-02-19,https://www.jra.go.jp/datafile/seiseki/report/2011/2011-2kyoto7.pdf,official_daily_result_pdf
201108020712,2011,京都,2,7,12,2011-02-19,https://www.jra.go.jp/datafile/seiseki/report/2011/2011-2kyoto7.pdf,official_daily_result_pdf
201108020801,2011,京都,2,8,1,2011-02-20,https://www.jra.go.jp/datafile/seiseki/report/2011/2011-2kyoto8.pdf,official_daily_result_pdf
201108020802,2011,京都,2,8,2,2011-02-20,https://www.jra.go.jp/datafile/seiseki/report/2011/2011-2kyoto8.pdf,official_daily_result_pdf
201108020803,2011,京都,2,8,3,2011-02-20,https://www.jra.go.jp/datafile/seiseki/report/2011/2011-2kyoto8.pdf,official_daily_result_pdf
201108020804,2011,京都,2,8,4,2011-02-20,https://www.jra.go.jp/datafile/seiseki/report/2011/2011-2kyoto8.pdf,official_daily_result_pdf
201108020805,2011,京都,2,8,5,2011-02-20,https://www.jra.go.jp/datafile/seiseki/report/2011/2011-2kyoto8.pdf,official_daily_result_pdf
201108020806,2011,京都,2,8,6,2011-02-20,https://www.jra.go.jp/datafile/seiseki/report/2011/2011-2kyoto8.pdf,official_daily_result_pdf
201108020807,2011,京都,2,8,7,2011-02-20,https://www.jra.go.jp/datafile/seiseki/report/2011/2011-2kyoto8.pdf,official_daily_result_pdf
201108020808,2011,京都,2,8,8,2011-02-20,https://www.jra.go.jp/datafile/seiseki/report/2011/2011-2kyoto8.pdf,official_daily_result_pdf
201108020809,2011,京都,2,8,9,2011-02-20,https://www.jra.go.jp/datafile/seiseki/report/2011/2011-2kyoto8.pdf,official_daily_result_pdf
201108020810,2011,京都,2,8,10,2011-02-20,https://www.jra.go.jp/datafile/seiseki/report/2011/2011-2kyoto8.pdf,official_daily_result_pdf
201108020811,2011,京都,2,8,11,2011-02-20,https://www.jra.go.jp/datafile/seiseki/report/2011/2011-2kyoto8.pdf,official_daily_result_pdf
201108020812,2011,京都,2,8,12,2011-02-20,https://www.jra.go.jp/datafile/seiseki/report/2011/2011-2kyoto8.pdf,official_daily_result_pdf
201108030101,2011,京都,3,1,1,2011-04-23,https://www.jra.go.jp/datafile/seiseki/report/2011/2011-3kyoto1.pdf,official_daily_result_pdf
201108030102,2011,京都,3,1,2,2011-04-23,https://www.jra.go.jp/datafile/seiseki/report/2011/2011-3kyoto1.pdf,official_daily_result_pdf
201108030103,2011,京都,3,1,3,2011-04-23,https://www.jra.go.jp/datafile/seiseki/report/2011/2011-3kyoto1.pdf,official_daily_result_pdf
201108030104,2011,京都,3,1,4,2011-04-23,https://www.jra.go.jp/datafile/seiseki/report/2011/2011-3kyoto1.pdf,official_daily_result_pdf
201108030105,2011,京都,3,1,5,2011-04-23,https://www.jra.go.jp/datafile/seiseki/report/2011/2011-3kyoto1.pdf,official_daily_result_pdf
201108030106,2011,京都,3,1,6,2011-04-23,https://www.jra.go.jp/datafile/seiseki/report/2011/2011-3kyoto1.pdf,official_daily_result_pdf
201108030107,2011,京都,3,1,7,2011-04-23,https://www.jra.go.jp/datafile/seiseki/report/2011/2011-3kyoto1.pdf,official_daily_result_pdf
201108030108,2011,京都,3,1,8,2011-04-23,https://www.jra.go.jp/datafile/seiseki/report/2011/2011-3kyoto1.pdf,official_daily_result_pdf
201108030109,2011,京都,3,1,9,2011-04-23,https://www.jra.go.jp/datafile/seiseki/report/2011/2011-3kyoto1.pdf,official_daily_result_pdf
201108030110,2011,京都,3,1,10,2011-04-23,https://www.jra.go.jp/datafile/seiseki/report/2011/2011-3kyoto1.pdf,official_daily_result_pdf
201108030111,2011,京都,3,1,11,2011-04-23,https://www.jra.go.jp/datafile/seiseki/report/2011/2011-3kyoto1.pdf,official_daily_result_pdf
201108030112,2011,京都,3,1,12,2011-04-23,https://www.jra.go.jp/datafile/seiseki/report/2011/2011-3kyoto1.pdf,official_daily_result_pdf
201108030201,2011,京都,3,2,1,2011-04-24,https://www.jra.go.jp/datafile/seiseki/report/2011/2011-3kyoto2.pdf,official_daily_result_pdf
201108030202,2011,京都,3,2,2,2011-04-24,https://www.jra.go.jp/datafile/seiseki/report/2011/2011-3kyoto2.pdf,official_daily_result_pdf
201108030203,2011,京都,3,2,3,2011-04-24,https://www.jra.go.jp/datafile/seiseki/report/2011/2011-3kyoto2.pdf,official_daily_result_pdf
201108030204,2011,京都,3,2,4,2011-04-24,https://www.jra.go.jp/datafile/seiseki/report/2011/2011-3kyoto2.pdf,official_daily_result_pdf
201108030205,2011,京都,3,2,5,2011-04-24,https://www.jra.go.jp/datafile/seiseki/report/2011/2011-3kyoto2.pdf,official_daily_result_pdf
201108030206,2011,京都,3,2,6,2011-04-24,https://www.jra.go.jp/datafile/seiseki/report/2011/2011-3kyoto2.pdf,official_daily_result_pdf
201108030207,2011,京都,3,2,7,2011-04-24,https://www.jra.go.jp/datafile/seiseki/report/2011/2011-3kyoto2.pdf,official_daily_result_pdf
201108030208,2011,京都,3,2,8,2011-04-24,https://www.jra.go.jp/datafile/seiseki/report/2011/2011-3kyoto2.pdf,official_daily_result_pdf
201108030209,2011,京都,3,2,9,2011-04-24,https://www.jra.go.jp/datafile/seiseki/report/2011/2011-3kyoto2.pdf,official_daily_result_pdf
201108030210,2011,京都,3,2,10,2011-04-24,https://www.jra.go.jp/datafile/seiseki/report/2011/2011-3kyoto2.pdf,official_daily_result_pdf
201108030211,2011,京都,3,2,11,2011-04-24,https://www.jra.go.jp/datafile/seiseki/report/2011/2011-3kyoto2.pdf,official_daily_result_pdf
201108030212,2011,京都,3,2,12,2011-04-24,https://www.jra.go.jp/datafile/seiseki/report/2011/2011-3kyoto2.pdf,official_daily_result_pdf
201108030301,2011,京都,3,3,1,2011-04-30,https://www.jra.go.jp/datafile/seiseki/report/2011/2011-3kyoto3.pdf,official_daily_result_pdf
201108030302,2011,京都,3,3,2,2011-04-30,https://www.jra.go.jp/datafile/seiseki/report/2011/2011-3kyoto3.pdf,official_daily_result_pdf
201108030303,2011,京都,3,3,3,2011-04-30,https://www.jra.go.jp/datafile/seiseki/report/2011/2011-3kyoto3.pdf,official_daily_result_pdf
201108030304,2011,京都,3,3,4,2011-04-30,https://www.jra.go.jp/datafile/seiseki/report/2011/2011-3kyoto3.pdf,official_daily_result_pdf
201108030305,2011,京都,3,3,5,2011-04-30,https://www.jra.go.jp/datafile/seiseki/report/2011/2011-3kyoto3.pdf,official_daily_result_pdf
201108030306,2011,京都,3,3,6,2011-04-30,https://www.jra.go.jp/datafile/seiseki/report/2011/2011-3kyoto3.pdf,official_daily_result_pdf
201108030307,2011,京都,3,3,7,2011-04-30,https://www.jra.go.jp/datafile/seiseki/report/2011/2011-3kyoto3.pdf,official_daily_result_pdf
201108030308,2011,京都,3,3,8,2011-04-30,https://www.jra.go.jp/datafile/seiseki/report/2011/2011-3kyoto3.pdf,official_daily_result_pdf
201108030309,2011,京都,3,3,9,2011-04-30,https://www.jra.go.jp/datafile/seiseki/report/2011/2011-3kyoto3.pdf,official_daily_result_pdf
201108030310,2011,京都,3,3,10,2011-04-30,https://www.jra.go.jp/datafile/seiseki/report/2011/2011-3kyoto3.pdf,official_daily_result_pdf
201108030311,2011,京都,3,3,11,2011-04-30,https://www.jra.go.jp/datafile/seiseki/report/2011/2011-3kyoto3.pdf,official_daily_result_pdf
201108030312,2011,京都,3,3,12,2011-04-30,https://www.jra.go.jp/datafile/seiseki/report/2011/2011-3kyoto3.pdf,official_daily_result_pdf
201108030401,2011,京都,3,4,1,2011-05-01,https://www.jra.go.jp/datafile/seiseki/report/2011/2011-3kyoto4.pdf,official_daily_result_pdf
201108030402,2011,京都,3,4,2,2011-05-01,https://www.jra.go.jp/datafile/seiseki/report/2011/2011-3kyoto4.pdf,official_daily_result_pdf
201108030403,2011,京都,3,4,3,2011-05-01,https://www.jra.go.jp/datafile/seiseki/report/2011/2011-3kyoto4.pdf,official_daily_result_pdf
201108030404,2011,京都,3,4,4,2011-05-01,https://www.jra.go.jp/datafile/seiseki/report/2011/2011-3kyoto4.pdf,official_daily_result_pdf
201108030405,2011,京都,3,4,5,2011-05-01,https://www.jra.go.jp/datafile/seiseki/report/2011/2011-3kyoto4.pdf,official_daily_result_pdf
201108030406,2011,京都,3,4,6,2011-05-01,https://www.jra.go.jp/datafile/seiseki/report/2011/2011-3kyoto4.pdf,official_daily_result_pdf
201108030407,2011,京都,3,4,7,2011-05-01,https://www.jra.go.jp/datafile/seiseki/report/2011/2011-3kyoto4.pdf,official_daily_result_pdf
201108030408,2011,京都,3,4,8,2011-05-01,https://www.jra.go.jp/datafile/seiseki/report/2011/2011-3kyoto4.pdf,official_daily_result_pdf
201108030409,2011,京都,3,4,9,2011-05-01,https://www.jra.go.jp/datafile/seiseki/report/2011/2011-3kyoto4.pdf,official_daily_result_pdf
201108030410,2011,京都,3,4,10,2011-05-01,https://www.jra.go.jp/datafile/seiseki/report/2011/2011-3kyoto4.pdf,official_daily_result_pdf
201108030411,2011,京都,3,4,11,2011-05-01,https://www.jra.go.jp/datafile/seiseki/report/2011/2011-3kyoto4.pdf,official_daily_result_pdf
201108030412,2011,京都,3,4,12,2011-05-01,https://www.jra.go.jp/datafile/seiseki/report/2011/2011-3kyoto4.pdf,official_daily_result_pdf
201108030501,2011,京都,3,5,1,2011-05-07,https://www.jra.go.jp/datafile/seiseki/report/2011/2011-3kyoto5.pdf,official_daily_result_pdf
201108030502,2011,京都,3,5,2,2011-05-07,https://www.jra.go.jp/datafile/seiseki/report/2011/2011-3kyoto5.pdf,official_daily_result_pdf
201108030503,2011,京都,3,5,3,2011-05-07,https://www.jra.go.jp/datafile/seiseki/report/2011/2011-3kyoto5.pdf,official_daily_result_pdf
201108030504,2011,京都,3,5,4,2011-05-07,https://www.jra.go.jp/datafile/seiseki/report/2011/2011-3kyoto5.pdf,official_daily_result_pdf
201108030505,2011,京都,3,5,5,2011-05-07,https://www.jra.go.jp/datafile/seiseki/report/2011/2011-3kyoto5.pdf,official_daily_result_pdf
201108030506,2011,京都,3,5,6,2011-05-07,https://www.jra.go.jp/datafile/seiseki/report/2011/2011-3kyoto5.pdf,official_daily_result_pdf
201108030507,2011,京都,3,5,7,2011-05-07,https://www.jra.go.jp/datafile/seiseki/report/2011/2011-3kyoto5.pdf,official_daily_result_pdf
201108030508,2011,京都,3,5,8,2011-05-07,https://www.jra.go.jp/datafile/seiseki/report/2011/2011-3kyoto5.pdf,official_daily_result_pdf
201108030509,2011,京都,3,5,9,2011-05-07,https://www.jra.go.jp/datafile/seiseki/report/2011/2011-3kyoto5.pdf,official_daily_result_pdf
201108030510,2011,京都,3,5,10,2011-05-07,https://www.jra.go.jp/datafile/seiseki/report/2011/2011-3kyoto5.pdf,official_daily_result_pdf
201108030511,2011,京都,3,5,11,2011-05-07,https://www.jra.go.jp/datafile/seiseki/report/2011/2011-3kyoto5.pdf,official_daily_result_pdf
201108030512,2011,京都,3,5,12,2011-05-07,https://www.jra.go.jp/datafile/seiseki/report/2011/2011-3kyoto5.pdf,official_daily_result_pdf
201108030601,2011,京都,3,6,1,2011-05-08,https://www.jra.go.jp/datafile/seiseki/report/2011/2011-3kyoto6.pdf,official_daily_result_pdf
201108030602,2011,京都,3,6,2,2011-05-08,https://www.jra.go.jp/datafile/seiseki/report/2011/2011-3kyoto6.pdf,official_daily_result_pdf
201108030603,2011,京都,3,6,3,2011-05-08,https://www.jra.go.jp/datafile/seiseki/report/2011/2011-3kyoto6.pdf,official_daily_result_pdf
201108030604,2011,京都,3,6,4,2011-05-08,https://www.jra.go.jp/datafile/seiseki/report/2011/2011-3kyoto6.pdf,official_daily_result_pdf
201108030605,2011,京都,3,6,5,2011-05-08,https://www.jra.go.jp/datafile/seiseki/report/2011/2011-3kyoto6.pdf,official_daily_result_pdf
201108030606,2011,京都,3,6,6,2011-05-08,https://www.jra.go.jp/datafile/seiseki/report/2011/2011-3kyoto6.pdf,official_daily_result_pdf
201108030607,2011,京都,3,6,7,2011-05-08,https://www.jra.go.jp/datafile/seiseki/report/2011/2011-3kyoto6.pdf,official_daily_result_pdf
201108030608,2011,京都,3,6,8,2011-05-08,https://www.jra.go.jp/datafile/seiseki/report/2011/2011-3kyoto6.pdf,official_daily_result_pdf
201108030609,2011,京都,3,6,9,2011-05-08,https://www.jra.go.jp/datafile/seiseki/report/2011/2011-3kyoto6.pdf,official_daily_result_pdf
201108030610,2011,京都,3,6,10,2011-05-08,https://www.jra.go.jp/datafile/seiseki/report/2011/2011-3kyoto6.pdf,official_daily_result_pdf
201108030611,2011,京都,3,6,11,2011-05-08,https://www.jra.go.jp/datafile/seiseki/report/2011/2011-3kyoto6.pdf,official_daily_result_pdf
201108030612,2011,京都,3,6,12,2011-05-08,https://www.jra.go.jp/datafile/seiseki/report/2011/2011-3kyoto6.pdf,official_daily_result_pdf
201108030701,2011,京都,3,7,1,2011-05-14,https://www.jra.go.jp/datafile/seiseki/report/2011/2011-3kyoto7.pdf,official_daily_result_pdf
201108030702,2011,京都,3,7,2,2011-05-14,https://www.jra.go.jp/datafile/seiseki/report/2011/2011-3kyoto7.pdf,official_daily_result_pdf
201108030703,2011,京都,3,7,3,2011-05-14,https://www.jra.go.jp/datafile/seiseki/report/2011/2011-3kyoto7.pdf,official_daily_result_pdf
201108030704,2011,京都,3,7,4,2011-05-14,https://www.jra.go.jp/datafile/seiseki/report/2011/2011-3kyoto7.pdf,official_daily_result_pdf
201108030705,2011,京都,3,7,5,2011-05-14,https://www.jra.go.jp/datafile/seiseki/report/2011/2011-3kyoto7.pdf,official_daily_result_pdf
201108030706,2011,京都,3,7,6,2011-05-14,https://www.jra.go.jp/datafile/seiseki/report/2011/2011-3kyoto7.pdf,official_daily_result_pdf
201108030707,2011,京都,3,7,7,2011-05-14,https://www.jra.go.jp/datafile/seiseki/report/2011/2011-3kyoto7.pdf,official_daily_result_pdf
201108030708,2011,京都,3,7,8,2011-05-14,https://www.jra.go.jp/datafile/seiseki/report/2011/2011-3kyoto7.pdf,official_daily_result_pdf
201108030709,2011,京都,3,7,9,2011-05-14,https://www.jra.go.jp/datafile/seiseki/report/2011/2011-3kyoto7.pdf,official_daily_result_pdf
201108030710,2011,京都,3,7,10,2011-05-14,https://www.jra.go.jp/datafile/seiseki/report/2011/2011-3kyoto7.pdf,official_daily_result_pdf
201108030711,2011,京都,3,7,11,2011-05-14,https://www.jra.go.jp/datafile/seiseki/report/2011/2011-3kyoto7.pdf,official_daily_result_pdf
201108030712,2011,京都,3,7,12,2011-05-14,https://www.jra.go.jp/datafile/seiseki/report/2011/2011-3kyoto7.pdf,official_daily_result_pdf
201108030801,2011,京都,3,8,1,2011-05-15,https://www.jra.go.jp/datafile/seiseki/report/2011/2011-3kyoto8.pdf,official_daily_result_pdf
201108030802,2011,京都,3,8,2,2011-05-15,https://www.jra.go.jp/datafile/seiseki/report/2011/2011-3kyoto8.pdf,official_daily_result_pdf
201108030803,2011,京都,3,8,3,2011-05-15,https://www.jra.go.jp/datafile/seiseki/report/2011/2011-3kyoto8.pdf,official_daily_result_pdf
201108030804,2011,京都,3,8,4,2011-05-15,https://www.jra.go.jp/datafile/seiseki/report/2011/2011-3kyoto8.pdf,official_daily_result_pdf
201108030805,2011,京都,3,8,5,2011-05-15,https://www.jra.go.jp/datafile/seiseki/report/2011/2011-3kyoto8.pdf,official_daily_result_pdf
201108030806,2011,京都,3,8,6,2011-05-15,https://www.jra.go.jp/datafile/seiseki/report/2011/2011-3kyoto8.pdf,official_daily_result_pdf
201108030807,2011,京都,3,8,7,2011-05-15,https://www.jra.go.jp/datafile/seiseki/report/2011/2011-3kyoto8.pdf,official_daily_result_pdf
201108030808,2011,京都,3,8,8,2011-05-15,https://www.jra.go.jp/datafile/seiseki/report/2011/2011-3kyoto8.pdf,official_daily_result_pdf
201108030809,2011,京都,3,8,9,2011-05-15,https://www.jra.go.jp/datafile/seiseki/report/2011/2011-3kyoto8.pdf,official_daily_result_pdf
201108030810,2011,京都,3,8,10,2011-05-15,https://www.jra.go.jp/datafile/seiseki/report/2011/2011-3kyoto8.pdf,official_daily_result_pdf
201108030811,2011,京都,3,8,11,2011-05-15,https://www.jra.go.jp/datafile/seiseki/report/2011/2011-3kyoto8.pdf,official_daily_result_pdf
201108030812,2011,京都,3,8,12,2011-05-15,https://www.jra.go.jp/datafile/seiseki/report/2011/2011-3kyoto8.pdf,official_daily_result_pdf
201108030901,2011,京都,3,9,1,2011-05-21,https://www.jra.go.jp/datafile/seiseki/report/2011/2011-3kyoto9.pdf,official_daily_result_pdf
201108030902,2011,京都,3,9,2,2011-05-21,https://www.jra.go.jp/datafile/seiseki/report/2011/2011-3kyoto9.pdf,official_daily_result_pdf
201108030903,2011,京都,3,9,3,2011-05-21,https://www.jra.go.jp/datafile/seiseki/report/2011/2011-3kyoto9.pdf,official_daily_result_pdf
201108030904,2011,京都,3,9,4,2011-05-21,https://www.jra.go.jp/datafile/seiseki/report/2011/2011-3kyoto9.pdf,official_daily_result_pdf
201108030905,2011,京都,3,9,5,2011-05-21,https://www.jra.go.jp/datafile/seiseki/report/2011/2011-3kyoto9.pdf,official_daily_result_pdf
201108030906,2011,京都,3,9,6,2011-05-21,https://www.jra.go.jp/datafile/seiseki/report/2011/2011-3kyoto9.pdf,official_daily_result_pdf
201108030907,2011,京都,3,9,7,2011-05-21,https://www.jra.go.jp/datafile/seiseki/report/2011/2011-3kyoto9.pdf,official_daily_result_pdf
201108030908,2011,京都,3,9,8,2011-05-21,https://www.jra.go.jp/datafile/seiseki/report/2011/2011-3kyoto9.pdf,official_daily_result_pdf
201108030909,2011,京都,3,9,9,2011-05-21,https://www.jra.go.jp/datafile/seiseki/report/2011/2011-3kyoto9.pdf,official_daily_result_pdf
201108030910,2011,京都,3,9,10,2011-05-21,https://www.jra.go.jp/datafile/seiseki/report/2011/2011-3kyoto9.pdf,official_daily_result_pdf
201108030911,2011,京都,3,9,11,2011-05-21,https://www.jra.go.jp/datafile/seiseki/report/2011/2011-3kyoto9.pdf,official_daily_result_pdf
201108030912,2011,京都,3,9,12,2011-05-21,https://www.jra.go.jp/datafile/seiseki/report/2011/2011-3kyoto9.pdf,official_daily_result_pdf
201108031001,2011,京都,3,10,1,2011-05-22,https://www.jra.go.jp/datafile/seiseki/report/2011/2011-3kyoto10.pdf,official_daily_result_pdf
201108031002,2011,京都,3,10,2,2011-05-22,https://www.jra.go.jp/datafile/seiseki/report/2011/2011-3kyoto10.pdf,official_daily_result_pdf
201108031003,2011,京都,3,10,3,2011-05-22,https://www.jra.go.jp/datafile/seiseki/report/2011/2011-3kyoto10.pdf,official_daily_result_pdf
201108031004,2011,京都,3,10,4,2011-05-22,https://www.jra.go.jp/datafile/seiseki/report/2011/2011-3kyoto10.pdf,official_daily_result_pdf
201108031005,2011,京都,3,10,5,2011-05-22,https://www.jra.go.jp/datafile/seiseki/report/2011/2011-3kyoto10.pdf,official_daily_result_pdf
201108031006,2011,京都,3,10,6,2011-05-22,https://www.jra.go.jp/datafile/seiseki/report/2011/2011-3kyoto10.pdf,official_daily_result_pdf
201108031007,2011,京都,3,10,7,2011-05-22,https://www.jra.go.jp/datafile/seiseki/report/2011/2011-3kyoto10.pdf,official_daily_result_pdf
201108031008,2011,京都,3,10,8,2011-05-22,https://www.jra.go.jp/datafile/seiseki/report/2011/2011-3kyoto10.pdf,official_daily_result_pdf
201108031009,2011,京都,3,10,9,2011-05-22,https://www.jra.go.jp/datafile/seiseki/report/2011/2011-3kyoto10.pdf,official_daily_result_pdf
201108031010,2011,京都,3,10,10,2011-05-22,https://www.jra.go.jp/datafile/seiseki/report/2011/2011-3kyoto10.pdf,official_daily_result_pdf
201108031011,2011,京都,3,10,11,2011-05-22,https://www.jra.go.jp/datafile/seiseki/report/2011/2011-3kyoto10.pdf,official_daily_result_pdf
201108031012,2011,京都,3,10,12,2011-05-22,https://www.jra.go.jp/datafile/seiseki/report/2011/2011-3kyoto10.pdf,official_daily_result_pdf
201108031101,2011,京都,3,11,1,2011-05-28,https://www.jra.go.jp/datafile/seiseki/report/2011/2011-3kyoto11.pdf,official_daily_result_pdf
201108031102,2011,京都,3,11,2,2011-05-28,https://www.jra.go.jp/datafile/seiseki/report/2011/2011-3kyoto11.pdf,official_daily_result_pdf
201108031103,2011,京都,3,11,3,2011-05-28,https://www.jra.go.jp/datafile/seiseki/report/2011/2011-3kyoto11.pdf,official_daily_result_pdf
201108031104,2011,京都,3,11,4,2011-05-28,https://www.jra.go.jp/datafile/seiseki/report/2011/2011-3kyoto11.pdf,official_daily_result_pdf
201108031105,2011,京都,3,11,5,2011-05-28,https://www.jra.go.jp/datafile/seiseki/report/2011/2011-3kyoto11.pdf,official_daily_result_pdf
201108031106,2011,京都,3,11,6,2011-05-28,https://www.jra.go.jp/datafile/seiseki/report/2011/2011-3kyoto11.pdf,official_daily_result_pdf
201108031107,2011,京都,3,11,7,2011-05-28,https://www.jra.go.jp/datafile/seiseki/report/2011/2011-3kyoto11.pdf,official_daily_result_pdf
201108031108,2011,京都,3,11,8,2011-05-28,https://www.jra.go.jp/datafile/seiseki/report/2011/2011-3kyoto11.pdf,official_daily_result_pdf
201108031109,2011,京都,3,11,9,2011-05-28,https://www.jra.go.jp/datafile/seiseki/report/2011/2011-3kyoto11.pdf,official_daily_result_pdf
201108031110,2011,京都,3,11,10,2011-05-28,https://www.jra.go.jp/datafile/seiseki/report/2011/2011-3kyoto11.pdf,official_daily_result_pdf
201108031111,2011,京都,3,11,11,2011-05-28,https://www.jra.go.jp/datafile/seiseki/report/2011/2011-3kyoto11.pdf,official_daily_result_pdf
201108031112,2011,京都,3,11,12,2011-05-28,https://www.jra.go.jp/datafile/seiseki/report/2011/2011-3kyoto11.pdf,official_daily_result_pdf
201108031201,2011,京都,3,12,1,2011-05-29,https://www.jra.go.jp/datafile/seiseki/report/2011/2011-3kyoto12.pdf,official_daily_result_pdf
201108031202,2011,京都,3,12,2,2011-05-29,https://www.jra.go.jp/datafile/seiseki/report/2011/2011-3kyoto12.pdf,official_daily_result_pdf
201108031203,2011,京都,3,12,3,2011-05-29,https://www.jra.go.jp/datafile/seiseki/report/2011/2011-3kyoto12.pdf,official_daily_result_pdf
201108031204,2011,京都,3,12,4,2011-05-29,https://www.jra.go.jp/datafile/seiseki/report/2011/2011-3kyoto12.pdf,official_daily_result_pdf
201108031205,2011,京都,3,12,5,2011-05-29,https://www.jra.go.jp/datafile/seiseki/report/2011/2011-3kyoto12.pdf,official_daily_result_pdf
201108031206,2011,京都,3,12,6,2011-05-29,https://www.jra.go.jp/datafile/seiseki/report/2011/2011-3kyoto12.pdf,official_daily_result_pdf
201108031207,2011,京都,3,12,7,2011-05-29,https://www.jra.go.jp/datafile/seiseki/report/2011/2011-3kyoto12.pdf,official_daily_result_pdf
201108031208,2011,京都,3,12,8,2011-05-29,https://www.jra.go.jp/datafile/seiseki/report/2011/2011-3kyoto12.pdf,official_daily_result_pdf
201108031209,2011,京都,3,12,9,2011-05-29,https://www.jra.go.jp/datafile/seiseki/report/2011/2011-3kyoto12.pdf,official_daily_result_pdf
201108031210,2011,京都,3,12,10,2011-05-29,https://www.jra.go.jp/datafile/seiseki/report/2011/2011-3kyoto12.pdf,official_daily_result_pdf
201108031211,2011,京都,3,12,11,2011-05-29,https://www.jra.go.jp/datafile/seiseki/report/2011/2011-3kyoto12.pdf,official_daily_result_pdf
201108031212,2011,京都,3,12,12,2011-05-29,https://www.jra.go.jp/datafile/seiseki/report/2011/2011-3kyoto12.pdf,official_daily_result_pdf
201108040101,2011,京都,4,1,1,2011-07-02,https://www.jra.go.jp/datafile/seiseki/report/2011/2011-4kyoto1.pdf,official_daily_result_pdf
201108040102,2011,京都,4,1,2,2011-07-02,https://www.jra.go.jp/datafile/seiseki/report/2011/2011-4kyoto1.pdf,official_daily_result_pdf
201108040103,2011,京都,4,1,3,2011-07-02,https://www.jra.go.jp/datafile/seiseki/report/2011/2011-4kyoto1.pdf,official_daily_result_pdf
201108040104,2011,京都,4,1,4,2011-07-02,https://www.jra.go.jp/datafile/seiseki/report/2011/2011-4kyoto1.pdf,official_daily_result_pdf
201108040105,2011,京都,4,1,5,2011-07-02,https://www.jra.go.jp/datafile/seiseki/report/2011/2011-4kyoto1.pdf,official_daily_result_pdf
201108040106,2011,京都,4,1,6,2011-07-02,https://www.jra.go.jp/datafile/seiseki/report/2011/2011-4kyoto1.pdf,official_daily_result_pdf
201108040107,2011,京都,4,1,7,2011-07-02,https://www.jra.go.jp/datafile/seiseki/report/2011/2011-4kyoto1.pdf,official_daily_result_pdf
201108040108,2011,京都,4,1,8,2011-07-02,https://www.jra.go.jp/datafile/seiseki/report/2011/2011-4kyoto1.pdf,official_daily_result_pdf
201108040109,2011,京都,4,1,9,2011-07-02,https://www.jra.go.jp/datafile/seiseki/report/2011/2011-4kyoto1.pdf,official_daily_result_pdf
201108040110,2011,京都,4,1,10,2011-07-02,https://www.jra.go.jp/datafile/seiseki/report/2011/2011-4kyoto1.pdf,official_daily_result_pdf
201108040111,2011,京都,4,1,11,2011-07-02,https://www.jra.go.jp/datafile/seiseki/report/2011/2011-4kyoto1.pdf,official_daily_result_pdf
201108040112,2011,京都,4,1,12,2011-07-02,https://www.jra.go.jp/datafile/seiseki/report/2011/2011-4kyoto1.pdf,official_daily_result_pdf
201108040201,2011,京都,4,2,1,2011-07-03,https://www.jra.go.jp/datafile/seiseki/report/2011/2011-4kyoto2.pdf,official_daily_result_pdf
201108040202,2011,京都,4,2,2,2011-07-03,https://www.jra.go.jp/datafile/seiseki/report/2011/2011-4kyoto2.pdf,official_daily_result_pdf
201108040203,2011,京都,4,2,3,2011-07-03,https://www.jra.go.jp/datafile/seiseki/report/2011/2011-4kyoto2.pdf,official_daily_result_pdf
201108040204,2011,京都,4,2,4,2011-07-03,https://www.jra.go.jp/datafile/seiseki/report/2011/2011-4kyoto2.pdf,official_daily_result_pdf
201108040205,2011,京都,4,2,5,2011-07-03,https://www.jra.go.jp/datafile/seiseki/report/2011/2011-4kyoto2.pdf,official_daily_result_pdf
201108040206,2011,京都,4,2,6,2011-07-03,https://www.jra.go.jp/datafile/seiseki/report/2011/2011-4kyoto2.pdf,official_daily_result_pdf
201108040207,2011,京都,4,2,7,2011-07-03,https://www.jra.go.jp/datafile/seiseki/report/2011/2011-4kyoto2.pdf,official_daily_result_pdf
201108040208,2011,京都,4,2,8,2011-07-03,https://www.jra.go.jp/datafile/seiseki/report/2011/2011-4kyoto2.pdf,official_daily_result_pdf
201108040209,2011,京都,4,2,9,2011-07-03,https://www.jra.go.jp/datafile/seiseki/report/2011/2011-4kyoto2.pdf,official_daily_result_pdf
201108040210,2011,京都,4,2,10,2011-07-03,https://www.jra.go.jp/datafile/seiseki/report/2011/2011-4kyoto2.pdf,official_daily_result_pdf
201108040211,2011,京都,4,2,11,2011-07-03,https://www.jra.go.jp/datafile/seiseki/report/2011/2011-4kyoto2.pdf,official_daily_result_pdf
201108040212,2011,京都,4,2,12,2011-07-03,https://www.jra.go.jp/datafile/seiseki/report/2011/2011-4kyoto2.pdf,official_daily_result_pdf
201108040301,2011,京都,4,3,1,2011-07-09,https://www.jra.go.jp/datafile/seiseki/report/2011/2011-4kyoto3.pdf,official_daily_result_pdf
201108040302,2011,京都,4,3,2,2011-07-09,https://www.jra.go.jp/datafile/seiseki/report/2011/2011-4kyoto3.pdf,official_daily_result_pdf
201108040303,2011,京都,4,3,3,2011-07-09,https://www.jra.go.jp/datafile/seiseki/report/2011/2011-4kyoto3.pdf,official_daily_result_pdf
201108040304,2011,京都,4,3,4,2011-07-09,https://www.jra.go.jp/datafile/seiseki/report/2011/2011-4kyoto3.pdf,official_daily_result_pdf
201108040305,2011,京都,4,3,5,2011-07-09,https://www.jra.go.jp/datafile/seiseki/report/2011/2011-4kyoto3.pdf,official_daily_result_pdf
201108040306,2011,京都,4,3,6,2011-07-09,https://www.jra.go.jp/datafile/seiseki/report/2011/2011-4kyoto3.pdf,official_daily_result_pdf
201108040307,2011,京都,4,3,7,2011-07-09,https://www.jra.go.jp/datafile/seiseki/report/2011/2011-4kyoto3.pdf,official_daily_result_pdf
201108040308,2011,京都,4,3,8,2011-07-09,https://www.jra.go.jp/datafile/seiseki/report/2011/2011-4kyoto3.pdf,official_daily_result_pdf
201108040309,2011,京都,4,3,9,2011-07-09,https://www.jra.go.jp/datafile/seiseki/report/2011/2011-4kyoto3.pdf,official_daily_result_pdf
201108040310,2011,京都,4,3,10,2011-07-09,https://www.jra.go.jp/datafile/seiseki/report/2011/2011-4kyoto3.pdf,official_daily_result_pdf
201108040311,2011,京都,4,3,11,2011-07-09,https://www.jra.go.jp/datafile/seiseki/report/2011/2011-4kyoto3.pdf,official_daily_result_pdf
201108040312,2011,京都,4,3,12,2011-07-09,https://www.jra.go.jp/datafile/seiseki/report/2011/2011-4kyoto3.pdf,official_daily_result_pdf
201108040401,2011,京都,4,4,1,2011-07-10,https://www.jra.go.jp/datafile/seiseki/report/2011/2011-4kyoto4.pdf,official_daily_result_pdf
201108040402,2011,京都,4,4,2,2011-07-10,https://www.jra.go.jp/datafile/seiseki/report/2011/2011-4kyoto4.pdf,official_daily_result_pdf
201108040403,2011,京都,4,4,3,2011-07-10,https://www.jra.go.jp/datafile/seiseki/report/2011/2011-4kyoto4.pdf,official_daily_result_pdf
201108040404,2011,京都,4,4,4,2011-07-10,https://www.jra.go.jp/datafile/seiseki/report/2011/2011-4kyoto4.pdf,official_daily_result_pdf
201108040405,2011,京都,4,4,5,2011-07-10,https://www.jra.go.jp/datafile/seiseki/report/2011/2011-4kyoto4.pdf,official_daily_result_pdf
201108040406,2011,京都,4,4,6,2011-07-10,https://www.jra.go.jp/datafile/seiseki/report/2011/2011-4kyoto4.pdf,official_daily_result_pdf
201108040407,2011,京都,4,4,7,2011-07-10,https://www.jra.go.jp/datafile/seiseki/report/2011/2011-4kyoto4.pdf,official_daily_result_pdf
201108040408,2011,京都,4,4,8,2011-07-10,https://www.jra.go.jp/datafile/seiseki/report/2011/2011-4kyoto4.pdf,official_daily_result_pdf
201108040409,2011,京都,4,4,9,2011-07-10,https://www.jra.go.jp/datafile/seiseki/report/2011/2011-4kyoto4.pdf,official_daily_result_pdf
201108040410,2011,京都,4,4,10,2011-07-10,https://www.jra.go.jp/datafile/seiseki/report/2011/2011-4kyoto4.pdf,official_daily_result_pdf
201108040411,2011,京都,4,4,11,2011-07-10,https://www.jra.go.jp/datafile/seiseki/report/2011/2011-4kyoto4.pdf,official_daily_result_pdf
201108040412,2011,京都,4,4,12,2011-07-10,https://www.jra.go.jp/datafile/seiseki/report/2011/2011-4kyoto4.pdf,official_daily_result_pdf
201108040501,2011,京都,4,5,1,2011-07-16,https://www.jra.go.jp/datafile/seiseki/report/2011/2011-4kyoto5.pdf,official_daily_result_pdf
201108040502,2011,京都,4,5,2,2011-07-16,https://www.jra.go.jp/datafile/seiseki/report/2011/2011-4kyoto5.pdf,official_daily_result_pdf
201108040503,2011,京都,4,5,3,2011-07-16,https://www.jra.go.jp/datafile/seiseki/report/2011/2011-4kyoto5.pdf,official_daily_result_pdf
201108040504,2011,京都,4,5,4,2011-07-16,https://www.jra.go.jp/datafile/seiseki/report/2011/2011-4kyoto5.pdf,official_daily_result_pdf
201108040505,2011,京都,4,5,5,2011-07-16,https://www.jra.go.jp/datafile/seiseki/report/2011/2011-4kyoto5.pdf,official_daily_result_pdf
201108040506,2011,京都,4,5,6,2011-07-16,https://www.jra.go.jp/datafile/seiseki/report/2011/2011-4kyoto5.pdf,official_daily_result_pdf
201108040507,2011,京都,4,5,7,2011-07-16,https://www.jra.go.jp/datafile/seiseki/report/2011/2011-4kyoto5.pdf,official_daily_result_pdf
201108040508,2011,京都,4,5,8,2011-07-16,https://www.jra.go.jp/datafile/seiseki/report/2011/2011-4kyoto5.pdf,official_daily_result_pdf
201108040509,2011,京都,4,5,9,2011-07-16,https://www.jra.go.jp/datafile/seiseki/report/2011/2011-4kyoto5.pdf,official_daily_result_pdf
201108040510,2011,京都,4,5,10,2011-07-16,https://www.jra.go.jp/datafile/seiseki/report/2011/2011-4kyoto5.pdf,official_daily_result_pdf
201108040511,2011,京都,4,5,11,2011-07-16,https://www.jra.go.jp/datafile/seiseki/report/2011/2011-4kyoto5.pdf,official_daily_result_pdf
201108040512,2011,京都,4,5,12,2011-07-16,https://www.jra.go.jp/datafile/seiseki/report/2011/2011-4kyoto5.pdf,official_daily_result_pdf
201108040601,2011,京都,4,6,1,2011-07-17,https://www.jra.go.jp/datafile/seiseki/report/2011/2011-4kyoto6.pdf,official_daily_result_pdf
201108040602,2011,京都,4,6,2,2011-07-17,https://www.jra.go.jp/datafile/seiseki/report/2011/2011-4kyoto6.pdf,official_daily_result_pdf
201108040603,2011,京都,4,6,3,2011-07-17,https://www.jra.go.jp/datafile/seiseki/report/2011/2011-4kyoto6.pdf,official_daily_result_pdf
201108040604,2011,京都,4,6,4,2011-07-17,https://www.jra.go.jp/datafile/seiseki/report/2011/2011-4kyoto6.pdf,official_daily_result_pdf
201108040605,2011,京都,4,6,5,2011-07-17,https://www.jra.go.jp/datafile/seiseki/report/2011/2011-4kyoto6.pdf,official_daily_result_pdf
201108040606,2011,京都,4,6,6,2011-07-17,https://www.jra.go.jp/datafile/seiseki/report/2011/2011-4kyoto6.pdf,official_daily_result_pdf
201108040607,2011,京都,4,6,7,2011-07-17,https://www.jra.go.jp/datafile/seiseki/report/2011/2011-4kyoto6.pdf,official_daily_result_pdf
201108040608,2011,京都,4,6,8,2011-07-17,https://www.jra.go.jp/datafile/seiseki/report/2011/2011-4kyoto6.pdf,official_daily_result_pdf
201108040609,2011,京都,4,6,9,2011-07-17,https://www.jra.go.jp/datafile/seiseki/report/2011/2011-4kyoto6.pdf,official_daily_result_pdf
201108040610,2011,京都,4,6,10,2011-07-17,https://www.jra.go.jp/datafile/seiseki/report/2011/2011-4kyoto6.pdf,official_daily_result_pdf
201108040611,2011,京都,4,6,11,2011-07-17,https://www.jra.go.jp/datafile/seiseki/report/2011/2011-4kyoto6.pdf,official_daily_result_pdf
201108040612,2011,京都,4,6,12,2011-07-17,https://www.jra.go.jp/datafile/seiseki/report/2011/2011-4kyoto6.pdf,official_daily_result_pdf
201108040701,2011,京都,4,7,1,2011-07-23,https://www.jra.go.jp/datafile/seiseki/report/2011/2011-4kyoto7.pdf,official_daily_result_pdf
201108040702,2011,京都,4,7,2,2011-07-23,https://www.jra.go.jp/datafile/seiseki/report/2011/2011-4kyoto7.pdf,official_daily_result_pdf
201108040703,2011,京都,4,7,3,2011-07-23,https://www.jra.go.jp/datafile/seiseki/report/2011/2011-4kyoto7.pdf,official_daily_result_pdf
201108040704,2011,京都,4,7,4,2011-07-23,https://www.jra.go.jp/datafile/seiseki/report/2011/2011-4kyoto7.pdf,official_daily_result_pdf
201108040705,2011,京都,4,7,5,2011-07-23,https://www.jra.go.jp/datafile/seiseki/report/2011/2011-4kyoto7.pdf,official_daily_result_pdf
201108040706,2011,京都,4,7,6,2011-07-23,https://www.jra.go.jp/datafile/seiseki/report/2011/2011-4kyoto7.pdf,official_daily_result_pdf
201108040707,2011,京都,4,7,7,2011-07-23,https://www.jra.go.jp/datafile/seiseki/report/2011/2011-4kyoto7.pdf,official_daily_result_pdf
201108040708,2011,京都,4,7,8,2011-07-23,https://www.jra.go.jp/datafile/seiseki/report/2011/2011-4kyoto7.pdf,official_daily_result_pdf
201108040709,2011,京都,4,7,9,2011-07-23,https://www.jra.go.jp/datafile/seiseki/report/2011/2011-4kyoto7.pdf,official_daily_result_pdf
201108040710,2011,京都,4,7,10,2011-07-23,https://www.jra.go.jp/datafile/seiseki/report/2011/2011-4kyoto7.pdf,official_daily_result_pdf
201108040711,2011,京都,4,7,11,2011-07-23,https://www.jra.go.jp/datafile/seiseki/report/2011/2011-4kyoto7.pdf,official_daily_result_pdf
201108040712,2011,京都,4,7,12,2011-07-23,https://www.jra.go.jp/datafile/seiseki/report/2011/2011-4kyoto7.pdf,official_daily_result_pdf
201108040801,2011,京都,4,8,1,2011-07-24,https://www.jra.go.jp/datafile/seiseki/report/2011/2011-4kyoto8.pdf,official_daily_result_pdf
201108040802,2011,京都,4,8,2,2011-07-24,https://www.jra.go.jp/datafile/seiseki/report/2011/2011-4kyoto8.pdf,official_daily_result_pdf
201108040803,2011,京都,4,8,3,2011-07-24,https://www.jra.go.jp/datafile/seiseki/report/2011/2011-4kyoto8.pdf,official_daily_result_pdf
201108040804,2011,京都,4,8,4,2011-07-24,https://www.jra.go.jp/datafile/seiseki/report/2011/2011-4kyoto8.pdf,official_daily_result_pdf
201108040805,2011,京都,4,8,5,2011-07-24,https://www.jra.go.jp/datafile/seiseki/report/2011/2011-4kyoto8.pdf,official_daily_result_pdf
201108040806,2011,京都,4,8,6,2011-07-24,https://www.jra.go.jp/datafile/seiseki/report/2011/2011-4kyoto8.pdf,official_daily_result_pdf
201108040807,2011,京都,4,8,7,2011-07-24,https://www.jra.go.jp/datafile/seiseki/report/2011/2011-4kyoto8.pdf,official_daily_result_pdf
201108040808,2011,京都,4,8,8,2011-07-24,https://www.jra.go.jp/datafile/seiseki/report/2011/2011-4kyoto8.pdf,official_daily_result_pdf
201108040809,2011,京都,4,8,9,2011-07-24,https://www.jra.go.jp/datafile/seiseki/report/2011/2011-4kyoto8.pdf,official_daily_result_pdf
201108040810,2011,京都,4,8,10,2011-07-24,https://www.jra.go.jp/datafile/seiseki/report/2011/2011-4kyoto8.pdf,official_daily_result_pdf
201108040811,2011,京都,4,8,11,2011-07-24,https://www.jra.go.jp/datafile/seiseki/report/2011/2011-4kyoto8.pdf,official_daily_result_pdf
201108040812,2011,京都,4,8,12,2011-07-24,https://www.jra.go.jp/datafile/seiseki/report/2011/2011-4kyoto8.pdf,official_daily_result_pdf
201108050101,2011,京都,5,1,1,2011-10-08,https://www.jra.go.jp/datafile/seiseki/report/2011/2011-5kyoto1.pdf,official_daily_result_pdf
201108050102,2011,京都,5,1,2,2011-10-08,https://www.jra.go.jp/datafile/seiseki/report/2011/2011-5kyoto1.pdf,official_daily_result_pdf
201108050103,2011,京都,5,1,3,2011-10-08,https://www.jra.go.jp/datafile/seiseki/report/2011/2011-5kyoto1.pdf,official_daily_result_pdf
201108050104,2011,京都,5,1,4,2011-10-08,https://www.jra.go.jp/datafile/seiseki/report/2011/2011-5kyoto1.pdf,official_daily_result_pdf
201108050105,2011,京都,5,1,5,2011-10-08,https://www.jra.go.jp/datafile/seiseki/report/2011/2011-5kyoto1.pdf,official_daily_result_pdf
201108050106,2011,京都,5,1,6,2011-10-08,https://www.jra.go.jp/datafile/seiseki/report/2011/2011-5kyoto1.pdf,official_daily_result_pdf
201108050107,2011,京都,5,1,7,2011-10-08,https://www.jra.go.jp/datafile/seiseki/report/2011/2011-5kyoto1.pdf,official_daily_result_pdf
201108050108,2011,京都,5,1,8,2011-10-08,https://www.jra.go.jp/datafile/seiseki/report/2011/2011-5kyoto1.pdf,official_daily_result_pdf
201108050109,2011,京都,5,1,9,2011-10-08,https://www.jra.go.jp/datafile/seiseki/report/2011/2011-5kyoto1.pdf,official_daily_result_pdf
201108050110,2011,京都,5,1,10,2011-10-08,https://www.jra.go.jp/datafile/seiseki/report/2011/2011-5kyoto1.pdf,official_daily_result_pdf
201108050111,2011,京都,5,1,11,2011-10-08,https://www.jra.go.jp/datafile/seiseki/report/2011/2011-5kyoto1.pdf,official_daily_result_pdf
201108050112,2011,京都,5,1,12,2011-10-08,https://www.jra.go.jp/datafile/seiseki/report/2011/2011-5kyoto1.pdf,official_daily_result_pdf
201108050201,2011,京都,5,2,1,2011-10-09,https://www.jra.go.jp/datafile/seiseki/report/2011/2011-5kyoto2.pdf,official_daily_result_pdf
201108050202,2011,京都,5,2,2,2011-10-09,https://www.jra.go.jp/datafile/seiseki/report/2011/2011-5kyoto2.pdf,official_daily_result_pdf
201108050203,2011,京都,5,2,3,2011-10-09,https://www.jra.go.jp/datafile/seiseki/report/2011/2011-5kyoto2.pdf,official_daily_result_pdf
201108050204,2011,京都,5,2,4,2011-10-09,https://www.jra.go.jp/datafile/seiseki/report/2011/2011-5kyoto2.pdf,official_daily_result_pdf
201108050205,2011,京都,5,2,5,2011-10-09,https://www.jra.go.jp/datafile/seiseki/report/2011/2011-5kyoto2.pdf,official_daily_result_pdf
201108050206,2011,京都,5,2,6,2011-10-09,https://www.jra.go.jp/datafile/seiseki/report/2011/2011-5kyoto2.pdf,official_daily_result_pdf
201108050207,2011,京都,5,2,7,2011-10-09,https://www.jra.go.jp/datafile/seiseki/report/2011/2011-5kyoto2.pdf,official_daily_result_pdf
201108050208,2011,京都,5,2,8,2011-10-09,https://www.jra.go.jp/datafile/seiseki/report/2011/2011-5kyoto2.pdf,official_daily_result_pdf
201108050209,2011,京都,5,2,9,2011-10-09,https://www.jra.go.jp/datafile/seiseki/report/2011/2011-5kyoto2.pdf,official_daily_result_pdf
201108050210,2011,京都,5,2,10,2011-10-09,https://www.jra.go.jp/datafile/seiseki/report/2011/2011-5kyoto2.pdf,official_daily_result_pdf
201108050211,2011,京都,5,2,11,2011-10-09,https://www.jra.go.jp/datafile/seiseki/report/2011/2011-5kyoto2.pdf,official_daily_result_pdf
201108050212,2011,京都,5,2,12,2011-10-09,https://www.jra.go.jp/datafile/seiseki/report/2011/2011-5kyoto2.pdf,official_daily_result_pdf
201108050301,2011,京都,5,3,1,2011-10-15,https://www.jra.go.jp/datafile/seiseki/report/2011/2011-5kyoto3.pdf,official_daily_result_pdf
201108050302,2011,京都,5,3,2,2011-10-15,https://www.jra.go.jp/datafile/seiseki/report/2011/2011-5kyoto3.pdf,official_daily_result_pdf
201108050303,2011,京都,5,3,3,2011-10-15,https://www.jra.go.jp/datafile/seiseki/report/2011/2011-5kyoto3.pdf,official_daily_result_pdf
201108050304,2011,京都,5,3,4,2011-10-15,https://www.jra.go.jp/datafile/seiseki/report/2011/2011-5kyoto3.pdf,official_daily_result_pdf
201108050305,2011,京都,5,3,5,2011-10-15,https://www.jra.go.jp/datafile/seiseki/report/2011/2011-5kyoto3.pdf,official_daily_result_pdf
201108050306,2011,京都,5,3,6,2011-10-15,https://www.jra.go.jp/datafile/seiseki/report/2011/2011-5kyoto3.pdf,official_daily_result_pdf
201108050307,2011,京都,5,3,7,2011-10-15,https://www.jra.go.jp/datafile/seiseki/report/2011/2011-5kyoto3.pdf,official_daily_result_pdf
201108050308,2011,京都,5,3,8,2011-10-15,https://www.jra.go.jp/datafile/seiseki/report/2011/2011-5kyoto3.pdf,official_daily_result_pdf
201108050309,2011,京都,5,3,9,2011-10-15,https://www.jra.go.jp/datafile/seiseki/report/2011/2011-5kyoto3.pdf,official_daily_result_pdf
201108050310,2011,京都,5,3,10,2011-10-15,https://www.jra.go.jp/datafile/seiseki/report/2011/2011-5kyoto3.pdf,official_daily_result_pdf
201108050311,2011,京都,5,3,11,2011-10-15,https://www.jra.go.jp/datafile/seiseki/report/2011/2011-5kyoto3.pdf,official_daily_result_pdf
201108050312,2011,京都,5,3,12,2011-10-15,https://www.jra.go.jp/datafile/seiseki/report/2011/2011-5kyoto3.pdf,official_daily_result_pdf
201108050401,2011,京都,5,4,1,2011-10-16,https://www.jra.go.jp/datafile/seiseki/report/2011/2011-5kyoto4.pdf,official_daily_result_pdf
201108050402,2011,京都,5,4,2,2011-10-16,https://www.jra.go.jp/datafile/seiseki/report/2011/2011-5kyoto4.pdf,official_daily_result_pdf
201108050403,2011,京都,5,4,3,2011-10-16,https://www.jra.go.jp/datafile/seiseki/report/2011/2011-5kyoto4.pdf,official_daily_result_pdf
201108050404,2011,京都,5,4,4,2011-10-16,https://www.jra.go.jp/datafile/seiseki/report/2011/2011-5kyoto4.pdf,official_daily_result_pdf
201108050405,2011,京都,5,4,5,2011-10-16,https://www.jra.go.jp/datafile/seiseki/report/2011/2011-5kyoto4.pdf,official_daily_result_pdf
201108050406,2011,京都,5,4,6,2011-10-16,https://www.jra.go.jp/datafile/seiseki/report/2011/2011-5kyoto4.pdf,official_daily_result_pdf
201108050407,2011,京都,5,4,7,2011-10-16,https://www.jra.go.jp/datafile/seiseki/report/2011/2011-5kyoto4.pdf,official_daily_result_pdf
201108050408,2011,京都,5,4,8,2011-10-16,https://www.jra.go.jp/datafile/seiseki/report/2011/2011-5kyoto4.pdf,official_daily_result_pdf
201108050409,2011,京都,5,4,9,2011-10-16,https://www.jra.go.jp/datafile/seiseki/report/2011/2011-5kyoto4.pdf,official_daily_result_pdf
201108050410,2011,京都,5,4,10,2011-10-16,https://www.jra.go.jp/datafile/seiseki/report/2011/2011-5kyoto4.pdf,official_daily_result_pdf
201108050411,2011,京都,5,4,11,2011-10-16,https://www.jra.go.jp/datafile/seiseki/report/2011/2011-5kyoto4.pdf,official_daily_result_pdf
201108050412,2011,京都,5,4,12,2011-10-16,https://www.jra.go.jp/datafile/seiseki/report/2011/2011-5kyoto4.pdf,official_daily_result_pdf
201108050501,2011,京都,5,5,1,2011-10-22,https://www.jra.go.jp/datafile/seiseki/report/2011/2011-5kyoto5.pdf,official_daily_result_pdf
201108050502,2011,京都,5,5,2,2011-10-22,https://www.jra.go.jp/datafile/seiseki/report/2011/2011-5kyoto5.pdf,official_daily_result_pdf
201108050503,2011,京都,5,5,3,2011-10-22,https://www.jra.go.jp/datafile/seiseki/report/2011/2011-5kyoto5.pdf,official_daily_result_pdf
201108050504,2011,京都,5,5,4,2011-10-22,https://www.jra.go.jp/datafile/seiseki/report/2011/2011-5kyoto5.pdf,official_daily_result_pdf
201108050505,2011,京都,5,5,5,2011-10-22,https://www.jra.go.jp/datafile/seiseki/report/2011/2011-5kyoto5.pdf,official_daily_result_pdf
201108050506,2011,京都,5,5,6,2011-10-22,https://www.jra.go.jp/datafile/seiseki/report/2011/2011-5kyoto5.pdf,official_daily_result_pdf
201108050507,2011,京都,5,5,7,2011-10-22,https://www.jra.go.jp/datafile/seiseki/report/2011/2011-5kyoto5.pdf,official_daily_result_pdf
201108050508,2011,京都,5,5,8,2011-10-22,https://www.jra.go.jp/datafile/seiseki/report/2011/2011-5kyoto5.pdf,official_daily_result_pdf
201108050509,2011,京都,5,5,9,2011-10-22,https://www.jra.go.jp/datafile/seiseki/report/2011/2011-5kyoto5.pdf,official_daily_result_pdf
201108050510,2011,京都,5,5,10,2011-10-22,https://www.jra.go.jp/datafile/seiseki/report/2011/2011-5kyoto5.pdf,official_daily_result_pdf
201108050511,2011,京都,5,5,11,2011-10-22,https://www.jra.go.jp/datafile/seiseki/report/2011/2011-5kyoto5.pdf,official_daily_result_pdf
201108050512,2011,京都,5,5,12,2011-10-22,https://www.jra.go.jp/datafile/seiseki/report/2011/2011-5kyoto5.pdf,official_daily_result_pdf
201108050601,2011,京都,5,6,1,2011-10-23,https://www.jra.go.jp/datafile/seiseki/report/2011/2011-5kyoto6.pdf,official_daily_result_pdf
201108050602,2011,京都,5,6,2,2011-10-23,https://www.jra.go.jp/datafile/seiseki/report/2011/2011-5kyoto6.pdf,official_daily_result_pdf
201108050603,2011,京都,5,6,3,2011-10-23,https://www.jra.go.jp/datafile/seiseki/report/2011/2011-5kyoto6.pdf,official_daily_result_pdf
201108050604,2011,京都,5,6,4,2011-10-23,https://www.jra.go.jp/datafile/seiseki/report/2011/2011-5kyoto6.pdf,official_daily_result_pdf
201108050605,2011,京都,5,6,5,2011-10-23,https://www.jra.go.jp/datafile/seiseki/report/2011/2011-5kyoto6.pdf,official_daily_result_pdf
201108050606,2011,京都,5,6,6,2011-10-23,https://www.jra.go.jp/datafile/seiseki/report/2011/2011-5kyoto6.pdf,official_daily_result_pdf
201108050607,2011,京都,5,6,7,2011-10-23,https://www.jra.go.jp/datafile/seiseki/report/2011/2011-5kyoto6.pdf,official_daily_result_pdf
201108050608,2011,京都,5,6,8,2011-10-23,https://www.jra.go.jp/datafile/seiseki/report/2011/2011-5kyoto6.pdf,official_daily_result_pdf
201108050609,2011,京都,5,6,9,2011-10-23,https://www.jra.go.jp/datafile/seiseki/report/2011/2011-5kyoto6.pdf,official_daily_result_pdf
201108050610,2011,京都,5,6,10,2011-10-23,https://www.jra.go.jp/datafile/seiseki/report/2011/2011-5kyoto6.pdf,official_daily_result_pdf
201108050611,2011,京都,5,6,11,2011-10-23,https://www.jra.go.jp/datafile/seiseki/report/2011/2011-5kyoto6.pdf,official_daily_result_pdf
201108050612,2011,京都,5,6,12,2011-10-23,https://www.jra.go.jp/datafile/seiseki/report/2011/2011-5kyoto6.pdf,official_daily_result_pdf
201108050701,2011,京都,5,7,1,2011-10-29,https://www.jra.go.jp/datafile/seiseki/report/2011/2011-5kyoto7.pdf,official_daily_result_pdf
201108050702,2011,京都,5,7,2,2011-10-29,https://www.jra.go.jp/datafile/seiseki/report/2011/2011-5kyoto7.pdf,official_daily_result_pdf
201108050703,2011,京都,5,7,3,2011-10-29,https://www.jra.go.jp/datafile/seiseki/report/2011/2011-5kyoto7.pdf,official_daily_result_pdf
201108050704,2011,京都,5,7,4,2011-10-29,https://www.jra.go.jp/datafile/seiseki/report/2011/2011-5kyoto7.pdf,official_daily_result_pdf
201108050705,2011,京都,5,7,5,2011-10-29,https://www.jra.go.jp/datafile/seiseki/report/2011/2011-5kyoto7.pdf,official_daily_result_pdf
201108050706,2011,京都,5,7,6,2011-10-29,https://www.jra.go.jp/datafile/seiseki/report/2011/2011-5kyoto7.pdf,official_daily_result_pdf
201108050707,2011,京都,5,7,7,2011-10-29,https://www.jra.go.jp/datafile/seiseki/report/2011/2011-5kyoto7.pdf,official_daily_result_pdf
201108050708,2011,京都,5,7,8,2011-10-29,https://www.jra.go.jp/datafile/seiseki/report/2011/2011-5kyoto7.pdf,official_daily_result_pdf
201108050709,2011,京都,5,7,9,2011-10-29,https://www.jra.go.jp/datafile/seiseki/report/2011/2011-5kyoto7.pdf,official_daily_result_pdf
201108050710,2011,京都,5,7,10,2011-10-29,https://www.jra.go.jp/datafile/seiseki/report/2011/2011-5kyoto7.pdf,official_daily_result_pdf
201108050711,2011,京都,5,7,11,2011-10-29,https://www.jra.go.jp/datafile/seiseki/report/2011/2011-5kyoto7.pdf,official_daily_result_pdf
201108050712,2011,京都,5,7,12,2011-10-29,https://www.jra.go.jp/datafile/seiseki/report/2011/2011-5kyoto7.pdf,official_daily_result_pdf
201108050801,2011,京都,5,8,1,2011-10-30,https://www.jra.go.jp/datafile/seiseki/report/2011/2011-5kyoto8.pdf,official_daily_result_pdf
201108050802,2011,京都,5,8,2,2011-10-30,https://www.jra.go.jp/datafile/seiseki/report/2011/2011-5kyoto8.pdf,official_daily_result_pdf
201108050803,2011,京都,5,8,3,2011-10-30,https://www.jra.go.jp/datafile/seiseki/report/2011/2011-5kyoto8.pdf,official_daily_result_pdf
201108050804,2011,京都,5,8,4,2011-10-30,https://www.jra.go.jp/datafile/seiseki/report/2011/2011-5kyoto8.pdf,official_daily_result_pdf
201108050805,2011,京都,5,8,5,2011-10-30,https://www.jra.go.jp/datafile/seiseki/report/2011/2011-5kyoto8.pdf,official_daily_result_pdf
201108050806,2011,京都,5,8,6,2011-10-30,https://www.jra.go.jp/datafile/seiseki/report/2011/2011-5kyoto8.pdf,official_daily_result_pdf
201108050807,2011,京都,5,8,7,2011-10-30,https://www.jra.go.jp/datafile/seiseki/report/2011/2011-5kyoto8.pdf,official_daily_result_pdf
201108050808,2011,京都,5,8,8,2011-10-30,https://www.jra.go.jp/datafile/seiseki/report/2011/2011-5kyoto8.pdf,official_daily_result_pdf
201108050809,2011,京都,5,8,9,2011-10-30,https://www.jra.go.jp/datafile/seiseki/report/2011/2011-5kyoto8.pdf,official_daily_result_pdf
201108050810,2011,京都,5,8,10,2011-10-30,https://www.jra.go.jp/datafile/seiseki/report/2011/2011-5kyoto8.pdf,official_daily_result_pdf
201108050811,2011,京都,5,8,11,2011-10-30,https://www.jra.go.jp/datafile/seiseki/report/2011/2011-5kyoto8.pdf,official_daily_result_pdf
201108050812,2011,京都,5,8,12,2011-10-30,https://www.jra.go.jp/datafile/seiseki/report/2011/2011-5kyoto8.pdf,official_daily_result_pdf
201108060101,2011,京都,6,1,1,2011-11-05,https://www.jra.go.jp/datafile/seiseki/report/2011/2011-6kyoto1.pdf,official_daily_result_pdf
201108060102,2011,京都,6,1,2,2011-11-05,https://www.jra.go.jp/datafile/seiseki/report/2011/2011-6kyoto1.pdf,official_daily_result_pdf
201108060103,2011,京都,6,1,3,2011-11-05,https://www.jra.go.jp/datafile/seiseki/report/2011/2011-6kyoto1.pdf,official_daily_result_pdf
201108060104,2011,京都,6,1,4,2011-11-05,https://www.jra.go.jp/datafile/seiseki/report/2011/2011-6kyoto1.pdf,official_daily_result_pdf
201108060105,2011,京都,6,1,5,2011-11-05,https://www.jra.go.jp/datafile/seiseki/report/2011/2011-6kyoto1.pdf,official_daily_result_pdf
201108060106,2011,京都,6,1,6,2011-11-05,https://www.jra.go.jp/datafile/seiseki/report/2011/2011-6kyoto1.pdf,official_daily_result_pdf
201108060107,2011,京都,6,1,7,2011-11-05,https://www.jra.go.jp/datafile/seiseki/report/2011/2011-6kyoto1.pdf,official_daily_result_pdf
201108060108,2011,京都,6,1,8,2011-11-05,https://www.jra.go.jp/datafile/seiseki/report/2011/2011-6kyoto1.pdf,official_daily_result_pdf
201108060109,2011,京都,6,1,9,2011-11-05,https://www.jra.go.jp/datafile/seiseki/report/2011/2011-6kyoto1.pdf,official_daily_result_pdf
201108060110,2011,京都,6,1,10,2011-11-05,https://www.jra.go.jp/datafile/seiseki/report/2011/2011-6kyoto1.pdf,official_daily_result_pdf
201108060111,2011,京都,6,1,11,2011-11-05,https://www.jra.go.jp/datafile/seiseki/report/2011/2011-6kyoto1.pdf,official_daily_result_pdf
201108060112,2011,京都,6,1,12,2011-11-05,https://www.jra.go.jp/datafile/seiseki/report/2011/2011-6kyoto1.pdf,official_daily_result_pdf
201108060201,2011,京都,6,2,1,2011-11-06,https://www.jra.go.jp/datafile/seiseki/report/2011/2011-6kyoto2.pdf,official_daily_result_pdf
201108060202,2011,京都,6,2,2,2011-11-06,https://www.jra.go.jp/datafile/seiseki/report/2011/2011-6kyoto2.pdf,official_daily_result_pdf
201108060203,2011,京都,6,2,3,2011-11-06,https://www.jra.go.jp/datafile/seiseki/report/2011/2011-6kyoto2.pdf,official_daily_result_pdf
201108060204,2011,京都,6,2,4,2011-11-06,https://www.jra.go.jp/datafile/seiseki/report/2011/2011-6kyoto2.pdf,official_daily_result_pdf
201108060205,2011,京都,6,2,5,2011-11-06,https://www.jra.go.jp/datafile/seiseki/report/2011/2011-6kyoto2.pdf,official_daily_result_pdf
201108060206,2011,京都,6,2,6,2011-11-06,https://www.jra.go.jp/datafile/seiseki/report/2011/2011-6kyoto2.pdf,official_daily_result_pdf
201108060207,2011,京都,6,2,7,2011-11-06,https://www.jra.go.jp/datafile/seiseki/report/2011/2011-6kyoto2.pdf,official_daily_result_pdf
201108060208,2011,京都,6,2,8,2011-11-06,https://www.jra.go.jp/datafile/seiseki/report/2011/2011-6kyoto2.pdf,official_daily_result_pdf
201108060209,2011,京都,6,2,9,2011-11-06,https://www.jra.go.jp/datafile/seiseki/report/2011/2011-6kyoto2.pdf,official_daily_result_pdf
201108060210,2011,京都,6,2,10,2011-11-06,https://www.jra.go.jp/datafile/seiseki/report/2011/2011-6kyoto2.pdf,official_daily_result_pdf
201108060211,2011,京都,6,2,11,2011-11-06,https://www.jra.go.jp/datafile/seiseki/report/2011/2011-6kyoto2.pdf,official_daily_result_pdf
201108060212,2011,京都,6,2,12,2011-11-06,https://www.jra.go.jp/datafile/seiseki/report/2011/2011-6kyoto2.pdf,official_daily_result_pdf
201108060301,2011,京都,6,3,1,2011-11-12,https://www.jra.go.jp/datafile/seiseki/report/2011/2011-6kyoto3.pdf,official_daily_result_pdf
201108060302,2011,京都,6,3,2,2011-11-12,https://www.jra.go.jp/datafile/seiseki/report/2011/2011-6kyoto3.pdf,official_daily_result_pdf
201108060303,2011,京都,6,3,3,2011-11-12,https://www.jra.go.jp/datafile/seiseki/report/2011/2011-6kyoto3.pdf,official_daily_result_pdf
201108060304,2011,京都,6,3,4,2011-11-12,https://www.jra.go.jp/datafile/seiseki/report/2011/2011-6kyoto3.pdf,official_daily_result_pdf
201108060305,2011,京都,6,3,5,2011-11-12,https://www.jra.go.jp/datafile/seiseki/report/2011/2011-6kyoto3.pdf,official_daily_result_pdf
201108060306,2011,京都,6,3,6,2011-11-12,https://www.jra.go.jp/datafile/seiseki/report/2011/2011-6kyoto3.pdf,official_daily_result_pdf
201108060307,2011,京都,6,3,7,2011-11-12,https://www.jra.go.jp/datafile/seiseki/report/2011/2011-6kyoto3.pdf,official_daily_result_pdf
201108060308,2011,京都,6,3,8,2011-11-12,https://www.jra.go.jp/datafile/seiseki/report/2011/2011-6kyoto3.pdf,official_daily_result_pdf
201108060309,2011,京都,6,3,9,2011-11-12,https://www.jra.go.jp/datafile/seiseki/report/2011/2011-6kyoto3.pdf,official_daily_result_pdf
201108060310,2011,京都,6,3,10,2011-11-12,https://www.jra.go.jp/datafile/seiseki/report/2011/2011-6kyoto3.pdf,official_daily_result_pdf
201108060311,2011,京都,6,3,11,2011-11-12,https://www.jra.go.jp/datafile/seiseki/report/2011/2011-6kyoto3.pdf,official_daily_result_pdf
201108060312,2011,京都,6,3,12,2011-11-12,https://www.jra.go.jp/datafile/seiseki/report/2011/2011-6kyoto3.pdf,official_daily_result_pdf
201108060401,2011,京都,6,4,1,2011-11-13,https://www.jra.go.jp/datafile/seiseki/report/2011/2011-6kyoto4.pdf,official_daily_result_pdf
201108060402,2011,京都,6,4,2,2011-11-13,https://www.jra.go.jp/datafile/seiseki/report/2011/2011-6kyoto4.pdf,official_daily_result_pdf
201108060403,2011,京都,6,4,3,2011-11-13,https://www.jra.go.jp/datafile/seiseki/report/2011/2011-6kyoto4.pdf,official_daily_result_pdf
201108060404,2011,京都,6,4,4,2011-11-13,https://www.jra.go.jp/datafile/seiseki/report/2011/2011-6kyoto4.pdf,official_daily_result_pdf
201108060405,2011,京都,6,4,5,2011-11-13,https://www.jra.go.jp/datafile/seiseki/report/2011/2011-6kyoto4.pdf,official_daily_result_pdf
201108060406,2011,京都,6,4,6,2011-11-13,https://www.jra.go.jp/datafile/seiseki/report/2011/2011-6kyoto4.pdf,official_daily_result_pdf
201108060407,2011,京都,6,4,7,2011-11-13,https://www.jra.go.jp/datafile/seiseki/report/2011/2011-6kyoto4.pdf,official_daily_result_pdf
201108060408,2011,京都,6,4,8,2011-11-13,https://www.jra.go.jp/datafile/seiseki/report/2011/2011-6kyoto4.pdf,official_daily_result_pdf
201108060409,2011,京都,6,4,9,2011-11-13,https://www.jra.go.jp/datafile/seiseki/report/2011/2011-6kyoto4.pdf,official_daily_result_pdf
201108060410,2011,京都,6,4,10,2011-11-13,https://www.jra.go.jp/datafile/seiseki/report/2011/2011-6kyoto4.pdf,official_daily_result_pdf
201108060411,2011,京都,6,4,11,2011-11-13,https://www.jra.go.jp/datafile/seiseki/report/2011/2011-6kyoto4.pdf,official_daily_result_pdf
201108060412,2011,京都,6,4,12,2011-11-13,https://www.jra.go.jp/datafile/seiseki/report/2011/2011-6kyoto4.pdf,official_daily_result_pdf
201108060501,2011,京都,6,5,1,2011-11-19,https://www.jra.go.jp/datafile/seiseki/report/2011/2011-6kyoto5.pdf,official_daily_result_pdf
201108060502,2011,京都,6,5,2,2011-11-19,https://www.jra.go.jp/datafile/seiseki/report/2011/2011-6kyoto5.pdf,official_daily_result_pdf
201108060503,2011,京都,6,5,3,2011-11-19,https://www.jra.go.jp/datafile/seiseki/report/2011/2011-6kyoto5.pdf,official_daily_result_pdf
201108060504,2011,京都,6,5,4,2011-11-19,https://www.jra.go.jp/datafile/seiseki/report/2011/2011-6kyoto5.pdf,official_daily_result_pdf
201108060505,2011,京都,6,5,5,2011-11-19,https://www.jra.go.jp/datafile/seiseki/report/2011/2011-6kyoto5.pdf,official_daily_result_pdf
201108060506,2011,京都,6,5,6,2011-11-19,https://www.jra.go.jp/datafile/seiseki/report/2011/2011-6kyoto5.pdf,official_daily_result_pdf
201108060507,2011,京都,6,5,7,2011-11-19,https://www.jra.go.jp/datafile/seiseki/report/2011/2011-6kyoto5.pdf,official_daily_result_pdf
201108060508,2011,京都,6,5,8,2011-11-19,https://www.jra.go.jp/datafile/seiseki/report/2011/2011-6kyoto5.pdf,official_daily_result_pdf
201108060509,2011,京都,6,5,9,2011-11-19,https://www.jra.go.jp/datafile/seiseki/report/2011/2011-6kyoto5.pdf,official_daily_result_pdf
201108060510,2011,京都,6,5,10,2011-11-19,https://www.jra.go.jp/datafile/seiseki/report/2011/2011-6kyoto5.pdf,official_daily_result_pdf
201108060511,2011,京都,6,5,11,2011-11-19,https://www.jra.go.jp/datafile/seiseki/report/2011/2011-6kyoto5.pdf,official_daily_result_pdf
201108060512,2011,京都,6,5,12,2011-11-19,https://www.jra.go.jp/datafile/seiseki/report/2011/2011-6kyoto5.pdf,official_daily_result_pdf
201108060601,2011,京都,6,6,1,2011-11-20,https://www.jra.go.jp/datafile/seiseki/report/2011/2011-6kyoto6.pdf,official_daily_result_pdf
201108060602,2011,京都,6,6,2,2011-11-20,https://www.jra.go.jp/datafile/seiseki/report/2011/2011-6kyoto6.pdf,official_daily_result_pdf
201108060603,2011,京都,6,6,3,2011-11-20,https://www.jra.go.jp/datafile/seiseki/report/2011/2011-6kyoto6.pdf,official_daily_result_pdf
201108060604,2011,京都,6,6,4,2011-11-20,https://www.jra.go.jp/datafile/seiseki/report/2011/2011-6kyoto6.pdf,official_daily_result_pdf
201108060605,2011,京都,6,6,5,2011-11-20,https://www.jra.go.jp/datafile/seiseki/report/2011/2011-6kyoto6.pdf,official_daily_result_pdf
201108060606,2011,京都,6,6,6,2011-11-20,https://www.jra.go.jp/datafile/seiseki/report/2011/2011-6kyoto6.pdf,official_daily_result_pdf
201108060607,2011,京都,6,6,7,2011-11-20,https://www.jra.go.jp/datafile/seiseki/report/2011/2011-6kyoto6.pdf,official_daily_result_pdf
201108060608,2011,京都,6,6,8,2011-11-20,https://www.jra.go.jp/datafile/seiseki/report/2011/2011-6kyoto6.pdf,official_daily_result_pdf
201108060609,2011,京都,6,6,9,2011-11-20,https://www.jra.go.jp/datafile/seiseki/report/2011/2011-6kyoto6.pdf,official_daily_result_pdf
201108060610,2011,京都,6,6,10,2011-11-20,https://www.jra.go.jp/datafile/seiseki/report/2011/2011-6kyoto6.pdf,official_daily_result_pdf
201108060611,2011,京都,6,6,11,2011-11-20,https://www.jra.go.jp/datafile/seiseki/report/2011/2011-6kyoto6.pdf,official_daily_result_pdf
201108060612,2011,京都,6,6,12,2011-11-20,https://www.jra.go.jp/datafile/seiseki/report/2011/2011-6kyoto6.pdf,official_daily_result_pdf
201108060701,2011,京都,6,7,1,2011-11-26,https://www.jra.go.jp/datafile/seiseki/report/2011/2011-6kyoto7.pdf,official_daily_result_pdf
201108060702,2011,京都,6,7,2,2011-11-26,https://www.jra.go.jp/datafile/seiseki/report/2011/2011-6kyoto7.pdf,official_daily_result_pdf
201108060703,2011,京都,6,7,3,2011-11-26,https://www.jra.go.jp/datafile/seiseki/report/2011/2011-6kyoto7.pdf,official_daily_result_pdf
201108060704,2011,京都,6,7,4,2011-11-26,https://www.jra.go.jp/datafile/seiseki/report/2011/2011-6kyoto7.pdf,official_daily_result_pdf
201108060705,2011,京都,6,7,5,2011-11-26,https://www.jra.go.jp/datafile/seiseki/report/2011/2011-6kyoto7.pdf,official_daily_result_pdf
201108060706,2011,京都,6,7,6,2011-11-26,https://www.jra.go.jp/datafile/seiseki/report/2011/2011-6kyoto7.pdf,official_daily_result_pdf
201108060707,2011,京都,6,7,7,2011-11-26,https://www.jra.go.jp/datafile/seiseki/report/2011/2011-6kyoto7.pdf,official_daily_result_pdf
201108060708,2011,京都,6,7,8,2011-11-26,https://www.jra.go.jp/datafile/seiseki/report/2011/2011-6kyoto7.pdf,official_daily_result_pdf
201108060709,2011,京都,6,7,9,2011-11-26,https://www.jra.go.jp/datafile/seiseki/report/2011/2011-6kyoto7.pdf,official_daily_result_pdf
201108060710,2011,京都,6,7,10,2011-11-26,https://www.jra.go.jp/datafile/seiseki/report/2011/2011-6kyoto7.pdf,official_daily_result_pdf
201108060711,2011,京都,6,7,11,2011-11-26,https://www.jra.go.jp/datafile/seiseki/report/2011/2011-6kyoto7.pdf,official_daily_result_pdf
201108060712,2011,京都,6,7,12,2011-11-26,https://www.jra.go.jp/datafile/seiseki/report/2011/2011-6kyoto7.pdf,official_daily_result_pdf
201108060801,2011,京都,6,8,1,2011-11-27,https://www.jra.go.jp/datafile/seiseki/report/2011/2011-6kyoto8.pdf,official_daily_result_pdf
201108060802,2011,京都,6,8,2,2011-11-27,https://www.jra.go.jp/datafile/seiseki/report/2011/2011-6kyoto8.pdf,official_daily_result_pdf
201108060803,2011,京都,6,8,3,2011-11-27,https://www.jra.go.jp/datafile/seiseki/report/2011/2011-6kyoto8.pdf,official_daily_result_pdf
201108060804,2011,京都,6,8,4,2011-11-27,https://www.jra.go.jp/datafile/seiseki/report/2011/2011-6kyoto8.pdf,official_daily_result_pdf
201108060805,2011,京都,6,8,5,2011-11-27,https://www.jra.go.jp/datafile/seiseki/report/2011/2011-6kyoto8.pdf,official_daily_result_pdf
201108060806,2011,京都,6,8,6,2011-11-27,https://www.jra.go.jp/datafile/seiseki/report/2011/2011-6kyoto8.pdf,official_daily_result_pdf
201108060807,2011,京都,6,8,7,2011-11-27,https://www.jra.go.jp/datafile/seiseki/report/2011/2011-6kyoto8.pdf,official_daily_result_pdf
201108060808,2011,京都,6,8,8,2011-11-27,https://www.jra.go.jp/datafile/seiseki/report/2011/2011-6kyoto8.pdf,official_daily_result_pdf
201108060809,2011,京都,6,8,9,2011-11-27,https://www.jra.go.jp/datafile/seiseki/report/2011/2011-6kyoto8.pdf,official_daily_result_pdf
201108060810,2011,京都,6,8,10,2011-11-27,https://www.jra.go.jp/datafile/seiseki/report/2011/2011-6kyoto8.pdf,official_daily_result_pdf
201108060811,2011,京都,6,8,11,2011-11-27,https://www.jra.go.jp/datafile/seiseki/report/2011/2011-6kyoto8.pdf,official_daily_result_pdf
201108060812,2011,京都,6,8,12,2011-11-27,https://www.jra.go.jp/datafile/seiseki/report/2011/2011-6kyoto8.pdf,official_daily_result_pdf
201109010101,2011,阪神,1,1,1,2011-02-26,https://www.jra.go.jp/datafile/seiseki/report/2011/2011-1hanshin1.pdf,official_daily_result_pdf
201109010102,2011,阪神,1,1,2,2011-02-26,https://www.jra.go.jp/datafile/seiseki/report/2011/2011-1hanshin1.pdf,official_daily_result_pdf
201109010103,2011,阪神,1,1,3,2011-02-26,https://www.jra.go.jp/datafile/seiseki/report/2011/2011-1hanshin1.pdf,official_daily_result_pdf
201109010104,2011,阪神,1,1,4,2011-02-26,https://www.jra.go.jp/datafile/seiseki/report/2011/2011-1hanshin1.pdf,official_daily_result_pdf
201109010105,2011,阪神,1,1,5,2011-02-26,https://www.jra.go.jp/datafile/seiseki/report/2011/2011-1hanshin1.pdf,official_daily_result_pdf
201109010106,2011,阪神,1,1,6,2011-02-26,https://www.jra.go.jp/datafile/seiseki/report/2011/2011-1hanshin1.pdf,official_daily_result_pdf
201109010107,2011,阪神,1,1,7,2011-02-26,https://www.jra.go.jp/datafile/seiseki/report/2011/2011-1hanshin1.pdf,official_daily_result_pdf
201109010108,2011,阪神,1,1,8,2011-02-26,https://www.jra.go.jp/datafile/seiseki/report/2011/2011-1hanshin1.pdf,official_daily_result_pdf
201109010109,2011,阪神,1,1,9,2011-02-26,https://www.jra.go.jp/datafile/seiseki/report/2011/2011-1hanshin1.pdf,official_daily_result_pdf
201109010110,2011,阪神,1,1,10,2011-02-26,https://www.jra.go.jp/datafile/seiseki/report/2011/2011-1hanshin1.pdf,official_daily_result_pdf
201109010111,2011,阪神,1,1,11,2011-02-26,https://www.jra.go.jp/datafile/seiseki/report/2011/2011-1hanshin1.pdf,official_daily_result_pdf
201109010112,2011,阪神,1,1,12,2011-02-26,https://www.jra.go.jp/datafile/seiseki/report/2011/2011-1hanshin1.pdf,official_daily_result_pdf
201109010201,2011,阪神,1,2,1,2011-02-27,https://www.jra.go.jp/datafile/seiseki/report/2011/2011-1hanshin2.pdf,official_daily_result_pdf
201109010202,2011,阪神,1,2,2,2011-02-27,https://www.jra.go.jp/datafile/seiseki/report/2011/2011-1hanshin2.pdf,official_daily_result_pdf
201109010203,2011,阪神,1,2,3,2011-02-27,https://www.jra.go.jp/datafile/seiseki/report/2011/2011-1hanshin2.pdf,official_daily_result_pdf
201109010204,2011,阪神,1,2,4,2011-02-27,https://www.jra.go.jp/datafile/seiseki/report/2011/2011-1hanshin2.pdf,official_daily_result_pdf
201109010205,2011,阪神,1,2,5,2011-02-27,https://www.jra.go.jp/datafile/seiseki/report/2011/2011-1hanshin2.pdf,official_daily_result_pdf
201109010206,2011,阪神,1,2,6,2011-02-27,https://www.jra.go.jp/datafile/seiseki/report/2011/2011-1hanshin2.pdf,official_daily_result_pdf
201109010207,2011,阪神,1,2,7,2011-02-27,https://www.jra.go.jp/datafile/seiseki/report/2011/2011-1hanshin2.pdf,official_daily_result_pdf
201109010208,2011,阪神,1,2,8,2011-02-27,https://www.jra.go.jp/datafile/seiseki/report/2011/2011-1hanshin2.pdf,official_daily_result_pdf
201109010209,2011,阪神,1,2,9,2011-02-27,https://www.jra.go.jp/datafile/seiseki/report/2011/2011-1hanshin2.pdf,official_daily_result_pdf
201109010210,2011,阪神,1,2,10,2011-02-27,https://www.jra.go.jp/datafile/seiseki/report/2011/2011-1hanshin2.pdf,official_daily_result_pdf
201109010211,2011,阪神,1,2,11,2011-02-27,https://www.jra.go.jp/datafile/seiseki/report/2011/2011-1hanshin2.pdf,official_daily_result_pdf
201109010212,2011,阪神,1,2,12,2011-02-27,https://www.jra.go.jp/datafile/seiseki/report/2011/2011-1hanshin2.pdf,official_daily_result_pdf
201109010301,2011,阪神,1,3,1,2011-03-05,https://www.jra.go.jp/datafile/seiseki/report/2011/2011-1hanshin3.pdf,official_daily_result_pdf
201109010302,2011,阪神,1,3,2,2011-03-05,https://www.jra.go.jp/datafile/seiseki/report/2011/2011-1hanshin3.pdf,official_daily_result_pdf
201109010303,2011,阪神,1,3,3,2011-03-05,https://www.jra.go.jp/datafile/seiseki/report/2011/2011-1hanshin3.pdf,official_daily_result_pdf
201109010304,2011,阪神,1,3,4,2011-03-05,https://www.jra.go.jp/datafile/seiseki/report/2011/2011-1hanshin3.pdf,official_daily_result_pdf
201109010305,2011,阪神,1,3,5,2011-03-05,https://www.jra.go.jp/datafile/seiseki/report/2011/2011-1hanshin3.pdf,official_daily_result_pdf
201109010306,2011,阪神,1,3,6,2011-03-05,https://www.jra.go.jp/datafile/seiseki/report/2011/2011-1hanshin3.pdf,official_daily_result_pdf
201109010307,2011,阪神,1,3,7,2011-03-05,https://www.jra.go.jp/datafile/seiseki/report/2011/2011-1hanshin3.pdf,official_daily_result_pdf
201109010308,2011,阪神,1,3,8,2011-03-05,https://www.jra.go.jp/datafile/seiseki/report/2011/2011-1hanshin3.pdf,official_daily_result_pdf
201109010309,2011,阪神,1,3,9,2011-03-05,https://www.jra.go.jp/datafile/seiseki/report/2011/2011-1hanshin3.pdf,official_daily_result_pdf
201109010310,2011,阪神,1,3,10,2011-03-05,https://www.jra.go.jp/datafile/seiseki/report/2011/2011-1hanshin3.pdf,official_daily_result_pdf
201109010311,2011,阪神,1,3,11,2011-03-05,https://www.jra.go.jp/datafile/seiseki/report/2011/2011-1hanshin3.pdf,official_daily_result_pdf
201109010312,2011,阪神,1,3,12,2011-03-05,https://www.jra.go.jp/datafile/seiseki/report/2011/2011-1hanshin3.pdf,official_daily_result_pdf
201109010401,2011,阪神,1,4,1,2011-03-06,https://www.jra.go.jp/datafile/seiseki/report/2011/2011-1hanshin4.pdf,official_daily_result_pdf
201109010402,2011,阪神,1,4,2,2011-03-06,https://www.jra.go.jp/datafile/seiseki/report/2011/2011-1hanshin4.pdf,official_daily_result_pdf
201109010403,2011,阪神,1,4,3,2011-03-06,https://www.jra.go.jp/datafile/seiseki/report/2011/2011-1hanshin4.pdf,official_daily_result_pdf
201109010404,2011,阪神,1,4,4,2011-03-06,https://www.jra.go.jp/datafile/seiseki/report/2011/2011-1hanshin4.pdf,official_daily_result_pdf
201109010405,2011,阪神,1,4,5,2011-03-06,https://www.jra.go.jp/datafile/seiseki/report/2011/2011-1hanshin4.pdf,official_daily_result_pdf
201109010406,2011,阪神,1,4,6,2011-03-06,https://www.jra.go.jp/datafile/seiseki/report/2011/2011-1hanshin4.pdf,official_daily_result_pdf
201109010407,2011,阪神,1,4,7,2011-03-06,https://www.jra.go.jp/datafile/seiseki/report/2011/2011-1hanshin4.pdf,official_daily_result_pdf
201109010408,2011,阪神,1,4,8,2011-03-06,https://www.jra.go.jp/datafile/seiseki/report/2011/2011-1hanshin4.pdf,official_daily_result_pdf
201109010409,2011,阪神,1,4,9,2011-03-06,https://www.jra.go.jp/datafile/seiseki/report/2011/2011-1hanshin4.pdf,official_daily_result_pdf
201109010410,2011,阪神,1,4,10,2011-03-06,https://www.jra.go.jp/datafile/seiseki/report/2011/2011-1hanshin4.pdf,official_daily_result_pdf
201109010411,2011,阪神,1,4,11,2011-03-06,https://www.jra.go.jp/datafile/seiseki/report/2011/2011-1hanshin4.pdf,official_daily_result_pdf
201109010412,2011,阪神,1,4,12,2011-03-06,https://www.jra.go.jp/datafile/seiseki/report/2011/2011-1hanshin4.pdf,official_daily_result_pdf
201109010501,2011,阪神,1,5,1,2011-03-21,https://www.jra.go.jp/datafile/seiseki/report/2011/2011-1hanshin5.pdf,official_daily_result_pdf
201109010502,2011,阪神,1,5,2,2011-03-21,https://www.jra.go.jp/datafile/seiseki/report/2011/2011-1hanshin5.pdf,official_daily_result_pdf
201109010503,2011,阪神,1,5,3,2011-03-21,https://www.jra.go.jp/datafile/seiseki/report/2011/2011-1hanshin5.pdf,official_daily_result_pdf
201109010504,2011,阪神,1,5,4,2011-03-21,https://www.jra.go.jp/datafile/seiseki/report/2011/2011-1hanshin5.pdf,official_daily_result_pdf
201109010505,2011,阪神,1,5,5,2011-03-21,https://www.jra.go.jp/datafile/seiseki/report/2011/2011-1hanshin5.pdf,official_daily_result_pdf
201109010506,2011,阪神,1,5,6,2011-03-21,https://www.jra.go.jp/datafile/seiseki/report/2011/2011-1hanshin5.pdf,official_daily_result_pdf
201109010507,2011,阪神,1,5,7,2011-03-21,https://www.jra.go.jp/datafile/seiseki/report/2011/2011-1hanshin5.pdf,official_daily_result_pdf
201109010508,2011,阪神,1,5,8,2011-03-21,https://www.jra.go.jp/datafile/seiseki/report/2011/2011-1hanshin5.pdf,official_daily_result_pdf
201109010509,2011,阪神,1,5,9,2011-03-21,https://www.jra.go.jp/datafile/seiseki/report/2011/2011-1hanshin5.pdf,official_daily_result_pdf
201109010510,2011,阪神,1,5,10,2011-03-21,https://www.jra.go.jp/datafile/seiseki/report/2011/2011-1hanshin5.pdf,official_daily_result_pdf
201109010511,2011,阪神,1,5,11,2011-03-21,https://www.jra.go.jp/datafile/seiseki/report/2011/2011-1hanshin5.pdf,official_daily_result_pdf
201109010512,2011,阪神,1,5,12,2011-03-21,https://www.jra.go.jp/datafile/seiseki/report/2011/2011-1hanshin5.pdf,official_daily_result_pdf
201109010701,2011,阪神,1,7,1,2011-03-19,https://www.jra.go.jp/datafile/seiseki/report/2011/2011-1hanshin7.pdf,official_daily_result_pdf
201109010702,2011,阪神,1,7,2,2011-03-19,https://www.jra.go.jp/datafile/seiseki/report/2011/2011-1hanshin7.pdf,official_daily_result_pdf
201109010703,2011,阪神,1,7,3,2011-03-19,https://www.jra.go.jp/datafile/seiseki/report/2011/2011-1hanshin7.pdf,official_daily_result_pdf
201109010704,2011,阪神,1,7,4,2011-03-19,https://www.jra.go.jp/datafile/seiseki/report/2011/2011-1hanshin7.pdf,official_daily_result_pdf
201109010705,2011,阪神,1,7,5,2011-03-19,https://www.jra.go.jp/datafile/seiseki/report/2011/2011-1hanshin7.pdf,official_daily_result_pdf
201109010706,2011,阪神,1,7,6,2011-03-19,https://www.jra.go.jp/datafile/seiseki/report/2011/2011-1hanshin7.pdf,official_daily_result_pdf
201109010707,2011,阪神,1,7,7,2011-03-19,https://www.jra.go.jp/datafile/seiseki/report/2011/2011-1hanshin7.pdf,official_daily_result_pdf
201109010708,2011,阪神,1,7,8,2011-03-19,https://www.jra.go.jp/datafile/seiseki/report/2011/2011-1hanshin7.pdf,official_daily_result_pdf
201109010709,2011,阪神,1,7,9,2011-03-19,https://www.jra.go.jp/datafile/seiseki/report/2011/2011-1hanshin7.pdf,official_daily_result_pdf
201109010710,2011,阪神,1,7,10,2011-03-19,https://www.jra.go.jp/datafile/seiseki/report/2011/2011-1hanshin7.pdf,official_daily_result_pdf
201109010711,2011,阪神,1,7,11,2011-03-19,https://www.jra.go.jp/datafile/seiseki/report/2011/2011-1hanshin7.pdf,official_daily_result_pdf
201109010712,2011,阪神,1,7,12,2011-03-19,https://www.jra.go.jp/datafile/seiseki/report/2011/2011-1hanshin7.pdf,official_daily_result_pdf
201109010801,2011,阪神,1,8,1,2011-03-20,https://www.jra.go.jp/datafile/seiseki/report/2011/2011-1hanshin8.pdf,official_daily_result_pdf
201109010802,2011,阪神,1,8,2,2011-03-20,https://www.jra.go.jp/datafile/seiseki/report/2011/2011-1hanshin8.pdf,official_daily_result_pdf
201109010803,2011,阪神,1,8,3,2011-03-20,https://www.jra.go.jp/datafile/seiseki/report/2011/2011-1hanshin8.pdf,official_daily_result_pdf
201109010804,2011,阪神,1,8,4,2011-03-20,https://www.jra.go.jp/datafile/seiseki/report/2011/2011-1hanshin8.pdf,official_daily_result_pdf
201109010805,2011,阪神,1,8,5,2011-03-20,https://www.jra.go.jp/datafile/seiseki/report/2011/2011-1hanshin8.pdf,official_daily_result_pdf
201109010806,2011,阪神,1,8,6,2011-03-20,https://www.jra.go.jp/datafile/seiseki/report/2011/2011-1hanshin8.pdf,official_daily_result_pdf
201109010807,2011,阪神,1,8,7,2011-03-20,https://www.jra.go.jp/datafile/seiseki/report/2011/2011-1hanshin8.pdf,official_daily_result_pdf
201109010808,2011,阪神,1,8,8,2011-03-20,https://www.jra.go.jp/datafile/seiseki/report/2011/2011-1hanshin8.pdf,official_daily_result_pdf
201109010809,2011,阪神,1,8,9,2011-03-20,https://www.jra.go.jp/datafile/seiseki/report/2011/2011-1hanshin8.pdf,official_daily_result_pdf
201109010810,2011,阪神,1,8,10,2011-03-20,https://www.jra.go.jp/datafile/seiseki/report/2011/2011-1hanshin8.pdf,official_daily_result_pdf
201109010811,2011,阪神,1,8,11,2011-03-20,https://www.jra.go.jp/datafile/seiseki/report/2011/2011-1hanshin8.pdf,official_daily_result_pdf
201109010812,2011,阪神,1,8,12,2011-03-20,https://www.jra.go.jp/datafile/seiseki/report/2011/2011-1hanshin8.pdf,official_daily_result_pdf
201109020101,2011,阪神,2,1,1,2011-03-26,https://www.jra.go.jp/datafile/seiseki/report/2011/2011-2hanshin1.pdf,official_daily_result_pdf
201109020102,2011,阪神,2,1,2,2011-03-26,https://www.jra.go.jp/datafile/seiseki/report/2011/2011-2hanshin1.pdf,official_daily_result_pdf
201109020103,2011,阪神,2,1,3,2011-03-26,https://www.jra.go.jp/datafile/seiseki/report/2011/2011-2hanshin1.pdf,official_daily_result_pdf
201109020104,2011,阪神,2,1,4,2011-03-26,https://www.jra.go.jp/datafile/seiseki/report/2011/2011-2hanshin1.pdf,official_daily_result_pdf
201109020105,2011,阪神,2,1,5,2011-03-26,https://www.jra.go.jp/datafile/seiseki/report/2011/2011-2hanshin1.pdf,official_daily_result_pdf
201109020106,2011,阪神,2,1,6,2011-03-26,https://www.jra.go.jp/datafile/seiseki/report/2011/2011-2hanshin1.pdf,official_daily_result_pdf
201109020107,2011,阪神,2,1,7,2011-03-26,https://www.jra.go.jp/datafile/seiseki/report/2011/2011-2hanshin1.pdf,official_daily_result_pdf
201109020108,2011,阪神,2,1,8,2011-03-26,https://www.jra.go.jp/datafile/seiseki/report/2011/2011-2hanshin1.pdf,official_daily_result_pdf
201109020109,2011,阪神,2,1,9,2011-03-26,https://www.jra.go.jp/datafile/seiseki/report/2011/2011-2hanshin1.pdf,official_daily_result_pdf
201109020110,2011,阪神,2,1,10,2011-03-26,https://www.jra.go.jp/datafile/seiseki/report/2011/2011-2hanshin1.pdf,official_daily_result_pdf
201109020111,2011,阪神,2,1,11,2011-03-26,https://www.jra.go.jp/datafile/seiseki/report/2011/2011-2hanshin1.pdf,official_daily_result_pdf
201109020112,2011,阪神,2,1,12,2011-03-26,https://www.jra.go.jp/datafile/seiseki/report/2011/2011-2hanshin1.pdf,official_daily_result_pdf
201109020201,2011,阪神,2,2,1,2011-03-27,https://www.jra.go.jp/datafile/seiseki/report/2011/2011-2hanshin2.pdf,official_daily_result_pdf
201109020202,2011,阪神,2,2,2,2011-03-27,https://www.jra.go.jp/datafile/seiseki/report/2011/2011-2hanshin2.pdf,official_daily_result_pdf
201109020203,2011,阪神,2,2,3,2011-03-27,https://www.jra.go.jp/datafile/seiseki/report/2011/2011-2hanshin2.pdf,official_daily_result_pdf
201109020204,2011,阪神,2,2,4,2011-03-27,https://www.jra.go.jp/datafile/seiseki/report/2011/2011-2hanshin2.pdf,official_daily_result_pdf
201109020205,2011,阪神,2,2,5,2011-03-27,https://www.jra.go.jp/datafile/seiseki/report/2011/2011-2hanshin2.pdf,official_daily_result_pdf
201109020206,2011,阪神,2,2,6,2011-03-27,https://www.jra.go.jp/datafile/seiseki/report/2011/2011-2hanshin2.pdf,official_daily_result_pdf
201109020207,2011,阪神,2,2,7,2011-03-27,https://www.jra.go.jp/datafile/seiseki/report/2011/2011-2hanshin2.pdf,official_daily_result_pdf
201109020208,2011,阪神,2,2,8,2011-03-27,https://www.jra.go.jp/datafile/seiseki/report/2011/2011-2hanshin2.pdf,official_daily_result_pdf
201109020209,2011,阪神,2,2,9,2011-03-27,https://www.jra.go.jp/datafile/seiseki/report/2011/2011-2hanshin2.pdf,official_daily_result_pdf
201109020210,2011,阪神,2,2,10,2011-03-27,https://www.jra.go.jp/datafile/seiseki/report/2011/2011-2hanshin2.pdf,official_daily_result_pdf
201109020211,2011,阪神,2,2,11,2011-03-27,https://www.jra.go.jp/datafile/seiseki/report/2011/2011-2hanshin2.pdf,official_daily_result_pdf
201109020212,2011,阪神,2,2,12,2011-03-27,https://www.jra.go.jp/datafile/seiseki/report/2011/2011-2hanshin2.pdf,official_daily_result_pdf
201109020301,2011,阪神,2,3,1,2011-04-02,https://www.jra.go.jp/datafile/seiseki/report/2011/2011-2hanshin3.pdf,official_daily_result_pdf
201109020302,2011,阪神,2,3,2,2011-04-02,https://www.jra.go.jp/datafile/seiseki/report/2011/2011-2hanshin3.pdf,official_daily_result_pdf
201109020303,2011,阪神,2,3,3,2011-04-02,https://www.jra.go.jp/datafile/seiseki/report/2011/2011-2hanshin3.pdf,official_daily_result_pdf
201109020304,2011,阪神,2,3,4,2011-04-02,https://www.jra.go.jp/datafile/seiseki/report/2011/2011-2hanshin3.pdf,official_daily_result_pdf
201109020305,2011,阪神,2,3,5,2011-04-02,https://www.jra.go.jp/datafile/seiseki/report/2011/2011-2hanshin3.pdf,official_daily_result_pdf
201109020306,2011,阪神,2,3,6,2011-04-02,https://www.jra.go.jp/datafile/seiseki/report/2011/2011-2hanshin3.pdf,official_daily_result_pdf
201109020307,2011,阪神,2,3,7,2011-04-02,https://www.jra.go.jp/datafile/seiseki/report/2011/2011-2hanshin3.pdf,official_daily_result_pdf
201109020308,2011,阪神,2,3,8,2011-04-02,https://www.jra.go.jp/datafile/seiseki/report/2011/2011-2hanshin3.pdf,official_daily_result_pdf
201109020309,2011,阪神,2,3,9,2011-04-02,https://www.jra.go.jp/datafile/seiseki/report/2011/2011-2hanshin3.pdf,official_daily_result_pdf
201109020310,2011,阪神,2,3,10,2011-04-02,https://www.jra.go.jp/datafile/seiseki/report/2011/2011-2hanshin3.pdf,official_daily_result_pdf
201109020311,2011,阪神,2,3,11,2011-04-02,https://www.jra.go.jp/datafile/seiseki/report/2011/2011-2hanshin3.pdf,official_daily_result_pdf
201109020312,2011,阪神,2,3,12,2011-04-02,https://www.jra.go.jp/datafile/seiseki/report/2011/2011-2hanshin3.pdf,official_daily_result_pdf
201109020401,2011,阪神,2,4,1,2011-04-03,https://www.jra.go.jp/datafile/seiseki/report/2011/2011-2hanshin4.pdf,official_daily_result_pdf
201109020402,2011,阪神,2,4,2,2011-04-03,https://www.jra.go.jp/datafile/seiseki/report/2011/2011-2hanshin4.pdf,official_daily_result_pdf
201109020403,2011,阪神,2,4,3,2011-04-03,https://www.jra.go.jp/datafile/seiseki/report/2011/2011-2hanshin4.pdf,official_daily_result_pdf
201109020404,2011,阪神,2,4,4,2011-04-03,https://www.jra.go.jp/datafile/seiseki/report/2011/2011-2hanshin4.pdf,official_daily_result_pdf
201109020405,2011,阪神,2,4,5,2011-04-03,https://www.jra.go.jp/datafile/seiseki/report/2011/2011-2hanshin4.pdf,official_daily_result_pdf
201109020406,2011,阪神,2,4,6,2011-04-03,https://www.jra.go.jp/datafile/seiseki/report/2011/2011-2hanshin4.pdf,official_daily_result_pdf
201109020407,2011,阪神,2,4,7,2011-04-03,https://www.jra.go.jp/datafile/seiseki/report/2011/2011-2hanshin4.pdf,official_daily_result_pdf
201109020408,2011,阪神,2,4,8,2011-04-03,https://www.jra.go.jp/datafile/seiseki/report/2011/2011-2hanshin4.pdf,official_daily_result_pdf
201109020409,2011,阪神,2,4,9,2011-04-03,https://www.jra.go.jp/datafile/seiseki/report/2011/2011-2hanshin4.pdf,official_daily_result_pdf
201109020410,2011,阪神,2,4,10,2011-04-03,https://www.jra.go.jp/datafile/seiseki/report/2011/2011-2hanshin4.pdf,official_daily_result_pdf
201109020411,2011,阪神,2,4,11,2011-04-03,https://www.jra.go.jp/datafile/seiseki/report/2011/2011-2hanshin4.pdf,official_daily_result_pdf
201109020412,2011,阪神,2,4,12,2011-04-03,https://www.jra.go.jp/datafile/seiseki/report/2011/2011-2hanshin4.pdf,official_daily_result_pdf
201109020501,2011,阪神,2,5,1,2011-04-09,https://www.jra.go.jp/datafile/seiseki/report/2011/2011-2hanshin5.pdf,official_daily_result_pdf
201109020502,2011,阪神,2,5,2,2011-04-09,https://www.jra.go.jp/datafile/seiseki/report/2011/2011-2hanshin5.pdf,official_daily_result_pdf
201109020503,2011,阪神,2,5,3,2011-04-09,https://www.jra.go.jp/datafile/seiseki/report/2011/2011-2hanshin5.pdf,official_daily_result_pdf
201109020504,2011,阪神,2,5,4,2011-04-09,https://www.jra.go.jp/datafile/seiseki/report/2011/2011-2hanshin5.pdf,official_daily_result_pdf
201109020505,2011,阪神,2,5,5,2011-04-09,https://www.jra.go.jp/datafile/seiseki/report/2011/2011-2hanshin5.pdf,official_daily_result_pdf
201109020506,2011,阪神,2,5,6,2011-04-09,https://www.jra.go.jp/datafile/seiseki/report/2011/2011-2hanshin5.pdf,official_daily_result_pdf
201109020507,2011,阪神,2,5,7,2011-04-09,https://www.jra.go.jp/datafile/seiseki/report/2011/2011-2hanshin5.pdf,official_daily_result_pdf
201109020508,2011,阪神,2,5,8,2011-04-09,https://www.jra.go.jp/datafile/seiseki/report/2011/2011-2hanshin5.pdf,official_daily_result_pdf
201109020509,2011,阪神,2,5,9,2011-04-09,https://www.jra.go.jp/datafile/seiseki/report/2011/2011-2hanshin5.pdf,official_daily_result_pdf
201109020510,2011,阪神,2,5,10,2011-04-09,https://www.jra.go.jp/datafile/seiseki/report/2011/2011-2hanshin5.pdf,official_daily_result_pdf
201109020511,2011,阪神,2,5,11,2011-04-09,https://www.jra.go.jp/datafile/seiseki/report/2011/2011-2hanshin5.pdf,official_daily_result_pdf
201109020512,2011,阪神,2,5,12,2011-04-09,https://www.jra.go.jp/datafile/seiseki/report/2011/2011-2hanshin5.pdf,official_daily_result_pdf
201109020601,2011,阪神,2,6,1,2011-04-10,https://www.jra.go.jp/datafile/seiseki/report/2011/2011-2hanshin6.pdf,official_daily_result_pdf
201109020602,2011,阪神,2,6,2,2011-04-10,https://www.jra.go.jp/datafile/seiseki/report/2011/2011-2hanshin6.pdf,official_daily_result_pdf
201109020603,2011,阪神,2,6,3,2011-04-10,https://www.jra.go.jp/datafile/seiseki/report/2011/2011-2hanshin6.pdf,official_daily_result_pdf
201109020604,2011,阪神,2,6,4,2011-04-10,https://www.jra.go.jp/datafile/seiseki/report/2011/2011-2hanshin6.pdf,official_daily_result_pdf
201109020605,2011,阪神,2,6,5,2011-04-10,https://www.jra.go.jp/datafile/seiseki/report/2011/2011-2hanshin6.pdf,official_daily_result_pdf
201109020606,2011,阪神,2,6,6,2011-04-10,https://www.jra.go.jp/datafile/seiseki/report/2011/2011-2hanshin6.pdf,official_daily_result_pdf
201109020607,2011,阪神,2,6,7,2011-04-10,https://www.jra.go.jp/datafile/seiseki/report/2011/2011-2hanshin6.pdf,official_daily_result_pdf
201109020608,2011,阪神,2,6,8,2011-04-10,https://www.jra.go.jp/datafile/seiseki/report/2011/2011-2hanshin6.pdf,official_daily_result_pdf
201109020609,2011,阪神,2,6,9,2011-04-10,https://www.jra.go.jp/datafile/seiseki/report/2011/2011-2hanshin6.pdf,official_daily_result_pdf
201109020610,2011,阪神,2,6,10,2011-04-10,https://www.jra.go.jp/datafile/seiseki/report/2011/2011-2hanshin6.pdf,official_daily_result_pdf
201109020611,2011,阪神,2,6,11,2011-04-10,https://www.jra.go.jp/datafile/seiseki/report/2011/2011-2hanshin6.pdf,official_daily_result_pdf
201109020612,2011,阪神,2,6,12,2011-04-10,https://www.jra.go.jp/datafile/seiseki/report/2011/2011-2hanshin6.pdf,official_daily_result_pdf
201109020701,2011,阪神,2,7,1,2011-04-16,https://www.jra.go.jp/datafile/seiseki/report/2011/2011-2hanshin7.pdf,official_daily_result_pdf
201109020702,2011,阪神,2,7,2,2011-04-16,https://www.jra.go.jp/datafile/seiseki/report/2011/2011-2hanshin7.pdf,official_daily_result_pdf
201109020703,2011,阪神,2,7,3,2011-04-16,https://www.jra.go.jp/datafile/seiseki/report/2011/2011-2hanshin7.pdf,official_daily_result_pdf
201109020704,2011,阪神,2,7,4,2011-04-16,https://www.jra.go.jp/datafile/seiseki/report/2011/2011-2hanshin7.pdf,official_daily_result_pdf
201109020705,2011,阪神,2,7,5,2011-04-16,https://www.jra.go.jp/datafile/seiseki/report/2011/2011-2hanshin7.pdf,official_daily_result_pdf
201109020706,2011,阪神,2,7,6,2011-04-16,https://www.jra.go.jp/datafile/seiseki/report/2011/2011-2hanshin7.pdf,official_daily_result_pdf
201109020707,2011,阪神,2,7,7,2011-04-16,https://www.jra.go.jp/datafile/seiseki/report/2011/2011-2hanshin7.pdf,official_daily_result_pdf
201109020708,2011,阪神,2,7,8,2011-04-16,https://www.jra.go.jp/datafile/seiseki/report/2011/2011-2hanshin7.pdf,official_daily_result_pdf
201109020709,2011,阪神,2,7,9,2011-04-16,https://www.jra.go.jp/datafile/seiseki/report/2011/2011-2hanshin7.pdf,official_daily_result_pdf
201109020710,2011,阪神,2,7,10,2011-04-16,https://www.jra.go.jp/datafile/seiseki/report/2011/2011-2hanshin7.pdf,official_daily_result_pdf
201109020711,2011,阪神,2,7,11,2011-04-16,https://www.jra.go.jp/datafile/seiseki/report/2011/2011-2hanshin7.pdf,official_daily_result_pdf
201109020712,2011,阪神,2,7,12,2011-04-16,https://www.jra.go.jp/datafile/seiseki/report/2011/2011-2hanshin7.pdf,official_daily_result_pdf
201109020801,2011,阪神,2,8,1,2011-04-17,https://www.jra.go.jp/datafile/seiseki/report/2011/2011-2hanshin8.pdf,official_daily_result_pdf
201109020802,2011,阪神,2,8,2,2011-04-17,https://www.jra.go.jp/datafile/seiseki/report/2011/2011-2hanshin8.pdf,official_daily_result_pdf
201109020803,2011,阪神,2,8,3,2011-04-17,https://www.jra.go.jp/datafile/seiseki/report/2011/2011-2hanshin8.pdf,official_daily_result_pdf
201109020804,2011,阪神,2,8,4,2011-04-17,https://www.jra.go.jp/datafile/seiseki/report/2011/2011-2hanshin8.pdf,official_daily_result_pdf
201109020805,2011,阪神,2,8,5,2011-04-17,https://www.jra.go.jp/datafile/seiseki/report/2011/2011-2hanshin8.pdf,official_daily_result_pdf
201109020806,2011,阪神,2,8,6,2011-04-17,https://www.jra.go.jp/datafile/seiseki/report/2011/2011-2hanshin8.pdf,official_daily_result_pdf
201109020807,2011,阪神,2,8,7,2011-04-17,https://www.jra.go.jp/datafile/seiseki/report/2011/2011-2hanshin8.pdf,official_daily_result_pdf
201109020808,2011,阪神,2,8,8,2011-04-17,https://www.jra.go.jp/datafile/seiseki/report/2011/2011-2hanshin8.pdf,official_daily_result_pdf
201109020809,2011,阪神,2,8,9,2011-04-17,https://www.jra.go.jp/datafile/seiseki/report/2011/2011-2hanshin8.pdf,official_daily_result_pdf
201109020810,2011,阪神,2,8,10,2011-04-17,https://www.jra.go.jp/datafile/seiseki/report/2011/2011-2hanshin8.pdf,official_daily_result_pdf
201109020811,2011,阪神,2,8,11,2011-04-17,https://www.jra.go.jp/datafile/seiseki/report/2011/2011-2hanshin8.pdf,official_daily_result_pdf
201109020812,2011,阪神,2,8,12,2011-04-17,https://www.jra.go.jp/datafile/seiseki/report/2011/2011-2hanshin8.pdf,official_daily_result_pdf
201109030101,2011,阪神,3,1,1,2011-06-04,https://www.jra.go.jp/datafile/seiseki/report/2011/2011-3hanshin1.pdf,official_daily_result_pdf
201109030102,2011,阪神,3,1,2,2011-06-04,https://www.jra.go.jp/datafile/seiseki/report/2011/2011-3hanshin1.pdf,official_daily_result_pdf
201109030103,2011,阪神,3,1,3,2011-06-04,https://www.jra.go.jp/datafile/seiseki/report/2011/2011-3hanshin1.pdf,official_daily_result_pdf
201109030104,2011,阪神,3,1,4,2011-06-04,https://www.jra.go.jp/datafile/seiseki/report/2011/2011-3hanshin1.pdf,official_daily_result_pdf
201109030105,2011,阪神,3,1,5,2011-06-04,https://www.jra.go.jp/datafile/seiseki/report/2011/2011-3hanshin1.pdf,official_daily_result_pdf
201109030106,2011,阪神,3,1,6,2011-06-04,https://www.jra.go.jp/datafile/seiseki/report/2011/2011-3hanshin1.pdf,official_daily_result_pdf
201109030107,2011,阪神,3,1,7,2011-06-04,https://www.jra.go.jp/datafile/seiseki/report/2011/2011-3hanshin1.pdf,official_daily_result_pdf
201109030108,2011,阪神,3,1,8,2011-06-04,https://www.jra.go.jp/datafile/seiseki/report/2011/2011-3hanshin1.pdf,official_daily_result_pdf
201109030109,2011,阪神,3,1,9,2011-06-04,https://www.jra.go.jp/datafile/seiseki/report/2011/2011-3hanshin1.pdf,official_daily_result_pdf
201109030110,2011,阪神,3,1,10,2011-06-04,https://www.jra.go.jp/datafile/seiseki/report/2011/2011-3hanshin1.pdf,official_daily_result_pdf
201109030111,2011,阪神,3,1,11,2011-06-04,https://www.jra.go.jp/datafile/seiseki/report/2011/2011-3hanshin1.pdf,official_daily_result_pdf
201109030112,2011,阪神,3,1,12,2011-06-04,https://www.jra.go.jp/datafile/seiseki/report/2011/2011-3hanshin1.pdf,official_daily_result_pdf
201109030201,2011,阪神,3,2,1,2011-06-05,https://www.jra.go.jp/datafile/seiseki/report/2011/2011-3hanshin2.pdf,official_daily_result_pdf
201109030202,2011,阪神,3,2,2,2011-06-05,https://www.jra.go.jp/datafile/seiseki/report/2011/2011-3hanshin2.pdf,official_daily_result_pdf
201109030203,2011,阪神,3,2,3,2011-06-05,https://www.jra.go.jp/datafile/seiseki/report/2011/2011-3hanshin2.pdf,official_daily_result_pdf
201109030204,2011,阪神,3,2,4,2011-06-05,https://www.jra.go.jp/datafile/seiseki/report/2011/2011-3hanshin2.pdf,official_daily_result_pdf
201109030205,2011,阪神,3,2,5,2011-06-05,https://www.jra.go.jp/datafile/seiseki/report/2011/2011-3hanshin2.pdf,official_daily_result_pdf
201109030206,2011,阪神,3,2,6,2011-06-05,https://www.jra.go.jp/datafile/seiseki/report/2011/2011-3hanshin2.pdf,official_daily_result_pdf
201109030207,2011,阪神,3,2,7,2011-06-05,https://www.jra.go.jp/datafile/seiseki/report/2011/2011-3hanshin2.pdf,official_daily_result_pdf
201109030208,2011,阪神,3,2,8,2011-06-05,https://www.jra.go.jp/datafile/seiseki/report/2011/2011-3hanshin2.pdf,official_daily_result_pdf
201109030209,2011,阪神,3,2,9,2011-06-05,https://www.jra.go.jp/datafile/seiseki/report/2011/2011-3hanshin2.pdf,official_daily_result_pdf
201109030210,2011,阪神,3,2,10,2011-06-05,https://www.jra.go.jp/datafile/seiseki/report/2011/2011-3hanshin2.pdf,official_daily_result_pdf
201109030211,2011,阪神,3,2,11,2011-06-05,https://www.jra.go.jp/datafile/seiseki/report/2011/2011-3hanshin2.pdf,official_daily_result_pdf
201109030212,2011,阪神,3,2,12,2011-06-05,https://www.jra.go.jp/datafile/seiseki/report/2011/2011-3hanshin2.pdf,official_daily_result_pdf
201109030301,2011,阪神,3,3,1,2011-06-11,https://www.jra.go.jp/datafile/seiseki/report/2011/2011-3hanshin3.pdf,official_daily_result_pdf
201109030302,2011,阪神,3,3,2,2011-06-11,https://www.jra.go.jp/datafile/seiseki/report/2011/2011-3hanshin3.pdf,official_daily_result_pdf
201109030303,2011,阪神,3,3,3,2011-06-11,https://www.jra.go.jp/datafile/seiseki/report/2011/2011-3hanshin3.pdf,official_daily_result_pdf
201109030304,2011,阪神,3,3,4,2011-06-11,https://www.jra.go.jp/datafile/seiseki/report/2011/2011-3hanshin3.pdf,official_daily_result_pdf
201109030305,2011,阪神,3,3,5,2011-06-11,https://www.jra.go.jp/datafile/seiseki/report/2011/2011-3hanshin3.pdf,official_daily_result_pdf
201109030306,2011,阪神,3,3,6,2011-06-11,https://www.jra.go.jp/datafile/seiseki/report/2011/2011-3hanshin3.pdf,official_daily_result_pdf
201109030307,2011,阪神,3,3,7,2011-06-11,https://www.jra.go.jp/datafile/seiseki/report/2011/2011-3hanshin3.pdf,official_daily_result_pdf
201109030308,2011,阪神,3,3,8,2011-06-11,https://www.jra.go.jp/datafile/seiseki/report/2011/2011-3hanshin3.pdf,official_daily_result_pdf
201109030309,2011,阪神,3,3,9,2011-06-11,https://www.jra.go.jp/datafile/seiseki/report/2011/2011-3hanshin3.pdf,official_daily_result_pdf
201109030310,2011,阪神,3,3,10,2011-06-11,https://www.jra.go.jp/datafile/seiseki/report/2011/2011-3hanshin3.pdf,official_daily_result_pdf
201109030311,2011,阪神,3,3,11,2011-06-11,https://www.jra.go.jp/datafile/seiseki/report/2011/2011-3hanshin3.pdf,official_daily_result_pdf
201109030312,2011,阪神,3,3,12,2011-06-11,https://www.jra.go.jp/datafile/seiseki/report/2011/2011-3hanshin3.pdf,official_daily_result_pdf
201109030401,2011,阪神,3,4,1,2011-06-12,https://www.jra.go.jp/datafile/seiseki/report/2011/2011-3hanshin4.pdf,official_daily_result_pdf
201109030402,2011,阪神,3,4,2,2011-06-12,https://www.jra.go.jp/datafile/seiseki/report/2011/2011-3hanshin4.pdf,official_daily_result_pdf
201109030403,2011,阪神,3,4,3,2011-06-12,https://www.jra.go.jp/datafile/seiseki/report/2011/2011-3hanshin4.pdf,official_daily_result_pdf
201109030404,2011,阪神,3,4,4,2011-06-12,https://www.jra.go.jp/datafile/seiseki/report/2011/2011-3hanshin4.pdf,official_daily_result_pdf
201109030405,2011,阪神,3,4,5,2011-06-12,https://www.jra.go.jp/datafile/seiseki/report/2011/2011-3hanshin4.pdf,official_daily_result_pdf
201109030406,2011,阪神,3,4,6,2011-06-12,https://www.jra.go.jp/datafile/seiseki/report/2011/2011-3hanshin4.pdf,official_daily_result_pdf
201109030407,2011,阪神,3,4,7,2011-06-12,https://www.jra.go.jp/datafile/seiseki/report/2011/2011-3hanshin4.pdf,official_daily_result_pdf
201109030408,2011,阪神,3,4,8,2011-06-12,https://www.jra.go.jp/datafile/seiseki/report/2011/2011-3hanshin4.pdf,official_daily_result_pdf
201109030409,2011,阪神,3,4,9,2011-06-12,https://www.jra.go.jp/datafile/seiseki/report/2011/2011-3hanshin4.pdf,official_daily_result_pdf
201109030410,2011,阪神,3,4,10,2011-06-12,https://www.jra.go.jp/datafile/seiseki/report/2011/2011-3hanshin4.pdf,official_daily_result_pdf
201109030411,2011,阪神,3,4,11,2011-06-12,https://www.jra.go.jp/datafile/seiseki/report/2011/2011-3hanshin4.pdf,official_daily_result_pdf
201109030412,2011,阪神,3,4,12,2011-06-12,https://www.jra.go.jp/datafile/seiseki/report/2011/2011-3hanshin4.pdf,official_daily_result_pdf
201109040101,2011,阪神,4,1,1,2011-06-18,https://www.jra.go.jp/datafile/seiseki/report/2011/2011-4hanshin1.pdf,official_daily_result_pdf
201109040102,2011,阪神,4,1,2,2011-06-18,https://www.jra.go.jp/datafile/seiseki/report/2011/2011-4hanshin1.pdf,official_daily_result_pdf
201109040103,2011,阪神,4,1,3,2011-06-18,https://www.jra.go.jp/datafile/seiseki/report/2011/2011-4hanshin1.pdf,official_daily_result_pdf
201109040104,2011,阪神,4,1,4,2011-06-18,https://www.jra.go.jp/datafile/seiseki/report/2011/2011-4hanshin1.pdf,official_daily_result_pdf
201109040105,2011,阪神,4,1,5,2011-06-18,https://www.jra.go.jp/datafile/seiseki/report/2011/2011-4hanshin1.pdf,official_daily_result_pdf
201109040106,2011,阪神,4,1,6,2011-06-18,https://www.jra.go.jp/datafile/seiseki/report/2011/2011-4hanshin1.pdf,official_daily_result_pdf
201109040107,2011,阪神,4,1,7,2011-06-18,https://www.jra.go.jp/datafile/seiseki/report/2011/2011-4hanshin1.pdf,official_daily_result_pdf
201109040108,2011,阪神,4,1,8,2011-06-18,https://www.jra.go.jp/datafile/seiseki/report/2011/2011-4hanshin1.pdf,official_daily_result_pdf
201109040109,2011,阪神,4,1,9,2011-06-18,https://www.jra.go.jp/datafile/seiseki/report/2011/2011-4hanshin1.pdf,official_daily_result_pdf
201109040110,2011,阪神,4,1,10,2011-06-18,https://www.jra.go.jp/datafile/seiseki/report/2011/2011-4hanshin1.pdf,official_daily_result_pdf
201109040111,2011,阪神,4,1,11,2011-06-18,https://www.jra.go.jp/datafile/seiseki/report/2011/2011-4hanshin1.pdf,official_daily_result_pdf
201109040112,2011,阪神,4,1,12,2011-06-18,https://www.jra.go.jp/datafile/seiseki/report/2011/2011-4hanshin1.pdf,official_daily_result_pdf
201109040201,2011,阪神,4,2,1,2011-06-19,https://www.jra.go.jp/datafile/seiseki/report/2011/2011-4hanshin2.pdf,official_daily_result_pdf
201109040202,2011,阪神,4,2,2,2011-06-19,https://www.jra.go.jp/datafile/seiseki/report/2011/2011-4hanshin2.pdf,official_daily_result_pdf
201109040203,2011,阪神,4,2,3,2011-06-19,https://www.jra.go.jp/datafile/seiseki/report/2011/2011-4hanshin2.pdf,official_daily_result_pdf
201109040204,2011,阪神,4,2,4,2011-06-19,https://www.jra.go.jp/datafile/seiseki/report/2011/2011-4hanshin2.pdf,official_daily_result_pdf
201109040205,2011,阪神,4,2,5,2011-06-19,https://www.jra.go.jp/datafile/seiseki/report/2011/2011-4hanshin2.pdf,official_daily_result_pdf
201109040206,2011,阪神,4,2,6,2011-06-19,https://www.jra.go.jp/datafile/seiseki/report/2011/2011-4hanshin2.pdf,official_daily_result_pdf
201109040207,2011,阪神,4,2,7,2011-06-19,https://www.jra.go.jp/datafile/seiseki/report/2011/2011-4hanshin2.pdf,official_daily_result_pdf
201109040208,2011,阪神,4,2,8,2011-06-19,https://www.jra.go.jp/datafile/seiseki/report/2011/2011-4hanshin2.pdf,official_daily_result_pdf
201109040209,2011,阪神,4,2,9,2011-06-19,https://www.jra.go.jp/datafile/seiseki/report/2011/2011-4hanshin2.pdf,official_daily_result_pdf
201109040210,2011,阪神,4,2,10,2011-06-19,https://www.jra.go.jp/datafile/seiseki/report/2011/2011-4hanshin2.pdf,official_daily_result_pdf
201109040211,2011,阪神,4,2,11,2011-06-19,https://www.jra.go.jp/datafile/seiseki/report/2011/2011-4hanshin2.pdf,official_daily_result_pdf
201109040212,2011,阪神,4,2,12,2011-06-19,https://www.jra.go.jp/datafile/seiseki/report/2011/2011-4hanshin2.pdf,official_daily_result_pdf
201109040301,2011,阪神,4,3,1,2011-06-25,https://www.jra.go.jp/datafile/seiseki/report/2011/2011-4hanshin3.pdf,official_daily_result_pdf
201109040302,2011,阪神,4,3,2,2011-06-25,https://www.jra.go.jp/datafile/seiseki/report/2011/2011-4hanshin3.pdf,official_daily_result_pdf
201109040303,2011,阪神,4,3,3,2011-06-25,https://www.jra.go.jp/datafile/seiseki/report/2011/2011-4hanshin3.pdf,official_daily_result_pdf
201109040304,2011,阪神,4,3,4,2011-06-25,https://www.jra.go.jp/datafile/seiseki/report/2011/2011-4hanshin3.pdf,official_daily_result_pdf
201109040305,2011,阪神,4,3,5,2011-06-25,https://www.jra.go.jp/datafile/seiseki/report/2011/2011-4hanshin3.pdf,official_daily_result_pdf
201109040306,2011,阪神,4,3,6,2011-06-25,https://www.jra.go.jp/datafile/seiseki/report/2011/2011-4hanshin3.pdf,official_daily_result_pdf
201109040307,2011,阪神,4,3,7,2011-06-25,https://www.jra.go.jp/datafile/seiseki/report/2011/2011-4hanshin3.pdf,official_daily_result_pdf
201109040308,2011,阪神,4,3,8,2011-06-25,https://www.jra.go.jp/datafile/seiseki/report/2011/2011-4hanshin3.pdf,official_daily_result_pdf
201109040309,2011,阪神,4,3,9,2011-06-25,https://www.jra.go.jp/datafile/seiseki/report/2011/2011-4hanshin3.pdf,official_daily_result_pdf
201109040310,2011,阪神,4,3,10,2011-06-25,https://www.jra.go.jp/datafile/seiseki/report/2011/2011-4hanshin3.pdf,official_daily_result_pdf
201109040311,2011,阪神,4,3,11,2011-06-25,https://www.jra.go.jp/datafile/seiseki/report/2011/2011-4hanshin3.pdf,official_daily_result_pdf
201109040312,2011,阪神,4,3,12,2011-06-25,https://www.jra.go.jp/datafile/seiseki/report/2011/2011-4hanshin3.pdf,official_daily_result_pdf
201109040401,2011,阪神,4,4,1,2011-06-26,https://www.jra.go.jp/datafile/seiseki/report/2011/2011-4hanshin4.pdf,official_daily_result_pdf
201109040402,2011,阪神,4,4,2,2011-06-26,https://www.jra.go.jp/datafile/seiseki/report/2011/2011-4hanshin4.pdf,official_daily_result_pdf
201109040403,2011,阪神,4,4,3,2011-06-26,https://www.jra.go.jp/datafile/seiseki/report/2011/2011-4hanshin4.pdf,official_daily_result_pdf
201109040404,2011,阪神,4,4,4,2011-06-26,https://www.jra.go.jp/datafile/seiseki/report/2011/2011-4hanshin4.pdf,official_daily_result_pdf
201109040405,2011,阪神,4,4,5,2011-06-26,https://www.jra.go.jp/datafile/seiseki/report/2011/2011-4hanshin4.pdf,official_daily_result_pdf
201109040406,2011,阪神,4,4,6,2011-06-26,https://www.jra.go.jp/datafile/seiseki/report/2011/2011-4hanshin4.pdf,official_daily_result_pdf
201109040407,2011,阪神,4,4,7,2011-06-26,https://www.jra.go.jp/datafile/seiseki/report/2011/2011-4hanshin4.pdf,official_daily_result_pdf
201109040408,2011,阪神,4,4,8,2011-06-26,https://www.jra.go.jp/datafile/seiseki/report/2011/2011-4hanshin4.pdf,official_daily_result_pdf
201109040409,2011,阪神,4,4,9,2011-06-26,https://www.jra.go.jp/datafile/seiseki/report/2011/2011-4hanshin4.pdf,official_daily_result_pdf
201109040410,2011,阪神,4,4,10,2011-06-26,https://www.jra.go.jp/datafile/seiseki/report/2011/2011-4hanshin4.pdf,official_daily_result_pdf
201109040411,2011,阪神,4,4,11,2011-06-26,https://www.jra.go.jp/datafile/seiseki/report/2011/2011-4hanshin4.pdf,official_daily_result_pdf
201109040412,2011,阪神,4,4,12,2011-06-26,https://www.jra.go.jp/datafile/seiseki/report/2011/2011-4hanshin4.pdf,official_daily_result_pdf
201109050101,2011,阪神,5,1,1,2011-09-10,https://www.jra.go.jp/datafile/seiseki/report/2011/2011-5hanshin1.pdf,official_daily_result_pdf
201109050102,2011,阪神,5,1,2,2011-09-10,https://www.jra.go.jp/datafile/seiseki/report/2011/2011-5hanshin1.pdf,official_daily_result_pdf
201109050103,2011,阪神,5,1,3,2011-09-10,https://www.jra.go.jp/datafile/seiseki/report/2011/2011-5hanshin1.pdf,official_daily_result_pdf
201109050104,2011,阪神,5,1,4,2011-09-10,https://www.jra.go.jp/datafile/seiseki/report/2011/2011-5hanshin1.pdf,official_daily_result_pdf
201109050105,2011,阪神,5,1,5,2011-09-10,https://www.jra.go.jp/datafile/seiseki/report/2011/2011-5hanshin1.pdf,official_daily_result_pdf
201109050106,2011,阪神,5,1,6,2011-09-10,https://www.jra.go.jp/datafile/seiseki/report/2011/2011-5hanshin1.pdf,official_daily_result_pdf
201109050107,2011,阪神,5,1,7,2011-09-10,https://www.jra.go.jp/datafile/seiseki/report/2011/2011-5hanshin1.pdf,official_daily_result_pdf
201109050108,2011,阪神,5,1,8,2011-09-10,https://www.jra.go.jp/datafile/seiseki/report/2011/2011-5hanshin1.pdf,official_daily_result_pdf
201109050109,2011,阪神,5,1,9,2011-09-10,https://www.jra.go.jp/datafile/seiseki/report/2011/2011-5hanshin1.pdf,official_daily_result_pdf
201109050110,2011,阪神,5,1,10,2011-09-10,https://www.jra.go.jp/datafile/seiseki/report/2011/2011-5hanshin1.pdf,official_daily_result_pdf
201109050111,2011,阪神,5,1,11,2011-09-10,https://www.jra.go.jp/datafile/seiseki/report/2011/2011-5hanshin1.pdf,official_daily_result_pdf
201109050112,2011,阪神,5,1,12,2011-09-10,https://www.jra.go.jp/datafile/seiseki/report/2011/2011-5hanshin1.pdf,official_daily_result_pdf
201109050201,2011,阪神,5,2,1,2011-09-11,https://www.jra.go.jp/datafile/seiseki/report/2011/2011-5hanshin2.pdf,official_daily_result_pdf
201109050202,2011,阪神,5,2,2,2011-09-11,https://www.jra.go.jp/datafile/seiseki/report/2011/2011-5hanshin2.pdf,official_daily_result_pdf
201109050203,2011,阪神,5,2,3,2011-09-11,https://www.jra.go.jp/datafile/seiseki/report/2011/2011-5hanshin2.pdf,official_daily_result_pdf
201109050204,2011,阪神,5,2,4,2011-09-11,https://www.jra.go.jp/datafile/seiseki/report/2011/2011-5hanshin2.pdf,official_daily_result_pdf
201109050205,2011,阪神,5,2,5,2011-09-11,https://www.jra.go.jp/datafile/seiseki/report/2011/2011-5hanshin2.pdf,official_daily_result_pdf
201109050206,2011,阪神,5,2,6,2011-09-11,https://www.jra.go.jp/datafile/seiseki/report/2011/2011-5hanshin2.pdf,official_daily_result_pdf
201109050207,2011,阪神,5,2,7,2011-09-11,https://www.jra.go.jp/datafile/seiseki/report/2011/2011-5hanshin2.pdf,official_daily_result_pdf
201109050208,2011,阪神,5,2,8,2011-09-11,https://www.jra.go.jp/datafile/seiseki/report/2011/2011-5hanshin2.pdf,official_daily_result_pdf
201109050209,2011,阪神,5,2,9,2011-09-11,https://www.jra.go.jp/datafile/seiseki/report/2011/2011-5hanshin2.pdf,official_daily_result_pdf
201109050210,2011,阪神,5,2,10,2011-09-11,https://www.jra.go.jp/datafile/seiseki/report/2011/2011-5hanshin2.pdf,official_daily_result_pdf
201109050211,2011,阪神,5,2,11,2011-09-11,https://www.jra.go.jp/datafile/seiseki/report/2011/2011-5hanshin2.pdf,official_daily_result_pdf
201109050212,2011,阪神,5,2,12,2011-09-11,https://www.jra.go.jp/datafile/seiseki/report/2011/2011-5hanshin2.pdf,official_daily_result_pdf
201109050301,2011,阪神,5,3,1,2011-09-18,https://www.jra.go.jp/datafile/seiseki/report/2011/2011-5hanshin3.pdf,official_daily_result_pdf
201109050302,2011,阪神,5,3,2,2011-09-18,https://www.jra.go.jp/datafile/seiseki/report/2011/2011-5hanshin3.pdf,official_daily_result_pdf
201109050303,2011,阪神,5,3,3,2011-09-18,https://www.jra.go.jp/datafile/seiseki/report/2011/2011-5hanshin3.pdf,official_daily_result_pdf
201109050304,2011,阪神,5,3,4,2011-09-18,https://www.jra.go.jp/datafile/seiseki/report/2011/2011-5hanshin3.pdf,official_daily_result_pdf
201109050305,2011,阪神,5,3,5,2011-09-18,https://www.jra.go.jp/datafile/seiseki/report/2011/2011-5hanshin3.pdf,official_daily_result_pdf
201109050306,2011,阪神,5,3,6,2011-09-18,https://www.jra.go.jp/datafile/seiseki/report/2011/2011-5hanshin3.pdf,official_daily_result_pdf
201109050307,2011,阪神,5,3,7,2011-09-18,https://www.jra.go.jp/datafile/seiseki/report/2011/2011-5hanshin3.pdf,official_daily_result_pdf
201109050308,2011,阪神,5,3,8,2011-09-18,https://www.jra.go.jp/datafile/seiseki/report/2011/2011-5hanshin3.pdf,official_daily_result_pdf
201109050309,2011,阪神,5,3,9,2011-09-18,https://www.jra.go.jp/datafile/seiseki/report/2011/2011-5hanshin3.pdf,official_daily_result_pdf
201109050310,2011,阪神,5,3,10,2011-09-18,https://www.jra.go.jp/datafile/seiseki/report/2011/2011-5hanshin3.pdf,official_daily_result_pdf
201109050311,2011,阪神,5,3,11,2011-09-18,https://www.jra.go.jp/datafile/seiseki/report/2011/2011-5hanshin3.pdf,official_daily_result_pdf
201109050312,2011,阪神,5,3,12,2011-09-18,https://www.jra.go.jp/datafile/seiseki/report/2011/2011-5hanshin3.pdf,official_daily_result_pdf
201109050401,2011,阪神,5,4,1,2011-09-19,https://www.jra.go.jp/datafile/seiseki/report/2011/2011-5hanshin4.pdf,official_daily_result_pdf
201109050402,2011,阪神,5,4,2,2011-09-19,https://www.jra.go.jp/datafile/seiseki/report/2011/2011-5hanshin4.pdf,official_daily_result_pdf
201109050403,2011,阪神,5,4,3,2011-09-19,https://www.jra.go.jp/datafile/seiseki/report/2011/2011-5hanshin4.pdf,official_daily_result_pdf
201109050404,2011,阪神,5,4,4,2011-09-19,https://www.jra.go.jp/datafile/seiseki/report/2011/2011-5hanshin4.pdf,official_daily_result_pdf
201109050405,2011,阪神,5,4,5,2011-09-19,https://www.jra.go.jp/datafile/seiseki/report/2011/2011-5hanshin4.pdf,official_daily_result_pdf
201109050406,2011,阪神,5,4,6,2011-09-19,https://www.jra.go.jp/datafile/seiseki/report/2011/2011-5hanshin4.pdf,official_daily_result_pdf
201109050407,2011,阪神,5,4,7,2011-09-19,https://www.jra.go.jp/datafile/seiseki/report/2011/2011-5hanshin4.pdf,official_daily_result_pdf
201109050408,2011,阪神,5,4,8,2011-09-19,https://www.jra.go.jp/datafile/seiseki/report/2011/2011-5hanshin4.pdf,official_daily_result_pdf
201109050409,2011,阪神,5,4,9,2011-09-19,https://www.jra.go.jp/datafile/seiseki/report/2011/2011-5hanshin4.pdf,official_daily_result_pdf
201109050410,2011,阪神,5,4,10,2011-09-19,https://www.jra.go.jp/datafile/seiseki/report/2011/2011-5hanshin4.pdf,official_daily_result_pdf
201109050411,2011,阪神,5,4,11,2011-09-19,https://www.jra.go.jp/datafile/seiseki/report/2011/2011-5hanshin4.pdf,official_daily_result_pdf
201109050412,2011,阪神,5,4,12,2011-09-19,https://www.jra.go.jp/datafile/seiseki/report/2011/2011-5hanshin4.pdf,official_daily_result_pdf
201109050501,2011,阪神,5,5,1,2011-09-24,https://www.jra.go.jp/datafile/seiseki/report/2011/2011-5hanshin5.pdf,official_daily_result_pdf
201109050502,2011,阪神,5,5,2,2011-09-24,https://www.jra.go.jp/datafile/seiseki/report/2011/2011-5hanshin5.pdf,official_daily_result_pdf
201109050503,2011,阪神,5,5,3,2011-09-24,https://www.jra.go.jp/datafile/seiseki/report/2011/2011-5hanshin5.pdf,official_daily_result_pdf
201109050504,2011,阪神,5,5,4,2011-09-24,https://www.jra.go.jp/datafile/seiseki/report/2011/2011-5hanshin5.pdf,official_daily_result_pdf
201109050505,2011,阪神,5,5,5,2011-09-24,https://www.jra.go.jp/datafile/seiseki/report/2011/2011-5hanshin5.pdf,official_daily_result_pdf
201109050506,2011,阪神,5,5,6,2011-09-24,https://www.jra.go.jp/datafile/seiseki/report/2011/2011-5hanshin5.pdf,official_daily_result_pdf
201109050507,2011,阪神,5,5,7,2011-09-24,https://www.jra.go.jp/datafile/seiseki/report/2011/2011-5hanshin5.pdf,official_daily_result_pdf
201109050508,2011,阪神,5,5,8,2011-09-24,https://www.jra.go.jp/datafile/seiseki/report/2011/2011-5hanshin5.pdf,official_daily_result_pdf
201109050509,2011,阪神,5,5,9,2011-09-24,https://www.jra.go.jp/datafile/seiseki/report/2011/2011-5hanshin5.pdf,official_daily_result_pdf
201109050510,2011,阪神,5,5,10,2011-09-24,https://www.jra.go.jp/datafile/seiseki/report/2011/2011-5hanshin5.pdf,official_daily_result_pdf
201109050511,2011,阪神,5,5,11,2011-09-24,https://www.jra.go.jp/datafile/seiseki/report/2011/2011-5hanshin5.pdf,official_daily_result_pdf
201109050512,2011,阪神,5,5,12,2011-09-24,https://www.jra.go.jp/datafile/seiseki/report/2011/2011-5hanshin5.pdf,official_daily_result_pdf
201109050601,2011,阪神,5,6,1,2011-09-25,https://www.jra.go.jp/datafile/seiseki/report/2011/2011-5hanshin6.pdf,official_daily_result_pdf
201109050602,2011,阪神,5,6,2,2011-09-25,https://www.jra.go.jp/datafile/seiseki/report/2011/2011-5hanshin6.pdf,official_daily_result_pdf
201109050603,2011,阪神,5,6,3,2011-09-25,https://www.jra.go.jp/datafile/seiseki/report/2011/2011-5hanshin6.pdf,official_daily_result_pdf
201109050604,2011,阪神,5,6,4,2011-09-25,https://www.jra.go.jp/datafile/seiseki/report/2011/2011-5hanshin6.pdf,official_daily_result_pdf
201109050605,2011,阪神,5,6,5,2011-09-25,https://www.jra.go.jp/datafile/seiseki/report/2011/2011-5hanshin6.pdf,official_daily_result_pdf
201109050606,2011,阪神,5,6,6,2011-09-25,https://www.jra.go.jp/datafile/seiseki/report/2011/2011-5hanshin6.pdf,official_daily_result_pdf
201109050607,2011,阪神,5,6,7,2011-09-25,https://www.jra.go.jp/datafile/seiseki/report/2011/2011-5hanshin6.pdf,official_daily_result_pdf
201109050608,2011,阪神,5,6,8,2011-09-25,https://www.jra.go.jp/datafile/seiseki/report/2011/2011-5hanshin6.pdf,official_daily_result_pdf
201109050609,2011,阪神,5,6,9,2011-09-25,https://www.jra.go.jp/datafile/seiseki/report/2011/2011-5hanshin6.pdf,official_daily_result_pdf
201109050610,2011,阪神,5,6,10,2011-09-25,https://www.jra.go.jp/datafile/seiseki/report/2011/2011-5hanshin6.pdf,official_daily_result_pdf
201109050611,2011,阪神,5,6,11,2011-09-25,https://www.jra.go.jp/datafile/seiseki/report/2011/2011-5hanshin6.pdf,official_daily_result_pdf
201109050612,2011,阪神,5,6,12,2011-09-25,https://www.jra.go.jp/datafile/seiseki/report/2011/2011-5hanshin6.pdf,official_daily_result_pdf
201109050701,2011,阪神,5,7,1,2011-10-01,https://www.jra.go.jp/datafile/seiseki/report/2011/2011-5hanshin7.pdf,official_daily_result_pdf
201109050702,2011,阪神,5,7,2,2011-10-01,https://www.jra.go.jp/datafile/seiseki/report/2011/2011-5hanshin7.pdf,official_daily_result_pdf
201109050703,2011,阪神,5,7,3,2011-10-01,https://www.jra.go.jp/datafile/seiseki/report/2011/2011-5hanshin7.pdf,official_daily_result_pdf
201109050704,2011,阪神,5,7,4,2011-10-01,https://www.jra.go.jp/datafile/seiseki/report/2011/2011-5hanshin7.pdf,official_daily_result_pdf
201109050705,2011,阪神,5,7,5,2011-10-01,https://www.jra.go.jp/datafile/seiseki/report/2011/2011-5hanshin7.pdf,official_daily_result_pdf
201109050706,2011,阪神,5,7,6,2011-10-01,https://www.jra.go.jp/datafile/seiseki/report/2011/2011-5hanshin7.pdf,official_daily_result_pdf
201109050707,2011,阪神,5,7,7,2011-10-01,https://www.jra.go.jp/datafile/seiseki/report/2011/2011-5hanshin7.pdf,official_daily_result_pdf
201109050708,2011,阪神,5,7,8,2011-10-01,https://www.jra.go.jp/datafile/seiseki/report/2011/2011-5hanshin7.pdf,official_daily_result_pdf
201109050709,2011,阪神,5,7,9,2011-10-01,https://www.jra.go.jp/datafile/seiseki/report/2011/2011-5hanshin7.pdf,official_daily_result_pdf
201109050710,2011,阪神,5,7,10,2011-10-01,https://www.jra.go.jp/datafile/seiseki/report/2011/2011-5hanshin7.pdf,official_daily_result_pdf
201109050711,2011,阪神,5,7,11,2011-10-01,https://www.jra.go.jp/datafile/seiseki/report/2011/2011-5hanshin7.pdf,official_daily_result_pdf
201109050712,2011,阪神,5,7,12,2011-10-01,https://www.jra.go.jp/datafile/seiseki/report/2011/2011-5hanshin7.pdf,official_daily_result_pdf
201109050801,2011,阪神,5,8,1,2011-10-02,https://www.jra.go.jp/datafile/seiseki/report/2011/2011-5hanshin8.pdf,official_daily_result_pdf
201109050802,2011,阪神,5,8,2,2011-10-02,https://www.jra.go.jp/datafile/seiseki/report/2011/2011-5hanshin8.pdf,official_daily_result_pdf
201109050803,2011,阪神,5,8,3,2011-10-02,https://www.jra.go.jp/datafile/seiseki/report/2011/2011-5hanshin8.pdf,official_daily_result_pdf
201109050804,2011,阪神,5,8,4,2011-10-02,https://www.jra.go.jp/datafile/seiseki/report/2011/2011-5hanshin8.pdf,official_daily_result_pdf
201109050805,2011,阪神,5,8,5,2011-10-02,https://www.jra.go.jp/datafile/seiseki/report/2011/2011-5hanshin8.pdf,official_daily_result_pdf
201109050806,2011,阪神,5,8,6,2011-10-02,https://www.jra.go.jp/datafile/seiseki/report/2011/2011-5hanshin8.pdf,official_daily_result_pdf
201109050807,2011,阪神,5,8,7,2011-10-02,https://www.jra.go.jp/datafile/seiseki/report/2011/2011-5hanshin8.pdf,official_daily_result_pdf
201109050808,2011,阪神,5,8,8,2011-10-02,https://www.jra.go.jp/datafile/seiseki/report/2011/2011-5hanshin8.pdf,official_daily_result_pdf
201109050809,2011,阪神,5,8,9,2011-10-02,https://www.jra.go.jp/datafile/seiseki/report/2011/2011-5hanshin8.pdf,official_daily_result_pdf
201109050810,2011,阪神,5,8,10,2011-10-02,https://www.jra.go.jp/datafile/seiseki/report/2011/2011-5hanshin8.pdf,official_daily_result_pdf
201109050811,2011,阪神,5,8,11,2011-10-02,https://www.jra.go.jp/datafile/seiseki/report/2011/2011-5hanshin8.pdf,official_daily_result_pdf
201109050812,2011,阪神,5,8,12,2011-10-02,https://www.jra.go.jp/datafile/seiseki/report/2011/2011-5hanshin8.pdf,official_daily_result_pdf
201109060101,2011,阪神,6,1,1,2011-12-03,https://www.jra.go.jp/datafile/seiseki/report/2011/2011-6hanshin1.pdf,official_daily_result_pdf
201109060102,2011,阪神,6,1,2,2011-12-03,https://www.jra.go.jp/datafile/seiseki/report/2011/2011-6hanshin1.pdf,official_daily_result_pdf
201109060103,2011,阪神,6,1,3,2011-12-03,https://www.jra.go.jp/datafile/seiseki/report/2011/2011-6hanshin1.pdf,official_daily_result_pdf
201109060104,2011,阪神,6,1,4,2011-12-03,https://www.jra.go.jp/datafile/seiseki/report/2011/2011-6hanshin1.pdf,official_daily_result_pdf
201109060105,2011,阪神,6,1,5,2011-12-03,https://www.jra.go.jp/datafile/seiseki/report/2011/2011-6hanshin1.pdf,official_daily_result_pdf
201109060106,2011,阪神,6,1,6,2011-12-03,https://www.jra.go.jp/datafile/seiseki/report/2011/2011-6hanshin1.pdf,official_daily_result_pdf
201109060107,2011,阪神,6,1,7,2011-12-03,https://www.jra.go.jp/datafile/seiseki/report/2011/2011-6hanshin1.pdf,official_daily_result_pdf
201109060108,2011,阪神,6,1,8,2011-12-03,https://www.jra.go.jp/datafile/seiseki/report/2011/2011-6hanshin1.pdf,official_daily_result_pdf
201109060109,2011,阪神,6,1,9,2011-12-03,https://www.jra.go.jp/datafile/seiseki/report/2011/2011-6hanshin1.pdf,official_daily_result_pdf
201109060110,2011,阪神,6,1,10,2011-12-03,https://www.jra.go.jp/datafile/seiseki/report/2011/2011-6hanshin1.pdf,official_daily_result_pdf
201109060111,2011,阪神,6,1,11,2011-12-03,https://www.jra.go.jp/datafile/seiseki/report/2011/2011-6hanshin1.pdf,official_daily_result_pdf
201109060112,2011,阪神,6,1,12,2011-12-03,https://www.jra.go.jp/datafile/seiseki/report/2011/2011-6hanshin1.pdf,official_daily_result_pdf
201109060201,2011,阪神,6,2,1,2011-12-04,https://www.jra.go.jp/datafile/seiseki/report/2011/2011-6hanshin2.pdf,official_daily_result_pdf
201109060202,2011,阪神,6,2,2,2011-12-04,https://www.jra.go.jp/datafile/seiseki/report/2011/2011-6hanshin2.pdf,official_daily_result_pdf
201109060203,2011,阪神,6,2,3,2011-12-04,https://www.jra.go.jp/datafile/seiseki/report/2011/2011-6hanshin2.pdf,official_daily_result_pdf
201109060204,2011,阪神,6,2,4,2011-12-04,https://www.jra.go.jp/datafile/seiseki/report/2011/2011-6hanshin2.pdf,official_daily_result_pdf
201109060205,2011,阪神,6,2,5,2011-12-04,https://www.jra.go.jp/datafile/seiseki/report/2011/2011-6hanshin2.pdf,official_daily_result_pdf
201109060206,2011,阪神,6,2,6,2011-12-04,https://www.jra.go.jp/datafile/seiseki/report/2011/2011-6hanshin2.pdf,official_daily_result_pdf
201109060207,2011,阪神,6,2,7,2011-12-04,https://www.jra.go.jp/datafile/seiseki/report/2011/2011-6hanshin2.pdf,official_daily_result_pdf
201109060208,2011,阪神,6,2,8,2011-12-04,https://www.jra.go.jp/datafile/seiseki/report/2011/2011-6hanshin2.pdf,official_daily_result_pdf
201109060209,2011,阪神,6,2,9,2011-12-04,https://www.jra.go.jp/datafile/seiseki/report/2011/2011-6hanshin2.pdf,official_daily_result_pdf
201109060210,2011,阪神,6,2,10,2011-12-04,https://www.jra.go.jp/datafile/seiseki/report/2011/2011-6hanshin2.pdf,official_daily_result_pdf
201109060211,2011,阪神,6,2,11,2011-12-04,https://www.jra.go.jp/datafile/seiseki/report/2011/2011-6hanshin2.pdf,official_daily_result_pdf
201109060212,2011,阪神,6,2,12,2011-12-04,https://www.jra.go.jp/datafile/seiseki/report/2011/2011-6hanshin2.pdf,official_daily_result_pdf
201109060301,2011,阪神,6,3,1,2011-12-10,https://www.jra.go.jp/datafile/seiseki/report/2011/2011-6hanshin3.pdf,official_daily_result_pdf
201109060302,2011,阪神,6,3,2,2011-12-10,https://www.jra.go.jp/datafile/seiseki/report/2011/2011-6hanshin3.pdf,official_daily_result_pdf
201109060303,2011,阪神,6,3,3,2011-12-10,https://www.jra.go.jp/datafile/seiseki/report/2011/2011-6hanshin3.pdf,official_daily_result_pdf
201109060304,2011,阪神,6,3,4,2011-12-10,https://www.jra.go.jp/datafile/seiseki/report/2011/2011-6hanshin3.pdf,official_daily_result_pdf
201109060305,2011,阪神,6,3,5,2011-12-10,https://www.jra.go.jp/datafile/seiseki/report/2011/2011-6hanshin3.pdf,official_daily_result_pdf
201109060306,2011,阪神,6,3,6,2011-12-10,https://www.jra.go.jp/datafile/seiseki/report/2011/2011-6hanshin3.pdf,official_daily_result_pdf
201109060307,2011,阪神,6,3,7,2011-12-10,https://www.jra.go.jp/datafile/seiseki/report/2011/2011-6hanshin3.pdf,official_daily_result_pdf
201109060308,2011,阪神,6,3,8,2011-12-10,https://www.jra.go.jp/datafile/seiseki/report/2011/2011-6hanshin3.pdf,official_daily_result_pdf
201109060309,2011,阪神,6,3,9,2011-12-10,https://www.jra.go.jp/datafile/seiseki/report/2011/2011-6hanshin3.pdf,official_daily_result_pdf
201109060310,2011,阪神,6,3,10,2011-12-10,https://www.jra.go.jp/datafile/seiseki/report/2011/2011-6hanshin3.pdf,official_daily_result_pdf
201109060311,2011,阪神,6,3,11,2011-12-10,https://www.jra.go.jp/datafile/seiseki/report/2011/2011-6hanshin3.pdf,official_daily_result_pdf
201109060312,2011,阪神,6,3,12,2011-12-10,https://www.jra.go.jp/datafile/seiseki/report/2011/2011-6hanshin3.pdf,official_daily_result_pdf
201109060401,2011,阪神,6,4,1,2011-12-11,https://www.jra.go.jp/datafile/seiseki/report/2011/2011-6hanshin4.pdf,official_daily_result_pdf
201109060402,2011,阪神,6,4,2,2011-12-11,https://www.jra.go.jp/datafile/seiseki/report/2011/2011-6hanshin4.pdf,official_daily_result_pdf
201109060403,2011,阪神,6,4,3,2011-12-11,https://www.jra.go.jp/datafile/seiseki/report/2011/2011-6hanshin4.pdf,official_daily_result_pdf
201109060404,2011,阪神,6,4,4,2011-12-11,https://www.jra.go.jp/datafile/seiseki/report/2011/2011-6hanshin4.pdf,official_daily_result_pdf
201109060405,2011,阪神,6,4,5,2011-12-11,https://www.jra.go.jp/datafile/seiseki/report/2011/2011-6hanshin4.pdf,official_daily_result_pdf
201109060406,2011,阪神,6,4,6,2011-12-11,https://www.jra.go.jp/datafile/seiseki/report/2011/2011-6hanshin4.pdf,official_daily_result_pdf
201109060407,2011,阪神,6,4,7,2011-12-11,https://www.jra.go.jp/datafile/seiseki/report/2011/2011-6hanshin4.pdf,official_daily_result_pdf
201109060408,2011,阪神,6,4,8,2011-12-11,https://www.jra.go.jp/datafile/seiseki/report/2011/2011-6hanshin4.pdf,official_daily_result_pdf
201109060409,2011,阪神,6,4,9,2011-12-11,https://www.jra.go.jp/datafile/seiseki/report/2011/2011-6hanshin4.pdf,official_daily_result_pdf
201109060410,2011,阪神,6,4,10,2011-12-11,https://www.jra.go.jp/datafile/seiseki/report/2011/2011-6hanshin4.pdf,official_daily_result_pdf
201109060411,2011,阪神,6,4,11,2011-12-11,https://www.jra.go.jp/datafile/seiseki/report/2011/2011-6hanshin4.pdf,official_daily_result_pdf
201109060412,2011,阪神,6,4,12,2011-12-11,https://www.jra.go.jp/datafile/seiseki/report/2011/2011-6hanshin4.pdf,official_daily_result_pdf
201109060501,2011,阪神,6,5,1,2011-12-17,https://www.jra.go.jp/datafile/seiseki/report/2011/2011-6hanshin5.pdf,official_daily_result_pdf
201109060502,2011,阪神,6,5,2,2011-12-17,https://www.jra.go.jp/datafile/seiseki/report/2011/2011-6hanshin5.pdf,official_daily_result_pdf
201109060503,2011,阪神,6,5,3,2011-12-17,https://www.jra.go.jp/datafile/seiseki/report/2011/2011-6hanshin5.pdf,official_daily_result_pdf
201109060504,2011,阪神,6,5,4,2011-12-17,https://www.jra.go.jp/datafile/seiseki/report/2011/2011-6hanshin5.pdf,official_daily_result_pdf
201109060505,2011,阪神,6,5,5,2011-12-17,https://www.jra.go.jp/datafile/seiseki/report/2011/2011-6hanshin5.pdf,official_daily_result_pdf
201109060506,2011,阪神,6,5,6,2011-12-17,https://www.jra.go.jp/datafile/seiseki/report/2011/2011-6hanshin5.pdf,official_daily_result_pdf
201109060507,2011,阪神,6,5,7,2011-12-17,https://www.jra.go.jp/datafile/seiseki/report/2011/2011-6hanshin5.pdf,official_daily_result_pdf
201109060508,2011,阪神,6,5,8,2011-12-17,https://www.jra.go.jp/datafile/seiseki/report/2011/2011-6hanshin5.pdf,official_daily_result_pdf
201109060509,2011,阪神,6,5,9,2011-12-17,https://www.jra.go.jp/datafile/seiseki/report/2011/2011-6hanshin5.pdf,official_daily_result_pdf
201109060510,2011,阪神,6,5,10,2011-12-17,https://www.jra.go.jp/datafile/seiseki/report/2011/2011-6hanshin5.pdf,official_daily_result_pdf
201109060511,2011,阪神,6,5,11,2011-12-17,https://www.jra.go.jp/datafile/seiseki/report/2011/2011-6hanshin5.pdf,official_daily_result_pdf
201109060512,2011,阪神,6,5,12,2011-12-17,https://www.jra.go.jp/datafile/seiseki/report/2011/2011-6hanshin5.pdf,official_daily_result_pdf
201109060601,2011,阪神,6,6,1,2011-12-18,https://www.jra.go.jp/datafile/seiseki/report/2011/2011-6hanshin6.pdf,official_daily_result_pdf
201109060602,2011,阪神,6,6,2,2011-12-18,https://www.jra.go.jp/datafile/seiseki/report/2011/2011-6hanshin6.pdf,official_daily_result_pdf
201109060603,2011,阪神,6,6,3,2011-12-18,https://www.jra.go.jp/datafile/seiseki/report/2011/2011-6hanshin6.pdf,official_daily_result_pdf
201109060604,2011,阪神,6,6,4,2011-12-18,https://www.jra.go.jp/datafile/seiseki/report/2011/2011-6hanshin6.pdf,official_daily_result_pdf
201109060605,2011,阪神,6,6,5,2011-12-18,https://www.jra.go.jp/datafile/seiseki/report/2011/2011-6hanshin6.pdf,official_daily_result_pdf
201109060606,2011,阪神,6,6,6,2011-12-18,https://www.jra.go.jp/datafile/seiseki/report/2011/2011-6hanshin6.pdf,official_daily_result_pdf
201109060607,2011,阪神,6,6,7,2011-12-18,https://www.jra.go.jp/datafile/seiseki/report/2011/2011-6hanshin6.pdf,official_daily_result_pdf
201109060608,2011,阪神,6,6,8,2011-12-18,https://www.jra.go.jp/datafile/seiseki/report/2011/2011-6hanshin6.pdf,official_daily_result_pdf
201109060609,2011,阪神,6,6,9,2011-12-18,https://www.jra.go.jp/datafile/seiseki/report/2011/2011-6hanshin6.pdf,official_daily_result_pdf
201109060610,2011,阪神,6,6,10,2011-12-18,https://www.jra.go.jp/datafile/seiseki/report/2011/2011-6hanshin6.pdf,official_daily_result_pdf
201109060611,2011,阪神,6,6,11,2011-12-18,https://www.jra.go.jp/datafile/seiseki/report/2011/2011-6hanshin6.pdf,official_daily_result_pdf
201109060612,2011,阪神,6,6,12,2011-12-18,https://www.jra.go.jp/datafile/seiseki/report/2011/2011-6hanshin6.pdf,official_daily_result_pdf
201109060701,2011,阪神,6,7,1,2011-12-24,https://www.jra.go.jp/datafile/seiseki/report/2011/2011-6hanshin7.pdf,official_daily_result_pdf
201109060702,2011,阪神,6,7,2,2011-12-24,https://www.jra.go.jp/datafile/seiseki/report/2011/2011-6hanshin7.pdf,official_daily_result_pdf
201109060703,2011,阪神,6,7,3,2011-12-24,https://www.jra.go.jp/datafile/seiseki/report/2011/2011-6hanshin7.pdf,official_daily_result_pdf
201109060704,2011,阪神,6,7,4,2011-12-24,https://www.jra.go.jp/datafile/seiseki/report/2011/2011-6hanshin7.pdf,official_daily_result_pdf
201109060705,2011,阪神,6,7,5,2011-12-24,https://www.jra.go.jp/datafile/seiseki/report/2011/2011-6hanshin7.pdf,official_daily_result_pdf
201109060706,2011,阪神,6,7,6,2011-12-24,https://www.jra.go.jp/datafile/seiseki/report/2011/2011-6hanshin7.pdf,official_daily_result_pdf
201109060707,2011,阪神,6,7,7,2011-12-24,https://www.jra.go.jp/datafile/seiseki/report/2011/2011-6hanshin7.pdf,official_daily_result_pdf
201109060708,2011,阪神,6,7,8,2011-12-24,https://www.jra.go.jp/datafile/seiseki/report/2011/2011-6hanshin7.pdf,official_daily_result_pdf
201109060709,2011,阪神,6,7,9,2011-12-24,https://www.jra.go.jp/datafile/seiseki/report/2011/2011-6hanshin7.pdf,official_daily_result_pdf
201109060710,2011,阪神,6,7,10,2011-12-24,https://www.jra.go.jp/datafile/seiseki/report/2011/2011-6hanshin7.pdf,official_daily_result_pdf
201109060711,2011,阪神,6,7,11,2011-12-24,https://www.jra.go.jp/datafile/seiseki/report/2011/2011-6hanshin7.pdf,official_daily_result_pdf
201109060712,2011,阪神,6,7,12,2011-12-24,https://www.jra.go.jp/datafile/seiseki/report/2011/2011-6hanshin7.pdf,official_daily_result_pdf
201109060801,2011,阪神,6,8,1,2011-12-25,https://www.jra.go.jp/datafile/seiseki/report/2011/2011-6hanshin8.pdf,official_daily_result_pdf
201109060802,2011,阪神,6,8,2,2011-12-25,https://www.jra.go.jp/datafile/seiseki/report/2011/2011-6hanshin8.pdf,official_daily_result_pdf
201109060803,2011,阪神,6,8,3,2011-12-25,https://www.jra.go.jp/datafile/seiseki/report/2011/2011-6hanshin8.pdf,official_daily_result_pdf
201109060804,2011,阪神,6,8,4,2011-12-25,https://www.jra.go.jp/datafile/seiseki/report/2011/2011-6hanshin8.pdf,official_daily_result_pdf
201109060805,2011,阪神,6,8,5,2011-12-25,https://www.jra.go.jp/datafile/seiseki/report/2011/2011-6hanshin8.pdf,official_daily_result_pdf
201109060806,2011,阪神,6,8,6,2011-12-25,https://www.jra.go.jp/datafile/seiseki/report/2011/2011-6hanshin8.pdf,official_daily_result_pdf
201109060807,2011,阪神,6,8,7,2011-12-25,https://www.jra.go.jp/datafile/seiseki/report/2011/2011-6hanshin8.pdf,official_daily_result_pdf
201109060808,2011,阪神,6,8,8,2011-12-25,https://www.jra.go.jp/datafile/seiseki/report/2011/2011-6hanshin8.pdf,official_daily_result_pdf
201109060809,2011,阪神,6,8,9,2011-12-25,https://www.jra.go.jp/datafile/seiseki/report/2011/2011-6hanshin8.pdf,official_daily_result_pdf
201109060810,2011,阪神,6,8,10,2011-12-25,https://www.jra.go.jp/datafile/seiseki/report/2011/2011-6hanshin8.pdf,official_daily_result_pdf
201109060811,2011,阪神,6,8,11,2011-12-25,https://www.jra.go.jp/datafile/seiseki/report/2011/2011-6hanshin8.pdf,official_daily_result_pdf
201109060812,2011,阪神,6,8,12,2011-12-25,https://www.jra.go.jp/datafile/seiseki/report/2011/2011-6hanshin8.pdf,official_daily_result_pdf
201110010101,2011,小倉,1,1,1,2011-01-22,https://www.jra.go.jp/datafile/seiseki/report/2011/2011-1kokura1.pdf,official_daily_result_pdf
201110010102,2011,小倉,1,1,2,2011-01-22,https://www.jra.go.jp/datafile/seiseki/report/2011/2011-1kokura1.pdf,official_daily_result_pdf
201110010103,2011,小倉,1,1,3,2011-01-22,https://www.jra.go.jp/datafile/seiseki/report/2011/2011-1kokura1.pdf,official_daily_result_pdf
201110010104,2011,小倉,1,1,4,2011-01-22,https://www.jra.go.jp/datafile/seiseki/report/2011/2011-1kokura1.pdf,official_daily_result_pdf
201110010105,2011,小倉,1,1,5,2011-01-22,https://www.jra.go.jp/datafile/seiseki/report/2011/2011-1kokura1.pdf,official_daily_result_pdf
201110010106,2011,小倉,1,1,6,2011-01-22,https://www.jra.go.jp/datafile/seiseki/report/2011/2011-1kokura1.pdf,official_daily_result_pdf
201110010107,2011,小倉,1,1,7,2011-01-22,https://www.jra.go.jp/datafile/seiseki/report/2011/2011-1kokura1.pdf,official_daily_result_pdf
201110010108,2011,小倉,1,1,8,2011-01-22,https://www.jra.go.jp/datafile/seiseki/report/2011/2011-1kokura1.pdf,official_daily_result_pdf
201110010109,2011,小倉,1,1,9,2011-01-22,https://www.jra.go.jp/datafile/seiseki/report/2011/2011-1kokura1.pdf,official_daily_result_pdf
201110010110,2011,小倉,1,1,10,2011-01-22,https://www.jra.go.jp/datafile/seiseki/report/2011/2011-1kokura1.pdf,official_daily_result_pdf
201110010111,2011,小倉,1,1,11,2011-01-22,https://www.jra.go.jp/datafile/seiseki/report/2011/2011-1kokura1.pdf,official_daily_result_pdf
201110010112,2011,小倉,1,1,12,2011-01-22,https://www.jra.go.jp/datafile/seiseki/report/2011/2011-1kokura1.pdf,official_daily_result_pdf
201110010201,2011,小倉,1,2,1,2011-01-23,https://www.jra.go.jp/datafile/seiseki/report/2011/2011-1kokura2.pdf,official_daily_result_pdf
201110010202,2011,小倉,1,2,2,2011-01-23,https://www.jra.go.jp/datafile/seiseki/report/2011/2011-1kokura2.pdf,official_daily_result_pdf
201110010203,2011,小倉,1,2,3,2011-01-23,https://www.jra.go.jp/datafile/seiseki/report/2011/2011-1kokura2.pdf,official_daily_result_pdf
201110010204,2011,小倉,1,2,4,2011-01-23,https://www.jra.go.jp/datafile/seiseki/report/2011/2011-1kokura2.pdf,official_daily_result_pdf
201110010205,2011,小倉,1,2,5,2011-01-23,https://www.jra.go.jp/datafile/seiseki/report/2011/2011-1kokura2.pdf,official_daily_result_pdf
201110010206,2011,小倉,1,2,6,2011-01-23,https://www.jra.go.jp/datafile/seiseki/report/2011/2011-1kokura2.pdf,official_daily_result_pdf
201110010207,2011,小倉,1,2,7,2011-01-23,https://www.jra.go.jp/datafile/seiseki/report/2011/2011-1kokura2.pdf,official_daily_result_pdf
201110010208,2011,小倉,1,2,8,2011-01-23,https://www.jra.go.jp/datafile/seiseki/report/2011/2011-1kokura2.pdf,official_daily_result_pdf
201110010209,2011,小倉,1,2,9,2011-01-23,https://www.jra.go.jp/datafile/seiseki/report/2011/2011-1kokura2.pdf,official_daily_result_pdf
201110010210,2011,小倉,1,2,10,2011-01-23,https://www.jra.go.jp/datafile/seiseki/report/2011/2011-1kokura2.pdf,official_daily_result_pdf
201110010211,2011,小倉,1,2,11,2011-01-23,https://www.jra.go.jp/datafile/seiseki/report/2011/2011-1kokura2.pdf,official_daily_result_pdf
201110010212,2011,小倉,1,2,12,2011-01-23,https://www.jra.go.jp/datafile/seiseki/report/2011/2011-1kokura2.pdf,official_daily_result_pdf
201110010301,2011,小倉,1,3,1,2011-01-29,https://www.jra.go.jp/datafile/seiseki/report/2011/2011-1kokura3.pdf,official_daily_result_pdf
201110010302,2011,小倉,1,3,2,2011-01-29,https://www.jra.go.jp/datafile/seiseki/report/2011/2011-1kokura3.pdf,official_daily_result_pdf
201110010303,2011,小倉,1,3,3,2011-01-29,https://www.jra.go.jp/datafile/seiseki/report/2011/2011-1kokura3.pdf,official_daily_result_pdf
201110010304,2011,小倉,1,3,4,2011-01-29,https://www.jra.go.jp/datafile/seiseki/report/2011/2011-1kokura3.pdf,official_daily_result_pdf
201110010305,2011,小倉,1,3,5,2011-01-29,https://www.jra.go.jp/datafile/seiseki/report/2011/2011-1kokura3.pdf,official_daily_result_pdf
201110010306,2011,小倉,1,3,6,2011-01-29,https://www.jra.go.jp/datafile/seiseki/report/2011/2011-1kokura3.pdf,official_daily_result_pdf
201110010307,2011,小倉,1,3,7,2011-01-29,https://www.jra.go.jp/datafile/seiseki/report/2011/2011-1kokura3.pdf,official_daily_result_pdf
201110010308,2011,小倉,1,3,8,2011-01-29,https://www.jra.go.jp/datafile/seiseki/report/2011/2011-1kokura3.pdf,official_daily_result_pdf
201110010309,2011,小倉,1,3,9,2011-01-29,https://www.jra.go.jp/datafile/seiseki/report/2011/2011-1kokura3.pdf,official_daily_result_pdf
201110010310,2011,小倉,1,3,10,2011-01-29,https://www.jra.go.jp/datafile/seiseki/report/2011/2011-1kokura3.pdf,official_daily_result_pdf
201110010311,2011,小倉,1,3,11,2011-01-29,https://www.jra.go.jp/datafile/seiseki/report/2011/2011-1kokura3.pdf,official_daily_result_pdf
201110010312,2011,小倉,1,3,12,2011-01-29,https://www.jra.go.jp/datafile/seiseki/report/2011/2011-1kokura3.pdf,official_daily_result_pdf
201110010401,2011,小倉,1,4,1,2011-01-30,https://www.jra.go.jp/datafile/seiseki/report/2011/2011-1kokura4.pdf,official_daily_result_pdf
201110010402,2011,小倉,1,4,2,2011-01-30,https://www.jra.go.jp/datafile/seiseki/report/2011/2011-1kokura4.pdf,official_daily_result_pdf
201110010403,2011,小倉,1,4,3,2011-01-30,https://www.jra.go.jp/datafile/seiseki/report/2011/2011-1kokura4.pdf,official_daily_result_pdf
201110010404,2011,小倉,1,4,4,2011-01-30,https://www.jra.go.jp/datafile/seiseki/report/2011/2011-1kokura4.pdf,official_daily_result_pdf
201110010405,2011,小倉,1,4,5,2011-01-30,https://www.jra.go.jp/datafile/seiseki/report/2011/2011-1kokura4.pdf,official_daily_result_pdf
201110010406,2011,小倉,1,4,6,2011-01-30,https://www.jra.go.jp/datafile/seiseki/report/2011/2011-1kokura4.pdf,official_daily_result_pdf
201110010407,2011,小倉,1,4,7,2011-01-30,https://www.jra.go.jp/datafile/seiseki/report/2011/2011-1kokura4.pdf,official_daily_result_pdf
201110010408,2011,小倉,1,4,8,2011-01-30,https://www.jra.go.jp/datafile/seiseki/report/2011/2011-1kokura4.pdf,official_daily_result_pdf
201110010409,2011,小倉,1,4,9,2011-01-30,https://www.jra.go.jp/datafile/seiseki/report/2011/2011-1kokura4.pdf,official_daily_result_pdf
201110010410,2011,小倉,1,4,10,2011-01-30,https://www.jra.go.jp/datafile/seiseki/report/2011/2011-1kokura4.pdf,official_daily_result_pdf
201110010411,2011,小倉,1,4,11,2011-01-30,https://www.jra.go.jp/datafile/seiseki/report/2011/2011-1kokura4.pdf,official_daily_result_pdf
201110010412,2011,小倉,1,4,12,2011-01-30,https://www.jra.go.jp/datafile/seiseki/report/2011/2011-1kokura4.pdf,official_daily_result_pdf
201110010501,2011,小倉,1,5,1,2011-02-05,https://www.jra.go.jp/datafile/seiseki/report/2011/2011-1kokura5.pdf,official_daily_result_pdf
201110010502,2011,小倉,1,5,2,2011-02-05,https://www.jra.go.jp/datafile/seiseki/report/2011/2011-1kokura5.pdf,official_daily_result_pdf
201110010503,2011,小倉,1,5,3,2011-02-05,https://www.jra.go.jp/datafile/seiseki/report/2011/2011-1kokura5.pdf,official_daily_result_pdf
201110010504,2011,小倉,1,5,4,2011-02-05,https://www.jra.go.jp/datafile/seiseki/report/2011/2011-1kokura5.pdf,official_daily_result_pdf
201110010505,2011,小倉,1,5,5,2011-02-05,https://www.jra.go.jp/datafile/seiseki/report/2011/2011-1kokura5.pdf,official_daily_result_pdf
201110010506,2011,小倉,1,5,6,2011-02-05,https://www.jra.go.jp/datafile/seiseki/report/2011/2011-1kokura5.pdf,official_daily_result_pdf
201110010507,2011,小倉,1,5,7,2011-02-05,https://www.jra.go.jp/datafile/seiseki/report/2011/2011-1kokura5.pdf,official_daily_result_pdf
201110010508,2011,小倉,1,5,8,2011-02-05,https://www.jra.go.jp/datafile/seiseki/report/2011/2011-1kokura5.pdf,official_daily_result_pdf
201110010509,2011,小倉,1,5,9,2011-02-05,https://www.jra.go.jp/datafile/seiseki/report/2011/2011-1kokura5.pdf,official_daily_result_pdf
201110010510,2011,小倉,1,5,10,2011-02-05,https://www.jra.go.jp/datafile/seiseki/report/2011/2011-1kokura5.pdf,official_daily_result_pdf
201110010511,2011,小倉,1,5,11,2011-02-05,https://www.jra.go.jp/datafile/seiseki/report/2011/2011-1kokura5.pdf,official_daily_result_pdf
201110010512,2011,小倉,1,5,12,2011-02-05,https://www.jra.go.jp/datafile/seiseki/report/2011/2011-1kokura5.pdf,official_daily_result_pdf
201110010601,2011,小倉,1,6,1,2011-02-06,https://www.jra.go.jp/datafile/seiseki/report/2011/2011-1kokura6.pdf,official_daily_result_pdf
201110010602,2011,小倉,1,6,2,2011-02-06,https://www.jra.go.jp/datafile/seiseki/report/2011/2011-1kokura6.pdf,official_daily_result_pdf
201110010603,2011,小倉,1,6,3,2011-02-06,https://www.jra.go.jp/datafile/seiseki/report/2011/2011-1kokura6.pdf,official_daily_result_pdf
201110010604,2011,小倉,1,6,4,2011-02-06,https://www.jra.go.jp/datafile/seiseki/report/2011/2011-1kokura6.pdf,official_daily_result_pdf
201110010605,2011,小倉,1,6,5,2011-02-06,https://www.jra.go.jp/datafile/seiseki/report/2011/2011-1kokura6.pdf,official_daily_result_pdf
201110010606,2011,小倉,1,6,6,2011-02-06,https://www.jra.go.jp/datafile/seiseki/report/2011/2011-1kokura6.pdf,official_daily_result_pdf
201110010607,2011,小倉,1,6,7,2011-02-06,https://www.jra.go.jp/datafile/seiseki/report/2011/2011-1kokura6.pdf,official_daily_result_pdf
201110010608,2011,小倉,1,6,8,2011-02-06,https://www.jra.go.jp/datafile/seiseki/report/2011/2011-1kokura6.pdf,official_daily_result_pdf
201110010609,2011,小倉,1,6,9,2011-02-06,https://www.jra.go.jp/datafile/seiseki/report/2011/2011-1kokura6.pdf,official_daily_result_pdf
201110010610,2011,小倉,1,6,10,2011-02-06,https://www.jra.go.jp/datafile/seiseki/report/2011/2011-1kokura6.pdf,official_daily_result_pdf
201110010611,2011,小倉,1,6,11,2011-02-06,https://www.jra.go.jp/datafile/seiseki/report/2011/2011-1kokura6.pdf,official_daily_result_pdf
201110010612,2011,小倉,1,6,12,2011-02-06,https://www.jra.go.jp/datafile/seiseki/report/2011/2011-1kokura6.pdf,official_daily_result_pdf
201110010701,2011,小倉,1,7,1,2011-02-12,https://www.jra.go.jp/datafile/seiseki/report/2011/2011-1kokura7.pdf,official_daily_result_pdf
201110010702,2011,小倉,1,7,2,2011-02-12,https://www.jra.go.jp/datafile/seiseki/report/2011/2011-1kokura7.pdf,official_daily_result_pdf
201110010703,2011,小倉,1,7,3,2011-02-12,https://www.jra.go.jp/datafile/seiseki/report/2011/2011-1kokura7.pdf,official_daily_result_pdf
201110010704,2011,小倉,1,7,4,2011-02-12,https://www.jra.go.jp/datafile/seiseki/report/2011/2011-1kokura7.pdf,official_daily_result_pdf
201110010705,2011,小倉,1,7,5,2011-02-12,https://www.jra.go.jp/datafile/seiseki/report/2011/2011-1kokura7.pdf,official_daily_result_pdf
201110010706,2011,小倉,1,7,6,2011-02-12,https://www.jra.go.jp/datafile/seiseki/report/2011/2011-1kokura7.pdf,official_daily_result_pdf
201110010707,2011,小倉,1,7,7,2011-02-12,https://www.jra.go.jp/datafile/seiseki/report/2011/2011-1kokura7.pdf,official_daily_result_pdf
201110010708,2011,小倉,1,7,8,2011-02-12,https://www.jra.go.jp/datafile/seiseki/report/2011/2011-1kokura7.pdf,official_daily_result_pdf
201110010709,2011,小倉,1,7,9,2011-02-12,https://www.jra.go.jp/datafile/seiseki/report/2011/2011-1kokura7.pdf,official_daily_result_pdf
201110010710,2011,小倉,1,7,10,2011-02-12,https://www.jra.go.jp/datafile/seiseki/report/2011/2011-1kokura7.pdf,official_daily_result_pdf
201110010711,2011,小倉,1,7,11,2011-02-12,https://www.jra.go.jp/datafile/seiseki/report/2011/2011-1kokura7.pdf,official_daily_result_pdf
201110010712,2011,小倉,1,7,12,2011-02-12,https://www.jra.go.jp/datafile/seiseki/report/2011/2011-1kokura7.pdf,official_daily_result_pdf
201110010801,2011,小倉,1,8,1,2011-02-13,https://www.jra.go.jp/datafile/seiseki/report/2011/2011-1kokura8.pdf,official_daily_result_pdf
201110010802,2011,小倉,1,8,2,2011-02-13,https://www.jra.go.jp/datafile/seiseki/report/2011/2011-1kokura8.pdf,official_daily_result_pdf
201110010803,2011,小倉,1,8,3,2011-02-13,https://www.jra.go.jp/datafile/seiseki/report/2011/2011-1kokura8.pdf,official_daily_result_pdf
201110010804,2011,小倉,1,8,4,2011-02-13,https://www.jra.go.jp/datafile/seiseki/report/2011/2011-1kokura8.pdf,official_daily_result_pdf
201110010805,2011,小倉,1,8,5,2011-02-13,https://www.jra.go.jp/datafile/seiseki/report/2011/2011-1kokura8.pdf,official_daily_result_pdf
201110010806,2011,小倉,1,8,6,2011-02-13,https://www.jra.go.jp/datafile/seiseki/report/2011/2011-1kokura8.pdf,official_daily_result_pdf
201110010807,2011,小倉,1,8,7,2011-02-13,https://www.jra.go.jp/datafile/seiseki/report/2011/2011-1kokura8.pdf,official_daily_result_pdf
201110010808,2011,小倉,1,8,8,2011-02-13,https://www.jra.go.jp/datafile/seiseki/report/2011/2011-1kokura8.pdf,official_daily_result_pdf
201110010809,2011,小倉,1,8,9,2011-02-13,https://www.jra.go.jp/datafile/seiseki/report/2011/2011-1kokura8.pdf,official_daily_result_pdf
201110010810,2011,小倉,1,8,10,2011-02-13,https://www.jra.go.jp/datafile/seiseki/report/2011/2011-1kokura8.pdf,official_daily_result_pdf
201110010811,2011,小倉,1,8,11,2011-02-13,https://www.jra.go.jp/datafile/seiseki/report/2011/2011-1kokura8.pdf,official_daily_result_pdf
201110010812,2011,小倉,1,8,12,2011-02-13,https://www.jra.go.jp/datafile/seiseki/report/2011/2011-1kokura8.pdf,official_daily_result_pdf
201110020101,2011,小倉,2,1,1,2011-02-26,https://www.jra.go.jp/datafile/seiseki/report/2011/2011-2kokura1.pdf,official_daily_result_pdf
201110020102,2011,小倉,2,1,2,2011-02-26,https://www.jra.go.jp/datafile/seiseki/report/2011/2011-2kokura1.pdf,official_daily_result_pdf
201110020103,2011,小倉,2,1,3,2011-02-26,https://www.jra.go.jp/datafile/seiseki/report/2011/2011-2kokura1.pdf,official_daily_result_pdf
201110020104,2011,小倉,2,1,4,2011-02-26,https://www.jra.go.jp/datafile/seiseki/report/2011/2011-2kokura1.pdf,official_daily_result_pdf
201110020105,2011,小倉,2,1,5,2011-02-26,https://www.jra.go.jp/datafile/seiseki/report/2011/2011-2kokura1.pdf,official_daily_result_pdf
201110020106,2011,小倉,2,1,6,2011-02-26,https://www.jra.go.jp/datafile/seiseki/report/2011/2011-2kokura1.pdf,official_daily_result_pdf
201110020107,2011,小倉,2,1,7,2011-02-26,https://www.jra.go.jp/datafile/seiseki/report/2011/2011-2kokura1.pdf,official_daily_result_pdf
201110020108,2011,小倉,2,1,8,2011-02-26,https://www.jra.go.jp/datafile/seiseki/report/2011/2011-2kokura1.pdf,official_daily_result_pdf
201110020109,2011,小倉,2,1,9,2011-02-26,https://www.jra.go.jp/datafile/seiseki/report/2011/2011-2kokura1.pdf,official_daily_result_pdf
201110020110,2011,小倉,2,1,10,2011-02-26,https://www.jra.go.jp/datafile/seiseki/report/2011/2011-2kokura1.pdf,official_daily_result_pdf
201110020111,2011,小倉,2,1,11,2011-02-26,https://www.jra.go.jp/datafile/seiseki/report/2011/2011-2kokura1.pdf,official_daily_result_pdf
201110020112,2011,小倉,2,1,12,2011-02-26,https://www.jra.go.jp/datafile/seiseki/report/2011/2011-2kokura1.pdf,official_daily_result_pdf
201110020201,2011,小倉,2,2,1,2011-02-27,https://www.jra.go.jp/datafile/seiseki/report/2011/2011-2kokura2.pdf,official_daily_result_pdf
201110020202,2011,小倉,2,2,2,2011-02-27,https://www.jra.go.jp/datafile/seiseki/report/2011/2011-2kokura2.pdf,official_daily_result_pdf
201110020203,2011,小倉,2,2,3,2011-02-27,https://www.jra.go.jp/datafile/seiseki/report/2011/2011-2kokura2.pdf,official_daily_result_pdf
201110020204,2011,小倉,2,2,4,2011-02-27,https://www.jra.go.jp/datafile/seiseki/report/2011/2011-2kokura2.pdf,official_daily_result_pdf
201110020205,2011,小倉,2,2,5,2011-02-27,https://www.jra.go.jp/datafile/seiseki/report/2011/2011-2kokura2.pdf,official_daily_result_pdf
201110020206,2011,小倉,2,2,6,2011-02-27,https://www.jra.go.jp/datafile/seiseki/report/2011/2011-2kokura2.pdf,official_daily_result_pdf
201110020207,2011,小倉,2,2,7,2011-02-27,https://www.jra.go.jp/datafile/seiseki/report/2011/2011-2kokura2.pdf,official_daily_result_pdf
201110020208,2011,小倉,2,2,8,2011-02-27,https://www.jra.go.jp/datafile/seiseki/report/2011/2011-2kokura2.pdf,official_daily_result_pdf
201110020209,2011,小倉,2,2,9,2011-02-27,https://www.jra.go.jp/datafile/seiseki/report/2011/2011-2kokura2.pdf,official_daily_result_pdf
201110020210,2011,小倉,2,2,10,2011-02-27,https://www.jra.go.jp/datafile/seiseki/report/2011/2011-2kokura2.pdf,official_daily_result_pdf
201110020211,2011,小倉,2,2,11,2011-02-27,https://www.jra.go.jp/datafile/seiseki/report/2011/2011-2kokura2.pdf,official_daily_result_pdf
201110020212,2011,小倉,2,2,12,2011-02-27,https://www.jra.go.jp/datafile/seiseki/report/2011/2011-2kokura2.pdf,official_daily_result_pdf
201110020301,2011,小倉,2,3,1,2011-03-05,https://www.jra.go.jp/datafile/seiseki/report/2011/2011-2kokura3.pdf,official_daily_result_pdf
201110020302,2011,小倉,2,3,2,2011-03-05,https://www.jra.go.jp/datafile/seiseki/report/2011/2011-2kokura3.pdf,official_daily_result_pdf
201110020303,2011,小倉,2,3,3,2011-03-05,https://www.jra.go.jp/datafile/seiseki/report/2011/2011-2kokura3.pdf,official_daily_result_pdf
201110020304,2011,小倉,2,3,4,2011-03-05,https://www.jra.go.jp/datafile/seiseki/report/2011/2011-2kokura3.pdf,official_daily_result_pdf
201110020305,2011,小倉,2,3,5,2011-03-05,https://www.jra.go.jp/datafile/seiseki/report/2011/2011-2kokura3.pdf,official_daily_result_pdf
201110020306,2011,小倉,2,3,6,2011-03-05,https://www.jra.go.jp/datafile/seiseki/report/2011/2011-2kokura3.pdf,official_daily_result_pdf
201110020307,2011,小倉,2,3,7,2011-03-05,https://www.jra.go.jp/datafile/seiseki/report/2011/2011-2kokura3.pdf,official_daily_result_pdf
201110020308,2011,小倉,2,3,8,2011-03-05,https://www.jra.go.jp/datafile/seiseki/report/2011/2011-2kokura3.pdf,official_daily_result_pdf
201110020309,2011,小倉,2,3,9,2011-03-05,https://www.jra.go.jp/datafile/seiseki/report/2011/2011-2kokura3.pdf,official_daily_result_pdf
201110020310,2011,小倉,2,3,10,2011-03-05,https://www.jra.go.jp/datafile/seiseki/report/2011/2011-2kokura3.pdf,official_daily_result_pdf
201110020311,2011,小倉,2,3,11,2011-03-05,https://www.jra.go.jp/datafile/seiseki/report/2011/2011-2kokura3.pdf,official_daily_result_pdf
201110020312,2011,小倉,2,3,12,2011-03-05,https://www.jra.go.jp/datafile/seiseki/report/2011/2011-2kokura3.pdf,official_daily_result_pdf
201110020401,2011,小倉,2,4,1,2011-03-06,https://www.jra.go.jp/datafile/seiseki/report/2011/2011-2kokura4.pdf,official_daily_result_pdf
201110020402,2011,小倉,2,4,2,2011-03-06,https://www.jra.go.jp/datafile/seiseki/report/2011/2011-2kokura4.pdf,official_daily_result_pdf
201110020403,2011,小倉,2,4,3,2011-03-06,https://www.jra.go.jp/datafile/seiseki/report/2011/2011-2kokura4.pdf,official_daily_result_pdf
201110020404,2011,小倉,2,4,4,2011-03-06,https://www.jra.go.jp/datafile/seiseki/report/2011/2011-2kokura4.pdf,official_daily_result_pdf
201110020405,2011,小倉,2,4,5,2011-03-06,https://www.jra.go.jp/datafile/seiseki/report/2011/2011-2kokura4.pdf,official_daily_result_pdf
201110020406,2011,小倉,2,4,6,2011-03-06,https://www.jra.go.jp/datafile/seiseki/report/2011/2011-2kokura4.pdf,official_daily_result_pdf
201110020407,2011,小倉,2,4,7,2011-03-06,https://www.jra.go.jp/datafile/seiseki/report/2011/2011-2kokura4.pdf,official_daily_result_pdf
201110020408,2011,小倉,2,4,8,2011-03-06,https://www.jra.go.jp/datafile/seiseki/report/2011/2011-2kokura4.pdf,official_daily_result_pdf
201110020409,2011,小倉,2,4,9,2011-03-06,https://www.jra.go.jp/datafile/seiseki/report/2011/2011-2kokura4.pdf,official_daily_result_pdf
201110020410,2011,小倉,2,4,10,2011-03-06,https://www.jra.go.jp/datafile/seiseki/report/2011/2011-2kokura4.pdf,official_daily_result_pdf
201110020411,2011,小倉,2,4,11,2011-03-06,https://www.jra.go.jp/datafile/seiseki/report/2011/2011-2kokura4.pdf,official_daily_result_pdf
201110020412,2011,小倉,2,4,12,2011-03-06,https://www.jra.go.jp/datafile/seiseki/report/2011/2011-2kokura4.pdf,official_daily_result_pdf
201110020501,2011,小倉,2,5,1,2011-03-26,https://www.jra.go.jp/datafile/seiseki/report/2011/2011-2kokura5.pdf,official_daily_result_pdf
201110020502,2011,小倉,2,5,2,2011-03-26,https://www.jra.go.jp/datafile/seiseki/report/2011/2011-2kokura5.pdf,official_daily_result_pdf
201110020503,2011,小倉,2,5,3,2011-03-26,https://www.jra.go.jp/datafile/seiseki/report/2011/2011-2kokura5.pdf,official_daily_result_pdf
201110020504,2011,小倉,2,5,4,2011-03-26,https://www.jra.go.jp/datafile/seiseki/report/2011/2011-2kokura5.pdf,official_daily_result_pdf
201110020505,2011,小倉,2,5,5,2011-03-26,https://www.jra.go.jp/datafile/seiseki/report/2011/2011-2kokura5.pdf,official_daily_result_pdf
201110020506,2011,小倉,2,5,6,2011-03-26,https://www.jra.go.jp/datafile/seiseki/report/2011/2011-2kokura5.pdf,official_daily_result_pdf
201110020507,2011,小倉,2,5,7,2011-03-26,https://www.jra.go.jp/datafile/seiseki/report/2011/2011-2kokura5.pdf,official_daily_result_pdf
201110020508,2011,小倉,2,5,8,2011-03-26,https://www.jra.go.jp/datafile/seiseki/report/2011/2011-2kokura5.pdf,official_daily_result_pdf
201110020509,2011,小倉,2,5,9,2011-03-26,https://www.jra.go.jp/datafile/seiseki/report/2011/2011-2kokura5.pdf,official_daily_result_pdf
201110020510,2011,小倉,2,5,10,2011-03-26,https://www.jra.go.jp/datafile/seiseki/report/2011/2011-2kokura5.pdf,official_daily_result_pdf
201110020511,2011,小倉,2,5,11,2011-03-26,https://www.jra.go.jp/datafile/seiseki/report/2011/2011-2kokura5.pdf,official_daily_result_pdf
201110020512,2011,小倉,2,5,12,2011-03-26,https://www.jra.go.jp/datafile/seiseki/report/2011/2011-2kokura5.pdf,official_daily_result_pdf
201110020601,2011,小倉,2,6,1,2011-03-27,https://www.jra.go.jp/datafile/seiseki/report/2011/2011-2kokura6.pdf,official_daily_result_pdf
201110020602,2011,小倉,2,6,2,2011-03-27,https://www.jra.go.jp/datafile/seiseki/report/2011/2011-2kokura6.pdf,official_daily_result_pdf
201110020603,2011,小倉,2,6,3,2011-03-27,https://www.jra.go.jp/datafile/seiseki/report/2011/2011-2kokura6.pdf,official_daily_result_pdf
201110020604,2011,小倉,2,6,4,2011-03-27,https://www.jra.go.jp/datafile/seiseki/report/2011/2011-2kokura6.pdf,official_daily_result_pdf
201110020605,2011,小倉,2,6,5,2011-03-27,https://www.jra.go.jp/datafile/seiseki/report/2011/2011-2kokura6.pdf,official_daily_result_pdf
201110020606,2011,小倉,2,6,6,2011-03-27,https://www.jra.go.jp/datafile/seiseki/report/2011/2011-2kokura6.pdf,official_daily_result_pdf
201110020607,2011,小倉,2,6,7,2011-03-27,https://www.jra.go.jp/datafile/seiseki/report/2011/2011-2kokura6.pdf,official_daily_result_pdf
201110020608,2011,小倉,2,6,8,2011-03-27,https://www.jra.go.jp/datafile/seiseki/report/2011/2011-2kokura6.pdf,official_daily_result_pdf
201110020609,2011,小倉,2,6,9,2011-03-27,https://www.jra.go.jp/datafile/seiseki/report/2011/2011-2kokura6.pdf,official_daily_result_pdf
201110020610,2011,小倉,2,6,10,2011-03-27,https://www.jra.go.jp/datafile/seiseki/report/2011/2011-2kokura6.pdf,official_daily_result_pdf
201110020611,2011,小倉,2,6,11,2011-03-27,https://www.jra.go.jp/datafile/seiseki/report/2011/2011-2kokura6.pdf,official_daily_result_pdf
201110020612,2011,小倉,2,6,12,2011-03-27,https://www.jra.go.jp/datafile/seiseki/report/2011/2011-2kokura6.pdf,official_daily_result_pdf
201110020701,2011,小倉,2,7,1,2011-03-19,https://www.jra.go.jp/datafile/seiseki/report/2011/2011-2kokura7.pdf,official_daily_result_pdf
201110020702,2011,小倉,2,7,2,2011-03-19,https://www.jra.go.jp/datafile/seiseki/report/2011/2011-2kokura7.pdf,official_daily_result_pdf
201110020703,2011,小倉,2,7,3,2011-03-19,https://www.jra.go.jp/datafile/seiseki/report/2011/2011-2kokura7.pdf,official_daily_result_pdf
201110020704,2011,小倉,2,7,4,2011-03-19,https://www.jra.go.jp/datafile/seiseki/report/2011/2011-2kokura7.pdf,official_daily_result_pdf
201110020705,2011,小倉,2,7,5,2011-03-19,https://www.jra.go.jp/datafile/seiseki/report/2011/2011-2kokura7.pdf,official_daily_result_pdf
201110020706,2011,小倉,2,7,6,2011-03-19,https://www.jra.go.jp/datafile/seiseki/report/2011/2011-2kokura7.pdf,official_daily_result_pdf
201110020707,2011,小倉,2,7,7,2011-03-19,https://www.jra.go.jp/datafile/seiseki/report/2011/2011-2kokura7.pdf,official_daily_result_pdf
201110020708,2011,小倉,2,7,8,2011-03-19,https://www.jra.go.jp/datafile/seiseki/report/2011/2011-2kokura7.pdf,official_daily_result_pdf
201110020709,2011,小倉,2,7,9,2011-03-19,https://www.jra.go.jp/datafile/seiseki/report/2011/2011-2kokura7.pdf,official_daily_result_pdf
201110020710,2011,小倉,2,7,10,2011-03-19,https://www.jra.go.jp/datafile/seiseki/report/2011/2011-2kokura7.pdf,official_daily_result_pdf
201110020711,2011,小倉,2,7,11,2011-03-19,https://www.jra.go.jp/datafile/seiseki/report/2011/2011-2kokura7.pdf,official_daily_result_pdf
201110020712,2011,小倉,2,7,12,2011-03-19,https://www.jra.go.jp/datafile/seiseki/report/2011/2011-2kokura7.pdf,official_daily_result_pdf
201110020801,2011,小倉,2,8,1,2011-03-20,https://www.jra.go.jp/datafile/seiseki/report/2011/2011-2kokura8.pdf,official_daily_result_pdf
201110020802,2011,小倉,2,8,2,2011-03-20,https://www.jra.go.jp/datafile/seiseki/report/2011/2011-2kokura8.pdf,official_daily_result_pdf
201110020803,2011,小倉,2,8,3,2011-03-20,https://www.jra.go.jp/datafile/seiseki/report/2011/2011-2kokura8.pdf,official_daily_result_pdf
201110020804,2011,小倉,2,8,4,2011-03-20,https://www.jra.go.jp/datafile/seiseki/report/2011/2011-2kokura8.pdf,official_daily_result_pdf
201110020805,2011,小倉,2,8,5,2011-03-20,https://www.jra.go.jp/datafile/seiseki/report/2011/2011-2kokura8.pdf,official_daily_result_pdf
201110020806,2011,小倉,2,8,6,2011-03-20,https://www.jra.go.jp/datafile/seiseki/report/2011/2011-2kokura8.pdf,official_daily_result_pdf
201110020807,2011,小倉,2,8,7,2011-03-20,https://www.jra.go.jp/datafile/seiseki/report/2011/2011-2kokura8.pdf,official_daily_result_pdf
201110020808,2011,小倉,2,8,8,2011-03-20,https://www.jra.go.jp/datafile/seiseki/report/2011/2011-2kokura8.pdf,official_daily_result_pdf
201110020809,2011,小倉,2,8,9,2011-03-20,https://www.jra.go.jp/datafile/seiseki/report/2011/2011-2kokura8.pdf,official_daily_result_pdf
201110020810,2011,小倉,2,8,10,2011-03-20,https://www.jra.go.jp/datafile/seiseki/report/2011/2011-2kokura8.pdf,official_daily_result_pdf
201110020811,2011,小倉,2,8,11,2011-03-20,https://www.jra.go.jp/datafile/seiseki/report/2011/2011-2kokura8.pdf,official_daily_result_pdf
201110020812,2011,小倉,2,8,12,2011-03-20,https://www.jra.go.jp/datafile/seiseki/report/2011/2011-2kokura8.pdf,official_daily_result_pdf
201110020901,2011,小倉,2,9,1,2011-04-02,https://www.jra.go.jp/datafile/seiseki/report/2011/2011-2kokura9.pdf,official_daily_result_pdf
201110020902,2011,小倉,2,9,2,2011-04-02,https://www.jra.go.jp/datafile/seiseki/report/2011/2011-2kokura9.pdf,official_daily_result_pdf
201110020903,2011,小倉,2,9,3,2011-04-02,https://www.jra.go.jp/datafile/seiseki/report/2011/2011-2kokura9.pdf,official_daily_result_pdf
201110020904,2011,小倉,2,9,4,2011-04-02,https://www.jra.go.jp/datafile/seiseki/report/2011/2011-2kokura9.pdf,official_daily_result_pdf
201110020905,2011,小倉,2,9,5,2011-04-02,https://www.jra.go.jp/datafile/seiseki/report/2011/2011-2kokura9.pdf,official_daily_result_pdf
201110020906,2011,小倉,2,9,6,2011-04-02,https://www.jra.go.jp/datafile/seiseki/report/2011/2011-2kokura9.pdf,official_daily_result_pdf
201110020907,2011,小倉,2,9,7,2011-04-02,https://www.jra.go.jp/datafile/seiseki/report/2011/2011-2kokura9.pdf,official_daily_result_pdf
201110020908,2011,小倉,2,9,8,2011-04-02,https://www.jra.go.jp/datafile/seiseki/report/2011/2011-2kokura9.pdf,official_daily_result_pdf
201110020909,2011,小倉,2,9,9,2011-04-02,https://www.jra.go.jp/datafile/seiseki/report/2011/2011-2kokura9.pdf,official_daily_result_pdf
201110020910,2011,小倉,2,9,10,2011-04-02,https://www.jra.go.jp/datafile/seiseki/report/2011/2011-2kokura9.pdf,official_daily_result_pdf
201110020911,2011,小倉,2,9,11,2011-04-02,https://www.jra.go.jp/datafile/seiseki/report/2011/2011-2kokura9.pdf,official_daily_result_pdf
201110020912,2011,小倉,2,9,12,2011-04-02,https://www.jra.go.jp/datafile/seiseki/report/2011/2011-2kokura9.pdf,official_daily_result_pdf
201110021001,2011,小倉,2,10,1,2011-04-03,https://www.jra.go.jp/datafile/seiseki/report/2011/2011-2kokura10.pdf,official_daily_result_pdf
201110021002,2011,小倉,2,10,2,2011-04-03,https://www.jra.go.jp/datafile/seiseki/report/2011/2011-2kokura10.pdf,official_daily_result_pdf
201110021003,2011,小倉,2,10,3,2011-04-03,https://www.jra.go.jp/datafile/seiseki/report/2011/2011-2kokura10.pdf,official_daily_result_pdf
201110021004,2011,小倉,2,10,4,2011-04-03,https://www.jra.go.jp/datafile/seiseki/report/2011/2011-2kokura10.pdf,official_daily_result_pdf
201110021005,2011,小倉,2,10,5,2011-04-03,https://www.jra.go.jp/datafile/seiseki/report/2011/2011-2kokura10.pdf,official_daily_result_pdf
201110021006,2011,小倉,2,10,6,2011-04-03,https://www.jra.go.jp/datafile/seiseki/report/2011/2011-2kokura10.pdf,official_daily_result_pdf
201110021007,2011,小倉,2,10,7,2011-04-03,https://www.jra.go.jp/datafile/seiseki/report/2011/2011-2kokura10.pdf,official_daily_result_pdf
201110021008,2011,小倉,2,10,8,2011-04-03,https://www.jra.go.jp/datafile/seiseki/report/2011/2011-2kokura10.pdf,official_daily_result_pdf
201110021009,2011,小倉,2,10,9,2011-04-03,https://www.jra.go.jp/datafile/seiseki/report/2011/2011-2kokura10.pdf,official_daily_result_pdf
201110021010,2011,小倉,2,10,10,2011-04-03,https://www.jra.go.jp/datafile/seiseki/report/2011/2011-2kokura10.pdf,official_daily_result_pdf
201110021011,2011,小倉,2,10,11,2011-04-03,https://www.jra.go.jp/datafile/seiseki/report/2011/2011-2kokura10.pdf,official_daily_result_pdf
201110021012,2011,小倉,2,10,12,2011-04-03,https://www.jra.go.jp/datafile/seiseki/report/2011/2011-2kokura10.pdf,official_daily_result_pdf
201110021101,2011,小倉,2,11,1,2011-04-09,https://www.jra.go.jp/datafile/seiseki/report/2011/2011-2kokura11.pdf,official_daily_result_pdf
201110021102,2011,小倉,2,11,2,2011-04-09,https://www.jra.go.jp/datafile/seiseki/report/2011/2011-2kokura11.pdf,official_daily_result_pdf
201110021103,2011,小倉,2,11,3,2011-04-09,https://www.jra.go.jp/datafile/seiseki/report/2011/2011-2kokura11.pdf,official_daily_result_pdf
201110021104,2011,小倉,2,11,4,2011-04-09,https://www.jra.go.jp/datafile/seiseki/report/2011/2011-2kokura11.pdf,official_daily_result_pdf
201110021105,2011,小倉,2,11,5,2011-04-09,https://www.jra.go.jp/datafile/seiseki/report/2011/2011-2kokura11.pdf,official_daily_result_pdf
201110021106,2011,小倉,2,11,6,2011-04-09,https://www.jra.go.jp/datafile/seiseki/report/2011/2011-2kokura11.pdf,official_daily_result_pdf
201110021107,2011,小倉,2,11,7,2011-04-09,https://www.jra.go.jp/datafile/seiseki/report/2011/2011-2kokura11.pdf,official_daily_result_pdf
201110021108,2011,小倉,2,11,8,2011-04-09,https://www.jra.go.jp/datafile/seiseki/report/2011/2011-2kokura11.pdf,official_daily_result_pdf
201110021109,2011,小倉,2,11,9,2011-04-09,https://www.jra.go.jp/datafile/seiseki/report/2011/2011-2kokura11.pdf,official_daily_result_pdf
201110021110,2011,小倉,2,11,10,2011-04-09,https://www.jra.go.jp/datafile/seiseki/report/2011/2011-2kokura11.pdf,official_daily_result_pdf
201110021111,2011,小倉,2,11,11,2011-04-09,https://www.jra.go.jp/datafile/seiseki/report/2011/2011-2kokura11.pdf,official_daily_result_pdf
201110021112,2011,小倉,2,11,12,2011-04-09,https://www.jra.go.jp/datafile/seiseki/report/2011/2011-2kokura11.pdf,official_daily_result_pdf
201110021201,2011,小倉,2,12,1,2011-04-10,https://www.jra.go.jp/datafile/seiseki/report/2011/2011-2kokura12.pdf,official_daily_result_pdf
201110021202,2011,小倉,2,12,2,2011-04-10,https://www.jra.go.jp/datafile/seiseki/report/2011/2011-2kokura12.pdf,official_daily_result_pdf
201110021203,2011,小倉,2,12,3,2011-04-10,https://www.jra.go.jp/datafile/seiseki/report/2011/2011-2kokura12.pdf,official_daily_result_pdf
201110021204,2011,小倉,2,12,4,2011-04-10,https://www.jra.go.jp/datafile/seiseki/report/2011/2011-2kokura12.pdf,official_daily_result_pdf
201110021205,2011,小倉,2,12,5,2011-04-10,https://www.jra.go.jp/datafile/seiseki/report/2011/2011-2kokura12.pdf,official_daily_result_pdf
201110021206,2011,小倉,2,12,6,2011-04-10,https://www.jra.go.jp/datafile/seiseki/report/2011/2011-2kokura12.pdf,official_daily_result_pdf
201110021207,2011,小倉,2,12,7,2011-04-10,https://www.jra.go.jp/datafile/seiseki/report/2011/2011-2kokura12.pdf,official_daily_result_pdf
201110021208,2011,小倉,2,12,8,2011-04-10,https://www.jra.go.jp/datafile/seiseki/report/2011/2011-2kokura12.pdf,official_daily_result_pdf
201110021209,2011,小倉,2,12,9,2011-04-10,https://www.jra.go.jp/datafile/seiseki/report/2011/2011-2kokura12.pdf,official_daily_result_pdf
201110021210,2011,小倉,2,12,10,2011-04-10,https://www.jra.go.jp/datafile/seiseki/report/2011/2011-2kokura12.pdf,official_daily_result_pdf
201110021211,2011,小倉,2,12,11,2011-04-10,https://www.jra.go.jp/datafile/seiseki/report/2011/2011-2kokura12.pdf,official_daily_result_pdf
201110021212,2011,小倉,2,12,12,2011-04-10,https://www.jra.go.jp/datafile/seiseki/report/2011/2011-2kokura12.pdf,official_daily_result_pdf
201110030101,2011,小倉,3,1,1,2011-04-16,https://www.jra.go.jp/datafile/seiseki/report/2011/2011-3kokura1.pdf,official_daily_result_pdf
201110030102,2011,小倉,3,1,2,2011-04-16,https://www.jra.go.jp/datafile/seiseki/report/2011/2011-3kokura1.pdf,official_daily_result_pdf
201110030103,2011,小倉,3,1,3,2011-04-16,https://www.jra.go.jp/datafile/seiseki/report/2011/2011-3kokura1.pdf,official_daily_result_pdf
201110030104,2011,小倉,3,1,4,2011-04-16,https://www.jra.go.jp/datafile/seiseki/report/2011/2011-3kokura1.pdf,official_daily_result_pdf
201110030105,2011,小倉,3,1,5,2011-04-16,https://www.jra.go.jp/datafile/seiseki/report/2011/2011-3kokura1.pdf,official_daily_result_pdf
201110030106,2011,小倉,3,1,6,2011-04-16,https://www.jra.go.jp/datafile/seiseki/report/2011/2011-3kokura1.pdf,official_daily_result_pdf
201110030107,2011,小倉,3,1,7,2011-04-16,https://www.jra.go.jp/datafile/seiseki/report/2011/2011-3kokura1.pdf,official_daily_result_pdf
201110030108,2011,小倉,3,1,8,2011-04-16,https://www.jra.go.jp/datafile/seiseki/report/2011/2011-3kokura1.pdf,official_daily_result_pdf
201110030109,2011,小倉,3,1,9,2011-04-16,https://www.jra.go.jp/datafile/seiseki/report/2011/2011-3kokura1.pdf,official_daily_result_pdf
201110030110,2011,小倉,3,1,10,2011-04-16,https://www.jra.go.jp/datafile/seiseki/report/2011/2011-3kokura1.pdf,official_daily_result_pdf
201110030111,2011,小倉,3,1,11,2011-04-16,https://www.jra.go.jp/datafile/seiseki/report/2011/2011-3kokura1.pdf,official_daily_result_pdf
201110030112,2011,小倉,3,1,12,2011-04-16,https://www.jra.go.jp/datafile/seiseki/report/2011/2011-3kokura1.pdf,official_daily_result_pdf
201110030201,2011,小倉,3,2,1,2011-04-17,https://www.jra.go.jp/datafile/seiseki/report/2011/2011-3kokura2.pdf,official_daily_result_pdf
201110030202,2011,小倉,3,2,2,2011-04-17,https://www.jra.go.jp/datafile/seiseki/report/2011/2011-3kokura2.pdf,official_daily_result_pdf
201110030203,2011,小倉,3,2,3,2011-04-17,https://www.jra.go.jp/datafile/seiseki/report/2011/2011-3kokura2.pdf,official_daily_result_pdf
201110030204,2011,小倉,3,2,4,2011-04-17,https://www.jra.go.jp/datafile/seiseki/report/2011/2011-3kokura2.pdf,official_daily_result_pdf
201110030205,2011,小倉,3,2,5,2011-04-17,https://www.jra.go.jp/datafile/seiseki/report/2011/2011-3kokura2.pdf,official_daily_result_pdf
201110030206,2011,小倉,3,2,6,2011-04-17,https://www.jra.go.jp/datafile/seiseki/report/2011/2011-3kokura2.pdf,official_daily_result_pdf
201110030207,2011,小倉,3,2,7,2011-04-17,https://www.jra.go.jp/datafile/seiseki/report/2011/2011-3kokura2.pdf,official_daily_result_pdf
201110030208,2011,小倉,3,2,8,2011-04-17,https://www.jra.go.jp/datafile/seiseki/report/2011/2011-3kokura2.pdf,official_daily_result_pdf
201110030209,2011,小倉,3,2,9,2011-04-17,https://www.jra.go.jp/datafile/seiseki/report/2011/2011-3kokura2.pdf,official_daily_result_pdf
201110030210,2011,小倉,3,2,10,2011-04-17,https://www.jra.go.jp/datafile/seiseki/report/2011/2011-3kokura2.pdf,official_daily_result_pdf
201110030211,2011,小倉,3,2,11,2011-04-17,https://www.jra.go.jp/datafile/seiseki/report/2011/2011-3kokura2.pdf,official_daily_result_pdf
201110030212,2011,小倉,3,2,12,2011-04-17,https://www.jra.go.jp/datafile/seiseki/report/2011/2011-3kokura2.pdf,official_daily_result_pdf
201110040101,2011,小倉,4,1,1,2011-07-30,https://www.jra.go.jp/datafile/seiseki/report/2011/2011-4kokura1.pdf,official_daily_result_pdf
201110040102,2011,小倉,4,1,2,2011-07-30,https://www.jra.go.jp/datafile/seiseki/report/2011/2011-4kokura1.pdf,official_daily_result_pdf
201110040103,2011,小倉,4,1,3,2011-07-30,https://www.jra.go.jp/datafile/seiseki/report/2011/2011-4kokura1.pdf,official_daily_result_pdf
201110040104,2011,小倉,4,1,4,2011-07-30,https://www.jra.go.jp/datafile/seiseki/report/2011/2011-4kokura1.pdf,official_daily_result_pdf
201110040105,2011,小倉,4,1,5,2011-07-30,https://www.jra.go.jp/datafile/seiseki/report/2011/2011-4kokura1.pdf,official_daily_result_pdf
201110040106,2011,小倉,4,1,6,2011-07-30,https://www.jra.go.jp/datafile/seiseki/report/2011/2011-4kokura1.pdf,official_daily_result_pdf
201110040107,2011,小倉,4,1,7,2011-07-30,https://www.jra.go.jp/datafile/seiseki/report/2011/2011-4kokura1.pdf,official_daily_result_pdf
201110040108,2011,小倉,4,1,8,2011-07-30,https://www.jra.go.jp/datafile/seiseki/report/2011/2011-4kokura1.pdf,official_daily_result_pdf
201110040109,2011,小倉,4,1,9,2011-07-30,https://www.jra.go.jp/datafile/seiseki/report/2011/2011-4kokura1.pdf,official_daily_result_pdf
201110040110,2011,小倉,4,1,10,2011-07-30,https://www.jra.go.jp/datafile/seiseki/report/2011/2011-4kokura1.pdf,official_daily_result_pdf
201110040111,2011,小倉,4,1,11,2011-07-30,https://www.jra.go.jp/datafile/seiseki/report/2011/2011-4kokura1.pdf,official_daily_result_pdf
201110040112,2011,小倉,4,1,12,2011-07-30,https://www.jra.go.jp/datafile/seiseki/report/2011/2011-4kokura1.pdf,official_daily_result_pdf
201110040201,2011,小倉,4,2,1,2011-07-31,https://www.jra.go.jp/datafile/seiseki/report/2011/2011-4kokura2.pdf,official_daily_result_pdf
201110040202,2011,小倉,4,2,2,2011-07-31,https://www.jra.go.jp/datafile/seiseki/report/2011/2011-4kokura2.pdf,official_daily_result_pdf
201110040203,2011,小倉,4,2,3,2011-07-31,https://www.jra.go.jp/datafile/seiseki/report/2011/2011-4kokura2.pdf,official_daily_result_pdf
201110040204,2011,小倉,4,2,4,2011-07-31,https://www.jra.go.jp/datafile/seiseki/report/2011/2011-4kokura2.pdf,official_daily_result_pdf
201110040205,2011,小倉,4,2,5,2011-07-31,https://www.jra.go.jp/datafile/seiseki/report/2011/2011-4kokura2.pdf,official_daily_result_pdf
201110040206,2011,小倉,4,2,6,2011-07-31,https://www.jra.go.jp/datafile/seiseki/report/2011/2011-4kokura2.pdf,official_daily_result_pdf
201110040207,2011,小倉,4,2,7,2011-07-31,https://www.jra.go.jp/datafile/seiseki/report/2011/2011-4kokura2.pdf,official_daily_result_pdf
201110040208,2011,小倉,4,2,8,2011-07-31,https://www.jra.go.jp/datafile/seiseki/report/2011/2011-4kokura2.pdf,official_daily_result_pdf
201110040209,2011,小倉,4,2,9,2011-07-31,https://www.jra.go.jp/datafile/seiseki/report/2011/2011-4kokura2.pdf,official_daily_result_pdf
201110040210,2011,小倉,4,2,10,2011-07-31,https://www.jra.go.jp/datafile/seiseki/report/2011/2011-4kokura2.pdf,official_daily_result_pdf
201110040211,2011,小倉,4,2,11,2011-07-31,https://www.jra.go.jp/datafile/seiseki/report/2011/2011-4kokura2.pdf,official_daily_result_pdf
201110040212,2011,小倉,4,2,12,2011-07-31,https://www.jra.go.jp/datafile/seiseki/report/2011/2011-4kokura2.pdf,official_daily_result_pdf
201110040301,2011,小倉,4,3,1,2011-08-06,https://www.jra.go.jp/datafile/seiseki/report/2011/2011-4kokura3.pdf,official_daily_result_pdf
201110040302,2011,小倉,4,3,2,2011-08-06,https://www.jra.go.jp/datafile/seiseki/report/2011/2011-4kokura3.pdf,official_daily_result_pdf
201110040303,2011,小倉,4,3,3,2011-08-06,https://www.jra.go.jp/datafile/seiseki/report/2011/2011-4kokura3.pdf,official_daily_result_pdf
201110040304,2011,小倉,4,3,4,2011-08-06,https://www.jra.go.jp/datafile/seiseki/report/2011/2011-4kokura3.pdf,official_daily_result_pdf
201110040305,2011,小倉,4,3,5,2011-08-06,https://www.jra.go.jp/datafile/seiseki/report/2011/2011-4kokura3.pdf,official_daily_result_pdf
201110040306,2011,小倉,4,3,6,2011-08-06,https://www.jra.go.jp/datafile/seiseki/report/2011/2011-4kokura3.pdf,official_daily_result_pdf
201110040307,2011,小倉,4,3,7,2011-08-06,https://www.jra.go.jp/datafile/seiseki/report/2011/2011-4kokura3.pdf,official_daily_result_pdf
201110040308,2011,小倉,4,3,8,2011-08-06,https://www.jra.go.jp/datafile/seiseki/report/2011/2011-4kokura3.pdf,official_daily_result_pdf
201110040309,2011,小倉,4,3,9,2011-08-06,https://www.jra.go.jp/datafile/seiseki/report/2011/2011-4kokura3.pdf,official_daily_result_pdf
201110040310,2011,小倉,4,3,10,2011-08-06,https://www.jra.go.jp/datafile/seiseki/report/2011/2011-4kokura3.pdf,official_daily_result_pdf
201110040311,2011,小倉,4,3,11,2011-08-06,https://www.jra.go.jp/datafile/seiseki/report/2011/2011-4kokura3.pdf,official_daily_result_pdf
201110040312,2011,小倉,4,3,12,2011-08-06,https://www.jra.go.jp/datafile/seiseki/report/2011/2011-4kokura3.pdf,official_daily_result_pdf
201110040401,2011,小倉,4,4,1,2011-08-07,https://www.jra.go.jp/datafile/seiseki/report/2011/2011-4kokura4.pdf,official_daily_result_pdf
201110040402,2011,小倉,4,4,2,2011-08-07,https://www.jra.go.jp/datafile/seiseki/report/2011/2011-4kokura4.pdf,official_daily_result_pdf
201110040403,2011,小倉,4,4,3,2011-08-07,https://www.jra.go.jp/datafile/seiseki/report/2011/2011-4kokura4.pdf,official_daily_result_pdf
201110040404,2011,小倉,4,4,4,2011-08-07,https://www.jra.go.jp/datafile/seiseki/report/2011/2011-4kokura4.pdf,official_daily_result_pdf
201110040405,2011,小倉,4,4,5,2011-08-07,https://www.jra.go.jp/datafile/seiseki/report/2011/2011-4kokura4.pdf,official_daily_result_pdf
201110040406,2011,小倉,4,4,6,2011-08-07,https://www.jra.go.jp/datafile/seiseki/report/2011/2011-4kokura4.pdf,official_daily_result_pdf
201110040407,2011,小倉,4,4,7,2011-08-07,https://www.jra.go.jp/datafile/seiseki/report/2011/2011-4kokura4.pdf,official_daily_result_pdf
201110040408,2011,小倉,4,4,8,2011-08-07,https://www.jra.go.jp/datafile/seiseki/report/2011/2011-4kokura4.pdf,official_daily_result_pdf
201110040409,2011,小倉,4,4,9,2011-08-07,https://www.jra.go.jp/datafile/seiseki/report/2011/2011-4kokura4.pdf,official_daily_result_pdf
201110040410,2011,小倉,4,4,10,2011-08-07,https://www.jra.go.jp/datafile/seiseki/report/2011/2011-4kokura4.pdf,official_daily_result_pdf
201110040411,2011,小倉,4,4,11,2011-08-07,https://www.jra.go.jp/datafile/seiseki/report/2011/2011-4kokura4.pdf,official_daily_result_pdf
201110040412,2011,小倉,4,4,12,2011-08-07,https://www.jra.go.jp/datafile/seiseki/report/2011/2011-4kokura4.pdf,official_daily_result_pdf
201110040501,2011,小倉,4,5,1,2011-08-13,https://www.jra.go.jp/datafile/seiseki/report/2011/2011-4kokura5.pdf,official_daily_result_pdf
201110040502,2011,小倉,4,5,2,2011-08-13,https://www.jra.go.jp/datafile/seiseki/report/2011/2011-4kokura5.pdf,official_daily_result_pdf
201110040503,2011,小倉,4,5,3,2011-08-13,https://www.jra.go.jp/datafile/seiseki/report/2011/2011-4kokura5.pdf,official_daily_result_pdf
201110040504,2011,小倉,4,5,4,2011-08-13,https://www.jra.go.jp/datafile/seiseki/report/2011/2011-4kokura5.pdf,official_daily_result_pdf
201110040505,2011,小倉,4,5,5,2011-08-13,https://www.jra.go.jp/datafile/seiseki/report/2011/2011-4kokura5.pdf,official_daily_result_pdf
201110040506,2011,小倉,4,5,6,2011-08-13,https://www.jra.go.jp/datafile/seiseki/report/2011/2011-4kokura5.pdf,official_daily_result_pdf
201110040507,2011,小倉,4,5,7,2011-08-13,https://www.jra.go.jp/datafile/seiseki/report/2011/2011-4kokura5.pdf,official_daily_result_pdf
201110040508,2011,小倉,4,5,8,2011-08-13,https://www.jra.go.jp/datafile/seiseki/report/2011/2011-4kokura5.pdf,official_daily_result_pdf
201110040509,2011,小倉,4,5,9,2011-08-13,https://www.jra.go.jp/datafile/seiseki/report/2011/2011-4kokura5.pdf,official_daily_result_pdf
201110040510,2011,小倉,4,5,10,2011-08-13,https://www.jra.go.jp/datafile/seiseki/report/2011/2011-4kokura5.pdf,official_daily_result_pdf
201110040511,2011,小倉,4,5,11,2011-08-13,https://www.jra.go.jp/datafile/seiseki/report/2011/2011-4kokura5.pdf,official_daily_result_pdf
201110040512,2011,小倉,4,5,12,2011-08-13,https://www.jra.go.jp/datafile/seiseki/report/2011/2011-4kokura5.pdf,official_daily_result_pdf
201110040601,2011,小倉,4,6,1,2011-08-14,https://www.jra.go.jp/datafile/seiseki/report/2011/2011-4kokura6.pdf,official_daily_result_pdf
201110040602,2011,小倉,4,6,2,2011-08-14,https://www.jra.go.jp/datafile/seiseki/report/2011/2011-4kokura6.pdf,official_daily_result_pdf
201110040603,2011,小倉,4,6,3,2011-08-14,https://www.jra.go.jp/datafile/seiseki/report/2011/2011-4kokura6.pdf,official_daily_result_pdf
201110040604,2011,小倉,4,6,4,2011-08-14,https://www.jra.go.jp/datafile/seiseki/report/2011/2011-4kokura6.pdf,official_daily_result_pdf
201110040605,2011,小倉,4,6,5,2011-08-14,https://www.jra.go.jp/datafile/seiseki/report/2011/2011-4kokura6.pdf,official_daily_result_pdf
201110040606,2011,小倉,4,6,6,2011-08-14,https://www.jra.go.jp/datafile/seiseki/report/2011/2011-4kokura6.pdf,official_daily_result_pdf
201110040607,2011,小倉,4,6,7,2011-08-14,https://www.jra.go.jp/datafile/seiseki/report/2011/2011-4kokura6.pdf,official_daily_result_pdf
201110040608,2011,小倉,4,6,8,2011-08-14,https://www.jra.go.jp/datafile/seiseki/report/2011/2011-4kokura6.pdf,official_daily_result_pdf
201110040609,2011,小倉,4,6,9,2011-08-14,https://www.jra.go.jp/datafile/seiseki/report/2011/2011-4kokura6.pdf,official_daily_result_pdf
201110040610,2011,小倉,4,6,10,2011-08-14,https://www.jra.go.jp/datafile/seiseki/report/2011/2011-4kokura6.pdf,official_daily_result_pdf
201110040611,2011,小倉,4,6,11,2011-08-14,https://www.jra.go.jp/datafile/seiseki/report/2011/2011-4kokura6.pdf,official_daily_result_pdf
201110040612,2011,小倉,4,6,12,2011-08-14,https://www.jra.go.jp/datafile/seiseki/report/2011/2011-4kokura6.pdf,official_daily_result_pdf
201110040701,2011,小倉,4,7,1,2011-08-20,https://www.jra.go.jp/datafile/seiseki/report/2011/2011-4kokura7.pdf,official_daily_result_pdf
201110040702,2011,小倉,4,7,2,2011-08-20,https://www.jra.go.jp/datafile/seiseki/report/2011/2011-4kokura7.pdf,official_daily_result_pdf
201110040703,2011,小倉,4,7,3,2011-08-20,https://www.jra.go.jp/datafile/seiseki/report/2011/2011-4kokura7.pdf,official_daily_result_pdf
201110040704,2011,小倉,4,7,4,2011-08-20,https://www.jra.go.jp/datafile/seiseki/report/2011/2011-4kokura7.pdf,official_daily_result_pdf
201110040705,2011,小倉,4,7,5,2011-08-20,https://www.jra.go.jp/datafile/seiseki/report/2011/2011-4kokura7.pdf,official_daily_result_pdf
201110040706,2011,小倉,4,7,6,2011-08-20,https://www.jra.go.jp/datafile/seiseki/report/2011/2011-4kokura7.pdf,official_daily_result_pdf
201110040707,2011,小倉,4,7,7,2011-08-20,https://www.jra.go.jp/datafile/seiseki/report/2011/2011-4kokura7.pdf,official_daily_result_pdf
201110040708,2011,小倉,4,7,8,2011-08-20,https://www.jra.go.jp/datafile/seiseki/report/2011/2011-4kokura7.pdf,official_daily_result_pdf
201110040709,2011,小倉,4,7,9,2011-08-20,https://www.jra.go.jp/datafile/seiseki/report/2011/2011-4kokura7.pdf,official_daily_result_pdf
201110040710,2011,小倉,4,7,10,2011-08-20,https://www.jra.go.jp/datafile/seiseki/report/2011/2011-4kokura7.pdf,official_daily_result_pdf
201110040711,2011,小倉,4,7,11,2011-08-20,https://www.jra.go.jp/datafile/seiseki/report/2011/2011-4kokura7.pdf,official_daily_result_pdf
201110040712,2011,小倉,4,7,12,2011-08-20,https://www.jra.go.jp/datafile/seiseki/report/2011/2011-4kokura7.pdf,official_daily_result_pdf
201110040801,2011,小倉,4,8,1,2011-08-21,https://www.jra.go.jp/datafile/seiseki/report/2011/2011-4kokura8.pdf,official_daily_result_pdf
201110040802,2011,小倉,4,8,2,2011-08-21,https://www.jra.go.jp/datafile/seiseki/report/2011/2011-4kokura8.pdf,official_daily_result_pdf
201110040803,2011,小倉,4,8,3,2011-08-21,https://www.jra.go.jp/datafile/seiseki/report/2011/2011-4kokura8.pdf,official_daily_result_pdf
201110040804,2011,小倉,4,8,4,2011-08-21,https://www.jra.go.jp/datafile/seiseki/report/2011/2011-4kokura8.pdf,official_daily_result_pdf
201110040805,2011,小倉,4,8,5,2011-08-21,https://www.jra.go.jp/datafile/seiseki/report/2011/2011-4kokura8.pdf,official_daily_result_pdf
201110040806,2011,小倉,4,8,6,2011-08-21,https://www.jra.go.jp/datafile/seiseki/report/2011/2011-4kokura8.pdf,official_daily_result_pdf
201110040807,2011,小倉,4,8,7,2011-08-21,https://www.jra.go.jp/datafile/seiseki/report/2011/2011-4kokura8.pdf,official_daily_result_pdf
201110040808,2011,小倉,4,8,8,2011-08-21,https://www.jra.go.jp/datafile/seiseki/report/2011/2011-4kokura8.pdf,official_daily_result_pdf
201110040809,2011,小倉,4,8,9,2011-08-21,https://www.jra.go.jp/datafile/seiseki/report/2011/2011-4kokura8.pdf,official_daily_result_pdf
201110040810,2011,小倉,4,8,10,2011-08-21,https://www.jra.go.jp/datafile/seiseki/report/2011/2011-4kokura8.pdf,official_daily_result_pdf
201110040811,2011,小倉,4,8,11,2011-08-21,https://www.jra.go.jp/datafile/seiseki/report/2011/2011-4kokura8.pdf,official_daily_result_pdf
201110040812,2011,小倉,4,8,12,2011-08-21,https://www.jra.go.jp/datafile/seiseki/report/2011/2011-4kokura8.pdf,official_daily_result_pdf
201110040901,2011,小倉,4,9,1,2011-08-27,https://www.jra.go.jp/datafile/seiseki/report/2011/2011-4kokura9.pdf,official_daily_result_pdf
201110040902,2011,小倉,4,9,2,2011-08-27,https://www.jra.go.jp/datafile/seiseki/report/2011/2011-4kokura9.pdf,official_daily_result_pdf
201110040903,2011,小倉,4,9,3,2011-08-27,https://www.jra.go.jp/datafile/seiseki/report/2011/2011-4kokura9.pdf,official_daily_result_pdf
201110040904,2011,小倉,4,9,4,2011-08-27,https://www.jra.go.jp/datafile/seiseki/report/2011/2011-4kokura9.pdf,official_daily_result_pdf
201110040905,2011,小倉,4,9,5,2011-08-27,https://www.jra.go.jp/datafile/seiseki/report/2011/2011-4kokura9.pdf,official_daily_result_pdf
201110040906,2011,小倉,4,9,6,2011-08-27,https://www.jra.go.jp/datafile/seiseki/report/2011/2011-4kokura9.pdf,official_daily_result_pdf
201110040907,2011,小倉,4,9,7,2011-08-27,https://www.jra.go.jp/datafile/seiseki/report/2011/2011-4kokura9.pdf,official_daily_result_pdf
201110040908,2011,小倉,4,9,8,2011-08-27,https://www.jra.go.jp/datafile/seiseki/report/2011/2011-4kokura9.pdf,official_daily_result_pdf
201110040909,2011,小倉,4,9,9,2011-08-27,https://www.jra.go.jp/datafile/seiseki/report/2011/2011-4kokura9.pdf,official_daily_result_pdf
201110040910,2011,小倉,4,9,10,2011-08-27,https://www.jra.go.jp/datafile/seiseki/report/2011/2011-4kokura9.pdf,official_daily_result_pdf
201110040911,2011,小倉,4,9,11,2011-08-27,https://www.jra.go.jp/datafile/seiseki/report/2011/2011-4kokura9.pdf,official_daily_result_pdf
201110040912,2011,小倉,4,9,12,2011-08-27,https://www.jra.go.jp/datafile/seiseki/report/2011/2011-4kokura9.pdf,official_daily_result_pdf
201110041001,2011,小倉,4,10,1,2011-08-28,https://www.jra.go.jp/datafile/seiseki/report/2011/2011-4kokura10.pdf,official_daily_result_pdf
201110041002,2011,小倉,4,10,2,2011-08-28,https://www.jra.go.jp/datafile/seiseki/report/2011/2011-4kokura10.pdf,official_daily_result_pdf
201110041003,2011,小倉,4,10,3,2011-08-28,https://www.jra.go.jp/datafile/seiseki/report/2011/2011-4kokura10.pdf,official_daily_result_pdf
201110041004,2011,小倉,4,10,4,2011-08-28,https://www.jra.go.jp/datafile/seiseki/report/2011/2011-4kokura10.pdf,official_daily_result_pdf
201110041005,2011,小倉,4,10,5,2011-08-28,https://www.jra.go.jp/datafile/seiseki/report/2011/2011-4kokura10.pdf,official_daily_result_pdf
201110041006,2011,小倉,4,10,6,2011-08-28,https://www.jra.go.jp/datafile/seiseki/report/2011/2011-4kokura10.pdf,official_daily_result_pdf
201110041007,2011,小倉,4,10,7,2011-08-28,https://www.jra.go.jp/datafile/seiseki/report/2011/2011-4kokura10.pdf,official_daily_result_pdf
201110041008,2011,小倉,4,10,8,2011-08-28,https://www.jra.go.jp/datafile/seiseki/report/2011/2011-4kokura10.pdf,official_daily_result_pdf
201110041009,2011,小倉,4,10,9,2011-08-28,https://www.jra.go.jp/datafile/seiseki/report/2011/2011-4kokura10.pdf,official_daily_result_pdf
201110041010,2011,小倉,4,10,10,2011-08-28,https://www.jra.go.jp/datafile/seiseki/report/2011/2011-4kokura10.pdf,official_daily_result_pdf
201110041011,2011,小倉,4,10,11,2011-08-28,https://www.jra.go.jp/datafile/seiseki/report/2011/2011-4kokura10.pdf,official_daily_result_pdf
201110041012,2011,小倉,4,10,12,2011-08-28,https://www.jra.go.jp/datafile/seiseki/report/2011/2011-4kokura10.pdf,official_daily_result_pdf
201110041101,2011,小倉,4,11,1,2011-09-03,https://www.jra.go.jp/datafile/seiseki/report/2011/2011-4kokura11.pdf,official_daily_result_pdf
201110041102,2011,小倉,4,11,2,2011-09-03,https://www.jra.go.jp/datafile/seiseki/report/2011/2011-4kokura11.pdf,official_daily_result_pdf
201110041103,2011,小倉,4,11,3,2011-09-03,https://www.jra.go.jp/datafile/seiseki/report/2011/2011-4kokura11.pdf,official_daily_result_pdf
201110041104,2011,小倉,4,11,4,2011-09-03,https://www.jra.go.jp/datafile/seiseki/report/2011/2011-4kokura11.pdf,official_daily_result_pdf
201110041105,2011,小倉,4,11,5,2011-09-03,https://www.jra.go.jp/datafile/seiseki/report/2011/2011-4kokura11.pdf,official_daily_result_pdf
201110041106,2011,小倉,4,11,6,2011-09-03,https://www.jra.go.jp/datafile/seiseki/report/2011/2011-4kokura11.pdf,official_daily_result_pdf
201110041107,2011,小倉,4,11,7,2011-09-03,https://www.jra.go.jp/datafile/seiseki/report/2011/2011-4kokura11.pdf,official_daily_result_pdf
201110041108,2011,小倉,4,11,8,2011-09-03,https://www.jra.go.jp/datafile/seiseki/report/2011/2011-4kokura11.pdf,official_daily_result_pdf
201110041109,2011,小倉,4,11,9,2011-09-03,https://www.jra.go.jp/datafile/seiseki/report/2011/2011-4kokura11.pdf,official_daily_result_pdf
201110041110,2011,小倉,4,11,10,2011-09-03,https://www.jra.go.jp/datafile/seiseki/report/2011/2011-4kokura11.pdf,official_daily_result_pdf
201110041111,2011,小倉,4,11,11,2011-09-03,https://www.jra.go.jp/datafile/seiseki/report/2011/2011-4kokura11.pdf,official_daily_result_pdf
201110041112,2011,小倉,4,11,12,2011-09-03,https://www.jra.go.jp/datafile/seiseki/report/2011/2011-4kokura11.pdf,official_daily_result_pdf
201110041201,2011,小倉,4,12,1,2011-09-04,https://www.jra.go.jp/datafile/seiseki/report/2011/2011-4kokura12.pdf,official_daily_result_pdf
201110041202,2011,小倉,4,12,2,2011-09-04,https://www.jra.go.jp/datafile/seiseki/report/2011/2011-4kokura12.pdf,official_daily_result_pdf
201110041203,2011,小倉,4,12,3,2011-09-04,https://www.jra.go.jp/datafile/seiseki/report/2011/2011-4kokura12.pdf,official_daily_result_pdf
201110041204,2011,小倉,4,12,4,2011-09-04,https://www.jra.go.jp/datafile/seiseki/report/2011/2011-4kokura12.pdf,official_daily_result_pdf
201110041205,2011,小倉,4,12,5,2011-09-04,https://www.jra.go.jp/datafile/seiseki/report/2011/2011-4kokura12.pdf,official_daily_result_pdf
201110041206,2011,小倉,4,12,6,2011-09-04,https://www.jra.go.jp/datafile/seiseki/report/2011/2011-4kokura12.pdf,official_daily_result_pdf
201110041207,2011,小倉,4,12,7,2011-09-04,https://www.jra.go.jp/datafile/seiseki/report/2011/2011-4kokura12.pdf,official_daily_result_pdf
201110041208,2011,小倉,4,12,8,2011-09-04,https://www.jra.go.jp/datafile/seiseki/report/2011/2011-4kokura12.pdf,official_daily_result_pdf
201110041209,2011,小倉,4,12,9,2011-09-04,https://www.jra.go.jp/datafile/seiseki/report/2011/2011-4kokura12.pdf,official_daily_result_pdf
201110041210,2011,小倉,4,12,10,2011-09-04,https://www.jra.go.jp/datafile/seiseki/report/2011/2011-4kokura12.pdf,official_daily_result_pdf
201110041211,2011,小倉,4,12,11,2011-09-04,https://www.jra.go.jp/datafile/seiseki/report/2011/2011-4kokura12.pdf,official_daily_result_pdf
201110041212,2011,小倉,4,12,12,2011-09-04,https://www.jra.go.jp/datafile/seiseki/report/2011/2011-4kokura12.pdf,official_daily_result_pdf
201110050101,2011,小倉,5,1,1,2011-11-26,https://www.jra.go.jp/datafile/seiseki/report/2011/2011-5kokura1.pdf,official_daily_result_pdf
201110050102,2011,小倉,5,1,2,2011-11-26,https://www.jra.go.jp/datafile/seiseki/report/2011/2011-5kokura1.pdf,official_daily_result_pdf
201110050103,2011,小倉,5,1,3,2011-11-26,https://www.jra.go.jp/datafile/seiseki/report/2011/2011-5kokura1.pdf,official_daily_result_pdf
201110050104,2011,小倉,5,1,4,2011-11-26,https://www.jra.go.jp/datafile/seiseki/report/2011/2011-5kokura1.pdf,official_daily_result_pdf
201110050105,2011,小倉,5,1,5,2011-11-26,https://www.jra.go.jp/datafile/seiseki/report/2011/2011-5kokura1.pdf,official_daily_result_pdf
201110050106,2011,小倉,5,1,6,2011-11-26,https://www.jra.go.jp/datafile/seiseki/report/2011/2011-5kokura1.pdf,official_daily_result_pdf
201110050107,2011,小倉,5,1,7,2011-11-26,https://www.jra.go.jp/datafile/seiseki/report/2011/2011-5kokura1.pdf,official_daily_result_pdf
201110050108,2011,小倉,5,1,8,2011-11-26,https://www.jra.go.jp/datafile/seiseki/report/2011/2011-5kokura1.pdf,official_daily_result_pdf
201110050109,2011,小倉,5,1,9,2011-11-26,https://www.jra.go.jp/datafile/seiseki/report/2011/2011-5kokura1.pdf,official_daily_result_pdf
201110050110,2011,小倉,5,1,10,2011-11-26,https://www.jra.go.jp/datafile/seiseki/report/2011/2011-5kokura1.pdf,official_daily_result_pdf
201110050111,2011,小倉,5,1,11,2011-11-26,https://www.jra.go.jp/datafile/seiseki/report/2011/2011-5kokura1.pdf,official_daily_result_pdf
201110050112,2011,小倉,5,1,12,2011-11-26,https://www.jra.go.jp/datafile/seiseki/report/2011/2011-5kokura1.pdf,official_daily_result_pdf
201110050201,2011,小倉,5,2,1,2011-11-27,https://www.jra.go.jp/datafile/seiseki/report/2011/2011-5kokura2.pdf,official_daily_result_pdf
201110050202,2011,小倉,5,2,2,2011-11-27,https://www.jra.go.jp/datafile/seiseki/report/2011/2011-5kokura2.pdf,official_daily_result_pdf
201110050203,2011,小倉,5,2,3,2011-11-27,https://www.jra.go.jp/datafile/seiseki/report/2011/2011-5kokura2.pdf,official_daily_result_pdf
201110050204,2011,小倉,5,2,4,2011-11-27,https://www.jra.go.jp/datafile/seiseki/report/2011/2011-5kokura2.pdf,official_daily_result_pdf
201110050205,2011,小倉,5,2,5,2011-11-27,https://www.jra.go.jp/datafile/seiseki/report/2011/2011-5kokura2.pdf,official_daily_result_pdf
201110050206,2011,小倉,5,2,6,2011-11-27,https://www.jra.go.jp/datafile/seiseki/report/2011/2011-5kokura2.pdf,official_daily_result_pdf
201110050207,2011,小倉,5,2,7,2011-11-27,https://www.jra.go.jp/datafile/seiseki/report/2011/2011-5kokura2.pdf,official_daily_result_pdf
201110050208,2011,小倉,5,2,8,2011-11-27,https://www.jra.go.jp/datafile/seiseki/report/2011/2011-5kokura2.pdf,official_daily_result_pdf
201110050209,2011,小倉,5,2,9,2011-11-27,https://www.jra.go.jp/datafile/seiseki/report/2011/2011-5kokura2.pdf,official_daily_result_pdf
201110050210,2011,小倉,5,2,10,2011-11-27,https://www.jra.go.jp/datafile/seiseki/report/2011/2011-5kokura2.pdf,official_daily_result_pdf
201110050211,2011,小倉,5,2,11,2011-11-27,https://www.jra.go.jp/datafile/seiseki/report/2011/2011-5kokura2.pdf,official_daily_result_pdf
201110050212,2011,小倉,5,2,12,2011-11-27,https://www.jra.go.jp/datafile/seiseki/report/2011/2011-5kokura2.pdf,official_daily_result_pdf
201110050301,2011,小倉,5,3,1,2011-12-03,https://www.jra.go.jp/datafile/seiseki/report/2011/2011-5kokura3.pdf,official_daily_result_pdf
201110050302,2011,小倉,5,3,2,2011-12-03,https://www.jra.go.jp/datafile/seiseki/report/2011/2011-5kokura3.pdf,official_daily_result_pdf
201110050303,2011,小倉,5,3,3,2011-12-03,https://www.jra.go.jp/datafile/seiseki/report/2011/2011-5kokura3.pdf,official_daily_result_pdf
201110050304,2011,小倉,5,3,4,2011-12-03,https://www.jra.go.jp/datafile/seiseki/report/2011/2011-5kokura3.pdf,official_daily_result_pdf
201110050305,2011,小倉,5,3,5,2011-12-03,https://www.jra.go.jp/datafile/seiseki/report/2011/2011-5kokura3.pdf,official_daily_result_pdf
201110050306,2011,小倉,5,3,6,2011-12-03,https://www.jra.go.jp/datafile/seiseki/report/2011/2011-5kokura3.pdf,official_daily_result_pdf
201110050307,2011,小倉,5,3,7,2011-12-03,https://www.jra.go.jp/datafile/seiseki/report/2011/2011-5kokura3.pdf,official_daily_result_pdf
201110050308,2011,小倉,5,3,8,2011-12-03,https://www.jra.go.jp/datafile/seiseki/report/2011/2011-5kokura3.pdf,official_daily_result_pdf
201110050309,2011,小倉,5,3,9,2011-12-03,https://www.jra.go.jp/datafile/seiseki/report/2011/2011-5kokura3.pdf,official_daily_result_pdf
201110050310,2011,小倉,5,3,10,2011-12-03,https://www.jra.go.jp/datafile/seiseki/report/2011/2011-5kokura3.pdf,official_daily_result_pdf
201110050311,2011,小倉,5,3,11,2011-12-03,https://www.jra.go.jp/datafile/seiseki/report/2011/2011-5kokura3.pdf,official_daily_result_pdf
201110050312,2011,小倉,5,3,12,2011-12-03,https://www.jra.go.jp/datafile/seiseki/report/2011/2011-5kokura3.pdf,official_daily_result_pdf
201110050401,2011,小倉,5,4,1,2011-12-04,https://www.jra.go.jp/datafile/seiseki/report/2011/2011-5kokura4.pdf,official_daily_result_pdf
201110050402,2011,小倉,5,4,2,2011-12-04,https://www.jra.go.jp/datafile/seiseki/report/2011/2011-5kokura4.pdf,official_daily_result_pdf
201110050403,2011,小倉,5,4,3,2011-12-04,https://www.jra.go.jp/datafile/seiseki/report/2011/2011-5kokura4.pdf,official_daily_result_pdf
201110050404,2011,小倉,5,4,4,2011-12-04,https://www.jra.go.jp/datafile/seiseki/report/2011/2011-5kokura4.pdf,official_daily_result_pdf
201110050405,2011,小倉,5,4,5,2011-12-04,https://www.jra.go.jp/datafile/seiseki/report/2011/2011-5kokura4.pdf,official_daily_result_pdf
201110050406,2011,小倉,5,4,6,2011-12-04,https://www.jra.go.jp/datafile/seiseki/report/2011/2011-5kokura4.pdf,official_daily_result_pdf
201110050407,2011,小倉,5,4,7,2011-12-04,https://www.jra.go.jp/datafile/seiseki/report/2011/2011-5kokura4.pdf,official_daily_result_pdf
201110050408,2011,小倉,5,4,8,2011-12-04,https://www.jra.go.jp/datafile/seiseki/report/2011/2011-5kokura4.pdf,official_daily_result_pdf
201110050409,2011,小倉,5,4,9,2011-12-04,https://www.jra.go.jp/datafile/seiseki/report/2011/2011-5kokura4.pdf,official_daily_result_pdf
201110050410,2011,小倉,5,4,10,2011-12-04,https://www.jra.go.jp/datafile/seiseki/report/2011/2011-5kokura4.pdf,official_daily_result_pdf
201110050411,2011,小倉,5,4,11,2011-12-04,https://www.jra.go.jp/datafile/seiseki/report/2011/2011-5kokura4.pdf,official_daily_result_pdf
201110050412,2011,小倉,5,4,12,2011-12-04,https://www.jra.go.jp/datafile/seiseki/report/2011/2011-5kokura4.pdf,official_daily_result_pdf
201110050501,2011,小倉,5,5,1,2011-12-10,https://www.jra.go.jp/datafile/seiseki/report/2011/2011-5kokura5.pdf,official_daily_result_pdf
201110050502,2011,小倉,5,5,2,2011-12-10,https://www.jra.go.jp/datafile/seiseki/report/2011/2011-5kokura5.pdf,official_daily_result_pdf
201110050503,2011,小倉,5,5,3,2011-12-10,https://www.jra.go.jp/datafile/seiseki/report/2011/2011-5kokura5.pdf,official_daily_result_pdf
201110050504,2011,小倉,5,5,4,2011-12-10,https://www.jra.go.jp/datafile/seiseki/report/2011/2011-5kokura5.pdf,official_daily_result_pdf
201110050505,2011,小倉,5,5,5,2011-12-10,https://www.jra.go.jp/datafile/seiseki/report/2011/2011-5kokura5.pdf,official_daily_result_pdf
201110050506,2011,小倉,5,5,6,2011-12-10,https://www.jra.go.jp/datafile/seiseki/report/2011/2011-5kokura5.pdf,official_daily_result_pdf
201110050507,2011,小倉,5,5,7,2011-12-10,https://www.jra.go.jp/datafile/seiseki/report/2011/2011-5kokura5.pdf,official_daily_result_pdf
201110050508,2011,小倉,5,5,8,2011-12-10,https://www.jra.go.jp/datafile/seiseki/report/2011/2011-5kokura5.pdf,official_daily_result_pdf
201110050509,2011,小倉,5,5,9,2011-12-10,https://www.jra.go.jp/datafile/seiseki/report/2011/2011-5kokura5.pdf,official_daily_result_pdf
201110050510,2011,小倉,5,5,10,2011-12-10,https://www.jra.go.jp/datafile/seiseki/report/2011/2011-5kokura5.pdf,official_daily_result_pdf
201110050511,2011,小倉,5,5,11,2011-12-10,https://www.jra.go.jp/datafile/seiseki/report/2011/2011-5kokura5.pdf,official_daily_result_pdf
201110050512,2011,小倉,5,5,12,2011-12-10,https://www.jra.go.jp/datafile/seiseki/report/2011/2011-5kokura5.pdf,official_daily_result_pdf
201110050601,2011,小倉,5,6,1,2011-12-11,https://www.jra.go.jp/datafile/seiseki/report/2011/2011-5kokura6.pdf,official_daily_result_pdf
201110050602,2011,小倉,5,6,2,2011-12-11,https://www.jra.go.jp/datafile/seiseki/report/2011/2011-5kokura6.pdf,official_daily_result_pdf
201110050603,2011,小倉,5,6,3,2011-12-11,https://www.jra.go.jp/datafile/seiseki/report/2011/2011-5kokura6.pdf,official_daily_result_pdf
201110050604,2011,小倉,5,6,4,2011-12-11,https://www.jra.go.jp/datafile/seiseki/report/2011/2011-5kokura6.pdf,official_daily_result_pdf
201110050605,2011,小倉,5,6,5,2011-12-11,https://www.jra.go.jp/datafile/seiseki/report/2011/2011-5kokura6.pdf,official_daily_result_pdf
201110050606,2011,小倉,5,6,6,2011-12-11,https://www.jra.go.jp/datafile/seiseki/report/2011/2011-5kokura6.pdf,official_daily_result_pdf
201110050607,2011,小倉,5,6,7,2011-12-11,https://www.jra.go.jp/datafile/seiseki/report/2011/2011-5kokura6.pdf,official_daily_result_pdf
201110050608,2011,小倉,5,6,8,2011-12-11,https://www.jra.go.jp/datafile/seiseki/report/2011/2011-5kokura6.pdf,official_daily_result_pdf
201110050609,2011,小倉,5,6,9,2011-12-11,https://www.jra.go.jp/datafile/seiseki/report/2011/2011-5kokura6.pdf,official_daily_result_pdf
201110050610,2011,小倉,5,6,10,2011-12-11,https://www.jra.go.jp/datafile/seiseki/report/2011/2011-5kokura6.pdf,official_daily_result_pdf
201110050611,2011,小倉,5,6,11,2011-12-11,https://www.jra.go.jp/datafile/seiseki/report/2011/2011-5kokura6.pdf,official_daily_result_pdf
201110050612,2011,小倉,5,6,12,2011-12-11,https://www.jra.go.jp/datafile/seiseki/report/2011/2011-5kokura6.pdf,official_daily_result_pdf
201110050701,2011,小倉,5,7,1,2011-12-17,https://www.jra.go.jp/datafile/seiseki/report/2011/2011-5kokura7.pdf,official_daily_result_pdf
201110050702,2011,小倉,5,7,2,2011-12-17,https://www.jra.go.jp/datafile/seiseki/report/2011/2011-5kokura7.pdf,official_daily_result_pdf
201110050703,2011,小倉,5,7,3,2011-12-17,https://www.jra.go.jp/datafile/seiseki/report/2011/2011-5kokura7.pdf,official_daily_result_pdf
201110050704,2011,小倉,5,7,4,2011-12-17,https://www.jra.go.jp/datafile/seiseki/report/2011/2011-5kokura7.pdf,official_daily_result_pdf
201110050705,2011,小倉,5,7,5,2011-12-17,https://www.jra.go.jp/datafile/seiseki/report/2011/2011-5kokura7.pdf,official_daily_result_pdf
201110050706,2011,小倉,5,7,6,2011-12-17,https://www.jra.go.jp/datafile/seiseki/report/2011/2011-5kokura7.pdf,official_daily_result_pdf
201110050707,2011,小倉,5,7,7,2011-12-17,https://www.jra.go.jp/datafile/seiseki/report/2011/2011-5kokura7.pdf,official_daily_result_pdf
201110050708,2011,小倉,5,7,8,2011-12-17,https://www.jra.go.jp/datafile/seiseki/report/2011/2011-5kokura7.pdf,official_daily_result_pdf
201110050709,2011,小倉,5,7,9,2011-12-17,https://www.jra.go.jp/datafile/seiseki/report/2011/2011-5kokura7.pdf,official_daily_result_pdf
201110050710,2011,小倉,5,7,10,2011-12-17,https://www.jra.go.jp/datafile/seiseki/report/2011/2011-5kokura7.pdf,official_daily_result_pdf
201110050711,2011,小倉,5,7,11,2011-12-17,https://www.jra.go.jp/datafile/seiseki/report/2011/2011-5kokura7.pdf,official_daily_result_pdf
201110050712,2011,小倉,5,7,12,2011-12-17,https://www.jra.go.jp/datafile/seiseki/report/2011/2011-5kokura7.pdf,official_daily_result_pdf
201110050801,2011,小倉,5,8,1,2011-12-18,https://www.jra.go.jp/datafile/seiseki/report/2011/2011-5kokura8.pdf,official_daily_result_pdf
201110050802,2011,小倉,5,8,2,2011-12-18,https://www.jra.go.jp/datafile/seiseki/report/2011/2011-5kokura8.pdf,official_daily_result_pdf
201110050803,2011,小倉,5,8,3,2011-12-18,https://www.jra.go.jp/datafile/seiseki/report/2011/2011-5kokura8.pdf,official_daily_result_pdf
201110050804,2011,小倉,5,8,4,2011-12-18,https://www.jra.go.jp/datafile/seiseki/report/2011/2011-5kokura8.pdf,official_daily_result_pdf
201110050805,2011,小倉,5,8,5,2011-12-18,https://www.jra.go.jp/datafile/seiseki/report/2011/2011-5kokura8.pdf,official_daily_result_pdf
201110050806,2011,小倉,5,8,6,2011-12-18,https://www.jra.go.jp/datafile/seiseki/report/2011/2011-5kokura8.pdf,official_daily_result_pdf
201110050807,2011,小倉,5,8,7,2011-12-18,https://www.jra.go.jp/datafile/seiseki/report/2011/2011-5kokura8.pdf,official_daily_result_pdf
201110050808,2011,小倉,5,8,8,2011-12-18,https://www.jra.go.jp/datafile/seiseki/report/2011/2011-5kokura8.pdf,official_daily_result_pdf
201110050809,2011,小倉,5,8,9,2011-12-18,https://www.jra.go.jp/datafile/seiseki/report/2011/2011-5kokura8.pdf,official_daily_result_pdf
201110050810,2011,小倉,5,8,10,2011-12-18,https://www.jra.go.jp/datafile/seiseki/report/2011/2011-5kokura8.pdf,official_daily_result_pdf
201110050811,2011,小倉,5,8,11,2011-12-18,https://www.jra.go.jp/datafile/seiseki/report/2011/2011-5kokura8.pdf,official_daily_result_pdf
201110050812,2011,小倉,5,8,12,2011-12-18,https://www.jra.go.jp/datafile/seiseki/report/2011/2011-5kokura8.pdf,official_daily_result_pdf
201110050901,2011,小倉,5,9,1,2011-12-24,https://www.jra.go.jp/datafile/seiseki/report/2011/2011-5kokura9.pdf,official_daily_result_pdf
201110050902,2011,小倉,5,9,2,2011-12-24,https://www.jra.go.jp/datafile/seiseki/report/2011/2011-5kokura9.pdf,official_daily_result_pdf
201110050903,2011,小倉,5,9,3,2011-12-24,https://www.jra.go.jp/datafile/seiseki/report/2011/2011-5kokura9.pdf,official_daily_result_pdf
201110050904,2011,小倉,5,9,4,2011-12-24,https://www.jra.go.jp/datafile/seiseki/report/2011/2011-5kokura9.pdf,official_daily_result_pdf
201110050905,2011,小倉,5,9,5,2011-12-24,https://www.jra.go.jp/datafile/seiseki/report/2011/2011-5kokura9.pdf,official_daily_result_pdf
201110050906,2011,小倉,5,9,6,2011-12-24,https://www.jra.go.jp/datafile/seiseki/report/2011/2011-5kokura9.pdf,official_daily_result_pdf
201110050907,2011,小倉,5,9,7,2011-12-24,https://www.jra.go.jp/datafile/seiseki/report/2011/2011-5kokura9.pdf,official_daily_result_pdf
201110050908,2011,小倉,5,9,8,2011-12-24,https://www.jra.go.jp/datafile/seiseki/report/2011/2011-5kokura9.pdf,official_daily_result_pdf
201110050909,2011,小倉,5,9,9,2011-12-24,https://www.jra.go.jp/datafile/seiseki/report/2011/2011-5kokura9.pdf,official_daily_result_pdf
201110050910,2011,小倉,5,9,10,2011-12-24,https://www.jra.go.jp/datafile/seiseki/report/2011/2011-5kokura9.pdf,official_daily_result_pdf
201110050911,2011,小倉,5,9,11,2011-12-24,https://www.jra.go.jp/datafile/seiseki/report/2011/2011-5kokura9.pdf,official_daily_result_pdf
201110050912,2011,小倉,5,9,12,2011-12-24,https://www.jra.go.jp/datafile/seiseki/report/2011/2011-5kokura9.pdf,official_daily_result_pdf
201110051001,2011,小倉,5,10,1,2011-12-25,https://www.jra.go.jp/datafile/seiseki/report/2011/2011-5kokura10.pdf,official_daily_result_pdf
201110051002,2011,小倉,5,10,2,2011-12-25,https://www.jra.go.jp/datafile/seiseki/report/2011/2011-5kokura10.pdf,official_daily_result_pdf
201110051003,2011,小倉,5,10,3,2011-12-25,https://www.jra.go.jp/datafile/seiseki/report/2011/2011-5kokura10.pdf,official_daily_result_pdf
201110051004,2011,小倉,5,10,4,2011-12-25,https://www.jra.go.jp/datafile/seiseki/report/2011/2011-5kokura10.pdf,official_daily_result_pdf
201110051005,2011,小倉,5,10,5,2011-12-25,https://www.jra.go.jp/datafile/seiseki/report/2011/2011-5kokura10.pdf,official_daily_result_pdf
201110051006,2011,小倉,5,10,6,2011-12-25,https://www.jra.go.jp/datafile/seiseki/report/2011/2011-5kokura10.pdf,official_daily_result_pdf
201110051007,2011,小倉,5,10,7,2011-12-25,https://www.jra.go.jp/datafile/seiseki/report/2011/2011-5kokura10.pdf,official_daily_result_pdf
201110051008,2011,小倉,5,10,8,2011-12-25,https://www.jra.go.jp/datafile/seiseki/report/2011/2011-5kokura10.pdf,official_daily_result_pdf
201110051009,2011,小倉,5,10,9,2011-12-25,https://www.jra.go.jp/datafile/seiseki/report/2011/2011-5kokura10.pdf,official_daily_result_pdf
201110051010,2011,小倉,5,10,10,2011-12-25,https://www.jra.go.jp/datafile/seiseki/report/2011/2011-5kokura10.pdf,official_daily_result_pdf
201110051011,2011,小倉,5,10,11,2011-12-25,https://www.jra.go.jp/datafile/seiseki/report/2011/2011-5kokura10.pdf,official_daily_result_pdf
201110051012,2011,小倉,5,10,12,2011-12-25,https://www.jra.go.jp/datafile/seiseki/report/2011/2011-5kokura10.pdf,official_daily_result_pdf
201201010101,2012,札幌,1,1,1,2012-07-21,https://www.jra.go.jp/datafile/seiseki/report/2012/2012-1sapporo1.pdf,official_daily_result_pdf
201201010102,2012,札幌,1,1,2,2012-07-21,https://www.jra.go.jp/datafile/seiseki/report/2012/2012-1sapporo1.pdf,official_daily_result_pdf
201201010103,2012,札幌,1,1,3,2012-07-21,https://www.jra.go.jp/datafile/seiseki/report/2012/2012-1sapporo1.pdf,official_daily_result_pdf
201201010104,2012,札幌,1,1,4,2012-07-21,https://www.jra.go.jp/datafile/seiseki/report/2012/2012-1sapporo1.pdf,official_daily_result_pdf
201201010105,2012,札幌,1,1,5,2012-07-21,https://www.jra.go.jp/datafile/seiseki/report/2012/2012-1sapporo1.pdf,official_daily_result_pdf
201201010106,2012,札幌,1,1,6,2012-07-21,https://www.jra.go.jp/datafile/seiseki/report/2012/2012-1sapporo1.pdf,official_daily_result_pdf
201201010107,2012,札幌,1,1,7,2012-07-21,https://www.jra.go.jp/datafile/seiseki/report/2012/2012-1sapporo1.pdf,official_daily_result_pdf
201201010108,2012,札幌,1,1,8,2012-07-21,https://www.jra.go.jp/datafile/seiseki/report/2012/2012-1sapporo1.pdf,official_daily_result_pdf
201201010109,2012,札幌,1,1,9,2012-07-21,https://www.jra.go.jp/datafile/seiseki/report/2012/2012-1sapporo1.pdf,official_daily_result_pdf
201201010110,2012,札幌,1,1,10,2012-07-21,https://www.jra.go.jp/datafile/seiseki/report/2012/2012-1sapporo1.pdf,official_daily_result_pdf
201201010111,2012,札幌,1,1,11,2012-07-21,https://www.jra.go.jp/datafile/seiseki/report/2012/2012-1sapporo1.pdf,official_daily_result_pdf
201201010112,2012,札幌,1,1,12,2012-07-21,https://www.jra.go.jp/datafile/seiseki/report/2012/2012-1sapporo1.pdf,official_daily_result_pdf
201201010201,2012,札幌,1,2,1,2012-07-22,https://www.jra.go.jp/datafile/seiseki/report/2012/2012-1sapporo2.pdf,official_daily_result_pdf
201201010202,2012,札幌,1,2,2,2012-07-22,https://www.jra.go.jp/datafile/seiseki/report/2012/2012-1sapporo2.pdf,official_daily_result_pdf
201201010203,2012,札幌,1,2,3,2012-07-22,https://www.jra.go.jp/datafile/seiseki/report/2012/2012-1sapporo2.pdf,official_daily_result_pdf
201201010204,2012,札幌,1,2,4,2012-07-22,https://www.jra.go.jp/datafile/seiseki/report/2012/2012-1sapporo2.pdf,official_daily_result_pdf
201201010205,2012,札幌,1,2,5,2012-07-22,https://www.jra.go.jp/datafile/seiseki/report/2012/2012-1sapporo2.pdf,official_daily_result_pdf
201201010206,2012,札幌,1,2,6,2012-07-22,https://www.jra.go.jp/datafile/seiseki/report/2012/2012-1sapporo2.pdf,official_daily_result_pdf
201201010207,2012,札幌,1,2,7,2012-07-22,https://www.jra.go.jp/datafile/seiseki/report/2012/2012-1sapporo2.pdf,official_daily_result_pdf
201201010208,2012,札幌,1,2,8,2012-07-22,https://www.jra.go.jp/datafile/seiseki/report/2012/2012-1sapporo2.pdf,official_daily_result_pdf
201201010209,2012,札幌,1,2,9,2012-07-22,https://www.jra.go.jp/datafile/seiseki/report/2012/2012-1sapporo2.pdf,official_daily_result_pdf
201201010210,2012,札幌,1,2,10,2012-07-22,https://www.jra.go.jp/datafile/seiseki/report/2012/2012-1sapporo2.pdf,official_daily_result_pdf
201201010211,2012,札幌,1,2,11,2012-07-22,https://www.jra.go.jp/datafile/seiseki/report/2012/2012-1sapporo2.pdf,official_daily_result_pdf
201201010212,2012,札幌,1,2,12,2012-07-22,https://www.jra.go.jp/datafile/seiseki/report/2012/2012-1sapporo2.pdf,official_daily_result_pdf
201201010301,2012,札幌,1,3,1,2012-07-28,https://www.jra.go.jp/datafile/seiseki/report/2012/2012-1sapporo3.pdf,official_daily_result_pdf
201201010302,2012,札幌,1,3,2,2012-07-28,https://www.jra.go.jp/datafile/seiseki/report/2012/2012-1sapporo3.pdf,official_daily_result_pdf
201201010303,2012,札幌,1,3,3,2012-07-28,https://www.jra.go.jp/datafile/seiseki/report/2012/2012-1sapporo3.pdf,official_daily_result_pdf
201201010304,2012,札幌,1,3,4,2012-07-28,https://www.jra.go.jp/datafile/seiseki/report/2012/2012-1sapporo3.pdf,official_daily_result_pdf
201201010305,2012,札幌,1,3,5,2012-07-28,https://www.jra.go.jp/datafile/seiseki/report/2012/2012-1sapporo3.pdf,official_daily_result_pdf
201201010306,2012,札幌,1,3,6,2012-07-28,https://www.jra.go.jp/datafile/seiseki/report/2012/2012-1sapporo3.pdf,official_daily_result_pdf
201201010307,2012,札幌,1,3,7,2012-07-28,https://www.jra.go.jp/datafile/seiseki/report/2012/2012-1sapporo3.pdf,official_daily_result_pdf
201201010308,2012,札幌,1,3,8,2012-07-28,https://www.jra.go.jp/datafile/seiseki/report/2012/2012-1sapporo3.pdf,official_daily_result_pdf
201201010309,2012,札幌,1,3,9,2012-07-28,https://www.jra.go.jp/datafile/seiseki/report/2012/2012-1sapporo3.pdf,official_daily_result_pdf
201201010310,2012,札幌,1,3,10,2012-07-28,https://www.jra.go.jp/datafile/seiseki/report/2012/2012-1sapporo3.pdf,official_daily_result_pdf
201201010311,2012,札幌,1,3,11,2012-07-28,https://www.jra.go.jp/datafile/seiseki/report/2012/2012-1sapporo3.pdf,official_daily_result_pdf
201201010312,2012,札幌,1,3,12,2012-07-28,https://www.jra.go.jp/datafile/seiseki/report/2012/2012-1sapporo3.pdf,official_daily_result_pdf
201201010401,2012,札幌,1,4,1,2012-07-29,https://www.jra.go.jp/datafile/seiseki/report/2012/2012-1sapporo4.pdf,official_daily_result_pdf
201201010402,2012,札幌,1,4,2,2012-07-29,https://www.jra.go.jp/datafile/seiseki/report/2012/2012-1sapporo4.pdf,official_daily_result_pdf
201201010403,2012,札幌,1,4,3,2012-07-29,https://www.jra.go.jp/datafile/seiseki/report/2012/2012-1sapporo4.pdf,official_daily_result_pdf
201201010404,2012,札幌,1,4,4,2012-07-29,https://www.jra.go.jp/datafile/seiseki/report/2012/2012-1sapporo4.pdf,official_daily_result_pdf
201201010405,2012,札幌,1,4,5,2012-07-29,https://www.jra.go.jp/datafile/seiseki/report/2012/2012-1sapporo4.pdf,official_daily_result_pdf
201201010406,2012,札幌,1,4,6,2012-07-29,https://www.jra.go.jp/datafile/seiseki/report/2012/2012-1sapporo4.pdf,official_daily_result_pdf
201201010407,2012,札幌,1,4,7,2012-07-29,https://www.jra.go.jp/datafile/seiseki/report/2012/2012-1sapporo4.pdf,official_daily_result_pdf
201201010408,2012,札幌,1,4,8,2012-07-29,https://www.jra.go.jp/datafile/seiseki/report/2012/2012-1sapporo4.pdf,official_daily_result_pdf
201201010409,2012,札幌,1,4,9,2012-07-29,https://www.jra.go.jp/datafile/seiseki/report/2012/2012-1sapporo4.pdf,official_daily_result_pdf
201201010410,2012,札幌,1,4,10,2012-07-29,https://www.jra.go.jp/datafile/seiseki/report/2012/2012-1sapporo4.pdf,official_daily_result_pdf
201201010411,2012,札幌,1,4,11,2012-07-29,https://www.jra.go.jp/datafile/seiseki/report/2012/2012-1sapporo4.pdf,official_daily_result_pdf
201201010412,2012,札幌,1,4,12,2012-07-29,https://www.jra.go.jp/datafile/seiseki/report/2012/2012-1sapporo4.pdf,official_daily_result_pdf
201201010501,2012,札幌,1,5,1,2012-08-04,https://www.jra.go.jp/datafile/seiseki/report/2012/2012-1sapporo5.pdf,official_daily_result_pdf
201201010502,2012,札幌,1,5,2,2012-08-04,https://www.jra.go.jp/datafile/seiseki/report/2012/2012-1sapporo5.pdf,official_daily_result_pdf
201201010503,2012,札幌,1,5,3,2012-08-04,https://www.jra.go.jp/datafile/seiseki/report/2012/2012-1sapporo5.pdf,official_daily_result_pdf
201201010504,2012,札幌,1,5,4,2012-08-04,https://www.jra.go.jp/datafile/seiseki/report/2012/2012-1sapporo5.pdf,official_daily_result_pdf
201201010505,2012,札幌,1,5,5,2012-08-04,https://www.jra.go.jp/datafile/seiseki/report/2012/2012-1sapporo5.pdf,official_daily_result_pdf
201201010506,2012,札幌,1,5,6,2012-08-04,https://www.jra.go.jp/datafile/seiseki/report/2012/2012-1sapporo5.pdf,official_daily_result_pdf
201201010507,2012,札幌,1,5,7,2012-08-04,https://www.jra.go.jp/datafile/seiseki/report/2012/2012-1sapporo5.pdf,official_daily_result_pdf
201201010508,2012,札幌,1,5,8,2012-08-04,https://www.jra.go.jp/datafile/seiseki/report/2012/2012-1sapporo5.pdf,official_daily_result_pdf
201201010509,2012,札幌,1,5,9,2012-08-04,https://www.jra.go.jp/datafile/seiseki/report/2012/2012-1sapporo5.pdf,official_daily_result_pdf
201201010510,2012,札幌,1,5,10,2012-08-04,https://www.jra.go.jp/datafile/seiseki/report/2012/2012-1sapporo5.pdf,official_daily_result_pdf
201201010511,2012,札幌,1,5,11,2012-08-04,https://www.jra.go.jp/datafile/seiseki/report/2012/2012-1sapporo5.pdf,official_daily_result_pdf
201201010512,2012,札幌,1,5,12,2012-08-04,https://www.jra.go.jp/datafile/seiseki/report/2012/2012-1sapporo5.pdf,official_daily_result_pdf
201201010601,2012,札幌,1,6,1,2012-08-05,https://www.jra.go.jp/datafile/seiseki/report/2012/2012-1sapporo6.pdf,official_daily_result_pdf
201201010602,2012,札幌,1,6,2,2012-08-05,https://www.jra.go.jp/datafile/seiseki/report/2012/2012-1sapporo6.pdf,official_daily_result_pdf
201201010603,2012,札幌,1,6,3,2012-08-05,https://www.jra.go.jp/datafile/seiseki/report/2012/2012-1sapporo6.pdf,official_daily_result_pdf
201201010604,2012,札幌,1,6,4,2012-08-05,https://www.jra.go.jp/datafile/seiseki/report/2012/2012-1sapporo6.pdf,official_daily_result_pdf
201201010605,2012,札幌,1,6,5,2012-08-05,https://www.jra.go.jp/datafile/seiseki/report/2012/2012-1sapporo6.pdf,official_daily_result_pdf
201201010606,2012,札幌,1,6,6,2012-08-05,https://www.jra.go.jp/datafile/seiseki/report/2012/2012-1sapporo6.pdf,official_daily_result_pdf
201201010607,2012,札幌,1,6,7,2012-08-05,https://www.jra.go.jp/datafile/seiseki/report/2012/2012-1sapporo6.pdf,official_daily_result_pdf
201201010608,2012,札幌,1,6,8,2012-08-05,https://www.jra.go.jp/datafile/seiseki/report/2012/2012-1sapporo6.pdf,official_daily_result_pdf
201201010609,2012,札幌,1,6,9,2012-08-05,https://www.jra.go.jp/datafile/seiseki/report/2012/2012-1sapporo6.pdf,official_daily_result_pdf
201201010610,2012,札幌,1,6,10,2012-08-05,https://www.jra.go.jp/datafile/seiseki/report/2012/2012-1sapporo6.pdf,official_daily_result_pdf
201201010611,2012,札幌,1,6,11,2012-08-05,https://www.jra.go.jp/datafile/seiseki/report/2012/2012-1sapporo6.pdf,official_daily_result_pdf
201201010612,2012,札幌,1,6,12,2012-08-05,https://www.jra.go.jp/datafile/seiseki/report/2012/2012-1sapporo6.pdf,official_daily_result_pdf
201201010701,2012,札幌,1,7,1,2012-08-11,https://www.jra.go.jp/datafile/seiseki/report/2012/2012-1sapporo7.pdf,official_daily_result_pdf
201201010702,2012,札幌,1,7,2,2012-08-11,https://www.jra.go.jp/datafile/seiseki/report/2012/2012-1sapporo7.pdf,official_daily_result_pdf
201201010703,2012,札幌,1,7,3,2012-08-11,https://www.jra.go.jp/datafile/seiseki/report/2012/2012-1sapporo7.pdf,official_daily_result_pdf
201201010704,2012,札幌,1,7,4,2012-08-11,https://www.jra.go.jp/datafile/seiseki/report/2012/2012-1sapporo7.pdf,official_daily_result_pdf
201201010705,2012,札幌,1,7,5,2012-08-11,https://www.jra.go.jp/datafile/seiseki/report/2012/2012-1sapporo7.pdf,official_daily_result_pdf
201201010706,2012,札幌,1,7,6,2012-08-11,https://www.jra.go.jp/datafile/seiseki/report/2012/2012-1sapporo7.pdf,official_daily_result_pdf
201201010707,2012,札幌,1,7,7,2012-08-11,https://www.jra.go.jp/datafile/seiseki/report/2012/2012-1sapporo7.pdf,official_daily_result_pdf
201201010708,2012,札幌,1,7,8,2012-08-11,https://www.jra.go.jp/datafile/seiseki/report/2012/2012-1sapporo7.pdf,official_daily_result_pdf
201201010709,2012,札幌,1,7,9,2012-08-11,https://www.jra.go.jp/datafile/seiseki/report/2012/2012-1sapporo7.pdf,official_daily_result_pdf
201201010710,2012,札幌,1,7,10,2012-08-11,https://www.jra.go.jp/datafile/seiseki/report/2012/2012-1sapporo7.pdf,official_daily_result_pdf
201201010711,2012,札幌,1,7,11,2012-08-11,https://www.jra.go.jp/datafile/seiseki/report/2012/2012-1sapporo7.pdf,official_daily_result_pdf
201201010712,2012,札幌,1,7,12,2012-08-11,https://www.jra.go.jp/datafile/seiseki/report/2012/2012-1sapporo7.pdf,official_daily_result_pdf
201201010801,2012,札幌,1,8,1,2012-08-12,https://www.jra.go.jp/datafile/seiseki/report/2012/2012-1sapporo8.pdf,official_daily_result_pdf
201201010802,2012,札幌,1,8,2,2012-08-12,https://www.jra.go.jp/datafile/seiseki/report/2012/2012-1sapporo8.pdf,official_daily_result_pdf
201201010803,2012,札幌,1,8,3,2012-08-12,https://www.jra.go.jp/datafile/seiseki/report/2012/2012-1sapporo8.pdf,official_daily_result_pdf
201201010804,2012,札幌,1,8,4,2012-08-12,https://www.jra.go.jp/datafile/seiseki/report/2012/2012-1sapporo8.pdf,official_daily_result_pdf
201201010805,2012,札幌,1,8,5,2012-08-12,https://www.jra.go.jp/datafile/seiseki/report/2012/2012-1sapporo8.pdf,official_daily_result_pdf
201201010806,2012,札幌,1,8,6,2012-08-12,https://www.jra.go.jp/datafile/seiseki/report/2012/2012-1sapporo8.pdf,official_daily_result_pdf
201201010807,2012,札幌,1,8,7,2012-08-12,https://www.jra.go.jp/datafile/seiseki/report/2012/2012-1sapporo8.pdf,official_daily_result_pdf
201201010808,2012,札幌,1,8,8,2012-08-12,https://www.jra.go.jp/datafile/seiseki/report/2012/2012-1sapporo8.pdf,official_daily_result_pdf
201201010809,2012,札幌,1,8,9,2012-08-12,https://www.jra.go.jp/datafile/seiseki/report/2012/2012-1sapporo8.pdf,official_daily_result_pdf
201201010810,2012,札幌,1,8,10,2012-08-12,https://www.jra.go.jp/datafile/seiseki/report/2012/2012-1sapporo8.pdf,official_daily_result_pdf
201201010811,2012,札幌,1,8,11,2012-08-12,https://www.jra.go.jp/datafile/seiseki/report/2012/2012-1sapporo8.pdf,official_daily_result_pdf
201201010812,2012,札幌,1,8,12,2012-08-12,https://www.jra.go.jp/datafile/seiseki/report/2012/2012-1sapporo8.pdf,official_daily_result_pdf
201201020101,2012,札幌,2,1,1,2012-08-18,https://www.jra.go.jp/datafile/seiseki/report/2012/2012-2sapporo1.pdf,official_daily_result_pdf
201201020102,2012,札幌,2,1,2,2012-08-18,https://www.jra.go.jp/datafile/seiseki/report/2012/2012-2sapporo1.pdf,official_daily_result_pdf
201201020103,2012,札幌,2,1,3,2012-08-18,https://www.jra.go.jp/datafile/seiseki/report/2012/2012-2sapporo1.pdf,official_daily_result_pdf
201201020104,2012,札幌,2,1,4,2012-08-18,https://www.jra.go.jp/datafile/seiseki/report/2012/2012-2sapporo1.pdf,official_daily_result_pdf
201201020105,2012,札幌,2,1,5,2012-08-18,https://www.jra.go.jp/datafile/seiseki/report/2012/2012-2sapporo1.pdf,official_daily_result_pdf
201201020106,2012,札幌,2,1,6,2012-08-18,https://www.jra.go.jp/datafile/seiseki/report/2012/2012-2sapporo1.pdf,official_daily_result_pdf
201201020107,2012,札幌,2,1,7,2012-08-18,https://www.jra.go.jp/datafile/seiseki/report/2012/2012-2sapporo1.pdf,official_daily_result_pdf
201201020108,2012,札幌,2,1,8,2012-08-18,https://www.jra.go.jp/datafile/seiseki/report/2012/2012-2sapporo1.pdf,official_daily_result_pdf
201201020109,2012,札幌,2,1,9,2012-08-18,https://www.jra.go.jp/datafile/seiseki/report/2012/2012-2sapporo1.pdf,official_daily_result_pdf
201201020110,2012,札幌,2,1,10,2012-08-18,https://www.jra.go.jp/datafile/seiseki/report/2012/2012-2sapporo1.pdf,official_daily_result_pdf
201201020111,2012,札幌,2,1,11,2012-08-18,https://www.jra.go.jp/datafile/seiseki/report/2012/2012-2sapporo1.pdf,official_daily_result_pdf
201201020112,2012,札幌,2,1,12,2012-08-18,https://www.jra.go.jp/datafile/seiseki/report/2012/2012-2sapporo1.pdf,official_daily_result_pdf
201201020201,2012,札幌,2,2,1,2012-08-19,https://www.jra.go.jp/datafile/seiseki/report/2012/2012-2sapporo2.pdf,official_daily_result_pdf
201201020202,2012,札幌,2,2,2,2012-08-19,https://www.jra.go.jp/datafile/seiseki/report/2012/2012-2sapporo2.pdf,official_daily_result_pdf
201201020203,2012,札幌,2,2,3,2012-08-19,https://www.jra.go.jp/datafile/seiseki/report/2012/2012-2sapporo2.pdf,official_daily_result_pdf
201201020204,2012,札幌,2,2,4,2012-08-19,https://www.jra.go.jp/datafile/seiseki/report/2012/2012-2sapporo2.pdf,official_daily_result_pdf
201201020205,2012,札幌,2,2,5,2012-08-19,https://www.jra.go.jp/datafile/seiseki/report/2012/2012-2sapporo2.pdf,official_daily_result_pdf
201201020206,2012,札幌,2,2,6,2012-08-19,https://www.jra.go.jp/datafile/seiseki/report/2012/2012-2sapporo2.pdf,official_daily_result_pdf
201201020207,2012,札幌,2,2,7,2012-08-19,https://www.jra.go.jp/datafile/seiseki/report/2012/2012-2sapporo2.pdf,official_daily_result_pdf
201201020208,2012,札幌,2,2,8,2012-08-19,https://www.jra.go.jp/datafile/seiseki/report/2012/2012-2sapporo2.pdf,official_daily_result_pdf
201201020209,2012,札幌,2,2,9,2012-08-19,https://www.jra.go.jp/datafile/seiseki/report/2012/2012-2sapporo2.pdf,official_daily_result_pdf
201201020210,2012,札幌,2,2,10,2012-08-19,https://www.jra.go.jp/datafile/seiseki/report/2012/2012-2sapporo2.pdf,official_daily_result_pdf
201201020211,2012,札幌,2,2,11,2012-08-19,https://www.jra.go.jp/datafile/seiseki/report/2012/2012-2sapporo2.pdf,official_daily_result_pdf
201201020212,2012,札幌,2,2,12,2012-08-19,https://www.jra.go.jp/datafile/seiseki/report/2012/2012-2sapporo2.pdf,official_daily_result_pdf
201201020301,2012,札幌,2,3,1,2012-08-25,https://www.jra.go.jp/datafile/seiseki/report/2012/2012-2sapporo3.pdf,official_daily_result_pdf
201201020302,2012,札幌,2,3,2,2012-08-25,https://www.jra.go.jp/datafile/seiseki/report/2012/2012-2sapporo3.pdf,official_daily_result_pdf
201201020303,2012,札幌,2,3,3,2012-08-25,https://www.jra.go.jp/datafile/seiseki/report/2012/2012-2sapporo3.pdf,official_daily_result_pdf
201201020304,2012,札幌,2,3,4,2012-08-25,https://www.jra.go.jp/datafile/seiseki/report/2012/2012-2sapporo3.pdf,official_daily_result_pdf
201201020305,2012,札幌,2,3,5,2012-08-25,https://www.jra.go.jp/datafile/seiseki/report/2012/2012-2sapporo3.pdf,official_daily_result_pdf
201201020306,2012,札幌,2,3,6,2012-08-25,https://www.jra.go.jp/datafile/seiseki/report/2012/2012-2sapporo3.pdf,official_daily_result_pdf
201201020307,2012,札幌,2,3,7,2012-08-25,https://www.jra.go.jp/datafile/seiseki/report/2012/2012-2sapporo3.pdf,official_daily_result_pdf
201201020308,2012,札幌,2,3,8,2012-08-25,https://www.jra.go.jp/datafile/seiseki/report/2012/2012-2sapporo3.pdf,official_daily_result_pdf
201201020309,2012,札幌,2,3,9,2012-08-25,https://www.jra.go.jp/datafile/seiseki/report/2012/2012-2sapporo3.pdf,official_daily_result_pdf
201201020310,2012,札幌,2,3,10,2012-08-25,https://www.jra.go.jp/datafile/seiseki/report/2012/2012-2sapporo3.pdf,official_daily_result_pdf
201201020311,2012,札幌,2,3,11,2012-08-25,https://www.jra.go.jp/datafile/seiseki/report/2012/2012-2sapporo3.pdf,official_daily_result_pdf
201201020312,2012,札幌,2,3,12,2012-08-25,https://www.jra.go.jp/datafile/seiseki/report/2012/2012-2sapporo3.pdf,official_daily_result_pdf
201201020401,2012,札幌,2,4,1,2012-08-26,https://www.jra.go.jp/datafile/seiseki/report/2012/2012-2sapporo4.pdf,official_daily_result_pdf
201201020402,2012,札幌,2,4,2,2012-08-26,https://www.jra.go.jp/datafile/seiseki/report/2012/2012-2sapporo4.pdf,official_daily_result_pdf
201201020403,2012,札幌,2,4,3,2012-08-26,https://www.jra.go.jp/datafile/seiseki/report/2012/2012-2sapporo4.pdf,official_daily_result_pdf
201201020404,2012,札幌,2,4,4,2012-08-26,https://www.jra.go.jp/datafile/seiseki/report/2012/2012-2sapporo4.pdf,official_daily_result_pdf
201201020405,2012,札幌,2,4,5,2012-08-26,https://www.jra.go.jp/datafile/seiseki/report/2012/2012-2sapporo4.pdf,official_daily_result_pdf
201201020406,2012,札幌,2,4,6,2012-08-26,https://www.jra.go.jp/datafile/seiseki/report/2012/2012-2sapporo4.pdf,official_daily_result_pdf
201201020407,2012,札幌,2,4,7,2012-08-26,https://www.jra.go.jp/datafile/seiseki/report/2012/2012-2sapporo4.pdf,official_daily_result_pdf
201201020408,2012,札幌,2,4,8,2012-08-26,https://www.jra.go.jp/datafile/seiseki/report/2012/2012-2sapporo4.pdf,official_daily_result_pdf
201201020409,2012,札幌,2,4,9,2012-08-26,https://www.jra.go.jp/datafile/seiseki/report/2012/2012-2sapporo4.pdf,official_daily_result_pdf
201201020410,2012,札幌,2,4,10,2012-08-26,https://www.jra.go.jp/datafile/seiseki/report/2012/2012-2sapporo4.pdf,official_daily_result_pdf
201201020411,2012,札幌,2,4,11,2012-08-26,https://www.jra.go.jp/datafile/seiseki/report/2012/2012-2sapporo4.pdf,official_daily_result_pdf
201201020412,2012,札幌,2,4,12,2012-08-26,https://www.jra.go.jp/datafile/seiseki/report/2012/2012-2sapporo4.pdf,official_daily_result_pdf
201201020501,2012,札幌,2,5,1,2012-09-01,https://www.jra.go.jp/datafile/seiseki/report/2012/2012-2sapporo5.pdf,official_daily_result_pdf
201201020502,2012,札幌,2,5,2,2012-09-01,https://www.jra.go.jp/datafile/seiseki/report/2012/2012-2sapporo5.pdf,official_daily_result_pdf
201201020503,2012,札幌,2,5,3,2012-09-01,https://www.jra.go.jp/datafile/seiseki/report/2012/2012-2sapporo5.pdf,official_daily_result_pdf
201201020504,2012,札幌,2,5,4,2012-09-01,https://www.jra.go.jp/datafile/seiseki/report/2012/2012-2sapporo5.pdf,official_daily_result_pdf
201201020505,2012,札幌,2,5,5,2012-09-01,https://www.jra.go.jp/datafile/seiseki/report/2012/2012-2sapporo5.pdf,official_daily_result_pdf
201201020506,2012,札幌,2,5,6,2012-09-01,https://www.jra.go.jp/datafile/seiseki/report/2012/2012-2sapporo5.pdf,official_daily_result_pdf
201201020507,2012,札幌,2,5,7,2012-09-01,https://www.jra.go.jp/datafile/seiseki/report/2012/2012-2sapporo5.pdf,official_daily_result_pdf
201201020508,2012,札幌,2,5,8,2012-09-01,https://www.jra.go.jp/datafile/seiseki/report/2012/2012-2sapporo5.pdf,official_daily_result_pdf
201201020509,2012,札幌,2,5,9,2012-09-01,https://www.jra.go.jp/datafile/seiseki/report/2012/2012-2sapporo5.pdf,official_daily_result_pdf
201201020510,2012,札幌,2,5,10,2012-09-01,https://www.jra.go.jp/datafile/seiseki/report/2012/2012-2sapporo5.pdf,official_daily_result_pdf
201201020511,2012,札幌,2,5,11,2012-09-01,https://www.jra.go.jp/datafile/seiseki/report/2012/2012-2sapporo5.pdf,official_daily_result_pdf
201201020512,2012,札幌,2,5,12,2012-09-01,https://www.jra.go.jp/datafile/seiseki/report/2012/2012-2sapporo5.pdf,official_daily_result_pdf
201201020601,2012,札幌,2,6,1,2012-09-02,https://www.jra.go.jp/datafile/seiseki/report/2012/2012-2sapporo6.pdf,official_daily_result_pdf
201201020602,2012,札幌,2,6,2,2012-09-02,https://www.jra.go.jp/datafile/seiseki/report/2012/2012-2sapporo6.pdf,official_daily_result_pdf
201201020603,2012,札幌,2,6,3,2012-09-02,https://www.jra.go.jp/datafile/seiseki/report/2012/2012-2sapporo6.pdf,official_daily_result_pdf
201201020604,2012,札幌,2,6,4,2012-09-02,https://www.jra.go.jp/datafile/seiseki/report/2012/2012-2sapporo6.pdf,official_daily_result_pdf
201201020605,2012,札幌,2,6,5,2012-09-02,https://www.jra.go.jp/datafile/seiseki/report/2012/2012-2sapporo6.pdf,official_daily_result_pdf
201201020606,2012,札幌,2,6,6,2012-09-02,https://www.jra.go.jp/datafile/seiseki/report/2012/2012-2sapporo6.pdf,official_daily_result_pdf
201201020607,2012,札幌,2,6,7,2012-09-02,https://www.jra.go.jp/datafile/seiseki/report/2012/2012-2sapporo6.pdf,official_daily_result_pdf
201201020608,2012,札幌,2,6,8,2012-09-02,https://www.jra.go.jp/datafile/seiseki/report/2012/2012-2sapporo6.pdf,official_daily_result_pdf
201201020609,2012,札幌,2,6,9,2012-09-02,https://www.jra.go.jp/datafile/seiseki/report/2012/2012-2sapporo6.pdf,official_daily_result_pdf
201201020610,2012,札幌,2,6,10,2012-09-02,https://www.jra.go.jp/datafile/seiseki/report/2012/2012-2sapporo6.pdf,official_daily_result_pdf
201201020611,2012,札幌,2,6,11,2012-09-02,https://www.jra.go.jp/datafile/seiseki/report/2012/2012-2sapporo6.pdf,official_daily_result_pdf
201201020612,2012,札幌,2,6,12,2012-09-02,https://www.jra.go.jp/datafile/seiseki/report/2012/2012-2sapporo6.pdf,official_daily_result_pdf
201202010101,2012,函館,1,1,1,2012-06-09,https://www.jra.go.jp/datafile/seiseki/report/2012/2012-1hakodate1.pdf,official_daily_result_pdf
201202010102,2012,函館,1,1,2,2012-06-09,https://www.jra.go.jp/datafile/seiseki/report/2012/2012-1hakodate1.pdf,official_daily_result_pdf
201202010103,2012,函館,1,1,3,2012-06-09,https://www.jra.go.jp/datafile/seiseki/report/2012/2012-1hakodate1.pdf,official_daily_result_pdf
201202010104,2012,函館,1,1,4,2012-06-09,https://www.jra.go.jp/datafile/seiseki/report/2012/2012-1hakodate1.pdf,official_daily_result_pdf
201202010105,2012,函館,1,1,5,2012-06-09,https://www.jra.go.jp/datafile/seiseki/report/2012/2012-1hakodate1.pdf,official_daily_result_pdf
201202010106,2012,函館,1,1,6,2012-06-09,https://www.jra.go.jp/datafile/seiseki/report/2012/2012-1hakodate1.pdf,official_daily_result_pdf
201202010107,2012,函館,1,1,7,2012-06-09,https://www.jra.go.jp/datafile/seiseki/report/2012/2012-1hakodate1.pdf,official_daily_result_pdf
201202010108,2012,函館,1,1,8,2012-06-09,https://www.jra.go.jp/datafile/seiseki/report/2012/2012-1hakodate1.pdf,official_daily_result_pdf
201202010109,2012,函館,1,1,9,2012-06-09,https://www.jra.go.jp/datafile/seiseki/report/2012/2012-1hakodate1.pdf,official_daily_result_pdf
201202010110,2012,函館,1,1,10,2012-06-09,https://www.jra.go.jp/datafile/seiseki/report/2012/2012-1hakodate1.pdf,official_daily_result_pdf
201202010111,2012,函館,1,1,11,2012-06-09,https://www.jra.go.jp/datafile/seiseki/report/2012/2012-1hakodate1.pdf,official_daily_result_pdf
201202010112,2012,函館,1,1,12,2012-06-09,https://www.jra.go.jp/datafile/seiseki/report/2012/2012-1hakodate1.pdf,official_daily_result_pdf
201202010201,2012,函館,1,2,1,2012-06-10,https://www.jra.go.jp/datafile/seiseki/report/2012/2012-1hakodate2.pdf,official_daily_result_pdf
201202010202,2012,函館,1,2,2,2012-06-10,https://www.jra.go.jp/datafile/seiseki/report/2012/2012-1hakodate2.pdf,official_daily_result_pdf
201202010203,2012,函館,1,2,3,2012-06-10,https://www.jra.go.jp/datafile/seiseki/report/2012/2012-1hakodate2.pdf,official_daily_result_pdf
201202010204,2012,函館,1,2,4,2012-06-10,https://www.jra.go.jp/datafile/seiseki/report/2012/2012-1hakodate2.pdf,official_daily_result_pdf
201202010205,2012,函館,1,2,5,2012-06-10,https://www.jra.go.jp/datafile/seiseki/report/2012/2012-1hakodate2.pdf,official_daily_result_pdf
201202010206,2012,函館,1,2,6,2012-06-10,https://www.jra.go.jp/datafile/seiseki/report/2012/2012-1hakodate2.pdf,official_daily_result_pdf
201202010207,2012,函館,1,2,7,2012-06-10,https://www.jra.go.jp/datafile/seiseki/report/2012/2012-1hakodate2.pdf,official_daily_result_pdf
201202010208,2012,函館,1,2,8,2012-06-10,https://www.jra.go.jp/datafile/seiseki/report/2012/2012-1hakodate2.pdf,official_daily_result_pdf
201202010209,2012,函館,1,2,9,2012-06-10,https://www.jra.go.jp/datafile/seiseki/report/2012/2012-1hakodate2.pdf,official_daily_result_pdf
201202010210,2012,函館,1,2,10,2012-06-10,https://www.jra.go.jp/datafile/seiseki/report/2012/2012-1hakodate2.pdf,official_daily_result_pdf
201202010211,2012,函館,1,2,11,2012-06-10,https://www.jra.go.jp/datafile/seiseki/report/2012/2012-1hakodate2.pdf,official_daily_result_pdf
201202010212,2012,函館,1,2,12,2012-06-10,https://www.jra.go.jp/datafile/seiseki/report/2012/2012-1hakodate2.pdf,official_daily_result_pdf
201202010301,2012,函館,1,3,1,2012-06-16,https://www.jra.go.jp/datafile/seiseki/report/2012/2012-1hakodate3.pdf,official_daily_result_pdf
201202010302,2012,函館,1,3,2,2012-06-16,https://www.jra.go.jp/datafile/seiseki/report/2012/2012-1hakodate3.pdf,official_daily_result_pdf
201202010303,2012,函館,1,3,3,2012-06-16,https://www.jra.go.jp/datafile/seiseki/report/2012/2012-1hakodate3.pdf,official_daily_result_pdf
201202010304,2012,函館,1,3,4,2012-06-16,https://www.jra.go.jp/datafile/seiseki/report/2012/2012-1hakodate3.pdf,official_daily_result_pdf
201202010305,2012,函館,1,3,5,2012-06-16,https://www.jra.go.jp/datafile/seiseki/report/2012/2012-1hakodate3.pdf,official_daily_result_pdf
201202010306,2012,函館,1,3,6,2012-06-16,https://www.jra.go.jp/datafile/seiseki/report/2012/2012-1hakodate3.pdf,official_daily_result_pdf
201202010307,2012,函館,1,3,7,2012-06-16,https://www.jra.go.jp/datafile/seiseki/report/2012/2012-1hakodate3.pdf,official_daily_result_pdf
201202010308,2012,函館,1,3,8,2012-06-16,https://www.jra.go.jp/datafile/seiseki/report/2012/2012-1hakodate3.pdf,official_daily_result_pdf
201202010309,2012,函館,1,3,9,2012-06-16,https://www.jra.go.jp/datafile/seiseki/report/2012/2012-1hakodate3.pdf,official_daily_result_pdf
201202010310,2012,函館,1,3,10,2012-06-16,https://www.jra.go.jp/datafile/seiseki/report/2012/2012-1hakodate3.pdf,official_daily_result_pdf
201202010311,2012,函館,1,3,11,2012-06-16,https://www.jra.go.jp/datafile/seiseki/report/2012/2012-1hakodate3.pdf,official_daily_result_pdf
201202010312,2012,函館,1,3,12,2012-06-16,https://www.jra.go.jp/datafile/seiseki/report/2012/2012-1hakodate3.pdf,official_daily_result_pdf
201202010401,2012,函館,1,4,1,2012-06-17,https://www.jra.go.jp/datafile/seiseki/report/2012/2012-1hakodate4.pdf,official_daily_result_pdf
201202010402,2012,函館,1,4,2,2012-06-17,https://www.jra.go.jp/datafile/seiseki/report/2012/2012-1hakodate4.pdf,official_daily_result_pdf
201202010403,2012,函館,1,4,3,2012-06-17,https://www.jra.go.jp/datafile/seiseki/report/2012/2012-1hakodate4.pdf,official_daily_result_pdf
201202010404,2012,函館,1,4,4,2012-06-17,https://www.jra.go.jp/datafile/seiseki/report/2012/2012-1hakodate4.pdf,official_daily_result_pdf
201202010405,2012,函館,1,4,5,2012-06-17,https://www.jra.go.jp/datafile/seiseki/report/2012/2012-1hakodate4.pdf,official_daily_result_pdf
201202010406,2012,函館,1,4,6,2012-06-17,https://www.jra.go.jp/datafile/seiseki/report/2012/2012-1hakodate4.pdf,official_daily_result_pdf
201202010407,2012,函館,1,4,7,2012-06-17,https://www.jra.go.jp/datafile/seiseki/report/2012/2012-1hakodate4.pdf,official_daily_result_pdf
201202010408,2012,函館,1,4,8,2012-06-17,https://www.jra.go.jp/datafile/seiseki/report/2012/2012-1hakodate4.pdf,official_daily_result_pdf
201202010409,2012,函館,1,4,9,2012-06-17,https://www.jra.go.jp/datafile/seiseki/report/2012/2012-1hakodate4.pdf,official_daily_result_pdf
201202010410,2012,函館,1,4,10,2012-06-17,https://www.jra.go.jp/datafile/seiseki/report/2012/2012-1hakodate4.pdf,official_daily_result_pdf
201202010411,2012,函館,1,4,11,2012-06-17,https://www.jra.go.jp/datafile/seiseki/report/2012/2012-1hakodate4.pdf,official_daily_result_pdf
201202010412,2012,函館,1,4,12,2012-06-17,https://www.jra.go.jp/datafile/seiseki/report/2012/2012-1hakodate4.pdf,official_daily_result_pdf
201202010501,2012,函館,1,5,1,2012-06-23,https://www.jra.go.jp/datafile/seiseki/report/2012/2012-1hakodate5.pdf,official_daily_result_pdf
201202010502,2012,函館,1,5,2,2012-06-23,https://www.jra.go.jp/datafile/seiseki/report/2012/2012-1hakodate5.pdf,official_daily_result_pdf
201202010503,2012,函館,1,5,3,2012-06-23,https://www.jra.go.jp/datafile/seiseki/report/2012/2012-1hakodate5.pdf,official_daily_result_pdf
201202010504,2012,函館,1,5,4,2012-06-23,https://www.jra.go.jp/datafile/seiseki/report/2012/2012-1hakodate5.pdf,official_daily_result_pdf
201202010505,2012,函館,1,5,5,2012-06-23,https://www.jra.go.jp/datafile/seiseki/report/2012/2012-1hakodate5.pdf,official_daily_result_pdf
201202010506,2012,函館,1,5,6,2012-06-23,https://www.jra.go.jp/datafile/seiseki/report/2012/2012-1hakodate5.pdf,official_daily_result_pdf
201202010507,2012,函館,1,5,7,2012-06-23,https://www.jra.go.jp/datafile/seiseki/report/2012/2012-1hakodate5.pdf,official_daily_result_pdf
201202010508,2012,函館,1,5,8,2012-06-23,https://www.jra.go.jp/datafile/seiseki/report/2012/2012-1hakodate5.pdf,official_daily_result_pdf
201202010509,2012,函館,1,5,9,2012-06-23,https://www.jra.go.jp/datafile/seiseki/report/2012/2012-1hakodate5.pdf,official_daily_result_pdf
201202010510,2012,函館,1,5,10,2012-06-23,https://www.jra.go.jp/datafile/seiseki/report/2012/2012-1hakodate5.pdf,official_daily_result_pdf
201202010511,2012,函館,1,5,11,2012-06-23,https://www.jra.go.jp/datafile/seiseki/report/2012/2012-1hakodate5.pdf,official_daily_result_pdf
201202010512,2012,函館,1,5,12,2012-06-23,https://www.jra.go.jp/datafile/seiseki/report/2012/2012-1hakodate5.pdf,official_daily_result_pdf
201202010601,2012,函館,1,6,1,2012-06-24,https://www.jra.go.jp/datafile/seiseki/report/2012/2012-1hakodate6.pdf,official_daily_result_pdf
201202010602,2012,函館,1,6,2,2012-06-24,https://www.jra.go.jp/datafile/seiseki/report/2012/2012-1hakodate6.pdf,official_daily_result_pdf
201202010603,2012,函館,1,6,3,2012-06-24,https://www.jra.go.jp/datafile/seiseki/report/2012/2012-1hakodate6.pdf,official_daily_result_pdf
201202010604,2012,函館,1,6,4,2012-06-24,https://www.jra.go.jp/datafile/seiseki/report/2012/2012-1hakodate6.pdf,official_daily_result_pdf
201202010605,2012,函館,1,6,5,2012-06-24,https://www.jra.go.jp/datafile/seiseki/report/2012/2012-1hakodate6.pdf,official_daily_result_pdf
201202010606,2012,函館,1,6,6,2012-06-24,https://www.jra.go.jp/datafile/seiseki/report/2012/2012-1hakodate6.pdf,official_daily_result_pdf
201202010607,2012,函館,1,6,7,2012-06-24,https://www.jra.go.jp/datafile/seiseki/report/2012/2012-1hakodate6.pdf,official_daily_result_pdf
201202010608,2012,函館,1,6,8,2012-06-24,https://www.jra.go.jp/datafile/seiseki/report/2012/2012-1hakodate6.pdf,official_daily_result_pdf
201202010609,2012,函館,1,6,9,2012-06-24,https://www.jra.go.jp/datafile/seiseki/report/2012/2012-1hakodate6.pdf,official_daily_result_pdf
201202010610,2012,函館,1,6,10,2012-06-24,https://www.jra.go.jp/datafile/seiseki/report/2012/2012-1hakodate6.pdf,official_daily_result_pdf
201202010611,2012,函館,1,6,11,2012-06-24,https://www.jra.go.jp/datafile/seiseki/report/2012/2012-1hakodate6.pdf,official_daily_result_pdf
201202010612,2012,函館,1,6,12,2012-06-24,https://www.jra.go.jp/datafile/seiseki/report/2012/2012-1hakodate6.pdf,official_daily_result_pdf
201202020101,2012,函館,2,1,1,2012-06-30,https://www.jra.go.jp/datafile/seiseki/report/2012/2012-2hakodate1.pdf,official_daily_result_pdf
201202020102,2012,函館,2,1,2,2012-06-30,https://www.jra.go.jp/datafile/seiseki/report/2012/2012-2hakodate1.pdf,official_daily_result_pdf
201202020103,2012,函館,2,1,3,2012-06-30,https://www.jra.go.jp/datafile/seiseki/report/2012/2012-2hakodate1.pdf,official_daily_result_pdf
201202020104,2012,函館,2,1,4,2012-06-30,https://www.jra.go.jp/datafile/seiseki/report/2012/2012-2hakodate1.pdf,official_daily_result_pdf
201202020105,2012,函館,2,1,5,2012-06-30,https://www.jra.go.jp/datafile/seiseki/report/2012/2012-2hakodate1.pdf,official_daily_result_pdf
201202020106,2012,函館,2,1,6,2012-06-30,https://www.jra.go.jp/datafile/seiseki/report/2012/2012-2hakodate1.pdf,official_daily_result_pdf
201202020107,2012,函館,2,1,7,2012-06-30,https://www.jra.go.jp/datafile/seiseki/report/2012/2012-2hakodate1.pdf,official_daily_result_pdf
201202020108,2012,函館,2,1,8,2012-06-30,https://www.jra.go.jp/datafile/seiseki/report/2012/2012-2hakodate1.pdf,official_daily_result_pdf
201202020109,2012,函館,2,1,9,2012-06-30,https://www.jra.go.jp/datafile/seiseki/report/2012/2012-2hakodate1.pdf,official_daily_result_pdf
201202020110,2012,函館,2,1,10,2012-06-30,https://www.jra.go.jp/datafile/seiseki/report/2012/2012-2hakodate1.pdf,official_daily_result_pdf
201202020111,2012,函館,2,1,11,2012-06-30,https://www.jra.go.jp/datafile/seiseki/report/2012/2012-2hakodate1.pdf,official_daily_result_pdf
201202020112,2012,函館,2,1,12,2012-06-30,https://www.jra.go.jp/datafile/seiseki/report/2012/2012-2hakodate1.pdf,official_daily_result_pdf
201202020201,2012,函館,2,2,1,2012-07-01,https://www.jra.go.jp/datafile/seiseki/report/2012/2012-2hakodate2.pdf,official_daily_result_pdf
201202020202,2012,函館,2,2,2,2012-07-01,https://www.jra.go.jp/datafile/seiseki/report/2012/2012-2hakodate2.pdf,official_daily_result_pdf
201202020203,2012,函館,2,2,3,2012-07-01,https://www.jra.go.jp/datafile/seiseki/report/2012/2012-2hakodate2.pdf,official_daily_result_pdf
201202020204,2012,函館,2,2,4,2012-07-01,https://www.jra.go.jp/datafile/seiseki/report/2012/2012-2hakodate2.pdf,official_daily_result_pdf
201202020205,2012,函館,2,2,5,2012-07-01,https://www.jra.go.jp/datafile/seiseki/report/2012/2012-2hakodate2.pdf,official_daily_result_pdf
201202020206,2012,函館,2,2,6,2012-07-01,https://www.jra.go.jp/datafile/seiseki/report/2012/2012-2hakodate2.pdf,official_daily_result_pdf
201202020207,2012,函館,2,2,7,2012-07-01,https://www.jra.go.jp/datafile/seiseki/report/2012/2012-2hakodate2.pdf,official_daily_result_pdf
201202020208,2012,函館,2,2,8,2012-07-01,https://www.jra.go.jp/datafile/seiseki/report/2012/2012-2hakodate2.pdf,official_daily_result_pdf
201202020209,2012,函館,2,2,9,2012-07-01,https://www.jra.go.jp/datafile/seiseki/report/2012/2012-2hakodate2.pdf,official_daily_result_pdf
201202020210,2012,函館,2,2,10,2012-07-01,https://www.jra.go.jp/datafile/seiseki/report/2012/2012-2hakodate2.pdf,official_daily_result_pdf
201202020211,2012,函館,2,2,11,2012-07-01,https://www.jra.go.jp/datafile/seiseki/report/2012/2012-2hakodate2.pdf,official_daily_result_pdf
201202020212,2012,函館,2,2,12,2012-07-01,https://www.jra.go.jp/datafile/seiseki/report/2012/2012-2hakodate2.pdf,official_daily_result_pdf
201202020301,2012,函館,2,3,1,2012-07-07,https://www.jra.go.jp/datafile/seiseki/report/2012/2012-2hakodate3.pdf,official_daily_result_pdf
201202020302,2012,函館,2,3,2,2012-07-07,https://www.jra.go.jp/datafile/seiseki/report/2012/2012-2hakodate3.pdf,official_daily_result_pdf
201202020303,2012,函館,2,3,3,2012-07-07,https://www.jra.go.jp/datafile/seiseki/report/2012/2012-2hakodate3.pdf,official_daily_result_pdf
201202020304,2012,函館,2,3,4,2012-07-07,https://www.jra.go.jp/datafile/seiseki/report/2012/2012-2hakodate3.pdf,official_daily_result_pdf
201202020305,2012,函館,2,3,5,2012-07-07,https://www.jra.go.jp/datafile/seiseki/report/2012/2012-2hakodate3.pdf,official_daily_result_pdf
201202020306,2012,函館,2,3,6,2012-07-07,https://www.jra.go.jp/datafile/seiseki/report/2012/2012-2hakodate3.pdf,official_daily_result_pdf
201202020307,2012,函館,2,3,7,2012-07-07,https://www.jra.go.jp/datafile/seiseki/report/2012/2012-2hakodate3.pdf,official_daily_result_pdf
201202020308,2012,函館,2,3,8,2012-07-07,https://www.jra.go.jp/datafile/seiseki/report/2012/2012-2hakodate3.pdf,official_daily_result_pdf
201202020309,2012,函館,2,3,9,2012-07-07,https://www.jra.go.jp/datafile/seiseki/report/2012/2012-2hakodate3.pdf,official_daily_result_pdf
201202020310,2012,函館,2,3,10,2012-07-07,https://www.jra.go.jp/datafile/seiseki/report/2012/2012-2hakodate3.pdf,official_daily_result_pdf
201202020311,2012,函館,2,3,11,2012-07-07,https://www.jra.go.jp/datafile/seiseki/report/2012/2012-2hakodate3.pdf,official_daily_result_pdf
201202020312,2012,函館,2,3,12,2012-07-07,https://www.jra.go.jp/datafile/seiseki/report/2012/2012-2hakodate3.pdf,official_daily_result_pdf
201202020401,2012,函館,2,4,1,2012-07-08,https://www.jra.go.jp/datafile/seiseki/report/2012/2012-2hakodate4.pdf,official_daily_result_pdf
201202020402,2012,函館,2,4,2,2012-07-08,https://www.jra.go.jp/datafile/seiseki/report/2012/2012-2hakodate4.pdf,official_daily_result_pdf
201202020403,2012,函館,2,4,3,2012-07-08,https://www.jra.go.jp/datafile/seiseki/report/2012/2012-2hakodate4.pdf,official_daily_result_pdf
201202020404,2012,函館,2,4,4,2012-07-08,https://www.jra.go.jp/datafile/seiseki/report/2012/2012-2hakodate4.pdf,official_daily_result_pdf
201202020405,2012,函館,2,4,5,2012-07-08,https://www.jra.go.jp/datafile/seiseki/report/2012/2012-2hakodate4.pdf,official_daily_result_pdf
201202020406,2012,函館,2,4,6,2012-07-08,https://www.jra.go.jp/datafile/seiseki/report/2012/2012-2hakodate4.pdf,official_daily_result_pdf
201202020407,2012,函館,2,4,7,2012-07-08,https://www.jra.go.jp/datafile/seiseki/report/2012/2012-2hakodate4.pdf,official_daily_result_pdf
201202020408,2012,函館,2,4,8,2012-07-08,https://www.jra.go.jp/datafile/seiseki/report/2012/2012-2hakodate4.pdf,official_daily_result_pdf
201202020409,2012,函館,2,4,9,2012-07-08,https://www.jra.go.jp/datafile/seiseki/report/2012/2012-2hakodate4.pdf,official_daily_result_pdf
201202020410,2012,函館,2,4,10,2012-07-08,https://www.jra.go.jp/datafile/seiseki/report/2012/2012-2hakodate4.pdf,official_daily_result_pdf
201202020411,2012,函館,2,4,11,2012-07-08,https://www.jra.go.jp/datafile/seiseki/report/2012/2012-2hakodate4.pdf,official_daily_result_pdf
201202020412,2012,函館,2,4,12,2012-07-08,https://www.jra.go.jp/datafile/seiseki/report/2012/2012-2hakodate4.pdf,official_daily_result_pdf
201202020501,2012,函館,2,5,1,2012-07-14,https://www.jra.go.jp/datafile/seiseki/report/2012/2012-2hakodate5.pdf,official_daily_result_pdf
201202020502,2012,函館,2,5,2,2012-07-14,https://www.jra.go.jp/datafile/seiseki/report/2012/2012-2hakodate5.pdf,official_daily_result_pdf
201202020503,2012,函館,2,5,3,2012-07-14,https://www.jra.go.jp/datafile/seiseki/report/2012/2012-2hakodate5.pdf,official_daily_result_pdf
201202020504,2012,函館,2,5,4,2012-07-14,https://www.jra.go.jp/datafile/seiseki/report/2012/2012-2hakodate5.pdf,official_daily_result_pdf
201202020505,2012,函館,2,5,5,2012-07-14,https://www.jra.go.jp/datafile/seiseki/report/2012/2012-2hakodate5.pdf,official_daily_result_pdf
201202020506,2012,函館,2,5,6,2012-07-14,https://www.jra.go.jp/datafile/seiseki/report/2012/2012-2hakodate5.pdf,official_daily_result_pdf
201202020507,2012,函館,2,5,7,2012-07-14,https://www.jra.go.jp/datafile/seiseki/report/2012/2012-2hakodate5.pdf,official_daily_result_pdf
201202020508,2012,函館,2,5,8,2012-07-14,https://www.jra.go.jp/datafile/seiseki/report/2012/2012-2hakodate5.pdf,official_daily_result_pdf
201202020509,2012,函館,2,5,9,2012-07-14,https://www.jra.go.jp/datafile/seiseki/report/2012/2012-2hakodate5.pdf,official_daily_result_pdf
201202020510,2012,函館,2,5,10,2012-07-14,https://www.jra.go.jp/datafile/seiseki/report/2012/2012-2hakodate5.pdf,official_daily_result_pdf
201202020511,2012,函館,2,5,11,2012-07-14,https://www.jra.go.jp/datafile/seiseki/report/2012/2012-2hakodate5.pdf,official_daily_result_pdf
201202020512,2012,函館,2,5,12,2012-07-14,https://www.jra.go.jp/datafile/seiseki/report/2012/2012-2hakodate5.pdf,official_daily_result_pdf
201202020601,2012,函館,2,6,1,2012-07-15,https://www.jra.go.jp/datafile/seiseki/report/2012/2012-2hakodate6.pdf,official_daily_result_pdf
201202020602,2012,函館,2,6,2,2012-07-15,https://www.jra.go.jp/datafile/seiseki/report/2012/2012-2hakodate6.pdf,official_daily_result_pdf
201202020603,2012,函館,2,6,3,2012-07-15,https://www.jra.go.jp/datafile/seiseki/report/2012/2012-2hakodate6.pdf,official_daily_result_pdf
201202020604,2012,函館,2,6,4,2012-07-15,https://www.jra.go.jp/datafile/seiseki/report/2012/2012-2hakodate6.pdf,official_daily_result_pdf
201202020605,2012,函館,2,6,5,2012-07-15,https://www.jra.go.jp/datafile/seiseki/report/2012/2012-2hakodate6.pdf,official_daily_result_pdf
201202020606,2012,函館,2,6,6,2012-07-15,https://www.jra.go.jp/datafile/seiseki/report/2012/2012-2hakodate6.pdf,official_daily_result_pdf
201202020607,2012,函館,2,6,7,2012-07-15,https://www.jra.go.jp/datafile/seiseki/report/2012/2012-2hakodate6.pdf,official_daily_result_pdf
201202020608,2012,函館,2,6,8,2012-07-15,https://www.jra.go.jp/datafile/seiseki/report/2012/2012-2hakodate6.pdf,official_daily_result_pdf
201202020609,2012,函館,2,6,9,2012-07-15,https://www.jra.go.jp/datafile/seiseki/report/2012/2012-2hakodate6.pdf,official_daily_result_pdf
201202020610,2012,函館,2,6,10,2012-07-15,https://www.jra.go.jp/datafile/seiseki/report/2012/2012-2hakodate6.pdf,official_daily_result_pdf
201202020611,2012,函館,2,6,11,2012-07-15,https://www.jra.go.jp/datafile/seiseki/report/2012/2012-2hakodate6.pdf,official_daily_result_pdf
201202020612,2012,函館,2,6,12,2012-07-15,https://www.jra.go.jp/datafile/seiseki/report/2012/2012-2hakodate6.pdf,official_daily_result_pdf
201203010101,2012,福島,1,1,1,2012-04-07,https://www.jra.go.jp/datafile/seiseki/report/2012/2012-1fukushima1.pdf,official_daily_result_pdf
201203010102,2012,福島,1,1,2,2012-04-07,https://www.jra.go.jp/datafile/seiseki/report/2012/2012-1fukushima1.pdf,official_daily_result_pdf
201203010103,2012,福島,1,1,3,2012-04-07,https://www.jra.go.jp/datafile/seiseki/report/2012/2012-1fukushima1.pdf,official_daily_result_pdf
201203010104,2012,福島,1,1,4,2012-04-07,https://www.jra.go.jp/datafile/seiseki/report/2012/2012-1fukushima1.pdf,official_daily_result_pdf
201203010105,2012,福島,1,1,5,2012-04-07,https://www.jra.go.jp/datafile/seiseki/report/2012/2012-1fukushima1.pdf,official_daily_result_pdf
201203010106,2012,福島,1,1,6,2012-04-07,https://www.jra.go.jp/datafile/seiseki/report/2012/2012-1fukushima1.pdf,official_daily_result_pdf
201203010107,2012,福島,1,1,7,2012-04-07,https://www.jra.go.jp/datafile/seiseki/report/2012/2012-1fukushima1.pdf,official_daily_result_pdf
201203010108,2012,福島,1,1,8,2012-04-07,https://www.jra.go.jp/datafile/seiseki/report/2012/2012-1fukushima1.pdf,official_daily_result_pdf
201203010109,2012,福島,1,1,9,2012-04-07,https://www.jra.go.jp/datafile/seiseki/report/2012/2012-1fukushima1.pdf,official_daily_result_pdf
201203010110,2012,福島,1,1,10,2012-04-07,https://www.jra.go.jp/datafile/seiseki/report/2012/2012-1fukushima1.pdf,official_daily_result_pdf
201203010111,2012,福島,1,1,11,2012-04-07,https://www.jra.go.jp/datafile/seiseki/report/2012/2012-1fukushima1.pdf,official_daily_result_pdf
201203010112,2012,福島,1,1,12,2012-04-07,https://www.jra.go.jp/datafile/seiseki/report/2012/2012-1fukushima1.pdf,official_daily_result_pdf
201203010201,2012,福島,1,2,1,2012-04-08,https://www.jra.go.jp/datafile/seiseki/report/2012/2012-1fukushima2.pdf,official_daily_result_pdf
201203010202,2012,福島,1,2,2,2012-04-08,https://www.jra.go.jp/datafile/seiseki/report/2012/2012-1fukushima2.pdf,official_daily_result_pdf
201203010203,2012,福島,1,2,3,2012-04-08,https://www.jra.go.jp/datafile/seiseki/report/2012/2012-1fukushima2.pdf,official_daily_result_pdf
201203010204,2012,福島,1,2,4,2012-04-08,https://www.jra.go.jp/datafile/seiseki/report/2012/2012-1fukushima2.pdf,official_daily_result_pdf
201203010205,2012,福島,1,2,5,2012-04-08,https://www.jra.go.jp/datafile/seiseki/report/2012/2012-1fukushima2.pdf,official_daily_result_pdf
201203010206,2012,福島,1,2,6,2012-04-08,https://www.jra.go.jp/datafile/seiseki/report/2012/2012-1fukushima2.pdf,official_daily_result_pdf
201203010207,2012,福島,1,2,7,2012-04-08,https://www.jra.go.jp/datafile/seiseki/report/2012/2012-1fukushima2.pdf,official_daily_result_pdf
201203010208,2012,福島,1,2,8,2012-04-08,https://www.jra.go.jp/datafile/seiseki/report/2012/2012-1fukushima2.pdf,official_daily_result_pdf
201203010209,2012,福島,1,2,9,2012-04-08,https://www.jra.go.jp/datafile/seiseki/report/2012/2012-1fukushima2.pdf,official_daily_result_pdf
201203010210,2012,福島,1,2,10,2012-04-08,https://www.jra.go.jp/datafile/seiseki/report/2012/2012-1fukushima2.pdf,official_daily_result_pdf
201203010211,2012,福島,1,2,11,2012-04-08,https://www.jra.go.jp/datafile/seiseki/report/2012/2012-1fukushima2.pdf,official_daily_result_pdf
201203010212,2012,福島,1,2,12,2012-04-08,https://www.jra.go.jp/datafile/seiseki/report/2012/2012-1fukushima2.pdf,official_daily_result_pdf
201203010301,2012,福島,1,3,1,2012-04-14,https://www.jra.go.jp/datafile/seiseki/report/2012/2012-1fukushima3.pdf,official_daily_result_pdf
201203010302,2012,福島,1,3,2,2012-04-14,https://www.jra.go.jp/datafile/seiseki/report/2012/2012-1fukushima3.pdf,official_daily_result_pdf
201203010303,2012,福島,1,3,3,2012-04-14,https://www.jra.go.jp/datafile/seiseki/report/2012/2012-1fukushima3.pdf,official_daily_result_pdf
201203010304,2012,福島,1,3,4,2012-04-14,https://www.jra.go.jp/datafile/seiseki/report/2012/2012-1fukushima3.pdf,official_daily_result_pdf
201203010305,2012,福島,1,3,5,2012-04-14,https://www.jra.go.jp/datafile/seiseki/report/2012/2012-1fukushima3.pdf,official_daily_result_pdf
201203010306,2012,福島,1,3,6,2012-04-14,https://www.jra.go.jp/datafile/seiseki/report/2012/2012-1fukushima3.pdf,official_daily_result_pdf
201203010307,2012,福島,1,3,7,2012-04-14,https://www.jra.go.jp/datafile/seiseki/report/2012/2012-1fukushima3.pdf,official_daily_result_pdf
201203010308,2012,福島,1,3,8,2012-04-14,https://www.jra.go.jp/datafile/seiseki/report/2012/2012-1fukushima3.pdf,official_daily_result_pdf
201203010309,2012,福島,1,3,9,2012-04-14,https://www.jra.go.jp/datafile/seiseki/report/2012/2012-1fukushima3.pdf,official_daily_result_pdf
201203010310,2012,福島,1,3,10,2012-04-14,https://www.jra.go.jp/datafile/seiseki/report/2012/2012-1fukushima3.pdf,official_daily_result_pdf
201203010311,2012,福島,1,3,11,2012-04-14,https://www.jra.go.jp/datafile/seiseki/report/2012/2012-1fukushima3.pdf,official_daily_result_pdf
201203010312,2012,福島,1,3,12,2012-04-14,https://www.jra.go.jp/datafile/seiseki/report/2012/2012-1fukushima3.pdf,official_daily_result_pdf
201203010401,2012,福島,1,4,1,2012-04-15,https://www.jra.go.jp/datafile/seiseki/report/2012/2012-1fukushima4.pdf,official_daily_result_pdf
201203010402,2012,福島,1,4,2,2012-04-15,https://www.jra.go.jp/datafile/seiseki/report/2012/2012-1fukushima4.pdf,official_daily_result_pdf
201203010403,2012,福島,1,4,3,2012-04-15,https://www.jra.go.jp/datafile/seiseki/report/2012/2012-1fukushima4.pdf,official_daily_result_pdf
201203010404,2012,福島,1,4,4,2012-04-15,https://www.jra.go.jp/datafile/seiseki/report/2012/2012-1fukushima4.pdf,official_daily_result_pdf
201203010405,2012,福島,1,4,5,2012-04-15,https://www.jra.go.jp/datafile/seiseki/report/2012/2012-1fukushima4.pdf,official_daily_result_pdf
201203010406,2012,福島,1,4,6,2012-04-15,https://www.jra.go.jp/datafile/seiseki/report/2012/2012-1fukushima4.pdf,official_daily_result_pdf
201203010407,2012,福島,1,4,7,2012-04-15,https://www.jra.go.jp/datafile/seiseki/report/2012/2012-1fukushima4.pdf,official_daily_result_pdf
201203010408,2012,福島,1,4,8,2012-04-15,https://www.jra.go.jp/datafile/seiseki/report/2012/2012-1fukushima4.pdf,official_daily_result_pdf
201203010409,2012,福島,1,4,9,2012-04-15,https://www.jra.go.jp/datafile/seiseki/report/2012/2012-1fukushima4.pdf,official_daily_result_pdf
201203010410,2012,福島,1,4,10,2012-04-15,https://www.jra.go.jp/datafile/seiseki/report/2012/2012-1fukushima4.pdf,official_daily_result_pdf
201203010411,2012,福島,1,4,11,2012-04-15,https://www.jra.go.jp/datafile/seiseki/report/2012/2012-1fukushima4.pdf,official_daily_result_pdf
201203010412,2012,福島,1,4,12,2012-04-15,https://www.jra.go.jp/datafile/seiseki/report/2012/2012-1fukushima4.pdf,official_daily_result_pdf
201203010501,2012,福島,1,5,1,2012-04-21,https://www.jra.go.jp/datafile/seiseki/report/2012/2012-1fukushima5.pdf,official_daily_result_pdf
201203010502,2012,福島,1,5,2,2012-04-21,https://www.jra.go.jp/datafile/seiseki/report/2012/2012-1fukushima5.pdf,official_daily_result_pdf
201203010503,2012,福島,1,5,3,2012-04-21,https://www.jra.go.jp/datafile/seiseki/report/2012/2012-1fukushima5.pdf,official_daily_result_pdf
201203010504,2012,福島,1,5,4,2012-04-21,https://www.jra.go.jp/datafile/seiseki/report/2012/2012-1fukushima5.pdf,official_daily_result_pdf
201203010505,2012,福島,1,5,5,2012-04-21,https://www.jra.go.jp/datafile/seiseki/report/2012/2012-1fukushima5.pdf,official_daily_result_pdf
201203010506,2012,福島,1,5,6,2012-04-21,https://www.jra.go.jp/datafile/seiseki/report/2012/2012-1fukushima5.pdf,official_daily_result_pdf
201203010507,2012,福島,1,5,7,2012-04-21,https://www.jra.go.jp/datafile/seiseki/report/2012/2012-1fukushima5.pdf,official_daily_result_pdf
201203010508,2012,福島,1,5,8,2012-04-21,https://www.jra.go.jp/datafile/seiseki/report/2012/2012-1fukushima5.pdf,official_daily_result_pdf
201203010509,2012,福島,1,5,9,2012-04-21,https://www.jra.go.jp/datafile/seiseki/report/2012/2012-1fukushima5.pdf,official_daily_result_pdf
201203010510,2012,福島,1,5,10,2012-04-21,https://www.jra.go.jp/datafile/seiseki/report/2012/2012-1fukushima5.pdf,official_daily_result_pdf
201203010511,2012,福島,1,5,11,2012-04-21,https://www.jra.go.jp/datafile/seiseki/report/2012/2012-1fukushima5.pdf,official_daily_result_pdf
201203010512,2012,福島,1,5,12,2012-04-21,https://www.jra.go.jp/datafile/seiseki/report/2012/2012-1fukushima5.pdf,official_daily_result_pdf
201203010601,2012,福島,1,6,1,2012-04-22,https://www.jra.go.jp/datafile/seiseki/report/2012/2012-1fukushima6.pdf,official_daily_result_pdf
201203010602,2012,福島,1,6,2,2012-04-22,https://www.jra.go.jp/datafile/seiseki/report/2012/2012-1fukushima6.pdf,official_daily_result_pdf
201203010603,2012,福島,1,6,3,2012-04-22,https://www.jra.go.jp/datafile/seiseki/report/2012/2012-1fukushima6.pdf,official_daily_result_pdf
201203010604,2012,福島,1,6,4,2012-04-22,https://www.jra.go.jp/datafile/seiseki/report/2012/2012-1fukushima6.pdf,official_daily_result_pdf
201203010605,2012,福島,1,6,5,2012-04-22,https://www.jra.go.jp/datafile/seiseki/report/2012/2012-1fukushima6.pdf,official_daily_result_pdf
201203010606,2012,福島,1,6,6,2012-04-22,https://www.jra.go.jp/datafile/seiseki/report/2012/2012-1fukushima6.pdf,official_daily_result_pdf
201203010607,2012,福島,1,6,7,2012-04-22,https://www.jra.go.jp/datafile/seiseki/report/2012/2012-1fukushima6.pdf,official_daily_result_pdf
201203010608,2012,福島,1,6,8,2012-04-22,https://www.jra.go.jp/datafile/seiseki/report/2012/2012-1fukushima6.pdf,official_daily_result_pdf
201203010609,2012,福島,1,6,9,2012-04-22,https://www.jra.go.jp/datafile/seiseki/report/2012/2012-1fukushima6.pdf,official_daily_result_pdf
201203010610,2012,福島,1,6,10,2012-04-22,https://www.jra.go.jp/datafile/seiseki/report/2012/2012-1fukushima6.pdf,official_daily_result_pdf
201203010611,2012,福島,1,6,11,2012-04-22,https://www.jra.go.jp/datafile/seiseki/report/2012/2012-1fukushima6.pdf,official_daily_result_pdf
201203010612,2012,福島,1,6,12,2012-04-22,https://www.jra.go.jp/datafile/seiseki/report/2012/2012-1fukushima6.pdf,official_daily_result_pdf
201203010701,2012,福島,1,7,1,2012-04-28,https://www.jra.go.jp/datafile/seiseki/report/2012/2012-1fukushima7.pdf,official_daily_result_pdf
201203010702,2012,福島,1,7,2,2012-04-28,https://www.jra.go.jp/datafile/seiseki/report/2012/2012-1fukushima7.pdf,official_daily_result_pdf
201203010703,2012,福島,1,7,3,2012-04-28,https://www.jra.go.jp/datafile/seiseki/report/2012/2012-1fukushima7.pdf,official_daily_result_pdf
201203010704,2012,福島,1,7,4,2012-04-28,https://www.jra.go.jp/datafile/seiseki/report/2012/2012-1fukushima7.pdf,official_daily_result_pdf
201203010705,2012,福島,1,7,5,2012-04-28,https://www.jra.go.jp/datafile/seiseki/report/2012/2012-1fukushima7.pdf,official_daily_result_pdf
201203010706,2012,福島,1,7,6,2012-04-28,https://www.jra.go.jp/datafile/seiseki/report/2012/2012-1fukushima7.pdf,official_daily_result_pdf
201203010707,2012,福島,1,7,7,2012-04-28,https://www.jra.go.jp/datafile/seiseki/report/2012/2012-1fukushima7.pdf,official_daily_result_pdf
201203010708,2012,福島,1,7,8,2012-04-28,https://www.jra.go.jp/datafile/seiseki/report/2012/2012-1fukushima7.pdf,official_daily_result_pdf
201203010709,2012,福島,1,7,9,2012-04-28,https://www.jra.go.jp/datafile/seiseki/report/2012/2012-1fukushima7.pdf,official_daily_result_pdf
201203010710,2012,福島,1,7,10,2012-04-28,https://www.jra.go.jp/datafile/seiseki/report/2012/2012-1fukushima7.pdf,official_daily_result_pdf
201203010711,2012,福島,1,7,11,2012-04-28,https://www.jra.go.jp/datafile/seiseki/report/2012/2012-1fukushima7.pdf,official_daily_result_pdf
201203010712,2012,福島,1,7,12,2012-04-28,https://www.jra.go.jp/datafile/seiseki/report/2012/2012-1fukushima7.pdf,official_daily_result_pdf
201203010801,2012,福島,1,8,1,2012-04-29,https://www.jra.go.jp/datafile/seiseki/report/2012/2012-1fukushima8.pdf,official_daily_result_pdf
201203010802,2012,福島,1,8,2,2012-04-29,https://www.jra.go.jp/datafile/seiseki/report/2012/2012-1fukushima8.pdf,official_daily_result_pdf
201203010803,2012,福島,1,8,3,2012-04-29,https://www.jra.go.jp/datafile/seiseki/report/2012/2012-1fukushima8.pdf,official_daily_result_pdf
201203010804,2012,福島,1,8,4,2012-04-29,https://www.jra.go.jp/datafile/seiseki/report/2012/2012-1fukushima8.pdf,official_daily_result_pdf
201203010805,2012,福島,1,8,5,2012-04-29,https://www.jra.go.jp/datafile/seiseki/report/2012/2012-1fukushima8.pdf,official_daily_result_pdf
201203010806,2012,福島,1,8,6,2012-04-29,https://www.jra.go.jp/datafile/seiseki/report/2012/2012-1fukushima8.pdf,official_daily_result_pdf
201203010807,2012,福島,1,8,7,2012-04-29,https://www.jra.go.jp/datafile/seiseki/report/2012/2012-1fukushima8.pdf,official_daily_result_pdf
201203010808,2012,福島,1,8,8,2012-04-29,https://www.jra.go.jp/datafile/seiseki/report/2012/2012-1fukushima8.pdf,official_daily_result_pdf
201203010809,2012,福島,1,8,9,2012-04-29,https://www.jra.go.jp/datafile/seiseki/report/2012/2012-1fukushima8.pdf,official_daily_result_pdf
201203010810,2012,福島,1,8,10,2012-04-29,https://www.jra.go.jp/datafile/seiseki/report/2012/2012-1fukushima8.pdf,official_daily_result_pdf
201203010811,2012,福島,1,8,11,2012-04-29,https://www.jra.go.jp/datafile/seiseki/report/2012/2012-1fukushima8.pdf,official_daily_result_pdf
201203010812,2012,福島,1,8,12,2012-04-29,https://www.jra.go.jp/datafile/seiseki/report/2012/2012-1fukushima8.pdf,official_daily_result_pdf
201203020101,2012,福島,2,1,1,2012-06-16,https://www.jra.go.jp/datafile/seiseki/report/2012/2012-2fukushima1.pdf,official_daily_result_pdf
201203020102,2012,福島,2,1,2,2012-06-16,https://www.jra.go.jp/datafile/seiseki/report/2012/2012-2fukushima1.pdf,official_daily_result_pdf
201203020103,2012,福島,2,1,3,2012-06-16,https://www.jra.go.jp/datafile/seiseki/report/2012/2012-2fukushima1.pdf,official_daily_result_pdf
201203020104,2012,福島,2,1,4,2012-06-16,https://www.jra.go.jp/datafile/seiseki/report/2012/2012-2fukushima1.pdf,official_daily_result_pdf
201203020105,2012,福島,2,1,5,2012-06-16,https://www.jra.go.jp/datafile/seiseki/report/2012/2012-2fukushima1.pdf,official_daily_result_pdf
201203020106,2012,福島,2,1,6,2012-06-16,https://www.jra.go.jp/datafile/seiseki/report/2012/2012-2fukushima1.pdf,official_daily_result_pdf
201203020107,2012,福島,2,1,7,2012-06-16,https://www.jra.go.jp/datafile/seiseki/report/2012/2012-2fukushima1.pdf,official_daily_result_pdf
201203020108,2012,福島,2,1,8,2012-06-16,https://www.jra.go.jp/datafile/seiseki/report/2012/2012-2fukushima1.pdf,official_daily_result_pdf
201203020109,2012,福島,2,1,9,2012-06-16,https://www.jra.go.jp/datafile/seiseki/report/2012/2012-2fukushima1.pdf,official_daily_result_pdf
201203020110,2012,福島,2,1,10,2012-06-16,https://www.jra.go.jp/datafile/seiseki/report/2012/2012-2fukushima1.pdf,official_daily_result_pdf
201203020111,2012,福島,2,1,11,2012-06-16,https://www.jra.go.jp/datafile/seiseki/report/2012/2012-2fukushima1.pdf,official_daily_result_pdf
201203020112,2012,福島,2,1,12,2012-06-16,https://www.jra.go.jp/datafile/seiseki/report/2012/2012-2fukushima1.pdf,official_daily_result_pdf
201203020201,2012,福島,2,2,1,2012-06-17,https://www.jra.go.jp/datafile/seiseki/report/2012/2012-2fukushima2.pdf,official_daily_result_pdf
201203020202,2012,福島,2,2,2,2012-06-17,https://www.jra.go.jp/datafile/seiseki/report/2012/2012-2fukushima2.pdf,official_daily_result_pdf
201203020203,2012,福島,2,2,3,2012-06-17,https://www.jra.go.jp/datafile/seiseki/report/2012/2012-2fukushima2.pdf,official_daily_result_pdf
201203020204,2012,福島,2,2,4,2012-06-17,https://www.jra.go.jp/datafile/seiseki/report/2012/2012-2fukushima2.pdf,official_daily_result_pdf
201203020205,2012,福島,2,2,5,2012-06-17,https://www.jra.go.jp/datafile/seiseki/report/2012/2012-2fukushima2.pdf,official_daily_result_pdf
201203020206,2012,福島,2,2,6,2012-06-17,https://www.jra.go.jp/datafile/seiseki/report/2012/2012-2fukushima2.pdf,official_daily_result_pdf
201203020207,2012,福島,2,2,7,2012-06-17,https://www.jra.go.jp/datafile/seiseki/report/2012/2012-2fukushima2.pdf,official_daily_result_pdf
201203020208,2012,福島,2,2,8,2012-06-17,https://www.jra.go.jp/datafile/seiseki/report/2012/2012-2fukushima2.pdf,official_daily_result_pdf
201203020209,2012,福島,2,2,9,2012-06-17,https://www.jra.go.jp/datafile/seiseki/report/2012/2012-2fukushima2.pdf,official_daily_result_pdf
201203020210,2012,福島,2,2,10,2012-06-17,https://www.jra.go.jp/datafile/seiseki/report/2012/2012-2fukushima2.pdf,official_daily_result_pdf
201203020211,2012,福島,2,2,11,2012-06-17,https://www.jra.go.jp/datafile/seiseki/report/2012/2012-2fukushima2.pdf,official_daily_result_pdf
201203020212,2012,福島,2,2,12,2012-06-17,https://www.jra.go.jp/datafile/seiseki/report/2012/2012-2fukushima2.pdf,official_daily_result_pdf
201203020301,2012,福島,2,3,1,2012-06-23,https://www.jra.go.jp/datafile/seiseki/report/2012/2012-2fukushima3.pdf,official_daily_result_pdf
201203020302,2012,福島,2,3,2,2012-06-23,https://www.jra.go.jp/datafile/seiseki/report/2012/2012-2fukushima3.pdf,official_daily_result_pdf
201203020303,2012,福島,2,3,3,2012-06-23,https://www.jra.go.jp/datafile/seiseki/report/2012/2012-2fukushima3.pdf,official_daily_result_pdf
201203020304,2012,福島,2,3,4,2012-06-23,https://www.jra.go.jp/datafile/seiseki/report/2012/2012-2fukushima3.pdf,official_daily_result_pdf
201203020305,2012,福島,2,3,5,2012-06-23,https://www.jra.go.jp/datafile/seiseki/report/2012/2012-2fukushima3.pdf,official_daily_result_pdf
201203020306,2012,福島,2,3,6,2012-06-23,https://www.jra.go.jp/datafile/seiseki/report/2012/2012-2fukushima3.pdf,official_daily_result_pdf
201203020307,2012,福島,2,3,7,2012-06-23,https://www.jra.go.jp/datafile/seiseki/report/2012/2012-2fukushima3.pdf,official_daily_result_pdf
201203020308,2012,福島,2,3,8,2012-06-23,https://www.jra.go.jp/datafile/seiseki/report/2012/2012-2fukushima3.pdf,official_daily_result_pdf
201203020309,2012,福島,2,3,9,2012-06-23,https://www.jra.go.jp/datafile/seiseki/report/2012/2012-2fukushima3.pdf,official_daily_result_pdf
201203020310,2012,福島,2,3,10,2012-06-23,https://www.jra.go.jp/datafile/seiseki/report/2012/2012-2fukushima3.pdf,official_daily_result_pdf
201203020311,2012,福島,2,3,11,2012-06-23,https://www.jra.go.jp/datafile/seiseki/report/2012/2012-2fukushima3.pdf,official_daily_result_pdf
201203020312,2012,福島,2,3,12,2012-06-23,https://www.jra.go.jp/datafile/seiseki/report/2012/2012-2fukushima3.pdf,official_daily_result_pdf
201203020401,2012,福島,2,4,1,2012-06-24,https://www.jra.go.jp/datafile/seiseki/report/2012/2012-2fukushima4.pdf,official_daily_result_pdf
201203020402,2012,福島,2,4,2,2012-06-24,https://www.jra.go.jp/datafile/seiseki/report/2012/2012-2fukushima4.pdf,official_daily_result_pdf
201203020403,2012,福島,2,4,3,2012-06-24,https://www.jra.go.jp/datafile/seiseki/report/2012/2012-2fukushima4.pdf,official_daily_result_pdf
201203020404,2012,福島,2,4,4,2012-06-24,https://www.jra.go.jp/datafile/seiseki/report/2012/2012-2fukushima4.pdf,official_daily_result_pdf
201203020405,2012,福島,2,4,5,2012-06-24,https://www.jra.go.jp/datafile/seiseki/report/2012/2012-2fukushima4.pdf,official_daily_result_pdf
201203020406,2012,福島,2,4,6,2012-06-24,https://www.jra.go.jp/datafile/seiseki/report/2012/2012-2fukushima4.pdf,official_daily_result_pdf
201203020407,2012,福島,2,4,7,2012-06-24,https://www.jra.go.jp/datafile/seiseki/report/2012/2012-2fukushima4.pdf,official_daily_result_pdf
201203020408,2012,福島,2,4,8,2012-06-24,https://www.jra.go.jp/datafile/seiseki/report/2012/2012-2fukushima4.pdf,official_daily_result_pdf
201203020409,2012,福島,2,4,9,2012-06-24,https://www.jra.go.jp/datafile/seiseki/report/2012/2012-2fukushima4.pdf,official_daily_result_pdf
201203020410,2012,福島,2,4,10,2012-06-24,https://www.jra.go.jp/datafile/seiseki/report/2012/2012-2fukushima4.pdf,official_daily_result_pdf
201203020411,2012,福島,2,4,11,2012-06-24,https://www.jra.go.jp/datafile/seiseki/report/2012/2012-2fukushima4.pdf,official_daily_result_pdf
201203020412,2012,福島,2,4,12,2012-06-24,https://www.jra.go.jp/datafile/seiseki/report/2012/2012-2fukushima4.pdf,official_daily_result_pdf
201203020501,2012,福島,2,5,1,2012-06-30,https://www.jra.go.jp/datafile/seiseki/report/2012/2012-2fukushima5.pdf,official_daily_result_pdf
201203020502,2012,福島,2,5,2,2012-06-30,https://www.jra.go.jp/datafile/seiseki/report/2012/2012-2fukushima5.pdf,official_daily_result_pdf
201203020503,2012,福島,2,5,3,2012-06-30,https://www.jra.go.jp/datafile/seiseki/report/2012/2012-2fukushima5.pdf,official_daily_result_pdf
201203020504,2012,福島,2,5,4,2012-06-30,https://www.jra.go.jp/datafile/seiseki/report/2012/2012-2fukushima5.pdf,official_daily_result_pdf
201203020505,2012,福島,2,5,5,2012-06-30,https://www.jra.go.jp/datafile/seiseki/report/2012/2012-2fukushima5.pdf,official_daily_result_pdf
201203020506,2012,福島,2,5,6,2012-06-30,https://www.jra.go.jp/datafile/seiseki/report/2012/2012-2fukushima5.pdf,official_daily_result_pdf
201203020507,2012,福島,2,5,7,2012-06-30,https://www.jra.go.jp/datafile/seiseki/report/2012/2012-2fukushima5.pdf,official_daily_result_pdf
201203020508,2012,福島,2,5,8,2012-06-30,https://www.jra.go.jp/datafile/seiseki/report/2012/2012-2fukushima5.pdf,official_daily_result_pdf
201203020509,2012,福島,2,5,9,2012-06-30,https://www.jra.go.jp/datafile/seiseki/report/2012/2012-2fukushima5.pdf,official_daily_result_pdf
201203020510,2012,福島,2,5,10,2012-06-30,https://www.jra.go.jp/datafile/seiseki/report/2012/2012-2fukushima5.pdf,official_daily_result_pdf
201203020511,2012,福島,2,5,11,2012-06-30,https://www.jra.go.jp/datafile/seiseki/report/2012/2012-2fukushima5.pdf,official_daily_result_pdf
201203020512,2012,福島,2,5,12,2012-06-30,https://www.jra.go.jp/datafile/seiseki/report/2012/2012-2fukushima5.pdf,official_daily_result_pdf
201203020601,2012,福島,2,6,1,2012-07-01,https://www.jra.go.jp/datafile/seiseki/report/2012/2012-2fukushima6.pdf,official_daily_result_pdf
201203020602,2012,福島,2,6,2,2012-07-01,https://www.jra.go.jp/datafile/seiseki/report/2012/2012-2fukushima6.pdf,official_daily_result_pdf
201203020603,2012,福島,2,6,3,2012-07-01,https://www.jra.go.jp/datafile/seiseki/report/2012/2012-2fukushima6.pdf,official_daily_result_pdf
201203020604,2012,福島,2,6,4,2012-07-01,https://www.jra.go.jp/datafile/seiseki/report/2012/2012-2fukushima6.pdf,official_daily_result_pdf
201203020605,2012,福島,2,6,5,2012-07-01,https://www.jra.go.jp/datafile/seiseki/report/2012/2012-2fukushima6.pdf,official_daily_result_pdf
201203020606,2012,福島,2,6,6,2012-07-01,https://www.jra.go.jp/datafile/seiseki/report/2012/2012-2fukushima6.pdf,official_daily_result_pdf
201203020607,2012,福島,2,6,7,2012-07-01,https://www.jra.go.jp/datafile/seiseki/report/2012/2012-2fukushima6.pdf,official_daily_result_pdf
201203020608,2012,福島,2,6,8,2012-07-01,https://www.jra.go.jp/datafile/seiseki/report/2012/2012-2fukushima6.pdf,official_daily_result_pdf
201203020609,2012,福島,2,6,9,2012-07-01,https://www.jra.go.jp/datafile/seiseki/report/2012/2012-2fukushima6.pdf,official_daily_result_pdf
201203020610,2012,福島,2,6,10,2012-07-01,https://www.jra.go.jp/datafile/seiseki/report/2012/2012-2fukushima6.pdf,official_daily_result_pdf
201203020611,2012,福島,2,6,11,2012-07-01,https://www.jra.go.jp/datafile/seiseki/report/2012/2012-2fukushima6.pdf,official_daily_result_pdf
201203020612,2012,福島,2,6,12,2012-07-01,https://www.jra.go.jp/datafile/seiseki/report/2012/2012-2fukushima6.pdf,official_daily_result_pdf
201203020701,2012,福島,2,7,1,2012-07-07,https://www.jra.go.jp/datafile/seiseki/report/2012/2012-2fukushima7.pdf,official_daily_result_pdf
201203020702,2012,福島,2,7,2,2012-07-07,https://www.jra.go.jp/datafile/seiseki/report/2012/2012-2fukushima7.pdf,official_daily_result_pdf
201203020703,2012,福島,2,7,3,2012-07-07,https://www.jra.go.jp/datafile/seiseki/report/2012/2012-2fukushima7.pdf,official_daily_result_pdf
201203020704,2012,福島,2,7,4,2012-07-07,https://www.jra.go.jp/datafile/seiseki/report/2012/2012-2fukushima7.pdf,official_daily_result_pdf
201203020705,2012,福島,2,7,5,2012-07-07,https://www.jra.go.jp/datafile/seiseki/report/2012/2012-2fukushima7.pdf,official_daily_result_pdf
201203020706,2012,福島,2,7,6,2012-07-07,https://www.jra.go.jp/datafile/seiseki/report/2012/2012-2fukushima7.pdf,official_daily_result_pdf
201203020707,2012,福島,2,7,7,2012-07-07,https://www.jra.go.jp/datafile/seiseki/report/2012/2012-2fukushima7.pdf,official_daily_result_pdf
201203020708,2012,福島,2,7,8,2012-07-07,https://www.jra.go.jp/datafile/seiseki/report/2012/2012-2fukushima7.pdf,official_daily_result_pdf
201203020709,2012,福島,2,7,9,2012-07-07,https://www.jra.go.jp/datafile/seiseki/report/2012/2012-2fukushima7.pdf,official_daily_result_pdf
201203020710,2012,福島,2,7,10,2012-07-07,https://www.jra.go.jp/datafile/seiseki/report/2012/2012-2fukushima7.pdf,official_daily_result_pdf
201203020711,2012,福島,2,7,11,2012-07-07,https://www.jra.go.jp/datafile/seiseki/report/2012/2012-2fukushima7.pdf,official_daily_result_pdf
201203020712,2012,福島,2,7,12,2012-07-07,https://www.jra.go.jp/datafile/seiseki/report/2012/2012-2fukushima7.pdf,official_daily_result_pdf
201203020801,2012,福島,2,8,1,2012-07-08,https://www.jra.go.jp/datafile/seiseki/report/2012/2012-2fukushima8.pdf,official_daily_result_pdf
201203020802,2012,福島,2,8,2,2012-07-08,https://www.jra.go.jp/datafile/seiseki/report/2012/2012-2fukushima8.pdf,official_daily_result_pdf
201203020803,2012,福島,2,8,3,2012-07-08,https://www.jra.go.jp/datafile/seiseki/report/2012/2012-2fukushima8.pdf,official_daily_result_pdf
201203020804,2012,福島,2,8,4,2012-07-08,https://www.jra.go.jp/datafile/seiseki/report/2012/2012-2fukushima8.pdf,official_daily_result_pdf
201203020805,2012,福島,2,8,5,2012-07-08,https://www.jra.go.jp/datafile/seiseki/report/2012/2012-2fukushima8.pdf,official_daily_result_pdf
201203020806,2012,福島,2,8,6,2012-07-08,https://www.jra.go.jp/datafile/seiseki/report/2012/2012-2fukushima8.pdf,official_daily_result_pdf
201203020807,2012,福島,2,8,7,2012-07-08,https://www.jra.go.jp/datafile/seiseki/report/2012/2012-2fukushima8.pdf,official_daily_result_pdf
201203020808,2012,福島,2,8,8,2012-07-08,https://www.jra.go.jp/datafile/seiseki/report/2012/2012-2fukushima8.pdf,official_daily_result_pdf
201203020809,2012,福島,2,8,9,2012-07-08,https://www.jra.go.jp/datafile/seiseki/report/2012/2012-2fukushima8.pdf,official_daily_result_pdf
201203020810,2012,福島,2,8,10,2012-07-08,https://www.jra.go.jp/datafile/seiseki/report/2012/2012-2fukushima8.pdf,official_daily_result_pdf
201203020811,2012,福島,2,8,11,2012-07-08,https://www.jra.go.jp/datafile/seiseki/report/2012/2012-2fukushima8.pdf,official_daily_result_pdf
201203020812,2012,福島,2,8,12,2012-07-08,https://www.jra.go.jp/datafile/seiseki/report/2012/2012-2fukushima8.pdf,official_daily_result_pdf
201203030101,2012,福島,3,1,1,2012-11-03,https://www.jra.go.jp/datafile/seiseki/report/2012/2012-3fukushima1.pdf,official_daily_result_pdf
201203030102,2012,福島,3,1,2,2012-11-03,https://www.jra.go.jp/datafile/seiseki/report/2012/2012-3fukushima1.pdf,official_daily_result_pdf
201203030103,2012,福島,3,1,3,2012-11-03,https://www.jra.go.jp/datafile/seiseki/report/2012/2012-3fukushima1.pdf,official_daily_result_pdf
201203030104,2012,福島,3,1,4,2012-11-03,https://www.jra.go.jp/datafile/seiseki/report/2012/2012-3fukushima1.pdf,official_daily_result_pdf
201203030105,2012,福島,3,1,5,2012-11-03,https://www.jra.go.jp/datafile/seiseki/report/2012/2012-3fukushima1.pdf,official_daily_result_pdf
201203030106,2012,福島,3,1,6,2012-11-03,https://www.jra.go.jp/datafile/seiseki/report/2012/2012-3fukushima1.pdf,official_daily_result_pdf
201203030107,2012,福島,3,1,7,2012-11-03,https://www.jra.go.jp/datafile/seiseki/report/2012/2012-3fukushima1.pdf,official_daily_result_pdf
201203030108,2012,福島,3,1,8,2012-11-03,https://www.jra.go.jp/datafile/seiseki/report/2012/2012-3fukushima1.pdf,official_daily_result_pdf
201203030109,2012,福島,3,1,9,2012-11-03,https://www.jra.go.jp/datafile/seiseki/report/2012/2012-3fukushima1.pdf,official_daily_result_pdf
201203030110,2012,福島,3,1,10,2012-11-03,https://www.jra.go.jp/datafile/seiseki/report/2012/2012-3fukushima1.pdf,official_daily_result_pdf
201203030111,2012,福島,3,1,11,2012-11-03,https://www.jra.go.jp/datafile/seiseki/report/2012/2012-3fukushima1.pdf,official_daily_result_pdf
201203030112,2012,福島,3,1,12,2012-11-03,https://www.jra.go.jp/datafile/seiseki/report/2012/2012-3fukushima1.pdf,official_daily_result_pdf
201203030201,2012,福島,3,2,1,2012-11-04,https://www.jra.go.jp/datafile/seiseki/report/2012/2012-3fukushima2.pdf,official_daily_result_pdf
201203030202,2012,福島,3,2,2,2012-11-04,https://www.jra.go.jp/datafile/seiseki/report/2012/2012-3fukushima2.pdf,official_daily_result_pdf
201203030203,2012,福島,3,2,3,2012-11-04,https://www.jra.go.jp/datafile/seiseki/report/2012/2012-3fukushima2.pdf,official_daily_result_pdf
201203030204,2012,福島,3,2,4,2012-11-04,https://www.jra.go.jp/datafile/seiseki/report/2012/2012-3fukushima2.pdf,official_daily_result_pdf
201203030205,2012,福島,3,2,5,2012-11-04,https://www.jra.go.jp/datafile/seiseki/report/2012/2012-3fukushima2.pdf,official_daily_result_pdf
201203030206,2012,福島,3,2,6,2012-11-04,https://www.jra.go.jp/datafile/seiseki/report/2012/2012-3fukushima2.pdf,official_daily_result_pdf
201203030207,2012,福島,3,2,7,2012-11-04,https://www.jra.go.jp/datafile/seiseki/report/2012/2012-3fukushima2.pdf,official_daily_result_pdf
201203030208,2012,福島,3,2,8,2012-11-04,https://www.jra.go.jp/datafile/seiseki/report/2012/2012-3fukushima2.pdf,official_daily_result_pdf
201203030209,2012,福島,3,2,9,2012-11-04,https://www.jra.go.jp/datafile/seiseki/report/2012/2012-3fukushima2.pdf,official_daily_result_pdf
201203030210,2012,福島,3,2,10,2012-11-04,https://www.jra.go.jp/datafile/seiseki/report/2012/2012-3fukushima2.pdf,official_daily_result_pdf
201203030211,2012,福島,3,2,11,2012-11-04,https://www.jra.go.jp/datafile/seiseki/report/2012/2012-3fukushima2.pdf,official_daily_result_pdf
201203030212,2012,福島,3,2,12,2012-11-04,https://www.jra.go.jp/datafile/seiseki/report/2012/2012-3fukushima2.pdf,official_daily_result_pdf
201203030301,2012,福島,3,3,1,2012-11-10,https://www.jra.go.jp/datafile/seiseki/report/2012/2012-3fukushima3.pdf,official_daily_result_pdf
201203030302,2012,福島,3,3,2,2012-11-10,https://www.jra.go.jp/datafile/seiseki/report/2012/2012-3fukushima3.pdf,official_daily_result_pdf
201203030303,2012,福島,3,3,3,2012-11-10,https://www.jra.go.jp/datafile/seiseki/report/2012/2012-3fukushima3.pdf,official_daily_result_pdf
201203030304,2012,福島,3,3,4,2012-11-10,https://www.jra.go.jp/datafile/seiseki/report/2012/2012-3fukushima3.pdf,official_daily_result_pdf
201203030305,2012,福島,3,3,5,2012-11-10,https://www.jra.go.jp/datafile/seiseki/report/2012/2012-3fukushima3.pdf,official_daily_result_pdf
201203030306,2012,福島,3,3,6,2012-11-10,https://www.jra.go.jp/datafile/seiseki/report/2012/2012-3fukushima3.pdf,official_daily_result_pdf
201203030307,2012,福島,3,3,7,2012-11-10,https://www.jra.go.jp/datafile/seiseki/report/2012/2012-3fukushima3.pdf,official_daily_result_pdf
201203030308,2012,福島,3,3,8,2012-11-10,https://www.jra.go.jp/datafile/seiseki/report/2012/2012-3fukushima3.pdf,official_daily_result_pdf
201203030309,2012,福島,3,3,9,2012-11-10,https://www.jra.go.jp/datafile/seiseki/report/2012/2012-3fukushima3.pdf,official_daily_result_pdf
201203030310,2012,福島,3,3,10,2012-11-10,https://www.jra.go.jp/datafile/seiseki/report/2012/2012-3fukushima3.pdf,official_daily_result_pdf
201203030311,2012,福島,3,3,11,2012-11-10,https://www.jra.go.jp/datafile/seiseki/report/2012/2012-3fukushima3.pdf,official_daily_result_pdf
201203030312,2012,福島,3,3,12,2012-11-10,https://www.jra.go.jp/datafile/seiseki/report/2012/2012-3fukushima3.pdf,official_daily_result_pdf
201203030401,2012,福島,3,4,1,2012-11-11,https://www.jra.go.jp/datafile/seiseki/report/2012/2012-3fukushima4.pdf,official_daily_result_pdf
201203030402,2012,福島,3,4,2,2012-11-11,https://www.jra.go.jp/datafile/seiseki/report/2012/2012-3fukushima4.pdf,official_daily_result_pdf
201203030403,2012,福島,3,4,3,2012-11-11,https://www.jra.go.jp/datafile/seiseki/report/2012/2012-3fukushima4.pdf,official_daily_result_pdf
201203030404,2012,福島,3,4,4,2012-11-11,https://www.jra.go.jp/datafile/seiseki/report/2012/2012-3fukushima4.pdf,official_daily_result_pdf
201203030405,2012,福島,3,4,5,2012-11-11,https://www.jra.go.jp/datafile/seiseki/report/2012/2012-3fukushima4.pdf,official_daily_result_pdf
201203030406,2012,福島,3,4,6,2012-11-11,https://www.jra.go.jp/datafile/seiseki/report/2012/2012-3fukushima4.pdf,official_daily_result_pdf
201203030407,2012,福島,3,4,7,2012-11-11,https://www.jra.go.jp/datafile/seiseki/report/2012/2012-3fukushima4.pdf,official_daily_result_pdf
201203030408,2012,福島,3,4,8,2012-11-11,https://www.jra.go.jp/datafile/seiseki/report/2012/2012-3fukushima4.pdf,official_daily_result_pdf
201203030409,2012,福島,3,4,9,2012-11-11,https://www.jra.go.jp/datafile/seiseki/report/2012/2012-3fukushima4.pdf,official_daily_result_pdf
201203030410,2012,福島,3,4,10,2012-11-11,https://www.jra.go.jp/datafile/seiseki/report/2012/2012-3fukushima4.pdf,official_daily_result_pdf
201203030411,2012,福島,3,4,11,2012-11-11,https://www.jra.go.jp/datafile/seiseki/report/2012/2012-3fukushima4.pdf,official_daily_result_pdf
201203030412,2012,福島,3,4,12,2012-11-11,https://www.jra.go.jp/datafile/seiseki/report/2012/2012-3fukushima4.pdf,official_daily_result_pdf
201203030501,2012,福島,3,5,1,2012-11-17,https://www.jra.go.jp/datafile/seiseki/report/2012/2012-3fukushima5.pdf,official_daily_result_pdf
201203030502,2012,福島,3,5,2,2012-11-17,https://www.jra.go.jp/datafile/seiseki/report/2012/2012-3fukushima5.pdf,official_daily_result_pdf
201203030503,2012,福島,3,5,3,2012-11-17,https://www.jra.go.jp/datafile/seiseki/report/2012/2012-3fukushima5.pdf,official_daily_result_pdf
201203030504,2012,福島,3,5,4,2012-11-17,https://www.jra.go.jp/datafile/seiseki/report/2012/2012-3fukushima5.pdf,official_daily_result_pdf
201203030505,2012,福島,3,5,5,2012-11-17,https://www.jra.go.jp/datafile/seiseki/report/2012/2012-3fukushima5.pdf,official_daily_result_pdf
201203030506,2012,福島,3,5,6,2012-11-17,https://www.jra.go.jp/datafile/seiseki/report/2012/2012-3fukushima5.pdf,official_daily_result_pdf
201203030507,2012,福島,3,5,7,2012-11-17,https://www.jra.go.jp/datafile/seiseki/report/2012/2012-3fukushima5.pdf,official_daily_result_pdf
201203030508,2012,福島,3,5,8,2012-11-17,https://www.jra.go.jp/datafile/seiseki/report/2012/2012-3fukushima5.pdf,official_daily_result_pdf
201203030509,2012,福島,3,5,9,2012-11-17,https://www.jra.go.jp/datafile/seiseki/report/2012/2012-3fukushima5.pdf,official_daily_result_pdf
201203030510,2012,福島,3,5,10,2012-11-17,https://www.jra.go.jp/datafile/seiseki/report/2012/2012-3fukushima5.pdf,official_daily_result_pdf
201203030511,2012,福島,3,5,11,2012-11-17,https://www.jra.go.jp/datafile/seiseki/report/2012/2012-3fukushima5.pdf,official_daily_result_pdf
201203030512,2012,福島,3,5,12,2012-11-17,https://www.jra.go.jp/datafile/seiseki/report/2012/2012-3fukushima5.pdf,official_daily_result_pdf
201203030601,2012,福島,3,6,1,2012-11-18,https://www.jra.go.jp/datafile/seiseki/report/2012/2012-3fukushima6.pdf,official_daily_result_pdf
201203030602,2012,福島,3,6,2,2012-11-18,https://www.jra.go.jp/datafile/seiseki/report/2012/2012-3fukushima6.pdf,official_daily_result_pdf
201203030603,2012,福島,3,6,3,2012-11-18,https://www.jra.go.jp/datafile/seiseki/report/2012/2012-3fukushima6.pdf,official_daily_result_pdf
201203030604,2012,福島,3,6,4,2012-11-18,https://www.jra.go.jp/datafile/seiseki/report/2012/2012-3fukushima6.pdf,official_daily_result_pdf
201203030605,2012,福島,3,6,5,2012-11-18,https://www.jra.go.jp/datafile/seiseki/report/2012/2012-3fukushima6.pdf,official_daily_result_pdf
201203030606,2012,福島,3,6,6,2012-11-18,https://www.jra.go.jp/datafile/seiseki/report/2012/2012-3fukushima6.pdf,official_daily_result_pdf
201203030607,2012,福島,3,6,7,2012-11-18,https://www.jra.go.jp/datafile/seiseki/report/2012/2012-3fukushima6.pdf,official_daily_result_pdf
201203030608,2012,福島,3,6,8,2012-11-18,https://www.jra.go.jp/datafile/seiseki/report/2012/2012-3fukushima6.pdf,official_daily_result_pdf
201203030609,2012,福島,3,6,9,2012-11-18,https://www.jra.go.jp/datafile/seiseki/report/2012/2012-3fukushima6.pdf,official_daily_result_pdf
201203030610,2012,福島,3,6,10,2012-11-18,https://www.jra.go.jp/datafile/seiseki/report/2012/2012-3fukushima6.pdf,official_daily_result_pdf
201203030611,2012,福島,3,6,11,2012-11-18,https://www.jra.go.jp/datafile/seiseki/report/2012/2012-3fukushima6.pdf,official_daily_result_pdf
201203030612,2012,福島,3,6,12,2012-11-18,https://www.jra.go.jp/datafile/seiseki/report/2012/2012-3fukushima6.pdf,official_daily_result_pdf
201204010101,2012,新潟,1,1,1,2012-05-05,https://www.jra.go.jp/datafile/seiseki/report/2012/2012-1niigata1.pdf,official_daily_result_pdf
201204010102,2012,新潟,1,1,2,2012-05-05,https://www.jra.go.jp/datafile/seiseki/report/2012/2012-1niigata1.pdf,official_daily_result_pdf
201204010103,2012,新潟,1,1,3,2012-05-05,https://www.jra.go.jp/datafile/seiseki/report/2012/2012-1niigata1.pdf,official_daily_result_pdf
201204010104,2012,新潟,1,1,4,2012-05-05,https://www.jra.go.jp/datafile/seiseki/report/2012/2012-1niigata1.pdf,official_daily_result_pdf
201204010105,2012,新潟,1,1,5,2012-05-05,https://www.jra.go.jp/datafile/seiseki/report/2012/2012-1niigata1.pdf,official_daily_result_pdf
201204010106,2012,新潟,1,1,6,2012-05-05,https://www.jra.go.jp/datafile/seiseki/report/2012/2012-1niigata1.pdf,official_daily_result_pdf
201204010107,2012,新潟,1,1,7,2012-05-05,https://www.jra.go.jp/datafile/seiseki/report/2012/2012-1niigata1.pdf,official_daily_result_pdf
201204010108,2012,新潟,1,1,8,2012-05-05,https://www.jra.go.jp/datafile/seiseki/report/2012/2012-1niigata1.pdf,official_daily_result_pdf
201204010109,2012,新潟,1,1,9,2012-05-05,https://www.jra.go.jp/datafile/seiseki/report/2012/2012-1niigata1.pdf,official_daily_result_pdf
201204010110,2012,新潟,1,1,10,2012-05-05,https://www.jra.go.jp/datafile/seiseki/report/2012/2012-1niigata1.pdf,official_daily_result_pdf
201204010111,2012,新潟,1,1,11,2012-05-05,https://www.jra.go.jp/datafile/seiseki/report/2012/2012-1niigata1.pdf,official_daily_result_pdf
201204010112,2012,新潟,1,1,12,2012-05-05,https://www.jra.go.jp/datafile/seiseki/report/2012/2012-1niigata1.pdf,official_daily_result_pdf
201204010201,2012,新潟,1,2,1,2012-05-06,https://www.jra.go.jp/datafile/seiseki/report/2012/2012-1niigata2.pdf,official_daily_result_pdf
201204010202,2012,新潟,1,2,2,2012-05-06,https://www.jra.go.jp/datafile/seiseki/report/2012/2012-1niigata2.pdf,official_daily_result_pdf
201204010203,2012,新潟,1,2,3,2012-05-06,https://www.jra.go.jp/datafile/seiseki/report/2012/2012-1niigata2.pdf,official_daily_result_pdf
201204010204,2012,新潟,1,2,4,2012-05-06,https://www.jra.go.jp/datafile/seiseki/report/2012/2012-1niigata2.pdf,official_daily_result_pdf
201204010205,2012,新潟,1,2,5,2012-05-06,https://www.jra.go.jp/datafile/seiseki/report/2012/2012-1niigata2.pdf,official_daily_result_pdf
201204010206,2012,新潟,1,2,6,2012-05-06,https://www.jra.go.jp/datafile/seiseki/report/2012/2012-1niigata2.pdf,official_daily_result_pdf
201204010207,2012,新潟,1,2,7,2012-05-06,https://www.jra.go.jp/datafile/seiseki/report/2012/2012-1niigata2.pdf,official_daily_result_pdf
201204010208,2012,新潟,1,2,8,2012-05-06,https://www.jra.go.jp/datafile/seiseki/report/2012/2012-1niigata2.pdf,official_daily_result_pdf
201204010209,2012,新潟,1,2,9,2012-05-06,https://www.jra.go.jp/datafile/seiseki/report/2012/2012-1niigata2.pdf,official_daily_result_pdf
201204010210,2012,新潟,1,2,10,2012-05-06,https://www.jra.go.jp/datafile/seiseki/report/2012/2012-1niigata2.pdf,official_daily_result_pdf
201204010211,2012,新潟,1,2,11,2012-05-06,https://www.jra.go.jp/datafile/seiseki/report/2012/2012-1niigata2.pdf,official_daily_result_pdf
201204010212,2012,新潟,1,2,12,2012-05-06,https://www.jra.go.jp/datafile/seiseki/report/2012/2012-1niigata2.pdf,official_daily_result_pdf
201204010301,2012,新潟,1,3,1,2012-05-12,https://www.jra.go.jp/datafile/seiseki/report/2012/2012-1niigata3.pdf,official_daily_result_pdf
201204010302,2012,新潟,1,3,2,2012-05-12,https://www.jra.go.jp/datafile/seiseki/report/2012/2012-1niigata3.pdf,official_daily_result_pdf
201204010303,2012,新潟,1,3,3,2012-05-12,https://www.jra.go.jp/datafile/seiseki/report/2012/2012-1niigata3.pdf,official_daily_result_pdf
201204010304,2012,新潟,1,3,4,2012-05-12,https://www.jra.go.jp/datafile/seiseki/report/2012/2012-1niigata3.pdf,official_daily_result_pdf
201204010305,2012,新潟,1,3,5,2012-05-12,https://www.jra.go.jp/datafile/seiseki/report/2012/2012-1niigata3.pdf,official_daily_result_pdf
201204010306,2012,新潟,1,3,6,2012-05-12,https://www.jra.go.jp/datafile/seiseki/report/2012/2012-1niigata3.pdf,official_daily_result_pdf
201204010307,2012,新潟,1,3,7,2012-05-12,https://www.jra.go.jp/datafile/seiseki/report/2012/2012-1niigata3.pdf,official_daily_result_pdf
201204010308,2012,新潟,1,3,8,2012-05-12,https://www.jra.go.jp/datafile/seiseki/report/2012/2012-1niigata3.pdf,official_daily_result_pdf
201204010309,2012,新潟,1,3,9,2012-05-12,https://www.jra.go.jp/datafile/seiseki/report/2012/2012-1niigata3.pdf,official_daily_result_pdf
201204010310,2012,新潟,1,3,10,2012-05-12,https://www.jra.go.jp/datafile/seiseki/report/2012/2012-1niigata3.pdf,official_daily_result_pdf
201204010311,2012,新潟,1,3,11,2012-05-12,https://www.jra.go.jp/datafile/seiseki/report/2012/2012-1niigata3.pdf,official_daily_result_pdf
201204010312,2012,新潟,1,3,12,2012-05-12,https://www.jra.go.jp/datafile/seiseki/report/2012/2012-1niigata3.pdf,official_daily_result_pdf
201204010401,2012,新潟,1,4,1,2012-05-13,https://www.jra.go.jp/datafile/seiseki/report/2012/2012-1niigata4.pdf,official_daily_result_pdf
201204010402,2012,新潟,1,4,2,2012-05-13,https://www.jra.go.jp/datafile/seiseki/report/2012/2012-1niigata4.pdf,official_daily_result_pdf
201204010403,2012,新潟,1,4,3,2012-05-13,https://www.jra.go.jp/datafile/seiseki/report/2012/2012-1niigata4.pdf,official_daily_result_pdf
201204010404,2012,新潟,1,4,4,2012-05-13,https://www.jra.go.jp/datafile/seiseki/report/2012/2012-1niigata4.pdf,official_daily_result_pdf
201204010405,2012,新潟,1,4,5,2012-05-13,https://www.jra.go.jp/datafile/seiseki/report/2012/2012-1niigata4.pdf,official_daily_result_pdf
201204010406,2012,新潟,1,4,6,2012-05-13,https://www.jra.go.jp/datafile/seiseki/report/2012/2012-1niigata4.pdf,official_daily_result_pdf
201204010407,2012,新潟,1,4,7,2012-05-13,https://www.jra.go.jp/datafile/seiseki/report/2012/2012-1niigata4.pdf,official_daily_result_pdf
201204010408,2012,新潟,1,4,8,2012-05-13,https://www.jra.go.jp/datafile/seiseki/report/2012/2012-1niigata4.pdf,official_daily_result_pdf
201204010409,2012,新潟,1,4,9,2012-05-13,https://www.jra.go.jp/datafile/seiseki/report/2012/2012-1niigata4.pdf,official_daily_result_pdf
201204010410,2012,新潟,1,4,10,2012-05-13,https://www.jra.go.jp/datafile/seiseki/report/2012/2012-1niigata4.pdf,official_daily_result_pdf
201204010411,2012,新潟,1,4,11,2012-05-13,https://www.jra.go.jp/datafile/seiseki/report/2012/2012-1niigata4.pdf,official_daily_result_pdf
201204010412,2012,新潟,1,4,12,2012-05-13,https://www.jra.go.jp/datafile/seiseki/report/2012/2012-1niigata4.pdf,official_daily_result_pdf
201204010501,2012,新潟,1,5,1,2012-05-19,https://www.jra.go.jp/datafile/seiseki/report/2012/2012-1niigata5.pdf,official_daily_result_pdf
201204010502,2012,新潟,1,5,2,2012-05-19,https://www.jra.go.jp/datafile/seiseki/report/2012/2012-1niigata5.pdf,official_daily_result_pdf
201204010503,2012,新潟,1,5,3,2012-05-19,https://www.jra.go.jp/datafile/seiseki/report/2012/2012-1niigata5.pdf,official_daily_result_pdf
201204010504,2012,新潟,1,5,4,2012-05-19,https://www.jra.go.jp/datafile/seiseki/report/2012/2012-1niigata5.pdf,official_daily_result_pdf
201204010505,2012,新潟,1,5,5,2012-05-19,https://www.jra.go.jp/datafile/seiseki/report/2012/2012-1niigata5.pdf,official_daily_result_pdf
201204010506,2012,新潟,1,5,6,2012-05-19,https://www.jra.go.jp/datafile/seiseki/report/2012/2012-1niigata5.pdf,official_daily_result_pdf
201204010507,2012,新潟,1,5,7,2012-05-19,https://www.jra.go.jp/datafile/seiseki/report/2012/2012-1niigata5.pdf,official_daily_result_pdf
201204010508,2012,新潟,1,5,8,2012-05-19,https://www.jra.go.jp/datafile/seiseki/report/2012/2012-1niigata5.pdf,official_daily_result_pdf
201204010509,2012,新潟,1,5,9,2012-05-19,https://www.jra.go.jp/datafile/seiseki/report/2012/2012-1niigata5.pdf,official_daily_result_pdf
201204010510,2012,新潟,1,5,10,2012-05-19,https://www.jra.go.jp/datafile/seiseki/report/2012/2012-1niigata5.pdf,official_daily_result_pdf
201204010511,2012,新潟,1,5,11,2012-05-19,https://www.jra.go.jp/datafile/seiseki/report/2012/2012-1niigata5.pdf,official_daily_result_pdf
201204010512,2012,新潟,1,5,12,2012-05-19,https://www.jra.go.jp/datafile/seiseki/report/2012/2012-1niigata5.pdf,official_daily_result_pdf
201204010601,2012,新潟,1,6,1,2012-05-20,https://www.jra.go.jp/datafile/seiseki/report/2012/2012-1niigata6.pdf,official_daily_result_pdf
201204010602,2012,新潟,1,6,2,2012-05-20,https://www.jra.go.jp/datafile/seiseki/report/2012/2012-1niigata6.pdf,official_daily_result_pdf
201204010603,2012,新潟,1,6,3,2012-05-20,https://www.jra.go.jp/datafile/seiseki/report/2012/2012-1niigata6.pdf,official_daily_result_pdf
201204010604,2012,新潟,1,6,4,2012-05-20,https://www.jra.go.jp/datafile/seiseki/report/2012/2012-1niigata6.pdf,official_daily_result_pdf
201204010605,2012,新潟,1,6,5,2012-05-20,https://www.jra.go.jp/datafile/seiseki/report/2012/2012-1niigata6.pdf,official_daily_result_pdf
201204010606,2012,新潟,1,6,6,2012-05-20,https://www.jra.go.jp/datafile/seiseki/report/2012/2012-1niigata6.pdf,official_daily_result_pdf
201204010607,2012,新潟,1,6,7,2012-05-20,https://www.jra.go.jp/datafile/seiseki/report/2012/2012-1niigata6.pdf,official_daily_result_pdf
201204010608,2012,新潟,1,6,8,2012-05-20,https://www.jra.go.jp/datafile/seiseki/report/2012/2012-1niigata6.pdf,official_daily_result_pdf
201204010609,2012,新潟,1,6,9,2012-05-20,https://www.jra.go.jp/datafile/seiseki/report/2012/2012-1niigata6.pdf,official_daily_result_pdf
201204010610,2012,新潟,1,6,10,2012-05-20,https://www.jra.go.jp/datafile/seiseki/report/2012/2012-1niigata6.pdf,official_daily_result_pdf
201204010611,2012,新潟,1,6,11,2012-05-20,https://www.jra.go.jp/datafile/seiseki/report/2012/2012-1niigata6.pdf,official_daily_result_pdf
201204010612,2012,新潟,1,6,12,2012-05-20,https://www.jra.go.jp/datafile/seiseki/report/2012/2012-1niigata6.pdf,official_daily_result_pdf
201204020101,2012,新潟,2,1,1,2012-07-14,https://www.jra.go.jp/datafile/seiseki/report/2012/2012-2niigata1.pdf,official_daily_result_pdf
201204020102,2012,新潟,2,1,2,2012-07-14,https://www.jra.go.jp/datafile/seiseki/report/2012/2012-2niigata1.pdf,official_daily_result_pdf
201204020103,2012,新潟,2,1,3,2012-07-14,https://www.jra.go.jp/datafile/seiseki/report/2012/2012-2niigata1.pdf,official_daily_result_pdf
201204020104,2012,新潟,2,1,4,2012-07-14,https://www.jra.go.jp/datafile/seiseki/report/2012/2012-2niigata1.pdf,official_daily_result_pdf
201204020105,2012,新潟,2,1,5,2012-07-14,https://www.jra.go.jp/datafile/seiseki/report/2012/2012-2niigata1.pdf,official_daily_result_pdf
201204020106,2012,新潟,2,1,6,2012-07-14,https://www.jra.go.jp/datafile/seiseki/report/2012/2012-2niigata1.pdf,official_daily_result_pdf
201204020107,2012,新潟,2,1,7,2012-07-14,https://www.jra.go.jp/datafile/seiseki/report/2012/2012-2niigata1.pdf,official_daily_result_pdf
201204020108,2012,新潟,2,1,8,2012-07-14,https://www.jra.go.jp/datafile/seiseki/report/2012/2012-2niigata1.pdf,official_daily_result_pdf
201204020109,2012,新潟,2,1,9,2012-07-14,https://www.jra.go.jp/datafile/seiseki/report/2012/2012-2niigata1.pdf,official_daily_result_pdf
201204020110,2012,新潟,2,1,10,2012-07-14,https://www.jra.go.jp/datafile/seiseki/report/2012/2012-2niigata1.pdf,official_daily_result_pdf
201204020111,2012,新潟,2,1,11,2012-07-14,https://www.jra.go.jp/datafile/seiseki/report/2012/2012-2niigata1.pdf,official_daily_result_pdf
201204020112,2012,新潟,2,1,12,2012-07-14,https://www.jra.go.jp/datafile/seiseki/report/2012/2012-2niigata1.pdf,official_daily_result_pdf
201204020201,2012,新潟,2,2,1,2012-07-15,https://www.jra.go.jp/datafile/seiseki/report/2012/2012-2niigata2.pdf,official_daily_result_pdf
201204020202,2012,新潟,2,2,2,2012-07-15,https://www.jra.go.jp/datafile/seiseki/report/2012/2012-2niigata2.pdf,official_daily_result_pdf
201204020203,2012,新潟,2,2,3,2012-07-15,https://www.jra.go.jp/datafile/seiseki/report/2012/2012-2niigata2.pdf,official_daily_result_pdf
201204020204,2012,新潟,2,2,4,2012-07-15,https://www.jra.go.jp/datafile/seiseki/report/2012/2012-2niigata2.pdf,official_daily_result_pdf
201204020205,2012,新潟,2,2,5,2012-07-15,https://www.jra.go.jp/datafile/seiseki/report/2012/2012-2niigata2.pdf,official_daily_result_pdf
201204020206,2012,新潟,2,2,6,2012-07-15,https://www.jra.go.jp/datafile/seiseki/report/2012/2012-2niigata2.pdf,official_daily_result_pdf
201204020207,2012,新潟,2,2,7,2012-07-15,https://www.jra.go.jp/datafile/seiseki/report/2012/2012-2niigata2.pdf,official_daily_result_pdf
201204020208,2012,新潟,2,2,8,2012-07-15,https://www.jra.go.jp/datafile/seiseki/report/2012/2012-2niigata2.pdf,official_daily_result_pdf
201204020209,2012,新潟,2,2,9,2012-07-15,https://www.jra.go.jp/datafile/seiseki/report/2012/2012-2niigata2.pdf,official_daily_result_pdf
201204020210,2012,新潟,2,2,10,2012-07-15,https://www.jra.go.jp/datafile/seiseki/report/2012/2012-2niigata2.pdf,official_daily_result_pdf
201204020211,2012,新潟,2,2,11,2012-07-15,https://www.jra.go.jp/datafile/seiseki/report/2012/2012-2niigata2.pdf,official_daily_result_pdf
201204020212,2012,新潟,2,2,12,2012-07-15,https://www.jra.go.jp/datafile/seiseki/report/2012/2012-2niigata2.pdf,official_daily_result_pdf
201204020301,2012,新潟,2,3,1,2012-07-21,https://www.jra.go.jp/datafile/seiseki/report/2012/2012-2niigata3.pdf,official_daily_result_pdf
201204020302,2012,新潟,2,3,2,2012-07-21,https://www.jra.go.jp/datafile/seiseki/report/2012/2012-2niigata3.pdf,official_daily_result_pdf
201204020303,2012,新潟,2,3,3,2012-07-21,https://www.jra.go.jp/datafile/seiseki/report/2012/2012-2niigata3.pdf,official_daily_result_pdf
201204020304,2012,新潟,2,3,4,2012-07-21,https://www.jra.go.jp/datafile/seiseki/report/2012/2012-2niigata3.pdf,official_daily_result_pdf
201204020305,2012,新潟,2,3,5,2012-07-21,https://www.jra.go.jp/datafile/seiseki/report/2012/2012-2niigata3.pdf,official_daily_result_pdf
201204020306,2012,新潟,2,3,6,2012-07-21,https://www.jra.go.jp/datafile/seiseki/report/2012/2012-2niigata3.pdf,official_daily_result_pdf
201204020307,2012,新潟,2,3,7,2012-07-21,https://www.jra.go.jp/datafile/seiseki/report/2012/2012-2niigata3.pdf,official_daily_result_pdf
201204020308,2012,新潟,2,3,8,2012-07-21,https://www.jra.go.jp/datafile/seiseki/report/2012/2012-2niigata3.pdf,official_daily_result_pdf
201204020309,2012,新潟,2,3,9,2012-07-21,https://www.jra.go.jp/datafile/seiseki/report/2012/2012-2niigata3.pdf,official_daily_result_pdf
201204020310,2012,新潟,2,3,10,2012-07-21,https://www.jra.go.jp/datafile/seiseki/report/2012/2012-2niigata3.pdf,official_daily_result_pdf
201204020311,2012,新潟,2,3,11,2012-07-21,https://www.jra.go.jp/datafile/seiseki/report/2012/2012-2niigata3.pdf,official_daily_result_pdf
201204020312,2012,新潟,2,3,12,2012-07-21,https://www.jra.go.jp/datafile/seiseki/report/2012/2012-2niigata3.pdf,official_daily_result_pdf
201204020401,2012,新潟,2,4,1,2012-07-22,https://www.jra.go.jp/datafile/seiseki/report/2012/2012-2niigata4.pdf,official_daily_result_pdf
201204020402,2012,新潟,2,4,2,2012-07-22,https://www.jra.go.jp/datafile/seiseki/report/2012/2012-2niigata4.pdf,official_daily_result_pdf
201204020403,2012,新潟,2,4,3,2012-07-22,https://www.jra.go.jp/datafile/seiseki/report/2012/2012-2niigata4.pdf,official_daily_result_pdf
201204020404,2012,新潟,2,4,4,2012-07-22,https://www.jra.go.jp/datafile/seiseki/report/2012/2012-2niigata4.pdf,official_daily_result_pdf
201204020405,2012,新潟,2,4,5,2012-07-22,https://www.jra.go.jp/datafile/seiseki/report/2012/2012-2niigata4.pdf,official_daily_result_pdf
201204020406,2012,新潟,2,4,6,2012-07-22,https://www.jra.go.jp/datafile/seiseki/report/2012/2012-2niigata4.pdf,official_daily_result_pdf
201204020407,2012,新潟,2,4,7,2012-07-22,https://www.jra.go.jp/datafile/seiseki/report/2012/2012-2niigata4.pdf,official_daily_result_pdf
201204020408,2012,新潟,2,4,8,2012-07-22,https://www.jra.go.jp/datafile/seiseki/report/2012/2012-2niigata4.pdf,official_daily_result_pdf
201204020409,2012,新潟,2,4,9,2012-07-22,https://www.jra.go.jp/datafile/seiseki/report/2012/2012-2niigata4.pdf,official_daily_result_pdf
201204020410,2012,新潟,2,4,10,2012-07-22,https://www.jra.go.jp/datafile/seiseki/report/2012/2012-2niigata4.pdf,official_daily_result_pdf
201204020411,2012,新潟,2,4,11,2012-07-22,https://www.jra.go.jp/datafile/seiseki/report/2012/2012-2niigata4.pdf,official_daily_result_pdf
201204020412,2012,新潟,2,4,12,2012-07-22,https://www.jra.go.jp/datafile/seiseki/report/2012/2012-2niigata4.pdf,official_daily_result_pdf
201204020501,2012,新潟,2,5,1,2012-07-28,https://www.jra.go.jp/datafile/seiseki/report/2012/2012-2niigata5.pdf,official_daily_result_pdf
201204020502,2012,新潟,2,5,2,2012-07-28,https://www.jra.go.jp/datafile/seiseki/report/2012/2012-2niigata5.pdf,official_daily_result_pdf
201204020503,2012,新潟,2,5,3,2012-07-28,https://www.jra.go.jp/datafile/seiseki/report/2012/2012-2niigata5.pdf,official_daily_result_pdf
201204020504,2012,新潟,2,5,4,2012-07-28,https://www.jra.go.jp/datafile/seiseki/report/2012/2012-2niigata5.pdf,official_daily_result_pdf
201204020505,2012,新潟,2,5,5,2012-07-28,https://www.jra.go.jp/datafile/seiseki/report/2012/2012-2niigata5.pdf,official_daily_result_pdf
201204020506,2012,新潟,2,5,6,2012-07-28,https://www.jra.go.jp/datafile/seiseki/report/2012/2012-2niigata5.pdf,official_daily_result_pdf
201204020507,2012,新潟,2,5,7,2012-07-28,https://www.jra.go.jp/datafile/seiseki/report/2012/2012-2niigata5.pdf,official_daily_result_pdf
201204020508,2012,新潟,2,5,8,2012-07-28,https://www.jra.go.jp/datafile/seiseki/report/2012/2012-2niigata5.pdf,official_daily_result_pdf
201204020509,2012,新潟,2,5,9,2012-07-28,https://www.jra.go.jp/datafile/seiseki/report/2012/2012-2niigata5.pdf,official_daily_result_pdf
201204020510,2012,新潟,2,5,10,2012-07-28,https://www.jra.go.jp/datafile/seiseki/report/2012/2012-2niigata5.pdf,official_daily_result_pdf
201204020511,2012,新潟,2,5,11,2012-07-28,https://www.jra.go.jp/datafile/seiseki/report/2012/2012-2niigata5.pdf,official_daily_result_pdf
201204020512,2012,新潟,2,5,12,2012-07-28,https://www.jra.go.jp/datafile/seiseki/report/2012/2012-2niigata5.pdf,official_daily_result_pdf
201204020601,2012,新潟,2,6,1,2012-07-29,https://www.jra.go.jp/datafile/seiseki/report/2012/2012-2niigata6.pdf,official_daily_result_pdf
201204020602,2012,新潟,2,6,2,2012-07-29,https://www.jra.go.jp/datafile/seiseki/report/2012/2012-2niigata6.pdf,official_daily_result_pdf
201204020603,2012,新潟,2,6,3,2012-07-29,https://www.jra.go.jp/datafile/seiseki/report/2012/2012-2niigata6.pdf,official_daily_result_pdf
201204020604,2012,新潟,2,6,4,2012-07-29,https://www.jra.go.jp/datafile/seiseki/report/2012/2012-2niigata6.pdf,official_daily_result_pdf
201204020605,2012,新潟,2,6,5,2012-07-29,https://www.jra.go.jp/datafile/seiseki/report/2012/2012-2niigata6.pdf,official_daily_result_pdf
201204020606,2012,新潟,2,6,6,2012-07-29,https://www.jra.go.jp/datafile/seiseki/report/2012/2012-2niigata6.pdf,official_daily_result_pdf
201204020607,2012,新潟,2,6,7,2012-07-29,https://www.jra.go.jp/datafile/seiseki/report/2012/2012-2niigata6.pdf,official_daily_result_pdf
201204020608,2012,新潟,2,6,8,2012-07-29,https://www.jra.go.jp/datafile/seiseki/report/2012/2012-2niigata6.pdf,official_daily_result_pdf
201204020609,2012,新潟,2,6,9,2012-07-29,https://www.jra.go.jp/datafile/seiseki/report/2012/2012-2niigata6.pdf,official_daily_result_pdf
201204020610,2012,新潟,2,6,10,2012-07-29,https://www.jra.go.jp/datafile/seiseki/report/2012/2012-2niigata6.pdf,official_daily_result_pdf
201204020611,2012,新潟,2,6,11,2012-07-29,https://www.jra.go.jp/datafile/seiseki/report/2012/2012-2niigata6.pdf,official_daily_result_pdf
201204020612,2012,新潟,2,6,12,2012-07-29,https://www.jra.go.jp/datafile/seiseki/report/2012/2012-2niigata6.pdf,official_daily_result_pdf
201204020701,2012,新潟,2,7,1,2012-08-04,https://www.jra.go.jp/datafile/seiseki/report/2012/2012-2niigata7.pdf,official_daily_result_pdf
201204020702,2012,新潟,2,7,2,2012-08-04,https://www.jra.go.jp/datafile/seiseki/report/2012/2012-2niigata7.pdf,official_daily_result_pdf
201204020703,2012,新潟,2,7,3,2012-08-04,https://www.jra.go.jp/datafile/seiseki/report/2012/2012-2niigata7.pdf,official_daily_result_pdf
201204020704,2012,新潟,2,7,4,2012-08-04,https://www.jra.go.jp/datafile/seiseki/report/2012/2012-2niigata7.pdf,official_daily_result_pdf
201204020705,2012,新潟,2,7,5,2012-08-04,https://www.jra.go.jp/datafile/seiseki/report/2012/2012-2niigata7.pdf,official_daily_result_pdf
201204020706,2012,新潟,2,7,6,2012-08-04,https://www.jra.go.jp/datafile/seiseki/report/2012/2012-2niigata7.pdf,official_daily_result_pdf
201204020707,2012,新潟,2,7,7,2012-08-04,https://www.jra.go.jp/datafile/seiseki/report/2012/2012-2niigata7.pdf,official_daily_result_pdf
201204020708,2012,新潟,2,7,8,2012-08-04,https://www.jra.go.jp/datafile/seiseki/report/2012/2012-2niigata7.pdf,official_daily_result_pdf
201204020709,2012,新潟,2,7,9,2012-08-04,https://www.jra.go.jp/datafile/seiseki/report/2012/2012-2niigata7.pdf,official_daily_result_pdf
201204020710,2012,新潟,2,7,10,2012-08-04,https://www.jra.go.jp/datafile/seiseki/report/2012/2012-2niigata7.pdf,official_daily_result_pdf
201204020711,2012,新潟,2,7,11,2012-08-04,https://www.jra.go.jp/datafile/seiseki/report/2012/2012-2niigata7.pdf,official_daily_result_pdf
201204020712,2012,新潟,2,7,12,2012-08-04,https://www.jra.go.jp/datafile/seiseki/report/2012/2012-2niigata7.pdf,official_daily_result_pdf
201204020801,2012,新潟,2,8,1,2012-08-05,https://www.jra.go.jp/datafile/seiseki/report/2012/2012-2niigata8.pdf,official_daily_result_pdf
201204020802,2012,新潟,2,8,2,2012-08-05,https://www.jra.go.jp/datafile/seiseki/report/2012/2012-2niigata8.pdf,official_daily_result_pdf
201204020803,2012,新潟,2,8,3,2012-08-05,https://www.jra.go.jp/datafile/seiseki/report/2012/2012-2niigata8.pdf,official_daily_result_pdf
201204020804,2012,新潟,2,8,4,2012-08-05,https://www.jra.go.jp/datafile/seiseki/report/2012/2012-2niigata8.pdf,official_daily_result_pdf
201204020805,2012,新潟,2,8,5,2012-08-05,https://www.jra.go.jp/datafile/seiseki/report/2012/2012-2niigata8.pdf,official_daily_result_pdf
201204020806,2012,新潟,2,8,6,2012-08-05,https://www.jra.go.jp/datafile/seiseki/report/2012/2012-2niigata8.pdf,official_daily_result_pdf
201204020807,2012,新潟,2,8,7,2012-08-05,https://www.jra.go.jp/datafile/seiseki/report/2012/2012-2niigata8.pdf,official_daily_result_pdf
201204020808,2012,新潟,2,8,8,2012-08-05,https://www.jra.go.jp/datafile/seiseki/report/2012/2012-2niigata8.pdf,official_daily_result_pdf
201204020809,2012,新潟,2,8,9,2012-08-05,https://www.jra.go.jp/datafile/seiseki/report/2012/2012-2niigata8.pdf,official_daily_result_pdf
201204020810,2012,新潟,2,8,10,2012-08-05,https://www.jra.go.jp/datafile/seiseki/report/2012/2012-2niigata8.pdf,official_daily_result_pdf
201204020811,2012,新潟,2,8,11,2012-08-05,https://www.jra.go.jp/datafile/seiseki/report/2012/2012-2niigata8.pdf,official_daily_result_pdf
201204020812,2012,新潟,2,8,12,2012-08-05,https://www.jra.go.jp/datafile/seiseki/report/2012/2012-2niigata8.pdf,official_daily_result_pdf
201204030101,2012,新潟,3,1,1,2012-08-11,https://www.jra.go.jp/datafile/seiseki/report/2012/2012-3niigata1.pdf,official_daily_result_pdf
201204030102,2012,新潟,3,1,2,2012-08-11,https://www.jra.go.jp/datafile/seiseki/report/2012/2012-3niigata1.pdf,official_daily_result_pdf
201204030103,2012,新潟,3,1,3,2012-08-11,https://www.jra.go.jp/datafile/seiseki/report/2012/2012-3niigata1.pdf,official_daily_result_pdf
201204030104,2012,新潟,3,1,4,2012-08-11,https://www.jra.go.jp/datafile/seiseki/report/2012/2012-3niigata1.pdf,official_daily_result_pdf
201204030105,2012,新潟,3,1,5,2012-08-11,https://www.jra.go.jp/datafile/seiseki/report/2012/2012-3niigata1.pdf,official_daily_result_pdf
201204030106,2012,新潟,3,1,6,2012-08-11,https://www.jra.go.jp/datafile/seiseki/report/2012/2012-3niigata1.pdf,official_daily_result_pdf
201204030107,2012,新潟,3,1,7,2012-08-11,https://www.jra.go.jp/datafile/seiseki/report/2012/2012-3niigata1.pdf,official_daily_result_pdf
201204030108,2012,新潟,3,1,8,2012-08-11,https://www.jra.go.jp/datafile/seiseki/report/2012/2012-3niigata1.pdf,official_daily_result_pdf
201204030109,2012,新潟,3,1,9,2012-08-11,https://www.jra.go.jp/datafile/seiseki/report/2012/2012-3niigata1.pdf,official_daily_result_pdf
201204030110,2012,新潟,3,1,10,2012-08-11,https://www.jra.go.jp/datafile/seiseki/report/2012/2012-3niigata1.pdf,official_daily_result_pdf
201204030111,2012,新潟,3,1,11,2012-08-11,https://www.jra.go.jp/datafile/seiseki/report/2012/2012-3niigata1.pdf,official_daily_result_pdf
201204030112,2012,新潟,3,1,12,2012-08-11,https://www.jra.go.jp/datafile/seiseki/report/2012/2012-3niigata1.pdf,official_daily_result_pdf
201204030201,2012,新潟,3,2,1,2012-08-12,https://www.jra.go.jp/datafile/seiseki/report/2012/2012-3niigata2.pdf,official_daily_result_pdf
201204030202,2012,新潟,3,2,2,2012-08-12,https://www.jra.go.jp/datafile/seiseki/report/2012/2012-3niigata2.pdf,official_daily_result_pdf
201204030203,2012,新潟,3,2,3,2012-08-12,https://www.jra.go.jp/datafile/seiseki/report/2012/2012-3niigata2.pdf,official_daily_result_pdf
201204030204,2012,新潟,3,2,4,2012-08-12,https://www.jra.go.jp/datafile/seiseki/report/2012/2012-3niigata2.pdf,official_daily_result_pdf
201204030205,2012,新潟,3,2,5,2012-08-12,https://www.jra.go.jp/datafile/seiseki/report/2012/2012-3niigata2.pdf,official_daily_result_pdf
201204030206,2012,新潟,3,2,6,2012-08-12,https://www.jra.go.jp/datafile/seiseki/report/2012/2012-3niigata2.pdf,official_daily_result_pdf
201204030207,2012,新潟,3,2,7,2012-08-12,https://www.jra.go.jp/datafile/seiseki/report/2012/2012-3niigata2.pdf,official_daily_result_pdf
201204030208,2012,新潟,3,2,8,2012-08-12,https://www.jra.go.jp/datafile/seiseki/report/2012/2012-3niigata2.pdf,official_daily_result_pdf
201204030209,2012,新潟,3,2,9,2012-08-12,https://www.jra.go.jp/datafile/seiseki/report/2012/2012-3niigata2.pdf,official_daily_result_pdf
201204030210,2012,新潟,3,2,10,2012-08-12,https://www.jra.go.jp/datafile/seiseki/report/2012/2012-3niigata2.pdf,official_daily_result_pdf
201204030211,2012,新潟,3,2,11,2012-08-12,https://www.jra.go.jp/datafile/seiseki/report/2012/2012-3niigata2.pdf,official_daily_result_pdf
201204030212,2012,新潟,3,2,12,2012-08-12,https://www.jra.go.jp/datafile/seiseki/report/2012/2012-3niigata2.pdf,official_daily_result_pdf
201204030301,2012,新潟,3,3,1,2012-08-18,https://www.jra.go.jp/datafile/seiseki/report/2012/2012-3niigata3.pdf,official_daily_result_pdf
201204030302,2012,新潟,3,3,2,2012-08-18,https://www.jra.go.jp/datafile/seiseki/report/2012/2012-3niigata3.pdf,official_daily_result_pdf
201204030303,2012,新潟,3,3,3,2012-08-18,https://www.jra.go.jp/datafile/seiseki/report/2012/2012-3niigata3.pdf,official_daily_result_pdf
201204030304,2012,新潟,3,3,4,2012-08-18,https://www.jra.go.jp/datafile/seiseki/report/2012/2012-3niigata3.pdf,official_daily_result_pdf
201204030305,2012,新潟,3,3,5,2012-08-18,https://www.jra.go.jp/datafile/seiseki/report/2012/2012-3niigata3.pdf,official_daily_result_pdf
201204030306,2012,新潟,3,3,6,2012-08-18,https://www.jra.go.jp/datafile/seiseki/report/2012/2012-3niigata3.pdf,official_daily_result_pdf
201204030307,2012,新潟,3,3,7,2012-08-18,https://www.jra.go.jp/datafile/seiseki/report/2012/2012-3niigata3.pdf,official_daily_result_pdf
201204030308,2012,新潟,3,3,8,2012-08-18,https://www.jra.go.jp/datafile/seiseki/report/2012/2012-3niigata3.pdf,official_daily_result_pdf
201204030309,2012,新潟,3,3,9,2012-08-18,https://www.jra.go.jp/datafile/seiseki/report/2012/2012-3niigata3.pdf,official_daily_result_pdf
201204030310,2012,新潟,3,3,10,2012-08-18,https://www.jra.go.jp/datafile/seiseki/report/2012/2012-3niigata3.pdf,official_daily_result_pdf
201204030311,2012,新潟,3,3,11,2012-08-18,https://www.jra.go.jp/datafile/seiseki/report/2012/2012-3niigata3.pdf,official_daily_result_pdf
201204030312,2012,新潟,3,3,12,2012-08-18,https://www.jra.go.jp/datafile/seiseki/report/2012/2012-3niigata3.pdf,official_daily_result_pdf
201204030401,2012,新潟,3,4,1,2012-08-19,https://www.jra.go.jp/datafile/seiseki/report/2012/2012-3niigata4.pdf,official_daily_result_pdf
201204030402,2012,新潟,3,4,2,2012-08-19,https://www.jra.go.jp/datafile/seiseki/report/2012/2012-3niigata4.pdf,official_daily_result_pdf
201204030403,2012,新潟,3,4,3,2012-08-19,https://www.jra.go.jp/datafile/seiseki/report/2012/2012-3niigata4.pdf,official_daily_result_pdf
201204030404,2012,新潟,3,4,4,2012-08-19,https://www.jra.go.jp/datafile/seiseki/report/2012/2012-3niigata4.pdf,official_daily_result_pdf
201204030405,2012,新潟,3,4,5,2012-08-19,https://www.jra.go.jp/datafile/seiseki/report/2012/2012-3niigata4.pdf,official_daily_result_pdf
201204030406,2012,新潟,3,4,6,2012-08-19,https://www.jra.go.jp/datafile/seiseki/report/2012/2012-3niigata4.pdf,official_daily_result_pdf
201204030407,2012,新潟,3,4,7,2012-08-19,https://www.jra.go.jp/datafile/seiseki/report/2012/2012-3niigata4.pdf,official_daily_result_pdf
201204030408,2012,新潟,3,4,8,2012-08-19,https://www.jra.go.jp/datafile/seiseki/report/2012/2012-3niigata4.pdf,official_daily_result_pdf
201204030409,2012,新潟,3,4,9,2012-08-19,https://www.jra.go.jp/datafile/seiseki/report/2012/2012-3niigata4.pdf,official_daily_result_pdf
201204030410,2012,新潟,3,4,10,2012-08-19,https://www.jra.go.jp/datafile/seiseki/report/2012/2012-3niigata4.pdf,official_daily_result_pdf
201204030411,2012,新潟,3,4,11,2012-08-19,https://www.jra.go.jp/datafile/seiseki/report/2012/2012-3niigata4.pdf,official_daily_result_pdf
201204030412,2012,新潟,3,4,12,2012-08-19,https://www.jra.go.jp/datafile/seiseki/report/2012/2012-3niigata4.pdf,official_daily_result_pdf
201204030501,2012,新潟,3,5,1,2012-08-25,https://www.jra.go.jp/datafile/seiseki/report/2012/2012-3niigata5.pdf,official_daily_result_pdf
201204030502,2012,新潟,3,5,2,2012-08-25,https://www.jra.go.jp/datafile/seiseki/report/2012/2012-3niigata5.pdf,official_daily_result_pdf
201204030503,2012,新潟,3,5,3,2012-08-25,https://www.jra.go.jp/datafile/seiseki/report/2012/2012-3niigata5.pdf,official_daily_result_pdf
201204030504,2012,新潟,3,5,4,2012-08-25,https://www.jra.go.jp/datafile/seiseki/report/2012/2012-3niigata5.pdf,official_daily_result_pdf
201204030505,2012,新潟,3,5,5,2012-08-25,https://www.jra.go.jp/datafile/seiseki/report/2012/2012-3niigata5.pdf,official_daily_result_pdf
201204030506,2012,新潟,3,5,6,2012-08-25,https://www.jra.go.jp/datafile/seiseki/report/2012/2012-3niigata5.pdf,official_daily_result_pdf
201204030507,2012,新潟,3,5,7,2012-08-25,https://www.jra.go.jp/datafile/seiseki/report/2012/2012-3niigata5.pdf,official_daily_result_pdf
201204030508,2012,新潟,3,5,8,2012-08-25,https://www.jra.go.jp/datafile/seiseki/report/2012/2012-3niigata5.pdf,official_daily_result_pdf
201204030509,2012,新潟,3,5,9,2012-08-25,https://www.jra.go.jp/datafile/seiseki/report/2012/2012-3niigata5.pdf,official_daily_result_pdf
201204030510,2012,新潟,3,5,10,2012-08-25,https://www.jra.go.jp/datafile/seiseki/report/2012/2012-3niigata5.pdf,official_daily_result_pdf
201204030511,2012,新潟,3,5,11,2012-08-25,https://www.jra.go.jp/datafile/seiseki/report/2012/2012-3niigata5.pdf,official_daily_result_pdf
201204030512,2012,新潟,3,5,12,2012-08-25,https://www.jra.go.jp/datafile/seiseki/report/2012/2012-3niigata5.pdf,official_daily_result_pdf
201204030601,2012,新潟,3,6,1,2012-08-26,https://www.jra.go.jp/datafile/seiseki/report/2012/2012-3niigata6.pdf,official_daily_result_pdf
201204030602,2012,新潟,3,6,2,2012-08-26,https://www.jra.go.jp/datafile/seiseki/report/2012/2012-3niigata6.pdf,official_daily_result_pdf
201204030603,2012,新潟,3,6,3,2012-08-26,https://www.jra.go.jp/datafile/seiseki/report/2012/2012-3niigata6.pdf,official_daily_result_pdf
201204030604,2012,新潟,3,6,4,2012-08-26,https://www.jra.go.jp/datafile/seiseki/report/2012/2012-3niigata6.pdf,official_daily_result_pdf
201204030605,2012,新潟,3,6,5,2012-08-26,https://www.jra.go.jp/datafile/seiseki/report/2012/2012-3niigata6.pdf,official_daily_result_pdf
201204030606,2012,新潟,3,6,6,2012-08-26,https://www.jra.go.jp/datafile/seiseki/report/2012/2012-3niigata6.pdf,official_daily_result_pdf
201204030607,2012,新潟,3,6,7,2012-08-26,https://www.jra.go.jp/datafile/seiseki/report/2012/2012-3niigata6.pdf,official_daily_result_pdf
201204030608,2012,新潟,3,6,8,2012-08-26,https://www.jra.go.jp/datafile/seiseki/report/2012/2012-3niigata6.pdf,official_daily_result_pdf
201204030609,2012,新潟,3,6,9,2012-08-26,https://www.jra.go.jp/datafile/seiseki/report/2012/2012-3niigata6.pdf,official_daily_result_pdf
201204030610,2012,新潟,3,6,10,2012-08-26,https://www.jra.go.jp/datafile/seiseki/report/2012/2012-3niigata6.pdf,official_daily_result_pdf
201204030611,2012,新潟,3,6,11,2012-08-26,https://www.jra.go.jp/datafile/seiseki/report/2012/2012-3niigata6.pdf,official_daily_result_pdf
201204030612,2012,新潟,3,6,12,2012-08-26,https://www.jra.go.jp/datafile/seiseki/report/2012/2012-3niigata6.pdf,official_daily_result_pdf
201204030701,2012,新潟,3,7,1,2012-09-01,https://www.jra.go.jp/datafile/seiseki/report/2012/2012-3niigata7.pdf,official_daily_result_pdf
201204030702,2012,新潟,3,7,2,2012-09-01,https://www.jra.go.jp/datafile/seiseki/report/2012/2012-3niigata7.pdf,official_daily_result_pdf
201204030703,2012,新潟,3,7,3,2012-09-01,https://www.jra.go.jp/datafile/seiseki/report/2012/2012-3niigata7.pdf,official_daily_result_pdf
201204030704,2012,新潟,3,7,4,2012-09-01,https://www.jra.go.jp/datafile/seiseki/report/2012/2012-3niigata7.pdf,official_daily_result_pdf
201204030705,2012,新潟,3,7,5,2012-09-01,https://www.jra.go.jp/datafile/seiseki/report/2012/2012-3niigata7.pdf,official_daily_result_pdf
201204030706,2012,新潟,3,7,6,2012-09-01,https://www.jra.go.jp/datafile/seiseki/report/2012/2012-3niigata7.pdf,official_daily_result_pdf
201204030707,2012,新潟,3,7,7,2012-09-01,https://www.jra.go.jp/datafile/seiseki/report/2012/2012-3niigata7.pdf,official_daily_result_pdf
201204030708,2012,新潟,3,7,8,2012-09-01,https://www.jra.go.jp/datafile/seiseki/report/2012/2012-3niigata7.pdf,official_daily_result_pdf
201204030709,2012,新潟,3,7,9,2012-09-01,https://www.jra.go.jp/datafile/seiseki/report/2012/2012-3niigata7.pdf,official_daily_result_pdf
201204030710,2012,新潟,3,7,10,2012-09-01,https://www.jra.go.jp/datafile/seiseki/report/2012/2012-3niigata7.pdf,official_daily_result_pdf
201204030711,2012,新潟,3,7,11,2012-09-01,https://www.jra.go.jp/datafile/seiseki/report/2012/2012-3niigata7.pdf,official_daily_result_pdf
201204030712,2012,新潟,3,7,12,2012-09-01,https://www.jra.go.jp/datafile/seiseki/report/2012/2012-3niigata7.pdf,official_daily_result_pdf
201204030801,2012,新潟,3,8,1,2012-09-02,https://www.jra.go.jp/datafile/seiseki/report/2012/2012-3niigata8.pdf,official_daily_result_pdf
201204030802,2012,新潟,3,8,2,2012-09-02,https://www.jra.go.jp/datafile/seiseki/report/2012/2012-3niigata8.pdf,official_daily_result_pdf
201204030803,2012,新潟,3,8,3,2012-09-02,https://www.jra.go.jp/datafile/seiseki/report/2012/2012-3niigata8.pdf,official_daily_result_pdf
201204030804,2012,新潟,3,8,4,2012-09-02,https://www.jra.go.jp/datafile/seiseki/report/2012/2012-3niigata8.pdf,official_daily_result_pdf
201204030805,2012,新潟,3,8,5,2012-09-02,https://www.jra.go.jp/datafile/seiseki/report/2012/2012-3niigata8.pdf,official_daily_result_pdf
201204030806,2012,新潟,3,8,6,2012-09-02,https://www.jra.go.jp/datafile/seiseki/report/2012/2012-3niigata8.pdf,official_daily_result_pdf
201204030807,2012,新潟,3,8,7,2012-09-02,https://www.jra.go.jp/datafile/seiseki/report/2012/2012-3niigata8.pdf,official_daily_result_pdf
201204030808,2012,新潟,3,8,8,2012-09-02,https://www.jra.go.jp/datafile/seiseki/report/2012/2012-3niigata8.pdf,official_daily_result_pdf
201204030809,2012,新潟,3,8,9,2012-09-02,https://www.jra.go.jp/datafile/seiseki/report/2012/2012-3niigata8.pdf,official_daily_result_pdf
201204030810,2012,新潟,3,8,10,2012-09-02,https://www.jra.go.jp/datafile/seiseki/report/2012/2012-3niigata8.pdf,official_daily_result_pdf
201204030811,2012,新潟,3,8,11,2012-09-02,https://www.jra.go.jp/datafile/seiseki/report/2012/2012-3niigata8.pdf,official_daily_result_pdf
201204030812,2012,新潟,3,8,12,2012-09-02,https://www.jra.go.jp/datafile/seiseki/report/2012/2012-3niigata8.pdf,official_daily_result_pdf
201204040101,2012,新潟,4,1,1,2012-10-13,https://www.jra.go.jp/datafile/seiseki/report/2012/2012-4niigata1.pdf,official_daily_result_pdf
201204040102,2012,新潟,4,1,2,2012-10-13,https://www.jra.go.jp/datafile/seiseki/report/2012/2012-4niigata1.pdf,official_daily_result_pdf
201204040103,2012,新潟,4,1,3,2012-10-13,https://www.jra.go.jp/datafile/seiseki/report/2012/2012-4niigata1.pdf,official_daily_result_pdf
201204040104,2012,新潟,4,1,4,2012-10-13,https://www.jra.go.jp/datafile/seiseki/report/2012/2012-4niigata1.pdf,official_daily_result_pdf
201204040105,2012,新潟,4,1,5,2012-10-13,https://www.jra.go.jp/datafile/seiseki/report/2012/2012-4niigata1.pdf,official_daily_result_pdf
201204040106,2012,新潟,4,1,6,2012-10-13,https://www.jra.go.jp/datafile/seiseki/report/2012/2012-4niigata1.pdf,official_daily_result_pdf
201204040107,2012,新潟,4,1,7,2012-10-13,https://www.jra.go.jp/datafile/seiseki/report/2012/2012-4niigata1.pdf,official_daily_result_pdf
201204040108,2012,新潟,4,1,8,2012-10-13,https://www.jra.go.jp/datafile/seiseki/report/2012/2012-4niigata1.pdf,official_daily_result_pdf
201204040109,2012,新潟,4,1,9,2012-10-13,https://www.jra.go.jp/datafile/seiseki/report/2012/2012-4niigata1.pdf,official_daily_result_pdf
201204040110,2012,新潟,4,1,10,2012-10-13,https://www.jra.go.jp/datafile/seiseki/report/2012/2012-4niigata1.pdf,official_daily_result_pdf
201204040111,2012,新潟,4,1,11,2012-10-13,https://www.jra.go.jp/datafile/seiseki/report/2012/2012-4niigata1.pdf,official_daily_result_pdf
201204040112,2012,新潟,4,1,12,2012-10-13,https://www.jra.go.jp/datafile/seiseki/report/2012/2012-4niigata1.pdf,official_daily_result_pdf
201204040201,2012,新潟,4,2,1,2012-10-14,https://www.jra.go.jp/datafile/seiseki/report/2012/2012-4niigata2.pdf,official_daily_result_pdf
201204040202,2012,新潟,4,2,2,2012-10-14,https://www.jra.go.jp/datafile/seiseki/report/2012/2012-4niigata2.pdf,official_daily_result_pdf
201204040203,2012,新潟,4,2,3,2012-10-14,https://www.jra.go.jp/datafile/seiseki/report/2012/2012-4niigata2.pdf,official_daily_result_pdf
201204040204,2012,新潟,4,2,4,2012-10-14,https://www.jra.go.jp/datafile/seiseki/report/2012/2012-4niigata2.pdf,official_daily_result_pdf
201204040205,2012,新潟,4,2,5,2012-10-14,https://www.jra.go.jp/datafile/seiseki/report/2012/2012-4niigata2.pdf,official_daily_result_pdf
201204040206,2012,新潟,4,2,6,2012-10-14,https://www.jra.go.jp/datafile/seiseki/report/2012/2012-4niigata2.pdf,official_daily_result_pdf
201204040207,2012,新潟,4,2,7,2012-10-14,https://www.jra.go.jp/datafile/seiseki/report/2012/2012-4niigata2.pdf,official_daily_result_pdf
201204040208,2012,新潟,4,2,8,2012-10-14,https://www.jra.go.jp/datafile/seiseki/report/2012/2012-4niigata2.pdf,official_daily_result_pdf
201204040209,2012,新潟,4,2,9,2012-10-14,https://www.jra.go.jp/datafile/seiseki/report/2012/2012-4niigata2.pdf,official_daily_result_pdf
201204040210,2012,新潟,4,2,10,2012-10-14,https://www.jra.go.jp/datafile/seiseki/report/2012/2012-4niigata2.pdf,official_daily_result_pdf
201204040211,2012,新潟,4,2,11,2012-10-14,https://www.jra.go.jp/datafile/seiseki/report/2012/2012-4niigata2.pdf,official_daily_result_pdf
201204040212,2012,新潟,4,2,12,2012-10-14,https://www.jra.go.jp/datafile/seiseki/report/2012/2012-4niigata2.pdf,official_daily_result_pdf
201204040301,2012,新潟,4,3,1,2012-10-20,https://www.jra.go.jp/datafile/seiseki/report/2012/2012-4niigata3.pdf,official_daily_result_pdf
201204040302,2012,新潟,4,3,2,2012-10-20,https://www.jra.go.jp/datafile/seiseki/report/2012/2012-4niigata3.pdf,official_daily_result_pdf
201204040303,2012,新潟,4,3,3,2012-10-20,https://www.jra.go.jp/datafile/seiseki/report/2012/2012-4niigata3.pdf,official_daily_result_pdf
201204040304,2012,新潟,4,3,4,2012-10-20,https://www.jra.go.jp/datafile/seiseki/report/2012/2012-4niigata3.pdf,official_daily_result_pdf
201204040305,2012,新潟,4,3,5,2012-10-20,https://www.jra.go.jp/datafile/seiseki/report/2012/2012-4niigata3.pdf,official_daily_result_pdf
201204040306,2012,新潟,4,3,6,2012-10-20,https://www.jra.go.jp/datafile/seiseki/report/2012/2012-4niigata3.pdf,official_daily_result_pdf
201204040307,2012,新潟,4,3,7,2012-10-20,https://www.jra.go.jp/datafile/seiseki/report/2012/2012-4niigata3.pdf,official_daily_result_pdf
201204040308,2012,新潟,4,3,8,2012-10-20,https://www.jra.go.jp/datafile/seiseki/report/2012/2012-4niigata3.pdf,official_daily_result_pdf
201204040309,2012,新潟,4,3,9,2012-10-20,https://www.jra.go.jp/datafile/seiseki/report/2012/2012-4niigata3.pdf,official_daily_result_pdf
201204040310,2012,新潟,4,3,10,2012-10-20,https://www.jra.go.jp/datafile/seiseki/report/2012/2012-4niigata3.pdf,official_daily_result_pdf
201204040311,2012,新潟,4,3,11,2012-10-20,https://www.jra.go.jp/datafile/seiseki/report/2012/2012-4niigata3.pdf,official_daily_result_pdf
201204040312,2012,新潟,4,3,12,2012-10-20,https://www.jra.go.jp/datafile/seiseki/report/2012/2012-4niigata3.pdf,official_daily_result_pdf
201204040401,2012,新潟,4,4,1,2012-10-21,https://www.jra.go.jp/datafile/seiseki/report/2012/2012-4niigata4.pdf,official_daily_result_pdf
201204040402,2012,新潟,4,4,2,2012-10-21,https://www.jra.go.jp/datafile/seiseki/report/2012/2012-4niigata4.pdf,official_daily_result_pdf
201204040403,2012,新潟,4,4,3,2012-10-21,https://www.jra.go.jp/datafile/seiseki/report/2012/2012-4niigata4.pdf,official_daily_result_pdf
201204040404,2012,新潟,4,4,4,2012-10-21,https://www.jra.go.jp/datafile/seiseki/report/2012/2012-4niigata4.pdf,official_daily_result_pdf
201204040405,2012,新潟,4,4,5,2012-10-21,https://www.jra.go.jp/datafile/seiseki/report/2012/2012-4niigata4.pdf,official_daily_result_pdf
201204040406,2012,新潟,4,4,6,2012-10-21,https://www.jra.go.jp/datafile/seiseki/report/2012/2012-4niigata4.pdf,official_daily_result_pdf
201204040407,2012,新潟,4,4,7,2012-10-21,https://www.jra.go.jp/datafile/seiseki/report/2012/2012-4niigata4.pdf,official_daily_result_pdf
201204040408,2012,新潟,4,4,8,2012-10-21,https://www.jra.go.jp/datafile/seiseki/report/2012/2012-4niigata4.pdf,official_daily_result_pdf
201204040409,2012,新潟,4,4,9,2012-10-21,https://www.jra.go.jp/datafile/seiseki/report/2012/2012-4niigata4.pdf,official_daily_result_pdf
201204040410,2012,新潟,4,4,10,2012-10-21,https://www.jra.go.jp/datafile/seiseki/report/2012/2012-4niigata4.pdf,official_daily_result_pdf
201204040411,2012,新潟,4,4,11,2012-10-21,https://www.jra.go.jp/datafile/seiseki/report/2012/2012-4niigata4.pdf,official_daily_result_pdf
201204040412,2012,新潟,4,4,12,2012-10-21,https://www.jra.go.jp/datafile/seiseki/report/2012/2012-4niigata4.pdf,official_daily_result_pdf
201204040501,2012,新潟,4,5,1,2012-10-27,https://www.jra.go.jp/datafile/seiseki/report/2012/2012-4niigata5.pdf,official_daily_result_pdf
201204040502,2012,新潟,4,5,2,2012-10-27,https://www.jra.go.jp/datafile/seiseki/report/2012/2012-4niigata5.pdf,official_daily_result_pdf
201204040503,2012,新潟,4,5,3,2012-10-27,https://www.jra.go.jp/datafile/seiseki/report/2012/2012-4niigata5.pdf,official_daily_result_pdf
201204040504,2012,新潟,4,5,4,2012-10-27,https://www.jra.go.jp/datafile/seiseki/report/2012/2012-4niigata5.pdf,official_daily_result_pdf
201204040505,2012,新潟,4,5,5,2012-10-27,https://www.jra.go.jp/datafile/seiseki/report/2012/2012-4niigata5.pdf,official_daily_result_pdf
201204040506,2012,新潟,4,5,6,2012-10-27,https://www.jra.go.jp/datafile/seiseki/report/2012/2012-4niigata5.pdf,official_daily_result_pdf
201204040507,2012,新潟,4,5,7,2012-10-27,https://www.jra.go.jp/datafile/seiseki/report/2012/2012-4niigata5.pdf,official_daily_result_pdf
201204040508,2012,新潟,4,5,8,2012-10-27,https://www.jra.go.jp/datafile/seiseki/report/2012/2012-4niigata5.pdf,official_daily_result_pdf
201204040509,2012,新潟,4,5,9,2012-10-27,https://www.jra.go.jp/datafile/seiseki/report/2012/2012-4niigata5.pdf,official_daily_result_pdf
201204040510,2012,新潟,4,5,10,2012-10-27,https://www.jra.go.jp/datafile/seiseki/report/2012/2012-4niigata5.pdf,official_daily_result_pdf
201204040511,2012,新潟,4,5,11,2012-10-27,https://www.jra.go.jp/datafile/seiseki/report/2012/2012-4niigata5.pdf,official_daily_result_pdf
201204040512,2012,新潟,4,5,12,2012-10-27,https://www.jra.go.jp/datafile/seiseki/report/2012/2012-4niigata5.pdf,official_daily_result_pdf
201204040601,2012,新潟,4,6,1,2012-10-28,https://www.jra.go.jp/datafile/seiseki/report/2012/2012-4niigata6.pdf,official_daily_result_pdf
201204040602,2012,新潟,4,6,2,2012-10-28,https://www.jra.go.jp/datafile/seiseki/report/2012/2012-4niigata6.pdf,official_daily_result_pdf
201204040603,2012,新潟,4,6,3,2012-10-28,https://www.jra.go.jp/datafile/seiseki/report/2012/2012-4niigata6.pdf,official_daily_result_pdf
201204040604,2012,新潟,4,6,4,2012-10-28,https://www.jra.go.jp/datafile/seiseki/report/2012/2012-4niigata6.pdf,official_daily_result_pdf
201204040605,2012,新潟,4,6,5,2012-10-28,https://www.jra.go.jp/datafile/seiseki/report/2012/2012-4niigata6.pdf,official_daily_result_pdf
201204040606,2012,新潟,4,6,6,2012-10-28,https://www.jra.go.jp/datafile/seiseki/report/2012/2012-4niigata6.pdf,official_daily_result_pdf
201204040607,2012,新潟,4,6,7,2012-10-28,https://www.jra.go.jp/datafile/seiseki/report/2012/2012-4niigata6.pdf,official_daily_result_pdf
201204040608,2012,新潟,4,6,8,2012-10-28,https://www.jra.go.jp/datafile/seiseki/report/2012/2012-4niigata6.pdf,official_daily_result_pdf
201204040609,2012,新潟,4,6,9,2012-10-28,https://www.jra.go.jp/datafile/seiseki/report/2012/2012-4niigata6.pdf,official_daily_result_pdf
201204040610,2012,新潟,4,6,10,2012-10-28,https://www.jra.go.jp/datafile/seiseki/report/2012/2012-4niigata6.pdf,official_daily_result_pdf
201204040611,2012,新潟,4,6,11,2012-10-28,https://www.jra.go.jp/datafile/seiseki/report/2012/2012-4niigata6.pdf,official_daily_result_pdf
201204040612,2012,新潟,4,6,12,2012-10-28,https://www.jra.go.jp/datafile/seiseki/report/2012/2012-4niigata6.pdf,official_daily_result_pdf
201205010101,2012,東京,1,1,1,2012-01-28,https://www.jra.go.jp/datafile/seiseki/report/2012/2012-1tokyo1.pdf,official_daily_result_pdf
201205010102,2012,東京,1,1,2,2012-01-28,https://www.jra.go.jp/datafile/seiseki/report/2012/2012-1tokyo1.pdf,official_daily_result_pdf
201205010103,2012,東京,1,1,3,2012-01-28,https://www.jra.go.jp/datafile/seiseki/report/2012/2012-1tokyo1.pdf,official_daily_result_pdf
201205010104,2012,東京,1,1,4,2012-01-28,https://www.jra.go.jp/datafile/seiseki/report/2012/2012-1tokyo1.pdf,official_daily_result_pdf
201205010105,2012,東京,1,1,5,2012-01-28,https://www.jra.go.jp/datafile/seiseki/report/2012/2012-1tokyo1.pdf,official_daily_result_pdf
201205010106,2012,東京,1,1,6,2012-01-28,https://www.jra.go.jp/datafile/seiseki/report/2012/2012-1tokyo1.pdf,official_daily_result_pdf
201205010107,2012,東京,1,1,7,2012-01-28,https://www.jra.go.jp/datafile/seiseki/report/2012/2012-1tokyo1.pdf,official_daily_result_pdf
201205010108,2012,東京,1,1,8,2012-01-28,https://www.jra.go.jp/datafile/seiseki/report/2012/2012-1tokyo1.pdf,official_daily_result_pdf
201205010109,2012,東京,1,1,9,2012-01-28,https://www.jra.go.jp/datafile/seiseki/report/2012/2012-1tokyo1.pdf,official_daily_result_pdf
201205010110,2012,東京,1,1,10,2012-01-28,https://www.jra.go.jp/datafile/seiseki/report/2012/2012-1tokyo1.pdf,official_daily_result_pdf
201205010111,2012,東京,1,1,11,2012-01-28,https://www.jra.go.jp/datafile/seiseki/report/2012/2012-1tokyo1.pdf,official_daily_result_pdf
201205010112,2012,東京,1,1,12,2012-01-28,https://www.jra.go.jp/datafile/seiseki/report/2012/2012-1tokyo1.pdf,official_daily_result_pdf
201205010201,2012,東京,1,2,1,2012-01-29,https://www.jra.go.jp/datafile/seiseki/report/2012/2012-1tokyo2.pdf,official_daily_result_pdf
201205010202,2012,東京,1,2,2,2012-01-29,https://www.jra.go.jp/datafile/seiseki/report/2012/2012-1tokyo2.pdf,official_daily_result_pdf
201205010203,2012,東京,1,2,3,2012-01-29,https://www.jra.go.jp/datafile/seiseki/report/2012/2012-1tokyo2.pdf,official_daily_result_pdf
201205010204,2012,東京,1,2,4,2012-01-29,https://www.jra.go.jp/datafile/seiseki/report/2012/2012-1tokyo2.pdf,official_daily_result_pdf
201205010205,2012,東京,1,2,5,2012-01-29,https://www.jra.go.jp/datafile/seiseki/report/2012/2012-1tokyo2.pdf,official_daily_result_pdf
201205010206,2012,東京,1,2,6,2012-01-29,https://www.jra.go.jp/datafile/seiseki/report/2012/2012-1tokyo2.pdf,official_daily_result_pdf
201205010207,2012,東京,1,2,7,2012-01-29,https://www.jra.go.jp/datafile/seiseki/report/2012/2012-1tokyo2.pdf,official_daily_result_pdf
201205010208,2012,東京,1,2,8,2012-01-29,https://www.jra.go.jp/datafile/seiseki/report/2012/2012-1tokyo2.pdf,official_daily_result_pdf
201205010209,2012,東京,1,2,9,2012-01-29,https://www.jra.go.jp/datafile/seiseki/report/2012/2012-1tokyo2.pdf,official_daily_result_pdf
201205010210,2012,東京,1,2,10,2012-01-29,https://www.jra.go.jp/datafile/seiseki/report/2012/2012-1tokyo2.pdf,official_daily_result_pdf
201205010211,2012,東京,1,2,11,2012-01-29,https://www.jra.go.jp/datafile/seiseki/report/2012/2012-1tokyo2.pdf,official_daily_result_pdf
201205010212,2012,東京,1,2,12,2012-01-29,https://www.jra.go.jp/datafile/seiseki/report/2012/2012-1tokyo2.pdf,official_daily_result_pdf
201205010301,2012,東京,1,3,1,2012-02-04,https://www.jra.go.jp/datafile/seiseki/report/2012/2012-1tokyo3.pdf,official_daily_result_pdf
201205010302,2012,東京,1,3,2,2012-02-04,https://www.jra.go.jp/datafile/seiseki/report/2012/2012-1tokyo3.pdf,official_daily_result_pdf
201205010303,2012,東京,1,3,3,2012-02-04,https://www.jra.go.jp/datafile/seiseki/report/2012/2012-1tokyo3.pdf,official_daily_result_pdf
201205010304,2012,東京,1,3,4,2012-02-04,https://www.jra.go.jp/datafile/seiseki/report/2012/2012-1tokyo3.pdf,official_daily_result_pdf
201205010305,2012,東京,1,3,5,2012-02-04,https://www.jra.go.jp/datafile/seiseki/report/2012/2012-1tokyo3.pdf,official_daily_result_pdf
201205010306,2012,東京,1,3,6,2012-02-04,https://www.jra.go.jp/datafile/seiseki/report/2012/2012-1tokyo3.pdf,official_daily_result_pdf
201205010307,2012,東京,1,3,7,2012-02-04,https://www.jra.go.jp/datafile/seiseki/report/2012/2012-1tokyo3.pdf,official_daily_result_pdf
201205010308,2012,東京,1,3,8,2012-02-04,https://www.jra.go.jp/datafile/seiseki/report/2012/2012-1tokyo3.pdf,official_daily_result_pdf
201205010309,2012,東京,1,3,9,2012-02-04,https://www.jra.go.jp/datafile/seiseki/report/2012/2012-1tokyo3.pdf,official_daily_result_pdf
201205010310,2012,東京,1,3,10,2012-02-04,https://www.jra.go.jp/datafile/seiseki/report/2012/2012-1tokyo3.pdf,official_daily_result_pdf
201205010311,2012,東京,1,3,11,2012-02-04,https://www.jra.go.jp/datafile/seiseki/report/2012/2012-1tokyo3.pdf,official_daily_result_pdf
201205010312,2012,東京,1,3,12,2012-02-04,https://www.jra.go.jp/datafile/seiseki/report/2012/2012-1tokyo3.pdf,official_daily_result_pdf
201205010401,2012,東京,1,4,1,2012-02-05,https://www.jra.go.jp/datafile/seiseki/report/2012/2012-1tokyo4.pdf,official_daily_result_pdf
201205010402,2012,東京,1,4,2,2012-02-05,https://www.jra.go.jp/datafile/seiseki/report/2012/2012-1tokyo4.pdf,official_daily_result_pdf
201205010403,2012,東京,1,4,3,2012-02-05,https://www.jra.go.jp/datafile/seiseki/report/2012/2012-1tokyo4.pdf,official_daily_result_pdf
201205010404,2012,東京,1,4,4,2012-02-05,https://www.jra.go.jp/datafile/seiseki/report/2012/2012-1tokyo4.pdf,official_daily_result_pdf
201205010405,2012,東京,1,4,5,2012-02-05,https://www.jra.go.jp/datafile/seiseki/report/2012/2012-1tokyo4.pdf,official_daily_result_pdf
201205010406,2012,東京,1,4,6,2012-02-05,https://www.jra.go.jp/datafile/seiseki/report/2012/2012-1tokyo4.pdf,official_daily_result_pdf
201205010407,2012,東京,1,4,7,2012-02-05,https://www.jra.go.jp/datafile/seiseki/report/2012/2012-1tokyo4.pdf,official_daily_result_pdf
201205010408,2012,東京,1,4,8,2012-02-05,https://www.jra.go.jp/datafile/seiseki/report/2012/2012-1tokyo4.pdf,official_daily_result_pdf
201205010409,2012,東京,1,4,9,2012-02-05,https://www.jra.go.jp/datafile/seiseki/report/2012/2012-1tokyo4.pdf,official_daily_result_pdf
201205010410,2012,東京,1,4,10,2012-02-05,https://www.jra.go.jp/datafile/seiseki/report/2012/2012-1tokyo4.pdf,official_daily_result_pdf
201205010411,2012,東京,1,4,11,2012-02-05,https://www.jra.go.jp/datafile/seiseki/report/2012/2012-1tokyo4.pdf,official_daily_result_pdf
201205010412,2012,東京,1,4,12,2012-02-05,https://www.jra.go.jp/datafile/seiseki/report/2012/2012-1tokyo4.pdf,official_daily_result_pdf
201205010501,2012,東京,1,5,1,2012-02-11,https://www.jra.go.jp/datafile/seiseki/report/2012/2012-1tokyo5.pdf,official_daily_result_pdf
201205010502,2012,東京,1,5,2,2012-02-11,https://www.jra.go.jp/datafile/seiseki/report/2012/2012-1tokyo5.pdf,official_daily_result_pdf
201205010503,2012,東京,1,5,3,2012-02-11,https://www.jra.go.jp/datafile/seiseki/report/2012/2012-1tokyo5.pdf,official_daily_result_pdf
201205010504,2012,東京,1,5,4,2012-02-11,https://www.jra.go.jp/datafile/seiseki/report/2012/2012-1tokyo5.pdf,official_daily_result_pdf
201205010505,2012,東京,1,5,5,2012-02-11,https://www.jra.go.jp/datafile/seiseki/report/2012/2012-1tokyo5.pdf,official_daily_result_pdf
201205010506,2012,東京,1,5,6,2012-02-11,https://www.jra.go.jp/datafile/seiseki/report/2012/2012-1tokyo5.pdf,official_daily_result_pdf
201205010507,2012,東京,1,5,7,2012-02-11,https://www.jra.go.jp/datafile/seiseki/report/2012/2012-1tokyo5.pdf,official_daily_result_pdf
201205010508,2012,東京,1,5,8,2012-02-11,https://www.jra.go.jp/datafile/seiseki/report/2012/2012-1tokyo5.pdf,official_daily_result_pdf
201205010509,2012,東京,1,5,9,2012-02-11,https://www.jra.go.jp/datafile/seiseki/report/2012/2012-1tokyo5.pdf,official_daily_result_pdf
201205010510,2012,東京,1,5,10,2012-02-11,https://www.jra.go.jp/datafile/seiseki/report/2012/2012-1tokyo5.pdf,official_daily_result_pdf
201205010511,2012,東京,1,5,11,2012-02-11,https://www.jra.go.jp/datafile/seiseki/report/2012/2012-1tokyo5.pdf,official_daily_result_pdf
201205010512,2012,東京,1,5,12,2012-02-11,https://www.jra.go.jp/datafile/seiseki/report/2012/2012-1tokyo5.pdf,official_daily_result_pdf
201205010601,2012,東京,1,6,1,2012-02-12,https://www.jra.go.jp/datafile/seiseki/report/2012/2012-1tokyo6.pdf,official_daily_result_pdf
201205010602,2012,東京,1,6,2,2012-02-12,https://www.jra.go.jp/datafile/seiseki/report/2012/2012-1tokyo6.pdf,official_daily_result_pdf
201205010603,2012,東京,1,6,3,2012-02-12,https://www.jra.go.jp/datafile/seiseki/report/2012/2012-1tokyo6.pdf,official_daily_result_pdf
201205010604,2012,東京,1,6,4,2012-02-12,https://www.jra.go.jp/datafile/seiseki/report/2012/2012-1tokyo6.pdf,official_daily_result_pdf
201205010605,2012,東京,1,6,5,2012-02-12,https://www.jra.go.jp/datafile/seiseki/report/2012/2012-1tokyo6.pdf,official_daily_result_pdf
201205010606,2012,東京,1,6,6,2012-02-12,https://www.jra.go.jp/datafile/seiseki/report/2012/2012-1tokyo6.pdf,official_daily_result_pdf
201205010607,2012,東京,1,6,7,2012-02-12,https://www.jra.go.jp/datafile/seiseki/report/2012/2012-1tokyo6.pdf,official_daily_result_pdf
201205010608,2012,東京,1,6,8,2012-02-12,https://www.jra.go.jp/datafile/seiseki/report/2012/2012-1tokyo6.pdf,official_daily_result_pdf
201205010609,2012,東京,1,6,9,2012-02-12,https://www.jra.go.jp/datafile/seiseki/report/2012/2012-1tokyo6.pdf,official_daily_result_pdf
201205010610,2012,東京,1,6,10,2012-02-12,https://www.jra.go.jp/datafile/seiseki/report/2012/2012-1tokyo6.pdf,official_daily_result_pdf
201205010611,2012,東京,1,6,11,2012-02-12,https://www.jra.go.jp/datafile/seiseki/report/2012/2012-1tokyo6.pdf,official_daily_result_pdf
201205010612,2012,東京,1,6,12,2012-02-12,https://www.jra.go.jp/datafile/seiseki/report/2012/2012-1tokyo6.pdf,official_daily_result_pdf
201205010701,2012,東京,1,7,1,2012-02-18,https://www.jra.go.jp/datafile/seiseki/report/2012/2012-1tokyo7.pdf,official_daily_result_pdf
201205010702,2012,東京,1,7,2,2012-02-18,https://www.jra.go.jp/datafile/seiseki/report/2012/2012-1tokyo7.pdf,official_daily_result_pdf
201205010703,2012,東京,1,7,3,2012-02-18,https://www.jra.go.jp/datafile/seiseki/report/2012/2012-1tokyo7.pdf,official_daily_result_pdf
201205010704,2012,東京,1,7,4,2012-02-18,https://www.jra.go.jp/datafile/seiseki/report/2012/2012-1tokyo7.pdf,official_daily_result_pdf
201205010705,2012,東京,1,7,5,2012-02-18,https://www.jra.go.jp/datafile/seiseki/report/2012/2012-1tokyo7.pdf,official_daily_result_pdf
201205010706,2012,東京,1,7,6,2012-02-18,https://www.jra.go.jp/datafile/seiseki/report/2012/2012-1tokyo7.pdf,official_daily_result_pdf
201205010707,2012,東京,1,7,7,2012-02-18,https://www.jra.go.jp/datafile/seiseki/report/2012/2012-1tokyo7.pdf,official_daily_result_pdf
201205010708,2012,東京,1,7,8,2012-02-18,https://www.jra.go.jp/datafile/seiseki/report/2012/2012-1tokyo7.pdf,official_daily_result_pdf
201205010709,2012,東京,1,7,9,2012-02-18,https://www.jra.go.jp/datafile/seiseki/report/2012/2012-1tokyo7.pdf,official_daily_result_pdf
201205010710,2012,東京,1,7,10,2012-02-18,https://www.jra.go.jp/datafile/seiseki/report/2012/2012-1tokyo7.pdf,official_daily_result_pdf
201205010711,2012,東京,1,7,11,2012-02-18,https://www.jra.go.jp/datafile/seiseki/report/2012/2012-1tokyo7.pdf,official_daily_result_pdf
201205010712,2012,東京,1,7,12,2012-02-18,https://www.jra.go.jp/datafile/seiseki/report/2012/2012-1tokyo7.pdf,official_daily_result_pdf
201205010801,2012,東京,1,8,1,2012-02-19,https://www.jra.go.jp/datafile/seiseki/report/2012/2012-1tokyo8.pdf,official_daily_result_pdf
201205010802,2012,東京,1,8,2,2012-02-19,https://www.jra.go.jp/datafile/seiseki/report/2012/2012-1tokyo8.pdf,official_daily_result_pdf
201205010803,2012,東京,1,8,3,2012-02-19,https://www.jra.go.jp/datafile/seiseki/report/2012/2012-1tokyo8.pdf,official_daily_result_pdf
201205010804,2012,東京,1,8,4,2012-02-19,https://www.jra.go.jp/datafile/seiseki/report/2012/2012-1tokyo8.pdf,official_daily_result_pdf
201205010805,2012,東京,1,8,5,2012-02-19,https://www.jra.go.jp/datafile/seiseki/report/2012/2012-1tokyo8.pdf,official_daily_result_pdf
201205010806,2012,東京,1,8,6,2012-02-19,https://www.jra.go.jp/datafile/seiseki/report/2012/2012-1tokyo8.pdf,official_daily_result_pdf
201205010807,2012,東京,1,8,7,2012-02-19,https://www.jra.go.jp/datafile/seiseki/report/2012/2012-1tokyo8.pdf,official_daily_result_pdf
201205010808,2012,東京,1,8,8,2012-02-19,https://www.jra.go.jp/datafile/seiseki/report/2012/2012-1tokyo8.pdf,official_daily_result_pdf
201205010809,2012,東京,1,8,9,2012-02-19,https://www.jra.go.jp/datafile/seiseki/report/2012/2012-1tokyo8.pdf,official_daily_result_pdf
201205010810,2012,東京,1,8,10,2012-02-19,https://www.jra.go.jp/datafile/seiseki/report/2012/2012-1tokyo8.pdf,official_daily_result_pdf
201205010811,2012,東京,1,8,11,2012-02-19,https://www.jra.go.jp/datafile/seiseki/report/2012/2012-1tokyo8.pdf,official_daily_result_pdf
201205010812,2012,東京,1,8,12,2012-02-19,https://www.jra.go.jp/datafile/seiseki/report/2012/2012-1tokyo8.pdf,official_daily_result_pdf
201205020101,2012,東京,2,1,1,2012-04-21,https://www.jra.go.jp/datafile/seiseki/report/2012/2012-2tokyo1.pdf,official_daily_result_pdf
201205020102,2012,東京,2,1,2,2012-04-21,https://www.jra.go.jp/datafile/seiseki/report/2012/2012-2tokyo1.pdf,official_daily_result_pdf
201205020103,2012,東京,2,1,3,2012-04-21,https://www.jra.go.jp/datafile/seiseki/report/2012/2012-2tokyo1.pdf,official_daily_result_pdf
201205020104,2012,東京,2,1,4,2012-04-21,https://www.jra.go.jp/datafile/seiseki/report/2012/2012-2tokyo1.pdf,official_daily_result_pdf
201205020105,2012,東京,2,1,5,2012-04-21,https://www.jra.go.jp/datafile/seiseki/report/2012/2012-2tokyo1.pdf,official_daily_result_pdf
201205020106,2012,東京,2,1,6,2012-04-21,https://www.jra.go.jp/datafile/seiseki/report/2012/2012-2tokyo1.pdf,official_daily_result_pdf
201205020107,2012,東京,2,1,7,2012-04-21,https://www.jra.go.jp/datafile/seiseki/report/2012/2012-2tokyo1.pdf,official_daily_result_pdf
201205020108,2012,東京,2,1,8,2012-04-21,https://www.jra.go.jp/datafile/seiseki/report/2012/2012-2tokyo1.pdf,official_daily_result_pdf
201205020109,2012,東京,2,1,9,2012-04-21,https://www.jra.go.jp/datafile/seiseki/report/2012/2012-2tokyo1.pdf,official_daily_result_pdf
201205020110,2012,東京,2,1,10,2012-04-21,https://www.jra.go.jp/datafile/seiseki/report/2012/2012-2tokyo1.pdf,official_daily_result_pdf
201205020111,2012,東京,2,1,11,2012-04-21,https://www.jra.go.jp/datafile/seiseki/report/2012/2012-2tokyo1.pdf,official_daily_result_pdf
201205020112,2012,東京,2,1,12,2012-04-21,https://www.jra.go.jp/datafile/seiseki/report/2012/2012-2tokyo1.pdf,official_daily_result_pdf
201205020201,2012,東京,2,2,1,2012-04-22,https://www.jra.go.jp/datafile/seiseki/report/2012/2012-2tokyo2.pdf,official_daily_result_pdf
201205020202,2012,東京,2,2,2,2012-04-22,https://www.jra.go.jp/datafile/seiseki/report/2012/2012-2tokyo2.pdf,official_daily_result_pdf
201205020203,2012,東京,2,2,3,2012-04-22,https://www.jra.go.jp/datafile/seiseki/report/2012/2012-2tokyo2.pdf,official_daily_result_pdf
201205020204,2012,東京,2,2,4,2012-04-22,https://www.jra.go.jp/datafile/seiseki/report/2012/2012-2tokyo2.pdf,official_daily_result_pdf
201205020205,2012,東京,2,2,5,2012-04-22,https://www.jra.go.jp/datafile/seiseki/report/2012/2012-2tokyo2.pdf,official_daily_result_pdf
201205020206,2012,東京,2,2,6,2012-04-22,https://www.jra.go.jp/datafile/seiseki/report/2012/2012-2tokyo2.pdf,official_daily_result_pdf
201205020207,2012,東京,2,2,7,2012-04-22,https://www.jra.go.jp/datafile/seiseki/report/2012/2012-2tokyo2.pdf,official_daily_result_pdf
201205020208,2012,東京,2,2,8,2012-04-22,https://www.jra.go.jp/datafile/seiseki/report/2012/2012-2tokyo2.pdf,official_daily_result_pdf
201205020209,2012,東京,2,2,9,2012-04-22,https://www.jra.go.jp/datafile/seiseki/report/2012/2012-2tokyo2.pdf,official_daily_result_pdf
201205020210,2012,東京,2,2,10,2012-04-22,https://www.jra.go.jp/datafile/seiseki/report/2012/2012-2tokyo2.pdf,official_daily_result_pdf
201205020211,2012,東京,2,2,11,2012-04-22,https://www.jra.go.jp/datafile/seiseki/report/2012/2012-2tokyo2.pdf,official_daily_result_pdf
201205020212,2012,東京,2,2,12,2012-04-22,https://www.jra.go.jp/datafile/seiseki/report/2012/2012-2tokyo2.pdf,official_daily_result_pdf
201205020301,2012,東京,2,3,1,2012-04-28,https://www.jra.go.jp/datafile/seiseki/report/2012/2012-2tokyo3.pdf,official_daily_result_pdf
201205020302,2012,東京,2,3,2,2012-04-28,https://www.jra.go.jp/datafile/seiseki/report/2012/2012-2tokyo3.pdf,official_daily_result_pdf
201205020303,2012,東京,2,3,3,2012-04-28,https://www.jra.go.jp/datafile/seiseki/report/2012/2012-2tokyo3.pdf,official_daily_result_pdf
201205020304,2012,東京,2,3,4,2012-04-28,https://www.jra.go.jp/datafile/seiseki/report/2012/2012-2tokyo3.pdf,official_daily_result_pdf
201205020305,2012,東京,2,3,5,2012-04-28,https://www.jra.go.jp/datafile/seiseki/report/2012/2012-2tokyo3.pdf,official_daily_result_pdf
201205020306,2012,東京,2,3,6,2012-04-28,https://www.jra.go.jp/datafile/seiseki/report/2012/2012-2tokyo3.pdf,official_daily_result_pdf
201205020307,2012,東京,2,3,7,2012-04-28,https://www.jra.go.jp/datafile/seiseki/report/2012/2012-2tokyo3.pdf,official_daily_result_pdf
201205020308,2012,東京,2,3,8,2012-04-28,https://www.jra.go.jp/datafile/seiseki/report/2012/2012-2tokyo3.pdf,official_daily_result_pdf
201205020309,2012,東京,2,3,9,2012-04-28,https://www.jra.go.jp/datafile/seiseki/report/2012/2012-2tokyo3.pdf,official_daily_result_pdf
201205020310,2012,東京,2,3,10,2012-04-28,https://www.jra.go.jp/datafile/seiseki/report/2012/2012-2tokyo3.pdf,official_daily_result_pdf
201205020311,2012,東京,2,3,11,2012-04-28,https://www.jra.go.jp/datafile/seiseki/report/2012/2012-2tokyo3.pdf,official_daily_result_pdf
201205020312,2012,東京,2,3,12,2012-04-28,https://www.jra.go.jp/datafile/seiseki/report/2012/2012-2tokyo3.pdf,official_daily_result_pdf
201205020401,2012,東京,2,4,1,2012-04-29,https://www.jra.go.jp/datafile/seiseki/report/2012/2012-2tokyo4.pdf,official_daily_result_pdf
201205020402,2012,東京,2,4,2,2012-04-29,https://www.jra.go.jp/datafile/seiseki/report/2012/2012-2tokyo4.pdf,official_daily_result_pdf
201205020403,2012,東京,2,4,3,2012-04-29,https://www.jra.go.jp/datafile/seiseki/report/2012/2012-2tokyo4.pdf,official_daily_result_pdf
201205020404,2012,東京,2,4,4,2012-04-29,https://www.jra.go.jp/datafile/seiseki/report/2012/2012-2tokyo4.pdf,official_daily_result_pdf
201205020405,2012,東京,2,4,5,2012-04-29,https://www.jra.go.jp/datafile/seiseki/report/2012/2012-2tokyo4.pdf,official_daily_result_pdf
201205020406,2012,東京,2,4,6,2012-04-29,https://www.jra.go.jp/datafile/seiseki/report/2012/2012-2tokyo4.pdf,official_daily_result_pdf
201205020407,2012,東京,2,4,7,2012-04-29,https://www.jra.go.jp/datafile/seiseki/report/2012/2012-2tokyo4.pdf,official_daily_result_pdf
201205020408,2012,東京,2,4,8,2012-04-29,https://www.jra.go.jp/datafile/seiseki/report/2012/2012-2tokyo4.pdf,official_daily_result_pdf
201205020409,2012,東京,2,4,9,2012-04-29,https://www.jra.go.jp/datafile/seiseki/report/2012/2012-2tokyo4.pdf,official_daily_result_pdf
201205020410,2012,東京,2,4,10,2012-04-29,https://www.jra.go.jp/datafile/seiseki/report/2012/2012-2tokyo4.pdf,official_daily_result_pdf
201205020411,2012,東京,2,4,11,2012-04-29,https://www.jra.go.jp/datafile/seiseki/report/2012/2012-2tokyo4.pdf,official_daily_result_pdf
201205020412,2012,東京,2,4,12,2012-04-29,https://www.jra.go.jp/datafile/seiseki/report/2012/2012-2tokyo4.pdf,official_daily_result_pdf
201205020501,2012,東京,2,5,1,2012-05-05,https://www.jra.go.jp/datafile/seiseki/report/2012/2012-2tokyo5.pdf,official_daily_result_pdf
201205020502,2012,東京,2,5,2,2012-05-05,https://www.jra.go.jp/datafile/seiseki/report/2012/2012-2tokyo5.pdf,official_daily_result_pdf
201205020503,2012,東京,2,5,3,2012-05-05,https://www.jra.go.jp/datafile/seiseki/report/2012/2012-2tokyo5.pdf,official_daily_result_pdf
201205020504,2012,東京,2,5,4,2012-05-05,https://www.jra.go.jp/datafile/seiseki/report/2012/2012-2tokyo5.pdf,official_daily_result_pdf
201205020505,2012,東京,2,5,5,2012-05-05,https://www.jra.go.jp/datafile/seiseki/report/2012/2012-2tokyo5.pdf,official_daily_result_pdf
201205020506,2012,東京,2,5,6,2012-05-05,https://www.jra.go.jp/datafile/seiseki/report/2012/2012-2tokyo5.pdf,official_daily_result_pdf
201205020507,2012,東京,2,5,7,2012-05-05,https://www.jra.go.jp/datafile/seiseki/report/2012/2012-2tokyo5.pdf,official_daily_result_pdf
201205020508,2012,東京,2,5,8,2012-05-05,https://www.jra.go.jp/datafile/seiseki/report/2012/2012-2tokyo5.pdf,official_daily_result_pdf
201205020509,2012,東京,2,5,9,2012-05-05,https://www.jra.go.jp/datafile/seiseki/report/2012/2012-2tokyo5.pdf,official_daily_result_pdf
201205020510,2012,東京,2,5,10,2012-05-05,https://www.jra.go.jp/datafile/seiseki/report/2012/2012-2tokyo5.pdf,official_daily_result_pdf
201205020511,2012,東京,2,5,11,2012-05-05,https://www.jra.go.jp/datafile/seiseki/report/2012/2012-2tokyo5.pdf,official_daily_result_pdf
201205020512,2012,東京,2,5,12,2012-05-05,https://www.jra.go.jp/datafile/seiseki/report/2012/2012-2tokyo5.pdf,official_daily_result_pdf
201205020601,2012,東京,2,6,1,2012-05-06,https://www.jra.go.jp/datafile/seiseki/report/2012/2012-2tokyo6.pdf,official_daily_result_pdf
201205020602,2012,東京,2,6,2,2012-05-06,https://www.jra.go.jp/datafile/seiseki/report/2012/2012-2tokyo6.pdf,official_daily_result_pdf
201205020603,2012,東京,2,6,3,2012-05-06,https://www.jra.go.jp/datafile/seiseki/report/2012/2012-2tokyo6.pdf,official_daily_result_pdf
201205020604,2012,東京,2,6,4,2012-05-06,https://www.jra.go.jp/datafile/seiseki/report/2012/2012-2tokyo6.pdf,official_daily_result_pdf
201205020605,2012,東京,2,6,5,2012-05-06,https://www.jra.go.jp/datafile/seiseki/report/2012/2012-2tokyo6.pdf,official_daily_result_pdf
201205020606,2012,東京,2,6,6,2012-05-06,https://www.jra.go.jp/datafile/seiseki/report/2012/2012-2tokyo6.pdf,official_daily_result_pdf
201205020607,2012,東京,2,6,7,2012-05-06,https://www.jra.go.jp/datafile/seiseki/report/2012/2012-2tokyo6.pdf,official_daily_result_pdf
201205020608,2012,東京,2,6,8,2012-05-06,https://www.jra.go.jp/datafile/seiseki/report/2012/2012-2tokyo6.pdf,official_daily_result_pdf
201205020609,2012,東京,2,6,9,2012-05-06,https://www.jra.go.jp/datafile/seiseki/report/2012/2012-2tokyo6.pdf,official_daily_result_pdf
201205020610,2012,東京,2,6,10,2012-05-06,https://www.jra.go.jp/datafile/seiseki/report/2012/2012-2tokyo6.pdf,official_daily_result_pdf
201205020611,2012,東京,2,6,11,2012-05-06,https://www.jra.go.jp/datafile/seiseki/report/2012/2012-2tokyo6.pdf,official_daily_result_pdf
201205020612,2012,東京,2,6,12,2012-05-06,https://www.jra.go.jp/datafile/seiseki/report/2012/2012-2tokyo6.pdf,official_daily_result_pdf
201205020701,2012,東京,2,7,1,2012-05-12,https://www.jra.go.jp/datafile/seiseki/report/2012/2012-2tokyo7.pdf,official_daily_result_pdf
201205020702,2012,東京,2,7,2,2012-05-12,https://www.jra.go.jp/datafile/seiseki/report/2012/2012-2tokyo7.pdf,official_daily_result_pdf
201205020703,2012,東京,2,7,3,2012-05-12,https://www.jra.go.jp/datafile/seiseki/report/2012/2012-2tokyo7.pdf,official_daily_result_pdf
201205020704,2012,東京,2,7,4,2012-05-12,https://www.jra.go.jp/datafile/seiseki/report/2012/2012-2tokyo7.pdf,official_daily_result_pdf
201205020705,2012,東京,2,7,5,2012-05-12,https://www.jra.go.jp/datafile/seiseki/report/2012/2012-2tokyo7.pdf,official_daily_result_pdf
201205020706,2012,東京,2,7,6,2012-05-12,https://www.jra.go.jp/datafile/seiseki/report/2012/2012-2tokyo7.pdf,official_daily_result_pdf
201205020707,2012,東京,2,7,7,2012-05-12,https://www.jra.go.jp/datafile/seiseki/report/2012/2012-2tokyo7.pdf,official_daily_result_pdf
201205020708,2012,東京,2,7,8,2012-05-12,https://www.jra.go.jp/datafile/seiseki/report/2012/2012-2tokyo7.pdf,official_daily_result_pdf
201205020709,2012,東京,2,7,9,2012-05-12,https://www.jra.go.jp/datafile/seiseki/report/2012/2012-2tokyo7.pdf,official_daily_result_pdf
201205020710,2012,東京,2,7,10,2012-05-12,https://www.jra.go.jp/datafile/seiseki/report/2012/2012-2tokyo7.pdf,official_daily_result_pdf
201205020711,2012,東京,2,7,11,2012-05-12,https://www.jra.go.jp/datafile/seiseki/report/2012/2012-2tokyo7.pdf,official_daily_result_pdf
201205020712,2012,東京,2,7,12,2012-05-12,https://www.jra.go.jp/datafile/seiseki/report/2012/2012-2tokyo7.pdf,official_daily_result_pdf
201205020801,2012,東京,2,8,1,2012-05-13,https://www.jra.go.jp/datafile/seiseki/report/2012/2012-2tokyo8.pdf,official_daily_result_pdf
201205020802,2012,東京,2,8,2,2012-05-13,https://www.jra.go.jp/datafile/seiseki/report/2012/2012-2tokyo8.pdf,official_daily_result_pdf
201205020803,2012,東京,2,8,3,2012-05-13,https://www.jra.go.jp/datafile/seiseki/report/2012/2012-2tokyo8.pdf,official_daily_result_pdf
201205020804,2012,東京,2,8,4,2012-05-13,https://www.jra.go.jp/datafile/seiseki/report/2012/2012-2tokyo8.pdf,official_daily_result_pdf
201205020805,2012,東京,2,8,5,2012-05-13,https://www.jra.go.jp/datafile/seiseki/report/2012/2012-2tokyo8.pdf,official_daily_result_pdf
201205020806,2012,東京,2,8,6,2012-05-13,https://www.jra.go.jp/datafile/seiseki/report/2012/2012-2tokyo8.pdf,official_daily_result_pdf
201205020807,2012,東京,2,8,7,2012-05-13,https://www.jra.go.jp/datafile/seiseki/report/2012/2012-2tokyo8.pdf,official_daily_result_pdf
201205020808,2012,東京,2,8,8,2012-05-13,https://www.jra.go.jp/datafile/seiseki/report/2012/2012-2tokyo8.pdf,official_daily_result_pdf
201205020809,2012,東京,2,8,9,2012-05-13,https://www.jra.go.jp/datafile/seiseki/report/2012/2012-2tokyo8.pdf,official_daily_result_pdf
201205020810,2012,東京,2,8,10,2012-05-13,https://www.jra.go.jp/datafile/seiseki/report/2012/2012-2tokyo8.pdf,official_daily_result_pdf
201205020811,2012,東京,2,8,11,2012-05-13,https://www.jra.go.jp/datafile/seiseki/report/2012/2012-2tokyo8.pdf,official_daily_result_pdf
201205020812,2012,東京,2,8,12,2012-05-13,https://www.jra.go.jp/datafile/seiseki/report/2012/2012-2tokyo8.pdf,official_daily_result_pdf
201205020901,2012,東京,2,9,1,2012-05-19,https://www.jra.go.jp/datafile/seiseki/report/2012/2012-2tokyo9.pdf,official_daily_result_pdf
201205020902,2012,東京,2,9,2,2012-05-19,https://www.jra.go.jp/datafile/seiseki/report/2012/2012-2tokyo9.pdf,official_daily_result_pdf
201205020903,2012,東京,2,9,3,2012-05-19,https://www.jra.go.jp/datafile/seiseki/report/2012/2012-2tokyo9.pdf,official_daily_result_pdf
201205020904,2012,東京,2,9,4,2012-05-19,https://www.jra.go.jp/datafile/seiseki/report/2012/2012-2tokyo9.pdf,official_daily_result_pdf
201205020905,2012,東京,2,9,5,2012-05-19,https://www.jra.go.jp/datafile/seiseki/report/2012/2012-2tokyo9.pdf,official_daily_result_pdf
201205020906,2012,東京,2,9,6,2012-05-19,https://www.jra.go.jp/datafile/seiseki/report/2012/2012-2tokyo9.pdf,official_daily_result_pdf
201205020907,2012,東京,2,9,7,2012-05-19,https://www.jra.go.jp/datafile/seiseki/report/2012/2012-2tokyo9.pdf,official_daily_result_pdf
201205020908,2012,東京,2,9,8,2012-05-19,https://www.jra.go.jp/datafile/seiseki/report/2012/2012-2tokyo9.pdf,official_daily_result_pdf
201205020909,2012,東京,2,9,9,2012-05-19,https://www.jra.go.jp/datafile/seiseki/report/2012/2012-2tokyo9.pdf,official_daily_result_pdf
201205020910,2012,東京,2,9,10,2012-05-19,https://www.jra.go.jp/datafile/seiseki/report/2012/2012-2tokyo9.pdf,official_daily_result_pdf
201205020911,2012,東京,2,9,11,2012-05-19,https://www.jra.go.jp/datafile/seiseki/report/2012/2012-2tokyo9.pdf,official_daily_result_pdf
201205020912,2012,東京,2,9,12,2012-05-19,https://www.jra.go.jp/datafile/seiseki/report/2012/2012-2tokyo9.pdf,official_daily_result_pdf
201205021001,2012,東京,2,10,1,2012-05-20,https://www.jra.go.jp/datafile/seiseki/report/2012/2012-2tokyo10.pdf,official_daily_result_pdf
201205021002,2012,東京,2,10,2,2012-05-20,https://www.jra.go.jp/datafile/seiseki/report/2012/2012-2tokyo10.pdf,official_daily_result_pdf
201205021003,2012,東京,2,10,3,2012-05-20,https://www.jra.go.jp/datafile/seiseki/report/2012/2012-2tokyo10.pdf,official_daily_result_pdf
201205021004,2012,東京,2,10,4,2012-05-20,https://www.jra.go.jp/datafile/seiseki/report/2012/2012-2tokyo10.pdf,official_daily_result_pdf
201205021005,2012,東京,2,10,5,2012-05-20,https://www.jra.go.jp/datafile/seiseki/report/2012/2012-2tokyo10.pdf,official_daily_result_pdf
201205021006,2012,東京,2,10,6,2012-05-20,https://www.jra.go.jp/datafile/seiseki/report/2012/2012-2tokyo10.pdf,official_daily_result_pdf
201205021007,2012,東京,2,10,7,2012-05-20,https://www.jra.go.jp/datafile/seiseki/report/2012/2012-2tokyo10.pdf,official_daily_result_pdf
201205021008,2012,東京,2,10,8,2012-05-20,https://www.jra.go.jp/datafile/seiseki/report/2012/2012-2tokyo10.pdf,official_daily_result_pdf
201205021009,2012,東京,2,10,9,2012-05-20,https://www.jra.go.jp/datafile/seiseki/report/2012/2012-2tokyo10.pdf,official_daily_result_pdf
201205021010,2012,東京,2,10,10,2012-05-20,https://www.jra.go.jp/datafile/seiseki/report/2012/2012-2tokyo10.pdf,official_daily_result_pdf
201205021011,2012,東京,2,10,11,2012-05-20,https://www.jra.go.jp/datafile/seiseki/report/2012/2012-2tokyo10.pdf,official_daily_result_pdf
201205021012,2012,東京,2,10,12,2012-05-20,https://www.jra.go.jp/datafile/seiseki/report/2012/2012-2tokyo10.pdf,official_daily_result_pdf
201205021101,2012,東京,2,11,1,2012-05-26,https://www.jra.go.jp/datafile/seiseki/report/2012/2012-2tokyo11.pdf,official_daily_result_pdf
201205021102,2012,東京,2,11,2,2012-05-26,https://www.jra.go.jp/datafile/seiseki/report/2012/2012-2tokyo11.pdf,official_daily_result_pdf
201205021103,2012,東京,2,11,3,2012-05-26,https://www.jra.go.jp/datafile/seiseki/report/2012/2012-2tokyo11.pdf,official_daily_result_pdf
201205021104,2012,東京,2,11,4,2012-05-26,https://www.jra.go.jp/datafile/seiseki/report/2012/2012-2tokyo11.pdf,official_daily_result_pdf
201205021105,2012,東京,2,11,5,2012-05-26,https://www.jra.go.jp/datafile/seiseki/report/2012/2012-2tokyo11.pdf,official_daily_result_pdf
201205021106,2012,東京,2,11,6,2012-05-26,https://www.jra.go.jp/datafile/seiseki/report/2012/2012-2tokyo11.pdf,official_daily_result_pdf
201205021107,2012,東京,2,11,7,2012-05-26,https://www.jra.go.jp/datafile/seiseki/report/2012/2012-2tokyo11.pdf,official_daily_result_pdf
201205021108,2012,東京,2,11,8,2012-05-26,https://www.jra.go.jp/datafile/seiseki/report/2012/2012-2tokyo11.pdf,official_daily_result_pdf
201205021109,2012,東京,2,11,9,2012-05-26,https://www.jra.go.jp/datafile/seiseki/report/2012/2012-2tokyo11.pdf,official_daily_result_pdf
201205021110,2012,東京,2,11,10,2012-05-26,https://www.jra.go.jp/datafile/seiseki/report/2012/2012-2tokyo11.pdf,official_daily_result_pdf
201205021111,2012,東京,2,11,11,2012-05-26,https://www.jra.go.jp/datafile/seiseki/report/2012/2012-2tokyo11.pdf,official_daily_result_pdf
201205021112,2012,東京,2,11,12,2012-05-26,https://www.jra.go.jp/datafile/seiseki/report/2012/2012-2tokyo11.pdf,official_daily_result_pdf
201205021201,2012,東京,2,12,1,2012-05-27,https://www.jra.go.jp/datafile/seiseki/report/2012/2012-2tokyo12.pdf,official_daily_result_pdf
201205021202,2012,東京,2,12,2,2012-05-27,https://www.jra.go.jp/datafile/seiseki/report/2012/2012-2tokyo12.pdf,official_daily_result_pdf
201205021203,2012,東京,2,12,3,2012-05-27,https://www.jra.go.jp/datafile/seiseki/report/2012/2012-2tokyo12.pdf,official_daily_result_pdf
201205021204,2012,東京,2,12,4,2012-05-27,https://www.jra.go.jp/datafile/seiseki/report/2012/2012-2tokyo12.pdf,official_daily_result_pdf
201205021205,2012,東京,2,12,5,2012-05-27,https://www.jra.go.jp/datafile/seiseki/report/2012/2012-2tokyo12.pdf,official_daily_result_pdf
201205021206,2012,東京,2,12,6,2012-05-27,https://www.jra.go.jp/datafile/seiseki/report/2012/2012-2tokyo12.pdf,official_daily_result_pdf
201205021207,2012,東京,2,12,7,2012-05-27,https://www.jra.go.jp/datafile/seiseki/report/2012/2012-2tokyo12.pdf,official_daily_result_pdf
201205021208,2012,東京,2,12,8,2012-05-27,https://www.jra.go.jp/datafile/seiseki/report/2012/2012-2tokyo12.pdf,official_daily_result_pdf
201205021209,2012,東京,2,12,9,2012-05-27,https://www.jra.go.jp/datafile/seiseki/report/2012/2012-2tokyo12.pdf,official_daily_result_pdf
201205021210,2012,東京,2,12,10,2012-05-27,https://www.jra.go.jp/datafile/seiseki/report/2012/2012-2tokyo12.pdf,official_daily_result_pdf
201205021211,2012,東京,2,12,11,2012-05-27,https://www.jra.go.jp/datafile/seiseki/report/2012/2012-2tokyo12.pdf,official_daily_result_pdf
201205021212,2012,東京,2,12,12,2012-05-27,https://www.jra.go.jp/datafile/seiseki/report/2012/2012-2tokyo12.pdf,official_daily_result_pdf
201205030101,2012,東京,3,1,1,2012-06-02,https://www.jra.go.jp/datafile/seiseki/report/2012/2012-3tokyo1.pdf,official_daily_result_pdf
201205030102,2012,東京,3,1,2,2012-06-02,https://www.jra.go.jp/datafile/seiseki/report/2012/2012-3tokyo1.pdf,official_daily_result_pdf
201205030103,2012,東京,3,1,3,2012-06-02,https://www.jra.go.jp/datafile/seiseki/report/2012/2012-3tokyo1.pdf,official_daily_result_pdf
201205030104,2012,東京,3,1,4,2012-06-02,https://www.jra.go.jp/datafile/seiseki/report/2012/2012-3tokyo1.pdf,official_daily_result_pdf
201205030105,2012,東京,3,1,5,2012-06-02,https://www.jra.go.jp/datafile/seiseki/report/2012/2012-3tokyo1.pdf,official_daily_result_pdf
201205030106,2012,東京,3,1,6,2012-06-02,https://www.jra.go.jp/datafile/seiseki/report/2012/2012-3tokyo1.pdf,official_daily_result_pdf
201205030107,2012,東京,3,1,7,2012-06-02,https://www.jra.go.jp/datafile/seiseki/report/2012/2012-3tokyo1.pdf,official_daily_result_pdf
201205030108,2012,東京,3,1,8,2012-06-02,https://www.jra.go.jp/datafile/seiseki/report/2012/2012-3tokyo1.pdf,official_daily_result_pdf
201205030109,2012,東京,3,1,9,2012-06-02,https://www.jra.go.jp/datafile/seiseki/report/2012/2012-3tokyo1.pdf,official_daily_result_pdf
201205030110,2012,東京,3,1,10,2012-06-02,https://www.jra.go.jp/datafile/seiseki/report/2012/2012-3tokyo1.pdf,official_daily_result_pdf
201205030111,2012,東京,3,1,11,2012-06-02,https://www.jra.go.jp/datafile/seiseki/report/2012/2012-3tokyo1.pdf,official_daily_result_pdf
201205030112,2012,東京,3,1,12,2012-06-02,https://www.jra.go.jp/datafile/seiseki/report/2012/2012-3tokyo1.pdf,official_daily_result_pdf
201205030201,2012,東京,3,2,1,2012-06-03,https://www.jra.go.jp/datafile/seiseki/report/2012/2012-3tokyo2.pdf,official_daily_result_pdf
201205030202,2012,東京,3,2,2,2012-06-03,https://www.jra.go.jp/datafile/seiseki/report/2012/2012-3tokyo2.pdf,official_daily_result_pdf
201205030203,2012,東京,3,2,3,2012-06-03,https://www.jra.go.jp/datafile/seiseki/report/2012/2012-3tokyo2.pdf,official_daily_result_pdf
201205030204,2012,東京,3,2,4,2012-06-03,https://www.jra.go.jp/datafile/seiseki/report/2012/2012-3tokyo2.pdf,official_daily_result_pdf
201205030205,2012,東京,3,2,5,2012-06-03,https://www.jra.go.jp/datafile/seiseki/report/2012/2012-3tokyo2.pdf,official_daily_result_pdf
201205030206,2012,東京,3,2,6,2012-06-03,https://www.jra.go.jp/datafile/seiseki/report/2012/2012-3tokyo2.pdf,official_daily_result_pdf
201205030207,2012,東京,3,2,7,2012-06-03,https://www.jra.go.jp/datafile/seiseki/report/2012/2012-3tokyo2.pdf,official_daily_result_pdf
201205030208,2012,東京,3,2,8,2012-06-03,https://www.jra.go.jp/datafile/seiseki/report/2012/2012-3tokyo2.pdf,official_daily_result_pdf
201205030209,2012,東京,3,2,9,2012-06-03,https://www.jra.go.jp/datafile/seiseki/report/2012/2012-3tokyo2.pdf,official_daily_result_pdf
201205030210,2012,東京,3,2,10,2012-06-03,https://www.jra.go.jp/datafile/seiseki/report/2012/2012-3tokyo2.pdf,official_daily_result_pdf
201205030211,2012,東京,3,2,11,2012-06-03,https://www.jra.go.jp/datafile/seiseki/report/2012/2012-3tokyo2.pdf,official_daily_result_pdf
201205030212,2012,東京,3,2,12,2012-06-03,https://www.jra.go.jp/datafile/seiseki/report/2012/2012-3tokyo2.pdf,official_daily_result_pdf
201205030301,2012,東京,3,3,1,2012-06-09,https://www.jra.go.jp/datafile/seiseki/report/2012/2012-3tokyo3.pdf,official_daily_result_pdf
201205030302,2012,東京,3,3,2,2012-06-09,https://www.jra.go.jp/datafile/seiseki/report/2012/2012-3tokyo3.pdf,official_daily_result_pdf
201205030303,2012,東京,3,3,3,2012-06-09,https://www.jra.go.jp/datafile/seiseki/report/2012/2012-3tokyo3.pdf,official_daily_result_pdf
201205030304,2012,東京,3,3,4,2012-06-09,https://www.jra.go.jp/datafile/seiseki/report/2012/2012-3tokyo3.pdf,official_daily_result_pdf
201205030305,2012,東京,3,3,5,2012-06-09,https://www.jra.go.jp/datafile/seiseki/report/2012/2012-3tokyo3.pdf,official_daily_result_pdf
201205030306,2012,東京,3,3,6,2012-06-09,https://www.jra.go.jp/datafile/seiseki/report/2012/2012-3tokyo3.pdf,official_daily_result_pdf
201205030307,2012,東京,3,3,7,2012-06-09,https://www.jra.go.jp/datafile/seiseki/report/2012/2012-3tokyo3.pdf,official_daily_result_pdf
201205030308,2012,東京,3,3,8,2012-06-09,https://www.jra.go.jp/datafile/seiseki/report/2012/2012-3tokyo3.pdf,official_daily_result_pdf
201205030309,2012,東京,3,3,9,2012-06-09,https://www.jra.go.jp/datafile/seiseki/report/2012/2012-3tokyo3.pdf,official_daily_result_pdf
201205030310,2012,東京,3,3,10,2012-06-09,https://www.jra.go.jp/datafile/seiseki/report/2012/2012-3tokyo3.pdf,official_daily_result_pdf
201205030311,2012,東京,3,3,11,2012-06-09,https://www.jra.go.jp/datafile/seiseki/report/2012/2012-3tokyo3.pdf,official_daily_result_pdf
201205030312,2012,東京,3,3,12,2012-06-09,https://www.jra.go.jp/datafile/seiseki/report/2012/2012-3tokyo3.pdf,official_daily_result_pdf
201205030401,2012,東京,3,4,1,2012-06-10,https://www.jra.go.jp/datafile/seiseki/report/2012/2012-3tokyo4.pdf,official_daily_result_pdf
201205030402,2012,東京,3,4,2,2012-06-10,https://www.jra.go.jp/datafile/seiseki/report/2012/2012-3tokyo4.pdf,official_daily_result_pdf
201205030403,2012,東京,3,4,3,2012-06-10,https://www.jra.go.jp/datafile/seiseki/report/2012/2012-3tokyo4.pdf,official_daily_result_pdf
201205030404,2012,東京,3,4,4,2012-06-10,https://www.jra.go.jp/datafile/seiseki/report/2012/2012-3tokyo4.pdf,official_daily_result_pdf
201205030405,2012,東京,3,4,5,2012-06-10,https://www.jra.go.jp/datafile/seiseki/report/2012/2012-3tokyo4.pdf,official_daily_result_pdf
201205030406,2012,東京,3,4,6,2012-06-10,https://www.jra.go.jp/datafile/seiseki/report/2012/2012-3tokyo4.pdf,official_daily_result_pdf
201205030407,2012,東京,3,4,7,2012-06-10,https://www.jra.go.jp/datafile/seiseki/report/2012/2012-3tokyo4.pdf,official_daily_result_pdf
201205030408,2012,東京,3,4,8,2012-06-10,https://www.jra.go.jp/datafile/seiseki/report/2012/2012-3tokyo4.pdf,official_daily_result_pdf
201205030409,2012,東京,3,4,9,2012-06-10,https://www.jra.go.jp/datafile/seiseki/report/2012/2012-3tokyo4.pdf,official_daily_result_pdf
201205030410,2012,東京,3,4,10,2012-06-10,https://www.jra.go.jp/datafile/seiseki/report/2012/2012-3tokyo4.pdf,official_daily_result_pdf
201205030411,2012,東京,3,4,11,2012-06-10,https://www.jra.go.jp/datafile/seiseki/report/2012/2012-3tokyo4.pdf,official_daily_result_pdf
201205030412,2012,東京,3,4,12,2012-06-10,https://www.jra.go.jp/datafile/seiseki/report/2012/2012-3tokyo4.pdf,official_daily_result_pdf
201205040101,2012,東京,4,1,1,2012-10-06,https://www.jra.go.jp/datafile/seiseki/report/2012/2012-4tokyo1.pdf,official_daily_result_pdf
201205040102,2012,東京,4,1,2,2012-10-06,https://www.jra.go.jp/datafile/seiseki/report/2012/2012-4tokyo1.pdf,official_daily_result_pdf
201205040103,2012,東京,4,1,3,2012-10-06,https://www.jra.go.jp/datafile/seiseki/report/2012/2012-4tokyo1.pdf,official_daily_result_pdf
201205040104,2012,東京,4,1,4,2012-10-06,https://www.jra.go.jp/datafile/seiseki/report/2012/2012-4tokyo1.pdf,official_daily_result_pdf
201205040105,2012,東京,4,1,5,2012-10-06,https://www.jra.go.jp/datafile/seiseki/report/2012/2012-4tokyo1.pdf,official_daily_result_pdf
201205040106,2012,東京,4,1,6,2012-10-06,https://www.jra.go.jp/datafile/seiseki/report/2012/2012-4tokyo1.pdf,official_daily_result_pdf
201205040107,2012,東京,4,1,7,2012-10-06,https://www.jra.go.jp/datafile/seiseki/report/2012/2012-4tokyo1.pdf,official_daily_result_pdf
201205040108,2012,東京,4,1,8,2012-10-06,https://www.jra.go.jp/datafile/seiseki/report/2012/2012-4tokyo1.pdf,official_daily_result_pdf
201205040109,2012,東京,4,1,9,2012-10-06,https://www.jra.go.jp/datafile/seiseki/report/2012/2012-4tokyo1.pdf,official_daily_result_pdf
201205040110,2012,東京,4,1,10,2012-10-06,https://www.jra.go.jp/datafile/seiseki/report/2012/2012-4tokyo1.pdf,official_daily_result_pdf
201205040111,2012,東京,4,1,11,2012-10-06,https://www.jra.go.jp/datafile/seiseki/report/2012/2012-4tokyo1.pdf,official_daily_result_pdf
201205040112,2012,東京,4,1,12,2012-10-06,https://www.jra.go.jp/datafile/seiseki/report/2012/2012-4tokyo1.pdf,official_daily_result_pdf
201205040201,2012,東京,4,2,1,2012-10-07,https://www.jra.go.jp/datafile/seiseki/report/2012/2012-4tokyo2.pdf,official_daily_result_pdf
201205040202,2012,東京,4,2,2,2012-10-07,https://www.jra.go.jp/datafile/seiseki/report/2012/2012-4tokyo2.pdf,official_daily_result_pdf
201205040203,2012,東京,4,2,3,2012-10-07,https://www.jra.go.jp/datafile/seiseki/report/2012/2012-4tokyo2.pdf,official_daily_result_pdf
201205040204,2012,東京,4,2,4,2012-10-07,https://www.jra.go.jp/datafile/seiseki/report/2012/2012-4tokyo2.pdf,official_daily_result_pdf
201205040205,2012,東京,4,2,5,2012-10-07,https://www.jra.go.jp/datafile/seiseki/report/2012/2012-4tokyo2.pdf,official_daily_result_pdf
201205040206,2012,東京,4,2,6,2012-10-07,https://www.jra.go.jp/datafile/seiseki/report/2012/2012-4tokyo2.pdf,official_daily_result_pdf
201205040207,2012,東京,4,2,7,2012-10-07,https://www.jra.go.jp/datafile/seiseki/report/2012/2012-4tokyo2.pdf,official_daily_result_pdf
201205040208,2012,東京,4,2,8,2012-10-07,https://www.jra.go.jp/datafile/seiseki/report/2012/2012-4tokyo2.pdf,official_daily_result_pdf
201205040209,2012,東京,4,2,9,2012-10-07,https://www.jra.go.jp/datafile/seiseki/report/2012/2012-4tokyo2.pdf,official_daily_result_pdf
201205040210,2012,東京,4,2,10,2012-10-07,https://www.jra.go.jp/datafile/seiseki/report/2012/2012-4tokyo2.pdf,official_daily_result_pdf
201205040211,2012,東京,4,2,11,2012-10-07,https://www.jra.go.jp/datafile/seiseki/report/2012/2012-4tokyo2.pdf,official_daily_result_pdf
201205040212,2012,東京,4,2,12,2012-10-07,https://www.jra.go.jp/datafile/seiseki/report/2012/2012-4tokyo2.pdf,official_daily_result_pdf
201205040301,2012,東京,4,3,1,2012-10-08,https://www.jra.go.jp/datafile/seiseki/report/2012/2012-4tokyo3.pdf,official_daily_result_pdf
201205040302,2012,東京,4,3,2,2012-10-08,https://www.jra.go.jp/datafile/seiseki/report/2012/2012-4tokyo3.pdf,official_daily_result_pdf
201205040303,2012,東京,4,3,3,2012-10-08,https://www.jra.go.jp/datafile/seiseki/report/2012/2012-4tokyo3.pdf,official_daily_result_pdf
201205040304,2012,東京,4,3,4,2012-10-08,https://www.jra.go.jp/datafile/seiseki/report/2012/2012-4tokyo3.pdf,official_daily_result_pdf
201205040305,2012,東京,4,3,5,2012-10-08,https://www.jra.go.jp/datafile/seiseki/report/2012/2012-4tokyo3.pdf,official_daily_result_pdf
201205040306,2012,東京,4,3,6,2012-10-08,https://www.jra.go.jp/datafile/seiseki/report/2012/2012-4tokyo3.pdf,official_daily_result_pdf
201205040307,2012,東京,4,3,7,2012-10-08,https://www.jra.go.jp/datafile/seiseki/report/2012/2012-4tokyo3.pdf,official_daily_result_pdf
201205040308,2012,東京,4,3,8,2012-10-08,https://www.jra.go.jp/datafile/seiseki/report/2012/2012-4tokyo3.pdf,official_daily_result_pdf
201205040309,2012,東京,4,3,9,2012-10-08,https://www.jra.go.jp/datafile/seiseki/report/2012/2012-4tokyo3.pdf,official_daily_result_pdf
201205040310,2012,東京,4,3,10,2012-10-08,https://www.jra.go.jp/datafile/seiseki/report/2012/2012-4tokyo3.pdf,official_daily_result_pdf
201205040311,2012,東京,4,3,11,2012-10-08,https://www.jra.go.jp/datafile/seiseki/report/2012/2012-4tokyo3.pdf,official_daily_result_pdf
201205040312,2012,東京,4,3,12,2012-10-08,https://www.jra.go.jp/datafile/seiseki/report/2012/2012-4tokyo3.pdf,official_daily_result_pdf
201205040401,2012,東京,4,4,1,2012-10-13,https://www.jra.go.jp/datafile/seiseki/report/2012/2012-4tokyo4.pdf,official_daily_result_pdf
201205040402,2012,東京,4,4,2,2012-10-13,https://www.jra.go.jp/datafile/seiseki/report/2012/2012-4tokyo4.pdf,official_daily_result_pdf
201205040403,2012,東京,4,4,3,2012-10-13,https://www.jra.go.jp/datafile/seiseki/report/2012/2012-4tokyo4.pdf,official_daily_result_pdf
201205040404,2012,東京,4,4,4,2012-10-13,https://www.jra.go.jp/datafile/seiseki/report/2012/2012-4tokyo4.pdf,official_daily_result_pdf
201205040405,2012,東京,4,4,5,2012-10-13,https://www.jra.go.jp/datafile/seiseki/report/2012/2012-4tokyo4.pdf,official_daily_result_pdf
201205040406,2012,東京,4,4,6,2012-10-13,https://www.jra.go.jp/datafile/seiseki/report/2012/2012-4tokyo4.pdf,official_daily_result_pdf
201205040407,2012,東京,4,4,7,2012-10-13,https://www.jra.go.jp/datafile/seiseki/report/2012/2012-4tokyo4.pdf,official_daily_result_pdf
201205040408,2012,東京,4,4,8,2012-10-13,https://www.jra.go.jp/datafile/seiseki/report/2012/2012-4tokyo4.pdf,official_daily_result_pdf
201205040409,2012,東京,4,4,9,2012-10-13,https://www.jra.go.jp/datafile/seiseki/report/2012/2012-4tokyo4.pdf,official_daily_result_pdf
201205040410,2012,東京,4,4,10,2012-10-13,https://www.jra.go.jp/datafile/seiseki/report/2012/2012-4tokyo4.pdf,official_daily_result_pdf
201205040411,2012,東京,4,4,11,2012-10-13,https://www.jra.go.jp/datafile/seiseki/report/2012/2012-4tokyo4.pdf,official_daily_result_pdf
201205040412,2012,東京,4,4,12,2012-10-13,https://www.jra.go.jp/datafile/seiseki/report/2012/2012-4tokyo4.pdf,official_daily_result_pdf
201205040501,2012,東京,4,5,1,2012-10-14,https://www.jra.go.jp/datafile/seiseki/report/2012/2012-4tokyo5.pdf,official_daily_result_pdf
201205040502,2012,東京,4,5,2,2012-10-14,https://www.jra.go.jp/datafile/seiseki/report/2012/2012-4tokyo5.pdf,official_daily_result_pdf
201205040503,2012,東京,4,5,3,2012-10-14,https://www.jra.go.jp/datafile/seiseki/report/2012/2012-4tokyo5.pdf,official_daily_result_pdf
201205040504,2012,東京,4,5,4,2012-10-14,https://www.jra.go.jp/datafile/seiseki/report/2012/2012-4tokyo5.pdf,official_daily_result_pdf
201205040505,2012,東京,4,5,5,2012-10-14,https://www.jra.go.jp/datafile/seiseki/report/2012/2012-4tokyo5.pdf,official_daily_result_pdf
201205040506,2012,東京,4,5,6,2012-10-14,https://www.jra.go.jp/datafile/seiseki/report/2012/2012-4tokyo5.pdf,official_daily_result_pdf
201205040507,2012,東京,4,5,7,2012-10-14,https://www.jra.go.jp/datafile/seiseki/report/2012/2012-4tokyo5.pdf,official_daily_result_pdf
201205040508,2012,東京,4,5,8,2012-10-14,https://www.jra.go.jp/datafile/seiseki/report/2012/2012-4tokyo5.pdf,official_daily_result_pdf
201205040509,2012,東京,4,5,9,2012-10-14,https://www.jra.go.jp/datafile/seiseki/report/2012/2012-4tokyo5.pdf,official_daily_result_pdf
201205040510,2012,東京,4,5,10,2012-10-14,https://www.jra.go.jp/datafile/seiseki/report/2012/2012-4tokyo5.pdf,official_daily_result_pdf
201205040511,2012,東京,4,5,11,2012-10-14,https://www.jra.go.jp/datafile/seiseki/report/2012/2012-4tokyo5.pdf,official_daily_result_pdf
201205040512,2012,東京,4,5,12,2012-10-14,https://www.jra.go.jp/datafile/seiseki/report/2012/2012-4tokyo5.pdf,official_daily_result_pdf
201205040601,2012,東京,4,6,1,2012-10-20,https://www.jra.go.jp/datafile/seiseki/report/2012/2012-4tokyo6.pdf,official_daily_result_pdf
201205040602,2012,東京,4,6,2,2012-10-20,https://www.jra.go.jp/datafile/seiseki/report/2012/2012-4tokyo6.pdf,official_daily_result_pdf
201205040603,2012,東京,4,6,3,2012-10-20,https://www.jra.go.jp/datafile/seiseki/report/2012/2012-4tokyo6.pdf,official_daily_result_pdf
201205040604,2012,東京,4,6,4,2012-10-20,https://www.jra.go.jp/datafile/seiseki/report/2012/2012-4tokyo6.pdf,official_daily_result_pdf
201205040605,2012,東京,4,6,5,2012-10-20,https://www.jra.go.jp/datafile/seiseki/report/2012/2012-4tokyo6.pdf,official_daily_result_pdf
201205040606,2012,東京,4,6,6,2012-10-20,https://www.jra.go.jp/datafile/seiseki/report/2012/2012-4tokyo6.pdf,official_daily_result_pdf
201205040607,2012,東京,4,6,7,2012-10-20,https://www.jra.go.jp/datafile/seiseki/report/2012/2012-4tokyo6.pdf,official_daily_result_pdf
201205040608,2012,東京,4,6,8,2012-10-20,https://www.jra.go.jp/datafile/seiseki/report/2012/2012-4tokyo6.pdf,official_daily_result_pdf
201205040609,2012,東京,4,6,9,2012-10-20,https://www.jra.go.jp/datafile/seiseki/report/2012/2012-4tokyo6.pdf,official_daily_result_pdf
201205040610,2012,東京,4,6,10,2012-10-20,https://www.jra.go.jp/datafile/seiseki/report/2012/2012-4tokyo6.pdf,official_daily_result_pdf
201205040611,2012,東京,4,6,11,2012-10-20,https://www.jra.go.jp/datafile/seiseki/report/2012/2012-4tokyo6.pdf,official_daily_result_pdf
201205040612,2012,東京,4,6,12,2012-10-20,https://www.jra.go.jp/datafile/seiseki/report/2012/2012-4tokyo6.pdf,official_daily_result_pdf
201205040701,2012,東京,4,7,1,2012-10-21,https://www.jra.go.jp/datafile/seiseki/report/2012/2012-4tokyo7.pdf,official_daily_result_pdf
201205040702,2012,東京,4,7,2,2012-10-21,https://www.jra.go.jp/datafile/seiseki/report/2012/2012-4tokyo7.pdf,official_daily_result_pdf
201205040703,2012,東京,4,7,3,2012-10-21,https://www.jra.go.jp/datafile/seiseki/report/2012/2012-4tokyo7.pdf,official_daily_result_pdf
201205040704,2012,東京,4,7,4,2012-10-21,https://www.jra.go.jp/datafile/seiseki/report/2012/2012-4tokyo7.pdf,official_daily_result_pdf
201205040705,2012,東京,4,7,5,2012-10-21,https://www.jra.go.jp/datafile/seiseki/report/2012/2012-4tokyo7.pdf,official_daily_result_pdf
201205040706,2012,東京,4,7,6,2012-10-21,https://www.jra.go.jp/datafile/seiseki/report/2012/2012-4tokyo7.pdf,official_daily_result_pdf
201205040707,2012,東京,4,7,7,2012-10-21,https://www.jra.go.jp/datafile/seiseki/report/2012/2012-4tokyo7.pdf,official_daily_result_pdf
201205040708,2012,東京,4,7,8,2012-10-21,https://www.jra.go.jp/datafile/seiseki/report/2012/2012-4tokyo7.pdf,official_daily_result_pdf
201205040709,2012,東京,4,7,9,2012-10-21,https://www.jra.go.jp/datafile/seiseki/report/2012/2012-4tokyo7.pdf,official_daily_result_pdf
201205040710,2012,東京,4,7,10,2012-10-21,https://www.jra.go.jp/datafile/seiseki/report/2012/2012-4tokyo7.pdf,official_daily_result_pdf
201205040711,2012,東京,4,7,11,2012-10-21,https://www.jra.go.jp/datafile/seiseki/report/2012/2012-4tokyo7.pdf,official_daily_result_pdf
201205040712,2012,東京,4,7,12,2012-10-21,https://www.jra.go.jp/datafile/seiseki/report/2012/2012-4tokyo7.pdf,official_daily_result_pdf
201205040801,2012,東京,4,8,1,2012-10-27,https://www.jra.go.jp/datafile/seiseki/report/2012/2012-4tokyo8.pdf,official_daily_result_pdf
201205040802,2012,東京,4,8,2,2012-10-27,https://www.jra.go.jp/datafile/seiseki/report/2012/2012-4tokyo8.pdf,official_daily_result_pdf
201205040803,2012,東京,4,8,3,2012-10-27,https://www.jra.go.jp/datafile/seiseki/report/2012/2012-4tokyo8.pdf,official_daily_result_pdf
201205040804,2012,東京,4,8,4,2012-10-27,https://www.jra.go.jp/datafile/seiseki/report/2012/2012-4tokyo8.pdf,official_daily_result_pdf
201205040805,2012,東京,4,8,5,2012-10-27,https://www.jra.go.jp/datafile/seiseki/report/2012/2012-4tokyo8.pdf,official_daily_result_pdf
201205040806,2012,東京,4,8,6,2012-10-27,https://www.jra.go.jp/datafile/seiseki/report/2012/2012-4tokyo8.pdf,official_daily_result_pdf
201205040807,2012,東京,4,8,7,2012-10-27,https://www.jra.go.jp/datafile/seiseki/report/2012/2012-4tokyo8.pdf,official_daily_result_pdf
201205040808,2012,東京,4,8,8,2012-10-27,https://www.jra.go.jp/datafile/seiseki/report/2012/2012-4tokyo8.pdf,official_daily_result_pdf
201205040809,2012,東京,4,8,9,2012-10-27,https://www.jra.go.jp/datafile/seiseki/report/2012/2012-4tokyo8.pdf,official_daily_result_pdf
201205040810,2012,東京,4,8,10,2012-10-27,https://www.jra.go.jp/datafile/seiseki/report/2012/2012-4tokyo8.pdf,official_daily_result_pdf
201205040811,2012,東京,4,8,11,2012-10-27,https://www.jra.go.jp/datafile/seiseki/report/2012/2012-4tokyo8.pdf,official_daily_result_pdf
201205040812,2012,東京,4,8,12,2012-10-27,https://www.jra.go.jp/datafile/seiseki/report/2012/2012-4tokyo8.pdf,official_daily_result_pdf
201205040901,2012,東京,4,9,1,2012-10-28,https://www.jra.go.jp/datafile/seiseki/report/2012/2012-4tokyo9.pdf,official_daily_result_pdf
201205040902,2012,東京,4,9,2,2012-10-28,https://www.jra.go.jp/datafile/seiseki/report/2012/2012-4tokyo9.pdf,official_daily_result_pdf
201205040903,2012,東京,4,9,3,2012-10-28,https://www.jra.go.jp/datafile/seiseki/report/2012/2012-4tokyo9.pdf,official_daily_result_pdf
201205040904,2012,東京,4,9,4,2012-10-28,https://www.jra.go.jp/datafile/seiseki/report/2012/2012-4tokyo9.pdf,official_daily_result_pdf
201205040905,2012,東京,4,9,5,2012-10-28,https://www.jra.go.jp/datafile/seiseki/report/2012/2012-4tokyo9.pdf,official_daily_result_pdf
201205040906,2012,東京,4,9,6,2012-10-28,https://www.jra.go.jp/datafile/seiseki/report/2012/2012-4tokyo9.pdf,official_daily_result_pdf
201205040907,2012,東京,4,9,7,2012-10-28,https://www.jra.go.jp/datafile/seiseki/report/2012/2012-4tokyo9.pdf,official_daily_result_pdf
201205040908,2012,東京,4,9,8,2012-10-28,https://www.jra.go.jp/datafile/seiseki/report/2012/2012-4tokyo9.pdf,official_daily_result_pdf
201205040909,2012,東京,4,9,9,2012-10-28,https://www.jra.go.jp/datafile/seiseki/report/2012/2012-4tokyo9.pdf,official_daily_result_pdf
201205040910,2012,東京,4,9,10,2012-10-28,https://www.jra.go.jp/datafile/seiseki/report/2012/2012-4tokyo9.pdf,official_daily_result_pdf
201205040911,2012,東京,4,9,11,2012-10-28,https://www.jra.go.jp/datafile/seiseki/report/2012/2012-4tokyo9.pdf,official_daily_result_pdf
201205040912,2012,東京,4,9,12,2012-10-28,https://www.jra.go.jp/datafile/seiseki/report/2012/2012-4tokyo9.pdf,official_daily_result_pdf
201205050101,2012,東京,5,1,1,2012-11-03,https://www.jra.go.jp/datafile/seiseki/report/2012/2012-5tokyo1.pdf,official_daily_result_pdf
201205050102,2012,東京,5,1,2,2012-11-03,https://www.jra.go.jp/datafile/seiseki/report/2012/2012-5tokyo1.pdf,official_daily_result_pdf
201205050103,2012,東京,5,1,3,2012-11-03,https://www.jra.go.jp/datafile/seiseki/report/2012/2012-5tokyo1.pdf,official_daily_result_pdf
201205050104,2012,東京,5,1,4,2012-11-03,https://www.jra.go.jp/datafile/seiseki/report/2012/2012-5tokyo1.pdf,official_daily_result_pdf
201205050105,2012,東京,5,1,5,2012-11-03,https://www.jra.go.jp/datafile/seiseki/report/2012/2012-5tokyo1.pdf,official_daily_result_pdf
201205050106,2012,東京,5,1,6,2012-11-03,https://www.jra.go.jp/datafile/seiseki/report/2012/2012-5tokyo1.pdf,official_daily_result_pdf
201205050107,2012,東京,5,1,7,2012-11-03,https://www.jra.go.jp/datafile/seiseki/report/2012/2012-5tokyo1.pdf,official_daily_result_pdf
201205050108,2012,東京,5,1,8,2012-11-03,https://www.jra.go.jp/datafile/seiseki/report/2012/2012-5tokyo1.pdf,official_daily_result_pdf
201205050109,2012,東京,5,1,9,2012-11-03,https://www.jra.go.jp/datafile/seiseki/report/2012/2012-5tokyo1.pdf,official_daily_result_pdf
201205050110,2012,東京,5,1,10,2012-11-03,https://www.jra.go.jp/datafile/seiseki/report/2012/2012-5tokyo1.pdf,official_daily_result_pdf
201205050111,2012,東京,5,1,11,2012-11-03,https://www.jra.go.jp/datafile/seiseki/report/2012/2012-5tokyo1.pdf,official_daily_result_pdf
201205050112,2012,東京,5,1,12,2012-11-03,https://www.jra.go.jp/datafile/seiseki/report/2012/2012-5tokyo1.pdf,official_daily_result_pdf
201205050201,2012,東京,5,2,1,2012-11-04,https://www.jra.go.jp/datafile/seiseki/report/2012/2012-5tokyo2.pdf,official_daily_result_pdf
201205050202,2012,東京,5,2,2,2012-11-04,https://www.jra.go.jp/datafile/seiseki/report/2012/2012-5tokyo2.pdf,official_daily_result_pdf
201205050203,2012,東京,5,2,3,2012-11-04,https://www.jra.go.jp/datafile/seiseki/report/2012/2012-5tokyo2.pdf,official_daily_result_pdf
201205050204,2012,東京,5,2,4,2012-11-04,https://www.jra.go.jp/datafile/seiseki/report/2012/2012-5tokyo2.pdf,official_daily_result_pdf
201205050205,2012,東京,5,2,5,2012-11-04,https://www.jra.go.jp/datafile/seiseki/report/2012/2012-5tokyo2.pdf,official_daily_result_pdf
201205050206,2012,東京,5,2,6,2012-11-04,https://www.jra.go.jp/datafile/seiseki/report/2012/2012-5tokyo2.pdf,official_daily_result_pdf
201205050207,2012,東京,5,2,7,2012-11-04,https://www.jra.go.jp/datafile/seiseki/report/2012/2012-5tokyo2.pdf,official_daily_result_pdf
201205050208,2012,東京,5,2,8,2012-11-04,https://www.jra.go.jp/datafile/seiseki/report/2012/2012-5tokyo2.pdf,official_daily_result_pdf
201205050209,2012,東京,5,2,9,2012-11-04,https://www.jra.go.jp/datafile/seiseki/report/2012/2012-5tokyo2.pdf,official_daily_result_pdf
201205050210,2012,東京,5,2,10,2012-11-04,https://www.jra.go.jp/datafile/seiseki/report/2012/2012-5tokyo2.pdf,official_daily_result_pdf
201205050211,2012,東京,5,2,11,2012-11-04,https://www.jra.go.jp/datafile/seiseki/report/2012/2012-5tokyo2.pdf,official_daily_result_pdf
201205050212,2012,東京,5,2,12,2012-11-04,https://www.jra.go.jp/datafile/seiseki/report/2012/2012-5tokyo2.pdf,official_daily_result_pdf
201205050301,2012,東京,5,3,1,2012-11-10,https://www.jra.go.jp/datafile/seiseki/report/2012/2012-5tokyo3.pdf,official_daily_result_pdf
201205050302,2012,東京,5,3,2,2012-11-10,https://www.jra.go.jp/datafile/seiseki/report/2012/2012-5tokyo3.pdf,official_daily_result_pdf
201205050303,2012,東京,5,3,3,2012-11-10,https://www.jra.go.jp/datafile/seiseki/report/2012/2012-5tokyo3.pdf,official_daily_result_pdf
201205050304,2012,東京,5,3,4,2012-11-10,https://www.jra.go.jp/datafile/seiseki/report/2012/2012-5tokyo3.pdf,official_daily_result_pdf
201205050305,2012,東京,5,3,5,2012-11-10,https://www.jra.go.jp/datafile/seiseki/report/2012/2012-5tokyo3.pdf,official_daily_result_pdf
201205050306,2012,東京,5,3,6,2012-11-10,https://www.jra.go.jp/datafile/seiseki/report/2012/2012-5tokyo3.pdf,official_daily_result_pdf
201205050307,2012,東京,5,3,7,2012-11-10,https://www.jra.go.jp/datafile/seiseki/report/2012/2012-5tokyo3.pdf,official_daily_result_pdf
201205050308,2012,東京,5,3,8,2012-11-10,https://www.jra.go.jp/datafile/seiseki/report/2012/2012-5tokyo3.pdf,official_daily_result_pdf
201205050309,2012,東京,5,3,9,2012-11-10,https://www.jra.go.jp/datafile/seiseki/report/2012/2012-5tokyo3.pdf,official_daily_result_pdf
201205050310,2012,東京,5,3,10,2012-11-10,https://www.jra.go.jp/datafile/seiseki/report/2012/2012-5tokyo3.pdf,official_daily_result_pdf
201205050311,2012,東京,5,3,11,2012-11-10,https://www.jra.go.jp/datafile/seiseki/report/2012/2012-5tokyo3.pdf,official_daily_result_pdf
201205050312,2012,東京,5,3,12,2012-11-10,https://www.jra.go.jp/datafile/seiseki/report/2012/2012-5tokyo3.pdf,official_daily_result_pdf
201205050401,2012,東京,5,4,1,2012-11-11,https://www.jra.go.jp/datafile/seiseki/report/2012/2012-5tokyo4.pdf,official_daily_result_pdf
201205050402,2012,東京,5,4,2,2012-11-11,https://www.jra.go.jp/datafile/seiseki/report/2012/2012-5tokyo4.pdf,official_daily_result_pdf
201205050403,2012,東京,5,4,3,2012-11-11,https://www.jra.go.jp/datafile/seiseki/report/2012/2012-5tokyo4.pdf,official_daily_result_pdf
201205050404,2012,東京,5,4,4,2012-11-11,https://www.jra.go.jp/datafile/seiseki/report/2012/2012-5tokyo4.pdf,official_daily_result_pdf
201205050405,2012,東京,5,4,5,2012-11-11,https://www.jra.go.jp/datafile/seiseki/report/2012/2012-5tokyo4.pdf,official_daily_result_pdf
201205050406,2012,東京,5,4,6,2012-11-11,https://www.jra.go.jp/datafile/seiseki/report/2012/2012-5tokyo4.pdf,official_daily_result_pdf
201205050407,2012,東京,5,4,7,2012-11-11,https://www.jra.go.jp/datafile/seiseki/report/2012/2012-5tokyo4.pdf,official_daily_result_pdf
201205050408,2012,東京,5,4,8,2012-11-11,https://www.jra.go.jp/datafile/seiseki/report/2012/2012-5tokyo4.pdf,official_daily_result_pdf
201205050409,2012,東京,5,4,9,2012-11-11,https://www.jra.go.jp/datafile/seiseki/report/2012/2012-5tokyo4.pdf,official_daily_result_pdf
201205050410,2012,東京,5,4,10,2012-11-11,https://www.jra.go.jp/datafile/seiseki/report/2012/2012-5tokyo4.pdf,official_daily_result_pdf
201205050411,2012,東京,5,4,11,2012-11-11,https://www.jra.go.jp/datafile/seiseki/report/2012/2012-5tokyo4.pdf,official_daily_result_pdf
201205050412,2012,東京,5,4,12,2012-11-11,https://www.jra.go.jp/datafile/seiseki/report/2012/2012-5tokyo4.pdf,official_daily_result_pdf
201205050501,2012,東京,5,5,1,2012-11-17,https://www.jra.go.jp/datafile/seiseki/report/2012/2012-5tokyo5.pdf,official_daily_result_pdf
201205050502,2012,東京,5,5,2,2012-11-17,https://www.jra.go.jp/datafile/seiseki/report/2012/2012-5tokyo5.pdf,official_daily_result_pdf
201205050503,2012,東京,5,5,3,2012-11-17,https://www.jra.go.jp/datafile/seiseki/report/2012/2012-5tokyo5.pdf,official_daily_result_pdf
201205050504,2012,東京,5,5,4,2012-11-17,https://www.jra.go.jp/datafile/seiseki/report/2012/2012-5tokyo5.pdf,official_daily_result_pdf
201205050505,2012,東京,5,5,5,2012-11-17,https://www.jra.go.jp/datafile/seiseki/report/2012/2012-5tokyo5.pdf,official_daily_result_pdf
201205050506,2012,東京,5,5,6,2012-11-17,https://www.jra.go.jp/datafile/seiseki/report/2012/2012-5tokyo5.pdf,official_daily_result_pdf
201205050507,2012,東京,5,5,7,2012-11-17,https://www.jra.go.jp/datafile/seiseki/report/2012/2012-5tokyo5.pdf,official_daily_result_pdf
201205050508,2012,東京,5,5,8,2012-11-17,https://www.jra.go.jp/datafile/seiseki/report/2012/2012-5tokyo5.pdf,official_daily_result_pdf
201205050509,2012,東京,5,5,9,2012-11-17,https://www.jra.go.jp/datafile/seiseki/report/2012/2012-5tokyo5.pdf,official_daily_result_pdf
201205050510,2012,東京,5,5,10,2012-11-17,https://www.jra.go.jp/datafile/seiseki/report/2012/2012-5tokyo5.pdf,official_daily_result_pdf
201205050511,2012,東京,5,5,11,2012-11-17,https://www.jra.go.jp/datafile/seiseki/report/2012/2012-5tokyo5.pdf,official_daily_result_pdf
201205050512,2012,東京,5,5,12,2012-11-17,https://www.jra.go.jp/datafile/seiseki/report/2012/2012-5tokyo5.pdf,official_daily_result_pdf
201205050601,2012,東京,5,6,1,2012-11-18,https://www.jra.go.jp/datafile/seiseki/report/2012/2012-5tokyo6.pdf,official_daily_result_pdf
201205050602,2012,東京,5,6,2,2012-11-18,https://www.jra.go.jp/datafile/seiseki/report/2012/2012-5tokyo6.pdf,official_daily_result_pdf
201205050603,2012,東京,5,6,3,2012-11-18,https://www.jra.go.jp/datafile/seiseki/report/2012/2012-5tokyo6.pdf,official_daily_result_pdf
201205050604,2012,東京,5,6,4,2012-11-18,https://www.jra.go.jp/datafile/seiseki/report/2012/2012-5tokyo6.pdf,official_daily_result_pdf
201205050605,2012,東京,5,6,5,2012-11-18,https://www.jra.go.jp/datafile/seiseki/report/2012/2012-5tokyo6.pdf,official_daily_result_pdf
201205050606,2012,東京,5,6,6,2012-11-18,https://www.jra.go.jp/datafile/seiseki/report/2012/2012-5tokyo6.pdf,official_daily_result_pdf
201205050607,2012,東京,5,6,7,2012-11-18,https://www.jra.go.jp/datafile/seiseki/report/2012/2012-5tokyo6.pdf,official_daily_result_pdf
201205050608,2012,東京,5,6,8,2012-11-18,https://www.jra.go.jp/datafile/seiseki/report/2012/2012-5tokyo6.pdf,official_daily_result_pdf
201205050609,2012,東京,5,6,9,2012-11-18,https://www.jra.go.jp/datafile/seiseki/report/2012/2012-5tokyo6.pdf,official_daily_result_pdf
201205050610,2012,東京,5,6,10,2012-11-18,https://www.jra.go.jp/datafile/seiseki/report/2012/2012-5tokyo6.pdf,official_daily_result_pdf
201205050611,2012,東京,5,6,11,2012-11-18,https://www.jra.go.jp/datafile/seiseki/report/2012/2012-5tokyo6.pdf,official_daily_result_pdf
201205050612,2012,東京,5,6,12,2012-11-18,https://www.jra.go.jp/datafile/seiseki/report/2012/2012-5tokyo6.pdf,official_daily_result_pdf
201205050701,2012,東京,5,7,1,2012-11-24,https://www.jra.go.jp/datafile/seiseki/report/2012/2012-5tokyo7.pdf,official_daily_result_pdf
201205050702,2012,東京,5,7,2,2012-11-24,https://www.jra.go.jp/datafile/seiseki/report/2012/2012-5tokyo7.pdf,official_daily_result_pdf
201205050703,2012,東京,5,7,3,2012-11-24,https://www.jra.go.jp/datafile/seiseki/report/2012/2012-5tokyo7.pdf,official_daily_result_pdf
201205050704,2012,東京,5,7,4,2012-11-24,https://www.jra.go.jp/datafile/seiseki/report/2012/2012-5tokyo7.pdf,official_daily_result_pdf
201205050705,2012,東京,5,7,5,2012-11-24,https://www.jra.go.jp/datafile/seiseki/report/2012/2012-5tokyo7.pdf,official_daily_result_pdf
201205050706,2012,東京,5,7,6,2012-11-24,https://www.jra.go.jp/datafile/seiseki/report/2012/2012-5tokyo7.pdf,official_daily_result_pdf
201205050707,2012,東京,5,7,7,2012-11-24,https://www.jra.go.jp/datafile/seiseki/report/2012/2012-5tokyo7.pdf,official_daily_result_pdf
201205050708,2012,東京,5,7,8,2012-11-24,https://www.jra.go.jp/datafile/seiseki/report/2012/2012-5tokyo7.pdf,official_daily_result_pdf
201205050709,2012,東京,5,7,9,2012-11-24,https://www.jra.go.jp/datafile/seiseki/report/2012/2012-5tokyo7.pdf,official_daily_result_pdf
201205050710,2012,東京,5,7,10,2012-11-24,https://www.jra.go.jp/datafile/seiseki/report/2012/2012-5tokyo7.pdf,official_daily_result_pdf
201205050711,2012,東京,5,7,11,2012-11-24,https://www.jra.go.jp/datafile/seiseki/report/2012/2012-5tokyo7.pdf,official_daily_result_pdf
201205050712,2012,東京,5,7,12,2012-11-24,https://www.jra.go.jp/datafile/seiseki/report/2012/2012-5tokyo7.pdf,official_daily_result_pdf
201205050801,2012,東京,5,8,1,2012-11-25,https://www.jra.go.jp/datafile/seiseki/report/2012/2012-5tokyo8.pdf,official_daily_result_pdf
201205050802,2012,東京,5,8,2,2012-11-25,https://www.jra.go.jp/datafile/seiseki/report/2012/2012-5tokyo8.pdf,official_daily_result_pdf
201205050803,2012,東京,5,8,3,2012-11-25,https://www.jra.go.jp/datafile/seiseki/report/2012/2012-5tokyo8.pdf,official_daily_result_pdf
201205050804,2012,東京,5,8,4,2012-11-25,https://www.jra.go.jp/datafile/seiseki/report/2012/2012-5tokyo8.pdf,official_daily_result_pdf
201205050805,2012,東京,5,8,5,2012-11-25,https://www.jra.go.jp/datafile/seiseki/report/2012/2012-5tokyo8.pdf,official_daily_result_pdf
201205050806,2012,東京,5,8,6,2012-11-25,https://www.jra.go.jp/datafile/seiseki/report/2012/2012-5tokyo8.pdf,official_daily_result_pdf
201205050807,2012,東京,5,8,7,2012-11-25,https://www.jra.go.jp/datafile/seiseki/report/2012/2012-5tokyo8.pdf,official_daily_result_pdf
201205050808,2012,東京,5,8,8,2012-11-25,https://www.jra.go.jp/datafile/seiseki/report/2012/2012-5tokyo8.pdf,official_daily_result_pdf
201205050809,2012,東京,5,8,9,2012-11-25,https://www.jra.go.jp/datafile/seiseki/report/2012/2012-5tokyo8.pdf,official_daily_result_pdf
201205050810,2012,東京,5,8,10,2012-11-25,https://www.jra.go.jp/datafile/seiseki/report/2012/2012-5tokyo8.pdf,official_daily_result_pdf
201205050811,2012,東京,5,8,11,2012-11-25,https://www.jra.go.jp/datafile/seiseki/report/2012/2012-5tokyo8.pdf,official_daily_result_pdf
201206010101,2012,中山,1,1,1,2012-01-05,https://www.jra.go.jp/datafile/seiseki/report/2012/2012-1nakayama1.pdf,official_daily_result_pdf
201206010102,2012,中山,1,1,2,2012-01-05,https://www.jra.go.jp/datafile/seiseki/report/2012/2012-1nakayama1.pdf,official_daily_result_pdf
201206010103,2012,中山,1,1,3,2012-01-05,https://www.jra.go.jp/datafile/seiseki/report/2012/2012-1nakayama1.pdf,official_daily_result_pdf
201206010104,2012,中山,1,1,4,2012-01-05,https://www.jra.go.jp/datafile/seiseki/report/2012/2012-1nakayama1.pdf,official_daily_result_pdf
201206010105,2012,中山,1,1,5,2012-01-05,https://www.jra.go.jp/datafile/seiseki/report/2012/2012-1nakayama1.pdf,official_daily_result_pdf
201206010106,2012,中山,1,1,6,2012-01-05,https://www.jra.go.jp/datafile/seiseki/report/2012/2012-1nakayama1.pdf,official_daily_result_pdf
201206010107,2012,中山,1,1,7,2012-01-05,https://www.jra.go.jp/datafile/seiseki/report/2012/2012-1nakayama1.pdf,official_daily_result_pdf
201206010108,2012,中山,1,1,8,2012-01-05,https://www.jra.go.jp/datafile/seiseki/report/2012/2012-1nakayama1.pdf,official_daily_result_pdf
201206010109,2012,中山,1,1,9,2012-01-05,https://www.jra.go.jp/datafile/seiseki/report/2012/2012-1nakayama1.pdf,official_daily_result_pdf
201206010110,2012,中山,1,1,10,2012-01-05,https://www.jra.go.jp/datafile/seiseki/report/2012/2012-1nakayama1.pdf,official_daily_result_pdf
201206010111,2012,中山,1,1,11,2012-01-05,https://www.jra.go.jp/datafile/seiseki/report/2012/2012-1nakayama1.pdf,official_daily_result_pdf
201206010112,2012,中山,1,1,12,2012-01-05,https://www.jra.go.jp/datafile/seiseki/report/2012/2012-1nakayama1.pdf,official_daily_result_pdf
201206010201,2012,中山,1,2,1,2012-01-08,https://www.jra.go.jp/datafile/seiseki/report/2012/2012-1nakayama2.pdf,official_daily_result_pdf
201206010202,2012,中山,1,2,2,2012-01-08,https://www.jra.go.jp/datafile/seiseki/report/2012/2012-1nakayama2.pdf,official_daily_result_pdf
201206010203,2012,中山,1,2,3,2012-01-08,https://www.jra.go.jp/datafile/seiseki/report/2012/2012-1nakayama2.pdf,official_daily_result_pdf
201206010204,2012,中山,1,2,4,2012-01-08,https://www.jra.go.jp/datafile/seiseki/report/2012/2012-1nakayama2.pdf,official_daily_result_pdf
201206010205,2012,中山,1,2,5,2012-01-08,https://www.jra.go.jp/datafile/seiseki/report/2012/2012-1nakayama2.pdf,official_daily_result_pdf
201206010206,2012,中山,1,2,6,2012-01-08,https://www.jra.go.jp/datafile/seiseki/report/2012/2012-1nakayama2.pdf,official_daily_result_pdf
201206010207,2012,中山,1,2,7,2012-01-08,https://www.jra.go.jp/datafile/seiseki/report/2012/2012-1nakayama2.pdf,official_daily_result_pdf
201206010208,2012,中山,1,2,8,2012-01-08,https://www.jra.go.jp/datafile/seiseki/report/2012/2012-1nakayama2.pdf,official_daily_result_pdf
201206010209,2012,中山,1,2,9,2012-01-08,https://www.jra.go.jp/datafile/seiseki/report/2012/2012-1nakayama2.pdf,official_daily_result_pdf
201206010210,2012,中山,1,2,10,2012-01-08,https://www.jra.go.jp/datafile/seiseki/report/2012/2012-1nakayama2.pdf,official_daily_result_pdf
201206010211,2012,中山,1,2,11,2012-01-08,https://www.jra.go.jp/datafile/seiseki/report/2012/2012-1nakayama2.pdf,official_daily_result_pdf
201206010212,2012,中山,1,2,12,2012-01-08,https://www.jra.go.jp/datafile/seiseki/report/2012/2012-1nakayama2.pdf,official_daily_result_pdf
201206010301,2012,中山,1,3,1,2012-01-09,https://www.jra.go.jp/datafile/seiseki/report/2012/2012-1nakayama3.pdf,official_daily_result_pdf
201206010302,2012,中山,1,3,2,2012-01-09,https://www.jra.go.jp/datafile/seiseki/report/2012/2012-1nakayama3.pdf,official_daily_result_pdf
201206010303,2012,中山,1,3,3,2012-01-09,https://www.jra.go.jp/datafile/seiseki/report/2012/2012-1nakayama3.pdf,official_daily_result_pdf
201206010304,2012,中山,1,3,4,2012-01-09,https://www.jra.go.jp/datafile/seiseki/report/2012/2012-1nakayama3.pdf,official_daily_result_pdf
201206010305,2012,中山,1,3,5,2012-01-09,https://www.jra.go.jp/datafile/seiseki/report/2012/2012-1nakayama3.pdf,official_daily_result_pdf
201206010306,2012,中山,1,3,6,2012-01-09,https://www.jra.go.jp/datafile/seiseki/report/2012/2012-1nakayama3.pdf,official_daily_result_pdf
201206010307,2012,中山,1,3,7,2012-01-09,https://www.jra.go.jp/datafile/seiseki/report/2012/2012-1nakayama3.pdf,official_daily_result_pdf
201206010308,2012,中山,1,3,8,2012-01-09,https://www.jra.go.jp/datafile/seiseki/report/2012/2012-1nakayama3.pdf,official_daily_result_pdf
201206010309,2012,中山,1,3,9,2012-01-09,https://www.jra.go.jp/datafile/seiseki/report/2012/2012-1nakayama3.pdf,official_daily_result_pdf
201206010310,2012,中山,1,3,10,2012-01-09,https://www.jra.go.jp/datafile/seiseki/report/2012/2012-1nakayama3.pdf,official_daily_result_pdf
201206010311,2012,中山,1,3,11,2012-01-09,https://www.jra.go.jp/datafile/seiseki/report/2012/2012-1nakayama3.pdf,official_daily_result_pdf
201206010312,2012,中山,1,3,12,2012-01-09,https://www.jra.go.jp/datafile/seiseki/report/2012/2012-1nakayama3.pdf,official_daily_result_pdf
201206010401,2012,中山,1,4,1,2012-01-14,https://www.jra.go.jp/datafile/seiseki/report/2012/2012-1nakayama4.pdf,official_daily_result_pdf
201206010402,2012,中山,1,4,2,2012-01-14,https://www.jra.go.jp/datafile/seiseki/report/2012/2012-1nakayama4.pdf,official_daily_result_pdf
201206010403,2012,中山,1,4,3,2012-01-14,https://www.jra.go.jp/datafile/seiseki/report/2012/2012-1nakayama4.pdf,official_daily_result_pdf
201206010404,2012,中山,1,4,4,2012-01-14,https://www.jra.go.jp/datafile/seiseki/report/2012/2012-1nakayama4.pdf,official_daily_result_pdf
201206010405,2012,中山,1,4,5,2012-01-14,https://www.jra.go.jp/datafile/seiseki/report/2012/2012-1nakayama4.pdf,official_daily_result_pdf
201206010406,2012,中山,1,4,6,2012-01-14,https://www.jra.go.jp/datafile/seiseki/report/2012/2012-1nakayama4.pdf,official_daily_result_pdf
201206010407,2012,中山,1,4,7,2012-01-14,https://www.jra.go.jp/datafile/seiseki/report/2012/2012-1nakayama4.pdf,official_daily_result_pdf
201206010408,2012,中山,1,4,8,2012-01-14,https://www.jra.go.jp/datafile/seiseki/report/2012/2012-1nakayama4.pdf,official_daily_result_pdf
201206010409,2012,中山,1,4,9,2012-01-14,https://www.jra.go.jp/datafile/seiseki/report/2012/2012-1nakayama4.pdf,official_daily_result_pdf
201206010410,2012,中山,1,4,10,2012-01-14,https://www.jra.go.jp/datafile/seiseki/report/2012/2012-1nakayama4.pdf,official_daily_result_pdf
201206010411,2012,中山,1,4,11,2012-01-14,https://www.jra.go.jp/datafile/seiseki/report/2012/2012-1nakayama4.pdf,official_daily_result_pdf
201206010412,2012,中山,1,4,12,2012-01-14,https://www.jra.go.jp/datafile/seiseki/report/2012/2012-1nakayama4.pdf,official_daily_result_pdf
201206010501,2012,中山,1,5,1,2012-01-15,https://www.jra.go.jp/datafile/seiseki/report/2012/2012-1nakayama5.pdf,official_daily_result_pdf
201206010502,2012,中山,1,5,2,2012-01-15,https://www.jra.go.jp/datafile/seiseki/report/2012/2012-1nakayama5.pdf,official_daily_result_pdf
201206010503,2012,中山,1,5,3,2012-01-15,https://www.jra.go.jp/datafile/seiseki/report/2012/2012-1nakayama5.pdf,official_daily_result_pdf
201206010504,2012,中山,1,5,4,2012-01-15,https://www.jra.go.jp/datafile/seiseki/report/2012/2012-1nakayama5.pdf,official_daily_result_pdf
201206010505,2012,中山,1,5,5,2012-01-15,https://www.jra.go.jp/datafile/seiseki/report/2012/2012-1nakayama5.pdf,official_daily_result_pdf
201206010506,2012,中山,1,5,6,2012-01-15,https://www.jra.go.jp/datafile/seiseki/report/2012/2012-1nakayama5.pdf,official_daily_result_pdf
201206010507,2012,中山,1,5,7,2012-01-15,https://www.jra.go.jp/datafile/seiseki/report/2012/2012-1nakayama5.pdf,official_daily_result_pdf
201206010508,2012,中山,1,5,8,2012-01-15,https://www.jra.go.jp/datafile/seiseki/report/2012/2012-1nakayama5.pdf,official_daily_result_pdf
201206010509,2012,中山,1,5,9,2012-01-15,https://www.jra.go.jp/datafile/seiseki/report/2012/2012-1nakayama5.pdf,official_daily_result_pdf
201206010510,2012,中山,1,5,10,2012-01-15,https://www.jra.go.jp/datafile/seiseki/report/2012/2012-1nakayama5.pdf,official_daily_result_pdf
201206010511,2012,中山,1,5,11,2012-01-15,https://www.jra.go.jp/datafile/seiseki/report/2012/2012-1nakayama5.pdf,official_daily_result_pdf
201206010512,2012,中山,1,5,12,2012-01-15,https://www.jra.go.jp/datafile/seiseki/report/2012/2012-1nakayama5.pdf,official_daily_result_pdf
201206010601,2012,中山,1,6,1,2012-01-21,https://www.jra.go.jp/datafile/seiseki/report/2012/2012-1nakayama6.pdf,official_daily_result_pdf
201206010602,2012,中山,1,6,2,2012-01-21,https://www.jra.go.jp/datafile/seiseki/report/2012/2012-1nakayama6.pdf,official_daily_result_pdf
201206010603,2012,中山,1,6,3,2012-01-21,https://www.jra.go.jp/datafile/seiseki/report/2012/2012-1nakayama6.pdf,official_daily_result_pdf
201206010604,2012,中山,1,6,4,2012-01-21,https://www.jra.go.jp/datafile/seiseki/report/2012/2012-1nakayama6.pdf,official_daily_result_pdf
201206010605,2012,中山,1,6,5,2012-01-21,https://www.jra.go.jp/datafile/seiseki/report/2012/2012-1nakayama6.pdf,official_daily_result_pdf
201206010606,2012,中山,1,6,6,2012-01-21,https://www.jra.go.jp/datafile/seiseki/report/2012/2012-1nakayama6.pdf,official_daily_result_pdf
201206010607,2012,中山,1,6,7,2012-01-21,https://www.jra.go.jp/datafile/seiseki/report/2012/2012-1nakayama6.pdf,official_daily_result_pdf
201206010608,2012,中山,1,6,8,2012-01-21,https://www.jra.go.jp/datafile/seiseki/report/2012/2012-1nakayama6.pdf,official_daily_result_pdf
201206010609,2012,中山,1,6,9,2012-01-21,https://www.jra.go.jp/datafile/seiseki/report/2012/2012-1nakayama6.pdf,official_daily_result_pdf
201206010610,2012,中山,1,6,10,2012-01-21,https://www.jra.go.jp/datafile/seiseki/report/2012/2012-1nakayama6.pdf,official_daily_result_pdf
201206010611,2012,中山,1,6,11,2012-01-21,https://www.jra.go.jp/datafile/seiseki/report/2012/2012-1nakayama6.pdf,official_daily_result_pdf
201206010612,2012,中山,1,6,12,2012-01-21,https://www.jra.go.jp/datafile/seiseki/report/2012/2012-1nakayama6.pdf,official_daily_result_pdf
201206010701,2012,中山,1,7,1,2012-01-22,https://www.jra.go.jp/datafile/seiseki/report/2012/2012-1nakayama7.pdf,official_daily_result_pdf
201206010702,2012,中山,1,7,2,2012-01-22,https://www.jra.go.jp/datafile/seiseki/report/2012/2012-1nakayama7.pdf,official_daily_result_pdf
201206010703,2012,中山,1,7,3,2012-01-22,https://www.jra.go.jp/datafile/seiseki/report/2012/2012-1nakayama7.pdf,official_daily_result_pdf
201206010704,2012,中山,1,7,4,2012-01-22,https://www.jra.go.jp/datafile/seiseki/report/2012/2012-1nakayama7.pdf,official_daily_result_pdf
201206010705,2012,中山,1,7,5,2012-01-22,https://www.jra.go.jp/datafile/seiseki/report/2012/2012-1nakayama7.pdf,official_daily_result_pdf
201206010706,2012,中山,1,7,6,2012-01-22,https://www.jra.go.jp/datafile/seiseki/report/2012/2012-1nakayama7.pdf,official_daily_result_pdf
201206010707,2012,中山,1,7,7,2012-01-22,https://www.jra.go.jp/datafile/seiseki/report/2012/2012-1nakayama7.pdf,official_daily_result_pdf
201206010708,2012,中山,1,7,8,2012-01-22,https://www.jra.go.jp/datafile/seiseki/report/2012/2012-1nakayama7.pdf,official_daily_result_pdf
201206010709,2012,中山,1,7,9,2012-01-22,https://www.jra.go.jp/datafile/seiseki/report/2012/2012-1nakayama7.pdf,official_daily_result_pdf
201206010710,2012,中山,1,7,10,2012-01-22,https://www.jra.go.jp/datafile/seiseki/report/2012/2012-1nakayama7.pdf,official_daily_result_pdf
201206010711,2012,中山,1,7,11,2012-01-22,https://www.jra.go.jp/datafile/seiseki/report/2012/2012-1nakayama7.pdf,official_daily_result_pdf
201206010712,2012,中山,1,7,12,2012-01-22,https://www.jra.go.jp/datafile/seiseki/report/2012/2012-1nakayama7.pdf,official_daily_result_pdf
201206020101,2012,中山,2,1,1,2012-02-25,https://www.jra.go.jp/datafile/seiseki/report/2012/2012-2nakayama1.pdf,official_daily_result_pdf
201206020102,2012,中山,2,1,2,2012-02-25,https://www.jra.go.jp/datafile/seiseki/report/2012/2012-2nakayama1.pdf,official_daily_result_pdf
201206020103,2012,中山,2,1,3,2012-02-25,https://www.jra.go.jp/datafile/seiseki/report/2012/2012-2nakayama1.pdf,official_daily_result_pdf
201206020104,2012,中山,2,1,4,2012-02-25,https://www.jra.go.jp/datafile/seiseki/report/2012/2012-2nakayama1.pdf,official_daily_result_pdf
201206020105,2012,中山,2,1,5,2012-02-25,https://www.jra.go.jp/datafile/seiseki/report/2012/2012-2nakayama1.pdf,official_daily_result_pdf
201206020106,2012,中山,2,1,6,2012-02-25,https://www.jra.go.jp/datafile/seiseki/report/2012/2012-2nakayama1.pdf,official_daily_result_pdf
201206020107,2012,中山,2,1,7,2012-02-25,https://www.jra.go.jp/datafile/seiseki/report/2012/2012-2nakayama1.pdf,official_daily_result_pdf
201206020108,2012,中山,2,1,8,2012-02-25,https://www.jra.go.jp/datafile/seiseki/report/2012/2012-2nakayama1.pdf,official_daily_result_pdf
201206020109,2012,中山,2,1,9,2012-02-25,https://www.jra.go.jp/datafile/seiseki/report/2012/2012-2nakayama1.pdf,official_daily_result_pdf
201206020110,2012,中山,2,1,10,2012-02-25,https://www.jra.go.jp/datafile/seiseki/report/2012/2012-2nakayama1.pdf,official_daily_result_pdf
201206020111,2012,中山,2,1,11,2012-02-25,https://www.jra.go.jp/datafile/seiseki/report/2012/2012-2nakayama1.pdf,official_daily_result_pdf
201206020112,2012,中山,2,1,12,2012-02-25,https://www.jra.go.jp/datafile/seiseki/report/2012/2012-2nakayama1.pdf,official_daily_result_pdf
201206020201,2012,中山,2,2,1,2012-02-26,https://www.jra.go.jp/datafile/seiseki/report/2012/2012-2nakayama2.pdf,official_daily_result_pdf
201206020202,2012,中山,2,2,2,2012-02-26,https://www.jra.go.jp/datafile/seiseki/report/2012/2012-2nakayama2.pdf,official_daily_result_pdf
201206020203,2012,中山,2,2,3,2012-02-26,https://www.jra.go.jp/datafile/seiseki/report/2012/2012-2nakayama2.pdf,official_daily_result_pdf
201206020204,2012,中山,2,2,4,2012-02-26,https://www.jra.go.jp/datafile/seiseki/report/2012/2012-2nakayama2.pdf,official_daily_result_pdf
201206020205,2012,中山,2,2,5,2012-02-26,https://www.jra.go.jp/datafile/seiseki/report/2012/2012-2nakayama2.pdf,official_daily_result_pdf
201206020206,2012,中山,2,2,6,2012-02-26,https://www.jra.go.jp/datafile/seiseki/report/2012/2012-2nakayama2.pdf,official_daily_result_pdf
201206020207,2012,中山,2,2,7,2012-02-26,https://www.jra.go.jp/datafile/seiseki/report/2012/2012-2nakayama2.pdf,official_daily_result_pdf
201206020208,2012,中山,2,2,8,2012-02-26,https://www.jra.go.jp/datafile/seiseki/report/2012/2012-2nakayama2.pdf,official_daily_result_pdf
201206020209,2012,中山,2,2,9,2012-02-26,https://www.jra.go.jp/datafile/seiseki/report/2012/2012-2nakayama2.pdf,official_daily_result_pdf
201206020210,2012,中山,2,2,10,2012-02-26,https://www.jra.go.jp/datafile/seiseki/report/2012/2012-2nakayama2.pdf,official_daily_result_pdf
201206020211,2012,中山,2,2,11,2012-02-26,https://www.jra.go.jp/datafile/seiseki/report/2012/2012-2nakayama2.pdf,official_daily_result_pdf
201206020212,2012,中山,2,2,12,2012-02-26,https://www.jra.go.jp/datafile/seiseki/report/2012/2012-2nakayama2.pdf,official_daily_result_pdf
201206020301,2012,中山,2,3,1,2012-03-03,https://www.jra.go.jp/datafile/seiseki/report/2012/2012-2nakayama3.pdf,official_daily_result_pdf
201206020302,2012,中山,2,3,2,2012-03-03,https://www.jra.go.jp/datafile/seiseki/report/2012/2012-2nakayama3.pdf,official_daily_result_pdf
201206020303,2012,中山,2,3,3,2012-03-03,https://www.jra.go.jp/datafile/seiseki/report/2012/2012-2nakayama3.pdf,official_daily_result_pdf
201206020304,2012,中山,2,3,4,2012-03-03,https://www.jra.go.jp/datafile/seiseki/report/2012/2012-2nakayama3.pdf,official_daily_result_pdf
201206020305,2012,中山,2,3,5,2012-03-03,https://www.jra.go.jp/datafile/seiseki/report/2012/2012-2nakayama3.pdf,official_daily_result_pdf
201206020306,2012,中山,2,3,6,2012-03-03,https://www.jra.go.jp/datafile/seiseki/report/2012/2012-2nakayama3.pdf,official_daily_result_pdf
201206020307,2012,中山,2,3,7,2012-03-03,https://www.jra.go.jp/datafile/seiseki/report/2012/2012-2nakayama3.pdf,official_daily_result_pdf
201206020308,2012,中山,2,3,8,2012-03-03,https://www.jra.go.jp/datafile/seiseki/report/2012/2012-2nakayama3.pdf,official_daily_result_pdf
201206020309,2012,中山,2,3,9,2012-03-03,https://www.jra.go.jp/datafile/seiseki/report/2012/2012-2nakayama3.pdf,official_daily_result_pdf
201206020310,2012,中山,2,3,10,2012-03-03,https://www.jra.go.jp/datafile/seiseki/report/2012/2012-2nakayama3.pdf,official_daily_result_pdf
201206020311,2012,中山,2,3,11,2012-03-03,https://www.jra.go.jp/datafile/seiseki/report/2012/2012-2nakayama3.pdf,official_daily_result_pdf
201206020312,2012,中山,2,3,12,2012-03-03,https://www.jra.go.jp/datafile/seiseki/report/2012/2012-2nakayama3.pdf,official_daily_result_pdf
201206020401,2012,中山,2,4,1,2012-03-04,https://www.jra.go.jp/datafile/seiseki/report/2012/2012-2nakayama4.pdf,official_daily_result_pdf
201206020402,2012,中山,2,4,2,2012-03-04,https://www.jra.go.jp/datafile/seiseki/report/2012/2012-2nakayama4.pdf,official_daily_result_pdf
201206020403,2012,中山,2,4,3,2012-03-04,https://www.jra.go.jp/datafile/seiseki/report/2012/2012-2nakayama4.pdf,official_daily_result_pdf
201206020404,2012,中山,2,4,4,2012-03-04,https://www.jra.go.jp/datafile/seiseki/report/2012/2012-2nakayama4.pdf,official_daily_result_pdf
201206020405,2012,中山,2,4,5,2012-03-04,https://www.jra.go.jp/datafile/seiseki/report/2012/2012-2nakayama4.pdf,official_daily_result_pdf
201206020406,2012,中山,2,4,6,2012-03-04,https://www.jra.go.jp/datafile/seiseki/report/2012/2012-2nakayama4.pdf,official_daily_result_pdf
201206020407,2012,中山,2,4,7,2012-03-04,https://www.jra.go.jp/datafile/seiseki/report/2012/2012-2nakayama4.pdf,official_daily_result_pdf
201206020408,2012,中山,2,4,8,2012-03-04,https://www.jra.go.jp/datafile/seiseki/report/2012/2012-2nakayama4.pdf,official_daily_result_pdf
201206020409,2012,中山,2,4,9,2012-03-04,https://www.jra.go.jp/datafile/seiseki/report/2012/2012-2nakayama4.pdf,official_daily_result_pdf
201206020410,2012,中山,2,4,10,2012-03-04,https://www.jra.go.jp/datafile/seiseki/report/2012/2012-2nakayama4.pdf,official_daily_result_pdf
201206020411,2012,中山,2,4,11,2012-03-04,https://www.jra.go.jp/datafile/seiseki/report/2012/2012-2nakayama4.pdf,official_daily_result_pdf
201206020412,2012,中山,2,4,12,2012-03-04,https://www.jra.go.jp/datafile/seiseki/report/2012/2012-2nakayama4.pdf,official_daily_result_pdf
201206020501,2012,中山,2,5,1,2012-03-10,https://www.jra.go.jp/datafile/seiseki/report/2012/2012-2nakayama5.pdf,official_daily_result_pdf
201206020502,2012,中山,2,5,2,2012-03-10,https://www.jra.go.jp/datafile/seiseki/report/2012/2012-2nakayama5.pdf,official_daily_result_pdf
201206020503,2012,中山,2,5,3,2012-03-10,https://www.jra.go.jp/datafile/seiseki/report/2012/2012-2nakayama5.pdf,official_daily_result_pdf
201206020504,2012,中山,2,5,4,2012-03-10,https://www.jra.go.jp/datafile/seiseki/report/2012/2012-2nakayama5.pdf,official_daily_result_pdf
201206020505,2012,中山,2,5,5,2012-03-10,https://www.jra.go.jp/datafile/seiseki/report/2012/2012-2nakayama5.pdf,official_daily_result_pdf
201206020506,2012,中山,2,5,6,2012-03-10,https://www.jra.go.jp/datafile/seiseki/report/2012/2012-2nakayama5.pdf,official_daily_result_pdf
201206020507,2012,中山,2,5,7,2012-03-10,https://www.jra.go.jp/datafile/seiseki/report/2012/2012-2nakayama5.pdf,official_daily_result_pdf
201206020508,2012,中山,2,5,8,2012-03-10,https://www.jra.go.jp/datafile/seiseki/report/2012/2012-2nakayama5.pdf,official_daily_result_pdf
201206020509,2012,中山,2,5,9,2012-03-10,https://www.jra.go.jp/datafile/seiseki/report/2012/2012-2nakayama5.pdf,official_daily_result_pdf
201206020510,2012,中山,2,5,10,2012-03-10,https://www.jra.go.jp/datafile/seiseki/report/2012/2012-2nakayama5.pdf,official_daily_result_pdf
201206020511,2012,中山,2,5,11,2012-03-10,https://www.jra.go.jp/datafile/seiseki/report/2012/2012-2nakayama5.pdf,official_daily_result_pdf
201206020512,2012,中山,2,5,12,2012-03-10,https://www.jra.go.jp/datafile/seiseki/report/2012/2012-2nakayama5.pdf,official_daily_result_pdf
201206020601,2012,中山,2,6,1,2012-03-11,https://www.jra.go.jp/datafile/seiseki/report/2012/2012-2nakayama6.pdf,official_daily_result_pdf
201206020602,2012,中山,2,6,2,2012-03-11,https://www.jra.go.jp/datafile/seiseki/report/2012/2012-2nakayama6.pdf,official_daily_result_pdf
201206020603,2012,中山,2,6,3,2012-03-11,https://www.jra.go.jp/datafile/seiseki/report/2012/2012-2nakayama6.pdf,official_daily_result_pdf
201206020604,2012,中山,2,6,4,2012-03-11,https://www.jra.go.jp/datafile/seiseki/report/2012/2012-2nakayama6.pdf,official_daily_result_pdf
201206020605,2012,中山,2,6,5,2012-03-11,https://www.jra.go.jp/datafile/seiseki/report/2012/2012-2nakayama6.pdf,official_daily_result_pdf
201206020606,2012,中山,2,6,6,2012-03-11,https://www.jra.go.jp/datafile/seiseki/report/2012/2012-2nakayama6.pdf,official_daily_result_pdf
201206020607,2012,中山,2,6,7,2012-03-11,https://www.jra.go.jp/datafile/seiseki/report/2012/2012-2nakayama6.pdf,official_daily_result_pdf
201206020608,2012,中山,2,6,8,2012-03-11,https://www.jra.go.jp/datafile/seiseki/report/2012/2012-2nakayama6.pdf,official_daily_result_pdf
201206020609,2012,中山,2,6,9,2012-03-11,https://www.jra.go.jp/datafile/seiseki/report/2012/2012-2nakayama6.pdf,official_daily_result_pdf
201206020610,2012,中山,2,6,10,2012-03-11,https://www.jra.go.jp/datafile/seiseki/report/2012/2012-2nakayama6.pdf,official_daily_result_pdf
201206020611,2012,中山,2,6,11,2012-03-11,https://www.jra.go.jp/datafile/seiseki/report/2012/2012-2nakayama6.pdf,official_daily_result_pdf
201206020612,2012,中山,2,6,12,2012-03-11,https://www.jra.go.jp/datafile/seiseki/report/2012/2012-2nakayama6.pdf,official_daily_result_pdf
201206020701,2012,中山,2,7,1,2012-03-17,https://www.jra.go.jp/datafile/seiseki/report/2012/2012-2nakayama7.pdf,official_daily_result_pdf
201206020702,2012,中山,2,7,2,2012-03-17,https://www.jra.go.jp/datafile/seiseki/report/2012/2012-2nakayama7.pdf,official_daily_result_pdf
201206020703,2012,中山,2,7,3,2012-03-17,https://www.jra.go.jp/datafile/seiseki/report/2012/2012-2nakayama7.pdf,official_daily_result_pdf
201206020704,2012,中山,2,7,4,2012-03-17,https://www.jra.go.jp/datafile/seiseki/report/2012/2012-2nakayama7.pdf,official_daily_result_pdf
201206020705,2012,中山,2,7,5,2012-03-17,https://www.jra.go.jp/datafile/seiseki/report/2012/2012-2nakayama7.pdf,official_daily_result_pdf
201206020706,2012,中山,2,7,6,2012-03-17,https://www.jra.go.jp/datafile/seiseki/report/2012/2012-2nakayama7.pdf,official_daily_result_pdf
201206020707,2012,中山,2,7,7,2012-03-17,https://www.jra.go.jp/datafile/seiseki/report/2012/2012-2nakayama7.pdf,official_daily_result_pdf
201206020708,2012,中山,2,7,8,2012-03-17,https://www.jra.go.jp/datafile/seiseki/report/2012/2012-2nakayama7.pdf,official_daily_result_pdf
201206020709,2012,中山,2,7,9,2012-03-17,https://www.jra.go.jp/datafile/seiseki/report/2012/2012-2nakayama7.pdf,official_daily_result_pdf
201206020710,2012,中山,2,7,10,2012-03-17,https://www.jra.go.jp/datafile/seiseki/report/2012/2012-2nakayama7.pdf,official_daily_result_pdf
201206020711,2012,中山,2,7,11,2012-03-17,https://www.jra.go.jp/datafile/seiseki/report/2012/2012-2nakayama7.pdf,official_daily_result_pdf
201206020712,2012,中山,2,7,12,2012-03-17,https://www.jra.go.jp/datafile/seiseki/report/2012/2012-2nakayama7.pdf,official_daily_result_pdf
201206020801,2012,中山,2,8,1,2012-03-18,https://www.jra.go.jp/datafile/seiseki/report/2012/2012-2nakayama8.pdf,official_daily_result_pdf
201206020802,2012,中山,2,8,2,2012-03-18,https://www.jra.go.jp/datafile/seiseki/report/2012/2012-2nakayama8.pdf,official_daily_result_pdf
201206020803,2012,中山,2,8,3,2012-03-18,https://www.jra.go.jp/datafile/seiseki/report/2012/2012-2nakayama8.pdf,official_daily_result_pdf
201206020804,2012,中山,2,8,4,2012-03-18,https://www.jra.go.jp/datafile/seiseki/report/2012/2012-2nakayama8.pdf,official_daily_result_pdf
201206020805,2012,中山,2,8,5,2012-03-18,https://www.jra.go.jp/datafile/seiseki/report/2012/2012-2nakayama8.pdf,official_daily_result_pdf
201206020806,2012,中山,2,8,6,2012-03-18,https://www.jra.go.jp/datafile/seiseki/report/2012/2012-2nakayama8.pdf,official_daily_result_pdf
201206020807,2012,中山,2,8,7,2012-03-18,https://www.jra.go.jp/datafile/seiseki/report/2012/2012-2nakayama8.pdf,official_daily_result_pdf
201206020808,2012,中山,2,8,8,2012-03-18,https://www.jra.go.jp/datafile/seiseki/report/2012/2012-2nakayama8.pdf,official_daily_result_pdf
201206020809,2012,中山,2,8,9,2012-03-18,https://www.jra.go.jp/datafile/seiseki/report/2012/2012-2nakayama8.pdf,official_daily_result_pdf
201206020810,2012,中山,2,8,10,2012-03-18,https://www.jra.go.jp/datafile/seiseki/report/2012/2012-2nakayama8.pdf,official_daily_result_pdf
201206020811,2012,中山,2,8,11,2012-03-18,https://www.jra.go.jp/datafile/seiseki/report/2012/2012-2nakayama8.pdf,official_daily_result_pdf
201206020812,2012,中山,2,8,12,2012-03-18,https://www.jra.go.jp/datafile/seiseki/report/2012/2012-2nakayama8.pdf,official_daily_result_pdf
201206030101,2012,中山,3,1,1,2012-03-24,https://www.jra.go.jp/datafile/seiseki/report/2012/2012-3nakayama1.pdf,official_daily_result_pdf
201206030102,2012,中山,3,1,2,2012-03-24,https://www.jra.go.jp/datafile/seiseki/report/2012/2012-3nakayama1.pdf,official_daily_result_pdf
201206030103,2012,中山,3,1,3,2012-03-24,https://www.jra.go.jp/datafile/seiseki/report/2012/2012-3nakayama1.pdf,official_daily_result_pdf
201206030104,2012,中山,3,1,4,2012-03-24,https://www.jra.go.jp/datafile/seiseki/report/2012/2012-3nakayama1.pdf,official_daily_result_pdf
201206030105,2012,中山,3,1,5,2012-03-24,https://www.jra.go.jp/datafile/seiseki/report/2012/2012-3nakayama1.pdf,official_daily_result_pdf
201206030106,2012,中山,3,1,6,2012-03-24,https://www.jra.go.jp/datafile/seiseki/report/2012/2012-3nakayama1.pdf,official_daily_result_pdf
201206030107,2012,中山,3,1,7,2012-03-24,https://www.jra.go.jp/datafile/seiseki/report/2012/2012-3nakayama1.pdf,official_daily_result_pdf
201206030108,2012,中山,3,1,8,2012-03-24,https://www.jra.go.jp/datafile/seiseki/report/2012/2012-3nakayama1.pdf,official_daily_result_pdf
201206030109,2012,中山,3,1,9,2012-03-24,https://www.jra.go.jp/datafile/seiseki/report/2012/2012-3nakayama1.pdf,official_daily_result_pdf
201206030110,2012,中山,3,1,10,2012-03-24,https://www.jra.go.jp/datafile/seiseki/report/2012/2012-3nakayama1.pdf,official_daily_result_pdf
201206030111,2012,中山,3,1,11,2012-03-24,https://www.jra.go.jp/datafile/seiseki/report/2012/2012-3nakayama1.pdf,official_daily_result_pdf
201206030112,2012,中山,3,1,12,2012-03-24,https://www.jra.go.jp/datafile/seiseki/report/2012/2012-3nakayama1.pdf,official_daily_result_pdf
201206030201,2012,中山,3,2,1,2012-03-25,https://www.jra.go.jp/datafile/seiseki/report/2012/2012-3nakayama2.pdf,official_daily_result_pdf
201206030202,2012,中山,3,2,2,2012-03-25,https://www.jra.go.jp/datafile/seiseki/report/2012/2012-3nakayama2.pdf,official_daily_result_pdf
201206030203,2012,中山,3,2,3,2012-03-25,https://www.jra.go.jp/datafile/seiseki/report/2012/2012-3nakayama2.pdf,official_daily_result_pdf
201206030204,2012,中山,3,2,4,2012-03-25,https://www.jra.go.jp/datafile/seiseki/report/2012/2012-3nakayama2.pdf,official_daily_result_pdf
201206030205,2012,中山,3,2,5,2012-03-25,https://www.jra.go.jp/datafile/seiseki/report/2012/2012-3nakayama2.pdf,official_daily_result_pdf
201206030206,2012,中山,3,2,6,2012-03-25,https://www.jra.go.jp/datafile/seiseki/report/2012/2012-3nakayama2.pdf,official_daily_result_pdf
201206030207,2012,中山,3,2,7,2012-03-25,https://www.jra.go.jp/datafile/seiseki/report/2012/2012-3nakayama2.pdf,official_daily_result_pdf
201206030208,2012,中山,3,2,8,2012-03-25,https://www.jra.go.jp/datafile/seiseki/report/2012/2012-3nakayama2.pdf,official_daily_result_pdf
201206030209,2012,中山,3,2,9,2012-03-25,https://www.jra.go.jp/datafile/seiseki/report/2012/2012-3nakayama2.pdf,official_daily_result_pdf
201206030210,2012,中山,3,2,10,2012-03-25,https://www.jra.go.jp/datafile/seiseki/report/2012/2012-3nakayama2.pdf,official_daily_result_pdf
201206030211,2012,中山,3,2,11,2012-03-25,https://www.jra.go.jp/datafile/seiseki/report/2012/2012-3nakayama2.pdf,official_daily_result_pdf
201206030212,2012,中山,3,2,12,2012-03-25,https://www.jra.go.jp/datafile/seiseki/report/2012/2012-3nakayama2.pdf,official_daily_result_pdf
201206030301,2012,中山,3,3,1,2012-03-31,https://www.jra.go.jp/datafile/seiseki/report/2012/2012-3nakayama3.pdf,official_daily_result_pdf
201206030302,2012,中山,3,3,2,2012-03-31,https://www.jra.go.jp/datafile/seiseki/report/2012/2012-3nakayama3.pdf,official_daily_result_pdf
201206030303,2012,中山,3,3,3,2012-03-31,https://www.jra.go.jp/datafile/seiseki/report/2012/2012-3nakayama3.pdf,official_daily_result_pdf
201206030304,2012,中山,3,3,4,2012-03-31,https://www.jra.go.jp/datafile/seiseki/report/2012/2012-3nakayama3.pdf,official_daily_result_pdf
201206030305,2012,中山,3,3,5,2012-03-31,https://www.jra.go.jp/datafile/seiseki/report/2012/2012-3nakayama3.pdf,official_daily_result_pdf
201206030306,2012,中山,3,3,6,2012-03-31,https://www.jra.go.jp/datafile/seiseki/report/2012/2012-3nakayama3.pdf,official_daily_result_pdf
201206030307,2012,中山,3,3,7,2012-03-31,https://www.jra.go.jp/datafile/seiseki/report/2012/2012-3nakayama3.pdf,official_daily_result_pdf
201206030308,2012,中山,3,3,8,2012-03-31,https://www.jra.go.jp/datafile/seiseki/report/2012/2012-3nakayama3.pdf,official_daily_result_pdf
201206030309,2012,中山,3,3,9,2012-03-31,https://www.jra.go.jp/datafile/seiseki/report/2012/2012-3nakayama3.pdf,official_daily_result_pdf
201206030310,2012,中山,3,3,10,2012-03-31,https://www.jra.go.jp/datafile/seiseki/report/2012/2012-3nakayama3.pdf,official_daily_result_pdf
201206030311,2012,中山,3,3,11,2012-03-31,https://www.jra.go.jp/datafile/seiseki/report/2012/2012-3nakayama3.pdf,official_daily_result_pdf
201206030312,2012,中山,3,3,12,2012-03-31,https://www.jra.go.jp/datafile/seiseki/report/2012/2012-3nakayama3.pdf,official_daily_result_pdf
201206030401,2012,中山,3,4,1,2012-04-01,https://www.jra.go.jp/datafile/seiseki/report/2012/2012-3nakayama4.pdf,official_daily_result_pdf
201206030402,2012,中山,3,4,2,2012-04-01,https://www.jra.go.jp/datafile/seiseki/report/2012/2012-3nakayama4.pdf,official_daily_result_pdf
201206030403,2012,中山,3,4,3,2012-04-01,https://www.jra.go.jp/datafile/seiseki/report/2012/2012-3nakayama4.pdf,official_daily_result_pdf
201206030404,2012,中山,3,4,4,2012-04-01,https://www.jra.go.jp/datafile/seiseki/report/2012/2012-3nakayama4.pdf,official_daily_result_pdf
201206030405,2012,中山,3,4,5,2012-04-01,https://www.jra.go.jp/datafile/seiseki/report/2012/2012-3nakayama4.pdf,official_daily_result_pdf
201206030406,2012,中山,3,4,6,2012-04-01,https://www.jra.go.jp/datafile/seiseki/report/2012/2012-3nakayama4.pdf,official_daily_result_pdf
201206030407,2012,中山,3,4,7,2012-04-01,https://www.jra.go.jp/datafile/seiseki/report/2012/2012-3nakayama4.pdf,official_daily_result_pdf
201206030408,2012,中山,3,4,8,2012-04-01,https://www.jra.go.jp/datafile/seiseki/report/2012/2012-3nakayama4.pdf,official_daily_result_pdf
201206030409,2012,中山,3,4,9,2012-04-01,https://www.jra.go.jp/datafile/seiseki/report/2012/2012-3nakayama4.pdf,official_daily_result_pdf
201206030410,2012,中山,3,4,10,2012-04-01,https://www.jra.go.jp/datafile/seiseki/report/2012/2012-3nakayama4.pdf,official_daily_result_pdf
201206030411,2012,中山,3,4,11,2012-04-01,https://www.jra.go.jp/datafile/seiseki/report/2012/2012-3nakayama4.pdf,official_daily_result_pdf
201206030412,2012,中山,3,4,12,2012-04-01,https://www.jra.go.jp/datafile/seiseki/report/2012/2012-3nakayama4.pdf,official_daily_result_pdf
201206030501,2012,中山,3,5,1,2012-04-07,https://www.jra.go.jp/datafile/seiseki/report/2012/2012-3nakayama5.pdf,official_daily_result_pdf
201206030502,2012,中山,3,5,2,2012-04-07,https://www.jra.go.jp/datafile/seiseki/report/2012/2012-3nakayama5.pdf,official_daily_result_pdf
201206030503,2012,中山,3,5,3,2012-04-07,https://www.jra.go.jp/datafile/seiseki/report/2012/2012-3nakayama5.pdf,official_daily_result_pdf
201206030504,2012,中山,3,5,4,2012-04-07,https://www.jra.go.jp/datafile/seiseki/report/2012/2012-3nakayama5.pdf,official_daily_result_pdf
201206030505,2012,中山,3,5,5,2012-04-07,https://www.jra.go.jp/datafile/seiseki/report/2012/2012-3nakayama5.pdf,official_daily_result_pdf
201206030506,2012,中山,3,5,6,2012-04-07,https://www.jra.go.jp/datafile/seiseki/report/2012/2012-3nakayama5.pdf,official_daily_result_pdf
201206030507,2012,中山,3,5,7,2012-04-07,https://www.jra.go.jp/datafile/seiseki/report/2012/2012-3nakayama5.pdf,official_daily_result_pdf
201206030508,2012,中山,3,5,8,2012-04-07,https://www.jra.go.jp/datafile/seiseki/report/2012/2012-3nakayama5.pdf,official_daily_result_pdf
201206030509,2012,中山,3,5,9,2012-04-07,https://www.jra.go.jp/datafile/seiseki/report/2012/2012-3nakayama5.pdf,official_daily_result_pdf
201206030510,2012,中山,3,5,10,2012-04-07,https://www.jra.go.jp/datafile/seiseki/report/2012/2012-3nakayama5.pdf,official_daily_result_pdf
201206030511,2012,中山,3,5,11,2012-04-07,https://www.jra.go.jp/datafile/seiseki/report/2012/2012-3nakayama5.pdf,official_daily_result_pdf
201206030512,2012,中山,3,5,12,2012-04-07,https://www.jra.go.jp/datafile/seiseki/report/2012/2012-3nakayama5.pdf,official_daily_result_pdf
201206030601,2012,中山,3,6,1,2012-04-08,https://www.jra.go.jp/datafile/seiseki/report/2012/2012-3nakayama6.pdf,official_daily_result_pdf
201206030602,2012,中山,3,6,2,2012-04-08,https://www.jra.go.jp/datafile/seiseki/report/2012/2012-3nakayama6.pdf,official_daily_result_pdf
201206030603,2012,中山,3,6,3,2012-04-08,https://www.jra.go.jp/datafile/seiseki/report/2012/2012-3nakayama6.pdf,official_daily_result_pdf
201206030604,2012,中山,3,6,4,2012-04-08,https://www.jra.go.jp/datafile/seiseki/report/2012/2012-3nakayama6.pdf,official_daily_result_pdf
201206030605,2012,中山,3,6,5,2012-04-08,https://www.jra.go.jp/datafile/seiseki/report/2012/2012-3nakayama6.pdf,official_daily_result_pdf
201206030606,2012,中山,3,6,6,2012-04-08,https://www.jra.go.jp/datafile/seiseki/report/2012/2012-3nakayama6.pdf,official_daily_result_pdf
201206030607,2012,中山,3,6,7,2012-04-08,https://www.jra.go.jp/datafile/seiseki/report/2012/2012-3nakayama6.pdf,official_daily_result_pdf
201206030608,2012,中山,3,6,8,2012-04-08,https://www.jra.go.jp/datafile/seiseki/report/2012/2012-3nakayama6.pdf,official_daily_result_pdf
201206030609,2012,中山,3,6,9,2012-04-08,https://www.jra.go.jp/datafile/seiseki/report/2012/2012-3nakayama6.pdf,official_daily_result_pdf
201206030610,2012,中山,3,6,10,2012-04-08,https://www.jra.go.jp/datafile/seiseki/report/2012/2012-3nakayama6.pdf,official_daily_result_pdf
201206030611,2012,中山,3,6,11,2012-04-08,https://www.jra.go.jp/datafile/seiseki/report/2012/2012-3nakayama6.pdf,official_daily_result_pdf
201206030612,2012,中山,3,6,12,2012-04-08,https://www.jra.go.jp/datafile/seiseki/report/2012/2012-3nakayama6.pdf,official_daily_result_pdf
201206030701,2012,中山,3,7,1,2012-04-14,https://www.jra.go.jp/datafile/seiseki/report/2012/2012-3nakayama7.pdf,official_daily_result_pdf
201206030702,2012,中山,3,7,2,2012-04-14,https://www.jra.go.jp/datafile/seiseki/report/2012/2012-3nakayama7.pdf,official_daily_result_pdf
201206030703,2012,中山,3,7,3,2012-04-14,https://www.jra.go.jp/datafile/seiseki/report/2012/2012-3nakayama7.pdf,official_daily_result_pdf
201206030704,2012,中山,3,7,4,2012-04-14,https://www.jra.go.jp/datafile/seiseki/report/2012/2012-3nakayama7.pdf,official_daily_result_pdf
201206030705,2012,中山,3,7,5,2012-04-14,https://www.jra.go.jp/datafile/seiseki/report/2012/2012-3nakayama7.pdf,official_daily_result_pdf
201206030706,2012,中山,3,7,6,2012-04-14,https://www.jra.go.jp/datafile/seiseki/report/2012/2012-3nakayama7.pdf,official_daily_result_pdf
201206030707,2012,中山,3,7,7,2012-04-14,https://www.jra.go.jp/datafile/seiseki/report/2012/2012-3nakayama7.pdf,official_daily_result_pdf
201206030708,2012,中山,3,7,8,2012-04-14,https://www.jra.go.jp/datafile/seiseki/report/2012/2012-3nakayama7.pdf,official_daily_result_pdf
201206030709,2012,中山,3,7,9,2012-04-14,https://www.jra.go.jp/datafile/seiseki/report/2012/2012-3nakayama7.pdf,official_daily_result_pdf
201206030710,2012,中山,3,7,10,2012-04-14,https://www.jra.go.jp/datafile/seiseki/report/2012/2012-3nakayama7.pdf,official_daily_result_pdf
201206030711,2012,中山,3,7,11,2012-04-14,https://www.jra.go.jp/datafile/seiseki/report/2012/2012-3nakayama7.pdf,official_daily_result_pdf
201206030712,2012,中山,3,7,12,2012-04-14,https://www.jra.go.jp/datafile/seiseki/report/2012/2012-3nakayama7.pdf,official_daily_result_pdf
201206030801,2012,中山,3,8,1,2012-04-15,https://www.jra.go.jp/datafile/seiseki/report/2012/2012-3nakayama8.pdf,official_daily_result_pdf
201206030802,2012,中山,3,8,2,2012-04-15,https://www.jra.go.jp/datafile/seiseki/report/2012/2012-3nakayama8.pdf,official_daily_result_pdf
201206030803,2012,中山,3,8,3,2012-04-15,https://www.jra.go.jp/datafile/seiseki/report/2012/2012-3nakayama8.pdf,official_daily_result_pdf
201206030804,2012,中山,3,8,4,2012-04-15,https://www.jra.go.jp/datafile/seiseki/report/2012/2012-3nakayama8.pdf,official_daily_result_pdf
201206030805,2012,中山,3,8,5,2012-04-15,https://www.jra.go.jp/datafile/seiseki/report/2012/2012-3nakayama8.pdf,official_daily_result_pdf
201206030806,2012,中山,3,8,6,2012-04-15,https://www.jra.go.jp/datafile/seiseki/report/2012/2012-3nakayama8.pdf,official_daily_result_pdf
201206030807,2012,中山,3,8,7,2012-04-15,https://www.jra.go.jp/datafile/seiseki/report/2012/2012-3nakayama8.pdf,official_daily_result_pdf
201206030808,2012,中山,3,8,8,2012-04-15,https://www.jra.go.jp/datafile/seiseki/report/2012/2012-3nakayama8.pdf,official_daily_result_pdf
201206030809,2012,中山,3,8,9,2012-04-15,https://www.jra.go.jp/datafile/seiseki/report/2012/2012-3nakayama8.pdf,official_daily_result_pdf
201206030810,2012,中山,3,8,10,2012-04-15,https://www.jra.go.jp/datafile/seiseki/report/2012/2012-3nakayama8.pdf,official_daily_result_pdf
201206030811,2012,中山,3,8,11,2012-04-15,https://www.jra.go.jp/datafile/seiseki/report/2012/2012-3nakayama8.pdf,official_daily_result_pdf
201206030812,2012,中山,3,8,12,2012-04-15,https://www.jra.go.jp/datafile/seiseki/report/2012/2012-3nakayama8.pdf,official_daily_result_pdf
201206040101,2012,中山,4,1,1,2012-09-08,https://www.jra.go.jp/datafile/seiseki/report/2012/2012-4nakayama1.pdf,official_daily_result_pdf
201206040102,2012,中山,4,1,2,2012-09-08,https://www.jra.go.jp/datafile/seiseki/report/2012/2012-4nakayama1.pdf,official_daily_result_pdf
201206040103,2012,中山,4,1,3,2012-09-08,https://www.jra.go.jp/datafile/seiseki/report/2012/2012-4nakayama1.pdf,official_daily_result_pdf
201206040104,2012,中山,4,1,4,2012-09-08,https://www.jra.go.jp/datafile/seiseki/report/2012/2012-4nakayama1.pdf,official_daily_result_pdf
201206040105,2012,中山,4,1,5,2012-09-08,https://www.jra.go.jp/datafile/seiseki/report/2012/2012-4nakayama1.pdf,official_daily_result_pdf
201206040106,2012,中山,4,1,6,2012-09-08,https://www.jra.go.jp/datafile/seiseki/report/2012/2012-4nakayama1.pdf,official_daily_result_pdf
201206040107,2012,中山,4,1,7,2012-09-08,https://www.jra.go.jp/datafile/seiseki/report/2012/2012-4nakayama1.pdf,official_daily_result_pdf
201206040108,2012,中山,4,1,8,2012-09-08,https://www.jra.go.jp/datafile/seiseki/report/2012/2012-4nakayama1.pdf,official_daily_result_pdf
201206040109,2012,中山,4,1,9,2012-09-08,https://www.jra.go.jp/datafile/seiseki/report/2012/2012-4nakayama1.pdf,official_daily_result_pdf
201206040110,2012,中山,4,1,10,2012-09-08,https://www.jra.go.jp/datafile/seiseki/report/2012/2012-4nakayama1.pdf,official_daily_result_pdf
201206040111,2012,中山,4,1,11,2012-09-08,https://www.jra.go.jp/datafile/seiseki/report/2012/2012-4nakayama1.pdf,official_daily_result_pdf
201206040112,2012,中山,4,1,12,2012-09-08,https://www.jra.go.jp/datafile/seiseki/report/2012/2012-4nakayama1.pdf,official_daily_result_pdf
201206040201,2012,中山,4,2,1,2012-09-09,https://www.jra.go.jp/datafile/seiseki/report/2012/2012-4nakayama2.pdf,official_daily_result_pdf
201206040202,2012,中山,4,2,2,2012-09-09,https://www.jra.go.jp/datafile/seiseki/report/2012/2012-4nakayama2.pdf,official_daily_result_pdf
201206040203,2012,中山,4,2,3,2012-09-09,https://www.jra.go.jp/datafile/seiseki/report/2012/2012-4nakayama2.pdf,official_daily_result_pdf
201206040204,2012,中山,4,2,4,2012-09-09,https://www.jra.go.jp/datafile/seiseki/report/2012/2012-4nakayama2.pdf,official_daily_result_pdf
201206040205,2012,中山,4,2,5,2012-09-09,https://www.jra.go.jp/datafile/seiseki/report/2012/2012-4nakayama2.pdf,official_daily_result_pdf
201206040206,2012,中山,4,2,6,2012-09-09,https://www.jra.go.jp/datafile/seiseki/report/2012/2012-4nakayama2.pdf,official_daily_result_pdf
201206040207,2012,中山,4,2,7,2012-09-09,https://www.jra.go.jp/datafile/seiseki/report/2012/2012-4nakayama2.pdf,official_daily_result_pdf
201206040208,2012,中山,4,2,8,2012-09-09,https://www.jra.go.jp/datafile/seiseki/report/2012/2012-4nakayama2.pdf,official_daily_result_pdf
201206040209,2012,中山,4,2,9,2012-09-09,https://www.jra.go.jp/datafile/seiseki/report/2012/2012-4nakayama2.pdf,official_daily_result_pdf
201206040210,2012,中山,4,2,10,2012-09-09,https://www.jra.go.jp/datafile/seiseki/report/2012/2012-4nakayama2.pdf,official_daily_result_pdf
201206040211,2012,中山,4,2,11,2012-09-09,https://www.jra.go.jp/datafile/seiseki/report/2012/2012-4nakayama2.pdf,official_daily_result_pdf
201206040212,2012,中山,4,2,12,2012-09-09,https://www.jra.go.jp/datafile/seiseki/report/2012/2012-4nakayama2.pdf,official_daily_result_pdf
201206040301,2012,中山,4,3,1,2012-09-15,https://www.jra.go.jp/datafile/seiseki/report/2012/2012-4nakayama3.pdf,official_daily_result_pdf
201206040302,2012,中山,4,3,2,2012-09-15,https://www.jra.go.jp/datafile/seiseki/report/2012/2012-4nakayama3.pdf,official_daily_result_pdf
201206040303,2012,中山,4,3,3,2012-09-15,https://www.jra.go.jp/datafile/seiseki/report/2012/2012-4nakayama3.pdf,official_daily_result_pdf
201206040304,2012,中山,4,3,4,2012-09-15,https://www.jra.go.jp/datafile/seiseki/report/2012/2012-4nakayama3.pdf,official_daily_result_pdf
201206040305,2012,中山,4,3,5,2012-09-15,https://www.jra.go.jp/datafile/seiseki/report/2012/2012-4nakayama3.pdf,official_daily_result_pdf
201206040306,2012,中山,4,3,6,2012-09-15,https://www.jra.go.jp/datafile/seiseki/report/2012/2012-4nakayama3.pdf,official_daily_result_pdf
201206040307,2012,中山,4,3,7,2012-09-15,https://www.jra.go.jp/datafile/seiseki/report/2012/2012-4nakayama3.pdf,official_daily_result_pdf
201206040308,2012,中山,4,3,8,2012-09-15,https://www.jra.go.jp/datafile/seiseki/report/2012/2012-4nakayama3.pdf,official_daily_result_pdf
201206040309,2012,中山,4,3,9,2012-09-15,https://www.jra.go.jp/datafile/seiseki/report/2012/2012-4nakayama3.pdf,official_daily_result_pdf
201206040310,2012,中山,4,3,10,2012-09-15,https://www.jra.go.jp/datafile/seiseki/report/2012/2012-4nakayama3.pdf,official_daily_result_pdf
201206040311,2012,中山,4,3,11,2012-09-15,https://www.jra.go.jp/datafile/seiseki/report/2012/2012-4nakayama3.pdf,official_daily_result_pdf
201206040312,2012,中山,4,3,12,2012-09-15,https://www.jra.go.jp/datafile/seiseki/report/2012/2012-4nakayama3.pdf,official_daily_result_pdf
201206040401,2012,中山,4,4,1,2012-09-16,https://www.jra.go.jp/datafile/seiseki/report/2012/2012-4nakayama4.pdf,official_daily_result_pdf
201206040402,2012,中山,4,4,2,2012-09-16,https://www.jra.go.jp/datafile/seiseki/report/2012/2012-4nakayama4.pdf,official_daily_result_pdf
201206040403,2012,中山,4,4,3,2012-09-16,https://www.jra.go.jp/datafile/seiseki/report/2012/2012-4nakayama4.pdf,official_daily_result_pdf
201206040404,2012,中山,4,4,4,2012-09-16,https://www.jra.go.jp/datafile/seiseki/report/2012/2012-4nakayama4.pdf,official_daily_result_pdf
201206040405,2012,中山,4,4,5,2012-09-16,https://www.jra.go.jp/datafile/seiseki/report/2012/2012-4nakayama4.pdf,official_daily_result_pdf
201206040406,2012,中山,4,4,6,2012-09-16,https://www.jra.go.jp/datafile/seiseki/report/2012/2012-4nakayama4.pdf,official_daily_result_pdf
201206040407,2012,中山,4,4,7,2012-09-16,https://www.jra.go.jp/datafile/seiseki/report/2012/2012-4nakayama4.pdf,official_daily_result_pdf
201206040408,2012,中山,4,4,8,2012-09-16,https://www.jra.go.jp/datafile/seiseki/report/2012/2012-4nakayama4.pdf,official_daily_result_pdf
201206040409,2012,中山,4,4,9,2012-09-16,https://www.jra.go.jp/datafile/seiseki/report/2012/2012-4nakayama4.pdf,official_daily_result_pdf
201206040410,2012,中山,4,4,10,2012-09-16,https://www.jra.go.jp/datafile/seiseki/report/2012/2012-4nakayama4.pdf,official_daily_result_pdf
201206040411,2012,中山,4,4,11,2012-09-16,https://www.jra.go.jp/datafile/seiseki/report/2012/2012-4nakayama4.pdf,official_daily_result_pdf
201206040412,2012,中山,4,4,12,2012-09-16,https://www.jra.go.jp/datafile/seiseki/report/2012/2012-4nakayama4.pdf,official_daily_result_pdf
201206040501,2012,中山,4,5,1,2012-09-17,https://www.jra.go.jp/datafile/seiseki/report/2012/2012-4nakayama5.pdf,official_daily_result_pdf
201206040502,2012,中山,4,5,2,2012-09-17,https://www.jra.go.jp/datafile/seiseki/report/2012/2012-4nakayama5.pdf,official_daily_result_pdf
201206040503,2012,中山,4,5,3,2012-09-17,https://www.jra.go.jp/datafile/seiseki/report/2012/2012-4nakayama5.pdf,official_daily_result_pdf
201206040504,2012,中山,4,5,4,2012-09-17,https://www.jra.go.jp/datafile/seiseki/report/2012/2012-4nakayama5.pdf,official_daily_result_pdf
201206040505,2012,中山,4,5,5,2012-09-17,https://www.jra.go.jp/datafile/seiseki/report/2012/2012-4nakayama5.pdf,official_daily_result_pdf
201206040506,2012,中山,4,5,6,2012-09-17,https://www.jra.go.jp/datafile/seiseki/report/2012/2012-4nakayama5.pdf,official_daily_result_pdf
201206040507,2012,中山,4,5,7,2012-09-17,https://www.jra.go.jp/datafile/seiseki/report/2012/2012-4nakayama5.pdf,official_daily_result_pdf
201206040508,2012,中山,4,5,8,2012-09-17,https://www.jra.go.jp/datafile/seiseki/report/2012/2012-4nakayama5.pdf,official_daily_result_pdf
201206040509,2012,中山,4,5,9,2012-09-17,https://www.jra.go.jp/datafile/seiseki/report/2012/2012-4nakayama5.pdf,official_daily_result_pdf
201206040510,2012,中山,4,5,10,2012-09-17,https://www.jra.go.jp/datafile/seiseki/report/2012/2012-4nakayama5.pdf,official_daily_result_pdf
201206040511,2012,中山,4,5,11,2012-09-17,https://www.jra.go.jp/datafile/seiseki/report/2012/2012-4nakayama5.pdf,official_daily_result_pdf
201206040512,2012,中山,4,5,12,2012-09-17,https://www.jra.go.jp/datafile/seiseki/report/2012/2012-4nakayama5.pdf,official_daily_result_pdf
201206040601,2012,中山,4,6,1,2012-09-22,https://www.jra.go.jp/datafile/seiseki/report/2012/2012-4nakayama6.pdf,official_daily_result_pdf
201206040602,2012,中山,4,6,2,2012-09-22,https://www.jra.go.jp/datafile/seiseki/report/2012/2012-4nakayama6.pdf,official_daily_result_pdf
201206040603,2012,中山,4,6,3,2012-09-22,https://www.jra.go.jp/datafile/seiseki/report/2012/2012-4nakayama6.pdf,official_daily_result_pdf
201206040604,2012,中山,4,6,4,2012-09-22,https://www.jra.go.jp/datafile/seiseki/report/2012/2012-4nakayama6.pdf,official_daily_result_pdf
201206040605,2012,中山,4,6,5,2012-09-22,https://www.jra.go.jp/datafile/seiseki/report/2012/2012-4nakayama6.pdf,official_daily_result_pdf
201206040606,2012,中山,4,6,6,2012-09-22,https://www.jra.go.jp/datafile/seiseki/report/2012/2012-4nakayama6.pdf,official_daily_result_pdf
201206040607,2012,中山,4,6,7,2012-09-22,https://www.jra.go.jp/datafile/seiseki/report/2012/2012-4nakayama6.pdf,official_daily_result_pdf
201206040608,2012,中山,4,6,8,2012-09-22,https://www.jra.go.jp/datafile/seiseki/report/2012/2012-4nakayama6.pdf,official_daily_result_pdf
201206040609,2012,中山,4,6,9,2012-09-22,https://www.jra.go.jp/datafile/seiseki/report/2012/2012-4nakayama6.pdf,official_daily_result_pdf
201206040610,2012,中山,4,6,10,2012-09-22,https://www.jra.go.jp/datafile/seiseki/report/2012/2012-4nakayama6.pdf,official_daily_result_pdf
201206040611,2012,中山,4,6,11,2012-09-22,https://www.jra.go.jp/datafile/seiseki/report/2012/2012-4nakayama6.pdf,official_daily_result_pdf
201206040612,2012,中山,4,6,12,2012-09-22,https://www.jra.go.jp/datafile/seiseki/report/2012/2012-4nakayama6.pdf,official_daily_result_pdf
201206040701,2012,中山,4,7,1,2012-09-23,https://www.jra.go.jp/datafile/seiseki/report/2012/2012-4nakayama7.pdf,official_daily_result_pdf
201206040702,2012,中山,4,7,2,2012-09-23,https://www.jra.go.jp/datafile/seiseki/report/2012/2012-4nakayama7.pdf,official_daily_result_pdf
201206040703,2012,中山,4,7,3,2012-09-23,https://www.jra.go.jp/datafile/seiseki/report/2012/2012-4nakayama7.pdf,official_daily_result_pdf
201206040704,2012,中山,4,7,4,2012-09-23,https://www.jra.go.jp/datafile/seiseki/report/2012/2012-4nakayama7.pdf,official_daily_result_pdf
201206040705,2012,中山,4,7,5,2012-09-23,https://www.jra.go.jp/datafile/seiseki/report/2012/2012-4nakayama7.pdf,official_daily_result_pdf
201206040706,2012,中山,4,7,6,2012-09-23,https://www.jra.go.jp/datafile/seiseki/report/2012/2012-4nakayama7.pdf,official_daily_result_pdf
201206040707,2012,中山,4,7,7,2012-09-23,https://www.jra.go.jp/datafile/seiseki/report/2012/2012-4nakayama7.pdf,official_daily_result_pdf
201206040708,2012,中山,4,7,8,2012-09-23,https://www.jra.go.jp/datafile/seiseki/report/2012/2012-4nakayama7.pdf,official_daily_result_pdf
201206040709,2012,中山,4,7,9,2012-09-23,https://www.jra.go.jp/datafile/seiseki/report/2012/2012-4nakayama7.pdf,official_daily_result_pdf
201206040710,2012,中山,4,7,10,2012-09-23,https://www.jra.go.jp/datafile/seiseki/report/2012/2012-4nakayama7.pdf,official_daily_result_pdf
201206040711,2012,中山,4,7,11,2012-09-23,https://www.jra.go.jp/datafile/seiseki/report/2012/2012-4nakayama7.pdf,official_daily_result_pdf
201206040712,2012,中山,4,7,12,2012-09-23,https://www.jra.go.jp/datafile/seiseki/report/2012/2012-4nakayama7.pdf,official_daily_result_pdf
201206040801,2012,中山,4,8,1,2012-09-29,https://www.jra.go.jp/datafile/seiseki/report/2012/2012-4nakayama8.pdf,official_daily_result_pdf
201206040802,2012,中山,4,8,2,2012-09-29,https://www.jra.go.jp/datafile/seiseki/report/2012/2012-4nakayama8.pdf,official_daily_result_pdf
201206040803,2012,中山,4,8,3,2012-09-29,https://www.jra.go.jp/datafile/seiseki/report/2012/2012-4nakayama8.pdf,official_daily_result_pdf
201206040804,2012,中山,4,8,4,2012-09-29,https://www.jra.go.jp/datafile/seiseki/report/2012/2012-4nakayama8.pdf,official_daily_result_pdf
201206040805,2012,中山,4,8,5,2012-09-29,https://www.jra.go.jp/datafile/seiseki/report/2012/2012-4nakayama8.pdf,official_daily_result_pdf
201206040806,2012,中山,4,8,6,2012-09-29,https://www.jra.go.jp/datafile/seiseki/report/2012/2012-4nakayama8.pdf,official_daily_result_pdf
201206040807,2012,中山,4,8,7,2012-09-29,https://www.jra.go.jp/datafile/seiseki/report/2012/2012-4nakayama8.pdf,official_daily_result_pdf
201206040808,2012,中山,4,8,8,2012-09-29,https://www.jra.go.jp/datafile/seiseki/report/2012/2012-4nakayama8.pdf,official_daily_result_pdf
201206040809,2012,中山,4,8,9,2012-09-29,https://www.jra.go.jp/datafile/seiseki/report/2012/2012-4nakayama8.pdf,official_daily_result_pdf
201206040810,2012,中山,4,8,10,2012-09-29,https://www.jra.go.jp/datafile/seiseki/report/2012/2012-4nakayama8.pdf,official_daily_result_pdf
201206040811,2012,中山,4,8,11,2012-09-29,https://www.jra.go.jp/datafile/seiseki/report/2012/2012-4nakayama8.pdf,official_daily_result_pdf
201206040812,2012,中山,4,8,12,2012-09-29,https://www.jra.go.jp/datafile/seiseki/report/2012/2012-4nakayama8.pdf,official_daily_result_pdf
201206040901,2012,中山,4,9,1,2012-09-30,https://www.jra.go.jp/datafile/seiseki/report/2012/2012-4nakayama9.pdf,official_daily_result_pdf
201206040902,2012,中山,4,9,2,2012-09-30,https://www.jra.go.jp/datafile/seiseki/report/2012/2012-4nakayama9.pdf,official_daily_result_pdf
201206040903,2012,中山,4,9,3,2012-09-30,https://www.jra.go.jp/datafile/seiseki/report/2012/2012-4nakayama9.pdf,official_daily_result_pdf
201206040904,2012,中山,4,9,4,2012-09-30,https://www.jra.go.jp/datafile/seiseki/report/2012/2012-4nakayama9.pdf,official_daily_result_pdf
201206040905,2012,中山,4,9,5,2012-09-30,https://www.jra.go.jp/datafile/seiseki/report/2012/2012-4nakayama9.pdf,official_daily_result_pdf
201206040906,2012,中山,4,9,6,2012-09-30,https://www.jra.go.jp/datafile/seiseki/report/2012/2012-4nakayama9.pdf,official_daily_result_pdf
201206040907,2012,中山,4,9,7,2012-09-30,https://www.jra.go.jp/datafile/seiseki/report/2012/2012-4nakayama9.pdf,official_daily_result_pdf
201206040908,2012,中山,4,9,8,2012-09-30,https://www.jra.go.jp/datafile/seiseki/report/2012/2012-4nakayama9.pdf,official_daily_result_pdf
201206040909,2012,中山,4,9,9,2012-09-30,https://www.jra.go.jp/datafile/seiseki/report/2012/2012-4nakayama9.pdf,official_daily_result_pdf
201206040910,2012,中山,4,9,10,2012-09-30,https://www.jra.go.jp/datafile/seiseki/report/2012/2012-4nakayama9.pdf,official_daily_result_pdf
201206040911,2012,中山,4,9,11,2012-09-30,https://www.jra.go.jp/datafile/seiseki/report/2012/2012-4nakayama9.pdf,official_daily_result_pdf
201206040912,2012,中山,4,9,12,2012-09-30,https://www.jra.go.jp/datafile/seiseki/report/2012/2012-4nakayama9.pdf,official_daily_result_pdf
201206050101,2012,中山,5,1,1,2012-12-01,https://www.jra.go.jp/datafile/seiseki/report/2012/2012-5nakayama1.pdf,official_daily_result_pdf
201206050102,2012,中山,5,1,2,2012-12-01,https://www.jra.go.jp/datafile/seiseki/report/2012/2012-5nakayama1.pdf,official_daily_result_pdf
201206050103,2012,中山,5,1,3,2012-12-01,https://www.jra.go.jp/datafile/seiseki/report/2012/2012-5nakayama1.pdf,official_daily_result_pdf
201206050104,2012,中山,5,1,4,2012-12-01,https://www.jra.go.jp/datafile/seiseki/report/2012/2012-5nakayama1.pdf,official_daily_result_pdf
201206050105,2012,中山,5,1,5,2012-12-01,https://www.jra.go.jp/datafile/seiseki/report/2012/2012-5nakayama1.pdf,official_daily_result_pdf
201206050106,2012,中山,5,1,6,2012-12-01,https://www.jra.go.jp/datafile/seiseki/report/2012/2012-5nakayama1.pdf,official_daily_result_pdf
201206050107,2012,中山,5,1,7,2012-12-01,https://www.jra.go.jp/datafile/seiseki/report/2012/2012-5nakayama1.pdf,official_daily_result_pdf
201206050108,2012,中山,5,1,8,2012-12-01,https://www.jra.go.jp/datafile/seiseki/report/2012/2012-5nakayama1.pdf,official_daily_result_pdf
201206050109,2012,中山,5,1,9,2012-12-01,https://www.jra.go.jp/datafile/seiseki/report/2012/2012-5nakayama1.pdf,official_daily_result_pdf
201206050110,2012,中山,5,1,10,2012-12-01,https://www.jra.go.jp/datafile/seiseki/report/2012/2012-5nakayama1.pdf,official_daily_result_pdf
201206050111,2012,中山,5,1,11,2012-12-01,https://www.jra.go.jp/datafile/seiseki/report/2012/2012-5nakayama1.pdf,official_daily_result_pdf
201206050112,2012,中山,5,1,12,2012-12-01,https://www.jra.go.jp/datafile/seiseki/report/2012/2012-5nakayama1.pdf,official_daily_result_pdf
201206050201,2012,中山,5,2,1,2012-12-02,https://www.jra.go.jp/datafile/seiseki/report/2012/2012-5nakayama2.pdf,official_daily_result_pdf
201206050202,2012,中山,5,2,2,2012-12-02,https://www.jra.go.jp/datafile/seiseki/report/2012/2012-5nakayama2.pdf,official_daily_result_pdf
201206050203,2012,中山,5,2,3,2012-12-02,https://www.jra.go.jp/datafile/seiseki/report/2012/2012-5nakayama2.pdf,official_daily_result_pdf
201206050204,2012,中山,5,2,4,2012-12-02,https://www.jra.go.jp/datafile/seiseki/report/2012/2012-5nakayama2.pdf,official_daily_result_pdf
201206050205,2012,中山,5,2,5,2012-12-02,https://www.jra.go.jp/datafile/seiseki/report/2012/2012-5nakayama2.pdf,official_daily_result_pdf
201206050206,2012,中山,5,2,6,2012-12-02,https://www.jra.go.jp/datafile/seiseki/report/2012/2012-5nakayama2.pdf,official_daily_result_pdf
201206050207,2012,中山,5,2,7,2012-12-02,https://www.jra.go.jp/datafile/seiseki/report/2012/2012-5nakayama2.pdf,official_daily_result_pdf
201206050208,2012,中山,5,2,8,2012-12-02,https://www.jra.go.jp/datafile/seiseki/report/2012/2012-5nakayama2.pdf,official_daily_result_pdf
201206050209,2012,中山,5,2,9,2012-12-02,https://www.jra.go.jp/datafile/seiseki/report/2012/2012-5nakayama2.pdf,official_daily_result_pdf
201206050210,2012,中山,5,2,10,2012-12-02,https://www.jra.go.jp/datafile/seiseki/report/2012/2012-5nakayama2.pdf,official_daily_result_pdf
201206050211,2012,中山,5,2,11,2012-12-02,https://www.jra.go.jp/datafile/seiseki/report/2012/2012-5nakayama2.pdf,official_daily_result_pdf
201206050212,2012,中山,5,2,12,2012-12-02,https://www.jra.go.jp/datafile/seiseki/report/2012/2012-5nakayama2.pdf,official_daily_result_pdf
201206050301,2012,中山,5,3,1,2012-12-08,https://www.jra.go.jp/datafile/seiseki/report/2012/2012-5nakayama3.pdf,official_daily_result_pdf
201206050302,2012,中山,5,3,2,2012-12-08,https://www.jra.go.jp/datafile/seiseki/report/2012/2012-5nakayama3.pdf,official_daily_result_pdf
201206050303,2012,中山,5,3,3,2012-12-08,https://www.jra.go.jp/datafile/seiseki/report/2012/2012-5nakayama3.pdf,official_daily_result_pdf
201206050304,2012,中山,5,3,4,2012-12-08,https://www.jra.go.jp/datafile/seiseki/report/2012/2012-5nakayama3.pdf,official_daily_result_pdf
201206050305,2012,中山,5,3,5,2012-12-08,https://www.jra.go.jp/datafile/seiseki/report/2012/2012-5nakayama3.pdf,official_daily_result_pdf
201206050306,2012,中山,5,3,6,2012-12-08,https://www.jra.go.jp/datafile/seiseki/report/2012/2012-5nakayama3.pdf,official_daily_result_pdf
201206050307,2012,中山,5,3,7,2012-12-08,https://www.jra.go.jp/datafile/seiseki/report/2012/2012-5nakayama3.pdf,official_daily_result_pdf
201206050308,2012,中山,5,3,8,2012-12-08,https://www.jra.go.jp/datafile/seiseki/report/2012/2012-5nakayama3.pdf,official_daily_result_pdf
201206050309,2012,中山,5,3,9,2012-12-08,https://www.jra.go.jp/datafile/seiseki/report/2012/2012-5nakayama3.pdf,official_daily_result_pdf
201206050310,2012,中山,5,3,10,2012-12-08,https://www.jra.go.jp/datafile/seiseki/report/2012/2012-5nakayama3.pdf,official_daily_result_pdf
201206050311,2012,中山,5,3,11,2012-12-08,https://www.jra.go.jp/datafile/seiseki/report/2012/2012-5nakayama3.pdf,official_daily_result_pdf
201206050312,2012,中山,5,3,12,2012-12-08,https://www.jra.go.jp/datafile/seiseki/report/2012/2012-5nakayama3.pdf,official_daily_result_pdf
201206050401,2012,中山,5,4,1,2012-12-09,https://www.jra.go.jp/datafile/seiseki/report/2012/2012-5nakayama4.pdf,official_daily_result_pdf
201206050402,2012,中山,5,4,2,2012-12-09,https://www.jra.go.jp/datafile/seiseki/report/2012/2012-5nakayama4.pdf,official_daily_result_pdf
201206050403,2012,中山,5,4,3,2012-12-09,https://www.jra.go.jp/datafile/seiseki/report/2012/2012-5nakayama4.pdf,official_daily_result_pdf
201206050404,2012,中山,5,4,4,2012-12-09,https://www.jra.go.jp/datafile/seiseki/report/2012/2012-5nakayama4.pdf,official_daily_result_pdf
201206050405,2012,中山,5,4,5,2012-12-09,https://www.jra.go.jp/datafile/seiseki/report/2012/2012-5nakayama4.pdf,official_daily_result_pdf
201206050406,2012,中山,5,4,6,2012-12-09,https://www.jra.go.jp/datafile/seiseki/report/2012/2012-5nakayama4.pdf,official_daily_result_pdf
201206050407,2012,中山,5,4,7,2012-12-09,https://www.jra.go.jp/datafile/seiseki/report/2012/2012-5nakayama4.pdf,official_daily_result_pdf
201206050408,2012,中山,5,4,8,2012-12-09,https://www.jra.go.jp/datafile/seiseki/report/2012/2012-5nakayama4.pdf,official_daily_result_pdf
201206050409,2012,中山,5,4,9,2012-12-09,https://www.jra.go.jp/datafile/seiseki/report/2012/2012-5nakayama4.pdf,official_daily_result_pdf
201206050410,2012,中山,5,4,10,2012-12-09,https://www.jra.go.jp/datafile/seiseki/report/2012/2012-5nakayama4.pdf,official_daily_result_pdf
201206050411,2012,中山,5,4,11,2012-12-09,https://www.jra.go.jp/datafile/seiseki/report/2012/2012-5nakayama4.pdf,official_daily_result_pdf
201206050412,2012,中山,5,4,12,2012-12-09,https://www.jra.go.jp/datafile/seiseki/report/2012/2012-5nakayama4.pdf,official_daily_result_pdf
201206050501,2012,中山,5,5,1,2012-12-15,https://www.jra.go.jp/datafile/seiseki/report/2012/2012-5nakayama5.pdf,official_daily_result_pdf
201206050502,2012,中山,5,5,2,2012-12-15,https://www.jra.go.jp/datafile/seiseki/report/2012/2012-5nakayama5.pdf,official_daily_result_pdf
201206050503,2012,中山,5,5,3,2012-12-15,https://www.jra.go.jp/datafile/seiseki/report/2012/2012-5nakayama5.pdf,official_daily_result_pdf
201206050504,2012,中山,5,5,4,2012-12-15,https://www.jra.go.jp/datafile/seiseki/report/2012/2012-5nakayama5.pdf,official_daily_result_pdf
201206050505,2012,中山,5,5,5,2012-12-15,https://www.jra.go.jp/datafile/seiseki/report/2012/2012-5nakayama5.pdf,official_daily_result_pdf
201206050506,2012,中山,5,5,6,2012-12-15,https://www.jra.go.jp/datafile/seiseki/report/2012/2012-5nakayama5.pdf,official_daily_result_pdf
201206050507,2012,中山,5,5,7,2012-12-15,https://www.jra.go.jp/datafile/seiseki/report/2012/2012-5nakayama5.pdf,official_daily_result_pdf
201206050508,2012,中山,5,5,8,2012-12-15,https://www.jra.go.jp/datafile/seiseki/report/2012/2012-5nakayama5.pdf,official_daily_result_pdf
201206050509,2012,中山,5,5,9,2012-12-15,https://www.jra.go.jp/datafile/seiseki/report/2012/2012-5nakayama5.pdf,official_daily_result_pdf
201206050510,2012,中山,5,5,10,2012-12-15,https://www.jra.go.jp/datafile/seiseki/report/2012/2012-5nakayama5.pdf,official_daily_result_pdf
201206050511,2012,中山,5,5,11,2012-12-15,https://www.jra.go.jp/datafile/seiseki/report/2012/2012-5nakayama5.pdf,official_daily_result_pdf
201206050512,2012,中山,5,5,12,2012-12-15,https://www.jra.go.jp/datafile/seiseki/report/2012/2012-5nakayama5.pdf,official_daily_result_pdf
201206050601,2012,中山,5,6,1,2012-12-16,https://www.jra.go.jp/datafile/seiseki/report/2012/2012-5nakayama6.pdf,official_daily_result_pdf
201206050602,2012,中山,5,6,2,2012-12-16,https://www.jra.go.jp/datafile/seiseki/report/2012/2012-5nakayama6.pdf,official_daily_result_pdf
201206050603,2012,中山,5,6,3,2012-12-16,https://www.jra.go.jp/datafile/seiseki/report/2012/2012-5nakayama6.pdf,official_daily_result_pdf
201206050604,2012,中山,5,6,4,2012-12-16,https://www.jra.go.jp/datafile/seiseki/report/2012/2012-5nakayama6.pdf,official_daily_result_pdf
201206050605,2012,中山,5,6,5,2012-12-16,https://www.jra.go.jp/datafile/seiseki/report/2012/2012-5nakayama6.pdf,official_daily_result_pdf
201206050606,2012,中山,5,6,6,2012-12-16,https://www.jra.go.jp/datafile/seiseki/report/2012/2012-5nakayama6.pdf,official_daily_result_pdf
201206050607,2012,中山,5,6,7,2012-12-16,https://www.jra.go.jp/datafile/seiseki/report/2012/2012-5nakayama6.pdf,official_daily_result_pdf
201206050608,2012,中山,5,6,8,2012-12-16,https://www.jra.go.jp/datafile/seiseki/report/2012/2012-5nakayama6.pdf,official_daily_result_pdf
201206050609,2012,中山,5,6,9,2012-12-16,https://www.jra.go.jp/datafile/seiseki/report/2012/2012-5nakayama6.pdf,official_daily_result_pdf
201206050610,2012,中山,5,6,10,2012-12-16,https://www.jra.go.jp/datafile/seiseki/report/2012/2012-5nakayama6.pdf,official_daily_result_pdf
201206050611,2012,中山,5,6,11,2012-12-16,https://www.jra.go.jp/datafile/seiseki/report/2012/2012-5nakayama6.pdf,official_daily_result_pdf
201206050612,2012,中山,5,6,12,2012-12-16,https://www.jra.go.jp/datafile/seiseki/report/2012/2012-5nakayama6.pdf,official_daily_result_pdf
201206050701,2012,中山,5,7,1,2012-12-22,https://www.jra.go.jp/datafile/seiseki/report/2012/2012-5nakayama7.pdf,official_daily_result_pdf
201206050702,2012,中山,5,7,2,2012-12-22,https://www.jra.go.jp/datafile/seiseki/report/2012/2012-5nakayama7.pdf,official_daily_result_pdf
201206050703,2012,中山,5,7,3,2012-12-22,https://www.jra.go.jp/datafile/seiseki/report/2012/2012-5nakayama7.pdf,official_daily_result_pdf
201206050704,2012,中山,5,7,4,2012-12-22,https://www.jra.go.jp/datafile/seiseki/report/2012/2012-5nakayama7.pdf,official_daily_result_pdf
201206050705,2012,中山,5,7,5,2012-12-22,https://www.jra.go.jp/datafile/seiseki/report/2012/2012-5nakayama7.pdf,official_daily_result_pdf
201206050706,2012,中山,5,7,6,2012-12-22,https://www.jra.go.jp/datafile/seiseki/report/2012/2012-5nakayama7.pdf,official_daily_result_pdf
201206050707,2012,中山,5,7,7,2012-12-22,https://www.jra.go.jp/datafile/seiseki/report/2012/2012-5nakayama7.pdf,official_daily_result_pdf
201206050708,2012,中山,5,7,8,2012-12-22,https://www.jra.go.jp/datafile/seiseki/report/2012/2012-5nakayama7.pdf,official_daily_result_pdf
201206050709,2012,中山,5,7,9,2012-12-22,https://www.jra.go.jp/datafile/seiseki/report/2012/2012-5nakayama7.pdf,official_daily_result_pdf
201206050710,2012,中山,5,7,10,2012-12-22,https://www.jra.go.jp/datafile/seiseki/report/2012/2012-5nakayama7.pdf,official_daily_result_pdf
201206050711,2012,中山,5,7,11,2012-12-22,https://www.jra.go.jp/datafile/seiseki/report/2012/2012-5nakayama7.pdf,official_daily_result_pdf
201206050712,2012,中山,5,7,12,2012-12-22,https://www.jra.go.jp/datafile/seiseki/report/2012/2012-5nakayama7.pdf,official_daily_result_pdf
201206050801,2012,中山,5,8,1,2012-12-23,https://www.jra.go.jp/datafile/seiseki/report/2012/2012-5nakayama8.pdf,official_daily_result_pdf
201206050802,2012,中山,5,8,2,2012-12-23,https://www.jra.go.jp/datafile/seiseki/report/2012/2012-5nakayama8.pdf,official_daily_result_pdf
201206050803,2012,中山,5,8,3,2012-12-23,https://www.jra.go.jp/datafile/seiseki/report/2012/2012-5nakayama8.pdf,official_daily_result_pdf
201206050804,2012,中山,5,8,4,2012-12-23,https://www.jra.go.jp/datafile/seiseki/report/2012/2012-5nakayama8.pdf,official_daily_result_pdf
201206050805,2012,中山,5,8,5,2012-12-23,https://www.jra.go.jp/datafile/seiseki/report/2012/2012-5nakayama8.pdf,official_daily_result_pdf
201206050806,2012,中山,5,8,6,2012-12-23,https://www.jra.go.jp/datafile/seiseki/report/2012/2012-5nakayama8.pdf,official_daily_result_pdf
201206050807,2012,中山,5,8,7,2012-12-23,https://www.jra.go.jp/datafile/seiseki/report/2012/2012-5nakayama8.pdf,official_daily_result_pdf
201206050808,2012,中山,5,8,8,2012-12-23,https://www.jra.go.jp/datafile/seiseki/report/2012/2012-5nakayama8.pdf,official_daily_result_pdf
201206050809,2012,中山,5,8,9,2012-12-23,https://www.jra.go.jp/datafile/seiseki/report/2012/2012-5nakayama8.pdf,official_daily_result_pdf
201206050810,2012,中山,5,8,10,2012-12-23,https://www.jra.go.jp/datafile/seiseki/report/2012/2012-5nakayama8.pdf,official_daily_result_pdf
201206050811,2012,中山,5,8,11,2012-12-23,https://www.jra.go.jp/datafile/seiseki/report/2012/2012-5nakayama8.pdf,official_daily_result_pdf
201206050901,2012,中山,5,9,1,2012-12-24,https://www.jra.go.jp/datafile/seiseki/report/2012/2012-5nakayama9.pdf,official_daily_result_pdf
201206050902,2012,中山,5,9,2,2012-12-24,https://www.jra.go.jp/datafile/seiseki/report/2012/2012-5nakayama9.pdf,official_daily_result_pdf
201206050903,2012,中山,5,9,3,2012-12-24,https://www.jra.go.jp/datafile/seiseki/report/2012/2012-5nakayama9.pdf,official_daily_result_pdf
201206050904,2012,中山,5,9,4,2012-12-24,https://www.jra.go.jp/datafile/seiseki/report/2012/2012-5nakayama9.pdf,official_daily_result_pdf
201206050905,2012,中山,5,9,5,2012-12-24,https://www.jra.go.jp/datafile/seiseki/report/2012/2012-5nakayama9.pdf,official_daily_result_pdf
201206050906,2012,中山,5,9,6,2012-12-24,https://www.jra.go.jp/datafile/seiseki/report/2012/2012-5nakayama9.pdf,official_daily_result_pdf
201206050907,2012,中山,5,9,7,2012-12-24,https://www.jra.go.jp/datafile/seiseki/report/2012/2012-5nakayama9.pdf,official_daily_result_pdf
201206050908,2012,中山,5,9,8,2012-12-24,https://www.jra.go.jp/datafile/seiseki/report/2012/2012-5nakayama9.pdf,official_daily_result_pdf
201206050909,2012,中山,5,9,9,2012-12-24,https://www.jra.go.jp/datafile/seiseki/report/2012/2012-5nakayama9.pdf,official_daily_result_pdf
201206050910,2012,中山,5,9,10,2012-12-24,https://www.jra.go.jp/datafile/seiseki/report/2012/2012-5nakayama9.pdf,official_daily_result_pdf
201206050911,2012,中山,5,9,11,2012-12-24,https://www.jra.go.jp/datafile/seiseki/report/2012/2012-5nakayama9.pdf,official_daily_result_pdf
201206050912,2012,中山,5,9,12,2012-12-24,https://www.jra.go.jp/datafile/seiseki/report/2012/2012-5nakayama9.pdf,official_daily_result_pdf
201207010101,2012,中京,1,1,1,2012-03-03,https://www.jra.go.jp/datafile/seiseki/report/2012/2012-1chukyo1.pdf,official_daily_result_pdf
201207010102,2012,中京,1,1,2,2012-03-03,https://www.jra.go.jp/datafile/seiseki/report/2012/2012-1chukyo1.pdf,official_daily_result_pdf
201207010103,2012,中京,1,1,3,2012-03-03,https://www.jra.go.jp/datafile/seiseki/report/2012/2012-1chukyo1.pdf,official_daily_result_pdf
201207010104,2012,中京,1,1,4,2012-03-03,https://www.jra.go.jp/datafile/seiseki/report/2012/2012-1chukyo1.pdf,official_daily_result_pdf
201207010105,2012,中京,1,1,5,2012-03-03,https://www.jra.go.jp/datafile/seiseki/report/2012/2012-1chukyo1.pdf,official_daily_result_pdf
201207010106,2012,中京,1,1,6,2012-03-03,https://www.jra.go.jp/datafile/seiseki/report/2012/2012-1chukyo1.pdf,official_daily_result_pdf
201207010107,2012,中京,1,1,7,2012-03-03,https://www.jra.go.jp/datafile/seiseki/report/2012/2012-1chukyo1.pdf,official_daily_result_pdf
201207010108,2012,中京,1,1,8,2012-03-03,https://www.jra.go.jp/datafile/seiseki/report/2012/2012-1chukyo1.pdf,official_daily_result_pdf
201207010109,2012,中京,1,1,9,2012-03-03,https://www.jra.go.jp/datafile/seiseki/report/2012/2012-1chukyo1.pdf,official_daily_result_pdf
201207010110,2012,中京,1,1,10,2012-03-03,https://www.jra.go.jp/datafile/seiseki/report/2012/2012-1chukyo1.pdf,official_daily_result_pdf
201207010111,2012,中京,1,1,11,2012-03-03,https://www.jra.go.jp/datafile/seiseki/report/2012/2012-1chukyo1.pdf,official_daily_result_pdf
201207010112,2012,中京,1,1,12,2012-03-03,https://www.jra.go.jp/datafile/seiseki/report/2012/2012-1chukyo1.pdf,official_daily_result_pdf
201207010201,2012,中京,1,2,1,2012-03-04,https://www.jra.go.jp/datafile/seiseki/report/2012/2012-1chukyo2.pdf,official_daily_result_pdf
201207010202,2012,中京,1,2,2,2012-03-04,https://www.jra.go.jp/datafile/seiseki/report/2012/2012-1chukyo2.pdf,official_daily_result_pdf
201207010203,2012,中京,1,2,3,2012-03-04,https://www.jra.go.jp/datafile/seiseki/report/2012/2012-1chukyo2.pdf,official_daily_result_pdf
201207010204,2012,中京,1,2,4,2012-03-04,https://www.jra.go.jp/datafile/seiseki/report/2012/2012-1chukyo2.pdf,official_daily_result_pdf
201207010205,2012,中京,1,2,5,2012-03-04,https://www.jra.go.jp/datafile/seiseki/report/2012/2012-1chukyo2.pdf,official_daily_result_pdf
201207010206,2012,中京,1,2,6,2012-03-04,https://www.jra.go.jp/datafile/seiseki/report/2012/2012-1chukyo2.pdf,official_daily_result_pdf
201207010207,2012,中京,1,2,7,2012-03-04,https://www.jra.go.jp/datafile/seiseki/report/2012/2012-1chukyo2.pdf,official_daily_result_pdf
201207010208,2012,中京,1,2,8,2012-03-04,https://www.jra.go.jp/datafile/seiseki/report/2012/2012-1chukyo2.pdf,official_daily_result_pdf
201207010209,2012,中京,1,2,9,2012-03-04,https://www.jra.go.jp/datafile/seiseki/report/2012/2012-1chukyo2.pdf,official_daily_result_pdf
201207010210,2012,中京,1,2,10,2012-03-04,https://www.jra.go.jp/datafile/seiseki/report/2012/2012-1chukyo2.pdf,official_daily_result_pdf
201207010211,2012,中京,1,2,11,2012-03-04,https://www.jra.go.jp/datafile/seiseki/report/2012/2012-1chukyo2.pdf,official_daily_result_pdf
201207010212,2012,中京,1,2,12,2012-03-04,https://www.jra.go.jp/datafile/seiseki/report/2012/2012-1chukyo2.pdf,official_daily_result_pdf
201207010301,2012,中京,1,3,1,2012-03-10,https://www.jra.go.jp/datafile/seiseki/report/2012/2012-1chukyo3.pdf,official_daily_result_pdf
201207010302,2012,中京,1,3,2,2012-03-10,https://www.jra.go.jp/datafile/seiseki/report/2012/2012-1chukyo3.pdf,official_daily_result_pdf
201207010303,2012,中京,1,3,3,2012-03-10,https://www.jra.go.jp/datafile/seiseki/report/2012/2012-1chukyo3.pdf,official_daily_result_pdf
201207010304,2012,中京,1,3,4,2012-03-10,https://www.jra.go.jp/datafile/seiseki/report/2012/2012-1chukyo3.pdf,official_daily_result_pdf
201207010305,2012,中京,1,3,5,2012-03-10,https://www.jra.go.jp/datafile/seiseki/report/2012/2012-1chukyo3.pdf,official_daily_result_pdf
201207010306,2012,中京,1,3,6,2012-03-10,https://www.jra.go.jp/datafile/seiseki/report/2012/2012-1chukyo3.pdf,official_daily_result_pdf
201207010307,2012,中京,1,3,7,2012-03-10,https://www.jra.go.jp/datafile/seiseki/report/2012/2012-1chukyo3.pdf,official_daily_result_pdf
201207010308,2012,中京,1,3,8,2012-03-10,https://www.jra.go.jp/datafile/seiseki/report/2012/2012-1chukyo3.pdf,official_daily_result_pdf
201207010309,2012,中京,1,3,9,2012-03-10,https://www.jra.go.jp/datafile/seiseki/report/2012/2012-1chukyo3.pdf,official_daily_result_pdf
201207010310,2012,中京,1,3,10,2012-03-10,https://www.jra.go.jp/datafile/seiseki/report/2012/2012-1chukyo3.pdf,official_daily_result_pdf
201207010311,2012,中京,1,3,11,2012-03-10,https://www.jra.go.jp/datafile/seiseki/report/2012/2012-1chukyo3.pdf,official_daily_result_pdf
201207010312,2012,中京,1,3,12,2012-03-10,https://www.jra.go.jp/datafile/seiseki/report/2012/2012-1chukyo3.pdf,official_daily_result_pdf
201207010401,2012,中京,1,4,1,2012-03-11,https://www.jra.go.jp/datafile/seiseki/report/2012/2012-1chukyo4.pdf,official_daily_result_pdf
201207010402,2012,中京,1,4,2,2012-03-11,https://www.jra.go.jp/datafile/seiseki/report/2012/2012-1chukyo4.pdf,official_daily_result_pdf
201207010403,2012,中京,1,4,3,2012-03-11,https://www.jra.go.jp/datafile/seiseki/report/2012/2012-1chukyo4.pdf,official_daily_result_pdf
201207010404,2012,中京,1,4,4,2012-03-11,https://www.jra.go.jp/datafile/seiseki/report/2012/2012-1chukyo4.pdf,official_daily_result_pdf
201207010405,2012,中京,1,4,5,2012-03-11,https://www.jra.go.jp/datafile/seiseki/report/2012/2012-1chukyo4.pdf,official_daily_result_pdf
201207010406,2012,中京,1,4,6,2012-03-11,https://www.jra.go.jp/datafile/seiseki/report/2012/2012-1chukyo4.pdf,official_daily_result_pdf
201207010407,2012,中京,1,4,7,2012-03-11,https://www.jra.go.jp/datafile/seiseki/report/2012/2012-1chukyo4.pdf,official_daily_result_pdf
201207010408,2012,中京,1,4,8,2012-03-11,https://www.jra.go.jp/datafile/seiseki/report/2012/2012-1chukyo4.pdf,official_daily_result_pdf
201207010409,2012,中京,1,4,9,2012-03-11,https://www.jra.go.jp/datafile/seiseki/report/2012/2012-1chukyo4.pdf,official_daily_result_pdf
201207010410,2012,中京,1,4,10,2012-03-11,https://www.jra.go.jp/datafile/seiseki/report/2012/2012-1chukyo4.pdf,official_daily_result_pdf
201207010411,2012,中京,1,4,11,2012-03-11,https://www.jra.go.jp/datafile/seiseki/report/2012/2012-1chukyo4.pdf,official_daily_result_pdf
201207010412,2012,中京,1,4,12,2012-03-11,https://www.jra.go.jp/datafile/seiseki/report/2012/2012-1chukyo4.pdf,official_daily_result_pdf
201207010501,2012,中京,1,5,1,2012-03-17,https://www.jra.go.jp/datafile/seiseki/report/2012/2012-1chukyo5.pdf,official_daily_result_pdf
201207010502,2012,中京,1,5,2,2012-03-17,https://www.jra.go.jp/datafile/seiseki/report/2012/2012-1chukyo5.pdf,official_daily_result_pdf
201207010503,2012,中京,1,5,3,2012-03-17,https://www.jra.go.jp/datafile/seiseki/report/2012/2012-1chukyo5.pdf,official_daily_result_pdf
201207010504,2012,中京,1,5,4,2012-03-17,https://www.jra.go.jp/datafile/seiseki/report/2012/2012-1chukyo5.pdf,official_daily_result_pdf
201207010505,2012,中京,1,5,5,2012-03-17,https://www.jra.go.jp/datafile/seiseki/report/2012/2012-1chukyo5.pdf,official_daily_result_pdf
201207010506,2012,中京,1,5,6,2012-03-17,https://www.jra.go.jp/datafile/seiseki/report/2012/2012-1chukyo5.pdf,official_daily_result_pdf
201207010507,2012,中京,1,5,7,2012-03-17,https://www.jra.go.jp/datafile/seiseki/report/2012/2012-1chukyo5.pdf,official_daily_result_pdf
201207010508,2012,中京,1,5,8,2012-03-17,https://www.jra.go.jp/datafile/seiseki/report/2012/2012-1chukyo5.pdf,official_daily_result_pdf
201207010509,2012,中京,1,5,9,2012-03-17,https://www.jra.go.jp/datafile/seiseki/report/2012/2012-1chukyo5.pdf,official_daily_result_pdf
201207010510,2012,中京,1,5,10,2012-03-17,https://www.jra.go.jp/datafile/seiseki/report/2012/2012-1chukyo5.pdf,official_daily_result_pdf
201207010511,2012,中京,1,5,11,2012-03-17,https://www.jra.go.jp/datafile/seiseki/report/2012/2012-1chukyo5.pdf,official_daily_result_pdf
201207010512,2012,中京,1,5,12,2012-03-17,https://www.jra.go.jp/datafile/seiseki/report/2012/2012-1chukyo5.pdf,official_daily_result_pdf
201207010601,2012,中京,1,6,1,2012-03-18,https://www.jra.go.jp/datafile/seiseki/report/2012/2012-1chukyo6.pdf,official_daily_result_pdf
201207010602,2012,中京,1,6,2,2012-03-18,https://www.jra.go.jp/datafile/seiseki/report/2012/2012-1chukyo6.pdf,official_daily_result_pdf
201207010603,2012,中京,1,6,3,2012-03-18,https://www.jra.go.jp/datafile/seiseki/report/2012/2012-1chukyo6.pdf,official_daily_result_pdf
201207010604,2012,中京,1,6,4,2012-03-18,https://www.jra.go.jp/datafile/seiseki/report/2012/2012-1chukyo6.pdf,official_daily_result_pdf
201207010605,2012,中京,1,6,5,2012-03-18,https://www.jra.go.jp/datafile/seiseki/report/2012/2012-1chukyo6.pdf,official_daily_result_pdf
201207010606,2012,中京,1,6,6,2012-03-18,https://www.jra.go.jp/datafile/seiseki/report/2012/2012-1chukyo6.pdf,official_daily_result_pdf
201207010607,2012,中京,1,6,7,2012-03-18,https://www.jra.go.jp/datafile/seiseki/report/2012/2012-1chukyo6.pdf,official_daily_result_pdf
201207010608,2012,中京,1,6,8,2012-03-18,https://www.jra.go.jp/datafile/seiseki/report/2012/2012-1chukyo6.pdf,official_daily_result_pdf
201207010609,2012,中京,1,6,9,2012-03-18,https://www.jra.go.jp/datafile/seiseki/report/2012/2012-1chukyo6.pdf,official_daily_result_pdf
201207010610,2012,中京,1,6,10,2012-03-18,https://www.jra.go.jp/datafile/seiseki/report/2012/2012-1chukyo6.pdf,official_daily_result_pdf
201207010611,2012,中京,1,6,11,2012-03-18,https://www.jra.go.jp/datafile/seiseki/report/2012/2012-1chukyo6.pdf,official_daily_result_pdf
201207010612,2012,中京,1,6,12,2012-03-18,https://www.jra.go.jp/datafile/seiseki/report/2012/2012-1chukyo6.pdf,official_daily_result_pdf
201207010701,2012,中京,1,7,1,2012-03-24,https://www.jra.go.jp/datafile/seiseki/report/2012/2012-1chukyo7.pdf,official_daily_result_pdf
201207010702,2012,中京,1,7,2,2012-03-24,https://www.jra.go.jp/datafile/seiseki/report/2012/2012-1chukyo7.pdf,official_daily_result_pdf
201207010703,2012,中京,1,7,3,2012-03-24,https://www.jra.go.jp/datafile/seiseki/report/2012/2012-1chukyo7.pdf,official_daily_result_pdf
201207010704,2012,中京,1,7,4,2012-03-24,https://www.jra.go.jp/datafile/seiseki/report/2012/2012-1chukyo7.pdf,official_daily_result_pdf
201207010705,2012,中京,1,7,5,2012-03-24,https://www.jra.go.jp/datafile/seiseki/report/2012/2012-1chukyo7.pdf,official_daily_result_pdf
201207010706,2012,中京,1,7,6,2012-03-24,https://www.jra.go.jp/datafile/seiseki/report/2012/2012-1chukyo7.pdf,official_daily_result_pdf
201207010707,2012,中京,1,7,7,2012-03-24,https://www.jra.go.jp/datafile/seiseki/report/2012/2012-1chukyo7.pdf,official_daily_result_pdf
201207010708,2012,中京,1,7,8,2012-03-24,https://www.jra.go.jp/datafile/seiseki/report/2012/2012-1chukyo7.pdf,official_daily_result_pdf
201207010709,2012,中京,1,7,9,2012-03-24,https://www.jra.go.jp/datafile/seiseki/report/2012/2012-1chukyo7.pdf,official_daily_result_pdf
201207010710,2012,中京,1,7,10,2012-03-24,https://www.jra.go.jp/datafile/seiseki/report/2012/2012-1chukyo7.pdf,official_daily_result_pdf
201207010711,2012,中京,1,7,11,2012-03-24,https://www.jra.go.jp/datafile/seiseki/report/2012/2012-1chukyo7.pdf,official_daily_result_pdf
201207010712,2012,中京,1,7,12,2012-03-24,https://www.jra.go.jp/datafile/seiseki/report/2012/2012-1chukyo7.pdf,official_daily_result_pdf
201207010801,2012,中京,1,8,1,2012-03-25,https://www.jra.go.jp/datafile/seiseki/report/2012/2012-1chukyo8.pdf,official_daily_result_pdf
201207010802,2012,中京,1,8,2,2012-03-25,https://www.jra.go.jp/datafile/seiseki/report/2012/2012-1chukyo8.pdf,official_daily_result_pdf
201207010803,2012,中京,1,8,3,2012-03-25,https://www.jra.go.jp/datafile/seiseki/report/2012/2012-1chukyo8.pdf,official_daily_result_pdf
201207010804,2012,中京,1,8,4,2012-03-25,https://www.jra.go.jp/datafile/seiseki/report/2012/2012-1chukyo8.pdf,official_daily_result_pdf
201207010805,2012,中京,1,8,5,2012-03-25,https://www.jra.go.jp/datafile/seiseki/report/2012/2012-1chukyo8.pdf,official_daily_result_pdf
201207010806,2012,中京,1,8,6,2012-03-25,https://www.jra.go.jp/datafile/seiseki/report/2012/2012-1chukyo8.pdf,official_daily_result_pdf
201207010807,2012,中京,1,8,7,2012-03-25,https://www.jra.go.jp/datafile/seiseki/report/2012/2012-1chukyo8.pdf,official_daily_result_pdf
201207010808,2012,中京,1,8,8,2012-03-25,https://www.jra.go.jp/datafile/seiseki/report/2012/2012-1chukyo8.pdf,official_daily_result_pdf
201207010809,2012,中京,1,8,9,2012-03-25,https://www.jra.go.jp/datafile/seiseki/report/2012/2012-1chukyo8.pdf,official_daily_result_pdf
201207010810,2012,中京,1,8,10,2012-03-25,https://www.jra.go.jp/datafile/seiseki/report/2012/2012-1chukyo8.pdf,official_daily_result_pdf
201207010811,2012,中京,1,8,11,2012-03-25,https://www.jra.go.jp/datafile/seiseki/report/2012/2012-1chukyo8.pdf,official_daily_result_pdf
201207010812,2012,中京,1,8,12,2012-03-25,https://www.jra.go.jp/datafile/seiseki/report/2012/2012-1chukyo8.pdf,official_daily_result_pdf
201207020101,2012,中京,2,1,1,2012-06-30,https://www.jra.go.jp/datafile/seiseki/report/2012/2012-2chukyo1.pdf,official_daily_result_pdf
201207020102,2012,中京,2,1,2,2012-06-30,https://www.jra.go.jp/datafile/seiseki/report/2012/2012-2chukyo1.pdf,official_daily_result_pdf
201207020103,2012,中京,2,1,3,2012-06-30,https://www.jra.go.jp/datafile/seiseki/report/2012/2012-2chukyo1.pdf,official_daily_result_pdf
201207020104,2012,中京,2,1,4,2012-06-30,https://www.jra.go.jp/datafile/seiseki/report/2012/2012-2chukyo1.pdf,official_daily_result_pdf
201207020105,2012,中京,2,1,5,2012-06-30,https://www.jra.go.jp/datafile/seiseki/report/2012/2012-2chukyo1.pdf,official_daily_result_pdf
201207020106,2012,中京,2,1,6,2012-06-30,https://www.jra.go.jp/datafile/seiseki/report/2012/2012-2chukyo1.pdf,official_daily_result_pdf
201207020107,2012,中京,2,1,7,2012-06-30,https://www.jra.go.jp/datafile/seiseki/report/2012/2012-2chukyo1.pdf,official_daily_result_pdf
201207020108,2012,中京,2,1,8,2012-06-30,https://www.jra.go.jp/datafile/seiseki/report/2012/2012-2chukyo1.pdf,official_daily_result_pdf
201207020109,2012,中京,2,1,9,2012-06-30,https://www.jra.go.jp/datafile/seiseki/report/2012/2012-2chukyo1.pdf,official_daily_result_pdf
201207020110,2012,中京,2,1,10,2012-06-30,https://www.jra.go.jp/datafile/seiseki/report/2012/2012-2chukyo1.pdf,official_daily_result_pdf
201207020111,2012,中京,2,1,11,2012-06-30,https://www.jra.go.jp/datafile/seiseki/report/2012/2012-2chukyo1.pdf,official_daily_result_pdf
201207020112,2012,中京,2,1,12,2012-06-30,https://www.jra.go.jp/datafile/seiseki/report/2012/2012-2chukyo1.pdf,official_daily_result_pdf
201207020201,2012,中京,2,2,1,2012-07-01,https://www.jra.go.jp/datafile/seiseki/report/2012/2012-2chukyo2.pdf,official_daily_result_pdf
201207020202,2012,中京,2,2,2,2012-07-01,https://www.jra.go.jp/datafile/seiseki/report/2012/2012-2chukyo2.pdf,official_daily_result_pdf
201207020203,2012,中京,2,2,3,2012-07-01,https://www.jra.go.jp/datafile/seiseki/report/2012/2012-2chukyo2.pdf,official_daily_result_pdf
201207020204,2012,中京,2,2,4,2012-07-01,https://www.jra.go.jp/datafile/seiseki/report/2012/2012-2chukyo2.pdf,official_daily_result_pdf
201207020205,2012,中京,2,2,5,2012-07-01,https://www.jra.go.jp/datafile/seiseki/report/2012/2012-2chukyo2.pdf,official_daily_result_pdf
201207020206,2012,中京,2,2,6,2012-07-01,https://www.jra.go.jp/datafile/seiseki/report/2012/2012-2chukyo2.pdf,official_daily_result_pdf
201207020207,2012,中京,2,2,7,2012-07-01,https://www.jra.go.jp/datafile/seiseki/report/2012/2012-2chukyo2.pdf,official_daily_result_pdf
201207020208,2012,中京,2,2,8,2012-07-01,https://www.jra.go.jp/datafile/seiseki/report/2012/2012-2chukyo2.pdf,official_daily_result_pdf
201207020209,2012,中京,2,2,9,2012-07-01,https://www.jra.go.jp/datafile/seiseki/report/2012/2012-2chukyo2.pdf,official_daily_result_pdf
201207020210,2012,中京,2,2,10,2012-07-01,https://www.jra.go.jp/datafile/seiseki/report/2012/2012-2chukyo2.pdf,official_daily_result_pdf
201207020211,2012,中京,2,2,11,2012-07-01,https://www.jra.go.jp/datafile/seiseki/report/2012/2012-2chukyo2.pdf,official_daily_result_pdf
201207020212,2012,中京,2,2,12,2012-07-01,https://www.jra.go.jp/datafile/seiseki/report/2012/2012-2chukyo2.pdf,official_daily_result_pdf
201207020301,2012,中京,2,3,1,2012-07-07,https://www.jra.go.jp/datafile/seiseki/report/2012/2012-2chukyo3.pdf,official_daily_result_pdf
201207020302,2012,中京,2,3,2,2012-07-07,https://www.jra.go.jp/datafile/seiseki/report/2012/2012-2chukyo3.pdf,official_daily_result_pdf
201207020303,2012,中京,2,3,3,2012-07-07,https://www.jra.go.jp/datafile/seiseki/report/2012/2012-2chukyo3.pdf,official_daily_result_pdf
201207020304,2012,中京,2,3,4,2012-07-07,https://www.jra.go.jp/datafile/seiseki/report/2012/2012-2chukyo3.pdf,official_daily_result_pdf
201207020305,2012,中京,2,3,5,2012-07-07,https://www.jra.go.jp/datafile/seiseki/report/2012/2012-2chukyo3.pdf,official_daily_result_pdf
201207020306,2012,中京,2,3,6,2012-07-07,https://www.jra.go.jp/datafile/seiseki/report/2012/2012-2chukyo3.pdf,official_daily_result_pdf
201207020307,2012,中京,2,3,7,2012-07-07,https://www.jra.go.jp/datafile/seiseki/report/2012/2012-2chukyo3.pdf,official_daily_result_pdf
201207020308,2012,中京,2,3,8,2012-07-07,https://www.jra.go.jp/datafile/seiseki/report/2012/2012-2chukyo3.pdf,official_daily_result_pdf
201207020309,2012,中京,2,3,9,2012-07-07,https://www.jra.go.jp/datafile/seiseki/report/2012/2012-2chukyo3.pdf,official_daily_result_pdf
201207020310,2012,中京,2,3,10,2012-07-07,https://www.jra.go.jp/datafile/seiseki/report/2012/2012-2chukyo3.pdf,official_daily_result_pdf
201207020311,2012,中京,2,3,11,2012-07-07,https://www.jra.go.jp/datafile/seiseki/report/2012/2012-2chukyo3.pdf,official_daily_result_pdf
201207020312,2012,中京,2,3,12,2012-07-07,https://www.jra.go.jp/datafile/seiseki/report/2012/2012-2chukyo3.pdf,official_daily_result_pdf
201207020401,2012,中京,2,4,1,2012-07-08,https://www.jra.go.jp/datafile/seiseki/report/2012/2012-2chukyo4.pdf,official_daily_result_pdf
201207020402,2012,中京,2,4,2,2012-07-08,https://www.jra.go.jp/datafile/seiseki/report/2012/2012-2chukyo4.pdf,official_daily_result_pdf
201207020403,2012,中京,2,4,3,2012-07-08,https://www.jra.go.jp/datafile/seiseki/report/2012/2012-2chukyo4.pdf,official_daily_result_pdf
201207020404,2012,中京,2,4,4,2012-07-08,https://www.jra.go.jp/datafile/seiseki/report/2012/2012-2chukyo4.pdf,official_daily_result_pdf
201207020405,2012,中京,2,4,5,2012-07-08,https://www.jra.go.jp/datafile/seiseki/report/2012/2012-2chukyo4.pdf,official_daily_result_pdf
201207020406,2012,中京,2,4,6,2012-07-08,https://www.jra.go.jp/datafile/seiseki/report/2012/2012-2chukyo4.pdf,official_daily_result_pdf
201207020407,2012,中京,2,4,7,2012-07-08,https://www.jra.go.jp/datafile/seiseki/report/2012/2012-2chukyo4.pdf,official_daily_result_pdf
201207020408,2012,中京,2,4,8,2012-07-08,https://www.jra.go.jp/datafile/seiseki/report/2012/2012-2chukyo4.pdf,official_daily_result_pdf
201207020409,2012,中京,2,4,9,2012-07-08,https://www.jra.go.jp/datafile/seiseki/report/2012/2012-2chukyo4.pdf,official_daily_result_pdf
201207020410,2012,中京,2,4,10,2012-07-08,https://www.jra.go.jp/datafile/seiseki/report/2012/2012-2chukyo4.pdf,official_daily_result_pdf
201207020411,2012,中京,2,4,11,2012-07-08,https://www.jra.go.jp/datafile/seiseki/report/2012/2012-2chukyo4.pdf,official_daily_result_pdf
201207020412,2012,中京,2,4,12,2012-07-08,https://www.jra.go.jp/datafile/seiseki/report/2012/2012-2chukyo4.pdf,official_daily_result_pdf
201207020501,2012,中京,2,5,1,2012-07-14,https://www.jra.go.jp/datafile/seiseki/report/2012/2012-2chukyo5.pdf,official_daily_result_pdf
201207020502,2012,中京,2,5,2,2012-07-14,https://www.jra.go.jp/datafile/seiseki/report/2012/2012-2chukyo5.pdf,official_daily_result_pdf
201207020503,2012,中京,2,5,3,2012-07-14,https://www.jra.go.jp/datafile/seiseki/report/2012/2012-2chukyo5.pdf,official_daily_result_pdf
201207020504,2012,中京,2,5,4,2012-07-14,https://www.jra.go.jp/datafile/seiseki/report/2012/2012-2chukyo5.pdf,official_daily_result_pdf
201207020505,2012,中京,2,5,5,2012-07-14,https://www.jra.go.jp/datafile/seiseki/report/2012/2012-2chukyo5.pdf,official_daily_result_pdf
201207020506,2012,中京,2,5,6,2012-07-14,https://www.jra.go.jp/datafile/seiseki/report/2012/2012-2chukyo5.pdf,official_daily_result_pdf
201207020507,2012,中京,2,5,7,2012-07-14,https://www.jra.go.jp/datafile/seiseki/report/2012/2012-2chukyo5.pdf,official_daily_result_pdf
201207020508,2012,中京,2,5,8,2012-07-14,https://www.jra.go.jp/datafile/seiseki/report/2012/2012-2chukyo5.pdf,official_daily_result_pdf
201207020509,2012,中京,2,5,9,2012-07-14,https://www.jra.go.jp/datafile/seiseki/report/2012/2012-2chukyo5.pdf,official_daily_result_pdf
201207020510,2012,中京,2,5,10,2012-07-14,https://www.jra.go.jp/datafile/seiseki/report/2012/2012-2chukyo5.pdf,official_daily_result_pdf
201207020511,2012,中京,2,5,11,2012-07-14,https://www.jra.go.jp/datafile/seiseki/report/2012/2012-2chukyo5.pdf,official_daily_result_pdf
201207020512,2012,中京,2,5,12,2012-07-14,https://www.jra.go.jp/datafile/seiseki/report/2012/2012-2chukyo5.pdf,official_daily_result_pdf
201207020601,2012,中京,2,6,1,2012-07-15,https://www.jra.go.jp/datafile/seiseki/report/2012/2012-2chukyo6.pdf,official_daily_result_pdf
201207020602,2012,中京,2,6,2,2012-07-15,https://www.jra.go.jp/datafile/seiseki/report/2012/2012-2chukyo6.pdf,official_daily_result_pdf
201207020603,2012,中京,2,6,3,2012-07-15,https://www.jra.go.jp/datafile/seiseki/report/2012/2012-2chukyo6.pdf,official_daily_result_pdf
201207020604,2012,中京,2,6,4,2012-07-15,https://www.jra.go.jp/datafile/seiseki/report/2012/2012-2chukyo6.pdf,official_daily_result_pdf
201207020605,2012,中京,2,6,5,2012-07-15,https://www.jra.go.jp/datafile/seiseki/report/2012/2012-2chukyo6.pdf,official_daily_result_pdf
201207020606,2012,中京,2,6,6,2012-07-15,https://www.jra.go.jp/datafile/seiseki/report/2012/2012-2chukyo6.pdf,official_daily_result_pdf
201207020607,2012,中京,2,6,7,2012-07-15,https://www.jra.go.jp/datafile/seiseki/report/2012/2012-2chukyo6.pdf,official_daily_result_pdf
201207020608,2012,中京,2,6,8,2012-07-15,https://www.jra.go.jp/datafile/seiseki/report/2012/2012-2chukyo6.pdf,official_daily_result_pdf
201207020609,2012,中京,2,6,9,2012-07-15,https://www.jra.go.jp/datafile/seiseki/report/2012/2012-2chukyo6.pdf,official_daily_result_pdf
201207020610,2012,中京,2,6,10,2012-07-15,https://www.jra.go.jp/datafile/seiseki/report/2012/2012-2chukyo6.pdf,official_daily_result_pdf
201207020611,2012,中京,2,6,11,2012-07-15,https://www.jra.go.jp/datafile/seiseki/report/2012/2012-2chukyo6.pdf,official_daily_result_pdf
201207020612,2012,中京,2,6,12,2012-07-15,https://www.jra.go.jp/datafile/seiseki/report/2012/2012-2chukyo6.pdf,official_daily_result_pdf
201207020701,2012,中京,2,7,1,2012-07-21,https://www.jra.go.jp/datafile/seiseki/report/2012/2012-2chukyo7.pdf,official_daily_result_pdf
201207020702,2012,中京,2,7,2,2012-07-21,https://www.jra.go.jp/datafile/seiseki/report/2012/2012-2chukyo7.pdf,official_daily_result_pdf
201207020703,2012,中京,2,7,3,2012-07-21,https://www.jra.go.jp/datafile/seiseki/report/2012/2012-2chukyo7.pdf,official_daily_result_pdf
201207020704,2012,中京,2,7,4,2012-07-21,https://www.jra.go.jp/datafile/seiseki/report/2012/2012-2chukyo7.pdf,official_daily_result_pdf
201207020705,2012,中京,2,7,5,2012-07-21,https://www.jra.go.jp/datafile/seiseki/report/2012/2012-2chukyo7.pdf,official_daily_result_pdf
201207020706,2012,中京,2,7,6,2012-07-21,https://www.jra.go.jp/datafile/seiseki/report/2012/2012-2chukyo7.pdf,official_daily_result_pdf
201207020707,2012,中京,2,7,7,2012-07-21,https://www.jra.go.jp/datafile/seiseki/report/2012/2012-2chukyo7.pdf,official_daily_result_pdf
201207020708,2012,中京,2,7,8,2012-07-21,https://www.jra.go.jp/datafile/seiseki/report/2012/2012-2chukyo7.pdf,official_daily_result_pdf
201207020709,2012,中京,2,7,9,2012-07-21,https://www.jra.go.jp/datafile/seiseki/report/2012/2012-2chukyo7.pdf,official_daily_result_pdf
201207020710,2012,中京,2,7,10,2012-07-21,https://www.jra.go.jp/datafile/seiseki/report/2012/2012-2chukyo7.pdf,official_daily_result_pdf
201207020711,2012,中京,2,7,11,2012-07-21,https://www.jra.go.jp/datafile/seiseki/report/2012/2012-2chukyo7.pdf,official_daily_result_pdf
201207020712,2012,中京,2,7,12,2012-07-21,https://www.jra.go.jp/datafile/seiseki/report/2012/2012-2chukyo7.pdf,official_daily_result_pdf
201207020801,2012,中京,2,8,1,2012-07-22,https://www.jra.go.jp/datafile/seiseki/report/2012/2012-2chukyo8.pdf,official_daily_result_pdf
201207020802,2012,中京,2,8,2,2012-07-22,https://www.jra.go.jp/datafile/seiseki/report/2012/2012-2chukyo8.pdf,official_daily_result_pdf
201207020803,2012,中京,2,8,3,2012-07-22,https://www.jra.go.jp/datafile/seiseki/report/2012/2012-2chukyo8.pdf,official_daily_result_pdf
201207020804,2012,中京,2,8,4,2012-07-22,https://www.jra.go.jp/datafile/seiseki/report/2012/2012-2chukyo8.pdf,official_daily_result_pdf
201207020805,2012,中京,2,8,5,2012-07-22,https://www.jra.go.jp/datafile/seiseki/report/2012/2012-2chukyo8.pdf,official_daily_result_pdf
201207020806,2012,中京,2,8,6,2012-07-22,https://www.jra.go.jp/datafile/seiseki/report/2012/2012-2chukyo8.pdf,official_daily_result_pdf
201207020807,2012,中京,2,8,7,2012-07-22,https://www.jra.go.jp/datafile/seiseki/report/2012/2012-2chukyo8.pdf,official_daily_result_pdf
201207020808,2012,中京,2,8,8,2012-07-22,https://www.jra.go.jp/datafile/seiseki/report/2012/2012-2chukyo8.pdf,official_daily_result_pdf
201207020809,2012,中京,2,8,9,2012-07-22,https://www.jra.go.jp/datafile/seiseki/report/2012/2012-2chukyo8.pdf,official_daily_result_pdf
201207020810,2012,中京,2,8,10,2012-07-22,https://www.jra.go.jp/datafile/seiseki/report/2012/2012-2chukyo8.pdf,official_daily_result_pdf
201207020811,2012,中京,2,8,11,2012-07-22,https://www.jra.go.jp/datafile/seiseki/report/2012/2012-2chukyo8.pdf,official_daily_result_pdf
201207020812,2012,中京,2,8,12,2012-07-22,https://www.jra.go.jp/datafile/seiseki/report/2012/2012-2chukyo8.pdf,official_daily_result_pdf
201207030101,2012,中京,3,1,1,2012-12-01,https://www.jra.go.jp/datafile/seiseki/report/2012/2012-3chukyo1.pdf,official_daily_result_pdf
201207030102,2012,中京,3,1,2,2012-12-01,https://www.jra.go.jp/datafile/seiseki/report/2012/2012-3chukyo1.pdf,official_daily_result_pdf
201207030103,2012,中京,3,1,3,2012-12-01,https://www.jra.go.jp/datafile/seiseki/report/2012/2012-3chukyo1.pdf,official_daily_result_pdf
201207030104,2012,中京,3,1,4,2012-12-01,https://www.jra.go.jp/datafile/seiseki/report/2012/2012-3chukyo1.pdf,official_daily_result_pdf
201207030105,2012,中京,3,1,5,2012-12-01,https://www.jra.go.jp/datafile/seiseki/report/2012/2012-3chukyo1.pdf,official_daily_result_pdf
201207030106,2012,中京,3,1,6,2012-12-01,https://www.jra.go.jp/datafile/seiseki/report/2012/2012-3chukyo1.pdf,official_daily_result_pdf
201207030107,2012,中京,3,1,7,2012-12-01,https://www.jra.go.jp/datafile/seiseki/report/2012/2012-3chukyo1.pdf,official_daily_result_pdf
201207030108,2012,中京,3,1,8,2012-12-01,https://www.jra.go.jp/datafile/seiseki/report/2012/2012-3chukyo1.pdf,official_daily_result_pdf
201207030109,2012,中京,3,1,9,2012-12-01,https://www.jra.go.jp/datafile/seiseki/report/2012/2012-3chukyo1.pdf,official_daily_result_pdf
201207030110,2012,中京,3,1,10,2012-12-01,https://www.jra.go.jp/datafile/seiseki/report/2012/2012-3chukyo1.pdf,official_daily_result_pdf
201207030111,2012,中京,3,1,11,2012-12-01,https://www.jra.go.jp/datafile/seiseki/report/2012/2012-3chukyo1.pdf,official_daily_result_pdf
201207030112,2012,中京,3,1,12,2012-12-01,https://www.jra.go.jp/datafile/seiseki/report/2012/2012-3chukyo1.pdf,official_daily_result_pdf
201207030201,2012,中京,3,2,1,2012-12-02,https://www.jra.go.jp/datafile/seiseki/report/2012/2012-3chukyo2.pdf,official_daily_result_pdf
201207030202,2012,中京,3,2,2,2012-12-02,https://www.jra.go.jp/datafile/seiseki/report/2012/2012-3chukyo2.pdf,official_daily_result_pdf
201207030203,2012,中京,3,2,3,2012-12-02,https://www.jra.go.jp/datafile/seiseki/report/2012/2012-3chukyo2.pdf,official_daily_result_pdf
201207030204,2012,中京,3,2,4,2012-12-02,https://www.jra.go.jp/datafile/seiseki/report/2012/2012-3chukyo2.pdf,official_daily_result_pdf
201207030205,2012,中京,3,2,5,2012-12-02,https://www.jra.go.jp/datafile/seiseki/report/2012/2012-3chukyo2.pdf,official_daily_result_pdf
201207030206,2012,中京,3,2,6,2012-12-02,https://www.jra.go.jp/datafile/seiseki/report/2012/2012-3chukyo2.pdf,official_daily_result_pdf
201207030207,2012,中京,3,2,7,2012-12-02,https://www.jra.go.jp/datafile/seiseki/report/2012/2012-3chukyo2.pdf,official_daily_result_pdf
201207030208,2012,中京,3,2,8,2012-12-02,https://www.jra.go.jp/datafile/seiseki/report/2012/2012-3chukyo2.pdf,official_daily_result_pdf
201207030209,2012,中京,3,2,9,2012-12-02,https://www.jra.go.jp/datafile/seiseki/report/2012/2012-3chukyo2.pdf,official_daily_result_pdf
201207030210,2012,中京,3,2,10,2012-12-02,https://www.jra.go.jp/datafile/seiseki/report/2012/2012-3chukyo2.pdf,official_daily_result_pdf
201207030211,2012,中京,3,2,11,2012-12-02,https://www.jra.go.jp/datafile/seiseki/report/2012/2012-3chukyo2.pdf,official_daily_result_pdf
201207030212,2012,中京,3,2,12,2012-12-02,https://www.jra.go.jp/datafile/seiseki/report/2012/2012-3chukyo2.pdf,official_daily_result_pdf
201207030301,2012,中京,3,3,1,2012-12-08,https://www.jra.go.jp/datafile/seiseki/report/2012/2012-3chukyo3.pdf,official_daily_result_pdf
201207030302,2012,中京,3,3,2,2012-12-08,https://www.jra.go.jp/datafile/seiseki/report/2012/2012-3chukyo3.pdf,official_daily_result_pdf
201207030303,2012,中京,3,3,3,2012-12-08,https://www.jra.go.jp/datafile/seiseki/report/2012/2012-3chukyo3.pdf,official_daily_result_pdf
201207030304,2012,中京,3,3,4,2012-12-08,https://www.jra.go.jp/datafile/seiseki/report/2012/2012-3chukyo3.pdf,official_daily_result_pdf
201207030305,2012,中京,3,3,5,2012-12-08,https://www.jra.go.jp/datafile/seiseki/report/2012/2012-3chukyo3.pdf,official_daily_result_pdf
201207030306,2012,中京,3,3,6,2012-12-08,https://www.jra.go.jp/datafile/seiseki/report/2012/2012-3chukyo3.pdf,official_daily_result_pdf
201207030307,2012,中京,3,3,7,2012-12-08,https://www.jra.go.jp/datafile/seiseki/report/2012/2012-3chukyo3.pdf,official_daily_result_pdf
201207030308,2012,中京,3,3,8,2012-12-08,https://www.jra.go.jp/datafile/seiseki/report/2012/2012-3chukyo3.pdf,official_daily_result_pdf
201207030309,2012,中京,3,3,9,2012-12-08,https://www.jra.go.jp/datafile/seiseki/report/2012/2012-3chukyo3.pdf,official_daily_result_pdf
201207030310,2012,中京,3,3,10,2012-12-08,https://www.jra.go.jp/datafile/seiseki/report/2012/2012-3chukyo3.pdf,official_daily_result_pdf
201207030311,2012,中京,3,3,11,2012-12-08,https://www.jra.go.jp/datafile/seiseki/report/2012/2012-3chukyo3.pdf,official_daily_result_pdf
201207030312,2012,中京,3,3,12,2012-12-08,https://www.jra.go.jp/datafile/seiseki/report/2012/2012-3chukyo3.pdf,official_daily_result_pdf
201207030401,2012,中京,3,4,1,2012-12-09,https://www.jra.go.jp/datafile/seiseki/report/2012/2012-3chukyo4.pdf,official_daily_result_pdf
201207030402,2012,中京,3,4,2,2012-12-09,https://www.jra.go.jp/datafile/seiseki/report/2012/2012-3chukyo4.pdf,official_daily_result_pdf
201207030403,2012,中京,3,4,3,2012-12-09,https://www.jra.go.jp/datafile/seiseki/report/2012/2012-3chukyo4.pdf,official_daily_result_pdf
201207030404,2012,中京,3,4,4,2012-12-09,https://www.jra.go.jp/datafile/seiseki/report/2012/2012-3chukyo4.pdf,official_daily_result_pdf
201207030405,2012,中京,3,4,5,2012-12-09,https://www.jra.go.jp/datafile/seiseki/report/2012/2012-3chukyo4.pdf,official_daily_result_pdf
201207030406,2012,中京,3,4,6,2012-12-09,https://www.jra.go.jp/datafile/seiseki/report/2012/2012-3chukyo4.pdf,official_daily_result_pdf
201207030407,2012,中京,3,4,7,2012-12-09,https://www.jra.go.jp/datafile/seiseki/report/2012/2012-3chukyo4.pdf,official_daily_result_pdf
201207030408,2012,中京,3,4,8,2012-12-09,https://www.jra.go.jp/datafile/seiseki/report/2012/2012-3chukyo4.pdf,official_daily_result_pdf
201207030409,2012,中京,3,4,9,2012-12-09,https://www.jra.go.jp/datafile/seiseki/report/2012/2012-3chukyo4.pdf,official_daily_result_pdf
201207030410,2012,中京,3,4,10,2012-12-09,https://www.jra.go.jp/datafile/seiseki/report/2012/2012-3chukyo4.pdf,official_daily_result_pdf
201207030411,2012,中京,3,4,11,2012-12-09,https://www.jra.go.jp/datafile/seiseki/report/2012/2012-3chukyo4.pdf,official_daily_result_pdf
201207030412,2012,中京,3,4,12,2012-12-09,https://www.jra.go.jp/datafile/seiseki/report/2012/2012-3chukyo4.pdf,official_daily_result_pdf
201207030501,2012,中京,3,5,1,2012-12-15,https://www.jra.go.jp/datafile/seiseki/report/2012/2012-3chukyo5.pdf,official_daily_result_pdf
201207030502,2012,中京,3,5,2,2012-12-15,https://www.jra.go.jp/datafile/seiseki/report/2012/2012-3chukyo5.pdf,official_daily_result_pdf
201207030503,2012,中京,3,5,3,2012-12-15,https://www.jra.go.jp/datafile/seiseki/report/2012/2012-3chukyo5.pdf,official_daily_result_pdf
201207030504,2012,中京,3,5,4,2012-12-15,https://www.jra.go.jp/datafile/seiseki/report/2012/2012-3chukyo5.pdf,official_daily_result_pdf
201207030505,2012,中京,3,5,5,2012-12-15,https://www.jra.go.jp/datafile/seiseki/report/2012/2012-3chukyo5.pdf,official_daily_result_pdf
201207030506,2012,中京,3,5,6,2012-12-15,https://www.jra.go.jp/datafile/seiseki/report/2012/2012-3chukyo5.pdf,official_daily_result_pdf
201207030507,2012,中京,3,5,7,2012-12-15,https://www.jra.go.jp/datafile/seiseki/report/2012/2012-3chukyo5.pdf,official_daily_result_pdf
201207030508,2012,中京,3,5,8,2012-12-15,https://www.jra.go.jp/datafile/seiseki/report/2012/2012-3chukyo5.pdf,official_daily_result_pdf
201207030509,2012,中京,3,5,9,2012-12-15,https://www.jra.go.jp/datafile/seiseki/report/2012/2012-3chukyo5.pdf,official_daily_result_pdf
201207030510,2012,中京,3,5,10,2012-12-15,https://www.jra.go.jp/datafile/seiseki/report/2012/2012-3chukyo5.pdf,official_daily_result_pdf
201207030511,2012,中京,3,5,11,2012-12-15,https://www.jra.go.jp/datafile/seiseki/report/2012/2012-3chukyo5.pdf,official_daily_result_pdf
201207030512,2012,中京,3,5,12,2012-12-15,https://www.jra.go.jp/datafile/seiseki/report/2012/2012-3chukyo5.pdf,official_daily_result_pdf
201207030601,2012,中京,3,6,1,2012-12-16,https://www.jra.go.jp/datafile/seiseki/report/2012/2012-3chukyo6.pdf,official_daily_result_pdf
201207030602,2012,中京,3,6,2,2012-12-16,https://www.jra.go.jp/datafile/seiseki/report/2012/2012-3chukyo6.pdf,official_daily_result_pdf
201207030603,2012,中京,3,6,3,2012-12-16,https://www.jra.go.jp/datafile/seiseki/report/2012/2012-3chukyo6.pdf,official_daily_result_pdf
201207030604,2012,中京,3,6,4,2012-12-16,https://www.jra.go.jp/datafile/seiseki/report/2012/2012-3chukyo6.pdf,official_daily_result_pdf
201207030605,2012,中京,3,6,5,2012-12-16,https://www.jra.go.jp/datafile/seiseki/report/2012/2012-3chukyo6.pdf,official_daily_result_pdf
201207030606,2012,中京,3,6,6,2012-12-16,https://www.jra.go.jp/datafile/seiseki/report/2012/2012-3chukyo6.pdf,official_daily_result_pdf
201207030607,2012,中京,3,6,7,2012-12-16,https://www.jra.go.jp/datafile/seiseki/report/2012/2012-3chukyo6.pdf,official_daily_result_pdf
201207030608,2012,中京,3,6,8,2012-12-16,https://www.jra.go.jp/datafile/seiseki/report/2012/2012-3chukyo6.pdf,official_daily_result_pdf
201207030609,2012,中京,3,6,9,2012-12-16,https://www.jra.go.jp/datafile/seiseki/report/2012/2012-3chukyo6.pdf,official_daily_result_pdf
201207030610,2012,中京,3,6,10,2012-12-16,https://www.jra.go.jp/datafile/seiseki/report/2012/2012-3chukyo6.pdf,official_daily_result_pdf
201207030611,2012,中京,3,6,11,2012-12-16,https://www.jra.go.jp/datafile/seiseki/report/2012/2012-3chukyo6.pdf,official_daily_result_pdf
201207030612,2012,中京,3,6,12,2012-12-16,https://www.jra.go.jp/datafile/seiseki/report/2012/2012-3chukyo6.pdf,official_daily_result_pdf
201208010101,2012,京都,1,1,1,2012-01-05,https://www.jra.go.jp/datafile/seiseki/report/2012/2012-1kyoto1.pdf,official_daily_result_pdf
201208010102,2012,京都,1,1,2,2012-01-05,https://www.jra.go.jp/datafile/seiseki/report/2012/2012-1kyoto1.pdf,official_daily_result_pdf
201208010103,2012,京都,1,1,3,2012-01-05,https://www.jra.go.jp/datafile/seiseki/report/2012/2012-1kyoto1.pdf,official_daily_result_pdf
201208010104,2012,京都,1,1,4,2012-01-05,https://www.jra.go.jp/datafile/seiseki/report/2012/2012-1kyoto1.pdf,official_daily_result_pdf
201208010105,2012,京都,1,1,5,2012-01-05,https://www.jra.go.jp/datafile/seiseki/report/2012/2012-1kyoto1.pdf,official_daily_result_pdf
201208010106,2012,京都,1,1,6,2012-01-05,https://www.jra.go.jp/datafile/seiseki/report/2012/2012-1kyoto1.pdf,official_daily_result_pdf
201208010107,2012,京都,1,1,7,2012-01-05,https://www.jra.go.jp/datafile/seiseki/report/2012/2012-1kyoto1.pdf,official_daily_result_pdf
201208010108,2012,京都,1,1,8,2012-01-05,https://www.jra.go.jp/datafile/seiseki/report/2012/2012-1kyoto1.pdf,official_daily_result_pdf
201208010109,2012,京都,1,1,9,2012-01-05,https://www.jra.go.jp/datafile/seiseki/report/2012/2012-1kyoto1.pdf,official_daily_result_pdf
201208010110,2012,京都,1,1,10,2012-01-05,https://www.jra.go.jp/datafile/seiseki/report/2012/2012-1kyoto1.pdf,official_daily_result_pdf
201208010111,2012,京都,1,1,11,2012-01-05,https://www.jra.go.jp/datafile/seiseki/report/2012/2012-1kyoto1.pdf,official_daily_result_pdf
201208010112,2012,京都,1,1,12,2012-01-05,https://www.jra.go.jp/datafile/seiseki/report/2012/2012-1kyoto1.pdf,official_daily_result_pdf
201208010201,2012,京都,1,2,1,2012-01-08,https://www.jra.go.jp/datafile/seiseki/report/2012/2012-1kyoto2.pdf,official_daily_result_pdf
201208010202,2012,京都,1,2,2,2012-01-08,https://www.jra.go.jp/datafile/seiseki/report/2012/2012-1kyoto2.pdf,official_daily_result_pdf
201208010203,2012,京都,1,2,3,2012-01-08,https://www.jra.go.jp/datafile/seiseki/report/2012/2012-1kyoto2.pdf,official_daily_result_pdf
201208010204,2012,京都,1,2,4,2012-01-08,https://www.jra.go.jp/datafile/seiseki/report/2012/2012-1kyoto2.pdf,official_daily_result_pdf
201208010205,2012,京都,1,2,5,2012-01-08,https://www.jra.go.jp/datafile/seiseki/report/2012/2012-1kyoto2.pdf,official_daily_result_pdf
201208010206,2012,京都,1,2,6,2012-01-08,https://www.jra.go.jp/datafile/seiseki/report/2012/2012-1kyoto2.pdf,official_daily_result_pdf
201208010207,2012,京都,1,2,7,2012-01-08,https://www.jra.go.jp/datafile/seiseki/report/2012/2012-1kyoto2.pdf,official_daily_result_pdf
201208010208,2012,京都,1,2,8,2012-01-08,https://www.jra.go.jp/datafile/seiseki/report/2012/2012-1kyoto2.pdf,official_daily_result_pdf
201208010209,2012,京都,1,2,9,2012-01-08,https://www.jra.go.jp/datafile/seiseki/report/2012/2012-1kyoto2.pdf,official_daily_result_pdf
201208010210,2012,京都,1,2,10,2012-01-08,https://www.jra.go.jp/datafile/seiseki/report/2012/2012-1kyoto2.pdf,official_daily_result_pdf
201208010211,2012,京都,1,2,11,2012-01-08,https://www.jra.go.jp/datafile/seiseki/report/2012/2012-1kyoto2.pdf,official_daily_result_pdf
201208010212,2012,京都,1,2,12,2012-01-08,https://www.jra.go.jp/datafile/seiseki/report/2012/2012-1kyoto2.pdf,official_daily_result_pdf
201208010301,2012,京都,1,3,1,2012-01-09,https://www.jra.go.jp/datafile/seiseki/report/2012/2012-1kyoto3.pdf,official_daily_result_pdf
201208010302,2012,京都,1,3,2,2012-01-09,https://www.jra.go.jp/datafile/seiseki/report/2012/2012-1kyoto3.pdf,official_daily_result_pdf
201208010303,2012,京都,1,3,3,2012-01-09,https://www.jra.go.jp/datafile/seiseki/report/2012/2012-1kyoto3.pdf,official_daily_result_pdf
201208010304,2012,京都,1,3,4,2012-01-09,https://www.jra.go.jp/datafile/seiseki/report/2012/2012-1kyoto3.pdf,official_daily_result_pdf
201208010305,2012,京都,1,3,5,2012-01-09,https://www.jra.go.jp/datafile/seiseki/report/2012/2012-1kyoto3.pdf,official_daily_result_pdf
201208010306,2012,京都,1,3,6,2012-01-09,https://www.jra.go.jp/datafile/seiseki/report/2012/2012-1kyoto3.pdf,official_daily_result_pdf
201208010307,2012,京都,1,3,7,2012-01-09,https://www.jra.go.jp/datafile/seiseki/report/2012/2012-1kyoto3.pdf,official_daily_result_pdf
201208010308,2012,京都,1,3,8,2012-01-09,https://www.jra.go.jp/datafile/seiseki/report/2012/2012-1kyoto3.pdf,official_daily_result_pdf
201208010309,2012,京都,1,3,9,2012-01-09,https://www.jra.go.jp/datafile/seiseki/report/2012/2012-1kyoto3.pdf,official_daily_result_pdf
201208010310,2012,京都,1,3,10,2012-01-09,https://www.jra.go.jp/datafile/seiseki/report/2012/2012-1kyoto3.pdf,official_daily_result_pdf
201208010311,2012,京都,1,3,11,2012-01-09,https://www.jra.go.jp/datafile/seiseki/report/2012/2012-1kyoto3.pdf,official_daily_result_pdf
201208010312,2012,京都,1,3,12,2012-01-09,https://www.jra.go.jp/datafile/seiseki/report/2012/2012-1kyoto3.pdf,official_daily_result_pdf
201208010401,2012,京都,1,4,1,2012-01-14,https://www.jra.go.jp/datafile/seiseki/report/2012/2012-1kyoto4.pdf,official_daily_result_pdf
201208010402,2012,京都,1,4,2,2012-01-14,https://www.jra.go.jp/datafile/seiseki/report/2012/2012-1kyoto4.pdf,official_daily_result_pdf
201208010403,2012,京都,1,4,3,2012-01-14,https://www.jra.go.jp/datafile/seiseki/report/2012/2012-1kyoto4.pdf,official_daily_result_pdf
201208010404,2012,京都,1,4,4,2012-01-14,https://www.jra.go.jp/datafile/seiseki/report/2012/2012-1kyoto4.pdf,official_daily_result_pdf
201208010405,2012,京都,1,4,5,2012-01-14,https://www.jra.go.jp/datafile/seiseki/report/2012/2012-1kyoto4.pdf,official_daily_result_pdf
201208010406,2012,京都,1,4,6,2012-01-14,https://www.jra.go.jp/datafile/seiseki/report/2012/2012-1kyoto4.pdf,official_daily_result_pdf
201208010407,2012,京都,1,4,7,2012-01-14,https://www.jra.go.jp/datafile/seiseki/report/2012/2012-1kyoto4.pdf,official_daily_result_pdf
201208010408,2012,京都,1,4,8,2012-01-14,https://www.jra.go.jp/datafile/seiseki/report/2012/2012-1kyoto4.pdf,official_daily_result_pdf
201208010409,2012,京都,1,4,9,2012-01-14,https://www.jra.go.jp/datafile/seiseki/report/2012/2012-1kyoto4.pdf,official_daily_result_pdf
201208010410,2012,京都,1,4,10,2012-01-14,https://www.jra.go.jp/datafile/seiseki/report/2012/2012-1kyoto4.pdf,official_daily_result_pdf
201208010411,2012,京都,1,4,11,2012-01-14,https://www.jra.go.jp/datafile/seiseki/report/2012/2012-1kyoto4.pdf,official_daily_result_pdf
201208010412,2012,京都,1,4,12,2012-01-14,https://www.jra.go.jp/datafile/seiseki/report/2012/2012-1kyoto4.pdf,official_daily_result_pdf
201208010501,2012,京都,1,5,1,2012-01-15,https://www.jra.go.jp/datafile/seiseki/report/2012/2012-1kyoto5.pdf,official_daily_result_pdf
201208010502,2012,京都,1,5,2,2012-01-15,https://www.jra.go.jp/datafile/seiseki/report/2012/2012-1kyoto5.pdf,official_daily_result_pdf
201208010503,2012,京都,1,5,3,2012-01-15,https://www.jra.go.jp/datafile/seiseki/report/2012/2012-1kyoto5.pdf,official_daily_result_pdf
201208010504,2012,京都,1,5,4,2012-01-15,https://www.jra.go.jp/datafile/seiseki/report/2012/2012-1kyoto5.pdf,official_daily_result_pdf
201208010505,2012,京都,1,5,5,2012-01-15,https://www.jra.go.jp/datafile/seiseki/report/2012/2012-1kyoto5.pdf,official_daily_result_pdf
201208010506,2012,京都,1,5,6,2012-01-15,https://www.jra.go.jp/datafile/seiseki/report/2012/2012-1kyoto5.pdf,official_daily_result_pdf
201208010507,2012,京都,1,5,7,2012-01-15,https://www.jra.go.jp/datafile/seiseki/report/2012/2012-1kyoto5.pdf,official_daily_result_pdf
201208010508,2012,京都,1,5,8,2012-01-15,https://www.jra.go.jp/datafile/seiseki/report/2012/2012-1kyoto5.pdf,official_daily_result_pdf
201208010509,2012,京都,1,5,9,2012-01-15,https://www.jra.go.jp/datafile/seiseki/report/2012/2012-1kyoto5.pdf,official_daily_result_pdf
201208010510,2012,京都,1,5,10,2012-01-15,https://www.jra.go.jp/datafile/seiseki/report/2012/2012-1kyoto5.pdf,official_daily_result_pdf
201208010511,2012,京都,1,5,11,2012-01-15,https://www.jra.go.jp/datafile/seiseki/report/2012/2012-1kyoto5.pdf,official_daily_result_pdf
201208010512,2012,京都,1,5,12,2012-01-15,https://www.jra.go.jp/datafile/seiseki/report/2012/2012-1kyoto5.pdf,official_daily_result_pdf
201208010601,2012,京都,1,6,1,2012-01-21,https://www.jra.go.jp/datafile/seiseki/report/2012/2012-1kyoto6.pdf,official_daily_result_pdf
201208010602,2012,京都,1,6,2,2012-01-21,https://www.jra.go.jp/datafile/seiseki/report/2012/2012-1kyoto6.pdf,official_daily_result_pdf
201208010603,2012,京都,1,6,3,2012-01-21,https://www.jra.go.jp/datafile/seiseki/report/2012/2012-1kyoto6.pdf,official_daily_result_pdf
201208010604,2012,京都,1,6,4,2012-01-21,https://www.jra.go.jp/datafile/seiseki/report/2012/2012-1kyoto6.pdf,official_daily_result_pdf
201208010605,2012,京都,1,6,5,2012-01-21,https://www.jra.go.jp/datafile/seiseki/report/2012/2012-1kyoto6.pdf,official_daily_result_pdf
201208010606,2012,京都,1,6,6,2012-01-21,https://www.jra.go.jp/datafile/seiseki/report/2012/2012-1kyoto6.pdf,official_daily_result_pdf
201208010607,2012,京都,1,6,7,2012-01-21,https://www.jra.go.jp/datafile/seiseki/report/2012/2012-1kyoto6.pdf,official_daily_result_pdf
201208010608,2012,京都,1,6,8,2012-01-21,https://www.jra.go.jp/datafile/seiseki/report/2012/2012-1kyoto6.pdf,official_daily_result_pdf
201208010609,2012,京都,1,6,9,2012-01-21,https://www.jra.go.jp/datafile/seiseki/report/2012/2012-1kyoto6.pdf,official_daily_result_pdf
201208010610,2012,京都,1,6,10,2012-01-21,https://www.jra.go.jp/datafile/seiseki/report/2012/2012-1kyoto6.pdf,official_daily_result_pdf
201208010611,2012,京都,1,6,11,2012-01-21,https://www.jra.go.jp/datafile/seiseki/report/2012/2012-1kyoto6.pdf,official_daily_result_pdf
201208010612,2012,京都,1,6,12,2012-01-21,https://www.jra.go.jp/datafile/seiseki/report/2012/2012-1kyoto6.pdf,official_daily_result_pdf
201208010701,2012,京都,1,7,1,2012-01-22,https://www.jra.go.jp/datafile/seiseki/report/2012/2012-1kyoto7.pdf,official_daily_result_pdf
201208010702,2012,京都,1,7,2,2012-01-22,https://www.jra.go.jp/datafile/seiseki/report/2012/2012-1kyoto7.pdf,official_daily_result_pdf
201208010703,2012,京都,1,7,3,2012-01-22,https://www.jra.go.jp/datafile/seiseki/report/2012/2012-1kyoto7.pdf,official_daily_result_pdf
201208010704,2012,京都,1,7,4,2012-01-22,https://www.jra.go.jp/datafile/seiseki/report/2012/2012-1kyoto7.pdf,official_daily_result_pdf
201208010705,2012,京都,1,7,5,2012-01-22,https://www.jra.go.jp/datafile/seiseki/report/2012/2012-1kyoto7.pdf,official_daily_result_pdf
201208010706,2012,京都,1,7,6,2012-01-22,https://www.jra.go.jp/datafile/seiseki/report/2012/2012-1kyoto7.pdf,official_daily_result_pdf
201208010707,2012,京都,1,7,7,2012-01-22,https://www.jra.go.jp/datafile/seiseki/report/2012/2012-1kyoto7.pdf,official_daily_result_pdf
201208010708,2012,京都,1,7,8,2012-01-22,https://www.jra.go.jp/datafile/seiseki/report/2012/2012-1kyoto7.pdf,official_daily_result_pdf
201208010709,2012,京都,1,7,9,2012-01-22,https://www.jra.go.jp/datafile/seiseki/report/2012/2012-1kyoto7.pdf,official_daily_result_pdf
201208010710,2012,京都,1,7,10,2012-01-22,https://www.jra.go.jp/datafile/seiseki/report/2012/2012-1kyoto7.pdf,official_daily_result_pdf
201208010711,2012,京都,1,7,11,2012-01-22,https://www.jra.go.jp/datafile/seiseki/report/2012/2012-1kyoto7.pdf,official_daily_result_pdf
201208010712,2012,京都,1,7,12,2012-01-22,https://www.jra.go.jp/datafile/seiseki/report/2012/2012-1kyoto7.pdf,official_daily_result_pdf
201208020101,2012,京都,2,1,1,2012-01-28,https://www.jra.go.jp/datafile/seiseki/report/2012/2012-2kyoto1.pdf,official_daily_result_pdf
201208020102,2012,京都,2,1,2,2012-01-28,https://www.jra.go.jp/datafile/seiseki/report/2012/2012-2kyoto1.pdf,official_daily_result_pdf
201208020103,2012,京都,2,1,3,2012-01-28,https://www.jra.go.jp/datafile/seiseki/report/2012/2012-2kyoto1.pdf,official_daily_result_pdf
201208020104,2012,京都,2,1,4,2012-01-28,https://www.jra.go.jp/datafile/seiseki/report/2012/2012-2kyoto1.pdf,official_daily_result_pdf
201208020105,2012,京都,2,1,5,2012-01-28,https://www.jra.go.jp/datafile/seiseki/report/2012/2012-2kyoto1.pdf,official_daily_result_pdf
201208020106,2012,京都,2,1,6,2012-01-28,https://www.jra.go.jp/datafile/seiseki/report/2012/2012-2kyoto1.pdf,official_daily_result_pdf
201208020107,2012,京都,2,1,7,2012-01-28,https://www.jra.go.jp/datafile/seiseki/report/2012/2012-2kyoto1.pdf,official_daily_result_pdf
201208020108,2012,京都,2,1,8,2012-01-28,https://www.jra.go.jp/datafile/seiseki/report/2012/2012-2kyoto1.pdf,official_daily_result_pdf
201208020109,2012,京都,2,1,9,2012-01-28,https://www.jra.go.jp/datafile/seiseki/report/2012/2012-2kyoto1.pdf,official_daily_result_pdf
201208020110,2012,京都,2,1,10,2012-01-28,https://www.jra.go.jp/datafile/seiseki/report/2012/2012-2kyoto1.pdf,official_daily_result_pdf
201208020111,2012,京都,2,1,11,2012-01-28,https://www.jra.go.jp/datafile/seiseki/report/2012/2012-2kyoto1.pdf,official_daily_result_pdf
201208020112,2012,京都,2,1,12,2012-01-28,https://www.jra.go.jp/datafile/seiseki/report/2012/2012-2kyoto1.pdf,official_daily_result_pdf
201208020201,2012,京都,2,2,1,2012-01-29,https://www.jra.go.jp/datafile/seiseki/report/2012/2012-2kyoto2.pdf,official_daily_result_pdf
201208020202,2012,京都,2,2,2,2012-01-29,https://www.jra.go.jp/datafile/seiseki/report/2012/2012-2kyoto2.pdf,official_daily_result_pdf
201208020203,2012,京都,2,2,3,2012-01-29,https://www.jra.go.jp/datafile/seiseki/report/2012/2012-2kyoto2.pdf,official_daily_result_pdf
201208020204,2012,京都,2,2,4,2012-01-29,https://www.jra.go.jp/datafile/seiseki/report/2012/2012-2kyoto2.pdf,official_daily_result_pdf
201208020205,2012,京都,2,2,5,2012-01-29,https://www.jra.go.jp/datafile/seiseki/report/2012/2012-2kyoto2.pdf,official_daily_result_pdf
201208020206,2012,京都,2,2,6,2012-01-29,https://www.jra.go.jp/datafile/seiseki/report/2012/2012-2kyoto2.pdf,official_daily_result_pdf
201208020207,2012,京都,2,2,7,2012-01-29,https://www.jra.go.jp/datafile/seiseki/report/2012/2012-2kyoto2.pdf,official_daily_result_pdf
201208020208,2012,京都,2,2,8,2012-01-29,https://www.jra.go.jp/datafile/seiseki/report/2012/2012-2kyoto2.pdf,official_daily_result_pdf
201208020209,2012,京都,2,2,9,2012-01-29,https://www.jra.go.jp/datafile/seiseki/report/2012/2012-2kyoto2.pdf,official_daily_result_pdf
201208020210,2012,京都,2,2,10,2012-01-29,https://www.jra.go.jp/datafile/seiseki/report/2012/2012-2kyoto2.pdf,official_daily_result_pdf
201208020211,2012,京都,2,2,11,2012-01-29,https://www.jra.go.jp/datafile/seiseki/report/2012/2012-2kyoto2.pdf,official_daily_result_pdf
201208020212,2012,京都,2,2,12,2012-01-29,https://www.jra.go.jp/datafile/seiseki/report/2012/2012-2kyoto2.pdf,official_daily_result_pdf
201208020301,2012,京都,2,3,1,2012-02-04,https://www.jra.go.jp/datafile/seiseki/report/2012/2012-2kyoto3.pdf,official_daily_result_pdf
201208020302,2012,京都,2,3,2,2012-02-04,https://www.jra.go.jp/datafile/seiseki/report/2012/2012-2kyoto3.pdf,official_daily_result_pdf
201208020303,2012,京都,2,3,3,2012-02-04,https://www.jra.go.jp/datafile/seiseki/report/2012/2012-2kyoto3.pdf,official_daily_result_pdf
201208020304,2012,京都,2,3,4,2012-02-04,https://www.jra.go.jp/datafile/seiseki/report/2012/2012-2kyoto3.pdf,official_daily_result_pdf
201208020305,2012,京都,2,3,5,2012-02-04,https://www.jra.go.jp/datafile/seiseki/report/2012/2012-2kyoto3.pdf,official_daily_result_pdf
201208020306,2012,京都,2,3,6,2012-02-04,https://www.jra.go.jp/datafile/seiseki/report/2012/2012-2kyoto3.pdf,official_daily_result_pdf
201208020307,2012,京都,2,3,7,2012-02-04,https://www.jra.go.jp/datafile/seiseki/report/2012/2012-2kyoto3.pdf,official_daily_result_pdf
201208020308,2012,京都,2,3,8,2012-02-04,https://www.jra.go.jp/datafile/seiseki/report/2012/2012-2kyoto3.pdf,official_daily_result_pdf
201208020309,2012,京都,2,3,9,2012-02-04,https://www.jra.go.jp/datafile/seiseki/report/2012/2012-2kyoto3.pdf,official_daily_result_pdf
201208020310,2012,京都,2,3,10,2012-02-04,https://www.jra.go.jp/datafile/seiseki/report/2012/2012-2kyoto3.pdf,official_daily_result_pdf
201208020311,2012,京都,2,3,11,2012-02-04,https://www.jra.go.jp/datafile/seiseki/report/2012/2012-2kyoto3.pdf,official_daily_result_pdf
201208020312,2012,京都,2,3,12,2012-02-04,https://www.jra.go.jp/datafile/seiseki/report/2012/2012-2kyoto3.pdf,official_daily_result_pdf
201208020401,2012,京都,2,4,1,2012-02-05,https://www.jra.go.jp/datafile/seiseki/report/2012/2012-2kyoto4.pdf,official_daily_result_pdf
201208020402,2012,京都,2,4,2,2012-02-05,https://www.jra.go.jp/datafile/seiseki/report/2012/2012-2kyoto4.pdf,official_daily_result_pdf
201208020403,2012,京都,2,4,3,2012-02-05,https://www.jra.go.jp/datafile/seiseki/report/2012/2012-2kyoto4.pdf,official_daily_result_pdf
201208020404,2012,京都,2,4,4,2012-02-05,https://www.jra.go.jp/datafile/seiseki/report/2012/2012-2kyoto4.pdf,official_daily_result_pdf
201208020405,2012,京都,2,4,5,2012-02-05,https://www.jra.go.jp/datafile/seiseki/report/2012/2012-2kyoto4.pdf,official_daily_result_pdf
201208020406,2012,京都,2,4,6,2012-02-05,https://www.jra.go.jp/datafile/seiseki/report/2012/2012-2kyoto4.pdf,official_daily_result_pdf
201208020407,2012,京都,2,4,7,2012-02-05,https://www.jra.go.jp/datafile/seiseki/report/2012/2012-2kyoto4.pdf,official_daily_result_pdf
201208020408,2012,京都,2,4,8,2012-02-05,https://www.jra.go.jp/datafile/seiseki/report/2012/2012-2kyoto4.pdf,official_daily_result_pdf
201208020409,2012,京都,2,4,9,2012-02-05,https://www.jra.go.jp/datafile/seiseki/report/2012/2012-2kyoto4.pdf,official_daily_result_pdf
201208020410,2012,京都,2,4,10,2012-02-05,https://www.jra.go.jp/datafile/seiseki/report/2012/2012-2kyoto4.pdf,official_daily_result_pdf
201208020411,2012,京都,2,4,11,2012-02-05,https://www.jra.go.jp/datafile/seiseki/report/2012/2012-2kyoto4.pdf,official_daily_result_pdf
201208020412,2012,京都,2,4,12,2012-02-05,https://www.jra.go.jp/datafile/seiseki/report/2012/2012-2kyoto4.pdf,official_daily_result_pdf
201208020501,2012,京都,2,5,1,2012-02-11,https://www.jra.go.jp/datafile/seiseki/report/2012/2012-2kyoto5.pdf,official_daily_result_pdf
201208020502,2012,京都,2,5,2,2012-02-11,https://www.jra.go.jp/datafile/seiseki/report/2012/2012-2kyoto5.pdf,official_daily_result_pdf
201208020503,2012,京都,2,5,3,2012-02-11,https://www.jra.go.jp/datafile/seiseki/report/2012/2012-2kyoto5.pdf,official_daily_result_pdf
201208020504,2012,京都,2,5,4,2012-02-11,https://www.jra.go.jp/datafile/seiseki/report/2012/2012-2kyoto5.pdf,official_daily_result_pdf
201208020505,2012,京都,2,5,5,2012-02-11,https://www.jra.go.jp/datafile/seiseki/report/2012/2012-2kyoto5.pdf,official_daily_result_pdf
201208020506,2012,京都,2,5,6,2012-02-11,https://www.jra.go.jp/datafile/seiseki/report/2012/2012-2kyoto5.pdf,official_daily_result_pdf
201208020507,2012,京都,2,5,7,2012-02-11,https://www.jra.go.jp/datafile/seiseki/report/2012/2012-2kyoto5.pdf,official_daily_result_pdf
201208020508,2012,京都,2,5,8,2012-02-11,https://www.jra.go.jp/datafile/seiseki/report/2012/2012-2kyoto5.pdf,official_daily_result_pdf
201208020509,2012,京都,2,5,9,2012-02-11,https://www.jra.go.jp/datafile/seiseki/report/2012/2012-2kyoto5.pdf,official_daily_result_pdf
201208020510,2012,京都,2,5,10,2012-02-11,https://www.jra.go.jp/datafile/seiseki/report/2012/2012-2kyoto5.pdf,official_daily_result_pdf
201208020511,2012,京都,2,5,11,2012-02-11,https://www.jra.go.jp/datafile/seiseki/report/2012/2012-2kyoto5.pdf,official_daily_result_pdf
201208020512,2012,京都,2,5,12,2012-02-11,https://www.jra.go.jp/datafile/seiseki/report/2012/2012-2kyoto5.pdf,official_daily_result_pdf
201208020601,2012,京都,2,6,1,2012-02-12,https://www.jra.go.jp/datafile/seiseki/report/2012/2012-2kyoto6.pdf,official_daily_result_pdf
201208020602,2012,京都,2,6,2,2012-02-12,https://www.jra.go.jp/datafile/seiseki/report/2012/2012-2kyoto6.pdf,official_daily_result_pdf
201208020603,2012,京都,2,6,3,2012-02-12,https://www.jra.go.jp/datafile/seiseki/report/2012/2012-2kyoto6.pdf,official_daily_result_pdf
201208020604,2012,京都,2,6,4,2012-02-12,https://www.jra.go.jp/datafile/seiseki/report/2012/2012-2kyoto6.pdf,official_daily_result_pdf
201208020605,2012,京都,2,6,5,2012-02-12,https://www.jra.go.jp/datafile/seiseki/report/2012/2012-2kyoto6.pdf,official_daily_result_pdf
201208020606,2012,京都,2,6,6,2012-02-12,https://www.jra.go.jp/datafile/seiseki/report/2012/2012-2kyoto6.pdf,official_daily_result_pdf
201208020607,2012,京都,2,6,7,2012-02-12,https://www.jra.go.jp/datafile/seiseki/report/2012/2012-2kyoto6.pdf,official_daily_result_pdf
201208020608,2012,京都,2,6,8,2012-02-12,https://www.jra.go.jp/datafile/seiseki/report/2012/2012-2kyoto6.pdf,official_daily_result_pdf
201208020609,2012,京都,2,6,9,2012-02-12,https://www.jra.go.jp/datafile/seiseki/report/2012/2012-2kyoto6.pdf,official_daily_result_pdf
201208020610,2012,京都,2,6,10,2012-02-12,https://www.jra.go.jp/datafile/seiseki/report/2012/2012-2kyoto6.pdf,official_daily_result_pdf
201208020611,2012,京都,2,6,11,2012-02-12,https://www.jra.go.jp/datafile/seiseki/report/2012/2012-2kyoto6.pdf,official_daily_result_pdf
201208020612,2012,京都,2,6,12,2012-02-12,https://www.jra.go.jp/datafile/seiseki/report/2012/2012-2kyoto6.pdf,official_daily_result_pdf
201208020701,2012,京都,2,7,1,2012-02-18,https://www.jra.go.jp/datafile/seiseki/report/2012/2012-2kyoto7.pdf,official_daily_result_pdf
201208020702,2012,京都,2,7,2,2012-02-18,https://www.jra.go.jp/datafile/seiseki/report/2012/2012-2kyoto7.pdf,official_daily_result_pdf
201208020703,2012,京都,2,7,3,2012-02-18,https://www.jra.go.jp/datafile/seiseki/report/2012/2012-2kyoto7.pdf,official_daily_result_pdf
201208020704,2012,京都,2,7,4,2012-02-18,https://www.jra.go.jp/datafile/seiseki/report/2012/2012-2kyoto7.pdf,official_daily_result_pdf
201208020705,2012,京都,2,7,5,2012-02-18,https://www.jra.go.jp/datafile/seiseki/report/2012/2012-2kyoto7.pdf,official_daily_result_pdf
201208020706,2012,京都,2,7,6,2012-02-18,https://www.jra.go.jp/datafile/seiseki/report/2012/2012-2kyoto7.pdf,official_daily_result_pdf
201208020707,2012,京都,2,7,7,2012-02-18,https://www.jra.go.jp/datafile/seiseki/report/2012/2012-2kyoto7.pdf,official_daily_result_pdf
201208020708,2012,京都,2,7,8,2012-02-18,https://www.jra.go.jp/datafile/seiseki/report/2012/2012-2kyoto7.pdf,official_daily_result_pdf
201208020709,2012,京都,2,7,9,2012-02-18,https://www.jra.go.jp/datafile/seiseki/report/2012/2012-2kyoto7.pdf,official_daily_result_pdf
201208020710,2012,京都,2,7,10,2012-02-18,https://www.jra.go.jp/datafile/seiseki/report/2012/2012-2kyoto7.pdf,official_daily_result_pdf
201208020711,2012,京都,2,7,11,2012-02-18,https://www.jra.go.jp/datafile/seiseki/report/2012/2012-2kyoto7.pdf,official_daily_result_pdf
201208020712,2012,京都,2,7,12,2012-02-18,https://www.jra.go.jp/datafile/seiseki/report/2012/2012-2kyoto7.pdf,official_daily_result_pdf
201208020801,2012,京都,2,8,1,2012-02-19,https://www.jra.go.jp/datafile/seiseki/report/2012/2012-2kyoto8.pdf,official_daily_result_pdf
201208020802,2012,京都,2,8,2,2012-02-19,https://www.jra.go.jp/datafile/seiseki/report/2012/2012-2kyoto8.pdf,official_daily_result_pdf
201208020803,2012,京都,2,8,3,2012-02-19,https://www.jra.go.jp/datafile/seiseki/report/2012/2012-2kyoto8.pdf,official_daily_result_pdf
201208020804,2012,京都,2,8,4,2012-02-19,https://www.jra.go.jp/datafile/seiseki/report/2012/2012-2kyoto8.pdf,official_daily_result_pdf
201208020805,2012,京都,2,8,5,2012-02-19,https://www.jra.go.jp/datafile/seiseki/report/2012/2012-2kyoto8.pdf,official_daily_result_pdf
201208020806,2012,京都,2,8,6,2012-02-19,https://www.jra.go.jp/datafile/seiseki/report/2012/2012-2kyoto8.pdf,official_daily_result_pdf
201208020807,2012,京都,2,8,7,2012-02-19,https://www.jra.go.jp/datafile/seiseki/report/2012/2012-2kyoto8.pdf,official_daily_result_pdf
201208020808,2012,京都,2,8,8,2012-02-19,https://www.jra.go.jp/datafile/seiseki/report/2012/2012-2kyoto8.pdf,official_daily_result_pdf
201208020809,2012,京都,2,8,9,2012-02-19,https://www.jra.go.jp/datafile/seiseki/report/2012/2012-2kyoto8.pdf,official_daily_result_pdf
201208020810,2012,京都,2,8,10,2012-02-19,https://www.jra.go.jp/datafile/seiseki/report/2012/2012-2kyoto8.pdf,official_daily_result_pdf
201208020811,2012,京都,2,8,11,2012-02-19,https://www.jra.go.jp/datafile/seiseki/report/2012/2012-2kyoto8.pdf,official_daily_result_pdf
201208020812,2012,京都,2,8,12,2012-02-19,https://www.jra.go.jp/datafile/seiseki/report/2012/2012-2kyoto8.pdf,official_daily_result_pdf
201208030101,2012,京都,3,1,1,2012-04-21,https://www.jra.go.jp/datafile/seiseki/report/2012/2012-3kyoto1.pdf,official_daily_result_pdf
201208030102,2012,京都,3,1,2,2012-04-21,https://www.jra.go.jp/datafile/seiseki/report/2012/2012-3kyoto1.pdf,official_daily_result_pdf
201208030103,2012,京都,3,1,3,2012-04-21,https://www.jra.go.jp/datafile/seiseki/report/2012/2012-3kyoto1.pdf,official_daily_result_pdf
201208030104,2012,京都,3,1,4,2012-04-21,https://www.jra.go.jp/datafile/seiseki/report/2012/2012-3kyoto1.pdf,official_daily_result_pdf
201208030105,2012,京都,3,1,5,2012-04-21,https://www.jra.go.jp/datafile/seiseki/report/2012/2012-3kyoto1.pdf,official_daily_result_pdf
201208030106,2012,京都,3,1,6,2012-04-21,https://www.jra.go.jp/datafile/seiseki/report/2012/2012-3kyoto1.pdf,official_daily_result_pdf
201208030107,2012,京都,3,1,7,2012-04-21,https://www.jra.go.jp/datafile/seiseki/report/2012/2012-3kyoto1.pdf,official_daily_result_pdf
201208030108,2012,京都,3,1,8,2012-04-21,https://www.jra.go.jp/datafile/seiseki/report/2012/2012-3kyoto1.pdf,official_daily_result_pdf
201208030109,2012,京都,3,1,9,2012-04-21,https://www.jra.go.jp/datafile/seiseki/report/2012/2012-3kyoto1.pdf,official_daily_result_pdf
201208030110,2012,京都,3,1,10,2012-04-21,https://www.jra.go.jp/datafile/seiseki/report/2012/2012-3kyoto1.pdf,official_daily_result_pdf
201208030111,2012,京都,3,1,11,2012-04-21,https://www.jra.go.jp/datafile/seiseki/report/2012/2012-3kyoto1.pdf,official_daily_result_pdf
201208030112,2012,京都,3,1,12,2012-04-21,https://www.jra.go.jp/datafile/seiseki/report/2012/2012-3kyoto1.pdf,official_daily_result_pdf
201208030201,2012,京都,3,2,1,2012-04-22,https://www.jra.go.jp/datafile/seiseki/report/2012/2012-3kyoto2.pdf,official_daily_result_pdf
201208030202,2012,京都,3,2,2,2012-04-22,https://www.jra.go.jp/datafile/seiseki/report/2012/2012-3kyoto2.pdf,official_daily_result_pdf
201208030203,2012,京都,3,2,3,2012-04-22,https://www.jra.go.jp/datafile/seiseki/report/2012/2012-3kyoto2.pdf,official_daily_result_pdf
201208030204,2012,京都,3,2,4,2012-04-22,https://www.jra.go.jp/datafile/seiseki/report/2012/2012-3kyoto2.pdf,official_daily_result_pdf
201208030205,2012,京都,3,2,5,2012-04-22,https://www.jra.go.jp/datafile/seiseki/report/2012/2012-3kyoto2.pdf,official_daily_result_pdf
201208030206,2012,京都,3,2,6,2012-04-22,https://www.jra.go.jp/datafile/seiseki/report/2012/2012-3kyoto2.pdf,official_daily_result_pdf
201208030207,2012,京都,3,2,7,2012-04-22,https://www.jra.go.jp/datafile/seiseki/report/2012/2012-3kyoto2.pdf,official_daily_result_pdf
201208030208,2012,京都,3,2,8,2012-04-22,https://www.jra.go.jp/datafile/seiseki/report/2012/2012-3kyoto2.pdf,official_daily_result_pdf
201208030209,2012,京都,3,2,9,2012-04-22,https://www.jra.go.jp/datafile/seiseki/report/2012/2012-3kyoto2.pdf,official_daily_result_pdf
201208030210,2012,京都,3,2,10,2012-04-22,https://www.jra.go.jp/datafile/seiseki/report/2012/2012-3kyoto2.pdf,official_daily_result_pdf
201208030211,2012,京都,3,2,11,2012-04-22,https://www.jra.go.jp/datafile/seiseki/report/2012/2012-3kyoto2.pdf,official_daily_result_pdf
201208030212,2012,京都,3,2,12,2012-04-22,https://www.jra.go.jp/datafile/seiseki/report/2012/2012-3kyoto2.pdf,official_daily_result_pdf
201208030301,2012,京都,3,3,1,2012-04-28,https://www.jra.go.jp/datafile/seiseki/report/2012/2012-3kyoto3.pdf,official_daily_result_pdf
201208030302,2012,京都,3,3,2,2012-04-28,https://www.jra.go.jp/datafile/seiseki/report/2012/2012-3kyoto3.pdf,official_daily_result_pdf
201208030303,2012,京都,3,3,3,2012-04-28,https://www.jra.go.jp/datafile/seiseki/report/2012/2012-3kyoto3.pdf,official_daily_result_pdf
201208030304,2012,京都,3,3,4,2012-04-28,https://www.jra.go.jp/datafile/seiseki/report/2012/2012-3kyoto3.pdf,official_daily_result_pdf
201208030305,2012,京都,3,3,5,2012-04-28,https://www.jra.go.jp/datafile/seiseki/report/2012/2012-3kyoto3.pdf,official_daily_result_pdf
201208030306,2012,京都,3,3,6,2012-04-28,https://www.jra.go.jp/datafile/seiseki/report/2012/2012-3kyoto3.pdf,official_daily_result_pdf
201208030307,2012,京都,3,3,7,2012-04-28,https://www.jra.go.jp/datafile/seiseki/report/2012/2012-3kyoto3.pdf,official_daily_result_pdf
201208030308,2012,京都,3,3,8,2012-04-28,https://www.jra.go.jp/datafile/seiseki/report/2012/2012-3kyoto3.pdf,official_daily_result_pdf
201208030309,2012,京都,3,3,9,2012-04-28,https://www.jra.go.jp/datafile/seiseki/report/2012/2012-3kyoto3.pdf,official_daily_result_pdf
201208030310,2012,京都,3,3,10,2012-04-28,https://www.jra.go.jp/datafile/seiseki/report/2012/2012-3kyoto3.pdf,official_daily_result_pdf
201208030311,2012,京都,3,3,11,2012-04-28,https://www.jra.go.jp/datafile/seiseki/report/2012/2012-3kyoto3.pdf,official_daily_result_pdf
201208030312,2012,京都,3,3,12,2012-04-28,https://www.jra.go.jp/datafile/seiseki/report/2012/2012-3kyoto3.pdf,official_daily_result_pdf
201208030401,2012,京都,3,4,1,2012-04-29,https://www.jra.go.jp/datafile/seiseki/report/2012/2012-3kyoto4.pdf,official_daily_result_pdf
201208030402,2012,京都,3,4,2,2012-04-29,https://www.jra.go.jp/datafile/seiseki/report/2012/2012-3kyoto4.pdf,official_daily_result_pdf
201208030403,2012,京都,3,4,3,2012-04-29,https://www.jra.go.jp/datafile/seiseki/report/2012/2012-3kyoto4.pdf,official_daily_result_pdf
201208030404,2012,京都,3,4,4,2012-04-29,https://www.jra.go.jp/datafile/seiseki/report/2012/2012-3kyoto4.pdf,official_daily_result_pdf
201208030405,2012,京都,3,4,5,2012-04-29,https://www.jra.go.jp/datafile/seiseki/report/2012/2012-3kyoto4.pdf,official_daily_result_pdf
201208030406,2012,京都,3,4,6,2012-04-29,https://www.jra.go.jp/datafile/seiseki/report/2012/2012-3kyoto4.pdf,official_daily_result_pdf
201208030407,2012,京都,3,4,7,2012-04-29,https://www.jra.go.jp/datafile/seiseki/report/2012/2012-3kyoto4.pdf,official_daily_result_pdf
201208030408,2012,京都,3,4,8,2012-04-29,https://www.jra.go.jp/datafile/seiseki/report/2012/2012-3kyoto4.pdf,official_daily_result_pdf
201208030409,2012,京都,3,4,9,2012-04-29,https://www.jra.go.jp/datafile/seiseki/report/2012/2012-3kyoto4.pdf,official_daily_result_pdf
201208030410,2012,京都,3,4,10,2012-04-29,https://www.jra.go.jp/datafile/seiseki/report/2012/2012-3kyoto4.pdf,official_daily_result_pdf
201208030411,2012,京都,3,4,11,2012-04-29,https://www.jra.go.jp/datafile/seiseki/report/2012/2012-3kyoto4.pdf,official_daily_result_pdf
201208030412,2012,京都,3,4,12,2012-04-29,https://www.jra.go.jp/datafile/seiseki/report/2012/2012-3kyoto4.pdf,official_daily_result_pdf
201208030501,2012,京都,3,5,1,2012-05-05,https://www.jra.go.jp/datafile/seiseki/report/2012/2012-3kyoto5.pdf,official_daily_result_pdf
201208030502,2012,京都,3,5,2,2012-05-05,https://www.jra.go.jp/datafile/seiseki/report/2012/2012-3kyoto5.pdf,official_daily_result_pdf
201208030503,2012,京都,3,5,3,2012-05-05,https://www.jra.go.jp/datafile/seiseki/report/2012/2012-3kyoto5.pdf,official_daily_result_pdf
201208030504,2012,京都,3,5,4,2012-05-05,https://www.jra.go.jp/datafile/seiseki/report/2012/2012-3kyoto5.pdf,official_daily_result_pdf
201208030505,2012,京都,3,5,5,2012-05-05,https://www.jra.go.jp/datafile/seiseki/report/2012/2012-3kyoto5.pdf,official_daily_result_pdf
201208030506,2012,京都,3,5,6,2012-05-05,https://www.jra.go.jp/datafile/seiseki/report/2012/2012-3kyoto5.pdf,official_daily_result_pdf
201208030507,2012,京都,3,5,7,2012-05-05,https://www.jra.go.jp/datafile/seiseki/report/2012/2012-3kyoto5.pdf,official_daily_result_pdf
201208030508,2012,京都,3,5,8,2012-05-05,https://www.jra.go.jp/datafile/seiseki/report/2012/2012-3kyoto5.pdf,official_daily_result_pdf
201208030509,2012,京都,3,5,9,2012-05-05,https://www.jra.go.jp/datafile/seiseki/report/2012/2012-3kyoto5.pdf,official_daily_result_pdf
201208030510,2012,京都,3,5,10,2012-05-05,https://www.jra.go.jp/datafile/seiseki/report/2012/2012-3kyoto5.pdf,official_daily_result_pdf
201208030511,2012,京都,3,5,11,2012-05-05,https://www.jra.go.jp/datafile/seiseki/report/2012/2012-3kyoto5.pdf,official_daily_result_pdf
201208030512,2012,京都,3,5,12,2012-05-05,https://www.jra.go.jp/datafile/seiseki/report/2012/2012-3kyoto5.pdf,official_daily_result_pdf
201208030601,2012,京都,3,6,1,2012-05-06,https://www.jra.go.jp/datafile/seiseki/report/2012/2012-3kyoto6.pdf,official_daily_result_pdf
201208030602,2012,京都,3,6,2,2012-05-06,https://www.jra.go.jp/datafile/seiseki/report/2012/2012-3kyoto6.pdf,official_daily_result_pdf
201208030603,2012,京都,3,6,3,2012-05-06,https://www.jra.go.jp/datafile/seiseki/report/2012/2012-3kyoto6.pdf,official_daily_result_pdf
201208030604,2012,京都,3,6,4,2012-05-06,https://www.jra.go.jp/datafile/seiseki/report/2012/2012-3kyoto6.pdf,official_daily_result_pdf
201208030605,2012,京都,3,6,5,2012-05-06,https://www.jra.go.jp/datafile/seiseki/report/2012/2012-3kyoto6.pdf,official_daily_result_pdf
201208030606,2012,京都,3,6,6,2012-05-06,https://www.jra.go.jp/datafile/seiseki/report/2012/2012-3kyoto6.pdf,official_daily_result_pdf
201208030607,2012,京都,3,6,7,2012-05-06,https://www.jra.go.jp/datafile/seiseki/report/2012/2012-3kyoto6.pdf,official_daily_result_pdf
201208030608,2012,京都,3,6,8,2012-05-06,https://www.jra.go.jp/datafile/seiseki/report/2012/2012-3kyoto6.pdf,official_daily_result_pdf
201208030609,2012,京都,3,6,9,2012-05-06,https://www.jra.go.jp/datafile/seiseki/report/2012/2012-3kyoto6.pdf,official_daily_result_pdf
201208030610,2012,京都,3,6,10,2012-05-06,https://www.jra.go.jp/datafile/seiseki/report/2012/2012-3kyoto6.pdf,official_daily_result_pdf
201208030611,2012,京都,3,6,11,2012-05-06,https://www.jra.go.jp/datafile/seiseki/report/2012/2012-3kyoto6.pdf,official_daily_result_pdf
201208030612,2012,京都,3,6,12,2012-05-06,https://www.jra.go.jp/datafile/seiseki/report/2012/2012-3kyoto6.pdf,official_daily_result_pdf
201208030701,2012,京都,3,7,1,2012-05-12,https://www.jra.go.jp/datafile/seiseki/report/2012/2012-3kyoto7.pdf,official_daily_result_pdf
201208030702,2012,京都,3,7,2,2012-05-12,https://www.jra.go.jp/datafile/seiseki/report/2012/2012-3kyoto7.pdf,official_daily_result_pdf
201208030703,2012,京都,3,7,3,2012-05-12,https://www.jra.go.jp/datafile/seiseki/report/2012/2012-3kyoto7.pdf,official_daily_result_pdf
201208030704,2012,京都,3,7,4,2012-05-12,https://www.jra.go.jp/datafile/seiseki/report/2012/2012-3kyoto7.pdf,official_daily_result_pdf
201208030705,2012,京都,3,7,5,2012-05-12,https://www.jra.go.jp/datafile/seiseki/report/2012/2012-3kyoto7.pdf,official_daily_result_pdf
201208030706,2012,京都,3,7,6,2012-05-12,https://www.jra.go.jp/datafile/seiseki/report/2012/2012-3kyoto7.pdf,official_daily_result_pdf
201208030707,2012,京都,3,7,7,2012-05-12,https://www.jra.go.jp/datafile/seiseki/report/2012/2012-3kyoto7.pdf,official_daily_result_pdf
201208030708,2012,京都,3,7,8,2012-05-12,https://www.jra.go.jp/datafile/seiseki/report/2012/2012-3kyoto7.pdf,official_daily_result_pdf
201208030709,2012,京都,3,7,9,2012-05-12,https://www.jra.go.jp/datafile/seiseki/report/2012/2012-3kyoto7.pdf,official_daily_result_pdf
201208030710,2012,京都,3,7,10,2012-05-12,https://www.jra.go.jp/datafile/seiseki/report/2012/2012-3kyoto7.pdf,official_daily_result_pdf
201208030711,2012,京都,3,7,11,2012-05-12,https://www.jra.go.jp/datafile/seiseki/report/2012/2012-3kyoto7.pdf,official_daily_result_pdf
201208030712,2012,京都,3,7,12,2012-05-12,https://www.jra.go.jp/datafile/seiseki/report/2012/2012-3kyoto7.pdf,official_daily_result_pdf
201208030801,2012,京都,3,8,1,2012-05-13,https://www.jra.go.jp/datafile/seiseki/report/2012/2012-3kyoto8.pdf,official_daily_result_pdf
201208030802,2012,京都,3,8,2,2012-05-13,https://www.jra.go.jp/datafile/seiseki/report/2012/2012-3kyoto8.pdf,official_daily_result_pdf
201208030803,2012,京都,3,8,3,2012-05-13,https://www.jra.go.jp/datafile/seiseki/report/2012/2012-3kyoto8.pdf,official_daily_result_pdf
201208030804,2012,京都,3,8,4,2012-05-13,https://www.jra.go.jp/datafile/seiseki/report/2012/2012-3kyoto8.pdf,official_daily_result_pdf
201208030805,2012,京都,3,8,5,2012-05-13,https://www.jra.go.jp/datafile/seiseki/report/2012/2012-3kyoto8.pdf,official_daily_result_pdf
201208030806,2012,京都,3,8,6,2012-05-13,https://www.jra.go.jp/datafile/seiseki/report/2012/2012-3kyoto8.pdf,official_daily_result_pdf
201208030807,2012,京都,3,8,7,2012-05-13,https://www.jra.go.jp/datafile/seiseki/report/2012/2012-3kyoto8.pdf,official_daily_result_pdf
201208030808,2012,京都,3,8,8,2012-05-13,https://www.jra.go.jp/datafile/seiseki/report/2012/2012-3kyoto8.pdf,official_daily_result_pdf
201208030809,2012,京都,3,8,9,2012-05-13,https://www.jra.go.jp/datafile/seiseki/report/2012/2012-3kyoto8.pdf,official_daily_result_pdf
201208030810,2012,京都,3,8,10,2012-05-13,https://www.jra.go.jp/datafile/seiseki/report/2012/2012-3kyoto8.pdf,official_daily_result_pdf
201208030811,2012,京都,3,8,11,2012-05-13,https://www.jra.go.jp/datafile/seiseki/report/2012/2012-3kyoto8.pdf,official_daily_result_pdf
201208030812,2012,京都,3,8,12,2012-05-13,https://www.jra.go.jp/datafile/seiseki/report/2012/2012-3kyoto8.pdf,official_daily_result_pdf
201208030901,2012,京都,3,9,1,2012-05-19,https://www.jra.go.jp/datafile/seiseki/report/2012/2012-3kyoto9.pdf,official_daily_result_pdf
201208030902,2012,京都,3,9,2,2012-05-19,https://www.jra.go.jp/datafile/seiseki/report/2012/2012-3kyoto9.pdf,official_daily_result_pdf
201208030903,2012,京都,3,9,3,2012-05-19,https://www.jra.go.jp/datafile/seiseki/report/2012/2012-3kyoto9.pdf,official_daily_result_pdf
201208030904,2012,京都,3,9,4,2012-05-19,https://www.jra.go.jp/datafile/seiseki/report/2012/2012-3kyoto9.pdf,official_daily_result_pdf
201208030905,2012,京都,3,9,5,2012-05-19,https://www.jra.go.jp/datafile/seiseki/report/2012/2012-3kyoto9.pdf,official_daily_result_pdf
201208030906,2012,京都,3,9,6,2012-05-19,https://www.jra.go.jp/datafile/seiseki/report/2012/2012-3kyoto9.pdf,official_daily_result_pdf
201208030907,2012,京都,3,9,7,2012-05-19,https://www.jra.go.jp/datafile/seiseki/report/2012/2012-3kyoto9.pdf,official_daily_result_pdf
201208030908,2012,京都,3,9,8,2012-05-19,https://www.jra.go.jp/datafile/seiseki/report/2012/2012-3kyoto9.pdf,official_daily_result_pdf
201208030909,2012,京都,3,9,9,2012-05-19,https://www.jra.go.jp/datafile/seiseki/report/2012/2012-3kyoto9.pdf,official_daily_result_pdf
201208030910,2012,京都,3,9,10,2012-05-19,https://www.jra.go.jp/datafile/seiseki/report/2012/2012-3kyoto9.pdf,official_daily_result_pdf
201208030911,2012,京都,3,9,11,2012-05-19,https://www.jra.go.jp/datafile/seiseki/report/2012/2012-3kyoto9.pdf,official_daily_result_pdf
201208030912,2012,京都,3,9,12,2012-05-19,https://www.jra.go.jp/datafile/seiseki/report/2012/2012-3kyoto9.pdf,official_daily_result_pdf
201208031001,2012,京都,3,10,1,2012-05-20,https://www.jra.go.jp/datafile/seiseki/report/2012/2012-3kyoto10.pdf,official_daily_result_pdf
201208031002,2012,京都,3,10,2,2012-05-20,https://www.jra.go.jp/datafile/seiseki/report/2012/2012-3kyoto10.pdf,official_daily_result_pdf
201208031003,2012,京都,3,10,3,2012-05-20,https://www.jra.go.jp/datafile/seiseki/report/2012/2012-3kyoto10.pdf,official_daily_result_pdf
201208031004,2012,京都,3,10,4,2012-05-20,https://www.jra.go.jp/datafile/seiseki/report/2012/2012-3kyoto10.pdf,official_daily_result_pdf
201208031005,2012,京都,3,10,5,2012-05-20,https://www.jra.go.jp/datafile/seiseki/report/2012/2012-3kyoto10.pdf,official_daily_result_pdf
201208031006,2012,京都,3,10,6,2012-05-20,https://www.jra.go.jp/datafile/seiseki/report/2012/2012-3kyoto10.pdf,official_daily_result_pdf
201208031007,2012,京都,3,10,7,2012-05-20,https://www.jra.go.jp/datafile/seiseki/report/2012/2012-3kyoto10.pdf,official_daily_result_pdf
201208031008,2012,京都,3,10,8,2012-05-20,https://www.jra.go.jp/datafile/seiseki/report/2012/2012-3kyoto10.pdf,official_daily_result_pdf
201208031009,2012,京都,3,10,9,2012-05-20,https://www.jra.go.jp/datafile/seiseki/report/2012/2012-3kyoto10.pdf,official_daily_result_pdf
201208031010,2012,京都,3,10,10,2012-05-20,https://www.jra.go.jp/datafile/seiseki/report/2012/2012-3kyoto10.pdf,official_daily_result_pdf
201208031011,2012,京都,3,10,11,2012-05-20,https://www.jra.go.jp/datafile/seiseki/report/2012/2012-3kyoto10.pdf,official_daily_result_pdf
201208031012,2012,京都,3,10,12,2012-05-20,https://www.jra.go.jp/datafile/seiseki/report/2012/2012-3kyoto10.pdf,official_daily_result_pdf
201208031101,2012,京都,3,11,1,2012-05-26,https://www.jra.go.jp/datafile/seiseki/report/2012/2012-3kyoto11.pdf,official_daily_result_pdf
201208031102,2012,京都,3,11,2,2012-05-26,https://www.jra.go.jp/datafile/seiseki/report/2012/2012-3kyoto11.pdf,official_daily_result_pdf
201208031103,2012,京都,3,11,3,2012-05-26,https://www.jra.go.jp/datafile/seiseki/report/2012/2012-3kyoto11.pdf,official_daily_result_pdf
201208031104,2012,京都,3,11,4,2012-05-26,https://www.jra.go.jp/datafile/seiseki/report/2012/2012-3kyoto11.pdf,official_daily_result_pdf
201208031105,2012,京都,3,11,5,2012-05-26,https://www.jra.go.jp/datafile/seiseki/report/2012/2012-3kyoto11.pdf,official_daily_result_pdf
201208031106,2012,京都,3,11,6,2012-05-26,https://www.jra.go.jp/datafile/seiseki/report/2012/2012-3kyoto11.pdf,official_daily_result_pdf
201208031107,2012,京都,3,11,7,2012-05-26,https://www.jra.go.jp/datafile/seiseki/report/2012/2012-3kyoto11.pdf,official_daily_result_pdf
201208031108,2012,京都,3,11,8,2012-05-26,https://www.jra.go.jp/datafile/seiseki/report/2012/2012-3kyoto11.pdf,official_daily_result_pdf
201208031109,2012,京都,3,11,9,2012-05-26,https://www.jra.go.jp/datafile/seiseki/report/2012/2012-3kyoto11.pdf,official_daily_result_pdf
201208031110,2012,京都,3,11,10,2012-05-26,https://www.jra.go.jp/datafile/seiseki/report/2012/2012-3kyoto11.pdf,official_daily_result_pdf
201208031111,2012,京都,3,11,11,2012-05-26,https://www.jra.go.jp/datafile/seiseki/report/2012/2012-3kyoto11.pdf,official_daily_result_pdf
201208031112,2012,京都,3,11,12,2012-05-26,https://www.jra.go.jp/datafile/seiseki/report/2012/2012-3kyoto11.pdf,official_daily_result_pdf
201208031201,2012,京都,3,12,1,2012-05-27,https://www.jra.go.jp/datafile/seiseki/report/2012/2012-3kyoto12.pdf,official_daily_result_pdf
201208031202,2012,京都,3,12,2,2012-05-27,https://www.jra.go.jp/datafile/seiseki/report/2012/2012-3kyoto12.pdf,official_daily_result_pdf
201208031203,2012,京都,3,12,3,2012-05-27,https://www.jra.go.jp/datafile/seiseki/report/2012/2012-3kyoto12.pdf,official_daily_result_pdf
201208031204,2012,京都,3,12,4,2012-05-27,https://www.jra.go.jp/datafile/seiseki/report/2012/2012-3kyoto12.pdf,official_daily_result_pdf
201208031205,2012,京都,3,12,5,2012-05-27,https://www.jra.go.jp/datafile/seiseki/report/2012/2012-3kyoto12.pdf,official_daily_result_pdf
201208031206,2012,京都,3,12,6,2012-05-27,https://www.jra.go.jp/datafile/seiseki/report/2012/2012-3kyoto12.pdf,official_daily_result_pdf
201208031207,2012,京都,3,12,7,2012-05-27,https://www.jra.go.jp/datafile/seiseki/report/2012/2012-3kyoto12.pdf,official_daily_result_pdf
201208031208,2012,京都,3,12,8,2012-05-27,https://www.jra.go.jp/datafile/seiseki/report/2012/2012-3kyoto12.pdf,official_daily_result_pdf
201208031209,2012,京都,3,12,9,2012-05-27,https://www.jra.go.jp/datafile/seiseki/report/2012/2012-3kyoto12.pdf,official_daily_result_pdf
201208031210,2012,京都,3,12,10,2012-05-27,https://www.jra.go.jp/datafile/seiseki/report/2012/2012-3kyoto12.pdf,official_daily_result_pdf
201208031211,2012,京都,3,12,11,2012-05-27,https://www.jra.go.jp/datafile/seiseki/report/2012/2012-3kyoto12.pdf,official_daily_result_pdf
201208031212,2012,京都,3,12,12,2012-05-27,https://www.jra.go.jp/datafile/seiseki/report/2012/2012-3kyoto12.pdf,official_daily_result_pdf
201208040101,2012,京都,4,1,1,2012-10-06,https://www.jra.go.jp/datafile/seiseki/report/2012/2012-4kyoto1.pdf,official_daily_result_pdf
201208040102,2012,京都,4,1,2,2012-10-06,https://www.jra.go.jp/datafile/seiseki/report/2012/2012-4kyoto1.pdf,official_daily_result_pdf
201208040103,2012,京都,4,1,3,2012-10-06,https://www.jra.go.jp/datafile/seiseki/report/2012/2012-4kyoto1.pdf,official_daily_result_pdf
201208040104,2012,京都,4,1,4,2012-10-06,https://www.jra.go.jp/datafile/seiseki/report/2012/2012-4kyoto1.pdf,official_daily_result_pdf
201208040105,2012,京都,4,1,5,2012-10-06,https://www.jra.go.jp/datafile/seiseki/report/2012/2012-4kyoto1.pdf,official_daily_result_pdf
201208040106,2012,京都,4,1,6,2012-10-06,https://www.jra.go.jp/datafile/seiseki/report/2012/2012-4kyoto1.pdf,official_daily_result_pdf
201208040107,2012,京都,4,1,7,2012-10-06,https://www.jra.go.jp/datafile/seiseki/report/2012/2012-4kyoto1.pdf,official_daily_result_pdf
201208040108,2012,京都,4,1,8,2012-10-06,https://www.jra.go.jp/datafile/seiseki/report/2012/2012-4kyoto1.pdf,official_daily_result_pdf
201208040109,2012,京都,4,1,9,2012-10-06,https://www.jra.go.jp/datafile/seiseki/report/2012/2012-4kyoto1.pdf,official_daily_result_pdf
201208040110,2012,京都,4,1,10,2012-10-06,https://www.jra.go.jp/datafile/seiseki/report/2012/2012-4kyoto1.pdf,official_daily_result_pdf
201208040111,2012,京都,4,1,11,2012-10-06,https://www.jra.go.jp/datafile/seiseki/report/2012/2012-4kyoto1.pdf,official_daily_result_pdf
201208040112,2012,京都,4,1,12,2012-10-06,https://www.jra.go.jp/datafile/seiseki/report/2012/2012-4kyoto1.pdf,official_daily_result_pdf
201208040201,2012,京都,4,2,1,2012-10-07,https://www.jra.go.jp/datafile/seiseki/report/2012/2012-4kyoto2.pdf,official_daily_result_pdf
201208040202,2012,京都,4,2,2,2012-10-07,https://www.jra.go.jp/datafile/seiseki/report/2012/2012-4kyoto2.pdf,official_daily_result_pdf
201208040203,2012,京都,4,2,3,2012-10-07,https://www.jra.go.jp/datafile/seiseki/report/2012/2012-4kyoto2.pdf,official_daily_result_pdf
201208040204,2012,京都,4,2,4,2012-10-07,https://www.jra.go.jp/datafile/seiseki/report/2012/2012-4kyoto2.pdf,official_daily_result_pdf
201208040205,2012,京都,4,2,5,2012-10-07,https://www.jra.go.jp/datafile/seiseki/report/2012/2012-4kyoto2.pdf,official_daily_result_pdf
201208040206,2012,京都,4,2,6,2012-10-07,https://www.jra.go.jp/datafile/seiseki/report/2012/2012-4kyoto2.pdf,official_daily_result_pdf
201208040207,2012,京都,4,2,7,2012-10-07,https://www.jra.go.jp/datafile/seiseki/report/2012/2012-4kyoto2.pdf,official_daily_result_pdf
201208040208,2012,京都,4,2,8,2012-10-07,https://www.jra.go.jp/datafile/seiseki/report/2012/2012-4kyoto2.pdf,official_daily_result_pdf
201208040209,2012,京都,4,2,9,2012-10-07,https://www.jra.go.jp/datafile/seiseki/report/2012/2012-4kyoto2.pdf,official_daily_result_pdf
201208040210,2012,京都,4,2,10,2012-10-07,https://www.jra.go.jp/datafile/seiseki/report/2012/2012-4kyoto2.pdf,official_daily_result_pdf
201208040211,2012,京都,4,2,11,2012-10-07,https://www.jra.go.jp/datafile/seiseki/report/2012/2012-4kyoto2.pdf,official_daily_result_pdf
201208040212,2012,京都,4,2,12,2012-10-07,https://www.jra.go.jp/datafile/seiseki/report/2012/2012-4kyoto2.pdf,official_daily_result_pdf
201208040301,2012,京都,4,3,1,2012-10-08,https://www.jra.go.jp/datafile/seiseki/report/2012/2012-4kyoto3.pdf,official_daily_result_pdf
201208040302,2012,京都,4,3,2,2012-10-08,https://www.jra.go.jp/datafile/seiseki/report/2012/2012-4kyoto3.pdf,official_daily_result_pdf
201208040303,2012,京都,4,3,3,2012-10-08,https://www.jra.go.jp/datafile/seiseki/report/2012/2012-4kyoto3.pdf,official_daily_result_pdf
201208040304,2012,京都,4,3,4,2012-10-08,https://www.jra.go.jp/datafile/seiseki/report/2012/2012-4kyoto3.pdf,official_daily_result_pdf
201208040305,2012,京都,4,3,5,2012-10-08,https://www.jra.go.jp/datafile/seiseki/report/2012/2012-4kyoto3.pdf,official_daily_result_pdf
201208040306,2012,京都,4,3,6,2012-10-08,https://www.jra.go.jp/datafile/seiseki/report/2012/2012-4kyoto3.pdf,official_daily_result_pdf
201208040307,2012,京都,4,3,7,2012-10-08,https://www.jra.go.jp/datafile/seiseki/report/2012/2012-4kyoto3.pdf,official_daily_result_pdf
201208040308,2012,京都,4,3,8,2012-10-08,https://www.jra.go.jp/datafile/seiseki/report/2012/2012-4kyoto3.pdf,official_daily_result_pdf
201208040309,2012,京都,4,3,9,2012-10-08,https://www.jra.go.jp/datafile/seiseki/report/2012/2012-4kyoto3.pdf,official_daily_result_pdf
201208040310,2012,京都,4,3,10,2012-10-08,https://www.jra.go.jp/datafile/seiseki/report/2012/2012-4kyoto3.pdf,official_daily_result_pdf
201208040311,2012,京都,4,3,11,2012-10-08,https://www.jra.go.jp/datafile/seiseki/report/2012/2012-4kyoto3.pdf,official_daily_result_pdf
201208040312,2012,京都,4,3,12,2012-10-08,https://www.jra.go.jp/datafile/seiseki/report/2012/2012-4kyoto3.pdf,official_daily_result_pdf
201208040401,2012,京都,4,4,1,2012-10-13,https://www.jra.go.jp/datafile/seiseki/report/2012/2012-4kyoto4.pdf,official_daily_result_pdf
201208040402,2012,京都,4,4,2,2012-10-13,https://www.jra.go.jp/datafile/seiseki/report/2012/2012-4kyoto4.pdf,official_daily_result_pdf
201208040403,2012,京都,4,4,3,2012-10-13,https://www.jra.go.jp/datafile/seiseki/report/2012/2012-4kyoto4.pdf,official_daily_result_pdf
201208040404,2012,京都,4,4,4,2012-10-13,https://www.jra.go.jp/datafile/seiseki/report/2012/2012-4kyoto4.pdf,official_daily_result_pdf
201208040405,2012,京都,4,4,5,2012-10-13,https://www.jra.go.jp/datafile/seiseki/report/2012/2012-4kyoto4.pdf,official_daily_result_pdf
201208040406,2012,京都,4,4,6,2012-10-13,https://www.jra.go.jp/datafile/seiseki/report/2012/2012-4kyoto4.pdf,official_daily_result_pdf
201208040407,2012,京都,4,4,7,2012-10-13,https://www.jra.go.jp/datafile/seiseki/report/2012/2012-4kyoto4.pdf,official_daily_result_pdf
201208040408,2012,京都,4,4,8,2012-10-13,https://www.jra.go.jp/datafile/seiseki/report/2012/2012-4kyoto4.pdf,official_daily_result_pdf
201208040409,2012,京都,4,4,9,2012-10-13,https://www.jra.go.jp/datafile/seiseki/report/2012/2012-4kyoto4.pdf,official_daily_result_pdf
201208040410,2012,京都,4,4,10,2012-10-13,https://www.jra.go.jp/datafile/seiseki/report/2012/2012-4kyoto4.pdf,official_daily_result_pdf
201208040411,2012,京都,4,4,11,2012-10-13,https://www.jra.go.jp/datafile/seiseki/report/2012/2012-4kyoto4.pdf,official_daily_result_pdf
201208040412,2012,京都,4,4,12,2012-10-13,https://www.jra.go.jp/datafile/seiseki/report/2012/2012-4kyoto4.pdf,official_daily_result_pdf
201208040501,2012,京都,4,5,1,2012-10-14,https://www.jra.go.jp/datafile/seiseki/report/2012/2012-4kyoto5.pdf,official_daily_result_pdf
201208040502,2012,京都,4,5,2,2012-10-14,https://www.jra.go.jp/datafile/seiseki/report/2012/2012-4kyoto5.pdf,official_daily_result_pdf
201208040503,2012,京都,4,5,3,2012-10-14,https://www.jra.go.jp/datafile/seiseki/report/2012/2012-4kyoto5.pdf,official_daily_result_pdf
201208040504,2012,京都,4,5,4,2012-10-14,https://www.jra.go.jp/datafile/seiseki/report/2012/2012-4kyoto5.pdf,official_daily_result_pdf
201208040505,2012,京都,4,5,5,2012-10-14,https://www.jra.go.jp/datafile/seiseki/report/2012/2012-4kyoto5.pdf,official_daily_result_pdf
201208040506,2012,京都,4,5,6,2012-10-14,https://www.jra.go.jp/datafile/seiseki/report/2012/2012-4kyoto5.pdf,official_daily_result_pdf
201208040507,2012,京都,4,5,7,2012-10-14,https://www.jra.go.jp/datafile/seiseki/report/2012/2012-4kyoto5.pdf,official_daily_result_pdf
201208040508,2012,京都,4,5,8,2012-10-14,https://www.jra.go.jp/datafile/seiseki/report/2012/2012-4kyoto5.pdf,official_daily_result_pdf
201208040509,2012,京都,4,5,9,2012-10-14,https://www.jra.go.jp/datafile/seiseki/report/2012/2012-4kyoto5.pdf,official_daily_result_pdf
201208040510,2012,京都,4,5,10,2012-10-14,https://www.jra.go.jp/datafile/seiseki/report/2012/2012-4kyoto5.pdf,official_daily_result_pdf
201208040511,2012,京都,4,5,11,2012-10-14,https://www.jra.go.jp/datafile/seiseki/report/2012/2012-4kyoto5.pdf,official_daily_result_pdf
201208040512,2012,京都,4,5,12,2012-10-14,https://www.jra.go.jp/datafile/seiseki/report/2012/2012-4kyoto5.pdf,official_daily_result_pdf
201208040601,2012,京都,4,6,1,2012-10-20,https://www.jra.go.jp/datafile/seiseki/report/2012/2012-4kyoto6.pdf,official_daily_result_pdf
201208040602,2012,京都,4,6,2,2012-10-20,https://www.jra.go.jp/datafile/seiseki/report/2012/2012-4kyoto6.pdf,official_daily_result_pdf
201208040603,2012,京都,4,6,3,2012-10-20,https://www.jra.go.jp/datafile/seiseki/report/2012/2012-4kyoto6.pdf,official_daily_result_pdf
201208040604,2012,京都,4,6,4,2012-10-20,https://www.jra.go.jp/datafile/seiseki/report/2012/2012-4kyoto6.pdf,official_daily_result_pdf
201208040605,2012,京都,4,6,5,2012-10-20,https://www.jra.go.jp/datafile/seiseki/report/2012/2012-4kyoto6.pdf,official_daily_result_pdf
201208040606,2012,京都,4,6,6,2012-10-20,https://www.jra.go.jp/datafile/seiseki/report/2012/2012-4kyoto6.pdf,official_daily_result_pdf
201208040607,2012,京都,4,6,7,2012-10-20,https://www.jra.go.jp/datafile/seiseki/report/2012/2012-4kyoto6.pdf,official_daily_result_pdf
201208040608,2012,京都,4,6,8,2012-10-20,https://www.jra.go.jp/datafile/seiseki/report/2012/2012-4kyoto6.pdf,official_daily_result_pdf
201208040609,2012,京都,4,6,9,2012-10-20,https://www.jra.go.jp/datafile/seiseki/report/2012/2012-4kyoto6.pdf,official_daily_result_pdf
201208040610,2012,京都,4,6,10,2012-10-20,https://www.jra.go.jp/datafile/seiseki/report/2012/2012-4kyoto6.pdf,official_daily_result_pdf
201208040611,2012,京都,4,6,11,2012-10-20,https://www.jra.go.jp/datafile/seiseki/report/2012/2012-4kyoto6.pdf,official_daily_result_pdf
201208040612,2012,京都,4,6,12,2012-10-20,https://www.jra.go.jp/datafile/seiseki/report/2012/2012-4kyoto6.pdf,official_daily_result_pdf
201208040701,2012,京都,4,7,1,2012-10-21,https://www.jra.go.jp/datafile/seiseki/report/2012/2012-4kyoto7.pdf,official_daily_result_pdf
201208040702,2012,京都,4,7,2,2012-10-21,https://www.jra.go.jp/datafile/seiseki/report/2012/2012-4kyoto7.pdf,official_daily_result_pdf
201208040703,2012,京都,4,7,3,2012-10-21,https://www.jra.go.jp/datafile/seiseki/report/2012/2012-4kyoto7.pdf,official_daily_result_pdf
201208040704,2012,京都,4,7,4,2012-10-21,https://www.jra.go.jp/datafile/seiseki/report/2012/2012-4kyoto7.pdf,official_daily_result_pdf
201208040705,2012,京都,4,7,5,2012-10-21,https://www.jra.go.jp/datafile/seiseki/report/2012/2012-4kyoto7.pdf,official_daily_result_pdf
201208040706,2012,京都,4,7,6,2012-10-21,https://www.jra.go.jp/datafile/seiseki/report/2012/2012-4kyoto7.pdf,official_daily_result_pdf
201208040707,2012,京都,4,7,7,2012-10-21,https://www.jra.go.jp/datafile/seiseki/report/2012/2012-4kyoto7.pdf,official_daily_result_pdf
201208040708,2012,京都,4,7,8,2012-10-21,https://www.jra.go.jp/datafile/seiseki/report/2012/2012-4kyoto7.pdf,official_daily_result_pdf
201208040709,2012,京都,4,7,9,2012-10-21,https://www.jra.go.jp/datafile/seiseki/report/2012/2012-4kyoto7.pdf,official_daily_result_pdf
201208040710,2012,京都,4,7,10,2012-10-21,https://www.jra.go.jp/datafile/seiseki/report/2012/2012-4kyoto7.pdf,official_daily_result_pdf
201208040711,2012,京都,4,7,11,2012-10-21,https://www.jra.go.jp/datafile/seiseki/report/2012/2012-4kyoto7.pdf,official_daily_result_pdf
201208040712,2012,京都,4,7,12,2012-10-21,https://www.jra.go.jp/datafile/seiseki/report/2012/2012-4kyoto7.pdf,official_daily_result_pdf
201208040801,2012,京都,4,8,1,2012-10-27,https://www.jra.go.jp/datafile/seiseki/report/2012/2012-4kyoto8.pdf,official_daily_result_pdf
201208040802,2012,京都,4,8,2,2012-10-27,https://www.jra.go.jp/datafile/seiseki/report/2012/2012-4kyoto8.pdf,official_daily_result_pdf
201208040803,2012,京都,4,8,3,2012-10-27,https://www.jra.go.jp/datafile/seiseki/report/2012/2012-4kyoto8.pdf,official_daily_result_pdf
201208040804,2012,京都,4,8,4,2012-10-27,https://www.jra.go.jp/datafile/seiseki/report/2012/2012-4kyoto8.pdf,official_daily_result_pdf
201208040805,2012,京都,4,8,5,2012-10-27,https://www.jra.go.jp/datafile/seiseki/report/2012/2012-4kyoto8.pdf,official_daily_result_pdf
201208040806,2012,京都,4,8,6,2012-10-27,https://www.jra.go.jp/datafile/seiseki/report/2012/2012-4kyoto8.pdf,official_daily_result_pdf
201208040807,2012,京都,4,8,7,2012-10-27,https://www.jra.go.jp/datafile/seiseki/report/2012/2012-4kyoto8.pdf,official_daily_result_pdf
201208040808,2012,京都,4,8,8,2012-10-27,https://www.jra.go.jp/datafile/seiseki/report/2012/2012-4kyoto8.pdf,official_daily_result_pdf
201208040809,2012,京都,4,8,9,2012-10-27,https://www.jra.go.jp/datafile/seiseki/report/2012/2012-4kyoto8.pdf,official_daily_result_pdf
201208040810,2012,京都,4,8,10,2012-10-27,https://www.jra.go.jp/datafile/seiseki/report/2012/2012-4kyoto8.pdf,official_daily_result_pdf
201208040811,2012,京都,4,8,11,2012-10-27,https://www.jra.go.jp/datafile/seiseki/report/2012/2012-4kyoto8.pdf,official_daily_result_pdf
201208040812,2012,京都,4,8,12,2012-10-27,https://www.jra.go.jp/datafile/seiseki/report/2012/2012-4kyoto8.pdf,official_daily_result_pdf
201208040901,2012,京都,4,9,1,2012-10-28,https://www.jra.go.jp/datafile/seiseki/report/2012/2012-4kyoto9.pdf,official_daily_result_pdf
201208040902,2012,京都,4,9,2,2012-10-28,https://www.jra.go.jp/datafile/seiseki/report/2012/2012-4kyoto9.pdf,official_daily_result_pdf
201208040903,2012,京都,4,9,3,2012-10-28,https://www.jra.go.jp/datafile/seiseki/report/2012/2012-4kyoto9.pdf,official_daily_result_pdf
201208040904,2012,京都,4,9,4,2012-10-28,https://www.jra.go.jp/datafile/seiseki/report/2012/2012-4kyoto9.pdf,official_daily_result_pdf
201208040905,2012,京都,4,9,5,2012-10-28,https://www.jra.go.jp/datafile/seiseki/report/2012/2012-4kyoto9.pdf,official_daily_result_pdf
201208040906,2012,京都,4,9,6,2012-10-28,https://www.jra.go.jp/datafile/seiseki/report/2012/2012-4kyoto9.pdf,official_daily_result_pdf
201208040907,2012,京都,4,9,7,2012-10-28,https://www.jra.go.jp/datafile/seiseki/report/2012/2012-4kyoto9.pdf,official_daily_result_pdf
201208040908,2012,京都,4,9,8,2012-10-28,https://www.jra.go.jp/datafile/seiseki/report/2012/2012-4kyoto9.pdf,official_daily_result_pdf
201208040909,2012,京都,4,9,9,2012-10-28,https://www.jra.go.jp/datafile/seiseki/report/2012/2012-4kyoto9.pdf,official_daily_result_pdf
201208040910,2012,京都,4,9,10,2012-10-28,https://www.jra.go.jp/datafile/seiseki/report/2012/2012-4kyoto9.pdf,official_daily_result_pdf
201208040911,2012,京都,4,9,11,2012-10-28,https://www.jra.go.jp/datafile/seiseki/report/2012/2012-4kyoto9.pdf,official_daily_result_pdf
201208040912,2012,京都,4,9,12,2012-10-28,https://www.jra.go.jp/datafile/seiseki/report/2012/2012-4kyoto9.pdf,official_daily_result_pdf
201208050101,2012,京都,5,1,1,2012-11-03,https://www.jra.go.jp/datafile/seiseki/report/2012/2012-5kyoto1.pdf,official_daily_result_pdf
201208050102,2012,京都,5,1,2,2012-11-03,https://www.jra.go.jp/datafile/seiseki/report/2012/2012-5kyoto1.pdf,official_daily_result_pdf
201208050103,2012,京都,5,1,3,2012-11-03,https://www.jra.go.jp/datafile/seiseki/report/2012/2012-5kyoto1.pdf,official_daily_result_pdf
201208050104,2012,京都,5,1,4,2012-11-03,https://www.jra.go.jp/datafile/seiseki/report/2012/2012-5kyoto1.pdf,official_daily_result_pdf
201208050105,2012,京都,5,1,5,2012-11-03,https://www.jra.go.jp/datafile/seiseki/report/2012/2012-5kyoto1.pdf,official_daily_result_pdf
201208050106,2012,京都,5,1,6,2012-11-03,https://www.jra.go.jp/datafile/seiseki/report/2012/2012-5kyoto1.pdf,official_daily_result_pdf
201208050107,2012,京都,5,1,7,2012-11-03,https://www.jra.go.jp/datafile/seiseki/report/2012/2012-5kyoto1.pdf,official_daily_result_pdf
201208050108,2012,京都,5,1,8,2012-11-03,https://www.jra.go.jp/datafile/seiseki/report/2012/2012-5kyoto1.pdf,official_daily_result_pdf
201208050109,2012,京都,5,1,9,2012-11-03,https://www.jra.go.jp/datafile/seiseki/report/2012/2012-5kyoto1.pdf,official_daily_result_pdf
201208050110,2012,京都,5,1,10,2012-11-03,https://www.jra.go.jp/datafile/seiseki/report/2012/2012-5kyoto1.pdf,official_daily_result_pdf
201208050111,2012,京都,5,1,11,2012-11-03,https://www.jra.go.jp/datafile/seiseki/report/2012/2012-5kyoto1.pdf,official_daily_result_pdf
201208050112,2012,京都,5,1,12,2012-11-03,https://www.jra.go.jp/datafile/seiseki/report/2012/2012-5kyoto1.pdf,official_daily_result_pdf
201208050201,2012,京都,5,2,1,2012-11-04,https://www.jra.go.jp/datafile/seiseki/report/2012/2012-5kyoto2.pdf,official_daily_result_pdf
201208050202,2012,京都,5,2,2,2012-11-04,https://www.jra.go.jp/datafile/seiseki/report/2012/2012-5kyoto2.pdf,official_daily_result_pdf
201208050203,2012,京都,5,2,3,2012-11-04,https://www.jra.go.jp/datafile/seiseki/report/2012/2012-5kyoto2.pdf,official_daily_result_pdf
201208050204,2012,京都,5,2,4,2012-11-04,https://www.jra.go.jp/datafile/seiseki/report/2012/2012-5kyoto2.pdf,official_daily_result_pdf
201208050205,2012,京都,5,2,5,2012-11-04,https://www.jra.go.jp/datafile/seiseki/report/2012/2012-5kyoto2.pdf,official_daily_result_pdf
201208050206,2012,京都,5,2,6,2012-11-04,https://www.jra.go.jp/datafile/seiseki/report/2012/2012-5kyoto2.pdf,official_daily_result_pdf
201208050207,2012,京都,5,2,7,2012-11-04,https://www.jra.go.jp/datafile/seiseki/report/2012/2012-5kyoto2.pdf,official_daily_result_pdf
201208050208,2012,京都,5,2,8,2012-11-04,https://www.jra.go.jp/datafile/seiseki/report/2012/2012-5kyoto2.pdf,official_daily_result_pdf
201208050209,2012,京都,5,2,9,2012-11-04,https://www.jra.go.jp/datafile/seiseki/report/2012/2012-5kyoto2.pdf,official_daily_result_pdf
201208050210,2012,京都,5,2,10,2012-11-04,https://www.jra.go.jp/datafile/seiseki/report/2012/2012-5kyoto2.pdf,official_daily_result_pdf
201208050211,2012,京都,5,2,11,2012-11-04,https://www.jra.go.jp/datafile/seiseki/report/2012/2012-5kyoto2.pdf,official_daily_result_pdf
201208050212,2012,京都,5,2,12,2012-11-04,https://www.jra.go.jp/datafile/seiseki/report/2012/2012-5kyoto2.pdf,official_daily_result_pdf
201208050301,2012,京都,5,3,1,2012-11-10,https://www.jra.go.jp/datafile/seiseki/report/2012/2012-5kyoto3.pdf,official_daily_result_pdf
201208050302,2012,京都,5,3,2,2012-11-10,https://www.jra.go.jp/datafile/seiseki/report/2012/2012-5kyoto3.pdf,official_daily_result_pdf
201208050303,2012,京都,5,3,3,2012-11-10,https://www.jra.go.jp/datafile/seiseki/report/2012/2012-5kyoto3.pdf,official_daily_result_pdf
201208050304,2012,京都,5,3,4,2012-11-10,https://www.jra.go.jp/datafile/seiseki/report/2012/2012-5kyoto3.pdf,official_daily_result_pdf
201208050305,2012,京都,5,3,5,2012-11-10,https://www.jra.go.jp/datafile/seiseki/report/2012/2012-5kyoto3.pdf,official_daily_result_pdf
201208050306,2012,京都,5,3,6,2012-11-10,https://www.jra.go.jp/datafile/seiseki/report/2012/2012-5kyoto3.pdf,official_daily_result_pdf
201208050307,2012,京都,5,3,7,2012-11-10,https://www.jra.go.jp/datafile/seiseki/report/2012/2012-5kyoto3.pdf,official_daily_result_pdf
201208050308,2012,京都,5,3,8,2012-11-10,https://www.jra.go.jp/datafile/seiseki/report/2012/2012-5kyoto3.pdf,official_daily_result_pdf
201208050309,2012,京都,5,3,9,2012-11-10,https://www.jra.go.jp/datafile/seiseki/report/2012/2012-5kyoto3.pdf,official_daily_result_pdf
201208050310,2012,京都,5,3,10,2012-11-10,https://www.jra.go.jp/datafile/seiseki/report/2012/2012-5kyoto3.pdf,official_daily_result_pdf
201208050311,2012,京都,5,3,11,2012-11-10,https://www.jra.go.jp/datafile/seiseki/report/2012/2012-5kyoto3.pdf,official_daily_result_pdf
201208050312,2012,京都,5,3,12,2012-11-10,https://www.jra.go.jp/datafile/seiseki/report/2012/2012-5kyoto3.pdf,official_daily_result_pdf
201208050401,2012,京都,5,4,1,2012-11-11,https://www.jra.go.jp/datafile/seiseki/report/2012/2012-5kyoto4.pdf,official_daily_result_pdf
201208050402,2012,京都,5,4,2,2012-11-11,https://www.jra.go.jp/datafile/seiseki/report/2012/2012-5kyoto4.pdf,official_daily_result_pdf
201208050403,2012,京都,5,4,3,2012-11-11,https://www.jra.go.jp/datafile/seiseki/report/2012/2012-5kyoto4.pdf,official_daily_result_pdf
201208050404,2012,京都,5,4,4,2012-11-11,https://www.jra.go.jp/datafile/seiseki/report/2012/2012-5kyoto4.pdf,official_daily_result_pdf
201208050405,2012,京都,5,4,5,2012-11-11,https://www.jra.go.jp/datafile/seiseki/report/2012/2012-5kyoto4.pdf,official_daily_result_pdf
201208050406,2012,京都,5,4,6,2012-11-11,https://www.jra.go.jp/datafile/seiseki/report/2012/2012-5kyoto4.pdf,official_daily_result_pdf
201208050407,2012,京都,5,4,7,2012-11-11,https://www.jra.go.jp/datafile/seiseki/report/2012/2012-5kyoto4.pdf,official_daily_result_pdf
201208050408,2012,京都,5,4,8,2012-11-11,https://www.jra.go.jp/datafile/seiseki/report/2012/2012-5kyoto4.pdf,official_daily_result_pdf
201208050409,2012,京都,5,4,9,2012-11-11,https://www.jra.go.jp/datafile/seiseki/report/2012/2012-5kyoto4.pdf,official_daily_result_pdf
201208050410,2012,京都,5,4,10,2012-11-11,https://www.jra.go.jp/datafile/seiseki/report/2012/2012-5kyoto4.pdf,official_daily_result_pdf
201208050411,2012,京都,5,4,11,2012-11-11,https://www.jra.go.jp/datafile/seiseki/report/2012/2012-5kyoto4.pdf,official_daily_result_pdf
201208050412,2012,京都,5,4,12,2012-11-11,https://www.jra.go.jp/datafile/seiseki/report/2012/2012-5kyoto4.pdf,official_daily_result_pdf
201208050501,2012,京都,5,5,1,2012-11-17,https://www.jra.go.jp/datafile/seiseki/report/2012/2012-5kyoto5.pdf,official_daily_result_pdf
201208050502,2012,京都,5,5,2,2012-11-17,https://www.jra.go.jp/datafile/seiseki/report/2012/2012-5kyoto5.pdf,official_daily_result_pdf
201208050503,2012,京都,5,5,3,2012-11-17,https://www.jra.go.jp/datafile/seiseki/report/2012/2012-5kyoto5.pdf,official_daily_result_pdf
201208050504,2012,京都,5,5,4,2012-11-17,https://www.jra.go.jp/datafile/seiseki/report/2012/2012-5kyoto5.pdf,official_daily_result_pdf
201208050505,2012,京都,5,5,5,2012-11-17,https://www.jra.go.jp/datafile/seiseki/report/2012/2012-5kyoto5.pdf,official_daily_result_pdf
201208050506,2012,京都,5,5,6,2012-11-17,https://www.jra.go.jp/datafile/seiseki/report/2012/2012-5kyoto5.pdf,official_daily_result_pdf
201208050507,2012,京都,5,5,7,2012-11-17,https://www.jra.go.jp/datafile/seiseki/report/2012/2012-5kyoto5.pdf,official_daily_result_pdf
201208050508,2012,京都,5,5,8,2012-11-17,https://www.jra.go.jp/datafile/seiseki/report/2012/2012-5kyoto5.pdf,official_daily_result_pdf
201208050509,2012,京都,5,5,9,2012-11-17,https://www.jra.go.jp/datafile/seiseki/report/2012/2012-5kyoto5.pdf,official_daily_result_pdf
201208050510,2012,京都,5,5,10,2012-11-17,https://www.jra.go.jp/datafile/seiseki/report/2012/2012-5kyoto5.pdf,official_daily_result_pdf
201208050511,2012,京都,5,5,11,2012-11-17,https://www.jra.go.jp/datafile/seiseki/report/2012/2012-5kyoto5.pdf,official_daily_result_pdf
201208050512,2012,京都,5,5,12,2012-11-17,https://www.jra.go.jp/datafile/seiseki/report/2012/2012-5kyoto5.pdf,official_daily_result_pdf
201208050601,2012,京都,5,6,1,2012-11-18,https://www.jra.go.jp/datafile/seiseki/report/2012/2012-5kyoto6.pdf,official_daily_result_pdf
201208050602,2012,京都,5,6,2,2012-11-18,https://www.jra.go.jp/datafile/seiseki/report/2012/2012-5kyoto6.pdf,official_daily_result_pdf
201208050603,2012,京都,5,6,3,2012-11-18,https://www.jra.go.jp/datafile/seiseki/report/2012/2012-5kyoto6.pdf,official_daily_result_pdf
201208050604,2012,京都,5,6,4,2012-11-18,https://www.jra.go.jp/datafile/seiseki/report/2012/2012-5kyoto6.pdf,official_daily_result_pdf
201208050605,2012,京都,5,6,5,2012-11-18,https://www.jra.go.jp/datafile/seiseki/report/2012/2012-5kyoto6.pdf,official_daily_result_pdf
201208050606,2012,京都,5,6,6,2012-11-18,https://www.jra.go.jp/datafile/seiseki/report/2012/2012-5kyoto6.pdf,official_daily_result_pdf
201208050607,2012,京都,5,6,7,2012-11-18,https://www.jra.go.jp/datafile/seiseki/report/2012/2012-5kyoto6.pdf,official_daily_result_pdf
201208050608,2012,京都,5,6,8,2012-11-18,https://www.jra.go.jp/datafile/seiseki/report/2012/2012-5kyoto6.pdf,official_daily_result_pdf
201208050609,2012,京都,5,6,9,2012-11-18,https://www.jra.go.jp/datafile/seiseki/report/2012/2012-5kyoto6.pdf,official_daily_result_pdf
201208050610,2012,京都,5,6,10,2012-11-18,https://www.jra.go.jp/datafile/seiseki/report/2012/2012-5kyoto6.pdf,official_daily_result_pdf
201208050611,2012,京都,5,6,11,2012-11-18,https://www.jra.go.jp/datafile/seiseki/report/2012/2012-5kyoto6.pdf,official_daily_result_pdf
201208050612,2012,京都,5,6,12,2012-11-18,https://www.jra.go.jp/datafile/seiseki/report/2012/2012-5kyoto6.pdf,official_daily_result_pdf
201208050701,2012,京都,5,7,1,2012-11-24,https://www.jra.go.jp/datafile/seiseki/report/2012/2012-5kyoto7.pdf,official_daily_result_pdf
201208050702,2012,京都,5,7,2,2012-11-24,https://www.jra.go.jp/datafile/seiseki/report/2012/2012-5kyoto7.pdf,official_daily_result_pdf
201208050703,2012,京都,5,7,3,2012-11-24,https://www.jra.go.jp/datafile/seiseki/report/2012/2012-5kyoto7.pdf,official_daily_result_pdf
201208050704,2012,京都,5,7,4,2012-11-24,https://www.jra.go.jp/datafile/seiseki/report/2012/2012-5kyoto7.pdf,official_daily_result_pdf
201208050705,2012,京都,5,7,5,2012-11-24,https://www.jra.go.jp/datafile/seiseki/report/2012/2012-5kyoto7.pdf,official_daily_result_pdf
201208050706,2012,京都,5,7,6,2012-11-24,https://www.jra.go.jp/datafile/seiseki/report/2012/2012-5kyoto7.pdf,official_daily_result_pdf
201208050707,2012,京都,5,7,7,2012-11-24,https://www.jra.go.jp/datafile/seiseki/report/2012/2012-5kyoto7.pdf,official_daily_result_pdf
201208050708,2012,京都,5,7,8,2012-11-24,https://www.jra.go.jp/datafile/seiseki/report/2012/2012-5kyoto7.pdf,official_daily_result_pdf
201208050709,2012,京都,5,7,9,2012-11-24,https://www.jra.go.jp/datafile/seiseki/report/2012/2012-5kyoto7.pdf,official_daily_result_pdf
201208050710,2012,京都,5,7,10,2012-11-24,https://www.jra.go.jp/datafile/seiseki/report/2012/2012-5kyoto7.pdf,official_daily_result_pdf
201208050711,2012,京都,5,7,11,2012-11-24,https://www.jra.go.jp/datafile/seiseki/report/2012/2012-5kyoto7.pdf,official_daily_result_pdf
201208050712,2012,京都,5,7,12,2012-11-24,https://www.jra.go.jp/datafile/seiseki/report/2012/2012-5kyoto7.pdf,official_daily_result_pdf
201208050801,2012,京都,5,8,1,2012-11-25,https://www.jra.go.jp/datafile/seiseki/report/2012/2012-5kyoto8.pdf,official_daily_result_pdf
201208050802,2012,京都,5,8,2,2012-11-25,https://www.jra.go.jp/datafile/seiseki/report/2012/2012-5kyoto8.pdf,official_daily_result_pdf
201208050803,2012,京都,5,8,3,2012-11-25,https://www.jra.go.jp/datafile/seiseki/report/2012/2012-5kyoto8.pdf,official_daily_result_pdf
201208050804,2012,京都,5,8,4,2012-11-25,https://www.jra.go.jp/datafile/seiseki/report/2012/2012-5kyoto8.pdf,official_daily_result_pdf
201208050805,2012,京都,5,8,5,2012-11-25,https://www.jra.go.jp/datafile/seiseki/report/2012/2012-5kyoto8.pdf,official_daily_result_pdf
201208050806,2012,京都,5,8,6,2012-11-25,https://www.jra.go.jp/datafile/seiseki/report/2012/2012-5kyoto8.pdf,official_daily_result_pdf
201208050807,2012,京都,5,8,7,2012-11-25,https://www.jra.go.jp/datafile/seiseki/report/2012/2012-5kyoto8.pdf,official_daily_result_pdf
201208050808,2012,京都,5,8,8,2012-11-25,https://www.jra.go.jp/datafile/seiseki/report/2012/2012-5kyoto8.pdf,official_daily_result_pdf
201208050809,2012,京都,5,8,9,2012-11-25,https://www.jra.go.jp/datafile/seiseki/report/2012/2012-5kyoto8.pdf,official_daily_result_pdf
201208050810,2012,京都,5,8,10,2012-11-25,https://www.jra.go.jp/datafile/seiseki/report/2012/2012-5kyoto8.pdf,official_daily_result_pdf
201208050811,2012,京都,5,8,11,2012-11-25,https://www.jra.go.jp/datafile/seiseki/report/2012/2012-5kyoto8.pdf,official_daily_result_pdf
201208050812,2012,京都,5,8,12,2012-11-25,https://www.jra.go.jp/datafile/seiseki/report/2012/2012-5kyoto8.pdf,official_daily_result_pdf
201209010101,2012,阪神,1,1,1,2012-02-25,https://www.jra.go.jp/datafile/seiseki/report/2012/2012-1hanshin1.pdf,official_daily_result_pdf
201209010102,2012,阪神,1,1,2,2012-02-25,https://www.jra.go.jp/datafile/seiseki/report/2012/2012-1hanshin1.pdf,official_daily_result_pdf
201209010103,2012,阪神,1,1,3,2012-02-25,https://www.jra.go.jp/datafile/seiseki/report/2012/2012-1hanshin1.pdf,official_daily_result_pdf
201209010104,2012,阪神,1,1,4,2012-02-25,https://www.jra.go.jp/datafile/seiseki/report/2012/2012-1hanshin1.pdf,official_daily_result_pdf
201209010105,2012,阪神,1,1,5,2012-02-25,https://www.jra.go.jp/datafile/seiseki/report/2012/2012-1hanshin1.pdf,official_daily_result_pdf
201209010106,2012,阪神,1,1,6,2012-02-25,https://www.jra.go.jp/datafile/seiseki/report/2012/2012-1hanshin1.pdf,official_daily_result_pdf
201209010107,2012,阪神,1,1,7,2012-02-25,https://www.jra.go.jp/datafile/seiseki/report/2012/2012-1hanshin1.pdf,official_daily_result_pdf
201209010108,2012,阪神,1,1,8,2012-02-25,https://www.jra.go.jp/datafile/seiseki/report/2012/2012-1hanshin1.pdf,official_daily_result_pdf
201209010109,2012,阪神,1,1,9,2012-02-25,https://www.jra.go.jp/datafile/seiseki/report/2012/2012-1hanshin1.pdf,official_daily_result_pdf
201209010110,2012,阪神,1,1,10,2012-02-25,https://www.jra.go.jp/datafile/seiseki/report/2012/2012-1hanshin1.pdf,official_daily_result_pdf
201209010111,2012,阪神,1,1,11,2012-02-25,https://www.jra.go.jp/datafile/seiseki/report/2012/2012-1hanshin1.pdf,official_daily_result_pdf
201209010112,2012,阪神,1,1,12,2012-02-25,https://www.jra.go.jp/datafile/seiseki/report/2012/2012-1hanshin1.pdf,official_daily_result_pdf
201209010201,2012,阪神,1,2,1,2012-02-26,https://www.jra.go.jp/datafile/seiseki/report/2012/2012-1hanshin2.pdf,official_daily_result_pdf
201209010202,2012,阪神,1,2,2,2012-02-26,https://www.jra.go.jp/datafile/seiseki/report/2012/2012-1hanshin2.pdf,official_daily_result_pdf
201209010203,2012,阪神,1,2,3,2012-02-26,https://www.jra.go.jp/datafile/seiseki/report/2012/2012-1hanshin2.pdf,official_daily_result_pdf
201209010204,2012,阪神,1,2,4,2012-02-26,https://www.jra.go.jp/datafile/seiseki/report/2012/2012-1hanshin2.pdf,official_daily_result_pdf
201209010205,2012,阪神,1,2,5,2012-02-26,https://www.jra.go.jp/datafile/seiseki/report/2012/2012-1hanshin2.pdf,official_daily_result_pdf
201209010206,2012,阪神,1,2,6,2012-02-26,https://www.jra.go.jp/datafile/seiseki/report/2012/2012-1hanshin2.pdf,official_daily_result_pdf
201209010207,2012,阪神,1,2,7,2012-02-26,https://www.jra.go.jp/datafile/seiseki/report/2012/2012-1hanshin2.pdf,official_daily_result_pdf
201209010208,2012,阪神,1,2,8,2012-02-26,https://www.jra.go.jp/datafile/seiseki/report/2012/2012-1hanshin2.pdf,official_daily_result_pdf
201209010209,2012,阪神,1,2,9,2012-02-26,https://www.jra.go.jp/datafile/seiseki/report/2012/2012-1hanshin2.pdf,official_daily_result_pdf
201209010210,2012,阪神,1,2,10,2012-02-26,https://www.jra.go.jp/datafile/seiseki/report/2012/2012-1hanshin2.pdf,official_daily_result_pdf
201209010211,2012,阪神,1,2,11,2012-02-26,https://www.jra.go.jp/datafile/seiseki/report/2012/2012-1hanshin2.pdf,official_daily_result_pdf
201209010212,2012,阪神,1,2,12,2012-02-26,https://www.jra.go.jp/datafile/seiseki/report/2012/2012-1hanshin2.pdf,official_daily_result_pdf
201209010301,2012,阪神,1,3,1,2012-03-03,https://www.jra.go.jp/datafile/seiseki/report/2012/2012-1hanshin3.pdf,official_daily_result_pdf
201209010302,2012,阪神,1,3,2,2012-03-03,https://www.jra.go.jp/datafile/seiseki/report/2012/2012-1hanshin3.pdf,official_daily_result_pdf
201209010303,2012,阪神,1,3,3,2012-03-03,https://www.jra.go.jp/datafile/seiseki/report/2012/2012-1hanshin3.pdf,official_daily_result_pdf
201209010304,2012,阪神,1,3,4,2012-03-03,https://www.jra.go.jp/datafile/seiseki/report/2012/2012-1hanshin3.pdf,official_daily_result_pdf
201209010305,2012,阪神,1,3,5,2012-03-03,https://www.jra.go.jp/datafile/seiseki/report/2012/2012-1hanshin3.pdf,official_daily_result_pdf
201209010306,2012,阪神,1,3,6,2012-03-03,https://www.jra.go.jp/datafile/seiseki/report/2012/2012-1hanshin3.pdf,official_daily_result_pdf
201209010307,2012,阪神,1,3,7,2012-03-03,https://www.jra.go.jp/datafile/seiseki/report/2012/2012-1hanshin3.pdf,official_daily_result_pdf
201209010308,2012,阪神,1,3,8,2012-03-03,https://www.jra.go.jp/datafile/seiseki/report/2012/2012-1hanshin3.pdf,official_daily_result_pdf
201209010309,2012,阪神,1,3,9,2012-03-03,https://www.jra.go.jp/datafile/seiseki/report/2012/2012-1hanshin3.pdf,official_daily_result_pdf
201209010310,2012,阪神,1,3,10,2012-03-03,https://www.jra.go.jp/datafile/seiseki/report/2012/2012-1hanshin3.pdf,official_daily_result_pdf
201209010311,2012,阪神,1,3,11,2012-03-03,https://www.jra.go.jp/datafile/seiseki/report/2012/2012-1hanshin3.pdf,official_daily_result_pdf
201209010312,2012,阪神,1,3,12,2012-03-03,https://www.jra.go.jp/datafile/seiseki/report/2012/2012-1hanshin3.pdf,official_daily_result_pdf
201209010401,2012,阪神,1,4,1,2012-03-04,https://www.jra.go.jp/datafile/seiseki/report/2012/2012-1hanshin4.pdf,official_daily_result_pdf
201209010402,2012,阪神,1,4,2,2012-03-04,https://www.jra.go.jp/datafile/seiseki/report/2012/2012-1hanshin4.pdf,official_daily_result_pdf
201209010403,2012,阪神,1,4,3,2012-03-04,https://www.jra.go.jp/datafile/seiseki/report/2012/2012-1hanshin4.pdf,official_daily_result_pdf
201209010404,2012,阪神,1,4,4,2012-03-04,https://www.jra.go.jp/datafile/seiseki/report/2012/2012-1hanshin4.pdf,official_daily_result_pdf
201209010405,2012,阪神,1,4,5,2012-03-04,https://www.jra.go.jp/datafile/seiseki/report/2012/2012-1hanshin4.pdf,official_daily_result_pdf
201209010406,2012,阪神,1,4,6,2012-03-04,https://www.jra.go.jp/datafile/seiseki/report/2012/2012-1hanshin4.pdf,official_daily_result_pdf
201209010407,2012,阪神,1,4,7,2012-03-04,https://www.jra.go.jp/datafile/seiseki/report/2012/2012-1hanshin4.pdf,official_daily_result_pdf
201209010408,2012,阪神,1,4,8,2012-03-04,https://www.jra.go.jp/datafile/seiseki/report/2012/2012-1hanshin4.pdf,official_daily_result_pdf
201209010409,2012,阪神,1,4,9,2012-03-04,https://www.jra.go.jp/datafile/seiseki/report/2012/2012-1hanshin4.pdf,official_daily_result_pdf
201209010410,2012,阪神,1,4,10,2012-03-04,https://www.jra.go.jp/datafile/seiseki/report/2012/2012-1hanshin4.pdf,official_daily_result_pdf
201209010411,2012,阪神,1,4,11,2012-03-04,https://www.jra.go.jp/datafile/seiseki/report/2012/2012-1hanshin4.pdf,official_daily_result_pdf
201209010412,2012,阪神,1,4,12,2012-03-04,https://www.jra.go.jp/datafile/seiseki/report/2012/2012-1hanshin4.pdf,official_daily_result_pdf
201209010501,2012,阪神,1,5,1,2012-03-10,https://www.jra.go.jp/datafile/seiseki/report/2012/2012-1hanshin5.pdf,official_daily_result_pdf
201209010502,2012,阪神,1,5,2,2012-03-10,https://www.jra.go.jp/datafile/seiseki/report/2012/2012-1hanshin5.pdf,official_daily_result_pdf
201209010503,2012,阪神,1,5,3,2012-03-10,https://www.jra.go.jp/datafile/seiseki/report/2012/2012-1hanshin5.pdf,official_daily_result_pdf
201209010504,2012,阪神,1,5,4,2012-03-10,https://www.jra.go.jp/datafile/seiseki/report/2012/2012-1hanshin5.pdf,official_daily_result_pdf
201209010505,2012,阪神,1,5,5,2012-03-10,https://www.jra.go.jp/datafile/seiseki/report/2012/2012-1hanshin5.pdf,official_daily_result_pdf
201209010506,2012,阪神,1,5,6,2012-03-10,https://www.jra.go.jp/datafile/seiseki/report/2012/2012-1hanshin5.pdf,official_daily_result_pdf
201209010507,2012,阪神,1,5,7,2012-03-10,https://www.jra.go.jp/datafile/seiseki/report/2012/2012-1hanshin5.pdf,official_daily_result_pdf
201209010508,2012,阪神,1,5,8,2012-03-10,https://www.jra.go.jp/datafile/seiseki/report/2012/2012-1hanshin5.pdf,official_daily_result_pdf
201209010509,2012,阪神,1,5,9,2012-03-10,https://www.jra.go.jp/datafile/seiseki/report/2012/2012-1hanshin5.pdf,official_daily_result_pdf
201209010510,2012,阪神,1,5,10,2012-03-10,https://www.jra.go.jp/datafile/seiseki/report/2012/2012-1hanshin5.pdf,official_daily_result_pdf
201209010511,2012,阪神,1,5,11,2012-03-10,https://www.jra.go.jp/datafile/seiseki/report/2012/2012-1hanshin5.pdf,official_daily_result_pdf
201209010512,2012,阪神,1,5,12,2012-03-10,https://www.jra.go.jp/datafile/seiseki/report/2012/2012-1hanshin5.pdf,official_daily_result_pdf
201209010601,2012,阪神,1,6,1,2012-03-11,https://www.jra.go.jp/datafile/seiseki/report/2012/2012-1hanshin6.pdf,official_daily_result_pdf
201209010602,2012,阪神,1,6,2,2012-03-11,https://www.jra.go.jp/datafile/seiseki/report/2012/2012-1hanshin6.pdf,official_daily_result_pdf
201209010603,2012,阪神,1,6,3,2012-03-11,https://www.jra.go.jp/datafile/seiseki/report/2012/2012-1hanshin6.pdf,official_daily_result_pdf
201209010604,2012,阪神,1,6,4,2012-03-11,https://www.jra.go.jp/datafile/seiseki/report/2012/2012-1hanshin6.pdf,official_daily_result_pdf
201209010605,2012,阪神,1,6,5,2012-03-11,https://www.jra.go.jp/datafile/seiseki/report/2012/2012-1hanshin6.pdf,official_daily_result_pdf
201209010606,2012,阪神,1,6,6,2012-03-11,https://www.jra.go.jp/datafile/seiseki/report/2012/2012-1hanshin6.pdf,official_daily_result_pdf
201209010607,2012,阪神,1,6,7,2012-03-11,https://www.jra.go.jp/datafile/seiseki/report/2012/2012-1hanshin6.pdf,official_daily_result_pdf
201209010608,2012,阪神,1,6,8,2012-03-11,https://www.jra.go.jp/datafile/seiseki/report/2012/2012-1hanshin6.pdf,official_daily_result_pdf
201209010609,2012,阪神,1,6,9,2012-03-11,https://www.jra.go.jp/datafile/seiseki/report/2012/2012-1hanshin6.pdf,official_daily_result_pdf
201209010610,2012,阪神,1,6,10,2012-03-11,https://www.jra.go.jp/datafile/seiseki/report/2012/2012-1hanshin6.pdf,official_daily_result_pdf
201209010611,2012,阪神,1,6,11,2012-03-11,https://www.jra.go.jp/datafile/seiseki/report/2012/2012-1hanshin6.pdf,official_daily_result_pdf
201209010612,2012,阪神,1,6,12,2012-03-11,https://www.jra.go.jp/datafile/seiseki/report/2012/2012-1hanshin6.pdf,official_daily_result_pdf
201209010701,2012,阪神,1,7,1,2012-03-17,https://www.jra.go.jp/datafile/seiseki/report/2012/2012-1hanshin7.pdf,official_daily_result_pdf
201209010702,2012,阪神,1,7,2,2012-03-17,https://www.jra.go.jp/datafile/seiseki/report/2012/2012-1hanshin7.pdf,official_daily_result_pdf
201209010703,2012,阪神,1,7,3,2012-03-17,https://www.jra.go.jp/datafile/seiseki/report/2012/2012-1hanshin7.pdf,official_daily_result_pdf
201209010704,2012,阪神,1,7,4,2012-03-17,https://www.jra.go.jp/datafile/seiseki/report/2012/2012-1hanshin7.pdf,official_daily_result_pdf
201209010705,2012,阪神,1,7,5,2012-03-17,https://www.jra.go.jp/datafile/seiseki/report/2012/2012-1hanshin7.pdf,official_daily_result_pdf
201209010706,2012,阪神,1,7,6,2012-03-17,https://www.jra.go.jp/datafile/seiseki/report/2012/2012-1hanshin7.pdf,official_daily_result_pdf
201209010707,2012,阪神,1,7,7,2012-03-17,https://www.jra.go.jp/datafile/seiseki/report/2012/2012-1hanshin7.pdf,official_daily_result_pdf
201209010708,2012,阪神,1,7,8,2012-03-17,https://www.jra.go.jp/datafile/seiseki/report/2012/2012-1hanshin7.pdf,official_daily_result_pdf
201209010709,2012,阪神,1,7,9,2012-03-17,https://www.jra.go.jp/datafile/seiseki/report/2012/2012-1hanshin7.pdf,official_daily_result_pdf
201209010710,2012,阪神,1,7,10,2012-03-17,https://www.jra.go.jp/datafile/seiseki/report/2012/2012-1hanshin7.pdf,official_daily_result_pdf
201209010711,2012,阪神,1,7,11,2012-03-17,https://www.jra.go.jp/datafile/seiseki/report/2012/2012-1hanshin7.pdf,official_daily_result_pdf
201209010712,2012,阪神,1,7,12,2012-03-17,https://www.jra.go.jp/datafile/seiseki/report/2012/2012-1hanshin7.pdf,official_daily_result_pdf
201209010801,2012,阪神,1,8,1,2012-03-18,https://www.jra.go.jp/datafile/seiseki/report/2012/2012-1hanshin8.pdf,official_daily_result_pdf
201209010802,2012,阪神,1,8,2,2012-03-18,https://www.jra.go.jp/datafile/seiseki/report/2012/2012-1hanshin8.pdf,official_daily_result_pdf
201209010803,2012,阪神,1,8,3,2012-03-18,https://www.jra.go.jp/datafile/seiseki/report/2012/2012-1hanshin8.pdf,official_daily_result_pdf
201209010804,2012,阪神,1,8,4,2012-03-18,https://www.jra.go.jp/datafile/seiseki/report/2012/2012-1hanshin8.pdf,official_daily_result_pdf
201209010805,2012,阪神,1,8,5,2012-03-18,https://www.jra.go.jp/datafile/seiseki/report/2012/2012-1hanshin8.pdf,official_daily_result_pdf
201209010806,2012,阪神,1,8,6,2012-03-18,https://www.jra.go.jp/datafile/seiseki/report/2012/2012-1hanshin8.pdf,official_daily_result_pdf
201209010807,2012,阪神,1,8,7,2012-03-18,https://www.jra.go.jp/datafile/seiseki/report/2012/2012-1hanshin8.pdf,official_daily_result_pdf
201209010808,2012,阪神,1,8,8,2012-03-18,https://www.jra.go.jp/datafile/seiseki/report/2012/2012-1hanshin8.pdf,official_daily_result_pdf
201209010809,2012,阪神,1,8,9,2012-03-18,https://www.jra.go.jp/datafile/seiseki/report/2012/2012-1hanshin8.pdf,official_daily_result_pdf
201209010810,2012,阪神,1,8,10,2012-03-18,https://www.jra.go.jp/datafile/seiseki/report/2012/2012-1hanshin8.pdf,official_daily_result_pdf
201209010811,2012,阪神,1,8,11,2012-03-18,https://www.jra.go.jp/datafile/seiseki/report/2012/2012-1hanshin8.pdf,official_daily_result_pdf
201209010812,2012,阪神,1,8,12,2012-03-18,https://www.jra.go.jp/datafile/seiseki/report/2012/2012-1hanshin8.pdf,official_daily_result_pdf
201209020101,2012,阪神,2,1,1,2012-03-24,https://www.jra.go.jp/datafile/seiseki/report/2012/2012-2hanshin1.pdf,official_daily_result_pdf
201209020102,2012,阪神,2,1,2,2012-03-24,https://www.jra.go.jp/datafile/seiseki/report/2012/2012-2hanshin1.pdf,official_daily_result_pdf
201209020103,2012,阪神,2,1,3,2012-03-24,https://www.jra.go.jp/datafile/seiseki/report/2012/2012-2hanshin1.pdf,official_daily_result_pdf
201209020104,2012,阪神,2,1,4,2012-03-24,https://www.jra.go.jp/datafile/seiseki/report/2012/2012-2hanshin1.pdf,official_daily_result_pdf
201209020105,2012,阪神,2,1,5,2012-03-24,https://www.jra.go.jp/datafile/seiseki/report/2012/2012-2hanshin1.pdf,official_daily_result_pdf
201209020106,2012,阪神,2,1,6,2012-03-24,https://www.jra.go.jp/datafile/seiseki/report/2012/2012-2hanshin1.pdf,official_daily_result_pdf
201209020107,2012,阪神,2,1,7,2012-03-24,https://www.jra.go.jp/datafile/seiseki/report/2012/2012-2hanshin1.pdf,official_daily_result_pdf
201209020108,2012,阪神,2,1,8,2012-03-24,https://www.jra.go.jp/datafile/seiseki/report/2012/2012-2hanshin1.pdf,official_daily_result_pdf
201209020109,2012,阪神,2,1,9,2012-03-24,https://www.jra.go.jp/datafile/seiseki/report/2012/2012-2hanshin1.pdf,official_daily_result_pdf
201209020110,2012,阪神,2,1,10,2012-03-24,https://www.jra.go.jp/datafile/seiseki/report/2012/2012-2hanshin1.pdf,official_daily_result_pdf
201209020111,2012,阪神,2,1,11,2012-03-24,https://www.jra.go.jp/datafile/seiseki/report/2012/2012-2hanshin1.pdf,official_daily_result_pdf
201209020112,2012,阪神,2,1,12,2012-03-24,https://www.jra.go.jp/datafile/seiseki/report/2012/2012-2hanshin1.pdf,official_daily_result_pdf
201209020201,2012,阪神,2,2,1,2012-03-25,https://www.jra.go.jp/datafile/seiseki/report/2012/2012-2hanshin2.pdf,official_daily_result_pdf
201209020202,2012,阪神,2,2,2,2012-03-25,https://www.jra.go.jp/datafile/seiseki/report/2012/2012-2hanshin2.pdf,official_daily_result_pdf
201209020203,2012,阪神,2,2,3,2012-03-25,https://www.jra.go.jp/datafile/seiseki/report/2012/2012-2hanshin2.pdf,official_daily_result_pdf
201209020204,2012,阪神,2,2,4,2012-03-25,https://www.jra.go.jp/datafile/seiseki/report/2012/2012-2hanshin2.pdf,official_daily_result_pdf
201209020205,2012,阪神,2,2,5,2012-03-25,https://www.jra.go.jp/datafile/seiseki/report/2012/2012-2hanshin2.pdf,official_daily_result_pdf
201209020206,2012,阪神,2,2,6,2012-03-25,https://www.jra.go.jp/datafile/seiseki/report/2012/2012-2hanshin2.pdf,official_daily_result_pdf
201209020207,2012,阪神,2,2,7,2012-03-25,https://www.jra.go.jp/datafile/seiseki/report/2012/2012-2hanshin2.pdf,official_daily_result_pdf
201209020208,2012,阪神,2,2,8,2012-03-25,https://www.jra.go.jp/datafile/seiseki/report/2012/2012-2hanshin2.pdf,official_daily_result_pdf
201209020209,2012,阪神,2,2,9,2012-03-25,https://www.jra.go.jp/datafile/seiseki/report/2012/2012-2hanshin2.pdf,official_daily_result_pdf
201209020210,2012,阪神,2,2,10,2012-03-25,https://www.jra.go.jp/datafile/seiseki/report/2012/2012-2hanshin2.pdf,official_daily_result_pdf
201209020211,2012,阪神,2,2,11,2012-03-25,https://www.jra.go.jp/datafile/seiseki/report/2012/2012-2hanshin2.pdf,official_daily_result_pdf
201209020212,2012,阪神,2,2,12,2012-03-25,https://www.jra.go.jp/datafile/seiseki/report/2012/2012-2hanshin2.pdf,official_daily_result_pdf
201209020301,2012,阪神,2,3,1,2012-03-31,https://www.jra.go.jp/datafile/seiseki/report/2012/2012-2hanshin3.pdf,official_daily_result_pdf
201209020302,2012,阪神,2,3,2,2012-03-31,https://www.jra.go.jp/datafile/seiseki/report/2012/2012-2hanshin3.pdf,official_daily_result_pdf
201209020303,2012,阪神,2,3,3,2012-03-31,https://www.jra.go.jp/datafile/seiseki/report/2012/2012-2hanshin3.pdf,official_daily_result_pdf
201209020304,2012,阪神,2,3,4,2012-03-31,https://www.jra.go.jp/datafile/seiseki/report/2012/2012-2hanshin3.pdf,official_daily_result_pdf
201209020305,2012,阪神,2,3,5,2012-03-31,https://www.jra.go.jp/datafile/seiseki/report/2012/2012-2hanshin3.pdf,official_daily_result_pdf
201209020306,2012,阪神,2,3,6,2012-03-31,https://www.jra.go.jp/datafile/seiseki/report/2012/2012-2hanshin3.pdf,official_daily_result_pdf
201209020307,2012,阪神,2,3,7,2012-03-31,https://www.jra.go.jp/datafile/seiseki/report/2012/2012-2hanshin3.pdf,official_daily_result_pdf
201209020308,2012,阪神,2,3,8,2012-03-31,https://www.jra.go.jp/datafile/seiseki/report/2012/2012-2hanshin3.pdf,official_daily_result_pdf
201209020309,2012,阪神,2,3,9,2012-03-31,https://www.jra.go.jp/datafile/seiseki/report/2012/2012-2hanshin3.pdf,official_daily_result_pdf
201209020310,2012,阪神,2,3,10,2012-03-31,https://www.jra.go.jp/datafile/seiseki/report/2012/2012-2hanshin3.pdf,official_daily_result_pdf
201209020311,2012,阪神,2,3,11,2012-03-31,https://www.jra.go.jp/datafile/seiseki/report/2012/2012-2hanshin3.pdf,official_daily_result_pdf
201209020312,2012,阪神,2,3,12,2012-03-31,https://www.jra.go.jp/datafile/seiseki/report/2012/2012-2hanshin3.pdf,official_daily_result_pdf
201209020401,2012,阪神,2,4,1,2012-04-01,https://www.jra.go.jp/datafile/seiseki/report/2012/2012-2hanshin4.pdf,official_daily_result_pdf
201209020402,2012,阪神,2,4,2,2012-04-01,https://www.jra.go.jp/datafile/seiseki/report/2012/2012-2hanshin4.pdf,official_daily_result_pdf
201209020403,2012,阪神,2,4,3,2012-04-01,https://www.jra.go.jp/datafile/seiseki/report/2012/2012-2hanshin4.pdf,official_daily_result_pdf
201209020404,2012,阪神,2,4,4,2012-04-01,https://www.jra.go.jp/datafile/seiseki/report/2012/2012-2hanshin4.pdf,official_daily_result_pdf
201209020405,2012,阪神,2,4,5,2012-04-01,https://www.jra.go.jp/datafile/seiseki/report/2012/2012-2hanshin4.pdf,official_daily_result_pdf
201209020406,2012,阪神,2,4,6,2012-04-01,https://www.jra.go.jp/datafile/seiseki/report/2012/2012-2hanshin4.pdf,official_daily_result_pdf
201209020407,2012,阪神,2,4,7,2012-04-01,https://www.jra.go.jp/datafile/seiseki/report/2012/2012-2hanshin4.pdf,official_daily_result_pdf
201209020408,2012,阪神,2,4,8,2012-04-01,https://www.jra.go.jp/datafile/seiseki/report/2012/2012-2hanshin4.pdf,official_daily_result_pdf
201209020409,2012,阪神,2,4,9,2012-04-01,https://www.jra.go.jp/datafile/seiseki/report/2012/2012-2hanshin4.pdf,official_daily_result_pdf
201209020410,2012,阪神,2,4,10,2012-04-01,https://www.jra.go.jp/datafile/seiseki/report/2012/2012-2hanshin4.pdf,official_daily_result_pdf
201209020411,2012,阪神,2,4,11,2012-04-01,https://www.jra.go.jp/datafile/seiseki/report/2012/2012-2hanshin4.pdf,official_daily_result_pdf
201209020412,2012,阪神,2,4,12,2012-04-01,https://www.jra.go.jp/datafile/seiseki/report/2012/2012-2hanshin4.pdf,official_daily_result_pdf
201209020501,2012,阪神,2,5,1,2012-04-07,https://www.jra.go.jp/datafile/seiseki/report/2012/2012-2hanshin5.pdf,official_daily_result_pdf
201209020502,2012,阪神,2,5,2,2012-04-07,https://www.jra.go.jp/datafile/seiseki/report/2012/2012-2hanshin5.pdf,official_daily_result_pdf
201209020503,2012,阪神,2,5,3,2012-04-07,https://www.jra.go.jp/datafile/seiseki/report/2012/2012-2hanshin5.pdf,official_daily_result_pdf
201209020504,2012,阪神,2,5,4,2012-04-07,https://www.jra.go.jp/datafile/seiseki/report/2012/2012-2hanshin5.pdf,official_daily_result_pdf
201209020505,2012,阪神,2,5,5,2012-04-07,https://www.jra.go.jp/datafile/seiseki/report/2012/2012-2hanshin5.pdf,official_daily_result_pdf
201209020506,2012,阪神,2,5,6,2012-04-07,https://www.jra.go.jp/datafile/seiseki/report/2012/2012-2hanshin5.pdf,official_daily_result_pdf
201209020507,2012,阪神,2,5,7,2012-04-07,https://www.jra.go.jp/datafile/seiseki/report/2012/2012-2hanshin5.pdf,official_daily_result_pdf
201209020508,2012,阪神,2,5,8,2012-04-07,https://www.jra.go.jp/datafile/seiseki/report/2012/2012-2hanshin5.pdf,official_daily_result_pdf
201209020509,2012,阪神,2,5,9,2012-04-07,https://www.jra.go.jp/datafile/seiseki/report/2012/2012-2hanshin5.pdf,official_daily_result_pdf
201209020510,2012,阪神,2,5,10,2012-04-07,https://www.jra.go.jp/datafile/seiseki/report/2012/2012-2hanshin5.pdf,official_daily_result_pdf
201209020511,2012,阪神,2,5,11,2012-04-07,https://www.jra.go.jp/datafile/seiseki/report/2012/2012-2hanshin5.pdf,official_daily_result_pdf
201209020512,2012,阪神,2,5,12,2012-04-07,https://www.jra.go.jp/datafile/seiseki/report/2012/2012-2hanshin5.pdf,official_daily_result_pdf
201209020601,2012,阪神,2,6,1,2012-04-08,https://www.jra.go.jp/datafile/seiseki/report/2012/2012-2hanshin6.pdf,official_daily_result_pdf
201209020602,2012,阪神,2,6,2,2012-04-08,https://www.jra.go.jp/datafile/seiseki/report/2012/2012-2hanshin6.pdf,official_daily_result_pdf
201209020603,2012,阪神,2,6,3,2012-04-08,https://www.jra.go.jp/datafile/seiseki/report/2012/2012-2hanshin6.pdf,official_daily_result_pdf
201209020604,2012,阪神,2,6,4,2012-04-08,https://www.jra.go.jp/datafile/seiseki/report/2012/2012-2hanshin6.pdf,official_daily_result_pdf
201209020605,2012,阪神,2,6,5,2012-04-08,https://www.jra.go.jp/datafile/seiseki/report/2012/2012-2hanshin6.pdf,official_daily_result_pdf
201209020606,2012,阪神,2,6,6,2012-04-08,https://www.jra.go.jp/datafile/seiseki/report/2012/2012-2hanshin6.pdf,official_daily_result_pdf
201209020607,2012,阪神,2,6,7,2012-04-08,https://www.jra.go.jp/datafile/seiseki/report/2012/2012-2hanshin6.pdf,official_daily_result_pdf
201209020608,2012,阪神,2,6,8,2012-04-08,https://www.jra.go.jp/datafile/seiseki/report/2012/2012-2hanshin6.pdf,official_daily_result_pdf
201209020609,2012,阪神,2,6,9,2012-04-08,https://www.jra.go.jp/datafile/seiseki/report/2012/2012-2hanshin6.pdf,official_daily_result_pdf
201209020610,2012,阪神,2,6,10,2012-04-08,https://www.jra.go.jp/datafile/seiseki/report/2012/2012-2hanshin6.pdf,official_daily_result_pdf
201209020611,2012,阪神,2,6,11,2012-04-08,https://www.jra.go.jp/datafile/seiseki/report/2012/2012-2hanshin6.pdf,official_daily_result_pdf
201209020612,2012,阪神,2,6,12,2012-04-08,https://www.jra.go.jp/datafile/seiseki/report/2012/2012-2hanshin6.pdf,official_daily_result_pdf
201209020701,2012,阪神,2,7,1,2012-04-14,https://www.jra.go.jp/datafile/seiseki/report/2012/2012-2hanshin7.pdf,official_daily_result_pdf
201209020702,2012,阪神,2,7,2,2012-04-14,https://www.jra.go.jp/datafile/seiseki/report/2012/2012-2hanshin7.pdf,official_daily_result_pdf
201209020703,2012,阪神,2,7,3,2012-04-14,https://www.jra.go.jp/datafile/seiseki/report/2012/2012-2hanshin7.pdf,official_daily_result_pdf
201209020704,2012,阪神,2,7,4,2012-04-14,https://www.jra.go.jp/datafile/seiseki/report/2012/2012-2hanshin7.pdf,official_daily_result_pdf
201209020705,2012,阪神,2,7,5,2012-04-14,https://www.jra.go.jp/datafile/seiseki/report/2012/2012-2hanshin7.pdf,official_daily_result_pdf
201209020706,2012,阪神,2,7,6,2012-04-14,https://www.jra.go.jp/datafile/seiseki/report/2012/2012-2hanshin7.pdf,official_daily_result_pdf
201209020707,2012,阪神,2,7,7,2012-04-14,https://www.jra.go.jp/datafile/seiseki/report/2012/2012-2hanshin7.pdf,official_daily_result_pdf
201209020708,2012,阪神,2,7,8,2012-04-14,https://www.jra.go.jp/datafile/seiseki/report/2012/2012-2hanshin7.pdf,official_daily_result_pdf
201209020709,2012,阪神,2,7,9,2012-04-14,https://www.jra.go.jp/datafile/seiseki/report/2012/2012-2hanshin7.pdf,official_daily_result_pdf
201209020710,2012,阪神,2,7,10,2012-04-14,https://www.jra.go.jp/datafile/seiseki/report/2012/2012-2hanshin7.pdf,official_daily_result_pdf
201209020711,2012,阪神,2,7,11,2012-04-14,https://www.jra.go.jp/datafile/seiseki/report/2012/2012-2hanshin7.pdf,official_daily_result_pdf
201209020712,2012,阪神,2,7,12,2012-04-14,https://www.jra.go.jp/datafile/seiseki/report/2012/2012-2hanshin7.pdf,official_daily_result_pdf
201209020801,2012,阪神,2,8,1,2012-04-15,https://www.jra.go.jp/datafile/seiseki/report/2012/2012-2hanshin8.pdf,official_daily_result_pdf
201209020802,2012,阪神,2,8,2,2012-04-15,https://www.jra.go.jp/datafile/seiseki/report/2012/2012-2hanshin8.pdf,official_daily_result_pdf
201209020803,2012,阪神,2,8,3,2012-04-15,https://www.jra.go.jp/datafile/seiseki/report/2012/2012-2hanshin8.pdf,official_daily_result_pdf
201209020804,2012,阪神,2,8,4,2012-04-15,https://www.jra.go.jp/datafile/seiseki/report/2012/2012-2hanshin8.pdf,official_daily_result_pdf
201209020805,2012,阪神,2,8,5,2012-04-15,https://www.jra.go.jp/datafile/seiseki/report/2012/2012-2hanshin8.pdf,official_daily_result_pdf
201209020806,2012,阪神,2,8,6,2012-04-15,https://www.jra.go.jp/datafile/seiseki/report/2012/2012-2hanshin8.pdf,official_daily_result_pdf
201209020807,2012,阪神,2,8,7,2012-04-15,https://www.jra.go.jp/datafile/seiseki/report/2012/2012-2hanshin8.pdf,official_daily_result_pdf
201209020808,2012,阪神,2,8,8,2012-04-15,https://www.jra.go.jp/datafile/seiseki/report/2012/2012-2hanshin8.pdf,official_daily_result_pdf
201209020809,2012,阪神,2,8,9,2012-04-15,https://www.jra.go.jp/datafile/seiseki/report/2012/2012-2hanshin8.pdf,official_daily_result_pdf
201209020810,2012,阪神,2,8,10,2012-04-15,https://www.jra.go.jp/datafile/seiseki/report/2012/2012-2hanshin8.pdf,official_daily_result_pdf
201209020811,2012,阪神,2,8,11,2012-04-15,https://www.jra.go.jp/datafile/seiseki/report/2012/2012-2hanshin8.pdf,official_daily_result_pdf
201209020812,2012,阪神,2,8,12,2012-04-15,https://www.jra.go.jp/datafile/seiseki/report/2012/2012-2hanshin8.pdf,official_daily_result_pdf
201209030101,2012,阪神,3,1,1,2012-06-02,https://www.jra.go.jp/datafile/seiseki/report/2012/2012-3hanshin1.pdf,official_daily_result_pdf
201209030102,2012,阪神,3,1,2,2012-06-02,https://www.jra.go.jp/datafile/seiseki/report/2012/2012-3hanshin1.pdf,official_daily_result_pdf
201209030103,2012,阪神,3,1,3,2012-06-02,https://www.jra.go.jp/datafile/seiseki/report/2012/2012-3hanshin1.pdf,official_daily_result_pdf
201209030104,2012,阪神,3,1,4,2012-06-02,https://www.jra.go.jp/datafile/seiseki/report/2012/2012-3hanshin1.pdf,official_daily_result_pdf
201209030105,2012,阪神,3,1,5,2012-06-02,https://www.jra.go.jp/datafile/seiseki/report/2012/2012-3hanshin1.pdf,official_daily_result_pdf
201209030106,2012,阪神,3,1,6,2012-06-02,https://www.jra.go.jp/datafile/seiseki/report/2012/2012-3hanshin1.pdf,official_daily_result_pdf
201209030107,2012,阪神,3,1,7,2012-06-02,https://www.jra.go.jp/datafile/seiseki/report/2012/2012-3hanshin1.pdf,official_daily_result_pdf
201209030108,2012,阪神,3,1,8,2012-06-02,https://www.jra.go.jp/datafile/seiseki/report/2012/2012-3hanshin1.pdf,official_daily_result_pdf
201209030109,2012,阪神,3,1,9,2012-06-02,https://www.jra.go.jp/datafile/seiseki/report/2012/2012-3hanshin1.pdf,official_daily_result_pdf
201209030110,2012,阪神,3,1,10,2012-06-02,https://www.jra.go.jp/datafile/seiseki/report/2012/2012-3hanshin1.pdf,official_daily_result_pdf
201209030111,2012,阪神,3,1,11,2012-06-02,https://www.jra.go.jp/datafile/seiseki/report/2012/2012-3hanshin1.pdf,official_daily_result_pdf
201209030112,2012,阪神,3,1,12,2012-06-02,https://www.jra.go.jp/datafile/seiseki/report/2012/2012-3hanshin1.pdf,official_daily_result_pdf
201209030201,2012,阪神,3,2,1,2012-06-03,https://www.jra.go.jp/datafile/seiseki/report/2012/2012-3hanshin2.pdf,official_daily_result_pdf
201209030202,2012,阪神,3,2,2,2012-06-03,https://www.jra.go.jp/datafile/seiseki/report/2012/2012-3hanshin2.pdf,official_daily_result_pdf
201209030203,2012,阪神,3,2,3,2012-06-03,https://www.jra.go.jp/datafile/seiseki/report/2012/2012-3hanshin2.pdf,official_daily_result_pdf
201209030204,2012,阪神,3,2,4,2012-06-03,https://www.jra.go.jp/datafile/seiseki/report/2012/2012-3hanshin2.pdf,official_daily_result_pdf
201209030205,2012,阪神,3,2,5,2012-06-03,https://www.jra.go.jp/datafile/seiseki/report/2012/2012-3hanshin2.pdf,official_daily_result_pdf
201209030206,2012,阪神,3,2,6,2012-06-03,https://www.jra.go.jp/datafile/seiseki/report/2012/2012-3hanshin2.pdf,official_daily_result_pdf
201209030207,2012,阪神,3,2,7,2012-06-03,https://www.jra.go.jp/datafile/seiseki/report/2012/2012-3hanshin2.pdf,official_daily_result_pdf
201209030208,2012,阪神,3,2,8,2012-06-03,https://www.jra.go.jp/datafile/seiseki/report/2012/2012-3hanshin2.pdf,official_daily_result_pdf
201209030209,2012,阪神,3,2,9,2012-06-03,https://www.jra.go.jp/datafile/seiseki/report/2012/2012-3hanshin2.pdf,official_daily_result_pdf
201209030210,2012,阪神,3,2,10,2012-06-03,https://www.jra.go.jp/datafile/seiseki/report/2012/2012-3hanshin2.pdf,official_daily_result_pdf
201209030211,2012,阪神,3,2,11,2012-06-03,https://www.jra.go.jp/datafile/seiseki/report/2012/2012-3hanshin2.pdf,official_daily_result_pdf
201209030212,2012,阪神,3,2,12,2012-06-03,https://www.jra.go.jp/datafile/seiseki/report/2012/2012-3hanshin2.pdf,official_daily_result_pdf
201209030301,2012,阪神,3,3,1,2012-06-09,https://www.jra.go.jp/datafile/seiseki/report/2012/2012-3hanshin3.pdf,official_daily_result_pdf
201209030302,2012,阪神,3,3,2,2012-06-09,https://www.jra.go.jp/datafile/seiseki/report/2012/2012-3hanshin3.pdf,official_daily_result_pdf
201209030303,2012,阪神,3,3,3,2012-06-09,https://www.jra.go.jp/datafile/seiseki/report/2012/2012-3hanshin3.pdf,official_daily_result_pdf
201209030304,2012,阪神,3,3,4,2012-06-09,https://www.jra.go.jp/datafile/seiseki/report/2012/2012-3hanshin3.pdf,official_daily_result_pdf
201209030305,2012,阪神,3,3,5,2012-06-09,https://www.jra.go.jp/datafile/seiseki/report/2012/2012-3hanshin3.pdf,official_daily_result_pdf
201209030306,2012,阪神,3,3,6,2012-06-09,https://www.jra.go.jp/datafile/seiseki/report/2012/2012-3hanshin3.pdf,official_daily_result_pdf
201209030307,2012,阪神,3,3,7,2012-06-09,https://www.jra.go.jp/datafile/seiseki/report/2012/2012-3hanshin3.pdf,official_daily_result_pdf
201209030308,2012,阪神,3,3,8,2012-06-09,https://www.jra.go.jp/datafile/seiseki/report/2012/2012-3hanshin3.pdf,official_daily_result_pdf
201209030309,2012,阪神,3,3,9,2012-06-09,https://www.jra.go.jp/datafile/seiseki/report/2012/2012-3hanshin3.pdf,official_daily_result_pdf
201209030310,2012,阪神,3,3,10,2012-06-09,https://www.jra.go.jp/datafile/seiseki/report/2012/2012-3hanshin3.pdf,official_daily_result_pdf
201209030311,2012,阪神,3,3,11,2012-06-09,https://www.jra.go.jp/datafile/seiseki/report/2012/2012-3hanshin3.pdf,official_daily_result_pdf
201209030312,2012,阪神,3,3,12,2012-06-09,https://www.jra.go.jp/datafile/seiseki/report/2012/2012-3hanshin3.pdf,official_daily_result_pdf
201209030401,2012,阪神,3,4,1,2012-06-10,https://www.jra.go.jp/datafile/seiseki/report/2012/2012-3hanshin4.pdf,official_daily_result_pdf
201209030402,2012,阪神,3,4,2,2012-06-10,https://www.jra.go.jp/datafile/seiseki/report/2012/2012-3hanshin4.pdf,official_daily_result_pdf
201209030403,2012,阪神,3,4,3,2012-06-10,https://www.jra.go.jp/datafile/seiseki/report/2012/2012-3hanshin4.pdf,official_daily_result_pdf
201209030404,2012,阪神,3,4,4,2012-06-10,https://www.jra.go.jp/datafile/seiseki/report/2012/2012-3hanshin4.pdf,official_daily_result_pdf
201209030405,2012,阪神,3,4,5,2012-06-10,https://www.jra.go.jp/datafile/seiseki/report/2012/2012-3hanshin4.pdf,official_daily_result_pdf
201209030406,2012,阪神,3,4,6,2012-06-10,https://www.jra.go.jp/datafile/seiseki/report/2012/2012-3hanshin4.pdf,official_daily_result_pdf
201209030407,2012,阪神,3,4,7,2012-06-10,https://www.jra.go.jp/datafile/seiseki/report/2012/2012-3hanshin4.pdf,official_daily_result_pdf
201209030408,2012,阪神,3,4,8,2012-06-10,https://www.jra.go.jp/datafile/seiseki/report/2012/2012-3hanshin4.pdf,official_daily_result_pdf
201209030409,2012,阪神,3,4,9,2012-06-10,https://www.jra.go.jp/datafile/seiseki/report/2012/2012-3hanshin4.pdf,official_daily_result_pdf
201209030410,2012,阪神,3,4,10,2012-06-10,https://www.jra.go.jp/datafile/seiseki/report/2012/2012-3hanshin4.pdf,official_daily_result_pdf
201209030411,2012,阪神,3,4,11,2012-06-10,https://www.jra.go.jp/datafile/seiseki/report/2012/2012-3hanshin4.pdf,official_daily_result_pdf
201209030412,2012,阪神,3,4,12,2012-06-10,https://www.jra.go.jp/datafile/seiseki/report/2012/2012-3hanshin4.pdf,official_daily_result_pdf
201209030501,2012,阪神,3,5,1,2012-06-16,https://www.jra.go.jp/datafile/seiseki/report/2012/2012-3hanshin5.pdf,official_daily_result_pdf
201209030502,2012,阪神,3,5,2,2012-06-16,https://www.jra.go.jp/datafile/seiseki/report/2012/2012-3hanshin5.pdf,official_daily_result_pdf
201209030503,2012,阪神,3,5,3,2012-06-16,https://www.jra.go.jp/datafile/seiseki/report/2012/2012-3hanshin5.pdf,official_daily_result_pdf
201209030504,2012,阪神,3,5,4,2012-06-16,https://www.jra.go.jp/datafile/seiseki/report/2012/2012-3hanshin5.pdf,official_daily_result_pdf
201209030505,2012,阪神,3,5,5,2012-06-16,https://www.jra.go.jp/datafile/seiseki/report/2012/2012-3hanshin5.pdf,official_daily_result_pdf
201209030506,2012,阪神,3,5,6,2012-06-16,https://www.jra.go.jp/datafile/seiseki/report/2012/2012-3hanshin5.pdf,official_daily_result_pdf
201209030507,2012,阪神,3,5,7,2012-06-16,https://www.jra.go.jp/datafile/seiseki/report/2012/2012-3hanshin5.pdf,official_daily_result_pdf
201209030508,2012,阪神,3,5,8,2012-06-16,https://www.jra.go.jp/datafile/seiseki/report/2012/2012-3hanshin5.pdf,official_daily_result_pdf
201209030509,2012,阪神,3,5,9,2012-06-16,https://www.jra.go.jp/datafile/seiseki/report/2012/2012-3hanshin5.pdf,official_daily_result_pdf
201209030510,2012,阪神,3,5,10,2012-06-16,https://www.jra.go.jp/datafile/seiseki/report/2012/2012-3hanshin5.pdf,official_daily_result_pdf
201209030511,2012,阪神,3,5,11,2012-06-16,https://www.jra.go.jp/datafile/seiseki/report/2012/2012-3hanshin5.pdf,official_daily_result_pdf
201209030512,2012,阪神,3,5,12,2012-06-16,https://www.jra.go.jp/datafile/seiseki/report/2012/2012-3hanshin5.pdf,official_daily_result_pdf
201209030601,2012,阪神,3,6,1,2012-06-17,https://www.jra.go.jp/datafile/seiseki/report/2012/2012-3hanshin6.pdf,official_daily_result_pdf
201209030602,2012,阪神,3,6,2,2012-06-17,https://www.jra.go.jp/datafile/seiseki/report/2012/2012-3hanshin6.pdf,official_daily_result_pdf
201209030603,2012,阪神,3,6,3,2012-06-17,https://www.jra.go.jp/datafile/seiseki/report/2012/2012-3hanshin6.pdf,official_daily_result_pdf
201209030604,2012,阪神,3,6,4,2012-06-17,https://www.jra.go.jp/datafile/seiseki/report/2012/2012-3hanshin6.pdf,official_daily_result_pdf
201209030605,2012,阪神,3,6,5,2012-06-17,https://www.jra.go.jp/datafile/seiseki/report/2012/2012-3hanshin6.pdf,official_daily_result_pdf
201209030606,2012,阪神,3,6,6,2012-06-17,https://www.jra.go.jp/datafile/seiseki/report/2012/2012-3hanshin6.pdf,official_daily_result_pdf
201209030607,2012,阪神,3,6,7,2012-06-17,https://www.jra.go.jp/datafile/seiseki/report/2012/2012-3hanshin6.pdf,official_daily_result_pdf
201209030608,2012,阪神,3,6,8,2012-06-17,https://www.jra.go.jp/datafile/seiseki/report/2012/2012-3hanshin6.pdf,official_daily_result_pdf
201209030609,2012,阪神,3,6,9,2012-06-17,https://www.jra.go.jp/datafile/seiseki/report/2012/2012-3hanshin6.pdf,official_daily_result_pdf
201209030610,2012,阪神,3,6,10,2012-06-17,https://www.jra.go.jp/datafile/seiseki/report/2012/2012-3hanshin6.pdf,official_daily_result_pdf
201209030611,2012,阪神,3,6,11,2012-06-17,https://www.jra.go.jp/datafile/seiseki/report/2012/2012-3hanshin6.pdf,official_daily_result_pdf
201209030612,2012,阪神,3,6,12,2012-06-17,https://www.jra.go.jp/datafile/seiseki/report/2012/2012-3hanshin6.pdf,official_daily_result_pdf
201209030701,2012,阪神,3,7,1,2012-06-23,https://www.jra.go.jp/datafile/seiseki/report/2012/2012-3hanshin7.pdf,official_daily_result_pdf
201209030702,2012,阪神,3,7,2,2012-06-23,https://www.jra.go.jp/datafile/seiseki/report/2012/2012-3hanshin7.pdf,official_daily_result_pdf
201209030703,2012,阪神,3,7,3,2012-06-23,https://www.jra.go.jp/datafile/seiseki/report/2012/2012-3hanshin7.pdf,official_daily_result_pdf
201209030704,2012,阪神,3,7,4,2012-06-23,https://www.jra.go.jp/datafile/seiseki/report/2012/2012-3hanshin7.pdf,official_daily_result_pdf
201209030705,2012,阪神,3,7,5,2012-06-23,https://www.jra.go.jp/datafile/seiseki/report/2012/2012-3hanshin7.pdf,official_daily_result_pdf
201209030706,2012,阪神,3,7,6,2012-06-23,https://www.jra.go.jp/datafile/seiseki/report/2012/2012-3hanshin7.pdf,official_daily_result_pdf
201209030707,2012,阪神,3,7,7,2012-06-23,https://www.jra.go.jp/datafile/seiseki/report/2012/2012-3hanshin7.pdf,official_daily_result_pdf
201209030708,2012,阪神,3,7,8,2012-06-23,https://www.jra.go.jp/datafile/seiseki/report/2012/2012-3hanshin7.pdf,official_daily_result_pdf
201209030709,2012,阪神,3,7,9,2012-06-23,https://www.jra.go.jp/datafile/seiseki/report/2012/2012-3hanshin7.pdf,official_daily_result_pdf
201209030710,2012,阪神,3,7,10,2012-06-23,https://www.jra.go.jp/datafile/seiseki/report/2012/2012-3hanshin7.pdf,official_daily_result_pdf
201209030711,2012,阪神,3,7,11,2012-06-23,https://www.jra.go.jp/datafile/seiseki/report/2012/2012-3hanshin7.pdf,official_daily_result_pdf
201209030712,2012,阪神,3,7,12,2012-06-23,https://www.jra.go.jp/datafile/seiseki/report/2012/2012-3hanshin7.pdf,official_daily_result_pdf
201209030801,2012,阪神,3,8,1,2012-06-24,https://www.jra.go.jp/datafile/seiseki/report/2012/2012-3hanshin8.pdf,official_daily_result_pdf
201209030802,2012,阪神,3,8,2,2012-06-24,https://www.jra.go.jp/datafile/seiseki/report/2012/2012-3hanshin8.pdf,official_daily_result_pdf
201209030803,2012,阪神,3,8,3,2012-06-24,https://www.jra.go.jp/datafile/seiseki/report/2012/2012-3hanshin8.pdf,official_daily_result_pdf
201209030804,2012,阪神,3,8,4,2012-06-24,https://www.jra.go.jp/datafile/seiseki/report/2012/2012-3hanshin8.pdf,official_daily_result_pdf
201209030805,2012,阪神,3,8,5,2012-06-24,https://www.jra.go.jp/datafile/seiseki/report/2012/2012-3hanshin8.pdf,official_daily_result_pdf
201209030806,2012,阪神,3,8,6,2012-06-24,https://www.jra.go.jp/datafile/seiseki/report/2012/2012-3hanshin8.pdf,official_daily_result_pdf
201209030807,2012,阪神,3,8,7,2012-06-24,https://www.jra.go.jp/datafile/seiseki/report/2012/2012-3hanshin8.pdf,official_daily_result_pdf
201209030808,2012,阪神,3,8,8,2012-06-24,https://www.jra.go.jp/datafile/seiseki/report/2012/2012-3hanshin8.pdf,official_daily_result_pdf
201209030809,2012,阪神,3,8,9,2012-06-24,https://www.jra.go.jp/datafile/seiseki/report/2012/2012-3hanshin8.pdf,official_daily_result_pdf
201209030810,2012,阪神,3,8,10,2012-06-24,https://www.jra.go.jp/datafile/seiseki/report/2012/2012-3hanshin8.pdf,official_daily_result_pdf
201209030811,2012,阪神,3,8,11,2012-06-24,https://www.jra.go.jp/datafile/seiseki/report/2012/2012-3hanshin8.pdf,official_daily_result_pdf
201209030812,2012,阪神,3,8,12,2012-06-24,https://www.jra.go.jp/datafile/seiseki/report/2012/2012-3hanshin8.pdf,official_daily_result_pdf
201209040101,2012,阪神,4,1,1,2012-09-08,https://www.jra.go.jp/datafile/seiseki/report/2012/2012-4hanshin1.pdf,official_daily_result_pdf
201209040102,2012,阪神,4,1,2,2012-09-08,https://www.jra.go.jp/datafile/seiseki/report/2012/2012-4hanshin1.pdf,official_daily_result_pdf
201209040103,2012,阪神,4,1,3,2012-09-08,https://www.jra.go.jp/datafile/seiseki/report/2012/2012-4hanshin1.pdf,official_daily_result_pdf
201209040104,2012,阪神,4,1,4,2012-09-08,https://www.jra.go.jp/datafile/seiseki/report/2012/2012-4hanshin1.pdf,official_daily_result_pdf
201209040105,2012,阪神,4,1,5,2012-09-08,https://www.jra.go.jp/datafile/seiseki/report/2012/2012-4hanshin1.pdf,official_daily_result_pdf
201209040106,2012,阪神,4,1,6,2012-09-08,https://www.jra.go.jp/datafile/seiseki/report/2012/2012-4hanshin1.pdf,official_daily_result_pdf
201209040107,2012,阪神,4,1,7,2012-09-08,https://www.jra.go.jp/datafile/seiseki/report/2012/2012-4hanshin1.pdf,official_daily_result_pdf
201209040108,2012,阪神,4,1,8,2012-09-08,https://www.jra.go.jp/datafile/seiseki/report/2012/2012-4hanshin1.pdf,official_daily_result_pdf
201209040109,2012,阪神,4,1,9,2012-09-08,https://www.jra.go.jp/datafile/seiseki/report/2012/2012-4hanshin1.pdf,official_daily_result_pdf
201209040110,2012,阪神,4,1,10,2012-09-08,https://www.jra.go.jp/datafile/seiseki/report/2012/2012-4hanshin1.pdf,official_daily_result_pdf
201209040111,2012,阪神,4,1,11,2012-09-08,https://www.jra.go.jp/datafile/seiseki/report/2012/2012-4hanshin1.pdf,official_daily_result_pdf
201209040112,2012,阪神,4,1,12,2012-09-08,https://www.jra.go.jp/datafile/seiseki/report/2012/2012-4hanshin1.pdf,official_daily_result_pdf
201209040201,2012,阪神,4,2,1,2012-09-09,https://www.jra.go.jp/datafile/seiseki/report/2012/2012-4hanshin2.pdf,official_daily_result_pdf
201209040202,2012,阪神,4,2,2,2012-09-09,https://www.jra.go.jp/datafile/seiseki/report/2012/2012-4hanshin2.pdf,official_daily_result_pdf
201209040203,2012,阪神,4,2,3,2012-09-09,https://www.jra.go.jp/datafile/seiseki/report/2012/2012-4hanshin2.pdf,official_daily_result_pdf
201209040204,2012,阪神,4,2,4,2012-09-09,https://www.jra.go.jp/datafile/seiseki/report/2012/2012-4hanshin2.pdf,official_daily_result_pdf
201209040205,2012,阪神,4,2,5,2012-09-09,https://www.jra.go.jp/datafile/seiseki/report/2012/2012-4hanshin2.pdf,official_daily_result_pdf
201209040206,2012,阪神,4,2,6,2012-09-09,https://www.jra.go.jp/datafile/seiseki/report/2012/2012-4hanshin2.pdf,official_daily_result_pdf
201209040207,2012,阪神,4,2,7,2012-09-09,https://www.jra.go.jp/datafile/seiseki/report/2012/2012-4hanshin2.pdf,official_daily_result_pdf
201209040208,2012,阪神,4,2,8,2012-09-09,https://www.jra.go.jp/datafile/seiseki/report/2012/2012-4hanshin2.pdf,official_daily_result_pdf
201209040209,2012,阪神,4,2,9,2012-09-09,https://www.jra.go.jp/datafile/seiseki/report/2012/2012-4hanshin2.pdf,official_daily_result_pdf
201209040210,2012,阪神,4,2,10,2012-09-09,https://www.jra.go.jp/datafile/seiseki/report/2012/2012-4hanshin2.pdf,official_daily_result_pdf
201209040211,2012,阪神,4,2,11,2012-09-09,https://www.jra.go.jp/datafile/seiseki/report/2012/2012-4hanshin2.pdf,official_daily_result_pdf
201209040212,2012,阪神,4,2,12,2012-09-09,https://www.jra.go.jp/datafile/seiseki/report/2012/2012-4hanshin2.pdf,official_daily_result_pdf
201209040301,2012,阪神,4,3,1,2012-09-15,https://www.jra.go.jp/datafile/seiseki/report/2012/2012-4hanshin3.pdf,official_daily_result_pdf
201209040302,2012,阪神,4,3,2,2012-09-15,https://www.jra.go.jp/datafile/seiseki/report/2012/2012-4hanshin3.pdf,official_daily_result_pdf
201209040303,2012,阪神,4,3,3,2012-09-15,https://www.jra.go.jp/datafile/seiseki/report/2012/2012-4hanshin3.pdf,official_daily_result_pdf
201209040304,2012,阪神,4,3,4,2012-09-15,https://www.jra.go.jp/datafile/seiseki/report/2012/2012-4hanshin3.pdf,official_daily_result_pdf
201209040305,2012,阪神,4,3,5,2012-09-15,https://www.jra.go.jp/datafile/seiseki/report/2012/2012-4hanshin3.pdf,official_daily_result_pdf
201209040306,2012,阪神,4,3,6,2012-09-15,https://www.jra.go.jp/datafile/seiseki/report/2012/2012-4hanshin3.pdf,official_daily_result_pdf
201209040307,2012,阪神,4,3,7,2012-09-15,https://www.jra.go.jp/datafile/seiseki/report/2012/2012-4hanshin3.pdf,official_daily_result_pdf
201209040308,2012,阪神,4,3,8,2012-09-15,https://www.jra.go.jp/datafile/seiseki/report/2012/2012-4hanshin3.pdf,official_daily_result_pdf
201209040309,2012,阪神,4,3,9,2012-09-15,https://www.jra.go.jp/datafile/seiseki/report/2012/2012-4hanshin3.pdf,official_daily_result_pdf
201209040310,2012,阪神,4,3,10,2012-09-15,https://www.jra.go.jp/datafile/seiseki/report/2012/2012-4hanshin3.pdf,official_daily_result_pdf
201209040311,2012,阪神,4,3,11,2012-09-15,https://www.jra.go.jp/datafile/seiseki/report/2012/2012-4hanshin3.pdf,official_daily_result_pdf
201209040312,2012,阪神,4,3,12,2012-09-15,https://www.jra.go.jp/datafile/seiseki/report/2012/2012-4hanshin3.pdf,official_daily_result_pdf
201209040401,2012,阪神,4,4,1,2012-09-16,https://www.jra.go.jp/datafile/seiseki/report/2012/2012-4hanshin4.pdf,official_daily_result_pdf
201209040402,2012,阪神,4,4,2,2012-09-16,https://www.jra.go.jp/datafile/seiseki/report/2012/2012-4hanshin4.pdf,official_daily_result_pdf
201209040403,2012,阪神,4,4,3,2012-09-16,https://www.jra.go.jp/datafile/seiseki/report/2012/2012-4hanshin4.pdf,official_daily_result_pdf
201209040404,2012,阪神,4,4,4,2012-09-16,https://www.jra.go.jp/datafile/seiseki/report/2012/2012-4hanshin4.pdf,official_daily_result_pdf
201209040405,2012,阪神,4,4,5,2012-09-16,https://www.jra.go.jp/datafile/seiseki/report/2012/2012-4hanshin4.pdf,official_daily_result_pdf
201209040406,2012,阪神,4,4,6,2012-09-16,https://www.jra.go.jp/datafile/seiseki/report/2012/2012-4hanshin4.pdf,official_daily_result_pdf
201209040407,2012,阪神,4,4,7,2012-09-16,https://www.jra.go.jp/datafile/seiseki/report/2012/2012-4hanshin4.pdf,official_daily_result_pdf
201209040408,2012,阪神,4,4,8,2012-09-16,https://www.jra.go.jp/datafile/seiseki/report/2012/2012-4hanshin4.pdf,official_daily_result_pdf
201209040409,2012,阪神,4,4,9,2012-09-16,https://www.jra.go.jp/datafile/seiseki/report/2012/2012-4hanshin4.pdf,official_daily_result_pdf
201209040410,2012,阪神,4,4,10,2012-09-16,https://www.jra.go.jp/datafile/seiseki/report/2012/2012-4hanshin4.pdf,official_daily_result_pdf
201209040411,2012,阪神,4,4,11,2012-09-16,https://www.jra.go.jp/datafile/seiseki/report/2012/2012-4hanshin4.pdf,official_daily_result_pdf
201209040412,2012,阪神,4,4,12,2012-09-16,https://www.jra.go.jp/datafile/seiseki/report/2012/2012-4hanshin4.pdf,official_daily_result_pdf
201209040501,2012,阪神,4,5,1,2012-09-17,https://www.jra.go.jp/datafile/seiseki/report/2012/2012-4hanshin5.pdf,official_daily_result_pdf
201209040502,2012,阪神,4,5,2,2012-09-17,https://www.jra.go.jp/datafile/seiseki/report/2012/2012-4hanshin5.pdf,official_daily_result_pdf
201209040503,2012,阪神,4,5,3,2012-09-17,https://www.jra.go.jp/datafile/seiseki/report/2012/2012-4hanshin5.pdf,official_daily_result_pdf
201209040504,2012,阪神,4,5,4,2012-09-17,https://www.jra.go.jp/datafile/seiseki/report/2012/2012-4hanshin5.pdf,official_daily_result_pdf
201209040505,2012,阪神,4,5,5,2012-09-17,https://www.jra.go.jp/datafile/seiseki/report/2012/2012-4hanshin5.pdf,official_daily_result_pdf
201209040506,2012,阪神,4,5,6,2012-09-17,https://www.jra.go.jp/datafile/seiseki/report/2012/2012-4hanshin5.pdf,official_daily_result_pdf
201209040507,2012,阪神,4,5,7,2012-09-17,https://www.jra.go.jp/datafile/seiseki/report/2012/2012-4hanshin5.pdf,official_daily_result_pdf
201209040508,2012,阪神,4,5,8,2012-09-17,https://www.jra.go.jp/datafile/seiseki/report/2012/2012-4hanshin5.pdf,official_daily_result_pdf
201209040509,2012,阪神,4,5,9,2012-09-17,https://www.jra.go.jp/datafile/seiseki/report/2012/2012-4hanshin5.pdf,official_daily_result_pdf
201209040510,2012,阪神,4,5,10,2012-09-17,https://www.jra.go.jp/datafile/seiseki/report/2012/2012-4hanshin5.pdf,official_daily_result_pdf
201209040511,2012,阪神,4,5,11,2012-09-17,https://www.jra.go.jp/datafile/seiseki/report/2012/2012-4hanshin5.pdf,official_daily_result_pdf
201209040512,2012,阪神,4,5,12,2012-09-17,https://www.jra.go.jp/datafile/seiseki/report/2012/2012-4hanshin5.pdf,official_daily_result_pdf
201209040601,2012,阪神,4,6,1,2012-09-22,https://www.jra.go.jp/datafile/seiseki/report/2012/2012-4hanshin6.pdf,official_daily_result_pdf
201209040602,2012,阪神,4,6,2,2012-09-22,https://www.jra.go.jp/datafile/seiseki/report/2012/2012-4hanshin6.pdf,official_daily_result_pdf
201209040603,2012,阪神,4,6,3,2012-09-22,https://www.jra.go.jp/datafile/seiseki/report/2012/2012-4hanshin6.pdf,official_daily_result_pdf
201209040604,2012,阪神,4,6,4,2012-09-22,https://www.jra.go.jp/datafile/seiseki/report/2012/2012-4hanshin6.pdf,official_daily_result_pdf
201209040605,2012,阪神,4,6,5,2012-09-22,https://www.jra.go.jp/datafile/seiseki/report/2012/2012-4hanshin6.pdf,official_daily_result_pdf
201209040606,2012,阪神,4,6,6,2012-09-22,https://www.jra.go.jp/datafile/seiseki/report/2012/2012-4hanshin6.pdf,official_daily_result_pdf
201209040607,2012,阪神,4,6,7,2012-09-22,https://www.jra.go.jp/datafile/seiseki/report/2012/2012-4hanshin6.pdf,official_daily_result_pdf
201209040608,2012,阪神,4,6,8,2012-09-22,https://www.jra.go.jp/datafile/seiseki/report/2012/2012-4hanshin6.pdf,official_daily_result_pdf
201209040609,2012,阪神,4,6,9,2012-09-22,https://www.jra.go.jp/datafile/seiseki/report/2012/2012-4hanshin6.pdf,official_daily_result_pdf
201209040610,2012,阪神,4,6,10,2012-09-22,https://www.jra.go.jp/datafile/seiseki/report/2012/2012-4hanshin6.pdf,official_daily_result_pdf
201209040611,2012,阪神,4,6,11,2012-09-22,https://www.jra.go.jp/datafile/seiseki/report/2012/2012-4hanshin6.pdf,official_daily_result_pdf
201209040612,2012,阪神,4,6,12,2012-09-22,https://www.jra.go.jp/datafile/seiseki/report/2012/2012-4hanshin6.pdf,official_daily_result_pdf
201209040701,2012,阪神,4,7,1,2012-09-23,https://www.jra.go.jp/datafile/seiseki/report/2012/2012-4hanshin7.pdf,official_daily_result_pdf
201209040702,2012,阪神,4,7,2,2012-09-23,https://www.jra.go.jp/datafile/seiseki/report/2012/2012-4hanshin7.pdf,official_daily_result_pdf
201209040703,2012,阪神,4,7,3,2012-09-23,https://www.jra.go.jp/datafile/seiseki/report/2012/2012-4hanshin7.pdf,official_daily_result_pdf
201209040704,2012,阪神,4,7,4,2012-09-23,https://www.jra.go.jp/datafile/seiseki/report/2012/2012-4hanshin7.pdf,official_daily_result_pdf
201209040705,2012,阪神,4,7,5,2012-09-23,https://www.jra.go.jp/datafile/seiseki/report/2012/2012-4hanshin7.pdf,official_daily_result_pdf
201209040706,2012,阪神,4,7,6,2012-09-23,https://www.jra.go.jp/datafile/seiseki/report/2012/2012-4hanshin7.pdf,official_daily_result_pdf
201209040707,2012,阪神,4,7,7,2012-09-23,https://www.jra.go.jp/datafile/seiseki/report/2012/2012-4hanshin7.pdf,official_daily_result_pdf
201209040708,2012,阪神,4,7,8,2012-09-23,https://www.jra.go.jp/datafile/seiseki/report/2012/2012-4hanshin7.pdf,official_daily_result_pdf
201209040709,2012,阪神,4,7,9,2012-09-23,https://www.jra.go.jp/datafile/seiseki/report/2012/2012-4hanshin7.pdf,official_daily_result_pdf
201209040710,2012,阪神,4,7,10,2012-09-23,https://www.jra.go.jp/datafile/seiseki/report/2012/2012-4hanshin7.pdf,official_daily_result_pdf
201209040711,2012,阪神,4,7,11,2012-09-23,https://www.jra.go.jp/datafile/seiseki/report/2012/2012-4hanshin7.pdf,official_daily_result_pdf
201209040712,2012,阪神,4,7,12,2012-09-23,https://www.jra.go.jp/datafile/seiseki/report/2012/2012-4hanshin7.pdf,official_daily_result_pdf
201209040801,2012,阪神,4,8,1,2012-09-29,https://www.jra.go.jp/datafile/seiseki/report/2012/2012-4hanshin8.pdf,official_daily_result_pdf
201209040802,2012,阪神,4,8,2,2012-09-29,https://www.jra.go.jp/datafile/seiseki/report/2012/2012-4hanshin8.pdf,official_daily_result_pdf
201209040803,2012,阪神,4,8,3,2012-09-29,https://www.jra.go.jp/datafile/seiseki/report/2012/2012-4hanshin8.pdf,official_daily_result_pdf
201209040804,2012,阪神,4,8,4,2012-09-29,https://www.jra.go.jp/datafile/seiseki/report/2012/2012-4hanshin8.pdf,official_daily_result_pdf
201209040805,2012,阪神,4,8,5,2012-09-29,https://www.jra.go.jp/datafile/seiseki/report/2012/2012-4hanshin8.pdf,official_daily_result_pdf
201209040806,2012,阪神,4,8,6,2012-09-29,https://www.jra.go.jp/datafile/seiseki/report/2012/2012-4hanshin8.pdf,official_daily_result_pdf
201209040807,2012,阪神,4,8,7,2012-09-29,https://www.jra.go.jp/datafile/seiseki/report/2012/2012-4hanshin8.pdf,official_daily_result_pdf
201209040808,2012,阪神,4,8,8,2012-09-29,https://www.jra.go.jp/datafile/seiseki/report/2012/2012-4hanshin8.pdf,official_daily_result_pdf
201209040809,2012,阪神,4,8,9,2012-09-29,https://www.jra.go.jp/datafile/seiseki/report/2012/2012-4hanshin8.pdf,official_daily_result_pdf
201209040810,2012,阪神,4,8,10,2012-09-29,https://www.jra.go.jp/datafile/seiseki/report/2012/2012-4hanshin8.pdf,official_daily_result_pdf
201209040811,2012,阪神,4,8,11,2012-09-29,https://www.jra.go.jp/datafile/seiseki/report/2012/2012-4hanshin8.pdf,official_daily_result_pdf
201209040812,2012,阪神,4,8,12,2012-09-29,https://www.jra.go.jp/datafile/seiseki/report/2012/2012-4hanshin8.pdf,official_daily_result_pdf
201209040901,2012,阪神,4,9,1,2012-10-01,https://www.jra.go.jp/datafile/seiseki/report/2012/2012-4hanshin9.pdf,official_daily_result_pdf
201209040902,2012,阪神,4,9,2,2012-10-01,https://www.jra.go.jp/datafile/seiseki/report/2012/2012-4hanshin9.pdf,official_daily_result_pdf
201209040903,2012,阪神,4,9,3,2012-10-01,https://www.jra.go.jp/datafile/seiseki/report/2012/2012-4hanshin9.pdf,official_daily_result_pdf
201209040904,2012,阪神,4,9,4,2012-10-01,https://www.jra.go.jp/datafile/seiseki/report/2012/2012-4hanshin9.pdf,official_daily_result_pdf
201209040905,2012,阪神,4,9,5,2012-10-01,https://www.jra.go.jp/datafile/seiseki/report/2012/2012-4hanshin9.pdf,official_daily_result_pdf
201209040906,2012,阪神,4,9,6,2012-10-01,https://www.jra.go.jp/datafile/seiseki/report/2012/2012-4hanshin9.pdf,official_daily_result_pdf
201209040907,2012,阪神,4,9,7,2012-10-01,https://www.jra.go.jp/datafile/seiseki/report/2012/2012-4hanshin9.pdf,official_daily_result_pdf
201209040908,2012,阪神,4,9,8,2012-10-01,https://www.jra.go.jp/datafile/seiseki/report/2012/2012-4hanshin9.pdf,official_daily_result_pdf
201209040909,2012,阪神,4,9,9,2012-10-01,https://www.jra.go.jp/datafile/seiseki/report/2012/2012-4hanshin9.pdf,official_daily_result_pdf
201209040910,2012,阪神,4,9,10,2012-10-01,https://www.jra.go.jp/datafile/seiseki/report/2012/2012-4hanshin9.pdf,official_daily_result_pdf
201209040911,2012,阪神,4,9,11,2012-10-01,https://www.jra.go.jp/datafile/seiseki/report/2012/2012-4hanshin9.pdf,official_daily_result_pdf
201209040912,2012,阪神,4,9,12,2012-10-01,https://www.jra.go.jp/datafile/seiseki/report/2012/2012-4hanshin9.pdf,official_daily_result_pdf
201209050101,2012,阪神,5,1,1,2012-12-01,https://www.jra.go.jp/datafile/seiseki/report/2012/2012-5hanshin1.pdf,official_daily_result_pdf
201209050102,2012,阪神,5,1,2,2012-12-01,https://www.jra.go.jp/datafile/seiseki/report/2012/2012-5hanshin1.pdf,official_daily_result_pdf
201209050103,2012,阪神,5,1,3,2012-12-01,https://www.jra.go.jp/datafile/seiseki/report/2012/2012-5hanshin1.pdf,official_daily_result_pdf
201209050104,2012,阪神,5,1,4,2012-12-01,https://www.jra.go.jp/datafile/seiseki/report/2012/2012-5hanshin1.pdf,official_daily_result_pdf
201209050105,2012,阪神,5,1,5,2012-12-01,https://www.jra.go.jp/datafile/seiseki/report/2012/2012-5hanshin1.pdf,official_daily_result_pdf
201209050106,2012,阪神,5,1,6,2012-12-01,https://www.jra.go.jp/datafile/seiseki/report/2012/2012-5hanshin1.pdf,official_daily_result_pdf
201209050107,2012,阪神,5,1,7,2012-12-01,https://www.jra.go.jp/datafile/seiseki/report/2012/2012-5hanshin1.pdf,official_daily_result_pdf
201209050108,2012,阪神,5,1,8,2012-12-01,https://www.jra.go.jp/datafile/seiseki/report/2012/2012-5hanshin1.pdf,official_daily_result_pdf
201209050109,2012,阪神,5,1,9,2012-12-01,https://www.jra.go.jp/datafile/seiseki/report/2012/2012-5hanshin1.pdf,official_daily_result_pdf
201209050110,2012,阪神,5,1,10,2012-12-01,https://www.jra.go.jp/datafile/seiseki/report/2012/2012-5hanshin1.pdf,official_daily_result_pdf
201209050111,2012,阪神,5,1,11,2012-12-01,https://www.jra.go.jp/datafile/seiseki/report/2012/2012-5hanshin1.pdf,official_daily_result_pdf
201209050112,2012,阪神,5,1,12,2012-12-01,https://www.jra.go.jp/datafile/seiseki/report/2012/2012-5hanshin1.pdf,official_daily_result_pdf
201209050201,2012,阪神,5,2,1,2012-12-02,https://www.jra.go.jp/datafile/seiseki/report/2012/2012-5hanshin2.pdf,official_daily_result_pdf
201209050202,2012,阪神,5,2,2,2012-12-02,https://www.jra.go.jp/datafile/seiseki/report/2012/2012-5hanshin2.pdf,official_daily_result_pdf
201209050203,2012,阪神,5,2,3,2012-12-02,https://www.jra.go.jp/datafile/seiseki/report/2012/2012-5hanshin2.pdf,official_daily_result_pdf
201209050204,2012,阪神,5,2,4,2012-12-02,https://www.jra.go.jp/datafile/seiseki/report/2012/2012-5hanshin2.pdf,official_daily_result_pdf
201209050205,2012,阪神,5,2,5,2012-12-02,https://www.jra.go.jp/datafile/seiseki/report/2012/2012-5hanshin2.pdf,official_daily_result_pdf
201209050206,2012,阪神,5,2,6,2012-12-02,https://www.jra.go.jp/datafile/seiseki/report/2012/2012-5hanshin2.pdf,official_daily_result_pdf
201209050207,2012,阪神,5,2,7,2012-12-02,https://www.jra.go.jp/datafile/seiseki/report/2012/2012-5hanshin2.pdf,official_daily_result_pdf
201209050208,2012,阪神,5,2,8,2012-12-02,https://www.jra.go.jp/datafile/seiseki/report/2012/2012-5hanshin2.pdf,official_daily_result_pdf
201209050209,2012,阪神,5,2,9,2012-12-02,https://www.jra.go.jp/datafile/seiseki/report/2012/2012-5hanshin2.pdf,official_daily_result_pdf
201209050210,2012,阪神,5,2,10,2012-12-02,https://www.jra.go.jp/datafile/seiseki/report/2012/2012-5hanshin2.pdf,official_daily_result_pdf
201209050211,2012,阪神,5,2,11,2012-12-02,https://www.jra.go.jp/datafile/seiseki/report/2012/2012-5hanshin2.pdf,official_daily_result_pdf
201209050212,2012,阪神,5,2,12,2012-12-02,https://www.jra.go.jp/datafile/seiseki/report/2012/2012-5hanshin2.pdf,official_daily_result_pdf
201209050301,2012,阪神,5,3,1,2012-12-08,https://www.jra.go.jp/datafile/seiseki/report/2012/2012-5hanshin3.pdf,official_daily_result_pdf
201209050302,2012,阪神,5,3,2,2012-12-08,https://www.jra.go.jp/datafile/seiseki/report/2012/2012-5hanshin3.pdf,official_daily_result_pdf
201209050303,2012,阪神,5,3,3,2012-12-08,https://www.jra.go.jp/datafile/seiseki/report/2012/2012-5hanshin3.pdf,official_daily_result_pdf
201209050304,2012,阪神,5,3,4,2012-12-08,https://www.jra.go.jp/datafile/seiseki/report/2012/2012-5hanshin3.pdf,official_daily_result_pdf
201209050305,2012,阪神,5,3,5,2012-12-08,https://www.jra.go.jp/datafile/seiseki/report/2012/2012-5hanshin3.pdf,official_daily_result_pdf
201209050306,2012,阪神,5,3,6,2012-12-08,https://www.jra.go.jp/datafile/seiseki/report/2012/2012-5hanshin3.pdf,official_daily_result_pdf
201209050307,2012,阪神,5,3,7,2012-12-08,https://www.jra.go.jp/datafile/seiseki/report/2012/2012-5hanshin3.pdf,official_daily_result_pdf
201209050308,2012,阪神,5,3,8,2012-12-08,https://www.jra.go.jp/datafile/seiseki/report/2012/2012-5hanshin3.pdf,official_daily_result_pdf
201209050309,2012,阪神,5,3,9,2012-12-08,https://www.jra.go.jp/datafile/seiseki/report/2012/2012-5hanshin3.pdf,official_daily_result_pdf
201209050310,2012,阪神,5,3,10,2012-12-08,https://www.jra.go.jp/datafile/seiseki/report/2012/2012-5hanshin3.pdf,official_daily_result_pdf
201209050311,2012,阪神,5,3,11,2012-12-08,https://www.jra.go.jp/datafile/seiseki/report/2012/2012-5hanshin3.pdf,official_daily_result_pdf
201209050312,2012,阪神,5,3,12,2012-12-08,https://www.jra.go.jp/datafile/seiseki/report/2012/2012-5hanshin3.pdf,official_daily_result_pdf
201209050401,2012,阪神,5,4,1,2012-12-09,https://www.jra.go.jp/datafile/seiseki/report/2012/2012-5hanshin4.pdf,official_daily_result_pdf
201209050402,2012,阪神,5,4,2,2012-12-09,https://www.jra.go.jp/datafile/seiseki/report/2012/2012-5hanshin4.pdf,official_daily_result_pdf
201209050403,2012,阪神,5,4,3,2012-12-09,https://www.jra.go.jp/datafile/seiseki/report/2012/2012-5hanshin4.pdf,official_daily_result_pdf
201209050404,2012,阪神,5,4,4,2012-12-09,https://www.jra.go.jp/datafile/seiseki/report/2012/2012-5hanshin4.pdf,official_daily_result_pdf
201209050405,2012,阪神,5,4,5,2012-12-09,https://www.jra.go.jp/datafile/seiseki/report/2012/2012-5hanshin4.pdf,official_daily_result_pdf
201209050406,2012,阪神,5,4,6,2012-12-09,https://www.jra.go.jp/datafile/seiseki/report/2012/2012-5hanshin4.pdf,official_daily_result_pdf
201209050407,2012,阪神,5,4,7,2012-12-09,https://www.jra.go.jp/datafile/seiseki/report/2012/2012-5hanshin4.pdf,official_daily_result_pdf
201209050408,2012,阪神,5,4,8,2012-12-09,https://www.jra.go.jp/datafile/seiseki/report/2012/2012-5hanshin4.pdf,official_daily_result_pdf
201209050409,2012,阪神,5,4,9,2012-12-09,https://www.jra.go.jp/datafile/seiseki/report/2012/2012-5hanshin4.pdf,official_daily_result_pdf
201209050410,2012,阪神,5,4,10,2012-12-09,https://www.jra.go.jp/datafile/seiseki/report/2012/2012-5hanshin4.pdf,official_daily_result_pdf
201209050411,2012,阪神,5,4,11,2012-12-09,https://www.jra.go.jp/datafile/seiseki/report/2012/2012-5hanshin4.pdf,official_daily_result_pdf
201209050412,2012,阪神,5,4,12,2012-12-09,https://www.jra.go.jp/datafile/seiseki/report/2012/2012-5hanshin4.pdf,official_daily_result_pdf
201209050501,2012,阪神,5,5,1,2012-12-15,https://www.jra.go.jp/datafile/seiseki/report/2012/2012-5hanshin5.pdf,official_daily_result_pdf
201209050502,2012,阪神,5,5,2,2012-12-15,https://www.jra.go.jp/datafile/seiseki/report/2012/2012-5hanshin5.pdf,official_daily_result_pdf
201209050503,2012,阪神,5,5,3,2012-12-15,https://www.jra.go.jp/datafile/seiseki/report/2012/2012-5hanshin5.pdf,official_daily_result_pdf
201209050504,2012,阪神,5,5,4,2012-12-15,https://www.jra.go.jp/datafile/seiseki/report/2012/2012-5hanshin5.pdf,official_daily_result_pdf
201209050505,2012,阪神,5,5,5,2012-12-15,https://www.jra.go.jp/datafile/seiseki/report/2012/2012-5hanshin5.pdf,official_daily_result_pdf
201209050506,2012,阪神,5,5,6,2012-12-15,https://www.jra.go.jp/datafile/seiseki/report/2012/2012-5hanshin5.pdf,official_daily_result_pdf
201209050507,2012,阪神,5,5,7,2012-12-15,https://www.jra.go.jp/datafile/seiseki/report/2012/2012-5hanshin5.pdf,official_daily_result_pdf
201209050508,2012,阪神,5,5,8,2012-12-15,https://www.jra.go.jp/datafile/seiseki/report/2012/2012-5hanshin5.pdf,official_daily_result_pdf
201209050509,2012,阪神,5,5,9,2012-12-15,https://www.jra.go.jp/datafile/seiseki/report/2012/2012-5hanshin5.pdf,official_daily_result_pdf
201209050510,2012,阪神,5,5,10,2012-12-15,https://www.jra.go.jp/datafile/seiseki/report/2012/2012-5hanshin5.pdf,official_daily_result_pdf
201209050511,2012,阪神,5,5,11,2012-12-15,https://www.jra.go.jp/datafile/seiseki/report/2012/2012-5hanshin5.pdf,official_daily_result_pdf
201209050512,2012,阪神,5,5,12,2012-12-15,https://www.jra.go.jp/datafile/seiseki/report/2012/2012-5hanshin5.pdf,official_daily_result_pdf
201209050601,2012,阪神,5,6,1,2012-12-16,https://www.jra.go.jp/datafile/seiseki/report/2012/2012-5hanshin6.pdf,official_daily_result_pdf
201209050602,2012,阪神,5,6,2,2012-12-16,https://www.jra.go.jp/datafile/seiseki/report/2012/2012-5hanshin6.pdf,official_daily_result_pdf
201209050603,2012,阪神,5,6,3,2012-12-16,https://www.jra.go.jp/datafile/seiseki/report/2012/2012-5hanshin6.pdf,official_daily_result_pdf
201209050604,2012,阪神,5,6,4,2012-12-16,https://www.jra.go.jp/datafile/seiseki/report/2012/2012-5hanshin6.pdf,official_daily_result_pdf
201209050605,2012,阪神,5,6,5,2012-12-16,https://www.jra.go.jp/datafile/seiseki/report/2012/2012-5hanshin6.pdf,official_daily_result_pdf
201209050606,2012,阪神,5,6,6,2012-12-16,https://www.jra.go.jp/datafile/seiseki/report/2012/2012-5hanshin6.pdf,official_daily_result_pdf
201209050607,2012,阪神,5,6,7,2012-12-16,https://www.jra.go.jp/datafile/seiseki/report/2012/2012-5hanshin6.pdf,official_daily_result_pdf
201209050608,2012,阪神,5,6,8,2012-12-16,https://www.jra.go.jp/datafile/seiseki/report/2012/2012-5hanshin6.pdf,official_daily_result_pdf
201209050609,2012,阪神,5,6,9,2012-12-16,https://www.jra.go.jp/datafile/seiseki/report/2012/2012-5hanshin6.pdf,official_daily_result_pdf
201209050610,2012,阪神,5,6,10,2012-12-16,https://www.jra.go.jp/datafile/seiseki/report/2012/2012-5hanshin6.pdf,official_daily_result_pdf
201209050611,2012,阪神,5,6,11,2012-12-16,https://www.jra.go.jp/datafile/seiseki/report/2012/2012-5hanshin6.pdf,official_daily_result_pdf
201209050612,2012,阪神,5,6,12,2012-12-16,https://www.jra.go.jp/datafile/seiseki/report/2012/2012-5hanshin6.pdf,official_daily_result_pdf
201209050701,2012,阪神,5,7,1,2012-12-22,https://www.jra.go.jp/datafile/seiseki/report/2012/2012-5hanshin7.pdf,official_daily_result_pdf
201209050702,2012,阪神,5,7,2,2012-12-22,https://www.jra.go.jp/datafile/seiseki/report/2012/2012-5hanshin7.pdf,official_daily_result_pdf
201209050703,2012,阪神,5,7,3,2012-12-22,https://www.jra.go.jp/datafile/seiseki/report/2012/2012-5hanshin7.pdf,official_daily_result_pdf
201209050704,2012,阪神,5,7,4,2012-12-22,https://www.jra.go.jp/datafile/seiseki/report/2012/2012-5hanshin7.pdf,official_daily_result_pdf
201209050705,2012,阪神,5,7,5,2012-12-22,https://www.jra.go.jp/datafile/seiseki/report/2012/2012-5hanshin7.pdf,official_daily_result_pdf
201209050706,2012,阪神,5,7,6,2012-12-22,https://www.jra.go.jp/datafile/seiseki/report/2012/2012-5hanshin7.pdf,official_daily_result_pdf
201209050707,2012,阪神,5,7,7,2012-12-22,https://www.jra.go.jp/datafile/seiseki/report/2012/2012-5hanshin7.pdf,official_daily_result_pdf
201209050708,2012,阪神,5,7,8,2012-12-22,https://www.jra.go.jp/datafile/seiseki/report/2012/2012-5hanshin7.pdf,official_daily_result_pdf
201209050709,2012,阪神,5,7,9,2012-12-22,https://www.jra.go.jp/datafile/seiseki/report/2012/2012-5hanshin7.pdf,official_daily_result_pdf
201209050710,2012,阪神,5,7,10,2012-12-22,https://www.jra.go.jp/datafile/seiseki/report/2012/2012-5hanshin7.pdf,official_daily_result_pdf
201209050711,2012,阪神,5,7,11,2012-12-22,https://www.jra.go.jp/datafile/seiseki/report/2012/2012-5hanshin7.pdf,official_daily_result_pdf
201209050712,2012,阪神,5,7,12,2012-12-22,https://www.jra.go.jp/datafile/seiseki/report/2012/2012-5hanshin7.pdf,official_daily_result_pdf
201209050801,2012,阪神,5,8,1,2012-12-23,https://www.jra.go.jp/datafile/seiseki/report/2012/2012-5hanshin8.pdf,official_daily_result_pdf
201209050802,2012,阪神,5,8,2,2012-12-23,https://www.jra.go.jp/datafile/seiseki/report/2012/2012-5hanshin8.pdf,official_daily_result_pdf
201209050803,2012,阪神,5,8,3,2012-12-23,https://www.jra.go.jp/datafile/seiseki/report/2012/2012-5hanshin8.pdf,official_daily_result_pdf
201209050804,2012,阪神,5,8,4,2012-12-23,https://www.jra.go.jp/datafile/seiseki/report/2012/2012-5hanshin8.pdf,official_daily_result_pdf
201209050805,2012,阪神,5,8,5,2012-12-23,https://www.jra.go.jp/datafile/seiseki/report/2012/2012-5hanshin8.pdf,official_daily_result_pdf
201209050806,2012,阪神,5,8,6,2012-12-23,https://www.jra.go.jp/datafile/seiseki/report/2012/2012-5hanshin8.pdf,official_daily_result_pdf
201209050807,2012,阪神,5,8,7,2012-12-23,https://www.jra.go.jp/datafile/seiseki/report/2012/2012-5hanshin8.pdf,official_daily_result_pdf
201209050808,2012,阪神,5,8,8,2012-12-23,https://www.jra.go.jp/datafile/seiseki/report/2012/2012-5hanshin8.pdf,official_daily_result_pdf
201209050809,2012,阪神,5,8,9,2012-12-23,https://www.jra.go.jp/datafile/seiseki/report/2012/2012-5hanshin8.pdf,official_daily_result_pdf
201209050810,2012,阪神,5,8,10,2012-12-23,https://www.jra.go.jp/datafile/seiseki/report/2012/2012-5hanshin8.pdf,official_daily_result_pdf
201209050811,2012,阪神,5,8,11,2012-12-23,https://www.jra.go.jp/datafile/seiseki/report/2012/2012-5hanshin8.pdf,official_daily_result_pdf
201209050812,2012,阪神,5,8,12,2012-12-23,https://www.jra.go.jp/datafile/seiseki/report/2012/2012-5hanshin8.pdf,official_daily_result_pdf
201209050901,2012,阪神,5,9,1,2012-12-24,https://www.jra.go.jp/datafile/seiseki/report/2012/2012-5hanshin9.pdf,official_daily_result_pdf
201209050902,2012,阪神,5,9,2,2012-12-24,https://www.jra.go.jp/datafile/seiseki/report/2012/2012-5hanshin9.pdf,official_daily_result_pdf
201209050903,2012,阪神,5,9,3,2012-12-24,https://www.jra.go.jp/datafile/seiseki/report/2012/2012-5hanshin9.pdf,official_daily_result_pdf
201209050904,2012,阪神,5,9,4,2012-12-24,https://www.jra.go.jp/datafile/seiseki/report/2012/2012-5hanshin9.pdf,official_daily_result_pdf
201209050905,2012,阪神,5,9,5,2012-12-24,https://www.jra.go.jp/datafile/seiseki/report/2012/2012-5hanshin9.pdf,official_daily_result_pdf
201209050906,2012,阪神,5,9,6,2012-12-24,https://www.jra.go.jp/datafile/seiseki/report/2012/2012-5hanshin9.pdf,official_daily_result_pdf
201209050907,2012,阪神,5,9,7,2012-12-24,https://www.jra.go.jp/datafile/seiseki/report/2012/2012-5hanshin9.pdf,official_daily_result_pdf
201209050908,2012,阪神,5,9,8,2012-12-24,https://www.jra.go.jp/datafile/seiseki/report/2012/2012-5hanshin9.pdf,official_daily_result_pdf
201209050909,2012,阪神,5,9,9,2012-12-24,https://www.jra.go.jp/datafile/seiseki/report/2012/2012-5hanshin9.pdf,official_daily_result_pdf
201209050910,2012,阪神,5,9,10,2012-12-24,https://www.jra.go.jp/datafile/seiseki/report/2012/2012-5hanshin9.pdf,official_daily_result_pdf
201209050911,2012,阪神,5,9,11,2012-12-24,https://www.jra.go.jp/datafile/seiseki/report/2012/2012-5hanshin9.pdf,official_daily_result_pdf
201209050912,2012,阪神,5,9,12,2012-12-24,https://www.jra.go.jp/datafile/seiseki/report/2012/2012-5hanshin9.pdf,official_daily_result_pdf
201210010101,2012,小倉,1,1,1,2012-01-14,https://www.jra.go.jp/datafile/seiseki/report/2012/2012-1kokura1.pdf,official_daily_result_pdf
201210010102,2012,小倉,1,1,2,2012-01-14,https://www.jra.go.jp/datafile/seiseki/report/2012/2012-1kokura1.pdf,official_daily_result_pdf
201210010103,2012,小倉,1,1,3,2012-01-14,https://www.jra.go.jp/datafile/seiseki/report/2012/2012-1kokura1.pdf,official_daily_result_pdf
201210010104,2012,小倉,1,1,4,2012-01-14,https://www.jra.go.jp/datafile/seiseki/report/2012/2012-1kokura1.pdf,official_daily_result_pdf
201210010105,2012,小倉,1,1,5,2012-01-14,https://www.jra.go.jp/datafile/seiseki/report/2012/2012-1kokura1.pdf,official_daily_result_pdf
201210010106,2012,小倉,1,1,6,2012-01-14,https://www.jra.go.jp/datafile/seiseki/report/2012/2012-1kokura1.pdf,official_daily_result_pdf
201210010107,2012,小倉,1,1,7,2012-01-14,https://www.jra.go.jp/datafile/seiseki/report/2012/2012-1kokura1.pdf,official_daily_result_pdf
201210010108,2012,小倉,1,1,8,2012-01-14,https://www.jra.go.jp/datafile/seiseki/report/2012/2012-1kokura1.pdf,official_daily_result_pdf
201210010109,2012,小倉,1,1,9,2012-01-14,https://www.jra.go.jp/datafile/seiseki/report/2012/2012-1kokura1.pdf,official_daily_result_pdf
201210010110,2012,小倉,1,1,10,2012-01-14,https://www.jra.go.jp/datafile/seiseki/report/2012/2012-1kokura1.pdf,official_daily_result_pdf
201210010111,2012,小倉,1,1,11,2012-01-14,https://www.jra.go.jp/datafile/seiseki/report/2012/2012-1kokura1.pdf,official_daily_result_pdf
201210010112,2012,小倉,1,1,12,2012-01-14,https://www.jra.go.jp/datafile/seiseki/report/2012/2012-1kokura1.pdf,official_daily_result_pdf
201210010201,2012,小倉,1,2,1,2012-01-15,https://www.jra.go.jp/datafile/seiseki/report/2012/2012-1kokura2.pdf,official_daily_result_pdf
201210010202,2012,小倉,1,2,2,2012-01-15,https://www.jra.go.jp/datafile/seiseki/report/2012/2012-1kokura2.pdf,official_daily_result_pdf
201210010203,2012,小倉,1,2,3,2012-01-15,https://www.jra.go.jp/datafile/seiseki/report/2012/2012-1kokura2.pdf,official_daily_result_pdf
201210010204,2012,小倉,1,2,4,2012-01-15,https://www.jra.go.jp/datafile/seiseki/report/2012/2012-1kokura2.pdf,official_daily_result_pdf
201210010205,2012,小倉,1,2,5,2012-01-15,https://www.jra.go.jp/datafile/seiseki/report/2012/2012-1kokura2.pdf,official_daily_result_pdf
201210010206,2012,小倉,1,2,6,2012-01-15,https://www.jra.go.jp/datafile/seiseki/report/2012/2012-1kokura2.pdf,official_daily_result_pdf
201210010207,2012,小倉,1,2,7,2012-01-15,https://www.jra.go.jp/datafile/seiseki/report/2012/2012-1kokura2.pdf,official_daily_result_pdf
201210010208,2012,小倉,1,2,8,2012-01-15,https://www.jra.go.jp/datafile/seiseki/report/2012/2012-1kokura2.pdf,official_daily_result_pdf
201210010209,2012,小倉,1,2,9,2012-01-15,https://www.jra.go.jp/datafile/seiseki/report/2012/2012-1kokura2.pdf,official_daily_result_pdf
201210010210,2012,小倉,1,2,10,2012-01-15,https://www.jra.go.jp/datafile/seiseki/report/2012/2012-1kokura2.pdf,official_daily_result_pdf
201210010211,2012,小倉,1,2,11,2012-01-15,https://www.jra.go.jp/datafile/seiseki/report/2012/2012-1kokura2.pdf,official_daily_result_pdf
201210010212,2012,小倉,1,2,12,2012-01-15,https://www.jra.go.jp/datafile/seiseki/report/2012/2012-1kokura2.pdf,official_daily_result_pdf
201210010301,2012,小倉,1,3,1,2012-01-21,https://www.jra.go.jp/datafile/seiseki/report/2012/2012-1kokura3.pdf,official_daily_result_pdf
201210010302,2012,小倉,1,3,2,2012-01-21,https://www.jra.go.jp/datafile/seiseki/report/2012/2012-1kokura3.pdf,official_daily_result_pdf
201210010303,2012,小倉,1,3,3,2012-01-21,https://www.jra.go.jp/datafile/seiseki/report/2012/2012-1kokura3.pdf,official_daily_result_pdf
201210010304,2012,小倉,1,3,4,2012-01-21,https://www.jra.go.jp/datafile/seiseki/report/2012/2012-1kokura3.pdf,official_daily_result_pdf
201210010305,2012,小倉,1,3,5,2012-01-21,https://www.jra.go.jp/datafile/seiseki/report/2012/2012-1kokura3.pdf,official_daily_result_pdf
201210010306,2012,小倉,1,3,6,2012-01-21,https://www.jra.go.jp/datafile/seiseki/report/2012/2012-1kokura3.pdf,official_daily_result_pdf
201210010307,2012,小倉,1,3,7,2012-01-21,https://www.jra.go.jp/datafile/seiseki/report/2012/2012-1kokura3.pdf,official_daily_result_pdf
201210010308,2012,小倉,1,3,8,2012-01-21,https://www.jra.go.jp/datafile/seiseki/report/2012/2012-1kokura3.pdf,official_daily_result_pdf
201210010309,2012,小倉,1,3,9,2012-01-21,https://www.jra.go.jp/datafile/seiseki/report/2012/2012-1kokura3.pdf,official_daily_result_pdf
201210010310,2012,小倉,1,3,10,2012-01-21,https://www.jra.go.jp/datafile/seiseki/report/2012/2012-1kokura3.pdf,official_daily_result_pdf
201210010311,2012,小倉,1,3,11,2012-01-21,https://www.jra.go.jp/datafile/seiseki/report/2012/2012-1kokura3.pdf,official_daily_result_pdf
201210010312,2012,小倉,1,3,12,2012-01-21,https://www.jra.go.jp/datafile/seiseki/report/2012/2012-1kokura3.pdf,official_daily_result_pdf
201210010401,2012,小倉,1,4,1,2012-01-22,https://www.jra.go.jp/datafile/seiseki/report/2012/2012-1kokura4.pdf,official_daily_result_pdf
201210010402,2012,小倉,1,4,2,2012-01-22,https://www.jra.go.jp/datafile/seiseki/report/2012/2012-1kokura4.pdf,official_daily_result_pdf
201210010403,2012,小倉,1,4,3,2012-01-22,https://www.jra.go.jp/datafile/seiseki/report/2012/2012-1kokura4.pdf,official_daily_result_pdf
201210010404,2012,小倉,1,4,4,2012-01-22,https://www.jra.go.jp/datafile/seiseki/report/2012/2012-1kokura4.pdf,official_daily_result_pdf
201210010405,2012,小倉,1,4,5,2012-01-22,https://www.jra.go.jp/datafile/seiseki/report/2012/2012-1kokura4.pdf,official_daily_result_pdf
201210010406,2012,小倉,1,4,6,2012-01-22,https://www.jra.go.jp/datafile/seiseki/report/2012/2012-1kokura4.pdf,official_daily_result_pdf
201210010407,2012,小倉,1,4,7,2012-01-22,https://www.jra.go.jp/datafile/seiseki/report/2012/2012-1kokura4.pdf,official_daily_result_pdf
201210010408,2012,小倉,1,4,8,2012-01-22,https://www.jra.go.jp/datafile/seiseki/report/2012/2012-1kokura4.pdf,official_daily_result_pdf
201210010409,2012,小倉,1,4,9,2012-01-22,https://www.jra.go.jp/datafile/seiseki/report/2012/2012-1kokura4.pdf,official_daily_result_pdf
201210010410,2012,小倉,1,4,10,2012-01-22,https://www.jra.go.jp/datafile/seiseki/report/2012/2012-1kokura4.pdf,official_daily_result_pdf
201210010411,2012,小倉,1,4,11,2012-01-22,https://www.jra.go.jp/datafile/seiseki/report/2012/2012-1kokura4.pdf,official_daily_result_pdf
201210010412,2012,小倉,1,4,12,2012-01-22,https://www.jra.go.jp/datafile/seiseki/report/2012/2012-1kokura4.pdf,official_daily_result_pdf
201210010501,2012,小倉,1,5,1,2012-01-28,https://www.jra.go.jp/datafile/seiseki/report/2012/2012-1kokura5.pdf,official_daily_result_pdf
201210010502,2012,小倉,1,5,2,2012-01-28,https://www.jra.go.jp/datafile/seiseki/report/2012/2012-1kokura5.pdf,official_daily_result_pdf
201210010503,2012,小倉,1,5,3,2012-01-28,https://www.jra.go.jp/datafile/seiseki/report/2012/2012-1kokura5.pdf,official_daily_result_pdf
201210010504,2012,小倉,1,5,4,2012-01-28,https://www.jra.go.jp/datafile/seiseki/report/2012/2012-1kokura5.pdf,official_daily_result_pdf
201210010505,2012,小倉,1,5,5,2012-01-28,https://www.jra.go.jp/datafile/seiseki/report/2012/2012-1kokura5.pdf,official_daily_result_pdf
201210010506,2012,小倉,1,5,6,2012-01-28,https://www.jra.go.jp/datafile/seiseki/report/2012/2012-1kokura5.pdf,official_daily_result_pdf
201210010507,2012,小倉,1,5,7,2012-01-28,https://www.jra.go.jp/datafile/seiseki/report/2012/2012-1kokura5.pdf,official_daily_result_pdf
201210010508,2012,小倉,1,5,8,2012-01-28,https://www.jra.go.jp/datafile/seiseki/report/2012/2012-1kokura5.pdf,official_daily_result_pdf
201210010509,2012,小倉,1,5,9,2012-01-28,https://www.jra.go.jp/datafile/seiseki/report/2012/2012-1kokura5.pdf,official_daily_result_pdf
201210010510,2012,小倉,1,5,10,2012-01-28,https://www.jra.go.jp/datafile/seiseki/report/2012/2012-1kokura5.pdf,official_daily_result_pdf
201210010511,2012,小倉,1,5,11,2012-01-28,https://www.jra.go.jp/datafile/seiseki/report/2012/2012-1kokura5.pdf,official_daily_result_pdf
201210010512,2012,小倉,1,5,12,2012-01-28,https://www.jra.go.jp/datafile/seiseki/report/2012/2012-1kokura5.pdf,official_daily_result_pdf
201210010601,2012,小倉,1,6,1,2012-01-29,https://www.jra.go.jp/datafile/seiseki/report/2012/2012-1kokura6.pdf,official_daily_result_pdf
201210010602,2012,小倉,1,6,2,2012-01-29,https://www.jra.go.jp/datafile/seiseki/report/2012/2012-1kokura6.pdf,official_daily_result_pdf
201210010603,2012,小倉,1,6,3,2012-01-29,https://www.jra.go.jp/datafile/seiseki/report/2012/2012-1kokura6.pdf,official_daily_result_pdf
201210010604,2012,小倉,1,6,4,2012-01-29,https://www.jra.go.jp/datafile/seiseki/report/2012/2012-1kokura6.pdf,official_daily_result_pdf
201210010605,2012,小倉,1,6,5,2012-01-29,https://www.jra.go.jp/datafile/seiseki/report/2012/2012-1kokura6.pdf,official_daily_result_pdf
201210010606,2012,小倉,1,6,6,2012-01-29,https://www.jra.go.jp/datafile/seiseki/report/2012/2012-1kokura6.pdf,official_daily_result_pdf
201210010607,2012,小倉,1,6,7,2012-01-29,https://www.jra.go.jp/datafile/seiseki/report/2012/2012-1kokura6.pdf,official_daily_result_pdf
201210010608,2012,小倉,1,6,8,2012-01-29,https://www.jra.go.jp/datafile/seiseki/report/2012/2012-1kokura6.pdf,official_daily_result_pdf
201210010609,2012,小倉,1,6,9,2012-01-29,https://www.jra.go.jp/datafile/seiseki/report/2012/2012-1kokura6.pdf,official_daily_result_pdf
201210010610,2012,小倉,1,6,10,2012-01-29,https://www.jra.go.jp/datafile/seiseki/report/2012/2012-1kokura6.pdf,official_daily_result_pdf
201210010611,2012,小倉,1,6,11,2012-01-29,https://www.jra.go.jp/datafile/seiseki/report/2012/2012-1kokura6.pdf,official_daily_result_pdf
201210010612,2012,小倉,1,6,12,2012-01-29,https://www.jra.go.jp/datafile/seiseki/report/2012/2012-1kokura6.pdf,official_daily_result_pdf
201210010701,2012,小倉,1,7,1,2012-02-04,https://www.jra.go.jp/datafile/seiseki/report/2012/2012-1kokura7.pdf,official_daily_result_pdf
201210010702,2012,小倉,1,7,2,2012-02-04,https://www.jra.go.jp/datafile/seiseki/report/2012/2012-1kokura7.pdf,official_daily_result_pdf
201210010703,2012,小倉,1,7,3,2012-02-04,https://www.jra.go.jp/datafile/seiseki/report/2012/2012-1kokura7.pdf,official_daily_result_pdf
201210010704,2012,小倉,1,7,4,2012-02-04,https://www.jra.go.jp/datafile/seiseki/report/2012/2012-1kokura7.pdf,official_daily_result_pdf
201210010705,2012,小倉,1,7,5,2012-02-04,https://www.jra.go.jp/datafile/seiseki/report/2012/2012-1kokura7.pdf,official_daily_result_pdf
201210010706,2012,小倉,1,7,6,2012-02-04,https://www.jra.go.jp/datafile/seiseki/report/2012/2012-1kokura7.pdf,official_daily_result_pdf
201210010707,2012,小倉,1,7,7,2012-02-04,https://www.jra.go.jp/datafile/seiseki/report/2012/2012-1kokura7.pdf,official_daily_result_pdf
201210010708,2012,小倉,1,7,8,2012-02-04,https://www.jra.go.jp/datafile/seiseki/report/2012/2012-1kokura7.pdf,official_daily_result_pdf
201210010709,2012,小倉,1,7,9,2012-02-04,https://www.jra.go.jp/datafile/seiseki/report/2012/2012-1kokura7.pdf,official_daily_result_pdf
201210010710,2012,小倉,1,7,10,2012-02-04,https://www.jra.go.jp/datafile/seiseki/report/2012/2012-1kokura7.pdf,official_daily_result_pdf
201210010711,2012,小倉,1,7,11,2012-02-04,https://www.jra.go.jp/datafile/seiseki/report/2012/2012-1kokura7.pdf,official_daily_result_pdf
201210010712,2012,小倉,1,7,12,2012-02-04,https://www.jra.go.jp/datafile/seiseki/report/2012/2012-1kokura7.pdf,official_daily_result_pdf
201210010801,2012,小倉,1,8,1,2012-02-05,https://www.jra.go.jp/datafile/seiseki/report/2012/2012-1kokura8.pdf,official_daily_result_pdf
201210010802,2012,小倉,1,8,2,2012-02-05,https://www.jra.go.jp/datafile/seiseki/report/2012/2012-1kokura8.pdf,official_daily_result_pdf
201210010803,2012,小倉,1,8,3,2012-02-05,https://www.jra.go.jp/datafile/seiseki/report/2012/2012-1kokura8.pdf,official_daily_result_pdf
201210010804,2012,小倉,1,8,4,2012-02-05,https://www.jra.go.jp/datafile/seiseki/report/2012/2012-1kokura8.pdf,official_daily_result_pdf
201210010805,2012,小倉,1,8,5,2012-02-05,https://www.jra.go.jp/datafile/seiseki/report/2012/2012-1kokura8.pdf,official_daily_result_pdf
201210010806,2012,小倉,1,8,6,2012-02-05,https://www.jra.go.jp/datafile/seiseki/report/2012/2012-1kokura8.pdf,official_daily_result_pdf
201210010807,2012,小倉,1,8,7,2012-02-05,https://www.jra.go.jp/datafile/seiseki/report/2012/2012-1kokura8.pdf,official_daily_result_pdf
201210010808,2012,小倉,1,8,8,2012-02-05,https://www.jra.go.jp/datafile/seiseki/report/2012/2012-1kokura8.pdf,official_daily_result_pdf
201210010809,2012,小倉,1,8,9,2012-02-05,https://www.jra.go.jp/datafile/seiseki/report/2012/2012-1kokura8.pdf,official_daily_result_pdf
201210010810,2012,小倉,1,8,10,2012-02-05,https://www.jra.go.jp/datafile/seiseki/report/2012/2012-1kokura8.pdf,official_daily_result_pdf
201210010811,2012,小倉,1,8,11,2012-02-05,https://www.jra.go.jp/datafile/seiseki/report/2012/2012-1kokura8.pdf,official_daily_result_pdf
201210010812,2012,小倉,1,8,12,2012-02-05,https://www.jra.go.jp/datafile/seiseki/report/2012/2012-1kokura8.pdf,official_daily_result_pdf
201210010901,2012,小倉,1,9,1,2012-02-11,https://www.jra.go.jp/datafile/seiseki/report/2012/2012-1kokura9.pdf,official_daily_result_pdf
201210010902,2012,小倉,1,9,2,2012-02-11,https://www.jra.go.jp/datafile/seiseki/report/2012/2012-1kokura9.pdf,official_daily_result_pdf
201210010903,2012,小倉,1,9,3,2012-02-11,https://www.jra.go.jp/datafile/seiseki/report/2012/2012-1kokura9.pdf,official_daily_result_pdf
201210010904,2012,小倉,1,9,4,2012-02-11,https://www.jra.go.jp/datafile/seiseki/report/2012/2012-1kokura9.pdf,official_daily_result_pdf
201210010905,2012,小倉,1,9,5,2012-02-11,https://www.jra.go.jp/datafile/seiseki/report/2012/2012-1kokura9.pdf,official_daily_result_pdf
201210010906,2012,小倉,1,9,6,2012-02-11,https://www.jra.go.jp/datafile/seiseki/report/2012/2012-1kokura9.pdf,official_daily_result_pdf
201210010907,2012,小倉,1,9,7,2012-02-11,https://www.jra.go.jp/datafile/seiseki/report/2012/2012-1kokura9.pdf,official_daily_result_pdf
201210010908,2012,小倉,1,9,8,2012-02-11,https://www.jra.go.jp/datafile/seiseki/report/2012/2012-1kokura9.pdf,official_daily_result_pdf
201210010909,2012,小倉,1,9,9,2012-02-11,https://www.jra.go.jp/datafile/seiseki/report/2012/2012-1kokura9.pdf,official_daily_result_pdf
201210010910,2012,小倉,1,9,10,2012-02-11,https://www.jra.go.jp/datafile/seiseki/report/2012/2012-1kokura9.pdf,official_daily_result_pdf
201210010911,2012,小倉,1,9,11,2012-02-11,https://www.jra.go.jp/datafile/seiseki/report/2012/2012-1kokura9.pdf,official_daily_result_pdf
201210010912,2012,小倉,1,9,12,2012-02-11,https://www.jra.go.jp/datafile/seiseki/report/2012/2012-1kokura9.pdf,official_daily_result_pdf
201210011001,2012,小倉,1,10,1,2012-02-12,https://www.jra.go.jp/datafile/seiseki/report/2012/2012-1kokura10.pdf,official_daily_result_pdf
201210011002,2012,小倉,1,10,2,2012-02-12,https://www.jra.go.jp/datafile/seiseki/report/2012/2012-1kokura10.pdf,official_daily_result_pdf
201210011003,2012,小倉,1,10,3,2012-02-12,https://www.jra.go.jp/datafile/seiseki/report/2012/2012-1kokura10.pdf,official_daily_result_pdf
201210011004,2012,小倉,1,10,4,2012-02-12,https://www.jra.go.jp/datafile/seiseki/report/2012/2012-1kokura10.pdf,official_daily_result_pdf
201210011005,2012,小倉,1,10,5,2012-02-12,https://www.jra.go.jp/datafile/seiseki/report/2012/2012-1kokura10.pdf,official_daily_result_pdf
201210011006,2012,小倉,1,10,6,2012-02-12,https://www.jra.go.jp/datafile/seiseki/report/2012/2012-1kokura10.pdf,official_daily_result_pdf
201210011007,2012,小倉,1,10,7,2012-02-12,https://www.jra.go.jp/datafile/seiseki/report/2012/2012-1kokura10.pdf,official_daily_result_pdf
201210011008,2012,小倉,1,10,8,2012-02-12,https://www.jra.go.jp/datafile/seiseki/report/2012/2012-1kokura10.pdf,official_daily_result_pdf
201210011009,2012,小倉,1,10,9,2012-02-12,https://www.jra.go.jp/datafile/seiseki/report/2012/2012-1kokura10.pdf,official_daily_result_pdf
201210011010,2012,小倉,1,10,10,2012-02-12,https://www.jra.go.jp/datafile/seiseki/report/2012/2012-1kokura10.pdf,official_daily_result_pdf
201210011011,2012,小倉,1,10,11,2012-02-12,https://www.jra.go.jp/datafile/seiseki/report/2012/2012-1kokura10.pdf,official_daily_result_pdf
201210011012,2012,小倉,1,10,12,2012-02-12,https://www.jra.go.jp/datafile/seiseki/report/2012/2012-1kokura10.pdf,official_daily_result_pdf
201210020101,2012,小倉,2,1,1,2012-07-28,https://www.jra.go.jp/datafile/seiseki/report/2012/2012-2kokura1.pdf,official_daily_result_pdf
201210020102,2012,小倉,2,1,2,2012-07-28,https://www.jra.go.jp/datafile/seiseki/report/2012/2012-2kokura1.pdf,official_daily_result_pdf
201210020103,2012,小倉,2,1,3,2012-07-28,https://www.jra.go.jp/datafile/seiseki/report/2012/2012-2kokura1.pdf,official_daily_result_pdf
201210020104,2012,小倉,2,1,4,2012-07-28,https://www.jra.go.jp/datafile/seiseki/report/2012/2012-2kokura1.pdf,official_daily_result_pdf
201210020105,2012,小倉,2,1,5,2012-07-28,https://www.jra.go.jp/datafile/seiseki/report/2012/2012-2kokura1.pdf,official_daily_result_pdf
201210020106,2012,小倉,2,1,6,2012-07-28,https://www.jra.go.jp/datafile/seiseki/report/2012/2012-2kokura1.pdf,official_daily_result_pdf
201210020107,2012,小倉,2,1,7,2012-07-28,https://www.jra.go.jp/datafile/seiseki/report/2012/2012-2kokura1.pdf,official_daily_result_pdf
201210020108,2012,小倉,2,1,8,2012-07-28,https://www.jra.go.jp/datafile/seiseki/report/2012/2012-2kokura1.pdf,official_daily_result_pdf
201210020109,2012,小倉,2,1,9,2012-07-28,https://www.jra.go.jp/datafile/seiseki/report/2012/2012-2kokura1.pdf,official_daily_result_pdf
201210020110,2012,小倉,2,1,10,2012-07-28,https://www.jra.go.jp/datafile/seiseki/report/2012/2012-2kokura1.pdf,official_daily_result_pdf
201210020111,2012,小倉,2,1,11,2012-07-28,https://www.jra.go.jp/datafile/seiseki/report/2012/2012-2kokura1.pdf,official_daily_result_pdf
201210020112,2012,小倉,2,1,12,2012-07-28,https://www.jra.go.jp/datafile/seiseki/report/2012/2012-2kokura1.pdf,official_daily_result_pdf
201210020201,2012,小倉,2,2,1,2012-07-29,https://www.jra.go.jp/datafile/seiseki/report/2012/2012-2kokura2.pdf,official_daily_result_pdf
201210020202,2012,小倉,2,2,2,2012-07-29,https://www.jra.go.jp/datafile/seiseki/report/2012/2012-2kokura2.pdf,official_daily_result_pdf
201210020203,2012,小倉,2,2,3,2012-07-29,https://www.jra.go.jp/datafile/seiseki/report/2012/2012-2kokura2.pdf,official_daily_result_pdf
201210020204,2012,小倉,2,2,4,2012-07-29,https://www.jra.go.jp/datafile/seiseki/report/2012/2012-2kokura2.pdf,official_daily_result_pdf
201210020205,2012,小倉,2,2,5,2012-07-29,https://www.jra.go.jp/datafile/seiseki/report/2012/2012-2kokura2.pdf,official_daily_result_pdf
201210020206,2012,小倉,2,2,6,2012-07-29,https://www.jra.go.jp/datafile/seiseki/report/2012/2012-2kokura2.pdf,official_daily_result_pdf
201210020207,2012,小倉,2,2,7,2012-07-29,https://www.jra.go.jp/datafile/seiseki/report/2012/2012-2kokura2.pdf,official_daily_result_pdf
201210020208,2012,小倉,2,2,8,2012-07-29,https://www.jra.go.jp/datafile/seiseki/report/2012/2012-2kokura2.pdf,official_daily_result_pdf
201210020209,2012,小倉,2,2,9,2012-07-29,https://www.jra.go.jp/datafile/seiseki/report/2012/2012-2kokura2.pdf,official_daily_result_pdf
201210020210,2012,小倉,2,2,10,2012-07-29,https://www.jra.go.jp/datafile/seiseki/report/2012/2012-2kokura2.pdf,official_daily_result_pdf
201210020211,2012,小倉,2,2,11,2012-07-29,https://www.jra.go.jp/datafile/seiseki/report/2012/2012-2kokura2.pdf,official_daily_result_pdf
201210020212,2012,小倉,2,2,12,2012-07-29,https://www.jra.go.jp/datafile/seiseki/report/2012/2012-2kokura2.pdf,official_daily_result_pdf
201210020301,2012,小倉,2,3,1,2012-08-04,https://www.jra.go.jp/datafile/seiseki/report/2012/2012-2kokura3.pdf,official_daily_result_pdf
201210020302,2012,小倉,2,3,2,2012-08-04,https://www.jra.go.jp/datafile/seiseki/report/2012/2012-2kokura3.pdf,official_daily_result_pdf
201210020303,2012,小倉,2,3,3,2012-08-04,https://www.jra.go.jp/datafile/seiseki/report/2012/2012-2kokura3.pdf,official_daily_result_pdf
201210020304,2012,小倉,2,3,4,2012-08-04,https://www.jra.go.jp/datafile/seiseki/report/2012/2012-2kokura3.pdf,official_daily_result_pdf
201210020305,2012,小倉,2,3,5,2012-08-04,https://www.jra.go.jp/datafile/seiseki/report/2012/2012-2kokura3.pdf,official_daily_result_pdf
201210020306,2012,小倉,2,3,6,2012-08-04,https://www.jra.go.jp/datafile/seiseki/report/2012/2012-2kokura3.pdf,official_daily_result_pdf
201210020307,2012,小倉,2,3,7,2012-08-04,https://www.jra.go.jp/datafile/seiseki/report/2012/2012-2kokura3.pdf,official_daily_result_pdf
201210020308,2012,小倉,2,3,8,2012-08-04,https://www.jra.go.jp/datafile/seiseki/report/2012/2012-2kokura3.pdf,official_daily_result_pdf
201210020309,2012,小倉,2,3,9,2012-08-04,https://www.jra.go.jp/datafile/seiseki/report/2012/2012-2kokura3.pdf,official_daily_result_pdf
201210020310,2012,小倉,2,3,10,2012-08-04,https://www.jra.go.jp/datafile/seiseki/report/2012/2012-2kokura3.pdf,official_daily_result_pdf
201210020311,2012,小倉,2,3,11,2012-08-04,https://www.jra.go.jp/datafile/seiseki/report/2012/2012-2kokura3.pdf,official_daily_result_pdf
201210020312,2012,小倉,2,3,12,2012-08-04,https://www.jra.go.jp/datafile/seiseki/report/2012/2012-2kokura3.pdf,official_daily_result_pdf
201210020401,2012,小倉,2,4,1,2012-08-05,https://www.jra.go.jp/datafile/seiseki/report/2012/2012-2kokura4.pdf,official_daily_result_pdf
201210020402,2012,小倉,2,4,2,2012-08-05,https://www.jra.go.jp/datafile/seiseki/report/2012/2012-2kokura4.pdf,official_daily_result_pdf
201210020403,2012,小倉,2,4,3,2012-08-05,https://www.jra.go.jp/datafile/seiseki/report/2012/2012-2kokura4.pdf,official_daily_result_pdf
201210020404,2012,小倉,2,4,4,2012-08-05,https://www.jra.go.jp/datafile/seiseki/report/2012/2012-2kokura4.pdf,official_daily_result_pdf
201210020405,2012,小倉,2,4,5,2012-08-05,https://www.jra.go.jp/datafile/seiseki/report/2012/2012-2kokura4.pdf,official_daily_result_pdf
201210020406,2012,小倉,2,4,6,2012-08-05,https://www.jra.go.jp/datafile/seiseki/report/2012/2012-2kokura4.pdf,official_daily_result_pdf
201210020407,2012,小倉,2,4,7,2012-08-05,https://www.jra.go.jp/datafile/seiseki/report/2012/2012-2kokura4.pdf,official_daily_result_pdf
201210020408,2012,小倉,2,4,8,2012-08-05,https://www.jra.go.jp/datafile/seiseki/report/2012/2012-2kokura4.pdf,official_daily_result_pdf
201210020409,2012,小倉,2,4,9,2012-08-05,https://www.jra.go.jp/datafile/seiseki/report/2012/2012-2kokura4.pdf,official_daily_result_pdf
201210020410,2012,小倉,2,4,10,2012-08-05,https://www.jra.go.jp/datafile/seiseki/report/2012/2012-2kokura4.pdf,official_daily_result_pdf
201210020411,2012,小倉,2,4,11,2012-08-05,https://www.jra.go.jp/datafile/seiseki/report/2012/2012-2kokura4.pdf,official_daily_result_pdf
201210020412,2012,小倉,2,4,12,2012-08-05,https://www.jra.go.jp/datafile/seiseki/report/2012/2012-2kokura4.pdf,official_daily_result_pdf
201210020501,2012,小倉,2,5,1,2012-08-11,https://www.jra.go.jp/datafile/seiseki/report/2012/2012-2kokura5.pdf,official_daily_result_pdf
201210020502,2012,小倉,2,5,2,2012-08-11,https://www.jra.go.jp/datafile/seiseki/report/2012/2012-2kokura5.pdf,official_daily_result_pdf
201210020503,2012,小倉,2,5,3,2012-08-11,https://www.jra.go.jp/datafile/seiseki/report/2012/2012-2kokura5.pdf,official_daily_result_pdf
201210020504,2012,小倉,2,5,4,2012-08-11,https://www.jra.go.jp/datafile/seiseki/report/2012/2012-2kokura5.pdf,official_daily_result_pdf
201210020505,2012,小倉,2,5,5,2012-08-11,https://www.jra.go.jp/datafile/seiseki/report/2012/2012-2kokura5.pdf,official_daily_result_pdf
201210020506,2012,小倉,2,5,6,2012-08-11,https://www.jra.go.jp/datafile/seiseki/report/2012/2012-2kokura5.pdf,official_daily_result_pdf
201210020507,2012,小倉,2,5,7,2012-08-11,https://www.jra.go.jp/datafile/seiseki/report/2012/2012-2kokura5.pdf,official_daily_result_pdf
201210020508,2012,小倉,2,5,8,2012-08-11,https://www.jra.go.jp/datafile/seiseki/report/2012/2012-2kokura5.pdf,official_daily_result_pdf
201210020509,2012,小倉,2,5,9,2012-08-11,https://www.jra.go.jp/datafile/seiseki/report/2012/2012-2kokura5.pdf,official_daily_result_pdf
201210020510,2012,小倉,2,5,10,2012-08-11,https://www.jra.go.jp/datafile/seiseki/report/2012/2012-2kokura5.pdf,official_daily_result_pdf
201210020511,2012,小倉,2,5,11,2012-08-11,https://www.jra.go.jp/datafile/seiseki/report/2012/2012-2kokura5.pdf,official_daily_result_pdf
201210020512,2012,小倉,2,5,12,2012-08-11,https://www.jra.go.jp/datafile/seiseki/report/2012/2012-2kokura5.pdf,official_daily_result_pdf
201210020601,2012,小倉,2,6,1,2012-08-12,https://www.jra.go.jp/datafile/seiseki/report/2012/2012-2kokura6.pdf,official_daily_result_pdf
201210020602,2012,小倉,2,6,2,2012-08-12,https://www.jra.go.jp/datafile/seiseki/report/2012/2012-2kokura6.pdf,official_daily_result_pdf
201210020603,2012,小倉,2,6,3,2012-08-12,https://www.jra.go.jp/datafile/seiseki/report/2012/2012-2kokura6.pdf,official_daily_result_pdf
201210020604,2012,小倉,2,6,4,2012-08-12,https://www.jra.go.jp/datafile/seiseki/report/2012/2012-2kokura6.pdf,official_daily_result_pdf
201210020605,2012,小倉,2,6,5,2012-08-12,https://www.jra.go.jp/datafile/seiseki/report/2012/2012-2kokura6.pdf,official_daily_result_pdf
201210020606,2012,小倉,2,6,6,2012-08-12,https://www.jra.go.jp/datafile/seiseki/report/2012/2012-2kokura6.pdf,official_daily_result_pdf
201210020607,2012,小倉,2,6,7,2012-08-12,https://www.jra.go.jp/datafile/seiseki/report/2012/2012-2kokura6.pdf,official_daily_result_pdf
201210020608,2012,小倉,2,6,8,2012-08-12,https://www.jra.go.jp/datafile/seiseki/report/2012/2012-2kokura6.pdf,official_daily_result_pdf
201210020609,2012,小倉,2,6,9,2012-08-12,https://www.jra.go.jp/datafile/seiseki/report/2012/2012-2kokura6.pdf,official_daily_result_pdf
201210020610,2012,小倉,2,6,10,2012-08-12,https://www.jra.go.jp/datafile/seiseki/report/2012/2012-2kokura6.pdf,official_daily_result_pdf
201210020611,2012,小倉,2,6,11,2012-08-12,https://www.jra.go.jp/datafile/seiseki/report/2012/2012-2kokura6.pdf,official_daily_result_pdf
201210020612,2012,小倉,2,6,12,2012-08-12,https://www.jra.go.jp/datafile/seiseki/report/2012/2012-2kokura6.pdf,official_daily_result_pdf
201210020701,2012,小倉,2,7,1,2012-08-18,https://www.jra.go.jp/datafile/seiseki/report/2012/2012-2kokura7.pdf,official_daily_result_pdf
201210020702,2012,小倉,2,7,2,2012-08-18,https://www.jra.go.jp/datafile/seiseki/report/2012/2012-2kokura7.pdf,official_daily_result_pdf
201210020703,2012,小倉,2,7,3,2012-08-18,https://www.jra.go.jp/datafile/seiseki/report/2012/2012-2kokura7.pdf,official_daily_result_pdf
201210020704,2012,小倉,2,7,4,2012-08-18,https://www.jra.go.jp/datafile/seiseki/report/2012/2012-2kokura7.pdf,official_daily_result_pdf
201210020705,2012,小倉,2,7,5,2012-08-18,https://www.jra.go.jp/datafile/seiseki/report/2012/2012-2kokura7.pdf,official_daily_result_pdf
201210020706,2012,小倉,2,7,6,2012-08-18,https://www.jra.go.jp/datafile/seiseki/report/2012/2012-2kokura7.pdf,official_daily_result_pdf
201210020707,2012,小倉,2,7,7,2012-08-18,https://www.jra.go.jp/datafile/seiseki/report/2012/2012-2kokura7.pdf,official_daily_result_pdf
201210020708,2012,小倉,2,7,8,2012-08-18,https://www.jra.go.jp/datafile/seiseki/report/2012/2012-2kokura7.pdf,official_daily_result_pdf
201210020709,2012,小倉,2,7,9,2012-08-18,https://www.jra.go.jp/datafile/seiseki/report/2012/2012-2kokura7.pdf,official_daily_result_pdf
201210020710,2012,小倉,2,7,10,2012-08-18,https://www.jra.go.jp/datafile/seiseki/report/2012/2012-2kokura7.pdf,official_daily_result_pdf
201210020711,2012,小倉,2,7,11,2012-08-18,https://www.jra.go.jp/datafile/seiseki/report/2012/2012-2kokura7.pdf,official_daily_result_pdf
201210020712,2012,小倉,2,7,12,2012-08-18,https://www.jra.go.jp/datafile/seiseki/report/2012/2012-2kokura7.pdf,official_daily_result_pdf
201210020801,2012,小倉,2,8,1,2012-08-19,https://www.jra.go.jp/datafile/seiseki/report/2012/2012-2kokura8.pdf,official_daily_result_pdf
201210020802,2012,小倉,2,8,2,2012-08-19,https://www.jra.go.jp/datafile/seiseki/report/2012/2012-2kokura8.pdf,official_daily_result_pdf
201210020803,2012,小倉,2,8,3,2012-08-19,https://www.jra.go.jp/datafile/seiseki/report/2012/2012-2kokura8.pdf,official_daily_result_pdf
201210020804,2012,小倉,2,8,4,2012-08-19,https://www.jra.go.jp/datafile/seiseki/report/2012/2012-2kokura8.pdf,official_daily_result_pdf
201210020805,2012,小倉,2,8,5,2012-08-19,https://www.jra.go.jp/datafile/seiseki/report/2012/2012-2kokura8.pdf,official_daily_result_pdf
201210020806,2012,小倉,2,8,6,2012-08-19,https://www.jra.go.jp/datafile/seiseki/report/2012/2012-2kokura8.pdf,official_daily_result_pdf
201210020807,2012,小倉,2,8,7,2012-08-19,https://www.jra.go.jp/datafile/seiseki/report/2012/2012-2kokura8.pdf,official_daily_result_pdf
201210020808,2012,小倉,2,8,8,2012-08-19,https://www.jra.go.jp/datafile/seiseki/report/2012/2012-2kokura8.pdf,official_daily_result_pdf
201210020809,2012,小倉,2,8,9,2012-08-19,https://www.jra.go.jp/datafile/seiseki/report/2012/2012-2kokura8.pdf,official_daily_result_pdf
201210020810,2012,小倉,2,8,10,2012-08-19,https://www.jra.go.jp/datafile/seiseki/report/2012/2012-2kokura8.pdf,official_daily_result_pdf
201210020811,2012,小倉,2,8,11,2012-08-19,https://www.jra.go.jp/datafile/seiseki/report/2012/2012-2kokura8.pdf,official_daily_result_pdf
201210020812,2012,小倉,2,8,12,2012-08-19,https://www.jra.go.jp/datafile/seiseki/report/2012/2012-2kokura8.pdf,official_daily_result_pdf
201210020901,2012,小倉,2,9,1,2012-08-25,https://www.jra.go.jp/datafile/seiseki/report/2012/2012-2kokura9.pdf,official_daily_result_pdf
201210020902,2012,小倉,2,9,2,2012-08-25,https://www.jra.go.jp/datafile/seiseki/report/2012/2012-2kokura9.pdf,official_daily_result_pdf
201210020903,2012,小倉,2,9,3,2012-08-25,https://www.jra.go.jp/datafile/seiseki/report/2012/2012-2kokura9.pdf,official_daily_result_pdf
201210020904,2012,小倉,2,9,4,2012-08-25,https://www.jra.go.jp/datafile/seiseki/report/2012/2012-2kokura9.pdf,official_daily_result_pdf
201210020905,2012,小倉,2,9,5,2012-08-25,https://www.jra.go.jp/datafile/seiseki/report/2012/2012-2kokura9.pdf,official_daily_result_pdf
201210020906,2012,小倉,2,9,6,2012-08-25,https://www.jra.go.jp/datafile/seiseki/report/2012/2012-2kokura9.pdf,official_daily_result_pdf
201210020907,2012,小倉,2,9,7,2012-08-25,https://www.jra.go.jp/datafile/seiseki/report/2012/2012-2kokura9.pdf,official_daily_result_pdf
201210020908,2012,小倉,2,9,8,2012-08-25,https://www.jra.go.jp/datafile/seiseki/report/2012/2012-2kokura9.pdf,official_daily_result_pdf
201210020909,2012,小倉,2,9,9,2012-08-25,https://www.jra.go.jp/datafile/seiseki/report/2012/2012-2kokura9.pdf,official_daily_result_pdf
201210020910,2012,小倉,2,9,10,2012-08-25,https://www.jra.go.jp/datafile/seiseki/report/2012/2012-2kokura9.pdf,official_daily_result_pdf
201210020911,2012,小倉,2,9,11,2012-08-25,https://www.jra.go.jp/datafile/seiseki/report/2012/2012-2kokura9.pdf,official_daily_result_pdf
201210020912,2012,小倉,2,9,12,2012-08-25,https://www.jra.go.jp/datafile/seiseki/report/2012/2012-2kokura9.pdf,official_daily_result_pdf
201210021001,2012,小倉,2,10,1,2012-08-26,https://www.jra.go.jp/datafile/seiseki/report/2012/2012-2kokura10.pdf,official_daily_result_pdf
201210021002,2012,小倉,2,10,2,2012-08-26,https://www.jra.go.jp/datafile/seiseki/report/2012/2012-2kokura10.pdf,official_daily_result_pdf
201210021003,2012,小倉,2,10,3,2012-08-26,https://www.jra.go.jp/datafile/seiseki/report/2012/2012-2kokura10.pdf,official_daily_result_pdf
201210021004,2012,小倉,2,10,4,2012-08-26,https://www.jra.go.jp/datafile/seiseki/report/2012/2012-2kokura10.pdf,official_daily_result_pdf
201210021005,2012,小倉,2,10,5,2012-08-26,https://www.jra.go.jp/datafile/seiseki/report/2012/2012-2kokura10.pdf,official_daily_result_pdf
201210021006,2012,小倉,2,10,6,2012-08-26,https://www.jra.go.jp/datafile/seiseki/report/2012/2012-2kokura10.pdf,official_daily_result_pdf
201210021007,2012,小倉,2,10,7,2012-08-26,https://www.jra.go.jp/datafile/seiseki/report/2012/2012-2kokura10.pdf,official_daily_result_pdf
201210021008,2012,小倉,2,10,8,2012-08-26,https://www.jra.go.jp/datafile/seiseki/report/2012/2012-2kokura10.pdf,official_daily_result_pdf
201210021009,2012,小倉,2,10,9,2012-08-26,https://www.jra.go.jp/datafile/seiseki/report/2012/2012-2kokura10.pdf,official_daily_result_pdf
201210021010,2012,小倉,2,10,10,2012-08-26,https://www.jra.go.jp/datafile/seiseki/report/2012/2012-2kokura10.pdf,official_daily_result_pdf
201210021011,2012,小倉,2,10,11,2012-08-26,https://www.jra.go.jp/datafile/seiseki/report/2012/2012-2kokura10.pdf,official_daily_result_pdf
201210021012,2012,小倉,2,10,12,2012-08-26,https://www.jra.go.jp/datafile/seiseki/report/2012/2012-2kokura10.pdf,official_daily_result_pdf
201210021101,2012,小倉,2,11,1,2012-09-01,https://www.jra.go.jp/datafile/seiseki/report/2012/2012-2kokura11.pdf,official_daily_result_pdf
201210021102,2012,小倉,2,11,2,2012-09-01,https://www.jra.go.jp/datafile/seiseki/report/2012/2012-2kokura11.pdf,official_daily_result_pdf
201210021103,2012,小倉,2,11,3,2012-09-01,https://www.jra.go.jp/datafile/seiseki/report/2012/2012-2kokura11.pdf,official_daily_result_pdf
201210021104,2012,小倉,2,11,4,2012-09-01,https://www.jra.go.jp/datafile/seiseki/report/2012/2012-2kokura11.pdf,official_daily_result_pdf
201210021105,2012,小倉,2,11,5,2012-09-01,https://www.jra.go.jp/datafile/seiseki/report/2012/2012-2kokura11.pdf,official_daily_result_pdf
201210021106,2012,小倉,2,11,6,2012-09-01,https://www.jra.go.jp/datafile/seiseki/report/2012/2012-2kokura11.pdf,official_daily_result_pdf
201210021107,2012,小倉,2,11,7,2012-09-01,https://www.jra.go.jp/datafile/seiseki/report/2012/2012-2kokura11.pdf,official_daily_result_pdf
201210021108,2012,小倉,2,11,8,2012-09-01,https://www.jra.go.jp/datafile/seiseki/report/2012/2012-2kokura11.pdf,official_daily_result_pdf
201210021109,2012,小倉,2,11,9,2012-09-01,https://www.jra.go.jp/datafile/seiseki/report/2012/2012-2kokura11.pdf,official_daily_result_pdf
201210021110,2012,小倉,2,11,10,2012-09-01,https://www.jra.go.jp/datafile/seiseki/report/2012/2012-2kokura11.pdf,official_daily_result_pdf
201210021111,2012,小倉,2,11,11,2012-09-01,https://www.jra.go.jp/datafile/seiseki/report/2012/2012-2kokura11.pdf,official_daily_result_pdf
201210021112,2012,小倉,2,11,12,2012-09-01,https://www.jra.go.jp/datafile/seiseki/report/2012/2012-2kokura11.pdf,official_daily_result_pdf
201210021201,2012,小倉,2,12,1,2012-09-02,https://www.jra.go.jp/datafile/seiseki/report/2012/2012-2kokura12.pdf,official_daily_result_pdf
201210021202,2012,小倉,2,12,2,2012-09-02,https://www.jra.go.jp/datafile/seiseki/report/2012/2012-2kokura12.pdf,official_daily_result_pdf
201210021203,2012,小倉,2,12,3,2012-09-02,https://www.jra.go.jp/datafile/seiseki/report/2012/2012-2kokura12.pdf,official_daily_result_pdf
201210021204,2012,小倉,2,12,4,2012-09-02,https://www.jra.go.jp/datafile/seiseki/report/2012/2012-2kokura12.pdf,official_daily_result_pdf
201210021205,2012,小倉,2,12,5,2012-09-02,https://www.jra.go.jp/datafile/seiseki/report/2012/2012-2kokura12.pdf,official_daily_result_pdf
201210021206,2012,小倉,2,12,6,2012-09-02,https://www.jra.go.jp/datafile/seiseki/report/2012/2012-2kokura12.pdf,official_daily_result_pdf
201210021207,2012,小倉,2,12,7,2012-09-02,https://www.jra.go.jp/datafile/seiseki/report/2012/2012-2kokura12.pdf,official_daily_result_pdf
201210021208,2012,小倉,2,12,8,2012-09-02,https://www.jra.go.jp/datafile/seiseki/report/2012/2012-2kokura12.pdf,official_daily_result_pdf
201210021209,2012,小倉,2,12,9,2012-09-02,https://www.jra.go.jp/datafile/seiseki/report/2012/2012-2kokura12.pdf,official_daily_result_pdf
201210021210,2012,小倉,2,12,10,2012-09-02,https://www.jra.go.jp/datafile/seiseki/report/2012/2012-2kokura12.pdf,official_daily_result_pdf
201210021211,2012,小倉,2,12,11,2012-09-02,https://www.jra.go.jp/datafile/seiseki/report/2012/2012-2kokura12.pdf,official_daily_result_pdf
201210021212,2012,小倉,2,12,12,2012-09-02,https://www.jra.go.jp/datafile/seiseki/report/2012/2012-2kokura12.pdf,official_daily_result_pdf
201302010101,2013,函館,1,1,1,2013-06-15,https://www.jra.go.jp/datafile/seiseki/report/2013/2013-1hakodate1.pdf,official_daily_result_pdf
201302010102,2013,函館,1,1,2,2013-06-15,https://www.jra.go.jp/datafile/seiseki/report/2013/2013-1hakodate1.pdf,official_daily_result_pdf
201302010103,2013,函館,1,1,3,2013-06-15,https://www.jra.go.jp/datafile/seiseki/report/2013/2013-1hakodate1.pdf,official_daily_result_pdf
201302010104,2013,函館,1,1,4,2013-06-15,https://www.jra.go.jp/datafile/seiseki/report/2013/2013-1hakodate1.pdf,official_daily_result_pdf
201302010105,2013,函館,1,1,5,2013-06-15,https://www.jra.go.jp/datafile/seiseki/report/2013/2013-1hakodate1.pdf,official_daily_result_pdf
201302010106,2013,函館,1,1,6,2013-06-15,https://www.jra.go.jp/datafile/seiseki/report/2013/2013-1hakodate1.pdf,official_daily_result_pdf
201302010107,2013,函館,1,1,7,2013-06-15,https://www.jra.go.jp/datafile/seiseki/report/2013/2013-1hakodate1.pdf,official_daily_result_pdf
201302010108,2013,函館,1,1,8,2013-06-15,https://www.jra.go.jp/datafile/seiseki/report/2013/2013-1hakodate1.pdf,official_daily_result_pdf
201302010109,2013,函館,1,1,9,2013-06-15,https://www.jra.go.jp/datafile/seiseki/report/2013/2013-1hakodate1.pdf,official_daily_result_pdf
201302010110,2013,函館,1,1,10,2013-06-15,https://www.jra.go.jp/datafile/seiseki/report/2013/2013-1hakodate1.pdf,official_daily_result_pdf
201302010111,2013,函館,1,1,11,2013-06-15,https://www.jra.go.jp/datafile/seiseki/report/2013/2013-1hakodate1.pdf,official_daily_result_pdf
201302010112,2013,函館,1,1,12,2013-06-15,https://www.jra.go.jp/datafile/seiseki/report/2013/2013-1hakodate1.pdf,official_daily_result_pdf
201302010201,2013,函館,1,2,1,2013-06-16,https://www.jra.go.jp/datafile/seiseki/report/2013/2013-1hakodate2.pdf,official_daily_result_pdf
201302010202,2013,函館,1,2,2,2013-06-16,https://www.jra.go.jp/datafile/seiseki/report/2013/2013-1hakodate2.pdf,official_daily_result_pdf
201302010203,2013,函館,1,2,3,2013-06-16,https://www.jra.go.jp/datafile/seiseki/report/2013/2013-1hakodate2.pdf,official_daily_result_pdf
201302010204,2013,函館,1,2,4,2013-06-16,https://www.jra.go.jp/datafile/seiseki/report/2013/2013-1hakodate2.pdf,official_daily_result_pdf
201302010205,2013,函館,1,2,5,2013-06-16,https://www.jra.go.jp/datafile/seiseki/report/2013/2013-1hakodate2.pdf,official_daily_result_pdf
201302010206,2013,函館,1,2,6,2013-06-16,https://www.jra.go.jp/datafile/seiseki/report/2013/2013-1hakodate2.pdf,official_daily_result_pdf
201302010207,2013,函館,1,2,7,2013-06-16,https://www.jra.go.jp/datafile/seiseki/report/2013/2013-1hakodate2.pdf,official_daily_result_pdf
201302010208,2013,函館,1,2,8,2013-06-16,https://www.jra.go.jp/datafile/seiseki/report/2013/2013-1hakodate2.pdf,official_daily_result_pdf
201302010209,2013,函館,1,2,9,2013-06-16,https://www.jra.go.jp/datafile/seiseki/report/2013/2013-1hakodate2.pdf,official_daily_result_pdf
201302010210,2013,函館,1,2,10,2013-06-16,https://www.jra.go.jp/datafile/seiseki/report/2013/2013-1hakodate2.pdf,official_daily_result_pdf
201302010211,2013,函館,1,2,11,2013-06-16,https://www.jra.go.jp/datafile/seiseki/report/2013/2013-1hakodate2.pdf,official_daily_result_pdf
201302010212,2013,函館,1,2,12,2013-06-16,https://www.jra.go.jp/datafile/seiseki/report/2013/2013-1hakodate2.pdf,official_daily_result_pdf
201302010301,2013,函館,1,3,1,2013-06-22,https://www.jra.go.jp/datafile/seiseki/report/2013/2013-1hakodate3.pdf,official_daily_result_pdf
201302010302,2013,函館,1,3,2,2013-06-22,https://www.jra.go.jp/datafile/seiseki/report/2013/2013-1hakodate3.pdf,official_daily_result_pdf
201302010303,2013,函館,1,3,3,2013-06-22,https://www.jra.go.jp/datafile/seiseki/report/2013/2013-1hakodate3.pdf,official_daily_result_pdf
201302010304,2013,函館,1,3,4,2013-06-22,https://www.jra.go.jp/datafile/seiseki/report/2013/2013-1hakodate3.pdf,official_daily_result_pdf
201302010305,2013,函館,1,3,5,2013-06-22,https://www.jra.go.jp/datafile/seiseki/report/2013/2013-1hakodate3.pdf,official_daily_result_pdf
201302010306,2013,函館,1,3,6,2013-06-22,https://www.jra.go.jp/datafile/seiseki/report/2013/2013-1hakodate3.pdf,official_daily_result_pdf
201302010307,2013,函館,1,3,7,2013-06-22,https://www.jra.go.jp/datafile/seiseki/report/2013/2013-1hakodate3.pdf,official_daily_result_pdf
201302010308,2013,函館,1,3,8,2013-06-22,https://www.jra.go.jp/datafile/seiseki/report/2013/2013-1hakodate3.pdf,official_daily_result_pdf
201302010309,2013,函館,1,3,9,2013-06-22,https://www.jra.go.jp/datafile/seiseki/report/2013/2013-1hakodate3.pdf,official_daily_result_pdf
201302010310,2013,函館,1,3,10,2013-06-22,https://www.jra.go.jp/datafile/seiseki/report/2013/2013-1hakodate3.pdf,official_daily_result_pdf
201302010311,2013,函館,1,3,11,2013-06-22,https://www.jra.go.jp/datafile/seiseki/report/2013/2013-1hakodate3.pdf,official_daily_result_pdf
201302010312,2013,函館,1,3,12,2013-06-22,https://www.jra.go.jp/datafile/seiseki/report/2013/2013-1hakodate3.pdf,official_daily_result_pdf
201302010401,2013,函館,1,4,1,2013-06-23,https://www.jra.go.jp/datafile/seiseki/report/2013/2013-1hakodate4.pdf,official_daily_result_pdf
201302010402,2013,函館,1,4,2,2013-06-23,https://www.jra.go.jp/datafile/seiseki/report/2013/2013-1hakodate4.pdf,official_daily_result_pdf
201302010403,2013,函館,1,4,3,2013-06-23,https://www.jra.go.jp/datafile/seiseki/report/2013/2013-1hakodate4.pdf,official_daily_result_pdf
201302010404,2013,函館,1,4,4,2013-06-23,https://www.jra.go.jp/datafile/seiseki/report/2013/2013-1hakodate4.pdf,official_daily_result_pdf
201302010405,2013,函館,1,4,5,2013-06-23,https://www.jra.go.jp/datafile/seiseki/report/2013/2013-1hakodate4.pdf,official_daily_result_pdf
201302010406,2013,函館,1,4,6,2013-06-23,https://www.jra.go.jp/datafile/seiseki/report/2013/2013-1hakodate4.pdf,official_daily_result_pdf
201302010407,2013,函館,1,4,7,2013-06-23,https://www.jra.go.jp/datafile/seiseki/report/2013/2013-1hakodate4.pdf,official_daily_result_pdf
201302010408,2013,函館,1,4,8,2013-06-23,https://www.jra.go.jp/datafile/seiseki/report/2013/2013-1hakodate4.pdf,official_daily_result_pdf
201302010409,2013,函館,1,4,9,2013-06-23,https://www.jra.go.jp/datafile/seiseki/report/2013/2013-1hakodate4.pdf,official_daily_result_pdf
201302010410,2013,函館,1,4,10,2013-06-23,https://www.jra.go.jp/datafile/seiseki/report/2013/2013-1hakodate4.pdf,official_daily_result_pdf
201302010411,2013,函館,1,4,11,2013-06-23,https://www.jra.go.jp/datafile/seiseki/report/2013/2013-1hakodate4.pdf,official_daily_result_pdf
201302010412,2013,函館,1,4,12,2013-06-23,https://www.jra.go.jp/datafile/seiseki/report/2013/2013-1hakodate4.pdf,official_daily_result_pdf
201302010501,2013,函館,1,5,1,2013-06-29,https://www.jra.go.jp/datafile/seiseki/report/2013/2013-1hakodate5.pdf,official_daily_result_pdf
201302010502,2013,函館,1,5,2,2013-06-29,https://www.jra.go.jp/datafile/seiseki/report/2013/2013-1hakodate5.pdf,official_daily_result_pdf
201302010503,2013,函館,1,5,3,2013-06-29,https://www.jra.go.jp/datafile/seiseki/report/2013/2013-1hakodate5.pdf,official_daily_result_pdf
201302010504,2013,函館,1,5,4,2013-06-29,https://www.jra.go.jp/datafile/seiseki/report/2013/2013-1hakodate5.pdf,official_daily_result_pdf
201302010505,2013,函館,1,5,5,2013-06-29,https://www.jra.go.jp/datafile/seiseki/report/2013/2013-1hakodate5.pdf,official_daily_result_pdf
201302010506,2013,函館,1,5,6,2013-06-29,https://www.jra.go.jp/datafile/seiseki/report/2013/2013-1hakodate5.pdf,official_daily_result_pdf
201302010507,2013,函館,1,5,7,2013-06-29,https://www.jra.go.jp/datafile/seiseki/report/2013/2013-1hakodate5.pdf,official_daily_result_pdf
201302010508,2013,函館,1,5,8,2013-06-29,https://www.jra.go.jp/datafile/seiseki/report/2013/2013-1hakodate5.pdf,official_daily_result_pdf
201302010509,2013,函館,1,5,9,2013-06-29,https://www.jra.go.jp/datafile/seiseki/report/2013/2013-1hakodate5.pdf,official_daily_result_pdf
201302010510,2013,函館,1,5,10,2013-06-29,https://www.jra.go.jp/datafile/seiseki/report/2013/2013-1hakodate5.pdf,official_daily_result_pdf
201302010511,2013,函館,1,5,11,2013-06-29,https://www.jra.go.jp/datafile/seiseki/report/2013/2013-1hakodate5.pdf,official_daily_result_pdf
201302010512,2013,函館,1,5,12,2013-06-29,https://www.jra.go.jp/datafile/seiseki/report/2013/2013-1hakodate5.pdf,official_daily_result_pdf
201302010601,2013,函館,1,6,1,2013-06-30,https://www.jra.go.jp/datafile/seiseki/report/2013/2013-1hakodate6.pdf,official_daily_result_pdf
201302010602,2013,函館,1,6,2,2013-06-30,https://www.jra.go.jp/datafile/seiseki/report/2013/2013-1hakodate6.pdf,official_daily_result_pdf
201302010603,2013,函館,1,6,3,2013-06-30,https://www.jra.go.jp/datafile/seiseki/report/2013/2013-1hakodate6.pdf,official_daily_result_pdf
201302010604,2013,函館,1,6,4,2013-06-30,https://www.jra.go.jp/datafile/seiseki/report/2013/2013-1hakodate6.pdf,official_daily_result_pdf
201302010605,2013,函館,1,6,5,2013-06-30,https://www.jra.go.jp/datafile/seiseki/report/2013/2013-1hakodate6.pdf,official_daily_result_pdf
201302010606,2013,函館,1,6,6,2013-06-30,https://www.jra.go.jp/datafile/seiseki/report/2013/2013-1hakodate6.pdf,official_daily_result_pdf
201302010607,2013,函館,1,6,7,2013-06-30,https://www.jra.go.jp/datafile/seiseki/report/2013/2013-1hakodate6.pdf,official_daily_result_pdf
201302010608,2013,函館,1,6,8,2013-06-30,https://www.jra.go.jp/datafile/seiseki/report/2013/2013-1hakodate6.pdf,official_daily_result_pdf
201302010609,2013,函館,1,6,9,2013-06-30,https://www.jra.go.jp/datafile/seiseki/report/2013/2013-1hakodate6.pdf,official_daily_result_pdf
201302010610,2013,函館,1,6,10,2013-06-30,https://www.jra.go.jp/datafile/seiseki/report/2013/2013-1hakodate6.pdf,official_daily_result_pdf
201302010611,2013,函館,1,6,11,2013-06-30,https://www.jra.go.jp/datafile/seiseki/report/2013/2013-1hakodate6.pdf,official_daily_result_pdf
201302010612,2013,函館,1,6,12,2013-06-30,https://www.jra.go.jp/datafile/seiseki/report/2013/2013-1hakodate6.pdf,official_daily_result_pdf
201302020101,2013,函館,2,1,1,2013-07-06,https://www.jra.go.jp/datafile/seiseki/report/2013/2013-2hakodate1.pdf,official_daily_result_pdf
201302020102,2013,函館,2,1,2,2013-07-06,https://www.jra.go.jp/datafile/seiseki/report/2013/2013-2hakodate1.pdf,official_daily_result_pdf
201302020103,2013,函館,2,1,3,2013-07-06,https://www.jra.go.jp/datafile/seiseki/report/2013/2013-2hakodate1.pdf,official_daily_result_pdf
201302020104,2013,函館,2,1,4,2013-07-06,https://www.jra.go.jp/datafile/seiseki/report/2013/2013-2hakodate1.pdf,official_daily_result_pdf
201302020105,2013,函館,2,1,5,2013-07-06,https://www.jra.go.jp/datafile/seiseki/report/2013/2013-2hakodate1.pdf,official_daily_result_pdf
201302020106,2013,函館,2,1,6,2013-07-06,https://www.jra.go.jp/datafile/seiseki/report/2013/2013-2hakodate1.pdf,official_daily_result_pdf
201302020107,2013,函館,2,1,7,2013-07-06,https://www.jra.go.jp/datafile/seiseki/report/2013/2013-2hakodate1.pdf,official_daily_result_pdf
201302020108,2013,函館,2,1,8,2013-07-06,https://www.jra.go.jp/datafile/seiseki/report/2013/2013-2hakodate1.pdf,official_daily_result_pdf
201302020109,2013,函館,2,1,9,2013-07-06,https://www.jra.go.jp/datafile/seiseki/report/2013/2013-2hakodate1.pdf,official_daily_result_pdf
201302020110,2013,函館,2,1,10,2013-07-06,https://www.jra.go.jp/datafile/seiseki/report/2013/2013-2hakodate1.pdf,official_daily_result_pdf
201302020111,2013,函館,2,1,11,2013-07-06,https://www.jra.go.jp/datafile/seiseki/report/2013/2013-2hakodate1.pdf,official_daily_result_pdf
201302020112,2013,函館,2,1,12,2013-07-06,https://www.jra.go.jp/datafile/seiseki/report/2013/2013-2hakodate1.pdf,official_daily_result_pdf
201302020201,2013,函館,2,2,1,2013-07-07,https://www.jra.go.jp/datafile/seiseki/report/2013/2013-2hakodate2.pdf,official_daily_result_pdf
201302020202,2013,函館,2,2,2,2013-07-07,https://www.jra.go.jp/datafile/seiseki/report/2013/2013-2hakodate2.pdf,official_daily_result_pdf
201302020203,2013,函館,2,2,3,2013-07-07,https://www.jra.go.jp/datafile/seiseki/report/2013/2013-2hakodate2.pdf,official_daily_result_pdf
201302020204,2013,函館,2,2,4,2013-07-07,https://www.jra.go.jp/datafile/seiseki/report/2013/2013-2hakodate2.pdf,official_daily_result_pdf
201302020205,2013,函館,2,2,5,2013-07-07,https://www.jra.go.jp/datafile/seiseki/report/2013/2013-2hakodate2.pdf,official_daily_result_pdf
201302020206,2013,函館,2,2,6,2013-07-07,https://www.jra.go.jp/datafile/seiseki/report/2013/2013-2hakodate2.pdf,official_daily_result_pdf
201302020207,2013,函館,2,2,7,2013-07-07,https://www.jra.go.jp/datafile/seiseki/report/2013/2013-2hakodate2.pdf,official_daily_result_pdf
201302020208,2013,函館,2,2,8,2013-07-07,https://www.jra.go.jp/datafile/seiseki/report/2013/2013-2hakodate2.pdf,official_daily_result_pdf
201302020209,2013,函館,2,2,9,2013-07-07,https://www.jra.go.jp/datafile/seiseki/report/2013/2013-2hakodate2.pdf,official_daily_result_pdf
201302020210,2013,函館,2,2,10,2013-07-07,https://www.jra.go.jp/datafile/seiseki/report/2013/2013-2hakodate2.pdf,official_daily_result_pdf
201302020211,2013,函館,2,2,11,2013-07-07,https://www.jra.go.jp/datafile/seiseki/report/2013/2013-2hakodate2.pdf,official_daily_result_pdf
201302020212,2013,函館,2,2,12,2013-07-07,https://www.jra.go.jp/datafile/seiseki/report/2013/2013-2hakodate2.pdf,official_daily_result_pdf
201302020301,2013,函館,2,3,1,2013-07-13,https://www.jra.go.jp/datafile/seiseki/report/2013/2013-2hakodate3.pdf,official_daily_result_pdf
201302020302,2013,函館,2,3,2,2013-07-13,https://www.jra.go.jp/datafile/seiseki/report/2013/2013-2hakodate3.pdf,official_daily_result_pdf
201302020303,2013,函館,2,3,3,2013-07-13,https://www.jra.go.jp/datafile/seiseki/report/2013/2013-2hakodate3.pdf,official_daily_result_pdf
201302020304,2013,函館,2,3,4,2013-07-13,https://www.jra.go.jp/datafile/seiseki/report/2013/2013-2hakodate3.pdf,official_daily_result_pdf
201302020305,2013,函館,2,3,5,2013-07-13,https://www.jra.go.jp/datafile/seiseki/report/2013/2013-2hakodate3.pdf,official_daily_result_pdf
201302020306,2013,函館,2,3,6,2013-07-13,https://www.jra.go.jp/datafile/seiseki/report/2013/2013-2hakodate3.pdf,official_daily_result_pdf
201302020307,2013,函館,2,3,7,2013-07-13,https://www.jra.go.jp/datafile/seiseki/report/2013/2013-2hakodate3.pdf,official_daily_result_pdf
201302020308,2013,函館,2,3,8,2013-07-13,https://www.jra.go.jp/datafile/seiseki/report/2013/2013-2hakodate3.pdf,official_daily_result_pdf
201302020309,2013,函館,2,3,9,2013-07-13,https://www.jra.go.jp/datafile/seiseki/report/2013/2013-2hakodate3.pdf,official_daily_result_pdf
201302020310,2013,函館,2,3,10,2013-07-13,https://www.jra.go.jp/datafile/seiseki/report/2013/2013-2hakodate3.pdf,official_daily_result_pdf
201302020311,2013,函館,2,3,11,2013-07-13,https://www.jra.go.jp/datafile/seiseki/report/2013/2013-2hakodate3.pdf,official_daily_result_pdf
201302020312,2013,函館,2,3,12,2013-07-13,https://www.jra.go.jp/datafile/seiseki/report/2013/2013-2hakodate3.pdf,official_daily_result_pdf
201302020401,2013,函館,2,4,1,2013-07-14,https://www.jra.go.jp/datafile/seiseki/report/2013/2013-2hakodate4.pdf,official_daily_result_pdf
201302020402,2013,函館,2,4,2,2013-07-14,https://www.jra.go.jp/datafile/seiseki/report/2013/2013-2hakodate4.pdf,official_daily_result_pdf
201302020403,2013,函館,2,4,3,2013-07-14,https://www.jra.go.jp/datafile/seiseki/report/2013/2013-2hakodate4.pdf,official_daily_result_pdf
201302020404,2013,函館,2,4,4,2013-07-14,https://www.jra.go.jp/datafile/seiseki/report/2013/2013-2hakodate4.pdf,official_daily_result_pdf
201302020405,2013,函館,2,4,5,2013-07-14,https://www.jra.go.jp/datafile/seiseki/report/2013/2013-2hakodate4.pdf,official_daily_result_pdf
201302020406,2013,函館,2,4,6,2013-07-14,https://www.jra.go.jp/datafile/seiseki/report/2013/2013-2hakodate4.pdf,official_daily_result_pdf
201302020407,2013,函館,2,4,7,2013-07-14,https://www.jra.go.jp/datafile/seiseki/report/2013/2013-2hakodate4.pdf,official_daily_result_pdf
201302020408,2013,函館,2,4,8,2013-07-14,https://www.jra.go.jp/datafile/seiseki/report/2013/2013-2hakodate4.pdf,official_daily_result_pdf
201302020409,2013,函館,2,4,9,2013-07-14,https://www.jra.go.jp/datafile/seiseki/report/2013/2013-2hakodate4.pdf,official_daily_result_pdf
201302020410,2013,函館,2,4,10,2013-07-14,https://www.jra.go.jp/datafile/seiseki/report/2013/2013-2hakodate4.pdf,official_daily_result_pdf
201302020411,2013,函館,2,4,11,2013-07-14,https://www.jra.go.jp/datafile/seiseki/report/2013/2013-2hakodate4.pdf,official_daily_result_pdf
201302020412,2013,函館,2,4,12,2013-07-14,https://www.jra.go.jp/datafile/seiseki/report/2013/2013-2hakodate4.pdf,official_daily_result_pdf
201302020501,2013,函館,2,5,1,2013-07-20,https://www.jra.go.jp/datafile/seiseki/report/2013/2013-2hakodate5.pdf,official_daily_result_pdf
201302020502,2013,函館,2,5,2,2013-07-20,https://www.jra.go.jp/datafile/seiseki/report/2013/2013-2hakodate5.pdf,official_daily_result_pdf
201302020503,2013,函館,2,5,3,2013-07-20,https://www.jra.go.jp/datafile/seiseki/report/2013/2013-2hakodate5.pdf,official_daily_result_pdf
201302020504,2013,函館,2,5,4,2013-07-20,https://www.jra.go.jp/datafile/seiseki/report/2013/2013-2hakodate5.pdf,official_daily_result_pdf
201302020505,2013,函館,2,5,5,2013-07-20,https://www.jra.go.jp/datafile/seiseki/report/2013/2013-2hakodate5.pdf,official_daily_result_pdf
201302020506,2013,函館,2,5,6,2013-07-20,https://www.jra.go.jp/datafile/seiseki/report/2013/2013-2hakodate5.pdf,official_daily_result_pdf
201302020507,2013,函館,2,5,7,2013-07-20,https://www.jra.go.jp/datafile/seiseki/report/2013/2013-2hakodate5.pdf,official_daily_result_pdf
201302020508,2013,函館,2,5,8,2013-07-20,https://www.jra.go.jp/datafile/seiseki/report/2013/2013-2hakodate5.pdf,official_daily_result_pdf
201302020509,2013,函館,2,5,9,2013-07-20,https://www.jra.go.jp/datafile/seiseki/report/2013/2013-2hakodate5.pdf,official_daily_result_pdf
201302020510,2013,函館,2,5,10,2013-07-20,https://www.jra.go.jp/datafile/seiseki/report/2013/2013-2hakodate5.pdf,official_daily_result_pdf
201302020511,2013,函館,2,5,11,2013-07-20,https://www.jra.go.jp/datafile/seiseki/report/2013/2013-2hakodate5.pdf,official_daily_result_pdf
201302020512,2013,函館,2,5,12,2013-07-20,https://www.jra.go.jp/datafile/seiseki/report/2013/2013-2hakodate5.pdf,official_daily_result_pdf
201302020601,2013,函館,2,6,1,2013-07-21,https://www.jra.go.jp/datafile/seiseki/report/2013/2013-2hakodate6.pdf,official_daily_result_pdf
201302020602,2013,函館,2,6,2,2013-07-21,https://www.jra.go.jp/datafile/seiseki/report/2013/2013-2hakodate6.pdf,official_daily_result_pdf
201302020603,2013,函館,2,6,3,2013-07-21,https://www.jra.go.jp/datafile/seiseki/report/2013/2013-2hakodate6.pdf,official_daily_result_pdf
201302020604,2013,函館,2,6,4,2013-07-21,https://www.jra.go.jp/datafile/seiseki/report/2013/2013-2hakodate6.pdf,official_daily_result_pdf
201302020605,2013,函館,2,6,5,2013-07-21,https://www.jra.go.jp/datafile/seiseki/report/2013/2013-2hakodate6.pdf,official_daily_result_pdf
201302020606,2013,函館,2,6,6,2013-07-21,https://www.jra.go.jp/datafile/seiseki/report/2013/2013-2hakodate6.pdf,official_daily_result_pdf
201302020607,2013,函館,2,6,7,2013-07-21,https://www.jra.go.jp/datafile/seiseki/report/2013/2013-2hakodate6.pdf,official_daily_result_pdf
201302020608,2013,函館,2,6,8,2013-07-21,https://www.jra.go.jp/datafile/seiseki/report/2013/2013-2hakodate6.pdf,official_daily_result_pdf
201302020609,2013,函館,2,6,9,2013-07-21,https://www.jra.go.jp/datafile/seiseki/report/2013/2013-2hakodate6.pdf,official_daily_result_pdf
201302020610,2013,函館,2,6,10,2013-07-21,https://www.jra.go.jp/datafile/seiseki/report/2013/2013-2hakodate6.pdf,official_daily_result_pdf
201302020611,2013,函館,2,6,11,2013-07-21,https://www.jra.go.jp/datafile/seiseki/report/2013/2013-2hakodate6.pdf,official_daily_result_pdf
201302020612,2013,函館,2,6,12,2013-07-21,https://www.jra.go.jp/datafile/seiseki/report/2013/2013-2hakodate6.pdf,official_daily_result_pdf
201302030101,2013,函館,3,1,1,2013-07-27,https://www.jra.go.jp/datafile/seiseki/report/2013/2013-3hakodate1.pdf,official_daily_result_pdf
201302030102,2013,函館,3,1,2,2013-07-27,https://www.jra.go.jp/datafile/seiseki/report/2013/2013-3hakodate1.pdf,official_daily_result_pdf
201302030103,2013,函館,3,1,3,2013-07-27,https://www.jra.go.jp/datafile/seiseki/report/2013/2013-3hakodate1.pdf,official_daily_result_pdf
201302030104,2013,函館,3,1,4,2013-07-27,https://www.jra.go.jp/datafile/seiseki/report/2013/2013-3hakodate1.pdf,official_daily_result_pdf
201302030105,2013,函館,3,1,5,2013-07-27,https://www.jra.go.jp/datafile/seiseki/report/2013/2013-3hakodate1.pdf,official_daily_result_pdf
201302030106,2013,函館,3,1,6,2013-07-27,https://www.jra.go.jp/datafile/seiseki/report/2013/2013-3hakodate1.pdf,official_daily_result_pdf
201302030107,2013,函館,3,1,7,2013-07-27,https://www.jra.go.jp/datafile/seiseki/report/2013/2013-3hakodate1.pdf,official_daily_result_pdf
201302030108,2013,函館,3,1,8,2013-07-27,https://www.jra.go.jp/datafile/seiseki/report/2013/2013-3hakodate1.pdf,official_daily_result_pdf
201302030109,2013,函館,3,1,9,2013-07-27,https://www.jra.go.jp/datafile/seiseki/report/2013/2013-3hakodate1.pdf,official_daily_result_pdf
201302030110,2013,函館,3,1,10,2013-07-27,https://www.jra.go.jp/datafile/seiseki/report/2013/2013-3hakodate1.pdf,official_daily_result_pdf
201302030111,2013,函館,3,1,11,2013-07-27,https://www.jra.go.jp/datafile/seiseki/report/2013/2013-3hakodate1.pdf,official_daily_result_pdf
201302030112,2013,函館,3,1,12,2013-07-27,https://www.jra.go.jp/datafile/seiseki/report/2013/2013-3hakodate1.pdf,official_daily_result_pdf
201302030201,2013,函館,3,2,1,2013-07-28,https://www.jra.go.jp/datafile/seiseki/report/2013/2013-3hakodate2.pdf,official_daily_result_pdf
201302030202,2013,函館,3,2,2,2013-07-28,https://www.jra.go.jp/datafile/seiseki/report/2013/2013-3hakodate2.pdf,official_daily_result_pdf
201302030203,2013,函館,3,2,3,2013-07-28,https://www.jra.go.jp/datafile/seiseki/report/2013/2013-3hakodate2.pdf,official_daily_result_pdf
201302030204,2013,函館,3,2,4,2013-07-28,https://www.jra.go.jp/datafile/seiseki/report/2013/2013-3hakodate2.pdf,official_daily_result_pdf
201302030205,2013,函館,3,2,5,2013-07-28,https://www.jra.go.jp/datafile/seiseki/report/2013/2013-3hakodate2.pdf,official_daily_result_pdf
201302030206,2013,函館,3,2,6,2013-07-28,https://www.jra.go.jp/datafile/seiseki/report/2013/2013-3hakodate2.pdf,official_daily_result_pdf
201302030207,2013,函館,3,2,7,2013-07-28,https://www.jra.go.jp/datafile/seiseki/report/2013/2013-3hakodate2.pdf,official_daily_result_pdf
201302030208,2013,函館,3,2,8,2013-07-28,https://www.jra.go.jp/datafile/seiseki/report/2013/2013-3hakodate2.pdf,official_daily_result_pdf
201302030209,2013,函館,3,2,9,2013-07-28,https://www.jra.go.jp/datafile/seiseki/report/2013/2013-3hakodate2.pdf,official_daily_result_pdf
201302030210,2013,函館,3,2,10,2013-07-28,https://www.jra.go.jp/datafile/seiseki/report/2013/2013-3hakodate2.pdf,official_daily_result_pdf
201302030211,2013,函館,3,2,11,2013-07-28,https://www.jra.go.jp/datafile/seiseki/report/2013/2013-3hakodate2.pdf,official_daily_result_pdf
201302030212,2013,函館,3,2,12,2013-07-28,https://www.jra.go.jp/datafile/seiseki/report/2013/2013-3hakodate2.pdf,official_daily_result_pdf
201302030301,2013,函館,3,3,1,2013-08-03,https://www.jra.go.jp/datafile/seiseki/report/2013/2013-3hakodate3.pdf,official_daily_result_pdf
201302030302,2013,函館,3,3,2,2013-08-03,https://www.jra.go.jp/datafile/seiseki/report/2013/2013-3hakodate3.pdf,official_daily_result_pdf
201302030303,2013,函館,3,3,3,2013-08-03,https://www.jra.go.jp/datafile/seiseki/report/2013/2013-3hakodate3.pdf,official_daily_result_pdf
201302030304,2013,函館,3,3,4,2013-08-03,https://www.jra.go.jp/datafile/seiseki/report/2013/2013-3hakodate3.pdf,official_daily_result_pdf
201302030305,2013,函館,3,3,5,2013-08-03,https://www.jra.go.jp/datafile/seiseki/report/2013/2013-3hakodate3.pdf,official_daily_result_pdf
201302030306,2013,函館,3,3,6,2013-08-03,https://www.jra.go.jp/datafile/seiseki/report/2013/2013-3hakodate3.pdf,official_daily_result_pdf
201302030307,2013,函館,3,3,7,2013-08-03,https://www.jra.go.jp/datafile/seiseki/report/2013/2013-3hakodate3.pdf,official_daily_result_pdf
201302030308,2013,函館,3,3,8,2013-08-03,https://www.jra.go.jp/datafile/seiseki/report/2013/2013-3hakodate3.pdf,official_daily_result_pdf
201302030309,2013,函館,3,3,9,2013-08-03,https://www.jra.go.jp/datafile/seiseki/report/2013/2013-3hakodate3.pdf,official_daily_result_pdf
201302030310,2013,函館,3,3,10,2013-08-03,https://www.jra.go.jp/datafile/seiseki/report/2013/2013-3hakodate3.pdf,official_daily_result_pdf
201302030311,2013,函館,3,3,11,2013-08-03,https://www.jra.go.jp/datafile/seiseki/report/2013/2013-3hakodate3.pdf,official_daily_result_pdf
201302030312,2013,函館,3,3,12,2013-08-03,https://www.jra.go.jp/datafile/seiseki/report/2013/2013-3hakodate3.pdf,official_daily_result_pdf
201302030401,2013,函館,3,4,1,2013-08-04,https://www.jra.go.jp/datafile/seiseki/report/2013/2013-3hakodate4.pdf,official_daily_result_pdf
201302030402,2013,函館,3,4,2,2013-08-04,https://www.jra.go.jp/datafile/seiseki/report/2013/2013-3hakodate4.pdf,official_daily_result_pdf
201302030403,2013,函館,3,4,3,2013-08-04,https://www.jra.go.jp/datafile/seiseki/report/2013/2013-3hakodate4.pdf,official_daily_result_pdf
201302030404,2013,函館,3,4,4,2013-08-04,https://www.jra.go.jp/datafile/seiseki/report/2013/2013-3hakodate4.pdf,official_daily_result_pdf
201302030405,2013,函館,3,4,5,2013-08-04,https://www.jra.go.jp/datafile/seiseki/report/2013/2013-3hakodate4.pdf,official_daily_result_pdf
201302030406,2013,函館,3,4,6,2013-08-04,https://www.jra.go.jp/datafile/seiseki/report/2013/2013-3hakodate4.pdf,official_daily_result_pdf
201302030407,2013,函館,3,4,7,2013-08-04,https://www.jra.go.jp/datafile/seiseki/report/2013/2013-3hakodate4.pdf,official_daily_result_pdf
201302030408,2013,函館,3,4,8,2013-08-04,https://www.jra.go.jp/datafile/seiseki/report/2013/2013-3hakodate4.pdf,official_daily_result_pdf
201302030409,2013,函館,3,4,9,2013-08-04,https://www.jra.go.jp/datafile/seiseki/report/2013/2013-3hakodate4.pdf,official_daily_result_pdf
201302030410,2013,函館,3,4,10,2013-08-04,https://www.jra.go.jp/datafile/seiseki/report/2013/2013-3hakodate4.pdf,official_daily_result_pdf
201302030411,2013,函館,3,4,11,2013-08-04,https://www.jra.go.jp/datafile/seiseki/report/2013/2013-3hakodate4.pdf,official_daily_result_pdf
201302030412,2013,函館,3,4,12,2013-08-04,https://www.jra.go.jp/datafile/seiseki/report/2013/2013-3hakodate4.pdf,official_daily_result_pdf
201302030501,2013,函館,3,5,1,2013-08-10,https://www.jra.go.jp/datafile/seiseki/report/2013/2013-3hakodate5.pdf,official_daily_result_pdf
201302030502,2013,函館,3,5,2,2013-08-10,https://www.jra.go.jp/datafile/seiseki/report/2013/2013-3hakodate5.pdf,official_daily_result_pdf
201302030503,2013,函館,3,5,3,2013-08-10,https://www.jra.go.jp/datafile/seiseki/report/2013/2013-3hakodate5.pdf,official_daily_result_pdf
201302030504,2013,函館,3,5,4,2013-08-10,https://www.jra.go.jp/datafile/seiseki/report/2013/2013-3hakodate5.pdf,official_daily_result_pdf
201302030505,2013,函館,3,5,5,2013-08-10,https://www.jra.go.jp/datafile/seiseki/report/2013/2013-3hakodate5.pdf,official_daily_result_pdf
201302030506,2013,函館,3,5,6,2013-08-10,https://www.jra.go.jp/datafile/seiseki/report/2013/2013-3hakodate5.pdf,official_daily_result_pdf
201302030507,2013,函館,3,5,7,2013-08-10,https://www.jra.go.jp/datafile/seiseki/report/2013/2013-3hakodate5.pdf,official_daily_result_pdf
201302030508,2013,函館,3,5,8,2013-08-10,https://www.jra.go.jp/datafile/seiseki/report/2013/2013-3hakodate5.pdf,official_daily_result_pdf
201302030509,2013,函館,3,5,9,2013-08-10,https://www.jra.go.jp/datafile/seiseki/report/2013/2013-3hakodate5.pdf,official_daily_result_pdf
201302030510,2013,函館,3,5,10,2013-08-10,https://www.jra.go.jp/datafile/seiseki/report/2013/2013-3hakodate5.pdf,official_daily_result_pdf
201302030511,2013,函館,3,5,11,2013-08-10,https://www.jra.go.jp/datafile/seiseki/report/2013/2013-3hakodate5.pdf,official_daily_result_pdf
201302030512,2013,函館,3,5,12,2013-08-10,https://www.jra.go.jp/datafile/seiseki/report/2013/2013-3hakodate5.pdf,official_daily_result_pdf
201302030601,2013,函館,3,6,1,2013-08-11,https://www.jra.go.jp/datafile/seiseki/report/2013/2013-3hakodate6.pdf,official_daily_result_pdf
201302030602,2013,函館,3,6,2,2013-08-11,https://www.jra.go.jp/datafile/seiseki/report/2013/2013-3hakodate6.pdf,official_daily_result_pdf
201302030603,2013,函館,3,6,3,2013-08-11,https://www.jra.go.jp/datafile/seiseki/report/2013/2013-3hakodate6.pdf,official_daily_result_pdf
201302030604,2013,函館,3,6,4,2013-08-11,https://www.jra.go.jp/datafile/seiseki/report/2013/2013-3hakodate6.pdf,official_daily_result_pdf
201302030605,2013,函館,3,6,5,2013-08-11,https://www.jra.go.jp/datafile/seiseki/report/2013/2013-3hakodate6.pdf,official_daily_result_pdf
201302030606,2013,函館,3,6,6,2013-08-11,https://www.jra.go.jp/datafile/seiseki/report/2013/2013-3hakodate6.pdf,official_daily_result_pdf
201302030607,2013,函館,3,6,7,2013-08-11,https://www.jra.go.jp/datafile/seiseki/report/2013/2013-3hakodate6.pdf,official_daily_result_pdf
201302030608,2013,函館,3,6,8,2013-08-11,https://www.jra.go.jp/datafile/seiseki/report/2013/2013-3hakodate6.pdf,official_daily_result_pdf
201302030609,2013,函館,3,6,9,2013-08-11,https://www.jra.go.jp/datafile/seiseki/report/2013/2013-3hakodate6.pdf,official_daily_result_pdf
201302030610,2013,函館,3,6,10,2013-08-11,https://www.jra.go.jp/datafile/seiseki/report/2013/2013-3hakodate6.pdf,official_daily_result_pdf
201302030611,2013,函館,3,6,11,2013-08-11,https://www.jra.go.jp/datafile/seiseki/report/2013/2013-3hakodate6.pdf,official_daily_result_pdf
201302030612,2013,函館,3,6,12,2013-08-11,https://www.jra.go.jp/datafile/seiseki/report/2013/2013-3hakodate6.pdf,official_daily_result_pdf
201302040101,2013,函館,4,1,1,2013-08-17,https://www.jra.go.jp/datafile/seiseki/report/2013/2013-4hakodate1.pdf,official_daily_result_pdf
201302040102,2013,函館,4,1,2,2013-08-17,https://www.jra.go.jp/datafile/seiseki/report/2013/2013-4hakodate1.pdf,official_daily_result_pdf
201302040103,2013,函館,4,1,3,2013-08-17,https://www.jra.go.jp/datafile/seiseki/report/2013/2013-4hakodate1.pdf,official_daily_result_pdf
201302040104,2013,函館,4,1,4,2013-08-17,https://www.jra.go.jp/datafile/seiseki/report/2013/2013-4hakodate1.pdf,official_daily_result_pdf
201302040105,2013,函館,4,1,5,2013-08-17,https://www.jra.go.jp/datafile/seiseki/report/2013/2013-4hakodate1.pdf,official_daily_result_pdf
201302040106,2013,函館,4,1,6,2013-08-17,https://www.jra.go.jp/datafile/seiseki/report/2013/2013-4hakodate1.pdf,official_daily_result_pdf
201302040107,2013,函館,4,1,7,2013-08-17,https://www.jra.go.jp/datafile/seiseki/report/2013/2013-4hakodate1.pdf,official_daily_result_pdf
201302040108,2013,函館,4,1,8,2013-08-17,https://www.jra.go.jp/datafile/seiseki/report/2013/2013-4hakodate1.pdf,official_daily_result_pdf
201302040109,2013,函館,4,1,9,2013-08-17,https://www.jra.go.jp/datafile/seiseki/report/2013/2013-4hakodate1.pdf,official_daily_result_pdf
201302040110,2013,函館,4,1,10,2013-08-17,https://www.jra.go.jp/datafile/seiseki/report/2013/2013-4hakodate1.pdf,official_daily_result_pdf
201302040111,2013,函館,4,1,11,2013-08-17,https://www.jra.go.jp/datafile/seiseki/report/2013/2013-4hakodate1.pdf,official_daily_result_pdf
201302040112,2013,函館,4,1,12,2013-08-17,https://www.jra.go.jp/datafile/seiseki/report/2013/2013-4hakodate1.pdf,official_daily_result_pdf
201302040201,2013,函館,4,2,1,2013-08-18,https://www.jra.go.jp/datafile/seiseki/report/2013/2013-4hakodate2.pdf,official_daily_result_pdf
201302040202,2013,函館,4,2,2,2013-08-18,https://www.jra.go.jp/datafile/seiseki/report/2013/2013-4hakodate2.pdf,official_daily_result_pdf
201302040203,2013,函館,4,2,3,2013-08-18,https://www.jra.go.jp/datafile/seiseki/report/2013/2013-4hakodate2.pdf,official_daily_result_pdf
201302040204,2013,函館,4,2,4,2013-08-18,https://www.jra.go.jp/datafile/seiseki/report/2013/2013-4hakodate2.pdf,official_daily_result_pdf
201302040205,2013,函館,4,2,5,2013-08-18,https://www.jra.go.jp/datafile/seiseki/report/2013/2013-4hakodate2.pdf,official_daily_result_pdf
201302040206,2013,函館,4,2,6,2013-08-18,https://www.jra.go.jp/datafile/seiseki/report/2013/2013-4hakodate2.pdf,official_daily_result_pdf
201302040207,2013,函館,4,2,7,2013-08-18,https://www.jra.go.jp/datafile/seiseki/report/2013/2013-4hakodate2.pdf,official_daily_result_pdf
201302040208,2013,函館,4,2,8,2013-08-18,https://www.jra.go.jp/datafile/seiseki/report/2013/2013-4hakodate2.pdf,official_daily_result_pdf
201302040209,2013,函館,4,2,9,2013-08-18,https://www.jra.go.jp/datafile/seiseki/report/2013/2013-4hakodate2.pdf,official_daily_result_pdf
201302040210,2013,函館,4,2,10,2013-08-18,https://www.jra.go.jp/datafile/seiseki/report/2013/2013-4hakodate2.pdf,official_daily_result_pdf
201302040211,2013,函館,4,2,11,2013-08-18,https://www.jra.go.jp/datafile/seiseki/report/2013/2013-4hakodate2.pdf,official_daily_result_pdf
201302040212,2013,函館,4,2,12,2013-08-18,https://www.jra.go.jp/datafile/seiseki/report/2013/2013-4hakodate2.pdf,official_daily_result_pdf
201302040301,2013,函館,4,3,1,2013-08-24,https://www.jra.go.jp/datafile/seiseki/report/2013/2013-4hakodate3.pdf,official_daily_result_pdf
201302040302,2013,函館,4,3,2,2013-08-24,https://www.jra.go.jp/datafile/seiseki/report/2013/2013-4hakodate3.pdf,official_daily_result_pdf
201302040303,2013,函館,4,3,3,2013-08-24,https://www.jra.go.jp/datafile/seiseki/report/2013/2013-4hakodate3.pdf,official_daily_result_pdf
201302040304,2013,函館,4,3,4,2013-08-24,https://www.jra.go.jp/datafile/seiseki/report/2013/2013-4hakodate3.pdf,official_daily_result_pdf
201302040305,2013,函館,4,3,5,2013-08-24,https://www.jra.go.jp/datafile/seiseki/report/2013/2013-4hakodate3.pdf,official_daily_result_pdf
201302040306,2013,函館,4,3,6,2013-08-24,https://www.jra.go.jp/datafile/seiseki/report/2013/2013-4hakodate3.pdf,official_daily_result_pdf
201302040307,2013,函館,4,3,7,2013-08-24,https://www.jra.go.jp/datafile/seiseki/report/2013/2013-4hakodate3.pdf,official_daily_result_pdf
201302040308,2013,函館,4,3,8,2013-08-24,https://www.jra.go.jp/datafile/seiseki/report/2013/2013-4hakodate3.pdf,official_daily_result_pdf
201302040309,2013,函館,4,3,9,2013-08-24,https://www.jra.go.jp/datafile/seiseki/report/2013/2013-4hakodate3.pdf,official_daily_result_pdf
201302040310,2013,函館,4,3,10,2013-08-24,https://www.jra.go.jp/datafile/seiseki/report/2013/2013-4hakodate3.pdf,official_daily_result_pdf
201302040311,2013,函館,4,3,11,2013-08-24,https://www.jra.go.jp/datafile/seiseki/report/2013/2013-4hakodate3.pdf,official_daily_result_pdf
201302040312,2013,函館,4,3,12,2013-08-24,https://www.jra.go.jp/datafile/seiseki/report/2013/2013-4hakodate3.pdf,official_daily_result_pdf
201302040401,2013,函館,4,4,1,2013-08-25,https://www.jra.go.jp/datafile/seiseki/report/2013/2013-4hakodate4.pdf,official_daily_result_pdf
201302040402,2013,函館,4,4,2,2013-08-25,https://www.jra.go.jp/datafile/seiseki/report/2013/2013-4hakodate4.pdf,official_daily_result_pdf
201302040403,2013,函館,4,4,3,2013-08-25,https://www.jra.go.jp/datafile/seiseki/report/2013/2013-4hakodate4.pdf,official_daily_result_pdf
201302040404,2013,函館,4,4,4,2013-08-25,https://www.jra.go.jp/datafile/seiseki/report/2013/2013-4hakodate4.pdf,official_daily_result_pdf
201302040405,2013,函館,4,4,5,2013-08-25,https://www.jra.go.jp/datafile/seiseki/report/2013/2013-4hakodate4.pdf,official_daily_result_pdf
201302040406,2013,函館,4,4,6,2013-08-25,https://www.jra.go.jp/datafile/seiseki/report/2013/2013-4hakodate4.pdf,official_daily_result_pdf
201302040407,2013,函館,4,4,7,2013-08-25,https://www.jra.go.jp/datafile/seiseki/report/2013/2013-4hakodate4.pdf,official_daily_result_pdf
201302040408,2013,函館,4,4,8,2013-08-25,https://www.jra.go.jp/datafile/seiseki/report/2013/2013-4hakodate4.pdf,official_daily_result_pdf
201302040409,2013,函館,4,4,9,2013-08-25,https://www.jra.go.jp/datafile/seiseki/report/2013/2013-4hakodate4.pdf,official_daily_result_pdf
201302040410,2013,函館,4,4,10,2013-08-25,https://www.jra.go.jp/datafile/seiseki/report/2013/2013-4hakodate4.pdf,official_daily_result_pdf
201302040411,2013,函館,4,4,11,2013-08-25,https://www.jra.go.jp/datafile/seiseki/report/2013/2013-4hakodate4.pdf,official_daily_result_pdf
201302040412,2013,函館,4,4,12,2013-08-25,https://www.jra.go.jp/datafile/seiseki/report/2013/2013-4hakodate4.pdf,official_daily_result_pdf
201302040501,2013,函館,4,5,1,2013-08-31,https://www.jra.go.jp/datafile/seiseki/report/2013/2013-4hakodate5.pdf,official_daily_result_pdf
201302040502,2013,函館,4,5,2,2013-08-31,https://www.jra.go.jp/datafile/seiseki/report/2013/2013-4hakodate5.pdf,official_daily_result_pdf
201302040503,2013,函館,4,5,3,2013-08-31,https://www.jra.go.jp/datafile/seiseki/report/2013/2013-4hakodate5.pdf,official_daily_result_pdf
201302040504,2013,函館,4,5,4,2013-08-31,https://www.jra.go.jp/datafile/seiseki/report/2013/2013-4hakodate5.pdf,official_daily_result_pdf
201302040505,2013,函館,4,5,5,2013-08-31,https://www.jra.go.jp/datafile/seiseki/report/2013/2013-4hakodate5.pdf,official_daily_result_pdf
201302040506,2013,函館,4,5,6,2013-08-31,https://www.jra.go.jp/datafile/seiseki/report/2013/2013-4hakodate5.pdf,official_daily_result_pdf
201302040507,2013,函館,4,5,7,2013-08-31,https://www.jra.go.jp/datafile/seiseki/report/2013/2013-4hakodate5.pdf,official_daily_result_pdf
201302040508,2013,函館,4,5,8,2013-08-31,https://www.jra.go.jp/datafile/seiseki/report/2013/2013-4hakodate5.pdf,official_daily_result_pdf
201302040509,2013,函館,4,5,9,2013-08-31,https://www.jra.go.jp/datafile/seiseki/report/2013/2013-4hakodate5.pdf,official_daily_result_pdf
201302040510,2013,函館,4,5,10,2013-08-31,https://www.jra.go.jp/datafile/seiseki/report/2013/2013-4hakodate5.pdf,official_daily_result_pdf
201302040511,2013,函館,4,5,11,2013-08-31,https://www.jra.go.jp/datafile/seiseki/report/2013/2013-4hakodate5.pdf,official_daily_result_pdf
201302040512,2013,函館,4,5,12,2013-08-31,https://www.jra.go.jp/datafile/seiseki/report/2013/2013-4hakodate5.pdf,official_daily_result_pdf
201302040601,2013,函館,4,6,1,2013-09-01,https://www.jra.go.jp/datafile/seiseki/report/2013/2013-4hakodate6.pdf,official_daily_result_pdf
201302040602,2013,函館,4,6,2,2013-09-01,https://www.jra.go.jp/datafile/seiseki/report/2013/2013-4hakodate6.pdf,official_daily_result_pdf
201302040603,2013,函館,4,6,3,2013-09-01,https://www.jra.go.jp/datafile/seiseki/report/2013/2013-4hakodate6.pdf,official_daily_result_pdf
201302040604,2013,函館,4,6,4,2013-09-01,https://www.jra.go.jp/datafile/seiseki/report/2013/2013-4hakodate6.pdf,official_daily_result_pdf
201302040605,2013,函館,4,6,5,2013-09-01,https://www.jra.go.jp/datafile/seiseki/report/2013/2013-4hakodate6.pdf,official_daily_result_pdf
201302040606,2013,函館,4,6,6,2013-09-01,https://www.jra.go.jp/datafile/seiseki/report/2013/2013-4hakodate6.pdf,official_daily_result_pdf
201302040607,2013,函館,4,6,7,2013-09-01,https://www.jra.go.jp/datafile/seiseki/report/2013/2013-4hakodate6.pdf,official_daily_result_pdf
201302040608,2013,函館,4,6,8,2013-09-01,https://www.jra.go.jp/datafile/seiseki/report/2013/2013-4hakodate6.pdf,official_daily_result_pdf
201302040609,2013,函館,4,6,9,2013-09-01,https://www.jra.go.jp/datafile/seiseki/report/2013/2013-4hakodate6.pdf,official_daily_result_pdf
201302040610,2013,函館,4,6,10,2013-09-01,https://www.jra.go.jp/datafile/seiseki/report/2013/2013-4hakodate6.pdf,official_daily_result_pdf
201302040611,2013,函館,4,6,11,2013-09-01,https://www.jra.go.jp/datafile/seiseki/report/2013/2013-4hakodate6.pdf,official_daily_result_pdf
201302040612,2013,函館,4,6,12,2013-09-01,https://www.jra.go.jp/datafile/seiseki/report/2013/2013-4hakodate6.pdf,official_daily_result_pdf
201303010101,2013,福島,1,1,1,2013-04-06,https://www.jra.go.jp/datafile/seiseki/report/2013/2013-1fukushima1.pdf,official_daily_result_pdf
201303010102,2013,福島,1,1,2,2013-04-06,https://www.jra.go.jp/datafile/seiseki/report/2013/2013-1fukushima1.pdf,official_daily_result_pdf
201303010103,2013,福島,1,1,3,2013-04-06,https://www.jra.go.jp/datafile/seiseki/report/2013/2013-1fukushima1.pdf,official_daily_result_pdf
201303010104,2013,福島,1,1,4,2013-04-06,https://www.jra.go.jp/datafile/seiseki/report/2013/2013-1fukushima1.pdf,official_daily_result_pdf
201303010105,2013,福島,1,1,5,2013-04-06,https://www.jra.go.jp/datafile/seiseki/report/2013/2013-1fukushima1.pdf,official_daily_result_pdf
201303010106,2013,福島,1,1,6,2013-04-06,https://www.jra.go.jp/datafile/seiseki/report/2013/2013-1fukushima1.pdf,official_daily_result_pdf
201303010107,2013,福島,1,1,7,2013-04-06,https://www.jra.go.jp/datafile/seiseki/report/2013/2013-1fukushima1.pdf,official_daily_result_pdf
201303010108,2013,福島,1,1,8,2013-04-06,https://www.jra.go.jp/datafile/seiseki/report/2013/2013-1fukushima1.pdf,official_daily_result_pdf
201303010109,2013,福島,1,1,9,2013-04-06,https://www.jra.go.jp/datafile/seiseki/report/2013/2013-1fukushima1.pdf,official_daily_result_pdf
201303010110,2013,福島,1,1,10,2013-04-06,https://www.jra.go.jp/datafile/seiseki/report/2013/2013-1fukushima1.pdf,official_daily_result_pdf
201303010111,2013,福島,1,1,11,2013-04-06,https://www.jra.go.jp/datafile/seiseki/report/2013/2013-1fukushima1.pdf,official_daily_result_pdf
201303010112,2013,福島,1,1,12,2013-04-06,https://www.jra.go.jp/datafile/seiseki/report/2013/2013-1fukushima1.pdf,official_daily_result_pdf
201303010201,2013,福島,1,2,1,2013-04-07,https://www.jra.go.jp/datafile/seiseki/report/2013/2013-1fukushima2.pdf,official_daily_result_pdf
201303010202,2013,福島,1,2,2,2013-04-07,https://www.jra.go.jp/datafile/seiseki/report/2013/2013-1fukushima2.pdf,official_daily_result_pdf
201303010203,2013,福島,1,2,3,2013-04-07,https://www.jra.go.jp/datafile/seiseki/report/2013/2013-1fukushima2.pdf,official_daily_result_pdf
201303010204,2013,福島,1,2,4,2013-04-07,https://www.jra.go.jp/datafile/seiseki/report/2013/2013-1fukushima2.pdf,official_daily_result_pdf
201303010205,2013,福島,1,2,5,2013-04-07,https://www.jra.go.jp/datafile/seiseki/report/2013/2013-1fukushima2.pdf,official_daily_result_pdf
201303010206,2013,福島,1,2,6,2013-04-07,https://www.jra.go.jp/datafile/seiseki/report/2013/2013-1fukushima2.pdf,official_daily_result_pdf
201303010207,2013,福島,1,2,7,2013-04-07,https://www.jra.go.jp/datafile/seiseki/report/2013/2013-1fukushima2.pdf,official_daily_result_pdf
201303010208,2013,福島,1,2,8,2013-04-07,https://www.jra.go.jp/datafile/seiseki/report/2013/2013-1fukushima2.pdf,official_daily_result_pdf
201303010209,2013,福島,1,2,9,2013-04-07,https://www.jra.go.jp/datafile/seiseki/report/2013/2013-1fukushima2.pdf,official_daily_result_pdf
201303010210,2013,福島,1,2,10,2013-04-07,https://www.jra.go.jp/datafile/seiseki/report/2013/2013-1fukushima2.pdf,official_daily_result_pdf
201303010211,2013,福島,1,2,11,2013-04-07,https://www.jra.go.jp/datafile/seiseki/report/2013/2013-1fukushima2.pdf,official_daily_result_pdf
201303010212,2013,福島,1,2,12,2013-04-07,https://www.jra.go.jp/datafile/seiseki/report/2013/2013-1fukushima2.pdf,official_daily_result_pdf
201303010301,2013,福島,1,3,1,2013-04-13,https://www.jra.go.jp/datafile/seiseki/report/2013/2013-1fukushima3.pdf,official_daily_result_pdf
201303010302,2013,福島,1,3,2,2013-04-13,https://www.jra.go.jp/datafile/seiseki/report/2013/2013-1fukushima3.pdf,official_daily_result_pdf
201303010303,2013,福島,1,3,3,2013-04-13,https://www.jra.go.jp/datafile/seiseki/report/2013/2013-1fukushima3.pdf,official_daily_result_pdf
201303010304,2013,福島,1,3,4,2013-04-13,https://www.jra.go.jp/datafile/seiseki/report/2013/2013-1fukushima3.pdf,official_daily_result_pdf
201303010305,2013,福島,1,3,5,2013-04-13,https://www.jra.go.jp/datafile/seiseki/report/2013/2013-1fukushima3.pdf,official_daily_result_pdf
201303010306,2013,福島,1,3,6,2013-04-13,https://www.jra.go.jp/datafile/seiseki/report/2013/2013-1fukushima3.pdf,official_daily_result_pdf
201303010307,2013,福島,1,3,7,2013-04-13,https://www.jra.go.jp/datafile/seiseki/report/2013/2013-1fukushima3.pdf,official_daily_result_pdf
201303010308,2013,福島,1,3,8,2013-04-13,https://www.jra.go.jp/datafile/seiseki/report/2013/2013-1fukushima3.pdf,official_daily_result_pdf
201303010309,2013,福島,1,3,9,2013-04-13,https://www.jra.go.jp/datafile/seiseki/report/2013/2013-1fukushima3.pdf,official_daily_result_pdf
201303010310,2013,福島,1,3,10,2013-04-13,https://www.jra.go.jp/datafile/seiseki/report/2013/2013-1fukushima3.pdf,official_daily_result_pdf
201303010311,2013,福島,1,3,11,2013-04-13,https://www.jra.go.jp/datafile/seiseki/report/2013/2013-1fukushima3.pdf,official_daily_result_pdf
201303010312,2013,福島,1,3,12,2013-04-13,https://www.jra.go.jp/datafile/seiseki/report/2013/2013-1fukushima3.pdf,official_daily_result_pdf
201303010401,2013,福島,1,4,1,2013-04-14,https://www.jra.go.jp/datafile/seiseki/report/2013/2013-1fukushima4.pdf,official_daily_result_pdf
201303010402,2013,福島,1,4,2,2013-04-14,https://www.jra.go.jp/datafile/seiseki/report/2013/2013-1fukushima4.pdf,official_daily_result_pdf
201303010403,2013,福島,1,4,3,2013-04-14,https://www.jra.go.jp/datafile/seiseki/report/2013/2013-1fukushima4.pdf,official_daily_result_pdf
201303010404,2013,福島,1,4,4,2013-04-14,https://www.jra.go.jp/datafile/seiseki/report/2013/2013-1fukushima4.pdf,official_daily_result_pdf
201303010405,2013,福島,1,4,5,2013-04-14,https://www.jra.go.jp/datafile/seiseki/report/2013/2013-1fukushima4.pdf,official_daily_result_pdf
201303010406,2013,福島,1,4,6,2013-04-14,https://www.jra.go.jp/datafile/seiseki/report/2013/2013-1fukushima4.pdf,official_daily_result_pdf
201303010407,2013,福島,1,4,7,2013-04-14,https://www.jra.go.jp/datafile/seiseki/report/2013/2013-1fukushima4.pdf,official_daily_result_pdf
201303010408,2013,福島,1,4,8,2013-04-14,https://www.jra.go.jp/datafile/seiseki/report/2013/2013-1fukushima4.pdf,official_daily_result_pdf
201303010409,2013,福島,1,4,9,2013-04-14,https://www.jra.go.jp/datafile/seiseki/report/2013/2013-1fukushima4.pdf,official_daily_result_pdf
201303010410,2013,福島,1,4,10,2013-04-14,https://www.jra.go.jp/datafile/seiseki/report/2013/2013-1fukushima4.pdf,official_daily_result_pdf
201303010411,2013,福島,1,4,11,2013-04-14,https://www.jra.go.jp/datafile/seiseki/report/2013/2013-1fukushima4.pdf,official_daily_result_pdf
201303010412,2013,福島,1,4,12,2013-04-14,https://www.jra.go.jp/datafile/seiseki/report/2013/2013-1fukushima4.pdf,official_daily_result_pdf
201303010501,2013,福島,1,5,1,2013-04-20,https://www.jra.go.jp/datafile/seiseki/report/2013/2013-1fukushima5.pdf,official_daily_result_pdf
201303010502,2013,福島,1,5,2,2013-04-20,https://www.jra.go.jp/datafile/seiseki/report/2013/2013-1fukushima5.pdf,official_daily_result_pdf
201303010503,2013,福島,1,5,3,2013-04-20,https://www.jra.go.jp/datafile/seiseki/report/2013/2013-1fukushima5.pdf,official_daily_result_pdf
201303010504,2013,福島,1,5,4,2013-04-20,https://www.jra.go.jp/datafile/seiseki/report/2013/2013-1fukushima5.pdf,official_daily_result_pdf
201303010505,2013,福島,1,5,5,2013-04-20,https://www.jra.go.jp/datafile/seiseki/report/2013/2013-1fukushima5.pdf,official_daily_result_pdf
201303010506,2013,福島,1,5,6,2013-04-20,https://www.jra.go.jp/datafile/seiseki/report/2013/2013-1fukushima5.pdf,official_daily_result_pdf
201303010507,2013,福島,1,5,7,2013-04-20,https://www.jra.go.jp/datafile/seiseki/report/2013/2013-1fukushima5.pdf,official_daily_result_pdf
201303010508,2013,福島,1,5,8,2013-04-20,https://www.jra.go.jp/datafile/seiseki/report/2013/2013-1fukushima5.pdf,official_daily_result_pdf
201303010509,2013,福島,1,5,9,2013-04-20,https://www.jra.go.jp/datafile/seiseki/report/2013/2013-1fukushima5.pdf,official_daily_result_pdf
201303010510,2013,福島,1,5,10,2013-04-20,https://www.jra.go.jp/datafile/seiseki/report/2013/2013-1fukushima5.pdf,official_daily_result_pdf
201303010511,2013,福島,1,5,11,2013-04-20,https://www.jra.go.jp/datafile/seiseki/report/2013/2013-1fukushima5.pdf,official_daily_result_pdf
201303010512,2013,福島,1,5,12,2013-04-20,https://www.jra.go.jp/datafile/seiseki/report/2013/2013-1fukushima5.pdf,official_daily_result_pdf
201303010601,2013,福島,1,6,1,2013-04-29,https://www.jra.go.jp/datafile/seiseki/report/2013/2013-1fukushima6.pdf,official_daily_result_pdf
201303010602,2013,福島,1,6,2,2013-04-29,https://www.jra.go.jp/datafile/seiseki/report/2013/2013-1fukushima6.pdf,official_daily_result_pdf
201303010603,2013,福島,1,6,3,2013-04-29,https://www.jra.go.jp/datafile/seiseki/report/2013/2013-1fukushima6.pdf,official_daily_result_pdf
201303010604,2013,福島,1,6,4,2013-04-29,https://www.jra.go.jp/datafile/seiseki/report/2013/2013-1fukushima6.pdf,official_daily_result_pdf
201303010605,2013,福島,1,6,5,2013-04-29,https://www.jra.go.jp/datafile/seiseki/report/2013/2013-1fukushima6.pdf,official_daily_result_pdf
201303010606,2013,福島,1,6,6,2013-04-29,https://www.jra.go.jp/datafile/seiseki/report/2013/2013-1fukushima6.pdf,official_daily_result_pdf
201303010607,2013,福島,1,6,7,2013-04-29,https://www.jra.go.jp/datafile/seiseki/report/2013/2013-1fukushima6.pdf,official_daily_result_pdf
201303010608,2013,福島,1,6,8,2013-04-29,https://www.jra.go.jp/datafile/seiseki/report/2013/2013-1fukushima6.pdf,official_daily_result_pdf
201303010609,2013,福島,1,6,9,2013-04-29,https://www.jra.go.jp/datafile/seiseki/report/2013/2013-1fukushima6.pdf,official_daily_result_pdf
201303010610,2013,福島,1,6,10,2013-04-29,https://www.jra.go.jp/datafile/seiseki/report/2013/2013-1fukushima6.pdf,official_daily_result_pdf
201303010611,2013,福島,1,6,11,2013-04-29,https://www.jra.go.jp/datafile/seiseki/report/2013/2013-1fukushima6.pdf,official_daily_result_pdf
201303010612,2013,福島,1,6,12,2013-04-29,https://www.jra.go.jp/datafile/seiseki/report/2013/2013-1fukushima6.pdf,official_daily_result_pdf
201303010701,2013,福島,1,7,1,2013-04-27,https://www.jra.go.jp/datafile/seiseki/report/2013/2013-1fukushima7.pdf,official_daily_result_pdf
201303010702,2013,福島,1,7,2,2013-04-27,https://www.jra.go.jp/datafile/seiseki/report/2013/2013-1fukushima7.pdf,official_daily_result_pdf
201303010703,2013,福島,1,7,3,2013-04-27,https://www.jra.go.jp/datafile/seiseki/report/2013/2013-1fukushima7.pdf,official_daily_result_pdf
201303010704,2013,福島,1,7,4,2013-04-27,https://www.jra.go.jp/datafile/seiseki/report/2013/2013-1fukushima7.pdf,official_daily_result_pdf
201303010705,2013,福島,1,7,5,2013-04-27,https://www.jra.go.jp/datafile/seiseki/report/2013/2013-1fukushima7.pdf,official_daily_result_pdf
201303010706,2013,福島,1,7,6,2013-04-27,https://www.jra.go.jp/datafile/seiseki/report/2013/2013-1fukushima7.pdf,official_daily_result_pdf
201303010707,2013,福島,1,7,7,2013-04-27,https://www.jra.go.jp/datafile/seiseki/report/2013/2013-1fukushima7.pdf,official_daily_result_pdf
201303010708,2013,福島,1,7,8,2013-04-27,https://www.jra.go.jp/datafile/seiseki/report/2013/2013-1fukushima7.pdf,official_daily_result_pdf
201303010709,2013,福島,1,7,9,2013-04-27,https://www.jra.go.jp/datafile/seiseki/report/2013/2013-1fukushima7.pdf,official_daily_result_pdf
201303010710,2013,福島,1,7,10,2013-04-27,https://www.jra.go.jp/datafile/seiseki/report/2013/2013-1fukushima7.pdf,official_daily_result_pdf
201303010711,2013,福島,1,7,11,2013-04-27,https://www.jra.go.jp/datafile/seiseki/report/2013/2013-1fukushima7.pdf,official_daily_result_pdf
201303010712,2013,福島,1,7,12,2013-04-27,https://www.jra.go.jp/datafile/seiseki/report/2013/2013-1fukushima7.pdf,official_daily_result_pdf
201303010801,2013,福島,1,8,1,2013-04-28,https://www.jra.go.jp/datafile/seiseki/report/2013/2013-1fukushima8.pdf,official_daily_result_pdf
201303010802,2013,福島,1,8,2,2013-04-28,https://www.jra.go.jp/datafile/seiseki/report/2013/2013-1fukushima8.pdf,official_daily_result_pdf
201303010803,2013,福島,1,8,3,2013-04-28,https://www.jra.go.jp/datafile/seiseki/report/2013/2013-1fukushima8.pdf,official_daily_result_pdf
201303010804,2013,福島,1,8,4,2013-04-28,https://www.jra.go.jp/datafile/seiseki/report/2013/2013-1fukushima8.pdf,official_daily_result_pdf
201303010805,2013,福島,1,8,5,2013-04-28,https://www.jra.go.jp/datafile/seiseki/report/2013/2013-1fukushima8.pdf,official_daily_result_pdf
201303010806,2013,福島,1,8,6,2013-04-28,https://www.jra.go.jp/datafile/seiseki/report/2013/2013-1fukushima8.pdf,official_daily_result_pdf
201303010807,2013,福島,1,8,7,2013-04-28,https://www.jra.go.jp/datafile/seiseki/report/2013/2013-1fukushima8.pdf,official_daily_result_pdf
201303010808,2013,福島,1,8,8,2013-04-28,https://www.jra.go.jp/datafile/seiseki/report/2013/2013-1fukushima8.pdf,official_daily_result_pdf
201303010809,2013,福島,1,8,9,2013-04-28,https://www.jra.go.jp/datafile/seiseki/report/2013/2013-1fukushima8.pdf,official_daily_result_pdf
201303010810,2013,福島,1,8,10,2013-04-28,https://www.jra.go.jp/datafile/seiseki/report/2013/2013-1fukushima8.pdf,official_daily_result_pdf
201303010811,2013,福島,1,8,11,2013-04-28,https://www.jra.go.jp/datafile/seiseki/report/2013/2013-1fukushima8.pdf,official_daily_result_pdf
201303010812,2013,福島,1,8,12,2013-04-28,https://www.jra.go.jp/datafile/seiseki/report/2013/2013-1fukushima8.pdf,official_daily_result_pdf
201303020101,2013,福島,2,1,1,2013-06-29,https://www.jra.go.jp/datafile/seiseki/report/2013/2013-2fukushima1.pdf,official_daily_result_pdf
201303020102,2013,福島,2,1,2,2013-06-29,https://www.jra.go.jp/datafile/seiseki/report/2013/2013-2fukushima1.pdf,official_daily_result_pdf
201303020103,2013,福島,2,1,3,2013-06-29,https://www.jra.go.jp/datafile/seiseki/report/2013/2013-2fukushima1.pdf,official_daily_result_pdf
201303020104,2013,福島,2,1,4,2013-06-29,https://www.jra.go.jp/datafile/seiseki/report/2013/2013-2fukushima1.pdf,official_daily_result_pdf
201303020105,2013,福島,2,1,5,2013-06-29,https://www.jra.go.jp/datafile/seiseki/report/2013/2013-2fukushima1.pdf,official_daily_result_pdf
201303020106,2013,福島,2,1,6,2013-06-29,https://www.jra.go.jp/datafile/seiseki/report/2013/2013-2fukushima1.pdf,official_daily_result_pdf
201303020107,2013,福島,2,1,7,2013-06-29,https://www.jra.go.jp/datafile/seiseki/report/2013/2013-2fukushima1.pdf,official_daily_result_pdf
201303020108,2013,福島,2,1,8,2013-06-29,https://www.jra.go.jp/datafile/seiseki/report/2013/2013-2fukushima1.pdf,official_daily_result_pdf
201303020109,2013,福島,2,1,9,2013-06-29,https://www.jra.go.jp/datafile/seiseki/report/2013/2013-2fukushima1.pdf,official_daily_result_pdf
201303020110,2013,福島,2,1,10,2013-06-29,https://www.jra.go.jp/datafile/seiseki/report/2013/2013-2fukushima1.pdf,official_daily_result_pdf
201303020111,2013,福島,2,1,11,2013-06-29,https://www.jra.go.jp/datafile/seiseki/report/2013/2013-2fukushima1.pdf,official_daily_result_pdf
201303020112,2013,福島,2,1,12,2013-06-29,https://www.jra.go.jp/datafile/seiseki/report/2013/2013-2fukushima1.pdf,official_daily_result_pdf
201303020201,2013,福島,2,2,1,2013-06-30,https://www.jra.go.jp/datafile/seiseki/report/2013/2013-2fukushima2.pdf,official_daily_result_pdf
201303020202,2013,福島,2,2,2,2013-06-30,https://www.jra.go.jp/datafile/seiseki/report/2013/2013-2fukushima2.pdf,official_daily_result_pdf
201303020203,2013,福島,2,2,3,2013-06-30,https://www.jra.go.jp/datafile/seiseki/report/2013/2013-2fukushima2.pdf,official_daily_result_pdf
201303020204,2013,福島,2,2,4,2013-06-30,https://www.jra.go.jp/datafile/seiseki/report/2013/2013-2fukushima2.pdf,official_daily_result_pdf
201303020205,2013,福島,2,2,5,2013-06-30,https://www.jra.go.jp/datafile/seiseki/report/2013/2013-2fukushima2.pdf,official_daily_result_pdf
201303020206,2013,福島,2,2,6,2013-06-30,https://www.jra.go.jp/datafile/seiseki/report/2013/2013-2fukushima2.pdf,official_daily_result_pdf
201303020207,2013,福島,2,2,7,2013-06-30,https://www.jra.go.jp/datafile/seiseki/report/2013/2013-2fukushima2.pdf,official_daily_result_pdf
201303020208,2013,福島,2,2,8,2013-06-30,https://www.jra.go.jp/datafile/seiseki/report/2013/2013-2fukushima2.pdf,official_daily_result_pdf
201303020209,2013,福島,2,2,9,2013-06-30,https://www.jra.go.jp/datafile/seiseki/report/2013/2013-2fukushima2.pdf,official_daily_result_pdf
201303020210,2013,福島,2,2,10,2013-06-30,https://www.jra.go.jp/datafile/seiseki/report/2013/2013-2fukushima2.pdf,official_daily_result_pdf
201303020211,2013,福島,2,2,11,2013-06-30,https://www.jra.go.jp/datafile/seiseki/report/2013/2013-2fukushima2.pdf,official_daily_result_pdf
201303020212,2013,福島,2,2,12,2013-06-30,https://www.jra.go.jp/datafile/seiseki/report/2013/2013-2fukushima2.pdf,official_daily_result_pdf
201303020301,2013,福島,2,3,1,2013-07-06,https://www.jra.go.jp/datafile/seiseki/report/2013/2013-2fukushima3.pdf,official_daily_result_pdf
201303020302,2013,福島,2,3,2,2013-07-06,https://www.jra.go.jp/datafile/seiseki/report/2013/2013-2fukushima3.pdf,official_daily_result_pdf
201303020303,2013,福島,2,3,3,2013-07-06,https://www.jra.go.jp/datafile/seiseki/report/2013/2013-2fukushima3.pdf,official_daily_result_pdf
201303020304,2013,福島,2,3,4,2013-07-06,https://www.jra.go.jp/datafile/seiseki/report/2013/2013-2fukushima3.pdf,official_daily_result_pdf
201303020305,2013,福島,2,3,5,2013-07-06,https://www.jra.go.jp/datafile/seiseki/report/2013/2013-2fukushima3.pdf,official_daily_result_pdf
201303020306,2013,福島,2,3,6,2013-07-06,https://www.jra.go.jp/datafile/seiseki/report/2013/2013-2fukushima3.pdf,official_daily_result_pdf
201303020307,2013,福島,2,3,7,2013-07-06,https://www.jra.go.jp/datafile/seiseki/report/2013/2013-2fukushima3.pdf,official_daily_result_pdf
201303020308,2013,福島,2,3,8,2013-07-06,https://www.jra.go.jp/datafile/seiseki/report/2013/2013-2fukushima3.pdf,official_daily_result_pdf
201303020309,2013,福島,2,3,9,2013-07-06,https://www.jra.go.jp/datafile/seiseki/report/2013/2013-2fukushima3.pdf,official_daily_result_pdf
201303020310,2013,福島,2,3,10,2013-07-06,https://www.jra.go.jp/datafile/seiseki/report/2013/2013-2fukushima3.pdf,official_daily_result_pdf
201303020311,2013,福島,2,3,11,2013-07-06,https://www.jra.go.jp/datafile/seiseki/report/2013/2013-2fukushima3.pdf,official_daily_result_pdf
201303020312,2013,福島,2,3,12,2013-07-06,https://www.jra.go.jp/datafile/seiseki/report/2013/2013-2fukushima3.pdf,official_daily_result_pdf
201303020401,2013,福島,2,4,1,2013-07-07,https://www.jra.go.jp/datafile/seiseki/report/2013/2013-2fukushima4.pdf,official_daily_result_pdf
201303020402,2013,福島,2,4,2,2013-07-07,https://www.jra.go.jp/datafile/seiseki/report/2013/2013-2fukushima4.pdf,official_daily_result_pdf
201303020403,2013,福島,2,4,3,2013-07-07,https://www.jra.go.jp/datafile/seiseki/report/2013/2013-2fukushima4.pdf,official_daily_result_pdf
201303020404,2013,福島,2,4,4,2013-07-07,https://www.jra.go.jp/datafile/seiseki/report/2013/2013-2fukushima4.pdf,official_daily_result_pdf
201303020405,2013,福島,2,4,5,2013-07-07,https://www.jra.go.jp/datafile/seiseki/report/2013/2013-2fukushima4.pdf,official_daily_result_pdf
201303020406,2013,福島,2,4,6,2013-07-07,https://www.jra.go.jp/datafile/seiseki/report/2013/2013-2fukushima4.pdf,official_daily_result_pdf
201303020407,2013,福島,2,4,7,2013-07-07,https://www.jra.go.jp/datafile/seiseki/report/2013/2013-2fukushima4.pdf,official_daily_result_pdf
201303020408,2013,福島,2,4,8,2013-07-07,https://www.jra.go.jp/datafile/seiseki/report/2013/2013-2fukushima4.pdf,official_daily_result_pdf
201303020409,2013,福島,2,4,9,2013-07-07,https://www.jra.go.jp/datafile/seiseki/report/2013/2013-2fukushima4.pdf,official_daily_result_pdf
201303020410,2013,福島,2,4,10,2013-07-07,https://www.jra.go.jp/datafile/seiseki/report/2013/2013-2fukushima4.pdf,official_daily_result_pdf
201303020411,2013,福島,2,4,11,2013-07-07,https://www.jra.go.jp/datafile/seiseki/report/2013/2013-2fukushima4.pdf,official_daily_result_pdf
201303020412,2013,福島,2,4,12,2013-07-07,https://www.jra.go.jp/datafile/seiseki/report/2013/2013-2fukushima4.pdf,official_daily_result_pdf
201303020501,2013,福島,2,5,1,2013-07-13,https://www.jra.go.jp/datafile/seiseki/report/2013/2013-2fukushima5.pdf,official_daily_result_pdf
201303020502,2013,福島,2,5,2,2013-07-13,https://www.jra.go.jp/datafile/seiseki/report/2013/2013-2fukushima5.pdf,official_daily_result_pdf
201303020503,2013,福島,2,5,3,2013-07-13,https://www.jra.go.jp/datafile/seiseki/report/2013/2013-2fukushima5.pdf,official_daily_result_pdf
201303020504,2013,福島,2,5,4,2013-07-13,https://www.jra.go.jp/datafile/seiseki/report/2013/2013-2fukushima5.pdf,official_daily_result_pdf
201303020505,2013,福島,2,5,5,2013-07-13,https://www.jra.go.jp/datafile/seiseki/report/2013/2013-2fukushima5.pdf,official_daily_result_pdf
201303020506,2013,福島,2,5,6,2013-07-13,https://www.jra.go.jp/datafile/seiseki/report/2013/2013-2fukushima5.pdf,official_daily_result_pdf
201303020507,2013,福島,2,5,7,2013-07-13,https://www.jra.go.jp/datafile/seiseki/report/2013/2013-2fukushima5.pdf,official_daily_result_pdf
201303020508,2013,福島,2,5,8,2013-07-13,https://www.jra.go.jp/datafile/seiseki/report/2013/2013-2fukushima5.pdf,official_daily_result_pdf
201303020509,2013,福島,2,5,9,2013-07-13,https://www.jra.go.jp/datafile/seiseki/report/2013/2013-2fukushima5.pdf,official_daily_result_pdf
201303020510,2013,福島,2,5,10,2013-07-13,https://www.jra.go.jp/datafile/seiseki/report/2013/2013-2fukushima5.pdf,official_daily_result_pdf
201303020511,2013,福島,2,5,11,2013-07-13,https://www.jra.go.jp/datafile/seiseki/report/2013/2013-2fukushima5.pdf,official_daily_result_pdf
201303020512,2013,福島,2,5,12,2013-07-13,https://www.jra.go.jp/datafile/seiseki/report/2013/2013-2fukushima5.pdf,official_daily_result_pdf
201303020601,2013,福島,2,6,1,2013-07-14,https://www.jra.go.jp/datafile/seiseki/report/2013/2013-2fukushima6.pdf,official_daily_result_pdf
201303020602,2013,福島,2,6,2,2013-07-14,https://www.jra.go.jp/datafile/seiseki/report/2013/2013-2fukushima6.pdf,official_daily_result_pdf
201303020603,2013,福島,2,6,3,2013-07-14,https://www.jra.go.jp/datafile/seiseki/report/2013/2013-2fukushima6.pdf,official_daily_result_pdf
201303020604,2013,福島,2,6,4,2013-07-14,https://www.jra.go.jp/datafile/seiseki/report/2013/2013-2fukushima6.pdf,official_daily_result_pdf
201303020605,2013,福島,2,6,5,2013-07-14,https://www.jra.go.jp/datafile/seiseki/report/2013/2013-2fukushima6.pdf,official_daily_result_pdf
201303020606,2013,福島,2,6,6,2013-07-14,https://www.jra.go.jp/datafile/seiseki/report/2013/2013-2fukushima6.pdf,official_daily_result_pdf
201303020607,2013,福島,2,6,7,2013-07-14,https://www.jra.go.jp/datafile/seiseki/report/2013/2013-2fukushima6.pdf,official_daily_result_pdf
201303020608,2013,福島,2,6,8,2013-07-14,https://www.jra.go.jp/datafile/seiseki/report/2013/2013-2fukushima6.pdf,official_daily_result_pdf
201303020609,2013,福島,2,6,9,2013-07-14,https://www.jra.go.jp/datafile/seiseki/report/2013/2013-2fukushima6.pdf,official_daily_result_pdf
201303020610,2013,福島,2,6,10,2013-07-14,https://www.jra.go.jp/datafile/seiseki/report/2013/2013-2fukushima6.pdf,official_daily_result_pdf
201303020611,2013,福島,2,6,11,2013-07-14,https://www.jra.go.jp/datafile/seiseki/report/2013/2013-2fukushima6.pdf,official_daily_result_pdf
201303020612,2013,福島,2,6,12,2013-07-14,https://www.jra.go.jp/datafile/seiseki/report/2013/2013-2fukushima6.pdf,official_daily_result_pdf
201303020701,2013,福島,2,7,1,2013-07-20,https://www.jra.go.jp/datafile/seiseki/report/2013/2013-2fukushima7.pdf,official_daily_result_pdf
201303020702,2013,福島,2,7,2,2013-07-20,https://www.jra.go.jp/datafile/seiseki/report/2013/2013-2fukushima7.pdf,official_daily_result_pdf
201303020703,2013,福島,2,7,3,2013-07-20,https://www.jra.go.jp/datafile/seiseki/report/2013/2013-2fukushima7.pdf,official_daily_result_pdf
201303020704,2013,福島,2,7,4,2013-07-20,https://www.jra.go.jp/datafile/seiseki/report/2013/2013-2fukushima7.pdf,official_daily_result_pdf
201303020705,2013,福島,2,7,5,2013-07-20,https://www.jra.go.jp/datafile/seiseki/report/2013/2013-2fukushima7.pdf,official_daily_result_pdf
201303020706,2013,福島,2,7,6,2013-07-20,https://www.jra.go.jp/datafile/seiseki/report/2013/2013-2fukushima7.pdf,official_daily_result_pdf
201303020707,2013,福島,2,7,7,2013-07-20,https://www.jra.go.jp/datafile/seiseki/report/2013/2013-2fukushima7.pdf,official_daily_result_pdf
201303020708,2013,福島,2,7,8,2013-07-20,https://www.jra.go.jp/datafile/seiseki/report/2013/2013-2fukushima7.pdf,official_daily_result_pdf
201303020709,2013,福島,2,7,9,2013-07-20,https://www.jra.go.jp/datafile/seiseki/report/2013/2013-2fukushima7.pdf,official_daily_result_pdf
201303020710,2013,福島,2,7,10,2013-07-20,https://www.jra.go.jp/datafile/seiseki/report/2013/2013-2fukushima7.pdf,official_daily_result_pdf
201303020711,2013,福島,2,7,11,2013-07-20,https://www.jra.go.jp/datafile/seiseki/report/2013/2013-2fukushima7.pdf,official_daily_result_pdf
201303020712,2013,福島,2,7,12,2013-07-20,https://www.jra.go.jp/datafile/seiseki/report/2013/2013-2fukushima7.pdf,official_daily_result_pdf
201303020801,2013,福島,2,8,1,2013-07-21,https://www.jra.go.jp/datafile/seiseki/report/2013/2013-2fukushima8.pdf,official_daily_result_pdf
201303020802,2013,福島,2,8,2,2013-07-21,https://www.jra.go.jp/datafile/seiseki/report/2013/2013-2fukushima8.pdf,official_daily_result_pdf
201303020803,2013,福島,2,8,3,2013-07-21,https://www.jra.go.jp/datafile/seiseki/report/2013/2013-2fukushima8.pdf,official_daily_result_pdf
201303020804,2013,福島,2,8,4,2013-07-21,https://www.jra.go.jp/datafile/seiseki/report/2013/2013-2fukushima8.pdf,official_daily_result_pdf
201303020805,2013,福島,2,8,5,2013-07-21,https://www.jra.go.jp/datafile/seiseki/report/2013/2013-2fukushima8.pdf,official_daily_result_pdf
201303020806,2013,福島,2,8,6,2013-07-21,https://www.jra.go.jp/datafile/seiseki/report/2013/2013-2fukushima8.pdf,official_daily_result_pdf
201303020807,2013,福島,2,8,7,2013-07-21,https://www.jra.go.jp/datafile/seiseki/report/2013/2013-2fukushima8.pdf,official_daily_result_pdf
201303020808,2013,福島,2,8,8,2013-07-21,https://www.jra.go.jp/datafile/seiseki/report/2013/2013-2fukushima8.pdf,official_daily_result_pdf
201303020809,2013,福島,2,8,9,2013-07-21,https://www.jra.go.jp/datafile/seiseki/report/2013/2013-2fukushima8.pdf,official_daily_result_pdf
201303020810,2013,福島,2,8,10,2013-07-21,https://www.jra.go.jp/datafile/seiseki/report/2013/2013-2fukushima8.pdf,official_daily_result_pdf
201303020811,2013,福島,2,8,11,2013-07-21,https://www.jra.go.jp/datafile/seiseki/report/2013/2013-2fukushima8.pdf,official_daily_result_pdf
201303020812,2013,福島,2,8,12,2013-07-21,https://www.jra.go.jp/datafile/seiseki/report/2013/2013-2fukushima8.pdf,official_daily_result_pdf
201303030101,2013,福島,3,1,1,2013-11-02,https://www.jra.go.jp/datafile/seiseki/report/2013/2013-3fukushima1.pdf,official_daily_result_pdf
201303030102,2013,福島,3,1,2,2013-11-02,https://www.jra.go.jp/datafile/seiseki/report/2013/2013-3fukushima1.pdf,official_daily_result_pdf
201303030103,2013,福島,3,1,3,2013-11-02,https://www.jra.go.jp/datafile/seiseki/report/2013/2013-3fukushima1.pdf,official_daily_result_pdf
201303030104,2013,福島,3,1,4,2013-11-02,https://www.jra.go.jp/datafile/seiseki/report/2013/2013-3fukushima1.pdf,official_daily_result_pdf
201303030105,2013,福島,3,1,5,2013-11-02,https://www.jra.go.jp/datafile/seiseki/report/2013/2013-3fukushima1.pdf,official_daily_result_pdf
201303030106,2013,福島,3,1,6,2013-11-02,https://www.jra.go.jp/datafile/seiseki/report/2013/2013-3fukushima1.pdf,official_daily_result_pdf
201303030107,2013,福島,3,1,7,2013-11-02,https://www.jra.go.jp/datafile/seiseki/report/2013/2013-3fukushima1.pdf,official_daily_result_pdf
201303030108,2013,福島,3,1,8,2013-11-02,https://www.jra.go.jp/datafile/seiseki/report/2013/2013-3fukushima1.pdf,official_daily_result_pdf
201303030109,2013,福島,3,1,9,2013-11-02,https://www.jra.go.jp/datafile/seiseki/report/2013/2013-3fukushima1.pdf,official_daily_result_pdf
201303030110,2013,福島,3,1,10,2013-11-02,https://www.jra.go.jp/datafile/seiseki/report/2013/2013-3fukushima1.pdf,official_daily_result_pdf
201303030111,2013,福島,3,1,11,2013-11-02,https://www.jra.go.jp/datafile/seiseki/report/2013/2013-3fukushima1.pdf,official_daily_result_pdf
201303030112,2013,福島,3,1,12,2013-11-02,https://www.jra.go.jp/datafile/seiseki/report/2013/2013-3fukushima1.pdf,official_daily_result_pdf
201303030201,2013,福島,3,2,1,2013-11-03,https://www.jra.go.jp/datafile/seiseki/report/2013/2013-3fukushima2.pdf,official_daily_result_pdf
201303030202,2013,福島,3,2,2,2013-11-03,https://www.jra.go.jp/datafile/seiseki/report/2013/2013-3fukushima2.pdf,official_daily_result_pdf
201303030203,2013,福島,3,2,3,2013-11-03,https://www.jra.go.jp/datafile/seiseki/report/2013/2013-3fukushima2.pdf,official_daily_result_pdf
201303030204,2013,福島,3,2,4,2013-11-03,https://www.jra.go.jp/datafile/seiseki/report/2013/2013-3fukushima2.pdf,official_daily_result_pdf
201303030205,2013,福島,3,2,5,2013-11-03,https://www.jra.go.jp/datafile/seiseki/report/2013/2013-3fukushima2.pdf,official_daily_result_pdf
201303030206,2013,福島,3,2,6,2013-11-03,https://www.jra.go.jp/datafile/seiseki/report/2013/2013-3fukushima2.pdf,official_daily_result_pdf
201303030207,2013,福島,3,2,7,2013-11-03,https://www.jra.go.jp/datafile/seiseki/report/2013/2013-3fukushima2.pdf,official_daily_result_pdf
201303030208,2013,福島,3,2,8,2013-11-03,https://www.jra.go.jp/datafile/seiseki/report/2013/2013-3fukushima2.pdf,official_daily_result_pdf
201303030209,2013,福島,3,2,9,2013-11-03,https://www.jra.go.jp/datafile/seiseki/report/2013/2013-3fukushima2.pdf,official_daily_result_pdf
201303030210,2013,福島,3,2,10,2013-11-03,https://www.jra.go.jp/datafile/seiseki/report/2013/2013-3fukushima2.pdf,official_daily_result_pdf
201303030211,2013,福島,3,2,11,2013-11-03,https://www.jra.go.jp/datafile/seiseki/report/2013/2013-3fukushima2.pdf,official_daily_result_pdf
201303030212,2013,福島,3,2,12,2013-11-03,https://www.jra.go.jp/datafile/seiseki/report/2013/2013-3fukushima2.pdf,official_daily_result_pdf
201303030301,2013,福島,3,3,1,2013-11-09,https://www.jra.go.jp/datafile/seiseki/report/2013/2013-3fukushima3.pdf,official_daily_result_pdf
201303030302,2013,福島,3,3,2,2013-11-09,https://www.jra.go.jp/datafile/seiseki/report/2013/2013-3fukushima3.pdf,official_daily_result_pdf
201303030303,2013,福島,3,3,3,2013-11-09,https://www.jra.go.jp/datafile/seiseki/report/2013/2013-3fukushima3.pdf,official_daily_result_pdf
201303030304,2013,福島,3,3,4,2013-11-09,https://www.jra.go.jp/datafile/seiseki/report/2013/2013-3fukushima3.pdf,official_daily_result_pdf
201303030305,2013,福島,3,3,5,2013-11-09,https://www.jra.go.jp/datafile/seiseki/report/2013/2013-3fukushima3.pdf,official_daily_result_pdf
201303030306,2013,福島,3,3,6,2013-11-09,https://www.jra.go.jp/datafile/seiseki/report/2013/2013-3fukushima3.pdf,official_daily_result_pdf
201303030307,2013,福島,3,3,7,2013-11-09,https://www.jra.go.jp/datafile/seiseki/report/2013/2013-3fukushima3.pdf,official_daily_result_pdf
201303030308,2013,福島,3,3,8,2013-11-09,https://www.jra.go.jp/datafile/seiseki/report/2013/2013-3fukushima3.pdf,official_daily_result_pdf
201303030309,2013,福島,3,3,9,2013-11-09,https://www.jra.go.jp/datafile/seiseki/report/2013/2013-3fukushima3.pdf,official_daily_result_pdf
201303030310,2013,福島,3,3,10,2013-11-09,https://www.jra.go.jp/datafile/seiseki/report/2013/2013-3fukushima3.pdf,official_daily_result_pdf
201303030311,2013,福島,3,3,11,2013-11-09,https://www.jra.go.jp/datafile/seiseki/report/2013/2013-3fukushima3.pdf,official_daily_result_pdf
201303030312,2013,福島,3,3,12,2013-11-09,https://www.jra.go.jp/datafile/seiseki/report/2013/2013-3fukushima3.pdf,official_daily_result_pdf
201303030401,2013,福島,3,4,1,2013-11-10,https://www.jra.go.jp/datafile/seiseki/report/2013/2013-3fukushima4.pdf,official_daily_result_pdf
201303030402,2013,福島,3,4,2,2013-11-10,https://www.jra.go.jp/datafile/seiseki/report/2013/2013-3fukushima4.pdf,official_daily_result_pdf
201303030403,2013,福島,3,4,3,2013-11-10,https://www.jra.go.jp/datafile/seiseki/report/2013/2013-3fukushima4.pdf,official_daily_result_pdf
201303030404,2013,福島,3,4,4,2013-11-10,https://www.jra.go.jp/datafile/seiseki/report/2013/2013-3fukushima4.pdf,official_daily_result_pdf
201303030405,2013,福島,3,4,5,2013-11-10,https://www.jra.go.jp/datafile/seiseki/report/2013/2013-3fukushima4.pdf,official_daily_result_pdf
201303030406,2013,福島,3,4,6,2013-11-10,https://www.jra.go.jp/datafile/seiseki/report/2013/2013-3fukushima4.pdf,official_daily_result_pdf
201303030407,2013,福島,3,4,7,2013-11-10,https://www.jra.go.jp/datafile/seiseki/report/2013/2013-3fukushima4.pdf,official_daily_result_pdf
201303030408,2013,福島,3,4,8,2013-11-10,https://www.jra.go.jp/datafile/seiseki/report/2013/2013-3fukushima4.pdf,official_daily_result_pdf
201303030409,2013,福島,3,4,9,2013-11-10,https://www.jra.go.jp/datafile/seiseki/report/2013/2013-3fukushima4.pdf,official_daily_result_pdf
201303030410,2013,福島,3,4,10,2013-11-10,https://www.jra.go.jp/datafile/seiseki/report/2013/2013-3fukushima4.pdf,official_daily_result_pdf
201303030411,2013,福島,3,4,11,2013-11-10,https://www.jra.go.jp/datafile/seiseki/report/2013/2013-3fukushima4.pdf,official_daily_result_pdf
201303030412,2013,福島,3,4,12,2013-11-10,https://www.jra.go.jp/datafile/seiseki/report/2013/2013-3fukushima4.pdf,official_daily_result_pdf
201303030501,2013,福島,3,5,1,2013-11-16,https://www.jra.go.jp/datafile/seiseki/report/2013/2013-3fukushima5.pdf,official_daily_result_pdf
201303030502,2013,福島,3,5,2,2013-11-16,https://www.jra.go.jp/datafile/seiseki/report/2013/2013-3fukushima5.pdf,official_daily_result_pdf
201303030503,2013,福島,3,5,3,2013-11-16,https://www.jra.go.jp/datafile/seiseki/report/2013/2013-3fukushima5.pdf,official_daily_result_pdf
201303030504,2013,福島,3,5,4,2013-11-16,https://www.jra.go.jp/datafile/seiseki/report/2013/2013-3fukushima5.pdf,official_daily_result_pdf
201303030505,2013,福島,3,5,5,2013-11-16,https://www.jra.go.jp/datafile/seiseki/report/2013/2013-3fukushima5.pdf,official_daily_result_pdf
201303030506,2013,福島,3,5,6,2013-11-16,https://www.jra.go.jp/datafile/seiseki/report/2013/2013-3fukushima5.pdf,official_daily_result_pdf
201303030507,2013,福島,3,5,7,2013-11-16,https://www.jra.go.jp/datafile/seiseki/report/2013/2013-3fukushima5.pdf,official_daily_result_pdf
201303030508,2013,福島,3,5,8,2013-11-16,https://www.jra.go.jp/datafile/seiseki/report/2013/2013-3fukushima5.pdf,official_daily_result_pdf
201303030509,2013,福島,3,5,9,2013-11-16,https://www.jra.go.jp/datafile/seiseki/report/2013/2013-3fukushima5.pdf,official_daily_result_pdf
201303030510,2013,福島,3,5,10,2013-11-16,https://www.jra.go.jp/datafile/seiseki/report/2013/2013-3fukushima5.pdf,official_daily_result_pdf
201303030511,2013,福島,3,5,11,2013-11-16,https://www.jra.go.jp/datafile/seiseki/report/2013/2013-3fukushima5.pdf,official_daily_result_pdf
201303030512,2013,福島,3,5,12,2013-11-16,https://www.jra.go.jp/datafile/seiseki/report/2013/2013-3fukushima5.pdf,official_daily_result_pdf
201303030601,2013,福島,3,6,1,2013-11-17,https://www.jra.go.jp/datafile/seiseki/report/2013/2013-3fukushima6.pdf,official_daily_result_pdf
201303030602,2013,福島,3,6,2,2013-11-17,https://www.jra.go.jp/datafile/seiseki/report/2013/2013-3fukushima6.pdf,official_daily_result_pdf
201303030603,2013,福島,3,6,3,2013-11-17,https://www.jra.go.jp/datafile/seiseki/report/2013/2013-3fukushima6.pdf,official_daily_result_pdf
201303030604,2013,福島,3,6,4,2013-11-17,https://www.jra.go.jp/datafile/seiseki/report/2013/2013-3fukushima6.pdf,official_daily_result_pdf
201303030605,2013,福島,3,6,5,2013-11-17,https://www.jra.go.jp/datafile/seiseki/report/2013/2013-3fukushima6.pdf,official_daily_result_pdf
201303030606,2013,福島,3,6,6,2013-11-17,https://www.jra.go.jp/datafile/seiseki/report/2013/2013-3fukushima6.pdf,official_daily_result_pdf
201303030607,2013,福島,3,6,7,2013-11-17,https://www.jra.go.jp/datafile/seiseki/report/2013/2013-3fukushima6.pdf,official_daily_result_pdf
201303030608,2013,福島,3,6,8,2013-11-17,https://www.jra.go.jp/datafile/seiseki/report/2013/2013-3fukushima6.pdf,official_daily_result_pdf
201303030609,2013,福島,3,6,9,2013-11-17,https://www.jra.go.jp/datafile/seiseki/report/2013/2013-3fukushima6.pdf,official_daily_result_pdf
201303030610,2013,福島,3,6,10,2013-11-17,https://www.jra.go.jp/datafile/seiseki/report/2013/2013-3fukushima6.pdf,official_daily_result_pdf
201303030611,2013,福島,3,6,11,2013-11-17,https://www.jra.go.jp/datafile/seiseki/report/2013/2013-3fukushima6.pdf,official_daily_result_pdf
201303030612,2013,福島,3,6,12,2013-11-17,https://www.jra.go.jp/datafile/seiseki/report/2013/2013-3fukushima6.pdf,official_daily_result_pdf
201304010101,2013,新潟,1,1,1,2013-05-04,https://www.jra.go.jp/datafile/seiseki/report/2013/2013-1niigata1.pdf,official_daily_result_pdf
201304010102,2013,新潟,1,1,2,2013-05-04,https://www.jra.go.jp/datafile/seiseki/report/2013/2013-1niigata1.pdf,official_daily_result_pdf
201304010103,2013,新潟,1,1,3,2013-05-04,https://www.jra.go.jp/datafile/seiseki/report/2013/2013-1niigata1.pdf,official_daily_result_pdf
201304010104,2013,新潟,1,1,4,2013-05-04,https://www.jra.go.jp/datafile/seiseki/report/2013/2013-1niigata1.pdf,official_daily_result_pdf
201304010105,2013,新潟,1,1,5,2013-05-04,https://www.jra.go.jp/datafile/seiseki/report/2013/2013-1niigata1.pdf,official_daily_result_pdf
201304010106,2013,新潟,1,1,6,2013-05-04,https://www.jra.go.jp/datafile/seiseki/report/2013/2013-1niigata1.pdf,official_daily_result_pdf
201304010107,2013,新潟,1,1,7,2013-05-04,https://www.jra.go.jp/datafile/seiseki/report/2013/2013-1niigata1.pdf,official_daily_result_pdf
201304010108,2013,新潟,1,1,8,2013-05-04,https://www.jra.go.jp/datafile/seiseki/report/2013/2013-1niigata1.pdf,official_daily_result_pdf
201304010109,2013,新潟,1,1,9,2013-05-04,https://www.jra.go.jp/datafile/seiseki/report/2013/2013-1niigata1.pdf,official_daily_result_pdf
201304010110,2013,新潟,1,1,10,2013-05-04,https://www.jra.go.jp/datafile/seiseki/report/2013/2013-1niigata1.pdf,official_daily_result_pdf
201304010111,2013,新潟,1,1,11,2013-05-04,https://www.jra.go.jp/datafile/seiseki/report/2013/2013-1niigata1.pdf,official_daily_result_pdf
201304010112,2013,新潟,1,1,12,2013-05-04,https://www.jra.go.jp/datafile/seiseki/report/2013/2013-1niigata1.pdf,official_daily_result_pdf
201304010201,2013,新潟,1,2,1,2013-05-05,https://www.jra.go.jp/datafile/seiseki/report/2013/2013-1niigata2.pdf,official_daily_result_pdf
201304010202,2013,新潟,1,2,2,2013-05-05,https://www.jra.go.jp/datafile/seiseki/report/2013/2013-1niigata2.pdf,official_daily_result_pdf
201304010203,2013,新潟,1,2,3,2013-05-05,https://www.jra.go.jp/datafile/seiseki/report/2013/2013-1niigata2.pdf,official_daily_result_pdf
201304010204,2013,新潟,1,2,4,2013-05-05,https://www.jra.go.jp/datafile/seiseki/report/2013/2013-1niigata2.pdf,official_daily_result_pdf
201304010205,2013,新潟,1,2,5,2013-05-05,https://www.jra.go.jp/datafile/seiseki/report/2013/2013-1niigata2.pdf,official_daily_result_pdf
201304010206,2013,新潟,1,2,6,2013-05-05,https://www.jra.go.jp/datafile/seiseki/report/2013/2013-1niigata2.pdf,official_daily_result_pdf
201304010207,2013,新潟,1,2,7,2013-05-05,https://www.jra.go.jp/datafile/seiseki/report/2013/2013-1niigata2.pdf,official_daily_result_pdf
201304010208,2013,新潟,1,2,8,2013-05-05,https://www.jra.go.jp/datafile/seiseki/report/2013/2013-1niigata2.pdf,official_daily_result_pdf
201304010209,2013,新潟,1,2,9,2013-05-05,https://www.jra.go.jp/datafile/seiseki/report/2013/2013-1niigata2.pdf,official_daily_result_pdf
201304010210,2013,新潟,1,2,10,2013-05-05,https://www.jra.go.jp/datafile/seiseki/report/2013/2013-1niigata2.pdf,official_daily_result_pdf
201304010211,2013,新潟,1,2,11,2013-05-05,https://www.jra.go.jp/datafile/seiseki/report/2013/2013-1niigata2.pdf,official_daily_result_pdf
201304010212,2013,新潟,1,2,12,2013-05-05,https://www.jra.go.jp/datafile/seiseki/report/2013/2013-1niigata2.pdf,official_daily_result_pdf
201304010301,2013,新潟,1,3,1,2013-05-11,https://www.jra.go.jp/datafile/seiseki/report/2013/2013-1niigata3.pdf,official_daily_result_pdf
201304010302,2013,新潟,1,3,2,2013-05-11,https://www.jra.go.jp/datafile/seiseki/report/2013/2013-1niigata3.pdf,official_daily_result_pdf
201304010303,2013,新潟,1,3,3,2013-05-11,https://www.jra.go.jp/datafile/seiseki/report/2013/2013-1niigata3.pdf,official_daily_result_pdf
201304010304,2013,新潟,1,3,4,2013-05-11,https://www.jra.go.jp/datafile/seiseki/report/2013/2013-1niigata3.pdf,official_daily_result_pdf
201304010305,2013,新潟,1,3,5,2013-05-11,https://www.jra.go.jp/datafile/seiseki/report/2013/2013-1niigata3.pdf,official_daily_result_pdf
201304010306,2013,新潟,1,3,6,2013-05-11,https://www.jra.go.jp/datafile/seiseki/report/2013/2013-1niigata3.pdf,official_daily_result_pdf
201304010307,2013,新潟,1,3,7,2013-05-11,https://www.jra.go.jp/datafile/seiseki/report/2013/2013-1niigata3.pdf,official_daily_result_pdf
201304010308,2013,新潟,1,3,8,2013-05-11,https://www.jra.go.jp/datafile/seiseki/report/2013/2013-1niigata3.pdf,official_daily_result_pdf
201304010309,2013,新潟,1,3,9,2013-05-11,https://www.jra.go.jp/datafile/seiseki/report/2013/2013-1niigata3.pdf,official_daily_result_pdf
201304010310,2013,新潟,1,3,10,2013-05-11,https://www.jra.go.jp/datafile/seiseki/report/2013/2013-1niigata3.pdf,official_daily_result_pdf
201304010311,2013,新潟,1,3,11,2013-05-11,https://www.jra.go.jp/datafile/seiseki/report/2013/2013-1niigata3.pdf,official_daily_result_pdf
201304010312,2013,新潟,1,3,12,2013-05-11,https://www.jra.go.jp/datafile/seiseki/report/2013/2013-1niigata3.pdf,official_daily_result_pdf
201304010401,2013,新潟,1,4,1,2013-05-12,https://www.jra.go.jp/datafile/seiseki/report/2013/2013-1niigata4.pdf,official_daily_result_pdf
201304010402,2013,新潟,1,4,2,2013-05-12,https://www.jra.go.jp/datafile/seiseki/report/2013/2013-1niigata4.pdf,official_daily_result_pdf
201304010403,2013,新潟,1,4,3,2013-05-12,https://www.jra.go.jp/datafile/seiseki/report/2013/2013-1niigata4.pdf,official_daily_result_pdf
201304010404,2013,新潟,1,4,4,2013-05-12,https://www.jra.go.jp/datafile/seiseki/report/2013/2013-1niigata4.pdf,official_daily_result_pdf
201304010405,2013,新潟,1,4,5,2013-05-12,https://www.jra.go.jp/datafile/seiseki/report/2013/2013-1niigata4.pdf,official_daily_result_pdf
201304010406,2013,新潟,1,4,6,2013-05-12,https://www.jra.go.jp/datafile/seiseki/report/2013/2013-1niigata4.pdf,official_daily_result_pdf
201304010407,2013,新潟,1,4,7,2013-05-12,https://www.jra.go.jp/datafile/seiseki/report/2013/2013-1niigata4.pdf,official_daily_result_pdf
201304010408,2013,新潟,1,4,8,2013-05-12,https://www.jra.go.jp/datafile/seiseki/report/2013/2013-1niigata4.pdf,official_daily_result_pdf
201304010409,2013,新潟,1,4,9,2013-05-12,https://www.jra.go.jp/datafile/seiseki/report/2013/2013-1niigata4.pdf,official_daily_result_pdf
201304010410,2013,新潟,1,4,10,2013-05-12,https://www.jra.go.jp/datafile/seiseki/report/2013/2013-1niigata4.pdf,official_daily_result_pdf
201304010411,2013,新潟,1,4,11,2013-05-12,https://www.jra.go.jp/datafile/seiseki/report/2013/2013-1niigata4.pdf,official_daily_result_pdf
201304010412,2013,新潟,1,4,12,2013-05-12,https://www.jra.go.jp/datafile/seiseki/report/2013/2013-1niigata4.pdf,official_daily_result_pdf
201304010501,2013,新潟,1,5,1,2013-05-18,https://www.jra.go.jp/datafile/seiseki/report/2013/2013-1niigata5.pdf,official_daily_result_pdf
201304010502,2013,新潟,1,5,2,2013-05-18,https://www.jra.go.jp/datafile/seiseki/report/2013/2013-1niigata5.pdf,official_daily_result_pdf
201304010503,2013,新潟,1,5,3,2013-05-18,https://www.jra.go.jp/datafile/seiseki/report/2013/2013-1niigata5.pdf,official_daily_result_pdf
201304010504,2013,新潟,1,5,4,2013-05-18,https://www.jra.go.jp/datafile/seiseki/report/2013/2013-1niigata5.pdf,official_daily_result_pdf
201304010505,2013,新潟,1,5,5,2013-05-18,https://www.jra.go.jp/datafile/seiseki/report/2013/2013-1niigata5.pdf,official_daily_result_pdf
201304010506,2013,新潟,1,5,6,2013-05-18,https://www.jra.go.jp/datafile/seiseki/report/2013/2013-1niigata5.pdf,official_daily_result_pdf
201304010507,2013,新潟,1,5,7,2013-05-18,https://www.jra.go.jp/datafile/seiseki/report/2013/2013-1niigata5.pdf,official_daily_result_pdf
201304010508,2013,新潟,1,5,8,2013-05-18,https://www.jra.go.jp/datafile/seiseki/report/2013/2013-1niigata5.pdf,official_daily_result_pdf
201304010509,2013,新潟,1,5,9,2013-05-18,https://www.jra.go.jp/datafile/seiseki/report/2013/2013-1niigata5.pdf,official_daily_result_pdf
201304010510,2013,新潟,1,5,10,2013-05-18,https://www.jra.go.jp/datafile/seiseki/report/2013/2013-1niigata5.pdf,official_daily_result_pdf
201304010511,2013,新潟,1,5,11,2013-05-18,https://www.jra.go.jp/datafile/seiseki/report/2013/2013-1niigata5.pdf,official_daily_result_pdf
201304010512,2013,新潟,1,5,12,2013-05-18,https://www.jra.go.jp/datafile/seiseki/report/2013/2013-1niigata5.pdf,official_daily_result_pdf
201304010601,2013,新潟,1,6,1,2013-05-19,https://www.jra.go.jp/datafile/seiseki/report/2013/2013-1niigata6.pdf,official_daily_result_pdf
201304010602,2013,新潟,1,6,2,2013-05-19,https://www.jra.go.jp/datafile/seiseki/report/2013/2013-1niigata6.pdf,official_daily_result_pdf
201304010603,2013,新潟,1,6,3,2013-05-19,https://www.jra.go.jp/datafile/seiseki/report/2013/2013-1niigata6.pdf,official_daily_result_pdf
201304010604,2013,新潟,1,6,4,2013-05-19,https://www.jra.go.jp/datafile/seiseki/report/2013/2013-1niigata6.pdf,official_daily_result_pdf
201304010605,2013,新潟,1,6,5,2013-05-19,https://www.jra.go.jp/datafile/seiseki/report/2013/2013-1niigata6.pdf,official_daily_result_pdf
201304010606,2013,新潟,1,6,6,2013-05-19,https://www.jra.go.jp/datafile/seiseki/report/2013/2013-1niigata6.pdf,official_daily_result_pdf
201304010607,2013,新潟,1,6,7,2013-05-19,https://www.jra.go.jp/datafile/seiseki/report/2013/2013-1niigata6.pdf,official_daily_result_pdf
201304010608,2013,新潟,1,6,8,2013-05-19,https://www.jra.go.jp/datafile/seiseki/report/2013/2013-1niigata6.pdf,official_daily_result_pdf
201304010609,2013,新潟,1,6,9,2013-05-19,https://www.jra.go.jp/datafile/seiseki/report/2013/2013-1niigata6.pdf,official_daily_result_pdf
201304010610,2013,新潟,1,6,10,2013-05-19,https://www.jra.go.jp/datafile/seiseki/report/2013/2013-1niigata6.pdf,official_daily_result_pdf
201304010611,2013,新潟,1,6,11,2013-05-19,https://www.jra.go.jp/datafile/seiseki/report/2013/2013-1niigata6.pdf,official_daily_result_pdf
201304010612,2013,新潟,1,6,12,2013-05-19,https://www.jra.go.jp/datafile/seiseki/report/2013/2013-1niigata6.pdf,official_daily_result_pdf
201304020101,2013,新潟,2,1,1,2013-07-27,https://www.jra.go.jp/datafile/seiseki/report/2013/2013-2niigata1.pdf,official_daily_result_pdf
201304020102,2013,新潟,2,1,2,2013-07-27,https://www.jra.go.jp/datafile/seiseki/report/2013/2013-2niigata1.pdf,official_daily_result_pdf
201304020103,2013,新潟,2,1,3,2013-07-27,https://www.jra.go.jp/datafile/seiseki/report/2013/2013-2niigata1.pdf,official_daily_result_pdf
201304020104,2013,新潟,2,1,4,2013-07-27,https://www.jra.go.jp/datafile/seiseki/report/2013/2013-2niigata1.pdf,official_daily_result_pdf
201304020105,2013,新潟,2,1,5,2013-07-27,https://www.jra.go.jp/datafile/seiseki/report/2013/2013-2niigata1.pdf,official_daily_result_pdf
201304020106,2013,新潟,2,1,6,2013-07-27,https://www.jra.go.jp/datafile/seiseki/report/2013/2013-2niigata1.pdf,official_daily_result_pdf
201304020107,2013,新潟,2,1,7,2013-07-27,https://www.jra.go.jp/datafile/seiseki/report/2013/2013-2niigata1.pdf,official_daily_result_pdf
201304020108,2013,新潟,2,1,8,2013-07-27,https://www.jra.go.jp/datafile/seiseki/report/2013/2013-2niigata1.pdf,official_daily_result_pdf
201304020109,2013,新潟,2,1,9,2013-07-27,https://www.jra.go.jp/datafile/seiseki/report/2013/2013-2niigata1.pdf,official_daily_result_pdf
201304020110,2013,新潟,2,1,10,2013-07-27,https://www.jra.go.jp/datafile/seiseki/report/2013/2013-2niigata1.pdf,official_daily_result_pdf
201304020111,2013,新潟,2,1,11,2013-07-27,https://www.jra.go.jp/datafile/seiseki/report/2013/2013-2niigata1.pdf,official_daily_result_pdf
201304020112,2013,新潟,2,1,12,2013-07-27,https://www.jra.go.jp/datafile/seiseki/report/2013/2013-2niigata1.pdf,official_daily_result_pdf
201304020201,2013,新潟,2,2,1,2013-07-28,https://www.jra.go.jp/datafile/seiseki/report/2013/2013-2niigata2.pdf,official_daily_result_pdf
201304020202,2013,新潟,2,2,2,2013-07-28,https://www.jra.go.jp/datafile/seiseki/report/2013/2013-2niigata2.pdf,official_daily_result_pdf
201304020203,2013,新潟,2,2,3,2013-07-28,https://www.jra.go.jp/datafile/seiseki/report/2013/2013-2niigata2.pdf,official_daily_result_pdf
201304020204,2013,新潟,2,2,4,2013-07-28,https://www.jra.go.jp/datafile/seiseki/report/2013/2013-2niigata2.pdf,official_daily_result_pdf
201304020205,2013,新潟,2,2,5,2013-07-28,https://www.jra.go.jp/datafile/seiseki/report/2013/2013-2niigata2.pdf,official_daily_result_pdf
201304020206,2013,新潟,2,2,6,2013-07-28,https://www.jra.go.jp/datafile/seiseki/report/2013/2013-2niigata2.pdf,official_daily_result_pdf
201304020207,2013,新潟,2,2,7,2013-07-28,https://www.jra.go.jp/datafile/seiseki/report/2013/2013-2niigata2.pdf,official_daily_result_pdf
201304020208,2013,新潟,2,2,8,2013-07-28,https://www.jra.go.jp/datafile/seiseki/report/2013/2013-2niigata2.pdf,official_daily_result_pdf
201304020209,2013,新潟,2,2,9,2013-07-28,https://www.jra.go.jp/datafile/seiseki/report/2013/2013-2niigata2.pdf,official_daily_result_pdf
201304020210,2013,新潟,2,2,10,2013-07-28,https://www.jra.go.jp/datafile/seiseki/report/2013/2013-2niigata2.pdf,official_daily_result_pdf
201304020211,2013,新潟,2,2,11,2013-07-28,https://www.jra.go.jp/datafile/seiseki/report/2013/2013-2niigata2.pdf,official_daily_result_pdf
201304020212,2013,新潟,2,2,12,2013-07-28,https://www.jra.go.jp/datafile/seiseki/report/2013/2013-2niigata2.pdf,official_daily_result_pdf
201304020301,2013,新潟,2,3,1,2013-08-03,https://www.jra.go.jp/datafile/seiseki/report/2013/2013-2niigata3.pdf,official_daily_result_pdf
201304020302,2013,新潟,2,3,2,2013-08-03,https://www.jra.go.jp/datafile/seiseki/report/2013/2013-2niigata3.pdf,official_daily_result_pdf
201304020303,2013,新潟,2,3,3,2013-08-03,https://www.jra.go.jp/datafile/seiseki/report/2013/2013-2niigata3.pdf,official_daily_result_pdf
201304020304,2013,新潟,2,3,4,2013-08-03,https://www.jra.go.jp/datafile/seiseki/report/2013/2013-2niigata3.pdf,official_daily_result_pdf
201304020305,2013,新潟,2,3,5,2013-08-03,https://www.jra.go.jp/datafile/seiseki/report/2013/2013-2niigata3.pdf,official_daily_result_pdf
201304020306,2013,新潟,2,3,6,2013-08-03,https://www.jra.go.jp/datafile/seiseki/report/2013/2013-2niigata3.pdf,official_daily_result_pdf
201304020307,2013,新潟,2,3,7,2013-08-03,https://www.jra.go.jp/datafile/seiseki/report/2013/2013-2niigata3.pdf,official_daily_result_pdf
201304020308,2013,新潟,2,3,8,2013-08-03,https://www.jra.go.jp/datafile/seiseki/report/2013/2013-2niigata3.pdf,official_daily_result_pdf
201304020309,2013,新潟,2,3,9,2013-08-03,https://www.jra.go.jp/datafile/seiseki/report/2013/2013-2niigata3.pdf,official_daily_result_pdf
201304020310,2013,新潟,2,3,10,2013-08-03,https://www.jra.go.jp/datafile/seiseki/report/2013/2013-2niigata3.pdf,official_daily_result_pdf
201304020311,2013,新潟,2,3,11,2013-08-03,https://www.jra.go.jp/datafile/seiseki/report/2013/2013-2niigata3.pdf,official_daily_result_pdf
201304020312,2013,新潟,2,3,12,2013-08-03,https://www.jra.go.jp/datafile/seiseki/report/2013/2013-2niigata3.pdf,official_daily_result_pdf
201304020401,2013,新潟,2,4,1,2013-08-04,https://www.jra.go.jp/datafile/seiseki/report/2013/2013-2niigata4.pdf,official_daily_result_pdf
201304020402,2013,新潟,2,4,2,2013-08-04,https://www.jra.go.jp/datafile/seiseki/report/2013/2013-2niigata4.pdf,official_daily_result_pdf
201304020403,2013,新潟,2,4,3,2013-08-04,https://www.jra.go.jp/datafile/seiseki/report/2013/2013-2niigata4.pdf,official_daily_result_pdf
201304020404,2013,新潟,2,4,4,2013-08-04,https://www.jra.go.jp/datafile/seiseki/report/2013/2013-2niigata4.pdf,official_daily_result_pdf
201304020405,2013,新潟,2,4,5,2013-08-04,https://www.jra.go.jp/datafile/seiseki/report/2013/2013-2niigata4.pdf,official_daily_result_pdf
201304020406,2013,新潟,2,4,6,2013-08-04,https://www.jra.go.jp/datafile/seiseki/report/2013/2013-2niigata4.pdf,official_daily_result_pdf
201304020407,2013,新潟,2,4,7,2013-08-04,https://www.jra.go.jp/datafile/seiseki/report/2013/2013-2niigata4.pdf,official_daily_result_pdf
201304020408,2013,新潟,2,4,8,2013-08-04,https://www.jra.go.jp/datafile/seiseki/report/2013/2013-2niigata4.pdf,official_daily_result_pdf
201304020409,2013,新潟,2,4,9,2013-08-04,https://www.jra.go.jp/datafile/seiseki/report/2013/2013-2niigata4.pdf,official_daily_result_pdf
201304020410,2013,新潟,2,4,10,2013-08-04,https://www.jra.go.jp/datafile/seiseki/report/2013/2013-2niigata4.pdf,official_daily_result_pdf
201304020411,2013,新潟,2,4,11,2013-08-04,https://www.jra.go.jp/datafile/seiseki/report/2013/2013-2niigata4.pdf,official_daily_result_pdf
201304020412,2013,新潟,2,4,12,2013-08-04,https://www.jra.go.jp/datafile/seiseki/report/2013/2013-2niigata4.pdf,official_daily_result_pdf
201304020501,2013,新潟,2,5,1,2013-08-10,https://www.jra.go.jp/datafile/seiseki/report/2013/2013-2niigata5.pdf,official_daily_result_pdf
201304020502,2013,新潟,2,5,2,2013-08-10,https://www.jra.go.jp/datafile/seiseki/report/2013/2013-2niigata5.pdf,official_daily_result_pdf
201304020503,2013,新潟,2,5,3,2013-08-10,https://www.jra.go.jp/datafile/seiseki/report/2013/2013-2niigata5.pdf,official_daily_result_pdf
201304020504,2013,新潟,2,5,4,2013-08-10,https://www.jra.go.jp/datafile/seiseki/report/2013/2013-2niigata5.pdf,official_daily_result_pdf
201304020505,2013,新潟,2,5,5,2013-08-10,https://www.jra.go.jp/datafile/seiseki/report/2013/2013-2niigata5.pdf,official_daily_result_pdf
201304020506,2013,新潟,2,5,6,2013-08-10,https://www.jra.go.jp/datafile/seiseki/report/2013/2013-2niigata5.pdf,official_daily_result_pdf
201304020507,2013,新潟,2,5,7,2013-08-10,https://www.jra.go.jp/datafile/seiseki/report/2013/2013-2niigata5.pdf,official_daily_result_pdf
201304020508,2013,新潟,2,5,8,2013-08-10,https://www.jra.go.jp/datafile/seiseki/report/2013/2013-2niigata5.pdf,official_daily_result_pdf
201304020509,2013,新潟,2,5,9,2013-08-10,https://www.jra.go.jp/datafile/seiseki/report/2013/2013-2niigata5.pdf,official_daily_result_pdf
201304020510,2013,新潟,2,5,10,2013-08-10,https://www.jra.go.jp/datafile/seiseki/report/2013/2013-2niigata5.pdf,official_daily_result_pdf
201304020511,2013,新潟,2,5,11,2013-08-10,https://www.jra.go.jp/datafile/seiseki/report/2013/2013-2niigata5.pdf,official_daily_result_pdf
201304020512,2013,新潟,2,5,12,2013-08-10,https://www.jra.go.jp/datafile/seiseki/report/2013/2013-2niigata5.pdf,official_daily_result_pdf
201304020601,2013,新潟,2,6,1,2013-08-11,https://www.jra.go.jp/datafile/seiseki/report/2013/2013-2niigata6.pdf,official_daily_result_pdf
201304020602,2013,新潟,2,6,2,2013-08-11,https://www.jra.go.jp/datafile/seiseki/report/2013/2013-2niigata6.pdf,official_daily_result_pdf
201304020603,2013,新潟,2,6,3,2013-08-11,https://www.jra.go.jp/datafile/seiseki/report/2013/2013-2niigata6.pdf,official_daily_result_pdf
201304020604,2013,新潟,2,6,4,2013-08-11,https://www.jra.go.jp/datafile/seiseki/report/2013/2013-2niigata6.pdf,official_daily_result_pdf
201304020605,2013,新潟,2,6,5,2013-08-11,https://www.jra.go.jp/datafile/seiseki/report/2013/2013-2niigata6.pdf,official_daily_result_pdf
201304020606,2013,新潟,2,6,6,2013-08-11,https://www.jra.go.jp/datafile/seiseki/report/2013/2013-2niigata6.pdf,official_daily_result_pdf
201304020607,2013,新潟,2,6,7,2013-08-11,https://www.jra.go.jp/datafile/seiseki/report/2013/2013-2niigata6.pdf,official_daily_result_pdf
201304020608,2013,新潟,2,6,8,2013-08-11,https://www.jra.go.jp/datafile/seiseki/report/2013/2013-2niigata6.pdf,official_daily_result_pdf
201304020609,2013,新潟,2,6,9,2013-08-11,https://www.jra.go.jp/datafile/seiseki/report/2013/2013-2niigata6.pdf,official_daily_result_pdf
201304020610,2013,新潟,2,6,10,2013-08-11,https://www.jra.go.jp/datafile/seiseki/report/2013/2013-2niigata6.pdf,official_daily_result_pdf
201304020611,2013,新潟,2,6,11,2013-08-11,https://www.jra.go.jp/datafile/seiseki/report/2013/2013-2niigata6.pdf,official_daily_result_pdf
201304020612,2013,新潟,2,6,12,2013-08-11,https://www.jra.go.jp/datafile/seiseki/report/2013/2013-2niigata6.pdf,official_daily_result_pdf
201304020701,2013,新潟,2,7,1,2013-08-17,https://www.jra.go.jp/datafile/seiseki/report/2013/2013-2niigata7.pdf,official_daily_result_pdf
201304020702,2013,新潟,2,7,2,2013-08-17,https://www.jra.go.jp/datafile/seiseki/report/2013/2013-2niigata7.pdf,official_daily_result_pdf
201304020703,2013,新潟,2,7,3,2013-08-17,https://www.jra.go.jp/datafile/seiseki/report/2013/2013-2niigata7.pdf,official_daily_result_pdf
201304020704,2013,新潟,2,7,4,2013-08-17,https://www.jra.go.jp/datafile/seiseki/report/2013/2013-2niigata7.pdf,official_daily_result_pdf
201304020705,2013,新潟,2,7,5,2013-08-17,https://www.jra.go.jp/datafile/seiseki/report/2013/2013-2niigata7.pdf,official_daily_result_pdf
201304020706,2013,新潟,2,7,6,2013-08-17,https://www.jra.go.jp/datafile/seiseki/report/2013/2013-2niigata7.pdf,official_daily_result_pdf
201304020707,2013,新潟,2,7,7,2013-08-17,https://www.jra.go.jp/datafile/seiseki/report/2013/2013-2niigata7.pdf,official_daily_result_pdf
201304020708,2013,新潟,2,7,8,2013-08-17,https://www.jra.go.jp/datafile/seiseki/report/2013/2013-2niigata7.pdf,official_daily_result_pdf
201304020709,2013,新潟,2,7,9,2013-08-17,https://www.jra.go.jp/datafile/seiseki/report/2013/2013-2niigata7.pdf,official_daily_result_pdf
201304020710,2013,新潟,2,7,10,2013-08-17,https://www.jra.go.jp/datafile/seiseki/report/2013/2013-2niigata7.pdf,official_daily_result_pdf
201304020711,2013,新潟,2,7,11,2013-08-17,https://www.jra.go.jp/datafile/seiseki/report/2013/2013-2niigata7.pdf,official_daily_result_pdf
201304020712,2013,新潟,2,7,12,2013-08-17,https://www.jra.go.jp/datafile/seiseki/report/2013/2013-2niigata7.pdf,official_daily_result_pdf
201304020801,2013,新潟,2,8,1,2013-08-18,https://www.jra.go.jp/datafile/seiseki/report/2013/2013-2niigata8.pdf,official_daily_result_pdf
201304020802,2013,新潟,2,8,2,2013-08-18,https://www.jra.go.jp/datafile/seiseki/report/2013/2013-2niigata8.pdf,official_daily_result_pdf
201304020803,2013,新潟,2,8,3,2013-08-18,https://www.jra.go.jp/datafile/seiseki/report/2013/2013-2niigata8.pdf,official_daily_result_pdf
201304020804,2013,新潟,2,8,4,2013-08-18,https://www.jra.go.jp/datafile/seiseki/report/2013/2013-2niigata8.pdf,official_daily_result_pdf
201304020805,2013,新潟,2,8,5,2013-08-18,https://www.jra.go.jp/datafile/seiseki/report/2013/2013-2niigata8.pdf,official_daily_result_pdf
201304020806,2013,新潟,2,8,6,2013-08-18,https://www.jra.go.jp/datafile/seiseki/report/2013/2013-2niigata8.pdf,official_daily_result_pdf
201304020807,2013,新潟,2,8,7,2013-08-18,https://www.jra.go.jp/datafile/seiseki/report/2013/2013-2niigata8.pdf,official_daily_result_pdf
201304020808,2013,新潟,2,8,8,2013-08-18,https://www.jra.go.jp/datafile/seiseki/report/2013/2013-2niigata8.pdf,official_daily_result_pdf
201304020809,2013,新潟,2,8,9,2013-08-18,https://www.jra.go.jp/datafile/seiseki/report/2013/2013-2niigata8.pdf,official_daily_result_pdf
201304020810,2013,新潟,2,8,10,2013-08-18,https://www.jra.go.jp/datafile/seiseki/report/2013/2013-2niigata8.pdf,official_daily_result_pdf
201304020811,2013,新潟,2,8,11,2013-08-18,https://www.jra.go.jp/datafile/seiseki/report/2013/2013-2niigata8.pdf,official_daily_result_pdf
201304020812,2013,新潟,2,8,12,2013-08-18,https://www.jra.go.jp/datafile/seiseki/report/2013/2013-2niigata8.pdf,official_daily_result_pdf
201304020901,2013,新潟,2,9,1,2013-08-24,https://www.jra.go.jp/datafile/seiseki/report/2013/2013-2niigata9.pdf,official_daily_result_pdf
201304020902,2013,新潟,2,9,2,2013-08-24,https://www.jra.go.jp/datafile/seiseki/report/2013/2013-2niigata9.pdf,official_daily_result_pdf
201304020903,2013,新潟,2,9,3,2013-08-24,https://www.jra.go.jp/datafile/seiseki/report/2013/2013-2niigata9.pdf,official_daily_result_pdf
201304020904,2013,新潟,2,9,4,2013-08-24,https://www.jra.go.jp/datafile/seiseki/report/2013/2013-2niigata9.pdf,official_daily_result_pdf
201304020905,2013,新潟,2,9,5,2013-08-24,https://www.jra.go.jp/datafile/seiseki/report/2013/2013-2niigata9.pdf,official_daily_result_pdf
201304020906,2013,新潟,2,9,6,2013-08-24,https://www.jra.go.jp/datafile/seiseki/report/2013/2013-2niigata9.pdf,official_daily_result_pdf
201304020907,2013,新潟,2,9,7,2013-08-24,https://www.jra.go.jp/datafile/seiseki/report/2013/2013-2niigata9.pdf,official_daily_result_pdf
201304020908,2013,新潟,2,9,8,2013-08-24,https://www.jra.go.jp/datafile/seiseki/report/2013/2013-2niigata9.pdf,official_daily_result_pdf
201304020909,2013,新潟,2,9,9,2013-08-24,https://www.jra.go.jp/datafile/seiseki/report/2013/2013-2niigata9.pdf,official_daily_result_pdf
201304020910,2013,新潟,2,9,10,2013-08-24,https://www.jra.go.jp/datafile/seiseki/report/2013/2013-2niigata9.pdf,official_daily_result_pdf
201304020911,2013,新潟,2,9,11,2013-08-24,https://www.jra.go.jp/datafile/seiseki/report/2013/2013-2niigata9.pdf,official_daily_result_pdf
201304020912,2013,新潟,2,9,12,2013-08-24,https://www.jra.go.jp/datafile/seiseki/report/2013/2013-2niigata9.pdf,official_daily_result_pdf
201304021001,2013,新潟,2,10,1,2013-08-25,https://www.jra.go.jp/datafile/seiseki/report/2013/2013-2niigata10.pdf,official_daily_result_pdf
201304021002,2013,新潟,2,10,2,2013-08-25,https://www.jra.go.jp/datafile/seiseki/report/2013/2013-2niigata10.pdf,official_daily_result_pdf
201304021003,2013,新潟,2,10,3,2013-08-25,https://www.jra.go.jp/datafile/seiseki/report/2013/2013-2niigata10.pdf,official_daily_result_pdf
201304021004,2013,新潟,2,10,4,2013-08-25,https://www.jra.go.jp/datafile/seiseki/report/2013/2013-2niigata10.pdf,official_daily_result_pdf
201304021005,2013,新潟,2,10,5,2013-08-25,https://www.jra.go.jp/datafile/seiseki/report/2013/2013-2niigata10.pdf,official_daily_result_pdf
201304021006,2013,新潟,2,10,6,2013-08-25,https://www.jra.go.jp/datafile/seiseki/report/2013/2013-2niigata10.pdf,official_daily_result_pdf
201304021007,2013,新潟,2,10,7,2013-08-25,https://www.jra.go.jp/datafile/seiseki/report/2013/2013-2niigata10.pdf,official_daily_result_pdf
201304021008,2013,新潟,2,10,8,2013-08-25,https://www.jra.go.jp/datafile/seiseki/report/2013/2013-2niigata10.pdf,official_daily_result_pdf
201304021009,2013,新潟,2,10,9,2013-08-25,https://www.jra.go.jp/datafile/seiseki/report/2013/2013-2niigata10.pdf,official_daily_result_pdf
201304021010,2013,新潟,2,10,10,2013-08-25,https://www.jra.go.jp/datafile/seiseki/report/2013/2013-2niigata10.pdf,official_daily_result_pdf
201304021011,2013,新潟,2,10,11,2013-08-25,https://www.jra.go.jp/datafile/seiseki/report/2013/2013-2niigata10.pdf,official_daily_result_pdf
201304021012,2013,新潟,2,10,12,2013-08-25,https://www.jra.go.jp/datafile/seiseki/report/2013/2013-2niigata10.pdf,official_daily_result_pdf
201304021101,2013,新潟,2,11,1,2013-08-31,https://www.jra.go.jp/datafile/seiseki/report/2013/2013-2niigata11.pdf,official_daily_result_pdf
201304021102,2013,新潟,2,11,2,2013-08-31,https://www.jra.go.jp/datafile/seiseki/report/2013/2013-2niigata11.pdf,official_daily_result_pdf
201304021103,2013,新潟,2,11,3,2013-08-31,https://www.jra.go.jp/datafile/seiseki/report/2013/2013-2niigata11.pdf,official_daily_result_pdf
201304021104,2013,新潟,2,11,4,2013-08-31,https://www.jra.go.jp/datafile/seiseki/report/2013/2013-2niigata11.pdf,official_daily_result_pdf
201304021105,2013,新潟,2,11,5,2013-08-31,https://www.jra.go.jp/datafile/seiseki/report/2013/2013-2niigata11.pdf,official_daily_result_pdf
201304021106,2013,新潟,2,11,6,2013-08-31,https://www.jra.go.jp/datafile/seiseki/report/2013/2013-2niigata11.pdf,official_daily_result_pdf
201304021107,2013,新潟,2,11,7,2013-08-31,https://www.jra.go.jp/datafile/seiseki/report/2013/2013-2niigata11.pdf,official_daily_result_pdf
201304021108,2013,新潟,2,11,8,2013-08-31,https://www.jra.go.jp/datafile/seiseki/report/2013/2013-2niigata11.pdf,official_daily_result_pdf
201304021109,2013,新潟,2,11,9,2013-08-31,https://www.jra.go.jp/datafile/seiseki/report/2013/2013-2niigata11.pdf,official_daily_result_pdf
201304021110,2013,新潟,2,11,10,2013-08-31,https://www.jra.go.jp/datafile/seiseki/report/2013/2013-2niigata11.pdf,official_daily_result_pdf
201304021111,2013,新潟,2,11,11,2013-08-31,https://www.jra.go.jp/datafile/seiseki/report/2013/2013-2niigata11.pdf,official_daily_result_pdf
201304021112,2013,新潟,2,11,12,2013-08-31,https://www.jra.go.jp/datafile/seiseki/report/2013/2013-2niigata11.pdf,official_daily_result_pdf
201304021201,2013,新潟,2,12,1,2013-09-01,https://www.jra.go.jp/datafile/seiseki/report/2013/2013-2niigata12.pdf,official_daily_result_pdf
201304021202,2013,新潟,2,12,2,2013-09-01,https://www.jra.go.jp/datafile/seiseki/report/2013/2013-2niigata12.pdf,official_daily_result_pdf
201304021203,2013,新潟,2,12,3,2013-09-01,https://www.jra.go.jp/datafile/seiseki/report/2013/2013-2niigata12.pdf,official_daily_result_pdf
201304021204,2013,新潟,2,12,4,2013-09-01,https://www.jra.go.jp/datafile/seiseki/report/2013/2013-2niigata12.pdf,official_daily_result_pdf
201304021205,2013,新潟,2,12,5,2013-09-01,https://www.jra.go.jp/datafile/seiseki/report/2013/2013-2niigata12.pdf,official_daily_result_pdf
201304021206,2013,新潟,2,12,6,2013-09-01,https://www.jra.go.jp/datafile/seiseki/report/2013/2013-2niigata12.pdf,official_daily_result_pdf
201304021207,2013,新潟,2,12,7,2013-09-01,https://www.jra.go.jp/datafile/seiseki/report/2013/2013-2niigata12.pdf,official_daily_result_pdf
201304021208,2013,新潟,2,12,8,2013-09-01,https://www.jra.go.jp/datafile/seiseki/report/2013/2013-2niigata12.pdf,official_daily_result_pdf
201304021209,2013,新潟,2,12,9,2013-09-01,https://www.jra.go.jp/datafile/seiseki/report/2013/2013-2niigata12.pdf,official_daily_result_pdf
201304021210,2013,新潟,2,12,10,2013-09-01,https://www.jra.go.jp/datafile/seiseki/report/2013/2013-2niigata12.pdf,official_daily_result_pdf
201304021211,2013,新潟,2,12,11,2013-09-01,https://www.jra.go.jp/datafile/seiseki/report/2013/2013-2niigata12.pdf,official_daily_result_pdf
201304021212,2013,新潟,2,12,12,2013-09-01,https://www.jra.go.jp/datafile/seiseki/report/2013/2013-2niigata12.pdf,official_daily_result_pdf
201304030101,2013,新潟,3,1,1,2013-10-05,https://www.jra.go.jp/datafile/seiseki/report/2013/2013-3niigata1.pdf,official_daily_result_pdf
201304030102,2013,新潟,3,1,2,2013-10-05,https://www.jra.go.jp/datafile/seiseki/report/2013/2013-3niigata1.pdf,official_daily_result_pdf
201304030103,2013,新潟,3,1,3,2013-10-05,https://www.jra.go.jp/datafile/seiseki/report/2013/2013-3niigata1.pdf,official_daily_result_pdf
201304030104,2013,新潟,3,1,4,2013-10-05,https://www.jra.go.jp/datafile/seiseki/report/2013/2013-3niigata1.pdf,official_daily_result_pdf
201304030105,2013,新潟,3,1,5,2013-10-05,https://www.jra.go.jp/datafile/seiseki/report/2013/2013-3niigata1.pdf,official_daily_result_pdf
201304030106,2013,新潟,3,1,6,2013-10-05,https://www.jra.go.jp/datafile/seiseki/report/2013/2013-3niigata1.pdf,official_daily_result_pdf
201304030107,2013,新潟,3,1,7,2013-10-05,https://www.jra.go.jp/datafile/seiseki/report/2013/2013-3niigata1.pdf,official_daily_result_pdf
201304030108,2013,新潟,3,1,8,2013-10-05,https://www.jra.go.jp/datafile/seiseki/report/2013/2013-3niigata1.pdf,official_daily_result_pdf
201304030109,2013,新潟,3,1,9,2013-10-05,https://www.jra.go.jp/datafile/seiseki/report/2013/2013-3niigata1.pdf,official_daily_result_pdf
201304030110,2013,新潟,3,1,10,2013-10-05,https://www.jra.go.jp/datafile/seiseki/report/2013/2013-3niigata1.pdf,official_daily_result_pdf
201304030111,2013,新潟,3,1,11,2013-10-05,https://www.jra.go.jp/datafile/seiseki/report/2013/2013-3niigata1.pdf,official_daily_result_pdf
201304030112,2013,新潟,3,1,12,2013-10-05,https://www.jra.go.jp/datafile/seiseki/report/2013/2013-3niigata1.pdf,official_daily_result_pdf
201304030201,2013,新潟,3,2,1,2013-10-06,https://www.jra.go.jp/datafile/seiseki/report/2013/2013-3niigata2.pdf,official_daily_result_pdf
201304030202,2013,新潟,3,2,2,2013-10-06,https://www.jra.go.jp/datafile/seiseki/report/2013/2013-3niigata2.pdf,official_daily_result_pdf
201304030203,2013,新潟,3,2,3,2013-10-06,https://www.jra.go.jp/datafile/seiseki/report/2013/2013-3niigata2.pdf,official_daily_result_pdf
201304030204,2013,新潟,3,2,4,2013-10-06,https://www.jra.go.jp/datafile/seiseki/report/2013/2013-3niigata2.pdf,official_daily_result_pdf
201304030205,2013,新潟,3,2,5,2013-10-06,https://www.jra.go.jp/datafile/seiseki/report/2013/2013-3niigata2.pdf,official_daily_result_pdf
201304030206,2013,新潟,3,2,6,2013-10-06,https://www.jra.go.jp/datafile/seiseki/report/2013/2013-3niigata2.pdf,official_daily_result_pdf
201304030207,2013,新潟,3,2,7,2013-10-06,https://www.jra.go.jp/datafile/seiseki/report/2013/2013-3niigata2.pdf,official_daily_result_pdf
201304030208,2013,新潟,3,2,8,2013-10-06,https://www.jra.go.jp/datafile/seiseki/report/2013/2013-3niigata2.pdf,official_daily_result_pdf
201304030209,2013,新潟,3,2,9,2013-10-06,https://www.jra.go.jp/datafile/seiseki/report/2013/2013-3niigata2.pdf,official_daily_result_pdf
201304030210,2013,新潟,3,2,10,2013-10-06,https://www.jra.go.jp/datafile/seiseki/report/2013/2013-3niigata2.pdf,official_daily_result_pdf
201304030211,2013,新潟,3,2,11,2013-10-06,https://www.jra.go.jp/datafile/seiseki/report/2013/2013-3niigata2.pdf,official_daily_result_pdf
201304030212,2013,新潟,3,2,12,2013-10-06,https://www.jra.go.jp/datafile/seiseki/report/2013/2013-3niigata2.pdf,official_daily_result_pdf
201304030301,2013,新潟,3,3,1,2013-10-19,https://www.jra.go.jp/datafile/seiseki/report/2013/2013-3niigata3.pdf,official_daily_result_pdf
201304030302,2013,新潟,3,3,2,2013-10-19,https://www.jra.go.jp/datafile/seiseki/report/2013/2013-3niigata3.pdf,official_daily_result_pdf
201304030303,2013,新潟,3,3,3,2013-10-19,https://www.jra.go.jp/datafile/seiseki/report/2013/2013-3niigata3.pdf,official_daily_result_pdf
201304030304,2013,新潟,3,3,4,2013-10-19,https://www.jra.go.jp/datafile/seiseki/report/2013/2013-3niigata3.pdf,official_daily_result_pdf
201304030305,2013,新潟,3,3,5,2013-10-19,https://www.jra.go.jp/datafile/seiseki/report/2013/2013-3niigata3.pdf,official_daily_result_pdf
201304030306,2013,新潟,3,3,6,2013-10-19,https://www.jra.go.jp/datafile/seiseki/report/2013/2013-3niigata3.pdf,official_daily_result_pdf
201304030307,2013,新潟,3,3,7,2013-10-19,https://www.jra.go.jp/datafile/seiseki/report/2013/2013-3niigata3.pdf,official_daily_result_pdf
201304030308,2013,新潟,3,3,8,2013-10-19,https://www.jra.go.jp/datafile/seiseki/report/2013/2013-3niigata3.pdf,official_daily_result_pdf
201304030309,2013,新潟,3,3,9,2013-10-19,https://www.jra.go.jp/datafile/seiseki/report/2013/2013-3niigata3.pdf,official_daily_result_pdf
201304030310,2013,新潟,3,3,10,2013-10-19,https://www.jra.go.jp/datafile/seiseki/report/2013/2013-3niigata3.pdf,official_daily_result_pdf
201304030311,2013,新潟,3,3,11,2013-10-19,https://www.jra.go.jp/datafile/seiseki/report/2013/2013-3niigata3.pdf,official_daily_result_pdf
201304030312,2013,新潟,3,3,12,2013-10-19,https://www.jra.go.jp/datafile/seiseki/report/2013/2013-3niigata3.pdf,official_daily_result_pdf
201304030401,2013,新潟,3,4,1,2013-10-20,https://www.jra.go.jp/datafile/seiseki/report/2013/2013-3niigata4.pdf,official_daily_result_pdf
201304030402,2013,新潟,3,4,2,2013-10-20,https://www.jra.go.jp/datafile/seiseki/report/2013/2013-3niigata4.pdf,official_daily_result_pdf
201304030403,2013,新潟,3,4,3,2013-10-20,https://www.jra.go.jp/datafile/seiseki/report/2013/2013-3niigata4.pdf,official_daily_result_pdf
201304030404,2013,新潟,3,4,4,2013-10-20,https://www.jra.go.jp/datafile/seiseki/report/2013/2013-3niigata4.pdf,official_daily_result_pdf
201304030405,2013,新潟,3,4,5,2013-10-20,https://www.jra.go.jp/datafile/seiseki/report/2013/2013-3niigata4.pdf,official_daily_result_pdf
201304030406,2013,新潟,3,4,6,2013-10-20,https://www.jra.go.jp/datafile/seiseki/report/2013/2013-3niigata4.pdf,official_daily_result_pdf
201304030407,2013,新潟,3,4,7,2013-10-20,https://www.jra.go.jp/datafile/seiseki/report/2013/2013-3niigata4.pdf,official_daily_result_pdf
201304030408,2013,新潟,3,4,8,2013-10-20,https://www.jra.go.jp/datafile/seiseki/report/2013/2013-3niigata4.pdf,official_daily_result_pdf
201304030409,2013,新潟,3,4,9,2013-10-20,https://www.jra.go.jp/datafile/seiseki/report/2013/2013-3niigata4.pdf,official_daily_result_pdf
201304030410,2013,新潟,3,4,10,2013-10-20,https://www.jra.go.jp/datafile/seiseki/report/2013/2013-3niigata4.pdf,official_daily_result_pdf
201304030411,2013,新潟,3,4,11,2013-10-20,https://www.jra.go.jp/datafile/seiseki/report/2013/2013-3niigata4.pdf,official_daily_result_pdf
201304030412,2013,新潟,3,4,12,2013-10-20,https://www.jra.go.jp/datafile/seiseki/report/2013/2013-3niigata4.pdf,official_daily_result_pdf
201304030501,2013,新潟,3,5,1,2013-10-26,https://www.jra.go.jp/datafile/seiseki/report/2013/2013-3niigata5.pdf,official_daily_result_pdf
201304030502,2013,新潟,3,5,2,2013-10-26,https://www.jra.go.jp/datafile/seiseki/report/2013/2013-3niigata5.pdf,official_daily_result_pdf
201304030503,2013,新潟,3,5,3,2013-10-26,https://www.jra.go.jp/datafile/seiseki/report/2013/2013-3niigata5.pdf,official_daily_result_pdf
201304030504,2013,新潟,3,5,4,2013-10-26,https://www.jra.go.jp/datafile/seiseki/report/2013/2013-3niigata5.pdf,official_daily_result_pdf
201304030505,2013,新潟,3,5,5,2013-10-26,https://www.jra.go.jp/datafile/seiseki/report/2013/2013-3niigata5.pdf,official_daily_result_pdf
201304030506,2013,新潟,3,5,6,2013-10-26,https://www.jra.go.jp/datafile/seiseki/report/2013/2013-3niigata5.pdf,official_daily_result_pdf
201304030507,2013,新潟,3,5,7,2013-10-26,https://www.jra.go.jp/datafile/seiseki/report/2013/2013-3niigata5.pdf,official_daily_result_pdf
201304030508,2013,新潟,3,5,8,2013-10-26,https://www.jra.go.jp/datafile/seiseki/report/2013/2013-3niigata5.pdf,official_daily_result_pdf
201304030509,2013,新潟,3,5,9,2013-10-26,https://www.jra.go.jp/datafile/seiseki/report/2013/2013-3niigata5.pdf,official_daily_result_pdf
201304030510,2013,新潟,3,5,10,2013-10-26,https://www.jra.go.jp/datafile/seiseki/report/2013/2013-3niigata5.pdf,official_daily_result_pdf
201304030511,2013,新潟,3,5,11,2013-10-26,https://www.jra.go.jp/datafile/seiseki/report/2013/2013-3niigata5.pdf,official_daily_result_pdf
201304030512,2013,新潟,3,5,12,2013-10-26,https://www.jra.go.jp/datafile/seiseki/report/2013/2013-3niigata5.pdf,official_daily_result_pdf
201304030601,2013,新潟,3,6,1,2013-10-27,https://www.jra.go.jp/datafile/seiseki/report/2013/2013-3niigata6.pdf,official_daily_result_pdf
201304030602,2013,新潟,3,6,2,2013-10-27,https://www.jra.go.jp/datafile/seiseki/report/2013/2013-3niigata6.pdf,official_daily_result_pdf
201304030603,2013,新潟,3,6,3,2013-10-27,https://www.jra.go.jp/datafile/seiseki/report/2013/2013-3niigata6.pdf,official_daily_result_pdf
201304030604,2013,新潟,3,6,4,2013-10-27,https://www.jra.go.jp/datafile/seiseki/report/2013/2013-3niigata6.pdf,official_daily_result_pdf
201304030605,2013,新潟,3,6,5,2013-10-27,https://www.jra.go.jp/datafile/seiseki/report/2013/2013-3niigata6.pdf,official_daily_result_pdf
201304030606,2013,新潟,3,6,6,2013-10-27,https://www.jra.go.jp/datafile/seiseki/report/2013/2013-3niigata6.pdf,official_daily_result_pdf
201304030607,2013,新潟,3,6,7,2013-10-27,https://www.jra.go.jp/datafile/seiseki/report/2013/2013-3niigata6.pdf,official_daily_result_pdf
201304030608,2013,新潟,3,6,8,2013-10-27,https://www.jra.go.jp/datafile/seiseki/report/2013/2013-3niigata6.pdf,official_daily_result_pdf
201304030609,2013,新潟,3,6,9,2013-10-27,https://www.jra.go.jp/datafile/seiseki/report/2013/2013-3niigata6.pdf,official_daily_result_pdf
201304030610,2013,新潟,3,6,10,2013-10-27,https://www.jra.go.jp/datafile/seiseki/report/2013/2013-3niigata6.pdf,official_daily_result_pdf
201304030611,2013,新潟,3,6,11,2013-10-27,https://www.jra.go.jp/datafile/seiseki/report/2013/2013-3niigata6.pdf,official_daily_result_pdf
201304030612,2013,新潟,3,6,12,2013-10-27,https://www.jra.go.jp/datafile/seiseki/report/2013/2013-3niigata6.pdf,official_daily_result_pdf
201305010101,2013,東京,1,1,1,2013-01-26,https://www.jra.go.jp/datafile/seiseki/report/2013/2013-1tokyo1.pdf,official_daily_result_pdf
201305010102,2013,東京,1,1,2,2013-01-26,https://www.jra.go.jp/datafile/seiseki/report/2013/2013-1tokyo1.pdf,official_daily_result_pdf
201305010103,2013,東京,1,1,3,2013-01-26,https://www.jra.go.jp/datafile/seiseki/report/2013/2013-1tokyo1.pdf,official_daily_result_pdf
201305010104,2013,東京,1,1,4,2013-01-26,https://www.jra.go.jp/datafile/seiseki/report/2013/2013-1tokyo1.pdf,official_daily_result_pdf
201305010105,2013,東京,1,1,5,2013-01-26,https://www.jra.go.jp/datafile/seiseki/report/2013/2013-1tokyo1.pdf,official_daily_result_pdf
201305010106,2013,東京,1,1,6,2013-01-26,https://www.jra.go.jp/datafile/seiseki/report/2013/2013-1tokyo1.pdf,official_daily_result_pdf
201305010107,2013,東京,1,1,7,2013-01-26,https://www.jra.go.jp/datafile/seiseki/report/2013/2013-1tokyo1.pdf,official_daily_result_pdf
201305010108,2013,東京,1,1,8,2013-01-26,https://www.jra.go.jp/datafile/seiseki/report/2013/2013-1tokyo1.pdf,official_daily_result_pdf
201305010109,2013,東京,1,1,9,2013-01-26,https://www.jra.go.jp/datafile/seiseki/report/2013/2013-1tokyo1.pdf,official_daily_result_pdf
201305010110,2013,東京,1,1,10,2013-01-26,https://www.jra.go.jp/datafile/seiseki/report/2013/2013-1tokyo1.pdf,official_daily_result_pdf
201305010111,2013,東京,1,1,11,2013-01-26,https://www.jra.go.jp/datafile/seiseki/report/2013/2013-1tokyo1.pdf,official_daily_result_pdf
201305010112,2013,東京,1,1,12,2013-01-26,https://www.jra.go.jp/datafile/seiseki/report/2013/2013-1tokyo1.pdf,official_daily_result_pdf
201305010201,2013,東京,1,2,1,2013-01-27,https://www.jra.go.jp/datafile/seiseki/report/2013/2013-1tokyo2.pdf,official_daily_result_pdf
201305010202,2013,東京,1,2,2,2013-01-27,https://www.jra.go.jp/datafile/seiseki/report/2013/2013-1tokyo2.pdf,official_daily_result_pdf
201305010203,2013,東京,1,2,3,2013-01-27,https://www.jra.go.jp/datafile/seiseki/report/2013/2013-1tokyo2.pdf,official_daily_result_pdf
201305010204,2013,東京,1,2,4,2013-01-27,https://www.jra.go.jp/datafile/seiseki/report/2013/2013-1tokyo2.pdf,official_daily_result_pdf
201305010205,2013,東京,1,2,5,2013-01-27,https://www.jra.go.jp/datafile/seiseki/report/2013/2013-1tokyo2.pdf,official_daily_result_pdf
201305010206,2013,東京,1,2,6,2013-01-27,https://www.jra.go.jp/datafile/seiseki/report/2013/2013-1tokyo2.pdf,official_daily_result_pdf
201305010207,2013,東京,1,2,7,2013-01-27,https://www.jra.go.jp/datafile/seiseki/report/2013/2013-1tokyo2.pdf,official_daily_result_pdf
201305010208,2013,東京,1,2,8,2013-01-27,https://www.jra.go.jp/datafile/seiseki/report/2013/2013-1tokyo2.pdf,official_daily_result_pdf
201305010209,2013,東京,1,2,9,2013-01-27,https://www.jra.go.jp/datafile/seiseki/report/2013/2013-1tokyo2.pdf,official_daily_result_pdf
201305010210,2013,東京,1,2,10,2013-01-27,https://www.jra.go.jp/datafile/seiseki/report/2013/2013-1tokyo2.pdf,official_daily_result_pdf
201305010211,2013,東京,1,2,11,2013-01-27,https://www.jra.go.jp/datafile/seiseki/report/2013/2013-1tokyo2.pdf,official_daily_result_pdf
201305010212,2013,東京,1,2,12,2013-01-27,https://www.jra.go.jp/datafile/seiseki/report/2013/2013-1tokyo2.pdf,official_daily_result_pdf
201305010301,2013,東京,1,3,1,2013-02-02,https://www.jra.go.jp/datafile/seiseki/report/2013/2013-1tokyo3.pdf,official_daily_result_pdf
201305010302,2013,東京,1,3,2,2013-02-02,https://www.jra.go.jp/datafile/seiseki/report/2013/2013-1tokyo3.pdf,official_daily_result_pdf
201305010303,2013,東京,1,3,3,2013-02-02,https://www.jra.go.jp/datafile/seiseki/report/2013/2013-1tokyo3.pdf,official_daily_result_pdf
201305010304,2013,東京,1,3,4,2013-02-02,https://www.jra.go.jp/datafile/seiseki/report/2013/2013-1tokyo3.pdf,official_daily_result_pdf
201305010305,2013,東京,1,3,5,2013-02-02,https://www.jra.go.jp/datafile/seiseki/report/2013/2013-1tokyo3.pdf,official_daily_result_pdf
201305010306,2013,東京,1,3,6,2013-02-02,https://www.jra.go.jp/datafile/seiseki/report/2013/2013-1tokyo3.pdf,official_daily_result_pdf
201305010307,2013,東京,1,3,7,2013-02-02,https://www.jra.go.jp/datafile/seiseki/report/2013/2013-1tokyo3.pdf,official_daily_result_pdf
201305010308,2013,東京,1,3,8,2013-02-02,https://www.jra.go.jp/datafile/seiseki/report/2013/2013-1tokyo3.pdf,official_daily_result_pdf
201305010309,2013,東京,1,3,9,2013-02-02,https://www.jra.go.jp/datafile/seiseki/report/2013/2013-1tokyo3.pdf,official_daily_result_pdf
201305010310,2013,東京,1,3,10,2013-02-02,https://www.jra.go.jp/datafile/seiseki/report/2013/2013-1tokyo3.pdf,official_daily_result_pdf
201305010311,2013,東京,1,3,11,2013-02-02,https://www.jra.go.jp/datafile/seiseki/report/2013/2013-1tokyo3.pdf,official_daily_result_pdf
201305010312,2013,東京,1,3,12,2013-02-02,https://www.jra.go.jp/datafile/seiseki/report/2013/2013-1tokyo3.pdf,official_daily_result_pdf
201305010401,2013,東京,1,4,1,2013-02-03,https://www.jra.go.jp/datafile/seiseki/report/2013/2013-1tokyo4.pdf,official_daily_result_pdf
201305010402,2013,東京,1,4,2,2013-02-03,https://www.jra.go.jp/datafile/seiseki/report/2013/2013-1tokyo4.pdf,official_daily_result_pdf
201305010403,2013,東京,1,4,3,2013-02-03,https://www.jra.go.jp/datafile/seiseki/report/2013/2013-1tokyo4.pdf,official_daily_result_pdf
201305010404,2013,東京,1,4,4,2013-02-03,https://www.jra.go.jp/datafile/seiseki/report/2013/2013-1tokyo4.pdf,official_daily_result_pdf
201305010405,2013,東京,1,4,5,2013-02-03,https://www.jra.go.jp/datafile/seiseki/report/2013/2013-1tokyo4.pdf,official_daily_result_pdf
201305010406,2013,東京,1,4,6,2013-02-03,https://www.jra.go.jp/datafile/seiseki/report/2013/2013-1tokyo4.pdf,official_daily_result_pdf
201305010407,2013,東京,1,4,7,2013-02-03,https://www.jra.go.jp/datafile/seiseki/report/2013/2013-1tokyo4.pdf,official_daily_result_pdf
201305010408,2013,東京,1,4,8,2013-02-03,https://www.jra.go.jp/datafile/seiseki/report/2013/2013-1tokyo4.pdf,official_daily_result_pdf
201305010409,2013,東京,1,4,9,2013-02-03,https://www.jra.go.jp/datafile/seiseki/report/2013/2013-1tokyo4.pdf,official_daily_result_pdf
201305010410,2013,東京,1,4,10,2013-02-03,https://www.jra.go.jp/datafile/seiseki/report/2013/2013-1tokyo4.pdf,official_daily_result_pdf
201305010411,2013,東京,1,4,11,2013-02-03,https://www.jra.go.jp/datafile/seiseki/report/2013/2013-1tokyo4.pdf,official_daily_result_pdf
201305010412,2013,東京,1,4,12,2013-02-03,https://www.jra.go.jp/datafile/seiseki/report/2013/2013-1tokyo4.pdf,official_daily_result_pdf
201305010501,2013,東京,1,5,1,2013-02-09,https://www.jra.go.jp/datafile/seiseki/report/2013/2013-1tokyo5.pdf,official_daily_result_pdf
201305010502,2013,東京,1,5,2,2013-02-09,https://www.jra.go.jp/datafile/seiseki/report/2013/2013-1tokyo5.pdf,official_daily_result_pdf
201305010503,2013,東京,1,5,3,2013-02-09,https://www.jra.go.jp/datafile/seiseki/report/2013/2013-1tokyo5.pdf,official_daily_result_pdf
201305010504,2013,東京,1,5,4,2013-02-09,https://www.jra.go.jp/datafile/seiseki/report/2013/2013-1tokyo5.pdf,official_daily_result_pdf
201305010505,2013,東京,1,5,5,2013-02-09,https://www.jra.go.jp/datafile/seiseki/report/2013/2013-1tokyo5.pdf,official_daily_result_pdf
201305010506,2013,東京,1,5,6,2013-02-09,https://www.jra.go.jp/datafile/seiseki/report/2013/2013-1tokyo5.pdf,official_daily_result_pdf
201305010507,2013,東京,1,5,7,2013-02-09,https://www.jra.go.jp/datafile/seiseki/report/2013/2013-1tokyo5.pdf,official_daily_result_pdf
201305010508,2013,東京,1,5,8,2013-02-09,https://www.jra.go.jp/datafile/seiseki/report/2013/2013-1tokyo5.pdf,official_daily_result_pdf
201305010509,2013,東京,1,5,9,2013-02-09,https://www.jra.go.jp/datafile/seiseki/report/2013/2013-1tokyo5.pdf,official_daily_result_pdf
201305010510,2013,東京,1,5,10,2013-02-09,https://www.jra.go.jp/datafile/seiseki/report/2013/2013-1tokyo5.pdf,official_daily_result_pdf
201305010511,2013,東京,1,5,11,2013-02-09,https://www.jra.go.jp/datafile/seiseki/report/2013/2013-1tokyo5.pdf,official_daily_result_pdf
201305010512,2013,東京,1,5,12,2013-02-09,https://www.jra.go.jp/datafile/seiseki/report/2013/2013-1tokyo5.pdf,official_daily_result_pdf
201305010601,2013,東京,1,6,1,2013-02-10,https://www.jra.go.jp/datafile/seiseki/report/2013/2013-1tokyo6.pdf,official_daily_result_pdf
201305010602,2013,東京,1,6,2,2013-02-10,https://www.jra.go.jp/datafile/seiseki/report/2013/2013-1tokyo6.pdf,official_daily_result_pdf
201305010603,2013,東京,1,6,3,2013-02-10,https://www.jra.go.jp/datafile/seiseki/report/2013/2013-1tokyo6.pdf,official_daily_result_pdf
201305010604,2013,東京,1,6,4,2013-02-10,https://www.jra.go.jp/datafile/seiseki/report/2013/2013-1tokyo6.pdf,official_daily_result_pdf
201305010605,2013,東京,1,6,5,2013-02-10,https://www.jra.go.jp/datafile/seiseki/report/2013/2013-1tokyo6.pdf,official_daily_result_pdf
201305010606,2013,東京,1,6,6,2013-02-10,https://www.jra.go.jp/datafile/seiseki/report/2013/2013-1tokyo6.pdf,official_daily_result_pdf
201305010607,2013,東京,1,6,7,2013-02-10,https://www.jra.go.jp/datafile/seiseki/report/2013/2013-1tokyo6.pdf,official_daily_result_pdf
201305010608,2013,東京,1,6,8,2013-02-10,https://www.jra.go.jp/datafile/seiseki/report/2013/2013-1tokyo6.pdf,official_daily_result_pdf
201305010609,2013,東京,1,6,9,2013-02-10,https://www.jra.go.jp/datafile/seiseki/report/2013/2013-1tokyo6.pdf,official_daily_result_pdf
201305010610,2013,東京,1,6,10,2013-02-10,https://www.jra.go.jp/datafile/seiseki/report/2013/2013-1tokyo6.pdf,official_daily_result_pdf
201305010611,2013,東京,1,6,11,2013-02-10,https://www.jra.go.jp/datafile/seiseki/report/2013/2013-1tokyo6.pdf,official_daily_result_pdf
201305010612,2013,東京,1,6,12,2013-02-10,https://www.jra.go.jp/datafile/seiseki/report/2013/2013-1tokyo6.pdf,official_daily_result_pdf
201305010701,2013,東京,1,7,1,2013-02-16,https://www.jra.go.jp/datafile/seiseki/report/2013/2013-1tokyo7.pdf,official_daily_result_pdf
201305010702,2013,東京,1,7,2,2013-02-16,https://www.jra.go.jp/datafile/seiseki/report/2013/2013-1tokyo7.pdf,official_daily_result_pdf
201305010703,2013,東京,1,7,3,2013-02-16,https://www.jra.go.jp/datafile/seiseki/report/2013/2013-1tokyo7.pdf,official_daily_result_pdf
201305010704,2013,東京,1,7,4,2013-02-16,https://www.jra.go.jp/datafile/seiseki/report/2013/2013-1tokyo7.pdf,official_daily_result_pdf
201305010705,2013,東京,1,7,5,2013-02-16,https://www.jra.go.jp/datafile/seiseki/report/2013/2013-1tokyo7.pdf,official_daily_result_pdf
201305010706,2013,東京,1,7,6,2013-02-16,https://www.jra.go.jp/datafile/seiseki/report/2013/2013-1tokyo7.pdf,official_daily_result_pdf
201305010707,2013,東京,1,7,7,2013-02-16,https://www.jra.go.jp/datafile/seiseki/report/2013/2013-1tokyo7.pdf,official_daily_result_pdf
201305010708,2013,東京,1,7,8,2013-02-16,https://www.jra.go.jp/datafile/seiseki/report/2013/2013-1tokyo7.pdf,official_daily_result_pdf
201305010709,2013,東京,1,7,9,2013-02-16,https://www.jra.go.jp/datafile/seiseki/report/2013/2013-1tokyo7.pdf,official_daily_result_pdf
201305010710,2013,東京,1,7,10,2013-02-16,https://www.jra.go.jp/datafile/seiseki/report/2013/2013-1tokyo7.pdf,official_daily_result_pdf
201305010711,2013,東京,1,7,11,2013-02-16,https://www.jra.go.jp/datafile/seiseki/report/2013/2013-1tokyo7.pdf,official_daily_result_pdf
201305010712,2013,東京,1,7,12,2013-02-16,https://www.jra.go.jp/datafile/seiseki/report/2013/2013-1tokyo7.pdf,official_daily_result_pdf
201305010801,2013,東京,1,8,1,2013-02-17,https://www.jra.go.jp/datafile/seiseki/report/2013/2013-1tokyo8.pdf,official_daily_result_pdf
201305010802,2013,東京,1,8,2,2013-02-17,https://www.jra.go.jp/datafile/seiseki/report/2013/2013-1tokyo8.pdf,official_daily_result_pdf
201305010803,2013,東京,1,8,3,2013-02-17,https://www.jra.go.jp/datafile/seiseki/report/2013/2013-1tokyo8.pdf,official_daily_result_pdf
201305010804,2013,東京,1,8,4,2013-02-17,https://www.jra.go.jp/datafile/seiseki/report/2013/2013-1tokyo8.pdf,official_daily_result_pdf
201305010805,2013,東京,1,8,5,2013-02-17,https://www.jra.go.jp/datafile/seiseki/report/2013/2013-1tokyo8.pdf,official_daily_result_pdf
201305010806,2013,東京,1,8,6,2013-02-17,https://www.jra.go.jp/datafile/seiseki/report/2013/2013-1tokyo8.pdf,official_daily_result_pdf
201305010807,2013,東京,1,8,7,2013-02-17,https://www.jra.go.jp/datafile/seiseki/report/2013/2013-1tokyo8.pdf,official_daily_result_pdf
201305010808,2013,東京,1,8,8,2013-02-17,https://www.jra.go.jp/datafile/seiseki/report/2013/2013-1tokyo8.pdf,official_daily_result_pdf
201305010809,2013,東京,1,8,9,2013-02-17,https://www.jra.go.jp/datafile/seiseki/report/2013/2013-1tokyo8.pdf,official_daily_result_pdf
201305010810,2013,東京,1,8,10,2013-02-17,https://www.jra.go.jp/datafile/seiseki/report/2013/2013-1tokyo8.pdf,official_daily_result_pdf
201305010811,2013,東京,1,8,11,2013-02-17,https://www.jra.go.jp/datafile/seiseki/report/2013/2013-1tokyo8.pdf,official_daily_result_pdf
201305010812,2013,東京,1,8,12,2013-02-17,https://www.jra.go.jp/datafile/seiseki/report/2013/2013-1tokyo8.pdf,official_daily_result_pdf
201305020101,2013,東京,2,1,1,2013-04-20,https://www.jra.go.jp/datafile/seiseki/report/2013/2013-2tokyo1.pdf,official_daily_result_pdf
201305020102,2013,東京,2,1,2,2013-04-20,https://www.jra.go.jp/datafile/seiseki/report/2013/2013-2tokyo1.pdf,official_daily_result_pdf
201305020103,2013,東京,2,1,3,2013-04-20,https://www.jra.go.jp/datafile/seiseki/report/2013/2013-2tokyo1.pdf,official_daily_result_pdf
201305020104,2013,東京,2,1,4,2013-04-20,https://www.jra.go.jp/datafile/seiseki/report/2013/2013-2tokyo1.pdf,official_daily_result_pdf
201305020105,2013,東京,2,1,5,2013-04-20,https://www.jra.go.jp/datafile/seiseki/report/2013/2013-2tokyo1.pdf,official_daily_result_pdf
201305020106,2013,東京,2,1,6,2013-04-20,https://www.jra.go.jp/datafile/seiseki/report/2013/2013-2tokyo1.pdf,official_daily_result_pdf
201305020107,2013,東京,2,1,7,2013-04-20,https://www.jra.go.jp/datafile/seiseki/report/2013/2013-2tokyo1.pdf,official_daily_result_pdf
201305020108,2013,東京,2,1,8,2013-04-20,https://www.jra.go.jp/datafile/seiseki/report/2013/2013-2tokyo1.pdf,official_daily_result_pdf
201305020109,2013,東京,2,1,9,2013-04-20,https://www.jra.go.jp/datafile/seiseki/report/2013/2013-2tokyo1.pdf,official_daily_result_pdf
201305020110,2013,東京,2,1,10,2013-04-20,https://www.jra.go.jp/datafile/seiseki/report/2013/2013-2tokyo1.pdf,official_daily_result_pdf
201305020111,2013,東京,2,1,11,2013-04-20,https://www.jra.go.jp/datafile/seiseki/report/2013/2013-2tokyo1.pdf,official_daily_result_pdf
201305020112,2013,東京,2,1,12,2013-04-20,https://www.jra.go.jp/datafile/seiseki/report/2013/2013-2tokyo1.pdf,official_daily_result_pdf
201305020201,2013,東京,2,2,1,2013-04-21,https://www.jra.go.jp/datafile/seiseki/report/2013/2013-2tokyo2.pdf,official_daily_result_pdf
201305020202,2013,東京,2,2,2,2013-04-21,https://www.jra.go.jp/datafile/seiseki/report/2013/2013-2tokyo2.pdf,official_daily_result_pdf
201305020203,2013,東京,2,2,3,2013-04-21,https://www.jra.go.jp/datafile/seiseki/report/2013/2013-2tokyo2.pdf,official_daily_result_pdf
201305020204,2013,東京,2,2,4,2013-04-21,https://www.jra.go.jp/datafile/seiseki/report/2013/2013-2tokyo2.pdf,official_daily_result_pdf
201305020205,2013,東京,2,2,5,2013-04-21,https://www.jra.go.jp/datafile/seiseki/report/2013/2013-2tokyo2.pdf,official_daily_result_pdf
201305020206,2013,東京,2,2,6,2013-04-21,https://www.jra.go.jp/datafile/seiseki/report/2013/2013-2tokyo2.pdf,official_daily_result_pdf
201305020207,2013,東京,2,2,7,2013-04-21,https://www.jra.go.jp/datafile/seiseki/report/2013/2013-2tokyo2.pdf,official_daily_result_pdf
201305020208,2013,東京,2,2,8,2013-04-21,https://www.jra.go.jp/datafile/seiseki/report/2013/2013-2tokyo2.pdf,official_daily_result_pdf
201305020209,2013,東京,2,2,9,2013-04-21,https://www.jra.go.jp/datafile/seiseki/report/2013/2013-2tokyo2.pdf,official_daily_result_pdf
201305020210,2013,東京,2,2,10,2013-04-21,https://www.jra.go.jp/datafile/seiseki/report/2013/2013-2tokyo2.pdf,official_daily_result_pdf
201305020211,2013,東京,2,2,11,2013-04-21,https://www.jra.go.jp/datafile/seiseki/report/2013/2013-2tokyo2.pdf,official_daily_result_pdf
201305020212,2013,東京,2,2,12,2013-04-21,https://www.jra.go.jp/datafile/seiseki/report/2013/2013-2tokyo2.pdf,official_daily_result_pdf
201305020301,2013,東京,2,3,1,2013-04-27,https://www.jra.go.jp/datafile/seiseki/report/2013/2013-2tokyo3.pdf,official_daily_result_pdf
201305020302,2013,東京,2,3,2,2013-04-27,https://www.jra.go.jp/datafile/seiseki/report/2013/2013-2tokyo3.pdf,official_daily_result_pdf
201305020303,2013,東京,2,3,3,2013-04-27,https://www.jra.go.jp/datafile/seiseki/report/2013/2013-2tokyo3.pdf,official_daily_result_pdf
201305020304,2013,東京,2,3,4,2013-04-27,https://www.jra.go.jp/datafile/seiseki/report/2013/2013-2tokyo3.pdf,official_daily_result_pdf
201305020305,2013,東京,2,3,5,2013-04-27,https://www.jra.go.jp/datafile/seiseki/report/2013/2013-2tokyo3.pdf,official_daily_result_pdf
201305020306,2013,東京,2,3,6,2013-04-27,https://www.jra.go.jp/datafile/seiseki/report/2013/2013-2tokyo3.pdf,official_daily_result_pdf
201305020307,2013,東京,2,3,7,2013-04-27,https://www.jra.go.jp/datafile/seiseki/report/2013/2013-2tokyo3.pdf,official_daily_result_pdf
201305020308,2013,東京,2,3,8,2013-04-27,https://www.jra.go.jp/datafile/seiseki/report/2013/2013-2tokyo3.pdf,official_daily_result_pdf
201305020309,2013,東京,2,3,9,2013-04-27,https://www.jra.go.jp/datafile/seiseki/report/2013/2013-2tokyo3.pdf,official_daily_result_pdf
201305020310,2013,東京,2,3,10,2013-04-27,https://www.jra.go.jp/datafile/seiseki/report/2013/2013-2tokyo3.pdf,official_daily_result_pdf
201305020311,2013,東京,2,3,11,2013-04-27,https://www.jra.go.jp/datafile/seiseki/report/2013/2013-2tokyo3.pdf,official_daily_result_pdf
201305020312,2013,東京,2,3,12,2013-04-27,https://www.jra.go.jp/datafile/seiseki/report/2013/2013-2tokyo3.pdf,official_daily_result_pdf
201305020401,2013,東京,2,4,1,2013-04-28,https://www.jra.go.jp/datafile/seiseki/report/2013/2013-2tokyo4.pdf,official_daily_result_pdf
201305020402,2013,東京,2,4,2,2013-04-28,https://www.jra.go.jp/datafile/seiseki/report/2013/2013-2tokyo4.pdf,official_daily_result_pdf
201305020403,2013,東京,2,4,3,2013-04-28,https://www.jra.go.jp/datafile/seiseki/report/2013/2013-2tokyo4.pdf,official_daily_result_pdf
201305020404,2013,東京,2,4,4,2013-04-28,https://www.jra.go.jp/datafile/seiseki/report/2013/2013-2tokyo4.pdf,official_daily_result_pdf
201305020405,2013,東京,2,4,5,2013-04-28,https://www.jra.go.jp/datafile/seiseki/report/2013/2013-2tokyo4.pdf,official_daily_result_pdf
201305020406,2013,東京,2,4,6,2013-04-28,https://www.jra.go.jp/datafile/seiseki/report/2013/2013-2tokyo4.pdf,official_daily_result_pdf
201305020407,2013,東京,2,4,7,2013-04-28,https://www.jra.go.jp/datafile/seiseki/report/2013/2013-2tokyo4.pdf,official_daily_result_pdf
201305020408,2013,東京,2,4,8,2013-04-28,https://www.jra.go.jp/datafile/seiseki/report/2013/2013-2tokyo4.pdf,official_daily_result_pdf
201305020409,2013,東京,2,4,9,2013-04-28,https://www.jra.go.jp/datafile/seiseki/report/2013/2013-2tokyo4.pdf,official_daily_result_pdf
201305020410,2013,東京,2,4,10,2013-04-28,https://www.jra.go.jp/datafile/seiseki/report/2013/2013-2tokyo4.pdf,official_daily_result_pdf
201305020411,2013,東京,2,4,11,2013-04-28,https://www.jra.go.jp/datafile/seiseki/report/2013/2013-2tokyo4.pdf,official_daily_result_pdf
201305020412,2013,東京,2,4,12,2013-04-28,https://www.jra.go.jp/datafile/seiseki/report/2013/2013-2tokyo4.pdf,official_daily_result_pdf
201305020501,2013,東京,2,5,1,2013-05-04,https://www.jra.go.jp/datafile/seiseki/report/2013/2013-2tokyo5.pdf,official_daily_result_pdf
201305020502,2013,東京,2,5,2,2013-05-04,https://www.jra.go.jp/datafile/seiseki/report/2013/2013-2tokyo5.pdf,official_daily_result_pdf
201305020503,2013,東京,2,5,3,2013-05-04,https://www.jra.go.jp/datafile/seiseki/report/2013/2013-2tokyo5.pdf,official_daily_result_pdf
201305020504,2013,東京,2,5,4,2013-05-04,https://www.jra.go.jp/datafile/seiseki/report/2013/2013-2tokyo5.pdf,official_daily_result_pdf
201305020505,2013,東京,2,5,5,2013-05-04,https://www.jra.go.jp/datafile/seiseki/report/2013/2013-2tokyo5.pdf,official_daily_result_pdf
201305020506,2013,東京,2,5,6,2013-05-04,https://www.jra.go.jp/datafile/seiseki/report/2013/2013-2tokyo5.pdf,official_daily_result_pdf
201305020507,2013,東京,2,5,7,2013-05-04,https://www.jra.go.jp/datafile/seiseki/report/2013/2013-2tokyo5.pdf,official_daily_result_pdf
201305020508,2013,東京,2,5,8,2013-05-04,https://www.jra.go.jp/datafile/seiseki/report/2013/2013-2tokyo5.pdf,official_daily_result_pdf
201305020509,2013,東京,2,5,9,2013-05-04,https://www.jra.go.jp/datafile/seiseki/report/2013/2013-2tokyo5.pdf,official_daily_result_pdf
201305020510,2013,東京,2,5,10,2013-05-04,https://www.jra.go.jp/datafile/seiseki/report/2013/2013-2tokyo5.pdf,official_daily_result_pdf
201305020511,2013,東京,2,5,11,2013-05-04,https://www.jra.go.jp/datafile/seiseki/report/2013/2013-2tokyo5.pdf,official_daily_result_pdf
201305020512,2013,東京,2,5,12,2013-05-04,https://www.jra.go.jp/datafile/seiseki/report/2013/2013-2tokyo5.pdf,official_daily_result_pdf
201305020601,2013,東京,2,6,1,2013-05-05,https://www.jra.go.jp/datafile/seiseki/report/2013/2013-2tokyo6.pdf,official_daily_result_pdf
201305020602,2013,東京,2,6,2,2013-05-05,https://www.jra.go.jp/datafile/seiseki/report/2013/2013-2tokyo6.pdf,official_daily_result_pdf
201305020603,2013,東京,2,6,3,2013-05-05,https://www.jra.go.jp/datafile/seiseki/report/2013/2013-2tokyo6.pdf,official_daily_result_pdf
201305020604,2013,東京,2,6,4,2013-05-05,https://www.jra.go.jp/datafile/seiseki/report/2013/2013-2tokyo6.pdf,official_daily_result_pdf
201305020605,2013,東京,2,6,5,2013-05-05,https://www.jra.go.jp/datafile/seiseki/report/2013/2013-2tokyo6.pdf,official_daily_result_pdf
201305020606,2013,東京,2,6,6,2013-05-05,https://www.jra.go.jp/datafile/seiseki/report/2013/2013-2tokyo6.pdf,official_daily_result_pdf
201305020607,2013,東京,2,6,7,2013-05-05,https://www.jra.go.jp/datafile/seiseki/report/2013/2013-2tokyo6.pdf,official_daily_result_pdf
201305020608,2013,東京,2,6,8,2013-05-05,https://www.jra.go.jp/datafile/seiseki/report/2013/2013-2tokyo6.pdf,official_daily_result_pdf
201305020609,2013,東京,2,6,9,2013-05-05,https://www.jra.go.jp/datafile/seiseki/report/2013/2013-2tokyo6.pdf,official_daily_result_pdf
201305020610,2013,東京,2,6,10,2013-05-05,https://www.jra.go.jp/datafile/seiseki/report/2013/2013-2tokyo6.pdf,official_daily_result_pdf
201305020611,2013,東京,2,6,11,2013-05-05,https://www.jra.go.jp/datafile/seiseki/report/2013/2013-2tokyo6.pdf,official_daily_result_pdf
201305020612,2013,東京,2,6,12,2013-05-05,https://www.jra.go.jp/datafile/seiseki/report/2013/2013-2tokyo6.pdf,official_daily_result_pdf
201305020701,2013,東京,2,7,1,2013-05-11,https://www.jra.go.jp/datafile/seiseki/report/2013/2013-2tokyo7.pdf,official_daily_result_pdf
201305020702,2013,東京,2,7,2,2013-05-11,https://www.jra.go.jp/datafile/seiseki/report/2013/2013-2tokyo7.pdf,official_daily_result_pdf
201305020703,2013,東京,2,7,3,2013-05-11,https://www.jra.go.jp/datafile/seiseki/report/2013/2013-2tokyo7.pdf,official_daily_result_pdf
201305020704,2013,東京,2,7,4,2013-05-11,https://www.jra.go.jp/datafile/seiseki/report/2013/2013-2tokyo7.pdf,official_daily_result_pdf
201305020705,2013,東京,2,7,5,2013-05-11,https://www.jra.go.jp/datafile/seiseki/report/2013/2013-2tokyo7.pdf,official_daily_result_pdf
201305020706,2013,東京,2,7,6,2013-05-11,https://www.jra.go.jp/datafile/seiseki/report/2013/2013-2tokyo7.pdf,official_daily_result_pdf
201305020707,2013,東京,2,7,7,2013-05-11,https://www.jra.go.jp/datafile/seiseki/report/2013/2013-2tokyo7.pdf,official_daily_result_pdf
201305020708,2013,東京,2,7,8,2013-05-11,https://www.jra.go.jp/datafile/seiseki/report/2013/2013-2tokyo7.pdf,official_daily_result_pdf
201305020709,2013,東京,2,7,9,2013-05-11,https://www.jra.go.jp/datafile/seiseki/report/2013/2013-2tokyo7.pdf,official_daily_result_pdf
201305020710,2013,東京,2,7,10,2013-05-11,https://www.jra.go.jp/datafile/seiseki/report/2013/2013-2tokyo7.pdf,official_daily_result_pdf
201305020711,2013,東京,2,7,11,2013-05-11,https://www.jra.go.jp/datafile/seiseki/report/2013/2013-2tokyo7.pdf,official_daily_result_pdf
201305020712,2013,東京,2,7,12,2013-05-11,https://www.jra.go.jp/datafile/seiseki/report/2013/2013-2tokyo7.pdf,official_daily_result_pdf
201305020801,2013,東京,2,8,1,2013-05-12,https://www.jra.go.jp/datafile/seiseki/report/2013/2013-2tokyo8.pdf,official_daily_result_pdf
201305020802,2013,東京,2,8,2,2013-05-12,https://www.jra.go.jp/datafile/seiseki/report/2013/2013-2tokyo8.pdf,official_daily_result_pdf
201305020803,2013,東京,2,8,3,2013-05-12,https://www.jra.go.jp/datafile/seiseki/report/2013/2013-2tokyo8.pdf,official_daily_result_pdf
201305020804,2013,東京,2,8,4,2013-05-12,https://www.jra.go.jp/datafile/seiseki/report/2013/2013-2tokyo8.pdf,official_daily_result_pdf
201305020805,2013,東京,2,8,5,2013-05-12,https://www.jra.go.jp/datafile/seiseki/report/2013/2013-2tokyo8.pdf,official_daily_result_pdf
201305020806,2013,東京,2,8,6,2013-05-12,https://www.jra.go.jp/datafile/seiseki/report/2013/2013-2tokyo8.pdf,official_daily_result_pdf
201305020807,2013,東京,2,8,7,2013-05-12,https://www.jra.go.jp/datafile/seiseki/report/2013/2013-2tokyo8.pdf,official_daily_result_pdf
201305020808,2013,東京,2,8,8,2013-05-12,https://www.jra.go.jp/datafile/seiseki/report/2013/2013-2tokyo8.pdf,official_daily_result_pdf
201305020809,2013,東京,2,8,9,2013-05-12,https://www.jra.go.jp/datafile/seiseki/report/2013/2013-2tokyo8.pdf,official_daily_result_pdf
201305020810,2013,東京,2,8,10,2013-05-12,https://www.jra.go.jp/datafile/seiseki/report/2013/2013-2tokyo8.pdf,official_daily_result_pdf
201305020811,2013,東京,2,8,11,2013-05-12,https://www.jra.go.jp/datafile/seiseki/report/2013/2013-2tokyo8.pdf,official_daily_result_pdf
201305020812,2013,東京,2,8,12,2013-05-12,https://www.jra.go.jp/datafile/seiseki/report/2013/2013-2tokyo8.pdf,official_daily_result_pdf
201305020901,2013,東京,2,9,1,2013-05-18,https://www.jra.go.jp/datafile/seiseki/report/2013/2013-2tokyo9.pdf,official_daily_result_pdf
201305020902,2013,東京,2,9,2,2013-05-18,https://www.jra.go.jp/datafile/seiseki/report/2013/2013-2tokyo9.pdf,official_daily_result_pdf
201305020903,2013,東京,2,9,3,2013-05-18,https://www.jra.go.jp/datafile/seiseki/report/2013/2013-2tokyo9.pdf,official_daily_result_pdf
201305020904,2013,東京,2,9,4,2013-05-18,https://www.jra.go.jp/datafile/seiseki/report/2013/2013-2tokyo9.pdf,official_daily_result_pdf
201305020905,2013,東京,2,9,5,2013-05-18,https://www.jra.go.jp/datafile/seiseki/report/2013/2013-2tokyo9.pdf,official_daily_result_pdf
201305020906,2013,東京,2,9,6,2013-05-18,https://www.jra.go.jp/datafile/seiseki/report/2013/2013-2tokyo9.pdf,official_daily_result_pdf
201305020907,2013,東京,2,9,7,2013-05-18,https://www.jra.go.jp/datafile/seiseki/report/2013/2013-2tokyo9.pdf,official_daily_result_pdf
201305020908,2013,東京,2,9,8,2013-05-18,https://www.jra.go.jp/datafile/seiseki/report/2013/2013-2tokyo9.pdf,official_daily_result_pdf
201305020909,2013,東京,2,9,9,2013-05-18,https://www.jra.go.jp/datafile/seiseki/report/2013/2013-2tokyo9.pdf,official_daily_result_pdf
201305020910,2013,東京,2,9,10,2013-05-18,https://www.jra.go.jp/datafile/seiseki/report/2013/2013-2tokyo9.pdf,official_daily_result_pdf
201305020911,2013,東京,2,9,11,2013-05-18,https://www.jra.go.jp/datafile/seiseki/report/2013/2013-2tokyo9.pdf,official_daily_result_pdf
201305020912,2013,東京,2,9,12,2013-05-18,https://www.jra.go.jp/datafile/seiseki/report/2013/2013-2tokyo9.pdf,official_daily_result_pdf
201305021001,2013,東京,2,10,1,2013-05-19,https://www.jra.go.jp/datafile/seiseki/report/2013/2013-2tokyo10.pdf,official_daily_result_pdf
201305021002,2013,東京,2,10,2,2013-05-19,https://www.jra.go.jp/datafile/seiseki/report/2013/2013-2tokyo10.pdf,official_daily_result_pdf
201305021003,2013,東京,2,10,3,2013-05-19,https://www.jra.go.jp/datafile/seiseki/report/2013/2013-2tokyo10.pdf,official_daily_result_pdf
201305021004,2013,東京,2,10,4,2013-05-19,https://www.jra.go.jp/datafile/seiseki/report/2013/2013-2tokyo10.pdf,official_daily_result_pdf
201305021005,2013,東京,2,10,5,2013-05-19,https://www.jra.go.jp/datafile/seiseki/report/2013/2013-2tokyo10.pdf,official_daily_result_pdf
201305021006,2013,東京,2,10,6,2013-05-19,https://www.jra.go.jp/datafile/seiseki/report/2013/2013-2tokyo10.pdf,official_daily_result_pdf
201305021007,2013,東京,2,10,7,2013-05-19,https://www.jra.go.jp/datafile/seiseki/report/2013/2013-2tokyo10.pdf,official_daily_result_pdf
201305021008,2013,東京,2,10,8,2013-05-19,https://www.jra.go.jp/datafile/seiseki/report/2013/2013-2tokyo10.pdf,official_daily_result_pdf
201305021009,2013,東京,2,10,9,2013-05-19,https://www.jra.go.jp/datafile/seiseki/report/2013/2013-2tokyo10.pdf,official_daily_result_pdf
201305021010,2013,東京,2,10,10,2013-05-19,https://www.jra.go.jp/datafile/seiseki/report/2013/2013-2tokyo10.pdf,official_daily_result_pdf
201305021011,2013,東京,2,10,11,2013-05-19,https://www.jra.go.jp/datafile/seiseki/report/2013/2013-2tokyo10.pdf,official_daily_result_pdf
201305021012,2013,東京,2,10,12,2013-05-19,https://www.jra.go.jp/datafile/seiseki/report/2013/2013-2tokyo10.pdf,official_daily_result_pdf
201305021101,2013,東京,2,11,1,2013-05-25,https://www.jra.go.jp/datafile/seiseki/report/2013/2013-2tokyo11.pdf,official_daily_result_pdf
201305021102,2013,東京,2,11,2,2013-05-25,https://www.jra.go.jp/datafile/seiseki/report/2013/2013-2tokyo11.pdf,official_daily_result_pdf
201305021103,2013,東京,2,11,3,2013-05-25,https://www.jra.go.jp/datafile/seiseki/report/2013/2013-2tokyo11.pdf,official_daily_result_pdf
201305021104,2013,東京,2,11,4,2013-05-25,https://www.jra.go.jp/datafile/seiseki/report/2013/2013-2tokyo11.pdf,official_daily_result_pdf
201305021105,2013,東京,2,11,5,2013-05-25,https://www.jra.go.jp/datafile/seiseki/report/2013/2013-2tokyo11.pdf,official_daily_result_pdf
201305021106,2013,東京,2,11,6,2013-05-25,https://www.jra.go.jp/datafile/seiseki/report/2013/2013-2tokyo11.pdf,official_daily_result_pdf
201305021107,2013,東京,2,11,7,2013-05-25,https://www.jra.go.jp/datafile/seiseki/report/2013/2013-2tokyo11.pdf,official_daily_result_pdf
201305021108,2013,東京,2,11,8,2013-05-25,https://www.jra.go.jp/datafile/seiseki/report/2013/2013-2tokyo11.pdf,official_daily_result_pdf
201305021109,2013,東京,2,11,9,2013-05-25,https://www.jra.go.jp/datafile/seiseki/report/2013/2013-2tokyo11.pdf,official_daily_result_pdf
201305021110,2013,東京,2,11,10,2013-05-25,https://www.jra.go.jp/datafile/seiseki/report/2013/2013-2tokyo11.pdf,official_daily_result_pdf
201305021111,2013,東京,2,11,11,2013-05-25,https://www.jra.go.jp/datafile/seiseki/report/2013/2013-2tokyo11.pdf,official_daily_result_pdf
201305021112,2013,東京,2,11,12,2013-05-25,https://www.jra.go.jp/datafile/seiseki/report/2013/2013-2tokyo11.pdf,official_daily_result_pdf
201305021201,2013,東京,2,12,1,2013-05-26,https://www.jra.go.jp/datafile/seiseki/report/2013/2013-2tokyo12.pdf,official_daily_result_pdf
201305021202,2013,東京,2,12,2,2013-05-26,https://www.jra.go.jp/datafile/seiseki/report/2013/2013-2tokyo12.pdf,official_daily_result_pdf
201305021203,2013,東京,2,12,3,2013-05-26,https://www.jra.go.jp/datafile/seiseki/report/2013/2013-2tokyo12.pdf,official_daily_result_pdf
201305021204,2013,東京,2,12,4,2013-05-26,https://www.jra.go.jp/datafile/seiseki/report/2013/2013-2tokyo12.pdf,official_daily_result_pdf
201305021205,2013,東京,2,12,5,2013-05-26,https://www.jra.go.jp/datafile/seiseki/report/2013/2013-2tokyo12.pdf,official_daily_result_pdf
201305021206,2013,東京,2,12,6,2013-05-26,https://www.jra.go.jp/datafile/seiseki/report/2013/2013-2tokyo12.pdf,official_daily_result_pdf
201305021207,2013,東京,2,12,7,2013-05-26,https://www.jra.go.jp/datafile/seiseki/report/2013/2013-2tokyo12.pdf,official_daily_result_pdf
201305021208,2013,東京,2,12,8,2013-05-26,https://www.jra.go.jp/datafile/seiseki/report/2013/2013-2tokyo12.pdf,official_daily_result_pdf
201305021209,2013,東京,2,12,9,2013-05-26,https://www.jra.go.jp/datafile/seiseki/report/2013/2013-2tokyo12.pdf,official_daily_result_pdf
201305021210,2013,東京,2,12,10,2013-05-26,https://www.jra.go.jp/datafile/seiseki/report/2013/2013-2tokyo12.pdf,official_daily_result_pdf
201305021211,2013,東京,2,12,11,2013-05-26,https://www.jra.go.jp/datafile/seiseki/report/2013/2013-2tokyo12.pdf,official_daily_result_pdf
201305021212,2013,東京,2,12,12,2013-05-26,https://www.jra.go.jp/datafile/seiseki/report/2013/2013-2tokyo12.pdf,official_daily_result_pdf
201305030101,2013,東京,3,1,1,2013-06-01,https://www.jra.go.jp/datafile/seiseki/report/2013/2013-3tokyo1.pdf,official_daily_result_pdf
201305030102,2013,東京,3,1,2,2013-06-01,https://www.jra.go.jp/datafile/seiseki/report/2013/2013-3tokyo1.pdf,official_daily_result_pdf
201305030103,2013,東京,3,1,3,2013-06-01,https://www.jra.go.jp/datafile/seiseki/report/2013/2013-3tokyo1.pdf,official_daily_result_pdf
201305030104,2013,東京,3,1,4,2013-06-01,https://www.jra.go.jp/datafile/seiseki/report/2013/2013-3tokyo1.pdf,official_daily_result_pdf
201305030105,2013,東京,3,1,5,2013-06-01,https://www.jra.go.jp/datafile/seiseki/report/2013/2013-3tokyo1.pdf,official_daily_result_pdf
201305030106,2013,東京,3,1,6,2013-06-01,https://www.jra.go.jp/datafile/seiseki/report/2013/2013-3tokyo1.pdf,official_daily_result_pdf
201305030107,2013,東京,3,1,7,2013-06-01,https://www.jra.go.jp/datafile/seiseki/report/2013/2013-3tokyo1.pdf,official_daily_result_pdf
201305030108,2013,東京,3,1,8,2013-06-01,https://www.jra.go.jp/datafile/seiseki/report/2013/2013-3tokyo1.pdf,official_daily_result_pdf
201305030109,2013,東京,3,1,9,2013-06-01,https://www.jra.go.jp/datafile/seiseki/report/2013/2013-3tokyo1.pdf,official_daily_result_pdf
201305030110,2013,東京,3,1,10,2013-06-01,https://www.jra.go.jp/datafile/seiseki/report/2013/2013-3tokyo1.pdf,official_daily_result_pdf
201305030111,2013,東京,3,1,11,2013-06-01,https://www.jra.go.jp/datafile/seiseki/report/2013/2013-3tokyo1.pdf,official_daily_result_pdf
201305030112,2013,東京,3,1,12,2013-06-01,https://www.jra.go.jp/datafile/seiseki/report/2013/2013-3tokyo1.pdf,official_daily_result_pdf
201305030201,2013,東京,3,2,1,2013-06-02,https://www.jra.go.jp/datafile/seiseki/report/2013/2013-3tokyo2.pdf,official_daily_result_pdf
201305030202,2013,東京,3,2,2,2013-06-02,https://www.jra.go.jp/datafile/seiseki/report/2013/2013-3tokyo2.pdf,official_daily_result_pdf
201305030203,2013,東京,3,2,3,2013-06-02,https://www.jra.go.jp/datafile/seiseki/report/2013/2013-3tokyo2.pdf,official_daily_result_pdf
201305030204,2013,東京,3,2,4,2013-06-02,https://www.jra.go.jp/datafile/seiseki/report/2013/2013-3tokyo2.pdf,official_daily_result_pdf
201305030205,2013,東京,3,2,5,2013-06-02,https://www.jra.go.jp/datafile/seiseki/report/2013/2013-3tokyo2.pdf,official_daily_result_pdf
201305030206,2013,東京,3,2,6,2013-06-02,https://www.jra.go.jp/datafile/seiseki/report/2013/2013-3tokyo2.pdf,official_daily_result_pdf
201305030207,2013,東京,3,2,7,2013-06-02,https://www.jra.go.jp/datafile/seiseki/report/2013/2013-3tokyo2.pdf,official_daily_result_pdf
201305030208,2013,東京,3,2,8,2013-06-02,https://www.jra.go.jp/datafile/seiseki/report/2013/2013-3tokyo2.pdf,official_daily_result_pdf
201305030209,2013,東京,3,2,9,2013-06-02,https://www.jra.go.jp/datafile/seiseki/report/2013/2013-3tokyo2.pdf,official_daily_result_pdf
201305030210,2013,東京,3,2,10,2013-06-02,https://www.jra.go.jp/datafile/seiseki/report/2013/2013-3tokyo2.pdf,official_daily_result_pdf
201305030211,2013,東京,3,2,11,2013-06-02,https://www.jra.go.jp/datafile/seiseki/report/2013/2013-3tokyo2.pdf,official_daily_result_pdf
201305030212,2013,東京,3,2,12,2013-06-02,https://www.jra.go.jp/datafile/seiseki/report/2013/2013-3tokyo2.pdf,official_daily_result_pdf
201305030301,2013,東京,3,3,1,2013-06-08,https://www.jra.go.jp/datafile/seiseki/report/2013/2013-3tokyo3.pdf,official_daily_result_pdf
201305030302,2013,東京,3,3,2,2013-06-08,https://www.jra.go.jp/datafile/seiseki/report/2013/2013-3tokyo3.pdf,official_daily_result_pdf
201305030303,2013,東京,3,3,3,2013-06-08,https://www.jra.go.jp/datafile/seiseki/report/2013/2013-3tokyo3.pdf,official_daily_result_pdf
201305030304,2013,東京,3,3,4,2013-06-08,https://www.jra.go.jp/datafile/seiseki/report/2013/2013-3tokyo3.pdf,official_daily_result_pdf
201305030305,2013,東京,3,3,5,2013-06-08,https://www.jra.go.jp/datafile/seiseki/report/2013/2013-3tokyo3.pdf,official_daily_result_pdf
201305030306,2013,東京,3,3,6,2013-06-08,https://www.jra.go.jp/datafile/seiseki/report/2013/2013-3tokyo3.pdf,official_daily_result_pdf
201305030307,2013,東京,3,3,7,2013-06-08,https://www.jra.go.jp/datafile/seiseki/report/2013/2013-3tokyo3.pdf,official_daily_result_pdf
201305030308,2013,東京,3,3,8,2013-06-08,https://www.jra.go.jp/datafile/seiseki/report/2013/2013-3tokyo3.pdf,official_daily_result_pdf
201305030309,2013,東京,3,3,9,2013-06-08,https://www.jra.go.jp/datafile/seiseki/report/2013/2013-3tokyo3.pdf,official_daily_result_pdf
201305030310,2013,東京,3,3,10,2013-06-08,https://www.jra.go.jp/datafile/seiseki/report/2013/2013-3tokyo3.pdf,official_daily_result_pdf
201305030311,2013,東京,3,3,11,2013-06-08,https://www.jra.go.jp/datafile/seiseki/report/2013/2013-3tokyo3.pdf,official_daily_result_pdf
201305030312,2013,東京,3,3,12,2013-06-08,https://www.jra.go.jp/datafile/seiseki/report/2013/2013-3tokyo3.pdf,official_daily_result_pdf
201305030401,2013,東京,3,4,1,2013-06-09,https://www.jra.go.jp/datafile/seiseki/report/2013/2013-3tokyo4.pdf,official_daily_result_pdf
201305030402,2013,東京,3,4,2,2013-06-09,https://www.jra.go.jp/datafile/seiseki/report/2013/2013-3tokyo4.pdf,official_daily_result_pdf
201305030403,2013,東京,3,4,3,2013-06-09,https://www.jra.go.jp/datafile/seiseki/report/2013/2013-3tokyo4.pdf,official_daily_result_pdf
201305030404,2013,東京,3,4,4,2013-06-09,https://www.jra.go.jp/datafile/seiseki/report/2013/2013-3tokyo4.pdf,official_daily_result_pdf
201305030405,2013,東京,3,4,5,2013-06-09,https://www.jra.go.jp/datafile/seiseki/report/2013/2013-3tokyo4.pdf,official_daily_result_pdf
201305030406,2013,東京,3,4,6,2013-06-09,https://www.jra.go.jp/datafile/seiseki/report/2013/2013-3tokyo4.pdf,official_daily_result_pdf
201305030407,2013,東京,3,4,7,2013-06-09,https://www.jra.go.jp/datafile/seiseki/report/2013/2013-3tokyo4.pdf,official_daily_result_pdf
201305030408,2013,東京,3,4,8,2013-06-09,https://www.jra.go.jp/datafile/seiseki/report/2013/2013-3tokyo4.pdf,official_daily_result_pdf
201305030409,2013,東京,3,4,9,2013-06-09,https://www.jra.go.jp/datafile/seiseki/report/2013/2013-3tokyo4.pdf,official_daily_result_pdf
201305030410,2013,東京,3,4,10,2013-06-09,https://www.jra.go.jp/datafile/seiseki/report/2013/2013-3tokyo4.pdf,official_daily_result_pdf
201305030411,2013,東京,3,4,11,2013-06-09,https://www.jra.go.jp/datafile/seiseki/report/2013/2013-3tokyo4.pdf,official_daily_result_pdf
201305030412,2013,東京,3,4,12,2013-06-09,https://www.jra.go.jp/datafile/seiseki/report/2013/2013-3tokyo4.pdf,official_daily_result_pdf
201305030501,2013,東京,3,5,1,2013-06-15,https://www.jra.go.jp/datafile/seiseki/report/2013/2013-3tokyo5.pdf,official_daily_result_pdf
201305030502,2013,東京,3,5,2,2013-06-15,https://www.jra.go.jp/datafile/seiseki/report/2013/2013-3tokyo5.pdf,official_daily_result_pdf
201305030503,2013,東京,3,5,3,2013-06-15,https://www.jra.go.jp/datafile/seiseki/report/2013/2013-3tokyo5.pdf,official_daily_result_pdf
201305030504,2013,東京,3,5,4,2013-06-15,https://www.jra.go.jp/datafile/seiseki/report/2013/2013-3tokyo5.pdf,official_daily_result_pdf
201305030505,2013,東京,3,5,5,2013-06-15,https://www.jra.go.jp/datafile/seiseki/report/2013/2013-3tokyo5.pdf,official_daily_result_pdf
201305030506,2013,東京,3,5,6,2013-06-15,https://www.jra.go.jp/datafile/seiseki/report/2013/2013-3tokyo5.pdf,official_daily_result_pdf
201305030507,2013,東京,3,5,7,2013-06-15,https://www.jra.go.jp/datafile/seiseki/report/2013/2013-3tokyo5.pdf,official_daily_result_pdf
201305030508,2013,東京,3,5,8,2013-06-15,https://www.jra.go.jp/datafile/seiseki/report/2013/2013-3tokyo5.pdf,official_daily_result_pdf
201305030509,2013,東京,3,5,9,2013-06-15,https://www.jra.go.jp/datafile/seiseki/report/2013/2013-3tokyo5.pdf,official_daily_result_pdf
201305030510,2013,東京,3,5,10,2013-06-15,https://www.jra.go.jp/datafile/seiseki/report/2013/2013-3tokyo5.pdf,official_daily_result_pdf
201305030511,2013,東京,3,5,11,2013-06-15,https://www.jra.go.jp/datafile/seiseki/report/2013/2013-3tokyo5.pdf,official_daily_result_pdf
201305030512,2013,東京,3,5,12,2013-06-15,https://www.jra.go.jp/datafile/seiseki/report/2013/2013-3tokyo5.pdf,official_daily_result_pdf
201305030601,2013,東京,3,6,1,2013-06-16,https://www.jra.go.jp/datafile/seiseki/report/2013/2013-3tokyo6.pdf,official_daily_result_pdf
201305030602,2013,東京,3,6,2,2013-06-16,https://www.jra.go.jp/datafile/seiseki/report/2013/2013-3tokyo6.pdf,official_daily_result_pdf
201305030603,2013,東京,3,6,3,2013-06-16,https://www.jra.go.jp/datafile/seiseki/report/2013/2013-3tokyo6.pdf,official_daily_result_pdf
201305030604,2013,東京,3,6,4,2013-06-16,https://www.jra.go.jp/datafile/seiseki/report/2013/2013-3tokyo6.pdf,official_daily_result_pdf
201305030605,2013,東京,3,6,5,2013-06-16,https://www.jra.go.jp/datafile/seiseki/report/2013/2013-3tokyo6.pdf,official_daily_result_pdf
201305030606,2013,東京,3,6,6,2013-06-16,https://www.jra.go.jp/datafile/seiseki/report/2013/2013-3tokyo6.pdf,official_daily_result_pdf
201305030607,2013,東京,3,6,7,2013-06-16,https://www.jra.go.jp/datafile/seiseki/report/2013/2013-3tokyo6.pdf,official_daily_result_pdf
201305030608,2013,東京,3,6,8,2013-06-16,https://www.jra.go.jp/datafile/seiseki/report/2013/2013-3tokyo6.pdf,official_daily_result_pdf
201305030609,2013,東京,3,6,9,2013-06-16,https://www.jra.go.jp/datafile/seiseki/report/2013/2013-3tokyo6.pdf,official_daily_result_pdf
201305030610,2013,東京,3,6,10,2013-06-16,https://www.jra.go.jp/datafile/seiseki/report/2013/2013-3tokyo6.pdf,official_daily_result_pdf
201305030611,2013,東京,3,6,11,2013-06-16,https://www.jra.go.jp/datafile/seiseki/report/2013/2013-3tokyo6.pdf,official_daily_result_pdf
201305030612,2013,東京,3,6,12,2013-06-16,https://www.jra.go.jp/datafile/seiseki/report/2013/2013-3tokyo6.pdf,official_daily_result_pdf
201305030701,2013,東京,3,7,1,2013-06-22,https://www.jra.go.jp/datafile/seiseki/report/2013/2013-3tokyo7.pdf,official_daily_result_pdf
201305030702,2013,東京,3,7,2,2013-06-22,https://www.jra.go.jp/datafile/seiseki/report/2013/2013-3tokyo7.pdf,official_daily_result_pdf
201305030703,2013,東京,3,7,3,2013-06-22,https://www.jra.go.jp/datafile/seiseki/report/2013/2013-3tokyo7.pdf,official_daily_result_pdf
201305030704,2013,東京,3,7,4,2013-06-22,https://www.jra.go.jp/datafile/seiseki/report/2013/2013-3tokyo7.pdf,official_daily_result_pdf
201305030705,2013,東京,3,7,5,2013-06-22,https://www.jra.go.jp/datafile/seiseki/report/2013/2013-3tokyo7.pdf,official_daily_result_pdf
201305030706,2013,東京,3,7,6,2013-06-22,https://www.jra.go.jp/datafile/seiseki/report/2013/2013-3tokyo7.pdf,official_daily_result_pdf
201305030707,2013,東京,3,7,7,2013-06-22,https://www.jra.go.jp/datafile/seiseki/report/2013/2013-3tokyo7.pdf,official_daily_result_pdf
201305030708,2013,東京,3,7,8,2013-06-22,https://www.jra.go.jp/datafile/seiseki/report/2013/2013-3tokyo7.pdf,official_daily_result_pdf
201305030709,2013,東京,3,7,9,2013-06-22,https://www.jra.go.jp/datafile/seiseki/report/2013/2013-3tokyo7.pdf,official_daily_result_pdf
201305030710,2013,東京,3,7,10,2013-06-22,https://www.jra.go.jp/datafile/seiseki/report/2013/2013-3tokyo7.pdf,official_daily_result_pdf
201305030711,2013,東京,3,7,11,2013-06-22,https://www.jra.go.jp/datafile/seiseki/report/2013/2013-3tokyo7.pdf,official_daily_result_pdf
201305030712,2013,東京,3,7,12,2013-06-22,https://www.jra.go.jp/datafile/seiseki/report/2013/2013-3tokyo7.pdf,official_daily_result_pdf
201305030801,2013,東京,3,8,1,2013-06-23,https://www.jra.go.jp/datafile/seiseki/report/2013/2013-3tokyo8.pdf,official_daily_result_pdf
201305030802,2013,東京,3,8,2,2013-06-23,https://www.jra.go.jp/datafile/seiseki/report/2013/2013-3tokyo8.pdf,official_daily_result_pdf
201305030803,2013,東京,3,8,3,2013-06-23,https://www.jra.go.jp/datafile/seiseki/report/2013/2013-3tokyo8.pdf,official_daily_result_pdf
201305030804,2013,東京,3,8,4,2013-06-23,https://www.jra.go.jp/datafile/seiseki/report/2013/2013-3tokyo8.pdf,official_daily_result_pdf
201305030805,2013,東京,3,8,5,2013-06-23,https://www.jra.go.jp/datafile/seiseki/report/2013/2013-3tokyo8.pdf,official_daily_result_pdf
201305030806,2013,東京,3,8,6,2013-06-23,https://www.jra.go.jp/datafile/seiseki/report/2013/2013-3tokyo8.pdf,official_daily_result_pdf
201305030807,2013,東京,3,8,7,2013-06-23,https://www.jra.go.jp/datafile/seiseki/report/2013/2013-3tokyo8.pdf,official_daily_result_pdf
201305030808,2013,東京,3,8,8,2013-06-23,https://www.jra.go.jp/datafile/seiseki/report/2013/2013-3tokyo8.pdf,official_daily_result_pdf
201305030809,2013,東京,3,8,9,2013-06-23,https://www.jra.go.jp/datafile/seiseki/report/2013/2013-3tokyo8.pdf,official_daily_result_pdf
201305030810,2013,東京,3,8,10,2013-06-23,https://www.jra.go.jp/datafile/seiseki/report/2013/2013-3tokyo8.pdf,official_daily_result_pdf
201305030811,2013,東京,3,8,11,2013-06-23,https://www.jra.go.jp/datafile/seiseki/report/2013/2013-3tokyo8.pdf,official_daily_result_pdf
201305030812,2013,東京,3,8,12,2013-06-23,https://www.jra.go.jp/datafile/seiseki/report/2013/2013-3tokyo8.pdf,official_daily_result_pdf
201305040101,2013,東京,4,1,1,2013-10-05,https://www.jra.go.jp/datafile/seiseki/report/2013/2013-4tokyo1.pdf,official_daily_result_pdf
201305040102,2013,東京,4,1,2,2013-10-05,https://www.jra.go.jp/datafile/seiseki/report/2013/2013-4tokyo1.pdf,official_daily_result_pdf
201305040103,2013,東京,4,1,3,2013-10-05,https://www.jra.go.jp/datafile/seiseki/report/2013/2013-4tokyo1.pdf,official_daily_result_pdf
201305040104,2013,東京,4,1,4,2013-10-05,https://www.jra.go.jp/datafile/seiseki/report/2013/2013-4tokyo1.pdf,official_daily_result_pdf
201305040105,2013,東京,4,1,5,2013-10-05,https://www.jra.go.jp/datafile/seiseki/report/2013/2013-4tokyo1.pdf,official_daily_result_pdf
201305040106,2013,東京,4,1,6,2013-10-05,https://www.jra.go.jp/datafile/seiseki/report/2013/2013-4tokyo1.pdf,official_daily_result_pdf
201305040107,2013,東京,4,1,7,2013-10-05,https://www.jra.go.jp/datafile/seiseki/report/2013/2013-4tokyo1.pdf,official_daily_result_pdf
201305040108,2013,東京,4,1,8,2013-10-05,https://www.jra.go.jp/datafile/seiseki/report/2013/2013-4tokyo1.pdf,official_daily_result_pdf
201305040109,2013,東京,4,1,9,2013-10-05,https://www.jra.go.jp/datafile/seiseki/report/2013/2013-4tokyo1.pdf,official_daily_result_pdf
201305040110,2013,東京,4,1,10,2013-10-05,https://www.jra.go.jp/datafile/seiseki/report/2013/2013-4tokyo1.pdf,official_daily_result_pdf
201305040111,2013,東京,4,1,11,2013-10-05,https://www.jra.go.jp/datafile/seiseki/report/2013/2013-4tokyo1.pdf,official_daily_result_pdf
201305040112,2013,東京,4,1,12,2013-10-05,https://www.jra.go.jp/datafile/seiseki/report/2013/2013-4tokyo1.pdf,official_daily_result_pdf
201305040201,2013,東京,4,2,1,2013-10-06,https://www.jra.go.jp/datafile/seiseki/report/2013/2013-4tokyo2.pdf,official_daily_result_pdf
201305040202,2013,東京,4,2,2,2013-10-06,https://www.jra.go.jp/datafile/seiseki/report/2013/2013-4tokyo2.pdf,official_daily_result_pdf
201305040203,2013,東京,4,2,3,2013-10-06,https://www.jra.go.jp/datafile/seiseki/report/2013/2013-4tokyo2.pdf,official_daily_result_pdf
201305040204,2013,東京,4,2,4,2013-10-06,https://www.jra.go.jp/datafile/seiseki/report/2013/2013-4tokyo2.pdf,official_daily_result_pdf
201305040205,2013,東京,4,2,5,2013-10-06,https://www.jra.go.jp/datafile/seiseki/report/2013/2013-4tokyo2.pdf,official_daily_result_pdf
201305040206,2013,東京,4,2,6,2013-10-06,https://www.jra.go.jp/datafile/seiseki/report/2013/2013-4tokyo2.pdf,official_daily_result_pdf
201305040207,2013,東京,4,2,7,2013-10-06,https://www.jra.go.jp/datafile/seiseki/report/2013/2013-4tokyo2.pdf,official_daily_result_pdf
201305040208,2013,東京,4,2,8,2013-10-06,https://www.jra.go.jp/datafile/seiseki/report/2013/2013-4tokyo2.pdf,official_daily_result_pdf
201305040209,2013,東京,4,2,9,2013-10-06,https://www.jra.go.jp/datafile/seiseki/report/2013/2013-4tokyo2.pdf,official_daily_result_pdf
201305040210,2013,東京,4,2,10,2013-10-06,https://www.jra.go.jp/datafile/seiseki/report/2013/2013-4tokyo2.pdf,official_daily_result_pdf
201305040211,2013,東京,4,2,11,2013-10-06,https://www.jra.go.jp/datafile/seiseki/report/2013/2013-4tokyo2.pdf,official_daily_result_pdf
201305040212,2013,東京,4,2,12,2013-10-06,https://www.jra.go.jp/datafile/seiseki/report/2013/2013-4tokyo2.pdf,official_daily_result_pdf
201305040301,2013,東京,4,3,1,2013-10-12,https://www.jra.go.jp/datafile/seiseki/report/2013/2013-4tokyo3.pdf,official_daily_result_pdf
201305040302,2013,東京,4,3,2,2013-10-12,https://www.jra.go.jp/datafile/seiseki/report/2013/2013-4tokyo3.pdf,official_daily_result_pdf
201305040303,2013,東京,4,3,3,2013-10-12,https://www.jra.go.jp/datafile/seiseki/report/2013/2013-4tokyo3.pdf,official_daily_result_pdf
201305040304,2013,東京,4,3,4,2013-10-12,https://www.jra.go.jp/datafile/seiseki/report/2013/2013-4tokyo3.pdf,official_daily_result_pdf
201305040305,2013,東京,4,3,5,2013-10-12,https://www.jra.go.jp/datafile/seiseki/report/2013/2013-4tokyo3.pdf,official_daily_result_pdf
201305040306,2013,東京,4,3,6,2013-10-12,https://www.jra.go.jp/datafile/seiseki/report/2013/2013-4tokyo3.pdf,official_daily_result_pdf
201305040307,2013,東京,4,3,7,2013-10-12,https://www.jra.go.jp/datafile/seiseki/report/2013/2013-4tokyo3.pdf,official_daily_result_pdf
201305040308,2013,東京,4,3,8,2013-10-12,https://www.jra.go.jp/datafile/seiseki/report/2013/2013-4tokyo3.pdf,official_daily_result_pdf
201305040309,2013,東京,4,3,9,2013-10-12,https://www.jra.go.jp/datafile/seiseki/report/2013/2013-4tokyo3.pdf,official_daily_result_pdf
201305040310,2013,東京,4,3,10,2013-10-12,https://www.jra.go.jp/datafile/seiseki/report/2013/2013-4tokyo3.pdf,official_daily_result_pdf
201305040311,2013,東京,4,3,11,2013-10-12,https://www.jra.go.jp/datafile/seiseki/report/2013/2013-4tokyo3.pdf,official_daily_result_pdf
201305040312,2013,東京,4,3,12,2013-10-12,https://www.jra.go.jp/datafile/seiseki/report/2013/2013-4tokyo3.pdf,official_daily_result_pdf
201305040401,2013,東京,4,4,1,2013-10-13,https://www.jra.go.jp/datafile/seiseki/report/2013/2013-4tokyo4.pdf,official_daily_result_pdf
201305040402,2013,東京,4,4,2,2013-10-13,https://www.jra.go.jp/datafile/seiseki/report/2013/2013-4tokyo4.pdf,official_daily_result_pdf
201305040403,2013,東京,4,4,3,2013-10-13,https://www.jra.go.jp/datafile/seiseki/report/2013/2013-4tokyo4.pdf,official_daily_result_pdf
201305040404,2013,東京,4,4,4,2013-10-13,https://www.jra.go.jp/datafile/seiseki/report/2013/2013-4tokyo4.pdf,official_daily_result_pdf
201305040405,2013,東京,4,4,5,2013-10-13,https://www.jra.go.jp/datafile/seiseki/report/2013/2013-4tokyo4.pdf,official_daily_result_pdf
201305040406,2013,東京,4,4,6,2013-10-13,https://www.jra.go.jp/datafile/seiseki/report/2013/2013-4tokyo4.pdf,official_daily_result_pdf
201305040407,2013,東京,4,4,7,2013-10-13,https://www.jra.go.jp/datafile/seiseki/report/2013/2013-4tokyo4.pdf,official_daily_result_pdf
201305040408,2013,東京,4,4,8,2013-10-13,https://www.jra.go.jp/datafile/seiseki/report/2013/2013-4tokyo4.pdf,official_daily_result_pdf
201305040409,2013,東京,4,4,9,2013-10-13,https://www.jra.go.jp/datafile/seiseki/report/2013/2013-4tokyo4.pdf,official_daily_result_pdf
201305040410,2013,東京,4,4,10,2013-10-13,https://www.jra.go.jp/datafile/seiseki/report/2013/2013-4tokyo4.pdf,official_daily_result_pdf
201305040411,2013,東京,4,4,11,2013-10-13,https://www.jra.go.jp/datafile/seiseki/report/2013/2013-4tokyo4.pdf,official_daily_result_pdf
201305040412,2013,東京,4,4,12,2013-10-13,https://www.jra.go.jp/datafile/seiseki/report/2013/2013-4tokyo4.pdf,official_daily_result_pdf
201305040501,2013,東京,4,5,1,2013-10-14,https://www.jra.go.jp/datafile/seiseki/report/2013/2013-4tokyo5.pdf,official_daily_result_pdf
201305040502,2013,東京,4,5,2,2013-10-14,https://www.jra.go.jp/datafile/seiseki/report/2013/2013-4tokyo5.pdf,official_daily_result_pdf
201305040503,2013,東京,4,5,3,2013-10-14,https://www.jra.go.jp/datafile/seiseki/report/2013/2013-4tokyo5.pdf,official_daily_result_pdf
201305040504,2013,東京,4,5,4,2013-10-14,https://www.jra.go.jp/datafile/seiseki/report/2013/2013-4tokyo5.pdf,official_daily_result_pdf
201305040505,2013,東京,4,5,5,2013-10-14,https://www.jra.go.jp/datafile/seiseki/report/2013/2013-4tokyo5.pdf,official_daily_result_pdf
201305040506,2013,東京,4,5,6,2013-10-14,https://www.jra.go.jp/datafile/seiseki/report/2013/2013-4tokyo5.pdf,official_daily_result_pdf
201305040507,2013,東京,4,5,7,2013-10-14,https://www.jra.go.jp/datafile/seiseki/report/2013/2013-4tokyo5.pdf,official_daily_result_pdf
201305040508,2013,東京,4,5,8,2013-10-14,https://www.jra.go.jp/datafile/seiseki/report/2013/2013-4tokyo5.pdf,official_daily_result_pdf
201305040509,2013,東京,4,5,9,2013-10-14,https://www.jra.go.jp/datafile/seiseki/report/2013/2013-4tokyo5.pdf,official_daily_result_pdf
201305040510,2013,東京,4,5,10,2013-10-14,https://www.jra.go.jp/datafile/seiseki/report/2013/2013-4tokyo5.pdf,official_daily_result_pdf
201305040511,2013,東京,4,5,11,2013-10-14,https://www.jra.go.jp/datafile/seiseki/report/2013/2013-4tokyo5.pdf,official_daily_result_pdf
201305040512,2013,東京,4,5,12,2013-10-14,https://www.jra.go.jp/datafile/seiseki/report/2013/2013-4tokyo5.pdf,official_daily_result_pdf
201305040601,2013,東京,4,6,1,2013-10-19,https://www.jra.go.jp/datafile/seiseki/report/2013/2013-4tokyo6.pdf,official_daily_result_pdf
201305040602,2013,東京,4,6,2,2013-10-19,https://www.jra.go.jp/datafile/seiseki/report/2013/2013-4tokyo6.pdf,official_daily_result_pdf
201305040603,2013,東京,4,6,3,2013-10-19,https://www.jra.go.jp/datafile/seiseki/report/2013/2013-4tokyo6.pdf,official_daily_result_pdf
201305040604,2013,東京,4,6,4,2013-10-19,https://www.jra.go.jp/datafile/seiseki/report/2013/2013-4tokyo6.pdf,official_daily_result_pdf
201305040605,2013,東京,4,6,5,2013-10-19,https://www.jra.go.jp/datafile/seiseki/report/2013/2013-4tokyo6.pdf,official_daily_result_pdf
201305040606,2013,東京,4,6,6,2013-10-19,https://www.jra.go.jp/datafile/seiseki/report/2013/2013-4tokyo6.pdf,official_daily_result_pdf
201305040607,2013,東京,4,6,7,2013-10-19,https://www.jra.go.jp/datafile/seiseki/report/2013/2013-4tokyo6.pdf,official_daily_result_pdf
201305040608,2013,東京,4,6,8,2013-10-19,https://www.jra.go.jp/datafile/seiseki/report/2013/2013-4tokyo6.pdf,official_daily_result_pdf
201305040609,2013,東京,4,6,9,2013-10-19,https://www.jra.go.jp/datafile/seiseki/report/2013/2013-4tokyo6.pdf,official_daily_result_pdf
201305040610,2013,東京,4,6,10,2013-10-19,https://www.jra.go.jp/datafile/seiseki/report/2013/2013-4tokyo6.pdf,official_daily_result_pdf
201305040611,2013,東京,4,6,11,2013-10-19,https://www.jra.go.jp/datafile/seiseki/report/2013/2013-4tokyo6.pdf,official_daily_result_pdf
201305040612,2013,東京,4,6,12,2013-10-19,https://www.jra.go.jp/datafile/seiseki/report/2013/2013-4tokyo6.pdf,official_daily_result_pdf
201305040701,2013,東京,4,7,1,2013-10-20,https://www.jra.go.jp/datafile/seiseki/report/2013/2013-4tokyo7.pdf,official_daily_result_pdf
201305040702,2013,東京,4,7,2,2013-10-20,https://www.jra.go.jp/datafile/seiseki/report/2013/2013-4tokyo7.pdf,official_daily_result_pdf
201305040703,2013,東京,4,7,3,2013-10-20,https://www.jra.go.jp/datafile/seiseki/report/2013/2013-4tokyo7.pdf,official_daily_result_pdf
201305040704,2013,東京,4,7,4,2013-10-20,https://www.jra.go.jp/datafile/seiseki/report/2013/2013-4tokyo7.pdf,official_daily_result_pdf
201305040705,2013,東京,4,7,5,2013-10-20,https://www.jra.go.jp/datafile/seiseki/report/2013/2013-4tokyo7.pdf,official_daily_result_pdf
201305040706,2013,東京,4,7,6,2013-10-20,https://www.jra.go.jp/datafile/seiseki/report/2013/2013-4tokyo7.pdf,official_daily_result_pdf
201305040707,2013,東京,4,7,7,2013-10-20,https://www.jra.go.jp/datafile/seiseki/report/2013/2013-4tokyo7.pdf,official_daily_result_pdf
201305040708,2013,東京,4,7,8,2013-10-20,https://www.jra.go.jp/datafile/seiseki/report/2013/2013-4tokyo7.pdf,official_daily_result_pdf
201305040709,2013,東京,4,7,9,2013-10-20,https://www.jra.go.jp/datafile/seiseki/report/2013/2013-4tokyo7.pdf,official_daily_result_pdf
201305040710,2013,東京,4,7,10,2013-10-20,https://www.jra.go.jp/datafile/seiseki/report/2013/2013-4tokyo7.pdf,official_daily_result_pdf
201305040711,2013,東京,4,7,11,2013-10-20,https://www.jra.go.jp/datafile/seiseki/report/2013/2013-4tokyo7.pdf,official_daily_result_pdf
201305040712,2013,東京,4,7,12,2013-10-20,https://www.jra.go.jp/datafile/seiseki/report/2013/2013-4tokyo7.pdf,official_daily_result_pdf
201305040801,2013,東京,4,8,1,2013-10-26,https://www.jra.go.jp/datafile/seiseki/report/2013/2013-4tokyo8.pdf,official_daily_result_pdf
201305040802,2013,東京,4,8,2,2013-10-26,https://www.jra.go.jp/datafile/seiseki/report/2013/2013-4tokyo8.pdf,official_daily_result_pdf
201305040803,2013,東京,4,8,3,2013-10-26,https://www.jra.go.jp/datafile/seiseki/report/2013/2013-4tokyo8.pdf,official_daily_result_pdf
201305040804,2013,東京,4,8,4,2013-10-26,https://www.jra.go.jp/datafile/seiseki/report/2013/2013-4tokyo8.pdf,official_daily_result_pdf
201305040805,2013,東京,4,8,5,2013-10-26,https://www.jra.go.jp/datafile/seiseki/report/2013/2013-4tokyo8.pdf,official_daily_result_pdf
201305040806,2013,東京,4,8,6,2013-10-26,https://www.jra.go.jp/datafile/seiseki/report/2013/2013-4tokyo8.pdf,official_daily_result_pdf
201305040807,2013,東京,4,8,7,2013-10-26,https://www.jra.go.jp/datafile/seiseki/report/2013/2013-4tokyo8.pdf,official_daily_result_pdf
201305040808,2013,東京,4,8,8,2013-10-26,https://www.jra.go.jp/datafile/seiseki/report/2013/2013-4tokyo8.pdf,official_daily_result_pdf
201305040809,2013,東京,4,8,9,2013-10-26,https://www.jra.go.jp/datafile/seiseki/report/2013/2013-4tokyo8.pdf,official_daily_result_pdf
201305040810,2013,東京,4,8,10,2013-10-26,https://www.jra.go.jp/datafile/seiseki/report/2013/2013-4tokyo8.pdf,official_daily_result_pdf
201305040811,2013,東京,4,8,11,2013-10-26,https://www.jra.go.jp/datafile/seiseki/report/2013/2013-4tokyo8.pdf,official_daily_result_pdf
201305040812,2013,東京,4,8,12,2013-10-26,https://www.jra.go.jp/datafile/seiseki/report/2013/2013-4tokyo8.pdf,official_daily_result_pdf
201305040901,2013,東京,4,9,1,2013-10-27,https://www.jra.go.jp/datafile/seiseki/report/2013/2013-4tokyo9.pdf,official_daily_result_pdf
201305040902,2013,東京,4,9,2,2013-10-27,https://www.jra.go.jp/datafile/seiseki/report/2013/2013-4tokyo9.pdf,official_daily_result_pdf
201305040903,2013,東京,4,9,3,2013-10-27,https://www.jra.go.jp/datafile/seiseki/report/2013/2013-4tokyo9.pdf,official_daily_result_pdf
201305040904,2013,東京,4,9,4,2013-10-27,https://www.jra.go.jp/datafile/seiseki/report/2013/2013-4tokyo9.pdf,official_daily_result_pdf
201305040905,2013,東京,4,9,5,2013-10-27,https://www.jra.go.jp/datafile/seiseki/report/2013/2013-4tokyo9.pdf,official_daily_result_pdf
201305040906,2013,東京,4,9,6,2013-10-27,https://www.jra.go.jp/datafile/seiseki/report/2013/2013-4tokyo9.pdf,official_daily_result_pdf
201305040907,2013,東京,4,9,7,2013-10-27,https://www.jra.go.jp/datafile/seiseki/report/2013/2013-4tokyo9.pdf,official_daily_result_pdf
201305040908,2013,東京,4,9,8,2013-10-27,https://www.jra.go.jp/datafile/seiseki/report/2013/2013-4tokyo9.pdf,official_daily_result_pdf
201305040909,2013,東京,4,9,9,2013-10-27,https://www.jra.go.jp/datafile/seiseki/report/2013/2013-4tokyo9.pdf,official_daily_result_pdf
201305040910,2013,東京,4,9,10,2013-10-27,https://www.jra.go.jp/datafile/seiseki/report/2013/2013-4tokyo9.pdf,official_daily_result_pdf
201305040911,2013,東京,4,9,11,2013-10-27,https://www.jra.go.jp/datafile/seiseki/report/2013/2013-4tokyo9.pdf,official_daily_result_pdf
201305040912,2013,東京,4,9,12,2013-10-27,https://www.jra.go.jp/datafile/seiseki/report/2013/2013-4tokyo9.pdf,official_daily_result_pdf
201305050101,2013,東京,5,1,1,2013-11-02,https://www.jra.go.jp/datafile/seiseki/report/2013/2013-5tokyo1.pdf,official_daily_result_pdf
201305050102,2013,東京,5,1,2,2013-11-02,https://www.jra.go.jp/datafile/seiseki/report/2013/2013-5tokyo1.pdf,official_daily_result_pdf
201305050103,2013,東京,5,1,3,2013-11-02,https://www.jra.go.jp/datafile/seiseki/report/2013/2013-5tokyo1.pdf,official_daily_result_pdf
201305050104,2013,東京,5,1,4,2013-11-02,https://www.jra.go.jp/datafile/seiseki/report/2013/2013-5tokyo1.pdf,official_daily_result_pdf
201305050105,2013,東京,5,1,5,2013-11-02,https://www.jra.go.jp/datafile/seiseki/report/2013/2013-5tokyo1.pdf,official_daily_result_pdf
201305050106,2013,東京,5,1,6,2013-11-02,https://www.jra.go.jp/datafile/seiseki/report/2013/2013-5tokyo1.pdf,official_daily_result_pdf
201305050107,2013,東京,5,1,7,2013-11-02,https://www.jra.go.jp/datafile/seiseki/report/2013/2013-5tokyo1.pdf,official_daily_result_pdf
201305050108,2013,東京,5,1,8,2013-11-02,https://www.jra.go.jp/datafile/seiseki/report/2013/2013-5tokyo1.pdf,official_daily_result_pdf
201305050109,2013,東京,5,1,9,2013-11-02,https://www.jra.go.jp/datafile/seiseki/report/2013/2013-5tokyo1.pdf,official_daily_result_pdf
201305050110,2013,東京,5,1,10,2013-11-02,https://www.jra.go.jp/datafile/seiseki/report/2013/2013-5tokyo1.pdf,official_daily_result_pdf
201305050111,2013,東京,5,1,11,2013-11-02,https://www.jra.go.jp/datafile/seiseki/report/2013/2013-5tokyo1.pdf,official_daily_result_pdf
201305050112,2013,東京,5,1,12,2013-11-02,https://www.jra.go.jp/datafile/seiseki/report/2013/2013-5tokyo1.pdf,official_daily_result_pdf
201305050201,2013,東京,5,2,1,2013-11-03,https://www.jra.go.jp/datafile/seiseki/report/2013/2013-5tokyo2.pdf,official_daily_result_pdf
201305050202,2013,東京,5,2,2,2013-11-03,https://www.jra.go.jp/datafile/seiseki/report/2013/2013-5tokyo2.pdf,official_daily_result_pdf
201305050203,2013,東京,5,2,3,2013-11-03,https://www.jra.go.jp/datafile/seiseki/report/2013/2013-5tokyo2.pdf,official_daily_result_pdf
201305050204,2013,東京,5,2,4,2013-11-03,https://www.jra.go.jp/datafile/seiseki/report/2013/2013-5tokyo2.pdf,official_daily_result_pdf
201305050205,2013,東京,5,2,5,2013-11-03,https://www.jra.go.jp/datafile/seiseki/report/2013/2013-5tokyo2.pdf,official_daily_result_pdf
201305050206,2013,東京,5,2,6,2013-11-03,https://www.jra.go.jp/datafile/seiseki/report/2013/2013-5tokyo2.pdf,official_daily_result_pdf
201305050207,2013,東京,5,2,7,2013-11-03,https://www.jra.go.jp/datafile/seiseki/report/2013/2013-5tokyo2.pdf,official_daily_result_pdf
201305050208,2013,東京,5,2,8,2013-11-03,https://www.jra.go.jp/datafile/seiseki/report/2013/2013-5tokyo2.pdf,official_daily_result_pdf
201305050209,2013,東京,5,2,9,2013-11-03,https://www.jra.go.jp/datafile/seiseki/report/2013/2013-5tokyo2.pdf,official_daily_result_pdf
201305050210,2013,東京,5,2,10,2013-11-03,https://www.jra.go.jp/datafile/seiseki/report/2013/2013-5tokyo2.pdf,official_daily_result_pdf
201305050211,2013,東京,5,2,11,2013-11-03,https://www.jra.go.jp/datafile/seiseki/report/2013/2013-5tokyo2.pdf,official_daily_result_pdf
201305050212,2013,東京,5,2,12,2013-11-03,https://www.jra.go.jp/datafile/seiseki/report/2013/2013-5tokyo2.pdf,official_daily_result_pdf
201305050301,2013,東京,5,3,1,2013-11-09,https://www.jra.go.jp/datafile/seiseki/report/2013/2013-5tokyo3.pdf,official_daily_result_pdf
201305050302,2013,東京,5,3,2,2013-11-09,https://www.jra.go.jp/datafile/seiseki/report/2013/2013-5tokyo3.pdf,official_daily_result_pdf
201305050303,2013,東京,5,3,3,2013-11-09,https://www.jra.go.jp/datafile/seiseki/report/2013/2013-5tokyo3.pdf,official_daily_result_pdf
201305050304,2013,東京,5,3,4,2013-11-09,https://www.jra.go.jp/datafile/seiseki/report/2013/2013-5tokyo3.pdf,official_daily_result_pdf
201305050305,2013,東京,5,3,5,2013-11-09,https://www.jra.go.jp/datafile/seiseki/report/2013/2013-5tokyo3.pdf,official_daily_result_pdf
201305050306,2013,東京,5,3,6,2013-11-09,https://www.jra.go.jp/datafile/seiseki/report/2013/2013-5tokyo3.pdf,official_daily_result_pdf
201305050307,2013,東京,5,3,7,2013-11-09,https://www.jra.go.jp/datafile/seiseki/report/2013/2013-5tokyo3.pdf,official_daily_result_pdf
201305050308,2013,東京,5,3,8,2013-11-09,https://www.jra.go.jp/datafile/seiseki/report/2013/2013-5tokyo3.pdf,official_daily_result_pdf
201305050309,2013,東京,5,3,9,2013-11-09,https://www.jra.go.jp/datafile/seiseki/report/2013/2013-5tokyo3.pdf,official_daily_result_pdf
201305050310,2013,東京,5,3,10,2013-11-09,https://www.jra.go.jp/datafile/seiseki/report/2013/2013-5tokyo3.pdf,official_daily_result_pdf
201305050311,2013,東京,5,3,11,2013-11-09,https://www.jra.go.jp/datafile/seiseki/report/2013/2013-5tokyo3.pdf,official_daily_result_pdf
201305050312,2013,東京,5,3,12,2013-11-09,https://www.jra.go.jp/datafile/seiseki/report/2013/2013-5tokyo3.pdf,official_daily_result_pdf
201305050401,2013,東京,5,4,1,2013-11-10,https://www.jra.go.jp/datafile/seiseki/report/2013/2013-5tokyo4.pdf,official_daily_result_pdf
201305050402,2013,東京,5,4,2,2013-11-10,https://www.jra.go.jp/datafile/seiseki/report/2013/2013-5tokyo4.pdf,official_daily_result_pdf
201305050403,2013,東京,5,4,3,2013-11-10,https://www.jra.go.jp/datafile/seiseki/report/2013/2013-5tokyo4.pdf,official_daily_result_pdf
201305050404,2013,東京,5,4,4,2013-11-10,https://www.jra.go.jp/datafile/seiseki/report/2013/2013-5tokyo4.pdf,official_daily_result_pdf
201305050405,2013,東京,5,4,5,2013-11-10,https://www.jra.go.jp/datafile/seiseki/report/2013/2013-5tokyo4.pdf,official_daily_result_pdf
201305050406,2013,東京,5,4,6,2013-11-10,https://www.jra.go.jp/datafile/seiseki/report/2013/2013-5tokyo4.pdf,official_daily_result_pdf
201305050407,2013,東京,5,4,7,2013-11-10,https://www.jra.go.jp/datafile/seiseki/report/2013/2013-5tokyo4.pdf,official_daily_result_pdf
201305050408,2013,東京,5,4,8,2013-11-10,https://www.jra.go.jp/datafile/seiseki/report/2013/2013-5tokyo4.pdf,official_daily_result_pdf
201305050409,2013,東京,5,4,9,2013-11-10,https://www.jra.go.jp/datafile/seiseki/report/2013/2013-5tokyo4.pdf,official_daily_result_pdf
201305050410,2013,東京,5,4,10,2013-11-10,https://www.jra.go.jp/datafile/seiseki/report/2013/2013-5tokyo4.pdf,official_daily_result_pdf
201305050411,2013,東京,5,4,11,2013-11-10,https://www.jra.go.jp/datafile/seiseki/report/2013/2013-5tokyo4.pdf,official_daily_result_pdf
201305050412,2013,東京,5,4,12,2013-11-10,https://www.jra.go.jp/datafile/seiseki/report/2013/2013-5tokyo4.pdf,official_daily_result_pdf
201305050501,2013,東京,5,5,1,2013-11-16,https://www.jra.go.jp/datafile/seiseki/report/2013/2013-5tokyo5.pdf,official_daily_result_pdf
201305050502,2013,東京,5,5,2,2013-11-16,https://www.jra.go.jp/datafile/seiseki/report/2013/2013-5tokyo5.pdf,official_daily_result_pdf
201305050503,2013,東京,5,5,3,2013-11-16,https://www.jra.go.jp/datafile/seiseki/report/2013/2013-5tokyo5.pdf,official_daily_result_pdf
201305050504,2013,東京,5,5,4,2013-11-16,https://www.jra.go.jp/datafile/seiseki/report/2013/2013-5tokyo5.pdf,official_daily_result_pdf
201305050505,2013,東京,5,5,5,2013-11-16,https://www.jra.go.jp/datafile/seiseki/report/2013/2013-5tokyo5.pdf,official_daily_result_pdf
201305050506,2013,東京,5,5,6,2013-11-16,https://www.jra.go.jp/datafile/seiseki/report/2013/2013-5tokyo5.pdf,official_daily_result_pdf
201305050507,2013,東京,5,5,7,2013-11-16,https://www.jra.go.jp/datafile/seiseki/report/2013/2013-5tokyo5.pdf,official_daily_result_pdf
201305050508,2013,東京,5,5,8,2013-11-16,https://www.jra.go.jp/datafile/seiseki/report/2013/2013-5tokyo5.pdf,official_daily_result_pdf
201305050509,2013,東京,5,5,9,2013-11-16,https://www.jra.go.jp/datafile/seiseki/report/2013/2013-5tokyo5.pdf,official_daily_result_pdf
201305050510,2013,東京,5,5,10,2013-11-16,https://www.jra.go.jp/datafile/seiseki/report/2013/2013-5tokyo5.pdf,official_daily_result_pdf
201305050511,2013,東京,5,5,11,2013-11-16,https://www.jra.go.jp/datafile/seiseki/report/2013/2013-5tokyo5.pdf,official_daily_result_pdf
201305050512,2013,東京,5,5,12,2013-11-16,https://www.jra.go.jp/datafile/seiseki/report/2013/2013-5tokyo5.pdf,official_daily_result_pdf
201305050601,2013,東京,5,6,1,2013-11-17,https://www.jra.go.jp/datafile/seiseki/report/2013/2013-5tokyo6.pdf,official_daily_result_pdf
201305050602,2013,東京,5,6,2,2013-11-17,https://www.jra.go.jp/datafile/seiseki/report/2013/2013-5tokyo6.pdf,official_daily_result_pdf
201305050603,2013,東京,5,6,3,2013-11-17,https://www.jra.go.jp/datafile/seiseki/report/2013/2013-5tokyo6.pdf,official_daily_result_pdf
201305050604,2013,東京,5,6,4,2013-11-17,https://www.jra.go.jp/datafile/seiseki/report/2013/2013-5tokyo6.pdf,official_daily_result_pdf
201305050605,2013,東京,5,6,5,2013-11-17,https://www.jra.go.jp/datafile/seiseki/report/2013/2013-5tokyo6.pdf,official_daily_result_pdf
201305050606,2013,東京,5,6,6,2013-11-17,https://www.jra.go.jp/datafile/seiseki/report/2013/2013-5tokyo6.pdf,official_daily_result_pdf
201305050607,2013,東京,5,6,7,2013-11-17,https://www.jra.go.jp/datafile/seiseki/report/2013/2013-5tokyo6.pdf,official_daily_result_pdf
201305050608,2013,東京,5,6,8,2013-11-17,https://www.jra.go.jp/datafile/seiseki/report/2013/2013-5tokyo6.pdf,official_daily_result_pdf
201305050609,2013,東京,5,6,9,2013-11-17,https://www.jra.go.jp/datafile/seiseki/report/2013/2013-5tokyo6.pdf,official_daily_result_pdf
201305050610,2013,東京,5,6,10,2013-11-17,https://www.jra.go.jp/datafile/seiseki/report/2013/2013-5tokyo6.pdf,official_daily_result_pdf
201305050611,2013,東京,5,6,11,2013-11-17,https://www.jra.go.jp/datafile/seiseki/report/2013/2013-5tokyo6.pdf,official_daily_result_pdf
201305050612,2013,東京,5,6,12,2013-11-17,https://www.jra.go.jp/datafile/seiseki/report/2013/2013-5tokyo6.pdf,official_daily_result_pdf
201305050701,2013,東京,5,7,1,2013-11-23,https://www.jra.go.jp/datafile/seiseki/report/2013/2013-5tokyo7.pdf,official_daily_result_pdf
201305050702,2013,東京,5,7,2,2013-11-23,https://www.jra.go.jp/datafile/seiseki/report/2013/2013-5tokyo7.pdf,official_daily_result_pdf
201305050703,2013,東京,5,7,3,2013-11-23,https://www.jra.go.jp/datafile/seiseki/report/2013/2013-5tokyo7.pdf,official_daily_result_pdf
201305050704,2013,東京,5,7,4,2013-11-23,https://www.jra.go.jp/datafile/seiseki/report/2013/2013-5tokyo7.pdf,official_daily_result_pdf
201305050705,2013,東京,5,7,5,2013-11-23,https://www.jra.go.jp/datafile/seiseki/report/2013/2013-5tokyo7.pdf,official_daily_result_pdf
201305050706,2013,東京,5,7,6,2013-11-23,https://www.jra.go.jp/datafile/seiseki/report/2013/2013-5tokyo7.pdf,official_daily_result_pdf
201305050707,2013,東京,5,7,7,2013-11-23,https://www.jra.go.jp/datafile/seiseki/report/2013/2013-5tokyo7.pdf,official_daily_result_pdf
201305050708,2013,東京,5,7,8,2013-11-23,https://www.jra.go.jp/datafile/seiseki/report/2013/2013-5tokyo7.pdf,official_daily_result_pdf
201305050709,2013,東京,5,7,9,2013-11-23,https://www.jra.go.jp/datafile/seiseki/report/2013/2013-5tokyo7.pdf,official_daily_result_pdf
201305050710,2013,東京,5,7,10,2013-11-23,https://www.jra.go.jp/datafile/seiseki/report/2013/2013-5tokyo7.pdf,official_daily_result_pdf
201305050711,2013,東京,5,7,11,2013-11-23,https://www.jra.go.jp/datafile/seiseki/report/2013/2013-5tokyo7.pdf,official_daily_result_pdf
201305050712,2013,東京,5,7,12,2013-11-23,https://www.jra.go.jp/datafile/seiseki/report/2013/2013-5tokyo7.pdf,official_daily_result_pdf
201305050801,2013,東京,5,8,1,2013-11-24,https://www.jra.go.jp/datafile/seiseki/report/2013/2013-5tokyo8.pdf,official_daily_result_pdf
201305050802,2013,東京,5,8,2,2013-11-24,https://www.jra.go.jp/datafile/seiseki/report/2013/2013-5tokyo8.pdf,official_daily_result_pdf
201305050803,2013,東京,5,8,3,2013-11-24,https://www.jra.go.jp/datafile/seiseki/report/2013/2013-5tokyo8.pdf,official_daily_result_pdf
201305050804,2013,東京,5,8,4,2013-11-24,https://www.jra.go.jp/datafile/seiseki/report/2013/2013-5tokyo8.pdf,official_daily_result_pdf
201305050805,2013,東京,5,8,5,2013-11-24,https://www.jra.go.jp/datafile/seiseki/report/2013/2013-5tokyo8.pdf,official_daily_result_pdf
201305050806,2013,東京,5,8,6,2013-11-24,https://www.jra.go.jp/datafile/seiseki/report/2013/2013-5tokyo8.pdf,official_daily_result_pdf
201305050807,2013,東京,5,8,7,2013-11-24,https://www.jra.go.jp/datafile/seiseki/report/2013/2013-5tokyo8.pdf,official_daily_result_pdf
201305050808,2013,東京,5,8,8,2013-11-24,https://www.jra.go.jp/datafile/seiseki/report/2013/2013-5tokyo8.pdf,official_daily_result_pdf
201305050809,2013,東京,5,8,9,2013-11-24,https://www.jra.go.jp/datafile/seiseki/report/2013/2013-5tokyo8.pdf,official_daily_result_pdf
201305050810,2013,東京,5,8,10,2013-11-24,https://www.jra.go.jp/datafile/seiseki/report/2013/2013-5tokyo8.pdf,official_daily_result_pdf
201305050811,2013,東京,5,8,11,2013-11-24,https://www.jra.go.jp/datafile/seiseki/report/2013/2013-5tokyo8.pdf,official_daily_result_pdf
201306010101,2013,中山,1,1,1,2013-01-05,https://www.jra.go.jp/datafile/seiseki/report/2013/2013-1nakayama1.pdf,official_daily_result_pdf
201306010102,2013,中山,1,1,2,2013-01-05,https://www.jra.go.jp/datafile/seiseki/report/2013/2013-1nakayama1.pdf,official_daily_result_pdf
201306010103,2013,中山,1,1,3,2013-01-05,https://www.jra.go.jp/datafile/seiseki/report/2013/2013-1nakayama1.pdf,official_daily_result_pdf
201306010104,2013,中山,1,1,4,2013-01-05,https://www.jra.go.jp/datafile/seiseki/report/2013/2013-1nakayama1.pdf,official_daily_result_pdf
201306010105,2013,中山,1,1,5,2013-01-05,https://www.jra.go.jp/datafile/seiseki/report/2013/2013-1nakayama1.pdf,official_daily_result_pdf
201306010106,2013,中山,1,1,6,2013-01-05,https://www.jra.go.jp/datafile/seiseki/report/2013/2013-1nakayama1.pdf,official_daily_result_pdf
201306010107,2013,中山,1,1,7,2013-01-05,https://www.jra.go.jp/datafile/seiseki/report/2013/2013-1nakayama1.pdf,official_daily_result_pdf
201306010108,2013,中山,1,1,8,2013-01-05,https://www.jra.go.jp/datafile/seiseki/report/2013/2013-1nakayama1.pdf,official_daily_result_pdf
201306010109,2013,中山,1,1,9,2013-01-05,https://www.jra.go.jp/datafile/seiseki/report/2013/2013-1nakayama1.pdf,official_daily_result_pdf
201306010110,2013,中山,1,1,10,2013-01-05,https://www.jra.go.jp/datafile/seiseki/report/2013/2013-1nakayama1.pdf,official_daily_result_pdf
201306010111,2013,中山,1,1,11,2013-01-05,https://www.jra.go.jp/datafile/seiseki/report/2013/2013-1nakayama1.pdf,official_daily_result_pdf
201306010112,2013,中山,1,1,12,2013-01-05,https://www.jra.go.jp/datafile/seiseki/report/2013/2013-1nakayama1.pdf,official_daily_result_pdf
201306010201,2013,中山,1,2,1,2013-01-06,https://www.jra.go.jp/datafile/seiseki/report/2013/2013-1nakayama2.pdf,official_daily_result_pdf
201306010202,2013,中山,1,2,2,2013-01-06,https://www.jra.go.jp/datafile/seiseki/report/2013/2013-1nakayama2.pdf,official_daily_result_pdf
201306010203,2013,中山,1,2,3,2013-01-06,https://www.jra.go.jp/datafile/seiseki/report/2013/2013-1nakayama2.pdf,official_daily_result_pdf
201306010204,2013,中山,1,2,4,2013-01-06,https://www.jra.go.jp/datafile/seiseki/report/2013/2013-1nakayama2.pdf,official_daily_result_pdf
201306010205,2013,中山,1,2,5,2013-01-06,https://www.jra.go.jp/datafile/seiseki/report/2013/2013-1nakayama2.pdf,official_daily_result_pdf
201306010206,2013,中山,1,2,6,2013-01-06,https://www.jra.go.jp/datafile/seiseki/report/2013/2013-1nakayama2.pdf,official_daily_result_pdf
201306010207,2013,中山,1,2,7,2013-01-06,https://www.jra.go.jp/datafile/seiseki/report/2013/2013-1nakayama2.pdf,official_daily_result_pdf
201306010208,2013,中山,1,2,8,2013-01-06,https://www.jra.go.jp/datafile/seiseki/report/2013/2013-1nakayama2.pdf,official_daily_result_pdf
201306010209,2013,中山,1,2,9,2013-01-06,https://www.jra.go.jp/datafile/seiseki/report/2013/2013-1nakayama2.pdf,official_daily_result_pdf
201306010210,2013,中山,1,2,10,2013-01-06,https://www.jra.go.jp/datafile/seiseki/report/2013/2013-1nakayama2.pdf,official_daily_result_pdf
201306010211,2013,中山,1,2,11,2013-01-06,https://www.jra.go.jp/datafile/seiseki/report/2013/2013-1nakayama2.pdf,official_daily_result_pdf
201306010212,2013,中山,1,2,12,2013-01-06,https://www.jra.go.jp/datafile/seiseki/report/2013/2013-1nakayama2.pdf,official_daily_result_pdf
201306010301,2013,中山,1,3,1,2013-01-12,https://www.jra.go.jp/datafile/seiseki/report/2013/2013-1nakayama3.pdf,official_daily_result_pdf
201306010302,2013,中山,1,3,2,2013-01-12,https://www.jra.go.jp/datafile/seiseki/report/2013/2013-1nakayama3.pdf,official_daily_result_pdf
201306010303,2013,中山,1,3,3,2013-01-12,https://www.jra.go.jp/datafile/seiseki/report/2013/2013-1nakayama3.pdf,official_daily_result_pdf
201306010304,2013,中山,1,3,4,2013-01-12,https://www.jra.go.jp/datafile/seiseki/report/2013/2013-1nakayama3.pdf,official_daily_result_pdf
201306010305,2013,中山,1,3,5,2013-01-12,https://www.jra.go.jp/datafile/seiseki/report/2013/2013-1nakayama3.pdf,official_daily_result_pdf
201306010306,2013,中山,1,3,6,2013-01-12,https://www.jra.go.jp/datafile/seiseki/report/2013/2013-1nakayama3.pdf,official_daily_result_pdf
201306010307,2013,中山,1,3,7,2013-01-12,https://www.jra.go.jp/datafile/seiseki/report/2013/2013-1nakayama3.pdf,official_daily_result_pdf
201306010308,2013,中山,1,3,8,2013-01-12,https://www.jra.go.jp/datafile/seiseki/report/2013/2013-1nakayama3.pdf,official_daily_result_pdf
201306010309,2013,中山,1,3,9,2013-01-12,https://www.jra.go.jp/datafile/seiseki/report/2013/2013-1nakayama3.pdf,official_daily_result_pdf
201306010310,2013,中山,1,3,10,2013-01-12,https://www.jra.go.jp/datafile/seiseki/report/2013/2013-1nakayama3.pdf,official_daily_result_pdf
201306010311,2013,中山,1,3,11,2013-01-12,https://www.jra.go.jp/datafile/seiseki/report/2013/2013-1nakayama3.pdf,official_daily_result_pdf
201306010312,2013,中山,1,3,12,2013-01-12,https://www.jra.go.jp/datafile/seiseki/report/2013/2013-1nakayama3.pdf,official_daily_result_pdf
201306010401,2013,中山,1,4,1,2013-01-13,https://www.jra.go.jp/datafile/seiseki/report/2013/2013-1nakayama4.pdf,official_daily_result_pdf
201306010402,2013,中山,1,4,2,2013-01-13,https://www.jra.go.jp/datafile/seiseki/report/2013/2013-1nakayama4.pdf,official_daily_result_pdf
201306010403,2013,中山,1,4,3,2013-01-13,https://www.jra.go.jp/datafile/seiseki/report/2013/2013-1nakayama4.pdf,official_daily_result_pdf
201306010404,2013,中山,1,4,4,2013-01-13,https://www.jra.go.jp/datafile/seiseki/report/2013/2013-1nakayama4.pdf,official_daily_result_pdf
201306010405,2013,中山,1,4,5,2013-01-13,https://www.jra.go.jp/datafile/seiseki/report/2013/2013-1nakayama4.pdf,official_daily_result_pdf
201306010406,2013,中山,1,4,6,2013-01-13,https://www.jra.go.jp/datafile/seiseki/report/2013/2013-1nakayama4.pdf,official_daily_result_pdf
201306010407,2013,中山,1,4,7,2013-01-13,https://www.jra.go.jp/datafile/seiseki/report/2013/2013-1nakayama4.pdf,official_daily_result_pdf
201306010408,2013,中山,1,4,8,2013-01-13,https://www.jra.go.jp/datafile/seiseki/report/2013/2013-1nakayama4.pdf,official_daily_result_pdf
201306010409,2013,中山,1,4,9,2013-01-13,https://www.jra.go.jp/datafile/seiseki/report/2013/2013-1nakayama4.pdf,official_daily_result_pdf
201306010410,2013,中山,1,4,10,2013-01-13,https://www.jra.go.jp/datafile/seiseki/report/2013/2013-1nakayama4.pdf,official_daily_result_pdf
201306010411,2013,中山,1,4,11,2013-01-13,https://www.jra.go.jp/datafile/seiseki/report/2013/2013-1nakayama4.pdf,official_daily_result_pdf
201306010412,2013,中山,1,4,12,2013-01-13,https://www.jra.go.jp/datafile/seiseki/report/2013/2013-1nakayama4.pdf,official_daily_result_pdf
201306010501,2013,中山,1,5,1,2013-01-14,https://www.jra.go.jp/datafile/seiseki/report/2013/2013-1nakayama5.pdf,official_daily_result_pdf
201306010502,2013,中山,1,5,2,2013-01-14,https://www.jra.go.jp/datafile/seiseki/report/2013/2013-1nakayama5.pdf,official_daily_result_pdf
201306010503,2013,中山,1,5,3,2013-01-14,https://www.jra.go.jp/datafile/seiseki/report/2013/2013-1nakayama5.pdf,official_daily_result_pdf
201306010504,2013,中山,1,5,4,2013-01-14,https://www.jra.go.jp/datafile/seiseki/report/2013/2013-1nakayama5.pdf,official_daily_result_pdf
201306010505,2013,中山,1,5,5,2013-01-14,https://www.jra.go.jp/datafile/seiseki/report/2013/2013-1nakayama5.pdf,official_daily_result_pdf
201306010506,2013,中山,1,5,6,2013-01-14,https://www.jra.go.jp/datafile/seiseki/report/2013/2013-1nakayama5.pdf,official_daily_result_pdf
201306010507,2013,中山,1,5,7,2013-01-14,https://www.jra.go.jp/datafile/seiseki/report/2013/2013-1nakayama5.pdf,official_daily_result_pdf
201306010508,2013,中山,1,5,8,2013-01-14,https://www.jra.go.jp/datafile/seiseki/report/2013/2013-1nakayama5.pdf,official_daily_result_pdf
201306010509,2013,中山,1,5,9,2013-01-14,https://www.jra.go.jp/datafile/seiseki/report/2013/2013-1nakayama5.pdf,official_daily_result_pdf
201306010510,2013,中山,1,5,10,2013-01-14,https://www.jra.go.jp/datafile/seiseki/report/2013/2013-1nakayama5.pdf,official_daily_result_pdf
201306010511,2013,中山,1,5,11,2013-01-14,https://www.jra.go.jp/datafile/seiseki/report/2013/2013-1nakayama5.pdf,official_daily_result_pdf
201306010512,2013,中山,1,5,12,2013-01-14,https://www.jra.go.jp/datafile/seiseki/report/2013/2013-1nakayama5.pdf,official_daily_result_pdf
201306010601,2013,中山,1,6,1,2013-01-19,https://www.jra.go.jp/datafile/seiseki/report/2013/2013-1nakayama6.pdf,official_daily_result_pdf
201306010602,2013,中山,1,6,2,2013-01-19,https://www.jra.go.jp/datafile/seiseki/report/2013/2013-1nakayama6.pdf,official_daily_result_pdf
201306010603,2013,中山,1,6,3,2013-01-19,https://www.jra.go.jp/datafile/seiseki/report/2013/2013-1nakayama6.pdf,official_daily_result_pdf
201306010604,2013,中山,1,6,4,2013-01-19,https://www.jra.go.jp/datafile/seiseki/report/2013/2013-1nakayama6.pdf,official_daily_result_pdf
201306010605,2013,中山,1,6,5,2013-01-19,https://www.jra.go.jp/datafile/seiseki/report/2013/2013-1nakayama6.pdf,official_daily_result_pdf
201306010606,2013,中山,1,6,6,2013-01-19,https://www.jra.go.jp/datafile/seiseki/report/2013/2013-1nakayama6.pdf,official_daily_result_pdf
201306010607,2013,中山,1,6,7,2013-01-19,https://www.jra.go.jp/datafile/seiseki/report/2013/2013-1nakayama6.pdf,official_daily_result_pdf
201306010608,2013,中山,1,6,8,2013-01-19,https://www.jra.go.jp/datafile/seiseki/report/2013/2013-1nakayama6.pdf,official_daily_result_pdf
201306010609,2013,中山,1,6,9,2013-01-19,https://www.jra.go.jp/datafile/seiseki/report/2013/2013-1nakayama6.pdf,official_daily_result_pdf
201306010610,2013,中山,1,6,10,2013-01-19,https://www.jra.go.jp/datafile/seiseki/report/2013/2013-1nakayama6.pdf,official_daily_result_pdf
201306010611,2013,中山,1,6,11,2013-01-19,https://www.jra.go.jp/datafile/seiseki/report/2013/2013-1nakayama6.pdf,official_daily_result_pdf
201306010612,2013,中山,1,6,12,2013-01-19,https://www.jra.go.jp/datafile/seiseki/report/2013/2013-1nakayama6.pdf,official_daily_result_pdf
201306010701,2013,中山,1,7,1,2013-01-20,https://www.jra.go.jp/datafile/seiseki/report/2013/2013-1nakayama7.pdf,official_daily_result_pdf
201306010702,2013,中山,1,7,2,2013-01-20,https://www.jra.go.jp/datafile/seiseki/report/2013/2013-1nakayama7.pdf,official_daily_result_pdf
201306010703,2013,中山,1,7,3,2013-01-20,https://www.jra.go.jp/datafile/seiseki/report/2013/2013-1nakayama7.pdf,official_daily_result_pdf
201306010704,2013,中山,1,7,4,2013-01-20,https://www.jra.go.jp/datafile/seiseki/report/2013/2013-1nakayama7.pdf,official_daily_result_pdf
201306010705,2013,中山,1,7,5,2013-01-20,https://www.jra.go.jp/datafile/seiseki/report/2013/2013-1nakayama7.pdf,official_daily_result_pdf
201306010706,2013,中山,1,7,6,2013-01-20,https://www.jra.go.jp/datafile/seiseki/report/2013/2013-1nakayama7.pdf,official_daily_result_pdf
201306010707,2013,中山,1,7,7,2013-01-20,https://www.jra.go.jp/datafile/seiseki/report/2013/2013-1nakayama7.pdf,official_daily_result_pdf
201306010708,2013,中山,1,7,8,2013-01-20,https://www.jra.go.jp/datafile/seiseki/report/2013/2013-1nakayama7.pdf,official_daily_result_pdf
201306010709,2013,中山,1,7,9,2013-01-20,https://www.jra.go.jp/datafile/seiseki/report/2013/2013-1nakayama7.pdf,official_daily_result_pdf
201306010710,2013,中山,1,7,10,2013-01-20,https://www.jra.go.jp/datafile/seiseki/report/2013/2013-1nakayama7.pdf,official_daily_result_pdf
201306010711,2013,中山,1,7,11,2013-01-20,https://www.jra.go.jp/datafile/seiseki/report/2013/2013-1nakayama7.pdf,official_daily_result_pdf
201306010712,2013,中山,1,7,12,2013-01-20,https://www.jra.go.jp/datafile/seiseki/report/2013/2013-1nakayama7.pdf,official_daily_result_pdf
201306020101,2013,中山,2,1,1,2013-02-23,https://www.jra.go.jp/datafile/seiseki/report/2013/2013-2nakayama1.pdf,official_daily_result_pdf
201306020102,2013,中山,2,1,2,2013-02-23,https://www.jra.go.jp/datafile/seiseki/report/2013/2013-2nakayama1.pdf,official_daily_result_pdf
201306020103,2013,中山,2,1,3,2013-02-23,https://www.jra.go.jp/datafile/seiseki/report/2013/2013-2nakayama1.pdf,official_daily_result_pdf
201306020104,2013,中山,2,1,4,2013-02-23,https://www.jra.go.jp/datafile/seiseki/report/2013/2013-2nakayama1.pdf,official_daily_result_pdf
201306020105,2013,中山,2,1,5,2013-02-23,https://www.jra.go.jp/datafile/seiseki/report/2013/2013-2nakayama1.pdf,official_daily_result_pdf
201306020106,2013,中山,2,1,6,2013-02-23,https://www.jra.go.jp/datafile/seiseki/report/2013/2013-2nakayama1.pdf,official_daily_result_pdf
201306020107,2013,中山,2,1,7,2013-02-23,https://www.jra.go.jp/datafile/seiseki/report/2013/2013-2nakayama1.pdf,official_daily_result_pdf
201306020108,2013,中山,2,1,8,2013-02-23,https://www.jra.go.jp/datafile/seiseki/report/2013/2013-2nakayama1.pdf,official_daily_result_pdf
201306020109,2013,中山,2,1,9,2013-02-23,https://www.jra.go.jp/datafile/seiseki/report/2013/2013-2nakayama1.pdf,official_daily_result_pdf
201306020110,2013,中山,2,1,10,2013-02-23,https://www.jra.go.jp/datafile/seiseki/report/2013/2013-2nakayama1.pdf,official_daily_result_pdf
201306020111,2013,中山,2,1,11,2013-02-23,https://www.jra.go.jp/datafile/seiseki/report/2013/2013-2nakayama1.pdf,official_daily_result_pdf
201306020112,2013,中山,2,1,12,2013-02-23,https://www.jra.go.jp/datafile/seiseki/report/2013/2013-2nakayama1.pdf,official_daily_result_pdf
201306020201,2013,中山,2,2,1,2013-02-24,https://www.jra.go.jp/datafile/seiseki/report/2013/2013-2nakayama2.pdf,official_daily_result_pdf
201306020202,2013,中山,2,2,2,2013-02-24,https://www.jra.go.jp/datafile/seiseki/report/2013/2013-2nakayama2.pdf,official_daily_result_pdf
201306020203,2013,中山,2,2,3,2013-02-24,https://www.jra.go.jp/datafile/seiseki/report/2013/2013-2nakayama2.pdf,official_daily_result_pdf
201306020204,2013,中山,2,2,4,2013-02-24,https://www.jra.go.jp/datafile/seiseki/report/2013/2013-2nakayama2.pdf,official_daily_result_pdf
201306020205,2013,中山,2,2,5,2013-02-24,https://www.jra.go.jp/datafile/seiseki/report/2013/2013-2nakayama2.pdf,official_daily_result_pdf
201306020206,2013,中山,2,2,6,2013-02-24,https://www.jra.go.jp/datafile/seiseki/report/2013/2013-2nakayama2.pdf,official_daily_result_pdf
201306020207,2013,中山,2,2,7,2013-02-24,https://www.jra.go.jp/datafile/seiseki/report/2013/2013-2nakayama2.pdf,official_daily_result_pdf
201306020208,2013,中山,2,2,8,2013-02-24,https://www.jra.go.jp/datafile/seiseki/report/2013/2013-2nakayama2.pdf,official_daily_result_pdf
201306020209,2013,中山,2,2,9,2013-02-24,https://www.jra.go.jp/datafile/seiseki/report/2013/2013-2nakayama2.pdf,official_daily_result_pdf
201306020210,2013,中山,2,2,10,2013-02-24,https://www.jra.go.jp/datafile/seiseki/report/2013/2013-2nakayama2.pdf,official_daily_result_pdf
201306020211,2013,中山,2,2,11,2013-02-24,https://www.jra.go.jp/datafile/seiseki/report/2013/2013-2nakayama2.pdf,official_daily_result_pdf
201306020212,2013,中山,2,2,12,2013-02-24,https://www.jra.go.jp/datafile/seiseki/report/2013/2013-2nakayama2.pdf,official_daily_result_pdf
201306020301,2013,中山,2,3,1,2013-03-02,https://www.jra.go.jp/datafile/seiseki/report/2013/2013-2nakayama3.pdf,official_daily_result_pdf
201306020302,2013,中山,2,3,2,2013-03-02,https://www.jra.go.jp/datafile/seiseki/report/2013/2013-2nakayama3.pdf,official_daily_result_pdf
201306020303,2013,中山,2,3,3,2013-03-02,https://www.jra.go.jp/datafile/seiseki/report/2013/2013-2nakayama3.pdf,official_daily_result_pdf
201306020304,2013,中山,2,3,4,2013-03-02,https://www.jra.go.jp/datafile/seiseki/report/2013/2013-2nakayama3.pdf,official_daily_result_pdf
201306020305,2013,中山,2,3,5,2013-03-02,https://www.jra.go.jp/datafile/seiseki/report/2013/2013-2nakayama3.pdf,official_daily_result_pdf
201306020306,2013,中山,2,3,6,2013-03-02,https://www.jra.go.jp/datafile/seiseki/report/2013/2013-2nakayama3.pdf,official_daily_result_pdf
201306020307,2013,中山,2,3,7,2013-03-02,https://www.jra.go.jp/datafile/seiseki/report/2013/2013-2nakayama3.pdf,official_daily_result_pdf
201306020308,2013,中山,2,3,8,2013-03-02,https://www.jra.go.jp/datafile/seiseki/report/2013/2013-2nakayama3.pdf,official_daily_result_pdf
201306020309,2013,中山,2,3,9,2013-03-02,https://www.jra.go.jp/datafile/seiseki/report/2013/2013-2nakayama3.pdf,official_daily_result_pdf
201306020310,2013,中山,2,3,10,2013-03-02,https://www.jra.go.jp/datafile/seiseki/report/2013/2013-2nakayama3.pdf,official_daily_result_pdf
201306020311,2013,中山,2,3,11,2013-03-02,https://www.jra.go.jp/datafile/seiseki/report/2013/2013-2nakayama3.pdf,official_daily_result_pdf
201306020312,2013,中山,2,3,12,2013-03-02,https://www.jra.go.jp/datafile/seiseki/report/2013/2013-2nakayama3.pdf,official_daily_result_pdf
201306020401,2013,中山,2,4,1,2013-03-03,https://www.jra.go.jp/datafile/seiseki/report/2013/2013-2nakayama4.pdf,official_daily_result_pdf
201306020402,2013,中山,2,4,2,2013-03-03,https://www.jra.go.jp/datafile/seiseki/report/2013/2013-2nakayama4.pdf,official_daily_result_pdf
201306020403,2013,中山,2,4,3,2013-03-03,https://www.jra.go.jp/datafile/seiseki/report/2013/2013-2nakayama4.pdf,official_daily_result_pdf
201306020404,2013,中山,2,4,4,2013-03-03,https://www.jra.go.jp/datafile/seiseki/report/2013/2013-2nakayama4.pdf,official_daily_result_pdf
201306020405,2013,中山,2,4,5,2013-03-03,https://www.jra.go.jp/datafile/seiseki/report/2013/2013-2nakayama4.pdf,official_daily_result_pdf
201306020406,2013,中山,2,4,6,2013-03-03,https://www.jra.go.jp/datafile/seiseki/report/2013/2013-2nakayama4.pdf,official_daily_result_pdf
201306020407,2013,中山,2,4,7,2013-03-03,https://www.jra.go.jp/datafile/seiseki/report/2013/2013-2nakayama4.pdf,official_daily_result_pdf
201306020408,2013,中山,2,4,8,2013-03-03,https://www.jra.go.jp/datafile/seiseki/report/2013/2013-2nakayama4.pdf,official_daily_result_pdf
201306020409,2013,中山,2,4,9,2013-03-03,https://www.jra.go.jp/datafile/seiseki/report/2013/2013-2nakayama4.pdf,official_daily_result_pdf
201306020410,2013,中山,2,4,10,2013-03-03,https://www.jra.go.jp/datafile/seiseki/report/2013/2013-2nakayama4.pdf,official_daily_result_pdf
201306020411,2013,中山,2,4,11,2013-03-03,https://www.jra.go.jp/datafile/seiseki/report/2013/2013-2nakayama4.pdf,official_daily_result_pdf
201306020412,2013,中山,2,4,12,2013-03-03,https://www.jra.go.jp/datafile/seiseki/report/2013/2013-2nakayama4.pdf,official_daily_result_pdf
201306020501,2013,中山,2,5,1,2013-03-09,https://www.jra.go.jp/datafile/seiseki/report/2013/2013-2nakayama5.pdf,official_daily_result_pdf
201306020502,2013,中山,2,5,2,2013-03-09,https://www.jra.go.jp/datafile/seiseki/report/2013/2013-2nakayama5.pdf,official_daily_result_pdf
201306020503,2013,中山,2,5,3,2013-03-09,https://www.jra.go.jp/datafile/seiseki/report/2013/2013-2nakayama5.pdf,official_daily_result_pdf
201306020504,2013,中山,2,5,4,2013-03-09,https://www.jra.go.jp/datafile/seiseki/report/2013/2013-2nakayama5.pdf,official_daily_result_pdf
201306020505,2013,中山,2,5,5,2013-03-09,https://www.jra.go.jp/datafile/seiseki/report/2013/2013-2nakayama5.pdf,official_daily_result_pdf
201306020506,2013,中山,2,5,6,2013-03-09,https://www.jra.go.jp/datafile/seiseki/report/2013/2013-2nakayama5.pdf,official_daily_result_pdf
201306020507,2013,中山,2,5,7,2013-03-09,https://www.jra.go.jp/datafile/seiseki/report/2013/2013-2nakayama5.pdf,official_daily_result_pdf
201306020508,2013,中山,2,5,8,2013-03-09,https://www.jra.go.jp/datafile/seiseki/report/2013/2013-2nakayama5.pdf,official_daily_result_pdf
201306020509,2013,中山,2,5,9,2013-03-09,https://www.jra.go.jp/datafile/seiseki/report/2013/2013-2nakayama5.pdf,official_daily_result_pdf
201306020510,2013,中山,2,5,10,2013-03-09,https://www.jra.go.jp/datafile/seiseki/report/2013/2013-2nakayama5.pdf,official_daily_result_pdf
201306020511,2013,中山,2,5,11,2013-03-09,https://www.jra.go.jp/datafile/seiseki/report/2013/2013-2nakayama5.pdf,official_daily_result_pdf
201306020512,2013,中山,2,5,12,2013-03-09,https://www.jra.go.jp/datafile/seiseki/report/2013/2013-2nakayama5.pdf,official_daily_result_pdf
201306020601,2013,中山,2,6,1,2013-03-10,https://www.jra.go.jp/datafile/seiseki/report/2013/2013-2nakayama6.pdf,official_daily_result_pdf
201306020602,2013,中山,2,6,2,2013-03-10,https://www.jra.go.jp/datafile/seiseki/report/2013/2013-2nakayama6.pdf,official_daily_result_pdf
201306020603,2013,中山,2,6,3,2013-03-10,https://www.jra.go.jp/datafile/seiseki/report/2013/2013-2nakayama6.pdf,official_daily_result_pdf
201306020604,2013,中山,2,6,4,2013-03-10,https://www.jra.go.jp/datafile/seiseki/report/2013/2013-2nakayama6.pdf,official_daily_result_pdf
201306020605,2013,中山,2,6,5,2013-03-10,https://www.jra.go.jp/datafile/seiseki/report/2013/2013-2nakayama6.pdf,official_daily_result_pdf
201306020606,2013,中山,2,6,6,2013-03-10,https://www.jra.go.jp/datafile/seiseki/report/2013/2013-2nakayama6.pdf,official_daily_result_pdf
201306020607,2013,中山,2,6,7,2013-03-10,https://www.jra.go.jp/datafile/seiseki/report/2013/2013-2nakayama6.pdf,official_daily_result_pdf
201306020608,2013,中山,2,6,8,2013-03-10,https://www.jra.go.jp/datafile/seiseki/report/2013/2013-2nakayama6.pdf,official_daily_result_pdf
201306020609,2013,中山,2,6,9,2013-03-10,https://www.jra.go.jp/datafile/seiseki/report/2013/2013-2nakayama6.pdf,official_daily_result_pdf
201306020610,2013,中山,2,6,10,2013-03-10,https://www.jra.go.jp/datafile/seiseki/report/2013/2013-2nakayama6.pdf,official_daily_result_pdf
201306020611,2013,中山,2,6,11,2013-03-10,https://www.jra.go.jp/datafile/seiseki/report/2013/2013-2nakayama6.pdf,official_daily_result_pdf
201306020612,2013,中山,2,6,12,2013-03-10,https://www.jra.go.jp/datafile/seiseki/report/2013/2013-2nakayama6.pdf,official_daily_result_pdf
201306020701,2013,中山,2,7,1,2013-03-16,https://www.jra.go.jp/datafile/seiseki/report/2013/2013-2nakayama7.pdf,official_daily_result_pdf
201306020702,2013,中山,2,7,2,2013-03-16,https://www.jra.go.jp/datafile/seiseki/report/2013/2013-2nakayama7.pdf,official_daily_result_pdf
201306020703,2013,中山,2,7,3,2013-03-16,https://www.jra.go.jp/datafile/seiseki/report/2013/2013-2nakayama7.pdf,official_daily_result_pdf
201306020704,2013,中山,2,7,4,2013-03-16,https://www.jra.go.jp/datafile/seiseki/report/2013/2013-2nakayama7.pdf,official_daily_result_pdf
201306020705,2013,中山,2,7,5,2013-03-16,https://www.jra.go.jp/datafile/seiseki/report/2013/2013-2nakayama7.pdf,official_daily_result_pdf
201306020706,2013,中山,2,7,6,2013-03-16,https://www.jra.go.jp/datafile/seiseki/report/2013/2013-2nakayama7.pdf,official_daily_result_pdf
201306020707,2013,中山,2,7,7,2013-03-16,https://www.jra.go.jp/datafile/seiseki/report/2013/2013-2nakayama7.pdf,official_daily_result_pdf
201306020708,2013,中山,2,7,8,2013-03-16,https://www.jra.go.jp/datafile/seiseki/report/2013/2013-2nakayama7.pdf,official_daily_result_pdf
201306020709,2013,中山,2,7,9,2013-03-16,https://www.jra.go.jp/datafile/seiseki/report/2013/2013-2nakayama7.pdf,official_daily_result_pdf
201306020710,2013,中山,2,7,10,2013-03-16,https://www.jra.go.jp/datafile/seiseki/report/2013/2013-2nakayama7.pdf,official_daily_result_pdf
201306020711,2013,中山,2,7,11,2013-03-16,https://www.jra.go.jp/datafile/seiseki/report/2013/2013-2nakayama7.pdf,official_daily_result_pdf
201306020712,2013,中山,2,7,12,2013-03-16,https://www.jra.go.jp/datafile/seiseki/report/2013/2013-2nakayama7.pdf,official_daily_result_pdf
201306020801,2013,中山,2,8,1,2013-03-17,https://www.jra.go.jp/datafile/seiseki/report/2013/2013-2nakayama8.pdf,official_daily_result_pdf
201306020802,2013,中山,2,8,2,2013-03-17,https://www.jra.go.jp/datafile/seiseki/report/2013/2013-2nakayama8.pdf,official_daily_result_pdf
201306020803,2013,中山,2,8,3,2013-03-17,https://www.jra.go.jp/datafile/seiseki/report/2013/2013-2nakayama8.pdf,official_daily_result_pdf
201306020804,2013,中山,2,8,4,2013-03-17,https://www.jra.go.jp/datafile/seiseki/report/2013/2013-2nakayama8.pdf,official_daily_result_pdf
201306020805,2013,中山,2,8,5,2013-03-17,https://www.jra.go.jp/datafile/seiseki/report/2013/2013-2nakayama8.pdf,official_daily_result_pdf
201306020806,2013,中山,2,8,6,2013-03-17,https://www.jra.go.jp/datafile/seiseki/report/2013/2013-2nakayama8.pdf,official_daily_result_pdf
201306020807,2013,中山,2,8,7,2013-03-17,https://www.jra.go.jp/datafile/seiseki/report/2013/2013-2nakayama8.pdf,official_daily_result_pdf
201306020808,2013,中山,2,8,8,2013-03-17,https://www.jra.go.jp/datafile/seiseki/report/2013/2013-2nakayama8.pdf,official_daily_result_pdf
201306020809,2013,中山,2,8,9,2013-03-17,https://www.jra.go.jp/datafile/seiseki/report/2013/2013-2nakayama8.pdf,official_daily_result_pdf
201306020810,2013,中山,2,8,10,2013-03-17,https://www.jra.go.jp/datafile/seiseki/report/2013/2013-2nakayama8.pdf,official_daily_result_pdf
201306020811,2013,中山,2,8,11,2013-03-17,https://www.jra.go.jp/datafile/seiseki/report/2013/2013-2nakayama8.pdf,official_daily_result_pdf
201306020812,2013,中山,2,8,12,2013-03-17,https://www.jra.go.jp/datafile/seiseki/report/2013/2013-2nakayama8.pdf,official_daily_result_pdf
201306030101,2013,中山,3,1,1,2013-03-23,https://www.jra.go.jp/datafile/seiseki/report/2013/2013-3nakayama1.pdf,official_daily_result_pdf
201306030102,2013,中山,3,1,2,2013-03-23,https://www.jra.go.jp/datafile/seiseki/report/2013/2013-3nakayama1.pdf,official_daily_result_pdf
201306030103,2013,中山,3,1,3,2013-03-23,https://www.jra.go.jp/datafile/seiseki/report/2013/2013-3nakayama1.pdf,official_daily_result_pdf
201306030104,2013,中山,3,1,4,2013-03-23,https://www.jra.go.jp/datafile/seiseki/report/2013/2013-3nakayama1.pdf,official_daily_result_pdf
201306030105,2013,中山,3,1,5,2013-03-23,https://www.jra.go.jp/datafile/seiseki/report/2013/2013-3nakayama1.pdf,official_daily_result_pdf
201306030106,2013,中山,3,1,6,2013-03-23,https://www.jra.go.jp/datafile/seiseki/report/2013/2013-3nakayama1.pdf,official_daily_result_pdf
201306030107,2013,中山,3,1,7,2013-03-23,https://www.jra.go.jp/datafile/seiseki/report/2013/2013-3nakayama1.pdf,official_daily_result_pdf
201306030108,2013,中山,3,1,8,2013-03-23,https://www.jra.go.jp/datafile/seiseki/report/2013/2013-3nakayama1.pdf,official_daily_result_pdf
201306030109,2013,中山,3,1,9,2013-03-23,https://www.jra.go.jp/datafile/seiseki/report/2013/2013-3nakayama1.pdf,official_daily_result_pdf
201306030110,2013,中山,3,1,10,2013-03-23,https://www.jra.go.jp/datafile/seiseki/report/2013/2013-3nakayama1.pdf,official_daily_result_pdf
201306030111,2013,中山,3,1,11,2013-03-23,https://www.jra.go.jp/datafile/seiseki/report/2013/2013-3nakayama1.pdf,official_daily_result_pdf
201306030112,2013,中山,3,1,12,2013-03-23,https://www.jra.go.jp/datafile/seiseki/report/2013/2013-3nakayama1.pdf,official_daily_result_pdf
201306030201,2013,中山,3,2,1,2013-03-24,https://www.jra.go.jp/datafile/seiseki/report/2013/2013-3nakayama2.pdf,official_daily_result_pdf
201306030202,2013,中山,3,2,2,2013-03-24,https://www.jra.go.jp/datafile/seiseki/report/2013/2013-3nakayama2.pdf,official_daily_result_pdf
201306030203,2013,中山,3,2,3,2013-03-24,https://www.jra.go.jp/datafile/seiseki/report/2013/2013-3nakayama2.pdf,official_daily_result_pdf
201306030204,2013,中山,3,2,4,2013-03-24,https://www.jra.go.jp/datafile/seiseki/report/2013/2013-3nakayama2.pdf,official_daily_result_pdf
201306030205,2013,中山,3,2,5,2013-03-24,https://www.jra.go.jp/datafile/seiseki/report/2013/2013-3nakayama2.pdf,official_daily_result_pdf
201306030206,2013,中山,3,2,6,2013-03-24,https://www.jra.go.jp/datafile/seiseki/report/2013/2013-3nakayama2.pdf,official_daily_result_pdf
201306030207,2013,中山,3,2,7,2013-03-24,https://www.jra.go.jp/datafile/seiseki/report/2013/2013-3nakayama2.pdf,official_daily_result_pdf
201306030208,2013,中山,3,2,8,2013-03-24,https://www.jra.go.jp/datafile/seiseki/report/2013/2013-3nakayama2.pdf,official_daily_result_pdf
201306030209,2013,中山,3,2,9,2013-03-24,https://www.jra.go.jp/datafile/seiseki/report/2013/2013-3nakayama2.pdf,official_daily_result_pdf
201306030210,2013,中山,3,2,10,2013-03-24,https://www.jra.go.jp/datafile/seiseki/report/2013/2013-3nakayama2.pdf,official_daily_result_pdf
201306030211,2013,中山,3,2,11,2013-03-24,https://www.jra.go.jp/datafile/seiseki/report/2013/2013-3nakayama2.pdf,official_daily_result_pdf
201306030212,2013,中山,3,2,12,2013-03-24,https://www.jra.go.jp/datafile/seiseki/report/2013/2013-3nakayama2.pdf,official_daily_result_pdf
201306030301,2013,中山,3,3,1,2013-03-30,https://www.jra.go.jp/datafile/seiseki/report/2013/2013-3nakayama3.pdf,official_daily_result_pdf
201306030302,2013,中山,3,3,2,2013-03-30,https://www.jra.go.jp/datafile/seiseki/report/2013/2013-3nakayama3.pdf,official_daily_result_pdf
201306030303,2013,中山,3,3,3,2013-03-30,https://www.jra.go.jp/datafile/seiseki/report/2013/2013-3nakayama3.pdf,official_daily_result_pdf
201306030304,2013,中山,3,3,4,2013-03-30,https://www.jra.go.jp/datafile/seiseki/report/2013/2013-3nakayama3.pdf,official_daily_result_pdf
201306030305,2013,中山,3,3,5,2013-03-30,https://www.jra.go.jp/datafile/seiseki/report/2013/2013-3nakayama3.pdf,official_daily_result_pdf
201306030306,2013,中山,3,3,6,2013-03-30,https://www.jra.go.jp/datafile/seiseki/report/2013/2013-3nakayama3.pdf,official_daily_result_pdf
201306030307,2013,中山,3,3,7,2013-03-30,https://www.jra.go.jp/datafile/seiseki/report/2013/2013-3nakayama3.pdf,official_daily_result_pdf
201306030308,2013,中山,3,3,8,2013-03-30,https://www.jra.go.jp/datafile/seiseki/report/2013/2013-3nakayama3.pdf,official_daily_result_pdf
201306030309,2013,中山,3,3,9,2013-03-30,https://www.jra.go.jp/datafile/seiseki/report/2013/2013-3nakayama3.pdf,official_daily_result_pdf
201306030310,2013,中山,3,3,10,2013-03-30,https://www.jra.go.jp/datafile/seiseki/report/2013/2013-3nakayama3.pdf,official_daily_result_pdf
201306030311,2013,中山,3,3,11,2013-03-30,https://www.jra.go.jp/datafile/seiseki/report/2013/2013-3nakayama3.pdf,official_daily_result_pdf
201306030312,2013,中山,3,3,12,2013-03-30,https://www.jra.go.jp/datafile/seiseki/report/2013/2013-3nakayama3.pdf,official_daily_result_pdf
201306030401,2013,中山,3,4,1,2013-03-31,https://www.jra.go.jp/datafile/seiseki/report/2013/2013-3nakayama4.pdf,official_daily_result_pdf
201306030402,2013,中山,3,4,2,2013-03-31,https://www.jra.go.jp/datafile/seiseki/report/2013/2013-3nakayama4.pdf,official_daily_result_pdf
201306030403,2013,中山,3,4,3,2013-03-31,https://www.jra.go.jp/datafile/seiseki/report/2013/2013-3nakayama4.pdf,official_daily_result_pdf
201306030404,2013,中山,3,4,4,2013-03-31,https://www.jra.go.jp/datafile/seiseki/report/2013/2013-3nakayama4.pdf,official_daily_result_pdf
201306030405,2013,中山,3,4,5,2013-03-31,https://www.jra.go.jp/datafile/seiseki/report/2013/2013-3nakayama4.pdf,official_daily_result_pdf
201306030406,2013,中山,3,4,6,2013-03-31,https://www.jra.go.jp/datafile/seiseki/report/2013/2013-3nakayama4.pdf,official_daily_result_pdf
201306030407,2013,中山,3,4,7,2013-03-31,https://www.jra.go.jp/datafile/seiseki/report/2013/2013-3nakayama4.pdf,official_daily_result_pdf
201306030408,2013,中山,3,4,8,2013-03-31,https://www.jra.go.jp/datafile/seiseki/report/2013/2013-3nakayama4.pdf,official_daily_result_pdf
201306030409,2013,中山,3,4,9,2013-03-31,https://www.jra.go.jp/datafile/seiseki/report/2013/2013-3nakayama4.pdf,official_daily_result_pdf
201306030410,2013,中山,3,4,10,2013-03-31,https://www.jra.go.jp/datafile/seiseki/report/2013/2013-3nakayama4.pdf,official_daily_result_pdf
201306030411,2013,中山,3,4,11,2013-03-31,https://www.jra.go.jp/datafile/seiseki/report/2013/2013-3nakayama4.pdf,official_daily_result_pdf
201306030412,2013,中山,3,4,12,2013-03-31,https://www.jra.go.jp/datafile/seiseki/report/2013/2013-3nakayama4.pdf,official_daily_result_pdf
201306030501,2013,中山,3,5,1,2013-04-06,https://www.jra.go.jp/datafile/seiseki/report/2013/2013-3nakayama5.pdf,official_daily_result_pdf
201306030502,2013,中山,3,5,2,2013-04-06,https://www.jra.go.jp/datafile/seiseki/report/2013/2013-3nakayama5.pdf,official_daily_result_pdf
201306030503,2013,中山,3,5,3,2013-04-06,https://www.jra.go.jp/datafile/seiseki/report/2013/2013-3nakayama5.pdf,official_daily_result_pdf
201306030504,2013,中山,3,5,4,2013-04-06,https://www.jra.go.jp/datafile/seiseki/report/2013/2013-3nakayama5.pdf,official_daily_result_pdf
201306030505,2013,中山,3,5,5,2013-04-06,https://www.jra.go.jp/datafile/seiseki/report/2013/2013-3nakayama5.pdf,official_daily_result_pdf
201306030506,2013,中山,3,5,6,2013-04-06,https://www.jra.go.jp/datafile/seiseki/report/2013/2013-3nakayama5.pdf,official_daily_result_pdf
201306030507,2013,中山,3,5,7,2013-04-06,https://www.jra.go.jp/datafile/seiseki/report/2013/2013-3nakayama5.pdf,official_daily_result_pdf
201306030508,2013,中山,3,5,8,2013-04-06,https://www.jra.go.jp/datafile/seiseki/report/2013/2013-3nakayama5.pdf,official_daily_result_pdf
201306030509,2013,中山,3,5,9,2013-04-06,https://www.jra.go.jp/datafile/seiseki/report/2013/2013-3nakayama5.pdf,official_daily_result_pdf
201306030510,2013,中山,3,5,10,2013-04-06,https://www.jra.go.jp/datafile/seiseki/report/2013/2013-3nakayama5.pdf,official_daily_result_pdf
201306030511,2013,中山,3,5,11,2013-04-06,https://www.jra.go.jp/datafile/seiseki/report/2013/2013-3nakayama5.pdf,official_daily_result_pdf
201306030512,2013,中山,3,5,12,2013-04-06,https://www.jra.go.jp/datafile/seiseki/report/2013/2013-3nakayama5.pdf,official_daily_result_pdf
201306030601,2013,中山,3,6,1,2013-04-07,https://www.jra.go.jp/datafile/seiseki/report/2013/2013-3nakayama6.pdf,official_daily_result_pdf
201306030602,2013,中山,3,6,2,2013-04-07,https://www.jra.go.jp/datafile/seiseki/report/2013/2013-3nakayama6.pdf,official_daily_result_pdf
201306030603,2013,中山,3,6,3,2013-04-07,https://www.jra.go.jp/datafile/seiseki/report/2013/2013-3nakayama6.pdf,official_daily_result_pdf
201306030604,2013,中山,3,6,4,2013-04-07,https://www.jra.go.jp/datafile/seiseki/report/2013/2013-3nakayama6.pdf,official_daily_result_pdf
201306030605,2013,中山,3,6,5,2013-04-07,https://www.jra.go.jp/datafile/seiseki/report/2013/2013-3nakayama6.pdf,official_daily_result_pdf
201306030606,2013,中山,3,6,6,2013-04-07,https://www.jra.go.jp/datafile/seiseki/report/2013/2013-3nakayama6.pdf,official_daily_result_pdf
201306030607,2013,中山,3,6,7,2013-04-07,https://www.jra.go.jp/datafile/seiseki/report/2013/2013-3nakayama6.pdf,official_daily_result_pdf
201306030608,2013,中山,3,6,8,2013-04-07,https://www.jra.go.jp/datafile/seiseki/report/2013/2013-3nakayama6.pdf,official_daily_result_pdf
201306030609,2013,中山,3,6,9,2013-04-07,https://www.jra.go.jp/datafile/seiseki/report/2013/2013-3nakayama6.pdf,official_daily_result_pdf
201306030610,2013,中山,3,6,10,2013-04-07,https://www.jra.go.jp/datafile/seiseki/report/2013/2013-3nakayama6.pdf,official_daily_result_pdf
201306030611,2013,中山,3,6,11,2013-04-07,https://www.jra.go.jp/datafile/seiseki/report/2013/2013-3nakayama6.pdf,official_daily_result_pdf
201306030612,2013,中山,3,6,12,2013-04-07,https://www.jra.go.jp/datafile/seiseki/report/2013/2013-3nakayama6.pdf,official_daily_result_pdf
201306030701,2013,中山,3,7,1,2013-04-13,https://www.jra.go.jp/datafile/seiseki/report/2013/2013-3nakayama7.pdf,official_daily_result_pdf
201306030702,2013,中山,3,7,2,2013-04-13,https://www.jra.go.jp/datafile/seiseki/report/2013/2013-3nakayama7.pdf,official_daily_result_pdf
201306030703,2013,中山,3,7,3,2013-04-13,https://www.jra.go.jp/datafile/seiseki/report/2013/2013-3nakayama7.pdf,official_daily_result_pdf
201306030704,2013,中山,3,7,4,2013-04-13,https://www.jra.go.jp/datafile/seiseki/report/2013/2013-3nakayama7.pdf,official_daily_result_pdf
201306030705,2013,中山,3,7,5,2013-04-13,https://www.jra.go.jp/datafile/seiseki/report/2013/2013-3nakayama7.pdf,official_daily_result_pdf
201306030706,2013,中山,3,7,6,2013-04-13,https://www.jra.go.jp/datafile/seiseki/report/2013/2013-3nakayama7.pdf,official_daily_result_pdf
201306030707,2013,中山,3,7,7,2013-04-13,https://www.jra.go.jp/datafile/seiseki/report/2013/2013-3nakayama7.pdf,official_daily_result_pdf
201306030708,2013,中山,3,7,8,2013-04-13,https://www.jra.go.jp/datafile/seiseki/report/2013/2013-3nakayama7.pdf,official_daily_result_pdf
201306030709,2013,中山,3,7,9,2013-04-13,https://www.jra.go.jp/datafile/seiseki/report/2013/2013-3nakayama7.pdf,official_daily_result_pdf
201306030710,2013,中山,3,7,10,2013-04-13,https://www.jra.go.jp/datafile/seiseki/report/2013/2013-3nakayama7.pdf,official_daily_result_pdf
201306030711,2013,中山,3,7,11,2013-04-13,https://www.jra.go.jp/datafile/seiseki/report/2013/2013-3nakayama7.pdf,official_daily_result_pdf
201306030712,2013,中山,3,7,12,2013-04-13,https://www.jra.go.jp/datafile/seiseki/report/2013/2013-3nakayama7.pdf,official_daily_result_pdf
201306030801,2013,中山,3,8,1,2013-04-14,https://www.jra.go.jp/datafile/seiseki/report/2013/2013-3nakayama8.pdf,official_daily_result_pdf
201306030802,2013,中山,3,8,2,2013-04-14,https://www.jra.go.jp/datafile/seiseki/report/2013/2013-3nakayama8.pdf,official_daily_result_pdf
201306030803,2013,中山,3,8,3,2013-04-14,https://www.jra.go.jp/datafile/seiseki/report/2013/2013-3nakayama8.pdf,official_daily_result_pdf
201306030804,2013,中山,3,8,4,2013-04-14,https://www.jra.go.jp/datafile/seiseki/report/2013/2013-3nakayama8.pdf,official_daily_result_pdf
201306030805,2013,中山,3,8,5,2013-04-14,https://www.jra.go.jp/datafile/seiseki/report/2013/2013-3nakayama8.pdf,official_daily_result_pdf
201306030806,2013,中山,3,8,6,2013-04-14,https://www.jra.go.jp/datafile/seiseki/report/2013/2013-3nakayama8.pdf,official_daily_result_pdf
201306030807,2013,中山,3,8,7,2013-04-14,https://www.jra.go.jp/datafile/seiseki/report/2013/2013-3nakayama8.pdf,official_daily_result_pdf
201306030808,2013,中山,3,8,8,2013-04-14,https://www.jra.go.jp/datafile/seiseki/report/2013/2013-3nakayama8.pdf,official_daily_result_pdf
201306030809,2013,中山,3,8,9,2013-04-14,https://www.jra.go.jp/datafile/seiseki/report/2013/2013-3nakayama8.pdf,official_daily_result_pdf
201306030810,2013,中山,3,8,10,2013-04-14,https://www.jra.go.jp/datafile/seiseki/report/2013/2013-3nakayama8.pdf,official_daily_result_pdf
201306030811,2013,中山,3,8,11,2013-04-14,https://www.jra.go.jp/datafile/seiseki/report/2013/2013-3nakayama8.pdf,official_daily_result_pdf
201306030812,2013,中山,3,8,12,2013-04-14,https://www.jra.go.jp/datafile/seiseki/report/2013/2013-3nakayama8.pdf,official_daily_result_pdf
201306040101,2013,中山,4,1,1,2013-09-07,https://www.jra.go.jp/datafile/seiseki/report/2013/2013-4nakayama1.pdf,official_daily_result_pdf
201306040102,2013,中山,4,1,2,2013-09-07,https://www.jra.go.jp/datafile/seiseki/report/2013/2013-4nakayama1.pdf,official_daily_result_pdf
201306040103,2013,中山,4,1,3,2013-09-07,https://www.jra.go.jp/datafile/seiseki/report/2013/2013-4nakayama1.pdf,official_daily_result_pdf
201306040104,2013,中山,4,1,4,2013-09-07,https://www.jra.go.jp/datafile/seiseki/report/2013/2013-4nakayama1.pdf,official_daily_result_pdf
201306040105,2013,中山,4,1,5,2013-09-07,https://www.jra.go.jp/datafile/seiseki/report/2013/2013-4nakayama1.pdf,official_daily_result_pdf
201306040106,2013,中山,4,1,6,2013-09-07,https://www.jra.go.jp/datafile/seiseki/report/2013/2013-4nakayama1.pdf,official_daily_result_pdf
201306040107,2013,中山,4,1,7,2013-09-07,https://www.jra.go.jp/datafile/seiseki/report/2013/2013-4nakayama1.pdf,official_daily_result_pdf
201306040108,2013,中山,4,1,8,2013-09-07,https://www.jra.go.jp/datafile/seiseki/report/2013/2013-4nakayama1.pdf,official_daily_result_pdf
201306040109,2013,中山,4,1,9,2013-09-07,https://www.jra.go.jp/datafile/seiseki/report/2013/2013-4nakayama1.pdf,official_daily_result_pdf
201306040110,2013,中山,4,1,10,2013-09-07,https://www.jra.go.jp/datafile/seiseki/report/2013/2013-4nakayama1.pdf,official_daily_result_pdf
201306040111,2013,中山,4,1,11,2013-09-07,https://www.jra.go.jp/datafile/seiseki/report/2013/2013-4nakayama1.pdf,official_daily_result_pdf
201306040112,2013,中山,4,1,12,2013-09-07,https://www.jra.go.jp/datafile/seiseki/report/2013/2013-4nakayama1.pdf,official_daily_result_pdf
201306040201,2013,中山,4,2,1,2013-09-08,https://www.jra.go.jp/datafile/seiseki/report/2013/2013-4nakayama2.pdf,official_daily_result_pdf
201306040202,2013,中山,4,2,2,2013-09-08,https://www.jra.go.jp/datafile/seiseki/report/2013/2013-4nakayama2.pdf,official_daily_result_pdf
201306040203,2013,中山,4,2,3,2013-09-08,https://www.jra.go.jp/datafile/seiseki/report/2013/2013-4nakayama2.pdf,official_daily_result_pdf
201306040204,2013,中山,4,2,4,2013-09-08,https://www.jra.go.jp/datafile/seiseki/report/2013/2013-4nakayama2.pdf,official_daily_result_pdf
201306040205,2013,中山,4,2,5,2013-09-08,https://www.jra.go.jp/datafile/seiseki/report/2013/2013-4nakayama2.pdf,official_daily_result_pdf
201306040206,2013,中山,4,2,6,2013-09-08,https://www.jra.go.jp/datafile/seiseki/report/2013/2013-4nakayama2.pdf,official_daily_result_pdf
201306040207,2013,中山,4,2,7,2013-09-08,https://www.jra.go.jp/datafile/seiseki/report/2013/2013-4nakayama2.pdf,official_daily_result_pdf
201306040208,2013,中山,4,2,8,2013-09-08,https://www.jra.go.jp/datafile/seiseki/report/2013/2013-4nakayama2.pdf,official_daily_result_pdf
201306040209,2013,中山,4,2,9,2013-09-08,https://www.jra.go.jp/datafile/seiseki/report/2013/2013-4nakayama2.pdf,official_daily_result_pdf
201306040210,2013,中山,4,2,10,2013-09-08,https://www.jra.go.jp/datafile/seiseki/report/2013/2013-4nakayama2.pdf,official_daily_result_pdf
201306040211,2013,中山,4,2,11,2013-09-08,https://www.jra.go.jp/datafile/seiseki/report/2013/2013-4nakayama2.pdf,official_daily_result_pdf
201306040212,2013,中山,4,2,12,2013-09-08,https://www.jra.go.jp/datafile/seiseki/report/2013/2013-4nakayama2.pdf,official_daily_result_pdf
201306040301,2013,中山,4,3,1,2013-09-14,https://www.jra.go.jp/datafile/seiseki/report/2013/2013-4nakayama3.pdf,official_daily_result_pdf
201306040302,2013,中山,4,3,2,2013-09-14,https://www.jra.go.jp/datafile/seiseki/report/2013/2013-4nakayama3.pdf,official_daily_result_pdf
201306040303,2013,中山,4,3,3,2013-09-14,https://www.jra.go.jp/datafile/seiseki/report/2013/2013-4nakayama3.pdf,official_daily_result_pdf
201306040304,2013,中山,4,3,4,2013-09-14,https://www.jra.go.jp/datafile/seiseki/report/2013/2013-4nakayama3.pdf,official_daily_result_pdf
201306040305,2013,中山,4,3,5,2013-09-14,https://www.jra.go.jp/datafile/seiseki/report/2013/2013-4nakayama3.pdf,official_daily_result_pdf
201306040306,2013,中山,4,3,6,2013-09-14,https://www.jra.go.jp/datafile/seiseki/report/2013/2013-4nakayama3.pdf,official_daily_result_pdf
201306040307,2013,中山,4,3,7,2013-09-14,https://www.jra.go.jp/datafile/seiseki/report/2013/2013-4nakayama3.pdf,official_daily_result_pdf
201306040308,2013,中山,4,3,8,2013-09-14,https://www.jra.go.jp/datafile/seiseki/report/2013/2013-4nakayama3.pdf,official_daily_result_pdf
201306040309,2013,中山,4,3,9,2013-09-14,https://www.jra.go.jp/datafile/seiseki/report/2013/2013-4nakayama3.pdf,official_daily_result_pdf
201306040310,2013,中山,4,3,10,2013-09-14,https://www.jra.go.jp/datafile/seiseki/report/2013/2013-4nakayama3.pdf,official_daily_result_pdf
201306040311,2013,中山,4,3,11,2013-09-14,https://www.jra.go.jp/datafile/seiseki/report/2013/2013-4nakayama3.pdf,official_daily_result_pdf
201306040312,2013,中山,4,3,12,2013-09-14,https://www.jra.go.jp/datafile/seiseki/report/2013/2013-4nakayama3.pdf,official_daily_result_pdf
201306040401,2013,中山,4,4,1,2013-09-15,https://www.jra.go.jp/datafile/seiseki/report/2013/2013-4nakayama4.pdf,official_daily_result_pdf
201306040402,2013,中山,4,4,2,2013-09-15,https://www.jra.go.jp/datafile/seiseki/report/2013/2013-4nakayama4.pdf,official_daily_result_pdf
201306040403,2013,中山,4,4,3,2013-09-15,https://www.jra.go.jp/datafile/seiseki/report/2013/2013-4nakayama4.pdf,official_daily_result_pdf
201306040404,2013,中山,4,4,4,2013-09-15,https://www.jra.go.jp/datafile/seiseki/report/2013/2013-4nakayama4.pdf,official_daily_result_pdf
201306040405,2013,中山,4,4,5,2013-09-15,https://www.jra.go.jp/datafile/seiseki/report/2013/2013-4nakayama4.pdf,official_daily_result_pdf
201306040406,2013,中山,4,4,6,2013-09-15,https://www.jra.go.jp/datafile/seiseki/report/2013/2013-4nakayama4.pdf,official_daily_result_pdf
201306040407,2013,中山,4,4,7,2013-09-15,https://www.jra.go.jp/datafile/seiseki/report/2013/2013-4nakayama4.pdf,official_daily_result_pdf
201306040408,2013,中山,4,4,8,2013-09-15,https://www.jra.go.jp/datafile/seiseki/report/2013/2013-4nakayama4.pdf,official_daily_result_pdf
201306040409,2013,中山,4,4,9,2013-09-15,https://www.jra.go.jp/datafile/seiseki/report/2013/2013-4nakayama4.pdf,official_daily_result_pdf
201306040410,2013,中山,4,4,10,2013-09-15,https://www.jra.go.jp/datafile/seiseki/report/2013/2013-4nakayama4.pdf,official_daily_result_pdf
201306040411,2013,中山,4,4,11,2013-09-15,https://www.jra.go.jp/datafile/seiseki/report/2013/2013-4nakayama4.pdf,official_daily_result_pdf
201306040412,2013,中山,4,4,12,2013-09-15,https://www.jra.go.jp/datafile/seiseki/report/2013/2013-4nakayama4.pdf,official_daily_result_pdf
201306040501,2013,中山,4,5,1,2013-09-17,https://www.jra.go.jp/datafile/seiseki/report/2013/2013-4nakayama5.pdf,official_daily_result_pdf
201306040502,2013,中山,4,5,2,2013-09-17,https://www.jra.go.jp/datafile/seiseki/report/2013/2013-4nakayama5.pdf,official_daily_result_pdf
201306040503,2013,中山,4,5,3,2013-09-17,https://www.jra.go.jp/datafile/seiseki/report/2013/2013-4nakayama5.pdf,official_daily_result_pdf
201306040504,2013,中山,4,5,4,2013-09-17,https://www.jra.go.jp/datafile/seiseki/report/2013/2013-4nakayama5.pdf,official_daily_result_pdf
201306040505,2013,中山,4,5,5,2013-09-17,https://www.jra.go.jp/datafile/seiseki/report/2013/2013-4nakayama5.pdf,official_daily_result_pdf
201306040506,2013,中山,4,5,6,2013-09-17,https://www.jra.go.jp/datafile/seiseki/report/2013/2013-4nakayama5.pdf,official_daily_result_pdf
201306040507,2013,中山,4,5,7,2013-09-17,https://www.jra.go.jp/datafile/seiseki/report/2013/2013-4nakayama5.pdf,official_daily_result_pdf
201306040508,2013,中山,4,5,8,2013-09-17,https://www.jra.go.jp/datafile/seiseki/report/2013/2013-4nakayama5.pdf,official_daily_result_pdf
201306040509,2013,中山,4,5,9,2013-09-17,https://www.jra.go.jp/datafile/seiseki/report/2013/2013-4nakayama5.pdf,official_daily_result_pdf
201306040510,2013,中山,4,5,10,2013-09-17,https://www.jra.go.jp/datafile/seiseki/report/2013/2013-4nakayama5.pdf,official_daily_result_pdf
201306040511,2013,中山,4,5,11,2013-09-17,https://www.jra.go.jp/datafile/seiseki/report/2013/2013-4nakayama5.pdf,official_daily_result_pdf
201306040512,2013,中山,4,5,12,2013-09-17,https://www.jra.go.jp/datafile/seiseki/report/2013/2013-4nakayama5.pdf,official_daily_result_pdf
201306040601,2013,中山,4,6,1,2013-09-21,https://www.jra.go.jp/datafile/seiseki/report/2013/2013-4nakayama6.pdf,official_daily_result_pdf
201306040602,2013,中山,4,6,2,2013-09-21,https://www.jra.go.jp/datafile/seiseki/report/2013/2013-4nakayama6.pdf,official_daily_result_pdf
201306040603,2013,中山,4,6,3,2013-09-21,https://www.jra.go.jp/datafile/seiseki/report/2013/2013-4nakayama6.pdf,official_daily_result_pdf
201306040604,2013,中山,4,6,4,2013-09-21,https://www.jra.go.jp/datafile/seiseki/report/2013/2013-4nakayama6.pdf,official_daily_result_pdf
201306040605,2013,中山,4,6,5,2013-09-21,https://www.jra.go.jp/datafile/seiseki/report/2013/2013-4nakayama6.pdf,official_daily_result_pdf
201306040606,2013,中山,4,6,6,2013-09-21,https://www.jra.go.jp/datafile/seiseki/report/2013/2013-4nakayama6.pdf,official_daily_result_pdf
201306040607,2013,中山,4,6,7,2013-09-21,https://www.jra.go.jp/datafile/seiseki/report/2013/2013-4nakayama6.pdf,official_daily_result_pdf
201306040608,2013,中山,4,6,8,2013-09-21,https://www.jra.go.jp/datafile/seiseki/report/2013/2013-4nakayama6.pdf,official_daily_result_pdf
201306040609,2013,中山,4,6,9,2013-09-21,https://www.jra.go.jp/datafile/seiseki/report/2013/2013-4nakayama6.pdf,official_daily_result_pdf
201306040610,2013,中山,4,6,10,2013-09-21,https://www.jra.go.jp/datafile/seiseki/report/2013/2013-4nakayama6.pdf,official_daily_result_pdf
201306040611,2013,中山,4,6,11,2013-09-21,https://www.jra.go.jp/datafile/seiseki/report/2013/2013-4nakayama6.pdf,official_daily_result_pdf
201306040612,2013,中山,4,6,12,2013-09-21,https://www.jra.go.jp/datafile/seiseki/report/2013/2013-4nakayama6.pdf,official_daily_result_pdf
201306040701,2013,中山,4,7,1,2013-09-22,https://www.jra.go.jp/datafile/seiseki/report/2013/2013-4nakayama7.pdf,official_daily_result_pdf
201306040702,2013,中山,4,7,2,2013-09-22,https://www.jra.go.jp/datafile/seiseki/report/2013/2013-4nakayama7.pdf,official_daily_result_pdf
201306040703,2013,中山,4,7,3,2013-09-22,https://www.jra.go.jp/datafile/seiseki/report/2013/2013-4nakayama7.pdf,official_daily_result_pdf
201306040704,2013,中山,4,7,4,2013-09-22,https://www.jra.go.jp/datafile/seiseki/report/2013/2013-4nakayama7.pdf,official_daily_result_pdf
201306040705,2013,中山,4,7,5,2013-09-22,https://www.jra.go.jp/datafile/seiseki/report/2013/2013-4nakayama7.pdf,official_daily_result_pdf
201306040706,2013,中山,4,7,6,2013-09-22,https://www.jra.go.jp/datafile/seiseki/report/2013/2013-4nakayama7.pdf,official_daily_result_pdf
201306040707,2013,中山,4,7,7,2013-09-22,https://www.jra.go.jp/datafile/seiseki/report/2013/2013-4nakayama7.pdf,official_daily_result_pdf
201306040708,2013,中山,4,7,8,2013-09-22,https://www.jra.go.jp/datafile/seiseki/report/2013/2013-4nakayama7.pdf,official_daily_result_pdf
201306040709,2013,中山,4,7,9,2013-09-22,https://www.jra.go.jp/datafile/seiseki/report/2013/2013-4nakayama7.pdf,official_daily_result_pdf
201306040710,2013,中山,4,7,10,2013-09-22,https://www.jra.go.jp/datafile/seiseki/report/2013/2013-4nakayama7.pdf,official_daily_result_pdf
201306040711,2013,中山,4,7,11,2013-09-22,https://www.jra.go.jp/datafile/seiseki/report/2013/2013-4nakayama7.pdf,official_daily_result_pdf
201306040712,2013,中山,4,7,12,2013-09-22,https://www.jra.go.jp/datafile/seiseki/report/2013/2013-4nakayama7.pdf,official_daily_result_pdf
201306040801,2013,中山,4,8,1,2013-09-28,https://www.jra.go.jp/datafile/seiseki/report/2013/2013-4nakayama8.pdf,official_daily_result_pdf
201306040802,2013,中山,4,8,2,2013-09-28,https://www.jra.go.jp/datafile/seiseki/report/2013/2013-4nakayama8.pdf,official_daily_result_pdf
201306040803,2013,中山,4,8,3,2013-09-28,https://www.jra.go.jp/datafile/seiseki/report/2013/2013-4nakayama8.pdf,official_daily_result_pdf
201306040804,2013,中山,4,8,4,2013-09-28,https://www.jra.go.jp/datafile/seiseki/report/2013/2013-4nakayama8.pdf,official_daily_result_pdf
201306040805,2013,中山,4,8,5,2013-09-28,https://www.jra.go.jp/datafile/seiseki/report/2013/2013-4nakayama8.pdf,official_daily_result_pdf
201306040806,2013,中山,4,8,6,2013-09-28,https://www.jra.go.jp/datafile/seiseki/report/2013/2013-4nakayama8.pdf,official_daily_result_pdf
201306040807,2013,中山,4,8,7,2013-09-28,https://www.jra.go.jp/datafile/seiseki/report/2013/2013-4nakayama8.pdf,official_daily_result_pdf
201306040808,2013,中山,4,8,8,2013-09-28,https://www.jra.go.jp/datafile/seiseki/report/2013/2013-4nakayama8.pdf,official_daily_result_pdf
201306040809,2013,中山,4,8,9,2013-09-28,https://www.jra.go.jp/datafile/seiseki/report/2013/2013-4nakayama8.pdf,official_daily_result_pdf
201306040810,2013,中山,4,8,10,2013-09-28,https://www.jra.go.jp/datafile/seiseki/report/2013/2013-4nakayama8.pdf,official_daily_result_pdf
201306040811,2013,中山,4,8,11,2013-09-28,https://www.jra.go.jp/datafile/seiseki/report/2013/2013-4nakayama8.pdf,official_daily_result_pdf
201306040812,2013,中山,4,8,12,2013-09-28,https://www.jra.go.jp/datafile/seiseki/report/2013/2013-4nakayama8.pdf,official_daily_result_pdf
201306040901,2013,中山,4,9,1,2013-09-29,https://www.jra.go.jp/datafile/seiseki/report/2013/2013-4nakayama9.pdf,official_daily_result_pdf
201306040902,2013,中山,4,9,2,2013-09-29,https://www.jra.go.jp/datafile/seiseki/report/2013/2013-4nakayama9.pdf,official_daily_result_pdf
201306040903,2013,中山,4,9,3,2013-09-29,https://www.jra.go.jp/datafile/seiseki/report/2013/2013-4nakayama9.pdf,official_daily_result_pdf
201306040904,2013,中山,4,9,4,2013-09-29,https://www.jra.go.jp/datafile/seiseki/report/2013/2013-4nakayama9.pdf,official_daily_result_pdf
201306040905,2013,中山,4,9,5,2013-09-29,https://www.jra.go.jp/datafile/seiseki/report/2013/2013-4nakayama9.pdf,official_daily_result_pdf
201306040906,2013,中山,4,9,6,2013-09-29,https://www.jra.go.jp/datafile/seiseki/report/2013/2013-4nakayama9.pdf,official_daily_result_pdf
201306040907,2013,中山,4,9,7,2013-09-29,https://www.jra.go.jp/datafile/seiseki/report/2013/2013-4nakayama9.pdf,official_daily_result_pdf
201306040908,2013,中山,4,9,8,2013-09-29,https://www.jra.go.jp/datafile/seiseki/report/2013/2013-4nakayama9.pdf,official_daily_result_pdf
201306040909,2013,中山,4,9,9,2013-09-29,https://www.jra.go.jp/datafile/seiseki/report/2013/2013-4nakayama9.pdf,official_daily_result_pdf
201306040910,2013,中山,4,9,10,2013-09-29,https://www.jra.go.jp/datafile/seiseki/report/2013/2013-4nakayama9.pdf,official_daily_result_pdf
201306040911,2013,中山,4,9,11,2013-09-29,https://www.jra.go.jp/datafile/seiseki/report/2013/2013-4nakayama9.pdf,official_daily_result_pdf
201306040912,2013,中山,4,9,12,2013-09-29,https://www.jra.go.jp/datafile/seiseki/report/2013/2013-4nakayama9.pdf,official_daily_result_pdf
201306050101,2013,中山,5,1,1,2013-11-30,https://www.jra.go.jp/datafile/seiseki/report/2013/2013-5nakayama1.pdf,official_daily_result_pdf
201306050102,2013,中山,5,1,2,2013-11-30,https://www.jra.go.jp/datafile/seiseki/report/2013/2013-5nakayama1.pdf,official_daily_result_pdf
201306050103,2013,中山,5,1,3,2013-11-30,https://www.jra.go.jp/datafile/seiseki/report/2013/2013-5nakayama1.pdf,official_daily_result_pdf
201306050104,2013,中山,5,1,4,2013-11-30,https://www.jra.go.jp/datafile/seiseki/report/2013/2013-5nakayama1.pdf,official_daily_result_pdf
201306050105,2013,中山,5,1,5,2013-11-30,https://www.jra.go.jp/datafile/seiseki/report/2013/2013-5nakayama1.pdf,official_daily_result_pdf
201306050106,2013,中山,5,1,6,2013-11-30,https://www.jra.go.jp/datafile/seiseki/report/2013/2013-5nakayama1.pdf,official_daily_result_pdf
201306050107,2013,中山,5,1,7,2013-11-30,https://www.jra.go.jp/datafile/seiseki/report/2013/2013-5nakayama1.pdf,official_daily_result_pdf
201306050108,2013,中山,5,1,8,2013-11-30,https://www.jra.go.jp/datafile/seiseki/report/2013/2013-5nakayama1.pdf,official_daily_result_pdf
201306050109,2013,中山,5,1,9,2013-11-30,https://www.jra.go.jp/datafile/seiseki/report/2013/2013-5nakayama1.pdf,official_daily_result_pdf
201306050110,2013,中山,5,1,10,2013-11-30,https://www.jra.go.jp/datafile/seiseki/report/2013/2013-5nakayama1.pdf,official_daily_result_pdf
201306050111,2013,中山,5,1,11,2013-11-30,https://www.jra.go.jp/datafile/seiseki/report/2013/2013-5nakayama1.pdf,official_daily_result_pdf
201306050112,2013,中山,5,1,12,2013-11-30,https://www.jra.go.jp/datafile/seiseki/report/2013/2013-5nakayama1.pdf,official_daily_result_pdf
201306050201,2013,中山,5,2,1,2013-12-01,https://www.jra.go.jp/datafile/seiseki/report/2013/2013-5nakayama2.pdf,official_daily_result_pdf
201306050202,2013,中山,5,2,2,2013-12-01,https://www.jra.go.jp/datafile/seiseki/report/2013/2013-5nakayama2.pdf,official_daily_result_pdf
201306050203,2013,中山,5,2,3,2013-12-01,https://www.jra.go.jp/datafile/seiseki/report/2013/2013-5nakayama2.pdf,official_daily_result_pdf
201306050204,2013,中山,5,2,4,2013-12-01,https://www.jra.go.jp/datafile/seiseki/report/2013/2013-5nakayama2.pdf,official_daily_result_pdf
201306050205,2013,中山,5,2,5,2013-12-01,https://www.jra.go.jp/datafile/seiseki/report/2013/2013-5nakayama2.pdf,official_daily_result_pdf
201306050206,2013,中山,5,2,6,2013-12-01,https://www.jra.go.jp/datafile/seiseki/report/2013/2013-5nakayama2.pdf,official_daily_result_pdf
201306050207,2013,中山,5,2,7,2013-12-01,https://www.jra.go.jp/datafile/seiseki/report/2013/2013-5nakayama2.pdf,official_daily_result_pdf
201306050208,2013,中山,5,2,8,2013-12-01,https://www.jra.go.jp/datafile/seiseki/report/2013/2013-5nakayama2.pdf,official_daily_result_pdf
201306050209,2013,中山,5,2,9,2013-12-01,https://www.jra.go.jp/datafile/seiseki/report/2013/2013-5nakayama2.pdf,official_daily_result_pdf
201306050210,2013,中山,5,2,10,2013-12-01,https://www.jra.go.jp/datafile/seiseki/report/2013/2013-5nakayama2.pdf,official_daily_result_pdf
201306050211,2013,中山,5,2,11,2013-12-01,https://www.jra.go.jp/datafile/seiseki/report/2013/2013-5nakayama2.pdf,official_daily_result_pdf
201306050212,2013,中山,5,2,12,2013-12-01,https://www.jra.go.jp/datafile/seiseki/report/2013/2013-5nakayama2.pdf,official_daily_result_pdf
201306050301,2013,中山,5,3,1,2013-12-07,https://www.jra.go.jp/datafile/seiseki/report/2013/2013-5nakayama3.pdf,official_daily_result_pdf
201306050302,2013,中山,5,3,2,2013-12-07,https://www.jra.go.jp/datafile/seiseki/report/2013/2013-5nakayama3.pdf,official_daily_result_pdf
201306050303,2013,中山,5,3,3,2013-12-07,https://www.jra.go.jp/datafile/seiseki/report/2013/2013-5nakayama3.pdf,official_daily_result_pdf
201306050304,2013,中山,5,3,4,2013-12-07,https://www.jra.go.jp/datafile/seiseki/report/2013/2013-5nakayama3.pdf,official_daily_result_pdf
201306050305,2013,中山,5,3,5,2013-12-07,https://www.jra.go.jp/datafile/seiseki/report/2013/2013-5nakayama3.pdf,official_daily_result_pdf
201306050306,2013,中山,5,3,6,2013-12-07,https://www.jra.go.jp/datafile/seiseki/report/2013/2013-5nakayama3.pdf,official_daily_result_pdf
201306050307,2013,中山,5,3,7,2013-12-07,https://www.jra.go.jp/datafile/seiseki/report/2013/2013-5nakayama3.pdf,official_daily_result_pdf
201306050308,2013,中山,5,3,8,2013-12-07,https://www.jra.go.jp/datafile/seiseki/report/2013/2013-5nakayama3.pdf,official_daily_result_pdf
201306050309,2013,中山,5,3,9,2013-12-07,https://www.jra.go.jp/datafile/seiseki/report/2013/2013-5nakayama3.pdf,official_daily_result_pdf
201306050310,2013,中山,5,3,10,2013-12-07,https://www.jra.go.jp/datafile/seiseki/report/2013/2013-5nakayama3.pdf,official_daily_result_pdf
201306050311,2013,中山,5,3,11,2013-12-07,https://www.jra.go.jp/datafile/seiseki/report/2013/2013-5nakayama3.pdf,official_daily_result_pdf
201306050312,2013,中山,5,3,12,2013-12-07,https://www.jra.go.jp/datafile/seiseki/report/2013/2013-5nakayama3.pdf,official_daily_result_pdf
201306050401,2013,中山,5,4,1,2013-12-08,https://www.jra.go.jp/datafile/seiseki/report/2013/2013-5nakayama4.pdf,official_daily_result_pdf
201306050402,2013,中山,5,4,2,2013-12-08,https://www.jra.go.jp/datafile/seiseki/report/2013/2013-5nakayama4.pdf,official_daily_result_pdf
201306050403,2013,中山,5,4,3,2013-12-08,https://www.jra.go.jp/datafile/seiseki/report/2013/2013-5nakayama4.pdf,official_daily_result_pdf
201306050404,2013,中山,5,4,4,2013-12-08,https://www.jra.go.jp/datafile/seiseki/report/2013/2013-5nakayama4.pdf,official_daily_result_pdf
201306050405,2013,中山,5,4,5,2013-12-08,https://www.jra.go.jp/datafile/seiseki/report/2013/2013-5nakayama4.pdf,official_daily_result_pdf
201306050406,2013,中山,5,4,6,2013-12-08,https://www.jra.go.jp/datafile/seiseki/report/2013/2013-5nakayama4.pdf,official_daily_result_pdf
201306050407,2013,中山,5,4,7,2013-12-08,https://www.jra.go.jp/datafile/seiseki/report/2013/2013-5nakayama4.pdf,official_daily_result_pdf
201306050408,2013,中山,5,4,8,2013-12-08,https://www.jra.go.jp/datafile/seiseki/report/2013/2013-5nakayama4.pdf,official_daily_result_pdf
201306050409,2013,中山,5,4,9,2013-12-08,https://www.jra.go.jp/datafile/seiseki/report/2013/2013-5nakayama4.pdf,official_daily_result_pdf
201306050410,2013,中山,5,4,10,2013-12-08,https://www.jra.go.jp/datafile/seiseki/report/2013/2013-5nakayama4.pdf,official_daily_result_pdf
201306050411,2013,中山,5,4,11,2013-12-08,https://www.jra.go.jp/datafile/seiseki/report/2013/2013-5nakayama4.pdf,official_daily_result_pdf
201306050412,2013,中山,5,4,12,2013-12-08,https://www.jra.go.jp/datafile/seiseki/report/2013/2013-5nakayama4.pdf,official_daily_result_pdf
201306050501,2013,中山,5,5,1,2013-12-14,https://www.jra.go.jp/datafile/seiseki/report/2013/2013-5nakayama5.pdf,official_daily_result_pdf
201306050502,2013,中山,5,5,2,2013-12-14,https://www.jra.go.jp/datafile/seiseki/report/2013/2013-5nakayama5.pdf,official_daily_result_pdf
201306050503,2013,中山,5,5,3,2013-12-14,https://www.jra.go.jp/datafile/seiseki/report/2013/2013-5nakayama5.pdf,official_daily_result_pdf
201306050504,2013,中山,5,5,4,2013-12-14,https://www.jra.go.jp/datafile/seiseki/report/2013/2013-5nakayama5.pdf,official_daily_result_pdf
201306050505,2013,中山,5,5,5,2013-12-14,https://www.jra.go.jp/datafile/seiseki/report/2013/2013-5nakayama5.pdf,official_daily_result_pdf
201306050506,2013,中山,5,5,6,2013-12-14,https://www.jra.go.jp/datafile/seiseki/report/2013/2013-5nakayama5.pdf,official_daily_result_pdf
201306050507,2013,中山,5,5,7,2013-12-14,https://www.jra.go.jp/datafile/seiseki/report/2013/2013-5nakayama5.pdf,official_daily_result_pdf
201306050508,2013,中山,5,5,8,2013-12-14,https://www.jra.go.jp/datafile/seiseki/report/2013/2013-5nakayama5.pdf,official_daily_result_pdf
201306050509,2013,中山,5,5,9,2013-12-14,https://www.jra.go.jp/datafile/seiseki/report/2013/2013-5nakayama5.pdf,official_daily_result_pdf
201306050510,2013,中山,5,5,10,2013-12-14,https://www.jra.go.jp/datafile/seiseki/report/2013/2013-5nakayama5.pdf,official_daily_result_pdf
201306050511,2013,中山,5,5,11,2013-12-14,https://www.jra.go.jp/datafile/seiseki/report/2013/2013-5nakayama5.pdf,official_daily_result_pdf
201306050512,2013,中山,5,5,12,2013-12-14,https://www.jra.go.jp/datafile/seiseki/report/2013/2013-5nakayama5.pdf,official_daily_result_pdf
201306050601,2013,中山,5,6,1,2013-12-15,https://www.jra.go.jp/datafile/seiseki/report/2013/2013-5nakayama6.pdf,official_daily_result_pdf
201306050602,2013,中山,5,6,2,2013-12-15,https://www.jra.go.jp/datafile/seiseki/report/2013/2013-5nakayama6.pdf,official_daily_result_pdf
201306050603,2013,中山,5,6,3,2013-12-15,https://www.jra.go.jp/datafile/seiseki/report/2013/2013-5nakayama6.pdf,official_daily_result_pdf
201306050604,2013,中山,5,6,4,2013-12-15,https://www.jra.go.jp/datafile/seiseki/report/2013/2013-5nakayama6.pdf,official_daily_result_pdf
201306050605,2013,中山,5,6,5,2013-12-15,https://www.jra.go.jp/datafile/seiseki/report/2013/2013-5nakayama6.pdf,official_daily_result_pdf
201306050606,2013,中山,5,6,6,2013-12-15,https://www.jra.go.jp/datafile/seiseki/report/2013/2013-5nakayama6.pdf,official_daily_result_pdf
201306050607,2013,中山,5,6,7,2013-12-15,https://www.jra.go.jp/datafile/seiseki/report/2013/2013-5nakayama6.pdf,official_daily_result_pdf
201306050608,2013,中山,5,6,8,2013-12-15,https://www.jra.go.jp/datafile/seiseki/report/2013/2013-5nakayama6.pdf,official_daily_result_pdf
201306050609,2013,中山,5,6,9,2013-12-15,https://www.jra.go.jp/datafile/seiseki/report/2013/2013-5nakayama6.pdf,official_daily_result_pdf
201306050610,2013,中山,5,6,10,2013-12-15,https://www.jra.go.jp/datafile/seiseki/report/2013/2013-5nakayama6.pdf,official_daily_result_pdf
201306050611,2013,中山,5,6,11,2013-12-15,https://www.jra.go.jp/datafile/seiseki/report/2013/2013-5nakayama6.pdf,official_daily_result_pdf
201306050612,2013,中山,5,6,12,2013-12-15,https://www.jra.go.jp/datafile/seiseki/report/2013/2013-5nakayama6.pdf,official_daily_result_pdf
201306050701,2013,中山,5,7,1,2013-12-21,https://www.jra.go.jp/datafile/seiseki/report/2013/2013-5nakayama7.pdf,official_daily_result_pdf
201306050702,2013,中山,5,7,2,2013-12-21,https://www.jra.go.jp/datafile/seiseki/report/2013/2013-5nakayama7.pdf,official_daily_result_pdf
201306050703,2013,中山,5,7,3,2013-12-21,https://www.jra.go.jp/datafile/seiseki/report/2013/2013-5nakayama7.pdf,official_daily_result_pdf
201306050704,2013,中山,5,7,4,2013-12-21,https://www.jra.go.jp/datafile/seiseki/report/2013/2013-5nakayama7.pdf,official_daily_result_pdf
201306050705,2013,中山,5,7,5,2013-12-21,https://www.jra.go.jp/datafile/seiseki/report/2013/2013-5nakayama7.pdf,official_daily_result_pdf
201306050706,2013,中山,5,7,6,2013-12-21,https://www.jra.go.jp/datafile/seiseki/report/2013/2013-5nakayama7.pdf,official_daily_result_pdf
201306050707,2013,中山,5,7,7,2013-12-21,https://www.jra.go.jp/datafile/seiseki/report/2013/2013-5nakayama7.pdf,official_daily_result_pdf
201306050708,2013,中山,5,7,8,2013-12-21,https://www.jra.go.jp/datafile/seiseki/report/2013/2013-5nakayama7.pdf,official_daily_result_pdf
201306050709,2013,中山,5,7,9,2013-12-21,https://www.jra.go.jp/datafile/seiseki/report/2013/2013-5nakayama7.pdf,official_daily_result_pdf
201306050710,2013,中山,5,7,10,2013-12-21,https://www.jra.go.jp/datafile/seiseki/report/2013/2013-5nakayama7.pdf,official_daily_result_pdf
201306050711,2013,中山,5,7,11,2013-12-21,https://www.jra.go.jp/datafile/seiseki/report/2013/2013-5nakayama7.pdf,official_daily_result_pdf
201306050712,2013,中山,5,7,12,2013-12-21,https://www.jra.go.jp/datafile/seiseki/report/2013/2013-5nakayama7.pdf,official_daily_result_pdf
201306050801,2013,中山,5,8,1,2013-12-22,https://www.jra.go.jp/datafile/seiseki/report/2013/2013-5nakayama8.pdf,official_daily_result_pdf
201306050802,2013,中山,5,8,2,2013-12-22,https://www.jra.go.jp/datafile/seiseki/report/2013/2013-5nakayama8.pdf,official_daily_result_pdf
201306050803,2013,中山,5,8,3,2013-12-22,https://www.jra.go.jp/datafile/seiseki/report/2013/2013-5nakayama8.pdf,official_daily_result_pdf
201306050804,2013,中山,5,8,4,2013-12-22,https://www.jra.go.jp/datafile/seiseki/report/2013/2013-5nakayama8.pdf,official_daily_result_pdf
201306050805,2013,中山,5,8,5,2013-12-22,https://www.jra.go.jp/datafile/seiseki/report/2013/2013-5nakayama8.pdf,official_daily_result_pdf
201306050806,2013,中山,5,8,6,2013-12-22,https://www.jra.go.jp/datafile/seiseki/report/2013/2013-5nakayama8.pdf,official_daily_result_pdf
201306050807,2013,中山,5,8,7,2013-12-22,https://www.jra.go.jp/datafile/seiseki/report/2013/2013-5nakayama8.pdf,official_daily_result_pdf
201306050808,2013,中山,5,8,8,2013-12-22,https://www.jra.go.jp/datafile/seiseki/report/2013/2013-5nakayama8.pdf,official_daily_result_pdf
201306050809,2013,中山,5,8,9,2013-12-22,https://www.jra.go.jp/datafile/seiseki/report/2013/2013-5nakayama8.pdf,official_daily_result_pdf
201306050810,2013,中山,5,8,10,2013-12-22,https://www.jra.go.jp/datafile/seiseki/report/2013/2013-5nakayama8.pdf,official_daily_result_pdf
201306050811,2013,中山,5,8,11,2013-12-22,https://www.jra.go.jp/datafile/seiseki/report/2013/2013-5nakayama8.pdf,official_daily_result_pdf
201306050901,2013,中山,5,9,1,2013-12-23,https://www.jra.go.jp/datafile/seiseki/report/2013/2013-5nakayama9.pdf,official_daily_result_pdf
201306050902,2013,中山,5,9,2,2013-12-23,https://www.jra.go.jp/datafile/seiseki/report/2013/2013-5nakayama9.pdf,official_daily_result_pdf
201306050903,2013,中山,5,9,3,2013-12-23,https://www.jra.go.jp/datafile/seiseki/report/2013/2013-5nakayama9.pdf,official_daily_result_pdf
201306050904,2013,中山,5,9,4,2013-12-23,https://www.jra.go.jp/datafile/seiseki/report/2013/2013-5nakayama9.pdf,official_daily_result_pdf
201306050905,2013,中山,5,9,5,2013-12-23,https://www.jra.go.jp/datafile/seiseki/report/2013/2013-5nakayama9.pdf,official_daily_result_pdf
201306050906,2013,中山,5,9,6,2013-12-23,https://www.jra.go.jp/datafile/seiseki/report/2013/2013-5nakayama9.pdf,official_daily_result_pdf
201306050907,2013,中山,5,9,7,2013-12-23,https://www.jra.go.jp/datafile/seiseki/report/2013/2013-5nakayama9.pdf,official_daily_result_pdf
201306050908,2013,中山,5,9,8,2013-12-23,https://www.jra.go.jp/datafile/seiseki/report/2013/2013-5nakayama9.pdf,official_daily_result_pdf
201306050909,2013,中山,5,9,9,2013-12-23,https://www.jra.go.jp/datafile/seiseki/report/2013/2013-5nakayama9.pdf,official_daily_result_pdf
201306050910,2013,中山,5,9,10,2013-12-23,https://www.jra.go.jp/datafile/seiseki/report/2013/2013-5nakayama9.pdf,official_daily_result_pdf
201306050911,2013,中山,5,9,11,2013-12-23,https://www.jra.go.jp/datafile/seiseki/report/2013/2013-5nakayama9.pdf,official_daily_result_pdf
201306050912,2013,中山,5,9,12,2013-12-23,https://www.jra.go.jp/datafile/seiseki/report/2013/2013-5nakayama9.pdf,official_daily_result_pdf
201307010101,2013,中京,1,1,1,2013-01-19,https://www.jra.go.jp/datafile/seiseki/report/2013/2013-1chukyo1.pdf,official_daily_result_pdf
201307010102,2013,中京,1,1,2,2013-01-19,https://www.jra.go.jp/datafile/seiseki/report/2013/2013-1chukyo1.pdf,official_daily_result_pdf
201307010103,2013,中京,1,1,3,2013-01-19,https://www.jra.go.jp/datafile/seiseki/report/2013/2013-1chukyo1.pdf,official_daily_result_pdf
201307010104,2013,中京,1,1,4,2013-01-19,https://www.jra.go.jp/datafile/seiseki/report/2013/2013-1chukyo1.pdf,official_daily_result_pdf
201307010105,2013,中京,1,1,5,2013-01-19,https://www.jra.go.jp/datafile/seiseki/report/2013/2013-1chukyo1.pdf,official_daily_result_pdf
201307010106,2013,中京,1,1,6,2013-01-19,https://www.jra.go.jp/datafile/seiseki/report/2013/2013-1chukyo1.pdf,official_daily_result_pdf
201307010107,2013,中京,1,1,7,2013-01-19,https://www.jra.go.jp/datafile/seiseki/report/2013/2013-1chukyo1.pdf,official_daily_result_pdf
201307010108,2013,中京,1,1,8,2013-01-19,https://www.jra.go.jp/datafile/seiseki/report/2013/2013-1chukyo1.pdf,official_daily_result_pdf
201307010109,2013,中京,1,1,9,2013-01-19,https://www.jra.go.jp/datafile/seiseki/report/2013/2013-1chukyo1.pdf,official_daily_result_pdf
201307010110,2013,中京,1,1,10,2013-01-19,https://www.jra.go.jp/datafile/seiseki/report/2013/2013-1chukyo1.pdf,official_daily_result_pdf
201307010111,2013,中京,1,1,11,2013-01-19,https://www.jra.go.jp/datafile/seiseki/report/2013/2013-1chukyo1.pdf,official_daily_result_pdf
201307010112,2013,中京,1,1,12,2013-01-19,https://www.jra.go.jp/datafile/seiseki/report/2013/2013-1chukyo1.pdf,official_daily_result_pdf
201307010201,2013,中京,1,2,1,2013-01-20,https://www.jra.go.jp/datafile/seiseki/report/2013/2013-1chukyo2.pdf,official_daily_result_pdf
201307010202,2013,中京,1,2,2,2013-01-20,https://www.jra.go.jp/datafile/seiseki/report/2013/2013-1chukyo2.pdf,official_daily_result_pdf
201307010203,2013,中京,1,2,3,2013-01-20,https://www.jra.go.jp/datafile/seiseki/report/2013/2013-1chukyo2.pdf,official_daily_result_pdf
201307010204,2013,中京,1,2,4,2013-01-20,https://www.jra.go.jp/datafile/seiseki/report/2013/2013-1chukyo2.pdf,official_daily_result_pdf
201307010205,2013,中京,1,2,5,2013-01-20,https://www.jra.go.jp/datafile/seiseki/report/2013/2013-1chukyo2.pdf,official_daily_result_pdf
201307010206,2013,中京,1,2,6,2013-01-20,https://www.jra.go.jp/datafile/seiseki/report/2013/2013-1chukyo2.pdf,official_daily_result_pdf
201307010207,2013,中京,1,2,7,2013-01-20,https://www.jra.go.jp/datafile/seiseki/report/2013/2013-1chukyo2.pdf,official_daily_result_pdf
201307010208,2013,中京,1,2,8,2013-01-20,https://www.jra.go.jp/datafile/seiseki/report/2013/2013-1chukyo2.pdf,official_daily_result_pdf
201307010209,2013,中京,1,2,9,2013-01-20,https://www.jra.go.jp/datafile/seiseki/report/2013/2013-1chukyo2.pdf,official_daily_result_pdf
201307010210,2013,中京,1,2,10,2013-01-20,https://www.jra.go.jp/datafile/seiseki/report/2013/2013-1chukyo2.pdf,official_daily_result_pdf
201307010211,2013,中京,1,2,11,2013-01-20,https://www.jra.go.jp/datafile/seiseki/report/2013/2013-1chukyo2.pdf,official_daily_result_pdf
201307010212,2013,中京,1,2,12,2013-01-20,https://www.jra.go.jp/datafile/seiseki/report/2013/2013-1chukyo2.pdf,official_daily_result_pdf
201307010301,2013,中京,1,3,1,2013-01-26,https://www.jra.go.jp/datafile/seiseki/report/2013/2013-1chukyo3.pdf,official_daily_result_pdf
201307010302,2013,中京,1,3,2,2013-01-26,https://www.jra.go.jp/datafile/seiseki/report/2013/2013-1chukyo3.pdf,official_daily_result_pdf
201307010303,2013,中京,1,3,3,2013-01-26,https://www.jra.go.jp/datafile/seiseki/report/2013/2013-1chukyo3.pdf,official_daily_result_pdf
201307010304,2013,中京,1,3,4,2013-01-26,https://www.jra.go.jp/datafile/seiseki/report/2013/2013-1chukyo3.pdf,official_daily_result_pdf
201307010305,2013,中京,1,3,5,2013-01-26,https://www.jra.go.jp/datafile/seiseki/report/2013/2013-1chukyo3.pdf,official_daily_result_pdf
201307010306,2013,中京,1,3,6,2013-01-26,https://www.jra.go.jp/datafile/seiseki/report/2013/2013-1chukyo3.pdf,official_daily_result_pdf
201307010307,2013,中京,1,3,7,2013-01-26,https://www.jra.go.jp/datafile/seiseki/report/2013/2013-1chukyo3.pdf,official_daily_result_pdf
201307010308,2013,中京,1,3,8,2013-01-26,https://www.jra.go.jp/datafile/seiseki/report/2013/2013-1chukyo3.pdf,official_daily_result_pdf
201307010309,2013,中京,1,3,9,2013-01-26,https://www.jra.go.jp/datafile/seiseki/report/2013/2013-1chukyo3.pdf,official_daily_result_pdf
201307010310,2013,中京,1,3,10,2013-01-26,https://www.jra.go.jp/datafile/seiseki/report/2013/2013-1chukyo3.pdf,official_daily_result_pdf
201307010311,2013,中京,1,3,11,2013-01-26,https://www.jra.go.jp/datafile/seiseki/report/2013/2013-1chukyo3.pdf,official_daily_result_pdf
201307010312,2013,中京,1,3,12,2013-01-26,https://www.jra.go.jp/datafile/seiseki/report/2013/2013-1chukyo3.pdf,official_daily_result_pdf
201307010401,2013,中京,1,4,1,2013-01-27,https://www.jra.go.jp/datafile/seiseki/report/2013/2013-1chukyo4.pdf,official_daily_result_pdf
201307010402,2013,中京,1,4,2,2013-01-27,https://www.jra.go.jp/datafile/seiseki/report/2013/2013-1chukyo4.pdf,official_daily_result_pdf
201307010403,2013,中京,1,4,3,2013-01-27,https://www.jra.go.jp/datafile/seiseki/report/2013/2013-1chukyo4.pdf,official_daily_result_pdf
201307010404,2013,中京,1,4,4,2013-01-27,https://www.jra.go.jp/datafile/seiseki/report/2013/2013-1chukyo4.pdf,official_daily_result_pdf
201307010405,2013,中京,1,4,5,2013-01-27,https://www.jra.go.jp/datafile/seiseki/report/2013/2013-1chukyo4.pdf,official_daily_result_pdf
201307010406,2013,中京,1,4,6,2013-01-27,https://www.jra.go.jp/datafile/seiseki/report/2013/2013-1chukyo4.pdf,official_daily_result_pdf
201307010407,2013,中京,1,4,7,2013-01-27,https://www.jra.go.jp/datafile/seiseki/report/2013/2013-1chukyo4.pdf,official_daily_result_pdf
201307010408,2013,中京,1,4,8,2013-01-27,https://www.jra.go.jp/datafile/seiseki/report/2013/2013-1chukyo4.pdf,official_daily_result_pdf
201307010409,2013,中京,1,4,9,2013-01-27,https://www.jra.go.jp/datafile/seiseki/report/2013/2013-1chukyo4.pdf,official_daily_result_pdf
201307010410,2013,中京,1,4,10,2013-01-27,https://www.jra.go.jp/datafile/seiseki/report/2013/2013-1chukyo4.pdf,official_daily_result_pdf
201307010411,2013,中京,1,4,11,2013-01-27,https://www.jra.go.jp/datafile/seiseki/report/2013/2013-1chukyo4.pdf,official_daily_result_pdf
201307010412,2013,中京,1,4,12,2013-01-27,https://www.jra.go.jp/datafile/seiseki/report/2013/2013-1chukyo4.pdf,official_daily_result_pdf
201307010501,2013,中京,1,5,1,2013-02-02,https://www.jra.go.jp/datafile/seiseki/report/2013/2013-1chukyo5.pdf,official_daily_result_pdf
201307010502,2013,中京,1,5,2,2013-02-02,https://www.jra.go.jp/datafile/seiseki/report/2013/2013-1chukyo5.pdf,official_daily_result_pdf
201307010503,2013,中京,1,5,3,2013-02-02,https://www.jra.go.jp/datafile/seiseki/report/2013/2013-1chukyo5.pdf,official_daily_result_pdf
201307010504,2013,中京,1,5,4,2013-02-02,https://www.jra.go.jp/datafile/seiseki/report/2013/2013-1chukyo5.pdf,official_daily_result_pdf
201307010505,2013,中京,1,5,5,2013-02-02,https://www.jra.go.jp/datafile/seiseki/report/2013/2013-1chukyo5.pdf,official_daily_result_pdf
201307010506,2013,中京,1,5,6,2013-02-02,https://www.jra.go.jp/datafile/seiseki/report/2013/2013-1chukyo5.pdf,official_daily_result_pdf
201307010507,2013,中京,1,5,7,2013-02-02,https://www.jra.go.jp/datafile/seiseki/report/2013/2013-1chukyo5.pdf,official_daily_result_pdf
201307010508,2013,中京,1,5,8,2013-02-02,https://www.jra.go.jp/datafile/seiseki/report/2013/2013-1chukyo5.pdf,official_daily_result_pdf
201307010509,2013,中京,1,5,9,2013-02-02,https://www.jra.go.jp/datafile/seiseki/report/2013/2013-1chukyo5.pdf,official_daily_result_pdf
201307010510,2013,中京,1,5,10,2013-02-02,https://www.jra.go.jp/datafile/seiseki/report/2013/2013-1chukyo5.pdf,official_daily_result_pdf
201307010511,2013,中京,1,5,11,2013-02-02,https://www.jra.go.jp/datafile/seiseki/report/2013/2013-1chukyo5.pdf,official_daily_result_pdf
201307010512,2013,中京,1,5,12,2013-02-02,https://www.jra.go.jp/datafile/seiseki/report/2013/2013-1chukyo5.pdf,official_daily_result_pdf
201307010601,2013,中京,1,6,1,2013-02-03,https://www.jra.go.jp/datafile/seiseki/report/2013/2013-1chukyo6.pdf,official_daily_result_pdf
201307010602,2013,中京,1,6,2,2013-02-03,https://www.jra.go.jp/datafile/seiseki/report/2013/2013-1chukyo6.pdf,official_daily_result_pdf
201307010603,2013,中京,1,6,3,2013-02-03,https://www.jra.go.jp/datafile/seiseki/report/2013/2013-1chukyo6.pdf,official_daily_result_pdf
201307010604,2013,中京,1,6,4,2013-02-03,https://www.jra.go.jp/datafile/seiseki/report/2013/2013-1chukyo6.pdf,official_daily_result_pdf
201307010605,2013,中京,1,6,5,2013-02-03,https://www.jra.go.jp/datafile/seiseki/report/2013/2013-1chukyo6.pdf,official_daily_result_pdf
201307010606,2013,中京,1,6,6,2013-02-03,https://www.jra.go.jp/datafile/seiseki/report/2013/2013-1chukyo6.pdf,official_daily_result_pdf
201307010607,2013,中京,1,6,7,2013-02-03,https://www.jra.go.jp/datafile/seiseki/report/2013/2013-1chukyo6.pdf,official_daily_result_pdf
201307010608,2013,中京,1,6,8,2013-02-03,https://www.jra.go.jp/datafile/seiseki/report/2013/2013-1chukyo6.pdf,official_daily_result_pdf
201307010609,2013,中京,1,6,9,2013-02-03,https://www.jra.go.jp/datafile/seiseki/report/2013/2013-1chukyo6.pdf,official_daily_result_pdf
201307010610,2013,中京,1,6,10,2013-02-03,https://www.jra.go.jp/datafile/seiseki/report/2013/2013-1chukyo6.pdf,official_daily_result_pdf
201307010611,2013,中京,1,6,11,2013-02-03,https://www.jra.go.jp/datafile/seiseki/report/2013/2013-1chukyo6.pdf,official_daily_result_pdf
201307010612,2013,中京,1,6,12,2013-02-03,https://www.jra.go.jp/datafile/seiseki/report/2013/2013-1chukyo6.pdf,official_daily_result_pdf
201307020101,2013,中京,2,1,1,2013-03-09,https://www.jra.go.jp/datafile/seiseki/report/2013/2013-2chukyo1.pdf,official_daily_result_pdf
201307020102,2013,中京,2,1,2,2013-03-09,https://www.jra.go.jp/datafile/seiseki/report/2013/2013-2chukyo1.pdf,official_daily_result_pdf
201307020103,2013,中京,2,1,3,2013-03-09,https://www.jra.go.jp/datafile/seiseki/report/2013/2013-2chukyo1.pdf,official_daily_result_pdf
201307020104,2013,中京,2,1,4,2013-03-09,https://www.jra.go.jp/datafile/seiseki/report/2013/2013-2chukyo1.pdf,official_daily_result_pdf
201307020105,2013,中京,2,1,5,2013-03-09,https://www.jra.go.jp/datafile/seiseki/report/2013/2013-2chukyo1.pdf,official_daily_result_pdf
201307020106,2013,中京,2,1,6,2013-03-09,https://www.jra.go.jp/datafile/seiseki/report/2013/2013-2chukyo1.pdf,official_daily_result_pdf
201307020107,2013,中京,2,1,7,2013-03-09,https://www.jra.go.jp/datafile/seiseki/report/2013/2013-2chukyo1.pdf,official_daily_result_pdf
201307020108,2013,中京,2,1,8,2013-03-09,https://www.jra.go.jp/datafile/seiseki/report/2013/2013-2chukyo1.pdf,official_daily_result_pdf
201307020109,2013,中京,2,1,9,2013-03-09,https://www.jra.go.jp/datafile/seiseki/report/2013/2013-2chukyo1.pdf,official_daily_result_pdf
201307020110,2013,中京,2,1,10,2013-03-09,https://www.jra.go.jp/datafile/seiseki/report/2013/2013-2chukyo1.pdf,official_daily_result_pdf
201307020111,2013,中京,2,1,11,2013-03-09,https://www.jra.go.jp/datafile/seiseki/report/2013/2013-2chukyo1.pdf,official_daily_result_pdf
201307020112,2013,中京,2,1,12,2013-03-09,https://www.jra.go.jp/datafile/seiseki/report/2013/2013-2chukyo1.pdf,official_daily_result_pdf
201307020201,2013,中京,2,2,1,2013-03-10,https://www.jra.go.jp/datafile/seiseki/report/2013/2013-2chukyo2.pdf,official_daily_result_pdf
201307020202,2013,中京,2,2,2,2013-03-10,https://www.jra.go.jp/datafile/seiseki/report/2013/2013-2chukyo2.pdf,official_daily_result_pdf
201307020203,2013,中京,2,2,3,2013-03-10,https://www.jra.go.jp/datafile/seiseki/report/2013/2013-2chukyo2.pdf,official_daily_result_pdf
201307020204,2013,中京,2,2,4,2013-03-10,https://www.jra.go.jp/datafile/seiseki/report/2013/2013-2chukyo2.pdf,official_daily_result_pdf
201307020205,2013,中京,2,2,5,2013-03-10,https://www.jra.go.jp/datafile/seiseki/report/2013/2013-2chukyo2.pdf,official_daily_result_pdf
201307020206,2013,中京,2,2,6,2013-03-10,https://www.jra.go.jp/datafile/seiseki/report/2013/2013-2chukyo2.pdf,official_daily_result_pdf
201307020207,2013,中京,2,2,7,2013-03-10,https://www.jra.go.jp/datafile/seiseki/report/2013/2013-2chukyo2.pdf,official_daily_result_pdf
201307020208,2013,中京,2,2,8,2013-03-10,https://www.jra.go.jp/datafile/seiseki/report/2013/2013-2chukyo2.pdf,official_daily_result_pdf
201307020209,2013,中京,2,2,9,2013-03-10,https://www.jra.go.jp/datafile/seiseki/report/2013/2013-2chukyo2.pdf,official_daily_result_pdf
201307020210,2013,中京,2,2,10,2013-03-10,https://www.jra.go.jp/datafile/seiseki/report/2013/2013-2chukyo2.pdf,official_daily_result_pdf
201307020211,2013,中京,2,2,11,2013-03-10,https://www.jra.go.jp/datafile/seiseki/report/2013/2013-2chukyo2.pdf,official_daily_result_pdf
201307020212,2013,中京,2,2,12,2013-03-10,https://www.jra.go.jp/datafile/seiseki/report/2013/2013-2chukyo2.pdf,official_daily_result_pdf
201307020301,2013,中京,2,3,1,2013-03-16,https://www.jra.go.jp/datafile/seiseki/report/2013/2013-2chukyo3.pdf,official_daily_result_pdf
201307020302,2013,中京,2,3,2,2013-03-16,https://www.jra.go.jp/datafile/seiseki/report/2013/2013-2chukyo3.pdf,official_daily_result_pdf
201307020303,2013,中京,2,3,3,2013-03-16,https://www.jra.go.jp/datafile/seiseki/report/2013/2013-2chukyo3.pdf,official_daily_result_pdf
201307020304,2013,中京,2,3,4,2013-03-16,https://www.jra.go.jp/datafile/seiseki/report/2013/2013-2chukyo3.pdf,official_daily_result_pdf
201307020305,2013,中京,2,3,5,2013-03-16,https://www.jra.go.jp/datafile/seiseki/report/2013/2013-2chukyo3.pdf,official_daily_result_pdf
201307020306,2013,中京,2,3,6,2013-03-16,https://www.jra.go.jp/datafile/seiseki/report/2013/2013-2chukyo3.pdf,official_daily_result_pdf
201307020307,2013,中京,2,3,7,2013-03-16,https://www.jra.go.jp/datafile/seiseki/report/2013/2013-2chukyo3.pdf,official_daily_result_pdf
201307020308,2013,中京,2,3,8,2013-03-16,https://www.jra.go.jp/datafile/seiseki/report/2013/2013-2chukyo3.pdf,official_daily_result_pdf
201307020309,2013,中京,2,3,9,2013-03-16,https://www.jra.go.jp/datafile/seiseki/report/2013/2013-2chukyo3.pdf,official_daily_result_pdf
201307020310,2013,中京,2,3,10,2013-03-16,https://www.jra.go.jp/datafile/seiseki/report/2013/2013-2chukyo3.pdf,official_daily_result_pdf
201307020311,2013,中京,2,3,11,2013-03-16,https://www.jra.go.jp/datafile/seiseki/report/2013/2013-2chukyo3.pdf,official_daily_result_pdf
201307020312,2013,中京,2,3,12,2013-03-16,https://www.jra.go.jp/datafile/seiseki/report/2013/2013-2chukyo3.pdf,official_daily_result_pdf
201307020401,2013,中京,2,4,1,2013-03-17,https://www.jra.go.jp/datafile/seiseki/report/2013/2013-2chukyo4.pdf,official_daily_result_pdf
201307020402,2013,中京,2,4,2,2013-03-17,https://www.jra.go.jp/datafile/seiseki/report/2013/2013-2chukyo4.pdf,official_daily_result_pdf
201307020403,2013,中京,2,4,3,2013-03-17,https://www.jra.go.jp/datafile/seiseki/report/2013/2013-2chukyo4.pdf,official_daily_result_pdf
201307020404,2013,中京,2,4,4,2013-03-17,https://www.jra.go.jp/datafile/seiseki/report/2013/2013-2chukyo4.pdf,official_daily_result_pdf
201307020405,2013,中京,2,4,5,2013-03-17,https://www.jra.go.jp/datafile/seiseki/report/2013/2013-2chukyo4.pdf,official_daily_result_pdf
201307020406,2013,中京,2,4,6,2013-03-17,https://www.jra.go.jp/datafile/seiseki/report/2013/2013-2chukyo4.pdf,official_daily_result_pdf
201307020407,2013,中京,2,4,7,2013-03-17,https://www.jra.go.jp/datafile/seiseki/report/2013/2013-2chukyo4.pdf,official_daily_result_pdf
201307020408,2013,中京,2,4,8,2013-03-17,https://www.jra.go.jp/datafile/seiseki/report/2013/2013-2chukyo4.pdf,official_daily_result_pdf
201307020409,2013,中京,2,4,9,2013-03-17,https://www.jra.go.jp/datafile/seiseki/report/2013/2013-2chukyo4.pdf,official_daily_result_pdf
201307020410,2013,中京,2,4,10,2013-03-17,https://www.jra.go.jp/datafile/seiseki/report/2013/2013-2chukyo4.pdf,official_daily_result_pdf
201307020411,2013,中京,2,4,11,2013-03-17,https://www.jra.go.jp/datafile/seiseki/report/2013/2013-2chukyo4.pdf,official_daily_result_pdf
201307020412,2013,中京,2,4,12,2013-03-17,https://www.jra.go.jp/datafile/seiseki/report/2013/2013-2chukyo4.pdf,official_daily_result_pdf
201307020501,2013,中京,2,5,1,2013-03-23,https://www.jra.go.jp/datafile/seiseki/report/2013/2013-2chukyo5.pdf,official_daily_result_pdf
201307020502,2013,中京,2,5,2,2013-03-23,https://www.jra.go.jp/datafile/seiseki/report/2013/2013-2chukyo5.pdf,official_daily_result_pdf
201307020503,2013,中京,2,5,3,2013-03-23,https://www.jra.go.jp/datafile/seiseki/report/2013/2013-2chukyo5.pdf,official_daily_result_pdf
201307020504,2013,中京,2,5,4,2013-03-23,https://www.jra.go.jp/datafile/seiseki/report/2013/2013-2chukyo5.pdf,official_daily_result_pdf
201307020505,2013,中京,2,5,5,2013-03-23,https://www.jra.go.jp/datafile/seiseki/report/2013/2013-2chukyo5.pdf,official_daily_result_pdf
201307020506,2013,中京,2,5,6,2013-03-23,https://www.jra.go.jp/datafile/seiseki/report/2013/2013-2chukyo5.pdf,official_daily_result_pdf
201307020507,2013,中京,2,5,7,2013-03-23,https://www.jra.go.jp/datafile/seiseki/report/2013/2013-2chukyo5.pdf,official_daily_result_pdf
201307020508,2013,中京,2,5,8,2013-03-23,https://www.jra.go.jp/datafile/seiseki/report/2013/2013-2chukyo5.pdf,official_daily_result_pdf
201307020509,2013,中京,2,5,9,2013-03-23,https://www.jra.go.jp/datafile/seiseki/report/2013/2013-2chukyo5.pdf,official_daily_result_pdf
201307020510,2013,中京,2,5,10,2013-03-23,https://www.jra.go.jp/datafile/seiseki/report/2013/2013-2chukyo5.pdf,official_daily_result_pdf
201307020511,2013,中京,2,5,11,2013-03-23,https://www.jra.go.jp/datafile/seiseki/report/2013/2013-2chukyo5.pdf,official_daily_result_pdf
201307020512,2013,中京,2,5,12,2013-03-23,https://www.jra.go.jp/datafile/seiseki/report/2013/2013-2chukyo5.pdf,official_daily_result_pdf
201307020601,2013,中京,2,6,1,2013-03-24,https://www.jra.go.jp/datafile/seiseki/report/2013/2013-2chukyo6.pdf,official_daily_result_pdf
201307020602,2013,中京,2,6,2,2013-03-24,https://www.jra.go.jp/datafile/seiseki/report/2013/2013-2chukyo6.pdf,official_daily_result_pdf
201307020603,2013,中京,2,6,3,2013-03-24,https://www.jra.go.jp/datafile/seiseki/report/2013/2013-2chukyo6.pdf,official_daily_result_pdf
201307020604,2013,中京,2,6,4,2013-03-24,https://www.jra.go.jp/datafile/seiseki/report/2013/2013-2chukyo6.pdf,official_daily_result_pdf
201307020605,2013,中京,2,6,5,2013-03-24,https://www.jra.go.jp/datafile/seiseki/report/2013/2013-2chukyo6.pdf,official_daily_result_pdf
201307020606,2013,中京,2,6,6,2013-03-24,https://www.jra.go.jp/datafile/seiseki/report/2013/2013-2chukyo6.pdf,official_daily_result_pdf
201307020607,2013,中京,2,6,7,2013-03-24,https://www.jra.go.jp/datafile/seiseki/report/2013/2013-2chukyo6.pdf,official_daily_result_pdf
201307020608,2013,中京,2,6,8,2013-03-24,https://www.jra.go.jp/datafile/seiseki/report/2013/2013-2chukyo6.pdf,official_daily_result_pdf
201307020609,2013,中京,2,6,9,2013-03-24,https://www.jra.go.jp/datafile/seiseki/report/2013/2013-2chukyo6.pdf,official_daily_result_pdf
201307020610,2013,中京,2,6,10,2013-03-24,https://www.jra.go.jp/datafile/seiseki/report/2013/2013-2chukyo6.pdf,official_daily_result_pdf
201307020611,2013,中京,2,6,11,2013-03-24,https://www.jra.go.jp/datafile/seiseki/report/2013/2013-2chukyo6.pdf,official_daily_result_pdf
201307020612,2013,中京,2,6,12,2013-03-24,https://www.jra.go.jp/datafile/seiseki/report/2013/2013-2chukyo6.pdf,official_daily_result_pdf
201307030101,2013,中京,3,1,1,2013-06-29,https://www.jra.go.jp/datafile/seiseki/report/2013/2013-3chukyo1.pdf,official_daily_result_pdf
201307030102,2013,中京,3,1,2,2013-06-29,https://www.jra.go.jp/datafile/seiseki/report/2013/2013-3chukyo1.pdf,official_daily_result_pdf
201307030103,2013,中京,3,1,3,2013-06-29,https://www.jra.go.jp/datafile/seiseki/report/2013/2013-3chukyo1.pdf,official_daily_result_pdf
201307030104,2013,中京,3,1,4,2013-06-29,https://www.jra.go.jp/datafile/seiseki/report/2013/2013-3chukyo1.pdf,official_daily_result_pdf
201307030105,2013,中京,3,1,5,2013-06-29,https://www.jra.go.jp/datafile/seiseki/report/2013/2013-3chukyo1.pdf,official_daily_result_pdf
201307030106,2013,中京,3,1,6,2013-06-29,https://www.jra.go.jp/datafile/seiseki/report/2013/2013-3chukyo1.pdf,official_daily_result_pdf
201307030107,2013,中京,3,1,7,2013-06-29,https://www.jra.go.jp/datafile/seiseki/report/2013/2013-3chukyo1.pdf,official_daily_result_pdf
201307030108,2013,中京,3,1,8,2013-06-29,https://www.jra.go.jp/datafile/seiseki/report/2013/2013-3chukyo1.pdf,official_daily_result_pdf
201307030109,2013,中京,3,1,9,2013-06-29,https://www.jra.go.jp/datafile/seiseki/report/2013/2013-3chukyo1.pdf,official_daily_result_pdf
201307030110,2013,中京,3,1,10,2013-06-29,https://www.jra.go.jp/datafile/seiseki/report/2013/2013-3chukyo1.pdf,official_daily_result_pdf
201307030111,2013,中京,3,1,11,2013-06-29,https://www.jra.go.jp/datafile/seiseki/report/2013/2013-3chukyo1.pdf,official_daily_result_pdf
201307030112,2013,中京,3,1,12,2013-06-29,https://www.jra.go.jp/datafile/seiseki/report/2013/2013-3chukyo1.pdf,official_daily_result_pdf
201307030201,2013,中京,3,2,1,2013-06-30,https://www.jra.go.jp/datafile/seiseki/report/2013/2013-3chukyo2.pdf,official_daily_result_pdf
201307030202,2013,中京,3,2,2,2013-06-30,https://www.jra.go.jp/datafile/seiseki/report/2013/2013-3chukyo2.pdf,official_daily_result_pdf
201307030203,2013,中京,3,2,3,2013-06-30,https://www.jra.go.jp/datafile/seiseki/report/2013/2013-3chukyo2.pdf,official_daily_result_pdf
201307030204,2013,中京,3,2,4,2013-06-30,https://www.jra.go.jp/datafile/seiseki/report/2013/2013-3chukyo2.pdf,official_daily_result_pdf
201307030205,2013,中京,3,2,5,2013-06-30,https://www.jra.go.jp/datafile/seiseki/report/2013/2013-3chukyo2.pdf,official_daily_result_pdf
201307030206,2013,中京,3,2,6,2013-06-30,https://www.jra.go.jp/datafile/seiseki/report/2013/2013-3chukyo2.pdf,official_daily_result_pdf
201307030207,2013,中京,3,2,7,2013-06-30,https://www.jra.go.jp/datafile/seiseki/report/2013/2013-3chukyo2.pdf,official_daily_result_pdf
201307030208,2013,中京,3,2,8,2013-06-30,https://www.jra.go.jp/datafile/seiseki/report/2013/2013-3chukyo2.pdf,official_daily_result_pdf
201307030209,2013,中京,3,2,9,2013-06-30,https://www.jra.go.jp/datafile/seiseki/report/2013/2013-3chukyo2.pdf,official_daily_result_pdf
201307030210,2013,中京,3,2,10,2013-06-30,https://www.jra.go.jp/datafile/seiseki/report/2013/2013-3chukyo2.pdf,official_daily_result_pdf
201307030211,2013,中京,3,2,11,2013-06-30,https://www.jra.go.jp/datafile/seiseki/report/2013/2013-3chukyo2.pdf,official_daily_result_pdf
201307030212,2013,中京,3,2,12,2013-06-30,https://www.jra.go.jp/datafile/seiseki/report/2013/2013-3chukyo2.pdf,official_daily_result_pdf
201307030301,2013,中京,3,3,1,2013-07-06,https://www.jra.go.jp/datafile/seiseki/report/2013/2013-3chukyo3.pdf,official_daily_result_pdf
201307030302,2013,中京,3,3,2,2013-07-06,https://www.jra.go.jp/datafile/seiseki/report/2013/2013-3chukyo3.pdf,official_daily_result_pdf
201307030303,2013,中京,3,3,3,2013-07-06,https://www.jra.go.jp/datafile/seiseki/report/2013/2013-3chukyo3.pdf,official_daily_result_pdf
201307030304,2013,中京,3,3,4,2013-07-06,https://www.jra.go.jp/datafile/seiseki/report/2013/2013-3chukyo3.pdf,official_daily_result_pdf
201307030305,2013,中京,3,3,5,2013-07-06,https://www.jra.go.jp/datafile/seiseki/report/2013/2013-3chukyo3.pdf,official_daily_result_pdf
201307030306,2013,中京,3,3,6,2013-07-06,https://www.jra.go.jp/datafile/seiseki/report/2013/2013-3chukyo3.pdf,official_daily_result_pdf
201307030307,2013,中京,3,3,7,2013-07-06,https://www.jra.go.jp/datafile/seiseki/report/2013/2013-3chukyo3.pdf,official_daily_result_pdf
201307030308,2013,中京,3,3,8,2013-07-06,https://www.jra.go.jp/datafile/seiseki/report/2013/2013-3chukyo3.pdf,official_daily_result_pdf
201307030309,2013,中京,3,3,9,2013-07-06,https://www.jra.go.jp/datafile/seiseki/report/2013/2013-3chukyo3.pdf,official_daily_result_pdf
201307030310,2013,中京,3,3,10,2013-07-06,https://www.jra.go.jp/datafile/seiseki/report/2013/2013-3chukyo3.pdf,official_daily_result_pdf
201307030311,2013,中京,3,3,11,2013-07-06,https://www.jra.go.jp/datafile/seiseki/report/2013/2013-3chukyo3.pdf,official_daily_result_pdf
201307030312,2013,中京,3,3,12,2013-07-06,https://www.jra.go.jp/datafile/seiseki/report/2013/2013-3chukyo3.pdf,official_daily_result_pdf
201307030401,2013,中京,3,4,1,2013-07-07,https://www.jra.go.jp/datafile/seiseki/report/2013/2013-3chukyo4.pdf,official_daily_result_pdf
201307030402,2013,中京,3,4,2,2013-07-07,https://www.jra.go.jp/datafile/seiseki/report/2013/2013-3chukyo4.pdf,official_daily_result_pdf
201307030403,2013,中京,3,4,3,2013-07-07,https://www.jra.go.jp/datafile/seiseki/report/2013/2013-3chukyo4.pdf,official_daily_result_pdf
201307030404,2013,中京,3,4,4,2013-07-07,https://www.jra.go.jp/datafile/seiseki/report/2013/2013-3chukyo4.pdf,official_daily_result_pdf
201307030405,2013,中京,3,4,5,2013-07-07,https://www.jra.go.jp/datafile/seiseki/report/2013/2013-3chukyo4.pdf,official_daily_result_pdf
201307030406,2013,中京,3,4,6,2013-07-07,https://www.jra.go.jp/datafile/seiseki/report/2013/2013-3chukyo4.pdf,official_daily_result_pdf
201307030407,2013,中京,3,4,7,2013-07-07,https://www.jra.go.jp/datafile/seiseki/report/2013/2013-3chukyo4.pdf,official_daily_result_pdf
201307030408,2013,中京,3,4,8,2013-07-07,https://www.jra.go.jp/datafile/seiseki/report/2013/2013-3chukyo4.pdf,official_daily_result_pdf
201307030409,2013,中京,3,4,9,2013-07-07,https://www.jra.go.jp/datafile/seiseki/report/2013/2013-3chukyo4.pdf,official_daily_result_pdf
201307030410,2013,中京,3,4,10,2013-07-07,https://www.jra.go.jp/datafile/seiseki/report/2013/2013-3chukyo4.pdf,official_daily_result_pdf
201307030411,2013,中京,3,4,11,2013-07-07,https://www.jra.go.jp/datafile/seiseki/report/2013/2013-3chukyo4.pdf,official_daily_result_pdf
201307030412,2013,中京,3,4,12,2013-07-07,https://www.jra.go.jp/datafile/seiseki/report/2013/2013-3chukyo4.pdf,official_daily_result_pdf
201307030501,2013,中京,3,5,1,2013-07-13,https://www.jra.go.jp/datafile/seiseki/report/2013/2013-3chukyo5.pdf,official_daily_result_pdf
201307030502,2013,中京,3,5,2,2013-07-13,https://www.jra.go.jp/datafile/seiseki/report/2013/2013-3chukyo5.pdf,official_daily_result_pdf
201307030503,2013,中京,3,5,3,2013-07-13,https://www.jra.go.jp/datafile/seiseki/report/2013/2013-3chukyo5.pdf,official_daily_result_pdf
201307030504,2013,中京,3,5,4,2013-07-13,https://www.jra.go.jp/datafile/seiseki/report/2013/2013-3chukyo5.pdf,official_daily_result_pdf
201307030505,2013,中京,3,5,5,2013-07-13,https://www.jra.go.jp/datafile/seiseki/report/2013/2013-3chukyo5.pdf,official_daily_result_pdf
201307030506,2013,中京,3,5,6,2013-07-13,https://www.jra.go.jp/datafile/seiseki/report/2013/2013-3chukyo5.pdf,official_daily_result_pdf
201307030507,2013,中京,3,5,7,2013-07-13,https://www.jra.go.jp/datafile/seiseki/report/2013/2013-3chukyo5.pdf,official_daily_result_pdf
201307030508,2013,中京,3,5,8,2013-07-13,https://www.jra.go.jp/datafile/seiseki/report/2013/2013-3chukyo5.pdf,official_daily_result_pdf
201307030509,2013,中京,3,5,9,2013-07-13,https://www.jra.go.jp/datafile/seiseki/report/2013/2013-3chukyo5.pdf,official_daily_result_pdf
201307030510,2013,中京,3,5,10,2013-07-13,https://www.jra.go.jp/datafile/seiseki/report/2013/2013-3chukyo5.pdf,official_daily_result_pdf
201307030511,2013,中京,3,5,11,2013-07-13,https://www.jra.go.jp/datafile/seiseki/report/2013/2013-3chukyo5.pdf,official_daily_result_pdf
201307030512,2013,中京,3,5,12,2013-07-13,https://www.jra.go.jp/datafile/seiseki/report/2013/2013-3chukyo5.pdf,official_daily_result_pdf
201307030601,2013,中京,3,6,1,2013-07-14,https://www.jra.go.jp/datafile/seiseki/report/2013/2013-3chukyo6.pdf,official_daily_result_pdf
201307030602,2013,中京,3,6,2,2013-07-14,https://www.jra.go.jp/datafile/seiseki/report/2013/2013-3chukyo6.pdf,official_daily_result_pdf
201307030603,2013,中京,3,6,3,2013-07-14,https://www.jra.go.jp/datafile/seiseki/report/2013/2013-3chukyo6.pdf,official_daily_result_pdf
201307030604,2013,中京,3,6,4,2013-07-14,https://www.jra.go.jp/datafile/seiseki/report/2013/2013-3chukyo6.pdf,official_daily_result_pdf
201307030605,2013,中京,3,6,5,2013-07-14,https://www.jra.go.jp/datafile/seiseki/report/2013/2013-3chukyo6.pdf,official_daily_result_pdf
201307030606,2013,中京,3,6,6,2013-07-14,https://www.jra.go.jp/datafile/seiseki/report/2013/2013-3chukyo6.pdf,official_daily_result_pdf
201307030607,2013,中京,3,6,7,2013-07-14,https://www.jra.go.jp/datafile/seiseki/report/2013/2013-3chukyo6.pdf,official_daily_result_pdf
201307030608,2013,中京,3,6,8,2013-07-14,https://www.jra.go.jp/datafile/seiseki/report/2013/2013-3chukyo6.pdf,official_daily_result_pdf
201307030609,2013,中京,3,6,9,2013-07-14,https://www.jra.go.jp/datafile/seiseki/report/2013/2013-3chukyo6.pdf,official_daily_result_pdf
201307030610,2013,中京,3,6,10,2013-07-14,https://www.jra.go.jp/datafile/seiseki/report/2013/2013-3chukyo6.pdf,official_daily_result_pdf
201307030611,2013,中京,3,6,11,2013-07-14,https://www.jra.go.jp/datafile/seiseki/report/2013/2013-3chukyo6.pdf,official_daily_result_pdf
201307030612,2013,中京,3,6,12,2013-07-14,https://www.jra.go.jp/datafile/seiseki/report/2013/2013-3chukyo6.pdf,official_daily_result_pdf
201307030701,2013,中京,3,7,1,2013-07-20,https://www.jra.go.jp/datafile/seiseki/report/2013/2013-3chukyo7.pdf,official_daily_result_pdf
201307030702,2013,中京,3,7,2,2013-07-20,https://www.jra.go.jp/datafile/seiseki/report/2013/2013-3chukyo7.pdf,official_daily_result_pdf
201307030703,2013,中京,3,7,3,2013-07-20,https://www.jra.go.jp/datafile/seiseki/report/2013/2013-3chukyo7.pdf,official_daily_result_pdf
201307030704,2013,中京,3,7,4,2013-07-20,https://www.jra.go.jp/datafile/seiseki/report/2013/2013-3chukyo7.pdf,official_daily_result_pdf
201307030705,2013,中京,3,7,5,2013-07-20,https://www.jra.go.jp/datafile/seiseki/report/2013/2013-3chukyo7.pdf,official_daily_result_pdf
201307030706,2013,中京,3,7,6,2013-07-20,https://www.jra.go.jp/datafile/seiseki/report/2013/2013-3chukyo7.pdf,official_daily_result_pdf
201307030707,2013,中京,3,7,7,2013-07-20,https://www.jra.go.jp/datafile/seiseki/report/2013/2013-3chukyo7.pdf,official_daily_result_pdf
201307030708,2013,中京,3,7,8,2013-07-20,https://www.jra.go.jp/datafile/seiseki/report/2013/2013-3chukyo7.pdf,official_daily_result_pdf
201307030709,2013,中京,3,7,9,2013-07-20,https://www.jra.go.jp/datafile/seiseki/report/2013/2013-3chukyo7.pdf,official_daily_result_pdf
201307030710,2013,中京,3,7,10,2013-07-20,https://www.jra.go.jp/datafile/seiseki/report/2013/2013-3chukyo7.pdf,official_daily_result_pdf
201307030711,2013,中京,3,7,11,2013-07-20,https://www.jra.go.jp/datafile/seiseki/report/2013/2013-3chukyo7.pdf,official_daily_result_pdf
201307030712,2013,中京,3,7,12,2013-07-20,https://www.jra.go.jp/datafile/seiseki/report/2013/2013-3chukyo7.pdf,official_daily_result_pdf
201307030801,2013,中京,3,8,1,2013-07-21,https://www.jra.go.jp/datafile/seiseki/report/2013/2013-3chukyo8.pdf,official_daily_result_pdf
201307030802,2013,中京,3,8,2,2013-07-21,https://www.jra.go.jp/datafile/seiseki/report/2013/2013-3chukyo8.pdf,official_daily_result_pdf
201307030803,2013,中京,3,8,3,2013-07-21,https://www.jra.go.jp/datafile/seiseki/report/2013/2013-3chukyo8.pdf,official_daily_result_pdf
201307030804,2013,中京,3,8,4,2013-07-21,https://www.jra.go.jp/datafile/seiseki/report/2013/2013-3chukyo8.pdf,official_daily_result_pdf
201307030805,2013,中京,3,8,5,2013-07-21,https://www.jra.go.jp/datafile/seiseki/report/2013/2013-3chukyo8.pdf,official_daily_result_pdf
201307030806,2013,中京,3,8,6,2013-07-21,https://www.jra.go.jp/datafile/seiseki/report/2013/2013-3chukyo8.pdf,official_daily_result_pdf
201307030807,2013,中京,3,8,7,2013-07-21,https://www.jra.go.jp/datafile/seiseki/report/2013/2013-3chukyo8.pdf,official_daily_result_pdf
201307030808,2013,中京,3,8,8,2013-07-21,https://www.jra.go.jp/datafile/seiseki/report/2013/2013-3chukyo8.pdf,official_daily_result_pdf
201307030809,2013,中京,3,8,9,2013-07-21,https://www.jra.go.jp/datafile/seiseki/report/2013/2013-3chukyo8.pdf,official_daily_result_pdf
201307030810,2013,中京,3,8,10,2013-07-21,https://www.jra.go.jp/datafile/seiseki/report/2013/2013-3chukyo8.pdf,official_daily_result_pdf
201307030811,2013,中京,3,8,11,2013-07-21,https://www.jra.go.jp/datafile/seiseki/report/2013/2013-3chukyo8.pdf,official_daily_result_pdf
201307030812,2013,中京,3,8,12,2013-07-21,https://www.jra.go.jp/datafile/seiseki/report/2013/2013-3chukyo8.pdf,official_daily_result_pdf
201307040101,2013,中京,4,1,1,2013-11-30,https://www.jra.go.jp/datafile/seiseki/report/2013/2013-4chukyo1.pdf,official_daily_result_pdf
201307040102,2013,中京,4,1,2,2013-11-30,https://www.jra.go.jp/datafile/seiseki/report/2013/2013-4chukyo1.pdf,official_daily_result_pdf
201307040103,2013,中京,4,1,3,2013-11-30,https://www.jra.go.jp/datafile/seiseki/report/2013/2013-4chukyo1.pdf,official_daily_result_pdf
201307040104,2013,中京,4,1,4,2013-11-30,https://www.jra.go.jp/datafile/seiseki/report/2013/2013-4chukyo1.pdf,official_daily_result_pdf
201307040105,2013,中京,4,1,5,2013-11-30,https://www.jra.go.jp/datafile/seiseki/report/2013/2013-4chukyo1.pdf,official_daily_result_pdf
201307040106,2013,中京,4,1,6,2013-11-30,https://www.jra.go.jp/datafile/seiseki/report/2013/2013-4chukyo1.pdf,official_daily_result_pdf
201307040107,2013,中京,4,1,7,2013-11-30,https://www.jra.go.jp/datafile/seiseki/report/2013/2013-4chukyo1.pdf,official_daily_result_pdf
201307040108,2013,中京,4,1,8,2013-11-30,https://www.jra.go.jp/datafile/seiseki/report/2013/2013-4chukyo1.pdf,official_daily_result_pdf
201307040109,2013,中京,4,1,9,2013-11-30,https://www.jra.go.jp/datafile/seiseki/report/2013/2013-4chukyo1.pdf,official_daily_result_pdf
201307040110,2013,中京,4,1,10,2013-11-30,https://www.jra.go.jp/datafile/seiseki/report/2013/2013-4chukyo1.pdf,official_daily_result_pdf
201307040111,2013,中京,4,1,11,2013-11-30,https://www.jra.go.jp/datafile/seiseki/report/2013/2013-4chukyo1.pdf,official_daily_result_pdf
201307040112,2013,中京,4,1,12,2013-11-30,https://www.jra.go.jp/datafile/seiseki/report/2013/2013-4chukyo1.pdf,official_daily_result_pdf
201307040201,2013,中京,4,2,1,2013-12-01,https://www.jra.go.jp/datafile/seiseki/report/2013/2013-4chukyo2.pdf,official_daily_result_pdf
201307040202,2013,中京,4,2,2,2013-12-01,https://www.jra.go.jp/datafile/seiseki/report/2013/2013-4chukyo2.pdf,official_daily_result_pdf
201307040203,2013,中京,4,2,3,2013-12-01,https://www.jra.go.jp/datafile/seiseki/report/2013/2013-4chukyo2.pdf,official_daily_result_pdf
201307040204,2013,中京,4,2,4,2013-12-01,https://www.jra.go.jp/datafile/seiseki/report/2013/2013-4chukyo2.pdf,official_daily_result_pdf
201307040205,2013,中京,4,2,5,2013-12-01,https://www.jra.go.jp/datafile/seiseki/report/2013/2013-4chukyo2.pdf,official_daily_result_pdf
201307040206,2013,中京,4,2,6,2013-12-01,https://www.jra.go.jp/datafile/seiseki/report/2013/2013-4chukyo2.pdf,official_daily_result_pdf
201307040207,2013,中京,4,2,7,2013-12-01,https://www.jra.go.jp/datafile/seiseki/report/2013/2013-4chukyo2.pdf,official_daily_result_pdf
201307040208,2013,中京,4,2,8,2013-12-01,https://www.jra.go.jp/datafile/seiseki/report/2013/2013-4chukyo2.pdf,official_daily_result_pdf
201307040209,2013,中京,4,2,9,2013-12-01,https://www.jra.go.jp/datafile/seiseki/report/2013/2013-4chukyo2.pdf,official_daily_result_pdf
201307040210,2013,中京,4,2,10,2013-12-01,https://www.jra.go.jp/datafile/seiseki/report/2013/2013-4chukyo2.pdf,official_daily_result_pdf
201307040211,2013,中京,4,2,11,2013-12-01,https://www.jra.go.jp/datafile/seiseki/report/2013/2013-4chukyo2.pdf,official_daily_result_pdf
201307040212,2013,中京,4,2,12,2013-12-01,https://www.jra.go.jp/datafile/seiseki/report/2013/2013-4chukyo2.pdf,official_daily_result_pdf
201307040301,2013,中京,4,3,1,2013-12-07,https://www.jra.go.jp/datafile/seiseki/report/2013/2013-4chukyo3.pdf,official_daily_result_pdf
201307040302,2013,中京,4,3,2,2013-12-07,https://www.jra.go.jp/datafile/seiseki/report/2013/2013-4chukyo3.pdf,official_daily_result_pdf
201307040303,2013,中京,4,3,3,2013-12-07,https://www.jra.go.jp/datafile/seiseki/report/2013/2013-4chukyo3.pdf,official_daily_result_pdf
201307040304,2013,中京,4,3,4,2013-12-07,https://www.jra.go.jp/datafile/seiseki/report/2013/2013-4chukyo3.pdf,official_daily_result_pdf
201307040305,2013,中京,4,3,5,2013-12-07,https://www.jra.go.jp/datafile/seiseki/report/2013/2013-4chukyo3.pdf,official_daily_result_pdf
201307040306,2013,中京,4,3,6,2013-12-07,https://www.jra.go.jp/datafile/seiseki/report/2013/2013-4chukyo3.pdf,official_daily_result_pdf
201307040307,2013,中京,4,3,7,2013-12-07,https://www.jra.go.jp/datafile/seiseki/report/2013/2013-4chukyo3.pdf,official_daily_result_pdf
201307040308,2013,中京,4,3,8,2013-12-07,https://www.jra.go.jp/datafile/seiseki/report/2013/2013-4chukyo3.pdf,official_daily_result_pdf
201307040309,2013,中京,4,3,9,2013-12-07,https://www.jra.go.jp/datafile/seiseki/report/2013/2013-4chukyo3.pdf,official_daily_result_pdf
201307040310,2013,中京,4,3,10,2013-12-07,https://www.jra.go.jp/datafile/seiseki/report/2013/2013-4chukyo3.pdf,official_daily_result_pdf
201307040311,2013,中京,4,3,11,2013-12-07,https://www.jra.go.jp/datafile/seiseki/report/2013/2013-4chukyo3.pdf,official_daily_result_pdf
201307040312,2013,中京,4,3,12,2013-12-07,https://www.jra.go.jp/datafile/seiseki/report/2013/2013-4chukyo3.pdf,official_daily_result_pdf
201307040401,2013,中京,4,4,1,2013-12-08,https://www.jra.go.jp/datafile/seiseki/report/2013/2013-4chukyo4.pdf,official_daily_result_pdf
201307040402,2013,中京,4,4,2,2013-12-08,https://www.jra.go.jp/datafile/seiseki/report/2013/2013-4chukyo4.pdf,official_daily_result_pdf
201307040403,2013,中京,4,4,3,2013-12-08,https://www.jra.go.jp/datafile/seiseki/report/2013/2013-4chukyo4.pdf,official_daily_result_pdf
201307040404,2013,中京,4,4,4,2013-12-08,https://www.jra.go.jp/datafile/seiseki/report/2013/2013-4chukyo4.pdf,official_daily_result_pdf
201307040405,2013,中京,4,4,5,2013-12-08,https://www.jra.go.jp/datafile/seiseki/report/2013/2013-4chukyo4.pdf,official_daily_result_pdf
201307040406,2013,中京,4,4,6,2013-12-08,https://www.jra.go.jp/datafile/seiseki/report/2013/2013-4chukyo4.pdf,official_daily_result_pdf
201307040407,2013,中京,4,4,7,2013-12-08,https://www.jra.go.jp/datafile/seiseki/report/2013/2013-4chukyo4.pdf,official_daily_result_pdf
201307040408,2013,中京,4,4,8,2013-12-08,https://www.jra.go.jp/datafile/seiseki/report/2013/2013-4chukyo4.pdf,official_daily_result_pdf
201307040409,2013,中京,4,4,9,2013-12-08,https://www.jra.go.jp/datafile/seiseki/report/2013/2013-4chukyo4.pdf,official_daily_result_pdf
201307040410,2013,中京,4,4,10,2013-12-08,https://www.jra.go.jp/datafile/seiseki/report/2013/2013-4chukyo4.pdf,official_daily_result_pdf
201307040411,2013,中京,4,4,11,2013-12-08,https://www.jra.go.jp/datafile/seiseki/report/2013/2013-4chukyo4.pdf,official_daily_result_pdf
201307040412,2013,中京,4,4,12,2013-12-08,https://www.jra.go.jp/datafile/seiseki/report/2013/2013-4chukyo4.pdf,official_daily_result_pdf
201307040501,2013,中京,4,5,1,2013-12-14,https://www.jra.go.jp/datafile/seiseki/report/2013/2013-4chukyo5.pdf,official_daily_result_pdf
201307040502,2013,中京,4,5,2,2013-12-14,https://www.jra.go.jp/datafile/seiseki/report/2013/2013-4chukyo5.pdf,official_daily_result_pdf
201307040503,2013,中京,4,5,3,2013-12-14,https://www.jra.go.jp/datafile/seiseki/report/2013/2013-4chukyo5.pdf,official_daily_result_pdf
201307040504,2013,中京,4,5,4,2013-12-14,https://www.jra.go.jp/datafile/seiseki/report/2013/2013-4chukyo5.pdf,official_daily_result_pdf
201307040505,2013,中京,4,5,5,2013-12-14,https://www.jra.go.jp/datafile/seiseki/report/2013/2013-4chukyo5.pdf,official_daily_result_pdf
201307040506,2013,中京,4,5,6,2013-12-14,https://www.jra.go.jp/datafile/seiseki/report/2013/2013-4chukyo5.pdf,official_daily_result_pdf
201307040507,2013,中京,4,5,7,2013-12-14,https://www.jra.go.jp/datafile/seiseki/report/2013/2013-4chukyo5.pdf,official_daily_result_pdf
201307040508,2013,中京,4,5,8,2013-12-14,https://www.jra.go.jp/datafile/seiseki/report/2013/2013-4chukyo5.pdf,official_daily_result_pdf
201307040509,2013,中京,4,5,9,2013-12-14,https://www.jra.go.jp/datafile/seiseki/report/2013/2013-4chukyo5.pdf,official_daily_result_pdf
201307040510,2013,中京,4,5,10,2013-12-14,https://www.jra.go.jp/datafile/seiseki/report/2013/2013-4chukyo5.pdf,official_daily_result_pdf
201307040511,2013,中京,4,5,11,2013-12-14,https://www.jra.go.jp/datafile/seiseki/report/2013/2013-4chukyo5.pdf,official_daily_result_pdf
201307040512,2013,中京,4,5,12,2013-12-14,https://www.jra.go.jp/datafile/seiseki/report/2013/2013-4chukyo5.pdf,official_daily_result_pdf
201307040601,2013,中京,4,6,1,2013-12-15,https://www.jra.go.jp/datafile/seiseki/report/2013/2013-4chukyo6.pdf,official_daily_result_pdf
201307040602,2013,中京,4,6,2,2013-12-15,https://www.jra.go.jp/datafile/seiseki/report/2013/2013-4chukyo6.pdf,official_daily_result_pdf
201307040603,2013,中京,4,6,3,2013-12-15,https://www.jra.go.jp/datafile/seiseki/report/2013/2013-4chukyo6.pdf,official_daily_result_pdf
201307040604,2013,中京,4,6,4,2013-12-15,https://www.jra.go.jp/datafile/seiseki/report/2013/2013-4chukyo6.pdf,official_daily_result_pdf
201307040605,2013,中京,4,6,5,2013-12-15,https://www.jra.go.jp/datafile/seiseki/report/2013/2013-4chukyo6.pdf,official_daily_result_pdf
201307040606,2013,中京,4,6,6,2013-12-15,https://www.jra.go.jp/datafile/seiseki/report/2013/2013-4chukyo6.pdf,official_daily_result_pdf
201307040607,2013,中京,4,6,7,2013-12-15,https://www.jra.go.jp/datafile/seiseki/report/2013/2013-4chukyo6.pdf,official_daily_result_pdf
201307040608,2013,中京,4,6,8,2013-12-15,https://www.jra.go.jp/datafile/seiseki/report/2013/2013-4chukyo6.pdf,official_daily_result_pdf
201307040609,2013,中京,4,6,9,2013-12-15,https://www.jra.go.jp/datafile/seiseki/report/2013/2013-4chukyo6.pdf,official_daily_result_pdf
201307040610,2013,中京,4,6,10,2013-12-15,https://www.jra.go.jp/datafile/seiseki/report/2013/2013-4chukyo6.pdf,official_daily_result_pdf
201307040611,2013,中京,4,6,11,2013-12-15,https://www.jra.go.jp/datafile/seiseki/report/2013/2013-4chukyo6.pdf,official_daily_result_pdf
201307040612,2013,中京,4,6,12,2013-12-15,https://www.jra.go.jp/datafile/seiseki/report/2013/2013-4chukyo6.pdf,official_daily_result_pdf
201308010101,2013,京都,1,1,1,2013-01-05,https://www.jra.go.jp/datafile/seiseki/report/2013/2013-1kyoto1.pdf,official_daily_result_pdf
201308010102,2013,京都,1,1,2,2013-01-05,https://www.jra.go.jp/datafile/seiseki/report/2013/2013-1kyoto1.pdf,official_daily_result_pdf
201308010103,2013,京都,1,1,3,2013-01-05,https://www.jra.go.jp/datafile/seiseki/report/2013/2013-1kyoto1.pdf,official_daily_result_pdf
201308010104,2013,京都,1,1,4,2013-01-05,https://www.jra.go.jp/datafile/seiseki/report/2013/2013-1kyoto1.pdf,official_daily_result_pdf
201308010105,2013,京都,1,1,5,2013-01-05,https://www.jra.go.jp/datafile/seiseki/report/2013/2013-1kyoto1.pdf,official_daily_result_pdf
201308010106,2013,京都,1,1,6,2013-01-05,https://www.jra.go.jp/datafile/seiseki/report/2013/2013-1kyoto1.pdf,official_daily_result_pdf
201308010107,2013,京都,1,1,7,2013-01-05,https://www.jra.go.jp/datafile/seiseki/report/2013/2013-1kyoto1.pdf,official_daily_result_pdf
201308010108,2013,京都,1,1,8,2013-01-05,https://www.jra.go.jp/datafile/seiseki/report/2013/2013-1kyoto1.pdf,official_daily_result_pdf
201308010109,2013,京都,1,1,9,2013-01-05,https://www.jra.go.jp/datafile/seiseki/report/2013/2013-1kyoto1.pdf,official_daily_result_pdf
201308010110,2013,京都,1,1,10,2013-01-05,https://www.jra.go.jp/datafile/seiseki/report/2013/2013-1kyoto1.pdf,official_daily_result_pdf
201308010111,2013,京都,1,1,11,2013-01-05,https://www.jra.go.jp/datafile/seiseki/report/2013/2013-1kyoto1.pdf,official_daily_result_pdf
201308010112,2013,京都,1,1,12,2013-01-05,https://www.jra.go.jp/datafile/seiseki/report/2013/2013-1kyoto1.pdf,official_daily_result_pdf
201308010201,2013,京都,1,2,1,2013-01-06,https://www.jra.go.jp/datafile/seiseki/report/2013/2013-1kyoto2.pdf,official_daily_result_pdf
201308010202,2013,京都,1,2,2,2013-01-06,https://www.jra.go.jp/datafile/seiseki/report/2013/2013-1kyoto2.pdf,official_daily_result_pdf
201308010203,2013,京都,1,2,3,2013-01-06,https://www.jra.go.jp/datafile/seiseki/report/2013/2013-1kyoto2.pdf,official_daily_result_pdf
201308010204,2013,京都,1,2,4,2013-01-06,https://www.jra.go.jp/datafile/seiseki/report/2013/2013-1kyoto2.pdf,official_daily_result_pdf
201308010205,2013,京都,1,2,5,2013-01-06,https://www.jra.go.jp/datafile/seiseki/report/2013/2013-1kyoto2.pdf,official_daily_result_pdf
201308010206,2013,京都,1,2,6,2013-01-06,https://www.jra.go.jp/datafile/seiseki/report/2013/2013-1kyoto2.pdf,official_daily_result_pdf
201308010207,2013,京都,1,2,7,2013-01-06,https://www.jra.go.jp/datafile/seiseki/report/2013/2013-1kyoto2.pdf,official_daily_result_pdf
201308010208,2013,京都,1,2,8,2013-01-06,https://www.jra.go.jp/datafile/seiseki/report/2013/2013-1kyoto2.pdf,official_daily_result_pdf
201308010209,2013,京都,1,2,9,2013-01-06,https://www.jra.go.jp/datafile/seiseki/report/2013/2013-1kyoto2.pdf,official_daily_result_pdf
201308010210,2013,京都,1,2,10,2013-01-06,https://www.jra.go.jp/datafile/seiseki/report/2013/2013-1kyoto2.pdf,official_daily_result_pdf
201308010211,2013,京都,1,2,11,2013-01-06,https://www.jra.go.jp/datafile/seiseki/report/2013/2013-1kyoto2.pdf,official_daily_result_pdf
201308010212,2013,京都,1,2,12,2013-01-06,https://www.jra.go.jp/datafile/seiseki/report/2013/2013-1kyoto2.pdf,official_daily_result_pdf
201308010301,2013,京都,1,3,1,2013-01-12,https://www.jra.go.jp/datafile/seiseki/report/2013/2013-1kyoto3.pdf,official_daily_result_pdf
201308010302,2013,京都,1,3,2,2013-01-12,https://www.jra.go.jp/datafile/seiseki/report/2013/2013-1kyoto3.pdf,official_daily_result_pdf
201308010303,2013,京都,1,3,3,2013-01-12,https://www.jra.go.jp/datafile/seiseki/report/2013/2013-1kyoto3.pdf,official_daily_result_pdf
201308010304,2013,京都,1,3,4,2013-01-12,https://www.jra.go.jp/datafile/seiseki/report/2013/2013-1kyoto3.pdf,official_daily_result_pdf
201308010305,2013,京都,1,3,5,2013-01-12,https://www.jra.go.jp/datafile/seiseki/report/2013/2013-1kyoto3.pdf,official_daily_result_pdf
201308010306,2013,京都,1,3,6,2013-01-12,https://www.jra.go.jp/datafile/seiseki/report/2013/2013-1kyoto3.pdf,official_daily_result_pdf
201308010307,2013,京都,1,3,7,2013-01-12,https://www.jra.go.jp/datafile/seiseki/report/2013/2013-1kyoto3.pdf,official_daily_result_pdf
201308010308,2013,京都,1,3,8,2013-01-12,https://www.jra.go.jp/datafile/seiseki/report/2013/2013-1kyoto3.pdf,official_daily_result_pdf
201308010309,2013,京都,1,3,9,2013-01-12,https://www.jra.go.jp/datafile/seiseki/report/2013/2013-1kyoto3.pdf,official_daily_result_pdf
201308010310,2013,京都,1,3,10,2013-01-12,https://www.jra.go.jp/datafile/seiseki/report/2013/2013-1kyoto3.pdf,official_daily_result_pdf
201308010311,2013,京都,1,3,11,2013-01-12,https://www.jra.go.jp/datafile/seiseki/report/2013/2013-1kyoto3.pdf,official_daily_result_pdf
201308010312,2013,京都,1,3,12,2013-01-12,https://www.jra.go.jp/datafile/seiseki/report/2013/2013-1kyoto3.pdf,official_daily_result_pdf
201308010401,2013,京都,1,4,1,2013-01-13,https://www.jra.go.jp/datafile/seiseki/report/2013/2013-1kyoto4.pdf,official_daily_result_pdf
201308010402,2013,京都,1,4,2,2013-01-13,https://www.jra.go.jp/datafile/seiseki/report/2013/2013-1kyoto4.pdf,official_daily_result_pdf
201308010403,2013,京都,1,4,3,2013-01-13,https://www.jra.go.jp/datafile/seiseki/report/2013/2013-1kyoto4.pdf,official_daily_result_pdf
201308010404,2013,京都,1,4,4,2013-01-13,https://www.jra.go.jp/datafile/seiseki/report/2013/2013-1kyoto4.pdf,official_daily_result_pdf
201308010405,2013,京都,1,4,5,2013-01-13,https://www.jra.go.jp/datafile/seiseki/report/2013/2013-1kyoto4.pdf,official_daily_result_pdf
201308010406,2013,京都,1,4,6,2013-01-13,https://www.jra.go.jp/datafile/seiseki/report/2013/2013-1kyoto4.pdf,official_daily_result_pdf
201308010407,2013,京都,1,4,7,2013-01-13,https://www.jra.go.jp/datafile/seiseki/report/2013/2013-1kyoto4.pdf,official_daily_result_pdf
201308010408,2013,京都,1,4,8,2013-01-13,https://www.jra.go.jp/datafile/seiseki/report/2013/2013-1kyoto4.pdf,official_daily_result_pdf
201308010409,2013,京都,1,4,9,2013-01-13,https://www.jra.go.jp/datafile/seiseki/report/2013/2013-1kyoto4.pdf,official_daily_result_pdf
201308010410,2013,京都,1,4,10,2013-01-13,https://www.jra.go.jp/datafile/seiseki/report/2013/2013-1kyoto4.pdf,official_daily_result_pdf
201308010411,2013,京都,1,4,11,2013-01-13,https://www.jra.go.jp/datafile/seiseki/report/2013/2013-1kyoto4.pdf,official_daily_result_pdf
201308010412,2013,京都,1,4,12,2013-01-13,https://www.jra.go.jp/datafile/seiseki/report/2013/2013-1kyoto4.pdf,official_daily_result_pdf
201308010501,2013,京都,1,5,1,2013-01-14,https://www.jra.go.jp/datafile/seiseki/report/2013/2013-1kyoto5.pdf,official_daily_result_pdf
201308010502,2013,京都,1,5,2,2013-01-14,https://www.jra.go.jp/datafile/seiseki/report/2013/2013-1kyoto5.pdf,official_daily_result_pdf
201308010503,2013,京都,1,5,3,2013-01-14,https://www.jra.go.jp/datafile/seiseki/report/2013/2013-1kyoto5.pdf,official_daily_result_pdf
201308010504,2013,京都,1,5,4,2013-01-14,https://www.jra.go.jp/datafile/seiseki/report/2013/2013-1kyoto5.pdf,official_daily_result_pdf
201308010505,2013,京都,1,5,5,2013-01-14,https://www.jra.go.jp/datafile/seiseki/report/2013/2013-1kyoto5.pdf,official_daily_result_pdf
201308010506,2013,京都,1,5,6,2013-01-14,https://www.jra.go.jp/datafile/seiseki/report/2013/2013-1kyoto5.pdf,official_daily_result_pdf
201308010507,2013,京都,1,5,7,2013-01-14,https://www.jra.go.jp/datafile/seiseki/report/2013/2013-1kyoto5.pdf,official_daily_result_pdf
201308010508,2013,京都,1,5,8,2013-01-14,https://www.jra.go.jp/datafile/seiseki/report/2013/2013-1kyoto5.pdf,official_daily_result_pdf
201308010509,2013,京都,1,5,9,2013-01-14,https://www.jra.go.jp/datafile/seiseki/report/2013/2013-1kyoto5.pdf,official_daily_result_pdf
201308010510,2013,京都,1,5,10,2013-01-14,https://www.jra.go.jp/datafile/seiseki/report/2013/2013-1kyoto5.pdf,official_daily_result_pdf
201308010511,2013,京都,1,5,11,2013-01-14,https://www.jra.go.jp/datafile/seiseki/report/2013/2013-1kyoto5.pdf,official_daily_result_pdf
201308010512,2013,京都,1,5,12,2013-01-14,https://www.jra.go.jp/datafile/seiseki/report/2013/2013-1kyoto5.pdf,official_daily_result_pdf
201308010601,2013,京都,1,6,1,2013-01-19,https://www.jra.go.jp/datafile/seiseki/report/2013/2013-1kyoto6.pdf,official_daily_result_pdf
201308010602,2013,京都,1,6,2,2013-01-19,https://www.jra.go.jp/datafile/seiseki/report/2013/2013-1kyoto6.pdf,official_daily_result_pdf
201308010603,2013,京都,1,6,3,2013-01-19,https://www.jra.go.jp/datafile/seiseki/report/2013/2013-1kyoto6.pdf,official_daily_result_pdf
201308010604,2013,京都,1,6,4,2013-01-19,https://www.jra.go.jp/datafile/seiseki/report/2013/2013-1kyoto6.pdf,official_daily_result_pdf
201308010605,2013,京都,1,6,5,2013-01-19,https://www.jra.go.jp/datafile/seiseki/report/2013/2013-1kyoto6.pdf,official_daily_result_pdf
201308010606,2013,京都,1,6,6,2013-01-19,https://www.jra.go.jp/datafile/seiseki/report/2013/2013-1kyoto6.pdf,official_daily_result_pdf
201308010607,2013,京都,1,6,7,2013-01-19,https://www.jra.go.jp/datafile/seiseki/report/2013/2013-1kyoto6.pdf,official_daily_result_pdf
201308010608,2013,京都,1,6,8,2013-01-19,https://www.jra.go.jp/datafile/seiseki/report/2013/2013-1kyoto6.pdf,official_daily_result_pdf
201308010609,2013,京都,1,6,9,2013-01-19,https://www.jra.go.jp/datafile/seiseki/report/2013/2013-1kyoto6.pdf,official_daily_result_pdf
201308010610,2013,京都,1,6,10,2013-01-19,https://www.jra.go.jp/datafile/seiseki/report/2013/2013-1kyoto6.pdf,official_daily_result_pdf
201308010611,2013,京都,1,6,11,2013-01-19,https://www.jra.go.jp/datafile/seiseki/report/2013/2013-1kyoto6.pdf,official_daily_result_pdf
201308010612,2013,京都,1,6,12,2013-01-19,https://www.jra.go.jp/datafile/seiseki/report/2013/2013-1kyoto6.pdf,official_daily_result_pdf
201308010701,2013,京都,1,7,1,2013-01-20,https://www.jra.go.jp/datafile/seiseki/report/2013/2013-1kyoto7.pdf,official_daily_result_pdf
201308010702,2013,京都,1,7,2,2013-01-20,https://www.jra.go.jp/datafile/seiseki/report/2013/2013-1kyoto7.pdf,official_daily_result_pdf
201308010703,2013,京都,1,7,3,2013-01-20,https://www.jra.go.jp/datafile/seiseki/report/2013/2013-1kyoto7.pdf,official_daily_result_pdf
201308010704,2013,京都,1,7,4,2013-01-20,https://www.jra.go.jp/datafile/seiseki/report/2013/2013-1kyoto7.pdf,official_daily_result_pdf
201308010705,2013,京都,1,7,5,2013-01-20,https://www.jra.go.jp/datafile/seiseki/report/2013/2013-1kyoto7.pdf,official_daily_result_pdf
201308010706,2013,京都,1,7,6,2013-01-20,https://www.jra.go.jp/datafile/seiseki/report/2013/2013-1kyoto7.pdf,official_daily_result_pdf
201308010707,2013,京都,1,7,7,2013-01-20,https://www.jra.go.jp/datafile/seiseki/report/2013/2013-1kyoto7.pdf,official_daily_result_pdf
201308010708,2013,京都,1,7,8,2013-01-20,https://www.jra.go.jp/datafile/seiseki/report/2013/2013-1kyoto7.pdf,official_daily_result_pdf
201308010709,2013,京都,1,7,9,2013-01-20,https://www.jra.go.jp/datafile/seiseki/report/2013/2013-1kyoto7.pdf,official_daily_result_pdf
201308010710,2013,京都,1,7,10,2013-01-20,https://www.jra.go.jp/datafile/seiseki/report/2013/2013-1kyoto7.pdf,official_daily_result_pdf
201308010711,2013,京都,1,7,11,2013-01-20,https://www.jra.go.jp/datafile/seiseki/report/2013/2013-1kyoto7.pdf,official_daily_result_pdf
201308010712,2013,京都,1,7,12,2013-01-20,https://www.jra.go.jp/datafile/seiseki/report/2013/2013-1kyoto7.pdf,official_daily_result_pdf
201308020101,2013,京都,2,1,1,2013-01-26,https://www.jra.go.jp/datafile/seiseki/report/2013/2013-2kyoto1.pdf,official_daily_result_pdf
201308020102,2013,京都,2,1,2,2013-01-26,https://www.jra.go.jp/datafile/seiseki/report/2013/2013-2kyoto1.pdf,official_daily_result_pdf
201308020103,2013,京都,2,1,3,2013-01-26,https://www.jra.go.jp/datafile/seiseki/report/2013/2013-2kyoto1.pdf,official_daily_result_pdf
201308020104,2013,京都,2,1,4,2013-01-26,https://www.jra.go.jp/datafile/seiseki/report/2013/2013-2kyoto1.pdf,official_daily_result_pdf
201308020105,2013,京都,2,1,5,2013-01-26,https://www.jra.go.jp/datafile/seiseki/report/2013/2013-2kyoto1.pdf,official_daily_result_pdf
201308020106,2013,京都,2,1,6,2013-01-26,https://www.jra.go.jp/datafile/seiseki/report/2013/2013-2kyoto1.pdf,official_daily_result_pdf
201308020107,2013,京都,2,1,7,2013-01-26,https://www.jra.go.jp/datafile/seiseki/report/2013/2013-2kyoto1.pdf,official_daily_result_pdf
201308020108,2013,京都,2,1,8,2013-01-26,https://www.jra.go.jp/datafile/seiseki/report/2013/2013-2kyoto1.pdf,official_daily_result_pdf
201308020109,2013,京都,2,1,9,2013-01-26,https://www.jra.go.jp/datafile/seiseki/report/2013/2013-2kyoto1.pdf,official_daily_result_pdf
201308020110,2013,京都,2,1,10,2013-01-26,https://www.jra.go.jp/datafile/seiseki/report/2013/2013-2kyoto1.pdf,official_daily_result_pdf
201308020111,2013,京都,2,1,11,2013-01-26,https://www.jra.go.jp/datafile/seiseki/report/2013/2013-2kyoto1.pdf,official_daily_result_pdf
201308020112,2013,京都,2,1,12,2013-01-26,https://www.jra.go.jp/datafile/seiseki/report/2013/2013-2kyoto1.pdf,official_daily_result_pdf
201308020201,2013,京都,2,2,1,2013-01-27,https://www.jra.go.jp/datafile/seiseki/report/2013/2013-2kyoto2.pdf,official_daily_result_pdf
201308020202,2013,京都,2,2,2,2013-01-27,https://www.jra.go.jp/datafile/seiseki/report/2013/2013-2kyoto2.pdf,official_daily_result_pdf
201308020203,2013,京都,2,2,3,2013-01-27,https://www.jra.go.jp/datafile/seiseki/report/2013/2013-2kyoto2.pdf,official_daily_result_pdf
201308020204,2013,京都,2,2,4,2013-01-27,https://www.jra.go.jp/datafile/seiseki/report/2013/2013-2kyoto2.pdf,official_daily_result_pdf
201308020205,2013,京都,2,2,5,2013-01-27,https://www.jra.go.jp/datafile/seiseki/report/2013/2013-2kyoto2.pdf,official_daily_result_pdf
201308020206,2013,京都,2,2,6,2013-01-27,https://www.jra.go.jp/datafile/seiseki/report/2013/2013-2kyoto2.pdf,official_daily_result_pdf
201308020207,2013,京都,2,2,7,2013-01-27,https://www.jra.go.jp/datafile/seiseki/report/2013/2013-2kyoto2.pdf,official_daily_result_pdf
201308020208,2013,京都,2,2,8,2013-01-27,https://www.jra.go.jp/datafile/seiseki/report/2013/2013-2kyoto2.pdf,official_daily_result_pdf
201308020209,2013,京都,2,2,9,2013-01-27,https://www.jra.go.jp/datafile/seiseki/report/2013/2013-2kyoto2.pdf,official_daily_result_pdf
201308020210,2013,京都,2,2,10,2013-01-27,https://www.jra.go.jp/datafile/seiseki/report/2013/2013-2kyoto2.pdf,official_daily_result_pdf
201308020211,2013,京都,2,2,11,2013-01-27,https://www.jra.go.jp/datafile/seiseki/report/2013/2013-2kyoto2.pdf,official_daily_result_pdf
201308020212,2013,京都,2,2,12,2013-01-27,https://www.jra.go.jp/datafile/seiseki/report/2013/2013-2kyoto2.pdf,official_daily_result_pdf
201308020301,2013,京都,2,3,1,2013-02-02,https://www.jra.go.jp/datafile/seiseki/report/2013/2013-2kyoto3.pdf,official_daily_result_pdf
201308020302,2013,京都,2,3,2,2013-02-02,https://www.jra.go.jp/datafile/seiseki/report/2013/2013-2kyoto3.pdf,official_daily_result_pdf
201308020303,2013,京都,2,3,3,2013-02-02,https://www.jra.go.jp/datafile/seiseki/report/2013/2013-2kyoto3.pdf,official_daily_result_pdf
201308020304,2013,京都,2,3,4,2013-02-02,https://www.jra.go.jp/datafile/seiseki/report/2013/2013-2kyoto3.pdf,official_daily_result_pdf
201308020305,2013,京都,2,3,5,2013-02-02,https://www.jra.go.jp/datafile/seiseki/report/2013/2013-2kyoto3.pdf,official_daily_result_pdf
201308020306,2013,京都,2,3,6,2013-02-02,https://www.jra.go.jp/datafile/seiseki/report/2013/2013-2kyoto3.pdf,official_daily_result_pdf
201308020307,2013,京都,2,3,7,2013-02-02,https://www.jra.go.jp/datafile/seiseki/report/2013/2013-2kyoto3.pdf,official_daily_result_pdf
201308020308,2013,京都,2,3,8,2013-02-02,https://www.jra.go.jp/datafile/seiseki/report/2013/2013-2kyoto3.pdf,official_daily_result_pdf
201308020309,2013,京都,2,3,9,2013-02-02,https://www.jra.go.jp/datafile/seiseki/report/2013/2013-2kyoto3.pdf,official_daily_result_pdf
201308020310,2013,京都,2,3,10,2013-02-02,https://www.jra.go.jp/datafile/seiseki/report/2013/2013-2kyoto3.pdf,official_daily_result_pdf
201308020311,2013,京都,2,3,11,2013-02-02,https://www.jra.go.jp/datafile/seiseki/report/2013/2013-2kyoto3.pdf,official_daily_result_pdf
201308020312,2013,京都,2,3,12,2013-02-02,https://www.jra.go.jp/datafile/seiseki/report/2013/2013-2kyoto3.pdf,official_daily_result_pdf
201308020401,2013,京都,2,4,1,2013-02-03,https://www.jra.go.jp/datafile/seiseki/report/2013/2013-2kyoto4.pdf,official_daily_result_pdf
201308020402,2013,京都,2,4,2,2013-02-03,https://www.jra.go.jp/datafile/seiseki/report/2013/2013-2kyoto4.pdf,official_daily_result_pdf
201308020403,2013,京都,2,4,3,2013-02-03,https://www.jra.go.jp/datafile/seiseki/report/2013/2013-2kyoto4.pdf,official_daily_result_pdf
201308020404,2013,京都,2,4,4,2013-02-03,https://www.jra.go.jp/datafile/seiseki/report/2013/2013-2kyoto4.pdf,official_daily_result_pdf
201308020405,2013,京都,2,4,5,2013-02-03,https://www.jra.go.jp/datafile/seiseki/report/2013/2013-2kyoto4.pdf,official_daily_result_pdf
201308020406,2013,京都,2,4,6,2013-02-03,https://www.jra.go.jp/datafile/seiseki/report/2013/2013-2kyoto4.pdf,official_daily_result_pdf
201308020407,2013,京都,2,4,7,2013-02-03,https://www.jra.go.jp/datafile/seiseki/report/2013/2013-2kyoto4.pdf,official_daily_result_pdf
201308020408,2013,京都,2,4,8,2013-02-03,https://www.jra.go.jp/datafile/seiseki/report/2013/2013-2kyoto4.pdf,official_daily_result_pdf
201308020409,2013,京都,2,4,9,2013-02-03,https://www.jra.go.jp/datafile/seiseki/report/2013/2013-2kyoto4.pdf,official_daily_result_pdf
201308020410,2013,京都,2,4,10,2013-02-03,https://www.jra.go.jp/datafile/seiseki/report/2013/2013-2kyoto4.pdf,official_daily_result_pdf
201308020411,2013,京都,2,4,11,2013-02-03,https://www.jra.go.jp/datafile/seiseki/report/2013/2013-2kyoto4.pdf,official_daily_result_pdf
201308020412,2013,京都,2,4,12,2013-02-03,https://www.jra.go.jp/datafile/seiseki/report/2013/2013-2kyoto4.pdf,official_daily_result_pdf
201308020501,2013,京都,2,5,1,2013-02-09,https://www.jra.go.jp/datafile/seiseki/report/2013/2013-2kyoto5.pdf,official_daily_result_pdf
201308020502,2013,京都,2,5,2,2013-02-09,https://www.jra.go.jp/datafile/seiseki/report/2013/2013-2kyoto5.pdf,official_daily_result_pdf
201308020503,2013,京都,2,5,3,2013-02-09,https://www.jra.go.jp/datafile/seiseki/report/2013/2013-2kyoto5.pdf,official_daily_result_pdf
201308020504,2013,京都,2,5,4,2013-02-09,https://www.jra.go.jp/datafile/seiseki/report/2013/2013-2kyoto5.pdf,official_daily_result_pdf
201308020505,2013,京都,2,5,5,2013-02-09,https://www.jra.go.jp/datafile/seiseki/report/2013/2013-2kyoto5.pdf,official_daily_result_pdf
201308020506,2013,京都,2,5,6,2013-02-09,https://www.jra.go.jp/datafile/seiseki/report/2013/2013-2kyoto5.pdf,official_daily_result_pdf
201308020507,2013,京都,2,5,7,2013-02-09,https://www.jra.go.jp/datafile/seiseki/report/2013/2013-2kyoto5.pdf,official_daily_result_pdf
201308020508,2013,京都,2,5,8,2013-02-09,https://www.jra.go.jp/datafile/seiseki/report/2013/2013-2kyoto5.pdf,official_daily_result_pdf
201308020509,2013,京都,2,5,9,2013-02-09,https://www.jra.go.jp/datafile/seiseki/report/2013/2013-2kyoto5.pdf,official_daily_result_pdf
201308020510,2013,京都,2,5,10,2013-02-09,https://www.jra.go.jp/datafile/seiseki/report/2013/2013-2kyoto5.pdf,official_daily_result_pdf
201308020511,2013,京都,2,5,11,2013-02-09,https://www.jra.go.jp/datafile/seiseki/report/2013/2013-2kyoto5.pdf,official_daily_result_pdf
201308020512,2013,京都,2,5,12,2013-02-09,https://www.jra.go.jp/datafile/seiseki/report/2013/2013-2kyoto5.pdf,official_daily_result_pdf
201308020601,2013,京都,2,6,1,2013-02-10,https://www.jra.go.jp/datafile/seiseki/report/2013/2013-2kyoto6.pdf,official_daily_result_pdf
201308020602,2013,京都,2,6,2,2013-02-10,https://www.jra.go.jp/datafile/seiseki/report/2013/2013-2kyoto6.pdf,official_daily_result_pdf
201308020603,2013,京都,2,6,3,2013-02-10,https://www.jra.go.jp/datafile/seiseki/report/2013/2013-2kyoto6.pdf,official_daily_result_pdf
201308020604,2013,京都,2,6,4,2013-02-10,https://www.jra.go.jp/datafile/seiseki/report/2013/2013-2kyoto6.pdf,official_daily_result_pdf
201308020605,2013,京都,2,6,5,2013-02-10,https://www.jra.go.jp/datafile/seiseki/report/2013/2013-2kyoto6.pdf,official_daily_result_pdf
201308020606,2013,京都,2,6,6,2013-02-10,https://www.jra.go.jp/datafile/seiseki/report/2013/2013-2kyoto6.pdf,official_daily_result_pdf
201308020607,2013,京都,2,6,7,2013-02-10,https://www.jra.go.jp/datafile/seiseki/report/2013/2013-2kyoto6.pdf,official_daily_result_pdf
201308020608,2013,京都,2,6,8,2013-02-10,https://www.jra.go.jp/datafile/seiseki/report/2013/2013-2kyoto6.pdf,official_daily_result_pdf
201308020609,2013,京都,2,6,9,2013-02-10,https://www.jra.go.jp/datafile/seiseki/report/2013/2013-2kyoto6.pdf,official_daily_result_pdf
201308020610,2013,京都,2,6,10,2013-02-10,https://www.jra.go.jp/datafile/seiseki/report/2013/2013-2kyoto6.pdf,official_daily_result_pdf
201308020611,2013,京都,2,6,11,2013-02-10,https://www.jra.go.jp/datafile/seiseki/report/2013/2013-2kyoto6.pdf,official_daily_result_pdf
201308020612,2013,京都,2,6,12,2013-02-10,https://www.jra.go.jp/datafile/seiseki/report/2013/2013-2kyoto6.pdf,official_daily_result_pdf
201308020701,2013,京都,2,7,1,2013-02-16,https://www.jra.go.jp/datafile/seiseki/report/2013/2013-2kyoto7.pdf,official_daily_result_pdf
201308020702,2013,京都,2,7,2,2013-02-16,https://www.jra.go.jp/datafile/seiseki/report/2013/2013-2kyoto7.pdf,official_daily_result_pdf
201308020703,2013,京都,2,7,3,2013-02-16,https://www.jra.go.jp/datafile/seiseki/report/2013/2013-2kyoto7.pdf,official_daily_result_pdf
201308020704,2013,京都,2,7,4,2013-02-16,https://www.jra.go.jp/datafile/seiseki/report/2013/2013-2kyoto7.pdf,official_daily_result_pdf
201308020705,2013,京都,2,7,5,2013-02-16,https://www.jra.go.jp/datafile/seiseki/report/2013/2013-2kyoto7.pdf,official_daily_result_pdf
201308020706,2013,京都,2,7,6,2013-02-16,https://www.jra.go.jp/datafile/seiseki/report/2013/2013-2kyoto7.pdf,official_daily_result_pdf
201308020707,2013,京都,2,7,7,2013-02-16,https://www.jra.go.jp/datafile/seiseki/report/2013/2013-2kyoto7.pdf,official_daily_result_pdf
201308020708,2013,京都,2,7,8,2013-02-16,https://www.jra.go.jp/datafile/seiseki/report/2013/2013-2kyoto7.pdf,official_daily_result_pdf
201308020709,2013,京都,2,7,9,2013-02-16,https://www.jra.go.jp/datafile/seiseki/report/2013/2013-2kyoto7.pdf,official_daily_result_pdf
201308020710,2013,京都,2,7,10,2013-02-16,https://www.jra.go.jp/datafile/seiseki/report/2013/2013-2kyoto7.pdf,official_daily_result_pdf
201308020711,2013,京都,2,7,11,2013-02-16,https://www.jra.go.jp/datafile/seiseki/report/2013/2013-2kyoto7.pdf,official_daily_result_pdf
201308020712,2013,京都,2,7,12,2013-02-16,https://www.jra.go.jp/datafile/seiseki/report/2013/2013-2kyoto7.pdf,official_daily_result_pdf
201308020801,2013,京都,2,8,1,2013-02-17,https://www.jra.go.jp/datafile/seiseki/report/2013/2013-2kyoto8.pdf,official_daily_result_pdf
201308020802,2013,京都,2,8,2,2013-02-17,https://www.jra.go.jp/datafile/seiseki/report/2013/2013-2kyoto8.pdf,official_daily_result_pdf
201308020803,2013,京都,2,8,3,2013-02-17,https://www.jra.go.jp/datafile/seiseki/report/2013/2013-2kyoto8.pdf,official_daily_result_pdf
201308020804,2013,京都,2,8,4,2013-02-17,https://www.jra.go.jp/datafile/seiseki/report/2013/2013-2kyoto8.pdf,official_daily_result_pdf
201308020805,2013,京都,2,8,5,2013-02-17,https://www.jra.go.jp/datafile/seiseki/report/2013/2013-2kyoto8.pdf,official_daily_result_pdf
201308020806,2013,京都,2,8,6,2013-02-17,https://www.jra.go.jp/datafile/seiseki/report/2013/2013-2kyoto8.pdf,official_daily_result_pdf
201308020807,2013,京都,2,8,7,2013-02-17,https://www.jra.go.jp/datafile/seiseki/report/2013/2013-2kyoto8.pdf,official_daily_result_pdf
201308020808,2013,京都,2,8,8,2013-02-17,https://www.jra.go.jp/datafile/seiseki/report/2013/2013-2kyoto8.pdf,official_daily_result_pdf
201308020809,2013,京都,2,8,9,2013-02-17,https://www.jra.go.jp/datafile/seiseki/report/2013/2013-2kyoto8.pdf,official_daily_result_pdf
201308020810,2013,京都,2,8,10,2013-02-17,https://www.jra.go.jp/datafile/seiseki/report/2013/2013-2kyoto8.pdf,official_daily_result_pdf
201308020811,2013,京都,2,8,11,2013-02-17,https://www.jra.go.jp/datafile/seiseki/report/2013/2013-2kyoto8.pdf,official_daily_result_pdf
201308020812,2013,京都,2,8,12,2013-02-17,https://www.jra.go.jp/datafile/seiseki/report/2013/2013-2kyoto8.pdf,official_daily_result_pdf
201308030101,2013,京都,3,1,1,2013-04-20,https://www.jra.go.jp/datafile/seiseki/report/2013/2013-3kyoto1.pdf,official_daily_result_pdf
201308030102,2013,京都,3,1,2,2013-04-20,https://www.jra.go.jp/datafile/seiseki/report/2013/2013-3kyoto1.pdf,official_daily_result_pdf
201308030103,2013,京都,3,1,3,2013-04-20,https://www.jra.go.jp/datafile/seiseki/report/2013/2013-3kyoto1.pdf,official_daily_result_pdf
201308030104,2013,京都,3,1,4,2013-04-20,https://www.jra.go.jp/datafile/seiseki/report/2013/2013-3kyoto1.pdf,official_daily_result_pdf
201308030105,2013,京都,3,1,5,2013-04-20,https://www.jra.go.jp/datafile/seiseki/report/2013/2013-3kyoto1.pdf,official_daily_result_pdf
201308030106,2013,京都,3,1,6,2013-04-20,https://www.jra.go.jp/datafile/seiseki/report/2013/2013-3kyoto1.pdf,official_daily_result_pdf
201308030107,2013,京都,3,1,7,2013-04-20,https://www.jra.go.jp/datafile/seiseki/report/2013/2013-3kyoto1.pdf,official_daily_result_pdf
201308030108,2013,京都,3,1,8,2013-04-20,https://www.jra.go.jp/datafile/seiseki/report/2013/2013-3kyoto1.pdf,official_daily_result_pdf
201308030109,2013,京都,3,1,9,2013-04-20,https://www.jra.go.jp/datafile/seiseki/report/2013/2013-3kyoto1.pdf,official_daily_result_pdf
201308030110,2013,京都,3,1,10,2013-04-20,https://www.jra.go.jp/datafile/seiseki/report/2013/2013-3kyoto1.pdf,official_daily_result_pdf
201308030111,2013,京都,3,1,11,2013-04-20,https://www.jra.go.jp/datafile/seiseki/report/2013/2013-3kyoto1.pdf,official_daily_result_pdf
201308030112,2013,京都,3,1,12,2013-04-20,https://www.jra.go.jp/datafile/seiseki/report/2013/2013-3kyoto1.pdf,official_daily_result_pdf
201308030201,2013,京都,3,2,1,2013-04-21,https://www.jra.go.jp/datafile/seiseki/report/2013/2013-3kyoto2.pdf,official_daily_result_pdf
201308030202,2013,京都,3,2,2,2013-04-21,https://www.jra.go.jp/datafile/seiseki/report/2013/2013-3kyoto2.pdf,official_daily_result_pdf
201308030203,2013,京都,3,2,3,2013-04-21,https://www.jra.go.jp/datafile/seiseki/report/2013/2013-3kyoto2.pdf,official_daily_result_pdf
201308030204,2013,京都,3,2,4,2013-04-21,https://www.jra.go.jp/datafile/seiseki/report/2013/2013-3kyoto2.pdf,official_daily_result_pdf
201308030205,2013,京都,3,2,5,2013-04-21,https://www.jra.go.jp/datafile/seiseki/report/2013/2013-3kyoto2.pdf,official_daily_result_pdf
201308030206,2013,京都,3,2,6,2013-04-21,https://www.jra.go.jp/datafile/seiseki/report/2013/2013-3kyoto2.pdf,official_daily_result_pdf
201308030207,2013,京都,3,2,7,2013-04-21,https://www.jra.go.jp/datafile/seiseki/report/2013/2013-3kyoto2.pdf,official_daily_result_pdf
201308030208,2013,京都,3,2,8,2013-04-21,https://www.jra.go.jp/datafile/seiseki/report/2013/2013-3kyoto2.pdf,official_daily_result_pdf
201308030209,2013,京都,3,2,9,2013-04-21,https://www.jra.go.jp/datafile/seiseki/report/2013/2013-3kyoto2.pdf,official_daily_result_pdf
201308030210,2013,京都,3,2,10,2013-04-21,https://www.jra.go.jp/datafile/seiseki/report/2013/2013-3kyoto2.pdf,official_daily_result_pdf
201308030211,2013,京都,3,2,11,2013-04-21,https://www.jra.go.jp/datafile/seiseki/report/2013/2013-3kyoto2.pdf,official_daily_result_pdf
201308030212,2013,京都,3,2,12,2013-04-21,https://www.jra.go.jp/datafile/seiseki/report/2013/2013-3kyoto2.pdf,official_daily_result_pdf
201308030301,2013,京都,3,3,1,2013-04-27,https://www.jra.go.jp/datafile/seiseki/report/2013/2013-3kyoto3.pdf,official_daily_result_pdf
201308030302,2013,京都,3,3,2,2013-04-27,https://www.jra.go.jp/datafile/seiseki/report/2013/2013-3kyoto3.pdf,official_daily_result_pdf
201308030303,2013,京都,3,3,3,2013-04-27,https://www.jra.go.jp/datafile/seiseki/report/2013/2013-3kyoto3.pdf,official_daily_result_pdf
201308030304,2013,京都,3,3,4,2013-04-27,https://www.jra.go.jp/datafile/seiseki/report/2013/2013-3kyoto3.pdf,official_daily_result_pdf
201308030305,2013,京都,3,3,5,2013-04-27,https://www.jra.go.jp/datafile/seiseki/report/2013/2013-3kyoto3.pdf,official_daily_result_pdf
201308030306,2013,京都,3,3,6,2013-04-27,https://www.jra.go.jp/datafile/seiseki/report/2013/2013-3kyoto3.pdf,official_daily_result_pdf
201308030307,2013,京都,3,3,7,2013-04-27,https://www.jra.go.jp/datafile/seiseki/report/2013/2013-3kyoto3.pdf,official_daily_result_pdf
201308030308,2013,京都,3,3,8,2013-04-27,https://www.jra.go.jp/datafile/seiseki/report/2013/2013-3kyoto3.pdf,official_daily_result_pdf
201308030309,2013,京都,3,3,9,2013-04-27,https://www.jra.go.jp/datafile/seiseki/report/2013/2013-3kyoto3.pdf,official_daily_result_pdf
201308030310,2013,京都,3,3,10,2013-04-27,https://www.jra.go.jp/datafile/seiseki/report/2013/2013-3kyoto3.pdf,official_daily_result_pdf
201308030311,2013,京都,3,3,11,2013-04-27,https://www.jra.go.jp/datafile/seiseki/report/2013/2013-3kyoto3.pdf,official_daily_result_pdf
201308030312,2013,京都,3,3,12,2013-04-27,https://www.jra.go.jp/datafile/seiseki/report/2013/2013-3kyoto3.pdf,official_daily_result_pdf
201308030401,2013,京都,3,4,1,2013-04-28,https://www.jra.go.jp/datafile/seiseki/report/2013/2013-3kyoto4.pdf,official_daily_result_pdf
201308030402,2013,京都,3,4,2,2013-04-28,https://www.jra.go.jp/datafile/seiseki/report/2013/2013-3kyoto4.pdf,official_daily_result_pdf
201308030403,2013,京都,3,4,3,2013-04-28,https://www.jra.go.jp/datafile/seiseki/report/2013/2013-3kyoto4.pdf,official_daily_result_pdf
201308030404,2013,京都,3,4,4,2013-04-28,https://www.jra.go.jp/datafile/seiseki/report/2013/2013-3kyoto4.pdf,official_daily_result_pdf
201308030405,2013,京都,3,4,5,2013-04-28,https://www.jra.go.jp/datafile/seiseki/report/2013/2013-3kyoto4.pdf,official_daily_result_pdf
201308030406,2013,京都,3,4,6,2013-04-28,https://www.jra.go.jp/datafile/seiseki/report/2013/2013-3kyoto4.pdf,official_daily_result_pdf
201308030407,2013,京都,3,4,7,2013-04-28,https://www.jra.go.jp/datafile/seiseki/report/2013/2013-3kyoto4.pdf,official_daily_result_pdf
201308030408,2013,京都,3,4,8,2013-04-28,https://www.jra.go.jp/datafile/seiseki/report/2013/2013-3kyoto4.pdf,official_daily_result_pdf
201308030409,2013,京都,3,4,9,2013-04-28,https://www.jra.go.jp/datafile/seiseki/report/2013/2013-3kyoto4.pdf,official_daily_result_pdf
201308030410,2013,京都,3,4,10,2013-04-28,https://www.jra.go.jp/datafile/seiseki/report/2013/2013-3kyoto4.pdf,official_daily_result_pdf
201308030411,2013,京都,3,4,11,2013-04-28,https://www.jra.go.jp/datafile/seiseki/report/2013/2013-3kyoto4.pdf,official_daily_result_pdf
201308030412,2013,京都,3,4,12,2013-04-28,https://www.jra.go.jp/datafile/seiseki/report/2013/2013-3kyoto4.pdf,official_daily_result_pdf
201308030501,2013,京都,3,5,1,2013-05-04,https://www.jra.go.jp/datafile/seiseki/report/2013/2013-3kyoto5.pdf,official_daily_result_pdf
201308030502,2013,京都,3,5,2,2013-05-04,https://www.jra.go.jp/datafile/seiseki/report/2013/2013-3kyoto5.pdf,official_daily_result_pdf
201308030503,2013,京都,3,5,3,2013-05-04,https://www.jra.go.jp/datafile/seiseki/report/2013/2013-3kyoto5.pdf,official_daily_result_pdf
201308030504,2013,京都,3,5,4,2013-05-04,https://www.jra.go.jp/datafile/seiseki/report/2013/2013-3kyoto5.pdf,official_daily_result_pdf
201308030505,2013,京都,3,5,5,2013-05-04,https://www.jra.go.jp/datafile/seiseki/report/2013/2013-3kyoto5.pdf,official_daily_result_pdf
201308030506,2013,京都,3,5,6,2013-05-04,https://www.jra.go.jp/datafile/seiseki/report/2013/2013-3kyoto5.pdf,official_daily_result_pdf
201308030507,2013,京都,3,5,7,2013-05-04,https://www.jra.go.jp/datafile/seiseki/report/2013/2013-3kyoto5.pdf,official_daily_result_pdf
201308030508,2013,京都,3,5,8,2013-05-04,https://www.jra.go.jp/datafile/seiseki/report/2013/2013-3kyoto5.pdf,official_daily_result_pdf
201308030509,2013,京都,3,5,9,2013-05-04,https://www.jra.go.jp/datafile/seiseki/report/2013/2013-3kyoto5.pdf,official_daily_result_pdf
201308030510,2013,京都,3,5,10,2013-05-04,https://www.jra.go.jp/datafile/seiseki/report/2013/2013-3kyoto5.pdf,official_daily_result_pdf
201308030511,2013,京都,3,5,11,2013-05-04,https://www.jra.go.jp/datafile/seiseki/report/2013/2013-3kyoto5.pdf,official_daily_result_pdf
201308030512,2013,京都,3,5,12,2013-05-04,https://www.jra.go.jp/datafile/seiseki/report/2013/2013-3kyoto5.pdf,official_daily_result_pdf
201308030601,2013,京都,3,6,1,2013-05-05,https://www.jra.go.jp/datafile/seiseki/report/2013/2013-3kyoto6.pdf,official_daily_result_pdf
201308030602,2013,京都,3,6,2,2013-05-05,https://www.jra.go.jp/datafile/seiseki/report/2013/2013-3kyoto6.pdf,official_daily_result_pdf
201308030603,2013,京都,3,6,3,2013-05-05,https://www.jra.go.jp/datafile/seiseki/report/2013/2013-3kyoto6.pdf,official_daily_result_pdf
201308030604,2013,京都,3,6,4,2013-05-05,https://www.jra.go.jp/datafile/seiseki/report/2013/2013-3kyoto6.pdf,official_daily_result_pdf
201308030605,2013,京都,3,6,5,2013-05-05,https://www.jra.go.jp/datafile/seiseki/report/2013/2013-3kyoto6.pdf,official_daily_result_pdf
201308030606,2013,京都,3,6,6,2013-05-05,https://www.jra.go.jp/datafile/seiseki/report/2013/2013-3kyoto6.pdf,official_daily_result_pdf
201308030607,2013,京都,3,6,7,2013-05-05,https://www.jra.go.jp/datafile/seiseki/report/2013/2013-3kyoto6.pdf,official_daily_result_pdf
201308030608,2013,京都,3,6,8,2013-05-05,https://www.jra.go.jp/datafile/seiseki/report/2013/2013-3kyoto6.pdf,official_daily_result_pdf
201308030609,2013,京都,3,6,9,2013-05-05,https://www.jra.go.jp/datafile/seiseki/report/2013/2013-3kyoto6.pdf,official_daily_result_pdf
201308030610,2013,京都,3,6,10,2013-05-05,https://www.jra.go.jp/datafile/seiseki/report/2013/2013-3kyoto6.pdf,official_daily_result_pdf
201308030611,2013,京都,3,6,11,2013-05-05,https://www.jra.go.jp/datafile/seiseki/report/2013/2013-3kyoto6.pdf,official_daily_result_pdf
201308030612,2013,京都,3,6,12,2013-05-05,https://www.jra.go.jp/datafile/seiseki/report/2013/2013-3kyoto6.pdf,official_daily_result_pdf
201308030701,2013,京都,3,7,1,2013-05-11,https://www.jra.go.jp/datafile/seiseki/report/2013/2013-3kyoto7.pdf,official_daily_result_pdf
201308030702,2013,京都,3,7,2,2013-05-11,https://www.jra.go.jp/datafile/seiseki/report/2013/2013-3kyoto7.pdf,official_daily_result_pdf
201308030703,2013,京都,3,7,3,2013-05-11,https://www.jra.go.jp/datafile/seiseki/report/2013/2013-3kyoto7.pdf,official_daily_result_pdf
201308030704,2013,京都,3,7,4,2013-05-11,https://www.jra.go.jp/datafile/seiseki/report/2013/2013-3kyoto7.pdf,official_daily_result_pdf
201308030705,2013,京都,3,7,5,2013-05-11,https://www.jra.go.jp/datafile/seiseki/report/2013/2013-3kyoto7.pdf,official_daily_result_pdf
201308030706,2013,京都,3,7,6,2013-05-11,https://www.jra.go.jp/datafile/seiseki/report/2013/2013-3kyoto7.pdf,official_daily_result_pdf
201308030707,2013,京都,3,7,7,2013-05-11,https://www.jra.go.jp/datafile/seiseki/report/2013/2013-3kyoto7.pdf,official_daily_result_pdf
201308030708,2013,京都,3,7,8,2013-05-11,https://www.jra.go.jp/datafile/seiseki/report/2013/2013-3kyoto7.pdf,official_daily_result_pdf
201308030709,2013,京都,3,7,9,2013-05-11,https://www.jra.go.jp/datafile/seiseki/report/2013/2013-3kyoto7.pdf,official_daily_result_pdf
201308030710,2013,京都,3,7,10,2013-05-11,https://www.jra.go.jp/datafile/seiseki/report/2013/2013-3kyoto7.pdf,official_daily_result_pdf
201308030711,2013,京都,3,7,11,2013-05-11,https://www.jra.go.jp/datafile/seiseki/report/2013/2013-3kyoto7.pdf,official_daily_result_pdf
201308030712,2013,京都,3,7,12,2013-05-11,https://www.jra.go.jp/datafile/seiseki/report/2013/2013-3kyoto7.pdf,official_daily_result_pdf
201308030801,2013,京都,3,8,1,2013-05-12,https://www.jra.go.jp/datafile/seiseki/report/2013/2013-3kyoto8.pdf,official_daily_result_pdf
201308030802,2013,京都,3,8,2,2013-05-12,https://www.jra.go.jp/datafile/seiseki/report/2013/2013-3kyoto8.pdf,official_daily_result_pdf
201308030803,2013,京都,3,8,3,2013-05-12,https://www.jra.go.jp/datafile/seiseki/report/2013/2013-3kyoto8.pdf,official_daily_result_pdf
201308030804,2013,京都,3,8,4,2013-05-12,https://www.jra.go.jp/datafile/seiseki/report/2013/2013-3kyoto8.pdf,official_daily_result_pdf
201308030805,2013,京都,3,8,5,2013-05-12,https://www.jra.go.jp/datafile/seiseki/report/2013/2013-3kyoto8.pdf,official_daily_result_pdf
201308030806,2013,京都,3,8,6,2013-05-12,https://www.jra.go.jp/datafile/seiseki/report/2013/2013-3kyoto8.pdf,official_daily_result_pdf
201308030807,2013,京都,3,8,7,2013-05-12,https://www.jra.go.jp/datafile/seiseki/report/2013/2013-3kyoto8.pdf,official_daily_result_pdf
201308030808,2013,京都,3,8,8,2013-05-12,https://www.jra.go.jp/datafile/seiseki/report/2013/2013-3kyoto8.pdf,official_daily_result_pdf
201308030809,2013,京都,3,8,9,2013-05-12,https://www.jra.go.jp/datafile/seiseki/report/2013/2013-3kyoto8.pdf,official_daily_result_pdf
201308030810,2013,京都,3,8,10,2013-05-12,https://www.jra.go.jp/datafile/seiseki/report/2013/2013-3kyoto8.pdf,official_daily_result_pdf
201308030811,2013,京都,3,8,11,2013-05-12,https://www.jra.go.jp/datafile/seiseki/report/2013/2013-3kyoto8.pdf,official_daily_result_pdf
201308030812,2013,京都,3,8,12,2013-05-12,https://www.jra.go.jp/datafile/seiseki/report/2013/2013-3kyoto8.pdf,official_daily_result_pdf
201308030901,2013,京都,3,9,1,2013-05-18,https://www.jra.go.jp/datafile/seiseki/report/2013/2013-3kyoto9.pdf,official_daily_result_pdf
201308030902,2013,京都,3,9,2,2013-05-18,https://www.jra.go.jp/datafile/seiseki/report/2013/2013-3kyoto9.pdf,official_daily_result_pdf
201308030903,2013,京都,3,9,3,2013-05-18,https://www.jra.go.jp/datafile/seiseki/report/2013/2013-3kyoto9.pdf,official_daily_result_pdf
201308030904,2013,京都,3,9,4,2013-05-18,https://www.jra.go.jp/datafile/seiseki/report/2013/2013-3kyoto9.pdf,official_daily_result_pdf
201308030905,2013,京都,3,9,5,2013-05-18,https://www.jra.go.jp/datafile/seiseki/report/2013/2013-3kyoto9.pdf,official_daily_result_pdf
201308030906,2013,京都,3,9,6,2013-05-18,https://www.jra.go.jp/datafile/seiseki/report/2013/2013-3kyoto9.pdf,official_daily_result_pdf
201308030907,2013,京都,3,9,7,2013-05-18,https://www.jra.go.jp/datafile/seiseki/report/2013/2013-3kyoto9.pdf,official_daily_result_pdf
201308030908,2013,京都,3,9,8,2013-05-18,https://www.jra.go.jp/datafile/seiseki/report/2013/2013-3kyoto9.pdf,official_daily_result_pdf
201308030909,2013,京都,3,9,9,2013-05-18,https://www.jra.go.jp/datafile/seiseki/report/2013/2013-3kyoto9.pdf,official_daily_result_pdf
201308030910,2013,京都,3,9,10,2013-05-18,https://www.jra.go.jp/datafile/seiseki/report/2013/2013-3kyoto9.pdf,official_daily_result_pdf
201308030911,2013,京都,3,9,11,2013-05-18,https://www.jra.go.jp/datafile/seiseki/report/2013/2013-3kyoto9.pdf,official_daily_result_pdf
201308030912,2013,京都,3,9,12,2013-05-18,https://www.jra.go.jp/datafile/seiseki/report/2013/2013-3kyoto9.pdf,official_daily_result_pdf
201308031001,2013,京都,3,10,1,2013-05-19,https://www.jra.go.jp/datafile/seiseki/report/2013/2013-3kyoto10.pdf,official_daily_result_pdf
201308031002,2013,京都,3,10,2,2013-05-19,https://www.jra.go.jp/datafile/seiseki/report/2013/2013-3kyoto10.pdf,official_daily_result_pdf
201308031003,2013,京都,3,10,3,2013-05-19,https://www.jra.go.jp/datafile/seiseki/report/2013/2013-3kyoto10.pdf,official_daily_result_pdf
201308031004,2013,京都,3,10,4,2013-05-19,https://www.jra.go.jp/datafile/seiseki/report/2013/2013-3kyoto10.pdf,official_daily_result_pdf
201308031005,2013,京都,3,10,5,2013-05-19,https://www.jra.go.jp/datafile/seiseki/report/2013/2013-3kyoto10.pdf,official_daily_result_pdf
201308031006,2013,京都,3,10,6,2013-05-19,https://www.jra.go.jp/datafile/seiseki/report/2013/2013-3kyoto10.pdf,official_daily_result_pdf
201308031007,2013,京都,3,10,7,2013-05-19,https://www.jra.go.jp/datafile/seiseki/report/2013/2013-3kyoto10.pdf,official_daily_result_pdf
201308031008,2013,京都,3,10,8,2013-05-19,https://www.jra.go.jp/datafile/seiseki/report/2013/2013-3kyoto10.pdf,official_daily_result_pdf
201308031009,2013,京都,3,10,9,2013-05-19,https://www.jra.go.jp/datafile/seiseki/report/2013/2013-3kyoto10.pdf,official_daily_result_pdf
201308031010,2013,京都,3,10,10,2013-05-19,https://www.jra.go.jp/datafile/seiseki/report/2013/2013-3kyoto10.pdf,official_daily_result_pdf
201308031011,2013,京都,3,10,11,2013-05-19,https://www.jra.go.jp/datafile/seiseki/report/2013/2013-3kyoto10.pdf,official_daily_result_pdf
201308031012,2013,京都,3,10,12,2013-05-19,https://www.jra.go.jp/datafile/seiseki/report/2013/2013-3kyoto10.pdf,official_daily_result_pdf
201308031101,2013,京都,3,11,1,2013-05-25,https://www.jra.go.jp/datafile/seiseki/report/2013/2013-3kyoto11.pdf,official_daily_result_pdf
201308031102,2013,京都,3,11,2,2013-05-25,https://www.jra.go.jp/datafile/seiseki/report/2013/2013-3kyoto11.pdf,official_daily_result_pdf
201308031103,2013,京都,3,11,3,2013-05-25,https://www.jra.go.jp/datafile/seiseki/report/2013/2013-3kyoto11.pdf,official_daily_result_pdf
201308031104,2013,京都,3,11,4,2013-05-25,https://www.jra.go.jp/datafile/seiseki/report/2013/2013-3kyoto11.pdf,official_daily_result_pdf
201308031105,2013,京都,3,11,5,2013-05-25,https://www.jra.go.jp/datafile/seiseki/report/2013/2013-3kyoto11.pdf,official_daily_result_pdf
201308031106,2013,京都,3,11,6,2013-05-25,https://www.jra.go.jp/datafile/seiseki/report/2013/2013-3kyoto11.pdf,official_daily_result_pdf
201308031107,2013,京都,3,11,7,2013-05-25,https://www.jra.go.jp/datafile/seiseki/report/2013/2013-3kyoto11.pdf,official_daily_result_pdf
201308031108,2013,京都,3,11,8,2013-05-25,https://www.jra.go.jp/datafile/seiseki/report/2013/2013-3kyoto11.pdf,official_daily_result_pdf
201308031109,2013,京都,3,11,9,2013-05-25,https://www.jra.go.jp/datafile/seiseki/report/2013/2013-3kyoto11.pdf,official_daily_result_pdf
201308031110,2013,京都,3,11,10,2013-05-25,https://www.jra.go.jp/datafile/seiseki/report/2013/2013-3kyoto11.pdf,official_daily_result_pdf
201308031111,2013,京都,3,11,11,2013-05-25,https://www.jra.go.jp/datafile/seiseki/report/2013/2013-3kyoto11.pdf,official_daily_result_pdf
201308031112,2013,京都,3,11,12,2013-05-25,https://www.jra.go.jp/datafile/seiseki/report/2013/2013-3kyoto11.pdf,official_daily_result_pdf
201308031201,2013,京都,3,12,1,2013-05-26,https://www.jra.go.jp/datafile/seiseki/report/2013/2013-3kyoto12.pdf,official_daily_result_pdf
201308031202,2013,京都,3,12,2,2013-05-26,https://www.jra.go.jp/datafile/seiseki/report/2013/2013-3kyoto12.pdf,official_daily_result_pdf
201308031203,2013,京都,3,12,3,2013-05-26,https://www.jra.go.jp/datafile/seiseki/report/2013/2013-3kyoto12.pdf,official_daily_result_pdf
201308031204,2013,京都,3,12,4,2013-05-26,https://www.jra.go.jp/datafile/seiseki/report/2013/2013-3kyoto12.pdf,official_daily_result_pdf
201308031205,2013,京都,3,12,5,2013-05-26,https://www.jra.go.jp/datafile/seiseki/report/2013/2013-3kyoto12.pdf,official_daily_result_pdf
201308031206,2013,京都,3,12,6,2013-05-26,https://www.jra.go.jp/datafile/seiseki/report/2013/2013-3kyoto12.pdf,official_daily_result_pdf
201308031207,2013,京都,3,12,7,2013-05-26,https://www.jra.go.jp/datafile/seiseki/report/2013/2013-3kyoto12.pdf,official_daily_result_pdf
201308031208,2013,京都,3,12,8,2013-05-26,https://www.jra.go.jp/datafile/seiseki/report/2013/2013-3kyoto12.pdf,official_daily_result_pdf
201308031209,2013,京都,3,12,9,2013-05-26,https://www.jra.go.jp/datafile/seiseki/report/2013/2013-3kyoto12.pdf,official_daily_result_pdf
201308031210,2013,京都,3,12,10,2013-05-26,https://www.jra.go.jp/datafile/seiseki/report/2013/2013-3kyoto12.pdf,official_daily_result_pdf
201308031211,2013,京都,3,12,11,2013-05-26,https://www.jra.go.jp/datafile/seiseki/report/2013/2013-3kyoto12.pdf,official_daily_result_pdf
201308031212,2013,京都,3,12,12,2013-05-26,https://www.jra.go.jp/datafile/seiseki/report/2013/2013-3kyoto12.pdf,official_daily_result_pdf
201308040101,2013,京都,4,1,1,2013-10-05,https://www.jra.go.jp/datafile/seiseki/report/2013/2013-4kyoto1.pdf,official_daily_result_pdf
201308040102,2013,京都,4,1,2,2013-10-05,https://www.jra.go.jp/datafile/seiseki/report/2013/2013-4kyoto1.pdf,official_daily_result_pdf
201308040103,2013,京都,4,1,3,2013-10-05,https://www.jra.go.jp/datafile/seiseki/report/2013/2013-4kyoto1.pdf,official_daily_result_pdf
201308040104,2013,京都,4,1,4,2013-10-05,https://www.jra.go.jp/datafile/seiseki/report/2013/2013-4kyoto1.pdf,official_daily_result_pdf
201308040105,2013,京都,4,1,5,2013-10-05,https://www.jra.go.jp/datafile/seiseki/report/2013/2013-4kyoto1.pdf,official_daily_result_pdf
201308040106,2013,京都,4,1,6,2013-10-05,https://www.jra.go.jp/datafile/seiseki/report/2013/2013-4kyoto1.pdf,official_daily_result_pdf
201308040107,2013,京都,4,1,7,2013-10-05,https://www.jra.go.jp/datafile/seiseki/report/2013/2013-4kyoto1.pdf,official_daily_result_pdf
201308040108,2013,京都,4,1,8,2013-10-05,https://www.jra.go.jp/datafile/seiseki/report/2013/2013-4kyoto1.pdf,official_daily_result_pdf
201308040109,2013,京都,4,1,9,2013-10-05,https://www.jra.go.jp/datafile/seiseki/report/2013/2013-4kyoto1.pdf,official_daily_result_pdf
201308040110,2013,京都,4,1,10,2013-10-05,https://www.jra.go.jp/datafile/seiseki/report/2013/2013-4kyoto1.pdf,official_daily_result_pdf
201308040111,2013,京都,4,1,11,2013-10-05,https://www.jra.go.jp/datafile/seiseki/report/2013/2013-4kyoto1.pdf,official_daily_result_pdf
201308040112,2013,京都,4,1,12,2013-10-05,https://www.jra.go.jp/datafile/seiseki/report/2013/2013-4kyoto1.pdf,official_daily_result_pdf
201308040201,2013,京都,4,2,1,2013-10-06,https://www.jra.go.jp/datafile/seiseki/report/2013/2013-4kyoto2.pdf,official_daily_result_pdf
201308040202,2013,京都,4,2,2,2013-10-06,https://www.jra.go.jp/datafile/seiseki/report/2013/2013-4kyoto2.pdf,official_daily_result_pdf
201308040203,2013,京都,4,2,3,2013-10-06,https://www.jra.go.jp/datafile/seiseki/report/2013/2013-4kyoto2.pdf,official_daily_result_pdf
201308040204,2013,京都,4,2,4,2013-10-06,https://www.jra.go.jp/datafile/seiseki/report/2013/2013-4kyoto2.pdf,official_daily_result_pdf
201308040205,2013,京都,4,2,5,2013-10-06,https://www.jra.go.jp/datafile/seiseki/report/2013/2013-4kyoto2.pdf,official_daily_result_pdf
201308040206,2013,京都,4,2,6,2013-10-06,https://www.jra.go.jp/datafile/seiseki/report/2013/2013-4kyoto2.pdf,official_daily_result_pdf
201308040207,2013,京都,4,2,7,2013-10-06,https://www.jra.go.jp/datafile/seiseki/report/2013/2013-4kyoto2.pdf,official_daily_result_pdf
201308040208,2013,京都,4,2,8,2013-10-06,https://www.jra.go.jp/datafile/seiseki/report/2013/2013-4kyoto2.pdf,official_daily_result_pdf
201308040209,2013,京都,4,2,9,2013-10-06,https://www.jra.go.jp/datafile/seiseki/report/2013/2013-4kyoto2.pdf,official_daily_result_pdf
201308040210,2013,京都,4,2,10,2013-10-06,https://www.jra.go.jp/datafile/seiseki/report/2013/2013-4kyoto2.pdf,official_daily_result_pdf
201308040211,2013,京都,4,2,11,2013-10-06,https://www.jra.go.jp/datafile/seiseki/report/2013/2013-4kyoto2.pdf,official_daily_result_pdf
201308040212,2013,京都,4,2,12,2013-10-06,https://www.jra.go.jp/datafile/seiseki/report/2013/2013-4kyoto2.pdf,official_daily_result_pdf
201308040301,2013,京都,4,3,1,2013-10-12,https://www.jra.go.jp/datafile/seiseki/report/2013/2013-4kyoto3.pdf,official_daily_result_pdf
201308040302,2013,京都,4,3,2,2013-10-12,https://www.jra.go.jp/datafile/seiseki/report/2013/2013-4kyoto3.pdf,official_daily_result_pdf
201308040303,2013,京都,4,3,3,2013-10-12,https://www.jra.go.jp/datafile/seiseki/report/2013/2013-4kyoto3.pdf,official_daily_result_pdf
201308040304,2013,京都,4,3,4,2013-10-12,https://www.jra.go.jp/datafile/seiseki/report/2013/2013-4kyoto3.pdf,official_daily_result_pdf
201308040305,2013,京都,4,3,5,2013-10-12,https://www.jra.go.jp/datafile/seiseki/report/2013/2013-4kyoto3.pdf,official_daily_result_pdf
201308040306,2013,京都,4,3,6,2013-10-12,https://www.jra.go.jp/datafile/seiseki/report/2013/2013-4kyoto3.pdf,official_daily_result_pdf
201308040307,2013,京都,4,3,7,2013-10-12,https://www.jra.go.jp/datafile/seiseki/report/2013/2013-4kyoto3.pdf,official_daily_result_pdf
201308040308,2013,京都,4,3,8,2013-10-12,https://www.jra.go.jp/datafile/seiseki/report/2013/2013-4kyoto3.pdf,official_daily_result_pdf
201308040309,2013,京都,4,3,9,2013-10-12,https://www.jra.go.jp/datafile/seiseki/report/2013/2013-4kyoto3.pdf,official_daily_result_pdf
201308040310,2013,京都,4,3,10,2013-10-12,https://www.jra.go.jp/datafile/seiseki/report/2013/2013-4kyoto3.pdf,official_daily_result_pdf
201308040311,2013,京都,4,3,11,2013-10-12,https://www.jra.go.jp/datafile/seiseki/report/2013/2013-4kyoto3.pdf,official_daily_result_pdf
201308040312,2013,京都,4,3,12,2013-10-12,https://www.jra.go.jp/datafile/seiseki/report/2013/2013-4kyoto3.pdf,official_daily_result_pdf
201308040401,2013,京都,4,4,1,2013-10-13,https://www.jra.go.jp/datafile/seiseki/report/2013/2013-4kyoto4.pdf,official_daily_result_pdf
201308040402,2013,京都,4,4,2,2013-10-13,https://www.jra.go.jp/datafile/seiseki/report/2013/2013-4kyoto4.pdf,official_daily_result_pdf
201308040403,2013,京都,4,4,3,2013-10-13,https://www.jra.go.jp/datafile/seiseki/report/2013/2013-4kyoto4.pdf,official_daily_result_pdf
201308040404,2013,京都,4,4,4,2013-10-13,https://www.jra.go.jp/datafile/seiseki/report/2013/2013-4kyoto4.pdf,official_daily_result_pdf
201308040405,2013,京都,4,4,5,2013-10-13,https://www.jra.go.jp/datafile/seiseki/report/2013/2013-4kyoto4.pdf,official_daily_result_pdf
201308040406,2013,京都,4,4,6,2013-10-13,https://www.jra.go.jp/datafile/seiseki/report/2013/2013-4kyoto4.pdf,official_daily_result_pdf
201308040407,2013,京都,4,4,7,2013-10-13,https://www.jra.go.jp/datafile/seiseki/report/2013/2013-4kyoto4.pdf,official_daily_result_pdf
201308040408,2013,京都,4,4,8,2013-10-13,https://www.jra.go.jp/datafile/seiseki/report/2013/2013-4kyoto4.pdf,official_daily_result_pdf
201308040409,2013,京都,4,4,9,2013-10-13,https://www.jra.go.jp/datafile/seiseki/report/2013/2013-4kyoto4.pdf,official_daily_result_pdf
201308040410,2013,京都,4,4,10,2013-10-13,https://www.jra.go.jp/datafile/seiseki/report/2013/2013-4kyoto4.pdf,official_daily_result_pdf
201308040411,2013,京都,4,4,11,2013-10-13,https://www.jra.go.jp/datafile/seiseki/report/2013/2013-4kyoto4.pdf,official_daily_result_pdf
201308040412,2013,京都,4,4,12,2013-10-13,https://www.jra.go.jp/datafile/seiseki/report/2013/2013-4kyoto4.pdf,official_daily_result_pdf
201308040501,2013,京都,4,5,1,2013-10-14,https://www.jra.go.jp/datafile/seiseki/report/2013/2013-4kyoto5.pdf,official_daily_result_pdf
201308040502,2013,京都,4,5,2,2013-10-14,https://www.jra.go.jp/datafile/seiseki/report/2013/2013-4kyoto5.pdf,official_daily_result_pdf
201308040503,2013,京都,4,5,3,2013-10-14,https://www.jra.go.jp/datafile/seiseki/report/2013/2013-4kyoto5.pdf,official_daily_result_pdf
201308040504,2013,京都,4,5,4,2013-10-14,https://www.jra.go.jp/datafile/seiseki/report/2013/2013-4kyoto5.pdf,official_daily_result_pdf
201308040505,2013,京都,4,5,5,2013-10-14,https://www.jra.go.jp/datafile/seiseki/report/2013/2013-4kyoto5.pdf,official_daily_result_pdf
201308040506,2013,京都,4,5,6,2013-10-14,https://www.jra.go.jp/datafile/seiseki/report/2013/2013-4kyoto5.pdf,official_daily_result_pdf
201308040507,2013,京都,4,5,7,2013-10-14,https://www.jra.go.jp/datafile/seiseki/report/2013/2013-4kyoto5.pdf,official_daily_result_pdf
201308040508,2013,京都,4,5,8,2013-10-14,https://www.jra.go.jp/datafile/seiseki/report/2013/2013-4kyoto5.pdf,official_daily_result_pdf
201308040509,2013,京都,4,5,9,2013-10-14,https://www.jra.go.jp/datafile/seiseki/report/2013/2013-4kyoto5.pdf,official_daily_result_pdf
201308040510,2013,京都,4,5,10,2013-10-14,https://www.jra.go.jp/datafile/seiseki/report/2013/2013-4kyoto5.pdf,official_daily_result_pdf
201308040511,2013,京都,4,5,11,2013-10-14,https://www.jra.go.jp/datafile/seiseki/report/2013/2013-4kyoto5.pdf,official_daily_result_pdf
201308040512,2013,京都,4,5,12,2013-10-14,https://www.jra.go.jp/datafile/seiseki/report/2013/2013-4kyoto5.pdf,official_daily_result_pdf
201308040601,2013,京都,4,6,1,2013-10-19,https://www.jra.go.jp/datafile/seiseki/report/2013/2013-4kyoto6.pdf,official_daily_result_pdf
201308040602,2013,京都,4,6,2,2013-10-19,https://www.jra.go.jp/datafile/seiseki/report/2013/2013-4kyoto6.pdf,official_daily_result_pdf
201308040603,2013,京都,4,6,3,2013-10-19,https://www.jra.go.jp/datafile/seiseki/report/2013/2013-4kyoto6.pdf,official_daily_result_pdf
201308040604,2013,京都,4,6,4,2013-10-19,https://www.jra.go.jp/datafile/seiseki/report/2013/2013-4kyoto6.pdf,official_daily_result_pdf
201308040605,2013,京都,4,6,5,2013-10-19,https://www.jra.go.jp/datafile/seiseki/report/2013/2013-4kyoto6.pdf,official_daily_result_pdf
201308040606,2013,京都,4,6,6,2013-10-19,https://www.jra.go.jp/datafile/seiseki/report/2013/2013-4kyoto6.pdf,official_daily_result_pdf
201308040607,2013,京都,4,6,7,2013-10-19,https://www.jra.go.jp/datafile/seiseki/report/2013/2013-4kyoto6.pdf,official_daily_result_pdf
201308040608,2013,京都,4,6,8,2013-10-19,https://www.jra.go.jp/datafile/seiseki/report/2013/2013-4kyoto6.pdf,official_daily_result_pdf
201308040609,2013,京都,4,6,9,2013-10-19,https://www.jra.go.jp/datafile/seiseki/report/2013/2013-4kyoto6.pdf,official_daily_result_pdf
201308040610,2013,京都,4,6,10,2013-10-19,https://www.jra.go.jp/datafile/seiseki/report/2013/2013-4kyoto6.pdf,official_daily_result_pdf
201308040611,2013,京都,4,6,11,2013-10-19,https://www.jra.go.jp/datafile/seiseki/report/2013/2013-4kyoto6.pdf,official_daily_result_pdf
201308040612,2013,京都,4,6,12,2013-10-19,https://www.jra.go.jp/datafile/seiseki/report/2013/2013-4kyoto6.pdf,official_daily_result_pdf
201308040701,2013,京都,4,7,1,2013-10-20,https://www.jra.go.jp/datafile/seiseki/report/2013/2013-4kyoto7.pdf,official_daily_result_pdf
201308040702,2013,京都,4,7,2,2013-10-20,https://www.jra.go.jp/datafile/seiseki/report/2013/2013-4kyoto7.pdf,official_daily_result_pdf
201308040703,2013,京都,4,7,3,2013-10-20,https://www.jra.go.jp/datafile/seiseki/report/2013/2013-4kyoto7.pdf,official_daily_result_pdf
201308040704,2013,京都,4,7,4,2013-10-20,https://www.jra.go.jp/datafile/seiseki/report/2013/2013-4kyoto7.pdf,official_daily_result_pdf
201308040705,2013,京都,4,7,5,2013-10-20,https://www.jra.go.jp/datafile/seiseki/report/2013/2013-4kyoto7.pdf,official_daily_result_pdf
201308040706,2013,京都,4,7,6,2013-10-20,https://www.jra.go.jp/datafile/seiseki/report/2013/2013-4kyoto7.pdf,official_daily_result_pdf
201308040707,2013,京都,4,7,7,2013-10-20,https://www.jra.go.jp/datafile/seiseki/report/2013/2013-4kyoto7.pdf,official_daily_result_pdf
201308040708,2013,京都,4,7,8,2013-10-20,https://www.jra.go.jp/datafile/seiseki/report/2013/2013-4kyoto7.pdf,official_daily_result_pdf
201308040709,2013,京都,4,7,9,2013-10-20,https://www.jra.go.jp/datafile/seiseki/report/2013/2013-4kyoto7.pdf,official_daily_result_pdf
201308040710,2013,京都,4,7,10,2013-10-20,https://www.jra.go.jp/datafile/seiseki/report/2013/2013-4kyoto7.pdf,official_daily_result_pdf
201308040711,2013,京都,4,7,11,2013-10-20,https://www.jra.go.jp/datafile/seiseki/report/2013/2013-4kyoto7.pdf,official_daily_result_pdf
201308040712,2013,京都,4,7,12,2013-10-20,https://www.jra.go.jp/datafile/seiseki/report/2013/2013-4kyoto7.pdf,official_daily_result_pdf
201308040801,2013,京都,4,8,1,2013-10-26,https://www.jra.go.jp/datafile/seiseki/report/2013/2013-4kyoto8.pdf,official_daily_result_pdf
201308040802,2013,京都,4,8,2,2013-10-26,https://www.jra.go.jp/datafile/seiseki/report/2013/2013-4kyoto8.pdf,official_daily_result_pdf
201308040803,2013,京都,4,8,3,2013-10-26,https://www.jra.go.jp/datafile/seiseki/report/2013/2013-4kyoto8.pdf,official_daily_result_pdf
201308040804,2013,京都,4,8,4,2013-10-26,https://www.jra.go.jp/datafile/seiseki/report/2013/2013-4kyoto8.pdf,official_daily_result_pdf
201308040805,2013,京都,4,8,5,2013-10-26,https://www.jra.go.jp/datafile/seiseki/report/2013/2013-4kyoto8.pdf,official_daily_result_pdf
201308040806,2013,京都,4,8,6,2013-10-26,https://www.jra.go.jp/datafile/seiseki/report/2013/2013-4kyoto8.pdf,official_daily_result_pdf
201308040807,2013,京都,4,8,7,2013-10-26,https://www.jra.go.jp/datafile/seiseki/report/2013/2013-4kyoto8.pdf,official_daily_result_pdf
201308040808,2013,京都,4,8,8,2013-10-26,https://www.jra.go.jp/datafile/seiseki/report/2013/2013-4kyoto8.pdf,official_daily_result_pdf
201308040809,2013,京都,4,8,9,2013-10-26,https://www.jra.go.jp/datafile/seiseki/report/2013/2013-4kyoto8.pdf,official_daily_result_pdf
201308040810,2013,京都,4,8,10,2013-10-26,https://www.jra.go.jp/datafile/seiseki/report/2013/2013-4kyoto8.pdf,official_daily_result_pdf
201308040811,2013,京都,4,8,11,2013-10-26,https://www.jra.go.jp/datafile/seiseki/report/2013/2013-4kyoto8.pdf,official_daily_result_pdf
201308040812,2013,京都,4,8,12,2013-10-26,https://www.jra.go.jp/datafile/seiseki/report/2013/2013-4kyoto8.pdf,official_daily_result_pdf
201308040901,2013,京都,4,9,1,2013-10-27,https://www.jra.go.jp/datafile/seiseki/report/2013/2013-4kyoto9.pdf,official_daily_result_pdf
201308040902,2013,京都,4,9,2,2013-10-27,https://www.jra.go.jp/datafile/seiseki/report/2013/2013-4kyoto9.pdf,official_daily_result_pdf
201308040903,2013,京都,4,9,3,2013-10-27,https://www.jra.go.jp/datafile/seiseki/report/2013/2013-4kyoto9.pdf,official_daily_result_pdf
201308040904,2013,京都,4,9,4,2013-10-27,https://www.jra.go.jp/datafile/seiseki/report/2013/2013-4kyoto9.pdf,official_daily_result_pdf
201308040905,2013,京都,4,9,5,2013-10-27,https://www.jra.go.jp/datafile/seiseki/report/2013/2013-4kyoto9.pdf,official_daily_result_pdf
201308040906,2013,京都,4,9,6,2013-10-27,https://www.jra.go.jp/datafile/seiseki/report/2013/2013-4kyoto9.pdf,official_daily_result_pdf
201308040907,2013,京都,4,9,7,2013-10-27,https://www.jra.go.jp/datafile/seiseki/report/2013/2013-4kyoto9.pdf,official_daily_result_pdf
201308040908,2013,京都,4,9,8,2013-10-27,https://www.jra.go.jp/datafile/seiseki/report/2013/2013-4kyoto9.pdf,official_daily_result_pdf
201308040909,2013,京都,4,9,9,2013-10-27,https://www.jra.go.jp/datafile/seiseki/report/2013/2013-4kyoto9.pdf,official_daily_result_pdf
201308040910,2013,京都,4,9,10,2013-10-27,https://www.jra.go.jp/datafile/seiseki/report/2013/2013-4kyoto9.pdf,official_daily_result_pdf
201308040911,2013,京都,4,9,11,2013-10-27,https://www.jra.go.jp/datafile/seiseki/report/2013/2013-4kyoto9.pdf,official_daily_result_pdf
201308040912,2013,京都,4,9,12,2013-10-27,https://www.jra.go.jp/datafile/seiseki/report/2013/2013-4kyoto9.pdf,official_daily_result_pdf
201308050101,2013,京都,5,1,1,2013-11-02,https://www.jra.go.jp/datafile/seiseki/report/2013/2013-5kyoto1.pdf,official_daily_result_pdf
201308050102,2013,京都,5,1,2,2013-11-02,https://www.jra.go.jp/datafile/seiseki/report/2013/2013-5kyoto1.pdf,official_daily_result_pdf
201308050103,2013,京都,5,1,3,2013-11-02,https://www.jra.go.jp/datafile/seiseki/report/2013/2013-5kyoto1.pdf,official_daily_result_pdf
201308050104,2013,京都,5,1,4,2013-11-02,https://www.jra.go.jp/datafile/seiseki/report/2013/2013-5kyoto1.pdf,official_daily_result_pdf
201308050105,2013,京都,5,1,5,2013-11-02,https://www.jra.go.jp/datafile/seiseki/report/2013/2013-5kyoto1.pdf,official_daily_result_pdf
201308050106,2013,京都,5,1,6,2013-11-02,https://www.jra.go.jp/datafile/seiseki/report/2013/2013-5kyoto1.pdf,official_daily_result_pdf
201308050107,2013,京都,5,1,7,2013-11-02,https://www.jra.go.jp/datafile/seiseki/report/2013/2013-5kyoto1.pdf,official_daily_result_pdf
201308050108,2013,京都,5,1,8,2013-11-02,https://www.jra.go.jp/datafile/seiseki/report/2013/2013-5kyoto1.pdf,official_daily_result_pdf
201308050109,2013,京都,5,1,9,2013-11-02,https://www.jra.go.jp/datafile/seiseki/report/2013/2013-5kyoto1.pdf,official_daily_result_pdf
201308050110,2013,京都,5,1,10,2013-11-02,https://www.jra.go.jp/datafile/seiseki/report/2013/2013-5kyoto1.pdf,official_daily_result_pdf
201308050111,2013,京都,5,1,11,2013-11-02,https://www.jra.go.jp/datafile/seiseki/report/2013/2013-5kyoto1.pdf,official_daily_result_pdf
201308050112,2013,京都,5,1,12,2013-11-02,https://www.jra.go.jp/datafile/seiseki/report/2013/2013-5kyoto1.pdf,official_daily_result_pdf
201308050201,2013,京都,5,2,1,2013-11-03,https://www.jra.go.jp/datafile/seiseki/report/2013/2013-5kyoto2.pdf,official_daily_result_pdf
201308050202,2013,京都,5,2,2,2013-11-03,https://www.jra.go.jp/datafile/seiseki/report/2013/2013-5kyoto2.pdf,official_daily_result_pdf
201308050203,2013,京都,5,2,3,2013-11-03,https://www.jra.go.jp/datafile/seiseki/report/2013/2013-5kyoto2.pdf,official_daily_result_pdf
201308050204,2013,京都,5,2,4,2013-11-03,https://www.jra.go.jp/datafile/seiseki/report/2013/2013-5kyoto2.pdf,official_daily_result_pdf
201308050205,2013,京都,5,2,5,2013-11-03,https://www.jra.go.jp/datafile/seiseki/report/2013/2013-5kyoto2.pdf,official_daily_result_pdf
201308050206,2013,京都,5,2,6,2013-11-03,https://www.jra.go.jp/datafile/seiseki/report/2013/2013-5kyoto2.pdf,official_daily_result_pdf
201308050207,2013,京都,5,2,7,2013-11-03,https://www.jra.go.jp/datafile/seiseki/report/2013/2013-5kyoto2.pdf,official_daily_result_pdf
201308050208,2013,京都,5,2,8,2013-11-03,https://www.jra.go.jp/datafile/seiseki/report/2013/2013-5kyoto2.pdf,official_daily_result_pdf
201308050209,2013,京都,5,2,9,2013-11-03,https://www.jra.go.jp/datafile/seiseki/report/2013/2013-5kyoto2.pdf,official_daily_result_pdf
201308050210,2013,京都,5,2,10,2013-11-03,https://www.jra.go.jp/datafile/seiseki/report/2013/2013-5kyoto2.pdf,official_daily_result_pdf
201308050211,2013,京都,5,2,11,2013-11-03,https://www.jra.go.jp/datafile/seiseki/report/2013/2013-5kyoto2.pdf,official_daily_result_pdf
201308050212,2013,京都,5,2,12,2013-11-03,https://www.jra.go.jp/datafile/seiseki/report/2013/2013-5kyoto2.pdf,official_daily_result_pdf
201308050301,2013,京都,5,3,1,2013-11-09,https://www.jra.go.jp/datafile/seiseki/report/2013/2013-5kyoto3.pdf,official_daily_result_pdf
201308050302,2013,京都,5,3,2,2013-11-09,https://www.jra.go.jp/datafile/seiseki/report/2013/2013-5kyoto3.pdf,official_daily_result_pdf
201308050303,2013,京都,5,3,3,2013-11-09,https://www.jra.go.jp/datafile/seiseki/report/2013/2013-5kyoto3.pdf,official_daily_result_pdf
201308050304,2013,京都,5,3,4,2013-11-09,https://www.jra.go.jp/datafile/seiseki/report/2013/2013-5kyoto3.pdf,official_daily_result_pdf
201308050305,2013,京都,5,3,5,2013-11-09,https://www.jra.go.jp/datafile/seiseki/report/2013/2013-5kyoto3.pdf,official_daily_result_pdf
201308050306,2013,京都,5,3,6,2013-11-09,https://www.jra.go.jp/datafile/seiseki/report/2013/2013-5kyoto3.pdf,official_daily_result_pdf
201308050307,2013,京都,5,3,7,2013-11-09,https://www.jra.go.jp/datafile/seiseki/report/2013/2013-5kyoto3.pdf,official_daily_result_pdf
201308050308,2013,京都,5,3,8,2013-11-09,https://www.jra.go.jp/datafile/seiseki/report/2013/2013-5kyoto3.pdf,official_daily_result_pdf
201308050309,2013,京都,5,3,9,2013-11-09,https://www.jra.go.jp/datafile/seiseki/report/2013/2013-5kyoto3.pdf,official_daily_result_pdf
201308050310,2013,京都,5,3,10,2013-11-09,https://www.jra.go.jp/datafile/seiseki/report/2013/2013-5kyoto3.pdf,official_daily_result_pdf
201308050311,2013,京都,5,3,11,2013-11-09,https://www.jra.go.jp/datafile/seiseki/report/2013/2013-5kyoto3.pdf,official_daily_result_pdf
201308050312,2013,京都,5,3,12,2013-11-09,https://www.jra.go.jp/datafile/seiseki/report/2013/2013-5kyoto3.pdf,official_daily_result_pdf
201308050401,2013,京都,5,4,1,2013-11-10,https://www.jra.go.jp/datafile/seiseki/report/2013/2013-5kyoto4.pdf,official_daily_result_pdf
201308050402,2013,京都,5,4,2,2013-11-10,https://www.jra.go.jp/datafile/seiseki/report/2013/2013-5kyoto4.pdf,official_daily_result_pdf
201308050403,2013,京都,5,4,3,2013-11-10,https://www.jra.go.jp/datafile/seiseki/report/2013/2013-5kyoto4.pdf,official_daily_result_pdf
201308050404,2013,京都,5,4,4,2013-11-10,https://www.jra.go.jp/datafile/seiseki/report/2013/2013-5kyoto4.pdf,official_daily_result_pdf
201308050405,2013,京都,5,4,5,2013-11-10,https://www.jra.go.jp/datafile/seiseki/report/2013/2013-5kyoto4.pdf,official_daily_result_pdf
201308050406,2013,京都,5,4,6,2013-11-10,https://www.jra.go.jp/datafile/seiseki/report/2013/2013-5kyoto4.pdf,official_daily_result_pdf
201308050407,2013,京都,5,4,7,2013-11-10,https://www.jra.go.jp/datafile/seiseki/report/2013/2013-5kyoto4.pdf,official_daily_result_pdf
201308050408,2013,京都,5,4,8,2013-11-10,https://www.jra.go.jp/datafile/seiseki/report/2013/2013-5kyoto4.pdf,official_daily_result_pdf
201308050409,2013,京都,5,4,9,2013-11-10,https://www.jra.go.jp/datafile/seiseki/report/2013/2013-5kyoto4.pdf,official_daily_result_pdf
201308050410,2013,京都,5,4,10,2013-11-10,https://www.jra.go.jp/datafile/seiseki/report/2013/2013-5kyoto4.pdf,official_daily_result_pdf
201308050411,2013,京都,5,4,11,2013-11-10,https://www.jra.go.jp/datafile/seiseki/report/2013/2013-5kyoto4.pdf,official_daily_result_pdf
201308050412,2013,京都,5,4,12,2013-11-10,https://www.jra.go.jp/datafile/seiseki/report/2013/2013-5kyoto4.pdf,official_daily_result_pdf
201308050501,2013,京都,5,5,1,2013-11-16,https://www.jra.go.jp/datafile/seiseki/report/2013/2013-5kyoto5.pdf,official_daily_result_pdf
201308050502,2013,京都,5,5,2,2013-11-16,https://www.jra.go.jp/datafile/seiseki/report/2013/2013-5kyoto5.pdf,official_daily_result_pdf
201308050503,2013,京都,5,5,3,2013-11-16,https://www.jra.go.jp/datafile/seiseki/report/2013/2013-5kyoto5.pdf,official_daily_result_pdf
201308050504,2013,京都,5,5,4,2013-11-16,https://www.jra.go.jp/datafile/seiseki/report/2013/2013-5kyoto5.pdf,official_daily_result_pdf
201308050505,2013,京都,5,5,5,2013-11-16,https://www.jra.go.jp/datafile/seiseki/report/2013/2013-5kyoto5.pdf,official_daily_result_pdf
201308050506,2013,京都,5,5,6,2013-11-16,https://www.jra.go.jp/datafile/seiseki/report/2013/2013-5kyoto5.pdf,official_daily_result_pdf
201308050507,2013,京都,5,5,7,2013-11-16,https://www.jra.go.jp/datafile/seiseki/report/2013/2013-5kyoto5.pdf,official_daily_result_pdf
201308050508,2013,京都,5,5,8,2013-11-16,https://www.jra.go.jp/datafile/seiseki/report/2013/2013-5kyoto5.pdf,official_daily_result_pdf
201308050509,2013,京都,5,5,9,2013-11-16,https://www.jra.go.jp/datafile/seiseki/report/2013/2013-5kyoto5.pdf,official_daily_result_pdf
201308050510,2013,京都,5,5,10,2013-11-16,https://www.jra.go.jp/datafile/seiseki/report/2013/2013-5kyoto5.pdf,official_daily_result_pdf
201308050511,2013,京都,5,5,11,2013-11-16,https://www.jra.go.jp/datafile/seiseki/report/2013/2013-5kyoto5.pdf,official_daily_result_pdf
201308050512,2013,京都,5,5,12,2013-11-16,https://www.jra.go.jp/datafile/seiseki/report/2013/2013-5kyoto5.pdf,official_daily_result_pdf
201308050601,2013,京都,5,6,1,2013-11-17,https://www.jra.go.jp/datafile/seiseki/report/2013/2013-5kyoto6.pdf,official_daily_result_pdf
201308050602,2013,京都,5,6,2,2013-11-17,https://www.jra.go.jp/datafile/seiseki/report/2013/2013-5kyoto6.pdf,official_daily_result_pdf
201308050603,2013,京都,5,6,3,2013-11-17,https://www.jra.go.jp/datafile/seiseki/report/2013/2013-5kyoto6.pdf,official_daily_result_pdf
201308050604,2013,京都,5,6,4,2013-11-17,https://www.jra.go.jp/datafile/seiseki/report/2013/2013-5kyoto6.pdf,official_daily_result_pdf
201308050605,2013,京都,5,6,5,2013-11-17,https://www.jra.go.jp/datafile/seiseki/report/2013/2013-5kyoto6.pdf,official_daily_result_pdf
201308050606,2013,京都,5,6,6,2013-11-17,https://www.jra.go.jp/datafile/seiseki/report/2013/2013-5kyoto6.pdf,official_daily_result_pdf
201308050607,2013,京都,5,6,7,2013-11-17,https://www.jra.go.jp/datafile/seiseki/report/2013/2013-5kyoto6.pdf,official_daily_result_pdf
201308050608,2013,京都,5,6,8,2013-11-17,https://www.jra.go.jp/datafile/seiseki/report/2013/2013-5kyoto6.pdf,official_daily_result_pdf
201308050609,2013,京都,5,6,9,2013-11-17,https://www.jra.go.jp/datafile/seiseki/report/2013/2013-5kyoto6.pdf,official_daily_result_pdf
201308050610,2013,京都,5,6,10,2013-11-17,https://www.jra.go.jp/datafile/seiseki/report/2013/2013-5kyoto6.pdf,official_daily_result_pdf
201308050611,2013,京都,5,6,11,2013-11-17,https://www.jra.go.jp/datafile/seiseki/report/2013/2013-5kyoto6.pdf,official_daily_result_pdf
201308050612,2013,京都,5,6,12,2013-11-17,https://www.jra.go.jp/datafile/seiseki/report/2013/2013-5kyoto6.pdf,official_daily_result_pdf
201308050701,2013,京都,5,7,1,2013-11-23,https://www.jra.go.jp/datafile/seiseki/report/2013/2013-5kyoto7.pdf,official_daily_result_pdf
201308050702,2013,京都,5,7,2,2013-11-23,https://www.jra.go.jp/datafile/seiseki/report/2013/2013-5kyoto7.pdf,official_daily_result_pdf
201308050703,2013,京都,5,7,3,2013-11-23,https://www.jra.go.jp/datafile/seiseki/report/2013/2013-5kyoto7.pdf,official_daily_result_pdf
201308050704,2013,京都,5,7,4,2013-11-23,https://www.jra.go.jp/datafile/seiseki/report/2013/2013-5kyoto7.pdf,official_daily_result_pdf
201308050705,2013,京都,5,7,5,2013-11-23,https://www.jra.go.jp/datafile/seiseki/report/2013/2013-5kyoto7.pdf,official_daily_result_pdf
201308050706,2013,京都,5,7,6,2013-11-23,https://www.jra.go.jp/datafile/seiseki/report/2013/2013-5kyoto7.pdf,official_daily_result_pdf
201308050707,2013,京都,5,7,7,2013-11-23,https://www.jra.go.jp/datafile/seiseki/report/2013/2013-5kyoto7.pdf,official_daily_result_pdf
201308050708,2013,京都,5,7,8,2013-11-23,https://www.jra.go.jp/datafile/seiseki/report/2013/2013-5kyoto7.pdf,official_daily_result_pdf
201308050709,2013,京都,5,7,9,2013-11-23,https://www.jra.go.jp/datafile/seiseki/report/2013/2013-5kyoto7.pdf,official_daily_result_pdf
201308050710,2013,京都,5,7,10,2013-11-23,https://www.jra.go.jp/datafile/seiseki/report/2013/2013-5kyoto7.pdf,official_daily_result_pdf
201308050711,2013,京都,5,7,11,2013-11-23,https://www.jra.go.jp/datafile/seiseki/report/2013/2013-5kyoto7.pdf,official_daily_result_pdf
201308050712,2013,京都,5,7,12,2013-11-23,https://www.jra.go.jp/datafile/seiseki/report/2013/2013-5kyoto7.pdf,official_daily_result_pdf
201308050801,2013,京都,5,8,1,2013-11-24,https://www.jra.go.jp/datafile/seiseki/report/2013/2013-5kyoto8.pdf,official_daily_result_pdf
201308050802,2013,京都,5,8,2,2013-11-24,https://www.jra.go.jp/datafile/seiseki/report/2013/2013-5kyoto8.pdf,official_daily_result_pdf
201308050803,2013,京都,5,8,3,2013-11-24,https://www.jra.go.jp/datafile/seiseki/report/2013/2013-5kyoto8.pdf,official_daily_result_pdf
201308050804,2013,京都,5,8,4,2013-11-24,https://www.jra.go.jp/datafile/seiseki/report/2013/2013-5kyoto8.pdf,official_daily_result_pdf
201308050805,2013,京都,5,8,5,2013-11-24,https://www.jra.go.jp/datafile/seiseki/report/2013/2013-5kyoto8.pdf,official_daily_result_pdf
201308050806,2013,京都,5,8,6,2013-11-24,https://www.jra.go.jp/datafile/seiseki/report/2013/2013-5kyoto8.pdf,official_daily_result_pdf
201308050807,2013,京都,5,8,7,2013-11-24,https://www.jra.go.jp/datafile/seiseki/report/2013/2013-5kyoto8.pdf,official_daily_result_pdf
201308050808,2013,京都,5,8,8,2013-11-24,https://www.jra.go.jp/datafile/seiseki/report/2013/2013-5kyoto8.pdf,official_daily_result_pdf
201308050809,2013,京都,5,8,9,2013-11-24,https://www.jra.go.jp/datafile/seiseki/report/2013/2013-5kyoto8.pdf,official_daily_result_pdf
201308050810,2013,京都,5,8,10,2013-11-24,https://www.jra.go.jp/datafile/seiseki/report/2013/2013-5kyoto8.pdf,official_daily_result_pdf
201308050811,2013,京都,5,8,11,2013-11-24,https://www.jra.go.jp/datafile/seiseki/report/2013/2013-5kyoto8.pdf,official_daily_result_pdf
201308050812,2013,京都,5,8,12,2013-11-24,https://www.jra.go.jp/datafile/seiseki/report/2013/2013-5kyoto8.pdf,official_daily_result_pdf
201309010101,2013,阪神,1,1,1,2013-02-23,https://www.jra.go.jp/datafile/seiseki/report/2013/2013-1hanshin1.pdf,official_daily_result_pdf
201309010102,2013,阪神,1,1,2,2013-02-23,https://www.jra.go.jp/datafile/seiseki/report/2013/2013-1hanshin1.pdf,official_daily_result_pdf
201309010103,2013,阪神,1,1,3,2013-02-23,https://www.jra.go.jp/datafile/seiseki/report/2013/2013-1hanshin1.pdf,official_daily_result_pdf
201309010104,2013,阪神,1,1,4,2013-02-23,https://www.jra.go.jp/datafile/seiseki/report/2013/2013-1hanshin1.pdf,official_daily_result_pdf
201309010105,2013,阪神,1,1,5,2013-02-23,https://www.jra.go.jp/datafile/seiseki/report/2013/2013-1hanshin1.pdf,official_daily_result_pdf
201309010106,2013,阪神,1,1,6,2013-02-23,https://www.jra.go.jp/datafile/seiseki/report/2013/2013-1hanshin1.pdf,official_daily_result_pdf
201309010107,2013,阪神,1,1,7,2013-02-23,https://www.jra.go.jp/datafile/seiseki/report/2013/2013-1hanshin1.pdf,official_daily_result_pdf
201309010108,2013,阪神,1,1,8,2013-02-23,https://www.jra.go.jp/datafile/seiseki/report/2013/2013-1hanshin1.pdf,official_daily_result_pdf
201309010109,2013,阪神,1,1,9,2013-02-23,https://www.jra.go.jp/datafile/seiseki/report/2013/2013-1hanshin1.pdf,official_daily_result_pdf
201309010110,2013,阪神,1,1,10,2013-02-23,https://www.jra.go.jp/datafile/seiseki/report/2013/2013-1hanshin1.pdf,official_daily_result_pdf
201309010111,2013,阪神,1,1,11,2013-02-23,https://www.jra.go.jp/datafile/seiseki/report/2013/2013-1hanshin1.pdf,official_daily_result_pdf
201309010112,2013,阪神,1,1,12,2013-02-23,https://www.jra.go.jp/datafile/seiseki/report/2013/2013-1hanshin1.pdf,official_daily_result_pdf
201309010201,2013,阪神,1,2,1,2013-02-24,https://www.jra.go.jp/datafile/seiseki/report/2013/2013-1hanshin2.pdf,official_daily_result_pdf
201309010202,2013,阪神,1,2,2,2013-02-24,https://www.jra.go.jp/datafile/seiseki/report/2013/2013-1hanshin2.pdf,official_daily_result_pdf
201309010203,2013,阪神,1,2,3,2013-02-24,https://www.jra.go.jp/datafile/seiseki/report/2013/2013-1hanshin2.pdf,official_daily_result_pdf
201309010204,2013,阪神,1,2,4,2013-02-24,https://www.jra.go.jp/datafile/seiseki/report/2013/2013-1hanshin2.pdf,official_daily_result_pdf
201309010205,2013,阪神,1,2,5,2013-02-24,https://www.jra.go.jp/datafile/seiseki/report/2013/2013-1hanshin2.pdf,official_daily_result_pdf
201309010206,2013,阪神,1,2,6,2013-02-24,https://www.jra.go.jp/datafile/seiseki/report/2013/2013-1hanshin2.pdf,official_daily_result_pdf
201309010207,2013,阪神,1,2,7,2013-02-24,https://www.jra.go.jp/datafile/seiseki/report/2013/2013-1hanshin2.pdf,official_daily_result_pdf
201309010208,2013,阪神,1,2,8,2013-02-24,https://www.jra.go.jp/datafile/seiseki/report/2013/2013-1hanshin2.pdf,official_daily_result_pdf
201309010209,2013,阪神,1,2,9,2013-02-24,https://www.jra.go.jp/datafile/seiseki/report/2013/2013-1hanshin2.pdf,official_daily_result_pdf
201309010210,2013,阪神,1,2,10,2013-02-24,https://www.jra.go.jp/datafile/seiseki/report/2013/2013-1hanshin2.pdf,official_daily_result_pdf
201309010211,2013,阪神,1,2,11,2013-02-24,https://www.jra.go.jp/datafile/seiseki/report/2013/2013-1hanshin2.pdf,official_daily_result_pdf
201309010212,2013,阪神,1,2,12,2013-02-24,https://www.jra.go.jp/datafile/seiseki/report/2013/2013-1hanshin2.pdf,official_daily_result_pdf
201309010301,2013,阪神,1,3,1,2013-03-02,https://www.jra.go.jp/datafile/seiseki/report/2013/2013-1hanshin3.pdf,official_daily_result_pdf
201309010302,2013,阪神,1,3,2,2013-03-02,https://www.jra.go.jp/datafile/seiseki/report/2013/2013-1hanshin3.pdf,official_daily_result_pdf
201309010303,2013,阪神,1,3,3,2013-03-02,https://www.jra.go.jp/datafile/seiseki/report/2013/2013-1hanshin3.pdf,official_daily_result_pdf
201309010304,2013,阪神,1,3,4,2013-03-02,https://www.jra.go.jp/datafile/seiseki/report/2013/2013-1hanshin3.pdf,official_daily_result_pdf
201309010305,2013,阪神,1,3,5,2013-03-02,https://www.jra.go.jp/datafile/seiseki/report/2013/2013-1hanshin3.pdf,official_daily_result_pdf
201309010306,2013,阪神,1,3,6,2013-03-02,https://www.jra.go.jp/datafile/seiseki/report/2013/2013-1hanshin3.pdf,official_daily_result_pdf
201309010307,2013,阪神,1,3,7,2013-03-02,https://www.jra.go.jp/datafile/seiseki/report/2013/2013-1hanshin3.pdf,official_daily_result_pdf
201309010308,2013,阪神,1,3,8,2013-03-02,https://www.jra.go.jp/datafile/seiseki/report/2013/2013-1hanshin3.pdf,official_daily_result_pdf
201309010309,2013,阪神,1,3,9,2013-03-02,https://www.jra.go.jp/datafile/seiseki/report/2013/2013-1hanshin3.pdf,official_daily_result_pdf
201309010310,2013,阪神,1,3,10,2013-03-02,https://www.jra.go.jp/datafile/seiseki/report/2013/2013-1hanshin3.pdf,official_daily_result_pdf
201309010311,2013,阪神,1,3,11,2013-03-02,https://www.jra.go.jp/datafile/seiseki/report/2013/2013-1hanshin3.pdf,official_daily_result_pdf
201309010312,2013,阪神,1,3,12,2013-03-02,https://www.jra.go.jp/datafile/seiseki/report/2013/2013-1hanshin3.pdf,official_daily_result_pdf
201309010401,2013,阪神,1,4,1,2013-03-03,https://www.jra.go.jp/datafile/seiseki/report/2013/2013-1hanshin4.pdf,official_daily_result_pdf
201309010402,2013,阪神,1,4,2,2013-03-03,https://www.jra.go.jp/datafile/seiseki/report/2013/2013-1hanshin4.pdf,official_daily_result_pdf
201309010403,2013,阪神,1,4,3,2013-03-03,https://www.jra.go.jp/datafile/seiseki/report/2013/2013-1hanshin4.pdf,official_daily_result_pdf
201309010404,2013,阪神,1,4,4,2013-03-03,https://www.jra.go.jp/datafile/seiseki/report/2013/2013-1hanshin4.pdf,official_daily_result_pdf
201309010405,2013,阪神,1,4,5,2013-03-03,https://www.jra.go.jp/datafile/seiseki/report/2013/2013-1hanshin4.pdf,official_daily_result_pdf
201309010406,2013,阪神,1,4,6,2013-03-03,https://www.jra.go.jp/datafile/seiseki/report/2013/2013-1hanshin4.pdf,official_daily_result_pdf
201309010407,2013,阪神,1,4,7,2013-03-03,https://www.jra.go.jp/datafile/seiseki/report/2013/2013-1hanshin4.pdf,official_daily_result_pdf
201309010408,2013,阪神,1,4,8,2013-03-03,https://www.jra.go.jp/datafile/seiseki/report/2013/2013-1hanshin4.pdf,official_daily_result_pdf
201309010409,2013,阪神,1,4,9,2013-03-03,https://www.jra.go.jp/datafile/seiseki/report/2013/2013-1hanshin4.pdf,official_daily_result_pdf
201309010410,2013,阪神,1,4,10,2013-03-03,https://www.jra.go.jp/datafile/seiseki/report/2013/2013-1hanshin4.pdf,official_daily_result_pdf
201309010411,2013,阪神,1,4,11,2013-03-03,https://www.jra.go.jp/datafile/seiseki/report/2013/2013-1hanshin4.pdf,official_daily_result_pdf
201309010412,2013,阪神,1,4,12,2013-03-03,https://www.jra.go.jp/datafile/seiseki/report/2013/2013-1hanshin4.pdf,official_daily_result_pdf
201309010501,2013,阪神,1,5,1,2013-03-09,https://www.jra.go.jp/datafile/seiseki/report/2013/2013-1hanshin5.pdf,official_daily_result_pdf
201309010502,2013,阪神,1,5,2,2013-03-09,https://www.jra.go.jp/datafile/seiseki/report/2013/2013-1hanshin5.pdf,official_daily_result_pdf
201309010503,2013,阪神,1,5,3,2013-03-09,https://www.jra.go.jp/datafile/seiseki/report/2013/2013-1hanshin5.pdf,official_daily_result_pdf
201309010504,2013,阪神,1,5,4,2013-03-09,https://www.jra.go.jp/datafile/seiseki/report/2013/2013-1hanshin5.pdf,official_daily_result_pdf
201309010505,2013,阪神,1,5,5,2013-03-09,https://www.jra.go.jp/datafile/seiseki/report/2013/2013-1hanshin5.pdf,official_daily_result_pdf
201309010506,2013,阪神,1,5,6,2013-03-09,https://www.jra.go.jp/datafile/seiseki/report/2013/2013-1hanshin5.pdf,official_daily_result_pdf
201309010507,2013,阪神,1,5,7,2013-03-09,https://www.jra.go.jp/datafile/seiseki/report/2013/2013-1hanshin5.pdf,official_daily_result_pdf
201309010508,2013,阪神,1,5,8,2013-03-09,https://www.jra.go.jp/datafile/seiseki/report/2013/2013-1hanshin5.pdf,official_daily_result_pdf
201309010509,2013,阪神,1,5,9,2013-03-09,https://www.jra.go.jp/datafile/seiseki/report/2013/2013-1hanshin5.pdf,official_daily_result_pdf
201309010510,2013,阪神,1,5,10,2013-03-09,https://www.jra.go.jp/datafile/seiseki/report/2013/2013-1hanshin5.pdf,official_daily_result_pdf
201309010511,2013,阪神,1,5,11,2013-03-09,https://www.jra.go.jp/datafile/seiseki/report/2013/2013-1hanshin5.pdf,official_daily_result_pdf
201309010512,2013,阪神,1,5,12,2013-03-09,https://www.jra.go.jp/datafile/seiseki/report/2013/2013-1hanshin5.pdf,official_daily_result_pdf
201309010601,2013,阪神,1,6,1,2013-03-10,https://www.jra.go.jp/datafile/seiseki/report/2013/2013-1hanshin6.pdf,official_daily_result_pdf
201309010602,2013,阪神,1,6,2,2013-03-10,https://www.jra.go.jp/datafile/seiseki/report/2013/2013-1hanshin6.pdf,official_daily_result_pdf
201309010603,2013,阪神,1,6,3,2013-03-10,https://www.jra.go.jp/datafile/seiseki/report/2013/2013-1hanshin6.pdf,official_daily_result_pdf
201309010604,2013,阪神,1,6,4,2013-03-10,https://www.jra.go.jp/datafile/seiseki/report/2013/2013-1hanshin6.pdf,official_daily_result_pdf
201309010605,2013,阪神,1,6,5,2013-03-10,https://www.jra.go.jp/datafile/seiseki/report/2013/2013-1hanshin6.pdf,official_daily_result_pdf
201309010606,2013,阪神,1,6,6,2013-03-10,https://www.jra.go.jp/datafile/seiseki/report/2013/2013-1hanshin6.pdf,official_daily_result_pdf
201309010607,2013,阪神,1,6,7,2013-03-10,https://www.jra.go.jp/datafile/seiseki/report/2013/2013-1hanshin6.pdf,official_daily_result_pdf
201309010608,2013,阪神,1,6,8,2013-03-10,https://www.jra.go.jp/datafile/seiseki/report/2013/2013-1hanshin6.pdf,official_daily_result_pdf
201309010609,2013,阪神,1,6,9,2013-03-10,https://www.jra.go.jp/datafile/seiseki/report/2013/2013-1hanshin6.pdf,official_daily_result_pdf
201309010610,2013,阪神,1,6,10,2013-03-10,https://www.jra.go.jp/datafile/seiseki/report/2013/2013-1hanshin6.pdf,official_daily_result_pdf
201309010611,2013,阪神,1,6,11,2013-03-10,https://www.jra.go.jp/datafile/seiseki/report/2013/2013-1hanshin6.pdf,official_daily_result_pdf
201309010612,2013,阪神,1,6,12,2013-03-10,https://www.jra.go.jp/datafile/seiseki/report/2013/2013-1hanshin6.pdf,official_daily_result_pdf
201309010701,2013,阪神,1,7,1,2013-03-16,https://www.jra.go.jp/datafile/seiseki/report/2013/2013-1hanshin7.pdf,official_daily_result_pdf
201309010702,2013,阪神,1,7,2,2013-03-16,https://www.jra.go.jp/datafile/seiseki/report/2013/2013-1hanshin7.pdf,official_daily_result_pdf
201309010703,2013,阪神,1,7,3,2013-03-16,https://www.jra.go.jp/datafile/seiseki/report/2013/2013-1hanshin7.pdf,official_daily_result_pdf
201309010704,2013,阪神,1,7,4,2013-03-16,https://www.jra.go.jp/datafile/seiseki/report/2013/2013-1hanshin7.pdf,official_daily_result_pdf
201309010705,2013,阪神,1,7,5,2013-03-16,https://www.jra.go.jp/datafile/seiseki/report/2013/2013-1hanshin7.pdf,official_daily_result_pdf
201309010706,2013,阪神,1,7,6,2013-03-16,https://www.jra.go.jp/datafile/seiseki/report/2013/2013-1hanshin7.pdf,official_daily_result_pdf
201309010707,2013,阪神,1,7,7,2013-03-16,https://www.jra.go.jp/datafile/seiseki/report/2013/2013-1hanshin7.pdf,official_daily_result_pdf
201309010708,2013,阪神,1,7,8,2013-03-16,https://www.jra.go.jp/datafile/seiseki/report/2013/2013-1hanshin7.pdf,official_daily_result_pdf
201309010709,2013,阪神,1,7,9,2013-03-16,https://www.jra.go.jp/datafile/seiseki/report/2013/2013-1hanshin7.pdf,official_daily_result_pdf
201309010710,2013,阪神,1,7,10,2013-03-16,https://www.jra.go.jp/datafile/seiseki/report/2013/2013-1hanshin7.pdf,official_daily_result_pdf
201309010711,2013,阪神,1,7,11,2013-03-16,https://www.jra.go.jp/datafile/seiseki/report/2013/2013-1hanshin7.pdf,official_daily_result_pdf
201309010712,2013,阪神,1,7,12,2013-03-16,https://www.jra.go.jp/datafile/seiseki/report/2013/2013-1hanshin7.pdf,official_daily_result_pdf
201309010801,2013,阪神,1,8,1,2013-03-17,https://www.jra.go.jp/datafile/seiseki/report/2013/2013-1hanshin8.pdf,official_daily_result_pdf
201309010802,2013,阪神,1,8,2,2013-03-17,https://www.jra.go.jp/datafile/seiseki/report/2013/2013-1hanshin8.pdf,official_daily_result_pdf
201309010803,2013,阪神,1,8,3,2013-03-17,https://www.jra.go.jp/datafile/seiseki/report/2013/2013-1hanshin8.pdf,official_daily_result_pdf
201309010804,2013,阪神,1,8,4,2013-03-17,https://www.jra.go.jp/datafile/seiseki/report/2013/2013-1hanshin8.pdf,official_daily_result_pdf
201309010805,2013,阪神,1,8,5,2013-03-17,https://www.jra.go.jp/datafile/seiseki/report/2013/2013-1hanshin8.pdf,official_daily_result_pdf
201309010806,2013,阪神,1,8,6,2013-03-17,https://www.jra.go.jp/datafile/seiseki/report/2013/2013-1hanshin8.pdf,official_daily_result_pdf
201309010807,2013,阪神,1,8,7,2013-03-17,https://www.jra.go.jp/datafile/seiseki/report/2013/2013-1hanshin8.pdf,official_daily_result_pdf
201309010808,2013,阪神,1,8,8,2013-03-17,https://www.jra.go.jp/datafile/seiseki/report/2013/2013-1hanshin8.pdf,official_daily_result_pdf
201309010809,2013,阪神,1,8,9,2013-03-17,https://www.jra.go.jp/datafile/seiseki/report/2013/2013-1hanshin8.pdf,official_daily_result_pdf
201309010810,2013,阪神,1,8,10,2013-03-17,https://www.jra.go.jp/datafile/seiseki/report/2013/2013-1hanshin8.pdf,official_daily_result_pdf
201309010811,2013,阪神,1,8,11,2013-03-17,https://www.jra.go.jp/datafile/seiseki/report/2013/2013-1hanshin8.pdf,official_daily_result_pdf
201309010812,2013,阪神,1,8,12,2013-03-17,https://www.jra.go.jp/datafile/seiseki/report/2013/2013-1hanshin8.pdf,official_daily_result_pdf
201309020101,2013,阪神,2,1,1,2013-03-23,https://www.jra.go.jp/datafile/seiseki/report/2013/2013-2hanshin1.pdf,official_daily_result_pdf
201309020102,2013,阪神,2,1,2,2013-03-23,https://www.jra.go.jp/datafile/seiseki/report/2013/2013-2hanshin1.pdf,official_daily_result_pdf
201309020103,2013,阪神,2,1,3,2013-03-23,https://www.jra.go.jp/datafile/seiseki/report/2013/2013-2hanshin1.pdf,official_daily_result_pdf
201309020104,2013,阪神,2,1,4,2013-03-23,https://www.jra.go.jp/datafile/seiseki/report/2013/2013-2hanshin1.pdf,official_daily_result_pdf
201309020105,2013,阪神,2,1,5,2013-03-23,https://www.jra.go.jp/datafile/seiseki/report/2013/2013-2hanshin1.pdf,official_daily_result_pdf
201309020106,2013,阪神,2,1,6,2013-03-23,https://www.jra.go.jp/datafile/seiseki/report/2013/2013-2hanshin1.pdf,official_daily_result_pdf
201309020107,2013,阪神,2,1,7,2013-03-23,https://www.jra.go.jp/datafile/seiseki/report/2013/2013-2hanshin1.pdf,official_daily_result_pdf
201309020108,2013,阪神,2,1,8,2013-03-23,https://www.jra.go.jp/datafile/seiseki/report/2013/2013-2hanshin1.pdf,official_daily_result_pdf
201309020109,2013,阪神,2,1,9,2013-03-23,https://www.jra.go.jp/datafile/seiseki/report/2013/2013-2hanshin1.pdf,official_daily_result_pdf
201309020110,2013,阪神,2,1,10,2013-03-23,https://www.jra.go.jp/datafile/seiseki/report/2013/2013-2hanshin1.pdf,official_daily_result_pdf
201309020111,2013,阪神,2,1,11,2013-03-23,https://www.jra.go.jp/datafile/seiseki/report/2013/2013-2hanshin1.pdf,official_daily_result_pdf
201309020112,2013,阪神,2,1,12,2013-03-23,https://www.jra.go.jp/datafile/seiseki/report/2013/2013-2hanshin1.pdf,official_daily_result_pdf
201309020201,2013,阪神,2,2,1,2013-03-24,https://www.jra.go.jp/datafile/seiseki/report/2013/2013-2hanshin2.pdf,official_daily_result_pdf
201309020202,2013,阪神,2,2,2,2013-03-24,https://www.jra.go.jp/datafile/seiseki/report/2013/2013-2hanshin2.pdf,official_daily_result_pdf
201309020203,2013,阪神,2,2,3,2013-03-24,https://www.jra.go.jp/datafile/seiseki/report/2013/2013-2hanshin2.pdf,official_daily_result_pdf
201309020204,2013,阪神,2,2,4,2013-03-24,https://www.jra.go.jp/datafile/seiseki/report/2013/2013-2hanshin2.pdf,official_daily_result_pdf
201309020205,2013,阪神,2,2,5,2013-03-24,https://www.jra.go.jp/datafile/seiseki/report/2013/2013-2hanshin2.pdf,official_daily_result_pdf
201309020206,2013,阪神,2,2,6,2013-03-24,https://www.jra.go.jp/datafile/seiseki/report/2013/2013-2hanshin2.pdf,official_daily_result_pdf
201309020207,2013,阪神,2,2,7,2013-03-24,https://www.jra.go.jp/datafile/seiseki/report/2013/2013-2hanshin2.pdf,official_daily_result_pdf
201309020208,2013,阪神,2,2,8,2013-03-24,https://www.jra.go.jp/datafile/seiseki/report/2013/2013-2hanshin2.pdf,official_daily_result_pdf
201309020209,2013,阪神,2,2,9,2013-03-24,https://www.jra.go.jp/datafile/seiseki/report/2013/2013-2hanshin2.pdf,official_daily_result_pdf
201309020210,2013,阪神,2,2,10,2013-03-24,https://www.jra.go.jp/datafile/seiseki/report/2013/2013-2hanshin2.pdf,official_daily_result_pdf
201309020211,2013,阪神,2,2,11,2013-03-24,https://www.jra.go.jp/datafile/seiseki/report/2013/2013-2hanshin2.pdf,official_daily_result_pdf
201309020212,2013,阪神,2,2,12,2013-03-24,https://www.jra.go.jp/datafile/seiseki/report/2013/2013-2hanshin2.pdf,official_daily_result_pdf
201309020301,2013,阪神,2,3,1,2013-03-30,https://www.jra.go.jp/datafile/seiseki/report/2013/2013-2hanshin3.pdf,official_daily_result_pdf
201309020302,2013,阪神,2,3,2,2013-03-30,https://www.jra.go.jp/datafile/seiseki/report/2013/2013-2hanshin3.pdf,official_daily_result_pdf
201309020303,2013,阪神,2,3,3,2013-03-30,https://www.jra.go.jp/datafile/seiseki/report/2013/2013-2hanshin3.pdf,official_daily_result_pdf
201309020304,2013,阪神,2,3,4,2013-03-30,https://www.jra.go.jp/datafile/seiseki/report/2013/2013-2hanshin3.pdf,official_daily_result_pdf
201309020305,2013,阪神,2,3,5,2013-03-30,https://www.jra.go.jp/datafile/seiseki/report/2013/2013-2hanshin3.pdf,official_daily_result_pdf
201309020306,2013,阪神,2,3,6,2013-03-30,https://www.jra.go.jp/datafile/seiseki/report/2013/2013-2hanshin3.pdf,official_daily_result_pdf
201309020307,2013,阪神,2,3,7,2013-03-30,https://www.jra.go.jp/datafile/seiseki/report/2013/2013-2hanshin3.pdf,official_daily_result_pdf
201309020308,2013,阪神,2,3,8,2013-03-30,https://www.jra.go.jp/datafile/seiseki/report/2013/2013-2hanshin3.pdf,official_daily_result_pdf
201309020309,2013,阪神,2,3,9,2013-03-30,https://www.jra.go.jp/datafile/seiseki/report/2013/2013-2hanshin3.pdf,official_daily_result_pdf
201309020310,2013,阪神,2,3,10,2013-03-30,https://www.jra.go.jp/datafile/seiseki/report/2013/2013-2hanshin3.pdf,official_daily_result_pdf
201309020311,2013,阪神,2,3,11,2013-03-30,https://www.jra.go.jp/datafile/seiseki/report/2013/2013-2hanshin3.pdf,official_daily_result_pdf
201309020312,2013,阪神,2,3,12,2013-03-30,https://www.jra.go.jp/datafile/seiseki/report/2013/2013-2hanshin3.pdf,official_daily_result_pdf
201309020401,2013,阪神,2,4,1,2013-03-31,https://www.jra.go.jp/datafile/seiseki/report/2013/2013-2hanshin4.pdf,official_daily_result_pdf
201309020402,2013,阪神,2,4,2,2013-03-31,https://www.jra.go.jp/datafile/seiseki/report/2013/2013-2hanshin4.pdf,official_daily_result_pdf
201309020403,2013,阪神,2,4,3,2013-03-31,https://www.jra.go.jp/datafile/seiseki/report/2013/2013-2hanshin4.pdf,official_daily_result_pdf
201309020404,2013,阪神,2,4,4,2013-03-31,https://www.jra.go.jp/datafile/seiseki/report/2013/2013-2hanshin4.pdf,official_daily_result_pdf
201309020405,2013,阪神,2,4,5,2013-03-31,https://www.jra.go.jp/datafile/seiseki/report/2013/2013-2hanshin4.pdf,official_daily_result_pdf
201309020406,2013,阪神,2,4,6,2013-03-31,https://www.jra.go.jp/datafile/seiseki/report/2013/2013-2hanshin4.pdf,official_daily_result_pdf
201309020407,2013,阪神,2,4,7,2013-03-31,https://www.jra.go.jp/datafile/seiseki/report/2013/2013-2hanshin4.pdf,official_daily_result_pdf
201309020408,2013,阪神,2,4,8,2013-03-31,https://www.jra.go.jp/datafile/seiseki/report/2013/2013-2hanshin4.pdf,official_daily_result_pdf
201309020409,2013,阪神,2,4,9,2013-03-31,https://www.jra.go.jp/datafile/seiseki/report/2013/2013-2hanshin4.pdf,official_daily_result_pdf
201309020410,2013,阪神,2,4,10,2013-03-31,https://www.jra.go.jp/datafile/seiseki/report/2013/2013-2hanshin4.pdf,official_daily_result_pdf
201309020411,2013,阪神,2,4,11,2013-03-31,https://www.jra.go.jp/datafile/seiseki/report/2013/2013-2hanshin4.pdf,official_daily_result_pdf
201309020412,2013,阪神,2,4,12,2013-03-31,https://www.jra.go.jp/datafile/seiseki/report/2013/2013-2hanshin4.pdf,official_daily_result_pdf
201309020501,2013,阪神,2,5,1,2013-04-06,https://www.jra.go.jp/datafile/seiseki/report/2013/2013-2hanshin5.pdf,official_daily_result_pdf
201309020502,2013,阪神,2,5,2,2013-04-06,https://www.jra.go.jp/datafile/seiseki/report/2013/2013-2hanshin5.pdf,official_daily_result_pdf
201309020503,2013,阪神,2,5,3,2013-04-06,https://www.jra.go.jp/datafile/seiseki/report/2013/2013-2hanshin5.pdf,official_daily_result_pdf
201309020504,2013,阪神,2,5,4,2013-04-06,https://www.jra.go.jp/datafile/seiseki/report/2013/2013-2hanshin5.pdf,official_daily_result_pdf
201309020505,2013,阪神,2,5,5,2013-04-06,https://www.jra.go.jp/datafile/seiseki/report/2013/2013-2hanshin5.pdf,official_daily_result_pdf
201309020506,2013,阪神,2,5,6,2013-04-06,https://www.jra.go.jp/datafile/seiseki/report/2013/2013-2hanshin5.pdf,official_daily_result_pdf
201309020507,2013,阪神,2,5,7,2013-04-06,https://www.jra.go.jp/datafile/seiseki/report/2013/2013-2hanshin5.pdf,official_daily_result_pdf
201309020508,2013,阪神,2,5,8,2013-04-06,https://www.jra.go.jp/datafile/seiseki/report/2013/2013-2hanshin5.pdf,official_daily_result_pdf
201309020509,2013,阪神,2,5,9,2013-04-06,https://www.jra.go.jp/datafile/seiseki/report/2013/2013-2hanshin5.pdf,official_daily_result_pdf
201309020510,2013,阪神,2,5,10,2013-04-06,https://www.jra.go.jp/datafile/seiseki/report/2013/2013-2hanshin5.pdf,official_daily_result_pdf
201309020511,2013,阪神,2,5,11,2013-04-06,https://www.jra.go.jp/datafile/seiseki/report/2013/2013-2hanshin5.pdf,official_daily_result_pdf
201309020512,2013,阪神,2,5,12,2013-04-06,https://www.jra.go.jp/datafile/seiseki/report/2013/2013-2hanshin5.pdf,official_daily_result_pdf
201309020601,2013,阪神,2,6,1,2013-04-07,https://www.jra.go.jp/datafile/seiseki/report/2013/2013-2hanshin6.pdf,official_daily_result_pdf
201309020602,2013,阪神,2,6,2,2013-04-07,https://www.jra.go.jp/datafile/seiseki/report/2013/2013-2hanshin6.pdf,official_daily_result_pdf
201309020603,2013,阪神,2,6,3,2013-04-07,https://www.jra.go.jp/datafile/seiseki/report/2013/2013-2hanshin6.pdf,official_daily_result_pdf
201309020604,2013,阪神,2,6,4,2013-04-07,https://www.jra.go.jp/datafile/seiseki/report/2013/2013-2hanshin6.pdf,official_daily_result_pdf
201309020605,2013,阪神,2,6,5,2013-04-07,https://www.jra.go.jp/datafile/seiseki/report/2013/2013-2hanshin6.pdf,official_daily_result_pdf
201309020606,2013,阪神,2,6,6,2013-04-07,https://www.jra.go.jp/datafile/seiseki/report/2013/2013-2hanshin6.pdf,official_daily_result_pdf
201309020607,2013,阪神,2,6,7,2013-04-07,https://www.jra.go.jp/datafile/seiseki/report/2013/2013-2hanshin6.pdf,official_daily_result_pdf
201309020608,2013,阪神,2,6,8,2013-04-07,https://www.jra.go.jp/datafile/seiseki/report/2013/2013-2hanshin6.pdf,official_daily_result_pdf
201309020609,2013,阪神,2,6,9,2013-04-07,https://www.jra.go.jp/datafile/seiseki/report/2013/2013-2hanshin6.pdf,official_daily_result_pdf
201309020610,2013,阪神,2,6,10,2013-04-07,https://www.jra.go.jp/datafile/seiseki/report/2013/2013-2hanshin6.pdf,official_daily_result_pdf
201309020611,2013,阪神,2,6,11,2013-04-07,https://www.jra.go.jp/datafile/seiseki/report/2013/2013-2hanshin6.pdf,official_daily_result_pdf
201309020612,2013,阪神,2,6,12,2013-04-07,https://www.jra.go.jp/datafile/seiseki/report/2013/2013-2hanshin6.pdf,official_daily_result_pdf
201309020701,2013,阪神,2,7,1,2013-04-13,https://www.jra.go.jp/datafile/seiseki/report/2013/2013-2hanshin7.pdf,official_daily_result_pdf
201309020702,2013,阪神,2,7,2,2013-04-13,https://www.jra.go.jp/datafile/seiseki/report/2013/2013-2hanshin7.pdf,official_daily_result_pdf
201309020703,2013,阪神,2,7,3,2013-04-13,https://www.jra.go.jp/datafile/seiseki/report/2013/2013-2hanshin7.pdf,official_daily_result_pdf
201309020704,2013,阪神,2,7,4,2013-04-13,https://www.jra.go.jp/datafile/seiseki/report/2013/2013-2hanshin7.pdf,official_daily_result_pdf
201309020705,2013,阪神,2,7,5,2013-04-13,https://www.jra.go.jp/datafile/seiseki/report/2013/2013-2hanshin7.pdf,official_daily_result_pdf
201309020706,2013,阪神,2,7,6,2013-04-13,https://www.jra.go.jp/datafile/seiseki/report/2013/2013-2hanshin7.pdf,official_daily_result_pdf
201309020707,2013,阪神,2,7,7,2013-04-13,https://www.jra.go.jp/datafile/seiseki/report/2013/2013-2hanshin7.pdf,official_daily_result_pdf
201309020708,2013,阪神,2,7,8,2013-04-13,https://www.jra.go.jp/datafile/seiseki/report/2013/2013-2hanshin7.pdf,official_daily_result_pdf
201309020709,2013,阪神,2,7,9,2013-04-13,https://www.jra.go.jp/datafile/seiseki/report/2013/2013-2hanshin7.pdf,official_daily_result_pdf
201309020710,2013,阪神,2,7,10,2013-04-13,https://www.jra.go.jp/datafile/seiseki/report/2013/2013-2hanshin7.pdf,official_daily_result_pdf
201309020711,2013,阪神,2,7,11,2013-04-13,https://www.jra.go.jp/datafile/seiseki/report/2013/2013-2hanshin7.pdf,official_daily_result_pdf
201309020712,2013,阪神,2,7,12,2013-04-13,https://www.jra.go.jp/datafile/seiseki/report/2013/2013-2hanshin7.pdf,official_daily_result_pdf
201309020801,2013,阪神,2,8,1,2013-04-14,https://www.jra.go.jp/datafile/seiseki/report/2013/2013-2hanshin8.pdf,official_daily_result_pdf
201309020802,2013,阪神,2,8,2,2013-04-14,https://www.jra.go.jp/datafile/seiseki/report/2013/2013-2hanshin8.pdf,official_daily_result_pdf
201309020803,2013,阪神,2,8,3,2013-04-14,https://www.jra.go.jp/datafile/seiseki/report/2013/2013-2hanshin8.pdf,official_daily_result_pdf
201309020804,2013,阪神,2,8,4,2013-04-14,https://www.jra.go.jp/datafile/seiseki/report/2013/2013-2hanshin8.pdf,official_daily_result_pdf
201309020805,2013,阪神,2,8,5,2013-04-14,https://www.jra.go.jp/datafile/seiseki/report/2013/2013-2hanshin8.pdf,official_daily_result_pdf
201309020806,2013,阪神,2,8,6,2013-04-14,https://www.jra.go.jp/datafile/seiseki/report/2013/2013-2hanshin8.pdf,official_daily_result_pdf
201309020807,2013,阪神,2,8,7,2013-04-14,https://www.jra.go.jp/datafile/seiseki/report/2013/2013-2hanshin8.pdf,official_daily_result_pdf
201309020808,2013,阪神,2,8,8,2013-04-14,https://www.jra.go.jp/datafile/seiseki/report/2013/2013-2hanshin8.pdf,official_daily_result_pdf
201309020809,2013,阪神,2,8,9,2013-04-14,https://www.jra.go.jp/datafile/seiseki/report/2013/2013-2hanshin8.pdf,official_daily_result_pdf
201309020810,2013,阪神,2,8,10,2013-04-14,https://www.jra.go.jp/datafile/seiseki/report/2013/2013-2hanshin8.pdf,official_daily_result_pdf
201309020811,2013,阪神,2,8,11,2013-04-14,https://www.jra.go.jp/datafile/seiseki/report/2013/2013-2hanshin8.pdf,official_daily_result_pdf
201309020812,2013,阪神,2,8,12,2013-04-14,https://www.jra.go.jp/datafile/seiseki/report/2013/2013-2hanshin8.pdf,official_daily_result_pdf
201309030101,2013,阪神,3,1,1,2013-06-01,https://www.jra.go.jp/datafile/seiseki/report/2013/2013-3hanshin1.pdf,official_daily_result_pdf
201309030102,2013,阪神,3,1,2,2013-06-01,https://www.jra.go.jp/datafile/seiseki/report/2013/2013-3hanshin1.pdf,official_daily_result_pdf
201309030103,2013,阪神,3,1,3,2013-06-01,https://www.jra.go.jp/datafile/seiseki/report/2013/2013-3hanshin1.pdf,official_daily_result_pdf
201309030104,2013,阪神,3,1,4,2013-06-01,https://www.jra.go.jp/datafile/seiseki/report/2013/2013-3hanshin1.pdf,official_daily_result_pdf
201309030105,2013,阪神,3,1,5,2013-06-01,https://www.jra.go.jp/datafile/seiseki/report/2013/2013-3hanshin1.pdf,official_daily_result_pdf
201309030106,2013,阪神,3,1,6,2013-06-01,https://www.jra.go.jp/datafile/seiseki/report/2013/2013-3hanshin1.pdf,official_daily_result_pdf
201309030107,2013,阪神,3,1,7,2013-06-01,https://www.jra.go.jp/datafile/seiseki/report/2013/2013-3hanshin1.pdf,official_daily_result_pdf
201309030108,2013,阪神,3,1,8,2013-06-01,https://www.jra.go.jp/datafile/seiseki/report/2013/2013-3hanshin1.pdf,official_daily_result_pdf
201309030109,2013,阪神,3,1,9,2013-06-01,https://www.jra.go.jp/datafile/seiseki/report/2013/2013-3hanshin1.pdf,official_daily_result_pdf
201309030110,2013,阪神,3,1,10,2013-06-01,https://www.jra.go.jp/datafile/seiseki/report/2013/2013-3hanshin1.pdf,official_daily_result_pdf
201309030111,2013,阪神,3,1,11,2013-06-01,https://www.jra.go.jp/datafile/seiseki/report/2013/2013-3hanshin1.pdf,official_daily_result_pdf
201309030112,2013,阪神,3,1,12,2013-06-01,https://www.jra.go.jp/datafile/seiseki/report/2013/2013-3hanshin1.pdf,official_daily_result_pdf
201309030201,2013,阪神,3,2,1,2013-06-02,https://www.jra.go.jp/datafile/seiseki/report/2013/2013-3hanshin2.pdf,official_daily_result_pdf
201309030202,2013,阪神,3,2,2,2013-06-02,https://www.jra.go.jp/datafile/seiseki/report/2013/2013-3hanshin2.pdf,official_daily_result_pdf
201309030203,2013,阪神,3,2,3,2013-06-02,https://www.jra.go.jp/datafile/seiseki/report/2013/2013-3hanshin2.pdf,official_daily_result_pdf
201309030204,2013,阪神,3,2,4,2013-06-02,https://www.jra.go.jp/datafile/seiseki/report/2013/2013-3hanshin2.pdf,official_daily_result_pdf
201309030205,2013,阪神,3,2,5,2013-06-02,https://www.jra.go.jp/datafile/seiseki/report/2013/2013-3hanshin2.pdf,official_daily_result_pdf
201309030206,2013,阪神,3,2,6,2013-06-02,https://www.jra.go.jp/datafile/seiseki/report/2013/2013-3hanshin2.pdf,official_daily_result_pdf
201309030207,2013,阪神,3,2,7,2013-06-02,https://www.jra.go.jp/datafile/seiseki/report/2013/2013-3hanshin2.pdf,official_daily_result_pdf
201309030208,2013,阪神,3,2,8,2013-06-02,https://www.jra.go.jp/datafile/seiseki/report/2013/2013-3hanshin2.pdf,official_daily_result_pdf
201309030209,2013,阪神,3,2,9,2013-06-02,https://www.jra.go.jp/datafile/seiseki/report/2013/2013-3hanshin2.pdf,official_daily_result_pdf
201309030210,2013,阪神,3,2,10,2013-06-02,https://www.jra.go.jp/datafile/seiseki/report/2013/2013-3hanshin2.pdf,official_daily_result_pdf
201309030211,2013,阪神,3,2,11,2013-06-02,https://www.jra.go.jp/datafile/seiseki/report/2013/2013-3hanshin2.pdf,official_daily_result_pdf
201309030212,2013,阪神,3,2,12,2013-06-02,https://www.jra.go.jp/datafile/seiseki/report/2013/2013-3hanshin2.pdf,official_daily_result_pdf
201309030301,2013,阪神,3,3,1,2013-06-08,https://www.jra.go.jp/datafile/seiseki/report/2013/2013-3hanshin3.pdf,official_daily_result_pdf
201309030302,2013,阪神,3,3,2,2013-06-08,https://www.jra.go.jp/datafile/seiseki/report/2013/2013-3hanshin3.pdf,official_daily_result_pdf
201309030303,2013,阪神,3,3,3,2013-06-08,https://www.jra.go.jp/datafile/seiseki/report/2013/2013-3hanshin3.pdf,official_daily_result_pdf
201309030304,2013,阪神,3,3,4,2013-06-08,https://www.jra.go.jp/datafile/seiseki/report/2013/2013-3hanshin3.pdf,official_daily_result_pdf
201309030305,2013,阪神,3,3,5,2013-06-08,https://www.jra.go.jp/datafile/seiseki/report/2013/2013-3hanshin3.pdf,official_daily_result_pdf
201309030306,2013,阪神,3,3,6,2013-06-08,https://www.jra.go.jp/datafile/seiseki/report/2013/2013-3hanshin3.pdf,official_daily_result_pdf
201309030307,2013,阪神,3,3,7,2013-06-08,https://www.jra.go.jp/datafile/seiseki/report/2013/2013-3hanshin3.pdf,official_daily_result_pdf
201309030308,2013,阪神,3,3,8,2013-06-08,https://www.jra.go.jp/datafile/seiseki/report/2013/2013-3hanshin3.pdf,official_daily_result_pdf
201309030309,2013,阪神,3,3,9,2013-06-08,https://www.jra.go.jp/datafile/seiseki/report/2013/2013-3hanshin3.pdf,official_daily_result_pdf
201309030310,2013,阪神,3,3,10,2013-06-08,https://www.jra.go.jp/datafile/seiseki/report/2013/2013-3hanshin3.pdf,official_daily_result_pdf
201309030311,2013,阪神,3,3,11,2013-06-08,https://www.jra.go.jp/datafile/seiseki/report/2013/2013-3hanshin3.pdf,official_daily_result_pdf
201309030312,2013,阪神,3,3,12,2013-06-08,https://www.jra.go.jp/datafile/seiseki/report/2013/2013-3hanshin3.pdf,official_daily_result_pdf
201309030401,2013,阪神,3,4,1,2013-06-09,https://www.jra.go.jp/datafile/seiseki/report/2013/2013-3hanshin4.pdf,official_daily_result_pdf
201309030402,2013,阪神,3,4,2,2013-06-09,https://www.jra.go.jp/datafile/seiseki/report/2013/2013-3hanshin4.pdf,official_daily_result_pdf
201309030403,2013,阪神,3,4,3,2013-06-09,https://www.jra.go.jp/datafile/seiseki/report/2013/2013-3hanshin4.pdf,official_daily_result_pdf
201309030404,2013,阪神,3,4,4,2013-06-09,https://www.jra.go.jp/datafile/seiseki/report/2013/2013-3hanshin4.pdf,official_daily_result_pdf
201309030405,2013,阪神,3,4,5,2013-06-09,https://www.jra.go.jp/datafile/seiseki/report/2013/2013-3hanshin4.pdf,official_daily_result_pdf
201309030406,2013,阪神,3,4,6,2013-06-09,https://www.jra.go.jp/datafile/seiseki/report/2013/2013-3hanshin4.pdf,official_daily_result_pdf
201309030407,2013,阪神,3,4,7,2013-06-09,https://www.jra.go.jp/datafile/seiseki/report/2013/2013-3hanshin4.pdf,official_daily_result_pdf
201309030408,2013,阪神,3,4,8,2013-06-09,https://www.jra.go.jp/datafile/seiseki/report/2013/2013-3hanshin4.pdf,official_daily_result_pdf
201309030409,2013,阪神,3,4,9,2013-06-09,https://www.jra.go.jp/datafile/seiseki/report/2013/2013-3hanshin4.pdf,official_daily_result_pdf
201309030410,2013,阪神,3,4,10,2013-06-09,https://www.jra.go.jp/datafile/seiseki/report/2013/2013-3hanshin4.pdf,official_daily_result_pdf
201309030411,2013,阪神,3,4,11,2013-06-09,https://www.jra.go.jp/datafile/seiseki/report/2013/2013-3hanshin4.pdf,official_daily_result_pdf
201309030412,2013,阪神,3,4,12,2013-06-09,https://www.jra.go.jp/datafile/seiseki/report/2013/2013-3hanshin4.pdf,official_daily_result_pdf
201309030501,2013,阪神,3,5,1,2013-06-15,https://www.jra.go.jp/datafile/seiseki/report/2013/2013-3hanshin5.pdf,official_daily_result_pdf
201309030502,2013,阪神,3,5,2,2013-06-15,https://www.jra.go.jp/datafile/seiseki/report/2013/2013-3hanshin5.pdf,official_daily_result_pdf
201309030503,2013,阪神,3,5,3,2013-06-15,https://www.jra.go.jp/datafile/seiseki/report/2013/2013-3hanshin5.pdf,official_daily_result_pdf
201309030504,2013,阪神,3,5,4,2013-06-15,https://www.jra.go.jp/datafile/seiseki/report/2013/2013-3hanshin5.pdf,official_daily_result_pdf
201309030505,2013,阪神,3,5,5,2013-06-15,https://www.jra.go.jp/datafile/seiseki/report/2013/2013-3hanshin5.pdf,official_daily_result_pdf
201309030506,2013,阪神,3,5,6,2013-06-15,https://www.jra.go.jp/datafile/seiseki/report/2013/2013-3hanshin5.pdf,official_daily_result_pdf
201309030507,2013,阪神,3,5,7,2013-06-15,https://www.jra.go.jp/datafile/seiseki/report/2013/2013-3hanshin5.pdf,official_daily_result_pdf
201309030508,2013,阪神,3,5,8,2013-06-15,https://www.jra.go.jp/datafile/seiseki/report/2013/2013-3hanshin5.pdf,official_daily_result_pdf
201309030509,2013,阪神,3,5,9,2013-06-15,https://www.jra.go.jp/datafile/seiseki/report/2013/2013-3hanshin5.pdf,official_daily_result_pdf
201309030510,2013,阪神,3,5,10,2013-06-15,https://www.jra.go.jp/datafile/seiseki/report/2013/2013-3hanshin5.pdf,official_daily_result_pdf
201309030511,2013,阪神,3,5,11,2013-06-15,https://www.jra.go.jp/datafile/seiseki/report/2013/2013-3hanshin5.pdf,official_daily_result_pdf
201309030512,2013,阪神,3,5,12,2013-06-15,https://www.jra.go.jp/datafile/seiseki/report/2013/2013-3hanshin5.pdf,official_daily_result_pdf
201309030601,2013,阪神,3,6,1,2013-06-16,https://www.jra.go.jp/datafile/seiseki/report/2013/2013-3hanshin6.pdf,official_daily_result_pdf
201309030602,2013,阪神,3,6,2,2013-06-16,https://www.jra.go.jp/datafile/seiseki/report/2013/2013-3hanshin6.pdf,official_daily_result_pdf
201309030603,2013,阪神,3,6,3,2013-06-16,https://www.jra.go.jp/datafile/seiseki/report/2013/2013-3hanshin6.pdf,official_daily_result_pdf
201309030604,2013,阪神,3,6,4,2013-06-16,https://www.jra.go.jp/datafile/seiseki/report/2013/2013-3hanshin6.pdf,official_daily_result_pdf
201309030605,2013,阪神,3,6,5,2013-06-16,https://www.jra.go.jp/datafile/seiseki/report/2013/2013-3hanshin6.pdf,official_daily_result_pdf
201309030606,2013,阪神,3,6,6,2013-06-16,https://www.jra.go.jp/datafile/seiseki/report/2013/2013-3hanshin6.pdf,official_daily_result_pdf
201309030607,2013,阪神,3,6,7,2013-06-16,https://www.jra.go.jp/datafile/seiseki/report/2013/2013-3hanshin6.pdf,official_daily_result_pdf
201309030608,2013,阪神,3,6,8,2013-06-16,https://www.jra.go.jp/datafile/seiseki/report/2013/2013-3hanshin6.pdf,official_daily_result_pdf
201309030609,2013,阪神,3,6,9,2013-06-16,https://www.jra.go.jp/datafile/seiseki/report/2013/2013-3hanshin6.pdf,official_daily_result_pdf
201309030610,2013,阪神,3,6,10,2013-06-16,https://www.jra.go.jp/datafile/seiseki/report/2013/2013-3hanshin6.pdf,official_daily_result_pdf
201309030611,2013,阪神,3,6,11,2013-06-16,https://www.jra.go.jp/datafile/seiseki/report/2013/2013-3hanshin6.pdf,official_daily_result_pdf
201309030612,2013,阪神,3,6,12,2013-06-16,https://www.jra.go.jp/datafile/seiseki/report/2013/2013-3hanshin6.pdf,official_daily_result_pdf
201309030701,2013,阪神,3,7,1,2013-06-22,https://www.jra.go.jp/datafile/seiseki/report/2013/2013-3hanshin7.pdf,official_daily_result_pdf
201309030702,2013,阪神,3,7,2,2013-06-22,https://www.jra.go.jp/datafile/seiseki/report/2013/2013-3hanshin7.pdf,official_daily_result_pdf
201309030703,2013,阪神,3,7,3,2013-06-22,https://www.jra.go.jp/datafile/seiseki/report/2013/2013-3hanshin7.pdf,official_daily_result_pdf
201309030704,2013,阪神,3,7,4,2013-06-22,https://www.jra.go.jp/datafile/seiseki/report/2013/2013-3hanshin7.pdf,official_daily_result_pdf
201309030705,2013,阪神,3,7,5,2013-06-22,https://www.jra.go.jp/datafile/seiseki/report/2013/2013-3hanshin7.pdf,official_daily_result_pdf
201309030706,2013,阪神,3,7,6,2013-06-22,https://www.jra.go.jp/datafile/seiseki/report/2013/2013-3hanshin7.pdf,official_daily_result_pdf
201309030707,2013,阪神,3,7,7,2013-06-22,https://www.jra.go.jp/datafile/seiseki/report/2013/2013-3hanshin7.pdf,official_daily_result_pdf
201309030708,2013,阪神,3,7,8,2013-06-22,https://www.jra.go.jp/datafile/seiseki/report/2013/2013-3hanshin7.pdf,official_daily_result_pdf
201309030709,2013,阪神,3,7,9,2013-06-22,https://www.jra.go.jp/datafile/seiseki/report/2013/2013-3hanshin7.pdf,official_daily_result_pdf
201309030710,2013,阪神,3,7,10,2013-06-22,https://www.jra.go.jp/datafile/seiseki/report/2013/2013-3hanshin7.pdf,official_daily_result_pdf
201309030711,2013,阪神,3,7,11,2013-06-22,https://www.jra.go.jp/datafile/seiseki/report/2013/2013-3hanshin7.pdf,official_daily_result_pdf
201309030712,2013,阪神,3,7,12,2013-06-22,https://www.jra.go.jp/datafile/seiseki/report/2013/2013-3hanshin7.pdf,official_daily_result_pdf
201309030801,2013,阪神,3,8,1,2013-06-23,https://www.jra.go.jp/datafile/seiseki/report/2013/2013-3hanshin8.pdf,official_daily_result_pdf
201309030802,2013,阪神,3,8,2,2013-06-23,https://www.jra.go.jp/datafile/seiseki/report/2013/2013-3hanshin8.pdf,official_daily_result_pdf
201309030803,2013,阪神,3,8,3,2013-06-23,https://www.jra.go.jp/datafile/seiseki/report/2013/2013-3hanshin8.pdf,official_daily_result_pdf
201309030804,2013,阪神,3,8,4,2013-06-23,https://www.jra.go.jp/datafile/seiseki/report/2013/2013-3hanshin8.pdf,official_daily_result_pdf
201309030805,2013,阪神,3,8,5,2013-06-23,https://www.jra.go.jp/datafile/seiseki/report/2013/2013-3hanshin8.pdf,official_daily_result_pdf
201309030806,2013,阪神,3,8,6,2013-06-23,https://www.jra.go.jp/datafile/seiseki/report/2013/2013-3hanshin8.pdf,official_daily_result_pdf
201309030807,2013,阪神,3,8,7,2013-06-23,https://www.jra.go.jp/datafile/seiseki/report/2013/2013-3hanshin8.pdf,official_daily_result_pdf
201309030808,2013,阪神,3,8,8,2013-06-23,https://www.jra.go.jp/datafile/seiseki/report/2013/2013-3hanshin8.pdf,official_daily_result_pdf
201309030809,2013,阪神,3,8,9,2013-06-23,https://www.jra.go.jp/datafile/seiseki/report/2013/2013-3hanshin8.pdf,official_daily_result_pdf
201309030810,2013,阪神,3,8,10,2013-06-23,https://www.jra.go.jp/datafile/seiseki/report/2013/2013-3hanshin8.pdf,official_daily_result_pdf
201309030811,2013,阪神,3,8,11,2013-06-23,https://www.jra.go.jp/datafile/seiseki/report/2013/2013-3hanshin8.pdf,official_daily_result_pdf
201309030812,2013,阪神,3,8,12,2013-06-23,https://www.jra.go.jp/datafile/seiseki/report/2013/2013-3hanshin8.pdf,official_daily_result_pdf
201309040101,2013,阪神,4,1,1,2013-09-07,https://www.jra.go.jp/datafile/seiseki/report/2013/2013-4hanshin1.pdf,official_daily_result_pdf
201309040102,2013,阪神,4,1,2,2013-09-07,https://www.jra.go.jp/datafile/seiseki/report/2013/2013-4hanshin1.pdf,official_daily_result_pdf
201309040103,2013,阪神,4,1,3,2013-09-07,https://www.jra.go.jp/datafile/seiseki/report/2013/2013-4hanshin1.pdf,official_daily_result_pdf
201309040104,2013,阪神,4,1,4,2013-09-07,https://www.jra.go.jp/datafile/seiseki/report/2013/2013-4hanshin1.pdf,official_daily_result_pdf
201309040105,2013,阪神,4,1,5,2013-09-07,https://www.jra.go.jp/datafile/seiseki/report/2013/2013-4hanshin1.pdf,official_daily_result_pdf
201309040106,2013,阪神,4,1,6,2013-09-07,https://www.jra.go.jp/datafile/seiseki/report/2013/2013-4hanshin1.pdf,official_daily_result_pdf
201309040107,2013,阪神,4,1,7,2013-09-07,https://www.jra.go.jp/datafile/seiseki/report/2013/2013-4hanshin1.pdf,official_daily_result_pdf
201309040108,2013,阪神,4,1,8,2013-09-07,https://www.jra.go.jp/datafile/seiseki/report/2013/2013-4hanshin1.pdf,official_daily_result_pdf
201309040109,2013,阪神,4,1,9,2013-09-07,https://www.jra.go.jp/datafile/seiseki/report/2013/2013-4hanshin1.pdf,official_daily_result_pdf
201309040110,2013,阪神,4,1,10,2013-09-07,https://www.jra.go.jp/datafile/seiseki/report/2013/2013-4hanshin1.pdf,official_daily_result_pdf
201309040111,2013,阪神,4,1,11,2013-09-07,https://www.jra.go.jp/datafile/seiseki/report/2013/2013-4hanshin1.pdf,official_daily_result_pdf
201309040112,2013,阪神,4,1,12,2013-09-07,https://www.jra.go.jp/datafile/seiseki/report/2013/2013-4hanshin1.pdf,official_daily_result_pdf
201309040201,2013,阪神,4,2,1,2013-09-08,https://www.jra.go.jp/datafile/seiseki/report/2013/2013-4hanshin2.pdf,official_daily_result_pdf
201309040202,2013,阪神,4,2,2,2013-09-08,https://www.jra.go.jp/datafile/seiseki/report/2013/2013-4hanshin2.pdf,official_daily_result_pdf
201309040203,2013,阪神,4,2,3,2013-09-08,https://www.jra.go.jp/datafile/seiseki/report/2013/2013-4hanshin2.pdf,official_daily_result_pdf
201309040204,2013,阪神,4,2,4,2013-09-08,https://www.jra.go.jp/datafile/seiseki/report/2013/2013-4hanshin2.pdf,official_daily_result_pdf
201309040205,2013,阪神,4,2,5,2013-09-08,https://www.jra.go.jp/datafile/seiseki/report/2013/2013-4hanshin2.pdf,official_daily_result_pdf
201309040206,2013,阪神,4,2,6,2013-09-08,https://www.jra.go.jp/datafile/seiseki/report/2013/2013-4hanshin2.pdf,official_daily_result_pdf
201309040207,2013,阪神,4,2,7,2013-09-08,https://www.jra.go.jp/datafile/seiseki/report/2013/2013-4hanshin2.pdf,official_daily_result_pdf
201309040208,2013,阪神,4,2,8,2013-09-08,https://www.jra.go.jp/datafile/seiseki/report/2013/2013-4hanshin2.pdf,official_daily_result_pdf
201309040209,2013,阪神,4,2,9,2013-09-08,https://www.jra.go.jp/datafile/seiseki/report/2013/2013-4hanshin2.pdf,official_daily_result_pdf
201309040210,2013,阪神,4,2,10,2013-09-08,https://www.jra.go.jp/datafile/seiseki/report/2013/2013-4hanshin2.pdf,official_daily_result_pdf
201309040211,2013,阪神,4,2,11,2013-09-08,https://www.jra.go.jp/datafile/seiseki/report/2013/2013-4hanshin2.pdf,official_daily_result_pdf
201309040212,2013,阪神,4,2,12,2013-09-08,https://www.jra.go.jp/datafile/seiseki/report/2013/2013-4hanshin2.pdf,official_daily_result_pdf
201309040301,2013,阪神,4,3,1,2013-09-14,https://www.jra.go.jp/datafile/seiseki/report/2013/2013-4hanshin3.pdf,official_daily_result_pdf
201309040302,2013,阪神,4,3,2,2013-09-14,https://www.jra.go.jp/datafile/seiseki/report/2013/2013-4hanshin3.pdf,official_daily_result_pdf
201309040303,2013,阪神,4,3,3,2013-09-14,https://www.jra.go.jp/datafile/seiseki/report/2013/2013-4hanshin3.pdf,official_daily_result_pdf
201309040304,2013,阪神,4,3,4,2013-09-14,https://www.jra.go.jp/datafile/seiseki/report/2013/2013-4hanshin3.pdf,official_daily_result_pdf
201309040305,2013,阪神,4,3,5,2013-09-14,https://www.jra.go.jp/datafile/seiseki/report/2013/2013-4hanshin3.pdf,official_daily_result_pdf
201309040306,2013,阪神,4,3,6,2013-09-14,https://www.jra.go.jp/datafile/seiseki/report/2013/2013-4hanshin3.pdf,official_daily_result_pdf
201309040307,2013,阪神,4,3,7,2013-09-14,https://www.jra.go.jp/datafile/seiseki/report/2013/2013-4hanshin3.pdf,official_daily_result_pdf
201309040308,2013,阪神,4,3,8,2013-09-14,https://www.jra.go.jp/datafile/seiseki/report/2013/2013-4hanshin3.pdf,official_daily_result_pdf
201309040309,2013,阪神,4,3,9,2013-09-14,https://www.jra.go.jp/datafile/seiseki/report/2013/2013-4hanshin3.pdf,official_daily_result_pdf
201309040310,2013,阪神,4,3,10,2013-09-14,https://www.jra.go.jp/datafile/seiseki/report/2013/2013-4hanshin3.pdf,official_daily_result_pdf
201309040311,2013,阪神,4,3,11,2013-09-14,https://www.jra.go.jp/datafile/seiseki/report/2013/2013-4hanshin3.pdf,official_daily_result_pdf
201309040312,2013,阪神,4,3,12,2013-09-14,https://www.jra.go.jp/datafile/seiseki/report/2013/2013-4hanshin3.pdf,official_daily_result_pdf
201309040401,2013,阪神,4,4,1,2013-09-15,https://www.jra.go.jp/datafile/seiseki/report/2013/2013-4hanshin4.pdf,official_daily_result_pdf
201309040402,2013,阪神,4,4,2,2013-09-15,https://www.jra.go.jp/datafile/seiseki/report/2013/2013-4hanshin4.pdf,official_daily_result_pdf
201309040403,2013,阪神,4,4,3,2013-09-15,https://www.jra.go.jp/datafile/seiseki/report/2013/2013-4hanshin4.pdf,official_daily_result_pdf
201309040404,2013,阪神,4,4,4,2013-09-15,https://www.jra.go.jp/datafile/seiseki/report/2013/2013-4hanshin4.pdf,official_daily_result_pdf
201309040405,2013,阪神,4,4,5,2013-09-15,https://www.jra.go.jp/datafile/seiseki/report/2013/2013-4hanshin4.pdf,official_daily_result_pdf
201309040406,2013,阪神,4,4,6,2013-09-15,https://www.jra.go.jp/datafile/seiseki/report/2013/2013-4hanshin4.pdf,official_daily_result_pdf
201309040407,2013,阪神,4,4,7,2013-09-15,https://www.jra.go.jp/datafile/seiseki/report/2013/2013-4hanshin4.pdf,official_daily_result_pdf
201309040408,2013,阪神,4,4,8,2013-09-15,https://www.jra.go.jp/datafile/seiseki/report/2013/2013-4hanshin4.pdf,official_daily_result_pdf
201309040409,2013,阪神,4,4,9,2013-09-15,https://www.jra.go.jp/datafile/seiseki/report/2013/2013-4hanshin4.pdf,official_daily_result_pdf
201309040410,2013,阪神,4,4,10,2013-09-15,https://www.jra.go.jp/datafile/seiseki/report/2013/2013-4hanshin4.pdf,official_daily_result_pdf
201309040411,2013,阪神,4,4,11,2013-09-15,https://www.jra.go.jp/datafile/seiseki/report/2013/2013-4hanshin4.pdf,official_daily_result_pdf
201309040412,2013,阪神,4,4,12,2013-09-15,https://www.jra.go.jp/datafile/seiseki/report/2013/2013-4hanshin4.pdf,official_daily_result_pdf
201309040501,2013,阪神,4,5,1,2013-09-17,https://www.jra.go.jp/datafile/seiseki/report/2013/2013-4hanshin5.pdf,official_daily_result_pdf
201309040502,2013,阪神,4,5,2,2013-09-17,https://www.jra.go.jp/datafile/seiseki/report/2013/2013-4hanshin5.pdf,official_daily_result_pdf
201309040503,2013,阪神,4,5,3,2013-09-17,https://www.jra.go.jp/datafile/seiseki/report/2013/2013-4hanshin5.pdf,official_daily_result_pdf
201309040504,2013,阪神,4,5,4,2013-09-17,https://www.jra.go.jp/datafile/seiseki/report/2013/2013-4hanshin5.pdf,official_daily_result_pdf
201309040505,2013,阪神,4,5,5,2013-09-17,https://www.jra.go.jp/datafile/seiseki/report/2013/2013-4hanshin5.pdf,official_daily_result_pdf
201309040506,2013,阪神,4,5,6,2013-09-17,https://www.jra.go.jp/datafile/seiseki/report/2013/2013-4hanshin5.pdf,official_daily_result_pdf
201309040507,2013,阪神,4,5,7,2013-09-17,https://www.jra.go.jp/datafile/seiseki/report/2013/2013-4hanshin5.pdf,official_daily_result_pdf
201309040508,2013,阪神,4,5,8,2013-09-17,https://www.jra.go.jp/datafile/seiseki/report/2013/2013-4hanshin5.pdf,official_daily_result_pdf
201309040509,2013,阪神,4,5,9,2013-09-17,https://www.jra.go.jp/datafile/seiseki/report/2013/2013-4hanshin5.pdf,official_daily_result_pdf
201309040510,2013,阪神,4,5,10,2013-09-17,https://www.jra.go.jp/datafile/seiseki/report/2013/2013-4hanshin5.pdf,official_daily_result_pdf
201309040511,2013,阪神,4,5,11,2013-09-17,https://www.jra.go.jp/datafile/seiseki/report/2013/2013-4hanshin5.pdf,official_daily_result_pdf
201309040512,2013,阪神,4,5,12,2013-09-17,https://www.jra.go.jp/datafile/seiseki/report/2013/2013-4hanshin5.pdf,official_daily_result_pdf
201309040601,2013,阪神,4,6,1,2013-09-21,https://www.jra.go.jp/datafile/seiseki/report/2013/2013-4hanshin6.pdf,official_daily_result_pdf
201309040602,2013,阪神,4,6,2,2013-09-21,https://www.jra.go.jp/datafile/seiseki/report/2013/2013-4hanshin6.pdf,official_daily_result_pdf
201309040603,2013,阪神,4,6,3,2013-09-21,https://www.jra.go.jp/datafile/seiseki/report/2013/2013-4hanshin6.pdf,official_daily_result_pdf
201309040604,2013,阪神,4,6,4,2013-09-21,https://www.jra.go.jp/datafile/seiseki/report/2013/2013-4hanshin6.pdf,official_daily_result_pdf
201309040605,2013,阪神,4,6,5,2013-09-21,https://www.jra.go.jp/datafile/seiseki/report/2013/2013-4hanshin6.pdf,official_daily_result_pdf
201309040606,2013,阪神,4,6,6,2013-09-21,https://www.jra.go.jp/datafile/seiseki/report/2013/2013-4hanshin6.pdf,official_daily_result_pdf
201309040607,2013,阪神,4,6,7,2013-09-21,https://www.jra.go.jp/datafile/seiseki/report/2013/2013-4hanshin6.pdf,official_daily_result_pdf
201309040608,2013,阪神,4,6,8,2013-09-21,https://www.jra.go.jp/datafile/seiseki/report/2013/2013-4hanshin6.pdf,official_daily_result_pdf
201309040609,2013,阪神,4,6,9,2013-09-21,https://www.jra.go.jp/datafile/seiseki/report/2013/2013-4hanshin6.pdf,official_daily_result_pdf
201309040610,2013,阪神,4,6,10,2013-09-21,https://www.jra.go.jp/datafile/seiseki/report/2013/2013-4hanshin6.pdf,official_daily_result_pdf
201309040611,2013,阪神,4,6,11,2013-09-21,https://www.jra.go.jp/datafile/seiseki/report/2013/2013-4hanshin6.pdf,official_daily_result_pdf
201309040612,2013,阪神,4,6,12,2013-09-21,https://www.jra.go.jp/datafile/seiseki/report/2013/2013-4hanshin6.pdf,official_daily_result_pdf
201309040701,2013,阪神,4,7,1,2013-09-22,https://www.jra.go.jp/datafile/seiseki/report/2013/2013-4hanshin7.pdf,official_daily_result_pdf
201309040702,2013,阪神,4,7,2,2013-09-22,https://www.jra.go.jp/datafile/seiseki/report/2013/2013-4hanshin7.pdf,official_daily_result_pdf
201309040703,2013,阪神,4,7,3,2013-09-22,https://www.jra.go.jp/datafile/seiseki/report/2013/2013-4hanshin7.pdf,official_daily_result_pdf
201309040704,2013,阪神,4,7,4,2013-09-22,https://www.jra.go.jp/datafile/seiseki/report/2013/2013-4hanshin7.pdf,official_daily_result_pdf
201309040705,2013,阪神,4,7,5,2013-09-22,https://www.jra.go.jp/datafile/seiseki/report/2013/2013-4hanshin7.pdf,official_daily_result_pdf
201309040706,2013,阪神,4,7,6,2013-09-22,https://www.jra.go.jp/datafile/seiseki/report/2013/2013-4hanshin7.pdf,official_daily_result_pdf
201309040707,2013,阪神,4,7,7,2013-09-22,https://www.jra.go.jp/datafile/seiseki/report/2013/2013-4hanshin7.pdf,official_daily_result_pdf
201309040708,2013,阪神,4,7,8,2013-09-22,https://www.jra.go.jp/datafile/seiseki/report/2013/2013-4hanshin7.pdf,official_daily_result_pdf
201309040709,2013,阪神,4,7,9,2013-09-22,https://www.jra.go.jp/datafile/seiseki/report/2013/2013-4hanshin7.pdf,official_daily_result_pdf
201309040710,2013,阪神,4,7,10,2013-09-22,https://www.jra.go.jp/datafile/seiseki/report/2013/2013-4hanshin7.pdf,official_daily_result_pdf
201309040711,2013,阪神,4,7,11,2013-09-22,https://www.jra.go.jp/datafile/seiseki/report/2013/2013-4hanshin7.pdf,official_daily_result_pdf
201309040712,2013,阪神,4,7,12,2013-09-22,https://www.jra.go.jp/datafile/seiseki/report/2013/2013-4hanshin7.pdf,official_daily_result_pdf
201309040801,2013,阪神,4,8,1,2013-09-28,https://www.jra.go.jp/datafile/seiseki/report/2013/2013-4hanshin8.pdf,official_daily_result_pdf
201309040802,2013,阪神,4,8,2,2013-09-28,https://www.jra.go.jp/datafile/seiseki/report/2013/2013-4hanshin8.pdf,official_daily_result_pdf
201309040803,2013,阪神,4,8,3,2013-09-28,https://www.jra.go.jp/datafile/seiseki/report/2013/2013-4hanshin8.pdf,official_daily_result_pdf
201309040804,2013,阪神,4,8,4,2013-09-28,https://www.jra.go.jp/datafile/seiseki/report/2013/2013-4hanshin8.pdf,official_daily_result_pdf
201309040805,2013,阪神,4,8,5,2013-09-28,https://www.jra.go.jp/datafile/seiseki/report/2013/2013-4hanshin8.pdf,official_daily_result_pdf
201309040806,2013,阪神,4,8,6,2013-09-28,https://www.jra.go.jp/datafile/seiseki/report/2013/2013-4hanshin8.pdf,official_daily_result_pdf
201309040807,2013,阪神,4,8,7,2013-09-28,https://www.jra.go.jp/datafile/seiseki/report/2013/2013-4hanshin8.pdf,official_daily_result_pdf
201309040808,2013,阪神,4,8,8,2013-09-28,https://www.jra.go.jp/datafile/seiseki/report/2013/2013-4hanshin8.pdf,official_daily_result_pdf
201309040809,2013,阪神,4,8,9,2013-09-28,https://www.jra.go.jp/datafile/seiseki/report/2013/2013-4hanshin8.pdf,official_daily_result_pdf
201309040810,2013,阪神,4,8,10,2013-09-28,https://www.jra.go.jp/datafile/seiseki/report/2013/2013-4hanshin8.pdf,official_daily_result_pdf
201309040811,2013,阪神,4,8,11,2013-09-28,https://www.jra.go.jp/datafile/seiseki/report/2013/2013-4hanshin8.pdf,official_daily_result_pdf
201309040812,2013,阪神,4,8,12,2013-09-28,https://www.jra.go.jp/datafile/seiseki/report/2013/2013-4hanshin8.pdf,official_daily_result_pdf
201309040901,2013,阪神,4,9,1,2013-09-29,https://www.jra.go.jp/datafile/seiseki/report/2013/2013-4hanshin9.pdf,official_daily_result_pdf
201309040902,2013,阪神,4,9,2,2013-09-29,https://www.jra.go.jp/datafile/seiseki/report/2013/2013-4hanshin9.pdf,official_daily_result_pdf
201309040903,2013,阪神,4,9,3,2013-09-29,https://www.jra.go.jp/datafile/seiseki/report/2013/2013-4hanshin9.pdf,official_daily_result_pdf
201309040904,2013,阪神,4,9,4,2013-09-29,https://www.jra.go.jp/datafile/seiseki/report/2013/2013-4hanshin9.pdf,official_daily_result_pdf
201309040905,2013,阪神,4,9,5,2013-09-29,https://www.jra.go.jp/datafile/seiseki/report/2013/2013-4hanshin9.pdf,official_daily_result_pdf
201309040906,2013,阪神,4,9,6,2013-09-29,https://www.jra.go.jp/datafile/seiseki/report/2013/2013-4hanshin9.pdf,official_daily_result_pdf
201309040907,2013,阪神,4,9,7,2013-09-29,https://www.jra.go.jp/datafile/seiseki/report/2013/2013-4hanshin9.pdf,official_daily_result_pdf
201309040908,2013,阪神,4,9,8,2013-09-29,https://www.jra.go.jp/datafile/seiseki/report/2013/2013-4hanshin9.pdf,official_daily_result_pdf
201309040909,2013,阪神,4,9,9,2013-09-29,https://www.jra.go.jp/datafile/seiseki/report/2013/2013-4hanshin9.pdf,official_daily_result_pdf
201309040910,2013,阪神,4,9,10,2013-09-29,https://www.jra.go.jp/datafile/seiseki/report/2013/2013-4hanshin9.pdf,official_daily_result_pdf
201309040911,2013,阪神,4,9,11,2013-09-29,https://www.jra.go.jp/datafile/seiseki/report/2013/2013-4hanshin9.pdf,official_daily_result_pdf
201309040912,2013,阪神,4,9,12,2013-09-29,https://www.jra.go.jp/datafile/seiseki/report/2013/2013-4hanshin9.pdf,official_daily_result_pdf
201309050101,2013,阪神,5,1,1,2013-11-30,https://www.jra.go.jp/datafile/seiseki/report/2013/2013-5hanshin1.pdf,official_daily_result_pdf
201309050102,2013,阪神,5,1,2,2013-11-30,https://www.jra.go.jp/datafile/seiseki/report/2013/2013-5hanshin1.pdf,official_daily_result_pdf
201309050103,2013,阪神,5,1,3,2013-11-30,https://www.jra.go.jp/datafile/seiseki/report/2013/2013-5hanshin1.pdf,official_daily_result_pdf
201309050104,2013,阪神,5,1,4,2013-11-30,https://www.jra.go.jp/datafile/seiseki/report/2013/2013-5hanshin1.pdf,official_daily_result_pdf
201309050105,2013,阪神,5,1,5,2013-11-30,https://www.jra.go.jp/datafile/seiseki/report/2013/2013-5hanshin1.pdf,official_daily_result_pdf
201309050106,2013,阪神,5,1,6,2013-11-30,https://www.jra.go.jp/datafile/seiseki/report/2013/2013-5hanshin1.pdf,official_daily_result_pdf
201309050107,2013,阪神,5,1,7,2013-11-30,https://www.jra.go.jp/datafile/seiseki/report/2013/2013-5hanshin1.pdf,official_daily_result_pdf
201309050108,2013,阪神,5,1,8,2013-11-30,https://www.jra.go.jp/datafile/seiseki/report/2013/2013-5hanshin1.pdf,official_daily_result_pdf
201309050109,2013,阪神,5,1,9,2013-11-30,https://www.jra.go.jp/datafile/seiseki/report/2013/2013-5hanshin1.pdf,official_daily_result_pdf
201309050110,2013,阪神,5,1,10,2013-11-30,https://www.jra.go.jp/datafile/seiseki/report/2013/2013-5hanshin1.pdf,official_daily_result_pdf
201309050111,2013,阪神,5,1,11,2013-11-30,https://www.jra.go.jp/datafile/seiseki/report/2013/2013-5hanshin1.pdf,official_daily_result_pdf
201309050112,2013,阪神,5,1,12,2013-11-30,https://www.jra.go.jp/datafile/seiseki/report/2013/2013-5hanshin1.pdf,official_daily_result_pdf
201309050201,2013,阪神,5,2,1,2013-12-01,https://www.jra.go.jp/datafile/seiseki/report/2013/2013-5hanshin2.pdf,official_daily_result_pdf
201309050202,2013,阪神,5,2,2,2013-12-01,https://www.jra.go.jp/datafile/seiseki/report/2013/2013-5hanshin2.pdf,official_daily_result_pdf
201309050203,2013,阪神,5,2,3,2013-12-01,https://www.jra.go.jp/datafile/seiseki/report/2013/2013-5hanshin2.pdf,official_daily_result_pdf
201309050204,2013,阪神,5,2,4,2013-12-01,https://www.jra.go.jp/datafile/seiseki/report/2013/2013-5hanshin2.pdf,official_daily_result_pdf
201309050205,2013,阪神,5,2,5,2013-12-01,https://www.jra.go.jp/datafile/seiseki/report/2013/2013-5hanshin2.pdf,official_daily_result_pdf
201309050206,2013,阪神,5,2,6,2013-12-01,https://www.jra.go.jp/datafile/seiseki/report/2013/2013-5hanshin2.pdf,official_daily_result_pdf
201309050207,2013,阪神,5,2,7,2013-12-01,https://www.jra.go.jp/datafile/seiseki/report/2013/2013-5hanshin2.pdf,official_daily_result_pdf
201309050208,2013,阪神,5,2,8,2013-12-01,https://www.jra.go.jp/datafile/seiseki/report/2013/2013-5hanshin2.pdf,official_daily_result_pdf
201309050209,2013,阪神,5,2,9,2013-12-01,https://www.jra.go.jp/datafile/seiseki/report/2013/2013-5hanshin2.pdf,official_daily_result_pdf
201309050210,2013,阪神,5,2,10,2013-12-01,https://www.jra.go.jp/datafile/seiseki/report/2013/2013-5hanshin2.pdf,official_daily_result_pdf
201309050211,2013,阪神,5,2,11,2013-12-01,https://www.jra.go.jp/datafile/seiseki/report/2013/2013-5hanshin2.pdf,official_daily_result_pdf
201309050212,2013,阪神,5,2,12,2013-12-01,https://www.jra.go.jp/datafile/seiseki/report/2013/2013-5hanshin2.pdf,official_daily_result_pdf
201309050301,2013,阪神,5,3,1,2013-12-07,https://www.jra.go.jp/datafile/seiseki/report/2013/2013-5hanshin3.pdf,official_daily_result_pdf
201309050302,2013,阪神,5,3,2,2013-12-07,https://www.jra.go.jp/datafile/seiseki/report/2013/2013-5hanshin3.pdf,official_daily_result_pdf
201309050303,2013,阪神,5,3,3,2013-12-07,https://www.jra.go.jp/datafile/seiseki/report/2013/2013-5hanshin3.pdf,official_daily_result_pdf
201309050304,2013,阪神,5,3,4,2013-12-07,https://www.jra.go.jp/datafile/seiseki/report/2013/2013-5hanshin3.pdf,official_daily_result_pdf
201309050305,2013,阪神,5,3,5,2013-12-07,https://www.jra.go.jp/datafile/seiseki/report/2013/2013-5hanshin3.pdf,official_daily_result_pdf
201309050306,2013,阪神,5,3,6,2013-12-07,https://www.jra.go.jp/datafile/seiseki/report/2013/2013-5hanshin3.pdf,official_daily_result_pdf
201309050307,2013,阪神,5,3,7,2013-12-07,https://www.jra.go.jp/datafile/seiseki/report/2013/2013-5hanshin3.pdf,official_daily_result_pdf
201309050308,2013,阪神,5,3,8,2013-12-07,https://www.jra.go.jp/datafile/seiseki/report/2013/2013-5hanshin3.pdf,official_daily_result_pdf
201309050309,2013,阪神,5,3,9,2013-12-07,https://www.jra.go.jp/datafile/seiseki/report/2013/2013-5hanshin3.pdf,official_daily_result_pdf
201309050310,2013,阪神,5,3,10,2013-12-07,https://www.jra.go.jp/datafile/seiseki/report/2013/2013-5hanshin3.pdf,official_daily_result_pdf
201309050311,2013,阪神,5,3,11,2013-12-07,https://www.jra.go.jp/datafile/seiseki/report/2013/2013-5hanshin3.pdf,official_daily_result_pdf
201309050312,2013,阪神,5,3,12,2013-12-07,https://www.jra.go.jp/datafile/seiseki/report/2013/2013-5hanshin3.pdf,official_daily_result_pdf
201309050401,2013,阪神,5,4,1,2013-12-08,https://www.jra.go.jp/datafile/seiseki/report/2013/2013-5hanshin4.pdf,official_daily_result_pdf
201309050402,2013,阪神,5,4,2,2013-12-08,https://www.jra.go.jp/datafile/seiseki/report/2013/2013-5hanshin4.pdf,official_daily_result_pdf
201309050403,2013,阪神,5,4,3,2013-12-08,https://www.jra.go.jp/datafile/seiseki/report/2013/2013-5hanshin4.pdf,official_daily_result_pdf
201309050404,2013,阪神,5,4,4,2013-12-08,https://www.jra.go.jp/datafile/seiseki/report/2013/2013-5hanshin4.pdf,official_daily_result_pdf
201309050405,2013,阪神,5,4,5,2013-12-08,https://www.jra.go.jp/datafile/seiseki/report/2013/2013-5hanshin4.pdf,official_daily_result_pdf
201309050406,2013,阪神,5,4,6,2013-12-08,https://www.jra.go.jp/datafile/seiseki/report/2013/2013-5hanshin4.pdf,official_daily_result_pdf
201309050407,2013,阪神,5,4,7,2013-12-08,https://www.jra.go.jp/datafile/seiseki/report/2013/2013-5hanshin4.pdf,official_daily_result_pdf
201309050408,2013,阪神,5,4,8,2013-12-08,https://www.jra.go.jp/datafile/seiseki/report/2013/2013-5hanshin4.pdf,official_daily_result_pdf
201309050409,2013,阪神,5,4,9,2013-12-08,https://www.jra.go.jp/datafile/seiseki/report/2013/2013-5hanshin4.pdf,official_daily_result_pdf
201309050410,2013,阪神,5,4,10,2013-12-08,https://www.jra.go.jp/datafile/seiseki/report/2013/2013-5hanshin4.pdf,official_daily_result_pdf
201309050411,2013,阪神,5,4,11,2013-12-08,https://www.jra.go.jp/datafile/seiseki/report/2013/2013-5hanshin4.pdf,official_daily_result_pdf
201309050412,2013,阪神,5,4,12,2013-12-08,https://www.jra.go.jp/datafile/seiseki/report/2013/2013-5hanshin4.pdf,official_daily_result_pdf
201309050501,2013,阪神,5,5,1,2013-12-14,https://www.jra.go.jp/datafile/seiseki/report/2013/2013-5hanshin5.pdf,official_daily_result_pdf
201309050502,2013,阪神,5,5,2,2013-12-14,https://www.jra.go.jp/datafile/seiseki/report/2013/2013-5hanshin5.pdf,official_daily_result_pdf
201309050503,2013,阪神,5,5,3,2013-12-14,https://www.jra.go.jp/datafile/seiseki/report/2013/2013-5hanshin5.pdf,official_daily_result_pdf
201309050504,2013,阪神,5,5,4,2013-12-14,https://www.jra.go.jp/datafile/seiseki/report/2013/2013-5hanshin5.pdf,official_daily_result_pdf
201309050505,2013,阪神,5,5,5,2013-12-14,https://www.jra.go.jp/datafile/seiseki/report/2013/2013-5hanshin5.pdf,official_daily_result_pdf
201309050506,2013,阪神,5,5,6,2013-12-14,https://www.jra.go.jp/datafile/seiseki/report/2013/2013-5hanshin5.pdf,official_daily_result_pdf
201309050507,2013,阪神,5,5,7,2013-12-14,https://www.jra.go.jp/datafile/seiseki/report/2013/2013-5hanshin5.pdf,official_daily_result_pdf
201309050508,2013,阪神,5,5,8,2013-12-14,https://www.jra.go.jp/datafile/seiseki/report/2013/2013-5hanshin5.pdf,official_daily_result_pdf
201309050509,2013,阪神,5,5,9,2013-12-14,https://www.jra.go.jp/datafile/seiseki/report/2013/2013-5hanshin5.pdf,official_daily_result_pdf
201309050510,2013,阪神,5,5,10,2013-12-14,https://www.jra.go.jp/datafile/seiseki/report/2013/2013-5hanshin5.pdf,official_daily_result_pdf
201309050511,2013,阪神,5,5,11,2013-12-14,https://www.jra.go.jp/datafile/seiseki/report/2013/2013-5hanshin5.pdf,official_daily_result_pdf
201309050512,2013,阪神,5,5,12,2013-12-14,https://www.jra.go.jp/datafile/seiseki/report/2013/2013-5hanshin5.pdf,official_daily_result_pdf
201309050601,2013,阪神,5,6,1,2013-12-15,https://www.jra.go.jp/datafile/seiseki/report/2013/2013-5hanshin6.pdf,official_daily_result_pdf
201309050602,2013,阪神,5,6,2,2013-12-15,https://www.jra.go.jp/datafile/seiseki/report/2013/2013-5hanshin6.pdf,official_daily_result_pdf
201309050603,2013,阪神,5,6,3,2013-12-15,https://www.jra.go.jp/datafile/seiseki/report/2013/2013-5hanshin6.pdf,official_daily_result_pdf
201309050604,2013,阪神,5,6,4,2013-12-15,https://www.jra.go.jp/datafile/seiseki/report/2013/2013-5hanshin6.pdf,official_daily_result_pdf
201309050605,2013,阪神,5,6,5,2013-12-15,https://www.jra.go.jp/datafile/seiseki/report/2013/2013-5hanshin6.pdf,official_daily_result_pdf
201309050606,2013,阪神,5,6,6,2013-12-15,https://www.jra.go.jp/datafile/seiseki/report/2013/2013-5hanshin6.pdf,official_daily_result_pdf
201309050607,2013,阪神,5,6,7,2013-12-15,https://www.jra.go.jp/datafile/seiseki/report/2013/2013-5hanshin6.pdf,official_daily_result_pdf
201309050608,2013,阪神,5,6,8,2013-12-15,https://www.jra.go.jp/datafile/seiseki/report/2013/2013-5hanshin6.pdf,official_daily_result_pdf
201309050609,2013,阪神,5,6,9,2013-12-15,https://www.jra.go.jp/datafile/seiseki/report/2013/2013-5hanshin6.pdf,official_daily_result_pdf
201309050610,2013,阪神,5,6,10,2013-12-15,https://www.jra.go.jp/datafile/seiseki/report/2013/2013-5hanshin6.pdf,official_daily_result_pdf
201309050611,2013,阪神,5,6,11,2013-12-15,https://www.jra.go.jp/datafile/seiseki/report/2013/2013-5hanshin6.pdf,official_daily_result_pdf
201309050612,2013,阪神,5,6,12,2013-12-15,https://www.jra.go.jp/datafile/seiseki/report/2013/2013-5hanshin6.pdf,official_daily_result_pdf
201309050701,2013,阪神,5,7,1,2013-12-21,https://www.jra.go.jp/datafile/seiseki/report/2013/2013-5hanshin7.pdf,official_daily_result_pdf
201309050702,2013,阪神,5,7,2,2013-12-21,https://www.jra.go.jp/datafile/seiseki/report/2013/2013-5hanshin7.pdf,official_daily_result_pdf
201309050703,2013,阪神,5,7,3,2013-12-21,https://www.jra.go.jp/datafile/seiseki/report/2013/2013-5hanshin7.pdf,official_daily_result_pdf
201309050704,2013,阪神,5,7,4,2013-12-21,https://www.jra.go.jp/datafile/seiseki/report/2013/2013-5hanshin7.pdf,official_daily_result_pdf
201309050705,2013,阪神,5,7,5,2013-12-21,https://www.jra.go.jp/datafile/seiseki/report/2013/2013-5hanshin7.pdf,official_daily_result_pdf
201309050706,2013,阪神,5,7,6,2013-12-21,https://www.jra.go.jp/datafile/seiseki/report/2013/2013-5hanshin7.pdf,official_daily_result_pdf
201309050707,2013,阪神,5,7,7,2013-12-21,https://www.jra.go.jp/datafile/seiseki/report/2013/2013-5hanshin7.pdf,official_daily_result_pdf
201309050708,2013,阪神,5,7,8,2013-12-21,https://www.jra.go.jp/datafile/seiseki/report/2013/2013-5hanshin7.pdf,official_daily_result_pdf
201309050709,2013,阪神,5,7,9,2013-12-21,https://www.jra.go.jp/datafile/seiseki/report/2013/2013-5hanshin7.pdf,official_daily_result_pdf
201309050710,2013,阪神,5,7,10,2013-12-21,https://www.jra.go.jp/datafile/seiseki/report/2013/2013-5hanshin7.pdf,official_daily_result_pdf
201309050711,2013,阪神,5,7,11,2013-12-21,https://www.jra.go.jp/datafile/seiseki/report/2013/2013-5hanshin7.pdf,official_daily_result_pdf
201309050712,2013,阪神,5,7,12,2013-12-21,https://www.jra.go.jp/datafile/seiseki/report/2013/2013-5hanshin7.pdf,official_daily_result_pdf
201309050801,2013,阪神,5,8,1,2013-12-22,https://www.jra.go.jp/datafile/seiseki/report/2013/2013-5hanshin8.pdf,official_daily_result_pdf
201309050802,2013,阪神,5,8,2,2013-12-22,https://www.jra.go.jp/datafile/seiseki/report/2013/2013-5hanshin8.pdf,official_daily_result_pdf
201309050803,2013,阪神,5,8,3,2013-12-22,https://www.jra.go.jp/datafile/seiseki/report/2013/2013-5hanshin8.pdf,official_daily_result_pdf
201309050804,2013,阪神,5,8,4,2013-12-22,https://www.jra.go.jp/datafile/seiseki/report/2013/2013-5hanshin8.pdf,official_daily_result_pdf
201309050805,2013,阪神,5,8,5,2013-12-22,https://www.jra.go.jp/datafile/seiseki/report/2013/2013-5hanshin8.pdf,official_daily_result_pdf
201309050806,2013,阪神,5,8,6,2013-12-22,https://www.jra.go.jp/datafile/seiseki/report/2013/2013-5hanshin8.pdf,official_daily_result_pdf
201309050807,2013,阪神,5,8,7,2013-12-22,https://www.jra.go.jp/datafile/seiseki/report/2013/2013-5hanshin8.pdf,official_daily_result_pdf
201309050808,2013,阪神,5,8,8,2013-12-22,https://www.jra.go.jp/datafile/seiseki/report/2013/2013-5hanshin8.pdf,official_daily_result_pdf
201309050809,2013,阪神,5,8,9,2013-12-22,https://www.jra.go.jp/datafile/seiseki/report/2013/2013-5hanshin8.pdf,official_daily_result_pdf
201309050810,2013,阪神,5,8,10,2013-12-22,https://www.jra.go.jp/datafile/seiseki/report/2013/2013-5hanshin8.pdf,official_daily_result_pdf
201309050811,2013,阪神,5,8,11,2013-12-22,https://www.jra.go.jp/datafile/seiseki/report/2013/2013-5hanshin8.pdf,official_daily_result_pdf
201309050812,2013,阪神,5,8,12,2013-12-22,https://www.jra.go.jp/datafile/seiseki/report/2013/2013-5hanshin8.pdf,official_daily_result_pdf
201309050901,2013,阪神,5,9,1,2013-12-23,https://www.jra.go.jp/datafile/seiseki/report/2013/2013-5hanshin9.pdf,official_daily_result_pdf
201309050902,2013,阪神,5,9,2,2013-12-23,https://www.jra.go.jp/datafile/seiseki/report/2013/2013-5hanshin9.pdf,official_daily_result_pdf
201309050903,2013,阪神,5,9,3,2013-12-23,https://www.jra.go.jp/datafile/seiseki/report/2013/2013-5hanshin9.pdf,official_daily_result_pdf
201309050904,2013,阪神,5,9,4,2013-12-23,https://www.jra.go.jp/datafile/seiseki/report/2013/2013-5hanshin9.pdf,official_daily_result_pdf
201309050905,2013,阪神,5,9,5,2013-12-23,https://www.jra.go.jp/datafile/seiseki/report/2013/2013-5hanshin9.pdf,official_daily_result_pdf
201309050906,2013,阪神,5,9,6,2013-12-23,https://www.jra.go.jp/datafile/seiseki/report/2013/2013-5hanshin9.pdf,official_daily_result_pdf
201309050907,2013,阪神,5,9,7,2013-12-23,https://www.jra.go.jp/datafile/seiseki/report/2013/2013-5hanshin9.pdf,official_daily_result_pdf
201309050908,2013,阪神,5,9,8,2013-12-23,https://www.jra.go.jp/datafile/seiseki/report/2013/2013-5hanshin9.pdf,official_daily_result_pdf
201309050909,2013,阪神,5,9,9,2013-12-23,https://www.jra.go.jp/datafile/seiseki/report/2013/2013-5hanshin9.pdf,official_daily_result_pdf
201309050910,2013,阪神,5,9,10,2013-12-23,https://www.jra.go.jp/datafile/seiseki/report/2013/2013-5hanshin9.pdf,official_daily_result_pdf
201309050911,2013,阪神,5,9,11,2013-12-23,https://www.jra.go.jp/datafile/seiseki/report/2013/2013-5hanshin9.pdf,official_daily_result_pdf
201309050912,2013,阪神,5,9,12,2013-12-23,https://www.jra.go.jp/datafile/seiseki/report/2013/2013-5hanshin9.pdf,official_daily_result_pdf
201310010101,2013,小倉,1,1,1,2013-02-09,https://www.jra.go.jp/datafile/seiseki/report/2013/2013-1kokura1.pdf,official_daily_result_pdf
201310010102,2013,小倉,1,1,2,2013-02-09,https://www.jra.go.jp/datafile/seiseki/report/2013/2013-1kokura1.pdf,official_daily_result_pdf
201310010103,2013,小倉,1,1,3,2013-02-09,https://www.jra.go.jp/datafile/seiseki/report/2013/2013-1kokura1.pdf,official_daily_result_pdf
201310010104,2013,小倉,1,1,4,2013-02-09,https://www.jra.go.jp/datafile/seiseki/report/2013/2013-1kokura1.pdf,official_daily_result_pdf
201310010105,2013,小倉,1,1,5,2013-02-09,https://www.jra.go.jp/datafile/seiseki/report/2013/2013-1kokura1.pdf,official_daily_result_pdf
201310010106,2013,小倉,1,1,6,2013-02-09,https://www.jra.go.jp/datafile/seiseki/report/2013/2013-1kokura1.pdf,official_daily_result_pdf
201310010107,2013,小倉,1,1,7,2013-02-09,https://www.jra.go.jp/datafile/seiseki/report/2013/2013-1kokura1.pdf,official_daily_result_pdf
201310010108,2013,小倉,1,1,8,2013-02-09,https://www.jra.go.jp/datafile/seiseki/report/2013/2013-1kokura1.pdf,official_daily_result_pdf
201310010109,2013,小倉,1,1,9,2013-02-09,https://www.jra.go.jp/datafile/seiseki/report/2013/2013-1kokura1.pdf,official_daily_result_pdf
201310010110,2013,小倉,1,1,10,2013-02-09,https://www.jra.go.jp/datafile/seiseki/report/2013/2013-1kokura1.pdf,official_daily_result_pdf
201310010111,2013,小倉,1,1,11,2013-02-09,https://www.jra.go.jp/datafile/seiseki/report/2013/2013-1kokura1.pdf,official_daily_result_pdf
201310010112,2013,小倉,1,1,12,2013-02-09,https://www.jra.go.jp/datafile/seiseki/report/2013/2013-1kokura1.pdf,official_daily_result_pdf
201310010201,2013,小倉,1,2,1,2013-02-10,https://www.jra.go.jp/datafile/seiseki/report/2013/2013-1kokura2.pdf,official_daily_result_pdf
201310010202,2013,小倉,1,2,2,2013-02-10,https://www.jra.go.jp/datafile/seiseki/report/2013/2013-1kokura2.pdf,official_daily_result_pdf
201310010203,2013,小倉,1,2,3,2013-02-10,https://www.jra.go.jp/datafile/seiseki/report/2013/2013-1kokura2.pdf,official_daily_result_pdf
201310010204,2013,小倉,1,2,4,2013-02-10,https://www.jra.go.jp/datafile/seiseki/report/2013/2013-1kokura2.pdf,official_daily_result_pdf
201310010205,2013,小倉,1,2,5,2013-02-10,https://www.jra.go.jp/datafile/seiseki/report/2013/2013-1kokura2.pdf,official_daily_result_pdf
201310010206,2013,小倉,1,2,6,2013-02-10,https://www.jra.go.jp/datafile/seiseki/report/2013/2013-1kokura2.pdf,official_daily_result_pdf
201310010207,2013,小倉,1,2,7,2013-02-10,https://www.jra.go.jp/datafile/seiseki/report/2013/2013-1kokura2.pdf,official_daily_result_pdf
201310010208,2013,小倉,1,2,8,2013-02-10,https://www.jra.go.jp/datafile/seiseki/report/2013/2013-1kokura2.pdf,official_daily_result_pdf
201310010209,2013,小倉,1,2,9,2013-02-10,https://www.jra.go.jp/datafile/seiseki/report/2013/2013-1kokura2.pdf,official_daily_result_pdf
201310010210,2013,小倉,1,2,10,2013-02-10,https://www.jra.go.jp/datafile/seiseki/report/2013/2013-1kokura2.pdf,official_daily_result_pdf
201310010211,2013,小倉,1,2,11,2013-02-10,https://www.jra.go.jp/datafile/seiseki/report/2013/2013-1kokura2.pdf,official_daily_result_pdf
201310010212,2013,小倉,1,2,12,2013-02-10,https://www.jra.go.jp/datafile/seiseki/report/2013/2013-1kokura2.pdf,official_daily_result_pdf
201310010301,2013,小倉,1,3,1,2013-02-16,https://www.jra.go.jp/datafile/seiseki/report/2013/2013-1kokura3.pdf,official_daily_result_pdf
201310010302,2013,小倉,1,3,2,2013-02-16,https://www.jra.go.jp/datafile/seiseki/report/2013/2013-1kokura3.pdf,official_daily_result_pdf
201310010303,2013,小倉,1,3,3,2013-02-16,https://www.jra.go.jp/datafile/seiseki/report/2013/2013-1kokura3.pdf,official_daily_result_pdf
201310010304,2013,小倉,1,3,4,2013-02-16,https://www.jra.go.jp/datafile/seiseki/report/2013/2013-1kokura3.pdf,official_daily_result_pdf
201310010305,2013,小倉,1,3,5,2013-02-16,https://www.jra.go.jp/datafile/seiseki/report/2013/2013-1kokura3.pdf,official_daily_result_pdf
201310010306,2013,小倉,1,3,6,2013-02-16,https://www.jra.go.jp/datafile/seiseki/report/2013/2013-1kokura3.pdf,official_daily_result_pdf
201310010307,2013,小倉,1,3,7,2013-02-16,https://www.jra.go.jp/datafile/seiseki/report/2013/2013-1kokura3.pdf,official_daily_result_pdf
201310010308,2013,小倉,1,3,8,2013-02-16,https://www.jra.go.jp/datafile/seiseki/report/2013/2013-1kokura3.pdf,official_daily_result_pdf
201310010309,2013,小倉,1,3,9,2013-02-16,https://www.jra.go.jp/datafile/seiseki/report/2013/2013-1kokura3.pdf,official_daily_result_pdf
201310010310,2013,小倉,1,3,10,2013-02-16,https://www.jra.go.jp/datafile/seiseki/report/2013/2013-1kokura3.pdf,official_daily_result_pdf
201310010311,2013,小倉,1,3,11,2013-02-16,https://www.jra.go.jp/datafile/seiseki/report/2013/2013-1kokura3.pdf,official_daily_result_pdf
201310010312,2013,小倉,1,3,12,2013-02-16,https://www.jra.go.jp/datafile/seiseki/report/2013/2013-1kokura3.pdf,official_daily_result_pdf
201310010401,2013,小倉,1,4,1,2013-02-17,https://www.jra.go.jp/datafile/seiseki/report/2013/2013-1kokura4.pdf,official_daily_result_pdf
201310010402,2013,小倉,1,4,2,2013-02-17,https://www.jra.go.jp/datafile/seiseki/report/2013/2013-1kokura4.pdf,official_daily_result_pdf
201310010403,2013,小倉,1,4,3,2013-02-17,https://www.jra.go.jp/datafile/seiseki/report/2013/2013-1kokura4.pdf,official_daily_result_pdf
201310010404,2013,小倉,1,4,4,2013-02-17,https://www.jra.go.jp/datafile/seiseki/report/2013/2013-1kokura4.pdf,official_daily_result_pdf
201310010405,2013,小倉,1,4,5,2013-02-17,https://www.jra.go.jp/datafile/seiseki/report/2013/2013-1kokura4.pdf,official_daily_result_pdf
201310010406,2013,小倉,1,4,6,2013-02-17,https://www.jra.go.jp/datafile/seiseki/report/2013/2013-1kokura4.pdf,official_daily_result_pdf
201310010407,2013,小倉,1,4,7,2013-02-17,https://www.jra.go.jp/datafile/seiseki/report/2013/2013-1kokura4.pdf,official_daily_result_pdf
201310010408,2013,小倉,1,4,8,2013-02-17,https://www.jra.go.jp/datafile/seiseki/report/2013/2013-1kokura4.pdf,official_daily_result_pdf
201310010409,2013,小倉,1,4,9,2013-02-17,https://www.jra.go.jp/datafile/seiseki/report/2013/2013-1kokura4.pdf,official_daily_result_pdf
201310010410,2013,小倉,1,4,10,2013-02-17,https://www.jra.go.jp/datafile/seiseki/report/2013/2013-1kokura4.pdf,official_daily_result_pdf
201310010411,2013,小倉,1,4,11,2013-02-17,https://www.jra.go.jp/datafile/seiseki/report/2013/2013-1kokura4.pdf,official_daily_result_pdf
201310010412,2013,小倉,1,4,12,2013-02-17,https://www.jra.go.jp/datafile/seiseki/report/2013/2013-1kokura4.pdf,official_daily_result_pdf
201310010501,2013,小倉,1,5,1,2013-02-23,https://www.jra.go.jp/datafile/seiseki/report/2013/2013-1kokura5.pdf,official_daily_result_pdf
201310010502,2013,小倉,1,5,2,2013-02-23,https://www.jra.go.jp/datafile/seiseki/report/2013/2013-1kokura5.pdf,official_daily_result_pdf
201310010503,2013,小倉,1,5,3,2013-02-23,https://www.jra.go.jp/datafile/seiseki/report/2013/2013-1kokura5.pdf,official_daily_result_pdf
201310010504,2013,小倉,1,5,4,2013-02-23,https://www.jra.go.jp/datafile/seiseki/report/2013/2013-1kokura5.pdf,official_daily_result_pdf
201310010505,2013,小倉,1,5,5,2013-02-23,https://www.jra.go.jp/datafile/seiseki/report/2013/2013-1kokura5.pdf,official_daily_result_pdf
201310010506,2013,小倉,1,5,6,2013-02-23,https://www.jra.go.jp/datafile/seiseki/report/2013/2013-1kokura5.pdf,official_daily_result_pdf
201310010507,2013,小倉,1,5,7,2013-02-23,https://www.jra.go.jp/datafile/seiseki/report/2013/2013-1kokura5.pdf,official_daily_result_pdf
201310010508,2013,小倉,1,5,8,2013-02-23,https://www.jra.go.jp/datafile/seiseki/report/2013/2013-1kokura5.pdf,official_daily_result_pdf
201310010509,2013,小倉,1,5,9,2013-02-23,https://www.jra.go.jp/datafile/seiseki/report/2013/2013-1kokura5.pdf,official_daily_result_pdf
201310010510,2013,小倉,1,5,10,2013-02-23,https://www.jra.go.jp/datafile/seiseki/report/2013/2013-1kokura5.pdf,official_daily_result_pdf
201310010511,2013,小倉,1,5,11,2013-02-23,https://www.jra.go.jp/datafile/seiseki/report/2013/2013-1kokura5.pdf,official_daily_result_pdf
201310010512,2013,小倉,1,5,12,2013-02-23,https://www.jra.go.jp/datafile/seiseki/report/2013/2013-1kokura5.pdf,official_daily_result_pdf
201310010601,2013,小倉,1,6,1,2013-02-24,https://www.jra.go.jp/datafile/seiseki/report/2013/2013-1kokura6.pdf,official_daily_result_pdf
201310010602,2013,小倉,1,6,2,2013-02-24,https://www.jra.go.jp/datafile/seiseki/report/2013/2013-1kokura6.pdf,official_daily_result_pdf
201310010603,2013,小倉,1,6,3,2013-02-24,https://www.jra.go.jp/datafile/seiseki/report/2013/2013-1kokura6.pdf,official_daily_result_pdf
201310010604,2013,小倉,1,6,4,2013-02-24,https://www.jra.go.jp/datafile/seiseki/report/2013/2013-1kokura6.pdf,official_daily_result_pdf
201310010605,2013,小倉,1,6,5,2013-02-24,https://www.jra.go.jp/datafile/seiseki/report/2013/2013-1kokura6.pdf,official_daily_result_pdf
201310010606,2013,小倉,1,6,6,2013-02-24,https://www.jra.go.jp/datafile/seiseki/report/2013/2013-1kokura6.pdf,official_daily_result_pdf
201310010607,2013,小倉,1,6,7,2013-02-24,https://www.jra.go.jp/datafile/seiseki/report/2013/2013-1kokura6.pdf,official_daily_result_pdf
201310010608,2013,小倉,1,6,8,2013-02-24,https://www.jra.go.jp/datafile/seiseki/report/2013/2013-1kokura6.pdf,official_daily_result_pdf
201310010609,2013,小倉,1,6,9,2013-02-24,https://www.jra.go.jp/datafile/seiseki/report/2013/2013-1kokura6.pdf,official_daily_result_pdf
201310010610,2013,小倉,1,6,10,2013-02-24,https://www.jra.go.jp/datafile/seiseki/report/2013/2013-1kokura6.pdf,official_daily_result_pdf
201310010611,2013,小倉,1,6,11,2013-02-24,https://www.jra.go.jp/datafile/seiseki/report/2013/2013-1kokura6.pdf,official_daily_result_pdf
201310010612,2013,小倉,1,6,12,2013-02-24,https://www.jra.go.jp/datafile/seiseki/report/2013/2013-1kokura6.pdf,official_daily_result_pdf
201310010701,2013,小倉,1,7,1,2013-03-02,https://www.jra.go.jp/datafile/seiseki/report/2013/2013-1kokura7.pdf,official_daily_result_pdf
201310010702,2013,小倉,1,7,2,2013-03-02,https://www.jra.go.jp/datafile/seiseki/report/2013/2013-1kokura7.pdf,official_daily_result_pdf
201310010703,2013,小倉,1,7,3,2013-03-02,https://www.jra.go.jp/datafile/seiseki/report/2013/2013-1kokura7.pdf,official_daily_result_pdf
201310010704,2013,小倉,1,7,4,2013-03-02,https://www.jra.go.jp/datafile/seiseki/report/2013/2013-1kokura7.pdf,official_daily_result_pdf
201310010705,2013,小倉,1,7,5,2013-03-02,https://www.jra.go.jp/datafile/seiseki/report/2013/2013-1kokura7.pdf,official_daily_result_pdf
201310010706,2013,小倉,1,7,6,2013-03-02,https://www.jra.go.jp/datafile/seiseki/report/2013/2013-1kokura7.pdf,official_daily_result_pdf
201310010707,2013,小倉,1,7,7,2013-03-02,https://www.jra.go.jp/datafile/seiseki/report/2013/2013-1kokura7.pdf,official_daily_result_pdf
201310010708,2013,小倉,1,7,8,2013-03-02,https://www.jra.go.jp/datafile/seiseki/report/2013/2013-1kokura7.pdf,official_daily_result_pdf
201310010709,2013,小倉,1,7,9,2013-03-02,https://www.jra.go.jp/datafile/seiseki/report/2013/2013-1kokura7.pdf,official_daily_result_pdf
201310010710,2013,小倉,1,7,10,2013-03-02,https://www.jra.go.jp/datafile/seiseki/report/2013/2013-1kokura7.pdf,official_daily_result_pdf
201310010711,2013,小倉,1,7,11,2013-03-02,https://www.jra.go.jp/datafile/seiseki/report/2013/2013-1kokura7.pdf,official_daily_result_pdf
201310010712,2013,小倉,1,7,12,2013-03-02,https://www.jra.go.jp/datafile/seiseki/report/2013/2013-1kokura7.pdf,official_daily_result_pdf
201310010801,2013,小倉,1,8,1,2013-03-03,https://www.jra.go.jp/datafile/seiseki/report/2013/2013-1kokura8.pdf,official_daily_result_pdf
201310010802,2013,小倉,1,8,2,2013-03-03,https://www.jra.go.jp/datafile/seiseki/report/2013/2013-1kokura8.pdf,official_daily_result_pdf
201310010803,2013,小倉,1,8,3,2013-03-03,https://www.jra.go.jp/datafile/seiseki/report/2013/2013-1kokura8.pdf,official_daily_result_pdf
201310010804,2013,小倉,1,8,4,2013-03-03,https://www.jra.go.jp/datafile/seiseki/report/2013/2013-1kokura8.pdf,official_daily_result_pdf
201310010805,2013,小倉,1,8,5,2013-03-03,https://www.jra.go.jp/datafile/seiseki/report/2013/2013-1kokura8.pdf,official_daily_result_pdf
201310010806,2013,小倉,1,8,6,2013-03-03,https://www.jra.go.jp/datafile/seiseki/report/2013/2013-1kokura8.pdf,official_daily_result_pdf
201310010807,2013,小倉,1,8,7,2013-03-03,https://www.jra.go.jp/datafile/seiseki/report/2013/2013-1kokura8.pdf,official_daily_result_pdf
201310010808,2013,小倉,1,8,8,2013-03-03,https://www.jra.go.jp/datafile/seiseki/report/2013/2013-1kokura8.pdf,official_daily_result_pdf
201310010809,2013,小倉,1,8,9,2013-03-03,https://www.jra.go.jp/datafile/seiseki/report/2013/2013-1kokura8.pdf,official_daily_result_pdf
201310010810,2013,小倉,1,8,10,2013-03-03,https://www.jra.go.jp/datafile/seiseki/report/2013/2013-1kokura8.pdf,official_daily_result_pdf
201310010811,2013,小倉,1,8,11,2013-03-03,https://www.jra.go.jp/datafile/seiseki/report/2013/2013-1kokura8.pdf,official_daily_result_pdf
201310010812,2013,小倉,1,8,12,2013-03-03,https://www.jra.go.jp/datafile/seiseki/report/2013/2013-1kokura8.pdf,official_daily_result_pdf
201310020101,2013,小倉,2,1,1,2013-07-27,https://www.jra.go.jp/datafile/seiseki/report/2013/2013-2kokura1.pdf,official_daily_result_pdf
201310020102,2013,小倉,2,1,2,2013-07-27,https://www.jra.go.jp/datafile/seiseki/report/2013/2013-2kokura1.pdf,official_daily_result_pdf
201310020103,2013,小倉,2,1,3,2013-07-27,https://www.jra.go.jp/datafile/seiseki/report/2013/2013-2kokura1.pdf,official_daily_result_pdf
201310020104,2013,小倉,2,1,4,2013-07-27,https://www.jra.go.jp/datafile/seiseki/report/2013/2013-2kokura1.pdf,official_daily_result_pdf
201310020105,2013,小倉,2,1,5,2013-07-27,https://www.jra.go.jp/datafile/seiseki/report/2013/2013-2kokura1.pdf,official_daily_result_pdf
201310020106,2013,小倉,2,1,6,2013-07-27,https://www.jra.go.jp/datafile/seiseki/report/2013/2013-2kokura1.pdf,official_daily_result_pdf
201310020107,2013,小倉,2,1,7,2013-07-27,https://www.jra.go.jp/datafile/seiseki/report/2013/2013-2kokura1.pdf,official_daily_result_pdf
201310020108,2013,小倉,2,1,8,2013-07-27,https://www.jra.go.jp/datafile/seiseki/report/2013/2013-2kokura1.pdf,official_daily_result_pdf
201310020109,2013,小倉,2,1,9,2013-07-27,https://www.jra.go.jp/datafile/seiseki/report/2013/2013-2kokura1.pdf,official_daily_result_pdf
201310020110,2013,小倉,2,1,10,2013-07-27,https://www.jra.go.jp/datafile/seiseki/report/2013/2013-2kokura1.pdf,official_daily_result_pdf
201310020111,2013,小倉,2,1,11,2013-07-27,https://www.jra.go.jp/datafile/seiseki/report/2013/2013-2kokura1.pdf,official_daily_result_pdf
201310020112,2013,小倉,2,1,12,2013-07-27,https://www.jra.go.jp/datafile/seiseki/report/2013/2013-2kokura1.pdf,official_daily_result_pdf
201310020201,2013,小倉,2,2,1,2013-07-28,https://www.jra.go.jp/datafile/seiseki/report/2013/2013-2kokura2.pdf,official_daily_result_pdf
201310020202,2013,小倉,2,2,2,2013-07-28,https://www.jra.go.jp/datafile/seiseki/report/2013/2013-2kokura2.pdf,official_daily_result_pdf
201310020203,2013,小倉,2,2,3,2013-07-28,https://www.jra.go.jp/datafile/seiseki/report/2013/2013-2kokura2.pdf,official_daily_result_pdf
201310020204,2013,小倉,2,2,4,2013-07-28,https://www.jra.go.jp/datafile/seiseki/report/2013/2013-2kokura2.pdf,official_daily_result_pdf
201310020205,2013,小倉,2,2,5,2013-07-28,https://www.jra.go.jp/datafile/seiseki/report/2013/2013-2kokura2.pdf,official_daily_result_pdf
201310020206,2013,小倉,2,2,6,2013-07-28,https://www.jra.go.jp/datafile/seiseki/report/2013/2013-2kokura2.pdf,official_daily_result_pdf
201310020207,2013,小倉,2,2,7,2013-07-28,https://www.jra.go.jp/datafile/seiseki/report/2013/2013-2kokura2.pdf,official_daily_result_pdf
201310020208,2013,小倉,2,2,8,2013-07-28,https://www.jra.go.jp/datafile/seiseki/report/2013/2013-2kokura2.pdf,official_daily_result_pdf
201310020209,2013,小倉,2,2,9,2013-07-28,https://www.jra.go.jp/datafile/seiseki/report/2013/2013-2kokura2.pdf,official_daily_result_pdf
201310020210,2013,小倉,2,2,10,2013-07-28,https://www.jra.go.jp/datafile/seiseki/report/2013/2013-2kokura2.pdf,official_daily_result_pdf
201310020211,2013,小倉,2,2,11,2013-07-28,https://www.jra.go.jp/datafile/seiseki/report/2013/2013-2kokura2.pdf,official_daily_result_pdf
201310020212,2013,小倉,2,2,12,2013-07-28,https://www.jra.go.jp/datafile/seiseki/report/2013/2013-2kokura2.pdf,official_daily_result_pdf
201310020301,2013,小倉,2,3,1,2013-08-03,https://www.jra.go.jp/datafile/seiseki/report/2013/2013-2kokura3.pdf,official_daily_result_pdf
201310020302,2013,小倉,2,3,2,2013-08-03,https://www.jra.go.jp/datafile/seiseki/report/2013/2013-2kokura3.pdf,official_daily_result_pdf
201310020303,2013,小倉,2,3,3,2013-08-03,https://www.jra.go.jp/datafile/seiseki/report/2013/2013-2kokura3.pdf,official_daily_result_pdf
201310020304,2013,小倉,2,3,4,2013-08-03,https://www.jra.go.jp/datafile/seiseki/report/2013/2013-2kokura3.pdf,official_daily_result_pdf
201310020305,2013,小倉,2,3,5,2013-08-03,https://www.jra.go.jp/datafile/seiseki/report/2013/2013-2kokura3.pdf,official_daily_result_pdf
201310020306,2013,小倉,2,3,6,2013-08-03,https://www.jra.go.jp/datafile/seiseki/report/2013/2013-2kokura3.pdf,official_daily_result_pdf
201310020307,2013,小倉,2,3,7,2013-08-03,https://www.jra.go.jp/datafile/seiseki/report/2013/2013-2kokura3.pdf,official_daily_result_pdf
201310020308,2013,小倉,2,3,8,2013-08-03,https://www.jra.go.jp/datafile/seiseki/report/2013/2013-2kokura3.pdf,official_daily_result_pdf
201310020309,2013,小倉,2,3,9,2013-08-03,https://www.jra.go.jp/datafile/seiseki/report/2013/2013-2kokura3.pdf,official_daily_result_pdf
201310020310,2013,小倉,2,3,10,2013-08-03,https://www.jra.go.jp/datafile/seiseki/report/2013/2013-2kokura3.pdf,official_daily_result_pdf
201310020311,2013,小倉,2,3,11,2013-08-03,https://www.jra.go.jp/datafile/seiseki/report/2013/2013-2kokura3.pdf,official_daily_result_pdf
201310020312,2013,小倉,2,3,12,2013-08-03,https://www.jra.go.jp/datafile/seiseki/report/2013/2013-2kokura3.pdf,official_daily_result_pdf
201310020401,2013,小倉,2,4,1,2013-08-04,https://www.jra.go.jp/datafile/seiseki/report/2013/2013-2kokura4.pdf,official_daily_result_pdf
201310020402,2013,小倉,2,4,2,2013-08-04,https://www.jra.go.jp/datafile/seiseki/report/2013/2013-2kokura4.pdf,official_daily_result_pdf
201310020403,2013,小倉,2,4,3,2013-08-04,https://www.jra.go.jp/datafile/seiseki/report/2013/2013-2kokura4.pdf,official_daily_result_pdf
201310020404,2013,小倉,2,4,4,2013-08-04,https://www.jra.go.jp/datafile/seiseki/report/2013/2013-2kokura4.pdf,official_daily_result_pdf
201310020405,2013,小倉,2,4,5,2013-08-04,https://www.jra.go.jp/datafile/seiseki/report/2013/2013-2kokura4.pdf,official_daily_result_pdf
201310020406,2013,小倉,2,4,6,2013-08-04,https://www.jra.go.jp/datafile/seiseki/report/2013/2013-2kokura4.pdf,official_daily_result_pdf
201310020407,2013,小倉,2,4,7,2013-08-04,https://www.jra.go.jp/datafile/seiseki/report/2013/2013-2kokura4.pdf,official_daily_result_pdf
201310020408,2013,小倉,2,4,8,2013-08-04,https://www.jra.go.jp/datafile/seiseki/report/2013/2013-2kokura4.pdf,official_daily_result_pdf
201310020409,2013,小倉,2,4,9,2013-08-04,https://www.jra.go.jp/datafile/seiseki/report/2013/2013-2kokura4.pdf,official_daily_result_pdf
201310020410,2013,小倉,2,4,10,2013-08-04,https://www.jra.go.jp/datafile/seiseki/report/2013/2013-2kokura4.pdf,official_daily_result_pdf
201310020411,2013,小倉,2,4,11,2013-08-04,https://www.jra.go.jp/datafile/seiseki/report/2013/2013-2kokura4.pdf,official_daily_result_pdf
201310020412,2013,小倉,2,4,12,2013-08-04,https://www.jra.go.jp/datafile/seiseki/report/2013/2013-2kokura4.pdf,official_daily_result_pdf
201310020501,2013,小倉,2,5,1,2013-08-10,https://www.jra.go.jp/datafile/seiseki/report/2013/2013-2kokura5.pdf,official_daily_result_pdf
201310020502,2013,小倉,2,5,2,2013-08-10,https://www.jra.go.jp/datafile/seiseki/report/2013/2013-2kokura5.pdf,official_daily_result_pdf
201310020503,2013,小倉,2,5,3,2013-08-10,https://www.jra.go.jp/datafile/seiseki/report/2013/2013-2kokura5.pdf,official_daily_result_pdf
201310020504,2013,小倉,2,5,4,2013-08-10,https://www.jra.go.jp/datafile/seiseki/report/2013/2013-2kokura5.pdf,official_daily_result_pdf
201310020505,2013,小倉,2,5,5,2013-08-10,https://www.jra.go.jp/datafile/seiseki/report/2013/2013-2kokura5.pdf,official_daily_result_pdf
201310020506,2013,小倉,2,5,6,2013-08-10,https://www.jra.go.jp/datafile/seiseki/report/2013/2013-2kokura5.pdf,official_daily_result_pdf
201310020507,2013,小倉,2,5,7,2013-08-10,https://www.jra.go.jp/datafile/seiseki/report/2013/2013-2kokura5.pdf,official_daily_result_pdf
201310020508,2013,小倉,2,5,8,2013-08-10,https://www.jra.go.jp/datafile/seiseki/report/2013/2013-2kokura5.pdf,official_daily_result_pdf
201310020509,2013,小倉,2,5,9,2013-08-10,https://www.jra.go.jp/datafile/seiseki/report/2013/2013-2kokura5.pdf,official_daily_result_pdf
201310020510,2013,小倉,2,5,10,2013-08-10,https://www.jra.go.jp/datafile/seiseki/report/2013/2013-2kokura5.pdf,official_daily_result_pdf
201310020511,2013,小倉,2,5,11,2013-08-10,https://www.jra.go.jp/datafile/seiseki/report/2013/2013-2kokura5.pdf,official_daily_result_pdf
201310020512,2013,小倉,2,5,12,2013-08-10,https://www.jra.go.jp/datafile/seiseki/report/2013/2013-2kokura5.pdf,official_daily_result_pdf
201310020601,2013,小倉,2,6,1,2013-08-11,https://www.jra.go.jp/datafile/seiseki/report/2013/2013-2kokura6.pdf,official_daily_result_pdf
201310020602,2013,小倉,2,6,2,2013-08-11,https://www.jra.go.jp/datafile/seiseki/report/2013/2013-2kokura6.pdf,official_daily_result_pdf
201310020603,2013,小倉,2,6,3,2013-08-11,https://www.jra.go.jp/datafile/seiseki/report/2013/2013-2kokura6.pdf,official_daily_result_pdf
201310020604,2013,小倉,2,6,4,2013-08-11,https://www.jra.go.jp/datafile/seiseki/report/2013/2013-2kokura6.pdf,official_daily_result_pdf
201310020605,2013,小倉,2,6,5,2013-08-11,https://www.jra.go.jp/datafile/seiseki/report/2013/2013-2kokura6.pdf,official_daily_result_pdf
201310020606,2013,小倉,2,6,6,2013-08-11,https://www.jra.go.jp/datafile/seiseki/report/2013/2013-2kokura6.pdf,official_daily_result_pdf
201310020607,2013,小倉,2,6,7,2013-08-11,https://www.jra.go.jp/datafile/seiseki/report/2013/2013-2kokura6.pdf,official_daily_result_pdf
201310020608,2013,小倉,2,6,8,2013-08-11,https://www.jra.go.jp/datafile/seiseki/report/2013/2013-2kokura6.pdf,official_daily_result_pdf
201310020609,2013,小倉,2,6,9,2013-08-11,https://www.jra.go.jp/datafile/seiseki/report/2013/2013-2kokura6.pdf,official_daily_result_pdf
201310020610,2013,小倉,2,6,10,2013-08-11,https://www.jra.go.jp/datafile/seiseki/report/2013/2013-2kokura6.pdf,official_daily_result_pdf
201310020611,2013,小倉,2,6,11,2013-08-11,https://www.jra.go.jp/datafile/seiseki/report/2013/2013-2kokura6.pdf,official_daily_result_pdf
201310020612,2013,小倉,2,6,12,2013-08-11,https://www.jra.go.jp/datafile/seiseki/report/2013/2013-2kokura6.pdf,official_daily_result_pdf
201310020701,2013,小倉,2,7,1,2013-08-17,https://www.jra.go.jp/datafile/seiseki/report/2013/2013-2kokura7.pdf,official_daily_result_pdf
201310020702,2013,小倉,2,7,2,2013-08-17,https://www.jra.go.jp/datafile/seiseki/report/2013/2013-2kokura7.pdf,official_daily_result_pdf
201310020703,2013,小倉,2,7,3,2013-08-17,https://www.jra.go.jp/datafile/seiseki/report/2013/2013-2kokura7.pdf,official_daily_result_pdf
201310020704,2013,小倉,2,7,4,2013-08-17,https://www.jra.go.jp/datafile/seiseki/report/2013/2013-2kokura7.pdf,official_daily_result_pdf
201310020705,2013,小倉,2,7,5,2013-08-17,https://www.jra.go.jp/datafile/seiseki/report/2013/2013-2kokura7.pdf,official_daily_result_pdf
201310020706,2013,小倉,2,7,6,2013-08-17,https://www.jra.go.jp/datafile/seiseki/report/2013/2013-2kokura7.pdf,official_daily_result_pdf
201310020707,2013,小倉,2,7,7,2013-08-17,https://www.jra.go.jp/datafile/seiseki/report/2013/2013-2kokura7.pdf,official_daily_result_pdf
201310020708,2013,小倉,2,7,8,2013-08-17,https://www.jra.go.jp/datafile/seiseki/report/2013/2013-2kokura7.pdf,official_daily_result_pdf
201310020709,2013,小倉,2,7,9,2013-08-17,https://www.jra.go.jp/datafile/seiseki/report/2013/2013-2kokura7.pdf,official_daily_result_pdf
201310020710,2013,小倉,2,7,10,2013-08-17,https://www.jra.go.jp/datafile/seiseki/report/2013/2013-2kokura7.pdf,official_daily_result_pdf
201310020711,2013,小倉,2,7,11,2013-08-17,https://www.jra.go.jp/datafile/seiseki/report/2013/2013-2kokura7.pdf,official_daily_result_pdf
201310020712,2013,小倉,2,7,12,2013-08-17,https://www.jra.go.jp/datafile/seiseki/report/2013/2013-2kokura7.pdf,official_daily_result_pdf
201310020801,2013,小倉,2,8,1,2013-08-18,https://www.jra.go.jp/datafile/seiseki/report/2013/2013-2kokura8.pdf,official_daily_result_pdf
201310020802,2013,小倉,2,8,2,2013-08-18,https://www.jra.go.jp/datafile/seiseki/report/2013/2013-2kokura8.pdf,official_daily_result_pdf
201310020803,2013,小倉,2,8,3,2013-08-18,https://www.jra.go.jp/datafile/seiseki/report/2013/2013-2kokura8.pdf,official_daily_result_pdf
201310020804,2013,小倉,2,8,4,2013-08-18,https://www.jra.go.jp/datafile/seiseki/report/2013/2013-2kokura8.pdf,official_daily_result_pdf
201310020805,2013,小倉,2,8,5,2013-08-18,https://www.jra.go.jp/datafile/seiseki/report/2013/2013-2kokura8.pdf,official_daily_result_pdf
201310020806,2013,小倉,2,8,6,2013-08-18,https://www.jra.go.jp/datafile/seiseki/report/2013/2013-2kokura8.pdf,official_daily_result_pdf
201310020807,2013,小倉,2,8,7,2013-08-18,https://www.jra.go.jp/datafile/seiseki/report/2013/2013-2kokura8.pdf,official_daily_result_pdf
201310020808,2013,小倉,2,8,8,2013-08-18,https://www.jra.go.jp/datafile/seiseki/report/2013/2013-2kokura8.pdf,official_daily_result_pdf
201310020809,2013,小倉,2,8,9,2013-08-18,https://www.jra.go.jp/datafile/seiseki/report/2013/2013-2kokura8.pdf,official_daily_result_pdf
201310020810,2013,小倉,2,8,10,2013-08-18,https://www.jra.go.jp/datafile/seiseki/report/2013/2013-2kokura8.pdf,official_daily_result_pdf
201310020811,2013,小倉,2,8,11,2013-08-18,https://www.jra.go.jp/datafile/seiseki/report/2013/2013-2kokura8.pdf,official_daily_result_pdf
201310020812,2013,小倉,2,8,12,2013-08-18,https://www.jra.go.jp/datafile/seiseki/report/2013/2013-2kokura8.pdf,official_daily_result_pdf
201310020901,2013,小倉,2,9,1,2013-08-24,https://www.jra.go.jp/datafile/seiseki/report/2013/2013-2kokura9.pdf,official_daily_result_pdf
201310020902,2013,小倉,2,9,2,2013-08-24,https://www.jra.go.jp/datafile/seiseki/report/2013/2013-2kokura9.pdf,official_daily_result_pdf
201310020903,2013,小倉,2,9,3,2013-08-24,https://www.jra.go.jp/datafile/seiseki/report/2013/2013-2kokura9.pdf,official_daily_result_pdf
201310020904,2013,小倉,2,9,4,2013-08-24,https://www.jra.go.jp/datafile/seiseki/report/2013/2013-2kokura9.pdf,official_daily_result_pdf
201310020905,2013,小倉,2,9,5,2013-08-24,https://www.jra.go.jp/datafile/seiseki/report/2013/2013-2kokura9.pdf,official_daily_result_pdf
201310020906,2013,小倉,2,9,6,2013-08-24,https://www.jra.go.jp/datafile/seiseki/report/2013/2013-2kokura9.pdf,official_daily_result_pdf
201310020907,2013,小倉,2,9,7,2013-08-24,https://www.jra.go.jp/datafile/seiseki/report/2013/2013-2kokura9.pdf,official_daily_result_pdf
201310020908,2013,小倉,2,9,8,2013-08-24,https://www.jra.go.jp/datafile/seiseki/report/2013/2013-2kokura9.pdf,official_daily_result_pdf
201310020909,2013,小倉,2,9,9,2013-08-24,https://www.jra.go.jp/datafile/seiseki/report/2013/2013-2kokura9.pdf,official_daily_result_pdf
201310020910,2013,小倉,2,9,10,2013-08-24,https://www.jra.go.jp/datafile/seiseki/report/2013/2013-2kokura9.pdf,official_daily_result_pdf
201310020911,2013,小倉,2,9,11,2013-08-24,https://www.jra.go.jp/datafile/seiseki/report/2013/2013-2kokura9.pdf,official_daily_result_pdf
201310020912,2013,小倉,2,9,12,2013-08-24,https://www.jra.go.jp/datafile/seiseki/report/2013/2013-2kokura9.pdf,official_daily_result_pdf
201310021001,2013,小倉,2,10,1,2013-08-25,https://www.jra.go.jp/datafile/seiseki/report/2013/2013-2kokura10.pdf,official_daily_result_pdf
201310021002,2013,小倉,2,10,2,2013-08-25,https://www.jra.go.jp/datafile/seiseki/report/2013/2013-2kokura10.pdf,official_daily_result_pdf
201310021003,2013,小倉,2,10,3,2013-08-25,https://www.jra.go.jp/datafile/seiseki/report/2013/2013-2kokura10.pdf,official_daily_result_pdf
201310021004,2013,小倉,2,10,4,2013-08-25,https://www.jra.go.jp/datafile/seiseki/report/2013/2013-2kokura10.pdf,official_daily_result_pdf
201310021005,2013,小倉,2,10,5,2013-08-25,https://www.jra.go.jp/datafile/seiseki/report/2013/2013-2kokura10.pdf,official_daily_result_pdf
201310021006,2013,小倉,2,10,6,2013-08-25,https://www.jra.go.jp/datafile/seiseki/report/2013/2013-2kokura10.pdf,official_daily_result_pdf
201310021007,2013,小倉,2,10,7,2013-08-25,https://www.jra.go.jp/datafile/seiseki/report/2013/2013-2kokura10.pdf,official_daily_result_pdf
201310021008,2013,小倉,2,10,8,2013-08-25,https://www.jra.go.jp/datafile/seiseki/report/2013/2013-2kokura10.pdf,official_daily_result_pdf
201310021009,2013,小倉,2,10,9,2013-08-25,https://www.jra.go.jp/datafile/seiseki/report/2013/2013-2kokura10.pdf,official_daily_result_pdf
201310021010,2013,小倉,2,10,10,2013-08-25,https://www.jra.go.jp/datafile/seiseki/report/2013/2013-2kokura10.pdf,official_daily_result_pdf
201310021011,2013,小倉,2,10,11,2013-08-25,https://www.jra.go.jp/datafile/seiseki/report/2013/2013-2kokura10.pdf,official_daily_result_pdf
201310021012,2013,小倉,2,10,12,2013-08-25,https://www.jra.go.jp/datafile/seiseki/report/2013/2013-2kokura10.pdf,official_daily_result_pdf
201310021101,2013,小倉,2,11,1,2013-08-31,https://www.jra.go.jp/datafile/seiseki/report/2013/2013-2kokura11.pdf,official_daily_result_pdf
201310021102,2013,小倉,2,11,2,2013-08-31,https://www.jra.go.jp/datafile/seiseki/report/2013/2013-2kokura11.pdf,official_daily_result_pdf
201310021103,2013,小倉,2,11,3,2013-08-31,https://www.jra.go.jp/datafile/seiseki/report/2013/2013-2kokura11.pdf,official_daily_result_pdf
201310021104,2013,小倉,2,11,4,2013-08-31,https://www.jra.go.jp/datafile/seiseki/report/2013/2013-2kokura11.pdf,official_daily_result_pdf
201310021105,2013,小倉,2,11,5,2013-08-31,https://www.jra.go.jp/datafile/seiseki/report/2013/2013-2kokura11.pdf,official_daily_result_pdf
201310021106,2013,小倉,2,11,6,2013-08-31,https://www.jra.go.jp/datafile/seiseki/report/2013/2013-2kokura11.pdf,official_daily_result_pdf
201310021107,2013,小倉,2,11,7,2013-08-31,https://www.jra.go.jp/datafile/seiseki/report/2013/2013-2kokura11.pdf,official_daily_result_pdf
201310021108,2013,小倉,2,11,8,2013-08-31,https://www.jra.go.jp/datafile/seiseki/report/2013/2013-2kokura11.pdf,official_daily_result_pdf
201310021109,2013,小倉,2,11,9,2013-08-31,https://www.jra.go.jp/datafile/seiseki/report/2013/2013-2kokura11.pdf,official_daily_result_pdf
201310021110,2013,小倉,2,11,10,2013-08-31,https://www.jra.go.jp/datafile/seiseki/report/2013/2013-2kokura11.pdf,official_daily_result_pdf
201310021111,2013,小倉,2,11,11,2013-08-31,https://www.jra.go.jp/datafile/seiseki/report/2013/2013-2kokura11.pdf,official_daily_result_pdf
201310021112,2013,小倉,2,11,12,2013-08-31,https://www.jra.go.jp/datafile/seiseki/report/2013/2013-2kokura11.pdf,official_daily_result_pdf
201310021201,2013,小倉,2,12,1,2013-09-01,https://www.jra.go.jp/datafile/seiseki/report/2013/2013-2kokura12.pdf,official_daily_result_pdf
201310021202,2013,小倉,2,12,2,2013-09-01,https://www.jra.go.jp/datafile/seiseki/report/2013/2013-2kokura12.pdf,official_daily_result_pdf
201310021203,2013,小倉,2,12,3,2013-09-01,https://www.jra.go.jp/datafile/seiseki/report/2013/2013-2kokura12.pdf,official_daily_result_pdf
201310021204,2013,小倉,2,12,4,2013-09-01,https://www.jra.go.jp/datafile/seiseki/report/2013/2013-2kokura12.pdf,official_daily_result_pdf
201310021205,2013,小倉,2,12,5,2013-09-01,https://www.jra.go.jp/datafile/seiseki/report/2013/2013-2kokura12.pdf,official_daily_result_pdf
201310021206,2013,小倉,2,12,6,2013-09-01,https://www.jra.go.jp/datafile/seiseki/report/2013/2013-2kokura12.pdf,official_daily_result_pdf
201310021207,2013,小倉,2,12,7,2013-09-01,https://www.jra.go.jp/datafile/seiseki/report/2013/2013-2kokura12.pdf,official_daily_result_pdf
201310021208,2013,小倉,2,12,8,2013-09-01,https://www.jra.go.jp/datafile/seiseki/report/2013/2013-2kokura12.pdf,official_daily_result_pdf
201310021209,2013,小倉,2,12,9,2013-09-01,https://www.jra.go.jp/datafile/seiseki/report/2013/2013-2kokura12.pdf,official_daily_result_pdf
201310021210,2013,小倉,2,12,10,2013-09-01,https://www.jra.go.jp/datafile/seiseki/report/2013/2013-2kokura12.pdf,official_daily_result_pdf
201310021211,2013,小倉,2,12,11,2013-09-01,https://www.jra.go.jp/datafile/seiseki/report/2013/2013-2kokura12.pdf,official_daily_result_pdf
201310021212,2013,小倉,2,12,12,2013-09-01,https://www.jra.go.jp/datafile/seiseki/report/2013/2013-2kokura12.pdf,official_daily_result_pdf
201401010101,2014,札幌,1,1,1,2014-07-26,https://www.jra.go.jp/datafile/seiseki/report/2014/2014-1sapporo1.pdf,official_daily_result_pdf
201401010102,2014,札幌,1,1,2,2014-07-26,https://www.jra.go.jp/datafile/seiseki/report/2014/2014-1sapporo1.pdf,official_daily_result_pdf
201401010103,2014,札幌,1,1,3,2014-07-26,https://www.jra.go.jp/datafile/seiseki/report/2014/2014-1sapporo1.pdf,official_daily_result_pdf
201401010104,2014,札幌,1,1,4,2014-07-26,https://www.jra.go.jp/datafile/seiseki/report/2014/2014-1sapporo1.pdf,official_daily_result_pdf
201401010105,2014,札幌,1,1,5,2014-07-26,https://www.jra.go.jp/datafile/seiseki/report/2014/2014-1sapporo1.pdf,official_daily_result_pdf
201401010106,2014,札幌,1,1,6,2014-07-26,https://www.jra.go.jp/datafile/seiseki/report/2014/2014-1sapporo1.pdf,official_daily_result_pdf
201401010107,2014,札幌,1,1,7,2014-07-26,https://www.jra.go.jp/datafile/seiseki/report/2014/2014-1sapporo1.pdf,official_daily_result_pdf
201401010108,2014,札幌,1,1,8,2014-07-26,https://www.jra.go.jp/datafile/seiseki/report/2014/2014-1sapporo1.pdf,official_daily_result_pdf
201401010109,2014,札幌,1,1,9,2014-07-26,https://www.jra.go.jp/datafile/seiseki/report/2014/2014-1sapporo1.pdf,official_daily_result_pdf
201401010110,2014,札幌,1,1,10,2014-07-26,https://www.jra.go.jp/datafile/seiseki/report/2014/2014-1sapporo1.pdf,official_daily_result_pdf
201401010111,2014,札幌,1,1,11,2014-07-26,https://www.jra.go.jp/datafile/seiseki/report/2014/2014-1sapporo1.pdf,official_daily_result_pdf
201401010112,2014,札幌,1,1,12,2014-07-26,https://www.jra.go.jp/datafile/seiseki/report/2014/2014-1sapporo1.pdf,official_daily_result_pdf
201401010201,2014,札幌,1,2,1,2014-07-27,https://www.jra.go.jp/datafile/seiseki/report/2014/2014-1sapporo2.pdf,official_daily_result_pdf
201401010202,2014,札幌,1,2,2,2014-07-27,https://www.jra.go.jp/datafile/seiseki/report/2014/2014-1sapporo2.pdf,official_daily_result_pdf
201401010203,2014,札幌,1,2,3,2014-07-27,https://www.jra.go.jp/datafile/seiseki/report/2014/2014-1sapporo2.pdf,official_daily_result_pdf
201401010204,2014,札幌,1,2,4,2014-07-27,https://www.jra.go.jp/datafile/seiseki/report/2014/2014-1sapporo2.pdf,official_daily_result_pdf
201401010205,2014,札幌,1,2,5,2014-07-27,https://www.jra.go.jp/datafile/seiseki/report/2014/2014-1sapporo2.pdf,official_daily_result_pdf
201401010206,2014,札幌,1,2,6,2014-07-27,https://www.jra.go.jp/datafile/seiseki/report/2014/2014-1sapporo2.pdf,official_daily_result_pdf
201401010207,2014,札幌,1,2,7,2014-07-27,https://www.jra.go.jp/datafile/seiseki/report/2014/2014-1sapporo2.pdf,official_daily_result_pdf
201401010208,2014,札幌,1,2,8,2014-07-27,https://www.jra.go.jp/datafile/seiseki/report/2014/2014-1sapporo2.pdf,official_daily_result_pdf
201401010209,2014,札幌,1,2,9,2014-07-27,https://www.jra.go.jp/datafile/seiseki/report/2014/2014-1sapporo2.pdf,official_daily_result_pdf
201401010210,2014,札幌,1,2,10,2014-07-27,https://www.jra.go.jp/datafile/seiseki/report/2014/2014-1sapporo2.pdf,official_daily_result_pdf
201401010211,2014,札幌,1,2,11,2014-07-27,https://www.jra.go.jp/datafile/seiseki/report/2014/2014-1sapporo2.pdf,official_daily_result_pdf
201401010212,2014,札幌,1,2,12,2014-07-27,https://www.jra.go.jp/datafile/seiseki/report/2014/2014-1sapporo2.pdf,official_daily_result_pdf
201401010301,2014,札幌,1,3,1,2014-08-02,https://www.jra.go.jp/datafile/seiseki/report/2014/2014-1sapporo3.pdf,official_daily_result_pdf
201401010302,2014,札幌,1,3,2,2014-08-02,https://www.jra.go.jp/datafile/seiseki/report/2014/2014-1sapporo3.pdf,official_daily_result_pdf
201401010303,2014,札幌,1,3,3,2014-08-02,https://www.jra.go.jp/datafile/seiseki/report/2014/2014-1sapporo3.pdf,official_daily_result_pdf
201401010304,2014,札幌,1,3,4,2014-08-02,https://www.jra.go.jp/datafile/seiseki/report/2014/2014-1sapporo3.pdf,official_daily_result_pdf
201401010305,2014,札幌,1,3,5,2014-08-02,https://www.jra.go.jp/datafile/seiseki/report/2014/2014-1sapporo3.pdf,official_daily_result_pdf
201401010306,2014,札幌,1,3,6,2014-08-02,https://www.jra.go.jp/datafile/seiseki/report/2014/2014-1sapporo3.pdf,official_daily_result_pdf
201401010307,2014,札幌,1,3,7,2014-08-02,https://www.jra.go.jp/datafile/seiseki/report/2014/2014-1sapporo3.pdf,official_daily_result_pdf
201401010308,2014,札幌,1,3,8,2014-08-02,https://www.jra.go.jp/datafile/seiseki/report/2014/2014-1sapporo3.pdf,official_daily_result_pdf
201401010309,2014,札幌,1,3,9,2014-08-02,https://www.jra.go.jp/datafile/seiseki/report/2014/2014-1sapporo3.pdf,official_daily_result_pdf
201401010310,2014,札幌,1,3,10,2014-08-02,https://www.jra.go.jp/datafile/seiseki/report/2014/2014-1sapporo3.pdf,official_daily_result_pdf
201401010311,2014,札幌,1,3,11,2014-08-02,https://www.jra.go.jp/datafile/seiseki/report/2014/2014-1sapporo3.pdf,official_daily_result_pdf
201401010312,2014,札幌,1,3,12,2014-08-02,https://www.jra.go.jp/datafile/seiseki/report/2014/2014-1sapporo3.pdf,official_daily_result_pdf
201401010401,2014,札幌,1,4,1,2014-08-03,https://www.jra.go.jp/datafile/seiseki/report/2014/2014-1sapporo4.pdf,official_daily_result_pdf
201401010402,2014,札幌,1,4,2,2014-08-03,https://www.jra.go.jp/datafile/seiseki/report/2014/2014-1sapporo4.pdf,official_daily_result_pdf
201401010403,2014,札幌,1,4,3,2014-08-03,https://www.jra.go.jp/datafile/seiseki/report/2014/2014-1sapporo4.pdf,official_daily_result_pdf
201401010404,2014,札幌,1,4,4,2014-08-03,https://www.jra.go.jp/datafile/seiseki/report/2014/2014-1sapporo4.pdf,official_daily_result_pdf
201401010405,2014,札幌,1,4,5,2014-08-03,https://www.jra.go.jp/datafile/seiseki/report/2014/2014-1sapporo4.pdf,official_daily_result_pdf
201401010406,2014,札幌,1,4,6,2014-08-03,https://www.jra.go.jp/datafile/seiseki/report/2014/2014-1sapporo4.pdf,official_daily_result_pdf
201401010407,2014,札幌,1,4,7,2014-08-03,https://www.jra.go.jp/datafile/seiseki/report/2014/2014-1sapporo4.pdf,official_daily_result_pdf
201401010408,2014,札幌,1,4,8,2014-08-03,https://www.jra.go.jp/datafile/seiseki/report/2014/2014-1sapporo4.pdf,official_daily_result_pdf
201401010409,2014,札幌,1,4,9,2014-08-03,https://www.jra.go.jp/datafile/seiseki/report/2014/2014-1sapporo4.pdf,official_daily_result_pdf
201401010410,2014,札幌,1,4,10,2014-08-03,https://www.jra.go.jp/datafile/seiseki/report/2014/2014-1sapporo4.pdf,official_daily_result_pdf
201401010411,2014,札幌,1,4,11,2014-08-03,https://www.jra.go.jp/datafile/seiseki/report/2014/2014-1sapporo4.pdf,official_daily_result_pdf
201401010412,2014,札幌,1,4,12,2014-08-03,https://www.jra.go.jp/datafile/seiseki/report/2014/2014-1sapporo4.pdf,official_daily_result_pdf
201401010501,2014,札幌,1,5,1,2014-08-09,https://www.jra.go.jp/datafile/seiseki/report/2014/2014-1sapporo5.pdf,official_daily_result_pdf
201401010502,2014,札幌,1,5,2,2014-08-09,https://www.jra.go.jp/datafile/seiseki/report/2014/2014-1sapporo5.pdf,official_daily_result_pdf
201401010503,2014,札幌,1,5,3,2014-08-09,https://www.jra.go.jp/datafile/seiseki/report/2014/2014-1sapporo5.pdf,official_daily_result_pdf
201401010504,2014,札幌,1,5,4,2014-08-09,https://www.jra.go.jp/datafile/seiseki/report/2014/2014-1sapporo5.pdf,official_daily_result_pdf
201401010505,2014,札幌,1,5,5,2014-08-09,https://www.jra.go.jp/datafile/seiseki/report/2014/2014-1sapporo5.pdf,official_daily_result_pdf
201401010506,2014,札幌,1,5,6,2014-08-09,https://www.jra.go.jp/datafile/seiseki/report/2014/2014-1sapporo5.pdf,official_daily_result_pdf
201401010507,2014,札幌,1,5,7,2014-08-09,https://www.jra.go.jp/datafile/seiseki/report/2014/2014-1sapporo5.pdf,official_daily_result_pdf
201401010508,2014,札幌,1,5,8,2014-08-09,https://www.jra.go.jp/datafile/seiseki/report/2014/2014-1sapporo5.pdf,official_daily_result_pdf
201401010509,2014,札幌,1,5,9,2014-08-09,https://www.jra.go.jp/datafile/seiseki/report/2014/2014-1sapporo5.pdf,official_daily_result_pdf
201401010510,2014,札幌,1,5,10,2014-08-09,https://www.jra.go.jp/datafile/seiseki/report/2014/2014-1sapporo5.pdf,official_daily_result_pdf
201401010511,2014,札幌,1,5,11,2014-08-09,https://www.jra.go.jp/datafile/seiseki/report/2014/2014-1sapporo5.pdf,official_daily_result_pdf
201401010512,2014,札幌,1,5,12,2014-08-09,https://www.jra.go.jp/datafile/seiseki/report/2014/2014-1sapporo5.pdf,official_daily_result_pdf
201401010601,2014,札幌,1,6,1,2014-08-10,https://www.jra.go.jp/datafile/seiseki/report/2014/2014-1sapporo6.pdf,official_daily_result_pdf
201401010602,2014,札幌,1,6,2,2014-08-10,https://www.jra.go.jp/datafile/seiseki/report/2014/2014-1sapporo6.pdf,official_daily_result_pdf
201401010603,2014,札幌,1,6,3,2014-08-10,https://www.jra.go.jp/datafile/seiseki/report/2014/2014-1sapporo6.pdf,official_daily_result_pdf
201401010604,2014,札幌,1,6,4,2014-08-10,https://www.jra.go.jp/datafile/seiseki/report/2014/2014-1sapporo6.pdf,official_daily_result_pdf
201401010605,2014,札幌,1,6,5,2014-08-10,https://www.jra.go.jp/datafile/seiseki/report/2014/2014-1sapporo6.pdf,official_daily_result_pdf
201401010606,2014,札幌,1,6,6,2014-08-10,https://www.jra.go.jp/datafile/seiseki/report/2014/2014-1sapporo6.pdf,official_daily_result_pdf
201401010607,2014,札幌,1,6,7,2014-08-10,https://www.jra.go.jp/datafile/seiseki/report/2014/2014-1sapporo6.pdf,official_daily_result_pdf
201401010608,2014,札幌,1,6,8,2014-08-10,https://www.jra.go.jp/datafile/seiseki/report/2014/2014-1sapporo6.pdf,official_daily_result_pdf
201401010609,2014,札幌,1,6,9,2014-08-10,https://www.jra.go.jp/datafile/seiseki/report/2014/2014-1sapporo6.pdf,official_daily_result_pdf
201401010610,2014,札幌,1,6,10,2014-08-10,https://www.jra.go.jp/datafile/seiseki/report/2014/2014-1sapporo6.pdf,official_daily_result_pdf
201401010611,2014,札幌,1,6,11,2014-08-10,https://www.jra.go.jp/datafile/seiseki/report/2014/2014-1sapporo6.pdf,official_daily_result_pdf
201401010612,2014,札幌,1,6,12,2014-08-10,https://www.jra.go.jp/datafile/seiseki/report/2014/2014-1sapporo6.pdf,official_daily_result_pdf
201401010701,2014,札幌,1,7,1,2014-08-16,https://www.jra.go.jp/datafile/seiseki/report/2014/2014-1sapporo7.pdf,official_daily_result_pdf
201401010702,2014,札幌,1,7,2,2014-08-16,https://www.jra.go.jp/datafile/seiseki/report/2014/2014-1sapporo7.pdf,official_daily_result_pdf
201401010703,2014,札幌,1,7,3,2014-08-16,https://www.jra.go.jp/datafile/seiseki/report/2014/2014-1sapporo7.pdf,official_daily_result_pdf
201401010704,2014,札幌,1,7,4,2014-08-16,https://www.jra.go.jp/datafile/seiseki/report/2014/2014-1sapporo7.pdf,official_daily_result_pdf
201401010705,2014,札幌,1,7,5,2014-08-16,https://www.jra.go.jp/datafile/seiseki/report/2014/2014-1sapporo7.pdf,official_daily_result_pdf
201401010706,2014,札幌,1,7,6,2014-08-16,https://www.jra.go.jp/datafile/seiseki/report/2014/2014-1sapporo7.pdf,official_daily_result_pdf
201401010707,2014,札幌,1,7,7,2014-08-16,https://www.jra.go.jp/datafile/seiseki/report/2014/2014-1sapporo7.pdf,official_daily_result_pdf
201401010708,2014,札幌,1,7,8,2014-08-16,https://www.jra.go.jp/datafile/seiseki/report/2014/2014-1sapporo7.pdf,official_daily_result_pdf
201401010709,2014,札幌,1,7,9,2014-08-16,https://www.jra.go.jp/datafile/seiseki/report/2014/2014-1sapporo7.pdf,official_daily_result_pdf
201401010710,2014,札幌,1,7,10,2014-08-16,https://www.jra.go.jp/datafile/seiseki/report/2014/2014-1sapporo7.pdf,official_daily_result_pdf
201401010711,2014,札幌,1,7,11,2014-08-16,https://www.jra.go.jp/datafile/seiseki/report/2014/2014-1sapporo7.pdf,official_daily_result_pdf
201401010712,2014,札幌,1,7,12,2014-08-16,https://www.jra.go.jp/datafile/seiseki/report/2014/2014-1sapporo7.pdf,official_daily_result_pdf
201401010801,2014,札幌,1,8,1,2014-08-17,https://www.jra.go.jp/datafile/seiseki/report/2014/2014-1sapporo8.pdf,official_daily_result_pdf
201401010802,2014,札幌,1,8,2,2014-08-17,https://www.jra.go.jp/datafile/seiseki/report/2014/2014-1sapporo8.pdf,official_daily_result_pdf
201401010803,2014,札幌,1,8,3,2014-08-17,https://www.jra.go.jp/datafile/seiseki/report/2014/2014-1sapporo8.pdf,official_daily_result_pdf
201401010804,2014,札幌,1,8,4,2014-08-17,https://www.jra.go.jp/datafile/seiseki/report/2014/2014-1sapporo8.pdf,official_daily_result_pdf
201401010805,2014,札幌,1,8,5,2014-08-17,https://www.jra.go.jp/datafile/seiseki/report/2014/2014-1sapporo8.pdf,official_daily_result_pdf
201401010806,2014,札幌,1,8,6,2014-08-17,https://www.jra.go.jp/datafile/seiseki/report/2014/2014-1sapporo8.pdf,official_daily_result_pdf
201401010807,2014,札幌,1,8,7,2014-08-17,https://www.jra.go.jp/datafile/seiseki/report/2014/2014-1sapporo8.pdf,official_daily_result_pdf
201401010808,2014,札幌,1,8,8,2014-08-17,https://www.jra.go.jp/datafile/seiseki/report/2014/2014-1sapporo8.pdf,official_daily_result_pdf
201401010809,2014,札幌,1,8,9,2014-08-17,https://www.jra.go.jp/datafile/seiseki/report/2014/2014-1sapporo8.pdf,official_daily_result_pdf
201401010810,2014,札幌,1,8,10,2014-08-17,https://www.jra.go.jp/datafile/seiseki/report/2014/2014-1sapporo8.pdf,official_daily_result_pdf
201401010811,2014,札幌,1,8,11,2014-08-17,https://www.jra.go.jp/datafile/seiseki/report/2014/2014-1sapporo8.pdf,official_daily_result_pdf
201401010812,2014,札幌,1,8,12,2014-08-17,https://www.jra.go.jp/datafile/seiseki/report/2014/2014-1sapporo8.pdf,official_daily_result_pdf
201401020101,2014,札幌,2,1,1,2014-08-23,https://www.jra.go.jp/datafile/seiseki/report/2014/2014-2sapporo1.pdf,official_daily_result_pdf
201401020102,2014,札幌,2,1,2,2014-08-23,https://www.jra.go.jp/datafile/seiseki/report/2014/2014-2sapporo1.pdf,official_daily_result_pdf
201401020103,2014,札幌,2,1,3,2014-08-23,https://www.jra.go.jp/datafile/seiseki/report/2014/2014-2sapporo1.pdf,official_daily_result_pdf
201401020104,2014,札幌,2,1,4,2014-08-23,https://www.jra.go.jp/datafile/seiseki/report/2014/2014-2sapporo1.pdf,official_daily_result_pdf
201401020105,2014,札幌,2,1,5,2014-08-23,https://www.jra.go.jp/datafile/seiseki/report/2014/2014-2sapporo1.pdf,official_daily_result_pdf
201401020106,2014,札幌,2,1,6,2014-08-23,https://www.jra.go.jp/datafile/seiseki/report/2014/2014-2sapporo1.pdf,official_daily_result_pdf
201401020107,2014,札幌,2,1,7,2014-08-23,https://www.jra.go.jp/datafile/seiseki/report/2014/2014-2sapporo1.pdf,official_daily_result_pdf
201401020108,2014,札幌,2,1,8,2014-08-23,https://www.jra.go.jp/datafile/seiseki/report/2014/2014-2sapporo1.pdf,official_daily_result_pdf
201401020109,2014,札幌,2,1,9,2014-08-23,https://www.jra.go.jp/datafile/seiseki/report/2014/2014-2sapporo1.pdf,official_daily_result_pdf
201401020110,2014,札幌,2,1,10,2014-08-23,https://www.jra.go.jp/datafile/seiseki/report/2014/2014-2sapporo1.pdf,official_daily_result_pdf
201401020111,2014,札幌,2,1,11,2014-08-23,https://www.jra.go.jp/datafile/seiseki/report/2014/2014-2sapporo1.pdf,official_daily_result_pdf
201401020112,2014,札幌,2,1,12,2014-08-23,https://www.jra.go.jp/datafile/seiseki/report/2014/2014-2sapporo1.pdf,official_daily_result_pdf
201401020201,2014,札幌,2,2,1,2014-08-24,https://www.jra.go.jp/datafile/seiseki/report/2014/2014-2sapporo2.pdf,official_daily_result_pdf
201401020202,2014,札幌,2,2,2,2014-08-24,https://www.jra.go.jp/datafile/seiseki/report/2014/2014-2sapporo2.pdf,official_daily_result_pdf
201401020203,2014,札幌,2,2,3,2014-08-24,https://www.jra.go.jp/datafile/seiseki/report/2014/2014-2sapporo2.pdf,official_daily_result_pdf
201401020204,2014,札幌,2,2,4,2014-08-24,https://www.jra.go.jp/datafile/seiseki/report/2014/2014-2sapporo2.pdf,official_daily_result_pdf
201401020205,2014,札幌,2,2,5,2014-08-24,https://www.jra.go.jp/datafile/seiseki/report/2014/2014-2sapporo2.pdf,official_daily_result_pdf
201401020206,2014,札幌,2,2,6,2014-08-24,https://www.jra.go.jp/datafile/seiseki/report/2014/2014-2sapporo2.pdf,official_daily_result_pdf
201401020207,2014,札幌,2,2,7,2014-08-24,https://www.jra.go.jp/datafile/seiseki/report/2014/2014-2sapporo2.pdf,official_daily_result_pdf
201401020208,2014,札幌,2,2,8,2014-08-24,https://www.jra.go.jp/datafile/seiseki/report/2014/2014-2sapporo2.pdf,official_daily_result_pdf
201401020209,2014,札幌,2,2,9,2014-08-24,https://www.jra.go.jp/datafile/seiseki/report/2014/2014-2sapporo2.pdf,official_daily_result_pdf
201401020210,2014,札幌,2,2,10,2014-08-24,https://www.jra.go.jp/datafile/seiseki/report/2014/2014-2sapporo2.pdf,official_daily_result_pdf
201401020211,2014,札幌,2,2,11,2014-08-24,https://www.jra.go.jp/datafile/seiseki/report/2014/2014-2sapporo2.pdf,official_daily_result_pdf
201401020212,2014,札幌,2,2,12,2014-08-24,https://www.jra.go.jp/datafile/seiseki/report/2014/2014-2sapporo2.pdf,official_daily_result_pdf
201401020301,2014,札幌,2,3,1,2014-08-30,https://www.jra.go.jp/datafile/seiseki/report/2014/2014-2sapporo3.pdf,official_daily_result_pdf
201401020302,2014,札幌,2,3,2,2014-08-30,https://www.jra.go.jp/datafile/seiseki/report/2014/2014-2sapporo3.pdf,official_daily_result_pdf
201401020303,2014,札幌,2,3,3,2014-08-30,https://www.jra.go.jp/datafile/seiseki/report/2014/2014-2sapporo3.pdf,official_daily_result_pdf
201401020304,2014,札幌,2,3,4,2014-08-30,https://www.jra.go.jp/datafile/seiseki/report/2014/2014-2sapporo3.pdf,official_daily_result_pdf
201401020305,2014,札幌,2,3,5,2014-08-30,https://www.jra.go.jp/datafile/seiseki/report/2014/2014-2sapporo3.pdf,official_daily_result_pdf
201401020306,2014,札幌,2,3,6,2014-08-30,https://www.jra.go.jp/datafile/seiseki/report/2014/2014-2sapporo3.pdf,official_daily_result_pdf
201401020307,2014,札幌,2,3,7,2014-08-30,https://www.jra.go.jp/datafile/seiseki/report/2014/2014-2sapporo3.pdf,official_daily_result_pdf
201401020308,2014,札幌,2,3,8,2014-08-30,https://www.jra.go.jp/datafile/seiseki/report/2014/2014-2sapporo3.pdf,official_daily_result_pdf
201401020309,2014,札幌,2,3,9,2014-08-30,https://www.jra.go.jp/datafile/seiseki/report/2014/2014-2sapporo3.pdf,official_daily_result_pdf
201401020310,2014,札幌,2,3,10,2014-08-30,https://www.jra.go.jp/datafile/seiseki/report/2014/2014-2sapporo3.pdf,official_daily_result_pdf
201401020311,2014,札幌,2,3,11,2014-08-30,https://www.jra.go.jp/datafile/seiseki/report/2014/2014-2sapporo3.pdf,official_daily_result_pdf
201401020312,2014,札幌,2,3,12,2014-08-30,https://www.jra.go.jp/datafile/seiseki/report/2014/2014-2sapporo3.pdf,official_daily_result_pdf
201401020401,2014,札幌,2,4,1,2014-08-31,https://www.jra.go.jp/datafile/seiseki/report/2014/2014-2sapporo4.pdf,official_daily_result_pdf
201401020402,2014,札幌,2,4,2,2014-08-31,https://www.jra.go.jp/datafile/seiseki/report/2014/2014-2sapporo4.pdf,official_daily_result_pdf
201401020403,2014,札幌,2,4,3,2014-08-31,https://www.jra.go.jp/datafile/seiseki/report/2014/2014-2sapporo4.pdf,official_daily_result_pdf
201401020404,2014,札幌,2,4,4,2014-08-31,https://www.jra.go.jp/datafile/seiseki/report/2014/2014-2sapporo4.pdf,official_daily_result_pdf
201401020405,2014,札幌,2,4,5,2014-08-31,https://www.jra.go.jp/datafile/seiseki/report/2014/2014-2sapporo4.pdf,official_daily_result_pdf
201401020406,2014,札幌,2,4,6,2014-08-31,https://www.jra.go.jp/datafile/seiseki/report/2014/2014-2sapporo4.pdf,official_daily_result_pdf
201401020407,2014,札幌,2,4,7,2014-08-31,https://www.jra.go.jp/datafile/seiseki/report/2014/2014-2sapporo4.pdf,official_daily_result_pdf
201401020408,2014,札幌,2,4,8,2014-08-31,https://www.jra.go.jp/datafile/seiseki/report/2014/2014-2sapporo4.pdf,official_daily_result_pdf
201401020409,2014,札幌,2,4,9,2014-08-31,https://www.jra.go.jp/datafile/seiseki/report/2014/2014-2sapporo4.pdf,official_daily_result_pdf
201401020410,2014,札幌,2,4,10,2014-08-31,https://www.jra.go.jp/datafile/seiseki/report/2014/2014-2sapporo4.pdf,official_daily_result_pdf
201401020411,2014,札幌,2,4,11,2014-08-31,https://www.jra.go.jp/datafile/seiseki/report/2014/2014-2sapporo4.pdf,official_daily_result_pdf
201401020412,2014,札幌,2,4,12,2014-08-31,https://www.jra.go.jp/datafile/seiseki/report/2014/2014-2sapporo4.pdf,official_daily_result_pdf
201401020501,2014,札幌,2,5,1,2014-09-06,https://www.jra.go.jp/datafile/seiseki/report/2014/2014-2sapporo5.pdf,official_daily_result_pdf
201401020502,2014,札幌,2,5,2,2014-09-06,https://www.jra.go.jp/datafile/seiseki/report/2014/2014-2sapporo5.pdf,official_daily_result_pdf
201401020503,2014,札幌,2,5,3,2014-09-06,https://www.jra.go.jp/datafile/seiseki/report/2014/2014-2sapporo5.pdf,official_daily_result_pdf
201401020504,2014,札幌,2,5,4,2014-09-06,https://www.jra.go.jp/datafile/seiseki/report/2014/2014-2sapporo5.pdf,official_daily_result_pdf
201401020505,2014,札幌,2,5,5,2014-09-06,https://www.jra.go.jp/datafile/seiseki/report/2014/2014-2sapporo5.pdf,official_daily_result_pdf
201401020506,2014,札幌,2,5,6,2014-09-06,https://www.jra.go.jp/datafile/seiseki/report/2014/2014-2sapporo5.pdf,official_daily_result_pdf
201401020507,2014,札幌,2,5,7,2014-09-06,https://www.jra.go.jp/datafile/seiseki/report/2014/2014-2sapporo5.pdf,official_daily_result_pdf
201401020508,2014,札幌,2,5,8,2014-09-06,https://www.jra.go.jp/datafile/seiseki/report/2014/2014-2sapporo5.pdf,official_daily_result_pdf
201401020509,2014,札幌,2,5,9,2014-09-06,https://www.jra.go.jp/datafile/seiseki/report/2014/2014-2sapporo5.pdf,official_daily_result_pdf
201401020510,2014,札幌,2,5,10,2014-09-06,https://www.jra.go.jp/datafile/seiseki/report/2014/2014-2sapporo5.pdf,official_daily_result_pdf
201401020511,2014,札幌,2,5,11,2014-09-06,https://www.jra.go.jp/datafile/seiseki/report/2014/2014-2sapporo5.pdf,official_daily_result_pdf
201401020512,2014,札幌,2,5,12,2014-09-06,https://www.jra.go.jp/datafile/seiseki/report/2014/2014-2sapporo5.pdf,official_daily_result_pdf
201401020601,2014,札幌,2,6,1,2014-09-07,https://www.jra.go.jp/datafile/seiseki/report/2014/2014-2sapporo6.pdf,official_daily_result_pdf
201401020602,2014,札幌,2,6,2,2014-09-07,https://www.jra.go.jp/datafile/seiseki/report/2014/2014-2sapporo6.pdf,official_daily_result_pdf
201401020603,2014,札幌,2,6,3,2014-09-07,https://www.jra.go.jp/datafile/seiseki/report/2014/2014-2sapporo6.pdf,official_daily_result_pdf
201401020604,2014,札幌,2,6,4,2014-09-07,https://www.jra.go.jp/datafile/seiseki/report/2014/2014-2sapporo6.pdf,official_daily_result_pdf
201401020605,2014,札幌,2,6,5,2014-09-07,https://www.jra.go.jp/datafile/seiseki/report/2014/2014-2sapporo6.pdf,official_daily_result_pdf
201401020606,2014,札幌,2,6,6,2014-09-07,https://www.jra.go.jp/datafile/seiseki/report/2014/2014-2sapporo6.pdf,official_daily_result_pdf
201401020607,2014,札幌,2,6,7,2014-09-07,https://www.jra.go.jp/datafile/seiseki/report/2014/2014-2sapporo6.pdf,official_daily_result_pdf
201401020608,2014,札幌,2,6,8,2014-09-07,https://www.jra.go.jp/datafile/seiseki/report/2014/2014-2sapporo6.pdf,official_daily_result_pdf
201401020609,2014,札幌,2,6,9,2014-09-07,https://www.jra.go.jp/datafile/seiseki/report/2014/2014-2sapporo6.pdf,official_daily_result_pdf
201401020610,2014,札幌,2,6,10,2014-09-07,https://www.jra.go.jp/datafile/seiseki/report/2014/2014-2sapporo6.pdf,official_daily_result_pdf
201401020611,2014,札幌,2,6,11,2014-09-07,https://www.jra.go.jp/datafile/seiseki/report/2014/2014-2sapporo6.pdf,official_daily_result_pdf
201401020612,2014,札幌,2,6,12,2014-09-07,https://www.jra.go.jp/datafile/seiseki/report/2014/2014-2sapporo6.pdf,official_daily_result_pdf
201402010101,2014,函館,1,1,1,2014-06-14,https://www.jra.go.jp/datafile/seiseki/report/2014/2014-1hakodate1.pdf,official_daily_result_pdf
201402010102,2014,函館,1,1,2,2014-06-14,https://www.jra.go.jp/datafile/seiseki/report/2014/2014-1hakodate1.pdf,official_daily_result_pdf
201402010103,2014,函館,1,1,3,2014-06-14,https://www.jra.go.jp/datafile/seiseki/report/2014/2014-1hakodate1.pdf,official_daily_result_pdf
201402010104,2014,函館,1,1,4,2014-06-14,https://www.jra.go.jp/datafile/seiseki/report/2014/2014-1hakodate1.pdf,official_daily_result_pdf
201402010105,2014,函館,1,1,5,2014-06-14,https://www.jra.go.jp/datafile/seiseki/report/2014/2014-1hakodate1.pdf,official_daily_result_pdf
201402010106,2014,函館,1,1,6,2014-06-14,https://www.jra.go.jp/datafile/seiseki/report/2014/2014-1hakodate1.pdf,official_daily_result_pdf
201402010107,2014,函館,1,1,7,2014-06-14,https://www.jra.go.jp/datafile/seiseki/report/2014/2014-1hakodate1.pdf,official_daily_result_pdf
201402010108,2014,函館,1,1,8,2014-06-14,https://www.jra.go.jp/datafile/seiseki/report/2014/2014-1hakodate1.pdf,official_daily_result_pdf
201402010109,2014,函館,1,1,9,2014-06-14,https://www.jra.go.jp/datafile/seiseki/report/2014/2014-1hakodate1.pdf,official_daily_result_pdf
201402010110,2014,函館,1,1,10,2014-06-14,https://www.jra.go.jp/datafile/seiseki/report/2014/2014-1hakodate1.pdf,official_daily_result_pdf
201402010111,2014,函館,1,1,11,2014-06-14,https://www.jra.go.jp/datafile/seiseki/report/2014/2014-1hakodate1.pdf,official_daily_result_pdf
201402010112,2014,函館,1,1,12,2014-06-14,https://www.jra.go.jp/datafile/seiseki/report/2014/2014-1hakodate1.pdf,official_daily_result_pdf
201402010201,2014,函館,1,2,1,2014-06-15,https://www.jra.go.jp/datafile/seiseki/report/2014/2014-1hakodate2.pdf,official_daily_result_pdf
201402010202,2014,函館,1,2,2,2014-06-15,https://www.jra.go.jp/datafile/seiseki/report/2014/2014-1hakodate2.pdf,official_daily_result_pdf
201402010203,2014,函館,1,2,3,2014-06-15,https://www.jra.go.jp/datafile/seiseki/report/2014/2014-1hakodate2.pdf,official_daily_result_pdf
201402010204,2014,函館,1,2,4,2014-06-15,https://www.jra.go.jp/datafile/seiseki/report/2014/2014-1hakodate2.pdf,official_daily_result_pdf
201402010205,2014,函館,1,2,5,2014-06-15,https://www.jra.go.jp/datafile/seiseki/report/2014/2014-1hakodate2.pdf,official_daily_result_pdf
201402010206,2014,函館,1,2,6,2014-06-15,https://www.jra.go.jp/datafile/seiseki/report/2014/2014-1hakodate2.pdf,official_daily_result_pdf
201402010207,2014,函館,1,2,7,2014-06-15,https://www.jra.go.jp/datafile/seiseki/report/2014/2014-1hakodate2.pdf,official_daily_result_pdf
201402010208,2014,函館,1,2,8,2014-06-15,https://www.jra.go.jp/datafile/seiseki/report/2014/2014-1hakodate2.pdf,official_daily_result_pdf
201402010209,2014,函館,1,2,9,2014-06-15,https://www.jra.go.jp/datafile/seiseki/report/2014/2014-1hakodate2.pdf,official_daily_result_pdf
201402010210,2014,函館,1,2,10,2014-06-15,https://www.jra.go.jp/datafile/seiseki/report/2014/2014-1hakodate2.pdf,official_daily_result_pdf
201402010211,2014,函館,1,2,11,2014-06-15,https://www.jra.go.jp/datafile/seiseki/report/2014/2014-1hakodate2.pdf,official_daily_result_pdf
201402010212,2014,函館,1,2,12,2014-06-15,https://www.jra.go.jp/datafile/seiseki/report/2014/2014-1hakodate2.pdf,official_daily_result_pdf
201402010301,2014,函館,1,3,1,2014-06-21,https://www.jra.go.jp/datafile/seiseki/report/2014/2014-1hakodate3.pdf,official_daily_result_pdf
201402010302,2014,函館,1,3,2,2014-06-21,https://www.jra.go.jp/datafile/seiseki/report/2014/2014-1hakodate3.pdf,official_daily_result_pdf
201402010303,2014,函館,1,3,3,2014-06-21,https://www.jra.go.jp/datafile/seiseki/report/2014/2014-1hakodate3.pdf,official_daily_result_pdf
201402010304,2014,函館,1,3,4,2014-06-21,https://www.jra.go.jp/datafile/seiseki/report/2014/2014-1hakodate3.pdf,official_daily_result_pdf
201402010305,2014,函館,1,3,5,2014-06-21,https://www.jra.go.jp/datafile/seiseki/report/2014/2014-1hakodate3.pdf,official_daily_result_pdf
201402010306,2014,函館,1,3,6,2014-06-21,https://www.jra.go.jp/datafile/seiseki/report/2014/2014-1hakodate3.pdf,official_daily_result_pdf
201402010307,2014,函館,1,3,7,2014-06-21,https://www.jra.go.jp/datafile/seiseki/report/2014/2014-1hakodate3.pdf,official_daily_result_pdf
201402010308,2014,函館,1,3,8,2014-06-21,https://www.jra.go.jp/datafile/seiseki/report/2014/2014-1hakodate3.pdf,official_daily_result_pdf
201402010309,2014,函館,1,3,9,2014-06-21,https://www.jra.go.jp/datafile/seiseki/report/2014/2014-1hakodate3.pdf,official_daily_result_pdf
201402010310,2014,函館,1,3,10,2014-06-21,https://www.jra.go.jp/datafile/seiseki/report/2014/2014-1hakodate3.pdf,official_daily_result_pdf
201402010311,2014,函館,1,3,11,2014-06-21,https://www.jra.go.jp/datafile/seiseki/report/2014/2014-1hakodate3.pdf,official_daily_result_pdf
201402010312,2014,函館,1,3,12,2014-06-21,https://www.jra.go.jp/datafile/seiseki/report/2014/2014-1hakodate3.pdf,official_daily_result_pdf
201402010401,2014,函館,1,4,1,2014-06-22,https://www.jra.go.jp/datafile/seiseki/report/2014/2014-1hakodate4.pdf,official_daily_result_pdf
201402010402,2014,函館,1,4,2,2014-06-22,https://www.jra.go.jp/datafile/seiseki/report/2014/2014-1hakodate4.pdf,official_daily_result_pdf
201402010403,2014,函館,1,4,3,2014-06-22,https://www.jra.go.jp/datafile/seiseki/report/2014/2014-1hakodate4.pdf,official_daily_result_pdf
201402010404,2014,函館,1,4,4,2014-06-22,https://www.jra.go.jp/datafile/seiseki/report/2014/2014-1hakodate4.pdf,official_daily_result_pdf
201402010405,2014,函館,1,4,5,2014-06-22,https://www.jra.go.jp/datafile/seiseki/report/2014/2014-1hakodate4.pdf,official_daily_result_pdf
201402010406,2014,函館,1,4,6,2014-06-22,https://www.jra.go.jp/datafile/seiseki/report/2014/2014-1hakodate4.pdf,official_daily_result_pdf
201402010407,2014,函館,1,4,7,2014-06-22,https://www.jra.go.jp/datafile/seiseki/report/2014/2014-1hakodate4.pdf,official_daily_result_pdf
201402010408,2014,函館,1,4,8,2014-06-22,https://www.jra.go.jp/datafile/seiseki/report/2014/2014-1hakodate4.pdf,official_daily_result_pdf
201402010409,2014,函館,1,4,9,2014-06-22,https://www.jra.go.jp/datafile/seiseki/report/2014/2014-1hakodate4.pdf,official_daily_result_pdf
201402010410,2014,函館,1,4,10,2014-06-22,https://www.jra.go.jp/datafile/seiseki/report/2014/2014-1hakodate4.pdf,official_daily_result_pdf
201402010411,2014,函館,1,4,11,2014-06-22,https://www.jra.go.jp/datafile/seiseki/report/2014/2014-1hakodate4.pdf,official_daily_result_pdf
201402010412,2014,函館,1,4,12,2014-06-22,https://www.jra.go.jp/datafile/seiseki/report/2014/2014-1hakodate4.pdf,official_daily_result_pdf
201402010501,2014,函館,1,5,1,2014-06-28,https://www.jra.go.jp/datafile/seiseki/report/2014/2014-1hakodate5.pdf,official_daily_result_pdf
201402010502,2014,函館,1,5,2,2014-06-28,https://www.jra.go.jp/datafile/seiseki/report/2014/2014-1hakodate5.pdf,official_daily_result_pdf
201402010503,2014,函館,1,5,3,2014-06-28,https://www.jra.go.jp/datafile/seiseki/report/2014/2014-1hakodate5.pdf,official_daily_result_pdf
201402010504,2014,函館,1,5,4,2014-06-28,https://www.jra.go.jp/datafile/seiseki/report/2014/2014-1hakodate5.pdf,official_daily_result_pdf
201402010505,2014,函館,1,5,5,2014-06-28,https://www.jra.go.jp/datafile/seiseki/report/2014/2014-1hakodate5.pdf,official_daily_result_pdf
201402010506,2014,函館,1,5,6,2014-06-28,https://www.jra.go.jp/datafile/seiseki/report/2014/2014-1hakodate5.pdf,official_daily_result_pdf
201402010507,2014,函館,1,5,7,2014-06-28,https://www.jra.go.jp/datafile/seiseki/report/2014/2014-1hakodate5.pdf,official_daily_result_pdf
201402010508,2014,函館,1,5,8,2014-06-28,https://www.jra.go.jp/datafile/seiseki/report/2014/2014-1hakodate5.pdf,official_daily_result_pdf
201402010509,2014,函館,1,5,9,2014-06-28,https://www.jra.go.jp/datafile/seiseki/report/2014/2014-1hakodate5.pdf,official_daily_result_pdf
201402010510,2014,函館,1,5,10,2014-06-28,https://www.jra.go.jp/datafile/seiseki/report/2014/2014-1hakodate5.pdf,official_daily_result_pdf
201402010511,2014,函館,1,5,11,2014-06-28,https://www.jra.go.jp/datafile/seiseki/report/2014/2014-1hakodate5.pdf,official_daily_result_pdf
201402010512,2014,函館,1,5,12,2014-06-28,https://www.jra.go.jp/datafile/seiseki/report/2014/2014-1hakodate5.pdf,official_daily_result_pdf
201402010601,2014,函館,1,6,1,2014-06-29,https://www.jra.go.jp/datafile/seiseki/report/2014/2014-1hakodate6.pdf,official_daily_result_pdf
201402010602,2014,函館,1,6,2,2014-06-29,https://www.jra.go.jp/datafile/seiseki/report/2014/2014-1hakodate6.pdf,official_daily_result_pdf
201402010603,2014,函館,1,6,3,2014-06-29,https://www.jra.go.jp/datafile/seiseki/report/2014/2014-1hakodate6.pdf,official_daily_result_pdf
201402010604,2014,函館,1,6,4,2014-06-29,https://www.jra.go.jp/datafile/seiseki/report/2014/2014-1hakodate6.pdf,official_daily_result_pdf
201402010605,2014,函館,1,6,5,2014-06-29,https://www.jra.go.jp/datafile/seiseki/report/2014/2014-1hakodate6.pdf,official_daily_result_pdf
201402010606,2014,函館,1,6,6,2014-06-29,https://www.jra.go.jp/datafile/seiseki/report/2014/2014-1hakodate6.pdf,official_daily_result_pdf
201402010607,2014,函館,1,6,7,2014-06-29,https://www.jra.go.jp/datafile/seiseki/report/2014/2014-1hakodate6.pdf,official_daily_result_pdf
201402010608,2014,函館,1,6,8,2014-06-29,https://www.jra.go.jp/datafile/seiseki/report/2014/2014-1hakodate6.pdf,official_daily_result_pdf
201402010609,2014,函館,1,6,9,2014-06-29,https://www.jra.go.jp/datafile/seiseki/report/2014/2014-1hakodate6.pdf,official_daily_result_pdf
201402010610,2014,函館,1,6,10,2014-06-29,https://www.jra.go.jp/datafile/seiseki/report/2014/2014-1hakodate6.pdf,official_daily_result_pdf
201402010611,2014,函館,1,6,11,2014-06-29,https://www.jra.go.jp/datafile/seiseki/report/2014/2014-1hakodate6.pdf,official_daily_result_pdf
201402010612,2014,函館,1,6,12,2014-06-29,https://www.jra.go.jp/datafile/seiseki/report/2014/2014-1hakodate6.pdf,official_daily_result_pdf
201402020101,2014,函館,2,1,1,2014-07-05,https://www.jra.go.jp/datafile/seiseki/report/2014/2014-2hakodate1.pdf,official_daily_result_pdf
201402020102,2014,函館,2,1,2,2014-07-05,https://www.jra.go.jp/datafile/seiseki/report/2014/2014-2hakodate1.pdf,official_daily_result_pdf
201402020103,2014,函館,2,1,3,2014-07-05,https://www.jra.go.jp/datafile/seiseki/report/2014/2014-2hakodate1.pdf,official_daily_result_pdf
201402020104,2014,函館,2,1,4,2014-07-05,https://www.jra.go.jp/datafile/seiseki/report/2014/2014-2hakodate1.pdf,official_daily_result_pdf
201402020105,2014,函館,2,1,5,2014-07-05,https://www.jra.go.jp/datafile/seiseki/report/2014/2014-2hakodate1.pdf,official_daily_result_pdf
201402020106,2014,函館,2,1,6,2014-07-05,https://www.jra.go.jp/datafile/seiseki/report/2014/2014-2hakodate1.pdf,official_daily_result_pdf
201402020107,2014,函館,2,1,7,2014-07-05,https://www.jra.go.jp/datafile/seiseki/report/2014/2014-2hakodate1.pdf,official_daily_result_pdf
201402020108,2014,函館,2,1,8,2014-07-05,https://www.jra.go.jp/datafile/seiseki/report/2014/2014-2hakodate1.pdf,official_daily_result_pdf
201402020109,2014,函館,2,1,9,2014-07-05,https://www.jra.go.jp/datafile/seiseki/report/2014/2014-2hakodate1.pdf,official_daily_result_pdf
201402020110,2014,函館,2,1,10,2014-07-05,https://www.jra.go.jp/datafile/seiseki/report/2014/2014-2hakodate1.pdf,official_daily_result_pdf
201402020111,2014,函館,2,1,11,2014-07-05,https://www.jra.go.jp/datafile/seiseki/report/2014/2014-2hakodate1.pdf,official_daily_result_pdf
201402020112,2014,函館,2,1,12,2014-07-05,https://www.jra.go.jp/datafile/seiseki/report/2014/2014-2hakodate1.pdf,official_daily_result_pdf
201402020201,2014,函館,2,2,1,2014-07-06,https://www.jra.go.jp/datafile/seiseki/report/2014/2014-2hakodate2.pdf,official_daily_result_pdf
201402020202,2014,函館,2,2,2,2014-07-06,https://www.jra.go.jp/datafile/seiseki/report/2014/2014-2hakodate2.pdf,official_daily_result_pdf
201402020203,2014,函館,2,2,3,2014-07-06,https://www.jra.go.jp/datafile/seiseki/report/2014/2014-2hakodate2.pdf,official_daily_result_pdf
201402020204,2014,函館,2,2,4,2014-07-06,https://www.jra.go.jp/datafile/seiseki/report/2014/2014-2hakodate2.pdf,official_daily_result_pdf
201402020205,2014,函館,2,2,5,2014-07-06,https://www.jra.go.jp/datafile/seiseki/report/2014/2014-2hakodate2.pdf,official_daily_result_pdf
201402020206,2014,函館,2,2,6,2014-07-06,https://www.jra.go.jp/datafile/seiseki/report/2014/2014-2hakodate2.pdf,official_daily_result_pdf
201402020207,2014,函館,2,2,7,2014-07-06,https://www.jra.go.jp/datafile/seiseki/report/2014/2014-2hakodate2.pdf,official_daily_result_pdf
201402020208,2014,函館,2,2,8,2014-07-06,https://www.jra.go.jp/datafile/seiseki/report/2014/2014-2hakodate2.pdf,official_daily_result_pdf
201402020209,2014,函館,2,2,9,2014-07-06,https://www.jra.go.jp/datafile/seiseki/report/2014/2014-2hakodate2.pdf,official_daily_result_pdf
201402020210,2014,函館,2,2,10,2014-07-06,https://www.jra.go.jp/datafile/seiseki/report/2014/2014-2hakodate2.pdf,official_daily_result_pdf
201402020211,2014,函館,2,2,11,2014-07-06,https://www.jra.go.jp/datafile/seiseki/report/2014/2014-2hakodate2.pdf,official_daily_result_pdf
201402020212,2014,函館,2,2,12,2014-07-06,https://www.jra.go.jp/datafile/seiseki/report/2014/2014-2hakodate2.pdf,official_daily_result_pdf
201402020301,2014,函館,2,3,1,2014-07-12,https://www.jra.go.jp/datafile/seiseki/report/2014/2014-2hakodate3.pdf,official_daily_result_pdf
201402020302,2014,函館,2,3,2,2014-07-12,https://www.jra.go.jp/datafile/seiseki/report/2014/2014-2hakodate3.pdf,official_daily_result_pdf
201402020303,2014,函館,2,3,3,2014-07-12,https://www.jra.go.jp/datafile/seiseki/report/2014/2014-2hakodate3.pdf,official_daily_result_pdf
201402020304,2014,函館,2,3,4,2014-07-12,https://www.jra.go.jp/datafile/seiseki/report/2014/2014-2hakodate3.pdf,official_daily_result_pdf
201402020305,2014,函館,2,3,5,2014-07-12,https://www.jra.go.jp/datafile/seiseki/report/2014/2014-2hakodate3.pdf,official_daily_result_pdf
201402020306,2014,函館,2,3,6,2014-07-12,https://www.jra.go.jp/datafile/seiseki/report/2014/2014-2hakodate3.pdf,official_daily_result_pdf
201402020307,2014,函館,2,3,7,2014-07-12,https://www.jra.go.jp/datafile/seiseki/report/2014/2014-2hakodate3.pdf,official_daily_result_pdf
201402020308,2014,函館,2,3,8,2014-07-12,https://www.jra.go.jp/datafile/seiseki/report/2014/2014-2hakodate3.pdf,official_daily_result_pdf
201402020309,2014,函館,2,3,9,2014-07-12,https://www.jra.go.jp/datafile/seiseki/report/2014/2014-2hakodate3.pdf,official_daily_result_pdf
201402020310,2014,函館,2,3,10,2014-07-12,https://www.jra.go.jp/datafile/seiseki/report/2014/2014-2hakodate3.pdf,official_daily_result_pdf
201402020311,2014,函館,2,3,11,2014-07-12,https://www.jra.go.jp/datafile/seiseki/report/2014/2014-2hakodate3.pdf,official_daily_result_pdf
201402020312,2014,函館,2,3,12,2014-07-12,https://www.jra.go.jp/datafile/seiseki/report/2014/2014-2hakodate3.pdf,official_daily_result_pdf
201402020401,2014,函館,2,4,1,2014-07-13,https://www.jra.go.jp/datafile/seiseki/report/2014/2014-2hakodate4.pdf,official_daily_result_pdf
201402020402,2014,函館,2,4,2,2014-07-13,https://www.jra.go.jp/datafile/seiseki/report/2014/2014-2hakodate4.pdf,official_daily_result_pdf
201402020403,2014,函館,2,4,3,2014-07-13,https://www.jra.go.jp/datafile/seiseki/report/2014/2014-2hakodate4.pdf,official_daily_result_pdf
201402020404,2014,函館,2,4,4,2014-07-13,https://www.jra.go.jp/datafile/seiseki/report/2014/2014-2hakodate4.pdf,official_daily_result_pdf
201402020405,2014,函館,2,4,5,2014-07-13,https://www.jra.go.jp/datafile/seiseki/report/2014/2014-2hakodate4.pdf,official_daily_result_pdf
201402020406,2014,函館,2,4,6,2014-07-13,https://www.jra.go.jp/datafile/seiseki/report/2014/2014-2hakodate4.pdf,official_daily_result_pdf
201402020407,2014,函館,2,4,7,2014-07-13,https://www.jra.go.jp/datafile/seiseki/report/2014/2014-2hakodate4.pdf,official_daily_result_pdf
201402020408,2014,函館,2,4,8,2014-07-13,https://www.jra.go.jp/datafile/seiseki/report/2014/2014-2hakodate4.pdf,official_daily_result_pdf
201402020409,2014,函館,2,4,9,2014-07-13,https://www.jra.go.jp/datafile/seiseki/report/2014/2014-2hakodate4.pdf,official_daily_result_pdf
201402020410,2014,函館,2,4,10,2014-07-13,https://www.jra.go.jp/datafile/seiseki/report/2014/2014-2hakodate4.pdf,official_daily_result_pdf
201402020411,2014,函館,2,4,11,2014-07-13,https://www.jra.go.jp/datafile/seiseki/report/2014/2014-2hakodate4.pdf,official_daily_result_pdf
201402020412,2014,函館,2,4,12,2014-07-13,https://www.jra.go.jp/datafile/seiseki/report/2014/2014-2hakodate4.pdf,official_daily_result_pdf
201402020501,2014,函館,2,5,1,2014-07-19,https://www.jra.go.jp/datafile/seiseki/report/2014/2014-2hakodate5.pdf,official_daily_result_pdf
201402020502,2014,函館,2,5,2,2014-07-19,https://www.jra.go.jp/datafile/seiseki/report/2014/2014-2hakodate5.pdf,official_daily_result_pdf
201402020503,2014,函館,2,5,3,2014-07-19,https://www.jra.go.jp/datafile/seiseki/report/2014/2014-2hakodate5.pdf,official_daily_result_pdf
201402020504,2014,函館,2,5,4,2014-07-19,https://www.jra.go.jp/datafile/seiseki/report/2014/2014-2hakodate5.pdf,official_daily_result_pdf
201402020505,2014,函館,2,5,5,2014-07-19,https://www.jra.go.jp/datafile/seiseki/report/2014/2014-2hakodate5.pdf,official_daily_result_pdf
201402020506,2014,函館,2,5,6,2014-07-19,https://www.jra.go.jp/datafile/seiseki/report/2014/2014-2hakodate5.pdf,official_daily_result_pdf
201402020507,2014,函館,2,5,7,2014-07-19,https://www.jra.go.jp/datafile/seiseki/report/2014/2014-2hakodate5.pdf,official_daily_result_pdf
201402020508,2014,函館,2,5,8,2014-07-19,https://www.jra.go.jp/datafile/seiseki/report/2014/2014-2hakodate5.pdf,official_daily_result_pdf
201402020509,2014,函館,2,5,9,2014-07-19,https://www.jra.go.jp/datafile/seiseki/report/2014/2014-2hakodate5.pdf,official_daily_result_pdf
201402020510,2014,函館,2,5,10,2014-07-19,https://www.jra.go.jp/datafile/seiseki/report/2014/2014-2hakodate5.pdf,official_daily_result_pdf
201402020511,2014,函館,2,5,11,2014-07-19,https://www.jra.go.jp/datafile/seiseki/report/2014/2014-2hakodate5.pdf,official_daily_result_pdf
201402020512,2014,函館,2,5,12,2014-07-19,https://www.jra.go.jp/datafile/seiseki/report/2014/2014-2hakodate5.pdf,official_daily_result_pdf
201402020601,2014,函館,2,6,1,2014-07-20,https://www.jra.go.jp/datafile/seiseki/report/2014/2014-2hakodate6.pdf,official_daily_result_pdf
201402020602,2014,函館,2,6,2,2014-07-20,https://www.jra.go.jp/datafile/seiseki/report/2014/2014-2hakodate6.pdf,official_daily_result_pdf
201402020603,2014,函館,2,6,3,2014-07-20,https://www.jra.go.jp/datafile/seiseki/report/2014/2014-2hakodate6.pdf,official_daily_result_pdf
201402020604,2014,函館,2,6,4,2014-07-20,https://www.jra.go.jp/datafile/seiseki/report/2014/2014-2hakodate6.pdf,official_daily_result_pdf
201402020605,2014,函館,2,6,5,2014-07-20,https://www.jra.go.jp/datafile/seiseki/report/2014/2014-2hakodate6.pdf,official_daily_result_pdf
201402020606,2014,函館,2,6,6,2014-07-20,https://www.jra.go.jp/datafile/seiseki/report/2014/2014-2hakodate6.pdf,official_daily_result_pdf
201402020607,2014,函館,2,6,7,2014-07-20,https://www.jra.go.jp/datafile/seiseki/report/2014/2014-2hakodate6.pdf,official_daily_result_pdf
201402020608,2014,函館,2,6,8,2014-07-20,https://www.jra.go.jp/datafile/seiseki/report/2014/2014-2hakodate6.pdf,official_daily_result_pdf
201402020609,2014,函館,2,6,9,2014-07-20,https://www.jra.go.jp/datafile/seiseki/report/2014/2014-2hakodate6.pdf,official_daily_result_pdf
201402020610,2014,函館,2,6,10,2014-07-20,https://www.jra.go.jp/datafile/seiseki/report/2014/2014-2hakodate6.pdf,official_daily_result_pdf
201402020611,2014,函館,2,6,11,2014-07-20,https://www.jra.go.jp/datafile/seiseki/report/2014/2014-2hakodate6.pdf,official_daily_result_pdf
201402020612,2014,函館,2,6,12,2014-07-20,https://www.jra.go.jp/datafile/seiseki/report/2014/2014-2hakodate6.pdf,official_daily_result_pdf
201403010101,2014,福島,1,1,1,2014-04-12,https://www.jra.go.jp/datafile/seiseki/report/2014/2014-1fukushima1.pdf,official_daily_result_pdf
201403010102,2014,福島,1,1,2,2014-04-12,https://www.jra.go.jp/datafile/seiseki/report/2014/2014-1fukushima1.pdf,official_daily_result_pdf
201403010103,2014,福島,1,1,3,2014-04-12,https://www.jra.go.jp/datafile/seiseki/report/2014/2014-1fukushima1.pdf,official_daily_result_pdf
201403010104,2014,福島,1,1,4,2014-04-12,https://www.jra.go.jp/datafile/seiseki/report/2014/2014-1fukushima1.pdf,official_daily_result_pdf
201403010105,2014,福島,1,1,5,2014-04-12,https://www.jra.go.jp/datafile/seiseki/report/2014/2014-1fukushima1.pdf,official_daily_result_pdf
201403010106,2014,福島,1,1,6,2014-04-12,https://www.jra.go.jp/datafile/seiseki/report/2014/2014-1fukushima1.pdf,official_daily_result_pdf
201403010107,2014,福島,1,1,7,2014-04-12,https://www.jra.go.jp/datafile/seiseki/report/2014/2014-1fukushima1.pdf,official_daily_result_pdf
201403010108,2014,福島,1,1,8,2014-04-12,https://www.jra.go.jp/datafile/seiseki/report/2014/2014-1fukushima1.pdf,official_daily_result_pdf
201403010109,2014,福島,1,1,9,2014-04-12,https://www.jra.go.jp/datafile/seiseki/report/2014/2014-1fukushima1.pdf,official_daily_result_pdf
201403010110,2014,福島,1,1,10,2014-04-12,https://www.jra.go.jp/datafile/seiseki/report/2014/2014-1fukushima1.pdf,official_daily_result_pdf
201403010111,2014,福島,1,1,11,2014-04-12,https://www.jra.go.jp/datafile/seiseki/report/2014/2014-1fukushima1.pdf,official_daily_result_pdf
201403010112,2014,福島,1,1,12,2014-04-12,https://www.jra.go.jp/datafile/seiseki/report/2014/2014-1fukushima1.pdf,official_daily_result_pdf
201403010201,2014,福島,1,2,1,2014-04-13,https://www.jra.go.jp/datafile/seiseki/report/2014/2014-1fukushima2.pdf,official_daily_result_pdf
201403010202,2014,福島,1,2,2,2014-04-13,https://www.jra.go.jp/datafile/seiseki/report/2014/2014-1fukushima2.pdf,official_daily_result_pdf
201403010203,2014,福島,1,2,3,2014-04-13,https://www.jra.go.jp/datafile/seiseki/report/2014/2014-1fukushima2.pdf,official_daily_result_pdf
201403010204,2014,福島,1,2,4,2014-04-13,https://www.jra.go.jp/datafile/seiseki/report/2014/2014-1fukushima2.pdf,official_daily_result_pdf
201403010205,2014,福島,1,2,5,2014-04-13,https://www.jra.go.jp/datafile/seiseki/report/2014/2014-1fukushima2.pdf,official_daily_result_pdf
201403010206,2014,福島,1,2,6,2014-04-13,https://www.jra.go.jp/datafile/seiseki/report/2014/2014-1fukushima2.pdf,official_daily_result_pdf
201403010207,2014,福島,1,2,7,2014-04-13,https://www.jra.go.jp/datafile/seiseki/report/2014/2014-1fukushima2.pdf,official_daily_result_pdf
201403010208,2014,福島,1,2,8,2014-04-13,https://www.jra.go.jp/datafile/seiseki/report/2014/2014-1fukushima2.pdf,official_daily_result_pdf
201403010209,2014,福島,1,2,9,2014-04-13,https://www.jra.go.jp/datafile/seiseki/report/2014/2014-1fukushima2.pdf,official_daily_result_pdf
201403010210,2014,福島,1,2,10,2014-04-13,https://www.jra.go.jp/datafile/seiseki/report/2014/2014-1fukushima2.pdf,official_daily_result_pdf
201403010211,2014,福島,1,2,11,2014-04-13,https://www.jra.go.jp/datafile/seiseki/report/2014/2014-1fukushima2.pdf,official_daily_result_pdf
201403010212,2014,福島,1,2,12,2014-04-13,https://www.jra.go.jp/datafile/seiseki/report/2014/2014-1fukushima2.pdf,official_daily_result_pdf
201403010301,2014,福島,1,3,1,2014-04-19,https://www.jra.go.jp/datafile/seiseki/report/2014/2014-1fukushima3.pdf,official_daily_result_pdf
201403010302,2014,福島,1,3,2,2014-04-19,https://www.jra.go.jp/datafile/seiseki/report/2014/2014-1fukushima3.pdf,official_daily_result_pdf
201403010303,2014,福島,1,3,3,2014-04-19,https://www.jra.go.jp/datafile/seiseki/report/2014/2014-1fukushima3.pdf,official_daily_result_pdf
201403010304,2014,福島,1,3,4,2014-04-19,https://www.jra.go.jp/datafile/seiseki/report/2014/2014-1fukushima3.pdf,official_daily_result_pdf
201403010305,2014,福島,1,3,5,2014-04-19,https://www.jra.go.jp/datafile/seiseki/report/2014/2014-1fukushima3.pdf,official_daily_result_pdf
201403010306,2014,福島,1,3,6,2014-04-19,https://www.jra.go.jp/datafile/seiseki/report/2014/2014-1fukushima3.pdf,official_daily_result_pdf
201403010307,2014,福島,1,3,7,2014-04-19,https://www.jra.go.jp/datafile/seiseki/report/2014/2014-1fukushima3.pdf,official_daily_result_pdf
201403010308,2014,福島,1,3,8,2014-04-19,https://www.jra.go.jp/datafile/seiseki/report/2014/2014-1fukushima3.pdf,official_daily_result_pdf
201403010309,2014,福島,1,3,9,2014-04-19,https://www.jra.go.jp/datafile/seiseki/report/2014/2014-1fukushima3.pdf,official_daily_result_pdf
201403010310,2014,福島,1,3,10,2014-04-19,https://www.jra.go.jp/datafile/seiseki/report/2014/2014-1fukushima3.pdf,official_daily_result_pdf
201403010311,2014,福島,1,3,11,2014-04-19,https://www.jra.go.jp/datafile/seiseki/report/2014/2014-1fukushima3.pdf,official_daily_result_pdf
201403010312,2014,福島,1,3,12,2014-04-19,https://www.jra.go.jp/datafile/seiseki/report/2014/2014-1fukushima3.pdf,official_daily_result_pdf
201403010401,2014,福島,1,4,1,2014-04-20,https://www.jra.go.jp/datafile/seiseki/report/2014/2014-1fukushima4.pdf,official_daily_result_pdf
201403010402,2014,福島,1,4,2,2014-04-20,https://www.jra.go.jp/datafile/seiseki/report/2014/2014-1fukushima4.pdf,official_daily_result_pdf
201403010403,2014,福島,1,4,3,2014-04-20,https://www.jra.go.jp/datafile/seiseki/report/2014/2014-1fukushima4.pdf,official_daily_result_pdf
201403010404,2014,福島,1,4,4,2014-04-20,https://www.jra.go.jp/datafile/seiseki/report/2014/2014-1fukushima4.pdf,official_daily_result_pdf
201403010405,2014,福島,1,4,5,2014-04-20,https://www.jra.go.jp/datafile/seiseki/report/2014/2014-1fukushima4.pdf,official_daily_result_pdf
201403010406,2014,福島,1,4,6,2014-04-20,https://www.jra.go.jp/datafile/seiseki/report/2014/2014-1fukushima4.pdf,official_daily_result_pdf
201403010407,2014,福島,1,4,7,2014-04-20,https://www.jra.go.jp/datafile/seiseki/report/2014/2014-1fukushima4.pdf,official_daily_result_pdf
201403010408,2014,福島,1,4,8,2014-04-20,https://www.jra.go.jp/datafile/seiseki/report/2014/2014-1fukushima4.pdf,official_daily_result_pdf
201403010409,2014,福島,1,4,9,2014-04-20,https://www.jra.go.jp/datafile/seiseki/report/2014/2014-1fukushima4.pdf,official_daily_result_pdf
201403010410,2014,福島,1,4,10,2014-04-20,https://www.jra.go.jp/datafile/seiseki/report/2014/2014-1fukushima4.pdf,official_daily_result_pdf
201403010411,2014,福島,1,4,11,2014-04-20,https://www.jra.go.jp/datafile/seiseki/report/2014/2014-1fukushima4.pdf,official_daily_result_pdf
201403010412,2014,福島,1,4,12,2014-04-20,https://www.jra.go.jp/datafile/seiseki/report/2014/2014-1fukushima4.pdf,official_daily_result_pdf
201403010501,2014,福島,1,5,1,2014-04-26,https://www.jra.go.jp/datafile/seiseki/report/2014/2014-1fukushima5.pdf,official_daily_result_pdf
201403010502,2014,福島,1,5,2,2014-04-26,https://www.jra.go.jp/datafile/seiseki/report/2014/2014-1fukushima5.pdf,official_daily_result_pdf
201403010503,2014,福島,1,5,3,2014-04-26,https://www.jra.go.jp/datafile/seiseki/report/2014/2014-1fukushima5.pdf,official_daily_result_pdf
201403010504,2014,福島,1,5,4,2014-04-26,https://www.jra.go.jp/datafile/seiseki/report/2014/2014-1fukushima5.pdf,official_daily_result_pdf
201403010505,2014,福島,1,5,5,2014-04-26,https://www.jra.go.jp/datafile/seiseki/report/2014/2014-1fukushima5.pdf,official_daily_result_pdf
201403010506,2014,福島,1,5,6,2014-04-26,https://www.jra.go.jp/datafile/seiseki/report/2014/2014-1fukushima5.pdf,official_daily_result_pdf
201403010507,2014,福島,1,5,7,2014-04-26,https://www.jra.go.jp/datafile/seiseki/report/2014/2014-1fukushima5.pdf,official_daily_result_pdf
201403010508,2014,福島,1,5,8,2014-04-26,https://www.jra.go.jp/datafile/seiseki/report/2014/2014-1fukushima5.pdf,official_daily_result_pdf
201403010509,2014,福島,1,5,9,2014-04-26,https://www.jra.go.jp/datafile/seiseki/report/2014/2014-1fukushima5.pdf,official_daily_result_pdf
201403010510,2014,福島,1,5,10,2014-04-26,https://www.jra.go.jp/datafile/seiseki/report/2014/2014-1fukushima5.pdf,official_daily_result_pdf
201403010511,2014,福島,1,5,11,2014-04-26,https://www.jra.go.jp/datafile/seiseki/report/2014/2014-1fukushima5.pdf,official_daily_result_pdf
201403010512,2014,福島,1,5,12,2014-04-26,https://www.jra.go.jp/datafile/seiseki/report/2014/2014-1fukushima5.pdf,official_daily_result_pdf
201403010601,2014,福島,1,6,1,2014-04-27,https://www.jra.go.jp/datafile/seiseki/report/2014/2014-1fukushima6.pdf,official_daily_result_pdf
201403010602,2014,福島,1,6,2,2014-04-27,https://www.jra.go.jp/datafile/seiseki/report/2014/2014-1fukushima6.pdf,official_daily_result_pdf
201403010603,2014,福島,1,6,3,2014-04-27,https://www.jra.go.jp/datafile/seiseki/report/2014/2014-1fukushima6.pdf,official_daily_result_pdf
201403010604,2014,福島,1,6,4,2014-04-27,https://www.jra.go.jp/datafile/seiseki/report/2014/2014-1fukushima6.pdf,official_daily_result_pdf
201403010605,2014,福島,1,6,5,2014-04-27,https://www.jra.go.jp/datafile/seiseki/report/2014/2014-1fukushima6.pdf,official_daily_result_pdf
201403010606,2014,福島,1,6,6,2014-04-27,https://www.jra.go.jp/datafile/seiseki/report/2014/2014-1fukushima6.pdf,official_daily_result_pdf
201403010607,2014,福島,1,6,7,2014-04-27,https://www.jra.go.jp/datafile/seiseki/report/2014/2014-1fukushima6.pdf,official_daily_result_pdf
201403010608,2014,福島,1,6,8,2014-04-27,https://www.jra.go.jp/datafile/seiseki/report/2014/2014-1fukushima6.pdf,official_daily_result_pdf
201403010609,2014,福島,1,6,9,2014-04-27,https://www.jra.go.jp/datafile/seiseki/report/2014/2014-1fukushima6.pdf,official_daily_result_pdf
201403010610,2014,福島,1,6,10,2014-04-27,https://www.jra.go.jp/datafile/seiseki/report/2014/2014-1fukushima6.pdf,official_daily_result_pdf
201403010611,2014,福島,1,6,11,2014-04-27,https://www.jra.go.jp/datafile/seiseki/report/2014/2014-1fukushima6.pdf,official_daily_result_pdf
201403010612,2014,福島,1,6,12,2014-04-27,https://www.jra.go.jp/datafile/seiseki/report/2014/2014-1fukushima6.pdf,official_daily_result_pdf
201403020101,2014,福島,2,1,1,2014-07-05,https://www.jra.go.jp/datafile/seiseki/report/2014/2014-2fukushima1.pdf,official_daily_result_pdf
201403020102,2014,福島,2,1,2,2014-07-05,https://www.jra.go.jp/datafile/seiseki/report/2014/2014-2fukushima1.pdf,official_daily_result_pdf
201403020103,2014,福島,2,1,3,2014-07-05,https://www.jra.go.jp/datafile/seiseki/report/2014/2014-2fukushima1.pdf,official_daily_result_pdf
201403020104,2014,福島,2,1,4,2014-07-05,https://www.jra.go.jp/datafile/seiseki/report/2014/2014-2fukushima1.pdf,official_daily_result_pdf
201403020105,2014,福島,2,1,5,2014-07-05,https://www.jra.go.jp/datafile/seiseki/report/2014/2014-2fukushima1.pdf,official_daily_result_pdf
201403020106,2014,福島,2,1,6,2014-07-05,https://www.jra.go.jp/datafile/seiseki/report/2014/2014-2fukushima1.pdf,official_daily_result_pdf
201403020107,2014,福島,2,1,7,2014-07-05,https://www.jra.go.jp/datafile/seiseki/report/2014/2014-2fukushima1.pdf,official_daily_result_pdf
201403020108,2014,福島,2,1,8,2014-07-05,https://www.jra.go.jp/datafile/seiseki/report/2014/2014-2fukushima1.pdf,official_daily_result_pdf
201403020109,2014,福島,2,1,9,2014-07-05,https://www.jra.go.jp/datafile/seiseki/report/2014/2014-2fukushima1.pdf,official_daily_result_pdf
201403020110,2014,福島,2,1,10,2014-07-05,https://www.jra.go.jp/datafile/seiseki/report/2014/2014-2fukushima1.pdf,official_daily_result_pdf
201403020111,2014,福島,2,1,11,2014-07-05,https://www.jra.go.jp/datafile/seiseki/report/2014/2014-2fukushima1.pdf,official_daily_result_pdf
201403020112,2014,福島,2,1,12,2014-07-05,https://www.jra.go.jp/datafile/seiseki/report/2014/2014-2fukushima1.pdf,official_daily_result_pdf
201403020201,2014,福島,2,2,1,2014-07-06,https://www.jra.go.jp/datafile/seiseki/report/2014/2014-2fukushima2.pdf,official_daily_result_pdf
201403020202,2014,福島,2,2,2,2014-07-06,https://www.jra.go.jp/datafile/seiseki/report/2014/2014-2fukushima2.pdf,official_daily_result_pdf
201403020203,2014,福島,2,2,3,2014-07-06,https://www.jra.go.jp/datafile/seiseki/report/2014/2014-2fukushima2.pdf,official_daily_result_pdf
201403020204,2014,福島,2,2,4,2014-07-06,https://www.jra.go.jp/datafile/seiseki/report/2014/2014-2fukushima2.pdf,official_daily_result_pdf
201403020205,2014,福島,2,2,5,2014-07-06,https://www.jra.go.jp/datafile/seiseki/report/2014/2014-2fukushima2.pdf,official_daily_result_pdf
201403020206,2014,福島,2,2,6,2014-07-06,https://www.jra.go.jp/datafile/seiseki/report/2014/2014-2fukushima2.pdf,official_daily_result_pdf
201403020207,2014,福島,2,2,7,2014-07-06,https://www.jra.go.jp/datafile/seiseki/report/2014/2014-2fukushima2.pdf,official_daily_result_pdf
201403020208,2014,福島,2,2,8,2014-07-06,https://www.jra.go.jp/datafile/seiseki/report/2014/2014-2fukushima2.pdf,official_daily_result_pdf
201403020209,2014,福島,2,2,9,2014-07-06,https://www.jra.go.jp/datafile/seiseki/report/2014/2014-2fukushima2.pdf,official_daily_result_pdf
201403020210,2014,福島,2,2,10,2014-07-06,https://www.jra.go.jp/datafile/seiseki/report/2014/2014-2fukushima2.pdf,official_daily_result_pdf
201403020211,2014,福島,2,2,11,2014-07-06,https://www.jra.go.jp/datafile/seiseki/report/2014/2014-2fukushima2.pdf,official_daily_result_pdf
201403020212,2014,福島,2,2,12,2014-07-06,https://www.jra.go.jp/datafile/seiseki/report/2014/2014-2fukushima2.pdf,official_daily_result_pdf
201403020301,2014,福島,2,3,1,2014-07-12,https://www.jra.go.jp/datafile/seiseki/report/2014/2014-2fukushima3.pdf,official_daily_result_pdf
201403020302,2014,福島,2,3,2,2014-07-12,https://www.jra.go.jp/datafile/seiseki/report/2014/2014-2fukushima3.pdf,official_daily_result_pdf
201403020303,2014,福島,2,3,3,2014-07-12,https://www.jra.go.jp/datafile/seiseki/report/2014/2014-2fukushima3.pdf,official_daily_result_pdf
201403020304,2014,福島,2,3,4,2014-07-12,https://www.jra.go.jp/datafile/seiseki/report/2014/2014-2fukushima3.pdf,official_daily_result_pdf
201403020305,2014,福島,2,3,5,2014-07-12,https://www.jra.go.jp/datafile/seiseki/report/2014/2014-2fukushima3.pdf,official_daily_result_pdf
201403020306,2014,福島,2,3,6,2014-07-12,https://www.jra.go.jp/datafile/seiseki/report/2014/2014-2fukushima3.pdf,official_daily_result_pdf
201403020307,2014,福島,2,3,7,2014-07-12,https://www.jra.go.jp/datafile/seiseki/report/2014/2014-2fukushima3.pdf,official_daily_result_pdf
201403020308,2014,福島,2,3,8,2014-07-12,https://www.jra.go.jp/datafile/seiseki/report/2014/2014-2fukushima3.pdf,official_daily_result_pdf
201403020309,2014,福島,2,3,9,2014-07-12,https://www.jra.go.jp/datafile/seiseki/report/2014/2014-2fukushima3.pdf,official_daily_result_pdf
201403020310,2014,福島,2,3,10,2014-07-12,https://www.jra.go.jp/datafile/seiseki/report/2014/2014-2fukushima3.pdf,official_daily_result_pdf
201403020311,2014,福島,2,3,11,2014-07-12,https://www.jra.go.jp/datafile/seiseki/report/2014/2014-2fukushima3.pdf,official_daily_result_pdf
201403020312,2014,福島,2,3,12,2014-07-12,https://www.jra.go.jp/datafile/seiseki/report/2014/2014-2fukushima3.pdf,official_daily_result_pdf
201403020401,2014,福島,2,4,1,2014-07-13,https://www.jra.go.jp/datafile/seiseki/report/2014/2014-2fukushima4.pdf,official_daily_result_pdf
201403020402,2014,福島,2,4,2,2014-07-13,https://www.jra.go.jp/datafile/seiseki/report/2014/2014-2fukushima4.pdf,official_daily_result_pdf
201403020403,2014,福島,2,4,3,2014-07-13,https://www.jra.go.jp/datafile/seiseki/report/2014/2014-2fukushima4.pdf,official_daily_result_pdf
201403020404,2014,福島,2,4,4,2014-07-13,https://www.jra.go.jp/datafile/seiseki/report/2014/2014-2fukushima4.pdf,official_daily_result_pdf
201403020405,2014,福島,2,4,5,2014-07-13,https://www.jra.go.jp/datafile/seiseki/report/2014/2014-2fukushima4.pdf,official_daily_result_pdf
201403020406,2014,福島,2,4,6,2014-07-13,https://www.jra.go.jp/datafile/seiseki/report/2014/2014-2fukushima4.pdf,official_daily_result_pdf
201403020407,2014,福島,2,4,7,2014-07-13,https://www.jra.go.jp/datafile/seiseki/report/2014/2014-2fukushima4.pdf,official_daily_result_pdf
201403020408,2014,福島,2,4,8,2014-07-13,https://www.jra.go.jp/datafile/seiseki/report/2014/2014-2fukushima4.pdf,official_daily_result_pdf
201403020409,2014,福島,2,4,9,2014-07-13,https://www.jra.go.jp/datafile/seiseki/report/2014/2014-2fukushima4.pdf,official_daily_result_pdf
201403020410,2014,福島,2,4,10,2014-07-13,https://www.jra.go.jp/datafile/seiseki/report/2014/2014-2fukushima4.pdf,official_daily_result_pdf
201403020411,2014,福島,2,4,11,2014-07-13,https://www.jra.go.jp/datafile/seiseki/report/2014/2014-2fukushima4.pdf,official_daily_result_pdf
201403020412,2014,福島,2,4,12,2014-07-13,https://www.jra.go.jp/datafile/seiseki/report/2014/2014-2fukushima4.pdf,official_daily_result_pdf
201403020501,2014,福島,2,5,1,2014-07-19,https://www.jra.go.jp/datafile/seiseki/report/2014/2014-2fukushima5.pdf,official_daily_result_pdf
201403020502,2014,福島,2,5,2,2014-07-19,https://www.jra.go.jp/datafile/seiseki/report/2014/2014-2fukushima5.pdf,official_daily_result_pdf
201403020503,2014,福島,2,5,3,2014-07-19,https://www.jra.go.jp/datafile/seiseki/report/2014/2014-2fukushima5.pdf,official_daily_result_pdf
201403020504,2014,福島,2,5,4,2014-07-19,https://www.jra.go.jp/datafile/seiseki/report/2014/2014-2fukushima5.pdf,official_daily_result_pdf
201403020505,2014,福島,2,5,5,2014-07-19,https://www.jra.go.jp/datafile/seiseki/report/2014/2014-2fukushima5.pdf,official_daily_result_pdf
201403020506,2014,福島,2,5,6,2014-07-19,https://www.jra.go.jp/datafile/seiseki/report/2014/2014-2fukushima5.pdf,official_daily_result_pdf
201403020507,2014,福島,2,5,7,2014-07-19,https://www.jra.go.jp/datafile/seiseki/report/2014/2014-2fukushima5.pdf,official_daily_result_pdf
201403020508,2014,福島,2,5,8,2014-07-19,https://www.jra.go.jp/datafile/seiseki/report/2014/2014-2fukushima5.pdf,official_daily_result_pdf
201403020509,2014,福島,2,5,9,2014-07-19,https://www.jra.go.jp/datafile/seiseki/report/2014/2014-2fukushima5.pdf,official_daily_result_pdf
201403020510,2014,福島,2,5,10,2014-07-19,https://www.jra.go.jp/datafile/seiseki/report/2014/2014-2fukushima5.pdf,official_daily_result_pdf
201403020511,2014,福島,2,5,11,2014-07-19,https://www.jra.go.jp/datafile/seiseki/report/2014/2014-2fukushima5.pdf,official_daily_result_pdf
201403020512,2014,福島,2,5,12,2014-07-19,https://www.jra.go.jp/datafile/seiseki/report/2014/2014-2fukushima5.pdf,official_daily_result_pdf
201403020601,2014,福島,2,6,1,2014-07-20,https://www.jra.go.jp/datafile/seiseki/report/2014/2014-2fukushima6.pdf,official_daily_result_pdf
201403020602,2014,福島,2,6,2,2014-07-20,https://www.jra.go.jp/datafile/seiseki/report/2014/2014-2fukushima6.pdf,official_daily_result_pdf
201403020603,2014,福島,2,6,3,2014-07-20,https://www.jra.go.jp/datafile/seiseki/report/2014/2014-2fukushima6.pdf,official_daily_result_pdf
201403020604,2014,福島,2,6,4,2014-07-20,https://www.jra.go.jp/datafile/seiseki/report/2014/2014-2fukushima6.pdf,official_daily_result_pdf
201403020605,2014,福島,2,6,5,2014-07-20,https://www.jra.go.jp/datafile/seiseki/report/2014/2014-2fukushima6.pdf,official_daily_result_pdf
201403020606,2014,福島,2,6,6,2014-07-20,https://www.jra.go.jp/datafile/seiseki/report/2014/2014-2fukushima6.pdf,official_daily_result_pdf
201403020607,2014,福島,2,6,7,2014-07-20,https://www.jra.go.jp/datafile/seiseki/report/2014/2014-2fukushima6.pdf,official_daily_result_pdf
201403020608,2014,福島,2,6,8,2014-07-20,https://www.jra.go.jp/datafile/seiseki/report/2014/2014-2fukushima6.pdf,official_daily_result_pdf
201403020609,2014,福島,2,6,9,2014-07-20,https://www.jra.go.jp/datafile/seiseki/report/2014/2014-2fukushima6.pdf,official_daily_result_pdf
201403020610,2014,福島,2,6,10,2014-07-20,https://www.jra.go.jp/datafile/seiseki/report/2014/2014-2fukushima6.pdf,official_daily_result_pdf
201403020611,2014,福島,2,6,11,2014-07-20,https://www.jra.go.jp/datafile/seiseki/report/2014/2014-2fukushima6.pdf,official_daily_result_pdf
201403020612,2014,福島,2,6,12,2014-07-20,https://www.jra.go.jp/datafile/seiseki/report/2014/2014-2fukushima6.pdf,official_daily_result_pdf
201403020701,2014,福島,2,7,1,2014-07-26,https://www.jra.go.jp/datafile/seiseki/report/2014/2014-2fukushima7.pdf,official_daily_result_pdf
201403020702,2014,福島,2,7,2,2014-07-26,https://www.jra.go.jp/datafile/seiseki/report/2014/2014-2fukushima7.pdf,official_daily_result_pdf
201403020703,2014,福島,2,7,3,2014-07-26,https://www.jra.go.jp/datafile/seiseki/report/2014/2014-2fukushima7.pdf,official_daily_result_pdf
201403020704,2014,福島,2,7,4,2014-07-26,https://www.jra.go.jp/datafile/seiseki/report/2014/2014-2fukushima7.pdf,official_daily_result_pdf
201403020705,2014,福島,2,7,5,2014-07-26,https://www.jra.go.jp/datafile/seiseki/report/2014/2014-2fukushima7.pdf,official_daily_result_pdf
201403020706,2014,福島,2,7,6,2014-07-26,https://www.jra.go.jp/datafile/seiseki/report/2014/2014-2fukushima7.pdf,official_daily_result_pdf
201403020707,2014,福島,2,7,7,2014-07-26,https://www.jra.go.jp/datafile/seiseki/report/2014/2014-2fukushima7.pdf,official_daily_result_pdf
201403020708,2014,福島,2,7,8,2014-07-26,https://www.jra.go.jp/datafile/seiseki/report/2014/2014-2fukushima7.pdf,official_daily_result_pdf
201403020709,2014,福島,2,7,9,2014-07-26,https://www.jra.go.jp/datafile/seiseki/report/2014/2014-2fukushima7.pdf,official_daily_result_pdf
201403020710,2014,福島,2,7,10,2014-07-26,https://www.jra.go.jp/datafile/seiseki/report/2014/2014-2fukushima7.pdf,official_daily_result_pdf
201403020711,2014,福島,2,7,11,2014-07-26,https://www.jra.go.jp/datafile/seiseki/report/2014/2014-2fukushima7.pdf,official_daily_result_pdf
201403020712,2014,福島,2,7,12,2014-07-26,https://www.jra.go.jp/datafile/seiseki/report/2014/2014-2fukushima7.pdf,official_daily_result_pdf
201403020801,2014,福島,2,8,1,2014-07-27,https://www.jra.go.jp/datafile/seiseki/report/2014/2014-2fukushima8.pdf,official_daily_result_pdf
201403020802,2014,福島,2,8,2,2014-07-27,https://www.jra.go.jp/datafile/seiseki/report/2014/2014-2fukushima8.pdf,official_daily_result_pdf
201403020803,2014,福島,2,8,3,2014-07-27,https://www.jra.go.jp/datafile/seiseki/report/2014/2014-2fukushima8.pdf,official_daily_result_pdf
201403020804,2014,福島,2,8,4,2014-07-27,https://www.jra.go.jp/datafile/seiseki/report/2014/2014-2fukushima8.pdf,official_daily_result_pdf
201403020805,2014,福島,2,8,5,2014-07-27,https://www.jra.go.jp/datafile/seiseki/report/2014/2014-2fukushima8.pdf,official_daily_result_pdf
201403020806,2014,福島,2,8,6,2014-07-27,https://www.jra.go.jp/datafile/seiseki/report/2014/2014-2fukushima8.pdf,official_daily_result_pdf
201403020807,2014,福島,2,8,7,2014-07-27,https://www.jra.go.jp/datafile/seiseki/report/2014/2014-2fukushima8.pdf,official_daily_result_pdf
201403020808,2014,福島,2,8,8,2014-07-27,https://www.jra.go.jp/datafile/seiseki/report/2014/2014-2fukushima8.pdf,official_daily_result_pdf
201403020809,2014,福島,2,8,9,2014-07-27,https://www.jra.go.jp/datafile/seiseki/report/2014/2014-2fukushima8.pdf,official_daily_result_pdf
201403020810,2014,福島,2,8,10,2014-07-27,https://www.jra.go.jp/datafile/seiseki/report/2014/2014-2fukushima8.pdf,official_daily_result_pdf
201403020811,2014,福島,2,8,11,2014-07-27,https://www.jra.go.jp/datafile/seiseki/report/2014/2014-2fukushima8.pdf,official_daily_result_pdf
201403020812,2014,福島,2,8,12,2014-07-27,https://www.jra.go.jp/datafile/seiseki/report/2014/2014-2fukushima8.pdf,official_daily_result_pdf
201403030101,2014,福島,3,1,1,2014-10-18,https://www.jra.go.jp/datafile/seiseki/report/2014/2014-3fukushima1.pdf,official_daily_result_pdf
201403030102,2014,福島,3,1,2,2014-10-18,https://www.jra.go.jp/datafile/seiseki/report/2014/2014-3fukushima1.pdf,official_daily_result_pdf
201403030103,2014,福島,3,1,3,2014-10-18,https://www.jra.go.jp/datafile/seiseki/report/2014/2014-3fukushima1.pdf,official_daily_result_pdf
201403030104,2014,福島,3,1,4,2014-10-18,https://www.jra.go.jp/datafile/seiseki/report/2014/2014-3fukushima1.pdf,official_daily_result_pdf
201403030105,2014,福島,3,1,5,2014-10-18,https://www.jra.go.jp/datafile/seiseki/report/2014/2014-3fukushima1.pdf,official_daily_result_pdf
201403030106,2014,福島,3,1,6,2014-10-18,https://www.jra.go.jp/datafile/seiseki/report/2014/2014-3fukushima1.pdf,official_daily_result_pdf
201403030107,2014,福島,3,1,7,2014-10-18,https://www.jra.go.jp/datafile/seiseki/report/2014/2014-3fukushima1.pdf,official_daily_result_pdf
201403030108,2014,福島,3,1,8,2014-10-18,https://www.jra.go.jp/datafile/seiseki/report/2014/2014-3fukushima1.pdf,official_daily_result_pdf
201403030109,2014,福島,3,1,9,2014-10-18,https://www.jra.go.jp/datafile/seiseki/report/2014/2014-3fukushima1.pdf,official_daily_result_pdf
201403030110,2014,福島,3,1,10,2014-10-18,https://www.jra.go.jp/datafile/seiseki/report/2014/2014-3fukushima1.pdf,official_daily_result_pdf
201403030111,2014,福島,3,1,11,2014-10-18,https://www.jra.go.jp/datafile/seiseki/report/2014/2014-3fukushima1.pdf,official_daily_result_pdf
201403030112,2014,福島,3,1,12,2014-10-18,https://www.jra.go.jp/datafile/seiseki/report/2014/2014-3fukushima1.pdf,official_daily_result_pdf
201403030201,2014,福島,3,2,1,2014-10-19,https://www.jra.go.jp/datafile/seiseki/report/2014/2014-3fukushima2.pdf,official_daily_result_pdf
201403030202,2014,福島,3,2,2,2014-10-19,https://www.jra.go.jp/datafile/seiseki/report/2014/2014-3fukushima2.pdf,official_daily_result_pdf
201403030203,2014,福島,3,2,3,2014-10-19,https://www.jra.go.jp/datafile/seiseki/report/2014/2014-3fukushima2.pdf,official_daily_result_pdf
201403030204,2014,福島,3,2,4,2014-10-19,https://www.jra.go.jp/datafile/seiseki/report/2014/2014-3fukushima2.pdf,official_daily_result_pdf
201403030205,2014,福島,3,2,5,2014-10-19,https://www.jra.go.jp/datafile/seiseki/report/2014/2014-3fukushima2.pdf,official_daily_result_pdf
201403030206,2014,福島,3,2,6,2014-10-19,https://www.jra.go.jp/datafile/seiseki/report/2014/2014-3fukushima2.pdf,official_daily_result_pdf
201403030207,2014,福島,3,2,7,2014-10-19,https://www.jra.go.jp/datafile/seiseki/report/2014/2014-3fukushima2.pdf,official_daily_result_pdf
201403030208,2014,福島,3,2,8,2014-10-19,https://www.jra.go.jp/datafile/seiseki/report/2014/2014-3fukushima2.pdf,official_daily_result_pdf
201403030209,2014,福島,3,2,9,2014-10-19,https://www.jra.go.jp/datafile/seiseki/report/2014/2014-3fukushima2.pdf,official_daily_result_pdf
201403030210,2014,福島,3,2,10,2014-10-19,https://www.jra.go.jp/datafile/seiseki/report/2014/2014-3fukushima2.pdf,official_daily_result_pdf
201403030211,2014,福島,3,2,11,2014-10-19,https://www.jra.go.jp/datafile/seiseki/report/2014/2014-3fukushima2.pdf,official_daily_result_pdf
201403030212,2014,福島,3,2,12,2014-10-19,https://www.jra.go.jp/datafile/seiseki/report/2014/2014-3fukushima2.pdf,official_daily_result_pdf
201403030301,2014,福島,3,3,1,2014-10-25,https://www.jra.go.jp/datafile/seiseki/report/2014/2014-3fukushima3.pdf,official_daily_result_pdf
201403030302,2014,福島,3,3,2,2014-10-25,https://www.jra.go.jp/datafile/seiseki/report/2014/2014-3fukushima3.pdf,official_daily_result_pdf
201403030303,2014,福島,3,3,3,2014-10-25,https://www.jra.go.jp/datafile/seiseki/report/2014/2014-3fukushima3.pdf,official_daily_result_pdf
201403030304,2014,福島,3,3,4,2014-10-25,https://www.jra.go.jp/datafile/seiseki/report/2014/2014-3fukushima3.pdf,official_daily_result_pdf
201403030305,2014,福島,3,3,5,2014-10-25,https://www.jra.go.jp/datafile/seiseki/report/2014/2014-3fukushima3.pdf,official_daily_result_pdf
201403030306,2014,福島,3,3,6,2014-10-25,https://www.jra.go.jp/datafile/seiseki/report/2014/2014-3fukushima3.pdf,official_daily_result_pdf
201403030307,2014,福島,3,3,7,2014-10-25,https://www.jra.go.jp/datafile/seiseki/report/2014/2014-3fukushima3.pdf,official_daily_result_pdf
201403030308,2014,福島,3,3,8,2014-10-25,https://www.jra.go.jp/datafile/seiseki/report/2014/2014-3fukushima3.pdf,official_daily_result_pdf
201403030309,2014,福島,3,3,9,2014-10-25,https://www.jra.go.jp/datafile/seiseki/report/2014/2014-3fukushima3.pdf,official_daily_result_pdf
201403030310,2014,福島,3,3,10,2014-10-25,https://www.jra.go.jp/datafile/seiseki/report/2014/2014-3fukushima3.pdf,official_daily_result_pdf
201403030311,2014,福島,3,3,11,2014-10-25,https://www.jra.go.jp/datafile/seiseki/report/2014/2014-3fukushima3.pdf,official_daily_result_pdf
201403030312,2014,福島,3,3,12,2014-10-25,https://www.jra.go.jp/datafile/seiseki/report/2014/2014-3fukushima3.pdf,official_daily_result_pdf
201403030401,2014,福島,3,4,1,2014-10-26,https://www.jra.go.jp/datafile/seiseki/report/2014/2014-3fukushima4.pdf,official_daily_result_pdf
201403030402,2014,福島,3,4,2,2014-10-26,https://www.jra.go.jp/datafile/seiseki/report/2014/2014-3fukushima4.pdf,official_daily_result_pdf
201403030403,2014,福島,3,4,3,2014-10-26,https://www.jra.go.jp/datafile/seiseki/report/2014/2014-3fukushima4.pdf,official_daily_result_pdf
201403030404,2014,福島,3,4,4,2014-10-26,https://www.jra.go.jp/datafile/seiseki/report/2014/2014-3fukushima4.pdf,official_daily_result_pdf
201403030405,2014,福島,3,4,5,2014-10-26,https://www.jra.go.jp/datafile/seiseki/report/2014/2014-3fukushima4.pdf,official_daily_result_pdf
201403030406,2014,福島,3,4,6,2014-10-26,https://www.jra.go.jp/datafile/seiseki/report/2014/2014-3fukushima4.pdf,official_daily_result_pdf
201403030407,2014,福島,3,4,7,2014-10-26,https://www.jra.go.jp/datafile/seiseki/report/2014/2014-3fukushima4.pdf,official_daily_result_pdf
201403030408,2014,福島,3,4,8,2014-10-26,https://www.jra.go.jp/datafile/seiseki/report/2014/2014-3fukushima4.pdf,official_daily_result_pdf
201403030409,2014,福島,3,4,9,2014-10-26,https://www.jra.go.jp/datafile/seiseki/report/2014/2014-3fukushima4.pdf,official_daily_result_pdf
201403030410,2014,福島,3,4,10,2014-10-26,https://www.jra.go.jp/datafile/seiseki/report/2014/2014-3fukushima4.pdf,official_daily_result_pdf
201403030411,2014,福島,3,4,11,2014-10-26,https://www.jra.go.jp/datafile/seiseki/report/2014/2014-3fukushima4.pdf,official_daily_result_pdf
201403030412,2014,福島,3,4,12,2014-10-26,https://www.jra.go.jp/datafile/seiseki/report/2014/2014-3fukushima4.pdf,official_daily_result_pdf
201403030501,2014,福島,3,5,1,2014-11-01,https://www.jra.go.jp/datafile/seiseki/report/2014/2014-3fukushima5.pdf,official_daily_result_pdf
201403030502,2014,福島,3,5,2,2014-11-01,https://www.jra.go.jp/datafile/seiseki/report/2014/2014-3fukushima5.pdf,official_daily_result_pdf
201403030503,2014,福島,3,5,3,2014-11-01,https://www.jra.go.jp/datafile/seiseki/report/2014/2014-3fukushima5.pdf,official_daily_result_pdf
201403030504,2014,福島,3,5,4,2014-11-01,https://www.jra.go.jp/datafile/seiseki/report/2014/2014-3fukushima5.pdf,official_daily_result_pdf
201403030505,2014,福島,3,5,5,2014-11-01,https://www.jra.go.jp/datafile/seiseki/report/2014/2014-3fukushima5.pdf,official_daily_result_pdf
201403030506,2014,福島,3,5,6,2014-11-01,https://www.jra.go.jp/datafile/seiseki/report/2014/2014-3fukushima5.pdf,official_daily_result_pdf
201403030507,2014,福島,3,5,7,2014-11-01,https://www.jra.go.jp/datafile/seiseki/report/2014/2014-3fukushima5.pdf,official_daily_result_pdf
201403030508,2014,福島,3,5,8,2014-11-01,https://www.jra.go.jp/datafile/seiseki/report/2014/2014-3fukushima5.pdf,official_daily_result_pdf
201403030509,2014,福島,3,5,9,2014-11-01,https://www.jra.go.jp/datafile/seiseki/report/2014/2014-3fukushima5.pdf,official_daily_result_pdf
201403030510,2014,福島,3,5,10,2014-11-01,https://www.jra.go.jp/datafile/seiseki/report/2014/2014-3fukushima5.pdf,official_daily_result_pdf
201403030511,2014,福島,3,5,11,2014-11-01,https://www.jra.go.jp/datafile/seiseki/report/2014/2014-3fukushima5.pdf,official_daily_result_pdf
201403030512,2014,福島,3,5,12,2014-11-01,https://www.jra.go.jp/datafile/seiseki/report/2014/2014-3fukushima5.pdf,official_daily_result_pdf
201403030601,2014,福島,3,6,1,2014-11-02,https://www.jra.go.jp/datafile/seiseki/report/2014/2014-3fukushima6.pdf,official_daily_result_pdf
201403030602,2014,福島,3,6,2,2014-11-02,https://www.jra.go.jp/datafile/seiseki/report/2014/2014-3fukushima6.pdf,official_daily_result_pdf
201403030603,2014,福島,3,6,3,2014-11-02,https://www.jra.go.jp/datafile/seiseki/report/2014/2014-3fukushima6.pdf,official_daily_result_pdf
201403030604,2014,福島,3,6,4,2014-11-02,https://www.jra.go.jp/datafile/seiseki/report/2014/2014-3fukushima6.pdf,official_daily_result_pdf
201403030605,2014,福島,3,6,5,2014-11-02,https://www.jra.go.jp/datafile/seiseki/report/2014/2014-3fukushima6.pdf,official_daily_result_pdf
201403030606,2014,福島,3,6,6,2014-11-02,https://www.jra.go.jp/datafile/seiseki/report/2014/2014-3fukushima6.pdf,official_daily_result_pdf
201403030607,2014,福島,3,6,7,2014-11-02,https://www.jra.go.jp/datafile/seiseki/report/2014/2014-3fukushima6.pdf,official_daily_result_pdf
201403030608,2014,福島,3,6,8,2014-11-02,https://www.jra.go.jp/datafile/seiseki/report/2014/2014-3fukushima6.pdf,official_daily_result_pdf
201403030609,2014,福島,3,6,9,2014-11-02,https://www.jra.go.jp/datafile/seiseki/report/2014/2014-3fukushima6.pdf,official_daily_result_pdf
201403030610,2014,福島,3,6,10,2014-11-02,https://www.jra.go.jp/datafile/seiseki/report/2014/2014-3fukushima6.pdf,official_daily_result_pdf
201403030611,2014,福島,3,6,11,2014-11-02,https://www.jra.go.jp/datafile/seiseki/report/2014/2014-3fukushima6.pdf,official_daily_result_pdf
201403030612,2014,福島,3,6,12,2014-11-02,https://www.jra.go.jp/datafile/seiseki/report/2014/2014-3fukushima6.pdf,official_daily_result_pdf
201403040101,2014,福島,4,1,1,2014-11-08,https://www.jra.go.jp/datafile/seiseki/report/2014/2014-4fukushima1.pdf,official_daily_result_pdf
201403040102,2014,福島,4,1,2,2014-11-08,https://www.jra.go.jp/datafile/seiseki/report/2014/2014-4fukushima1.pdf,official_daily_result_pdf
201403040103,2014,福島,4,1,3,2014-11-08,https://www.jra.go.jp/datafile/seiseki/report/2014/2014-4fukushima1.pdf,official_daily_result_pdf
201403040104,2014,福島,4,1,4,2014-11-08,https://www.jra.go.jp/datafile/seiseki/report/2014/2014-4fukushima1.pdf,official_daily_result_pdf
201403040105,2014,福島,4,1,5,2014-11-08,https://www.jra.go.jp/datafile/seiseki/report/2014/2014-4fukushima1.pdf,official_daily_result_pdf
201403040106,2014,福島,4,1,6,2014-11-08,https://www.jra.go.jp/datafile/seiseki/report/2014/2014-4fukushima1.pdf,official_daily_result_pdf
201403040107,2014,福島,4,1,7,2014-11-08,https://www.jra.go.jp/datafile/seiseki/report/2014/2014-4fukushima1.pdf,official_daily_result_pdf
201403040108,2014,福島,4,1,8,2014-11-08,https://www.jra.go.jp/datafile/seiseki/report/2014/2014-4fukushima1.pdf,official_daily_result_pdf
201403040109,2014,福島,4,1,9,2014-11-08,https://www.jra.go.jp/datafile/seiseki/report/2014/2014-4fukushima1.pdf,official_daily_result_pdf
201403040110,2014,福島,4,1,10,2014-11-08,https://www.jra.go.jp/datafile/seiseki/report/2014/2014-4fukushima1.pdf,official_daily_result_pdf
201403040111,2014,福島,4,1,11,2014-11-08,https://www.jra.go.jp/datafile/seiseki/report/2014/2014-4fukushima1.pdf,official_daily_result_pdf
201403040112,2014,福島,4,1,12,2014-11-08,https://www.jra.go.jp/datafile/seiseki/report/2014/2014-4fukushima1.pdf,official_daily_result_pdf
201403040201,2014,福島,4,2,1,2014-11-09,https://www.jra.go.jp/datafile/seiseki/report/2014/2014-4fukushima2.pdf,official_daily_result_pdf
201403040202,2014,福島,4,2,2,2014-11-09,https://www.jra.go.jp/datafile/seiseki/report/2014/2014-4fukushima2.pdf,official_daily_result_pdf
201403040203,2014,福島,4,2,3,2014-11-09,https://www.jra.go.jp/datafile/seiseki/report/2014/2014-4fukushima2.pdf,official_daily_result_pdf
201403040204,2014,福島,4,2,4,2014-11-09,https://www.jra.go.jp/datafile/seiseki/report/2014/2014-4fukushima2.pdf,official_daily_result_pdf
201403040205,2014,福島,4,2,5,2014-11-09,https://www.jra.go.jp/datafile/seiseki/report/2014/2014-4fukushima2.pdf,official_daily_result_pdf
201403040206,2014,福島,4,2,6,2014-11-09,https://www.jra.go.jp/datafile/seiseki/report/2014/2014-4fukushima2.pdf,official_daily_result_pdf
201403040207,2014,福島,4,2,7,2014-11-09,https://www.jra.go.jp/datafile/seiseki/report/2014/2014-4fukushima2.pdf,official_daily_result_pdf
201403040208,2014,福島,4,2,8,2014-11-09,https://www.jra.go.jp/datafile/seiseki/report/2014/2014-4fukushima2.pdf,official_daily_result_pdf
201403040209,2014,福島,4,2,9,2014-11-09,https://www.jra.go.jp/datafile/seiseki/report/2014/2014-4fukushima2.pdf,official_daily_result_pdf
201403040210,2014,福島,4,2,10,2014-11-09,https://www.jra.go.jp/datafile/seiseki/report/2014/2014-4fukushima2.pdf,official_daily_result_pdf
201403040211,2014,福島,4,2,11,2014-11-09,https://www.jra.go.jp/datafile/seiseki/report/2014/2014-4fukushima2.pdf,official_daily_result_pdf
201403040212,2014,福島,4,2,12,2014-11-09,https://www.jra.go.jp/datafile/seiseki/report/2014/2014-4fukushima2.pdf,official_daily_result_pdf
201403040301,2014,福島,4,3,1,2014-11-15,https://www.jra.go.jp/datafile/seiseki/report/2014/2014-4fukushima3.pdf,official_daily_result_pdf
201403040302,2014,福島,4,3,2,2014-11-15,https://www.jra.go.jp/datafile/seiseki/report/2014/2014-4fukushima3.pdf,official_daily_result_pdf
201403040303,2014,福島,4,3,3,2014-11-15,https://www.jra.go.jp/datafile/seiseki/report/2014/2014-4fukushima3.pdf,official_daily_result_pdf
201403040304,2014,福島,4,3,4,2014-11-15,https://www.jra.go.jp/datafile/seiseki/report/2014/2014-4fukushima3.pdf,official_daily_result_pdf
201403040305,2014,福島,4,3,5,2014-11-15,https://www.jra.go.jp/datafile/seiseki/report/2014/2014-4fukushima3.pdf,official_daily_result_pdf
201403040306,2014,福島,4,3,6,2014-11-15,https://www.jra.go.jp/datafile/seiseki/report/2014/2014-4fukushima3.pdf,official_daily_result_pdf
201403040307,2014,福島,4,3,7,2014-11-15,https://www.jra.go.jp/datafile/seiseki/report/2014/2014-4fukushima3.pdf,official_daily_result_pdf
201403040308,2014,福島,4,3,8,2014-11-15,https://www.jra.go.jp/datafile/seiseki/report/2014/2014-4fukushima3.pdf,official_daily_result_pdf
201403040309,2014,福島,4,3,9,2014-11-15,https://www.jra.go.jp/datafile/seiseki/report/2014/2014-4fukushima3.pdf,official_daily_result_pdf
201403040310,2014,福島,4,3,10,2014-11-15,https://www.jra.go.jp/datafile/seiseki/report/2014/2014-4fukushima3.pdf,official_daily_result_pdf
201403040311,2014,福島,4,3,11,2014-11-15,https://www.jra.go.jp/datafile/seiseki/report/2014/2014-4fukushima3.pdf,official_daily_result_pdf
201403040312,2014,福島,4,3,12,2014-11-15,https://www.jra.go.jp/datafile/seiseki/report/2014/2014-4fukushima3.pdf,official_daily_result_pdf
201403040401,2014,福島,4,4,1,2014-11-16,https://www.jra.go.jp/datafile/seiseki/report/2014/2014-4fukushima4.pdf,official_daily_result_pdf
201403040402,2014,福島,4,4,2,2014-11-16,https://www.jra.go.jp/datafile/seiseki/report/2014/2014-4fukushima4.pdf,official_daily_result_pdf
201403040403,2014,福島,4,4,3,2014-11-16,https://www.jra.go.jp/datafile/seiseki/report/2014/2014-4fukushima4.pdf,official_daily_result_pdf
201403040404,2014,福島,4,4,4,2014-11-16,https://www.jra.go.jp/datafile/seiseki/report/2014/2014-4fukushima4.pdf,official_daily_result_pdf
201403040405,2014,福島,4,4,5,2014-11-16,https://www.jra.go.jp/datafile/seiseki/report/2014/2014-4fukushima4.pdf,official_daily_result_pdf
201403040406,2014,福島,4,4,6,2014-11-16,https://www.jra.go.jp/datafile/seiseki/report/2014/2014-4fukushima4.pdf,official_daily_result_pdf
201403040407,2014,福島,4,4,7,2014-11-16,https://www.jra.go.jp/datafile/seiseki/report/2014/2014-4fukushima4.pdf,official_daily_result_pdf
201403040408,2014,福島,4,4,8,2014-11-16,https://www.jra.go.jp/datafile/seiseki/report/2014/2014-4fukushima4.pdf,official_daily_result_pdf
201403040409,2014,福島,4,4,9,2014-11-16,https://www.jra.go.jp/datafile/seiseki/report/2014/2014-4fukushima4.pdf,official_daily_result_pdf
201403040410,2014,福島,4,4,10,2014-11-16,https://www.jra.go.jp/datafile/seiseki/report/2014/2014-4fukushima4.pdf,official_daily_result_pdf
201403040411,2014,福島,4,4,11,2014-11-16,https://www.jra.go.jp/datafile/seiseki/report/2014/2014-4fukushima4.pdf,official_daily_result_pdf
201403040412,2014,福島,4,4,12,2014-11-16,https://www.jra.go.jp/datafile/seiseki/report/2014/2014-4fukushima4.pdf,official_daily_result_pdf
201404010101,2014,新潟,1,1,1,2014-05-03,https://www.jra.go.jp/datafile/seiseki/report/2014/2014-1niigata1.pdf,official_daily_result_pdf
201404010102,2014,新潟,1,1,2,2014-05-03,https://www.jra.go.jp/datafile/seiseki/report/2014/2014-1niigata1.pdf,official_daily_result_pdf
201404010103,2014,新潟,1,1,3,2014-05-03,https://www.jra.go.jp/datafile/seiseki/report/2014/2014-1niigata1.pdf,official_daily_result_pdf
201404010104,2014,新潟,1,1,4,2014-05-03,https://www.jra.go.jp/datafile/seiseki/report/2014/2014-1niigata1.pdf,official_daily_result_pdf
201404010105,2014,新潟,1,1,5,2014-05-03,https://www.jra.go.jp/datafile/seiseki/report/2014/2014-1niigata1.pdf,official_daily_result_pdf
201404010106,2014,新潟,1,1,6,2014-05-03,https://www.jra.go.jp/datafile/seiseki/report/2014/2014-1niigata1.pdf,official_daily_result_pdf
201404010107,2014,新潟,1,1,7,2014-05-03,https://www.jra.go.jp/datafile/seiseki/report/2014/2014-1niigata1.pdf,official_daily_result_pdf
201404010108,2014,新潟,1,1,8,2014-05-03,https://www.jra.go.jp/datafile/seiseki/report/2014/2014-1niigata1.pdf,official_daily_result_pdf
201404010109,2014,新潟,1,1,9,2014-05-03,https://www.jra.go.jp/datafile/seiseki/report/2014/2014-1niigata1.pdf,official_daily_result_pdf
201404010110,2014,新潟,1,1,10,2014-05-03,https://www.jra.go.jp/datafile/seiseki/report/2014/2014-1niigata1.pdf,official_daily_result_pdf
201404010111,2014,新潟,1,1,11,2014-05-03,https://www.jra.go.jp/datafile/seiseki/report/2014/2014-1niigata1.pdf,official_daily_result_pdf
201404010112,2014,新潟,1,1,12,2014-05-03,https://www.jra.go.jp/datafile/seiseki/report/2014/2014-1niigata1.pdf,official_daily_result_pdf
201404010201,2014,新潟,1,2,1,2014-05-04,https://www.jra.go.jp/datafile/seiseki/report/2014/2014-1niigata2.pdf,official_daily_result_pdf
201404010202,2014,新潟,1,2,2,2014-05-04,https://www.jra.go.jp/datafile/seiseki/report/2014/2014-1niigata2.pdf,official_daily_result_pdf
201404010203,2014,新潟,1,2,3,2014-05-04,https://www.jra.go.jp/datafile/seiseki/report/2014/2014-1niigata2.pdf,official_daily_result_pdf
201404010204,2014,新潟,1,2,4,2014-05-04,https://www.jra.go.jp/datafile/seiseki/report/2014/2014-1niigata2.pdf,official_daily_result_pdf
201404010205,2014,新潟,1,2,5,2014-05-04,https://www.jra.go.jp/datafile/seiseki/report/2014/2014-1niigata2.pdf,official_daily_result_pdf
201404010206,2014,新潟,1,2,6,2014-05-04,https://www.jra.go.jp/datafile/seiseki/report/2014/2014-1niigata2.pdf,official_daily_result_pdf
201404010207,2014,新潟,1,2,7,2014-05-04,https://www.jra.go.jp/datafile/seiseki/report/2014/2014-1niigata2.pdf,official_daily_result_pdf
201404010208,2014,新潟,1,2,8,2014-05-04,https://www.jra.go.jp/datafile/seiseki/report/2014/2014-1niigata2.pdf,official_daily_result_pdf
201404010209,2014,新潟,1,2,9,2014-05-04,https://www.jra.go.jp/datafile/seiseki/report/2014/2014-1niigata2.pdf,official_daily_result_pdf
201404010210,2014,新潟,1,2,10,2014-05-04,https://www.jra.go.jp/datafile/seiseki/report/2014/2014-1niigata2.pdf,official_daily_result_pdf
201404010211,2014,新潟,1,2,11,2014-05-04,https://www.jra.go.jp/datafile/seiseki/report/2014/2014-1niigata2.pdf,official_daily_result_pdf
201404010212,2014,新潟,1,2,12,2014-05-04,https://www.jra.go.jp/datafile/seiseki/report/2014/2014-1niigata2.pdf,official_daily_result_pdf
201404010301,2014,新潟,1,3,1,2014-05-10,https://www.jra.go.jp/datafile/seiseki/report/2014/2014-1niigata3.pdf,official_daily_result_pdf
201404010302,2014,新潟,1,3,2,2014-05-10,https://www.jra.go.jp/datafile/seiseki/report/2014/2014-1niigata3.pdf,official_daily_result_pdf
201404010303,2014,新潟,1,3,3,2014-05-10,https://www.jra.go.jp/datafile/seiseki/report/2014/2014-1niigata3.pdf,official_daily_result_pdf
201404010304,2014,新潟,1,3,4,2014-05-10,https://www.jra.go.jp/datafile/seiseki/report/2014/2014-1niigata3.pdf,official_daily_result_pdf
201404010305,2014,新潟,1,3,5,2014-05-10,https://www.jra.go.jp/datafile/seiseki/report/2014/2014-1niigata3.pdf,official_daily_result_pdf
201404010306,2014,新潟,1,3,6,2014-05-10,https://www.jra.go.jp/datafile/seiseki/report/2014/2014-1niigata3.pdf,official_daily_result_pdf
201404010307,2014,新潟,1,3,7,2014-05-10,https://www.jra.go.jp/datafile/seiseki/report/2014/2014-1niigata3.pdf,official_daily_result_pdf
201404010308,2014,新潟,1,3,8,2014-05-10,https://www.jra.go.jp/datafile/seiseki/report/2014/2014-1niigata3.pdf,official_daily_result_pdf
201404010309,2014,新潟,1,3,9,2014-05-10,https://www.jra.go.jp/datafile/seiseki/report/2014/2014-1niigata3.pdf,official_daily_result_pdf
201404010310,2014,新潟,1,3,10,2014-05-10,https://www.jra.go.jp/datafile/seiseki/report/2014/2014-1niigata3.pdf,official_daily_result_pdf
201404010311,2014,新潟,1,3,11,2014-05-10,https://www.jra.go.jp/datafile/seiseki/report/2014/2014-1niigata3.pdf,official_daily_result_pdf
201404010312,2014,新潟,1,3,12,2014-05-10,https://www.jra.go.jp/datafile/seiseki/report/2014/2014-1niigata3.pdf,official_daily_result_pdf
201404010401,2014,新潟,1,4,1,2014-05-11,https://www.jra.go.jp/datafile/seiseki/report/2014/2014-1niigata4.pdf,official_daily_result_pdf
201404010402,2014,新潟,1,4,2,2014-05-11,https://www.jra.go.jp/datafile/seiseki/report/2014/2014-1niigata4.pdf,official_daily_result_pdf
201404010403,2014,新潟,1,4,3,2014-05-11,https://www.jra.go.jp/datafile/seiseki/report/2014/2014-1niigata4.pdf,official_daily_result_pdf
201404010404,2014,新潟,1,4,4,2014-05-11,https://www.jra.go.jp/datafile/seiseki/report/2014/2014-1niigata4.pdf,official_daily_result_pdf
201404010405,2014,新潟,1,4,5,2014-05-11,https://www.jra.go.jp/datafile/seiseki/report/2014/2014-1niigata4.pdf,official_daily_result_pdf
201404010406,2014,新潟,1,4,6,2014-05-11,https://www.jra.go.jp/datafile/seiseki/report/2014/2014-1niigata4.pdf,official_daily_result_pdf
201404010407,2014,新潟,1,4,7,2014-05-11,https://www.jra.go.jp/datafile/seiseki/report/2014/2014-1niigata4.pdf,official_daily_result_pdf
201404010408,2014,新潟,1,4,8,2014-05-11,https://www.jra.go.jp/datafile/seiseki/report/2014/2014-1niigata4.pdf,official_daily_result_pdf
201404010409,2014,新潟,1,4,9,2014-05-11,https://www.jra.go.jp/datafile/seiseki/report/2014/2014-1niigata4.pdf,official_daily_result_pdf
201404010410,2014,新潟,1,4,10,2014-05-11,https://www.jra.go.jp/datafile/seiseki/report/2014/2014-1niigata4.pdf,official_daily_result_pdf
201404010411,2014,新潟,1,4,11,2014-05-11,https://www.jra.go.jp/datafile/seiseki/report/2014/2014-1niigata4.pdf,official_daily_result_pdf
201404010412,2014,新潟,1,4,12,2014-05-11,https://www.jra.go.jp/datafile/seiseki/report/2014/2014-1niigata4.pdf,official_daily_result_pdf
201404010501,2014,新潟,1,5,1,2014-05-17,https://www.jra.go.jp/datafile/seiseki/report/2014/2014-1niigata5.pdf,official_daily_result_pdf
201404010502,2014,新潟,1,5,2,2014-05-17,https://www.jra.go.jp/datafile/seiseki/report/2014/2014-1niigata5.pdf,official_daily_result_pdf
201404010503,2014,新潟,1,5,3,2014-05-17,https://www.jra.go.jp/datafile/seiseki/report/2014/2014-1niigata5.pdf,official_daily_result_pdf
201404010504,2014,新潟,1,5,4,2014-05-17,https://www.jra.go.jp/datafile/seiseki/report/2014/2014-1niigata5.pdf,official_daily_result_pdf
201404010505,2014,新潟,1,5,5,2014-05-17,https://www.jra.go.jp/datafile/seiseki/report/2014/2014-1niigata5.pdf,official_daily_result_pdf
201404010506,2014,新潟,1,5,6,2014-05-17,https://www.jra.go.jp/datafile/seiseki/report/2014/2014-1niigata5.pdf,official_daily_result_pdf
201404010507,2014,新潟,1,5,7,2014-05-17,https://www.jra.go.jp/datafile/seiseki/report/2014/2014-1niigata5.pdf,official_daily_result_pdf
201404010508,2014,新潟,1,5,8,2014-05-17,https://www.jra.go.jp/datafile/seiseki/report/2014/2014-1niigata5.pdf,official_daily_result_pdf
201404010509,2014,新潟,1,5,9,2014-05-17,https://www.jra.go.jp/datafile/seiseki/report/2014/2014-1niigata5.pdf,official_daily_result_pdf
201404010510,2014,新潟,1,5,10,2014-05-17,https://www.jra.go.jp/datafile/seiseki/report/2014/2014-1niigata5.pdf,official_daily_result_pdf
201404010511,2014,新潟,1,5,11,2014-05-17,https://www.jra.go.jp/datafile/seiseki/report/2014/2014-1niigata5.pdf,official_daily_result_pdf
201404010512,2014,新潟,1,5,12,2014-05-17,https://www.jra.go.jp/datafile/seiseki/report/2014/2014-1niigata5.pdf,official_daily_result_pdf
201404010601,2014,新潟,1,6,1,2014-05-18,https://www.jra.go.jp/datafile/seiseki/report/2014/2014-1niigata6.pdf,official_daily_result_pdf
201404010602,2014,新潟,1,6,2,2014-05-18,https://www.jra.go.jp/datafile/seiseki/report/2014/2014-1niigata6.pdf,official_daily_result_pdf
201404010603,2014,新潟,1,6,3,2014-05-18,https://www.jra.go.jp/datafile/seiseki/report/2014/2014-1niigata6.pdf,official_daily_result_pdf
201404010604,2014,新潟,1,6,4,2014-05-18,https://www.jra.go.jp/datafile/seiseki/report/2014/2014-1niigata6.pdf,official_daily_result_pdf
201404010605,2014,新潟,1,6,5,2014-05-18,https://www.jra.go.jp/datafile/seiseki/report/2014/2014-1niigata6.pdf,official_daily_result_pdf
201404010606,2014,新潟,1,6,6,2014-05-18,https://www.jra.go.jp/datafile/seiseki/report/2014/2014-1niigata6.pdf,official_daily_result_pdf
201404010607,2014,新潟,1,6,7,2014-05-18,https://www.jra.go.jp/datafile/seiseki/report/2014/2014-1niigata6.pdf,official_daily_result_pdf
201404010608,2014,新潟,1,6,8,2014-05-18,https://www.jra.go.jp/datafile/seiseki/report/2014/2014-1niigata6.pdf,official_daily_result_pdf
201404010609,2014,新潟,1,6,9,2014-05-18,https://www.jra.go.jp/datafile/seiseki/report/2014/2014-1niigata6.pdf,official_daily_result_pdf
201404010610,2014,新潟,1,6,10,2014-05-18,https://www.jra.go.jp/datafile/seiseki/report/2014/2014-1niigata6.pdf,official_daily_result_pdf
201404010611,2014,新潟,1,6,11,2014-05-18,https://www.jra.go.jp/datafile/seiseki/report/2014/2014-1niigata6.pdf,official_daily_result_pdf
201404010612,2014,新潟,1,6,12,2014-05-18,https://www.jra.go.jp/datafile/seiseki/report/2014/2014-1niigata6.pdf,official_daily_result_pdf
201404010701,2014,新潟,1,7,1,2014-05-24,https://www.jra.go.jp/datafile/seiseki/report/2014/2014-1niigata7.pdf,official_daily_result_pdf
201404010702,2014,新潟,1,7,2,2014-05-24,https://www.jra.go.jp/datafile/seiseki/report/2014/2014-1niigata7.pdf,official_daily_result_pdf
201404010703,2014,新潟,1,7,3,2014-05-24,https://www.jra.go.jp/datafile/seiseki/report/2014/2014-1niigata7.pdf,official_daily_result_pdf
201404010704,2014,新潟,1,7,4,2014-05-24,https://www.jra.go.jp/datafile/seiseki/report/2014/2014-1niigata7.pdf,official_daily_result_pdf
201404010705,2014,新潟,1,7,5,2014-05-24,https://www.jra.go.jp/datafile/seiseki/report/2014/2014-1niigata7.pdf,official_daily_result_pdf
201404010706,2014,新潟,1,7,6,2014-05-24,https://www.jra.go.jp/datafile/seiseki/report/2014/2014-1niigata7.pdf,official_daily_result_pdf
201404010707,2014,新潟,1,7,7,2014-05-24,https://www.jra.go.jp/datafile/seiseki/report/2014/2014-1niigata7.pdf,official_daily_result_pdf
201404010708,2014,新潟,1,7,8,2014-05-24,https://www.jra.go.jp/datafile/seiseki/report/2014/2014-1niigata7.pdf,official_daily_result_pdf
201404010709,2014,新潟,1,7,9,2014-05-24,https://www.jra.go.jp/datafile/seiseki/report/2014/2014-1niigata7.pdf,official_daily_result_pdf
201404010710,2014,新潟,1,7,10,2014-05-24,https://www.jra.go.jp/datafile/seiseki/report/2014/2014-1niigata7.pdf,official_daily_result_pdf
201404010711,2014,新潟,1,7,11,2014-05-24,https://www.jra.go.jp/datafile/seiseki/report/2014/2014-1niigata7.pdf,official_daily_result_pdf
201404010712,2014,新潟,1,7,12,2014-05-24,https://www.jra.go.jp/datafile/seiseki/report/2014/2014-1niigata7.pdf,official_daily_result_pdf
201404010801,2014,新潟,1,8,1,2014-05-25,https://www.jra.go.jp/datafile/seiseki/report/2014/2014-1niigata8.pdf,official_daily_result_pdf
201404010802,2014,新潟,1,8,2,2014-05-25,https://www.jra.go.jp/datafile/seiseki/report/2014/2014-1niigata8.pdf,official_daily_result_pdf
201404010803,2014,新潟,1,8,3,2014-05-25,https://www.jra.go.jp/datafile/seiseki/report/2014/2014-1niigata8.pdf,official_daily_result_pdf
201404010804,2014,新潟,1,8,4,2014-05-25,https://www.jra.go.jp/datafile/seiseki/report/2014/2014-1niigata8.pdf,official_daily_result_pdf
201404010805,2014,新潟,1,8,5,2014-05-25,https://www.jra.go.jp/datafile/seiseki/report/2014/2014-1niigata8.pdf,official_daily_result_pdf
201404010806,2014,新潟,1,8,6,2014-05-25,https://www.jra.go.jp/datafile/seiseki/report/2014/2014-1niigata8.pdf,official_daily_result_pdf
201404010807,2014,新潟,1,8,7,2014-05-25,https://www.jra.go.jp/datafile/seiseki/report/2014/2014-1niigata8.pdf,official_daily_result_pdf
201404010808,2014,新潟,1,8,8,2014-05-25,https://www.jra.go.jp/datafile/seiseki/report/2014/2014-1niigata8.pdf,official_daily_result_pdf
201404010809,2014,新潟,1,8,9,2014-05-25,https://www.jra.go.jp/datafile/seiseki/report/2014/2014-1niigata8.pdf,official_daily_result_pdf
201404010810,2014,新潟,1,8,10,2014-05-25,https://www.jra.go.jp/datafile/seiseki/report/2014/2014-1niigata8.pdf,official_daily_result_pdf
201404010811,2014,新潟,1,8,11,2014-05-25,https://www.jra.go.jp/datafile/seiseki/report/2014/2014-1niigata8.pdf,official_daily_result_pdf
201404010812,2014,新潟,1,8,12,2014-05-25,https://www.jra.go.jp/datafile/seiseki/report/2014/2014-1niigata8.pdf,official_daily_result_pdf
201404020101,2014,新潟,2,1,1,2014-08-02,https://www.jra.go.jp/datafile/seiseki/report/2014/2014-2niigata1.pdf,official_daily_result_pdf
201404020102,2014,新潟,2,1,2,2014-08-02,https://www.jra.go.jp/datafile/seiseki/report/2014/2014-2niigata1.pdf,official_daily_result_pdf
201404020103,2014,新潟,2,1,3,2014-08-02,https://www.jra.go.jp/datafile/seiseki/report/2014/2014-2niigata1.pdf,official_daily_result_pdf
201404020104,2014,新潟,2,1,4,2014-08-02,https://www.jra.go.jp/datafile/seiseki/report/2014/2014-2niigata1.pdf,official_daily_result_pdf
201404020105,2014,新潟,2,1,5,2014-08-02,https://www.jra.go.jp/datafile/seiseki/report/2014/2014-2niigata1.pdf,official_daily_result_pdf
201404020106,2014,新潟,2,1,6,2014-08-02,https://www.jra.go.jp/datafile/seiseki/report/2014/2014-2niigata1.pdf,official_daily_result_pdf
201404020107,2014,新潟,2,1,7,2014-08-02,https://www.jra.go.jp/datafile/seiseki/report/2014/2014-2niigata1.pdf,official_daily_result_pdf
201404020108,2014,新潟,2,1,8,2014-08-02,https://www.jra.go.jp/datafile/seiseki/report/2014/2014-2niigata1.pdf,official_daily_result_pdf
201404020109,2014,新潟,2,1,9,2014-08-02,https://www.jra.go.jp/datafile/seiseki/report/2014/2014-2niigata1.pdf,official_daily_result_pdf
201404020110,2014,新潟,2,1,10,2014-08-02,https://www.jra.go.jp/datafile/seiseki/report/2014/2014-2niigata1.pdf,official_daily_result_pdf
201404020111,2014,新潟,2,1,11,2014-08-02,https://www.jra.go.jp/datafile/seiseki/report/2014/2014-2niigata1.pdf,official_daily_result_pdf
201404020112,2014,新潟,2,1,12,2014-08-02,https://www.jra.go.jp/datafile/seiseki/report/2014/2014-2niigata1.pdf,official_daily_result_pdf
201404020201,2014,新潟,2,2,1,2014-08-03,https://www.jra.go.jp/datafile/seiseki/report/2014/2014-2niigata2.pdf,official_daily_result_pdf
201404020202,2014,新潟,2,2,2,2014-08-03,https://www.jra.go.jp/datafile/seiseki/report/2014/2014-2niigata2.pdf,official_daily_result_pdf
201404020203,2014,新潟,2,2,3,2014-08-03,https://www.jra.go.jp/datafile/seiseki/report/2014/2014-2niigata2.pdf,official_daily_result_pdf
201404020204,2014,新潟,2,2,4,2014-08-03,https://www.jra.go.jp/datafile/seiseki/report/2014/2014-2niigata2.pdf,official_daily_result_pdf
201404020205,2014,新潟,2,2,5,2014-08-03,https://www.jra.go.jp/datafile/seiseki/report/2014/2014-2niigata2.pdf,official_daily_result_pdf
201404020206,2014,新潟,2,2,6,2014-08-03,https://www.jra.go.jp/datafile/seiseki/report/2014/2014-2niigata2.pdf,official_daily_result_pdf
201404020207,2014,新潟,2,2,7,2014-08-03,https://www.jra.go.jp/datafile/seiseki/report/2014/2014-2niigata2.pdf,official_daily_result_pdf
201404020208,2014,新潟,2,2,8,2014-08-03,https://www.jra.go.jp/datafile/seiseki/report/2014/2014-2niigata2.pdf,official_daily_result_pdf
201404020209,2014,新潟,2,2,9,2014-08-03,https://www.jra.go.jp/datafile/seiseki/report/2014/2014-2niigata2.pdf,official_daily_result_pdf
201404020210,2014,新潟,2,2,10,2014-08-03,https://www.jra.go.jp/datafile/seiseki/report/2014/2014-2niigata2.pdf,official_daily_result_pdf
201404020211,2014,新潟,2,2,11,2014-08-03,https://www.jra.go.jp/datafile/seiseki/report/2014/2014-2niigata2.pdf,official_daily_result_pdf
201404020212,2014,新潟,2,2,12,2014-08-03,https://www.jra.go.jp/datafile/seiseki/report/2014/2014-2niigata2.pdf,official_daily_result_pdf
201404020301,2014,新潟,2,3,1,2014-08-09,https://www.jra.go.jp/datafile/seiseki/report/2014/2014-2niigata3.pdf,official_daily_result_pdf
201404020302,2014,新潟,2,3,2,2014-08-09,https://www.jra.go.jp/datafile/seiseki/report/2014/2014-2niigata3.pdf,official_daily_result_pdf
201404020303,2014,新潟,2,3,3,2014-08-09,https://www.jra.go.jp/datafile/seiseki/report/2014/2014-2niigata3.pdf,official_daily_result_pdf
201404020304,2014,新潟,2,3,4,2014-08-09,https://www.jra.go.jp/datafile/seiseki/report/2014/2014-2niigata3.pdf,official_daily_result_pdf
201404020305,2014,新潟,2,3,5,2014-08-09,https://www.jra.go.jp/datafile/seiseki/report/2014/2014-2niigata3.pdf,official_daily_result_pdf
201404020306,2014,新潟,2,3,6,2014-08-09,https://www.jra.go.jp/datafile/seiseki/report/2014/2014-2niigata3.pdf,official_daily_result_pdf
201404020307,2014,新潟,2,3,7,2014-08-09,https://www.jra.go.jp/datafile/seiseki/report/2014/2014-2niigata3.pdf,official_daily_result_pdf
201404020308,2014,新潟,2,3,8,2014-08-09,https://www.jra.go.jp/datafile/seiseki/report/2014/2014-2niigata3.pdf,official_daily_result_pdf
201404020309,2014,新潟,2,3,9,2014-08-09,https://www.jra.go.jp/datafile/seiseki/report/2014/2014-2niigata3.pdf,official_daily_result_pdf
201404020310,2014,新潟,2,3,10,2014-08-09,https://www.jra.go.jp/datafile/seiseki/report/2014/2014-2niigata3.pdf,official_daily_result_pdf
201404020311,2014,新潟,2,3,11,2014-08-09,https://www.jra.go.jp/datafile/seiseki/report/2014/2014-2niigata3.pdf,official_daily_result_pdf
201404020312,2014,新潟,2,3,12,2014-08-09,https://www.jra.go.jp/datafile/seiseki/report/2014/2014-2niigata3.pdf,official_daily_result_pdf
201404020401,2014,新潟,2,4,1,2014-08-10,https://www.jra.go.jp/datafile/seiseki/report/2014/2014-2niigata4.pdf,official_daily_result_pdf
201404020402,2014,新潟,2,4,2,2014-08-10,https://www.jra.go.jp/datafile/seiseki/report/2014/2014-2niigata4.pdf,official_daily_result_pdf
201404020403,2014,新潟,2,4,3,2014-08-10,https://www.jra.go.jp/datafile/seiseki/report/2014/2014-2niigata4.pdf,official_daily_result_pdf
201404020404,2014,新潟,2,4,4,2014-08-10,https://www.jra.go.jp/datafile/seiseki/report/2014/2014-2niigata4.pdf,official_daily_result_pdf
201404020405,2014,新潟,2,4,5,2014-08-10,https://www.jra.go.jp/datafile/seiseki/report/2014/2014-2niigata4.pdf,official_daily_result_pdf
201404020406,2014,新潟,2,4,6,2014-08-10,https://www.jra.go.jp/datafile/seiseki/report/2014/2014-2niigata4.pdf,official_daily_result_pdf
201404020407,2014,新潟,2,4,7,2014-08-10,https://www.jra.go.jp/datafile/seiseki/report/2014/2014-2niigata4.pdf,official_daily_result_pdf
201404020408,2014,新潟,2,4,8,2014-08-10,https://www.jra.go.jp/datafile/seiseki/report/2014/2014-2niigata4.pdf,official_daily_result_pdf
201404020409,2014,新潟,2,4,9,2014-08-10,https://www.jra.go.jp/datafile/seiseki/report/2014/2014-2niigata4.pdf,official_daily_result_pdf
201404020410,2014,新潟,2,4,10,2014-08-10,https://www.jra.go.jp/datafile/seiseki/report/2014/2014-2niigata4.pdf,official_daily_result_pdf
201404020411,2014,新潟,2,4,11,2014-08-10,https://www.jra.go.jp/datafile/seiseki/report/2014/2014-2niigata4.pdf,official_daily_result_pdf
201404020412,2014,新潟,2,4,12,2014-08-10,https://www.jra.go.jp/datafile/seiseki/report/2014/2014-2niigata4.pdf,official_daily_result_pdf
201404020501,2014,新潟,2,5,1,2014-08-16,https://www.jra.go.jp/datafile/seiseki/report/2014/2014-2niigata5.pdf,official_daily_result_pdf
201404020502,2014,新潟,2,5,2,2014-08-16,https://www.jra.go.jp/datafile/seiseki/report/2014/2014-2niigata5.pdf,official_daily_result_pdf
201404020503,2014,新潟,2,5,3,2014-08-16,https://www.jra.go.jp/datafile/seiseki/report/2014/2014-2niigata5.pdf,official_daily_result_pdf
201404020504,2014,新潟,2,5,4,2014-08-16,https://www.jra.go.jp/datafile/seiseki/report/2014/2014-2niigata5.pdf,official_daily_result_pdf
201404020505,2014,新潟,2,5,5,2014-08-16,https://www.jra.go.jp/datafile/seiseki/report/2014/2014-2niigata5.pdf,official_daily_result_pdf
201404020506,2014,新潟,2,5,6,2014-08-16,https://www.jra.go.jp/datafile/seiseki/report/2014/2014-2niigata5.pdf,official_daily_result_pdf
201404020507,2014,新潟,2,5,7,2014-08-16,https://www.jra.go.jp/datafile/seiseki/report/2014/2014-2niigata5.pdf,official_daily_result_pdf
201404020508,2014,新潟,2,5,8,2014-08-16,https://www.jra.go.jp/datafile/seiseki/report/2014/2014-2niigata5.pdf,official_daily_result_pdf
201404020509,2014,新潟,2,5,9,2014-08-16,https://www.jra.go.jp/datafile/seiseki/report/2014/2014-2niigata5.pdf,official_daily_result_pdf
201404020510,2014,新潟,2,5,10,2014-08-16,https://www.jra.go.jp/datafile/seiseki/report/2014/2014-2niigata5.pdf,official_daily_result_pdf
201404020511,2014,新潟,2,5,11,2014-08-16,https://www.jra.go.jp/datafile/seiseki/report/2014/2014-2niigata5.pdf,official_daily_result_pdf
201404020512,2014,新潟,2,5,12,2014-08-16,https://www.jra.go.jp/datafile/seiseki/report/2014/2014-2niigata5.pdf,official_daily_result_pdf
201404020601,2014,新潟,2,6,1,2014-08-17,https://www.jra.go.jp/datafile/seiseki/report/2014/2014-2niigata6.pdf,official_daily_result_pdf
201404020602,2014,新潟,2,6,2,2014-08-17,https://www.jra.go.jp/datafile/seiseki/report/2014/2014-2niigata6.pdf,official_daily_result_pdf
201404020603,2014,新潟,2,6,3,2014-08-17,https://www.jra.go.jp/datafile/seiseki/report/2014/2014-2niigata6.pdf,official_daily_result_pdf
201404020604,2014,新潟,2,6,4,2014-08-17,https://www.jra.go.jp/datafile/seiseki/report/2014/2014-2niigata6.pdf,official_daily_result_pdf
201404020605,2014,新潟,2,6,5,2014-08-17,https://www.jra.go.jp/datafile/seiseki/report/2014/2014-2niigata6.pdf,official_daily_result_pdf
201404020606,2014,新潟,2,6,6,2014-08-17,https://www.jra.go.jp/datafile/seiseki/report/2014/2014-2niigata6.pdf,official_daily_result_pdf
201404020607,2014,新潟,2,6,7,2014-08-17,https://www.jra.go.jp/datafile/seiseki/report/2014/2014-2niigata6.pdf,official_daily_result_pdf
201404020608,2014,新潟,2,6,8,2014-08-17,https://www.jra.go.jp/datafile/seiseki/report/2014/2014-2niigata6.pdf,official_daily_result_pdf
201404020609,2014,新潟,2,6,9,2014-08-17,https://www.jra.go.jp/datafile/seiseki/report/2014/2014-2niigata6.pdf,official_daily_result_pdf
201404020610,2014,新潟,2,6,10,2014-08-17,https://www.jra.go.jp/datafile/seiseki/report/2014/2014-2niigata6.pdf,official_daily_result_pdf
201404020611,2014,新潟,2,6,11,2014-08-17,https://www.jra.go.jp/datafile/seiseki/report/2014/2014-2niigata6.pdf,official_daily_result_pdf
201404020612,2014,新潟,2,6,12,2014-08-17,https://www.jra.go.jp/datafile/seiseki/report/2014/2014-2niigata6.pdf,official_daily_result_pdf
201404020701,2014,新潟,2,7,1,2014-08-23,https://www.jra.go.jp/datafile/seiseki/report/2014/2014-2niigata7.pdf,official_daily_result_pdf
201404020702,2014,新潟,2,7,2,2014-08-23,https://www.jra.go.jp/datafile/seiseki/report/2014/2014-2niigata7.pdf,official_daily_result_pdf
201404020703,2014,新潟,2,7,3,2014-08-23,https://www.jra.go.jp/datafile/seiseki/report/2014/2014-2niigata7.pdf,official_daily_result_pdf
201404020704,2014,新潟,2,7,4,2014-08-23,https://www.jra.go.jp/datafile/seiseki/report/2014/2014-2niigata7.pdf,official_daily_result_pdf
201404020705,2014,新潟,2,7,5,2014-08-23,https://www.jra.go.jp/datafile/seiseki/report/2014/2014-2niigata7.pdf,official_daily_result_pdf
201404020706,2014,新潟,2,7,6,2014-08-23,https://www.jra.go.jp/datafile/seiseki/report/2014/2014-2niigata7.pdf,official_daily_result_pdf
201404020707,2014,新潟,2,7,7,2014-08-23,https://www.jra.go.jp/datafile/seiseki/report/2014/2014-2niigata7.pdf,official_daily_result_pdf
201404020708,2014,新潟,2,7,8,2014-08-23,https://www.jra.go.jp/datafile/seiseki/report/2014/2014-2niigata7.pdf,official_daily_result_pdf
201404020709,2014,新潟,2,7,9,2014-08-23,https://www.jra.go.jp/datafile/seiseki/report/2014/2014-2niigata7.pdf,official_daily_result_pdf
201404020710,2014,新潟,2,7,10,2014-08-23,https://www.jra.go.jp/datafile/seiseki/report/2014/2014-2niigata7.pdf,official_daily_result_pdf
201404020711,2014,新潟,2,7,11,2014-08-23,https://www.jra.go.jp/datafile/seiseki/report/2014/2014-2niigata7.pdf,official_daily_result_pdf
201404020712,2014,新潟,2,7,12,2014-08-23,https://www.jra.go.jp/datafile/seiseki/report/2014/2014-2niigata7.pdf,official_daily_result_pdf
201404020801,2014,新潟,2,8,1,2014-08-24,https://www.jra.go.jp/datafile/seiseki/report/2014/2014-2niigata8.pdf,official_daily_result_pdf
201404020802,2014,新潟,2,8,2,2014-08-24,https://www.jra.go.jp/datafile/seiseki/report/2014/2014-2niigata8.pdf,official_daily_result_pdf
201404020803,2014,新潟,2,8,3,2014-08-24,https://www.jra.go.jp/datafile/seiseki/report/2014/2014-2niigata8.pdf,official_daily_result_pdf
201404020804,2014,新潟,2,8,4,2014-08-24,https://www.jra.go.jp/datafile/seiseki/report/2014/2014-2niigata8.pdf,official_daily_result_pdf
201404020805,2014,新潟,2,8,5,2014-08-24,https://www.jra.go.jp/datafile/seiseki/report/2014/2014-2niigata8.pdf,official_daily_result_pdf
201404020806,2014,新潟,2,8,6,2014-08-24,https://www.jra.go.jp/datafile/seiseki/report/2014/2014-2niigata8.pdf,official_daily_result_pdf
201404020807,2014,新潟,2,8,7,2014-08-24,https://www.jra.go.jp/datafile/seiseki/report/2014/2014-2niigata8.pdf,official_daily_result_pdf
201404020808,2014,新潟,2,8,8,2014-08-24,https://www.jra.go.jp/datafile/seiseki/report/2014/2014-2niigata8.pdf,official_daily_result_pdf
201404020809,2014,新潟,2,8,9,2014-08-24,https://www.jra.go.jp/datafile/seiseki/report/2014/2014-2niigata8.pdf,official_daily_result_pdf
201404020810,2014,新潟,2,8,10,2014-08-24,https://www.jra.go.jp/datafile/seiseki/report/2014/2014-2niigata8.pdf,official_daily_result_pdf
201404020811,2014,新潟,2,8,11,2014-08-24,https://www.jra.go.jp/datafile/seiseki/report/2014/2014-2niigata8.pdf,official_daily_result_pdf
201404020812,2014,新潟,2,8,12,2014-08-24,https://www.jra.go.jp/datafile/seiseki/report/2014/2014-2niigata8.pdf,official_daily_result_pdf
201404020901,2014,新潟,2,9,1,2014-08-30,https://www.jra.go.jp/datafile/seiseki/report/2014/2014-2niigata9.pdf,official_daily_result_pdf
201404020902,2014,新潟,2,9,2,2014-08-30,https://www.jra.go.jp/datafile/seiseki/report/2014/2014-2niigata9.pdf,official_daily_result_pdf
201404020903,2014,新潟,2,9,3,2014-08-30,https://www.jra.go.jp/datafile/seiseki/report/2014/2014-2niigata9.pdf,official_daily_result_pdf
201404020904,2014,新潟,2,9,4,2014-08-30,https://www.jra.go.jp/datafile/seiseki/report/2014/2014-2niigata9.pdf,official_daily_result_pdf
201404020905,2014,新潟,2,9,5,2014-08-30,https://www.jra.go.jp/datafile/seiseki/report/2014/2014-2niigata9.pdf,official_daily_result_pdf
201404020906,2014,新潟,2,9,6,2014-08-30,https://www.jra.go.jp/datafile/seiseki/report/2014/2014-2niigata9.pdf,official_daily_result_pdf
201404020907,2014,新潟,2,9,7,2014-08-30,https://www.jra.go.jp/datafile/seiseki/report/2014/2014-2niigata9.pdf,official_daily_result_pdf
201404020908,2014,新潟,2,9,8,2014-08-30,https://www.jra.go.jp/datafile/seiseki/report/2014/2014-2niigata9.pdf,official_daily_result_pdf
201404020909,2014,新潟,2,9,9,2014-08-30,https://www.jra.go.jp/datafile/seiseki/report/2014/2014-2niigata9.pdf,official_daily_result_pdf
201404020910,2014,新潟,2,9,10,2014-08-30,https://www.jra.go.jp/datafile/seiseki/report/2014/2014-2niigata9.pdf,official_daily_result_pdf
201404020911,2014,新潟,2,9,11,2014-08-30,https://www.jra.go.jp/datafile/seiseki/report/2014/2014-2niigata9.pdf,official_daily_result_pdf
201404020912,2014,新潟,2,9,12,2014-08-30,https://www.jra.go.jp/datafile/seiseki/report/2014/2014-2niigata9.pdf,official_daily_result_pdf
201404021001,2014,新潟,2,10,1,2014-08-31,https://www.jra.go.jp/datafile/seiseki/report/2014/2014-2niigata10.pdf,official_daily_result_pdf
201404021002,2014,新潟,2,10,2,2014-08-31,https://www.jra.go.jp/datafile/seiseki/report/2014/2014-2niigata10.pdf,official_daily_result_pdf
201404021003,2014,新潟,2,10,3,2014-08-31,https://www.jra.go.jp/datafile/seiseki/report/2014/2014-2niigata10.pdf,official_daily_result_pdf
201404021004,2014,新潟,2,10,4,2014-08-31,https://www.jra.go.jp/datafile/seiseki/report/2014/2014-2niigata10.pdf,official_daily_result_pdf
201404021005,2014,新潟,2,10,5,2014-08-31,https://www.jra.go.jp/datafile/seiseki/report/2014/2014-2niigata10.pdf,official_daily_result_pdf
201404021006,2014,新潟,2,10,6,2014-08-31,https://www.jra.go.jp/datafile/seiseki/report/2014/2014-2niigata10.pdf,official_daily_result_pdf
201404021007,2014,新潟,2,10,7,2014-08-31,https://www.jra.go.jp/datafile/seiseki/report/2014/2014-2niigata10.pdf,official_daily_result_pdf
201404021008,2014,新潟,2,10,8,2014-08-31,https://www.jra.go.jp/datafile/seiseki/report/2014/2014-2niigata10.pdf,official_daily_result_pdf
201404021009,2014,新潟,2,10,9,2014-08-31,https://www.jra.go.jp/datafile/seiseki/report/2014/2014-2niigata10.pdf,official_daily_result_pdf
201404021010,2014,新潟,2,10,10,2014-08-31,https://www.jra.go.jp/datafile/seiseki/report/2014/2014-2niigata10.pdf,official_daily_result_pdf
201404021011,2014,新潟,2,10,11,2014-08-31,https://www.jra.go.jp/datafile/seiseki/report/2014/2014-2niigata10.pdf,official_daily_result_pdf
201404021012,2014,新潟,2,10,12,2014-08-31,https://www.jra.go.jp/datafile/seiseki/report/2014/2014-2niigata10.pdf,official_daily_result_pdf
201404021101,2014,新潟,2,11,1,2014-09-06,https://www.jra.go.jp/datafile/seiseki/report/2014/2014-2niigata11.pdf,official_daily_result_pdf
201404021102,2014,新潟,2,11,2,2014-09-06,https://www.jra.go.jp/datafile/seiseki/report/2014/2014-2niigata11.pdf,official_daily_result_pdf
201404021103,2014,新潟,2,11,3,2014-09-06,https://www.jra.go.jp/datafile/seiseki/report/2014/2014-2niigata11.pdf,official_daily_result_pdf
201404021104,2014,新潟,2,11,4,2014-09-06,https://www.jra.go.jp/datafile/seiseki/report/2014/2014-2niigata11.pdf,official_daily_result_pdf
201404021105,2014,新潟,2,11,5,2014-09-06,https://www.jra.go.jp/datafile/seiseki/report/2014/2014-2niigata11.pdf,official_daily_result_pdf
201404021106,2014,新潟,2,11,6,2014-09-06,https://www.jra.go.jp/datafile/seiseki/report/2014/2014-2niigata11.pdf,official_daily_result_pdf
201404021107,2014,新潟,2,11,7,2014-09-06,https://www.jra.go.jp/datafile/seiseki/report/2014/2014-2niigata11.pdf,official_daily_result_pdf
201404021108,2014,新潟,2,11,8,2014-09-06,https://www.jra.go.jp/datafile/seiseki/report/2014/2014-2niigata11.pdf,official_daily_result_pdf
201404021109,2014,新潟,2,11,9,2014-09-06,https://www.jra.go.jp/datafile/seiseki/report/2014/2014-2niigata11.pdf,official_daily_result_pdf
201404021110,2014,新潟,2,11,10,2014-09-06,https://www.jra.go.jp/datafile/seiseki/report/2014/2014-2niigata11.pdf,official_daily_result_pdf
201404021111,2014,新潟,2,11,11,2014-09-06,https://www.jra.go.jp/datafile/seiseki/report/2014/2014-2niigata11.pdf,official_daily_result_pdf
201404021112,2014,新潟,2,11,12,2014-09-06,https://www.jra.go.jp/datafile/seiseki/report/2014/2014-2niigata11.pdf,official_daily_result_pdf
201404021201,2014,新潟,2,12,1,2014-09-07,https://www.jra.go.jp/datafile/seiseki/report/2014/2014-2niigata12.pdf,official_daily_result_pdf
201404021202,2014,新潟,2,12,2,2014-09-07,https://www.jra.go.jp/datafile/seiseki/report/2014/2014-2niigata12.pdf,official_daily_result_pdf
201404021203,2014,新潟,2,12,3,2014-09-07,https://www.jra.go.jp/datafile/seiseki/report/2014/2014-2niigata12.pdf,official_daily_result_pdf
201404021204,2014,新潟,2,12,4,2014-09-07,https://www.jra.go.jp/datafile/seiseki/report/2014/2014-2niigata12.pdf,official_daily_result_pdf
201404021205,2014,新潟,2,12,5,2014-09-07,https://www.jra.go.jp/datafile/seiseki/report/2014/2014-2niigata12.pdf,official_daily_result_pdf
201404021206,2014,新潟,2,12,6,2014-09-07,https://www.jra.go.jp/datafile/seiseki/report/2014/2014-2niigata12.pdf,official_daily_result_pdf
201404021207,2014,新潟,2,12,7,2014-09-07,https://www.jra.go.jp/datafile/seiseki/report/2014/2014-2niigata12.pdf,official_daily_result_pdf
201404021208,2014,新潟,2,12,8,2014-09-07,https://www.jra.go.jp/datafile/seiseki/report/2014/2014-2niigata12.pdf,official_daily_result_pdf
201404021209,2014,新潟,2,12,9,2014-09-07,https://www.jra.go.jp/datafile/seiseki/report/2014/2014-2niigata12.pdf,official_daily_result_pdf
201404021210,2014,新潟,2,12,10,2014-09-07,https://www.jra.go.jp/datafile/seiseki/report/2014/2014-2niigata12.pdf,official_daily_result_pdf
201404021211,2014,新潟,2,12,11,2014-09-07,https://www.jra.go.jp/datafile/seiseki/report/2014/2014-2niigata12.pdf,official_daily_result_pdf
201404021212,2014,新潟,2,12,12,2014-09-07,https://www.jra.go.jp/datafile/seiseki/report/2014/2014-2niigata12.pdf,official_daily_result_pdf
201404030101,2014,新潟,3,1,1,2014-09-13,https://www.jra.go.jp/datafile/seiseki/report/2014/2014-3niigata1.pdf,official_daily_result_pdf
201404030102,2014,新潟,3,1,2,2014-09-13,https://www.jra.go.jp/datafile/seiseki/report/2014/2014-3niigata1.pdf,official_daily_result_pdf
201404030103,2014,新潟,3,1,3,2014-09-13,https://www.jra.go.jp/datafile/seiseki/report/2014/2014-3niigata1.pdf,official_daily_result_pdf
201404030104,2014,新潟,3,1,4,2014-09-13,https://www.jra.go.jp/datafile/seiseki/report/2014/2014-3niigata1.pdf,official_daily_result_pdf
201404030105,2014,新潟,3,1,5,2014-09-13,https://www.jra.go.jp/datafile/seiseki/report/2014/2014-3niigata1.pdf,official_daily_result_pdf
201404030106,2014,新潟,3,1,6,2014-09-13,https://www.jra.go.jp/datafile/seiseki/report/2014/2014-3niigata1.pdf,official_daily_result_pdf
201404030107,2014,新潟,3,1,7,2014-09-13,https://www.jra.go.jp/datafile/seiseki/report/2014/2014-3niigata1.pdf,official_daily_result_pdf
201404030108,2014,新潟,3,1,8,2014-09-13,https://www.jra.go.jp/datafile/seiseki/report/2014/2014-3niigata1.pdf,official_daily_result_pdf
201404030109,2014,新潟,3,1,9,2014-09-13,https://www.jra.go.jp/datafile/seiseki/report/2014/2014-3niigata1.pdf,official_daily_result_pdf
201404030110,2014,新潟,3,1,10,2014-09-13,https://www.jra.go.jp/datafile/seiseki/report/2014/2014-3niigata1.pdf,official_daily_result_pdf
201404030111,2014,新潟,3,1,11,2014-09-13,https://www.jra.go.jp/datafile/seiseki/report/2014/2014-3niigata1.pdf,official_daily_result_pdf
201404030112,2014,新潟,3,1,12,2014-09-13,https://www.jra.go.jp/datafile/seiseki/report/2014/2014-3niigata1.pdf,official_daily_result_pdf
201404030201,2014,新潟,3,2,1,2014-09-14,https://www.jra.go.jp/datafile/seiseki/report/2014/2014-3niigata2.pdf,official_daily_result_pdf
201404030202,2014,新潟,3,2,2,2014-09-14,https://www.jra.go.jp/datafile/seiseki/report/2014/2014-3niigata2.pdf,official_daily_result_pdf
201404030203,2014,新潟,3,2,3,2014-09-14,https://www.jra.go.jp/datafile/seiseki/report/2014/2014-3niigata2.pdf,official_daily_result_pdf
201404030204,2014,新潟,3,2,4,2014-09-14,https://www.jra.go.jp/datafile/seiseki/report/2014/2014-3niigata2.pdf,official_daily_result_pdf
201404030205,2014,新潟,3,2,5,2014-09-14,https://www.jra.go.jp/datafile/seiseki/report/2014/2014-3niigata2.pdf,official_daily_result_pdf
201404030206,2014,新潟,3,2,6,2014-09-14,https://www.jra.go.jp/datafile/seiseki/report/2014/2014-3niigata2.pdf,official_daily_result_pdf
201404030207,2014,新潟,3,2,7,2014-09-14,https://www.jra.go.jp/datafile/seiseki/report/2014/2014-3niigata2.pdf,official_daily_result_pdf
201404030208,2014,新潟,3,2,8,2014-09-14,https://www.jra.go.jp/datafile/seiseki/report/2014/2014-3niigata2.pdf,official_daily_result_pdf
201404030209,2014,新潟,3,2,9,2014-09-14,https://www.jra.go.jp/datafile/seiseki/report/2014/2014-3niigata2.pdf,official_daily_result_pdf
201404030210,2014,新潟,3,2,10,2014-09-14,https://www.jra.go.jp/datafile/seiseki/report/2014/2014-3niigata2.pdf,official_daily_result_pdf
201404030211,2014,新潟,3,2,11,2014-09-14,https://www.jra.go.jp/datafile/seiseki/report/2014/2014-3niigata2.pdf,official_daily_result_pdf
201404030212,2014,新潟,3,2,12,2014-09-14,https://www.jra.go.jp/datafile/seiseki/report/2014/2014-3niigata2.pdf,official_daily_result_pdf
201404030301,2014,新潟,3,3,1,2014-09-20,https://www.jra.go.jp/datafile/seiseki/report/2014/2014-3niigata3.pdf,official_daily_result_pdf
201404030302,2014,新潟,3,3,2,2014-09-20,https://www.jra.go.jp/datafile/seiseki/report/2014/2014-3niigata3.pdf,official_daily_result_pdf
201404030303,2014,新潟,3,3,3,2014-09-20,https://www.jra.go.jp/datafile/seiseki/report/2014/2014-3niigata3.pdf,official_daily_result_pdf
201404030304,2014,新潟,3,3,4,2014-09-20,https://www.jra.go.jp/datafile/seiseki/report/2014/2014-3niigata3.pdf,official_daily_result_pdf
201404030305,2014,新潟,3,3,5,2014-09-20,https://www.jra.go.jp/datafile/seiseki/report/2014/2014-3niigata3.pdf,official_daily_result_pdf
201404030306,2014,新潟,3,3,6,2014-09-20,https://www.jra.go.jp/datafile/seiseki/report/2014/2014-3niigata3.pdf,official_daily_result_pdf
201404030307,2014,新潟,3,3,7,2014-09-20,https://www.jra.go.jp/datafile/seiseki/report/2014/2014-3niigata3.pdf,official_daily_result_pdf
201404030308,2014,新潟,3,3,8,2014-09-20,https://www.jra.go.jp/datafile/seiseki/report/2014/2014-3niigata3.pdf,official_daily_result_pdf
201404030309,2014,新潟,3,3,9,2014-09-20,https://www.jra.go.jp/datafile/seiseki/report/2014/2014-3niigata3.pdf,official_daily_result_pdf
201404030310,2014,新潟,3,3,10,2014-09-20,https://www.jra.go.jp/datafile/seiseki/report/2014/2014-3niigata3.pdf,official_daily_result_pdf
201404030311,2014,新潟,3,3,11,2014-09-20,https://www.jra.go.jp/datafile/seiseki/report/2014/2014-3niigata3.pdf,official_daily_result_pdf
201404030312,2014,新潟,3,3,12,2014-09-20,https://www.jra.go.jp/datafile/seiseki/report/2014/2014-3niigata3.pdf,official_daily_result_pdf
201404030401,2014,新潟,3,4,1,2014-09-21,https://www.jra.go.jp/datafile/seiseki/report/2014/2014-3niigata4.pdf,official_daily_result_pdf
201404030402,2014,新潟,3,4,2,2014-09-21,https://www.jra.go.jp/datafile/seiseki/report/2014/2014-3niigata4.pdf,official_daily_result_pdf
201404030403,2014,新潟,3,4,3,2014-09-21,https://www.jra.go.jp/datafile/seiseki/report/2014/2014-3niigata4.pdf,official_daily_result_pdf
201404030404,2014,新潟,3,4,4,2014-09-21,https://www.jra.go.jp/datafile/seiseki/report/2014/2014-3niigata4.pdf,official_daily_result_pdf
201404030405,2014,新潟,3,4,5,2014-09-21,https://www.jra.go.jp/datafile/seiseki/report/2014/2014-3niigata4.pdf,official_daily_result_pdf
201404030406,2014,新潟,3,4,6,2014-09-21,https://www.jra.go.jp/datafile/seiseki/report/2014/2014-3niigata4.pdf,official_daily_result_pdf
201404030407,2014,新潟,3,4,7,2014-09-21,https://www.jra.go.jp/datafile/seiseki/report/2014/2014-3niigata4.pdf,official_daily_result_pdf
201404030408,2014,新潟,3,4,8,2014-09-21,https://www.jra.go.jp/datafile/seiseki/report/2014/2014-3niigata4.pdf,official_daily_result_pdf
201404030409,2014,新潟,3,4,9,2014-09-21,https://www.jra.go.jp/datafile/seiseki/report/2014/2014-3niigata4.pdf,official_daily_result_pdf
201404030410,2014,新潟,3,4,10,2014-09-21,https://www.jra.go.jp/datafile/seiseki/report/2014/2014-3niigata4.pdf,official_daily_result_pdf
201404030411,2014,新潟,3,4,11,2014-09-21,https://www.jra.go.jp/datafile/seiseki/report/2014/2014-3niigata4.pdf,official_daily_result_pdf
201404030412,2014,新潟,3,4,12,2014-09-21,https://www.jra.go.jp/datafile/seiseki/report/2014/2014-3niigata4.pdf,official_daily_result_pdf
201404030501,2014,新潟,3,5,1,2014-09-27,https://www.jra.go.jp/datafile/seiseki/report/2014/2014-3niigata5.pdf,official_daily_result_pdf
201404030502,2014,新潟,3,5,2,2014-09-27,https://www.jra.go.jp/datafile/seiseki/report/2014/2014-3niigata5.pdf,official_daily_result_pdf
201404030503,2014,新潟,3,5,3,2014-09-27,https://www.jra.go.jp/datafile/seiseki/report/2014/2014-3niigata5.pdf,official_daily_result_pdf
201404030504,2014,新潟,3,5,4,2014-09-27,https://www.jra.go.jp/datafile/seiseki/report/2014/2014-3niigata5.pdf,official_daily_result_pdf
201404030505,2014,新潟,3,5,5,2014-09-27,https://www.jra.go.jp/datafile/seiseki/report/2014/2014-3niigata5.pdf,official_daily_result_pdf
201404030506,2014,新潟,3,5,6,2014-09-27,https://www.jra.go.jp/datafile/seiseki/report/2014/2014-3niigata5.pdf,official_daily_result_pdf
201404030507,2014,新潟,3,5,7,2014-09-27,https://www.jra.go.jp/datafile/seiseki/report/2014/2014-3niigata5.pdf,official_daily_result_pdf
201404030508,2014,新潟,3,5,8,2014-09-27,https://www.jra.go.jp/datafile/seiseki/report/2014/2014-3niigata5.pdf,official_daily_result_pdf
201404030509,2014,新潟,3,5,9,2014-09-27,https://www.jra.go.jp/datafile/seiseki/report/2014/2014-3niigata5.pdf,official_daily_result_pdf
201404030510,2014,新潟,3,5,10,2014-09-27,https://www.jra.go.jp/datafile/seiseki/report/2014/2014-3niigata5.pdf,official_daily_result_pdf
201404030511,2014,新潟,3,5,11,2014-09-27,https://www.jra.go.jp/datafile/seiseki/report/2014/2014-3niigata5.pdf,official_daily_result_pdf
201404030512,2014,新潟,3,5,12,2014-09-27,https://www.jra.go.jp/datafile/seiseki/report/2014/2014-3niigata5.pdf,official_daily_result_pdf
201404030601,2014,新潟,3,6,1,2014-09-28,https://www.jra.go.jp/datafile/seiseki/report/2014/2014-3niigata6.pdf,official_daily_result_pdf
201404030602,2014,新潟,3,6,2,2014-09-28,https://www.jra.go.jp/datafile/seiseki/report/2014/2014-3niigata6.pdf,official_daily_result_pdf
201404030603,2014,新潟,3,6,3,2014-09-28,https://www.jra.go.jp/datafile/seiseki/report/2014/2014-3niigata6.pdf,official_daily_result_pdf
201404030604,2014,新潟,3,6,4,2014-09-28,https://www.jra.go.jp/datafile/seiseki/report/2014/2014-3niigata6.pdf,official_daily_result_pdf
201404030605,2014,新潟,3,6,5,2014-09-28,https://www.jra.go.jp/datafile/seiseki/report/2014/2014-3niigata6.pdf,official_daily_result_pdf
201404030606,2014,新潟,3,6,6,2014-09-28,https://www.jra.go.jp/datafile/seiseki/report/2014/2014-3niigata6.pdf,official_daily_result_pdf
201404030607,2014,新潟,3,6,7,2014-09-28,https://www.jra.go.jp/datafile/seiseki/report/2014/2014-3niigata6.pdf,official_daily_result_pdf
201404030608,2014,新潟,3,6,8,2014-09-28,https://www.jra.go.jp/datafile/seiseki/report/2014/2014-3niigata6.pdf,official_daily_result_pdf
201404030609,2014,新潟,3,6,9,2014-09-28,https://www.jra.go.jp/datafile/seiseki/report/2014/2014-3niigata6.pdf,official_daily_result_pdf
201404030610,2014,新潟,3,6,10,2014-09-28,https://www.jra.go.jp/datafile/seiseki/report/2014/2014-3niigata6.pdf,official_daily_result_pdf
201404030611,2014,新潟,3,6,11,2014-09-28,https://www.jra.go.jp/datafile/seiseki/report/2014/2014-3niigata6.pdf,official_daily_result_pdf
201404030612,2014,新潟,3,6,12,2014-09-28,https://www.jra.go.jp/datafile/seiseki/report/2014/2014-3niigata6.pdf,official_daily_result_pdf
201404030701,2014,新潟,3,7,1,2014-10-04,https://www.jra.go.jp/datafile/seiseki/report/2014/2014-3niigata7.pdf,official_daily_result_pdf
201404030702,2014,新潟,3,7,2,2014-10-04,https://www.jra.go.jp/datafile/seiseki/report/2014/2014-3niigata7.pdf,official_daily_result_pdf
201404030703,2014,新潟,3,7,3,2014-10-04,https://www.jra.go.jp/datafile/seiseki/report/2014/2014-3niigata7.pdf,official_daily_result_pdf
201404030704,2014,新潟,3,7,4,2014-10-04,https://www.jra.go.jp/datafile/seiseki/report/2014/2014-3niigata7.pdf,official_daily_result_pdf
201404030705,2014,新潟,3,7,5,2014-10-04,https://www.jra.go.jp/datafile/seiseki/report/2014/2014-3niigata7.pdf,official_daily_result_pdf
201404030706,2014,新潟,3,7,6,2014-10-04,https://www.jra.go.jp/datafile/seiseki/report/2014/2014-3niigata7.pdf,official_daily_result_pdf
201404030707,2014,新潟,3,7,7,2014-10-04,https://www.jra.go.jp/datafile/seiseki/report/2014/2014-3niigata7.pdf,official_daily_result_pdf
201404030708,2014,新潟,3,7,8,2014-10-04,https://www.jra.go.jp/datafile/seiseki/report/2014/2014-3niigata7.pdf,official_daily_result_pdf
201404030709,2014,新潟,3,7,9,2014-10-04,https://www.jra.go.jp/datafile/seiseki/report/2014/2014-3niigata7.pdf,official_daily_result_pdf
201404030710,2014,新潟,3,7,10,2014-10-04,https://www.jra.go.jp/datafile/seiseki/report/2014/2014-3niigata7.pdf,official_daily_result_pdf
201404030711,2014,新潟,3,7,11,2014-10-04,https://www.jra.go.jp/datafile/seiseki/report/2014/2014-3niigata7.pdf,official_daily_result_pdf
201404030712,2014,新潟,3,7,12,2014-10-04,https://www.jra.go.jp/datafile/seiseki/report/2014/2014-3niigata7.pdf,official_daily_result_pdf
201404030801,2014,新潟,3,8,1,2014-10-05,https://www.jra.go.jp/datafile/seiseki/report/2014/2014-3niigata8.pdf,official_daily_result_pdf
201404030802,2014,新潟,3,8,2,2014-10-05,https://www.jra.go.jp/datafile/seiseki/report/2014/2014-3niigata8.pdf,official_daily_result_pdf
201404030803,2014,新潟,3,8,3,2014-10-05,https://www.jra.go.jp/datafile/seiseki/report/2014/2014-3niigata8.pdf,official_daily_result_pdf
201404030804,2014,新潟,3,8,4,2014-10-05,https://www.jra.go.jp/datafile/seiseki/report/2014/2014-3niigata8.pdf,official_daily_result_pdf
201404030805,2014,新潟,3,8,5,2014-10-05,https://www.jra.go.jp/datafile/seiseki/report/2014/2014-3niigata8.pdf,official_daily_result_pdf
201404030806,2014,新潟,3,8,6,2014-10-05,https://www.jra.go.jp/datafile/seiseki/report/2014/2014-3niigata8.pdf,official_daily_result_pdf
201404030807,2014,新潟,3,8,7,2014-10-05,https://www.jra.go.jp/datafile/seiseki/report/2014/2014-3niigata8.pdf,official_daily_result_pdf
201404030808,2014,新潟,3,8,8,2014-10-05,https://www.jra.go.jp/datafile/seiseki/report/2014/2014-3niigata8.pdf,official_daily_result_pdf
201404030809,2014,新潟,3,8,9,2014-10-05,https://www.jra.go.jp/datafile/seiseki/report/2014/2014-3niigata8.pdf,official_daily_result_pdf
201404030810,2014,新潟,3,8,10,2014-10-05,https://www.jra.go.jp/datafile/seiseki/report/2014/2014-3niigata8.pdf,official_daily_result_pdf
201404030811,2014,新潟,3,8,11,2014-10-05,https://www.jra.go.jp/datafile/seiseki/report/2014/2014-3niigata8.pdf,official_daily_result_pdf
201404030812,2014,新潟,3,8,12,2014-10-05,https://www.jra.go.jp/datafile/seiseki/report/2014/2014-3niigata8.pdf,official_daily_result_pdf
201405010101,2014,東京,1,1,1,2014-02-01,https://www.jra.go.jp/datafile/seiseki/report/2014/2014-1tokyo1.pdf,official_daily_result_pdf
201405010102,2014,東京,1,1,2,2014-02-01,https://www.jra.go.jp/datafile/seiseki/report/2014/2014-1tokyo1.pdf,official_daily_result_pdf
201405010103,2014,東京,1,1,3,2014-02-01,https://www.jra.go.jp/datafile/seiseki/report/2014/2014-1tokyo1.pdf,official_daily_result_pdf
201405010104,2014,東京,1,1,4,2014-02-01,https://www.jra.go.jp/datafile/seiseki/report/2014/2014-1tokyo1.pdf,official_daily_result_pdf
201405010105,2014,東京,1,1,5,2014-02-01,https://www.jra.go.jp/datafile/seiseki/report/2014/2014-1tokyo1.pdf,official_daily_result_pdf
201405010106,2014,東京,1,1,6,2014-02-01,https://www.jra.go.jp/datafile/seiseki/report/2014/2014-1tokyo1.pdf,official_daily_result_pdf
201405010107,2014,東京,1,1,7,2014-02-01,https://www.jra.go.jp/datafile/seiseki/report/2014/2014-1tokyo1.pdf,official_daily_result_pdf
201405010108,2014,東京,1,1,8,2014-02-01,https://www.jra.go.jp/datafile/seiseki/report/2014/2014-1tokyo1.pdf,official_daily_result_pdf
201405010109,2014,東京,1,1,9,2014-02-01,https://www.jra.go.jp/datafile/seiseki/report/2014/2014-1tokyo1.pdf,official_daily_result_pdf
201405010110,2014,東京,1,1,10,2014-02-01,https://www.jra.go.jp/datafile/seiseki/report/2014/2014-1tokyo1.pdf,official_daily_result_pdf
201405010111,2014,東京,1,1,11,2014-02-01,https://www.jra.go.jp/datafile/seiseki/report/2014/2014-1tokyo1.pdf,official_daily_result_pdf
201405010112,2014,東京,1,1,12,2014-02-01,https://www.jra.go.jp/datafile/seiseki/report/2014/2014-1tokyo1.pdf,official_daily_result_pdf
201405010201,2014,東京,1,2,1,2014-02-02,https://www.jra.go.jp/datafile/seiseki/report/2014/2014-1tokyo2.pdf,official_daily_result_pdf
201405010202,2014,東京,1,2,2,2014-02-02,https://www.jra.go.jp/datafile/seiseki/report/2014/2014-1tokyo2.pdf,official_daily_result_pdf
201405010203,2014,東京,1,2,3,2014-02-02,https://www.jra.go.jp/datafile/seiseki/report/2014/2014-1tokyo2.pdf,official_daily_result_pdf
201405010204,2014,東京,1,2,4,2014-02-02,https://www.jra.go.jp/datafile/seiseki/report/2014/2014-1tokyo2.pdf,official_daily_result_pdf
201405010205,2014,東京,1,2,5,2014-02-02,https://www.jra.go.jp/datafile/seiseki/report/2014/2014-1tokyo2.pdf,official_daily_result_pdf
201405010206,2014,東京,1,2,6,2014-02-02,https://www.jra.go.jp/datafile/seiseki/report/2014/2014-1tokyo2.pdf,official_daily_result_pdf
201405010207,2014,東京,1,2,7,2014-02-02,https://www.jra.go.jp/datafile/seiseki/report/2014/2014-1tokyo2.pdf,official_daily_result_pdf
201405010208,2014,東京,1,2,8,2014-02-02,https://www.jra.go.jp/datafile/seiseki/report/2014/2014-1tokyo2.pdf,official_daily_result_pdf
201405010209,2014,東京,1,2,9,2014-02-02,https://www.jra.go.jp/datafile/seiseki/report/2014/2014-1tokyo2.pdf,official_daily_result_pdf
201405010210,2014,東京,1,2,10,2014-02-02,https://www.jra.go.jp/datafile/seiseki/report/2014/2014-1tokyo2.pdf,official_daily_result_pdf
201405010211,2014,東京,1,2,11,2014-02-02,https://www.jra.go.jp/datafile/seiseki/report/2014/2014-1tokyo2.pdf,official_daily_result_pdf
201405010212,2014,東京,1,2,12,2014-02-02,https://www.jra.go.jp/datafile/seiseki/report/2014/2014-1tokyo2.pdf,official_daily_result_pdf
201405010301,2014,東京,1,3,1,2014-02-10,https://www.jra.go.jp/datafile/seiseki/report/2014/2014-1tokyo3.pdf,official_daily_result_pdf
201405010302,2014,東京,1,3,2,2014-02-10,https://www.jra.go.jp/datafile/seiseki/report/2014/2014-1tokyo3.pdf,official_daily_result_pdf
201405010303,2014,東京,1,3,3,2014-02-10,https://www.jra.go.jp/datafile/seiseki/report/2014/2014-1tokyo3.pdf,official_daily_result_pdf
201405010304,2014,東京,1,3,4,2014-02-10,https://www.jra.go.jp/datafile/seiseki/report/2014/2014-1tokyo3.pdf,official_daily_result_pdf
201405010305,2014,東京,1,3,5,2014-02-10,https://www.jra.go.jp/datafile/seiseki/report/2014/2014-1tokyo3.pdf,official_daily_result_pdf
201405010306,2014,東京,1,3,6,2014-02-10,https://www.jra.go.jp/datafile/seiseki/report/2014/2014-1tokyo3.pdf,official_daily_result_pdf
201405010307,2014,東京,1,3,7,2014-02-10,https://www.jra.go.jp/datafile/seiseki/report/2014/2014-1tokyo3.pdf,official_daily_result_pdf
201405010308,2014,東京,1,3,8,2014-02-10,https://www.jra.go.jp/datafile/seiseki/report/2014/2014-1tokyo3.pdf,official_daily_result_pdf
201405010309,2014,東京,1,3,9,2014-02-10,https://www.jra.go.jp/datafile/seiseki/report/2014/2014-1tokyo3.pdf,official_daily_result_pdf
201405010310,2014,東京,1,3,10,2014-02-10,https://www.jra.go.jp/datafile/seiseki/report/2014/2014-1tokyo3.pdf,official_daily_result_pdf
201405010311,2014,東京,1,3,11,2014-02-10,https://www.jra.go.jp/datafile/seiseki/report/2014/2014-1tokyo3.pdf,official_daily_result_pdf
201405010312,2014,東京,1,3,12,2014-02-10,https://www.jra.go.jp/datafile/seiseki/report/2014/2014-1tokyo3.pdf,official_daily_result_pdf
201405010401,2014,東京,1,4,1,2014-02-17,https://www.jra.go.jp/datafile/seiseki/report/2014/2014-1tokyo4.pdf,official_daily_result_pdf
201405010402,2014,東京,1,4,2,2014-02-17,https://www.jra.go.jp/datafile/seiseki/report/2014/2014-1tokyo4.pdf,official_daily_result_pdf
201405010403,2014,東京,1,4,3,2014-02-17,https://www.jra.go.jp/datafile/seiseki/report/2014/2014-1tokyo4.pdf,official_daily_result_pdf
201405010405,2014,東京,1,4,5,2014-02-17,https://www.jra.go.jp/datafile/seiseki/report/2014/2014-1tokyo4.pdf,official_daily_result_pdf
201405010406,2014,東京,1,4,6,2014-02-17,https://www.jra.go.jp/datafile/seiseki/report/2014/2014-1tokyo4.pdf,official_daily_result_pdf
201405010407,2014,東京,1,4,7,2014-02-17,https://www.jra.go.jp/datafile/seiseki/report/2014/2014-1tokyo4.pdf,official_daily_result_pdf
201405010408,2014,東京,1,4,8,2014-02-17,https://www.jra.go.jp/datafile/seiseki/report/2014/2014-1tokyo4.pdf,official_daily_result_pdf
201405010409,2014,東京,1,4,9,2014-02-17,https://www.jra.go.jp/datafile/seiseki/report/2014/2014-1tokyo4.pdf,official_daily_result_pdf
201405010410,2014,東京,1,4,10,2014-02-17,https://www.jra.go.jp/datafile/seiseki/report/2014/2014-1tokyo4.pdf,official_daily_result_pdf
201405010411,2014,東京,1,4,11,2014-02-17,https://www.jra.go.jp/datafile/seiseki/report/2014/2014-1tokyo4.pdf,official_daily_result_pdf
201405010412,2014,東京,1,4,12,2014-02-17,https://www.jra.go.jp/datafile/seiseki/report/2014/2014-1tokyo4.pdf,official_daily_result_pdf
201405010501,2014,東京,1,5,1,2014-02-18,https://www.jra.go.jp/datafile/seiseki/report/2014/2014-1tokyo5.pdf,official_daily_result_pdf
201405010502,2014,東京,1,5,2,2014-02-18,https://www.jra.go.jp/datafile/seiseki/report/2014/2014-1tokyo5.pdf,official_daily_result_pdf
201405010503,2014,東京,1,5,3,2014-02-18,https://www.jra.go.jp/datafile/seiseki/report/2014/2014-1tokyo5.pdf,official_daily_result_pdf
201405010504,2014,東京,1,5,4,2014-02-18,https://www.jra.go.jp/datafile/seiseki/report/2014/2014-1tokyo5.pdf,official_daily_result_pdf
201405010505,2014,東京,1,5,5,2014-02-18,https://www.jra.go.jp/datafile/seiseki/report/2014/2014-1tokyo5.pdf,official_daily_result_pdf
201405010506,2014,東京,1,5,6,2014-02-18,https://www.jra.go.jp/datafile/seiseki/report/2014/2014-1tokyo5.pdf,official_daily_result_pdf
201405010507,2014,東京,1,5,7,2014-02-18,https://www.jra.go.jp/datafile/seiseki/report/2014/2014-1tokyo5.pdf,official_daily_result_pdf
201405010509,2014,東京,1,5,9,2014-02-18,https://www.jra.go.jp/datafile/seiseki/report/2014/2014-1tokyo5.pdf,official_daily_result_pdf
201405010510,2014,東京,1,5,10,2014-02-18,https://www.jra.go.jp/datafile/seiseki/report/2014/2014-1tokyo5.pdf,official_daily_result_pdf
201405010511,2014,東京,1,5,11,2014-02-18,https://www.jra.go.jp/datafile/seiseki/report/2014/2014-1tokyo5.pdf,official_daily_result_pdf
201405010512,2014,東京,1,5,12,2014-02-18,https://www.jra.go.jp/datafile/seiseki/report/2014/2014-1tokyo5.pdf,official_daily_result_pdf
201405010601,2014,東京,1,6,1,2014-02-24,https://www.jra.go.jp/datafile/seiseki/report/2014/2014-1tokyo6.pdf,official_daily_result_pdf
201405010602,2014,東京,1,6,2,2014-02-24,https://www.jra.go.jp/datafile/seiseki/report/2014/2014-1tokyo6.pdf,official_daily_result_pdf
201405010603,2014,東京,1,6,3,2014-02-24,https://www.jra.go.jp/datafile/seiseki/report/2014/2014-1tokyo6.pdf,official_daily_result_pdf
201405010604,2014,東京,1,6,4,2014-02-24,https://www.jra.go.jp/datafile/seiseki/report/2014/2014-1tokyo6.pdf,official_daily_result_pdf
201405010605,2014,東京,1,6,5,2014-02-24,https://www.jra.go.jp/datafile/seiseki/report/2014/2014-1tokyo6.pdf,official_daily_result_pdf
201405010606,2014,東京,1,6,6,2014-02-24,https://www.jra.go.jp/datafile/seiseki/report/2014/2014-1tokyo6.pdf,official_daily_result_pdf
201405010607,2014,東京,1,6,7,2014-02-24,https://www.jra.go.jp/datafile/seiseki/report/2014/2014-1tokyo6.pdf,official_daily_result_pdf
201405010608,2014,東京,1,6,8,2014-02-24,https://www.jra.go.jp/datafile/seiseki/report/2014/2014-1tokyo6.pdf,official_daily_result_pdf
201405010609,2014,東京,1,6,9,2014-02-24,https://www.jra.go.jp/datafile/seiseki/report/2014/2014-1tokyo6.pdf,official_daily_result_pdf
201405010610,2014,東京,1,6,10,2014-02-24,https://www.jra.go.jp/datafile/seiseki/report/2014/2014-1tokyo6.pdf,official_daily_result_pdf
201405010611,2014,東京,1,6,11,2014-02-24,https://www.jra.go.jp/datafile/seiseki/report/2014/2014-1tokyo6.pdf,official_daily_result_pdf
201405010612,2014,東京,1,6,12,2014-02-24,https://www.jra.go.jp/datafile/seiseki/report/2014/2014-1tokyo6.pdf,official_daily_result_pdf
201405010701,2014,東京,1,7,1,2014-02-22,https://www.jra.go.jp/datafile/seiseki/report/2014/2014-1tokyo7.pdf,official_daily_result_pdf
201405010702,2014,東京,1,7,2,2014-02-22,https://www.jra.go.jp/datafile/seiseki/report/2014/2014-1tokyo7.pdf,official_daily_result_pdf
201405010703,2014,東京,1,7,3,2014-02-22,https://www.jra.go.jp/datafile/seiseki/report/2014/2014-1tokyo7.pdf,official_daily_result_pdf
201405010704,2014,東京,1,7,4,2014-02-22,https://www.jra.go.jp/datafile/seiseki/report/2014/2014-1tokyo7.pdf,official_daily_result_pdf
201405010705,2014,東京,1,7,5,2014-02-22,https://www.jra.go.jp/datafile/seiseki/report/2014/2014-1tokyo7.pdf,official_daily_result_pdf
201405010706,2014,東京,1,7,6,2014-02-22,https://www.jra.go.jp/datafile/seiseki/report/2014/2014-1tokyo7.pdf,official_daily_result_pdf
201405010707,2014,東京,1,7,7,2014-02-22,https://www.jra.go.jp/datafile/seiseki/report/2014/2014-1tokyo7.pdf,official_daily_result_pdf
201405010708,2014,東京,1,7,8,2014-02-22,https://www.jra.go.jp/datafile/seiseki/report/2014/2014-1tokyo7.pdf,official_daily_result_pdf
201405010709,2014,東京,1,7,9,2014-02-22,https://www.jra.go.jp/datafile/seiseki/report/2014/2014-1tokyo7.pdf,official_daily_result_pdf
201405010710,2014,東京,1,7,10,2014-02-22,https://www.jra.go.jp/datafile/seiseki/report/2014/2014-1tokyo7.pdf,official_daily_result_pdf
201405010711,2014,東京,1,7,11,2014-02-22,https://www.jra.go.jp/datafile/seiseki/report/2014/2014-1tokyo7.pdf,official_daily_result_pdf
201405010712,2014,東京,1,7,12,2014-02-22,https://www.jra.go.jp/datafile/seiseki/report/2014/2014-1tokyo7.pdf,official_daily_result_pdf
201405010801,2014,東京,1,8,1,2014-02-23,https://www.jra.go.jp/datafile/seiseki/report/2014/2014-1tokyo8.pdf,official_daily_result_pdf
201405010802,2014,東京,1,8,2,2014-02-23,https://www.jra.go.jp/datafile/seiseki/report/2014/2014-1tokyo8.pdf,official_daily_result_pdf
201405010803,2014,東京,1,8,3,2014-02-23,https://www.jra.go.jp/datafile/seiseki/report/2014/2014-1tokyo8.pdf,official_daily_result_pdf
201405010804,2014,東京,1,8,4,2014-02-23,https://www.jra.go.jp/datafile/seiseki/report/2014/2014-1tokyo8.pdf,official_daily_result_pdf
201405010805,2014,東京,1,8,5,2014-02-23,https://www.jra.go.jp/datafile/seiseki/report/2014/2014-1tokyo8.pdf,official_daily_result_pdf
201405010806,2014,東京,1,8,6,2014-02-23,https://www.jra.go.jp/datafile/seiseki/report/2014/2014-1tokyo8.pdf,official_daily_result_pdf
201405010807,2014,東京,1,8,7,2014-02-23,https://www.jra.go.jp/datafile/seiseki/report/2014/2014-1tokyo8.pdf,official_daily_result_pdf
201405010808,2014,東京,1,8,8,2014-02-23,https://www.jra.go.jp/datafile/seiseki/report/2014/2014-1tokyo8.pdf,official_daily_result_pdf
201405010809,2014,東京,1,8,9,2014-02-23,https://www.jra.go.jp/datafile/seiseki/report/2014/2014-1tokyo8.pdf,official_daily_result_pdf
201405010810,2014,東京,1,8,10,2014-02-23,https://www.jra.go.jp/datafile/seiseki/report/2014/2014-1tokyo8.pdf,official_daily_result_pdf
201405010811,2014,東京,1,8,11,2014-02-23,https://www.jra.go.jp/datafile/seiseki/report/2014/2014-1tokyo8.pdf,official_daily_result_pdf
201405010812,2014,東京,1,8,12,2014-02-23,https://www.jra.go.jp/datafile/seiseki/report/2014/2014-1tokyo8.pdf,official_daily_result_pdf
201405020101,2014,東京,2,1,1,2014-04-26,https://www.jra.go.jp/datafile/seiseki/report/2014/2014-2tokyo1.pdf,official_daily_result_pdf
201405020102,2014,東京,2,1,2,2014-04-26,https://www.jra.go.jp/datafile/seiseki/report/2014/2014-2tokyo1.pdf,official_daily_result_pdf
201405020103,2014,東京,2,1,3,2014-04-26,https://www.jra.go.jp/datafile/seiseki/report/2014/2014-2tokyo1.pdf,official_daily_result_pdf
201405020104,2014,東京,2,1,4,2014-04-26,https://www.jra.go.jp/datafile/seiseki/report/2014/2014-2tokyo1.pdf,official_daily_result_pdf
201405020105,2014,東京,2,1,5,2014-04-26,https://www.jra.go.jp/datafile/seiseki/report/2014/2014-2tokyo1.pdf,official_daily_result_pdf
201405020106,2014,東京,2,1,6,2014-04-26,https://www.jra.go.jp/datafile/seiseki/report/2014/2014-2tokyo1.pdf,official_daily_result_pdf
201405020107,2014,東京,2,1,7,2014-04-26,https://www.jra.go.jp/datafile/seiseki/report/2014/2014-2tokyo1.pdf,official_daily_result_pdf
201405020108,2014,東京,2,1,8,2014-04-26,https://www.jra.go.jp/datafile/seiseki/report/2014/2014-2tokyo1.pdf,official_daily_result_pdf
201405020109,2014,東京,2,1,9,2014-04-26,https://www.jra.go.jp/datafile/seiseki/report/2014/2014-2tokyo1.pdf,official_daily_result_pdf
201405020110,2014,東京,2,1,10,2014-04-26,https://www.jra.go.jp/datafile/seiseki/report/2014/2014-2tokyo1.pdf,official_daily_result_pdf
201405020111,2014,東京,2,1,11,2014-04-26,https://www.jra.go.jp/datafile/seiseki/report/2014/2014-2tokyo1.pdf,official_daily_result_pdf
201405020112,2014,東京,2,1,12,2014-04-26,https://www.jra.go.jp/datafile/seiseki/report/2014/2014-2tokyo1.pdf,official_daily_result_pdf
201405020201,2014,東京,2,2,1,2014-04-27,https://www.jra.go.jp/datafile/seiseki/report/2014/2014-2tokyo2.pdf,official_daily_result_pdf
201405020202,2014,東京,2,2,2,2014-04-27,https://www.jra.go.jp/datafile/seiseki/report/2014/2014-2tokyo2.pdf,official_daily_result_pdf
201405020203,2014,東京,2,2,3,2014-04-27,https://www.jra.go.jp/datafile/seiseki/report/2014/2014-2tokyo2.pdf,official_daily_result_pdf
201405020204,2014,東京,2,2,4,2014-04-27,https://www.jra.go.jp/datafile/seiseki/report/2014/2014-2tokyo2.pdf,official_daily_result_pdf
201405020205,2014,東京,2,2,5,2014-04-27,https://www.jra.go.jp/datafile/seiseki/report/2014/2014-2tokyo2.pdf,official_daily_result_pdf
201405020206,2014,東京,2,2,6,2014-04-27,https://www.jra.go.jp/datafile/seiseki/report/2014/2014-2tokyo2.pdf,official_daily_result_pdf
201405020207,2014,東京,2,2,7,2014-04-27,https://www.jra.go.jp/datafile/seiseki/report/2014/2014-2tokyo2.pdf,official_daily_result_pdf
201405020208,2014,東京,2,2,8,2014-04-27,https://www.jra.go.jp/datafile/seiseki/report/2014/2014-2tokyo2.pdf,official_daily_result_pdf
201405020209,2014,東京,2,2,9,2014-04-27,https://www.jra.go.jp/datafile/seiseki/report/2014/2014-2tokyo2.pdf,official_daily_result_pdf
201405020210,2014,東京,2,2,10,2014-04-27,https://www.jra.go.jp/datafile/seiseki/report/2014/2014-2tokyo2.pdf,official_daily_result_pdf
201405020211,2014,東京,2,2,11,2014-04-27,https://www.jra.go.jp/datafile/seiseki/report/2014/2014-2tokyo2.pdf,official_daily_result_pdf
201405020212,2014,東京,2,2,12,2014-04-27,https://www.jra.go.jp/datafile/seiseki/report/2014/2014-2tokyo2.pdf,official_daily_result_pdf
201405020301,2014,東京,2,3,1,2014-05-03,https://www.jra.go.jp/datafile/seiseki/report/2014/2014-2tokyo3.pdf,official_daily_result_pdf
201405020302,2014,東京,2,3,2,2014-05-03,https://www.jra.go.jp/datafile/seiseki/report/2014/2014-2tokyo3.pdf,official_daily_result_pdf
201405020303,2014,東京,2,3,3,2014-05-03,https://www.jra.go.jp/datafile/seiseki/report/2014/2014-2tokyo3.pdf,official_daily_result_pdf
201405020304,2014,東京,2,3,4,2014-05-03,https://www.jra.go.jp/datafile/seiseki/report/2014/2014-2tokyo3.pdf,official_daily_result_pdf
201405020305,2014,東京,2,3,5,2014-05-03,https://www.jra.go.jp/datafile/seiseki/report/2014/2014-2tokyo3.pdf,official_daily_result_pdf
201405020306,2014,東京,2,3,6,2014-05-03,https://www.jra.go.jp/datafile/seiseki/report/2014/2014-2tokyo3.pdf,official_daily_result_pdf
201405020307,2014,東京,2,3,7,2014-05-03,https://www.jra.go.jp/datafile/seiseki/report/2014/2014-2tokyo3.pdf,official_daily_result_pdf
201405020308,2014,東京,2,3,8,2014-05-03,https://www.jra.go.jp/datafile/seiseki/report/2014/2014-2tokyo3.pdf,official_daily_result_pdf
201405020309,2014,東京,2,3,9,2014-05-03,https://www.jra.go.jp/datafile/seiseki/report/2014/2014-2tokyo3.pdf,official_daily_result_pdf
201405020310,2014,東京,2,3,10,2014-05-03,https://www.jra.go.jp/datafile/seiseki/report/2014/2014-2tokyo3.pdf,official_daily_result_pdf
201405020311,2014,東京,2,3,11,2014-05-03,https://www.jra.go.jp/datafile/seiseki/report/2014/2014-2tokyo3.pdf,official_daily_result_pdf
201405020312,2014,東京,2,3,12,2014-05-03,https://www.jra.go.jp/datafile/seiseki/report/2014/2014-2tokyo3.pdf,official_daily_result_pdf
201405020401,2014,東京,2,4,1,2014-05-04,https://www.jra.go.jp/datafile/seiseki/report/2014/2014-2tokyo4.pdf,official_daily_result_pdf
201405020402,2014,東京,2,4,2,2014-05-04,https://www.jra.go.jp/datafile/seiseki/report/2014/2014-2tokyo4.pdf,official_daily_result_pdf
201405020403,2014,東京,2,4,3,2014-05-04,https://www.jra.go.jp/datafile/seiseki/report/2014/2014-2tokyo4.pdf,official_daily_result_pdf
201405020404,2014,東京,2,4,4,2014-05-04,https://www.jra.go.jp/datafile/seiseki/report/2014/2014-2tokyo4.pdf,official_daily_result_pdf
201405020405,2014,東京,2,4,5,2014-05-04,https://www.jra.go.jp/datafile/seiseki/report/2014/2014-2tokyo4.pdf,official_daily_result_pdf
201405020406,2014,東京,2,4,6,2014-05-04,https://www.jra.go.jp/datafile/seiseki/report/2014/2014-2tokyo4.pdf,official_daily_result_pdf
201405020407,2014,東京,2,4,7,2014-05-04,https://www.jra.go.jp/datafile/seiseki/report/2014/2014-2tokyo4.pdf,official_daily_result_pdf
201405020408,2014,東京,2,4,8,2014-05-04,https://www.jra.go.jp/datafile/seiseki/report/2014/2014-2tokyo4.pdf,official_daily_result_pdf
201405020409,2014,東京,2,4,9,2014-05-04,https://www.jra.go.jp/datafile/seiseki/report/2014/2014-2tokyo4.pdf,official_daily_result_pdf
201405020410,2014,東京,2,4,10,2014-05-04,https://www.jra.go.jp/datafile/seiseki/report/2014/2014-2tokyo4.pdf,official_daily_result_pdf
201405020411,2014,東京,2,4,11,2014-05-04,https://www.jra.go.jp/datafile/seiseki/report/2014/2014-2tokyo4.pdf,official_daily_result_pdf
201405020412,2014,東京,2,4,12,2014-05-04,https://www.jra.go.jp/datafile/seiseki/report/2014/2014-2tokyo4.pdf,official_daily_result_pdf
201405020501,2014,東京,2,5,1,2014-05-10,https://www.jra.go.jp/datafile/seiseki/report/2014/2014-2tokyo5.pdf,official_daily_result_pdf
201405020502,2014,東京,2,5,2,2014-05-10,https://www.jra.go.jp/datafile/seiseki/report/2014/2014-2tokyo5.pdf,official_daily_result_pdf
201405020503,2014,東京,2,5,3,2014-05-10,https://www.jra.go.jp/datafile/seiseki/report/2014/2014-2tokyo5.pdf,official_daily_result_pdf
201405020504,2014,東京,2,5,4,2014-05-10,https://www.jra.go.jp/datafile/seiseki/report/2014/2014-2tokyo5.pdf,official_daily_result_pdf
201405020505,2014,東京,2,5,5,2014-05-10,https://www.jra.go.jp/datafile/seiseki/report/2014/2014-2tokyo5.pdf,official_daily_result_pdf
201405020506,2014,東京,2,5,6,2014-05-10,https://www.jra.go.jp/datafile/seiseki/report/2014/2014-2tokyo5.pdf,official_daily_result_pdf
201405020507,2014,東京,2,5,7,2014-05-10,https://www.jra.go.jp/datafile/seiseki/report/2014/2014-2tokyo5.pdf,official_daily_result_pdf
201405020508,2014,東京,2,5,8,2014-05-10,https://www.jra.go.jp/datafile/seiseki/report/2014/2014-2tokyo5.pdf,official_daily_result_pdf
201405020509,2014,東京,2,5,9,2014-05-10,https://www.jra.go.jp/datafile/seiseki/report/2014/2014-2tokyo5.pdf,official_daily_result_pdf
201405020510,2014,東京,2,5,10,2014-05-10,https://www.jra.go.jp/datafile/seiseki/report/2014/2014-2tokyo5.pdf,official_daily_result_pdf
201405020511,2014,東京,2,5,11,2014-05-10,https://www.jra.go.jp/datafile/seiseki/report/2014/2014-2tokyo5.pdf,official_daily_result_pdf
201405020512,2014,東京,2,5,12,2014-05-10,https://www.jra.go.jp/datafile/seiseki/report/2014/2014-2tokyo5.pdf,official_daily_result_pdf
201405020601,2014,東京,2,6,1,2014-05-11,https://www.jra.go.jp/datafile/seiseki/report/2014/2014-2tokyo6.pdf,official_daily_result_pdf
201405020602,2014,東京,2,6,2,2014-05-11,https://www.jra.go.jp/datafile/seiseki/report/2014/2014-2tokyo6.pdf,official_daily_result_pdf
201405020603,2014,東京,2,6,3,2014-05-11,https://www.jra.go.jp/datafile/seiseki/report/2014/2014-2tokyo6.pdf,official_daily_result_pdf
201405020604,2014,東京,2,6,4,2014-05-11,https://www.jra.go.jp/datafile/seiseki/report/2014/2014-2tokyo6.pdf,official_daily_result_pdf
201405020605,2014,東京,2,6,5,2014-05-11,https://www.jra.go.jp/datafile/seiseki/report/2014/2014-2tokyo6.pdf,official_daily_result_pdf
201405020606,2014,東京,2,6,6,2014-05-11,https://www.jra.go.jp/datafile/seiseki/report/2014/2014-2tokyo6.pdf,official_daily_result_pdf
201405020607,2014,東京,2,6,7,2014-05-11,https://www.jra.go.jp/datafile/seiseki/report/2014/2014-2tokyo6.pdf,official_daily_result_pdf
201405020608,2014,東京,2,6,8,2014-05-11,https://www.jra.go.jp/datafile/seiseki/report/2014/2014-2tokyo6.pdf,official_daily_result_pdf
201405020609,2014,東京,2,6,9,2014-05-11,https://www.jra.go.jp/datafile/seiseki/report/2014/2014-2tokyo6.pdf,official_daily_result_pdf
201405020610,2014,東京,2,6,10,2014-05-11,https://www.jra.go.jp/datafile/seiseki/report/2014/2014-2tokyo6.pdf,official_daily_result_pdf
201405020611,2014,東京,2,6,11,2014-05-11,https://www.jra.go.jp/datafile/seiseki/report/2014/2014-2tokyo6.pdf,official_daily_result_pdf
201405020612,2014,東京,2,6,12,2014-05-11,https://www.jra.go.jp/datafile/seiseki/report/2014/2014-2tokyo6.pdf,official_daily_result_pdf
201405020701,2014,東京,2,7,1,2014-05-17,https://www.jra.go.jp/datafile/seiseki/report/2014/2014-2tokyo7.pdf,official_daily_result_pdf
201405020702,2014,東京,2,7,2,2014-05-17,https://www.jra.go.jp/datafile/seiseki/report/2014/2014-2tokyo7.pdf,official_daily_result_pdf
201405020703,2014,東京,2,7,3,2014-05-17,https://www.jra.go.jp/datafile/seiseki/report/2014/2014-2tokyo7.pdf,official_daily_result_pdf
201405020704,2014,東京,2,7,4,2014-05-17,https://www.jra.go.jp/datafile/seiseki/report/2014/2014-2tokyo7.pdf,official_daily_result_pdf
201405020705,2014,東京,2,7,5,2014-05-17,https://www.jra.go.jp/datafile/seiseki/report/2014/2014-2tokyo7.pdf,official_daily_result_pdf
201405020706,2014,東京,2,7,6,2014-05-17,https://www.jra.go.jp/datafile/seiseki/report/2014/2014-2tokyo7.pdf,official_daily_result_pdf
201405020707,2014,東京,2,7,7,2014-05-17,https://www.jra.go.jp/datafile/seiseki/report/2014/2014-2tokyo7.pdf,official_daily_result_pdf
201405020708,2014,東京,2,7,8,2014-05-17,https://www.jra.go.jp/datafile/seiseki/report/2014/2014-2tokyo7.pdf,official_daily_result_pdf
201405020709,2014,東京,2,7,9,2014-05-17,https://www.jra.go.jp/datafile/seiseki/report/2014/2014-2tokyo7.pdf,official_daily_result_pdf
201405020710,2014,東京,2,7,10,2014-05-17,https://www.jra.go.jp/datafile/seiseki/report/2014/2014-2tokyo7.pdf,official_daily_result_pdf
201405020711,2014,東京,2,7,11,2014-05-17,https://www.jra.go.jp/datafile/seiseki/report/2014/2014-2tokyo7.pdf,official_daily_result_pdf
201405020712,2014,東京,2,7,12,2014-05-17,https://www.jra.go.jp/datafile/seiseki/report/2014/2014-2tokyo7.pdf,official_daily_result_pdf
201405020801,2014,東京,2,8,1,2014-05-18,https://www.jra.go.jp/datafile/seiseki/report/2014/2014-2tokyo8.pdf,official_daily_result_pdf
201405020802,2014,東京,2,8,2,2014-05-18,https://www.jra.go.jp/datafile/seiseki/report/2014/2014-2tokyo8.pdf,official_daily_result_pdf
201405020803,2014,東京,2,8,3,2014-05-18,https://www.jra.go.jp/datafile/seiseki/report/2014/2014-2tokyo8.pdf,official_daily_result_pdf
201405020804,2014,東京,2,8,4,2014-05-18,https://www.jra.go.jp/datafile/seiseki/report/2014/2014-2tokyo8.pdf,official_daily_result_pdf
201405020805,2014,東京,2,8,5,2014-05-18,https://www.jra.go.jp/datafile/seiseki/report/2014/2014-2tokyo8.pdf,official_daily_result_pdf
201405020806,2014,東京,2,8,6,2014-05-18,https://www.jra.go.jp/datafile/seiseki/report/2014/2014-2tokyo8.pdf,official_daily_result_pdf
201405020807,2014,東京,2,8,7,2014-05-18,https://www.jra.go.jp/datafile/seiseki/report/2014/2014-2tokyo8.pdf,official_daily_result_pdf
201405020808,2014,東京,2,8,8,2014-05-18,https://www.jra.go.jp/datafile/seiseki/report/2014/2014-2tokyo8.pdf,official_daily_result_pdf
201405020809,2014,東京,2,8,9,2014-05-18,https://www.jra.go.jp/datafile/seiseki/report/2014/2014-2tokyo8.pdf,official_daily_result_pdf
201405020810,2014,東京,2,8,10,2014-05-18,https://www.jra.go.jp/datafile/seiseki/report/2014/2014-2tokyo8.pdf,official_daily_result_pdf
201405020811,2014,東京,2,8,11,2014-05-18,https://www.jra.go.jp/datafile/seiseki/report/2014/2014-2tokyo8.pdf,official_daily_result_pdf
201405020812,2014,東京,2,8,12,2014-05-18,https://www.jra.go.jp/datafile/seiseki/report/2014/2014-2tokyo8.pdf,official_daily_result_pdf
201405020901,2014,東京,2,9,1,2014-05-24,https://www.jra.go.jp/datafile/seiseki/report/2014/2014-2tokyo9.pdf,official_daily_result_pdf
201405020902,2014,東京,2,9,2,2014-05-24,https://www.jra.go.jp/datafile/seiseki/report/2014/2014-2tokyo9.pdf,official_daily_result_pdf
201405020903,2014,東京,2,9,3,2014-05-24,https://www.jra.go.jp/datafile/seiseki/report/2014/2014-2tokyo9.pdf,official_daily_result_pdf
201405020904,2014,東京,2,9,4,2014-05-24,https://www.jra.go.jp/datafile/seiseki/report/2014/2014-2tokyo9.pdf,official_daily_result_pdf
201405020905,2014,東京,2,9,5,2014-05-24,https://www.jra.go.jp/datafile/seiseki/report/2014/2014-2tokyo9.pdf,official_daily_result_pdf
201405020906,2014,東京,2,9,6,2014-05-24,https://www.jra.go.jp/datafile/seiseki/report/2014/2014-2tokyo9.pdf,official_daily_result_pdf
201405020907,2014,東京,2,9,7,2014-05-24,https://www.jra.go.jp/datafile/seiseki/report/2014/2014-2tokyo9.pdf,official_daily_result_pdf
201405020908,2014,東京,2,9,8,2014-05-24,https://www.jra.go.jp/datafile/seiseki/report/2014/2014-2tokyo9.pdf,official_daily_result_pdf
201405020909,2014,東京,2,9,9,2014-05-24,https://www.jra.go.jp/datafile/seiseki/report/2014/2014-2tokyo9.pdf,official_daily_result_pdf
201405020910,2014,東京,2,9,10,2014-05-24,https://www.jra.go.jp/datafile/seiseki/report/2014/2014-2tokyo9.pdf,official_daily_result_pdf
201405020911,2014,東京,2,9,11,2014-05-24,https://www.jra.go.jp/datafile/seiseki/report/2014/2014-2tokyo9.pdf,official_daily_result_pdf
201405020912,2014,東京,2,9,12,2014-05-24,https://www.jra.go.jp/datafile/seiseki/report/2014/2014-2tokyo9.pdf,official_daily_result_pdf
201405021001,2014,東京,2,10,1,2014-05-25,https://www.jra.go.jp/datafile/seiseki/report/2014/2014-2tokyo10.pdf,official_daily_result_pdf
201405021002,2014,東京,2,10,2,2014-05-25,https://www.jra.go.jp/datafile/seiseki/report/2014/2014-2tokyo10.pdf,official_daily_result_pdf
201405021003,2014,東京,2,10,3,2014-05-25,https://www.jra.go.jp/datafile/seiseki/report/2014/2014-2tokyo10.pdf,official_daily_result_pdf
201405021004,2014,東京,2,10,4,2014-05-25,https://www.jra.go.jp/datafile/seiseki/report/2014/2014-2tokyo10.pdf,official_daily_result_pdf
201405021005,2014,東京,2,10,5,2014-05-25,https://www.jra.go.jp/datafile/seiseki/report/2014/2014-2tokyo10.pdf,official_daily_result_pdf
201405021006,2014,東京,2,10,6,2014-05-25,https://www.jra.go.jp/datafile/seiseki/report/2014/2014-2tokyo10.pdf,official_daily_result_pdf
201405021007,2014,東京,2,10,7,2014-05-25,https://www.jra.go.jp/datafile/seiseki/report/2014/2014-2tokyo10.pdf,official_daily_result_pdf
201405021008,2014,東京,2,10,8,2014-05-25,https://www.jra.go.jp/datafile/seiseki/report/2014/2014-2tokyo10.pdf,official_daily_result_pdf
201405021009,2014,東京,2,10,9,2014-05-25,https://www.jra.go.jp/datafile/seiseki/report/2014/2014-2tokyo10.pdf,official_daily_result_pdf
201405021010,2014,東京,2,10,10,2014-05-25,https://www.jra.go.jp/datafile/seiseki/report/2014/2014-2tokyo10.pdf,official_daily_result_pdf
201405021011,2014,東京,2,10,11,2014-05-25,https://www.jra.go.jp/datafile/seiseki/report/2014/2014-2tokyo10.pdf,official_daily_result_pdf
201405021012,2014,東京,2,10,12,2014-05-25,https://www.jra.go.jp/datafile/seiseki/report/2014/2014-2tokyo10.pdf,official_daily_result_pdf
201405021101,2014,東京,2,11,1,2014-05-31,https://www.jra.go.jp/datafile/seiseki/report/2014/2014-2tokyo11.pdf,official_daily_result_pdf
201405021102,2014,東京,2,11,2,2014-05-31,https://www.jra.go.jp/datafile/seiseki/report/2014/2014-2tokyo11.pdf,official_daily_result_pdf
201405021103,2014,東京,2,11,3,2014-05-31,https://www.jra.go.jp/datafile/seiseki/report/2014/2014-2tokyo11.pdf,official_daily_result_pdf
201405021104,2014,東京,2,11,4,2014-05-31,https://www.jra.go.jp/datafile/seiseki/report/2014/2014-2tokyo11.pdf,official_daily_result_pdf
201405021105,2014,東京,2,11,5,2014-05-31,https://www.jra.go.jp/datafile/seiseki/report/2014/2014-2tokyo11.pdf,official_daily_result_pdf
201405021106,2014,東京,2,11,6,2014-05-31,https://www.jra.go.jp/datafile/seiseki/report/2014/2014-2tokyo11.pdf,official_daily_result_pdf
201405021107,2014,東京,2,11,7,2014-05-31,https://www.jra.go.jp/datafile/seiseki/report/2014/2014-2tokyo11.pdf,official_daily_result_pdf
201405021108,2014,東京,2,11,8,2014-05-31,https://www.jra.go.jp/datafile/seiseki/report/2014/2014-2tokyo11.pdf,official_daily_result_pdf
201405021109,2014,東京,2,11,9,2014-05-31,https://www.jra.go.jp/datafile/seiseki/report/2014/2014-2tokyo11.pdf,official_daily_result_pdf
201405021110,2014,東京,2,11,10,2014-05-31,https://www.jra.go.jp/datafile/seiseki/report/2014/2014-2tokyo11.pdf,official_daily_result_pdf
201405021111,2014,東京,2,11,11,2014-05-31,https://www.jra.go.jp/datafile/seiseki/report/2014/2014-2tokyo11.pdf,official_daily_result_pdf
201405021112,2014,東京,2,11,12,2014-05-31,https://www.jra.go.jp/datafile/seiseki/report/2014/2014-2tokyo11.pdf,official_daily_result_pdf
201405021201,2014,東京,2,12,1,2014-06-01,https://www.jra.go.jp/datafile/seiseki/report/2014/2014-2tokyo12.pdf,official_daily_result_pdf
201405021202,2014,東京,2,12,2,2014-06-01,https://www.jra.go.jp/datafile/seiseki/report/2014/2014-2tokyo12.pdf,official_daily_result_pdf
201405021203,2014,東京,2,12,3,2014-06-01,https://www.jra.go.jp/datafile/seiseki/report/2014/2014-2tokyo12.pdf,official_daily_result_pdf
201405021204,2014,東京,2,12,4,2014-06-01,https://www.jra.go.jp/datafile/seiseki/report/2014/2014-2tokyo12.pdf,official_daily_result_pdf
201405021205,2014,東京,2,12,5,2014-06-01,https://www.jra.go.jp/datafile/seiseki/report/2014/2014-2tokyo12.pdf,official_daily_result_pdf
201405021206,2014,東京,2,12,6,2014-06-01,https://www.jra.go.jp/datafile/seiseki/report/2014/2014-2tokyo12.pdf,official_daily_result_pdf
201405021207,2014,東京,2,12,7,2014-06-01,https://www.jra.go.jp/datafile/seiseki/report/2014/2014-2tokyo12.pdf,official_daily_result_pdf
201405021208,2014,東京,2,12,8,2014-06-01,https://www.jra.go.jp/datafile/seiseki/report/2014/2014-2tokyo12.pdf,official_daily_result_pdf
201405021209,2014,東京,2,12,9,2014-06-01,https://www.jra.go.jp/datafile/seiseki/report/2014/2014-2tokyo12.pdf,official_daily_result_pdf
201405021210,2014,東京,2,12,10,2014-06-01,https://www.jra.go.jp/datafile/seiseki/report/2014/2014-2tokyo12.pdf,official_daily_result_pdf
201405021211,2014,東京,2,12,11,2014-06-01,https://www.jra.go.jp/datafile/seiseki/report/2014/2014-2tokyo12.pdf,official_daily_result_pdf
201405021212,2014,東京,2,12,12,2014-06-01,https://www.jra.go.jp/datafile/seiseki/report/2014/2014-2tokyo12.pdf,official_daily_result_pdf
201405030101,2014,東京,3,1,1,2014-06-07,https://www.jra.go.jp/datafile/seiseki/report/2014/2014-3tokyo1.pdf,official_daily_result_pdf
201405030102,2014,東京,3,1,2,2014-06-07,https://www.jra.go.jp/datafile/seiseki/report/2014/2014-3tokyo1.pdf,official_daily_result_pdf
201405030103,2014,東京,3,1,3,2014-06-07,https://www.jra.go.jp/datafile/seiseki/report/2014/2014-3tokyo1.pdf,official_daily_result_pdf
201405030104,2014,東京,3,1,4,2014-06-07,https://www.jra.go.jp/datafile/seiseki/report/2014/2014-3tokyo1.pdf,official_daily_result_pdf
201405030105,2014,東京,3,1,5,2014-06-07,https://www.jra.go.jp/datafile/seiseki/report/2014/2014-3tokyo1.pdf,official_daily_result_pdf
201405030106,2014,東京,3,1,6,2014-06-07,https://www.jra.go.jp/datafile/seiseki/report/2014/2014-3tokyo1.pdf,official_daily_result_pdf
201405030107,2014,東京,3,1,7,2014-06-07,https://www.jra.go.jp/datafile/seiseki/report/2014/2014-3tokyo1.pdf,official_daily_result_pdf
201405030108,2014,東京,3,1,8,2014-06-07,https://www.jra.go.jp/datafile/seiseki/report/2014/2014-3tokyo1.pdf,official_daily_result_pdf
201405030109,2014,東京,3,1,9,2014-06-07,https://www.jra.go.jp/datafile/seiseki/report/2014/2014-3tokyo1.pdf,official_daily_result_pdf
201405030110,2014,東京,3,1,10,2014-06-07,https://www.jra.go.jp/datafile/seiseki/report/2014/2014-3tokyo1.pdf,official_daily_result_pdf
201405030111,2014,東京,3,1,11,2014-06-07,https://www.jra.go.jp/datafile/seiseki/report/2014/2014-3tokyo1.pdf,official_daily_result_pdf
201405030112,2014,東京,3,1,12,2014-06-07,https://www.jra.go.jp/datafile/seiseki/report/2014/2014-3tokyo1.pdf,official_daily_result_pdf
201405030201,2014,東京,3,2,1,2014-06-08,https://www.jra.go.jp/datafile/seiseki/report/2014/2014-3tokyo2.pdf,official_daily_result_pdf
201405030202,2014,東京,3,2,2,2014-06-08,https://www.jra.go.jp/datafile/seiseki/report/2014/2014-3tokyo2.pdf,official_daily_result_pdf
201405030203,2014,東京,3,2,3,2014-06-08,https://www.jra.go.jp/datafile/seiseki/report/2014/2014-3tokyo2.pdf,official_daily_result_pdf
201405030204,2014,東京,3,2,4,2014-06-08,https://www.jra.go.jp/datafile/seiseki/report/2014/2014-3tokyo2.pdf,official_daily_result_pdf
201405030205,2014,東京,3,2,5,2014-06-08,https://www.jra.go.jp/datafile/seiseki/report/2014/2014-3tokyo2.pdf,official_daily_result_pdf
201405030206,2014,東京,3,2,6,2014-06-08,https://www.jra.go.jp/datafile/seiseki/report/2014/2014-3tokyo2.pdf,official_daily_result_pdf
201405030207,2014,東京,3,2,7,2014-06-08,https://www.jra.go.jp/datafile/seiseki/report/2014/2014-3tokyo2.pdf,official_daily_result_pdf
201405030208,2014,東京,3,2,8,2014-06-08,https://www.jra.go.jp/datafile/seiseki/report/2014/2014-3tokyo2.pdf,official_daily_result_pdf
201405030209,2014,東京,3,2,9,2014-06-08,https://www.jra.go.jp/datafile/seiseki/report/2014/2014-3tokyo2.pdf,official_daily_result_pdf
201405030210,2014,東京,3,2,10,2014-06-08,https://www.jra.go.jp/datafile/seiseki/report/2014/2014-3tokyo2.pdf,official_daily_result_pdf
201405030211,2014,東京,3,2,11,2014-06-08,https://www.jra.go.jp/datafile/seiseki/report/2014/2014-3tokyo2.pdf,official_daily_result_pdf
201405030212,2014,東京,3,2,12,2014-06-08,https://www.jra.go.jp/datafile/seiseki/report/2014/2014-3tokyo2.pdf,official_daily_result_pdf
201405030301,2014,東京,3,3,1,2014-06-14,https://www.jra.go.jp/datafile/seiseki/report/2014/2014-3tokyo3.pdf,official_daily_result_pdf
201405030302,2014,東京,3,3,2,2014-06-14,https://www.jra.go.jp/datafile/seiseki/report/2014/2014-3tokyo3.pdf,official_daily_result_pdf
201405030303,2014,東京,3,3,3,2014-06-14,https://www.jra.go.jp/datafile/seiseki/report/2014/2014-3tokyo3.pdf,official_daily_result_pdf
201405030304,2014,東京,3,3,4,2014-06-14,https://www.jra.go.jp/datafile/seiseki/report/2014/2014-3tokyo3.pdf,official_daily_result_pdf
201405030305,2014,東京,3,3,5,2014-06-14,https://www.jra.go.jp/datafile/seiseki/report/2014/2014-3tokyo3.pdf,official_daily_result_pdf
201405030306,2014,東京,3,3,6,2014-06-14,https://www.jra.go.jp/datafile/seiseki/report/2014/2014-3tokyo3.pdf,official_daily_result_pdf
201405030307,2014,東京,3,3,7,2014-06-14,https://www.jra.go.jp/datafile/seiseki/report/2014/2014-3tokyo3.pdf,official_daily_result_pdf
201405030308,2014,東京,3,3,8,2014-06-14,https://www.jra.go.jp/datafile/seiseki/report/2014/2014-3tokyo3.pdf,official_daily_result_pdf
201405030309,2014,東京,3,3,9,2014-06-14,https://www.jra.go.jp/datafile/seiseki/report/2014/2014-3tokyo3.pdf,official_daily_result_pdf
201405030310,2014,東京,3,3,10,2014-06-14,https://www.jra.go.jp/datafile/seiseki/report/2014/2014-3tokyo3.pdf,official_daily_result_pdf
201405030311,2014,東京,3,3,11,2014-06-14,https://www.jra.go.jp/datafile/seiseki/report/2014/2014-3tokyo3.pdf,official_daily_result_pdf
201405030312,2014,東京,3,3,12,2014-06-14,https://www.jra.go.jp/datafile/seiseki/report/2014/2014-3tokyo3.pdf,official_daily_result_pdf
201405030401,2014,東京,3,4,1,2014-06-15,https://www.jra.go.jp/datafile/seiseki/report/2014/2014-3tokyo4.pdf,official_daily_result_pdf
201405030402,2014,東京,3,4,2,2014-06-15,https://www.jra.go.jp/datafile/seiseki/report/2014/2014-3tokyo4.pdf,official_daily_result_pdf
201405030403,2014,東京,3,4,3,2014-06-15,https://www.jra.go.jp/datafile/seiseki/report/2014/2014-3tokyo4.pdf,official_daily_result_pdf
201405030404,2014,東京,3,4,4,2014-06-15,https://www.jra.go.jp/datafile/seiseki/report/2014/2014-3tokyo4.pdf,official_daily_result_pdf
201405030405,2014,東京,3,4,5,2014-06-15,https://www.jra.go.jp/datafile/seiseki/report/2014/2014-3tokyo4.pdf,official_daily_result_pdf
201405030406,2014,東京,3,4,6,2014-06-15,https://www.jra.go.jp/datafile/seiseki/report/2014/2014-3tokyo4.pdf,official_daily_result_pdf
201405030407,2014,東京,3,4,7,2014-06-15,https://www.jra.go.jp/datafile/seiseki/report/2014/2014-3tokyo4.pdf,official_daily_result_pdf
201405030408,2014,東京,3,4,8,2014-06-15,https://www.jra.go.jp/datafile/seiseki/report/2014/2014-3tokyo4.pdf,official_daily_result_pdf
201405030409,2014,東京,3,4,9,2014-06-15,https://www.jra.go.jp/datafile/seiseki/report/2014/2014-3tokyo4.pdf,official_daily_result_pdf
201405030410,2014,東京,3,4,10,2014-06-15,https://www.jra.go.jp/datafile/seiseki/report/2014/2014-3tokyo4.pdf,official_daily_result_pdf
201405030411,2014,東京,3,4,11,2014-06-15,https://www.jra.go.jp/datafile/seiseki/report/2014/2014-3tokyo4.pdf,official_daily_result_pdf
201405030412,2014,東京,3,4,12,2014-06-15,https://www.jra.go.jp/datafile/seiseki/report/2014/2014-3tokyo4.pdf,official_daily_result_pdf
201405030501,2014,東京,3,5,1,2014-06-21,https://www.jra.go.jp/datafile/seiseki/report/2014/2014-3tokyo5.pdf,official_daily_result_pdf
201405030502,2014,東京,3,5,2,2014-06-21,https://www.jra.go.jp/datafile/seiseki/report/2014/2014-3tokyo5.pdf,official_daily_result_pdf
201405030503,2014,東京,3,5,3,2014-06-21,https://www.jra.go.jp/datafile/seiseki/report/2014/2014-3tokyo5.pdf,official_daily_result_pdf
201405030504,2014,東京,3,5,4,2014-06-21,https://www.jra.go.jp/datafile/seiseki/report/2014/2014-3tokyo5.pdf,official_daily_result_pdf
201405030505,2014,東京,3,5,5,2014-06-21,https://www.jra.go.jp/datafile/seiseki/report/2014/2014-3tokyo5.pdf,official_daily_result_pdf
201405030506,2014,東京,3,5,6,2014-06-21,https://www.jra.go.jp/datafile/seiseki/report/2014/2014-3tokyo5.pdf,official_daily_result_pdf
201405030507,2014,東京,3,5,7,2014-06-21,https://www.jra.go.jp/datafile/seiseki/report/2014/2014-3tokyo5.pdf,official_daily_result_pdf
201405030508,2014,東京,3,5,8,2014-06-21,https://www.jra.go.jp/datafile/seiseki/report/2014/2014-3tokyo5.pdf,official_daily_result_pdf
201405030509,2014,東京,3,5,9,2014-06-21,https://www.jra.go.jp/datafile/seiseki/report/2014/2014-3tokyo5.pdf,official_daily_result_pdf
201405030510,2014,東京,3,5,10,2014-06-21,https://www.jra.go.jp/datafile/seiseki/report/2014/2014-3tokyo5.pdf,official_daily_result_pdf
201405030511,2014,東京,3,5,11,2014-06-21,https://www.jra.go.jp/datafile/seiseki/report/2014/2014-3tokyo5.pdf,official_daily_result_pdf
201405030512,2014,東京,3,5,12,2014-06-21,https://www.jra.go.jp/datafile/seiseki/report/2014/2014-3tokyo5.pdf,official_daily_result_pdf
201405030601,2014,東京,3,6,1,2014-06-22,https://www.jra.go.jp/datafile/seiseki/report/2014/2014-3tokyo6.pdf,official_daily_result_pdf
201405030602,2014,東京,3,6,2,2014-06-22,https://www.jra.go.jp/datafile/seiseki/report/2014/2014-3tokyo6.pdf,official_daily_result_pdf
201405030603,2014,東京,3,6,3,2014-06-22,https://www.jra.go.jp/datafile/seiseki/report/2014/2014-3tokyo6.pdf,official_daily_result_pdf
201405030604,2014,東京,3,6,4,2014-06-22,https://www.jra.go.jp/datafile/seiseki/report/2014/2014-3tokyo6.pdf,official_daily_result_pdf
201405030605,2014,東京,3,6,5,2014-06-22,https://www.jra.go.jp/datafile/seiseki/report/2014/2014-3tokyo6.pdf,official_daily_result_pdf
201405030606,2014,東京,3,6,6,2014-06-22,https://www.jra.go.jp/datafile/seiseki/report/2014/2014-3tokyo6.pdf,official_daily_result_pdf
201405030607,2014,東京,3,6,7,2014-06-22,https://www.jra.go.jp/datafile/seiseki/report/2014/2014-3tokyo6.pdf,official_daily_result_pdf
201405030608,2014,東京,3,6,8,2014-06-22,https://www.jra.go.jp/datafile/seiseki/report/2014/2014-3tokyo6.pdf,official_daily_result_pdf
201405030609,2014,東京,3,6,9,2014-06-22,https://www.jra.go.jp/datafile/seiseki/report/2014/2014-3tokyo6.pdf,official_daily_result_pdf
201405030610,2014,東京,3,6,10,2014-06-22,https://www.jra.go.jp/datafile/seiseki/report/2014/2014-3tokyo6.pdf,official_daily_result_pdf
201405030611,2014,東京,3,6,11,2014-06-22,https://www.jra.go.jp/datafile/seiseki/report/2014/2014-3tokyo6.pdf,official_daily_result_pdf
201405030612,2014,東京,3,6,12,2014-06-22,https://www.jra.go.jp/datafile/seiseki/report/2014/2014-3tokyo6.pdf,official_daily_result_pdf
201405030701,2014,東京,3,7,1,2014-06-28,https://www.jra.go.jp/datafile/seiseki/report/2014/2014-3tokyo7.pdf,official_daily_result_pdf
201405030702,2014,東京,3,7,2,2014-06-28,https://www.jra.go.jp/datafile/seiseki/report/2014/2014-3tokyo7.pdf,official_daily_result_pdf
201405030703,2014,東京,3,7,3,2014-06-28,https://www.jra.go.jp/datafile/seiseki/report/2014/2014-3tokyo7.pdf,official_daily_result_pdf
201405030704,2014,東京,3,7,4,2014-06-28,https://www.jra.go.jp/datafile/seiseki/report/2014/2014-3tokyo7.pdf,official_daily_result_pdf
201405030705,2014,東京,3,7,5,2014-06-28,https://www.jra.go.jp/datafile/seiseki/report/2014/2014-3tokyo7.pdf,official_daily_result_pdf
201405030706,2014,東京,3,7,6,2014-06-28,https://www.jra.go.jp/datafile/seiseki/report/2014/2014-3tokyo7.pdf,official_daily_result_pdf
201405030707,2014,東京,3,7,7,2014-06-28,https://www.jra.go.jp/datafile/seiseki/report/2014/2014-3tokyo7.pdf,official_daily_result_pdf
201405030708,2014,東京,3,7,8,2014-06-28,https://www.jra.go.jp/datafile/seiseki/report/2014/2014-3tokyo7.pdf,official_daily_result_pdf
201405030709,2014,東京,3,7,9,2014-06-28,https://www.jra.go.jp/datafile/seiseki/report/2014/2014-3tokyo7.pdf,official_daily_result_pdf
201405030710,2014,東京,3,7,10,2014-06-28,https://www.jra.go.jp/datafile/seiseki/report/2014/2014-3tokyo7.pdf,official_daily_result_pdf
201405030711,2014,東京,3,7,11,2014-06-28,https://www.jra.go.jp/datafile/seiseki/report/2014/2014-3tokyo7.pdf,official_daily_result_pdf
201405030712,2014,東京,3,7,12,2014-06-28,https://www.jra.go.jp/datafile/seiseki/report/2014/2014-3tokyo7.pdf,official_daily_result_pdf
201405030801,2014,東京,3,8,1,2014-06-29,https://www.jra.go.jp/datafile/seiseki/report/2014/2014-3tokyo8.pdf,official_daily_result_pdf
201405030802,2014,東京,3,8,2,2014-06-29,https://www.jra.go.jp/datafile/seiseki/report/2014/2014-3tokyo8.pdf,official_daily_result_pdf
201405030803,2014,東京,3,8,3,2014-06-29,https://www.jra.go.jp/datafile/seiseki/report/2014/2014-3tokyo8.pdf,official_daily_result_pdf
201405030804,2014,東京,3,8,4,2014-06-29,https://www.jra.go.jp/datafile/seiseki/report/2014/2014-3tokyo8.pdf,official_daily_result_pdf
201405030805,2014,東京,3,8,5,2014-06-29,https://www.jra.go.jp/datafile/seiseki/report/2014/2014-3tokyo8.pdf,official_daily_result_pdf
201405030806,2014,東京,3,8,6,2014-06-29,https://www.jra.go.jp/datafile/seiseki/report/2014/2014-3tokyo8.pdf,official_daily_result_pdf
201405030807,2014,東京,3,8,7,2014-06-29,https://www.jra.go.jp/datafile/seiseki/report/2014/2014-3tokyo8.pdf,official_daily_result_pdf
201405030808,2014,東京,3,8,8,2014-06-29,https://www.jra.go.jp/datafile/seiseki/report/2014/2014-3tokyo8.pdf,official_daily_result_pdf
201405030809,2014,東京,3,8,9,2014-06-29,https://www.jra.go.jp/datafile/seiseki/report/2014/2014-3tokyo8.pdf,official_daily_result_pdf
201405030810,2014,東京,3,8,10,2014-06-29,https://www.jra.go.jp/datafile/seiseki/report/2014/2014-3tokyo8.pdf,official_daily_result_pdf
201405030811,2014,東京,3,8,11,2014-06-29,https://www.jra.go.jp/datafile/seiseki/report/2014/2014-3tokyo8.pdf,official_daily_result_pdf
201405030812,2014,東京,3,8,12,2014-06-29,https://www.jra.go.jp/datafile/seiseki/report/2014/2014-3tokyo8.pdf,official_daily_result_pdf
201405040101,2014,東京,4,1,1,2014-10-11,https://www.jra.go.jp/datafile/seiseki/report/2014/2014-4tokyo1.pdf,official_daily_result_pdf
201405040102,2014,東京,4,1,2,2014-10-11,https://www.jra.go.jp/datafile/seiseki/report/2014/2014-4tokyo1.pdf,official_daily_result_pdf
201405040103,2014,東京,4,1,3,2014-10-11,https://www.jra.go.jp/datafile/seiseki/report/2014/2014-4tokyo1.pdf,official_daily_result_pdf
201405040104,2014,東京,4,1,4,2014-10-11,https://www.jra.go.jp/datafile/seiseki/report/2014/2014-4tokyo1.pdf,official_daily_result_pdf
201405040105,2014,東京,4,1,5,2014-10-11,https://www.jra.go.jp/datafile/seiseki/report/2014/2014-4tokyo1.pdf,official_daily_result_pdf
201405040106,2014,東京,4,1,6,2014-10-11,https://www.jra.go.jp/datafile/seiseki/report/2014/2014-4tokyo1.pdf,official_daily_result_pdf
201405040107,2014,東京,4,1,7,2014-10-11,https://www.jra.go.jp/datafile/seiseki/report/2014/2014-4tokyo1.pdf,official_daily_result_pdf
201405040108,2014,東京,4,1,8,2014-10-11,https://www.jra.go.jp/datafile/seiseki/report/2014/2014-4tokyo1.pdf,official_daily_result_pdf
201405040109,2014,東京,4,1,9,2014-10-11,https://www.jra.go.jp/datafile/seiseki/report/2014/2014-4tokyo1.pdf,official_daily_result_pdf
201405040110,2014,東京,4,1,10,2014-10-11,https://www.jra.go.jp/datafile/seiseki/report/2014/2014-4tokyo1.pdf,official_daily_result_pdf
201405040111,2014,東京,4,1,11,2014-10-11,https://www.jra.go.jp/datafile/seiseki/report/2014/2014-4tokyo1.pdf,official_daily_result_pdf
201405040112,2014,東京,4,1,12,2014-10-11,https://www.jra.go.jp/datafile/seiseki/report/2014/2014-4tokyo1.pdf,official_daily_result_pdf
201405040201,2014,東京,4,2,1,2014-10-12,https://www.jra.go.jp/datafile/seiseki/report/2014/2014-4tokyo2.pdf,official_daily_result_pdf
201405040202,2014,東京,4,2,2,2014-10-12,https://www.jra.go.jp/datafile/seiseki/report/2014/2014-4tokyo2.pdf,official_daily_result_pdf
201405040203,2014,東京,4,2,3,2014-10-12,https://www.jra.go.jp/datafile/seiseki/report/2014/2014-4tokyo2.pdf,official_daily_result_pdf
201405040204,2014,東京,4,2,4,2014-10-12,https://www.jra.go.jp/datafile/seiseki/report/2014/2014-4tokyo2.pdf,official_daily_result_pdf
201405040205,2014,東京,4,2,5,2014-10-12,https://www.jra.go.jp/datafile/seiseki/report/2014/2014-4tokyo2.pdf,official_daily_result_pdf
201405040206,2014,東京,4,2,6,2014-10-12,https://www.jra.go.jp/datafile/seiseki/report/2014/2014-4tokyo2.pdf,official_daily_result_pdf
201405040207,2014,東京,4,2,7,2014-10-12,https://www.jra.go.jp/datafile/seiseki/report/2014/2014-4tokyo2.pdf,official_daily_result_pdf
201405040208,2014,東京,4,2,8,2014-10-12,https://www.jra.go.jp/datafile/seiseki/report/2014/2014-4tokyo2.pdf,official_daily_result_pdf
201405040209,2014,東京,4,2,9,2014-10-12,https://www.jra.go.jp/datafile/seiseki/report/2014/2014-4tokyo2.pdf,official_daily_result_pdf
201405040210,2014,東京,4,2,10,2014-10-12,https://www.jra.go.jp/datafile/seiseki/report/2014/2014-4tokyo2.pdf,official_daily_result_pdf
201405040211,2014,東京,4,2,11,2014-10-12,https://www.jra.go.jp/datafile/seiseki/report/2014/2014-4tokyo2.pdf,official_daily_result_pdf
201405040212,2014,東京,4,2,12,2014-10-12,https://www.jra.go.jp/datafile/seiseki/report/2014/2014-4tokyo2.pdf,official_daily_result_pdf
201405040301,2014,東京,4,3,1,2014-10-13,https://www.jra.go.jp/datafile/seiseki/report/2014/2014-4tokyo3.pdf,official_daily_result_pdf
201405040302,2014,東京,4,3,2,2014-10-13,https://www.jra.go.jp/datafile/seiseki/report/2014/2014-4tokyo3.pdf,official_daily_result_pdf
201405040303,2014,東京,4,3,3,2014-10-13,https://www.jra.go.jp/datafile/seiseki/report/2014/2014-4tokyo3.pdf,official_daily_result_pdf
201405040304,2014,東京,4,3,4,2014-10-13,https://www.jra.go.jp/datafile/seiseki/report/2014/2014-4tokyo3.pdf,official_daily_result_pdf
201405040305,2014,東京,4,3,5,2014-10-13,https://www.jra.go.jp/datafile/seiseki/report/2014/2014-4tokyo3.pdf,official_daily_result_pdf
201405040306,2014,東京,4,3,6,2014-10-13,https://www.jra.go.jp/datafile/seiseki/report/2014/2014-4tokyo3.pdf,official_daily_result_pdf
201405040307,2014,東京,4,3,7,2014-10-13,https://www.jra.go.jp/datafile/seiseki/report/2014/2014-4tokyo3.pdf,official_daily_result_pdf
201405040308,2014,東京,4,3,8,2014-10-13,https://www.jra.go.jp/datafile/seiseki/report/2014/2014-4tokyo3.pdf,official_daily_result_pdf
201405040309,2014,東京,4,3,9,2014-10-13,https://www.jra.go.jp/datafile/seiseki/report/2014/2014-4tokyo3.pdf,official_daily_result_pdf
201405040310,2014,東京,4,3,10,2014-10-13,https://www.jra.go.jp/datafile/seiseki/report/2014/2014-4tokyo3.pdf,official_daily_result_pdf
201405040311,2014,東京,4,3,11,2014-10-13,https://www.jra.go.jp/datafile/seiseki/report/2014/2014-4tokyo3.pdf,official_daily_result_pdf
201405040312,2014,東京,4,3,12,2014-10-13,https://www.jra.go.jp/datafile/seiseki/report/2014/2014-4tokyo3.pdf,official_daily_result_pdf
201405040401,2014,東京,4,4,1,2014-10-18,https://www.jra.go.jp/datafile/seiseki/report/2014/2014-4tokyo4.pdf,official_daily_result_pdf
201405040402,2014,東京,4,4,2,2014-10-18,https://www.jra.go.jp/datafile/seiseki/report/2014/2014-4tokyo4.pdf,official_daily_result_pdf
201405040403,2014,東京,4,4,3,2014-10-18,https://www.jra.go.jp/datafile/seiseki/report/2014/2014-4tokyo4.pdf,official_daily_result_pdf
201405040404,2014,東京,4,4,4,2014-10-18,https://www.jra.go.jp/datafile/seiseki/report/2014/2014-4tokyo4.pdf,official_daily_result_pdf
201405040405,2014,東京,4,4,5,2014-10-18,https://www.jra.go.jp/datafile/seiseki/report/2014/2014-4tokyo4.pdf,official_daily_result_pdf
201405040406,2014,東京,4,4,6,2014-10-18,https://www.jra.go.jp/datafile/seiseki/report/2014/2014-4tokyo4.pdf,official_daily_result_pdf
201405040407,2014,東京,4,4,7,2014-10-18,https://www.jra.go.jp/datafile/seiseki/report/2014/2014-4tokyo4.pdf,official_daily_result_pdf
201405040408,2014,東京,4,4,8,2014-10-18,https://www.jra.go.jp/datafile/seiseki/report/2014/2014-4tokyo4.pdf,official_daily_result_pdf
201405040409,2014,東京,4,4,9,2014-10-18,https://www.jra.go.jp/datafile/seiseki/report/2014/2014-4tokyo4.pdf,official_daily_result_pdf
201405040410,2014,東京,4,4,10,2014-10-18,https://www.jra.go.jp/datafile/seiseki/report/2014/2014-4tokyo4.pdf,official_daily_result_pdf
201405040411,2014,東京,4,4,11,2014-10-18,https://www.jra.go.jp/datafile/seiseki/report/2014/2014-4tokyo4.pdf,official_daily_result_pdf
201405040412,2014,東京,4,4,12,2014-10-18,https://www.jra.go.jp/datafile/seiseki/report/2014/2014-4tokyo4.pdf,official_daily_result_pdf
201405040501,2014,東京,4,5,1,2014-10-19,https://www.jra.go.jp/datafile/seiseki/report/2014/2014-4tokyo5.pdf,official_daily_result_pdf
201405040502,2014,東京,4,5,2,2014-10-19,https://www.jra.go.jp/datafile/seiseki/report/2014/2014-4tokyo5.pdf,official_daily_result_pdf
201405040503,2014,東京,4,5,3,2014-10-19,https://www.jra.go.jp/datafile/seiseki/report/2014/2014-4tokyo5.pdf,official_daily_result_pdf
201405040504,2014,東京,4,5,4,2014-10-19,https://www.jra.go.jp/datafile/seiseki/report/2014/2014-4tokyo5.pdf,official_daily_result_pdf
201405040505,2014,東京,4,5,5,2014-10-19,https://www.jra.go.jp/datafile/seiseki/report/2014/2014-4tokyo5.pdf,official_daily_result_pdf
201405040506,2014,東京,4,5,6,2014-10-19,https://www.jra.go.jp/datafile/seiseki/report/2014/2014-4tokyo5.pdf,official_daily_result_pdf
201405040507,2014,東京,4,5,7,2014-10-19,https://www.jra.go.jp/datafile/seiseki/report/2014/2014-4tokyo5.pdf,official_daily_result_pdf
201405040508,2014,東京,4,5,8,2014-10-19,https://www.jra.go.jp/datafile/seiseki/report/2014/2014-4tokyo5.pdf,official_daily_result_pdf
201405040509,2014,東京,4,5,9,2014-10-19,https://www.jra.go.jp/datafile/seiseki/report/2014/2014-4tokyo5.pdf,official_daily_result_pdf
201405040510,2014,東京,4,5,10,2014-10-19,https://www.jra.go.jp/datafile/seiseki/report/2014/2014-4tokyo5.pdf,official_daily_result_pdf
201405040511,2014,東京,4,5,11,2014-10-19,https://www.jra.go.jp/datafile/seiseki/report/2014/2014-4tokyo5.pdf,official_daily_result_pdf
201405040512,2014,東京,4,5,12,2014-10-19,https://www.jra.go.jp/datafile/seiseki/report/2014/2014-4tokyo5.pdf,official_daily_result_pdf
201405040601,2014,東京,4,6,1,2014-10-25,https://www.jra.go.jp/datafile/seiseki/report/2014/2014-4tokyo6.pdf,official_daily_result_pdf
201405040602,2014,東京,4,6,2,2014-10-25,https://www.jra.go.jp/datafile/seiseki/report/2014/2014-4tokyo6.pdf,official_daily_result_pdf
201405040603,2014,東京,4,6,3,2014-10-25,https://www.jra.go.jp/datafile/seiseki/report/2014/2014-4tokyo6.pdf,official_daily_result_pdf
201405040604,2014,東京,4,6,4,2014-10-25,https://www.jra.go.jp/datafile/seiseki/report/2014/2014-4tokyo6.pdf,official_daily_result_pdf
201405040605,2014,東京,4,6,5,2014-10-25,https://www.jra.go.jp/datafile/seiseki/report/2014/2014-4tokyo6.pdf,official_daily_result_pdf
201405040606,2014,東京,4,6,6,2014-10-25,https://www.jra.go.jp/datafile/seiseki/report/2014/2014-4tokyo6.pdf,official_daily_result_pdf
201405040607,2014,東京,4,6,7,2014-10-25,https://www.jra.go.jp/datafile/seiseki/report/2014/2014-4tokyo6.pdf,official_daily_result_pdf
201405040608,2014,東京,4,6,8,2014-10-25,https://www.jra.go.jp/datafile/seiseki/report/2014/2014-4tokyo6.pdf,official_daily_result_pdf
201405040609,2014,東京,4,6,9,2014-10-25,https://www.jra.go.jp/datafile/seiseki/report/2014/2014-4tokyo6.pdf,official_daily_result_pdf
201405040610,2014,東京,4,6,10,2014-10-25,https://www.jra.go.jp/datafile/seiseki/report/2014/2014-4tokyo6.pdf,official_daily_result_pdf
201405040611,2014,東京,4,6,11,2014-10-25,https://www.jra.go.jp/datafile/seiseki/report/2014/2014-4tokyo6.pdf,official_daily_result_pdf
201405040612,2014,東京,4,6,12,2014-10-25,https://www.jra.go.jp/datafile/seiseki/report/2014/2014-4tokyo6.pdf,official_daily_result_pdf
201405040701,2014,東京,4,7,1,2014-10-26,https://www.jra.go.jp/datafile/seiseki/report/2014/2014-4tokyo7.pdf,official_daily_result_pdf
201405040702,2014,東京,4,7,2,2014-10-26,https://www.jra.go.jp/datafile/seiseki/report/2014/2014-4tokyo7.pdf,official_daily_result_pdf
201405040703,2014,東京,4,7,3,2014-10-26,https://www.jra.go.jp/datafile/seiseki/report/2014/2014-4tokyo7.pdf,official_daily_result_pdf
201405040704,2014,東京,4,7,4,2014-10-26,https://www.jra.go.jp/datafile/seiseki/report/2014/2014-4tokyo7.pdf,official_daily_result_pdf
201405040705,2014,東京,4,7,5,2014-10-26,https://www.jra.go.jp/datafile/seiseki/report/2014/2014-4tokyo7.pdf,official_daily_result_pdf
201405040706,2014,東京,4,7,6,2014-10-26,https://www.jra.go.jp/datafile/seiseki/report/2014/2014-4tokyo7.pdf,official_daily_result_pdf
201405040707,2014,東京,4,7,7,2014-10-26,https://www.jra.go.jp/datafile/seiseki/report/2014/2014-4tokyo7.pdf,official_daily_result_pdf
201405040708,2014,東京,4,7,8,2014-10-26,https://www.jra.go.jp/datafile/seiseki/report/2014/2014-4tokyo7.pdf,official_daily_result_pdf
201405040709,2014,東京,4,7,9,2014-10-26,https://www.jra.go.jp/datafile/seiseki/report/2014/2014-4tokyo7.pdf,official_daily_result_pdf
201405040710,2014,東京,4,7,10,2014-10-26,https://www.jra.go.jp/datafile/seiseki/report/2014/2014-4tokyo7.pdf,official_daily_result_pdf
201405040711,2014,東京,4,7,11,2014-10-26,https://www.jra.go.jp/datafile/seiseki/report/2014/2014-4tokyo7.pdf,official_daily_result_pdf
201405040712,2014,東京,4,7,12,2014-10-26,https://www.jra.go.jp/datafile/seiseki/report/2014/2014-4tokyo7.pdf,official_daily_result_pdf
201405040801,2014,東京,4,8,1,2014-11-01,https://www.jra.go.jp/datafile/seiseki/report/2014/2014-4tokyo8.pdf,official_daily_result_pdf
201405040802,2014,東京,4,8,2,2014-11-01,https://www.jra.go.jp/datafile/seiseki/report/2014/2014-4tokyo8.pdf,official_daily_result_pdf
201405040803,2014,東京,4,8,3,2014-11-01,https://www.jra.go.jp/datafile/seiseki/report/2014/2014-4tokyo8.pdf,official_daily_result_pdf
201405040804,2014,東京,4,8,4,2014-11-01,https://www.jra.go.jp/datafile/seiseki/report/2014/2014-4tokyo8.pdf,official_daily_result_pdf
201405040805,2014,東京,4,8,5,2014-11-01,https://www.jra.go.jp/datafile/seiseki/report/2014/2014-4tokyo8.pdf,official_daily_result_pdf
201405040806,2014,東京,4,8,6,2014-11-01,https://www.jra.go.jp/datafile/seiseki/report/2014/2014-4tokyo8.pdf,official_daily_result_pdf
201405040807,2014,東京,4,8,7,2014-11-01,https://www.jra.go.jp/datafile/seiseki/report/2014/2014-4tokyo8.pdf,official_daily_result_pdf
201405040808,2014,東京,4,8,8,2014-11-01,https://www.jra.go.jp/datafile/seiseki/report/2014/2014-4tokyo8.pdf,official_daily_result_pdf
201405040809,2014,東京,4,8,9,2014-11-01,https://www.jra.go.jp/datafile/seiseki/report/2014/2014-4tokyo8.pdf,official_daily_result_pdf
201405040810,2014,東京,4,8,10,2014-11-01,https://www.jra.go.jp/datafile/seiseki/report/2014/2014-4tokyo8.pdf,official_daily_result_pdf
201405040811,2014,東京,4,8,11,2014-11-01,https://www.jra.go.jp/datafile/seiseki/report/2014/2014-4tokyo8.pdf,official_daily_result_pdf
201405040812,2014,東京,4,8,12,2014-11-01,https://www.jra.go.jp/datafile/seiseki/report/2014/2014-4tokyo8.pdf,official_daily_result_pdf
201405040901,2014,東京,4,9,1,2014-11-02,https://www.jra.go.jp/datafile/seiseki/report/2014/2014-4tokyo9.pdf,official_daily_result_pdf
201405040902,2014,東京,4,9,2,2014-11-02,https://www.jra.go.jp/datafile/seiseki/report/2014/2014-4tokyo9.pdf,official_daily_result_pdf
201405040903,2014,東京,4,9,3,2014-11-02,https://www.jra.go.jp/datafile/seiseki/report/2014/2014-4tokyo9.pdf,official_daily_result_pdf
201405040904,2014,東京,4,9,4,2014-11-02,https://www.jra.go.jp/datafile/seiseki/report/2014/2014-4tokyo9.pdf,official_daily_result_pdf
201405040905,2014,東京,4,9,5,2014-11-02,https://www.jra.go.jp/datafile/seiseki/report/2014/2014-4tokyo9.pdf,official_daily_result_pdf
201405040906,2014,東京,4,9,6,2014-11-02,https://www.jra.go.jp/datafile/seiseki/report/2014/2014-4tokyo9.pdf,official_daily_result_pdf
201405040907,2014,東京,4,9,7,2014-11-02,https://www.jra.go.jp/datafile/seiseki/report/2014/2014-4tokyo9.pdf,official_daily_result_pdf
201405040908,2014,東京,4,9,8,2014-11-02,https://www.jra.go.jp/datafile/seiseki/report/2014/2014-4tokyo9.pdf,official_daily_result_pdf
201405040909,2014,東京,4,9,9,2014-11-02,https://www.jra.go.jp/datafile/seiseki/report/2014/2014-4tokyo9.pdf,official_daily_result_pdf
201405040910,2014,東京,4,9,10,2014-11-02,https://www.jra.go.jp/datafile/seiseki/report/2014/2014-4tokyo9.pdf,official_daily_result_pdf
201405040911,2014,東京,4,9,11,2014-11-02,https://www.jra.go.jp/datafile/seiseki/report/2014/2014-4tokyo9.pdf,official_daily_result_pdf
201405040912,2014,東京,4,9,12,2014-11-02,https://www.jra.go.jp/datafile/seiseki/report/2014/2014-4tokyo9.pdf,official_daily_result_pdf
201405050101,2014,東京,5,1,1,2014-11-08,https://www.jra.go.jp/datafile/seiseki/report/2014/2014-5tokyo1.pdf,official_daily_result_pdf
201405050102,2014,東京,5,1,2,2014-11-08,https://www.jra.go.jp/datafile/seiseki/report/2014/2014-5tokyo1.pdf,official_daily_result_pdf
201405050103,2014,東京,5,1,3,2014-11-08,https://www.jra.go.jp/datafile/seiseki/report/2014/2014-5tokyo1.pdf,official_daily_result_pdf
201405050104,2014,東京,5,1,4,2014-11-08,https://www.jra.go.jp/datafile/seiseki/report/2014/2014-5tokyo1.pdf,official_daily_result_pdf
201405050105,2014,東京,5,1,5,2014-11-08,https://www.jra.go.jp/datafile/seiseki/report/2014/2014-5tokyo1.pdf,official_daily_result_pdf
201405050106,2014,東京,5,1,6,2014-11-08,https://www.jra.go.jp/datafile/seiseki/report/2014/2014-5tokyo1.pdf,official_daily_result_pdf
201405050107,2014,東京,5,1,7,2014-11-08,https://www.jra.go.jp/datafile/seiseki/report/2014/2014-5tokyo1.pdf,official_daily_result_pdf
201405050108,2014,東京,5,1,8,2014-11-08,https://www.jra.go.jp/datafile/seiseki/report/2014/2014-5tokyo1.pdf,official_daily_result_pdf
201405050109,2014,東京,5,1,9,2014-11-08,https://www.jra.go.jp/datafile/seiseki/report/2014/2014-5tokyo1.pdf,official_daily_result_pdf
201405050110,2014,東京,5,1,10,2014-11-08,https://www.jra.go.jp/datafile/seiseki/report/2014/2014-5tokyo1.pdf,official_daily_result_pdf
201405050111,2014,東京,5,1,11,2014-11-08,https://www.jra.go.jp/datafile/seiseki/report/2014/2014-5tokyo1.pdf,official_daily_result_pdf
201405050112,2014,東京,5,1,12,2014-11-08,https://www.jra.go.jp/datafile/seiseki/report/2014/2014-5tokyo1.pdf,official_daily_result_pdf
201405050201,2014,東京,5,2,1,2014-11-09,https://www.jra.go.jp/datafile/seiseki/report/2014/2014-5tokyo2.pdf,official_daily_result_pdf
201405050202,2014,東京,5,2,2,2014-11-09,https://www.jra.go.jp/datafile/seiseki/report/2014/2014-5tokyo2.pdf,official_daily_result_pdf
201405050203,2014,東京,5,2,3,2014-11-09,https://www.jra.go.jp/datafile/seiseki/report/2014/2014-5tokyo2.pdf,official_daily_result_pdf
201405050204,2014,東京,5,2,4,2014-11-09,https://www.jra.go.jp/datafile/seiseki/report/2014/2014-5tokyo2.pdf,official_daily_result_pdf
201405050205,2014,東京,5,2,5,2014-11-09,https://www.jra.go.jp/datafile/seiseki/report/2014/2014-5tokyo2.pdf,official_daily_result_pdf
201405050206,2014,東京,5,2,6,2014-11-09,https://www.jra.go.jp/datafile/seiseki/report/2014/2014-5tokyo2.pdf,official_daily_result_pdf
201405050207,2014,東京,5,2,7,2014-11-09,https://www.jra.go.jp/datafile/seiseki/report/2014/2014-5tokyo2.pdf,official_daily_result_pdf
201405050208,2014,東京,5,2,8,2014-11-09,https://www.jra.go.jp/datafile/seiseki/report/2014/2014-5tokyo2.pdf,official_daily_result_pdf
201405050209,2014,東京,5,2,9,2014-11-09,https://www.jra.go.jp/datafile/seiseki/report/2014/2014-5tokyo2.pdf,official_daily_result_pdf
201405050210,2014,東京,5,2,10,2014-11-09,https://www.jra.go.jp/datafile/seiseki/report/2014/2014-5tokyo2.pdf,official_daily_result_pdf
201405050211,2014,東京,5,2,11,2014-11-09,https://www.jra.go.jp/datafile/seiseki/report/2014/2014-5tokyo2.pdf,official_daily_result_pdf
201405050212,2014,東京,5,2,12,2014-11-09,https://www.jra.go.jp/datafile/seiseki/report/2014/2014-5tokyo2.pdf,official_daily_result_pdf
201405050301,2014,東京,5,3,1,2014-11-15,https://www.jra.go.jp/datafile/seiseki/report/2014/2014-5tokyo3.pdf,official_daily_result_pdf
201405050302,2014,東京,5,3,2,2014-11-15,https://www.jra.go.jp/datafile/seiseki/report/2014/2014-5tokyo3.pdf,official_daily_result_pdf
201405050303,2014,東京,5,3,3,2014-11-15,https://www.jra.go.jp/datafile/seiseki/report/2014/2014-5tokyo3.pdf,official_daily_result_pdf
201405050304,2014,東京,5,3,4,2014-11-15,https://www.jra.go.jp/datafile/seiseki/report/2014/2014-5tokyo3.pdf,official_daily_result_pdf
201405050305,2014,東京,5,3,5,2014-11-15,https://www.jra.go.jp/datafile/seiseki/report/2014/2014-5tokyo3.pdf,official_daily_result_pdf
201405050306,2014,東京,5,3,6,2014-11-15,https://www.jra.go.jp/datafile/seiseki/report/2014/2014-5tokyo3.pdf,official_daily_result_pdf
201405050307,2014,東京,5,3,7,2014-11-15,https://www.jra.go.jp/datafile/seiseki/report/2014/2014-5tokyo3.pdf,official_daily_result_pdf
201405050308,2014,東京,5,3,8,2014-11-15,https://www.jra.go.jp/datafile/seiseki/report/2014/2014-5tokyo3.pdf,official_daily_result_pdf
201405050309,2014,東京,5,3,9,2014-11-15,https://www.jra.go.jp/datafile/seiseki/report/2014/2014-5tokyo3.pdf,official_daily_result_pdf
201405050310,2014,東京,5,3,10,2014-11-15,https://www.jra.go.jp/datafile/seiseki/report/2014/2014-5tokyo3.pdf,official_daily_result_pdf
201405050311,2014,東京,5,3,11,2014-11-15,https://www.jra.go.jp/datafile/seiseki/report/2014/2014-5tokyo3.pdf,official_daily_result_pdf
201405050312,2014,東京,5,3,12,2014-11-15,https://www.jra.go.jp/datafile/seiseki/report/2014/2014-5tokyo3.pdf,official_daily_result_pdf
201405050401,2014,東京,5,4,1,2014-11-16,https://www.jra.go.jp/datafile/seiseki/report/2014/2014-5tokyo4.pdf,official_daily_result_pdf
201405050402,2014,東京,5,4,2,2014-11-16,https://www.jra.go.jp/datafile/seiseki/report/2014/2014-5tokyo4.pdf,official_daily_result_pdf
201405050403,2014,東京,5,4,3,2014-11-16,https://www.jra.go.jp/datafile/seiseki/report/2014/2014-5tokyo4.pdf,official_daily_result_pdf
201405050404,2014,東京,5,4,4,2014-11-16,https://www.jra.go.jp/datafile/seiseki/report/2014/2014-5tokyo4.pdf,official_daily_result_pdf
201405050405,2014,東京,5,4,5,2014-11-16,https://www.jra.go.jp/datafile/seiseki/report/2014/2014-5tokyo4.pdf,official_daily_result_pdf
201405050406,2014,東京,5,4,6,2014-11-16,https://www.jra.go.jp/datafile/seiseki/report/2014/2014-5tokyo4.pdf,official_daily_result_pdf
201405050407,2014,東京,5,4,7,2014-11-16,https://www.jra.go.jp/datafile/seiseki/report/2014/2014-5tokyo4.pdf,official_daily_result_pdf
201405050408,2014,東京,5,4,8,2014-11-16,https://www.jra.go.jp/datafile/seiseki/report/2014/2014-5tokyo4.pdf,official_daily_result_pdf
201405050409,2014,東京,5,4,9,2014-11-16,https://www.jra.go.jp/datafile/seiseki/report/2014/2014-5tokyo4.pdf,official_daily_result_pdf
201405050410,2014,東京,5,4,10,2014-11-16,https://www.jra.go.jp/datafile/seiseki/report/2014/2014-5tokyo4.pdf,official_daily_result_pdf
201405050411,2014,東京,5,4,11,2014-11-16,https://www.jra.go.jp/datafile/seiseki/report/2014/2014-5tokyo4.pdf,official_daily_result_pdf
201405050412,2014,東京,5,4,12,2014-11-16,https://www.jra.go.jp/datafile/seiseki/report/2014/2014-5tokyo4.pdf,official_daily_result_pdf
201405050501,2014,東京,5,5,1,2014-11-22,https://www.jra.go.jp/datafile/seiseki/report/2014/2014-5tokyo5.pdf,official_daily_result_pdf
201405050502,2014,東京,5,5,2,2014-11-22,https://www.jra.go.jp/datafile/seiseki/report/2014/2014-5tokyo5.pdf,official_daily_result_pdf
201405050503,2014,東京,5,5,3,2014-11-22,https://www.jra.go.jp/datafile/seiseki/report/2014/2014-5tokyo5.pdf,official_daily_result_pdf
201405050504,2014,東京,5,5,4,2014-11-22,https://www.jra.go.jp/datafile/seiseki/report/2014/2014-5tokyo5.pdf,official_daily_result_pdf
201405050505,2014,東京,5,5,5,2014-11-22,https://www.jra.go.jp/datafile/seiseki/report/2014/2014-5tokyo5.pdf,official_daily_result_pdf
201405050506,2014,東京,5,5,6,2014-11-22,https://www.jra.go.jp/datafile/seiseki/report/2014/2014-5tokyo5.pdf,official_daily_result_pdf
201405050507,2014,東京,5,5,7,2014-11-22,https://www.jra.go.jp/datafile/seiseki/report/2014/2014-5tokyo5.pdf,official_daily_result_pdf
201405050508,2014,東京,5,5,8,2014-11-22,https://www.jra.go.jp/datafile/seiseki/report/2014/2014-5tokyo5.pdf,official_daily_result_pdf
201405050509,2014,東京,5,5,9,2014-11-22,https://www.jra.go.jp/datafile/seiseki/report/2014/2014-5tokyo5.pdf,official_daily_result_pdf
201405050510,2014,東京,5,5,10,2014-11-22,https://www.jra.go.jp/datafile/seiseki/report/2014/2014-5tokyo5.pdf,official_daily_result_pdf
201405050511,2014,東京,5,5,11,2014-11-22,https://www.jra.go.jp/datafile/seiseki/report/2014/2014-5tokyo5.pdf,official_daily_result_pdf
201405050512,2014,東京,5,5,12,2014-11-22,https://www.jra.go.jp/datafile/seiseki/report/2014/2014-5tokyo5.pdf,official_daily_result_pdf
201405050601,2014,東京,5,6,1,2014-11-23,https://www.jra.go.jp/datafile/seiseki/report/2014/2014-5tokyo6.pdf,official_daily_result_pdf
201405050602,2014,東京,5,6,2,2014-11-23,https://www.jra.go.jp/datafile/seiseki/report/2014/2014-5tokyo6.pdf,official_daily_result_pdf
201405050603,2014,東京,5,6,3,2014-11-23,https://www.jra.go.jp/datafile/seiseki/report/2014/2014-5tokyo6.pdf,official_daily_result_pdf
201405050604,2014,東京,5,6,4,2014-11-23,https://www.jra.go.jp/datafile/seiseki/report/2014/2014-5tokyo6.pdf,official_daily_result_pdf
201405050605,2014,東京,5,6,5,2014-11-23,https://www.jra.go.jp/datafile/seiseki/report/2014/2014-5tokyo6.pdf,official_daily_result_pdf
201405050606,2014,東京,5,6,6,2014-11-23,https://www.jra.go.jp/datafile/seiseki/report/2014/2014-5tokyo6.pdf,official_daily_result_pdf
201405050607,2014,東京,5,6,7,2014-11-23,https://www.jra.go.jp/datafile/seiseki/report/2014/2014-5tokyo6.pdf,official_daily_result_pdf
201405050608,2014,東京,5,6,8,2014-11-23,https://www.jra.go.jp/datafile/seiseki/report/2014/2014-5tokyo6.pdf,official_daily_result_pdf
201405050609,2014,東京,5,6,9,2014-11-23,https://www.jra.go.jp/datafile/seiseki/report/2014/2014-5tokyo6.pdf,official_daily_result_pdf
201405050610,2014,東京,5,6,10,2014-11-23,https://www.jra.go.jp/datafile/seiseki/report/2014/2014-5tokyo6.pdf,official_daily_result_pdf
201405050611,2014,東京,5,6,11,2014-11-23,https://www.jra.go.jp/datafile/seiseki/report/2014/2014-5tokyo6.pdf,official_daily_result_pdf
201405050612,2014,東京,5,6,12,2014-11-23,https://www.jra.go.jp/datafile/seiseki/report/2014/2014-5tokyo6.pdf,official_daily_result_pdf
201405050701,2014,東京,5,7,1,2014-11-24,https://www.jra.go.jp/datafile/seiseki/report/2014/2014-5tokyo7.pdf,official_daily_result_pdf
201405050702,2014,東京,5,7,2,2014-11-24,https://www.jra.go.jp/datafile/seiseki/report/2014/2014-5tokyo7.pdf,official_daily_result_pdf
201405050703,2014,東京,5,7,3,2014-11-24,https://www.jra.go.jp/datafile/seiseki/report/2014/2014-5tokyo7.pdf,official_daily_result_pdf
201405050704,2014,東京,5,7,4,2014-11-24,https://www.jra.go.jp/datafile/seiseki/report/2014/2014-5tokyo7.pdf,official_daily_result_pdf
201405050705,2014,東京,5,7,5,2014-11-24,https://www.jra.go.jp/datafile/seiseki/report/2014/2014-5tokyo7.pdf,official_daily_result_pdf
201405050706,2014,東京,5,7,6,2014-11-24,https://www.jra.go.jp/datafile/seiseki/report/2014/2014-5tokyo7.pdf,official_daily_result_pdf
201405050707,2014,東京,5,7,7,2014-11-24,https://www.jra.go.jp/datafile/seiseki/report/2014/2014-5tokyo7.pdf,official_daily_result_pdf
201405050708,2014,東京,5,7,8,2014-11-24,https://www.jra.go.jp/datafile/seiseki/report/2014/2014-5tokyo7.pdf,official_daily_result_pdf
201405050709,2014,東京,5,7,9,2014-11-24,https://www.jra.go.jp/datafile/seiseki/report/2014/2014-5tokyo7.pdf,official_daily_result_pdf
201405050710,2014,東京,5,7,10,2014-11-24,https://www.jra.go.jp/datafile/seiseki/report/2014/2014-5tokyo7.pdf,official_daily_result_pdf
201405050711,2014,東京,5,7,11,2014-11-24,https://www.jra.go.jp/datafile/seiseki/report/2014/2014-5tokyo7.pdf,official_daily_result_pdf
201405050712,2014,東京,5,7,12,2014-11-24,https://www.jra.go.jp/datafile/seiseki/report/2014/2014-5tokyo7.pdf,official_daily_result_pdf
201405050801,2014,東京,5,8,1,2014-11-29,https://www.jra.go.jp/datafile/seiseki/report/2014/2014-5tokyo8.pdf,official_daily_result_pdf
201405050802,2014,東京,5,8,2,2014-11-29,https://www.jra.go.jp/datafile/seiseki/report/2014/2014-5tokyo8.pdf,official_daily_result_pdf
201405050803,2014,東京,5,8,3,2014-11-29,https://www.jra.go.jp/datafile/seiseki/report/2014/2014-5tokyo8.pdf,official_daily_result_pdf
201405050804,2014,東京,5,8,4,2014-11-29,https://www.jra.go.jp/datafile/seiseki/report/2014/2014-5tokyo8.pdf,official_daily_result_pdf
201405050805,2014,東京,5,8,5,2014-11-29,https://www.jra.go.jp/datafile/seiseki/report/2014/2014-5tokyo8.pdf,official_daily_result_pdf
201405050806,2014,東京,5,8,6,2014-11-29,https://www.jra.go.jp/datafile/seiseki/report/2014/2014-5tokyo8.pdf,official_daily_result_pdf
201405050807,2014,東京,5,8,7,2014-11-29,https://www.jra.go.jp/datafile/seiseki/report/2014/2014-5tokyo8.pdf,official_daily_result_pdf
201405050808,2014,東京,5,8,8,2014-11-29,https://www.jra.go.jp/datafile/seiseki/report/2014/2014-5tokyo8.pdf,official_daily_result_pdf
201405050809,2014,東京,5,8,9,2014-11-29,https://www.jra.go.jp/datafile/seiseki/report/2014/2014-5tokyo8.pdf,official_daily_result_pdf
201405050810,2014,東京,5,8,10,2014-11-29,https://www.jra.go.jp/datafile/seiseki/report/2014/2014-5tokyo8.pdf,official_daily_result_pdf
201405050811,2014,東京,5,8,11,2014-11-29,https://www.jra.go.jp/datafile/seiseki/report/2014/2014-5tokyo8.pdf,official_daily_result_pdf
201405050812,2014,東京,5,8,12,2014-11-29,https://www.jra.go.jp/datafile/seiseki/report/2014/2014-5tokyo8.pdf,official_daily_result_pdf
201405050901,2014,東京,5,9,1,2014-11-30,https://www.jra.go.jp/datafile/seiseki/report/2014/2014-5tokyo9.pdf,official_daily_result_pdf
201405050902,2014,東京,5,9,2,2014-11-30,https://www.jra.go.jp/datafile/seiseki/report/2014/2014-5tokyo9.pdf,official_daily_result_pdf
201405050903,2014,東京,5,9,3,2014-11-30,https://www.jra.go.jp/datafile/seiseki/report/2014/2014-5tokyo9.pdf,official_daily_result_pdf
201405050904,2014,東京,5,9,4,2014-11-30,https://www.jra.go.jp/datafile/seiseki/report/2014/2014-5tokyo9.pdf,official_daily_result_pdf
201405050905,2014,東京,5,9,5,2014-11-30,https://www.jra.go.jp/datafile/seiseki/report/2014/2014-5tokyo9.pdf,official_daily_result_pdf
201405050906,2014,東京,5,9,6,2014-11-30,https://www.jra.go.jp/datafile/seiseki/report/2014/2014-5tokyo9.pdf,official_daily_result_pdf
201405050907,2014,東京,5,9,7,2014-11-30,https://www.jra.go.jp/datafile/seiseki/report/2014/2014-5tokyo9.pdf,official_daily_result_pdf
201405050908,2014,東京,5,9,8,2014-11-30,https://www.jra.go.jp/datafile/seiseki/report/2014/2014-5tokyo9.pdf,official_daily_result_pdf
201405050909,2014,東京,5,9,9,2014-11-30,https://www.jra.go.jp/datafile/seiseki/report/2014/2014-5tokyo9.pdf,official_daily_result_pdf
201405050910,2014,東京,5,9,10,2014-11-30,https://www.jra.go.jp/datafile/seiseki/report/2014/2014-5tokyo9.pdf,official_daily_result_pdf
201405050911,2014,東京,5,9,11,2014-11-30,https://www.jra.go.jp/datafile/seiseki/report/2014/2014-5tokyo9.pdf,official_daily_result_pdf
201406010101,2014,中山,1,1,1,2014-01-05,https://www.jra.go.jp/datafile/seiseki/report/2014/2014-1nakayama1.pdf,official_daily_result_pdf
201406010102,2014,中山,1,1,2,2014-01-05,https://www.jra.go.jp/datafile/seiseki/report/2014/2014-1nakayama1.pdf,official_daily_result_pdf
201406010103,2014,中山,1,1,3,2014-01-05,https://www.jra.go.jp/datafile/seiseki/report/2014/2014-1nakayama1.pdf,official_daily_result_pdf
201406010104,2014,中山,1,1,4,2014-01-05,https://www.jra.go.jp/datafile/seiseki/report/2014/2014-1nakayama1.pdf,official_daily_result_pdf
201406010105,2014,中山,1,1,5,2014-01-05,https://www.jra.go.jp/datafile/seiseki/report/2014/2014-1nakayama1.pdf,official_daily_result_pdf
201406010106,2014,中山,1,1,6,2014-01-05,https://www.jra.go.jp/datafile/seiseki/report/2014/2014-1nakayama1.pdf,official_daily_result_pdf
201406010107,2014,中山,1,1,7,2014-01-05,https://www.jra.go.jp/datafile/seiseki/report/2014/2014-1nakayama1.pdf,official_daily_result_pdf
201406010108,2014,中山,1,1,8,2014-01-05,https://www.jra.go.jp/datafile/seiseki/report/2014/2014-1nakayama1.pdf,official_daily_result_pdf
201406010109,2014,中山,1,1,9,2014-01-05,https://www.jra.go.jp/datafile/seiseki/report/2014/2014-1nakayama1.pdf,official_daily_result_pdf
201406010110,2014,中山,1,1,10,2014-01-05,https://www.jra.go.jp/datafile/seiseki/report/2014/2014-1nakayama1.pdf,official_daily_result_pdf
201406010111,2014,中山,1,1,11,2014-01-05,https://www.jra.go.jp/datafile/seiseki/report/2014/2014-1nakayama1.pdf,official_daily_result_pdf
201406010112,2014,中山,1,1,12,2014-01-05,https://www.jra.go.jp/datafile/seiseki/report/2014/2014-1nakayama1.pdf,official_daily_result_pdf
201406010201,2014,中山,1,2,1,2014-01-06,https://www.jra.go.jp/datafile/seiseki/report/2014/2014-1nakayama2.pdf,official_daily_result_pdf
201406010202,2014,中山,1,2,2,2014-01-06,https://www.jra.go.jp/datafile/seiseki/report/2014/2014-1nakayama2.pdf,official_daily_result_pdf
201406010203,2014,中山,1,2,3,2014-01-06,https://www.jra.go.jp/datafile/seiseki/report/2014/2014-1nakayama2.pdf,official_daily_result_pdf
201406010204,2014,中山,1,2,4,2014-01-06,https://www.jra.go.jp/datafile/seiseki/report/2014/2014-1nakayama2.pdf,official_daily_result_pdf
201406010205,2014,中山,1,2,5,2014-01-06,https://www.jra.go.jp/datafile/seiseki/report/2014/2014-1nakayama2.pdf,official_daily_result_pdf
201406010206,2014,中山,1,2,6,2014-01-06,https://www.jra.go.jp/datafile/seiseki/report/2014/2014-1nakayama2.pdf,official_daily_result_pdf
201406010207,2014,中山,1,2,7,2014-01-06,https://www.jra.go.jp/datafile/seiseki/report/2014/2014-1nakayama2.pdf,official_daily_result_pdf
201406010208,2014,中山,1,2,8,2014-01-06,https://www.jra.go.jp/datafile/seiseki/report/2014/2014-1nakayama2.pdf,official_daily_result_pdf
201406010209,2014,中山,1,2,9,2014-01-06,https://www.jra.go.jp/datafile/seiseki/report/2014/2014-1nakayama2.pdf,official_daily_result_pdf
201406010210,2014,中山,1,2,10,2014-01-06,https://www.jra.go.jp/datafile/seiseki/report/2014/2014-1nakayama2.pdf,official_daily_result_pdf
201406010211,2014,中山,1,2,11,2014-01-06,https://www.jra.go.jp/datafile/seiseki/report/2014/2014-1nakayama2.pdf,official_daily_result_pdf
201406010212,2014,中山,1,2,12,2014-01-06,https://www.jra.go.jp/datafile/seiseki/report/2014/2014-1nakayama2.pdf,official_daily_result_pdf
201406010301,2014,中山,1,3,1,2014-01-11,https://www.jra.go.jp/datafile/seiseki/report/2014/2014-1nakayama3.pdf,official_daily_result_pdf
201406010302,2014,中山,1,3,2,2014-01-11,https://www.jra.go.jp/datafile/seiseki/report/2014/2014-1nakayama3.pdf,official_daily_result_pdf
201406010303,2014,中山,1,3,3,2014-01-11,https://www.jra.go.jp/datafile/seiseki/report/2014/2014-1nakayama3.pdf,official_daily_result_pdf
201406010304,2014,中山,1,3,4,2014-01-11,https://www.jra.go.jp/datafile/seiseki/report/2014/2014-1nakayama3.pdf,official_daily_result_pdf
201406010305,2014,中山,1,3,5,2014-01-11,https://www.jra.go.jp/datafile/seiseki/report/2014/2014-1nakayama3.pdf,official_daily_result_pdf
201406010306,2014,中山,1,3,6,2014-01-11,https://www.jra.go.jp/datafile/seiseki/report/2014/2014-1nakayama3.pdf,official_daily_result_pdf
201406010307,2014,中山,1,3,7,2014-01-11,https://www.jra.go.jp/datafile/seiseki/report/2014/2014-1nakayama3.pdf,official_daily_result_pdf
201406010308,2014,中山,1,3,8,2014-01-11,https://www.jra.go.jp/datafile/seiseki/report/2014/2014-1nakayama3.pdf,official_daily_result_pdf
201406010309,2014,中山,1,3,9,2014-01-11,https://www.jra.go.jp/datafile/seiseki/report/2014/2014-1nakayama3.pdf,official_daily_result_pdf
201406010310,2014,中山,1,3,10,2014-01-11,https://www.jra.go.jp/datafile/seiseki/report/2014/2014-1nakayama3.pdf,official_daily_result_pdf
201406010311,2014,中山,1,3,11,2014-01-11,https://www.jra.go.jp/datafile/seiseki/report/2014/2014-1nakayama3.pdf,official_daily_result_pdf
201406010312,2014,中山,1,3,12,2014-01-11,https://www.jra.go.jp/datafile/seiseki/report/2014/2014-1nakayama3.pdf,official_daily_result_pdf
201406010401,2014,中山,1,4,1,2014-01-12,https://www.jra.go.jp/datafile/seiseki/report/2014/2014-1nakayama4.pdf,official_daily_result_pdf
201406010402,2014,中山,1,4,2,2014-01-12,https://www.jra.go.jp/datafile/seiseki/report/2014/2014-1nakayama4.pdf,official_daily_result_pdf
201406010403,2014,中山,1,4,3,2014-01-12,https://www.jra.go.jp/datafile/seiseki/report/2014/2014-1nakayama4.pdf,official_daily_result_pdf
201406010404,2014,中山,1,4,4,2014-01-12,https://www.jra.go.jp/datafile/seiseki/report/2014/2014-1nakayama4.pdf,official_daily_result_pdf
201406010405,2014,中山,1,4,5,2014-01-12,https://www.jra.go.jp/datafile/seiseki/report/2014/2014-1nakayama4.pdf,official_daily_result_pdf
201406010406,2014,中山,1,4,6,2014-01-12,https://www.jra.go.jp/datafile/seiseki/report/2014/2014-1nakayama4.pdf,official_daily_result_pdf
201406010407,2014,中山,1,4,7,2014-01-12,https://www.jra.go.jp/datafile/seiseki/report/2014/2014-1nakayama4.pdf,official_daily_result_pdf
201406010408,2014,中山,1,4,8,2014-01-12,https://www.jra.go.jp/datafile/seiseki/report/2014/2014-1nakayama4.pdf,official_daily_result_pdf
201406010409,2014,中山,1,4,9,2014-01-12,https://www.jra.go.jp/datafile/seiseki/report/2014/2014-1nakayama4.pdf,official_daily_result_pdf
201406010410,2014,中山,1,4,10,2014-01-12,https://www.jra.go.jp/datafile/seiseki/report/2014/2014-1nakayama4.pdf,official_daily_result_pdf
201406010411,2014,中山,1,4,11,2014-01-12,https://www.jra.go.jp/datafile/seiseki/report/2014/2014-1nakayama4.pdf,official_daily_result_pdf
201406010412,2014,中山,1,4,12,2014-01-12,https://www.jra.go.jp/datafile/seiseki/report/2014/2014-1nakayama4.pdf,official_daily_result_pdf
201406010501,2014,中山,1,5,1,2014-01-13,https://www.jra.go.jp/datafile/seiseki/report/2014/2014-1nakayama5.pdf,official_daily_result_pdf
201406010502,2014,中山,1,5,2,2014-01-13,https://www.jra.go.jp/datafile/seiseki/report/2014/2014-1nakayama5.pdf,official_daily_result_pdf
201406010503,2014,中山,1,5,3,2014-01-13,https://www.jra.go.jp/datafile/seiseki/report/2014/2014-1nakayama5.pdf,official_daily_result_pdf
201406010504,2014,中山,1,5,4,2014-01-13,https://www.jra.go.jp/datafile/seiseki/report/2014/2014-1nakayama5.pdf,official_daily_result_pdf
201406010505,2014,中山,1,5,5,2014-01-13,https://www.jra.go.jp/datafile/seiseki/report/2014/2014-1nakayama5.pdf,official_daily_result_pdf
201406010506,2014,中山,1,5,6,2014-01-13,https://www.jra.go.jp/datafile/seiseki/report/2014/2014-1nakayama5.pdf,official_daily_result_pdf
201406010507,2014,中山,1,5,7,2014-01-13,https://www.jra.go.jp/datafile/seiseki/report/2014/2014-1nakayama5.pdf,official_daily_result_pdf
201406010508,2014,中山,1,5,8,2014-01-13,https://www.jra.go.jp/datafile/seiseki/report/2014/2014-1nakayama5.pdf,official_daily_result_pdf
201406010509,2014,中山,1,5,9,2014-01-13,https://www.jra.go.jp/datafile/seiseki/report/2014/2014-1nakayama5.pdf,official_daily_result_pdf
201406010510,2014,中山,1,5,10,2014-01-13,https://www.jra.go.jp/datafile/seiseki/report/2014/2014-1nakayama5.pdf,official_daily_result_pdf
201406010511,2014,中山,1,5,11,2014-01-13,https://www.jra.go.jp/datafile/seiseki/report/2014/2014-1nakayama5.pdf,official_daily_result_pdf
201406010512,2014,中山,1,5,12,2014-01-13,https://www.jra.go.jp/datafile/seiseki/report/2014/2014-1nakayama5.pdf,official_daily_result_pdf
201406010601,2014,中山,1,6,1,2014-01-18,https://www.jra.go.jp/datafile/seiseki/report/2014/2014-1nakayama6.pdf,official_daily_result_pdf
201406010602,2014,中山,1,6,2,2014-01-18,https://www.jra.go.jp/datafile/seiseki/report/2014/2014-1nakayama6.pdf,official_daily_result_pdf
201406010603,2014,中山,1,6,3,2014-01-18,https://www.jra.go.jp/datafile/seiseki/report/2014/2014-1nakayama6.pdf,official_daily_result_pdf
201406010604,2014,中山,1,6,4,2014-01-18,https://www.jra.go.jp/datafile/seiseki/report/2014/2014-1nakayama6.pdf,official_daily_result_pdf
201406010605,2014,中山,1,6,5,2014-01-18,https://www.jra.go.jp/datafile/seiseki/report/2014/2014-1nakayama6.pdf,official_daily_result_pdf
201406010606,2014,中山,1,6,6,2014-01-18,https://www.jra.go.jp/datafile/seiseki/report/2014/2014-1nakayama6.pdf,official_daily_result_pdf
201406010607,2014,中山,1,6,7,2014-01-18,https://www.jra.go.jp/datafile/seiseki/report/2014/2014-1nakayama6.pdf,official_daily_result_pdf
201406010608,2014,中山,1,6,8,2014-01-18,https://www.jra.go.jp/datafile/seiseki/report/2014/2014-1nakayama6.pdf,official_daily_result_pdf
201406010609,2014,中山,1,6,9,2014-01-18,https://www.jra.go.jp/datafile/seiseki/report/2014/2014-1nakayama6.pdf,official_daily_result_pdf
201406010610,2014,中山,1,6,10,2014-01-18,https://www.jra.go.jp/datafile/seiseki/report/2014/2014-1nakayama6.pdf,official_daily_result_pdf
201406010611,2014,中山,1,6,11,2014-01-18,https://www.jra.go.jp/datafile/seiseki/report/2014/2014-1nakayama6.pdf,official_daily_result_pdf
201406010612,2014,中山,1,6,12,2014-01-18,https://www.jra.go.jp/datafile/seiseki/report/2014/2014-1nakayama6.pdf,official_daily_result_pdf
201406010701,2014,中山,1,7,1,2014-01-19,https://www.jra.go.jp/datafile/seiseki/report/2014/2014-1nakayama7.pdf,official_daily_result_pdf
201406010702,2014,中山,1,7,2,2014-01-19,https://www.jra.go.jp/datafile/seiseki/report/2014/2014-1nakayama7.pdf,official_daily_result_pdf
201406010703,2014,中山,1,7,3,2014-01-19,https://www.jra.go.jp/datafile/seiseki/report/2014/2014-1nakayama7.pdf,official_daily_result_pdf
201406010704,2014,中山,1,7,4,2014-01-19,https://www.jra.go.jp/datafile/seiseki/report/2014/2014-1nakayama7.pdf,official_daily_result_pdf
201406010705,2014,中山,1,7,5,2014-01-19,https://www.jra.go.jp/datafile/seiseki/report/2014/2014-1nakayama7.pdf,official_daily_result_pdf
201406010706,2014,中山,1,7,6,2014-01-19,https://www.jra.go.jp/datafile/seiseki/report/2014/2014-1nakayama7.pdf,official_daily_result_pdf
201406010707,2014,中山,1,7,7,2014-01-19,https://www.jra.go.jp/datafile/seiseki/report/2014/2014-1nakayama7.pdf,official_daily_result_pdf
201406010708,2014,中山,1,7,8,2014-01-19,https://www.jra.go.jp/datafile/seiseki/report/2014/2014-1nakayama7.pdf,official_daily_result_pdf
201406010709,2014,中山,1,7,9,2014-01-19,https://www.jra.go.jp/datafile/seiseki/report/2014/2014-1nakayama7.pdf,official_daily_result_pdf
201406010710,2014,中山,1,7,10,2014-01-19,https://www.jra.go.jp/datafile/seiseki/report/2014/2014-1nakayama7.pdf,official_daily_result_pdf
201406010711,2014,中山,1,7,11,2014-01-19,https://www.jra.go.jp/datafile/seiseki/report/2014/2014-1nakayama7.pdf,official_daily_result_pdf
201406010712,2014,中山,1,7,12,2014-01-19,https://www.jra.go.jp/datafile/seiseki/report/2014/2014-1nakayama7.pdf,official_daily_result_pdf
201406010801,2014,中山,1,8,1,2014-01-25,https://www.jra.go.jp/datafile/seiseki/report/2014/2014-1nakayama8.pdf,official_daily_result_pdf
201406010802,2014,中山,1,8,2,2014-01-25,https://www.jra.go.jp/datafile/seiseki/report/2014/2014-1nakayama8.pdf,official_daily_result_pdf
201406010803,2014,中山,1,8,3,2014-01-25,https://www.jra.go.jp/datafile/seiseki/report/2014/2014-1nakayama8.pdf,official_daily_result_pdf
201406010804,2014,中山,1,8,4,2014-01-25,https://www.jra.go.jp/datafile/seiseki/report/2014/2014-1nakayama8.pdf,official_daily_result_pdf
201406010805,2014,中山,1,8,5,2014-01-25,https://www.jra.go.jp/datafile/seiseki/report/2014/2014-1nakayama8.pdf,official_daily_result_pdf
201406010806,2014,中山,1,8,6,2014-01-25,https://www.jra.go.jp/datafile/seiseki/report/2014/2014-1nakayama8.pdf,official_daily_result_pdf
201406010807,2014,中山,1,8,7,2014-01-25,https://www.jra.go.jp/datafile/seiseki/report/2014/2014-1nakayama8.pdf,official_daily_result_pdf
201406010808,2014,中山,1,8,8,2014-01-25,https://www.jra.go.jp/datafile/seiseki/report/2014/2014-1nakayama8.pdf,official_daily_result_pdf
201406010809,2014,中山,1,8,9,2014-01-25,https://www.jra.go.jp/datafile/seiseki/report/2014/2014-1nakayama8.pdf,official_daily_result_pdf
201406010810,2014,中山,1,8,10,2014-01-25,https://www.jra.go.jp/datafile/seiseki/report/2014/2014-1nakayama8.pdf,official_daily_result_pdf
201406010811,2014,中山,1,8,11,2014-01-25,https://www.jra.go.jp/datafile/seiseki/report/2014/2014-1nakayama8.pdf,official_daily_result_pdf
201406010812,2014,中山,1,8,12,2014-01-25,https://www.jra.go.jp/datafile/seiseki/report/2014/2014-1nakayama8.pdf,official_daily_result_pdf
201406010901,2014,中山,1,9,1,2014-01-26,https://www.jra.go.jp/datafile/seiseki/report/2014/2014-1nakayama9.pdf,official_daily_result_pdf
201406010902,2014,中山,1,9,2,2014-01-26,https://www.jra.go.jp/datafile/seiseki/report/2014/2014-1nakayama9.pdf,official_daily_result_pdf
201406010903,2014,中山,1,9,3,2014-01-26,https://www.jra.go.jp/datafile/seiseki/report/2014/2014-1nakayama9.pdf,official_daily_result_pdf
201406010904,2014,中山,1,9,4,2014-01-26,https://www.jra.go.jp/datafile/seiseki/report/2014/2014-1nakayama9.pdf,official_daily_result_pdf
201406010905,2014,中山,1,9,5,2014-01-26,https://www.jra.go.jp/datafile/seiseki/report/2014/2014-1nakayama9.pdf,official_daily_result_pdf
201406010906,2014,中山,1,9,6,2014-01-26,https://www.jra.go.jp/datafile/seiseki/report/2014/2014-1nakayama9.pdf,official_daily_result_pdf
201406010907,2014,中山,1,9,7,2014-01-26,https://www.jra.go.jp/datafile/seiseki/report/2014/2014-1nakayama9.pdf,official_daily_result_pdf
201406010908,2014,中山,1,9,8,2014-01-26,https://www.jra.go.jp/datafile/seiseki/report/2014/2014-1nakayama9.pdf,official_daily_result_pdf
201406010909,2014,中山,1,9,9,2014-01-26,https://www.jra.go.jp/datafile/seiseki/report/2014/2014-1nakayama9.pdf,official_daily_result_pdf
201406010910,2014,中山,1,9,10,2014-01-26,https://www.jra.go.jp/datafile/seiseki/report/2014/2014-1nakayama9.pdf,official_daily_result_pdf
201406010911,2014,中山,1,9,11,2014-01-26,https://www.jra.go.jp/datafile/seiseki/report/2014/2014-1nakayama9.pdf,official_daily_result_pdf
201406010912,2014,中山,1,9,12,2014-01-26,https://www.jra.go.jp/datafile/seiseki/report/2014/2014-1nakayama9.pdf,official_daily_result_pdf
201406020101,2014,中山,2,1,1,2014-03-01,https://www.jra.go.jp/datafile/seiseki/report/2014/2014-2nakayama1.pdf,official_daily_result_pdf
201406020102,2014,中山,2,1,2,2014-03-01,https://www.jra.go.jp/datafile/seiseki/report/2014/2014-2nakayama1.pdf,official_daily_result_pdf
201406020103,2014,中山,2,1,3,2014-03-01,https://www.jra.go.jp/datafile/seiseki/report/2014/2014-2nakayama1.pdf,official_daily_result_pdf
201406020104,2014,中山,2,1,4,2014-03-01,https://www.jra.go.jp/datafile/seiseki/report/2014/2014-2nakayama1.pdf,official_daily_result_pdf
201406020105,2014,中山,2,1,5,2014-03-01,https://www.jra.go.jp/datafile/seiseki/report/2014/2014-2nakayama1.pdf,official_daily_result_pdf
201406020106,2014,中山,2,1,6,2014-03-01,https://www.jra.go.jp/datafile/seiseki/report/2014/2014-2nakayama1.pdf,official_daily_result_pdf
201406020107,2014,中山,2,1,7,2014-03-01,https://www.jra.go.jp/datafile/seiseki/report/2014/2014-2nakayama1.pdf,official_daily_result_pdf
201406020108,2014,中山,2,1,8,2014-03-01,https://www.jra.go.jp/datafile/seiseki/report/2014/2014-2nakayama1.pdf,official_daily_result_pdf
201406020109,2014,中山,2,1,9,2014-03-01,https://www.jra.go.jp/datafile/seiseki/report/2014/2014-2nakayama1.pdf,official_daily_result_pdf
201406020110,2014,中山,2,1,10,2014-03-01,https://www.jra.go.jp/datafile/seiseki/report/2014/2014-2nakayama1.pdf,official_daily_result_pdf
201406020111,2014,中山,2,1,11,2014-03-01,https://www.jra.go.jp/datafile/seiseki/report/2014/2014-2nakayama1.pdf,official_daily_result_pdf
201406020112,2014,中山,2,1,12,2014-03-01,https://www.jra.go.jp/datafile/seiseki/report/2014/2014-2nakayama1.pdf,official_daily_result_pdf
201406020201,2014,中山,2,2,1,2014-03-02,https://www.jra.go.jp/datafile/seiseki/report/2014/2014-2nakayama2.pdf,official_daily_result_pdf
201406020202,2014,中山,2,2,2,2014-03-02,https://www.jra.go.jp/datafile/seiseki/report/2014/2014-2nakayama2.pdf,official_daily_result_pdf
201406020203,2014,中山,2,2,3,2014-03-02,https://www.jra.go.jp/datafile/seiseki/report/2014/2014-2nakayama2.pdf,official_daily_result_pdf
201406020204,2014,中山,2,2,4,2014-03-02,https://www.jra.go.jp/datafile/seiseki/report/2014/2014-2nakayama2.pdf,official_daily_result_pdf
201406020205,2014,中山,2,2,5,2014-03-02,https://www.jra.go.jp/datafile/seiseki/report/2014/2014-2nakayama2.pdf,official_daily_result_pdf
201406020206,2014,中山,2,2,6,2014-03-02,https://www.jra.go.jp/datafile/seiseki/report/2014/2014-2nakayama2.pdf,official_daily_result_pdf
201406020207,2014,中山,2,2,7,2014-03-02,https://www.jra.go.jp/datafile/seiseki/report/2014/2014-2nakayama2.pdf,official_daily_result_pdf
201406020208,2014,中山,2,2,8,2014-03-02,https://www.jra.go.jp/datafile/seiseki/report/2014/2014-2nakayama2.pdf,official_daily_result_pdf
201406020209,2014,中山,2,2,9,2014-03-02,https://www.jra.go.jp/datafile/seiseki/report/2014/2014-2nakayama2.pdf,official_daily_result_pdf
201406020210,2014,中山,2,2,10,2014-03-02,https://www.jra.go.jp/datafile/seiseki/report/2014/2014-2nakayama2.pdf,official_daily_result_pdf
201406020211,2014,中山,2,2,11,2014-03-02,https://www.jra.go.jp/datafile/seiseki/report/2014/2014-2nakayama2.pdf,official_daily_result_pdf
201406020212,2014,中山,2,2,12,2014-03-02,https://www.jra.go.jp/datafile/seiseki/report/2014/2014-2nakayama2.pdf,official_daily_result_pdf
201406020301,2014,中山,2,3,1,2014-03-08,https://www.jra.go.jp/datafile/seiseki/report/2014/2014-2nakayama3.pdf,official_daily_result_pdf
201406020302,2014,中山,2,3,2,2014-03-08,https://www.jra.go.jp/datafile/seiseki/report/2014/2014-2nakayama3.pdf,official_daily_result_pdf
201406020303,2014,中山,2,3,3,2014-03-08,https://www.jra.go.jp/datafile/seiseki/report/2014/2014-2nakayama3.pdf,official_daily_result_pdf
201406020304,2014,中山,2,3,4,2014-03-08,https://www.jra.go.jp/datafile/seiseki/report/2014/2014-2nakayama3.pdf,official_daily_result_pdf
201406020305,2014,中山,2,3,5,2014-03-08,https://www.jra.go.jp/datafile/seiseki/report/2014/2014-2nakayama3.pdf,official_daily_result_pdf
201406020306,2014,中山,2,3,6,2014-03-08,https://www.jra.go.jp/datafile/seiseki/report/2014/2014-2nakayama3.pdf,official_daily_result_pdf
201406020307,2014,中山,2,3,7,2014-03-08,https://www.jra.go.jp/datafile/seiseki/report/2014/2014-2nakayama3.pdf,official_daily_result_pdf
201406020308,2014,中山,2,3,8,2014-03-08,https://www.jra.go.jp/datafile/seiseki/report/2014/2014-2nakayama3.pdf,official_daily_result_pdf
201406020309,2014,中山,2,3,9,2014-03-08,https://www.jra.go.jp/datafile/seiseki/report/2014/2014-2nakayama3.pdf,official_daily_result_pdf
201406020310,2014,中山,2,3,10,2014-03-08,https://www.jra.go.jp/datafile/seiseki/report/2014/2014-2nakayama3.pdf,official_daily_result_pdf
201406020311,2014,中山,2,3,11,2014-03-08,https://www.jra.go.jp/datafile/seiseki/report/2014/2014-2nakayama3.pdf,official_daily_result_pdf
201406020312,2014,中山,2,3,12,2014-03-08,https://www.jra.go.jp/datafile/seiseki/report/2014/2014-2nakayama3.pdf,official_daily_result_pdf
201406020401,2014,中山,2,4,1,2014-03-09,https://www.jra.go.jp/datafile/seiseki/report/2014/2014-2nakayama4.pdf,official_daily_result_pdf
201406020402,2014,中山,2,4,2,2014-03-09,https://www.jra.go.jp/datafile/seiseki/report/2014/2014-2nakayama4.pdf,official_daily_result_pdf
201406020403,2014,中山,2,4,3,2014-03-09,https://www.jra.go.jp/datafile/seiseki/report/2014/2014-2nakayama4.pdf,official_daily_result_pdf
201406020404,2014,中山,2,4,4,2014-03-09,https://www.jra.go.jp/datafile/seiseki/report/2014/2014-2nakayama4.pdf,official_daily_result_pdf
201406020405,2014,中山,2,4,5,2014-03-09,https://www.jra.go.jp/datafile/seiseki/report/2014/2014-2nakayama4.pdf,official_daily_result_pdf
201406020406,2014,中山,2,4,6,2014-03-09,https://www.jra.go.jp/datafile/seiseki/report/2014/2014-2nakayama4.pdf,official_daily_result_pdf
201406020407,2014,中山,2,4,7,2014-03-09,https://www.jra.go.jp/datafile/seiseki/report/2014/2014-2nakayama4.pdf,official_daily_result_pdf
201406020408,2014,中山,2,4,8,2014-03-09,https://www.jra.go.jp/datafile/seiseki/report/2014/2014-2nakayama4.pdf,official_daily_result_pdf
201406020409,2014,中山,2,4,9,2014-03-09,https://www.jra.go.jp/datafile/seiseki/report/2014/2014-2nakayama4.pdf,official_daily_result_pdf
201406020410,2014,中山,2,4,10,2014-03-09,https://www.jra.go.jp/datafile/seiseki/report/2014/2014-2nakayama4.pdf,official_daily_result_pdf
201406020411,2014,中山,2,4,11,2014-03-09,https://www.jra.go.jp/datafile/seiseki/report/2014/2014-2nakayama4.pdf,official_daily_result_pdf
201406020412,2014,中山,2,4,12,2014-03-09,https://www.jra.go.jp/datafile/seiseki/report/2014/2014-2nakayama4.pdf,official_daily_result_pdf
201406020501,2014,中山,2,5,1,2014-03-15,https://www.jra.go.jp/datafile/seiseki/report/2014/2014-2nakayama5.pdf,official_daily_result_pdf
201406020502,2014,中山,2,5,2,2014-03-15,https://www.jra.go.jp/datafile/seiseki/report/2014/2014-2nakayama5.pdf,official_daily_result_pdf
201406020503,2014,中山,2,5,3,2014-03-15,https://www.jra.go.jp/datafile/seiseki/report/2014/2014-2nakayama5.pdf,official_daily_result_pdf
201406020504,2014,中山,2,5,4,2014-03-15,https://www.jra.go.jp/datafile/seiseki/report/2014/2014-2nakayama5.pdf,official_daily_result_pdf
201406020505,2014,中山,2,5,5,2014-03-15,https://www.jra.go.jp/datafile/seiseki/report/2014/2014-2nakayama5.pdf,official_daily_result_pdf
201406020506,2014,中山,2,5,6,2014-03-15,https://www.jra.go.jp/datafile/seiseki/report/2014/2014-2nakayama5.pdf,official_daily_result_pdf
201406020507,2014,中山,2,5,7,2014-03-15,https://www.jra.go.jp/datafile/seiseki/report/2014/2014-2nakayama5.pdf,official_daily_result_pdf
201406020508,2014,中山,2,5,8,2014-03-15,https://www.jra.go.jp/datafile/seiseki/report/2014/2014-2nakayama5.pdf,official_daily_result_pdf
201406020509,2014,中山,2,5,9,2014-03-15,https://www.jra.go.jp/datafile/seiseki/report/2014/2014-2nakayama5.pdf,official_daily_result_pdf
201406020510,2014,中山,2,5,10,2014-03-15,https://www.jra.go.jp/datafile/seiseki/report/2014/2014-2nakayama5.pdf,official_daily_result_pdf
201406020511,2014,中山,2,5,11,2014-03-15,https://www.jra.go.jp/datafile/seiseki/report/2014/2014-2nakayama5.pdf,official_daily_result_pdf
201406020512,2014,中山,2,5,12,2014-03-15,https://www.jra.go.jp/datafile/seiseki/report/2014/2014-2nakayama5.pdf,official_daily_result_pdf
201406020601,2014,中山,2,6,1,2014-03-16,https://www.jra.go.jp/datafile/seiseki/report/2014/2014-2nakayama6.pdf,official_daily_result_pdf
201406020602,2014,中山,2,6,2,2014-03-16,https://www.jra.go.jp/datafile/seiseki/report/2014/2014-2nakayama6.pdf,official_daily_result_pdf
201406020603,2014,中山,2,6,3,2014-03-16,https://www.jra.go.jp/datafile/seiseki/report/2014/2014-2nakayama6.pdf,official_daily_result_pdf
201406020604,2014,中山,2,6,4,2014-03-16,https://www.jra.go.jp/datafile/seiseki/report/2014/2014-2nakayama6.pdf,official_daily_result_pdf
201406020605,2014,中山,2,6,5,2014-03-16,https://www.jra.go.jp/datafile/seiseki/report/2014/2014-2nakayama6.pdf,official_daily_result_pdf
201406020606,2014,中山,2,6,6,2014-03-16,https://www.jra.go.jp/datafile/seiseki/report/2014/2014-2nakayama6.pdf,official_daily_result_pdf
201406020607,2014,中山,2,6,7,2014-03-16,https://www.jra.go.jp/datafile/seiseki/report/2014/2014-2nakayama6.pdf,official_daily_result_pdf
201406020608,2014,中山,2,6,8,2014-03-16,https://www.jra.go.jp/datafile/seiseki/report/2014/2014-2nakayama6.pdf,official_daily_result_pdf
201406020609,2014,中山,2,6,9,2014-03-16,https://www.jra.go.jp/datafile/seiseki/report/2014/2014-2nakayama6.pdf,official_daily_result_pdf
201406020610,2014,中山,2,6,10,2014-03-16,https://www.jra.go.jp/datafile/seiseki/report/2014/2014-2nakayama6.pdf,official_daily_result_pdf
201406020611,2014,中山,2,6,11,2014-03-16,https://www.jra.go.jp/datafile/seiseki/report/2014/2014-2nakayama6.pdf,official_daily_result_pdf
201406020612,2014,中山,2,6,12,2014-03-16,https://www.jra.go.jp/datafile/seiseki/report/2014/2014-2nakayama6.pdf,official_daily_result_pdf
201406020701,2014,中山,2,7,1,2014-03-21,https://www.jra.go.jp/datafile/seiseki/report/2014/2014-2nakayama7.pdf,official_daily_result_pdf
201406020702,2014,中山,2,7,2,2014-03-21,https://www.jra.go.jp/datafile/seiseki/report/2014/2014-2nakayama7.pdf,official_daily_result_pdf
201406020703,2014,中山,2,7,3,2014-03-21,https://www.jra.go.jp/datafile/seiseki/report/2014/2014-2nakayama7.pdf,official_daily_result_pdf
201406020704,2014,中山,2,7,4,2014-03-21,https://www.jra.go.jp/datafile/seiseki/report/2014/2014-2nakayama7.pdf,official_daily_result_pdf
201406020705,2014,中山,2,7,5,2014-03-21,https://www.jra.go.jp/datafile/seiseki/report/2014/2014-2nakayama7.pdf,official_daily_result_pdf
201406020706,2014,中山,2,7,6,2014-03-21,https://www.jra.go.jp/datafile/seiseki/report/2014/2014-2nakayama7.pdf,official_daily_result_pdf
201406020707,2014,中山,2,7,7,2014-03-21,https://www.jra.go.jp/datafile/seiseki/report/2014/2014-2nakayama7.pdf,official_daily_result_pdf
201406020708,2014,中山,2,7,8,2014-03-21,https://www.jra.go.jp/datafile/seiseki/report/2014/2014-2nakayama7.pdf,official_daily_result_pdf
201406020709,2014,中山,2,7,9,2014-03-21,https://www.jra.go.jp/datafile/seiseki/report/2014/2014-2nakayama7.pdf,official_daily_result_pdf
201406020710,2014,中山,2,7,10,2014-03-21,https://www.jra.go.jp/datafile/seiseki/report/2014/2014-2nakayama7.pdf,official_daily_result_pdf
201406020711,2014,中山,2,7,11,2014-03-21,https://www.jra.go.jp/datafile/seiseki/report/2014/2014-2nakayama7.pdf,official_daily_result_pdf
201406020712,2014,中山,2,7,12,2014-03-21,https://www.jra.go.jp/datafile/seiseki/report/2014/2014-2nakayama7.pdf,official_daily_result_pdf
201406020801,2014,中山,2,8,1,2014-03-23,https://www.jra.go.jp/datafile/seiseki/report/2014/2014-2nakayama8.pdf,official_daily_result_pdf
201406020802,2014,中山,2,8,2,2014-03-23,https://www.jra.go.jp/datafile/seiseki/report/2014/2014-2nakayama8.pdf,official_daily_result_pdf
201406020803,2014,中山,2,8,3,2014-03-23,https://www.jra.go.jp/datafile/seiseki/report/2014/2014-2nakayama8.pdf,official_daily_result_pdf
201406020804,2014,中山,2,8,4,2014-03-23,https://www.jra.go.jp/datafile/seiseki/report/2014/2014-2nakayama8.pdf,official_daily_result_pdf
201406020805,2014,中山,2,8,5,2014-03-23,https://www.jra.go.jp/datafile/seiseki/report/2014/2014-2nakayama8.pdf,official_daily_result_pdf
201406020806,2014,中山,2,8,6,2014-03-23,https://www.jra.go.jp/datafile/seiseki/report/2014/2014-2nakayama8.pdf,official_daily_result_pdf
201406020807,2014,中山,2,8,7,2014-03-23,https://www.jra.go.jp/datafile/seiseki/report/2014/2014-2nakayama8.pdf,official_daily_result_pdf
201406020808,2014,中山,2,8,8,2014-03-23,https://www.jra.go.jp/datafile/seiseki/report/2014/2014-2nakayama8.pdf,official_daily_result_pdf
201406020809,2014,中山,2,8,9,2014-03-23,https://www.jra.go.jp/datafile/seiseki/report/2014/2014-2nakayama8.pdf,official_daily_result_pdf
201406020810,2014,中山,2,8,10,2014-03-23,https://www.jra.go.jp/datafile/seiseki/report/2014/2014-2nakayama8.pdf,official_daily_result_pdf
201406020811,2014,中山,2,8,11,2014-03-23,https://www.jra.go.jp/datafile/seiseki/report/2014/2014-2nakayama8.pdf,official_daily_result_pdf
201406020812,2014,中山,2,8,12,2014-03-23,https://www.jra.go.jp/datafile/seiseki/report/2014/2014-2nakayama8.pdf,official_daily_result_pdf
201406030101,2014,中山,3,1,1,2014-03-29,https://www.jra.go.jp/datafile/seiseki/report/2014/2014-3nakayama1.pdf,official_daily_result_pdf
201406030102,2014,中山,3,1,2,2014-03-29,https://www.jra.go.jp/datafile/seiseki/report/2014/2014-3nakayama1.pdf,official_daily_result_pdf
201406030103,2014,中山,3,1,3,2014-03-29,https://www.jra.go.jp/datafile/seiseki/report/2014/2014-3nakayama1.pdf,official_daily_result_pdf
201406030104,2014,中山,3,1,4,2014-03-29,https://www.jra.go.jp/datafile/seiseki/report/2014/2014-3nakayama1.pdf,official_daily_result_pdf
201406030105,2014,中山,3,1,5,2014-03-29,https://www.jra.go.jp/datafile/seiseki/report/2014/2014-3nakayama1.pdf,official_daily_result_pdf
201406030106,2014,中山,3,1,6,2014-03-29,https://www.jra.go.jp/datafile/seiseki/report/2014/2014-3nakayama1.pdf,official_daily_result_pdf
201406030107,2014,中山,3,1,7,2014-03-29,https://www.jra.go.jp/datafile/seiseki/report/2014/2014-3nakayama1.pdf,official_daily_result_pdf
201406030108,2014,中山,3,1,8,2014-03-29,https://www.jra.go.jp/datafile/seiseki/report/2014/2014-3nakayama1.pdf,official_daily_result_pdf
201406030109,2014,中山,3,1,9,2014-03-29,https://www.jra.go.jp/datafile/seiseki/report/2014/2014-3nakayama1.pdf,official_daily_result_pdf
201406030110,2014,中山,3,1,10,2014-03-29,https://www.jra.go.jp/datafile/seiseki/report/2014/2014-3nakayama1.pdf,official_daily_result_pdf
201406030111,2014,中山,3,1,11,2014-03-29,https://www.jra.go.jp/datafile/seiseki/report/2014/2014-3nakayama1.pdf,official_daily_result_pdf
201406030112,2014,中山,3,1,12,2014-03-29,https://www.jra.go.jp/datafile/seiseki/report/2014/2014-3nakayama1.pdf,official_daily_result_pdf
201406030201,2014,中山,3,2,1,2014-03-30,https://www.jra.go.jp/datafile/seiseki/report/2014/2014-3nakayama2.pdf,official_daily_result_pdf
201406030202,2014,中山,3,2,2,2014-03-30,https://www.jra.go.jp/datafile/seiseki/report/2014/2014-3nakayama2.pdf,official_daily_result_pdf
201406030203,2014,中山,3,2,3,2014-03-30,https://www.jra.go.jp/datafile/seiseki/report/2014/2014-3nakayama2.pdf,official_daily_result_pdf
201406030204,2014,中山,3,2,4,2014-03-30,https://www.jra.go.jp/datafile/seiseki/report/2014/2014-3nakayama2.pdf,official_daily_result_pdf
201406030205,2014,中山,3,2,5,2014-03-30,https://www.jra.go.jp/datafile/seiseki/report/2014/2014-3nakayama2.pdf,official_daily_result_pdf
201406030206,2014,中山,3,2,6,2014-03-30,https://www.jra.go.jp/datafile/seiseki/report/2014/2014-3nakayama2.pdf,official_daily_result_pdf
201406030207,2014,中山,3,2,7,2014-03-30,https://www.jra.go.jp/datafile/seiseki/report/2014/2014-3nakayama2.pdf,official_daily_result_pdf
201406030208,2014,中山,3,2,8,2014-03-30,https://www.jra.go.jp/datafile/seiseki/report/2014/2014-3nakayama2.pdf,official_daily_result_pdf
201406030209,2014,中山,3,2,9,2014-03-30,https://www.jra.go.jp/datafile/seiseki/report/2014/2014-3nakayama2.pdf,official_daily_result_pdf
201406030210,2014,中山,3,2,10,2014-03-30,https://www.jra.go.jp/datafile/seiseki/report/2014/2014-3nakayama2.pdf,official_daily_result_pdf
201406030211,2014,中山,3,2,11,2014-03-30,https://www.jra.go.jp/datafile/seiseki/report/2014/2014-3nakayama2.pdf,official_daily_result_pdf
201406030212,2014,中山,3,2,12,2014-03-30,https://www.jra.go.jp/datafile/seiseki/report/2014/2014-3nakayama2.pdf,official_daily_result_pdf
201406030301,2014,中山,3,3,1,2014-04-05,https://www.jra.go.jp/datafile/seiseki/report/2014/2014-3nakayama3.pdf,official_daily_result_pdf
201406030302,2014,中山,3,3,2,2014-04-05,https://www.jra.go.jp/datafile/seiseki/report/2014/2014-3nakayama3.pdf,official_daily_result_pdf
201406030303,2014,中山,3,3,3,2014-04-05,https://www.jra.go.jp/datafile/seiseki/report/2014/2014-3nakayama3.pdf,official_daily_result_pdf
201406030304,2014,中山,3,3,4,2014-04-05,https://www.jra.go.jp/datafile/seiseki/report/2014/2014-3nakayama3.pdf,official_daily_result_pdf
201406030305,2014,中山,3,3,5,2014-04-05,https://www.jra.go.jp/datafile/seiseki/report/2014/2014-3nakayama3.pdf,official_daily_result_pdf
201406030306,2014,中山,3,3,6,2014-04-05,https://www.jra.go.jp/datafile/seiseki/report/2014/2014-3nakayama3.pdf,official_daily_result_pdf
201406030307,2014,中山,3,3,7,2014-04-05,https://www.jra.go.jp/datafile/seiseki/report/2014/2014-3nakayama3.pdf,official_daily_result_pdf
201406030308,2014,中山,3,3,8,2014-04-05,https://www.jra.go.jp/datafile/seiseki/report/2014/2014-3nakayama3.pdf,official_daily_result_pdf
201406030309,2014,中山,3,3,9,2014-04-05,https://www.jra.go.jp/datafile/seiseki/report/2014/2014-3nakayama3.pdf,official_daily_result_pdf
201406030310,2014,中山,3,3,10,2014-04-05,https://www.jra.go.jp/datafile/seiseki/report/2014/2014-3nakayama3.pdf,official_daily_result_pdf
201406030311,2014,中山,3,3,11,2014-04-05,https://www.jra.go.jp/datafile/seiseki/report/2014/2014-3nakayama3.pdf,official_daily_result_pdf
201406030312,2014,中山,3,3,12,2014-04-05,https://www.jra.go.jp/datafile/seiseki/report/2014/2014-3nakayama3.pdf,official_daily_result_pdf
201406030401,2014,中山,3,4,1,2014-04-06,https://www.jra.go.jp/datafile/seiseki/report/2014/2014-3nakayama4.pdf,official_daily_result_pdf
201406030402,2014,中山,3,4,2,2014-04-06,https://www.jra.go.jp/datafile/seiseki/report/2014/2014-3nakayama4.pdf,official_daily_result_pdf
201406030403,2014,中山,3,4,3,2014-04-06,https://www.jra.go.jp/datafile/seiseki/report/2014/2014-3nakayama4.pdf,official_daily_result_pdf
201406030404,2014,中山,3,4,4,2014-04-06,https://www.jra.go.jp/datafile/seiseki/report/2014/2014-3nakayama4.pdf,official_daily_result_pdf
201406030405,2014,中山,3,4,5,2014-04-06,https://www.jra.go.jp/datafile/seiseki/report/2014/2014-3nakayama4.pdf,official_daily_result_pdf
201406030406,2014,中山,3,4,6,2014-04-06,https://www.jra.go.jp/datafile/seiseki/report/2014/2014-3nakayama4.pdf,official_daily_result_pdf
201406030407,2014,中山,3,4,7,2014-04-06,https://www.jra.go.jp/datafile/seiseki/report/2014/2014-3nakayama4.pdf,official_daily_result_pdf
201406030408,2014,中山,3,4,8,2014-04-06,https://www.jra.go.jp/datafile/seiseki/report/2014/2014-3nakayama4.pdf,official_daily_result_pdf
201406030409,2014,中山,3,4,9,2014-04-06,https://www.jra.go.jp/datafile/seiseki/report/2014/2014-3nakayama4.pdf,official_daily_result_pdf
201406030410,2014,中山,3,4,10,2014-04-06,https://www.jra.go.jp/datafile/seiseki/report/2014/2014-3nakayama4.pdf,official_daily_result_pdf
201406030411,2014,中山,3,4,11,2014-04-06,https://www.jra.go.jp/datafile/seiseki/report/2014/2014-3nakayama4.pdf,official_daily_result_pdf
201406030412,2014,中山,3,4,12,2014-04-06,https://www.jra.go.jp/datafile/seiseki/report/2014/2014-3nakayama4.pdf,official_daily_result_pdf
201406030501,2014,中山,3,5,1,2014-04-12,https://www.jra.go.jp/datafile/seiseki/report/2014/2014-3nakayama5.pdf,official_daily_result_pdf
201406030502,2014,中山,3,5,2,2014-04-12,https://www.jra.go.jp/datafile/seiseki/report/2014/2014-3nakayama5.pdf,official_daily_result_pdf
201406030503,2014,中山,3,5,3,2014-04-12,https://www.jra.go.jp/datafile/seiseki/report/2014/2014-3nakayama5.pdf,official_daily_result_pdf
201406030504,2014,中山,3,5,4,2014-04-12,https://www.jra.go.jp/datafile/seiseki/report/2014/2014-3nakayama5.pdf,official_daily_result_pdf
201406030505,2014,中山,3,5,5,2014-04-12,https://www.jra.go.jp/datafile/seiseki/report/2014/2014-3nakayama5.pdf,official_daily_result_pdf
201406030506,2014,中山,3,5,6,2014-04-12,https://www.jra.go.jp/datafile/seiseki/report/2014/2014-3nakayama5.pdf,official_daily_result_pdf
201406030507,2014,中山,3,5,7,2014-04-12,https://www.jra.go.jp/datafile/seiseki/report/2014/2014-3nakayama5.pdf,official_daily_result_pdf
201406030508,2014,中山,3,5,8,2014-04-12,https://www.jra.go.jp/datafile/seiseki/report/2014/2014-3nakayama5.pdf,official_daily_result_pdf
201406030509,2014,中山,3,5,9,2014-04-12,https://www.jra.go.jp/datafile/seiseki/report/2014/2014-3nakayama5.pdf,official_daily_result_pdf
201406030510,2014,中山,3,5,10,2014-04-12,https://www.jra.go.jp/datafile/seiseki/report/2014/2014-3nakayama5.pdf,official_daily_result_pdf
201406030511,2014,中山,3,5,11,2014-04-12,https://www.jra.go.jp/datafile/seiseki/report/2014/2014-3nakayama5.pdf,official_daily_result_pdf
201406030512,2014,中山,3,5,12,2014-04-12,https://www.jra.go.jp/datafile/seiseki/report/2014/2014-3nakayama5.pdf,official_daily_result_pdf
201406030601,2014,中山,3,6,1,2014-04-13,https://www.jra.go.jp/datafile/seiseki/report/2014/2014-3nakayama6.pdf,official_daily_result_pdf
201406030602,2014,中山,3,6,2,2014-04-13,https://www.jra.go.jp/datafile/seiseki/report/2014/2014-3nakayama6.pdf,official_daily_result_pdf
201406030603,2014,中山,3,6,3,2014-04-13,https://www.jra.go.jp/datafile/seiseki/report/2014/2014-3nakayama6.pdf,official_daily_result_pdf
201406030604,2014,中山,3,6,4,2014-04-13,https://www.jra.go.jp/datafile/seiseki/report/2014/2014-3nakayama6.pdf,official_daily_result_pdf
201406030605,2014,中山,3,6,5,2014-04-13,https://www.jra.go.jp/datafile/seiseki/report/2014/2014-3nakayama6.pdf,official_daily_result_pdf
201406030606,2014,中山,3,6,6,2014-04-13,https://www.jra.go.jp/datafile/seiseki/report/2014/2014-3nakayama6.pdf,official_daily_result_pdf
201406030607,2014,中山,3,6,7,2014-04-13,https://www.jra.go.jp/datafile/seiseki/report/2014/2014-3nakayama6.pdf,official_daily_result_pdf
201406030608,2014,中山,3,6,8,2014-04-13,https://www.jra.go.jp/datafile/seiseki/report/2014/2014-3nakayama6.pdf,official_daily_result_pdf
201406030609,2014,中山,3,6,9,2014-04-13,https://www.jra.go.jp/datafile/seiseki/report/2014/2014-3nakayama6.pdf,official_daily_result_pdf
201406030610,2014,中山,3,6,10,2014-04-13,https://www.jra.go.jp/datafile/seiseki/report/2014/2014-3nakayama6.pdf,official_daily_result_pdf
201406030611,2014,中山,3,6,11,2014-04-13,https://www.jra.go.jp/datafile/seiseki/report/2014/2014-3nakayama6.pdf,official_daily_result_pdf
201406030612,2014,中山,3,6,12,2014-04-13,https://www.jra.go.jp/datafile/seiseki/report/2014/2014-3nakayama6.pdf,official_daily_result_pdf
201406030701,2014,中山,3,7,1,2014-04-19,https://www.jra.go.jp/datafile/seiseki/report/2014/2014-3nakayama7.pdf,official_daily_result_pdf
201406030702,2014,中山,3,7,2,2014-04-19,https://www.jra.go.jp/datafile/seiseki/report/2014/2014-3nakayama7.pdf,official_daily_result_pdf
201406030703,2014,中山,3,7,3,2014-04-19,https://www.jra.go.jp/datafile/seiseki/report/2014/2014-3nakayama7.pdf,official_daily_result_pdf
201406030704,2014,中山,3,7,4,2014-04-19,https://www.jra.go.jp/datafile/seiseki/report/2014/2014-3nakayama7.pdf,official_daily_result_pdf
201406030705,2014,中山,3,7,5,2014-04-19,https://www.jra.go.jp/datafile/seiseki/report/2014/2014-3nakayama7.pdf,official_daily_result_pdf
201406030706,2014,中山,3,7,6,2014-04-19,https://www.jra.go.jp/datafile/seiseki/report/2014/2014-3nakayama7.pdf,official_daily_result_pdf
201406030707,2014,中山,3,7,7,2014-04-19,https://www.jra.go.jp/datafile/seiseki/report/2014/2014-3nakayama7.pdf,official_daily_result_pdf
201406030708,2014,中山,3,7,8,2014-04-19,https://www.jra.go.jp/datafile/seiseki/report/2014/2014-3nakayama7.pdf,official_daily_result_pdf
201406030709,2014,中山,3,7,9,2014-04-19,https://www.jra.go.jp/datafile/seiseki/report/2014/2014-3nakayama7.pdf,official_daily_result_pdf
201406030710,2014,中山,3,7,10,2014-04-19,https://www.jra.go.jp/datafile/seiseki/report/2014/2014-3nakayama7.pdf,official_daily_result_pdf
201406030711,2014,中山,3,7,11,2014-04-19,https://www.jra.go.jp/datafile/seiseki/report/2014/2014-3nakayama7.pdf,official_daily_result_pdf
201406030712,2014,中山,3,7,12,2014-04-19,https://www.jra.go.jp/datafile/seiseki/report/2014/2014-3nakayama7.pdf,official_daily_result_pdf
201406030801,2014,中山,3,8,1,2014-04-20,https://www.jra.go.jp/datafile/seiseki/report/2014/2014-3nakayama8.pdf,official_daily_result_pdf
201406030802,2014,中山,3,8,2,2014-04-20,https://www.jra.go.jp/datafile/seiseki/report/2014/2014-3nakayama8.pdf,official_daily_result_pdf
201406030803,2014,中山,3,8,3,2014-04-20,https://www.jra.go.jp/datafile/seiseki/report/2014/2014-3nakayama8.pdf,official_daily_result_pdf
201406030804,2014,中山,3,8,4,2014-04-20,https://www.jra.go.jp/datafile/seiseki/report/2014/2014-3nakayama8.pdf,official_daily_result_pdf
201406030805,2014,中山,3,8,5,2014-04-20,https://www.jra.go.jp/datafile/seiseki/report/2014/2014-3nakayama8.pdf,official_daily_result_pdf
201406030806,2014,中山,3,8,6,2014-04-20,https://www.jra.go.jp/datafile/seiseki/report/2014/2014-3nakayama8.pdf,official_daily_result_pdf
201406030807,2014,中山,3,8,7,2014-04-20,https://www.jra.go.jp/datafile/seiseki/report/2014/2014-3nakayama8.pdf,official_daily_result_pdf
201406030808,2014,中山,3,8,8,2014-04-20,https://www.jra.go.jp/datafile/seiseki/report/2014/2014-3nakayama8.pdf,official_daily_result_pdf
201406030809,2014,中山,3,8,9,2014-04-20,https://www.jra.go.jp/datafile/seiseki/report/2014/2014-3nakayama8.pdf,official_daily_result_pdf
201406030810,2014,中山,3,8,10,2014-04-20,https://www.jra.go.jp/datafile/seiseki/report/2014/2014-3nakayama8.pdf,official_daily_result_pdf
201406030811,2014,中山,3,8,11,2014-04-20,https://www.jra.go.jp/datafile/seiseki/report/2014/2014-3nakayama8.pdf,official_daily_result_pdf
201406030812,2014,中山,3,8,12,2014-04-20,https://www.jra.go.jp/datafile/seiseki/report/2014/2014-3nakayama8.pdf,official_daily_result_pdf
201406040101,2014,中山,4,1,1,2014-12-06,https://www.jra.go.jp/datafile/seiseki/report/2014/2014-4nakayama1.pdf,official_daily_result_pdf
201406040102,2014,中山,4,1,2,2014-12-06,https://www.jra.go.jp/datafile/seiseki/report/2014/2014-4nakayama1.pdf,official_daily_result_pdf
201406040103,2014,中山,4,1,3,2014-12-06,https://www.jra.go.jp/datafile/seiseki/report/2014/2014-4nakayama1.pdf,official_daily_result_pdf
201406040104,2014,中山,4,1,4,2014-12-06,https://www.jra.go.jp/datafile/seiseki/report/2014/2014-4nakayama1.pdf,official_daily_result_pdf
201406040105,2014,中山,4,1,5,2014-12-06,https://www.jra.go.jp/datafile/seiseki/report/2014/2014-4nakayama1.pdf,official_daily_result_pdf
201406040106,2014,中山,4,1,6,2014-12-06,https://www.jra.go.jp/datafile/seiseki/report/2014/2014-4nakayama1.pdf,official_daily_result_pdf
201406040107,2014,中山,4,1,7,2014-12-06,https://www.jra.go.jp/datafile/seiseki/report/2014/2014-4nakayama1.pdf,official_daily_result_pdf
201406040108,2014,中山,4,1,8,2014-12-06,https://www.jra.go.jp/datafile/seiseki/report/2014/2014-4nakayama1.pdf,official_daily_result_pdf
201406040109,2014,中山,4,1,9,2014-12-06,https://www.jra.go.jp/datafile/seiseki/report/2014/2014-4nakayama1.pdf,official_daily_result_pdf
201406040110,2014,中山,4,1,10,2014-12-06,https://www.jra.go.jp/datafile/seiseki/report/2014/2014-4nakayama1.pdf,official_daily_result_pdf
201406040111,2014,中山,4,1,11,2014-12-06,https://www.jra.go.jp/datafile/seiseki/report/2014/2014-4nakayama1.pdf,official_daily_result_pdf
201406040112,2014,中山,4,1,12,2014-12-06,https://www.jra.go.jp/datafile/seiseki/report/2014/2014-4nakayama1.pdf,official_daily_result_pdf
201406040201,2014,中山,4,2,1,2014-12-07,https://www.jra.go.jp/datafile/seiseki/report/2014/2014-4nakayama2.pdf,official_daily_result_pdf
201406040202,2014,中山,4,2,2,2014-12-07,https://www.jra.go.jp/datafile/seiseki/report/2014/2014-4nakayama2.pdf,official_daily_result_pdf
201406040203,2014,中山,4,2,3,2014-12-07,https://www.jra.go.jp/datafile/seiseki/report/2014/2014-4nakayama2.pdf,official_daily_result_pdf
201406040204,2014,中山,4,2,4,2014-12-07,https://www.jra.go.jp/datafile/seiseki/report/2014/2014-4nakayama2.pdf,official_daily_result_pdf
201406040205,2014,中山,4,2,5,2014-12-07,https://www.jra.go.jp/datafile/seiseki/report/2014/2014-4nakayama2.pdf,official_daily_result_pdf
201406040206,2014,中山,4,2,6,2014-12-07,https://www.jra.go.jp/datafile/seiseki/report/2014/2014-4nakayama2.pdf,official_daily_result_pdf
201406040207,2014,中山,4,2,7,2014-12-07,https://www.jra.go.jp/datafile/seiseki/report/2014/2014-4nakayama2.pdf,official_daily_result_pdf
201406040208,2014,中山,4,2,8,2014-12-07,https://www.jra.go.jp/datafile/seiseki/report/2014/2014-4nakayama2.pdf,official_daily_result_pdf
201406040209,2014,中山,4,2,9,2014-12-07,https://www.jra.go.jp/datafile/seiseki/report/2014/2014-4nakayama2.pdf,official_daily_result_pdf
201406040210,2014,中山,4,2,10,2014-12-07,https://www.jra.go.jp/datafile/seiseki/report/2014/2014-4nakayama2.pdf,official_daily_result_pdf
201406040211,2014,中山,4,2,11,2014-12-07,https://www.jra.go.jp/datafile/seiseki/report/2014/2014-4nakayama2.pdf,official_daily_result_pdf
201406040212,2014,中山,4,2,12,2014-12-07,https://www.jra.go.jp/datafile/seiseki/report/2014/2014-4nakayama2.pdf,official_daily_result_pdf
201406040301,2014,中山,4,3,1,2014-12-13,https://www.jra.go.jp/datafile/seiseki/report/2014/2014-4nakayama3.pdf,official_daily_result_pdf
201406040302,2014,中山,4,3,2,2014-12-13,https://www.jra.go.jp/datafile/seiseki/report/2014/2014-4nakayama3.pdf,official_daily_result_pdf
201406040303,2014,中山,4,3,3,2014-12-13,https://www.jra.go.jp/datafile/seiseki/report/2014/2014-4nakayama3.pdf,official_daily_result_pdf
201406040304,2014,中山,4,3,4,2014-12-13,https://www.jra.go.jp/datafile/seiseki/report/2014/2014-4nakayama3.pdf,official_daily_result_pdf
201406040305,2014,中山,4,3,5,2014-12-13,https://www.jra.go.jp/datafile/seiseki/report/2014/2014-4nakayama3.pdf,official_daily_result_pdf
201406040306,2014,中山,4,3,6,2014-12-13,https://www.jra.go.jp/datafile/seiseki/report/2014/2014-4nakayama3.pdf,official_daily_result_pdf
201406040307,2014,中山,4,3,7,2014-12-13,https://www.jra.go.jp/datafile/seiseki/report/2014/2014-4nakayama3.pdf,official_daily_result_pdf
201406040308,2014,中山,4,3,8,2014-12-13,https://www.jra.go.jp/datafile/seiseki/report/2014/2014-4nakayama3.pdf,official_daily_result_pdf
201406040309,2014,中山,4,3,9,2014-12-13,https://www.jra.go.jp/datafile/seiseki/report/2014/2014-4nakayama3.pdf,official_daily_result_pdf
201406040310,2014,中山,4,3,10,2014-12-13,https://www.jra.go.jp/datafile/seiseki/report/2014/2014-4nakayama3.pdf,official_daily_result_pdf
201406040311,2014,中山,4,3,11,2014-12-13,https://www.jra.go.jp/datafile/seiseki/report/2014/2014-4nakayama3.pdf,official_daily_result_pdf
201406040312,2014,中山,4,3,12,2014-12-13,https://www.jra.go.jp/datafile/seiseki/report/2014/2014-4nakayama3.pdf,official_daily_result_pdf
201406040401,2014,中山,4,4,1,2014-12-14,https://www.jra.go.jp/datafile/seiseki/report/2014/2014-4nakayama4.pdf,official_daily_result_pdf
201406040402,2014,中山,4,4,2,2014-12-14,https://www.jra.go.jp/datafile/seiseki/report/2014/2014-4nakayama4.pdf,official_daily_result_pdf
201406040403,2014,中山,4,4,3,2014-12-14,https://www.jra.go.jp/datafile/seiseki/report/2014/2014-4nakayama4.pdf,official_daily_result_pdf
201406040404,2014,中山,4,4,4,2014-12-14,https://www.jra.go.jp/datafile/seiseki/report/2014/2014-4nakayama4.pdf,official_daily_result_pdf
201406040405,2014,中山,4,4,5,2014-12-14,https://www.jra.go.jp/datafile/seiseki/report/2014/2014-4nakayama4.pdf,official_daily_result_pdf
201406040406,2014,中山,4,4,6,2014-12-14,https://www.jra.go.jp/datafile/seiseki/report/2014/2014-4nakayama4.pdf,official_daily_result_pdf
201406040407,2014,中山,4,4,7,2014-12-14,https://www.jra.go.jp/datafile/seiseki/report/2014/2014-4nakayama4.pdf,official_daily_result_pdf
201406040408,2014,中山,4,4,8,2014-12-14,https://www.jra.go.jp/datafile/seiseki/report/2014/2014-4nakayama4.pdf,official_daily_result_pdf
201406040409,2014,中山,4,4,9,2014-12-14,https://www.jra.go.jp/datafile/seiseki/report/2014/2014-4nakayama4.pdf,official_daily_result_pdf
201406040410,2014,中山,4,4,10,2014-12-14,https://www.jra.go.jp/datafile/seiseki/report/2014/2014-4nakayama4.pdf,official_daily_result_pdf
201406040411,2014,中山,4,4,11,2014-12-14,https://www.jra.go.jp/datafile/seiseki/report/2014/2014-4nakayama4.pdf,official_daily_result_pdf
201406040412,2014,中山,4,4,12,2014-12-14,https://www.jra.go.jp/datafile/seiseki/report/2014/2014-4nakayama4.pdf,official_daily_result_pdf
201406040501,2014,中山,4,5,1,2014-12-20,https://www.jra.go.jp/datafile/seiseki/report/2014/2014-4nakayama5.pdf,official_daily_result_pdf
201406040502,2014,中山,4,5,2,2014-12-20,https://www.jra.go.jp/datafile/seiseki/report/2014/2014-4nakayama5.pdf,official_daily_result_pdf
201406040503,2014,中山,4,5,3,2014-12-20,https://www.jra.go.jp/datafile/seiseki/report/2014/2014-4nakayama5.pdf,official_daily_result_pdf
201406040504,2014,中山,4,5,4,2014-12-20,https://www.jra.go.jp/datafile/seiseki/report/2014/2014-4nakayama5.pdf,official_daily_result_pdf
201406040505,2014,中山,4,5,5,2014-12-20,https://www.jra.go.jp/datafile/seiseki/report/2014/2014-4nakayama5.pdf,official_daily_result_pdf
201406040506,2014,中山,4,5,6,2014-12-20,https://www.jra.go.jp/datafile/seiseki/report/2014/2014-4nakayama5.pdf,official_daily_result_pdf
201406040507,2014,中山,4,5,7,2014-12-20,https://www.jra.go.jp/datafile/seiseki/report/2014/2014-4nakayama5.pdf,official_daily_result_pdf
201406040508,2014,中山,4,5,8,2014-12-20,https://www.jra.go.jp/datafile/seiseki/report/2014/2014-4nakayama5.pdf,official_daily_result_pdf
201406040509,2014,中山,4,5,9,2014-12-20,https://www.jra.go.jp/datafile/seiseki/report/2014/2014-4nakayama5.pdf,official_daily_result_pdf
201406040510,2014,中山,4,5,10,2014-12-20,https://www.jra.go.jp/datafile/seiseki/report/2014/2014-4nakayama5.pdf,official_daily_result_pdf
201406040511,2014,中山,4,5,11,2014-12-20,https://www.jra.go.jp/datafile/seiseki/report/2014/2014-4nakayama5.pdf,official_daily_result_pdf
201406040512,2014,中山,4,5,12,2014-12-20,https://www.jra.go.jp/datafile/seiseki/report/2014/2014-4nakayama5.pdf,official_daily_result_pdf
201406040601,2014,中山,4,6,1,2014-12-21,https://www.jra.go.jp/datafile/seiseki/report/2014/2014-4nakayama6.pdf,official_daily_result_pdf
201406040602,2014,中山,4,6,2,2014-12-21,https://www.jra.go.jp/datafile/seiseki/report/2014/2014-4nakayama6.pdf,official_daily_result_pdf
201406040603,2014,中山,4,6,3,2014-12-21,https://www.jra.go.jp/datafile/seiseki/report/2014/2014-4nakayama6.pdf,official_daily_result_pdf
201406040604,2014,中山,4,6,4,2014-12-21,https://www.jra.go.jp/datafile/seiseki/report/2014/2014-4nakayama6.pdf,official_daily_result_pdf
201406040605,2014,中山,4,6,5,2014-12-21,https://www.jra.go.jp/datafile/seiseki/report/2014/2014-4nakayama6.pdf,official_daily_result_pdf
201406040606,2014,中山,4,6,6,2014-12-21,https://www.jra.go.jp/datafile/seiseki/report/2014/2014-4nakayama6.pdf,official_daily_result_pdf
201406040607,2014,中山,4,6,7,2014-12-21,https://www.jra.go.jp/datafile/seiseki/report/2014/2014-4nakayama6.pdf,official_daily_result_pdf
201406040608,2014,中山,4,6,8,2014-12-21,https://www.jra.go.jp/datafile/seiseki/report/2014/2014-4nakayama6.pdf,official_daily_result_pdf
201406040609,2014,中山,4,6,9,2014-12-21,https://www.jra.go.jp/datafile/seiseki/report/2014/2014-4nakayama6.pdf,official_daily_result_pdf
201406040610,2014,中山,4,6,10,2014-12-21,https://www.jra.go.jp/datafile/seiseki/report/2014/2014-4nakayama6.pdf,official_daily_result_pdf
201406040611,2014,中山,4,6,11,2014-12-21,https://www.jra.go.jp/datafile/seiseki/report/2014/2014-4nakayama6.pdf,official_daily_result_pdf
201406040612,2014,中山,4,6,12,2014-12-21,https://www.jra.go.jp/datafile/seiseki/report/2014/2014-4nakayama6.pdf,official_daily_result_pdf
201406040701,2014,中山,4,7,1,2014-12-27,https://www.jra.go.jp/datafile/seiseki/report/2014/2014-4nakayama7.pdf,official_daily_result_pdf
201406040702,2014,中山,4,7,2,2014-12-27,https://www.jra.go.jp/datafile/seiseki/report/2014/2014-4nakayama7.pdf,official_daily_result_pdf
201406040703,2014,中山,4,7,3,2014-12-27,https://www.jra.go.jp/datafile/seiseki/report/2014/2014-4nakayama7.pdf,official_daily_result_pdf
201406040704,2014,中山,4,7,4,2014-12-27,https://www.jra.go.jp/datafile/seiseki/report/2014/2014-4nakayama7.pdf,official_daily_result_pdf
201406040705,2014,中山,4,7,5,2014-12-27,https://www.jra.go.jp/datafile/seiseki/report/2014/2014-4nakayama7.pdf,official_daily_result_pdf
201406040706,2014,中山,4,7,6,2014-12-27,https://www.jra.go.jp/datafile/seiseki/report/2014/2014-4nakayama7.pdf,official_daily_result_pdf
201406040707,2014,中山,4,7,7,2014-12-27,https://www.jra.go.jp/datafile/seiseki/report/2014/2014-4nakayama7.pdf,official_daily_result_pdf
201406040708,2014,中山,4,7,8,2014-12-27,https://www.jra.go.jp/datafile/seiseki/report/2014/2014-4nakayama7.pdf,official_daily_result_pdf
201406040709,2014,中山,4,7,9,2014-12-27,https://www.jra.go.jp/datafile/seiseki/report/2014/2014-4nakayama7.pdf,official_daily_result_pdf
201406040710,2014,中山,4,7,10,2014-12-27,https://www.jra.go.jp/datafile/seiseki/report/2014/2014-4nakayama7.pdf,official_daily_result_pdf
201406040711,2014,中山,4,7,11,2014-12-27,https://www.jra.go.jp/datafile/seiseki/report/2014/2014-4nakayama7.pdf,official_daily_result_pdf
201406040712,2014,中山,4,7,12,2014-12-27,https://www.jra.go.jp/datafile/seiseki/report/2014/2014-4nakayama7.pdf,official_daily_result_pdf
201406040801,2014,中山,4,8,1,2014-12-28,https://www.jra.go.jp/datafile/seiseki/report/2014/2014-4nakayama8.pdf,official_daily_result_pdf
201406040802,2014,中山,4,8,2,2014-12-28,https://www.jra.go.jp/datafile/seiseki/report/2014/2014-4nakayama8.pdf,official_daily_result_pdf
201406040803,2014,中山,4,8,3,2014-12-28,https://www.jra.go.jp/datafile/seiseki/report/2014/2014-4nakayama8.pdf,official_daily_result_pdf
201406040804,2014,中山,4,8,4,2014-12-28,https://www.jra.go.jp/datafile/seiseki/report/2014/2014-4nakayama8.pdf,official_daily_result_pdf
201406040805,2014,中山,4,8,5,2014-12-28,https://www.jra.go.jp/datafile/seiseki/report/2014/2014-4nakayama8.pdf,official_daily_result_pdf
201406040806,2014,中山,4,8,6,2014-12-28,https://www.jra.go.jp/datafile/seiseki/report/2014/2014-4nakayama8.pdf,official_daily_result_pdf
201406040807,2014,中山,4,8,7,2014-12-28,https://www.jra.go.jp/datafile/seiseki/report/2014/2014-4nakayama8.pdf,official_daily_result_pdf
201406040808,2014,中山,4,8,8,2014-12-28,https://www.jra.go.jp/datafile/seiseki/report/2014/2014-4nakayama8.pdf,official_daily_result_pdf
201406040809,2014,中山,4,8,9,2014-12-28,https://www.jra.go.jp/datafile/seiseki/report/2014/2014-4nakayama8.pdf,official_daily_result_pdf
201406040810,2014,中山,4,8,10,2014-12-28,https://www.jra.go.jp/datafile/seiseki/report/2014/2014-4nakayama8.pdf,official_daily_result_pdf
201406040811,2014,中山,4,8,11,2014-12-28,https://www.jra.go.jp/datafile/seiseki/report/2014/2014-4nakayama8.pdf,official_daily_result_pdf
201407010101,2014,中京,1,1,1,2014-01-18,https://www.jra.go.jp/datafile/seiseki/report/2014/2014-1chukyo1.pdf,official_daily_result_pdf
201407010102,2014,中京,1,1,2,2014-01-18,https://www.jra.go.jp/datafile/seiseki/report/2014/2014-1chukyo1.pdf,official_daily_result_pdf
201407010103,2014,中京,1,1,3,2014-01-18,https://www.jra.go.jp/datafile/seiseki/report/2014/2014-1chukyo1.pdf,official_daily_result_pdf
201407010104,2014,中京,1,1,4,2014-01-18,https://www.jra.go.jp/datafile/seiseki/report/2014/2014-1chukyo1.pdf,official_daily_result_pdf
201407010105,2014,中京,1,1,5,2014-01-18,https://www.jra.go.jp/datafile/seiseki/report/2014/2014-1chukyo1.pdf,official_daily_result_pdf
201407010106,2014,中京,1,1,6,2014-01-18,https://www.jra.go.jp/datafile/seiseki/report/2014/2014-1chukyo1.pdf,official_daily_result_pdf
201407010107,2014,中京,1,1,7,2014-01-18,https://www.jra.go.jp/datafile/seiseki/report/2014/2014-1chukyo1.pdf,official_daily_result_pdf
201407010108,2014,中京,1,1,8,2014-01-18,https://www.jra.go.jp/datafile/seiseki/report/2014/2014-1chukyo1.pdf,official_daily_result_pdf
201407010109,2014,中京,1,1,9,2014-01-18,https://www.jra.go.jp/datafile/seiseki/report/2014/2014-1chukyo1.pdf,official_daily_result_pdf
201407010110,2014,中京,1,1,10,2014-01-18,https://www.jra.go.jp/datafile/seiseki/report/2014/2014-1chukyo1.pdf,official_daily_result_pdf
201407010111,2014,中京,1,1,11,2014-01-18,https://www.jra.go.jp/datafile/seiseki/report/2014/2014-1chukyo1.pdf,official_daily_result_pdf
201407010112,2014,中京,1,1,12,2014-01-18,https://www.jra.go.jp/datafile/seiseki/report/2014/2014-1chukyo1.pdf,official_daily_result_pdf
201407010201,2014,中京,1,2,1,2014-01-19,https://www.jra.go.jp/datafile/seiseki/report/2014/2014-1chukyo2.pdf,official_daily_result_pdf
201407010202,2014,中京,1,2,2,2014-01-19,https://www.jra.go.jp/datafile/seiseki/report/2014/2014-1chukyo2.pdf,official_daily_result_pdf
201407010203,2014,中京,1,2,3,2014-01-19,https://www.jra.go.jp/datafile/seiseki/report/2014/2014-1chukyo2.pdf,official_daily_result_pdf
201407010204,2014,中京,1,2,4,2014-01-19,https://www.jra.go.jp/datafile/seiseki/report/2014/2014-1chukyo2.pdf,official_daily_result_pdf
201407010205,2014,中京,1,2,5,2014-01-19,https://www.jra.go.jp/datafile/seiseki/report/2014/2014-1chukyo2.pdf,official_daily_result_pdf
201407010206,2014,中京,1,2,6,2014-01-19,https://www.jra.go.jp/datafile/seiseki/report/2014/2014-1chukyo2.pdf,official_daily_result_pdf
201407010207,2014,中京,1,2,7,2014-01-19,https://www.jra.go.jp/datafile/seiseki/report/2014/2014-1chukyo2.pdf,official_daily_result_pdf
201407010208,2014,中京,1,2,8,2014-01-19,https://www.jra.go.jp/datafile/seiseki/report/2014/2014-1chukyo2.pdf,official_daily_result_pdf
201407010209,2014,中京,1,2,9,2014-01-19,https://www.jra.go.jp/datafile/seiseki/report/2014/2014-1chukyo2.pdf,official_daily_result_pdf
201407010210,2014,中京,1,2,10,2014-01-19,https://www.jra.go.jp/datafile/seiseki/report/2014/2014-1chukyo2.pdf,official_daily_result_pdf
201407010211,2014,中京,1,2,11,2014-01-19,https://www.jra.go.jp/datafile/seiseki/report/2014/2014-1chukyo2.pdf,official_daily_result_pdf
201407010212,2014,中京,1,2,12,2014-01-19,https://www.jra.go.jp/datafile/seiseki/report/2014/2014-1chukyo2.pdf,official_daily_result_pdf
201407010301,2014,中京,1,3,1,2014-01-25,https://www.jra.go.jp/datafile/seiseki/report/2014/2014-1chukyo3.pdf,official_daily_result_pdf
201407010302,2014,中京,1,3,2,2014-01-25,https://www.jra.go.jp/datafile/seiseki/report/2014/2014-1chukyo3.pdf,official_daily_result_pdf
201407010303,2014,中京,1,3,3,2014-01-25,https://www.jra.go.jp/datafile/seiseki/report/2014/2014-1chukyo3.pdf,official_daily_result_pdf
201407010304,2014,中京,1,3,4,2014-01-25,https://www.jra.go.jp/datafile/seiseki/report/2014/2014-1chukyo3.pdf,official_daily_result_pdf
201407010305,2014,中京,1,3,5,2014-01-25,https://www.jra.go.jp/datafile/seiseki/report/2014/2014-1chukyo3.pdf,official_daily_result_pdf
201407010306,2014,中京,1,3,6,2014-01-25,https://www.jra.go.jp/datafile/seiseki/report/2014/2014-1chukyo3.pdf,official_daily_result_pdf
201407010307,2014,中京,1,3,7,2014-01-25,https://www.jra.go.jp/datafile/seiseki/report/2014/2014-1chukyo3.pdf,official_daily_result_pdf
201407010308,2014,中京,1,3,8,2014-01-25,https://www.jra.go.jp/datafile/seiseki/report/2014/2014-1chukyo3.pdf,official_daily_result_pdf
201407010309,2014,中京,1,3,9,2014-01-25,https://www.jra.go.jp/datafile/seiseki/report/2014/2014-1chukyo3.pdf,official_daily_result_pdf
201407010310,2014,中京,1,3,10,2014-01-25,https://www.jra.go.jp/datafile/seiseki/report/2014/2014-1chukyo3.pdf,official_daily_result_pdf
201407010311,2014,中京,1,3,11,2014-01-25,https://www.jra.go.jp/datafile/seiseki/report/2014/2014-1chukyo3.pdf,official_daily_result_pdf
201407010312,2014,中京,1,3,12,2014-01-25,https://www.jra.go.jp/datafile/seiseki/report/2014/2014-1chukyo3.pdf,official_daily_result_pdf
201407010401,2014,中京,1,4,1,2014-01-26,https://www.jra.go.jp/datafile/seiseki/report/2014/2014-1chukyo4.pdf,official_daily_result_pdf
201407010402,2014,中京,1,4,2,2014-01-26,https://www.jra.go.jp/datafile/seiseki/report/2014/2014-1chukyo4.pdf,official_daily_result_pdf
201407010403,2014,中京,1,4,3,2014-01-26,https://www.jra.go.jp/datafile/seiseki/report/2014/2014-1chukyo4.pdf,official_daily_result_pdf
201407010404,2014,中京,1,4,4,2014-01-26,https://www.jra.go.jp/datafile/seiseki/report/2014/2014-1chukyo4.pdf,official_daily_result_pdf
201407010405,2014,中京,1,4,5,2014-01-26,https://www.jra.go.jp/datafile/seiseki/report/2014/2014-1chukyo4.pdf,official_daily_result_pdf
201407010406,2014,中京,1,4,6,2014-01-26,https://www.jra.go.jp/datafile/seiseki/report/2014/2014-1chukyo4.pdf,official_daily_result_pdf
201407010407,2014,中京,1,4,7,2014-01-26,https://www.jra.go.jp/datafile/seiseki/report/2014/2014-1chukyo4.pdf,official_daily_result_pdf
201407010408,2014,中京,1,4,8,2014-01-26,https://www.jra.go.jp/datafile/seiseki/report/2014/2014-1chukyo4.pdf,official_daily_result_pdf
201407010409,2014,中京,1,4,9,2014-01-26,https://www.jra.go.jp/datafile/seiseki/report/2014/2014-1chukyo4.pdf,official_daily_result_pdf
201407010410,2014,中京,1,4,10,2014-01-26,https://www.jra.go.jp/datafile/seiseki/report/2014/2014-1chukyo4.pdf,official_daily_result_pdf
201407010411,2014,中京,1,4,11,2014-01-26,https://www.jra.go.jp/datafile/seiseki/report/2014/2014-1chukyo4.pdf,official_daily_result_pdf
201407010412,2014,中京,1,4,12,2014-01-26,https://www.jra.go.jp/datafile/seiseki/report/2014/2014-1chukyo4.pdf,official_daily_result_pdf
201407020101,2014,中京,2,1,1,2014-03-15,https://www.jra.go.jp/datafile/seiseki/report/2014/2014-2chukyo1.pdf,official_daily_result_pdf
201407020102,2014,中京,2,1,2,2014-03-15,https://www.jra.go.jp/datafile/seiseki/report/2014/2014-2chukyo1.pdf,official_daily_result_pdf
201407020103,2014,中京,2,1,3,2014-03-15,https://www.jra.go.jp/datafile/seiseki/report/2014/2014-2chukyo1.pdf,official_daily_result_pdf
201407020104,2014,中京,2,1,4,2014-03-15,https://www.jra.go.jp/datafile/seiseki/report/2014/2014-2chukyo1.pdf,official_daily_result_pdf
201407020105,2014,中京,2,1,5,2014-03-15,https://www.jra.go.jp/datafile/seiseki/report/2014/2014-2chukyo1.pdf,official_daily_result_pdf
201407020106,2014,中京,2,1,6,2014-03-15,https://www.jra.go.jp/datafile/seiseki/report/2014/2014-2chukyo1.pdf,official_daily_result_pdf
201407020107,2014,中京,2,1,7,2014-03-15,https://www.jra.go.jp/datafile/seiseki/report/2014/2014-2chukyo1.pdf,official_daily_result_pdf
201407020108,2014,中京,2,1,8,2014-03-15,https://www.jra.go.jp/datafile/seiseki/report/2014/2014-2chukyo1.pdf,official_daily_result_pdf
201407020109,2014,中京,2,1,9,2014-03-15,https://www.jra.go.jp/datafile/seiseki/report/2014/2014-2chukyo1.pdf,official_daily_result_pdf
201407020110,2014,中京,2,1,10,2014-03-15,https://www.jra.go.jp/datafile/seiseki/report/2014/2014-2chukyo1.pdf,official_daily_result_pdf
201407020111,2014,中京,2,1,11,2014-03-15,https://www.jra.go.jp/datafile/seiseki/report/2014/2014-2chukyo1.pdf,official_daily_result_pdf
201407020112,2014,中京,2,1,12,2014-03-15,https://www.jra.go.jp/datafile/seiseki/report/2014/2014-2chukyo1.pdf,official_daily_result_pdf
201407020201,2014,中京,2,2,1,2014-03-16,https://www.jra.go.jp/datafile/seiseki/report/2014/2014-2chukyo2.pdf,official_daily_result_pdf
201407020202,2014,中京,2,2,2,2014-03-16,https://www.jra.go.jp/datafile/seiseki/report/2014/2014-2chukyo2.pdf,official_daily_result_pdf
201407020203,2014,中京,2,2,3,2014-03-16,https://www.jra.go.jp/datafile/seiseki/report/2014/2014-2chukyo2.pdf,official_daily_result_pdf
201407020204,2014,中京,2,2,4,2014-03-16,https://www.jra.go.jp/datafile/seiseki/report/2014/2014-2chukyo2.pdf,official_daily_result_pdf
201407020205,2014,中京,2,2,5,2014-03-16,https://www.jra.go.jp/datafile/seiseki/report/2014/2014-2chukyo2.pdf,official_daily_result_pdf
201407020206,2014,中京,2,2,6,2014-03-16,https://www.jra.go.jp/datafile/seiseki/report/2014/2014-2chukyo2.pdf,official_daily_result_pdf
201407020207,2014,中京,2,2,7,2014-03-16,https://www.jra.go.jp/datafile/seiseki/report/2014/2014-2chukyo2.pdf,official_daily_result_pdf
201407020208,2014,中京,2,2,8,2014-03-16,https://www.jra.go.jp/datafile/seiseki/report/2014/2014-2chukyo2.pdf,official_daily_result_pdf
201407020209,2014,中京,2,2,9,2014-03-16,https://www.jra.go.jp/datafile/seiseki/report/2014/2014-2chukyo2.pdf,official_daily_result_pdf
201407020210,2014,中京,2,2,10,2014-03-16,https://www.jra.go.jp/datafile/seiseki/report/2014/2014-2chukyo2.pdf,official_daily_result_pdf
201407020211,2014,中京,2,2,11,2014-03-16,https://www.jra.go.jp/datafile/seiseki/report/2014/2014-2chukyo2.pdf,official_daily_result_pdf
201407020212,2014,中京,2,2,12,2014-03-16,https://www.jra.go.jp/datafile/seiseki/report/2014/2014-2chukyo2.pdf,official_daily_result_pdf
201407020301,2014,中京,2,3,1,2014-03-21,https://www.jra.go.jp/datafile/seiseki/report/2014/2014-2chukyo3.pdf,official_daily_result_pdf
201407020302,2014,中京,2,3,2,2014-03-21,https://www.jra.go.jp/datafile/seiseki/report/2014/2014-2chukyo3.pdf,official_daily_result_pdf
201407020303,2014,中京,2,3,3,2014-03-21,https://www.jra.go.jp/datafile/seiseki/report/2014/2014-2chukyo3.pdf,official_daily_result_pdf
201407020304,2014,中京,2,3,4,2014-03-21,https://www.jra.go.jp/datafile/seiseki/report/2014/2014-2chukyo3.pdf,official_daily_result_pdf
201407020305,2014,中京,2,3,5,2014-03-21,https://www.jra.go.jp/datafile/seiseki/report/2014/2014-2chukyo3.pdf,official_daily_result_pdf
201407020306,2014,中京,2,3,6,2014-03-21,https://www.jra.go.jp/datafile/seiseki/report/2014/2014-2chukyo3.pdf,official_daily_result_pdf
201407020307,2014,中京,2,3,7,2014-03-21,https://www.jra.go.jp/datafile/seiseki/report/2014/2014-2chukyo3.pdf,official_daily_result_pdf
201407020308,2014,中京,2,3,8,2014-03-21,https://www.jra.go.jp/datafile/seiseki/report/2014/2014-2chukyo3.pdf,official_daily_result_pdf
201407020309,2014,中京,2,3,9,2014-03-21,https://www.jra.go.jp/datafile/seiseki/report/2014/2014-2chukyo3.pdf,official_daily_result_pdf
201407020310,2014,中京,2,3,10,2014-03-21,https://www.jra.go.jp/datafile/seiseki/report/2014/2014-2chukyo3.pdf,official_daily_result_pdf
201407020311,2014,中京,2,3,11,2014-03-21,https://www.jra.go.jp/datafile/seiseki/report/2014/2014-2chukyo3.pdf,official_daily_result_pdf
201407020312,2014,中京,2,3,12,2014-03-21,https://www.jra.go.jp/datafile/seiseki/report/2014/2014-2chukyo3.pdf,official_daily_result_pdf
201407020401,2014,中京,2,4,1,2014-03-22,https://www.jra.go.jp/datafile/seiseki/report/2014/2014-2chukyo4.pdf,official_daily_result_pdf
201407020402,2014,中京,2,4,2,2014-03-22,https://www.jra.go.jp/datafile/seiseki/report/2014/2014-2chukyo4.pdf,official_daily_result_pdf
201407020403,2014,中京,2,4,3,2014-03-22,https://www.jra.go.jp/datafile/seiseki/report/2014/2014-2chukyo4.pdf,official_daily_result_pdf
201407020404,2014,中京,2,4,4,2014-03-22,https://www.jra.go.jp/datafile/seiseki/report/2014/2014-2chukyo4.pdf,official_daily_result_pdf
201407020405,2014,中京,2,4,5,2014-03-22,https://www.jra.go.jp/datafile/seiseki/report/2014/2014-2chukyo4.pdf,official_daily_result_pdf
201407020406,2014,中京,2,4,6,2014-03-22,https://www.jra.go.jp/datafile/seiseki/report/2014/2014-2chukyo4.pdf,official_daily_result_pdf
201407020407,2014,中京,2,4,7,2014-03-22,https://www.jra.go.jp/datafile/seiseki/report/2014/2014-2chukyo4.pdf,official_daily_result_pdf
201407020408,2014,中京,2,4,8,2014-03-22,https://www.jra.go.jp/datafile/seiseki/report/2014/2014-2chukyo4.pdf,official_daily_result_pdf
201407020409,2014,中京,2,4,9,2014-03-22,https://www.jra.go.jp/datafile/seiseki/report/2014/2014-2chukyo4.pdf,official_daily_result_pdf
201407020410,2014,中京,2,4,10,2014-03-22,https://www.jra.go.jp/datafile/seiseki/report/2014/2014-2chukyo4.pdf,official_daily_result_pdf
201407020411,2014,中京,2,4,11,2014-03-22,https://www.jra.go.jp/datafile/seiseki/report/2014/2014-2chukyo4.pdf,official_daily_result_pdf
201407020412,2014,中京,2,4,12,2014-03-22,https://www.jra.go.jp/datafile/seiseki/report/2014/2014-2chukyo4.pdf,official_daily_result_pdf
201407020501,2014,中京,2,5,1,2014-03-29,https://www.jra.go.jp/datafile/seiseki/report/2014/2014-2chukyo5.pdf,official_daily_result_pdf
201407020502,2014,中京,2,5,2,2014-03-29,https://www.jra.go.jp/datafile/seiseki/report/2014/2014-2chukyo5.pdf,official_daily_result_pdf
201407020503,2014,中京,2,5,3,2014-03-29,https://www.jra.go.jp/datafile/seiseki/report/2014/2014-2chukyo5.pdf,official_daily_result_pdf
201407020504,2014,中京,2,5,4,2014-03-29,https://www.jra.go.jp/datafile/seiseki/report/2014/2014-2chukyo5.pdf,official_daily_result_pdf
201407020505,2014,中京,2,5,5,2014-03-29,https://www.jra.go.jp/datafile/seiseki/report/2014/2014-2chukyo5.pdf,official_daily_result_pdf
201407020506,2014,中京,2,5,6,2014-03-29,https://www.jra.go.jp/datafile/seiseki/report/2014/2014-2chukyo5.pdf,official_daily_result_pdf
201407020507,2014,中京,2,5,7,2014-03-29,https://www.jra.go.jp/datafile/seiseki/report/2014/2014-2chukyo5.pdf,official_daily_result_pdf
201407020508,2014,中京,2,5,8,2014-03-29,https://www.jra.go.jp/datafile/seiseki/report/2014/2014-2chukyo5.pdf,official_daily_result_pdf
201407020509,2014,中京,2,5,9,2014-03-29,https://www.jra.go.jp/datafile/seiseki/report/2014/2014-2chukyo5.pdf,official_daily_result_pdf
201407020510,2014,中京,2,5,10,2014-03-29,https://www.jra.go.jp/datafile/seiseki/report/2014/2014-2chukyo5.pdf,official_daily_result_pdf
201407020511,2014,中京,2,5,11,2014-03-29,https://www.jra.go.jp/datafile/seiseki/report/2014/2014-2chukyo5.pdf,official_daily_result_pdf
201407020512,2014,中京,2,5,12,2014-03-29,https://www.jra.go.jp/datafile/seiseki/report/2014/2014-2chukyo5.pdf,official_daily_result_pdf
201407020601,2014,中京,2,6,1,2014-03-30,https://www.jra.go.jp/datafile/seiseki/report/2014/2014-2chukyo6.pdf,official_daily_result_pdf
201407020602,2014,中京,2,6,2,2014-03-30,https://www.jra.go.jp/datafile/seiseki/report/2014/2014-2chukyo6.pdf,official_daily_result_pdf
201407020603,2014,中京,2,6,3,2014-03-30,https://www.jra.go.jp/datafile/seiseki/report/2014/2014-2chukyo6.pdf,official_daily_result_pdf
201407020604,2014,中京,2,6,4,2014-03-30,https://www.jra.go.jp/datafile/seiseki/report/2014/2014-2chukyo6.pdf,official_daily_result_pdf
201407020605,2014,中京,2,6,5,2014-03-30,https://www.jra.go.jp/datafile/seiseki/report/2014/2014-2chukyo6.pdf,official_daily_result_pdf
201407020606,2014,中京,2,6,6,2014-03-30,https://www.jra.go.jp/datafile/seiseki/report/2014/2014-2chukyo6.pdf,official_daily_result_pdf
201407020607,2014,中京,2,6,7,2014-03-30,https://www.jra.go.jp/datafile/seiseki/report/2014/2014-2chukyo6.pdf,official_daily_result_pdf
201407020608,2014,中京,2,6,8,2014-03-30,https://www.jra.go.jp/datafile/seiseki/report/2014/2014-2chukyo6.pdf,official_daily_result_pdf
201407020609,2014,中京,2,6,9,2014-03-30,https://www.jra.go.jp/datafile/seiseki/report/2014/2014-2chukyo6.pdf,official_daily_result_pdf
201407020610,2014,中京,2,6,10,2014-03-30,https://www.jra.go.jp/datafile/seiseki/report/2014/2014-2chukyo6.pdf,official_daily_result_pdf
201407020611,2014,中京,2,6,11,2014-03-30,https://www.jra.go.jp/datafile/seiseki/report/2014/2014-2chukyo6.pdf,official_daily_result_pdf
201407020612,2014,中京,2,6,12,2014-03-30,https://www.jra.go.jp/datafile/seiseki/report/2014/2014-2chukyo6.pdf,official_daily_result_pdf
201407030101,2014,中京,3,1,1,2014-07-05,https://www.jra.go.jp/datafile/seiseki/report/2014/2014-3chukyo1.pdf,official_daily_result_pdf
201407030102,2014,中京,3,1,2,2014-07-05,https://www.jra.go.jp/datafile/seiseki/report/2014/2014-3chukyo1.pdf,official_daily_result_pdf
201407030103,2014,中京,3,1,3,2014-07-05,https://www.jra.go.jp/datafile/seiseki/report/2014/2014-3chukyo1.pdf,official_daily_result_pdf
201407030104,2014,中京,3,1,4,2014-07-05,https://www.jra.go.jp/datafile/seiseki/report/2014/2014-3chukyo1.pdf,official_daily_result_pdf
201407030105,2014,中京,3,1,5,2014-07-05,https://www.jra.go.jp/datafile/seiseki/report/2014/2014-3chukyo1.pdf,official_daily_result_pdf
201407030106,2014,中京,3,1,6,2014-07-05,https://www.jra.go.jp/datafile/seiseki/report/2014/2014-3chukyo1.pdf,official_daily_result_pdf
201407030107,2014,中京,3,1,7,2014-07-05,https://www.jra.go.jp/datafile/seiseki/report/2014/2014-3chukyo1.pdf,official_daily_result_pdf
201407030108,2014,中京,3,1,8,2014-07-05,https://www.jra.go.jp/datafile/seiseki/report/2014/2014-3chukyo1.pdf,official_daily_result_pdf
201407030109,2014,中京,3,1,9,2014-07-05,https://www.jra.go.jp/datafile/seiseki/report/2014/2014-3chukyo1.pdf,official_daily_result_pdf
201407030110,2014,中京,3,1,10,2014-07-05,https://www.jra.go.jp/datafile/seiseki/report/2014/2014-3chukyo1.pdf,official_daily_result_pdf
201407030111,2014,中京,3,1,11,2014-07-05,https://www.jra.go.jp/datafile/seiseki/report/2014/2014-3chukyo1.pdf,official_daily_result_pdf
201407030112,2014,中京,3,1,12,2014-07-05,https://www.jra.go.jp/datafile/seiseki/report/2014/2014-3chukyo1.pdf,official_daily_result_pdf
201407030201,2014,中京,3,2,1,2014-07-06,https://www.jra.go.jp/datafile/seiseki/report/2014/2014-3chukyo2.pdf,official_daily_result_pdf
201407030202,2014,中京,3,2,2,2014-07-06,https://www.jra.go.jp/datafile/seiseki/report/2014/2014-3chukyo2.pdf,official_daily_result_pdf
201407030203,2014,中京,3,2,3,2014-07-06,https://www.jra.go.jp/datafile/seiseki/report/2014/2014-3chukyo2.pdf,official_daily_result_pdf
201407030204,2014,中京,3,2,4,2014-07-06,https://www.jra.go.jp/datafile/seiseki/report/2014/2014-3chukyo2.pdf,official_daily_result_pdf
201407030205,2014,中京,3,2,5,2014-07-06,https://www.jra.go.jp/datafile/seiseki/report/2014/2014-3chukyo2.pdf,official_daily_result_pdf
201407030206,2014,中京,3,2,6,2014-07-06,https://www.jra.go.jp/datafile/seiseki/report/2014/2014-3chukyo2.pdf,official_daily_result_pdf
201407030207,2014,中京,3,2,7,2014-07-06,https://www.jra.go.jp/datafile/seiseki/report/2014/2014-3chukyo2.pdf,official_daily_result_pdf
201407030208,2014,中京,3,2,8,2014-07-06,https://www.jra.go.jp/datafile/seiseki/report/2014/2014-3chukyo2.pdf,official_daily_result_pdf
201407030209,2014,中京,3,2,9,2014-07-06,https://www.jra.go.jp/datafile/seiseki/report/2014/2014-3chukyo2.pdf,official_daily_result_pdf
201407030210,2014,中京,3,2,10,2014-07-06,https://www.jra.go.jp/datafile/seiseki/report/2014/2014-3chukyo2.pdf,official_daily_result_pdf
201407030211,2014,中京,3,2,11,2014-07-06,https://www.jra.go.jp/datafile/seiseki/report/2014/2014-3chukyo2.pdf,official_daily_result_pdf
201407030212,2014,中京,3,2,12,2014-07-06,https://www.jra.go.jp/datafile/seiseki/report/2014/2014-3chukyo2.pdf,official_daily_result_pdf
201407030301,2014,中京,3,3,1,2014-07-12,https://www.jra.go.jp/datafile/seiseki/report/2014/2014-3chukyo3.pdf,official_daily_result_pdf
201407030302,2014,中京,3,3,2,2014-07-12,https://www.jra.go.jp/datafile/seiseki/report/2014/2014-3chukyo3.pdf,official_daily_result_pdf
201407030303,2014,中京,3,3,3,2014-07-12,https://www.jra.go.jp/datafile/seiseki/report/2014/2014-3chukyo3.pdf,official_daily_result_pdf
201407030304,2014,中京,3,3,4,2014-07-12,https://www.jra.go.jp/datafile/seiseki/report/2014/2014-3chukyo3.pdf,official_daily_result_pdf
201407030305,2014,中京,3,3,5,2014-07-12,https://www.jra.go.jp/datafile/seiseki/report/2014/2014-3chukyo3.pdf,official_daily_result_pdf
201407030306,2014,中京,3,3,6,2014-07-12,https://www.jra.go.jp/datafile/seiseki/report/2014/2014-3chukyo3.pdf,official_daily_result_pdf
201407030307,2014,中京,3,3,7,2014-07-12,https://www.jra.go.jp/datafile/seiseki/report/2014/2014-3chukyo3.pdf,official_daily_result_pdf
201407030308,2014,中京,3,3,8,2014-07-12,https://www.jra.go.jp/datafile/seiseki/report/2014/2014-3chukyo3.pdf,official_daily_result_pdf
201407030309,2014,中京,3,3,9,2014-07-12,https://www.jra.go.jp/datafile/seiseki/report/2014/2014-3chukyo3.pdf,official_daily_result_pdf
201407030310,2014,中京,3,3,10,2014-07-12,https://www.jra.go.jp/datafile/seiseki/report/2014/2014-3chukyo3.pdf,official_daily_result_pdf
201407030311,2014,中京,3,3,11,2014-07-12,https://www.jra.go.jp/datafile/seiseki/report/2014/2014-3chukyo3.pdf,official_daily_result_pdf
201407030312,2014,中京,3,3,12,2014-07-12,https://www.jra.go.jp/datafile/seiseki/report/2014/2014-3chukyo3.pdf,official_daily_result_pdf
201407030401,2014,中京,3,4,1,2014-07-13,https://www.jra.go.jp/datafile/seiseki/report/2014/2014-3chukyo4.pdf,official_daily_result_pdf
201407030402,2014,中京,3,4,2,2014-07-13,https://www.jra.go.jp/datafile/seiseki/report/2014/2014-3chukyo4.pdf,official_daily_result_pdf
201407030403,2014,中京,3,4,3,2014-07-13,https://www.jra.go.jp/datafile/seiseki/report/2014/2014-3chukyo4.pdf,official_daily_result_pdf
201407030404,2014,中京,3,4,4,2014-07-13,https://www.jra.go.jp/datafile/seiseki/report/2014/2014-3chukyo4.pdf,official_daily_result_pdf
201407030405,2014,中京,3,4,5,2014-07-13,https://www.jra.go.jp/datafile/seiseki/report/2014/2014-3chukyo4.pdf,official_daily_result_pdf
201407030406,2014,中京,3,4,6,2014-07-13,https://www.jra.go.jp/datafile/seiseki/report/2014/2014-3chukyo4.pdf,official_daily_result_pdf
201407030407,2014,中京,3,4,7,2014-07-13,https://www.jra.go.jp/datafile/seiseki/report/2014/2014-3chukyo4.pdf,official_daily_result_pdf
201407030408,2014,中京,3,4,8,2014-07-13,https://www.jra.go.jp/datafile/seiseki/report/2014/2014-3chukyo4.pdf,official_daily_result_pdf
201407030409,2014,中京,3,4,9,2014-07-13,https://www.jra.go.jp/datafile/seiseki/report/2014/2014-3chukyo4.pdf,official_daily_result_pdf
201407030410,2014,中京,3,4,10,2014-07-13,https://www.jra.go.jp/datafile/seiseki/report/2014/2014-3chukyo4.pdf,official_daily_result_pdf
201407030411,2014,中京,3,4,11,2014-07-13,https://www.jra.go.jp/datafile/seiseki/report/2014/2014-3chukyo4.pdf,official_daily_result_pdf
201407030412,2014,中京,3,4,12,2014-07-13,https://www.jra.go.jp/datafile/seiseki/report/2014/2014-3chukyo4.pdf,official_daily_result_pdf
201407030501,2014,中京,3,5,1,2014-07-19,https://www.jra.go.jp/datafile/seiseki/report/2014/2014-3chukyo5.pdf,official_daily_result_pdf
201407030502,2014,中京,3,5,2,2014-07-19,https://www.jra.go.jp/datafile/seiseki/report/2014/2014-3chukyo5.pdf,official_daily_result_pdf
201407030503,2014,中京,3,5,3,2014-07-19,https://www.jra.go.jp/datafile/seiseki/report/2014/2014-3chukyo5.pdf,official_daily_result_pdf
201407030504,2014,中京,3,5,4,2014-07-19,https://www.jra.go.jp/datafile/seiseki/report/2014/2014-3chukyo5.pdf,official_daily_result_pdf
201407030505,2014,中京,3,5,5,2014-07-19,https://www.jra.go.jp/datafile/seiseki/report/2014/2014-3chukyo5.pdf,official_daily_result_pdf
201407030506,2014,中京,3,5,6,2014-07-19,https://www.jra.go.jp/datafile/seiseki/report/2014/2014-3chukyo5.pdf,official_daily_result_pdf
201407030507,2014,中京,3,5,7,2014-07-19,https://www.jra.go.jp/datafile/seiseki/report/2014/2014-3chukyo5.pdf,official_daily_result_pdf
201407030508,2014,中京,3,5,8,2014-07-19,https://www.jra.go.jp/datafile/seiseki/report/2014/2014-3chukyo5.pdf,official_daily_result_pdf
201407030509,2014,中京,3,5,9,2014-07-19,https://www.jra.go.jp/datafile/seiseki/report/2014/2014-3chukyo5.pdf,official_daily_result_pdf
201407030510,2014,中京,3,5,10,2014-07-19,https://www.jra.go.jp/datafile/seiseki/report/2014/2014-3chukyo5.pdf,official_daily_result_pdf
201407030511,2014,中京,3,5,11,2014-07-19,https://www.jra.go.jp/datafile/seiseki/report/2014/2014-3chukyo5.pdf,official_daily_result_pdf
201407030512,2014,中京,3,5,12,2014-07-19,https://www.jra.go.jp/datafile/seiseki/report/2014/2014-3chukyo5.pdf,official_daily_result_pdf
201407030601,2014,中京,3,6,1,2014-07-20,https://www.jra.go.jp/datafile/seiseki/report/2014/2014-3chukyo6.pdf,official_daily_result_pdf
201407030602,2014,中京,3,6,2,2014-07-20,https://www.jra.go.jp/datafile/seiseki/report/2014/2014-3chukyo6.pdf,official_daily_result_pdf
201407030603,2014,中京,3,6,3,2014-07-20,https://www.jra.go.jp/datafile/seiseki/report/2014/2014-3chukyo6.pdf,official_daily_result_pdf
201407030604,2014,中京,3,6,4,2014-07-20,https://www.jra.go.jp/datafile/seiseki/report/2014/2014-3chukyo6.pdf,official_daily_result_pdf
201407030605,2014,中京,3,6,5,2014-07-20,https://www.jra.go.jp/datafile/seiseki/report/2014/2014-3chukyo6.pdf,official_daily_result_pdf
201407030606,2014,中京,3,6,6,2014-07-20,https://www.jra.go.jp/datafile/seiseki/report/2014/2014-3chukyo6.pdf,official_daily_result_pdf
201407030607,2014,中京,3,6,7,2014-07-20,https://www.jra.go.jp/datafile/seiseki/report/2014/2014-3chukyo6.pdf,official_daily_result_pdf
201407030608,2014,中京,3,6,8,2014-07-20,https://www.jra.go.jp/datafile/seiseki/report/2014/2014-3chukyo6.pdf,official_daily_result_pdf
201407030609,2014,中京,3,6,9,2014-07-20,https://www.jra.go.jp/datafile/seiseki/report/2014/2014-3chukyo6.pdf,official_daily_result_pdf
201407030610,2014,中京,3,6,10,2014-07-20,https://www.jra.go.jp/datafile/seiseki/report/2014/2014-3chukyo6.pdf,official_daily_result_pdf
201407030611,2014,中京,3,6,11,2014-07-20,https://www.jra.go.jp/datafile/seiseki/report/2014/2014-3chukyo6.pdf,official_daily_result_pdf
201407030612,2014,中京,3,6,12,2014-07-20,https://www.jra.go.jp/datafile/seiseki/report/2014/2014-3chukyo6.pdf,official_daily_result_pdf
201407030701,2014,中京,3,7,1,2014-07-26,https://www.jra.go.jp/datafile/seiseki/report/2014/2014-3chukyo7.pdf,official_daily_result_pdf
201407030702,2014,中京,3,7,2,2014-07-26,https://www.jra.go.jp/datafile/seiseki/report/2014/2014-3chukyo7.pdf,official_daily_result_pdf
201407030703,2014,中京,3,7,3,2014-07-26,https://www.jra.go.jp/datafile/seiseki/report/2014/2014-3chukyo7.pdf,official_daily_result_pdf
201407030704,2014,中京,3,7,4,2014-07-26,https://www.jra.go.jp/datafile/seiseki/report/2014/2014-3chukyo7.pdf,official_daily_result_pdf
201407030705,2014,中京,3,7,5,2014-07-26,https://www.jra.go.jp/datafile/seiseki/report/2014/2014-3chukyo7.pdf,official_daily_result_pdf
201407030706,2014,中京,3,7,6,2014-07-26,https://www.jra.go.jp/datafile/seiseki/report/2014/2014-3chukyo7.pdf,official_daily_result_pdf
201407030707,2014,中京,3,7,7,2014-07-26,https://www.jra.go.jp/datafile/seiseki/report/2014/2014-3chukyo7.pdf,official_daily_result_pdf
201407030708,2014,中京,3,7,8,2014-07-26,https://www.jra.go.jp/datafile/seiseki/report/2014/2014-3chukyo7.pdf,official_daily_result_pdf
201407030709,2014,中京,3,7,9,2014-07-26,https://www.jra.go.jp/datafile/seiseki/report/2014/2014-3chukyo7.pdf,official_daily_result_pdf
201407030710,2014,中京,3,7,10,2014-07-26,https://www.jra.go.jp/datafile/seiseki/report/2014/2014-3chukyo7.pdf,official_daily_result_pdf
201407030711,2014,中京,3,7,11,2014-07-26,https://www.jra.go.jp/datafile/seiseki/report/2014/2014-3chukyo7.pdf,official_daily_result_pdf
201407030712,2014,中京,3,7,12,2014-07-26,https://www.jra.go.jp/datafile/seiseki/report/2014/2014-3chukyo7.pdf,official_daily_result_pdf
201407030801,2014,中京,3,8,1,2014-07-27,https://www.jra.go.jp/datafile/seiseki/report/2014/2014-3chukyo8.pdf,official_daily_result_pdf
201407030802,2014,中京,3,8,2,2014-07-27,https://www.jra.go.jp/datafile/seiseki/report/2014/2014-3chukyo8.pdf,official_daily_result_pdf
201407030803,2014,中京,3,8,3,2014-07-27,https://www.jra.go.jp/datafile/seiseki/report/2014/2014-3chukyo8.pdf,official_daily_result_pdf
201407030804,2014,中京,3,8,4,2014-07-27,https://www.jra.go.jp/datafile/seiseki/report/2014/2014-3chukyo8.pdf,official_daily_result_pdf
201407030805,2014,中京,3,8,5,2014-07-27,https://www.jra.go.jp/datafile/seiseki/report/2014/2014-3chukyo8.pdf,official_daily_result_pdf
201407030806,2014,中京,3,8,6,2014-07-27,https://www.jra.go.jp/datafile/seiseki/report/2014/2014-3chukyo8.pdf,official_daily_result_pdf
201407030807,2014,中京,3,8,7,2014-07-27,https://www.jra.go.jp/datafile/seiseki/report/2014/2014-3chukyo8.pdf,official_daily_result_pdf
201407030808,2014,中京,3,8,8,2014-07-27,https://www.jra.go.jp/datafile/seiseki/report/2014/2014-3chukyo8.pdf,official_daily_result_pdf
201407030809,2014,中京,3,8,9,2014-07-27,https://www.jra.go.jp/datafile/seiseki/report/2014/2014-3chukyo8.pdf,official_daily_result_pdf
201407030810,2014,中京,3,8,10,2014-07-27,https://www.jra.go.jp/datafile/seiseki/report/2014/2014-3chukyo8.pdf,official_daily_result_pdf
201407030811,2014,中京,3,8,11,2014-07-27,https://www.jra.go.jp/datafile/seiseki/report/2014/2014-3chukyo8.pdf,official_daily_result_pdf
201407030812,2014,中京,3,8,12,2014-07-27,https://www.jra.go.jp/datafile/seiseki/report/2014/2014-3chukyo8.pdf,official_daily_result_pdf
201407040101,2014,中京,4,1,1,2014-12-06,https://www.jra.go.jp/datafile/seiseki/report/2014/2014-4chukyo1.pdf,official_calendar_verified_override
201407040102,2014,中京,4,1,2,2014-12-06,https://www.jra.go.jp/datafile/seiseki/report/2014/2014-4chukyo1.pdf,official_calendar_verified_override
201407040103,2014,中京,4,1,3,2014-12-06,https://www.jra.go.jp/datafile/seiseki/report/2014/2014-4chukyo1.pdf,official_calendar_verified_override
201407040104,2014,中京,4,1,4,2014-12-06,https://www.jra.go.jp/datafile/seiseki/report/2014/2014-4chukyo1.pdf,official_calendar_verified_override
201407040105,2014,中京,4,1,5,2014-12-06,https://www.jra.go.jp/datafile/seiseki/report/2014/2014-4chukyo1.pdf,official_calendar_verified_override
201407040106,2014,中京,4,1,6,2014-12-06,https://www.jra.go.jp/datafile/seiseki/report/2014/2014-4chukyo1.pdf,official_calendar_verified_override
201407040107,2014,中京,4,1,7,2014-12-06,https://www.jra.go.jp/datafile/seiseki/report/2014/2014-4chukyo1.pdf,official_calendar_verified_override
201407040108,2014,中京,4,1,8,2014-12-06,https://www.jra.go.jp/datafile/seiseki/report/2014/2014-4chukyo1.pdf,official_calendar_verified_override
201407040109,2014,中京,4,1,9,2014-12-06,https://www.jra.go.jp/datafile/seiseki/report/2014/2014-4chukyo1.pdf,official_calendar_verified_override
201407040110,2014,中京,4,1,10,2014-12-06,https://www.jra.go.jp/datafile/seiseki/report/2014/2014-4chukyo1.pdf,official_calendar_verified_override
201407040111,2014,中京,4,1,11,2014-12-06,https://www.jra.go.jp/datafile/seiseki/report/2014/2014-4chukyo1.pdf,official_calendar_verified_override
201407040112,2014,中京,4,1,12,2014-12-06,https://www.jra.go.jp/datafile/seiseki/report/2014/2014-4chukyo1.pdf,official_calendar_verified_override
201407040201,2014,中京,4,2,1,2014-12-07,https://www.jra.go.jp/datafile/seiseki/report/2014/2014-4chukyo2.pdf,official_daily_result_pdf
201407040202,2014,中京,4,2,2,2014-12-07,https://www.jra.go.jp/datafile/seiseki/report/2014/2014-4chukyo2.pdf,official_daily_result_pdf
201407040203,2014,中京,4,2,3,2014-12-07,https://www.jra.go.jp/datafile/seiseki/report/2014/2014-4chukyo2.pdf,official_daily_result_pdf
201407040204,2014,中京,4,2,4,2014-12-07,https://www.jra.go.jp/datafile/seiseki/report/2014/2014-4chukyo2.pdf,official_daily_result_pdf
201407040205,2014,中京,4,2,5,2014-12-07,https://www.jra.go.jp/datafile/seiseki/report/2014/2014-4chukyo2.pdf,official_daily_result_pdf
201407040206,2014,中京,4,2,6,2014-12-07,https://www.jra.go.jp/datafile/seiseki/report/2014/2014-4chukyo2.pdf,official_daily_result_pdf
201407040207,2014,中京,4,2,7,2014-12-07,https://www.jra.go.jp/datafile/seiseki/report/2014/2014-4chukyo2.pdf,official_daily_result_pdf
201407040208,2014,中京,4,2,8,2014-12-07,https://www.jra.go.jp/datafile/seiseki/report/2014/2014-4chukyo2.pdf,official_daily_result_pdf
201407040209,2014,中京,4,2,9,2014-12-07,https://www.jra.go.jp/datafile/seiseki/report/2014/2014-4chukyo2.pdf,official_daily_result_pdf
201407040210,2014,中京,4,2,10,2014-12-07,https://www.jra.go.jp/datafile/seiseki/report/2014/2014-4chukyo2.pdf,official_daily_result_pdf
201407040211,2014,中京,4,2,11,2014-12-07,https://www.jra.go.jp/datafile/seiseki/report/2014/2014-4chukyo2.pdf,official_daily_result_pdf
201407040212,2014,中京,4,2,12,2014-12-07,https://www.jra.go.jp/datafile/seiseki/report/2014/2014-4chukyo2.pdf,official_daily_result_pdf
201407040301,2014,中京,4,3,1,2014-12-13,https://www.jra.go.jp/datafile/seiseki/report/2014/2014-4chukyo3.pdf,official_daily_result_pdf
201407040302,2014,中京,4,3,2,2014-12-13,https://www.jra.go.jp/datafile/seiseki/report/2014/2014-4chukyo3.pdf,official_daily_result_pdf
201407040303,2014,中京,4,3,3,2014-12-13,https://www.jra.go.jp/datafile/seiseki/report/2014/2014-4chukyo3.pdf,official_daily_result_pdf
201407040304,2014,中京,4,3,4,2014-12-13,https://www.jra.go.jp/datafile/seiseki/report/2014/2014-4chukyo3.pdf,official_daily_result_pdf
201407040305,2014,中京,4,3,5,2014-12-13,https://www.jra.go.jp/datafile/seiseki/report/2014/2014-4chukyo3.pdf,official_daily_result_pdf
201407040306,2014,中京,4,3,6,2014-12-13,https://www.jra.go.jp/datafile/seiseki/report/2014/2014-4chukyo3.pdf,official_daily_result_pdf
201407040307,2014,中京,4,3,7,2014-12-13,https://www.jra.go.jp/datafile/seiseki/report/2014/2014-4chukyo3.pdf,official_daily_result_pdf
201407040308,2014,中京,4,3,8,2014-12-13,https://www.jra.go.jp/datafile/seiseki/report/2014/2014-4chukyo3.pdf,official_daily_result_pdf
201407040309,2014,中京,4,3,9,2014-12-13,https://www.jra.go.jp/datafile/seiseki/report/2014/2014-4chukyo3.pdf,official_daily_result_pdf
201407040310,2014,中京,4,3,10,2014-12-13,https://www.jra.go.jp/datafile/seiseki/report/2014/2014-4chukyo3.pdf,official_daily_result_pdf
201407040311,2014,中京,4,3,11,2014-12-13,https://www.jra.go.jp/datafile/seiseki/report/2014/2014-4chukyo3.pdf,official_daily_result_pdf
201407040312,2014,中京,4,3,12,2014-12-13,https://www.jra.go.jp/datafile/seiseki/report/2014/2014-4chukyo3.pdf,official_daily_result_pdf
201407040401,2014,中京,4,4,1,2014-12-14,https://www.jra.go.jp/datafile/seiseki/report/2014/2014-4chukyo4.pdf,official_daily_result_pdf
201407040402,2014,中京,4,4,2,2014-12-14,https://www.jra.go.jp/datafile/seiseki/report/2014/2014-4chukyo4.pdf,official_daily_result_pdf
201407040403,2014,中京,4,4,3,2014-12-14,https://www.jra.go.jp/datafile/seiseki/report/2014/2014-4chukyo4.pdf,official_daily_result_pdf
201407040404,2014,中京,4,4,4,2014-12-14,https://www.jra.go.jp/datafile/seiseki/report/2014/2014-4chukyo4.pdf,official_daily_result_pdf
201407040405,2014,中京,4,4,5,2014-12-14,https://www.jra.go.jp/datafile/seiseki/report/2014/2014-4chukyo4.pdf,official_daily_result_pdf
201407040406,2014,中京,4,4,6,2014-12-14,https://www.jra.go.jp/datafile/seiseki/report/2014/2014-4chukyo4.pdf,official_daily_result_pdf
201407040407,2014,中京,4,4,7,2014-12-14,https://www.jra.go.jp/datafile/seiseki/report/2014/2014-4chukyo4.pdf,official_daily_result_pdf
201407040408,2014,中京,4,4,8,2014-12-14,https://www.jra.go.jp/datafile/seiseki/report/2014/2014-4chukyo4.pdf,official_daily_result_pdf
201407040409,2014,中京,4,4,9,2014-12-14,https://www.jra.go.jp/datafile/seiseki/report/2014/2014-4chukyo4.pdf,official_daily_result_pdf
201407040410,2014,中京,4,4,10,2014-12-14,https://www.jra.go.jp/datafile/seiseki/report/2014/2014-4chukyo4.pdf,official_daily_result_pdf
201407040411,2014,中京,4,4,11,2014-12-14,https://www.jra.go.jp/datafile/seiseki/report/2014/2014-4chukyo4.pdf,official_daily_result_pdf
201407040412,2014,中京,4,4,12,2014-12-14,https://www.jra.go.jp/datafile/seiseki/report/2014/2014-4chukyo4.pdf,official_daily_result_pdf
201407040501,2014,中京,4,5,1,2014-12-20,https://www.jra.go.jp/datafile/seiseki/report/2014/2014-4chukyo5.pdf,official_daily_result_pdf
201407040502,2014,中京,4,5,2,2014-12-20,https://www.jra.go.jp/datafile/seiseki/report/2014/2014-4chukyo5.pdf,official_daily_result_pdf
201407040503,2014,中京,4,5,3,2014-12-20,https://www.jra.go.jp/datafile/seiseki/report/2014/2014-4chukyo5.pdf,official_daily_result_pdf
201407040504,2014,中京,4,5,4,2014-12-20,https://www.jra.go.jp/datafile/seiseki/report/2014/2014-4chukyo5.pdf,official_daily_result_pdf
201407040505,2014,中京,4,5,5,2014-12-20,https://www.jra.go.jp/datafile/seiseki/report/2014/2014-4chukyo5.pdf,official_daily_result_pdf
201407040506,2014,中京,4,5,6,2014-12-20,https://www.jra.go.jp/datafile/seiseki/report/2014/2014-4chukyo5.pdf,official_daily_result_pdf
201407040507,2014,中京,4,5,7,2014-12-20,https://www.jra.go.jp/datafile/seiseki/report/2014/2014-4chukyo5.pdf,official_daily_result_pdf
201407040508,2014,中京,4,5,8,2014-12-20,https://www.jra.go.jp/datafile/seiseki/report/2014/2014-4chukyo5.pdf,official_daily_result_pdf
201407040509,2014,中京,4,5,9,2014-12-20,https://www.jra.go.jp/datafile/seiseki/report/2014/2014-4chukyo5.pdf,official_daily_result_pdf
201407040510,2014,中京,4,5,10,2014-12-20,https://www.jra.go.jp/datafile/seiseki/report/2014/2014-4chukyo5.pdf,official_daily_result_pdf
201407040511,2014,中京,4,5,11,2014-12-20,https://www.jra.go.jp/datafile/seiseki/report/2014/2014-4chukyo5.pdf,official_daily_result_pdf
201407040512,2014,中京,4,5,12,2014-12-20,https://www.jra.go.jp/datafile/seiseki/report/2014/2014-4chukyo5.pdf,official_daily_result_pdf
201407040601,2014,中京,4,6,1,2014-12-21,https://www.jra.go.jp/datafile/seiseki/report/2014/2014-4chukyo6.pdf,official_daily_result_pdf
201407040602,2014,中京,4,6,2,2014-12-21,https://www.jra.go.jp/datafile/seiseki/report/2014/2014-4chukyo6.pdf,official_daily_result_pdf
201407040603,2014,中京,4,6,3,2014-12-21,https://www.jra.go.jp/datafile/seiseki/report/2014/2014-4chukyo6.pdf,official_daily_result_pdf
201407040604,2014,中京,4,6,4,2014-12-21,https://www.jra.go.jp/datafile/seiseki/report/2014/2014-4chukyo6.pdf,official_daily_result_pdf
201407040605,2014,中京,4,6,5,2014-12-21,https://www.jra.go.jp/datafile/seiseki/report/2014/2014-4chukyo6.pdf,official_daily_result_pdf
201407040606,2014,中京,4,6,6,2014-12-21,https://www.jra.go.jp/datafile/seiseki/report/2014/2014-4chukyo6.pdf,official_daily_result_pdf
201407040607,2014,中京,4,6,7,2014-12-21,https://www.jra.go.jp/datafile/seiseki/report/2014/2014-4chukyo6.pdf,official_daily_result_pdf
201407040608,2014,中京,4,6,8,2014-12-21,https://www.jra.go.jp/datafile/seiseki/report/2014/2014-4chukyo6.pdf,official_daily_result_pdf
201407040609,2014,中京,4,6,9,2014-12-21,https://www.jra.go.jp/datafile/seiseki/report/2014/2014-4chukyo6.pdf,official_daily_result_pdf
201407040610,2014,中京,4,6,10,2014-12-21,https://www.jra.go.jp/datafile/seiseki/report/2014/2014-4chukyo6.pdf,official_daily_result_pdf
201407040611,2014,中京,4,6,11,2014-12-21,https://www.jra.go.jp/datafile/seiseki/report/2014/2014-4chukyo6.pdf,official_daily_result_pdf
201407040612,2014,中京,4,6,12,2014-12-21,https://www.jra.go.jp/datafile/seiseki/report/2014/2014-4chukyo6.pdf,official_daily_result_pdf
201408010101,2014,京都,1,1,1,2014-01-05,https://www.jra.go.jp/datafile/seiseki/report/2014/2014-1kyoto1.pdf,official_daily_result_pdf
201408010102,2014,京都,1,1,2,2014-01-05,https://www.jra.go.jp/datafile/seiseki/report/2014/2014-1kyoto1.pdf,official_daily_result_pdf
201408010103,2014,京都,1,1,3,2014-01-05,https://www.jra.go.jp/datafile/seiseki/report/2014/2014-1kyoto1.pdf,official_daily_result_pdf
201408010104,2014,京都,1,1,4,2014-01-05,https://www.jra.go.jp/datafile/seiseki/report/2014/2014-1kyoto1.pdf,official_daily_result_pdf
201408010105,2014,京都,1,1,5,2014-01-05,https://www.jra.go.jp/datafile/seiseki/report/2014/2014-1kyoto1.pdf,official_daily_result_pdf
201408010106,2014,京都,1,1,6,2014-01-05,https://www.jra.go.jp/datafile/seiseki/report/2014/2014-1kyoto1.pdf,official_daily_result_pdf
201408010107,2014,京都,1,1,7,2014-01-05,https://www.jra.go.jp/datafile/seiseki/report/2014/2014-1kyoto1.pdf,official_daily_result_pdf
201408010108,2014,京都,1,1,8,2014-01-05,https://www.jra.go.jp/datafile/seiseki/report/2014/2014-1kyoto1.pdf,official_daily_result_pdf
201408010109,2014,京都,1,1,9,2014-01-05,https://www.jra.go.jp/datafile/seiseki/report/2014/2014-1kyoto1.pdf,official_daily_result_pdf
201408010110,2014,京都,1,1,10,2014-01-05,https://www.jra.go.jp/datafile/seiseki/report/2014/2014-1kyoto1.pdf,official_daily_result_pdf
201408010111,2014,京都,1,1,11,2014-01-05,https://www.jra.go.jp/datafile/seiseki/report/2014/2014-1kyoto1.pdf,official_daily_result_pdf
201408010112,2014,京都,1,1,12,2014-01-05,https://www.jra.go.jp/datafile/seiseki/report/2014/2014-1kyoto1.pdf,official_daily_result_pdf
201408010201,2014,京都,1,2,1,2014-01-06,https://www.jra.go.jp/datafile/seiseki/report/2014/2014-1kyoto2.pdf,official_daily_result_pdf
201408010202,2014,京都,1,2,2,2014-01-06,https://www.jra.go.jp/datafile/seiseki/report/2014/2014-1kyoto2.pdf,official_daily_result_pdf
201408010203,2014,京都,1,2,3,2014-01-06,https://www.jra.go.jp/datafile/seiseki/report/2014/2014-1kyoto2.pdf,official_daily_result_pdf
201408010204,2014,京都,1,2,4,2014-01-06,https://www.jra.go.jp/datafile/seiseki/report/2014/2014-1kyoto2.pdf,official_daily_result_pdf
201408010205,2014,京都,1,2,5,2014-01-06,https://www.jra.go.jp/datafile/seiseki/report/2014/2014-1kyoto2.pdf,official_daily_result_pdf
201408010206,2014,京都,1,2,6,2014-01-06,https://www.jra.go.jp/datafile/seiseki/report/2014/2014-1kyoto2.pdf,official_daily_result_pdf
201408010207,2014,京都,1,2,7,2014-01-06,https://www.jra.go.jp/datafile/seiseki/report/2014/2014-1kyoto2.pdf,official_daily_result_pdf
201408010208,2014,京都,1,2,8,2014-01-06,https://www.jra.go.jp/datafile/seiseki/report/2014/2014-1kyoto2.pdf,official_daily_result_pdf
201408010209,2014,京都,1,2,9,2014-01-06,https://www.jra.go.jp/datafile/seiseki/report/2014/2014-1kyoto2.pdf,official_daily_result_pdf
201408010210,2014,京都,1,2,10,2014-01-06,https://www.jra.go.jp/datafile/seiseki/report/2014/2014-1kyoto2.pdf,official_daily_result_pdf
201408010211,2014,京都,1,2,11,2014-01-06,https://www.jra.go.jp/datafile/seiseki/report/2014/2014-1kyoto2.pdf,official_daily_result_pdf
201408010212,2014,京都,1,2,12,2014-01-06,https://www.jra.go.jp/datafile/seiseki/report/2014/2014-1kyoto2.pdf,official_daily_result_pdf
201408010301,2014,京都,1,3,1,2014-01-11,https://www.jra.go.jp/datafile/seiseki/report/2014/2014-1kyoto3.pdf,official_daily_result_pdf
201408010302,2014,京都,1,3,2,2014-01-11,https://www.jra.go.jp/datafile/seiseki/report/2014/2014-1kyoto3.pdf,official_daily_result_pdf
201408010303,2014,京都,1,3,3,2014-01-11,https://www.jra.go.jp/datafile/seiseki/report/2014/2014-1kyoto3.pdf,official_daily_result_pdf
201408010304,2014,京都,1,3,4,2014-01-11,https://www.jra.go.jp/datafile/seiseki/report/2014/2014-1kyoto3.pdf,official_daily_result_pdf
201408010305,2014,京都,1,3,5,2014-01-11,https://www.jra.go.jp/datafile/seiseki/report/2014/2014-1kyoto3.pdf,official_daily_result_pdf
201408010306,2014,京都,1,3,6,2014-01-11,https://www.jra.go.jp/datafile/seiseki/report/2014/2014-1kyoto3.pdf,official_daily_result_pdf
201408010307,2014,京都,1,3,7,2014-01-11,https://www.jra.go.jp/datafile/seiseki/report/2014/2014-1kyoto3.pdf,official_daily_result_pdf
201408010308,2014,京都,1,3,8,2014-01-11,https://www.jra.go.jp/datafile/seiseki/report/2014/2014-1kyoto3.pdf,official_daily_result_pdf
201408010309,2014,京都,1,3,9,2014-01-11,https://www.jra.go.jp/datafile/seiseki/report/2014/2014-1kyoto3.pdf,official_daily_result_pdf
201408010310,2014,京都,1,3,10,2014-01-11,https://www.jra.go.jp/datafile/seiseki/report/2014/2014-1kyoto3.pdf,official_daily_result_pdf
201408010311,2014,京都,1,3,11,2014-01-11,https://www.jra.go.jp/datafile/seiseki/report/2014/2014-1kyoto3.pdf,official_daily_result_pdf
201408010312,2014,京都,1,3,12,2014-01-11,https://www.jra.go.jp/datafile/seiseki/report/2014/2014-1kyoto3.pdf,official_daily_result_pdf
201408010401,2014,京都,1,4,1,2014-01-12,https://www.jra.go.jp/datafile/seiseki/report/2014/2014-1kyoto4.pdf,official_daily_result_pdf
201408010402,2014,京都,1,4,2,2014-01-12,https://www.jra.go.jp/datafile/seiseki/report/2014/2014-1kyoto4.pdf,official_daily_result_pdf
201408010403,2014,京都,1,4,3,2014-01-12,https://www.jra.go.jp/datafile/seiseki/report/2014/2014-1kyoto4.pdf,official_daily_result_pdf
201408010404,2014,京都,1,4,4,2014-01-12,https://www.jra.go.jp/datafile/seiseki/report/2014/2014-1kyoto4.pdf,official_daily_result_pdf
201408010405,2014,京都,1,4,5,2014-01-12,https://www.jra.go.jp/datafile/seiseki/report/2014/2014-1kyoto4.pdf,official_daily_result_pdf
201408010406,2014,京都,1,4,6,2014-01-12,https://www.jra.go.jp/datafile/seiseki/report/2014/2014-1kyoto4.pdf,official_daily_result_pdf
201408010407,2014,京都,1,4,7,2014-01-12,https://www.jra.go.jp/datafile/seiseki/report/2014/2014-1kyoto4.pdf,official_daily_result_pdf
201408010408,2014,京都,1,4,8,2014-01-12,https://www.jra.go.jp/datafile/seiseki/report/2014/2014-1kyoto4.pdf,official_daily_result_pdf
201408010409,2014,京都,1,4,9,2014-01-12,https://www.jra.go.jp/datafile/seiseki/report/2014/2014-1kyoto4.pdf,official_daily_result_pdf
201408010410,2014,京都,1,4,10,2014-01-12,https://www.jra.go.jp/datafile/seiseki/report/2014/2014-1kyoto4.pdf,official_daily_result_pdf
201408010411,2014,京都,1,4,11,2014-01-12,https://www.jra.go.jp/datafile/seiseki/report/2014/2014-1kyoto4.pdf,official_daily_result_pdf
201408010412,2014,京都,1,4,12,2014-01-12,https://www.jra.go.jp/datafile/seiseki/report/2014/2014-1kyoto4.pdf,official_daily_result_pdf
201408010501,2014,京都,1,5,1,2014-01-13,https://www.jra.go.jp/datafile/seiseki/report/2014/2014-1kyoto5.pdf,official_daily_result_pdf
201408010502,2014,京都,1,5,2,2014-01-13,https://www.jra.go.jp/datafile/seiseki/report/2014/2014-1kyoto5.pdf,official_daily_result_pdf
201408010503,2014,京都,1,5,3,2014-01-13,https://www.jra.go.jp/datafile/seiseki/report/2014/2014-1kyoto5.pdf,official_daily_result_pdf
201408010504,2014,京都,1,5,4,2014-01-13,https://www.jra.go.jp/datafile/seiseki/report/2014/2014-1kyoto5.pdf,official_daily_result_pdf
201408010505,2014,京都,1,5,5,2014-01-13,https://www.jra.go.jp/datafile/seiseki/report/2014/2014-1kyoto5.pdf,official_daily_result_pdf
201408010506,2014,京都,1,5,6,2014-01-13,https://www.jra.go.jp/datafile/seiseki/report/2014/2014-1kyoto5.pdf,official_daily_result_pdf
201408010507,2014,京都,1,5,7,2014-01-13,https://www.jra.go.jp/datafile/seiseki/report/2014/2014-1kyoto5.pdf,official_daily_result_pdf
201408010508,2014,京都,1,5,8,2014-01-13,https://www.jra.go.jp/datafile/seiseki/report/2014/2014-1kyoto5.pdf,official_daily_result_pdf
201408010509,2014,京都,1,5,9,2014-01-13,https://www.jra.go.jp/datafile/seiseki/report/2014/2014-1kyoto5.pdf,official_daily_result_pdf
201408010510,2014,京都,1,5,10,2014-01-13,https://www.jra.go.jp/datafile/seiseki/report/2014/2014-1kyoto5.pdf,official_daily_result_pdf
201408010511,2014,京都,1,5,11,2014-01-13,https://www.jra.go.jp/datafile/seiseki/report/2014/2014-1kyoto5.pdf,official_daily_result_pdf
201408010512,2014,京都,1,5,12,2014-01-13,https://www.jra.go.jp/datafile/seiseki/report/2014/2014-1kyoto5.pdf,official_daily_result_pdf
201408010601,2014,京都,1,6,1,2014-01-18,https://www.jra.go.jp/datafile/seiseki/report/2014/2014-1kyoto6.pdf,official_daily_result_pdf
201408010602,2014,京都,1,6,2,2014-01-18,https://www.jra.go.jp/datafile/seiseki/report/2014/2014-1kyoto6.pdf,official_daily_result_pdf
201408010603,2014,京都,1,6,3,2014-01-18,https://www.jra.go.jp/datafile/seiseki/report/2014/2014-1kyoto6.pdf,official_daily_result_pdf
201408010604,2014,京都,1,6,4,2014-01-18,https://www.jra.go.jp/datafile/seiseki/report/2014/2014-1kyoto6.pdf,official_daily_result_pdf
201408010605,2014,京都,1,6,5,2014-01-18,https://www.jra.go.jp/datafile/seiseki/report/2014/2014-1kyoto6.pdf,official_daily_result_pdf
201408010606,2014,京都,1,6,6,2014-01-18,https://www.jra.go.jp/datafile/seiseki/report/2014/2014-1kyoto6.pdf,official_daily_result_pdf
201408010607,2014,京都,1,6,7,2014-01-18,https://www.jra.go.jp/datafile/seiseki/report/2014/2014-1kyoto6.pdf,official_daily_result_pdf
201408010608,2014,京都,1,6,8,2014-01-18,https://www.jra.go.jp/datafile/seiseki/report/2014/2014-1kyoto6.pdf,official_daily_result_pdf
201408010609,2014,京都,1,6,9,2014-01-18,https://www.jra.go.jp/datafile/seiseki/report/2014/2014-1kyoto6.pdf,official_daily_result_pdf
201408010610,2014,京都,1,6,10,2014-01-18,https://www.jra.go.jp/datafile/seiseki/report/2014/2014-1kyoto6.pdf,official_daily_result_pdf
201408010611,2014,京都,1,6,11,2014-01-18,https://www.jra.go.jp/datafile/seiseki/report/2014/2014-1kyoto6.pdf,official_daily_result_pdf
201408010612,2014,京都,1,6,12,2014-01-18,https://www.jra.go.jp/datafile/seiseki/report/2014/2014-1kyoto6.pdf,official_daily_result_pdf
201408010701,2014,京都,1,7,1,2014-01-19,https://www.jra.go.jp/datafile/seiseki/report/2014/2014-1kyoto7.pdf,official_daily_result_pdf
201408010702,2014,京都,1,7,2,2014-01-19,https://www.jra.go.jp/datafile/seiseki/report/2014/2014-1kyoto7.pdf,official_daily_result_pdf
201408010703,2014,京都,1,7,3,2014-01-19,https://www.jra.go.jp/datafile/seiseki/report/2014/2014-1kyoto7.pdf,official_daily_result_pdf
201408010704,2014,京都,1,7,4,2014-01-19,https://www.jra.go.jp/datafile/seiseki/report/2014/2014-1kyoto7.pdf,official_daily_result_pdf
201408010705,2014,京都,1,7,5,2014-01-19,https://www.jra.go.jp/datafile/seiseki/report/2014/2014-1kyoto7.pdf,official_daily_result_pdf
201408010706,2014,京都,1,7,6,2014-01-19,https://www.jra.go.jp/datafile/seiseki/report/2014/2014-1kyoto7.pdf,official_daily_result_pdf
201408010707,2014,京都,1,7,7,2014-01-19,https://www.jra.go.jp/datafile/seiseki/report/2014/2014-1kyoto7.pdf,official_daily_result_pdf
201408010708,2014,京都,1,7,8,2014-01-19,https://www.jra.go.jp/datafile/seiseki/report/2014/2014-1kyoto7.pdf,official_daily_result_pdf
201408010709,2014,京都,1,7,9,2014-01-19,https://www.jra.go.jp/datafile/seiseki/report/2014/2014-1kyoto7.pdf,official_daily_result_pdf
201408010710,2014,京都,1,7,10,2014-01-19,https://www.jra.go.jp/datafile/seiseki/report/2014/2014-1kyoto7.pdf,official_daily_result_pdf
201408010711,2014,京都,1,7,11,2014-01-19,https://www.jra.go.jp/datafile/seiseki/report/2014/2014-1kyoto7.pdf,official_daily_result_pdf
201408010712,2014,京都,1,7,12,2014-01-19,https://www.jra.go.jp/datafile/seiseki/report/2014/2014-1kyoto7.pdf,official_daily_result_pdf
201408010801,2014,京都,1,8,1,2014-01-25,https://www.jra.go.jp/datafile/seiseki/report/2014/2014-1kyoto8.pdf,official_daily_result_pdf
201408010802,2014,京都,1,8,2,2014-01-25,https://www.jra.go.jp/datafile/seiseki/report/2014/2014-1kyoto8.pdf,official_daily_result_pdf
201408010803,2014,京都,1,8,3,2014-01-25,https://www.jra.go.jp/datafile/seiseki/report/2014/2014-1kyoto8.pdf,official_daily_result_pdf
201408010804,2014,京都,1,8,4,2014-01-25,https://www.jra.go.jp/datafile/seiseki/report/2014/2014-1kyoto8.pdf,official_daily_result_pdf
201408010805,2014,京都,1,8,5,2014-01-25,https://www.jra.go.jp/datafile/seiseki/report/2014/2014-1kyoto8.pdf,official_daily_result_pdf
201408010806,2014,京都,1,8,6,2014-01-25,https://www.jra.go.jp/datafile/seiseki/report/2014/2014-1kyoto8.pdf,official_daily_result_pdf
201408010807,2014,京都,1,8,7,2014-01-25,https://www.jra.go.jp/datafile/seiseki/report/2014/2014-1kyoto8.pdf,official_daily_result_pdf
201408010808,2014,京都,1,8,8,2014-01-25,https://www.jra.go.jp/datafile/seiseki/report/2014/2014-1kyoto8.pdf,official_daily_result_pdf
201408010809,2014,京都,1,8,9,2014-01-25,https://www.jra.go.jp/datafile/seiseki/report/2014/2014-1kyoto8.pdf,official_daily_result_pdf
201408010810,2014,京都,1,8,10,2014-01-25,https://www.jra.go.jp/datafile/seiseki/report/2014/2014-1kyoto8.pdf,official_daily_result_pdf
201408010811,2014,京都,1,8,11,2014-01-25,https://www.jra.go.jp/datafile/seiseki/report/2014/2014-1kyoto8.pdf,official_daily_result_pdf
201408010812,2014,京都,1,8,12,2014-01-25,https://www.jra.go.jp/datafile/seiseki/report/2014/2014-1kyoto8.pdf,official_daily_result_pdf
201408010901,2014,京都,1,9,1,2014-01-26,https://www.jra.go.jp/datafile/seiseki/report/2014/2014-1kyoto9.pdf,official_daily_result_pdf
201408010902,2014,京都,1,9,2,2014-01-26,https://www.jra.go.jp/datafile/seiseki/report/2014/2014-1kyoto9.pdf,official_daily_result_pdf
201408010903,2014,京都,1,9,3,2014-01-26,https://www.jra.go.jp/datafile/seiseki/report/2014/2014-1kyoto9.pdf,official_daily_result_pdf
201408010904,2014,京都,1,9,4,2014-01-26,https://www.jra.go.jp/datafile/seiseki/report/2014/2014-1kyoto9.pdf,official_daily_result_pdf
201408010905,2014,京都,1,9,5,2014-01-26,https://www.jra.go.jp/datafile/seiseki/report/2014/2014-1kyoto9.pdf,official_daily_result_pdf
201408010906,2014,京都,1,9,6,2014-01-26,https://www.jra.go.jp/datafile/seiseki/report/2014/2014-1kyoto9.pdf,official_daily_result_pdf
201408010907,2014,京都,1,9,7,2014-01-26,https://www.jra.go.jp/datafile/seiseki/report/2014/2014-1kyoto9.pdf,official_daily_result_pdf
201408010908,2014,京都,1,9,8,2014-01-26,https://www.jra.go.jp/datafile/seiseki/report/2014/2014-1kyoto9.pdf,official_daily_result_pdf
201408010909,2014,京都,1,9,9,2014-01-26,https://www.jra.go.jp/datafile/seiseki/report/2014/2014-1kyoto9.pdf,official_daily_result_pdf
201408010910,2014,京都,1,9,10,2014-01-26,https://www.jra.go.jp/datafile/seiseki/report/2014/2014-1kyoto9.pdf,official_daily_result_pdf
201408010911,2014,京都,1,9,11,2014-01-26,https://www.jra.go.jp/datafile/seiseki/report/2014/2014-1kyoto9.pdf,official_daily_result_pdf
201408010912,2014,京都,1,9,12,2014-01-26,https://www.jra.go.jp/datafile/seiseki/report/2014/2014-1kyoto9.pdf,official_daily_result_pdf
201408020101,2014,京都,2,1,1,2014-02-01,https://www.jra.go.jp/datafile/seiseki/report/2014/2014-2kyoto1.pdf,official_daily_result_pdf
201408020102,2014,京都,2,1,2,2014-02-01,https://www.jra.go.jp/datafile/seiseki/report/2014/2014-2kyoto1.pdf,official_daily_result_pdf
201408020103,2014,京都,2,1,3,2014-02-01,https://www.jra.go.jp/datafile/seiseki/report/2014/2014-2kyoto1.pdf,official_daily_result_pdf
201408020104,2014,京都,2,1,4,2014-02-01,https://www.jra.go.jp/datafile/seiseki/report/2014/2014-2kyoto1.pdf,official_daily_result_pdf
201408020105,2014,京都,2,1,5,2014-02-01,https://www.jra.go.jp/datafile/seiseki/report/2014/2014-2kyoto1.pdf,official_daily_result_pdf
201408020106,2014,京都,2,1,6,2014-02-01,https://www.jra.go.jp/datafile/seiseki/report/2014/2014-2kyoto1.pdf,official_daily_result_pdf
201408020107,2014,京都,2,1,7,2014-02-01,https://www.jra.go.jp/datafile/seiseki/report/2014/2014-2kyoto1.pdf,official_daily_result_pdf
201408020108,2014,京都,2,1,8,2014-02-01,https://www.jra.go.jp/datafile/seiseki/report/2014/2014-2kyoto1.pdf,official_daily_result_pdf
201408020109,2014,京都,2,1,9,2014-02-01,https://www.jra.go.jp/datafile/seiseki/report/2014/2014-2kyoto1.pdf,official_daily_result_pdf
201408020110,2014,京都,2,1,10,2014-02-01,https://www.jra.go.jp/datafile/seiseki/report/2014/2014-2kyoto1.pdf,official_daily_result_pdf
201408020111,2014,京都,2,1,11,2014-02-01,https://www.jra.go.jp/datafile/seiseki/report/2014/2014-2kyoto1.pdf,official_daily_result_pdf
201408020112,2014,京都,2,1,12,2014-02-01,https://www.jra.go.jp/datafile/seiseki/report/2014/2014-2kyoto1.pdf,official_daily_result_pdf
201408020201,2014,京都,2,2,1,2014-02-02,https://www.jra.go.jp/datafile/seiseki/report/2014/2014-2kyoto2.pdf,official_daily_result_pdf
201408020202,2014,京都,2,2,2,2014-02-02,https://www.jra.go.jp/datafile/seiseki/report/2014/2014-2kyoto2.pdf,official_daily_result_pdf
201408020203,2014,京都,2,2,3,2014-02-02,https://www.jra.go.jp/datafile/seiseki/report/2014/2014-2kyoto2.pdf,official_daily_result_pdf
201408020204,2014,京都,2,2,4,2014-02-02,https://www.jra.go.jp/datafile/seiseki/report/2014/2014-2kyoto2.pdf,official_daily_result_pdf
201408020205,2014,京都,2,2,5,2014-02-02,https://www.jra.go.jp/datafile/seiseki/report/2014/2014-2kyoto2.pdf,official_daily_result_pdf
201408020206,2014,京都,2,2,6,2014-02-02,https://www.jra.go.jp/datafile/seiseki/report/2014/2014-2kyoto2.pdf,official_daily_result_pdf
201408020207,2014,京都,2,2,7,2014-02-02,https://www.jra.go.jp/datafile/seiseki/report/2014/2014-2kyoto2.pdf,official_daily_result_pdf
201408020208,2014,京都,2,2,8,2014-02-02,https://www.jra.go.jp/datafile/seiseki/report/2014/2014-2kyoto2.pdf,official_daily_result_pdf
201408020209,2014,京都,2,2,9,2014-02-02,https://www.jra.go.jp/datafile/seiseki/report/2014/2014-2kyoto2.pdf,official_daily_result_pdf
201408020210,2014,京都,2,2,10,2014-02-02,https://www.jra.go.jp/datafile/seiseki/report/2014/2014-2kyoto2.pdf,official_daily_result_pdf
201408020211,2014,京都,2,2,11,2014-02-02,https://www.jra.go.jp/datafile/seiseki/report/2014/2014-2kyoto2.pdf,official_daily_result_pdf
201408020212,2014,京都,2,2,12,2014-02-02,https://www.jra.go.jp/datafile/seiseki/report/2014/2014-2kyoto2.pdf,official_daily_result_pdf
201408020301,2014,京都,2,3,1,2014-02-08,https://www.jra.go.jp/datafile/seiseki/report/2014/2014-2kyoto3.pdf,official_daily_result_pdf
201408020302,2014,京都,2,3,2,2014-02-08,https://www.jra.go.jp/datafile/seiseki/report/2014/2014-2kyoto3.pdf,official_daily_result_pdf
201408020303,2014,京都,2,3,3,2014-02-08,https://www.jra.go.jp/datafile/seiseki/report/2014/2014-2kyoto3.pdf,official_daily_result_pdf
201408020305,2014,京都,2,3,5,2014-02-08,https://www.jra.go.jp/datafile/seiseki/report/2014/2014-2kyoto3.pdf,official_daily_result_pdf
201408020306,2014,京都,2,3,6,2014-02-08,https://www.jra.go.jp/datafile/seiseki/report/2014/2014-2kyoto3.pdf,official_daily_result_pdf
201408020307,2014,京都,2,3,7,2014-02-08,https://www.jra.go.jp/datafile/seiseki/report/2014/2014-2kyoto3.pdf,official_daily_result_pdf
201408020308,2014,京都,2,3,8,2014-02-08,https://www.jra.go.jp/datafile/seiseki/report/2014/2014-2kyoto3.pdf,official_daily_result_pdf
201408020309,2014,京都,2,3,9,2014-02-08,https://www.jra.go.jp/datafile/seiseki/report/2014/2014-2kyoto3.pdf,official_daily_result_pdf
201408020310,2014,京都,2,3,10,2014-02-08,https://www.jra.go.jp/datafile/seiseki/report/2014/2014-2kyoto3.pdf,official_daily_result_pdf
201408020311,2014,京都,2,3,11,2014-02-08,https://www.jra.go.jp/datafile/seiseki/report/2014/2014-2kyoto3.pdf,official_daily_result_pdf
201408020312,2014,京都,2,3,12,2014-02-08,https://www.jra.go.jp/datafile/seiseki/report/2014/2014-2kyoto3.pdf,official_daily_result_pdf
201408020401,2014,京都,2,4,1,2014-02-09,https://www.jra.go.jp/datafile/seiseki/report/2014/2014-2kyoto4.pdf,official_daily_result_pdf
201408020402,2014,京都,2,4,2,2014-02-09,https://www.jra.go.jp/datafile/seiseki/report/2014/2014-2kyoto4.pdf,official_daily_result_pdf
201408020403,2014,京都,2,4,3,2014-02-09,https://www.jra.go.jp/datafile/seiseki/report/2014/2014-2kyoto4.pdf,official_daily_result_pdf
201408020404,2014,京都,2,4,4,2014-02-09,https://www.jra.go.jp/datafile/seiseki/report/2014/2014-2kyoto4.pdf,official_daily_result_pdf
201408020405,2014,京都,2,4,5,2014-02-09,https://www.jra.go.jp/datafile/seiseki/report/2014/2014-2kyoto4.pdf,official_daily_result_pdf
201408020406,2014,京都,2,4,6,2014-02-09,https://www.jra.go.jp/datafile/seiseki/report/2014/2014-2kyoto4.pdf,official_daily_result_pdf
201408020407,2014,京都,2,4,7,2014-02-09,https://www.jra.go.jp/datafile/seiseki/report/2014/2014-2kyoto4.pdf,official_daily_result_pdf
201408020408,2014,京都,2,4,8,2014-02-09,https://www.jra.go.jp/datafile/seiseki/report/2014/2014-2kyoto4.pdf,official_daily_result_pdf
201408020409,2014,京都,2,4,9,2014-02-09,https://www.jra.go.jp/datafile/seiseki/report/2014/2014-2kyoto4.pdf,official_daily_result_pdf
201408020410,2014,京都,2,4,10,2014-02-09,https://www.jra.go.jp/datafile/seiseki/report/2014/2014-2kyoto4.pdf,official_daily_result_pdf
201408020411,2014,京都,2,4,11,2014-02-09,https://www.jra.go.jp/datafile/seiseki/report/2014/2014-2kyoto4.pdf,official_daily_result_pdf
201408020412,2014,京都,2,4,12,2014-02-09,https://www.jra.go.jp/datafile/seiseki/report/2014/2014-2kyoto4.pdf,official_daily_result_pdf
201408020501,2014,京都,2,5,1,2014-02-15,https://www.jra.go.jp/datafile/seiseki/report/2014/2014-2kyoto5.pdf,official_daily_result_pdf
201408020502,2014,京都,2,5,2,2014-02-15,https://www.jra.go.jp/datafile/seiseki/report/2014/2014-2kyoto5.pdf,official_daily_result_pdf
201408020503,2014,京都,2,5,3,2014-02-15,https://www.jra.go.jp/datafile/seiseki/report/2014/2014-2kyoto5.pdf,official_daily_result_pdf
201408020504,2014,京都,2,5,4,2014-02-15,https://www.jra.go.jp/datafile/seiseki/report/2014/2014-2kyoto5.pdf,official_daily_result_pdf
201408020505,2014,京都,2,5,5,2014-02-15,https://www.jra.go.jp/datafile/seiseki/report/2014/2014-2kyoto5.pdf,official_daily_result_pdf
201408020506,2014,京都,2,5,6,2014-02-15,https://www.jra.go.jp/datafile/seiseki/report/2014/2014-2kyoto5.pdf,official_daily_result_pdf
201408020507,2014,京都,2,5,7,2014-02-15,https://www.jra.go.jp/datafile/seiseki/report/2014/2014-2kyoto5.pdf,official_daily_result_pdf
201408020508,2014,京都,2,5,8,2014-02-15,https://www.jra.go.jp/datafile/seiseki/report/2014/2014-2kyoto5.pdf,official_daily_result_pdf
201408020509,2014,京都,2,5,9,2014-02-15,https://www.jra.go.jp/datafile/seiseki/report/2014/2014-2kyoto5.pdf,official_daily_result_pdf
201408020510,2014,京都,2,5,10,2014-02-15,https://www.jra.go.jp/datafile/seiseki/report/2014/2014-2kyoto5.pdf,official_daily_result_pdf
201408020511,2014,京都,2,5,11,2014-02-15,https://www.jra.go.jp/datafile/seiseki/report/2014/2014-2kyoto5.pdf,official_daily_result_pdf
201408020512,2014,京都,2,5,12,2014-02-15,https://www.jra.go.jp/datafile/seiseki/report/2014/2014-2kyoto5.pdf,official_daily_result_pdf
201408020601,2014,京都,2,6,1,2014-02-16,https://www.jra.go.jp/datafile/seiseki/report/2014/2014-2kyoto6.pdf,official_daily_result_pdf
201408020602,2014,京都,2,6,2,2014-02-16,https://www.jra.go.jp/datafile/seiseki/report/2014/2014-2kyoto6.pdf,official_daily_result_pdf
201408020603,2014,京都,2,6,3,2014-02-16,https://www.jra.go.jp/datafile/seiseki/report/2014/2014-2kyoto6.pdf,official_daily_result_pdf
201408020604,2014,京都,2,6,4,2014-02-16,https://www.jra.go.jp/datafile/seiseki/report/2014/2014-2kyoto6.pdf,official_daily_result_pdf
201408020605,2014,京都,2,6,5,2014-02-16,https://www.jra.go.jp/datafile/seiseki/report/2014/2014-2kyoto6.pdf,official_daily_result_pdf
201408020606,2014,京都,2,6,6,2014-02-16,https://www.jra.go.jp/datafile/seiseki/report/2014/2014-2kyoto6.pdf,official_daily_result_pdf
201408020607,2014,京都,2,6,7,2014-02-16,https://www.jra.go.jp/datafile/seiseki/report/2014/2014-2kyoto6.pdf,official_daily_result_pdf
201408020608,2014,京都,2,6,8,2014-02-16,https://www.jra.go.jp/datafile/seiseki/report/2014/2014-2kyoto6.pdf,official_daily_result_pdf
201408020609,2014,京都,2,6,9,2014-02-16,https://www.jra.go.jp/datafile/seiseki/report/2014/2014-2kyoto6.pdf,official_daily_result_pdf
201408020610,2014,京都,2,6,10,2014-02-16,https://www.jra.go.jp/datafile/seiseki/report/2014/2014-2kyoto6.pdf,official_daily_result_pdf
201408020611,2014,京都,2,6,11,2014-02-16,https://www.jra.go.jp/datafile/seiseki/report/2014/2014-2kyoto6.pdf,official_daily_result_pdf
201408020612,2014,京都,2,6,12,2014-02-16,https://www.jra.go.jp/datafile/seiseki/report/2014/2014-2kyoto6.pdf,official_daily_result_pdf
201408020701,2014,京都,2,7,1,2014-02-22,https://www.jra.go.jp/datafile/seiseki/report/2014/2014-2kyoto7.pdf,official_daily_result_pdf
201408020702,2014,京都,2,7,2,2014-02-22,https://www.jra.go.jp/datafile/seiseki/report/2014/2014-2kyoto7.pdf,official_daily_result_pdf
201408020703,2014,京都,2,7,3,2014-02-22,https://www.jra.go.jp/datafile/seiseki/report/2014/2014-2kyoto7.pdf,official_daily_result_pdf
201408020704,2014,京都,2,7,4,2014-02-22,https://www.jra.go.jp/datafile/seiseki/report/2014/2014-2kyoto7.pdf,official_daily_result_pdf
201408020705,2014,京都,2,7,5,2014-02-22,https://www.jra.go.jp/datafile/seiseki/report/2014/2014-2kyoto7.pdf,official_daily_result_pdf
201408020706,2014,京都,2,7,6,2014-02-22,https://www.jra.go.jp/datafile/seiseki/report/2014/2014-2kyoto7.pdf,official_daily_result_pdf
201408020707,2014,京都,2,7,7,2014-02-22,https://www.jra.go.jp/datafile/seiseki/report/2014/2014-2kyoto7.pdf,official_daily_result_pdf
201408020708,2014,京都,2,7,8,2014-02-22,https://www.jra.go.jp/datafile/seiseki/report/2014/2014-2kyoto7.pdf,official_daily_result_pdf
201408020709,2014,京都,2,7,9,2014-02-22,https://www.jra.go.jp/datafile/seiseki/report/2014/2014-2kyoto7.pdf,official_daily_result_pdf
201408020710,2014,京都,2,7,10,2014-02-22,https://www.jra.go.jp/datafile/seiseki/report/2014/2014-2kyoto7.pdf,official_daily_result_pdf
201408020711,2014,京都,2,7,11,2014-02-22,https://www.jra.go.jp/datafile/seiseki/report/2014/2014-2kyoto7.pdf,official_daily_result_pdf
201408020712,2014,京都,2,7,12,2014-02-22,https://www.jra.go.jp/datafile/seiseki/report/2014/2014-2kyoto7.pdf,official_daily_result_pdf
201408020801,2014,京都,2,8,1,2014-02-23,https://www.jra.go.jp/datafile/seiseki/report/2014/2014-2kyoto8.pdf,official_daily_result_pdf
201408020802,2014,京都,2,8,2,2014-02-23,https://www.jra.go.jp/datafile/seiseki/report/2014/2014-2kyoto8.pdf,official_daily_result_pdf
201408020803,2014,京都,2,8,3,2014-02-23,https://www.jra.go.jp/datafile/seiseki/report/2014/2014-2kyoto8.pdf,official_daily_result_pdf
201408020804,2014,京都,2,8,4,2014-02-23,https://www.jra.go.jp/datafile/seiseki/report/2014/2014-2kyoto8.pdf,official_daily_result_pdf
201408020805,2014,京都,2,8,5,2014-02-23,https://www.jra.go.jp/datafile/seiseki/report/2014/2014-2kyoto8.pdf,official_daily_result_pdf
201408020806,2014,京都,2,8,6,2014-02-23,https://www.jra.go.jp/datafile/seiseki/report/2014/2014-2kyoto8.pdf,official_daily_result_pdf
201408020807,2014,京都,2,8,7,2014-02-23,https://www.jra.go.jp/datafile/seiseki/report/2014/2014-2kyoto8.pdf,official_daily_result_pdf
201408020808,2014,京都,2,8,8,2014-02-23,https://www.jra.go.jp/datafile/seiseki/report/2014/2014-2kyoto8.pdf,official_daily_result_pdf
201408020809,2014,京都,2,8,9,2014-02-23,https://www.jra.go.jp/datafile/seiseki/report/2014/2014-2kyoto8.pdf,official_daily_result_pdf
201408020810,2014,京都,2,8,10,2014-02-23,https://www.jra.go.jp/datafile/seiseki/report/2014/2014-2kyoto8.pdf,official_daily_result_pdf
201408020811,2014,京都,2,8,11,2014-02-23,https://www.jra.go.jp/datafile/seiseki/report/2014/2014-2kyoto8.pdf,official_daily_result_pdf
201408020812,2014,京都,2,8,12,2014-02-23,https://www.jra.go.jp/datafile/seiseki/report/2014/2014-2kyoto8.pdf,official_daily_result_pdf
201408030101,2014,京都,3,1,1,2014-04-26,https://www.jra.go.jp/datafile/seiseki/report/2014/2014-3kyoto1.pdf,official_daily_result_pdf
201408030102,2014,京都,3,1,2,2014-04-26,https://www.jra.go.jp/datafile/seiseki/report/2014/2014-3kyoto1.pdf,official_daily_result_pdf
201408030103,2014,京都,3,1,3,2014-04-26,https://www.jra.go.jp/datafile/seiseki/report/2014/2014-3kyoto1.pdf,official_daily_result_pdf
201408030104,2014,京都,3,1,4,2014-04-26,https://www.jra.go.jp/datafile/seiseki/report/2014/2014-3kyoto1.pdf,official_daily_result_pdf
201408030105,2014,京都,3,1,5,2014-04-26,https://www.jra.go.jp/datafile/seiseki/report/2014/2014-3kyoto1.pdf,official_daily_result_pdf
201408030106,2014,京都,3,1,6,2014-04-26,https://www.jra.go.jp/datafile/seiseki/report/2014/2014-3kyoto1.pdf,official_daily_result_pdf
201408030107,2014,京都,3,1,7,2014-04-26,https://www.jra.go.jp/datafile/seiseki/report/2014/2014-3kyoto1.pdf,official_daily_result_pdf
201408030108,2014,京都,3,1,8,2014-04-26,https://www.jra.go.jp/datafile/seiseki/report/2014/2014-3kyoto1.pdf,official_daily_result_pdf
201408030109,2014,京都,3,1,9,2014-04-26,https://www.jra.go.jp/datafile/seiseki/report/2014/2014-3kyoto1.pdf,official_daily_result_pdf
201408030110,2014,京都,3,1,10,2014-04-26,https://www.jra.go.jp/datafile/seiseki/report/2014/2014-3kyoto1.pdf,official_daily_result_pdf
201408030111,2014,京都,3,1,11,2014-04-26,https://www.jra.go.jp/datafile/seiseki/report/2014/2014-3kyoto1.pdf,official_daily_result_pdf
201408030112,2014,京都,3,1,12,2014-04-26,https://www.jra.go.jp/datafile/seiseki/report/2014/2014-3kyoto1.pdf,official_daily_result_pdf
201408030201,2014,京都,3,2,1,2014-04-27,https://www.jra.go.jp/datafile/seiseki/report/2014/2014-3kyoto2.pdf,official_daily_result_pdf
201408030202,2014,京都,3,2,2,2014-04-27,https://www.jra.go.jp/datafile/seiseki/report/2014/2014-3kyoto2.pdf,official_daily_result_pdf
201408030203,2014,京都,3,2,3,2014-04-27,https://www.jra.go.jp/datafile/seiseki/report/2014/2014-3kyoto2.pdf,official_daily_result_pdf
201408030204,2014,京都,3,2,4,2014-04-27,https://www.jra.go.jp/datafile/seiseki/report/2014/2014-3kyoto2.pdf,official_daily_result_pdf
201408030205,2014,京都,3,2,5,2014-04-27,https://www.jra.go.jp/datafile/seiseki/report/2014/2014-3kyoto2.pdf,official_daily_result_pdf
201408030206,2014,京都,3,2,6,2014-04-27,https://www.jra.go.jp/datafile/seiseki/report/2014/2014-3kyoto2.pdf,official_daily_result_pdf
201408030207,2014,京都,3,2,7,2014-04-27,https://www.jra.go.jp/datafile/seiseki/report/2014/2014-3kyoto2.pdf,official_daily_result_pdf
201408030208,2014,京都,3,2,8,2014-04-27,https://www.jra.go.jp/datafile/seiseki/report/2014/2014-3kyoto2.pdf,official_daily_result_pdf
201408030209,2014,京都,3,2,9,2014-04-27,https://www.jra.go.jp/datafile/seiseki/report/2014/2014-3kyoto2.pdf,official_daily_result_pdf
201408030210,2014,京都,3,2,10,2014-04-27,https://www.jra.go.jp/datafile/seiseki/report/2014/2014-3kyoto2.pdf,official_daily_result_pdf
201408030211,2014,京都,3,2,11,2014-04-27,https://www.jra.go.jp/datafile/seiseki/report/2014/2014-3kyoto2.pdf,official_daily_result_pdf
201408030212,2014,京都,3,2,12,2014-04-27,https://www.jra.go.jp/datafile/seiseki/report/2014/2014-3kyoto2.pdf,official_daily_result_pdf
201408030301,2014,京都,3,3,1,2014-05-03,https://www.jra.go.jp/datafile/seiseki/report/2014/2014-3kyoto3.pdf,official_daily_result_pdf
201408030302,2014,京都,3,3,2,2014-05-03,https://www.jra.go.jp/datafile/seiseki/report/2014/2014-3kyoto3.pdf,official_daily_result_pdf
201408030303,2014,京都,3,3,3,2014-05-03,https://www.jra.go.jp/datafile/seiseki/report/2014/2014-3kyoto3.pdf,official_daily_result_pdf
201408030304,2014,京都,3,3,4,2014-05-03,https://www.jra.go.jp/datafile/seiseki/report/2014/2014-3kyoto3.pdf,official_daily_result_pdf
201408030305,2014,京都,3,3,5,2014-05-03,https://www.jra.go.jp/datafile/seiseki/report/2014/2014-3kyoto3.pdf,official_daily_result_pdf
201408030306,2014,京都,3,3,6,2014-05-03,https://www.jra.go.jp/datafile/seiseki/report/2014/2014-3kyoto3.pdf,official_daily_result_pdf
201408030307,2014,京都,3,3,7,2014-05-03,https://www.jra.go.jp/datafile/seiseki/report/2014/2014-3kyoto3.pdf,official_daily_result_pdf
201408030308,2014,京都,3,3,8,2014-05-03,https://www.jra.go.jp/datafile/seiseki/report/2014/2014-3kyoto3.pdf,official_daily_result_pdf
201408030309,2014,京都,3,3,9,2014-05-03,https://www.jra.go.jp/datafile/seiseki/report/2014/2014-3kyoto3.pdf,official_daily_result_pdf
201408030310,2014,京都,3,3,10,2014-05-03,https://www.jra.go.jp/datafile/seiseki/report/2014/2014-3kyoto3.pdf,official_daily_result_pdf
201408030311,2014,京都,3,3,11,2014-05-03,https://www.jra.go.jp/datafile/seiseki/report/2014/2014-3kyoto3.pdf,official_daily_result_pdf
201408030312,2014,京都,3,3,12,2014-05-03,https://www.jra.go.jp/datafile/seiseki/report/2014/2014-3kyoto3.pdf,official_daily_result_pdf
201408030401,2014,京都,3,4,1,2014-05-04,https://www.jra.go.jp/datafile/seiseki/report/2014/2014-3kyoto4.pdf,official_daily_result_pdf
201408030402,2014,京都,3,4,2,2014-05-04,https://www.jra.go.jp/datafile/seiseki/report/2014/2014-3kyoto4.pdf,official_daily_result_pdf
201408030403,2014,京都,3,4,3,2014-05-04,https://www.jra.go.jp/datafile/seiseki/report/2014/2014-3kyoto4.pdf,official_daily_result_pdf
201408030404,2014,京都,3,4,4,2014-05-04,https://www.jra.go.jp/datafile/seiseki/report/2014/2014-3kyoto4.pdf,official_daily_result_pdf
201408030405,2014,京都,3,4,5,2014-05-04,https://www.jra.go.jp/datafile/seiseki/report/2014/2014-3kyoto4.pdf,official_daily_result_pdf
201408030406,2014,京都,3,4,6,2014-05-04,https://www.jra.go.jp/datafile/seiseki/report/2014/2014-3kyoto4.pdf,official_daily_result_pdf
201408030407,2014,京都,3,4,7,2014-05-04,https://www.jra.go.jp/datafile/seiseki/report/2014/2014-3kyoto4.pdf,official_daily_result_pdf
201408030408,2014,京都,3,4,8,2014-05-04,https://www.jra.go.jp/datafile/seiseki/report/2014/2014-3kyoto4.pdf,official_daily_result_pdf
201408030409,2014,京都,3,4,9,2014-05-04,https://www.jra.go.jp/datafile/seiseki/report/2014/2014-3kyoto4.pdf,official_daily_result_pdf
201408030410,2014,京都,3,4,10,2014-05-04,https://www.jra.go.jp/datafile/seiseki/report/2014/2014-3kyoto4.pdf,official_daily_result_pdf
201408030411,2014,京都,3,4,11,2014-05-04,https://www.jra.go.jp/datafile/seiseki/report/2014/2014-3kyoto4.pdf,official_daily_result_pdf
201408030412,2014,京都,3,4,12,2014-05-04,https://www.jra.go.jp/datafile/seiseki/report/2014/2014-3kyoto4.pdf,official_daily_result_pdf
201408030501,2014,京都,3,5,1,2014-05-10,https://www.jra.go.jp/datafile/seiseki/report/2014/2014-3kyoto5.pdf,official_daily_result_pdf
201408030502,2014,京都,3,5,2,2014-05-10,https://www.jra.go.jp/datafile/seiseki/report/2014/2014-3kyoto5.pdf,official_daily_result_pdf
201408030503,2014,京都,3,5,3,2014-05-10,https://www.jra.go.jp/datafile/seiseki/report/2014/2014-3kyoto5.pdf,official_daily_result_pdf
201408030504,2014,京都,3,5,4,2014-05-10,https://www.jra.go.jp/datafile/seiseki/report/2014/2014-3kyoto5.pdf,official_daily_result_pdf
201408030505,2014,京都,3,5,5,2014-05-10,https://www.jra.go.jp/datafile/seiseki/report/2014/2014-3kyoto5.pdf,official_daily_result_pdf
201408030506,2014,京都,3,5,6,2014-05-10,https://www.jra.go.jp/datafile/seiseki/report/2014/2014-3kyoto5.pdf,official_daily_result_pdf
201408030507,2014,京都,3,5,7,2014-05-10,https://www.jra.go.jp/datafile/seiseki/report/2014/2014-3kyoto5.pdf,official_daily_result_pdf
201408030508,2014,京都,3,5,8,2014-05-10,https://www.jra.go.jp/datafile/seiseki/report/2014/2014-3kyoto5.pdf,official_daily_result_pdf
201408030509,2014,京都,3,5,9,2014-05-10,https://www.jra.go.jp/datafile/seiseki/report/2014/2014-3kyoto5.pdf,official_daily_result_pdf
201408030510,2014,京都,3,5,10,2014-05-10,https://www.jra.go.jp/datafile/seiseki/report/2014/2014-3kyoto5.pdf,official_daily_result_pdf
201408030511,2014,京都,3,5,11,2014-05-10,https://www.jra.go.jp/datafile/seiseki/report/2014/2014-3kyoto5.pdf,official_daily_result_pdf
201408030512,2014,京都,3,5,12,2014-05-10,https://www.jra.go.jp/datafile/seiseki/report/2014/2014-3kyoto5.pdf,official_daily_result_pdf
201408030601,2014,京都,3,6,1,2014-05-11,https://www.jra.go.jp/datafile/seiseki/report/2014/2014-3kyoto6.pdf,official_daily_result_pdf
201408030602,2014,京都,3,6,2,2014-05-11,https://www.jra.go.jp/datafile/seiseki/report/2014/2014-3kyoto6.pdf,official_daily_result_pdf
201408030603,2014,京都,3,6,3,2014-05-11,https://www.jra.go.jp/datafile/seiseki/report/2014/2014-3kyoto6.pdf,official_daily_result_pdf
201408030604,2014,京都,3,6,4,2014-05-11,https://www.jra.go.jp/datafile/seiseki/report/2014/2014-3kyoto6.pdf,official_daily_result_pdf
201408030605,2014,京都,3,6,5,2014-05-11,https://www.jra.go.jp/datafile/seiseki/report/2014/2014-3kyoto6.pdf,official_daily_result_pdf
201408030606,2014,京都,3,6,6,2014-05-11,https://www.jra.go.jp/datafile/seiseki/report/2014/2014-3kyoto6.pdf,official_daily_result_pdf
201408030607,2014,京都,3,6,7,2014-05-11,https://www.jra.go.jp/datafile/seiseki/report/2014/2014-3kyoto6.pdf,official_daily_result_pdf
201408030608,2014,京都,3,6,8,2014-05-11,https://www.jra.go.jp/datafile/seiseki/report/2014/2014-3kyoto6.pdf,official_daily_result_pdf
201408030609,2014,京都,3,6,9,2014-05-11,https://www.jra.go.jp/datafile/seiseki/report/2014/2014-3kyoto6.pdf,official_daily_result_pdf
201408030610,2014,京都,3,6,10,2014-05-11,https://www.jra.go.jp/datafile/seiseki/report/2014/2014-3kyoto6.pdf,official_daily_result_pdf
201408030611,2014,京都,3,6,11,2014-05-11,https://www.jra.go.jp/datafile/seiseki/report/2014/2014-3kyoto6.pdf,official_daily_result_pdf
201408030612,2014,京都,3,6,12,2014-05-11,https://www.jra.go.jp/datafile/seiseki/report/2014/2014-3kyoto6.pdf,official_daily_result_pdf
201408030701,2014,京都,3,7,1,2014-05-17,https://www.jra.go.jp/datafile/seiseki/report/2014/2014-3kyoto7.pdf,official_daily_result_pdf
201408030702,2014,京都,3,7,2,2014-05-17,https://www.jra.go.jp/datafile/seiseki/report/2014/2014-3kyoto7.pdf,official_daily_result_pdf
201408030703,2014,京都,3,7,3,2014-05-17,https://www.jra.go.jp/datafile/seiseki/report/2014/2014-3kyoto7.pdf,official_daily_result_pdf
201408030704,2014,京都,3,7,4,2014-05-17,https://www.jra.go.jp/datafile/seiseki/report/2014/2014-3kyoto7.pdf,official_daily_result_pdf
201408030705,2014,京都,3,7,5,2014-05-17,https://www.jra.go.jp/datafile/seiseki/report/2014/2014-3kyoto7.pdf,official_daily_result_pdf
201408030706,2014,京都,3,7,6,2014-05-17,https://www.jra.go.jp/datafile/seiseki/report/2014/2014-3kyoto7.pdf,official_daily_result_pdf
201408030707,2014,京都,3,7,7,2014-05-17,https://www.jra.go.jp/datafile/seiseki/report/2014/2014-3kyoto7.pdf,official_daily_result_pdf
201408030708,2014,京都,3,7,8,2014-05-17,https://www.jra.go.jp/datafile/seiseki/report/2014/2014-3kyoto7.pdf,official_daily_result_pdf
201408030709,2014,京都,3,7,9,2014-05-17,https://www.jra.go.jp/datafile/seiseki/report/2014/2014-3kyoto7.pdf,official_daily_result_pdf
201408030710,2014,京都,3,7,10,2014-05-17,https://www.jra.go.jp/datafile/seiseki/report/2014/2014-3kyoto7.pdf,official_daily_result_pdf
201408030711,2014,京都,3,7,11,2014-05-17,https://www.jra.go.jp/datafile/seiseki/report/2014/2014-3kyoto7.pdf,official_daily_result_pdf
201408030712,2014,京都,3,7,12,2014-05-17,https://www.jra.go.jp/datafile/seiseki/report/2014/2014-3kyoto7.pdf,official_daily_result_pdf
201408030801,2014,京都,3,8,1,2014-05-18,https://www.jra.go.jp/datafile/seiseki/report/2014/2014-3kyoto8.pdf,official_daily_result_pdf
201408030802,2014,京都,3,8,2,2014-05-18,https://www.jra.go.jp/datafile/seiseki/report/2014/2014-3kyoto8.pdf,official_daily_result_pdf
201408030803,2014,京都,3,8,3,2014-05-18,https://www.jra.go.jp/datafile/seiseki/report/2014/2014-3kyoto8.pdf,official_daily_result_pdf
201408030804,2014,京都,3,8,4,2014-05-18,https://www.jra.go.jp/datafile/seiseki/report/2014/2014-3kyoto8.pdf,official_daily_result_pdf
201408030805,2014,京都,3,8,5,2014-05-18,https://www.jra.go.jp/datafile/seiseki/report/2014/2014-3kyoto8.pdf,official_daily_result_pdf
201408030806,2014,京都,3,8,6,2014-05-18,https://www.jra.go.jp/datafile/seiseki/report/2014/2014-3kyoto8.pdf,official_daily_result_pdf
201408030807,2014,京都,3,8,7,2014-05-18,https://www.jra.go.jp/datafile/seiseki/report/2014/2014-3kyoto8.pdf,official_daily_result_pdf
201408030808,2014,京都,3,8,8,2014-05-18,https://www.jra.go.jp/datafile/seiseki/report/2014/2014-3kyoto8.pdf,official_daily_result_pdf
201408030809,2014,京都,3,8,9,2014-05-18,https://www.jra.go.jp/datafile/seiseki/report/2014/2014-3kyoto8.pdf,official_daily_result_pdf
201408030810,2014,京都,3,8,10,2014-05-18,https://www.jra.go.jp/datafile/seiseki/report/2014/2014-3kyoto8.pdf,official_daily_result_pdf
201408030811,2014,京都,3,8,11,2014-05-18,https://www.jra.go.jp/datafile/seiseki/report/2014/2014-3kyoto8.pdf,official_daily_result_pdf
201408030812,2014,京都,3,8,12,2014-05-18,https://www.jra.go.jp/datafile/seiseki/report/2014/2014-3kyoto8.pdf,official_daily_result_pdf
201408030901,2014,京都,3,9,1,2014-05-24,https://www.jra.go.jp/datafile/seiseki/report/2014/2014-3kyoto9.pdf,official_daily_result_pdf
201408030902,2014,京都,3,9,2,2014-05-24,https://www.jra.go.jp/datafile/seiseki/report/2014/2014-3kyoto9.pdf,official_daily_result_pdf
201408030903,2014,京都,3,9,3,2014-05-24,https://www.jra.go.jp/datafile/seiseki/report/2014/2014-3kyoto9.pdf,official_daily_result_pdf
201408030904,2014,京都,3,9,4,2014-05-24,https://www.jra.go.jp/datafile/seiseki/report/2014/2014-3kyoto9.pdf,official_daily_result_pdf
201408030905,2014,京都,3,9,5,2014-05-24,https://www.jra.go.jp/datafile/seiseki/report/2014/2014-3kyoto9.pdf,official_daily_result_pdf
201408030906,2014,京都,3,9,6,2014-05-24,https://www.jra.go.jp/datafile/seiseki/report/2014/2014-3kyoto9.pdf,official_daily_result_pdf
201408030907,2014,京都,3,9,7,2014-05-24,https://www.jra.go.jp/datafile/seiseki/report/2014/2014-3kyoto9.pdf,official_daily_result_pdf
201408030908,2014,京都,3,9,8,2014-05-24,https://www.jra.go.jp/datafile/seiseki/report/2014/2014-3kyoto9.pdf,official_daily_result_pdf
201408030909,2014,京都,3,9,9,2014-05-24,https://www.jra.go.jp/datafile/seiseki/report/2014/2014-3kyoto9.pdf,official_daily_result_pdf
201408030910,2014,京都,3,9,10,2014-05-24,https://www.jra.go.jp/datafile/seiseki/report/2014/2014-3kyoto9.pdf,official_daily_result_pdf
201408030911,2014,京都,3,9,11,2014-05-24,https://www.jra.go.jp/datafile/seiseki/report/2014/2014-3kyoto9.pdf,official_daily_result_pdf
201408030912,2014,京都,3,9,12,2014-05-24,https://www.jra.go.jp/datafile/seiseki/report/2014/2014-3kyoto9.pdf,official_daily_result_pdf
201408031001,2014,京都,3,10,1,2014-05-25,https://www.jra.go.jp/datafile/seiseki/report/2014/2014-3kyoto10.pdf,official_daily_result_pdf
201408031002,2014,京都,3,10,2,2014-05-25,https://www.jra.go.jp/datafile/seiseki/report/2014/2014-3kyoto10.pdf,official_daily_result_pdf
201408031003,2014,京都,3,10,3,2014-05-25,https://www.jra.go.jp/datafile/seiseki/report/2014/2014-3kyoto10.pdf,official_daily_result_pdf
201408031004,2014,京都,3,10,4,2014-05-25,https://www.jra.go.jp/datafile/seiseki/report/2014/2014-3kyoto10.pdf,official_daily_result_pdf
201408031005,2014,京都,3,10,5,2014-05-25,https://www.jra.go.jp/datafile/seiseki/report/2014/2014-3kyoto10.pdf,official_daily_result_pdf
201408031006,2014,京都,3,10,6,2014-05-25,https://www.jra.go.jp/datafile/seiseki/report/2014/2014-3kyoto10.pdf,official_daily_result_pdf
201408031007,2014,京都,3,10,7,2014-05-25,https://www.jra.go.jp/datafile/seiseki/report/2014/2014-3kyoto10.pdf,official_daily_result_pdf
201408031008,2014,京都,3,10,8,2014-05-25,https://www.jra.go.jp/datafile/seiseki/report/2014/2014-3kyoto10.pdf,official_daily_result_pdf
201408031009,2014,京都,3,10,9,2014-05-25,https://www.jra.go.jp/datafile/seiseki/report/2014/2014-3kyoto10.pdf,official_daily_result_pdf
201408031010,2014,京都,3,10,10,2014-05-25,https://www.jra.go.jp/datafile/seiseki/report/2014/2014-3kyoto10.pdf,official_daily_result_pdf
201408031011,2014,京都,3,10,11,2014-05-25,https://www.jra.go.jp/datafile/seiseki/report/2014/2014-3kyoto10.pdf,official_daily_result_pdf
201408031012,2014,京都,3,10,12,2014-05-25,https://www.jra.go.jp/datafile/seiseki/report/2014/2014-3kyoto10.pdf,official_daily_result_pdf
201408031101,2014,京都,3,11,1,2014-05-31,https://www.jra.go.jp/datafile/seiseki/report/2014/2014-3kyoto11.pdf,official_daily_result_pdf
201408031102,2014,京都,3,11,2,2014-05-31,https://www.jra.go.jp/datafile/seiseki/report/2014/2014-3kyoto11.pdf,official_daily_result_pdf
201408031103,2014,京都,3,11,3,2014-05-31,https://www.jra.go.jp/datafile/seiseki/report/2014/2014-3kyoto11.pdf,official_daily_result_pdf
201408031104,2014,京都,3,11,4,2014-05-31,https://www.jra.go.jp/datafile/seiseki/report/2014/2014-3kyoto11.pdf,official_daily_result_pdf
201408031105,2014,京都,3,11,5,2014-05-31,https://www.jra.go.jp/datafile/seiseki/report/2014/2014-3kyoto11.pdf,official_daily_result_pdf
201408031106,2014,京都,3,11,6,2014-05-31,https://www.jra.go.jp/datafile/seiseki/report/2014/2014-3kyoto11.pdf,official_daily_result_pdf
201408031107,2014,京都,3,11,7,2014-05-31,https://www.jra.go.jp/datafile/seiseki/report/2014/2014-3kyoto11.pdf,official_daily_result_pdf
201408031108,2014,京都,3,11,8,2014-05-31,https://www.jra.go.jp/datafile/seiseki/report/2014/2014-3kyoto11.pdf,official_daily_result_pdf
201408031109,2014,京都,3,11,9,2014-05-31,https://www.jra.go.jp/datafile/seiseki/report/2014/2014-3kyoto11.pdf,official_daily_result_pdf
201408031110,2014,京都,3,11,10,2014-05-31,https://www.jra.go.jp/datafile/seiseki/report/2014/2014-3kyoto11.pdf,official_daily_result_pdf
201408031111,2014,京都,3,11,11,2014-05-31,https://www.jra.go.jp/datafile/seiseki/report/2014/2014-3kyoto11.pdf,official_daily_result_pdf
201408031112,2014,京都,3,11,12,2014-05-31,https://www.jra.go.jp/datafile/seiseki/report/2014/2014-3kyoto11.pdf,official_daily_result_pdf
201408031201,2014,京都,3,12,1,2014-06-01,https://www.jra.go.jp/datafile/seiseki/report/2014/2014-3kyoto12.pdf,official_daily_result_pdf
201408031202,2014,京都,3,12,2,2014-06-01,https://www.jra.go.jp/datafile/seiseki/report/2014/2014-3kyoto12.pdf,official_daily_result_pdf
201408031203,2014,京都,3,12,3,2014-06-01,https://www.jra.go.jp/datafile/seiseki/report/2014/2014-3kyoto12.pdf,official_daily_result_pdf
201408031204,2014,京都,3,12,4,2014-06-01,https://www.jra.go.jp/datafile/seiseki/report/2014/2014-3kyoto12.pdf,official_daily_result_pdf
201408031205,2014,京都,3,12,5,2014-06-01,https://www.jra.go.jp/datafile/seiseki/report/2014/2014-3kyoto12.pdf,official_daily_result_pdf
201408031206,2014,京都,3,12,6,2014-06-01,https://www.jra.go.jp/datafile/seiseki/report/2014/2014-3kyoto12.pdf,official_daily_result_pdf
201408031207,2014,京都,3,12,7,2014-06-01,https://www.jra.go.jp/datafile/seiseki/report/2014/2014-3kyoto12.pdf,official_daily_result_pdf
201408031208,2014,京都,3,12,8,2014-06-01,https://www.jra.go.jp/datafile/seiseki/report/2014/2014-3kyoto12.pdf,official_daily_result_pdf
201408031209,2014,京都,3,12,9,2014-06-01,https://www.jra.go.jp/datafile/seiseki/report/2014/2014-3kyoto12.pdf,official_daily_result_pdf
201408031210,2014,京都,3,12,10,2014-06-01,https://www.jra.go.jp/datafile/seiseki/report/2014/2014-3kyoto12.pdf,official_daily_result_pdf
201408031211,2014,京都,3,12,11,2014-06-01,https://www.jra.go.jp/datafile/seiseki/report/2014/2014-3kyoto12.pdf,official_daily_result_pdf
201408031212,2014,京都,3,12,12,2014-06-01,https://www.jra.go.jp/datafile/seiseki/report/2014/2014-3kyoto12.pdf,official_daily_result_pdf
201408040101,2014,京都,4,1,1,2014-10-11,https://www.jra.go.jp/datafile/seiseki/report/2014/2014-4kyoto1.pdf,official_daily_result_pdf
201408040102,2014,京都,4,1,2,2014-10-11,https://www.jra.go.jp/datafile/seiseki/report/2014/2014-4kyoto1.pdf,official_daily_result_pdf
201408040103,2014,京都,4,1,3,2014-10-11,https://www.jra.go.jp/datafile/seiseki/report/2014/2014-4kyoto1.pdf,official_daily_result_pdf
201408040104,2014,京都,4,1,4,2014-10-11,https://www.jra.go.jp/datafile/seiseki/report/2014/2014-4kyoto1.pdf,official_daily_result_pdf
201408040105,2014,京都,4,1,5,2014-10-11,https://www.jra.go.jp/datafile/seiseki/report/2014/2014-4kyoto1.pdf,official_daily_result_pdf
201408040106,2014,京都,4,1,6,2014-10-11,https://www.jra.go.jp/datafile/seiseki/report/2014/2014-4kyoto1.pdf,official_daily_result_pdf
201408040107,2014,京都,4,1,7,2014-10-11,https://www.jra.go.jp/datafile/seiseki/report/2014/2014-4kyoto1.pdf,official_daily_result_pdf
201408040108,2014,京都,4,1,8,2014-10-11,https://www.jra.go.jp/datafile/seiseki/report/2014/2014-4kyoto1.pdf,official_daily_result_pdf
201408040109,2014,京都,4,1,9,2014-10-11,https://www.jra.go.jp/datafile/seiseki/report/2014/2014-4kyoto1.pdf,official_daily_result_pdf
201408040110,2014,京都,4,1,10,2014-10-11,https://www.jra.go.jp/datafile/seiseki/report/2014/2014-4kyoto1.pdf,official_daily_result_pdf
201408040111,2014,京都,4,1,11,2014-10-11,https://www.jra.go.jp/datafile/seiseki/report/2014/2014-4kyoto1.pdf,official_daily_result_pdf
201408040112,2014,京都,4,1,12,2014-10-11,https://www.jra.go.jp/datafile/seiseki/report/2014/2014-4kyoto1.pdf,official_daily_result_pdf
201408040201,2014,京都,4,2,1,2014-10-12,https://www.jra.go.jp/datafile/seiseki/report/2014/2014-4kyoto2.pdf,official_daily_result_pdf
201408040202,2014,京都,4,2,2,2014-10-12,https://www.jra.go.jp/datafile/seiseki/report/2014/2014-4kyoto2.pdf,official_daily_result_pdf
201408040203,2014,京都,4,2,3,2014-10-12,https://www.jra.go.jp/datafile/seiseki/report/2014/2014-4kyoto2.pdf,official_daily_result_pdf
201408040204,2014,京都,4,2,4,2014-10-12,https://www.jra.go.jp/datafile/seiseki/report/2014/2014-4kyoto2.pdf,official_daily_result_pdf
201408040205,2014,京都,4,2,5,2014-10-12,https://www.jra.go.jp/datafile/seiseki/report/2014/2014-4kyoto2.pdf,official_daily_result_pdf
201408040206,2014,京都,4,2,6,2014-10-12,https://www.jra.go.jp/datafile/seiseki/report/2014/2014-4kyoto2.pdf,official_daily_result_pdf
201408040207,2014,京都,4,2,7,2014-10-12,https://www.jra.go.jp/datafile/seiseki/report/2014/2014-4kyoto2.pdf,official_daily_result_pdf
201408040208,2014,京都,4,2,8,2014-10-12,https://www.jra.go.jp/datafile/seiseki/report/2014/2014-4kyoto2.pdf,official_daily_result_pdf
201408040209,2014,京都,4,2,9,2014-10-12,https://www.jra.go.jp/datafile/seiseki/report/2014/2014-4kyoto2.pdf,official_daily_result_pdf
201408040210,2014,京都,4,2,10,2014-10-12,https://www.jra.go.jp/datafile/seiseki/report/2014/2014-4kyoto2.pdf,official_daily_result_pdf
201408040211,2014,京都,4,2,11,2014-10-12,https://www.jra.go.jp/datafile/seiseki/report/2014/2014-4kyoto2.pdf,official_daily_result_pdf
201408040212,2014,京都,4,2,12,2014-10-12,https://www.jra.go.jp/datafile/seiseki/report/2014/2014-4kyoto2.pdf,official_daily_result_pdf
201408040301,2014,京都,4,3,1,2014-10-14,https://www.jra.go.jp/datafile/seiseki/report/2014/2014-4kyoto3.pdf,official_daily_result_pdf
201408040302,2014,京都,4,3,2,2014-10-14,https://www.jra.go.jp/datafile/seiseki/report/2014/2014-4kyoto3.pdf,official_daily_result_pdf
201408040303,2014,京都,4,3,3,2014-10-14,https://www.jra.go.jp/datafile/seiseki/report/2014/2014-4kyoto3.pdf,official_daily_result_pdf
201408040304,2014,京都,4,3,4,2014-10-14,https://www.jra.go.jp/datafile/seiseki/report/2014/2014-4kyoto3.pdf,official_daily_result_pdf
201408040305,2014,京都,4,3,5,2014-10-14,https://www.jra.go.jp/datafile/seiseki/report/2014/2014-4kyoto3.pdf,official_daily_result_pdf
201408040306,2014,京都,4,3,6,2014-10-14,https://www.jra.go.jp/datafile/seiseki/report/2014/2014-4kyoto3.pdf,official_daily_result_pdf
201408040307,2014,京都,4,3,7,2014-10-14,https://www.jra.go.jp/datafile/seiseki/report/2014/2014-4kyoto3.pdf,official_daily_result_pdf
201408040308,2014,京都,4,3,8,2014-10-14,https://www.jra.go.jp/datafile/seiseki/report/2014/2014-4kyoto3.pdf,official_daily_result_pdf
201408040309,2014,京都,4,3,9,2014-10-14,https://www.jra.go.jp/datafile/seiseki/report/2014/2014-4kyoto3.pdf,official_daily_result_pdf
201408040310,2014,京都,4,3,10,2014-10-14,https://www.jra.go.jp/datafile/seiseki/report/2014/2014-4kyoto3.pdf,official_daily_result_pdf
201408040311,2014,京都,4,3,11,2014-10-14,https://www.jra.go.jp/datafile/seiseki/report/2014/2014-4kyoto3.pdf,official_daily_result_pdf
201408040312,2014,京都,4,3,12,2014-10-14,https://www.jra.go.jp/datafile/seiseki/report/2014/2014-4kyoto3.pdf,official_daily_result_pdf
201408040401,2014,京都,4,4,1,2014-10-18,https://www.jra.go.jp/datafile/seiseki/report/2014/2014-4kyoto4.pdf,official_daily_result_pdf
201408040402,2014,京都,4,4,2,2014-10-18,https://www.jra.go.jp/datafile/seiseki/report/2014/2014-4kyoto4.pdf,official_daily_result_pdf
201408040403,2014,京都,4,4,3,2014-10-18,https://www.jra.go.jp/datafile/seiseki/report/2014/2014-4kyoto4.pdf,official_daily_result_pdf
201408040404,2014,京都,4,4,4,2014-10-18,https://www.jra.go.jp/datafile/seiseki/report/2014/2014-4kyoto4.pdf,official_daily_result_pdf
201408040405,2014,京都,4,4,5,2014-10-18,https://www.jra.go.jp/datafile/seiseki/report/2014/2014-4kyoto4.pdf,official_daily_result_pdf
201408040406,2014,京都,4,4,6,2014-10-18,https://www.jra.go.jp/datafile/seiseki/report/2014/2014-4kyoto4.pdf,official_daily_result_pdf
201408040407,2014,京都,4,4,7,2014-10-18,https://www.jra.go.jp/datafile/seiseki/report/2014/2014-4kyoto4.pdf,official_daily_result_pdf
201408040408,2014,京都,4,4,8,2014-10-18,https://www.jra.go.jp/datafile/seiseki/report/2014/2014-4kyoto4.pdf,official_daily_result_pdf
201408040409,2014,京都,4,4,9,2014-10-18,https://www.jra.go.jp/datafile/seiseki/report/2014/2014-4kyoto4.pdf,official_daily_result_pdf
201408040410,2014,京都,4,4,10,2014-10-18,https://www.jra.go.jp/datafile/seiseki/report/2014/2014-4kyoto4.pdf,official_daily_result_pdf
201408040411,2014,京都,4,4,11,2014-10-18,https://www.jra.go.jp/datafile/seiseki/report/2014/2014-4kyoto4.pdf,official_daily_result_pdf
201408040412,2014,京都,4,4,12,2014-10-18,https://www.jra.go.jp/datafile/seiseki/report/2014/2014-4kyoto4.pdf,official_daily_result_pdf
201408040501,2014,京都,4,5,1,2014-10-19,https://www.jra.go.jp/datafile/seiseki/report/2014/2014-4kyoto5.pdf,official_daily_result_pdf
201408040502,2014,京都,4,5,2,2014-10-19,https://www.jra.go.jp/datafile/seiseki/report/2014/2014-4kyoto5.pdf,official_daily_result_pdf
201408040503,2014,京都,4,5,3,2014-10-19,https://www.jra.go.jp/datafile/seiseki/report/2014/2014-4kyoto5.pdf,official_daily_result_pdf
201408040504,2014,京都,4,5,4,2014-10-19,https://www.jra.go.jp/datafile/seiseki/report/2014/2014-4kyoto5.pdf,official_daily_result_pdf
201408040505,2014,京都,4,5,5,2014-10-19,https://www.jra.go.jp/datafile/seiseki/report/2014/2014-4kyoto5.pdf,official_daily_result_pdf
201408040506,2014,京都,4,5,6,2014-10-19,https://www.jra.go.jp/datafile/seiseki/report/2014/2014-4kyoto5.pdf,official_daily_result_pdf
201408040507,2014,京都,4,5,7,2014-10-19,https://www.jra.go.jp/datafile/seiseki/report/2014/2014-4kyoto5.pdf,official_daily_result_pdf
201408040508,2014,京都,4,5,8,2014-10-19,https://www.jra.go.jp/datafile/seiseki/report/2014/2014-4kyoto5.pdf,official_daily_result_pdf
201408040509,2014,京都,4,5,9,2014-10-19,https://www.jra.go.jp/datafile/seiseki/report/2014/2014-4kyoto5.pdf,official_daily_result_pdf
201408040510,2014,京都,4,5,10,2014-10-19,https://www.jra.go.jp/datafile/seiseki/report/2014/2014-4kyoto5.pdf,official_daily_result_pdf
201408040511,2014,京都,4,5,11,2014-10-19,https://www.jra.go.jp/datafile/seiseki/report/2014/2014-4kyoto5.pdf,official_daily_result_pdf
201408040512,2014,京都,4,5,12,2014-10-19,https://www.jra.go.jp/datafile/seiseki/report/2014/2014-4kyoto5.pdf,official_daily_result_pdf
201408040601,2014,京都,4,6,1,2014-10-25,https://www.jra.go.jp/datafile/seiseki/report/2014/2014-4kyoto6.pdf,official_daily_result_pdf
201408040602,2014,京都,4,6,2,2014-10-25,https://www.jra.go.jp/datafile/seiseki/report/2014/2014-4kyoto6.pdf,official_daily_result_pdf
201408040603,2014,京都,4,6,3,2014-10-25,https://www.jra.go.jp/datafile/seiseki/report/2014/2014-4kyoto6.pdf,official_daily_result_pdf
201408040604,2014,京都,4,6,4,2014-10-25,https://www.jra.go.jp/datafile/seiseki/report/2014/2014-4kyoto6.pdf,official_daily_result_pdf
201408040605,2014,京都,4,6,5,2014-10-25,https://www.jra.go.jp/datafile/seiseki/report/2014/2014-4kyoto6.pdf,official_daily_result_pdf
201408040606,2014,京都,4,6,6,2014-10-25,https://www.jra.go.jp/datafile/seiseki/report/2014/2014-4kyoto6.pdf,official_daily_result_pdf
201408040607,2014,京都,4,6,7,2014-10-25,https://www.jra.go.jp/datafile/seiseki/report/2014/2014-4kyoto6.pdf,official_daily_result_pdf
201408040608,2014,京都,4,6,8,2014-10-25,https://www.jra.go.jp/datafile/seiseki/report/2014/2014-4kyoto6.pdf,official_daily_result_pdf
201408040609,2014,京都,4,6,9,2014-10-25,https://www.jra.go.jp/datafile/seiseki/report/2014/2014-4kyoto6.pdf,official_daily_result_pdf
201408040610,2014,京都,4,6,10,2014-10-25,https://www.jra.go.jp/datafile/seiseki/report/2014/2014-4kyoto6.pdf,official_daily_result_pdf
201408040611,2014,京都,4,6,11,2014-10-25,https://www.jra.go.jp/datafile/seiseki/report/2014/2014-4kyoto6.pdf,official_daily_result_pdf
201408040612,2014,京都,4,6,12,2014-10-25,https://www.jra.go.jp/datafile/seiseki/report/2014/2014-4kyoto6.pdf,official_daily_result_pdf
201408040701,2014,京都,4,7,1,2014-10-26,https://www.jra.go.jp/datafile/seiseki/report/2014/2014-4kyoto7.pdf,official_daily_result_pdf
201408040702,2014,京都,4,7,2,2014-10-26,https://www.jra.go.jp/datafile/seiseki/report/2014/2014-4kyoto7.pdf,official_daily_result_pdf
201408040703,2014,京都,4,7,3,2014-10-26,https://www.jra.go.jp/datafile/seiseki/report/2014/2014-4kyoto7.pdf,official_daily_result_pdf
201408040704,2014,京都,4,7,4,2014-10-26,https://www.jra.go.jp/datafile/seiseki/report/2014/2014-4kyoto7.pdf,official_daily_result_pdf
201408040705,2014,京都,4,7,5,2014-10-26,https://www.jra.go.jp/datafile/seiseki/report/2014/2014-4kyoto7.pdf,official_daily_result_pdf
201408040706,2014,京都,4,7,6,2014-10-26,https://www.jra.go.jp/datafile/seiseki/report/2014/2014-4kyoto7.pdf,official_daily_result_pdf
201408040707,2014,京都,4,7,7,2014-10-26,https://www.jra.go.jp/datafile/seiseki/report/2014/2014-4kyoto7.pdf,official_daily_result_pdf
201408040708,2014,京都,4,7,8,2014-10-26,https://www.jra.go.jp/datafile/seiseki/report/2014/2014-4kyoto7.pdf,official_daily_result_pdf
201408040709,2014,京都,4,7,9,2014-10-26,https://www.jra.go.jp/datafile/seiseki/report/2014/2014-4kyoto7.pdf,official_daily_result_pdf
201408040710,2014,京都,4,7,10,2014-10-26,https://www.jra.go.jp/datafile/seiseki/report/2014/2014-4kyoto7.pdf,official_daily_result_pdf
201408040711,2014,京都,4,7,11,2014-10-26,https://www.jra.go.jp/datafile/seiseki/report/2014/2014-4kyoto7.pdf,official_daily_result_pdf
201408040712,2014,京都,4,7,12,2014-10-26,https://www.jra.go.jp/datafile/seiseki/report/2014/2014-4kyoto7.pdf,official_daily_result_pdf
201408040801,2014,京都,4,8,1,2014-11-01,https://www.jra.go.jp/datafile/seiseki/report/2014/2014-4kyoto8.pdf,official_daily_result_pdf
201408040802,2014,京都,4,8,2,2014-11-01,https://www.jra.go.jp/datafile/seiseki/report/2014/2014-4kyoto8.pdf,official_daily_result_pdf
201408040803,2014,京都,4,8,3,2014-11-01,https://www.jra.go.jp/datafile/seiseki/report/2014/2014-4kyoto8.pdf,official_daily_result_pdf
201408040804,2014,京都,4,8,4,2014-11-01,https://www.jra.go.jp/datafile/seiseki/report/2014/2014-4kyoto8.pdf,official_daily_result_pdf
201408040805,2014,京都,4,8,5,2014-11-01,https://www.jra.go.jp/datafile/seiseki/report/2014/2014-4kyoto8.pdf,official_daily_result_pdf
201408040806,2014,京都,4,8,6,2014-11-01,https://www.jra.go.jp/datafile/seiseki/report/2014/2014-4kyoto8.pdf,official_daily_result_pdf
201408040807,2014,京都,4,8,7,2014-11-01,https://www.jra.go.jp/datafile/seiseki/report/2014/2014-4kyoto8.pdf,official_daily_result_pdf
201408040808,2014,京都,4,8,8,2014-11-01,https://www.jra.go.jp/datafile/seiseki/report/2014/2014-4kyoto8.pdf,official_daily_result_pdf
201408040809,2014,京都,4,8,9,2014-11-01,https://www.jra.go.jp/datafile/seiseki/report/2014/2014-4kyoto8.pdf,official_daily_result_pdf
201408040810,2014,京都,4,8,10,2014-11-01,https://www.jra.go.jp/datafile/seiseki/report/2014/2014-4kyoto8.pdf,official_daily_result_pdf
201408040811,2014,京都,4,8,11,2014-11-01,https://www.jra.go.jp/datafile/seiseki/report/2014/2014-4kyoto8.pdf,official_daily_result_pdf
201408040812,2014,京都,4,8,12,2014-11-01,https://www.jra.go.jp/datafile/seiseki/report/2014/2014-4kyoto8.pdf,official_daily_result_pdf
201408040901,2014,京都,4,9,1,2014-11-02,https://www.jra.go.jp/datafile/seiseki/report/2014/2014-4kyoto9.pdf,official_daily_result_pdf
201408040902,2014,京都,4,9,2,2014-11-02,https://www.jra.go.jp/datafile/seiseki/report/2014/2014-4kyoto9.pdf,official_daily_result_pdf
201408040903,2014,京都,4,9,3,2014-11-02,https://www.jra.go.jp/datafile/seiseki/report/2014/2014-4kyoto9.pdf,official_daily_result_pdf
201408040904,2014,京都,4,9,4,2014-11-02,https://www.jra.go.jp/datafile/seiseki/report/2014/2014-4kyoto9.pdf,official_daily_result_pdf
201408040905,2014,京都,4,9,5,2014-11-02,https://www.jra.go.jp/datafile/seiseki/report/2014/2014-4kyoto9.pdf,official_daily_result_pdf
201408040906,2014,京都,4,9,6,2014-11-02,https://www.jra.go.jp/datafile/seiseki/report/2014/2014-4kyoto9.pdf,official_daily_result_pdf
201408040907,2014,京都,4,9,7,2014-11-02,https://www.jra.go.jp/datafile/seiseki/report/2014/2014-4kyoto9.pdf,official_daily_result_pdf
201408040908,2014,京都,4,9,8,2014-11-02,https://www.jra.go.jp/datafile/seiseki/report/2014/2014-4kyoto9.pdf,official_daily_result_pdf
201408040909,2014,京都,4,9,9,2014-11-02,https://www.jra.go.jp/datafile/seiseki/report/2014/2014-4kyoto9.pdf,official_daily_result_pdf
201408040910,2014,京都,4,9,10,2014-11-02,https://www.jra.go.jp/datafile/seiseki/report/2014/2014-4kyoto9.pdf,official_daily_result_pdf
201408040911,2014,京都,4,9,11,2014-11-02,https://www.jra.go.jp/datafile/seiseki/report/2014/2014-4kyoto9.pdf,official_daily_result_pdf
201408040912,2014,京都,4,9,12,2014-11-02,https://www.jra.go.jp/datafile/seiseki/report/2014/2014-4kyoto9.pdf,official_daily_result_pdf
201408050101,2014,京都,5,1,1,2014-11-08,https://www.jra.go.jp/datafile/seiseki/report/2014/2014-5kyoto1.pdf,official_daily_result_pdf
201408050102,2014,京都,5,1,2,2014-11-08,https://www.jra.go.jp/datafile/seiseki/report/2014/2014-5kyoto1.pdf,official_daily_result_pdf
201408050103,2014,京都,5,1,3,2014-11-08,https://www.jra.go.jp/datafile/seiseki/report/2014/2014-5kyoto1.pdf,official_daily_result_pdf
201408050104,2014,京都,5,1,4,2014-11-08,https://www.jra.go.jp/datafile/seiseki/report/2014/2014-5kyoto1.pdf,official_daily_result_pdf
201408050105,2014,京都,5,1,5,2014-11-08,https://www.jra.go.jp/datafile/seiseki/report/2014/2014-5kyoto1.pdf,official_daily_result_pdf
201408050106,2014,京都,5,1,6,2014-11-08,https://www.jra.go.jp/datafile/seiseki/report/2014/2014-5kyoto1.pdf,official_daily_result_pdf
201408050107,2014,京都,5,1,7,2014-11-08,https://www.jra.go.jp/datafile/seiseki/report/2014/2014-5kyoto1.pdf,official_daily_result_pdf
201408050108,2014,京都,5,1,8,2014-11-08,https://www.jra.go.jp/datafile/seiseki/report/2014/2014-5kyoto1.pdf,official_daily_result_pdf
201408050109,2014,京都,5,1,9,2014-11-08,https://www.jra.go.jp/datafile/seiseki/report/2014/2014-5kyoto1.pdf,official_daily_result_pdf
201408050110,2014,京都,5,1,10,2014-11-08,https://www.jra.go.jp/datafile/seiseki/report/2014/2014-5kyoto1.pdf,official_daily_result_pdf
201408050111,2014,京都,5,1,11,2014-11-08,https://www.jra.go.jp/datafile/seiseki/report/2014/2014-5kyoto1.pdf,official_daily_result_pdf
201408050112,2014,京都,5,1,12,2014-11-08,https://www.jra.go.jp/datafile/seiseki/report/2014/2014-5kyoto1.pdf,official_daily_result_pdf
201408050201,2014,京都,5,2,1,2014-11-09,https://www.jra.go.jp/datafile/seiseki/report/2014/2014-5kyoto2.pdf,official_daily_result_pdf
201408050202,2014,京都,5,2,2,2014-11-09,https://www.jra.go.jp/datafile/seiseki/report/2014/2014-5kyoto2.pdf,official_daily_result_pdf
201408050203,2014,京都,5,2,3,2014-11-09,https://www.jra.go.jp/datafile/seiseki/report/2014/2014-5kyoto2.pdf,official_daily_result_pdf
201408050204,2014,京都,5,2,4,2014-11-09,https://www.jra.go.jp/datafile/seiseki/report/2014/2014-5kyoto2.pdf,official_daily_result_pdf
201408050205,2014,京都,5,2,5,2014-11-09,https://www.jra.go.jp/datafile/seiseki/report/2014/2014-5kyoto2.pdf,official_daily_result_pdf
201408050206,2014,京都,5,2,6,2014-11-09,https://www.jra.go.jp/datafile/seiseki/report/2014/2014-5kyoto2.pdf,official_daily_result_pdf
201408050207,2014,京都,5,2,7,2014-11-09,https://www.jra.go.jp/datafile/seiseki/report/2014/2014-5kyoto2.pdf,official_daily_result_pdf
201408050208,2014,京都,5,2,8,2014-11-09,https://www.jra.go.jp/datafile/seiseki/report/2014/2014-5kyoto2.pdf,official_daily_result_pdf
201408050209,2014,京都,5,2,9,2014-11-09,https://www.jra.go.jp/datafile/seiseki/report/2014/2014-5kyoto2.pdf,official_daily_result_pdf
201408050210,2014,京都,5,2,10,2014-11-09,https://www.jra.go.jp/datafile/seiseki/report/2014/2014-5kyoto2.pdf,official_daily_result_pdf
201408050211,2014,京都,5,2,11,2014-11-09,https://www.jra.go.jp/datafile/seiseki/report/2014/2014-5kyoto2.pdf,official_daily_result_pdf
201408050212,2014,京都,5,2,12,2014-11-09,https://www.jra.go.jp/datafile/seiseki/report/2014/2014-5kyoto2.pdf,official_daily_result_pdf
201408050301,2014,京都,5,3,1,2014-11-15,https://www.jra.go.jp/datafile/seiseki/report/2014/2014-5kyoto3.pdf,official_daily_result_pdf
201408050302,2014,京都,5,3,2,2014-11-15,https://www.jra.go.jp/datafile/seiseki/report/2014/2014-5kyoto3.pdf,official_daily_result_pdf
201408050303,2014,京都,5,3,3,2014-11-15,https://www.jra.go.jp/datafile/seiseki/report/2014/2014-5kyoto3.pdf,official_daily_result_pdf
201408050304,2014,京都,5,3,4,2014-11-15,https://www.jra.go.jp/datafile/seiseki/report/2014/2014-5kyoto3.pdf,official_daily_result_pdf
201408050305,2014,京都,5,3,5,2014-11-15,https://www.jra.go.jp/datafile/seiseki/report/2014/2014-5kyoto3.pdf,official_daily_result_pdf
201408050306,2014,京都,5,3,6,2014-11-15,https://www.jra.go.jp/datafile/seiseki/report/2014/2014-5kyoto3.pdf,official_daily_result_pdf
201408050307,2014,京都,5,3,7,2014-11-15,https://www.jra.go.jp/datafile/seiseki/report/2014/2014-5kyoto3.pdf,official_daily_result_pdf
201408050308,2014,京都,5,3,8,2014-11-15,https://www.jra.go.jp/datafile/seiseki/report/2014/2014-5kyoto3.pdf,official_daily_result_pdf
201408050309,2014,京都,5,3,9,2014-11-15,https://www.jra.go.jp/datafile/seiseki/report/2014/2014-5kyoto3.pdf,official_daily_result_pdf
201408050310,2014,京都,5,3,10,2014-11-15,https://www.jra.go.jp/datafile/seiseki/report/2014/2014-5kyoto3.pdf,official_daily_result_pdf
201408050311,2014,京都,5,3,11,2014-11-15,https://www.jra.go.jp/datafile/seiseki/report/2014/2014-5kyoto3.pdf,official_daily_result_pdf
201408050312,2014,京都,5,3,12,2014-11-15,https://www.jra.go.jp/datafile/seiseki/report/2014/2014-5kyoto3.pdf,official_daily_result_pdf
201408050401,2014,京都,5,4,1,2014-11-16,https://www.jra.go.jp/datafile/seiseki/report/2014/2014-5kyoto4.pdf,official_daily_result_pdf
201408050402,2014,京都,5,4,2,2014-11-16,https://www.jra.go.jp/datafile/seiseki/report/2014/2014-5kyoto4.pdf,official_daily_result_pdf
201408050403,2014,京都,5,4,3,2014-11-16,https://www.jra.go.jp/datafile/seiseki/report/2014/2014-5kyoto4.pdf,official_daily_result_pdf
201408050404,2014,京都,5,4,4,2014-11-16,https://www.jra.go.jp/datafile/seiseki/report/2014/2014-5kyoto4.pdf,official_daily_result_pdf
201408050405,2014,京都,5,4,5,2014-11-16,https://www.jra.go.jp/datafile/seiseki/report/2014/2014-5kyoto4.pdf,official_daily_result_pdf
201408050406,2014,京都,5,4,6,2014-11-16,https://www.jra.go.jp/datafile/seiseki/report/2014/2014-5kyoto4.pdf,official_daily_result_pdf
201408050407,2014,京都,5,4,7,2014-11-16,https://www.jra.go.jp/datafile/seiseki/report/2014/2014-5kyoto4.pdf,official_daily_result_pdf
201408050408,2014,京都,5,4,8,2014-11-16,https://www.jra.go.jp/datafile/seiseki/report/2014/2014-5kyoto4.pdf,official_daily_result_pdf
201408050409,2014,京都,5,4,9,2014-11-16,https://www.jra.go.jp/datafile/seiseki/report/2014/2014-5kyoto4.pdf,official_daily_result_pdf
201408050410,2014,京都,5,4,10,2014-11-16,https://www.jra.go.jp/datafile/seiseki/report/2014/2014-5kyoto4.pdf,official_daily_result_pdf
201408050411,2014,京都,5,4,11,2014-11-16,https://www.jra.go.jp/datafile/seiseki/report/2014/2014-5kyoto4.pdf,official_daily_result_pdf
201408050412,2014,京都,5,4,12,2014-11-16,https://www.jra.go.jp/datafile/seiseki/report/2014/2014-5kyoto4.pdf,official_daily_result_pdf
201408050501,2014,京都,5,5,1,2014-11-22,https://www.jra.go.jp/datafile/seiseki/report/2014/2014-5kyoto5.pdf,official_daily_result_pdf
201408050502,2014,京都,5,5,2,2014-11-22,https://www.jra.go.jp/datafile/seiseki/report/2014/2014-5kyoto5.pdf,official_daily_result_pdf
201408050503,2014,京都,5,5,3,2014-11-22,https://www.jra.go.jp/datafile/seiseki/report/2014/2014-5kyoto5.pdf,official_daily_result_pdf
201408050504,2014,京都,5,5,4,2014-11-22,https://www.jra.go.jp/datafile/seiseki/report/2014/2014-5kyoto5.pdf,official_daily_result_pdf
201408050505,2014,京都,5,5,5,2014-11-22,https://www.jra.go.jp/datafile/seiseki/report/2014/2014-5kyoto5.pdf,official_daily_result_pdf
201408050506,2014,京都,5,5,6,2014-11-22,https://www.jra.go.jp/datafile/seiseki/report/2014/2014-5kyoto5.pdf,official_daily_result_pdf
201408050507,2014,京都,5,5,7,2014-11-22,https://www.jra.go.jp/datafile/seiseki/report/2014/2014-5kyoto5.pdf,official_daily_result_pdf
201408050508,2014,京都,5,5,8,2014-11-22,https://www.jra.go.jp/datafile/seiseki/report/2014/2014-5kyoto5.pdf,official_daily_result_pdf
201408050509,2014,京都,5,5,9,2014-11-22,https://www.jra.go.jp/datafile/seiseki/report/2014/2014-5kyoto5.pdf,official_daily_result_pdf
201408050510,2014,京都,5,5,10,2014-11-22,https://www.jra.go.jp/datafile/seiseki/report/2014/2014-5kyoto5.pdf,official_daily_result_pdf
201408050511,2014,京都,5,5,11,2014-11-22,https://www.jra.go.jp/datafile/seiseki/report/2014/2014-5kyoto5.pdf,official_daily_result_pdf
201408050512,2014,京都,5,5,12,2014-11-22,https://www.jra.go.jp/datafile/seiseki/report/2014/2014-5kyoto5.pdf,official_daily_result_pdf
201408050601,2014,京都,5,6,1,2014-11-23,https://www.jra.go.jp/datafile/seiseki/report/2014/2014-5kyoto6.pdf,official_daily_result_pdf
201408050602,2014,京都,5,6,2,2014-11-23,https://www.jra.go.jp/datafile/seiseki/report/2014/2014-5kyoto6.pdf,official_daily_result_pdf
201408050603,2014,京都,5,6,3,2014-11-23,https://www.jra.go.jp/datafile/seiseki/report/2014/2014-5kyoto6.pdf,official_daily_result_pdf
201408050604,2014,京都,5,6,4,2014-11-23,https://www.jra.go.jp/datafile/seiseki/report/2014/2014-5kyoto6.pdf,official_daily_result_pdf
201408050605,2014,京都,5,6,5,2014-11-23,https://www.jra.go.jp/datafile/seiseki/report/2014/2014-5kyoto6.pdf,official_daily_result_pdf
201408050606,2014,京都,5,6,6,2014-11-23,https://www.jra.go.jp/datafile/seiseki/report/2014/2014-5kyoto6.pdf,official_daily_result_pdf
201408050607,2014,京都,5,6,7,2014-11-23,https://www.jra.go.jp/datafile/seiseki/report/2014/2014-5kyoto6.pdf,official_daily_result_pdf
201408050608,2014,京都,5,6,8,2014-11-23,https://www.jra.go.jp/datafile/seiseki/report/2014/2014-5kyoto6.pdf,official_daily_result_pdf
201408050609,2014,京都,5,6,9,2014-11-23,https://www.jra.go.jp/datafile/seiseki/report/2014/2014-5kyoto6.pdf,official_daily_result_pdf
201408050610,2014,京都,5,6,10,2014-11-23,https://www.jra.go.jp/datafile/seiseki/report/2014/2014-5kyoto6.pdf,official_daily_result_pdf
201408050611,2014,京都,5,6,11,2014-11-23,https://www.jra.go.jp/datafile/seiseki/report/2014/2014-5kyoto6.pdf,official_daily_result_pdf
201408050612,2014,京都,5,6,12,2014-11-23,https://www.jra.go.jp/datafile/seiseki/report/2014/2014-5kyoto6.pdf,official_daily_result_pdf
201408050701,2014,京都,5,7,1,2014-11-24,https://www.jra.go.jp/datafile/seiseki/report/2014/2014-5kyoto7.pdf,official_daily_result_pdf
201408050702,2014,京都,5,7,2,2014-11-24,https://www.jra.go.jp/datafile/seiseki/report/2014/2014-5kyoto7.pdf,official_daily_result_pdf
201408050703,2014,京都,5,7,3,2014-11-24,https://www.jra.go.jp/datafile/seiseki/report/2014/2014-5kyoto7.pdf,official_daily_result_pdf
201408050704,2014,京都,5,7,4,2014-11-24,https://www.jra.go.jp/datafile/seiseki/report/2014/2014-5kyoto7.pdf,official_daily_result_pdf
201408050705,2014,京都,5,7,5,2014-11-24,https://www.jra.go.jp/datafile/seiseki/report/2014/2014-5kyoto7.pdf,official_daily_result_pdf
201408050706,2014,京都,5,7,6,2014-11-24,https://www.jra.go.jp/datafile/seiseki/report/2014/2014-5kyoto7.pdf,official_daily_result_pdf
201408050707,2014,京都,5,7,7,2014-11-24,https://www.jra.go.jp/datafile/seiseki/report/2014/2014-5kyoto7.pdf,official_daily_result_pdf
201408050708,2014,京都,5,7,8,2014-11-24,https://www.jra.go.jp/datafile/seiseki/report/2014/2014-5kyoto7.pdf,official_daily_result_pdf
201408050709,2014,京都,5,7,9,2014-11-24,https://www.jra.go.jp/datafile/seiseki/report/2014/2014-5kyoto7.pdf,official_daily_result_pdf
201408050710,2014,京都,5,7,10,2014-11-24,https://www.jra.go.jp/datafile/seiseki/report/2014/2014-5kyoto7.pdf,official_daily_result_pdf
201408050711,2014,京都,5,7,11,2014-11-24,https://www.jra.go.jp/datafile/seiseki/report/2014/2014-5kyoto7.pdf,official_daily_result_pdf
201408050712,2014,京都,5,7,12,2014-11-24,https://www.jra.go.jp/datafile/seiseki/report/2014/2014-5kyoto7.pdf,official_daily_result_pdf
201408050801,2014,京都,5,8,1,2014-11-29,https://www.jra.go.jp/datafile/seiseki/report/2014/2014-5kyoto8.pdf,official_daily_result_pdf
201408050802,2014,京都,5,8,2,2014-11-29,https://www.jra.go.jp/datafile/seiseki/report/2014/2014-5kyoto8.pdf,official_daily_result_pdf
201408050803,2014,京都,5,8,3,2014-11-29,https://www.jra.go.jp/datafile/seiseki/report/2014/2014-5kyoto8.pdf,official_daily_result_pdf
201408050804,2014,京都,5,8,4,2014-11-29,https://www.jra.go.jp/datafile/seiseki/report/2014/2014-5kyoto8.pdf,official_daily_result_pdf
201408050805,2014,京都,5,8,5,2014-11-29,https://www.jra.go.jp/datafile/seiseki/report/2014/2014-5kyoto8.pdf,official_daily_result_pdf
201408050806,2014,京都,5,8,6,2014-11-29,https://www.jra.go.jp/datafile/seiseki/report/2014/2014-5kyoto8.pdf,official_daily_result_pdf
201408050807,2014,京都,5,8,7,2014-11-29,https://www.jra.go.jp/datafile/seiseki/report/2014/2014-5kyoto8.pdf,official_daily_result_pdf
201408050808,2014,京都,5,8,8,2014-11-29,https://www.jra.go.jp/datafile/seiseki/report/2014/2014-5kyoto8.pdf,official_daily_result_pdf
201408050809,2014,京都,5,8,9,2014-11-29,https://www.jra.go.jp/datafile/seiseki/report/2014/2014-5kyoto8.pdf,official_daily_result_pdf
201408050810,2014,京都,5,8,10,2014-11-29,https://www.jra.go.jp/datafile/seiseki/report/2014/2014-5kyoto8.pdf,official_daily_result_pdf
201408050811,2014,京都,5,8,11,2014-11-29,https://www.jra.go.jp/datafile/seiseki/report/2014/2014-5kyoto8.pdf,official_daily_result_pdf
201408050812,2014,京都,5,8,12,2014-11-29,https://www.jra.go.jp/datafile/seiseki/report/2014/2014-5kyoto8.pdf,official_daily_result_pdf
201408050901,2014,京都,5,9,1,2014-11-30,https://www.jra.go.jp/datafile/seiseki/report/2014/2014-5kyoto9.pdf,official_daily_result_pdf
201408050902,2014,京都,5,9,2,2014-11-30,https://www.jra.go.jp/datafile/seiseki/report/2014/2014-5kyoto9.pdf,official_daily_result_pdf
201408050903,2014,京都,5,9,3,2014-11-30,https://www.jra.go.jp/datafile/seiseki/report/2014/2014-5kyoto9.pdf,official_daily_result_pdf
201408050904,2014,京都,5,9,4,2014-11-30,https://www.jra.go.jp/datafile/seiseki/report/2014/2014-5kyoto9.pdf,official_daily_result_pdf
201408050905,2014,京都,5,9,5,2014-11-30,https://www.jra.go.jp/datafile/seiseki/report/2014/2014-5kyoto9.pdf,official_daily_result_pdf
201408050906,2014,京都,5,9,6,2014-11-30,https://www.jra.go.jp/datafile/seiseki/report/2014/2014-5kyoto9.pdf,official_daily_result_pdf
201408050907,2014,京都,5,9,7,2014-11-30,https://www.jra.go.jp/datafile/seiseki/report/2014/2014-5kyoto9.pdf,official_daily_result_pdf
201408050908,2014,京都,5,9,8,2014-11-30,https://www.jra.go.jp/datafile/seiseki/report/2014/2014-5kyoto9.pdf,official_daily_result_pdf
201408050909,2014,京都,5,9,9,2014-11-30,https://www.jra.go.jp/datafile/seiseki/report/2014/2014-5kyoto9.pdf,official_daily_result_pdf
201408050910,2014,京都,5,9,10,2014-11-30,https://www.jra.go.jp/datafile/seiseki/report/2014/2014-5kyoto9.pdf,official_daily_result_pdf
201408050911,2014,京都,5,9,11,2014-11-30,https://www.jra.go.jp/datafile/seiseki/report/2014/2014-5kyoto9.pdf,official_daily_result_pdf
201408050912,2014,京都,5,9,12,2014-11-30,https://www.jra.go.jp/datafile/seiseki/report/2014/2014-5kyoto9.pdf,official_daily_result_pdf
201409010101,2014,阪神,1,1,1,2014-03-01,https://www.jra.go.jp/datafile/seiseki/report/2014/2014-1hanshin1.pdf,official_daily_result_pdf
201409010102,2014,阪神,1,1,2,2014-03-01,https://www.jra.go.jp/datafile/seiseki/report/2014/2014-1hanshin1.pdf,official_daily_result_pdf
201409010103,2014,阪神,1,1,3,2014-03-01,https://www.jra.go.jp/datafile/seiseki/report/2014/2014-1hanshin1.pdf,official_daily_result_pdf
201409010104,2014,阪神,1,1,4,2014-03-01,https://www.jra.go.jp/datafile/seiseki/report/2014/2014-1hanshin1.pdf,official_daily_result_pdf
201409010105,2014,阪神,1,1,5,2014-03-01,https://www.jra.go.jp/datafile/seiseki/report/2014/2014-1hanshin1.pdf,official_daily_result_pdf
201409010106,2014,阪神,1,1,6,2014-03-01,https://www.jra.go.jp/datafile/seiseki/report/2014/2014-1hanshin1.pdf,official_daily_result_pdf
201409010107,2014,阪神,1,1,7,2014-03-01,https://www.jra.go.jp/datafile/seiseki/report/2014/2014-1hanshin1.pdf,official_daily_result_pdf
201409010108,2014,阪神,1,1,8,2014-03-01,https://www.jra.go.jp/datafile/seiseki/report/2014/2014-1hanshin1.pdf,official_daily_result_pdf
201409010109,2014,阪神,1,1,9,2014-03-01,https://www.jra.go.jp/datafile/seiseki/report/2014/2014-1hanshin1.pdf,official_daily_result_pdf
201409010110,2014,阪神,1,1,10,2014-03-01,https://www.jra.go.jp/datafile/seiseki/report/2014/2014-1hanshin1.pdf,official_daily_result_pdf
201409010111,2014,阪神,1,1,11,2014-03-01,https://www.jra.go.jp/datafile/seiseki/report/2014/2014-1hanshin1.pdf,official_daily_result_pdf
201409010112,2014,阪神,1,1,12,2014-03-01,https://www.jra.go.jp/datafile/seiseki/report/2014/2014-1hanshin1.pdf,official_daily_result_pdf
201409010201,2014,阪神,1,2,1,2014-03-02,https://www.jra.go.jp/datafile/seiseki/report/2014/2014-1hanshin2.pdf,official_daily_result_pdf
201409010202,2014,阪神,1,2,2,2014-03-02,https://www.jra.go.jp/datafile/seiseki/report/2014/2014-1hanshin2.pdf,official_daily_result_pdf
201409010203,2014,阪神,1,2,3,2014-03-02,https://www.jra.go.jp/datafile/seiseki/report/2014/2014-1hanshin2.pdf,official_daily_result_pdf
201409010204,2014,阪神,1,2,4,2014-03-02,https://www.jra.go.jp/datafile/seiseki/report/2014/2014-1hanshin2.pdf,official_daily_result_pdf
201409010205,2014,阪神,1,2,5,2014-03-02,https://www.jra.go.jp/datafile/seiseki/report/2014/2014-1hanshin2.pdf,official_daily_result_pdf
201409010206,2014,阪神,1,2,6,2014-03-02,https://www.jra.go.jp/datafile/seiseki/report/2014/2014-1hanshin2.pdf,official_daily_result_pdf
201409010207,2014,阪神,1,2,7,2014-03-02,https://www.jra.go.jp/datafile/seiseki/report/2014/2014-1hanshin2.pdf,official_daily_result_pdf
201409010208,2014,阪神,1,2,8,2014-03-02,https://www.jra.go.jp/datafile/seiseki/report/2014/2014-1hanshin2.pdf,official_daily_result_pdf
201409010209,2014,阪神,1,2,9,2014-03-02,https://www.jra.go.jp/datafile/seiseki/report/2014/2014-1hanshin2.pdf,official_daily_result_pdf
201409010210,2014,阪神,1,2,10,2014-03-02,https://www.jra.go.jp/datafile/seiseki/report/2014/2014-1hanshin2.pdf,official_daily_result_pdf
201409010211,2014,阪神,1,2,11,2014-03-02,https://www.jra.go.jp/datafile/seiseki/report/2014/2014-1hanshin2.pdf,official_daily_result_pdf
201409010212,2014,阪神,1,2,12,2014-03-02,https://www.jra.go.jp/datafile/seiseki/report/2014/2014-1hanshin2.pdf,official_daily_result_pdf
201409010301,2014,阪神,1,3,1,2014-03-08,https://www.jra.go.jp/datafile/seiseki/report/2014/2014-1hanshin3.pdf,official_daily_result_pdf
201409010302,2014,阪神,1,3,2,2014-03-08,https://www.jra.go.jp/datafile/seiseki/report/2014/2014-1hanshin3.pdf,official_daily_result_pdf
201409010303,2014,阪神,1,3,3,2014-03-08,https://www.jra.go.jp/datafile/seiseki/report/2014/2014-1hanshin3.pdf,official_daily_result_pdf
201409010304,2014,阪神,1,3,4,2014-03-08,https://www.jra.go.jp/datafile/seiseki/report/2014/2014-1hanshin3.pdf,official_daily_result_pdf
201409010305,2014,阪神,1,3,5,2014-03-08,https://www.jra.go.jp/datafile/seiseki/report/2014/2014-1hanshin3.pdf,official_daily_result_pdf
201409010306,2014,阪神,1,3,6,2014-03-08,https://www.jra.go.jp/datafile/seiseki/report/2014/2014-1hanshin3.pdf,official_daily_result_pdf
201409010307,2014,阪神,1,3,7,2014-03-08,https://www.jra.go.jp/datafile/seiseki/report/2014/2014-1hanshin3.pdf,official_daily_result_pdf
201409010308,2014,阪神,1,3,8,2014-03-08,https://www.jra.go.jp/datafile/seiseki/report/2014/2014-1hanshin3.pdf,official_daily_result_pdf
201409010309,2014,阪神,1,3,9,2014-03-08,https://www.jra.go.jp/datafile/seiseki/report/2014/2014-1hanshin3.pdf,official_daily_result_pdf
201409010310,2014,阪神,1,3,10,2014-03-08,https://www.jra.go.jp/datafile/seiseki/report/2014/2014-1hanshin3.pdf,official_daily_result_pdf
201409010311,2014,阪神,1,3,11,2014-03-08,https://www.jra.go.jp/datafile/seiseki/report/2014/2014-1hanshin3.pdf,official_daily_result_pdf
201409010312,2014,阪神,1,3,12,2014-03-08,https://www.jra.go.jp/datafile/seiseki/report/2014/2014-1hanshin3.pdf,official_daily_result_pdf
201409010401,2014,阪神,1,4,1,2014-03-09,https://www.jra.go.jp/datafile/seiseki/report/2014/2014-1hanshin4.pdf,official_daily_result_pdf
201409010402,2014,阪神,1,4,2,2014-03-09,https://www.jra.go.jp/datafile/seiseki/report/2014/2014-1hanshin4.pdf,official_daily_result_pdf
201409010403,2014,阪神,1,4,3,2014-03-09,https://www.jra.go.jp/datafile/seiseki/report/2014/2014-1hanshin4.pdf,official_daily_result_pdf
201409010404,2014,阪神,1,4,4,2014-03-09,https://www.jra.go.jp/datafile/seiseki/report/2014/2014-1hanshin4.pdf,official_daily_result_pdf
201409010405,2014,阪神,1,4,5,2014-03-09,https://www.jra.go.jp/datafile/seiseki/report/2014/2014-1hanshin4.pdf,official_daily_result_pdf
201409010406,2014,阪神,1,4,6,2014-03-09,https://www.jra.go.jp/datafile/seiseki/report/2014/2014-1hanshin4.pdf,official_daily_result_pdf
201409010407,2014,阪神,1,4,7,2014-03-09,https://www.jra.go.jp/datafile/seiseki/report/2014/2014-1hanshin4.pdf,official_daily_result_pdf
201409010408,2014,阪神,1,4,8,2014-03-09,https://www.jra.go.jp/datafile/seiseki/report/2014/2014-1hanshin4.pdf,official_daily_result_pdf
201409010409,2014,阪神,1,4,9,2014-03-09,https://www.jra.go.jp/datafile/seiseki/report/2014/2014-1hanshin4.pdf,official_daily_result_pdf
201409010410,2014,阪神,1,4,10,2014-03-09,https://www.jra.go.jp/datafile/seiseki/report/2014/2014-1hanshin4.pdf,official_daily_result_pdf
201409010411,2014,阪神,1,4,11,2014-03-09,https://www.jra.go.jp/datafile/seiseki/report/2014/2014-1hanshin4.pdf,official_daily_result_pdf
201409010412,2014,阪神,1,4,12,2014-03-09,https://www.jra.go.jp/datafile/seiseki/report/2014/2014-1hanshin4.pdf,official_daily_result_pdf
201409010501,2014,阪神,1,5,1,2014-03-15,https://www.jra.go.jp/datafile/seiseki/report/2014/2014-1hanshin5.pdf,official_daily_result_pdf
201409010502,2014,阪神,1,5,2,2014-03-15,https://www.jra.go.jp/datafile/seiseki/report/2014/2014-1hanshin5.pdf,official_daily_result_pdf
201409010503,2014,阪神,1,5,3,2014-03-15,https://www.jra.go.jp/datafile/seiseki/report/2014/2014-1hanshin5.pdf,official_daily_result_pdf
201409010504,2014,阪神,1,5,4,2014-03-15,https://www.jra.go.jp/datafile/seiseki/report/2014/2014-1hanshin5.pdf,official_daily_result_pdf
201409010505,2014,阪神,1,5,5,2014-03-15,https://www.jra.go.jp/datafile/seiseki/report/2014/2014-1hanshin5.pdf,official_daily_result_pdf
201409010506,2014,阪神,1,5,6,2014-03-15,https://www.jra.go.jp/datafile/seiseki/report/2014/2014-1hanshin5.pdf,official_daily_result_pdf
201409010507,2014,阪神,1,5,7,2014-03-15,https://www.jra.go.jp/datafile/seiseki/report/2014/2014-1hanshin5.pdf,official_daily_result_pdf
201409010508,2014,阪神,1,5,8,2014-03-15,https://www.jra.go.jp/datafile/seiseki/report/2014/2014-1hanshin5.pdf,official_daily_result_pdf
201409010509,2014,阪神,1,5,9,2014-03-15,https://www.jra.go.jp/datafile/seiseki/report/2014/2014-1hanshin5.pdf,official_daily_result_pdf
201409010510,2014,阪神,1,5,10,2014-03-15,https://www.jra.go.jp/datafile/seiseki/report/2014/2014-1hanshin5.pdf,official_daily_result_pdf
201409010511,2014,阪神,1,5,11,2014-03-15,https://www.jra.go.jp/datafile/seiseki/report/2014/2014-1hanshin5.pdf,official_daily_result_pdf
201409010512,2014,阪神,1,5,12,2014-03-15,https://www.jra.go.jp/datafile/seiseki/report/2014/2014-1hanshin5.pdf,official_daily_result_pdf
201409010601,2014,阪神,1,6,1,2014-03-16,https://www.jra.go.jp/datafile/seiseki/report/2014/2014-1hanshin6.pdf,official_daily_result_pdf
201409010602,2014,阪神,1,6,2,2014-03-16,https://www.jra.go.jp/datafile/seiseki/report/2014/2014-1hanshin6.pdf,official_daily_result_pdf
201409010603,2014,阪神,1,6,3,2014-03-16,https://www.jra.go.jp/datafile/seiseki/report/2014/2014-1hanshin6.pdf,official_daily_result_pdf
201409010604,2014,阪神,1,6,4,2014-03-16,https://www.jra.go.jp/datafile/seiseki/report/2014/2014-1hanshin6.pdf,official_daily_result_pdf
201409010605,2014,阪神,1,6,5,2014-03-16,https://www.jra.go.jp/datafile/seiseki/report/2014/2014-1hanshin6.pdf,official_daily_result_pdf
201409010606,2014,阪神,1,6,6,2014-03-16,https://www.jra.go.jp/datafile/seiseki/report/2014/2014-1hanshin6.pdf,official_daily_result_pdf
201409010607,2014,阪神,1,6,7,2014-03-16,https://www.jra.go.jp/datafile/seiseki/report/2014/2014-1hanshin6.pdf,official_daily_result_pdf
201409010608,2014,阪神,1,6,8,2014-03-16,https://www.jra.go.jp/datafile/seiseki/report/2014/2014-1hanshin6.pdf,official_daily_result_pdf
201409010609,2014,阪神,1,6,9,2014-03-16,https://www.jra.go.jp/datafile/seiseki/report/2014/2014-1hanshin6.pdf,official_daily_result_pdf
201409010610,2014,阪神,1,6,10,2014-03-16,https://www.jra.go.jp/datafile/seiseki/report/2014/2014-1hanshin6.pdf,official_daily_result_pdf
201409010611,2014,阪神,1,6,11,2014-03-16,https://www.jra.go.jp/datafile/seiseki/report/2014/2014-1hanshin6.pdf,official_daily_result_pdf
201409010612,2014,阪神,1,6,12,2014-03-16,https://www.jra.go.jp/datafile/seiseki/report/2014/2014-1hanshin6.pdf,official_daily_result_pdf
201409010701,2014,阪神,1,7,1,2014-03-22,https://www.jra.go.jp/datafile/seiseki/report/2014/2014-1hanshin7.pdf,official_daily_result_pdf
201409010702,2014,阪神,1,7,2,2014-03-22,https://www.jra.go.jp/datafile/seiseki/report/2014/2014-1hanshin7.pdf,official_daily_result_pdf
201409010703,2014,阪神,1,7,3,2014-03-22,https://www.jra.go.jp/datafile/seiseki/report/2014/2014-1hanshin7.pdf,official_daily_result_pdf
201409010704,2014,阪神,1,7,4,2014-03-22,https://www.jra.go.jp/datafile/seiseki/report/2014/2014-1hanshin7.pdf,official_daily_result_pdf
201409010705,2014,阪神,1,7,5,2014-03-22,https://www.jra.go.jp/datafile/seiseki/report/2014/2014-1hanshin7.pdf,official_daily_result_pdf
201409010706,2014,阪神,1,7,6,2014-03-22,https://www.jra.go.jp/datafile/seiseki/report/2014/2014-1hanshin7.pdf,official_daily_result_pdf
201409010707,2014,阪神,1,7,7,2014-03-22,https://www.jra.go.jp/datafile/seiseki/report/2014/2014-1hanshin7.pdf,official_daily_result_pdf
201409010708,2014,阪神,1,7,8,2014-03-22,https://www.jra.go.jp/datafile/seiseki/report/2014/2014-1hanshin7.pdf,official_daily_result_pdf
201409010709,2014,阪神,1,7,9,2014-03-22,https://www.jra.go.jp/datafile/seiseki/report/2014/2014-1hanshin7.pdf,official_daily_result_pdf
201409010710,2014,阪神,1,7,10,2014-03-22,https://www.jra.go.jp/datafile/seiseki/report/2014/2014-1hanshin7.pdf,official_daily_result_pdf
201409010711,2014,阪神,1,7,11,2014-03-22,https://www.jra.go.jp/datafile/seiseki/report/2014/2014-1hanshin7.pdf,official_daily_result_pdf
201409010712,2014,阪神,1,7,12,2014-03-22,https://www.jra.go.jp/datafile/seiseki/report/2014/2014-1hanshin7.pdf,official_daily_result_pdf
201409010801,2014,阪神,1,8,1,2014-03-23,https://www.jra.go.jp/datafile/seiseki/report/2014/2014-1hanshin8.pdf,official_daily_result_pdf
201409010802,2014,阪神,1,8,2,2014-03-23,https://www.jra.go.jp/datafile/seiseki/report/2014/2014-1hanshin8.pdf,official_daily_result_pdf
201409010803,2014,阪神,1,8,3,2014-03-23,https://www.jra.go.jp/datafile/seiseki/report/2014/2014-1hanshin8.pdf,official_daily_result_pdf
201409010804,2014,阪神,1,8,4,2014-03-23,https://www.jra.go.jp/datafile/seiseki/report/2014/2014-1hanshin8.pdf,official_daily_result_pdf
201409010805,2014,阪神,1,8,5,2014-03-23,https://www.jra.go.jp/datafile/seiseki/report/2014/2014-1hanshin8.pdf,official_daily_result_pdf
201409010806,2014,阪神,1,8,6,2014-03-23,https://www.jra.go.jp/datafile/seiseki/report/2014/2014-1hanshin8.pdf,official_daily_result_pdf
201409010807,2014,阪神,1,8,7,2014-03-23,https://www.jra.go.jp/datafile/seiseki/report/2014/2014-1hanshin8.pdf,official_daily_result_pdf
201409010808,2014,阪神,1,8,8,2014-03-23,https://www.jra.go.jp/datafile/seiseki/report/2014/2014-1hanshin8.pdf,official_daily_result_pdf
201409010809,2014,阪神,1,8,9,2014-03-23,https://www.jra.go.jp/datafile/seiseki/report/2014/2014-1hanshin8.pdf,official_daily_result_pdf
201409010810,2014,阪神,1,8,10,2014-03-23,https://www.jra.go.jp/datafile/seiseki/report/2014/2014-1hanshin8.pdf,official_daily_result_pdf
201409010811,2014,阪神,1,8,11,2014-03-23,https://www.jra.go.jp/datafile/seiseki/report/2014/2014-1hanshin8.pdf,official_daily_result_pdf
201409010812,2014,阪神,1,8,12,2014-03-23,https://www.jra.go.jp/datafile/seiseki/report/2014/2014-1hanshin8.pdf,official_daily_result_pdf
201409020101,2014,阪神,2,1,1,2014-03-29,https://www.jra.go.jp/datafile/seiseki/report/2014/2014-2hanshin1.pdf,official_daily_result_pdf
201409020102,2014,阪神,2,1,2,2014-03-29,https://www.jra.go.jp/datafile/seiseki/report/2014/2014-2hanshin1.pdf,official_daily_result_pdf
201409020103,2014,阪神,2,1,3,2014-03-29,https://www.jra.go.jp/datafile/seiseki/report/2014/2014-2hanshin1.pdf,official_daily_result_pdf
201409020104,2014,阪神,2,1,4,2014-03-29,https://www.jra.go.jp/datafile/seiseki/report/2014/2014-2hanshin1.pdf,official_daily_result_pdf
201409020105,2014,阪神,2,1,5,2014-03-29,https://www.jra.go.jp/datafile/seiseki/report/2014/2014-2hanshin1.pdf,official_daily_result_pdf
201409020106,2014,阪神,2,1,6,2014-03-29,https://www.jra.go.jp/datafile/seiseki/report/2014/2014-2hanshin1.pdf,official_daily_result_pdf
201409020107,2014,阪神,2,1,7,2014-03-29,https://www.jra.go.jp/datafile/seiseki/report/2014/2014-2hanshin1.pdf,official_daily_result_pdf
201409020108,2014,阪神,2,1,8,2014-03-29,https://www.jra.go.jp/datafile/seiseki/report/2014/2014-2hanshin1.pdf,official_daily_result_pdf
201409020109,2014,阪神,2,1,9,2014-03-29,https://www.jra.go.jp/datafile/seiseki/report/2014/2014-2hanshin1.pdf,official_daily_result_pdf
201409020110,2014,阪神,2,1,10,2014-03-29,https://www.jra.go.jp/datafile/seiseki/report/2014/2014-2hanshin1.pdf,official_daily_result_pdf
201409020111,2014,阪神,2,1,11,2014-03-29,https://www.jra.go.jp/datafile/seiseki/report/2014/2014-2hanshin1.pdf,official_daily_result_pdf
201409020112,2014,阪神,2,1,12,2014-03-29,https://www.jra.go.jp/datafile/seiseki/report/2014/2014-2hanshin1.pdf,official_daily_result_pdf
201409020201,2014,阪神,2,2,1,2014-03-30,https://www.jra.go.jp/datafile/seiseki/report/2014/2014-2hanshin2.pdf,official_daily_result_pdf
201409020202,2014,阪神,2,2,2,2014-03-30,https://www.jra.go.jp/datafile/seiseki/report/2014/2014-2hanshin2.pdf,official_daily_result_pdf
201409020203,2014,阪神,2,2,3,2014-03-30,https://www.jra.go.jp/datafile/seiseki/report/2014/2014-2hanshin2.pdf,official_daily_result_pdf
201409020204,2014,阪神,2,2,4,2014-03-30,https://www.jra.go.jp/datafile/seiseki/report/2014/2014-2hanshin2.pdf,official_daily_result_pdf
201409020205,2014,阪神,2,2,5,2014-03-30,https://www.jra.go.jp/datafile/seiseki/report/2014/2014-2hanshin2.pdf,official_daily_result_pdf
201409020206,2014,阪神,2,2,6,2014-03-30,https://www.jra.go.jp/datafile/seiseki/report/2014/2014-2hanshin2.pdf,official_daily_result_pdf
201409020207,2014,阪神,2,2,7,2014-03-30,https://www.jra.go.jp/datafile/seiseki/report/2014/2014-2hanshin2.pdf,official_daily_result_pdf
201409020208,2014,阪神,2,2,8,2014-03-30,https://www.jra.go.jp/datafile/seiseki/report/2014/2014-2hanshin2.pdf,official_daily_result_pdf
201409020209,2014,阪神,2,2,9,2014-03-30,https://www.jra.go.jp/datafile/seiseki/report/2014/2014-2hanshin2.pdf,official_daily_result_pdf
201409020210,2014,阪神,2,2,10,2014-03-30,https://www.jra.go.jp/datafile/seiseki/report/2014/2014-2hanshin2.pdf,official_daily_result_pdf
201409020211,2014,阪神,2,2,11,2014-03-30,https://www.jra.go.jp/datafile/seiseki/report/2014/2014-2hanshin2.pdf,official_daily_result_pdf
201409020212,2014,阪神,2,2,12,2014-03-30,https://www.jra.go.jp/datafile/seiseki/report/2014/2014-2hanshin2.pdf,official_daily_result_pdf
201409020301,2014,阪神,2,3,1,2014-04-05,https://www.jra.go.jp/datafile/seiseki/report/2014/2014-2hanshin3.pdf,official_daily_result_pdf
201409020302,2014,阪神,2,3,2,2014-04-05,https://www.jra.go.jp/datafile/seiseki/report/2014/2014-2hanshin3.pdf,official_daily_result_pdf
201409020303,2014,阪神,2,3,3,2014-04-05,https://www.jra.go.jp/datafile/seiseki/report/2014/2014-2hanshin3.pdf,official_daily_result_pdf
201409020304,2014,阪神,2,3,4,2014-04-05,https://www.jra.go.jp/datafile/seiseki/report/2014/2014-2hanshin3.pdf,official_daily_result_pdf
201409020305,2014,阪神,2,3,5,2014-04-05,https://www.jra.go.jp/datafile/seiseki/report/2014/2014-2hanshin3.pdf,official_daily_result_pdf
201409020306,2014,阪神,2,3,6,2014-04-05,https://www.jra.go.jp/datafile/seiseki/report/2014/2014-2hanshin3.pdf,official_daily_result_pdf
201409020307,2014,阪神,2,3,7,2014-04-05,https://www.jra.go.jp/datafile/seiseki/report/2014/2014-2hanshin3.pdf,official_daily_result_pdf
201409020308,2014,阪神,2,3,8,2014-04-05,https://www.jra.go.jp/datafile/seiseki/report/2014/2014-2hanshin3.pdf,official_daily_result_pdf
201409020309,2014,阪神,2,3,9,2014-04-05,https://www.jra.go.jp/datafile/seiseki/report/2014/2014-2hanshin3.pdf,official_daily_result_pdf
201409020310,2014,阪神,2,3,10,2014-04-05,https://www.jra.go.jp/datafile/seiseki/report/2014/2014-2hanshin3.pdf,official_daily_result_pdf
201409020311,2014,阪神,2,3,11,2014-04-05,https://www.jra.go.jp/datafile/seiseki/report/2014/2014-2hanshin3.pdf,official_daily_result_pdf
201409020312,2014,阪神,2,3,12,2014-04-05,https://www.jra.go.jp/datafile/seiseki/report/2014/2014-2hanshin3.pdf,official_daily_result_pdf
201409020401,2014,阪神,2,4,1,2014-04-06,https://www.jra.go.jp/datafile/seiseki/report/2014/2014-2hanshin4.pdf,official_daily_result_pdf
201409020402,2014,阪神,2,4,2,2014-04-06,https://www.jra.go.jp/datafile/seiseki/report/2014/2014-2hanshin4.pdf,official_daily_result_pdf
201409020403,2014,阪神,2,4,3,2014-04-06,https://www.jra.go.jp/datafile/seiseki/report/2014/2014-2hanshin4.pdf,official_daily_result_pdf
201409020404,2014,阪神,2,4,4,2014-04-06,https://www.jra.go.jp/datafile/seiseki/report/2014/2014-2hanshin4.pdf,official_daily_result_pdf
201409020405,2014,阪神,2,4,5,2014-04-06,https://www.jra.go.jp/datafile/seiseki/report/2014/2014-2hanshin4.pdf,official_daily_result_pdf
201409020406,2014,阪神,2,4,6,2014-04-06,https://www.jra.go.jp/datafile/seiseki/report/2014/2014-2hanshin4.pdf,official_daily_result_pdf
201409020407,2014,阪神,2,4,7,2014-04-06,https://www.jra.go.jp/datafile/seiseki/report/2014/2014-2hanshin4.pdf,official_daily_result_pdf
201409020408,2014,阪神,2,4,8,2014-04-06,https://www.jra.go.jp/datafile/seiseki/report/2014/2014-2hanshin4.pdf,official_daily_result_pdf
201409020409,2014,阪神,2,4,9,2014-04-06,https://www.jra.go.jp/datafile/seiseki/report/2014/2014-2hanshin4.pdf,official_daily_result_pdf
201409020410,2014,阪神,2,4,10,2014-04-06,https://www.jra.go.jp/datafile/seiseki/report/2014/2014-2hanshin4.pdf,official_daily_result_pdf
201409020411,2014,阪神,2,4,11,2014-04-06,https://www.jra.go.jp/datafile/seiseki/report/2014/2014-2hanshin4.pdf,official_daily_result_pdf
201409020412,2014,阪神,2,4,12,2014-04-06,https://www.jra.go.jp/datafile/seiseki/report/2014/2014-2hanshin4.pdf,official_daily_result_pdf
201409020501,2014,阪神,2,5,1,2014-04-12,https://www.jra.go.jp/datafile/seiseki/report/2014/2014-2hanshin5.pdf,official_daily_result_pdf
201409020502,2014,阪神,2,5,2,2014-04-12,https://www.jra.go.jp/datafile/seiseki/report/2014/2014-2hanshin5.pdf,official_daily_result_pdf
201409020503,2014,阪神,2,5,3,2014-04-12,https://www.jra.go.jp/datafile/seiseki/report/2014/2014-2hanshin5.pdf,official_daily_result_pdf
201409020504,2014,阪神,2,5,4,2014-04-12,https://www.jra.go.jp/datafile/seiseki/report/2014/2014-2hanshin5.pdf,official_daily_result_pdf
201409020505,2014,阪神,2,5,5,2014-04-12,https://www.jra.go.jp/datafile/seiseki/report/2014/2014-2hanshin5.pdf,official_daily_result_pdf
201409020506,2014,阪神,2,5,6,2014-04-12,https://www.jra.go.jp/datafile/seiseki/report/2014/2014-2hanshin5.pdf,official_daily_result_pdf
201409020507,2014,阪神,2,5,7,2014-04-12,https://www.jra.go.jp/datafile/seiseki/report/2014/2014-2hanshin5.pdf,official_daily_result_pdf
201409020508,2014,阪神,2,5,8,2014-04-12,https://www.jra.go.jp/datafile/seiseki/report/2014/2014-2hanshin5.pdf,official_daily_result_pdf
201409020509,2014,阪神,2,5,9,2014-04-12,https://www.jra.go.jp/datafile/seiseki/report/2014/2014-2hanshin5.pdf,official_daily_result_pdf
201409020510,2014,阪神,2,5,10,2014-04-12,https://www.jra.go.jp/datafile/seiseki/report/2014/2014-2hanshin5.pdf,official_daily_result_pdf
201409020511,2014,阪神,2,5,11,2014-04-12,https://www.jra.go.jp/datafile/seiseki/report/2014/2014-2hanshin5.pdf,official_daily_result_pdf
201409020512,2014,阪神,2,5,12,2014-04-12,https://www.jra.go.jp/datafile/seiseki/report/2014/2014-2hanshin5.pdf,official_daily_result_pdf
201409020601,2014,阪神,2,6,1,2014-04-13,https://www.jra.go.jp/datafile/seiseki/report/2014/2014-2hanshin6.pdf,official_daily_result_pdf
201409020602,2014,阪神,2,6,2,2014-04-13,https://www.jra.go.jp/datafile/seiseki/report/2014/2014-2hanshin6.pdf,official_daily_result_pdf
201409020603,2014,阪神,2,6,3,2014-04-13,https://www.jra.go.jp/datafile/seiseki/report/2014/2014-2hanshin6.pdf,official_daily_result_pdf
201409020604,2014,阪神,2,6,4,2014-04-13,https://www.jra.go.jp/datafile/seiseki/report/2014/2014-2hanshin6.pdf,official_daily_result_pdf
201409020605,2014,阪神,2,6,5,2014-04-13,https://www.jra.go.jp/datafile/seiseki/report/2014/2014-2hanshin6.pdf,official_daily_result_pdf
201409020606,2014,阪神,2,6,6,2014-04-13,https://www.jra.go.jp/datafile/seiseki/report/2014/2014-2hanshin6.pdf,official_daily_result_pdf
201409020607,2014,阪神,2,6,7,2014-04-13,https://www.jra.go.jp/datafile/seiseki/report/2014/2014-2hanshin6.pdf,official_daily_result_pdf
201409020608,2014,阪神,2,6,8,2014-04-13,https://www.jra.go.jp/datafile/seiseki/report/2014/2014-2hanshin6.pdf,official_daily_result_pdf
201409020609,2014,阪神,2,6,9,2014-04-13,https://www.jra.go.jp/datafile/seiseki/report/2014/2014-2hanshin6.pdf,official_daily_result_pdf
201409020610,2014,阪神,2,6,10,2014-04-13,https://www.jra.go.jp/datafile/seiseki/report/2014/2014-2hanshin6.pdf,official_daily_result_pdf
201409020611,2014,阪神,2,6,11,2014-04-13,https://www.jra.go.jp/datafile/seiseki/report/2014/2014-2hanshin6.pdf,official_daily_result_pdf
201409020612,2014,阪神,2,6,12,2014-04-13,https://www.jra.go.jp/datafile/seiseki/report/2014/2014-2hanshin6.pdf,official_daily_result_pdf
201409020701,2014,阪神,2,7,1,2014-04-19,https://www.jra.go.jp/datafile/seiseki/report/2014/2014-2hanshin7.pdf,official_daily_result_pdf
201409020702,2014,阪神,2,7,2,2014-04-19,https://www.jra.go.jp/datafile/seiseki/report/2014/2014-2hanshin7.pdf,official_daily_result_pdf
201409020703,2014,阪神,2,7,3,2014-04-19,https://www.jra.go.jp/datafile/seiseki/report/2014/2014-2hanshin7.pdf,official_daily_result_pdf
201409020704,2014,阪神,2,7,4,2014-04-19,https://www.jra.go.jp/datafile/seiseki/report/2014/2014-2hanshin7.pdf,official_daily_result_pdf
201409020705,2014,阪神,2,7,5,2014-04-19,https://www.jra.go.jp/datafile/seiseki/report/2014/2014-2hanshin7.pdf,official_daily_result_pdf
201409020706,2014,阪神,2,7,6,2014-04-19,https://www.jra.go.jp/datafile/seiseki/report/2014/2014-2hanshin7.pdf,official_daily_result_pdf
201409020707,2014,阪神,2,7,7,2014-04-19,https://www.jra.go.jp/datafile/seiseki/report/2014/2014-2hanshin7.pdf,official_daily_result_pdf
201409020708,2014,阪神,2,7,8,2014-04-19,https://www.jra.go.jp/datafile/seiseki/report/2014/2014-2hanshin7.pdf,official_daily_result_pdf
201409020709,2014,阪神,2,7,9,2014-04-19,https://www.jra.go.jp/datafile/seiseki/report/2014/2014-2hanshin7.pdf,official_daily_result_pdf
201409020710,2014,阪神,2,7,10,2014-04-19,https://www.jra.go.jp/datafile/seiseki/report/2014/2014-2hanshin7.pdf,official_daily_result_pdf
201409020711,2014,阪神,2,7,11,2014-04-19,https://www.jra.go.jp/datafile/seiseki/report/2014/2014-2hanshin7.pdf,official_daily_result_pdf
201409020712,2014,阪神,2,7,12,2014-04-19,https://www.jra.go.jp/datafile/seiseki/report/2014/2014-2hanshin7.pdf,official_daily_result_pdf
201409020801,2014,阪神,2,8,1,2014-04-20,https://www.jra.go.jp/datafile/seiseki/report/2014/2014-2hanshin8.pdf,official_daily_result_pdf
201409020802,2014,阪神,2,8,2,2014-04-20,https://www.jra.go.jp/datafile/seiseki/report/2014/2014-2hanshin8.pdf,official_daily_result_pdf
201409020803,2014,阪神,2,8,3,2014-04-20,https://www.jra.go.jp/datafile/seiseki/report/2014/2014-2hanshin8.pdf,official_daily_result_pdf
201409020804,2014,阪神,2,8,4,2014-04-20,https://www.jra.go.jp/datafile/seiseki/report/2014/2014-2hanshin8.pdf,official_daily_result_pdf
201409020805,2014,阪神,2,8,5,2014-04-20,https://www.jra.go.jp/datafile/seiseki/report/2014/2014-2hanshin8.pdf,official_daily_result_pdf
201409020806,2014,阪神,2,8,6,2014-04-20,https://www.jra.go.jp/datafile/seiseki/report/2014/2014-2hanshin8.pdf,official_daily_result_pdf
201409020807,2014,阪神,2,8,7,2014-04-20,https://www.jra.go.jp/datafile/seiseki/report/2014/2014-2hanshin8.pdf,official_daily_result_pdf
201409020808,2014,阪神,2,8,8,2014-04-20,https://www.jra.go.jp/datafile/seiseki/report/2014/2014-2hanshin8.pdf,official_daily_result_pdf
201409020809,2014,阪神,2,8,9,2014-04-20,https://www.jra.go.jp/datafile/seiseki/report/2014/2014-2hanshin8.pdf,official_daily_result_pdf
201409020810,2014,阪神,2,8,10,2014-04-20,https://www.jra.go.jp/datafile/seiseki/report/2014/2014-2hanshin8.pdf,official_daily_result_pdf
201409020811,2014,阪神,2,8,11,2014-04-20,https://www.jra.go.jp/datafile/seiseki/report/2014/2014-2hanshin8.pdf,official_daily_result_pdf
201409020812,2014,阪神,2,8,12,2014-04-20,https://www.jra.go.jp/datafile/seiseki/report/2014/2014-2hanshin8.pdf,official_daily_result_pdf
201409030101,2014,阪神,3,1,1,2014-06-07,https://www.jra.go.jp/datafile/seiseki/report/2014/2014-3hanshin1.pdf,official_daily_result_pdf
201409030102,2014,阪神,3,1,2,2014-06-07,https://www.jra.go.jp/datafile/seiseki/report/2014/2014-3hanshin1.pdf,official_daily_result_pdf
201409030103,2014,阪神,3,1,3,2014-06-07,https://www.jra.go.jp/datafile/seiseki/report/2014/2014-3hanshin1.pdf,official_daily_result_pdf
201409030104,2014,阪神,3,1,4,2014-06-07,https://www.jra.go.jp/datafile/seiseki/report/2014/2014-3hanshin1.pdf,official_daily_result_pdf
201409030105,2014,阪神,3,1,5,2014-06-07,https://www.jra.go.jp/datafile/seiseki/report/2014/2014-3hanshin1.pdf,official_daily_result_pdf
201409030106,2014,阪神,3,1,6,2014-06-07,https://www.jra.go.jp/datafile/seiseki/report/2014/2014-3hanshin1.pdf,official_daily_result_pdf
201409030107,2014,阪神,3,1,7,2014-06-07,https://www.jra.go.jp/datafile/seiseki/report/2014/2014-3hanshin1.pdf,official_daily_result_pdf
201409030108,2014,阪神,3,1,8,2014-06-07,https://www.jra.go.jp/datafile/seiseki/report/2014/2014-3hanshin1.pdf,official_daily_result_pdf
201409030109,2014,阪神,3,1,9,2014-06-07,https://www.jra.go.jp/datafile/seiseki/report/2014/2014-3hanshin1.pdf,official_daily_result_pdf
201409030110,2014,阪神,3,1,10,2014-06-07,https://www.jra.go.jp/datafile/seiseki/report/2014/2014-3hanshin1.pdf,official_daily_result_pdf
201409030111,2014,阪神,3,1,11,2014-06-07,https://www.jra.go.jp/datafile/seiseki/report/2014/2014-3hanshin1.pdf,official_daily_result_pdf
201409030112,2014,阪神,3,1,12,2014-06-07,https://www.jra.go.jp/datafile/seiseki/report/2014/2014-3hanshin1.pdf,official_daily_result_pdf
201409030201,2014,阪神,3,2,1,2014-06-08,https://www.jra.go.jp/datafile/seiseki/report/2014/2014-3hanshin2.pdf,official_daily_result_pdf
201409030202,2014,阪神,3,2,2,2014-06-08,https://www.jra.go.jp/datafile/seiseki/report/2014/2014-3hanshin2.pdf,official_daily_result_pdf
201409030203,2014,阪神,3,2,3,2014-06-08,https://www.jra.go.jp/datafile/seiseki/report/2014/2014-3hanshin2.pdf,official_daily_result_pdf
201409030204,2014,阪神,3,2,4,2014-06-08,https://www.jra.go.jp/datafile/seiseki/report/2014/2014-3hanshin2.pdf,official_daily_result_pdf
201409030205,2014,阪神,3,2,5,2014-06-08,https://www.jra.go.jp/datafile/seiseki/report/2014/2014-3hanshin2.pdf,official_daily_result_pdf
201409030206,2014,阪神,3,2,6,2014-06-08,https://www.jra.go.jp/datafile/seiseki/report/2014/2014-3hanshin2.pdf,official_daily_result_pdf
201409030207,2014,阪神,3,2,7,2014-06-08,https://www.jra.go.jp/datafile/seiseki/report/2014/2014-3hanshin2.pdf,official_daily_result_pdf
201409030208,2014,阪神,3,2,8,2014-06-08,https://www.jra.go.jp/datafile/seiseki/report/2014/2014-3hanshin2.pdf,official_daily_result_pdf
201409030209,2014,阪神,3,2,9,2014-06-08,https://www.jra.go.jp/datafile/seiseki/report/2014/2014-3hanshin2.pdf,official_daily_result_pdf
201409030210,2014,阪神,3,2,10,2014-06-08,https://www.jra.go.jp/datafile/seiseki/report/2014/2014-3hanshin2.pdf,official_daily_result_pdf
201409030211,2014,阪神,3,2,11,2014-06-08,https://www.jra.go.jp/datafile/seiseki/report/2014/2014-3hanshin2.pdf,official_daily_result_pdf
201409030212,2014,阪神,3,2,12,2014-06-08,https://www.jra.go.jp/datafile/seiseki/report/2014/2014-3hanshin2.pdf,official_daily_result_pdf
201409030301,2014,阪神,3,3,1,2014-06-14,https://www.jra.go.jp/datafile/seiseki/report/2014/2014-3hanshin3.pdf,official_daily_result_pdf
201409030302,2014,阪神,3,3,2,2014-06-14,https://www.jra.go.jp/datafile/seiseki/report/2014/2014-3hanshin3.pdf,official_daily_result_pdf
201409030303,2014,阪神,3,3,3,2014-06-14,https://www.jra.go.jp/datafile/seiseki/report/2014/2014-3hanshin3.pdf,official_daily_result_pdf
201409030304,2014,阪神,3,3,4,2014-06-14,https://www.jra.go.jp/datafile/seiseki/report/2014/2014-3hanshin3.pdf,official_daily_result_pdf
201409030305,2014,阪神,3,3,5,2014-06-14,https://www.jra.go.jp/datafile/seiseki/report/2014/2014-3hanshin3.pdf,official_daily_result_pdf
201409030306,2014,阪神,3,3,6,2014-06-14,https://www.jra.go.jp/datafile/seiseki/report/2014/2014-3hanshin3.pdf,official_daily_result_pdf
201409030307,2014,阪神,3,3,7,2014-06-14,https://www.jra.go.jp/datafile/seiseki/report/2014/2014-3hanshin3.pdf,official_daily_result_pdf
201409030308,2014,阪神,3,3,8,2014-06-14,https://www.jra.go.jp/datafile/seiseki/report/2014/2014-3hanshin3.pdf,official_daily_result_pdf
201409030309,2014,阪神,3,3,9,2014-06-14,https://www.jra.go.jp/datafile/seiseki/report/2014/2014-3hanshin3.pdf,official_daily_result_pdf
201409030310,2014,阪神,3,3,10,2014-06-14,https://www.jra.go.jp/datafile/seiseki/report/2014/2014-3hanshin3.pdf,official_daily_result_pdf
201409030311,2014,阪神,3,3,11,2014-06-14,https://www.jra.go.jp/datafile/seiseki/report/2014/2014-3hanshin3.pdf,official_daily_result_pdf
201409030312,2014,阪神,3,3,12,2014-06-14,https://www.jra.go.jp/datafile/seiseki/report/2014/2014-3hanshin3.pdf,official_daily_result_pdf
201409030401,2014,阪神,3,4,1,2014-06-15,https://www.jra.go.jp/datafile/seiseki/report/2014/2014-3hanshin4.pdf,official_daily_result_pdf
201409030402,2014,阪神,3,4,2,2014-06-15,https://www.jra.go.jp/datafile/seiseki/report/2014/2014-3hanshin4.pdf,official_daily_result_pdf
201409030403,2014,阪神,3,4,3,2014-06-15,https://www.jra.go.jp/datafile/seiseki/report/2014/2014-3hanshin4.pdf,official_daily_result_pdf
201409030404,2014,阪神,3,4,4,2014-06-15,https://www.jra.go.jp/datafile/seiseki/report/2014/2014-3hanshin4.pdf,official_daily_result_pdf
201409030405,2014,阪神,3,4,5,2014-06-15,https://www.jra.go.jp/datafile/seiseki/report/2014/2014-3hanshin4.pdf,official_daily_result_pdf
201409030406,2014,阪神,3,4,6,2014-06-15,https://www.jra.go.jp/datafile/seiseki/report/2014/2014-3hanshin4.pdf,official_daily_result_pdf
201409030407,2014,阪神,3,4,7,2014-06-15,https://www.jra.go.jp/datafile/seiseki/report/2014/2014-3hanshin4.pdf,official_daily_result_pdf
201409030408,2014,阪神,3,4,8,2014-06-15,https://www.jra.go.jp/datafile/seiseki/report/2014/2014-3hanshin4.pdf,official_daily_result_pdf
201409030409,2014,阪神,3,4,9,2014-06-15,https://www.jra.go.jp/datafile/seiseki/report/2014/2014-3hanshin4.pdf,official_daily_result_pdf
201409030410,2014,阪神,3,4,10,2014-06-15,https://www.jra.go.jp/datafile/seiseki/report/2014/2014-3hanshin4.pdf,official_daily_result_pdf
201409030411,2014,阪神,3,4,11,2014-06-15,https://www.jra.go.jp/datafile/seiseki/report/2014/2014-3hanshin4.pdf,official_daily_result_pdf
201409030412,2014,阪神,3,4,12,2014-06-15,https://www.jra.go.jp/datafile/seiseki/report/2014/2014-3hanshin4.pdf,official_daily_result_pdf
201409030501,2014,阪神,3,5,1,2014-06-21,https://www.jra.go.jp/datafile/seiseki/report/2014/2014-3hanshin5.pdf,official_daily_result_pdf
201409030502,2014,阪神,3,5,2,2014-06-21,https://www.jra.go.jp/datafile/seiseki/report/2014/2014-3hanshin5.pdf,official_daily_result_pdf
201409030503,2014,阪神,3,5,3,2014-06-21,https://www.jra.go.jp/datafile/seiseki/report/2014/2014-3hanshin5.pdf,official_daily_result_pdf
201409030504,2014,阪神,3,5,4,2014-06-21,https://www.jra.go.jp/datafile/seiseki/report/2014/2014-3hanshin5.pdf,official_daily_result_pdf
201409030505,2014,阪神,3,5,5,2014-06-21,https://www.jra.go.jp/datafile/seiseki/report/2014/2014-3hanshin5.pdf,official_daily_result_pdf
201409030506,2014,阪神,3,5,6,2014-06-21,https://www.jra.go.jp/datafile/seiseki/report/2014/2014-3hanshin5.pdf,official_daily_result_pdf
201409030507,2014,阪神,3,5,7,2014-06-21,https://www.jra.go.jp/datafile/seiseki/report/2014/2014-3hanshin5.pdf,official_daily_result_pdf
201409030508,2014,阪神,3,5,8,2014-06-21,https://www.jra.go.jp/datafile/seiseki/report/2014/2014-3hanshin5.pdf,official_daily_result_pdf
201409030509,2014,阪神,3,5,9,2014-06-21,https://www.jra.go.jp/datafile/seiseki/report/2014/2014-3hanshin5.pdf,official_daily_result_pdf
201409030510,2014,阪神,3,5,10,2014-06-21,https://www.jra.go.jp/datafile/seiseki/report/2014/2014-3hanshin5.pdf,official_daily_result_pdf
201409030511,2014,阪神,3,5,11,2014-06-21,https://www.jra.go.jp/datafile/seiseki/report/2014/2014-3hanshin5.pdf,official_daily_result_pdf
201409030512,2014,阪神,3,5,12,2014-06-21,https://www.jra.go.jp/datafile/seiseki/report/2014/2014-3hanshin5.pdf,official_daily_result_pdf
201409030601,2014,阪神,3,6,1,2014-06-22,https://www.jra.go.jp/datafile/seiseki/report/2014/2014-3hanshin6.pdf,official_daily_result_pdf
201409030602,2014,阪神,3,6,2,2014-06-22,https://www.jra.go.jp/datafile/seiseki/report/2014/2014-3hanshin6.pdf,official_daily_result_pdf
201409030603,2014,阪神,3,6,3,2014-06-22,https://www.jra.go.jp/datafile/seiseki/report/2014/2014-3hanshin6.pdf,official_daily_result_pdf
201409030604,2014,阪神,3,6,4,2014-06-22,https://www.jra.go.jp/datafile/seiseki/report/2014/2014-3hanshin6.pdf,official_daily_result_pdf
201409030605,2014,阪神,3,6,5,2014-06-22,https://www.jra.go.jp/datafile/seiseki/report/2014/2014-3hanshin6.pdf,official_daily_result_pdf
201409030606,2014,阪神,3,6,6,2014-06-22,https://www.jra.go.jp/datafile/seiseki/report/2014/2014-3hanshin6.pdf,official_daily_result_pdf
201409030607,2014,阪神,3,6,7,2014-06-22,https://www.jra.go.jp/datafile/seiseki/report/2014/2014-3hanshin6.pdf,official_daily_result_pdf
201409030608,2014,阪神,3,6,8,2014-06-22,https://www.jra.go.jp/datafile/seiseki/report/2014/2014-3hanshin6.pdf,official_daily_result_pdf
201409030609,2014,阪神,3,6,9,2014-06-22,https://www.jra.go.jp/datafile/seiseki/report/2014/2014-3hanshin6.pdf,official_daily_result_pdf
201409030610,2014,阪神,3,6,10,2014-06-22,https://www.jra.go.jp/datafile/seiseki/report/2014/2014-3hanshin6.pdf,official_daily_result_pdf
201409030611,2014,阪神,3,6,11,2014-06-22,https://www.jra.go.jp/datafile/seiseki/report/2014/2014-3hanshin6.pdf,official_daily_result_pdf
201409030612,2014,阪神,3,6,12,2014-06-22,https://www.jra.go.jp/datafile/seiseki/report/2014/2014-3hanshin6.pdf,official_daily_result_pdf
201409030701,2014,阪神,3,7,1,2014-06-28,https://www.jra.go.jp/datafile/seiseki/report/2014/2014-3hanshin7.pdf,official_daily_result_pdf
201409030702,2014,阪神,3,7,2,2014-06-28,https://www.jra.go.jp/datafile/seiseki/report/2014/2014-3hanshin7.pdf,official_daily_result_pdf
201409030703,2014,阪神,3,7,3,2014-06-28,https://www.jra.go.jp/datafile/seiseki/report/2014/2014-3hanshin7.pdf,official_daily_result_pdf
201409030704,2014,阪神,3,7,4,2014-06-28,https://www.jra.go.jp/datafile/seiseki/report/2014/2014-3hanshin7.pdf,official_daily_result_pdf
201409030705,2014,阪神,3,7,5,2014-06-28,https://www.jra.go.jp/datafile/seiseki/report/2014/2014-3hanshin7.pdf,official_daily_result_pdf
201409030706,2014,阪神,3,7,6,2014-06-28,https://www.jra.go.jp/datafile/seiseki/report/2014/2014-3hanshin7.pdf,official_daily_result_pdf
201409030707,2014,阪神,3,7,7,2014-06-28,https://www.jra.go.jp/datafile/seiseki/report/2014/2014-3hanshin7.pdf,official_daily_result_pdf
201409030708,2014,阪神,3,7,8,2014-06-28,https://www.jra.go.jp/datafile/seiseki/report/2014/2014-3hanshin7.pdf,official_daily_result_pdf
201409030709,2014,阪神,3,7,9,2014-06-28,https://www.jra.go.jp/datafile/seiseki/report/2014/2014-3hanshin7.pdf,official_daily_result_pdf
201409030710,2014,阪神,3,7,10,2014-06-28,https://www.jra.go.jp/datafile/seiseki/report/2014/2014-3hanshin7.pdf,official_daily_result_pdf
201409030711,2014,阪神,3,7,11,2014-06-28,https://www.jra.go.jp/datafile/seiseki/report/2014/2014-3hanshin7.pdf,official_daily_result_pdf
201409030712,2014,阪神,3,7,12,2014-06-28,https://www.jra.go.jp/datafile/seiseki/report/2014/2014-3hanshin7.pdf,official_daily_result_pdf
201409030801,2014,阪神,3,8,1,2014-06-29,https://www.jra.go.jp/datafile/seiseki/report/2014/2014-3hanshin8.pdf,official_daily_result_pdf
201409030802,2014,阪神,3,8,2,2014-06-29,https://www.jra.go.jp/datafile/seiseki/report/2014/2014-3hanshin8.pdf,official_daily_result_pdf
201409030803,2014,阪神,3,8,3,2014-06-29,https://www.jra.go.jp/datafile/seiseki/report/2014/2014-3hanshin8.pdf,official_daily_result_pdf
201409030804,2014,阪神,3,8,4,2014-06-29,https://www.jra.go.jp/datafile/seiseki/report/2014/2014-3hanshin8.pdf,official_daily_result_pdf
201409030805,2014,阪神,3,8,5,2014-06-29,https://www.jra.go.jp/datafile/seiseki/report/2014/2014-3hanshin8.pdf,official_daily_result_pdf
201409030806,2014,阪神,3,8,6,2014-06-29,https://www.jra.go.jp/datafile/seiseki/report/2014/2014-3hanshin8.pdf,official_daily_result_pdf
201409030807,2014,阪神,3,8,7,2014-06-29,https://www.jra.go.jp/datafile/seiseki/report/2014/2014-3hanshin8.pdf,official_daily_result_pdf
201409030808,2014,阪神,3,8,8,2014-06-29,https://www.jra.go.jp/datafile/seiseki/report/2014/2014-3hanshin8.pdf,official_daily_result_pdf
201409030809,2014,阪神,3,8,9,2014-06-29,https://www.jra.go.jp/datafile/seiseki/report/2014/2014-3hanshin8.pdf,official_daily_result_pdf
201409030810,2014,阪神,3,8,10,2014-06-29,https://www.jra.go.jp/datafile/seiseki/report/2014/2014-3hanshin8.pdf,official_daily_result_pdf
201409030811,2014,阪神,3,8,11,2014-06-29,https://www.jra.go.jp/datafile/seiseki/report/2014/2014-3hanshin8.pdf,official_daily_result_pdf
201409030812,2014,阪神,3,8,12,2014-06-29,https://www.jra.go.jp/datafile/seiseki/report/2014/2014-3hanshin8.pdf,official_daily_result_pdf
201409040101,2014,阪神,4,1,1,2014-09-13,https://www.jra.go.jp/datafile/seiseki/report/2014/2014-4hanshin1.pdf,official_daily_result_pdf
201409040102,2014,阪神,4,1,2,2014-09-13,https://www.jra.go.jp/datafile/seiseki/report/2014/2014-4hanshin1.pdf,official_daily_result_pdf
201409040103,2014,阪神,4,1,3,2014-09-13,https://www.jra.go.jp/datafile/seiseki/report/2014/2014-4hanshin1.pdf,official_daily_result_pdf
201409040104,2014,阪神,4,1,4,2014-09-13,https://www.jra.go.jp/datafile/seiseki/report/2014/2014-4hanshin1.pdf,official_daily_result_pdf
201409040105,2014,阪神,4,1,5,2014-09-13,https://www.jra.go.jp/datafile/seiseki/report/2014/2014-4hanshin1.pdf,official_daily_result_pdf
201409040106,2014,阪神,4,1,6,2014-09-13,https://www.jra.go.jp/datafile/seiseki/report/2014/2014-4hanshin1.pdf,official_daily_result_pdf
201409040107,2014,阪神,4,1,7,2014-09-13,https://www.jra.go.jp/datafile/seiseki/report/2014/2014-4hanshin1.pdf,official_daily_result_pdf
201409040108,2014,阪神,4,1,8,2014-09-13,https://www.jra.go.jp/datafile/seiseki/report/2014/2014-4hanshin1.pdf,official_daily_result_pdf
201409040109,2014,阪神,4,1,9,2014-09-13,https://www.jra.go.jp/datafile/seiseki/report/2014/2014-4hanshin1.pdf,official_daily_result_pdf
201409040110,2014,阪神,4,1,10,2014-09-13,https://www.jra.go.jp/datafile/seiseki/report/2014/2014-4hanshin1.pdf,official_daily_result_pdf
201409040111,2014,阪神,4,1,11,2014-09-13,https://www.jra.go.jp/datafile/seiseki/report/2014/2014-4hanshin1.pdf,official_daily_result_pdf
201409040112,2014,阪神,4,1,12,2014-09-13,https://www.jra.go.jp/datafile/seiseki/report/2014/2014-4hanshin1.pdf,official_daily_result_pdf
201409040201,2014,阪神,4,2,1,2014-09-14,https://www.jra.go.jp/datafile/seiseki/report/2014/2014-4hanshin2.pdf,official_daily_result_pdf
201409040202,2014,阪神,4,2,2,2014-09-14,https://www.jra.go.jp/datafile/seiseki/report/2014/2014-4hanshin2.pdf,official_daily_result_pdf
201409040203,2014,阪神,4,2,3,2014-09-14,https://www.jra.go.jp/datafile/seiseki/report/2014/2014-4hanshin2.pdf,official_daily_result_pdf
201409040204,2014,阪神,4,2,4,2014-09-14,https://www.jra.go.jp/datafile/seiseki/report/2014/2014-4hanshin2.pdf,official_daily_result_pdf
201409040205,2014,阪神,4,2,5,2014-09-14,https://www.jra.go.jp/datafile/seiseki/report/2014/2014-4hanshin2.pdf,official_daily_result_pdf
201409040206,2014,阪神,4,2,6,2014-09-14,https://www.jra.go.jp/datafile/seiseki/report/2014/2014-4hanshin2.pdf,official_daily_result_pdf
201409040207,2014,阪神,4,2,7,2014-09-14,https://www.jra.go.jp/datafile/seiseki/report/2014/2014-4hanshin2.pdf,official_daily_result_pdf
201409040208,2014,阪神,4,2,8,2014-09-14,https://www.jra.go.jp/datafile/seiseki/report/2014/2014-4hanshin2.pdf,official_daily_result_pdf
201409040209,2014,阪神,4,2,9,2014-09-14,https://www.jra.go.jp/datafile/seiseki/report/2014/2014-4hanshin2.pdf,official_daily_result_pdf
201409040210,2014,阪神,4,2,10,2014-09-14,https://www.jra.go.jp/datafile/seiseki/report/2014/2014-4hanshin2.pdf,official_daily_result_pdf
201409040211,2014,阪神,4,2,11,2014-09-14,https://www.jra.go.jp/datafile/seiseki/report/2014/2014-4hanshin2.pdf,official_daily_result_pdf
201409040212,2014,阪神,4,2,12,2014-09-14,https://www.jra.go.jp/datafile/seiseki/report/2014/2014-4hanshin2.pdf,official_daily_result_pdf
201409040301,2014,阪神,4,3,1,2014-09-20,https://www.jra.go.jp/datafile/seiseki/report/2014/2014-4hanshin3.pdf,official_daily_result_pdf
201409040302,2014,阪神,4,3,2,2014-09-20,https://www.jra.go.jp/datafile/seiseki/report/2014/2014-4hanshin3.pdf,official_daily_result_pdf
201409040303,2014,阪神,4,3,3,2014-09-20,https://www.jra.go.jp/datafile/seiseki/report/2014/2014-4hanshin3.pdf,official_daily_result_pdf
201409040304,2014,阪神,4,3,4,2014-09-20,https://www.jra.go.jp/datafile/seiseki/report/2014/2014-4hanshin3.pdf,official_daily_result_pdf
201409040305,2014,阪神,4,3,5,2014-09-20,https://www.jra.go.jp/datafile/seiseki/report/2014/2014-4hanshin3.pdf,official_daily_result_pdf
201409040306,2014,阪神,4,3,6,2014-09-20,https://www.jra.go.jp/datafile/seiseki/report/2014/2014-4hanshin3.pdf,official_daily_result_pdf
201409040307,2014,阪神,4,3,7,2014-09-20,https://www.jra.go.jp/datafile/seiseki/report/2014/2014-4hanshin3.pdf,official_daily_result_pdf
201409040308,2014,阪神,4,3,8,2014-09-20,https://www.jra.go.jp/datafile/seiseki/report/2014/2014-4hanshin3.pdf,official_daily_result_pdf
201409040309,2014,阪神,4,3,9,2014-09-20,https://www.jra.go.jp/datafile/seiseki/report/2014/2014-4hanshin3.pdf,official_daily_result_pdf
201409040310,2014,阪神,4,3,10,2014-09-20,https://www.jra.go.jp/datafile/seiseki/report/2014/2014-4hanshin3.pdf,official_daily_result_pdf
201409040311,2014,阪神,4,3,11,2014-09-20,https://www.jra.go.jp/datafile/seiseki/report/2014/2014-4hanshin3.pdf,official_daily_result_pdf
201409040312,2014,阪神,4,3,12,2014-09-20,https://www.jra.go.jp/datafile/seiseki/report/2014/2014-4hanshin3.pdf,official_daily_result_pdf
201409040401,2014,阪神,4,4,1,2014-09-21,https://www.jra.go.jp/datafile/seiseki/report/2014/2014-4hanshin4.pdf,official_daily_result_pdf
201409040402,2014,阪神,4,4,2,2014-09-21,https://www.jra.go.jp/datafile/seiseki/report/2014/2014-4hanshin4.pdf,official_daily_result_pdf
201409040403,2014,阪神,4,4,3,2014-09-21,https://www.jra.go.jp/datafile/seiseki/report/2014/2014-4hanshin4.pdf,official_daily_result_pdf
201409040404,2014,阪神,4,4,4,2014-09-21,https://www.jra.go.jp/datafile/seiseki/report/2014/2014-4hanshin4.pdf,official_daily_result_pdf
201409040405,2014,阪神,4,4,5,2014-09-21,https://www.jra.go.jp/datafile/seiseki/report/2014/2014-4hanshin4.pdf,official_daily_result_pdf
201409040406,2014,阪神,4,4,6,2014-09-21,https://www.jra.go.jp/datafile/seiseki/report/2014/2014-4hanshin4.pdf,official_daily_result_pdf
201409040407,2014,阪神,4,4,7,2014-09-21,https://www.jra.go.jp/datafile/seiseki/report/2014/2014-4hanshin4.pdf,official_daily_result_pdf
201409040408,2014,阪神,4,4,8,2014-09-21,https://www.jra.go.jp/datafile/seiseki/report/2014/2014-4hanshin4.pdf,official_daily_result_pdf
201409040409,2014,阪神,4,4,9,2014-09-21,https://www.jra.go.jp/datafile/seiseki/report/2014/2014-4hanshin4.pdf,official_daily_result_pdf
201409040410,2014,阪神,4,4,10,2014-09-21,https://www.jra.go.jp/datafile/seiseki/report/2014/2014-4hanshin4.pdf,official_daily_result_pdf
201409040411,2014,阪神,4,4,11,2014-09-21,https://www.jra.go.jp/datafile/seiseki/report/2014/2014-4hanshin4.pdf,official_daily_result_pdf
201409040412,2014,阪神,4,4,12,2014-09-21,https://www.jra.go.jp/datafile/seiseki/report/2014/2014-4hanshin4.pdf,official_daily_result_pdf
201409040501,2014,阪神,4,5,1,2014-09-27,https://www.jra.go.jp/datafile/seiseki/report/2014/2014-4hanshin5.pdf,official_daily_result_pdf
201409040502,2014,阪神,4,5,2,2014-09-27,https://www.jra.go.jp/datafile/seiseki/report/2014/2014-4hanshin5.pdf,official_daily_result_pdf
201409040503,2014,阪神,4,5,3,2014-09-27,https://www.jra.go.jp/datafile/seiseki/report/2014/2014-4hanshin5.pdf,official_daily_result_pdf
201409040504,2014,阪神,4,5,4,2014-09-27,https://www.jra.go.jp/datafile/seiseki/report/2014/2014-4hanshin5.pdf,official_daily_result_pdf
201409040505,2014,阪神,4,5,5,2014-09-27,https://www.jra.go.jp/datafile/seiseki/report/2014/2014-4hanshin5.pdf,official_daily_result_pdf
201409040506,2014,阪神,4,5,6,2014-09-27,https://www.jra.go.jp/datafile/seiseki/report/2014/2014-4hanshin5.pdf,official_daily_result_pdf
201409040507,2014,阪神,4,5,7,2014-09-27,https://www.jra.go.jp/datafile/seiseki/report/2014/2014-4hanshin5.pdf,official_daily_result_pdf
201409040508,2014,阪神,4,5,8,2014-09-27,https://www.jra.go.jp/datafile/seiseki/report/2014/2014-4hanshin5.pdf,official_daily_result_pdf
201409040509,2014,阪神,4,5,9,2014-09-27,https://www.jra.go.jp/datafile/seiseki/report/2014/2014-4hanshin5.pdf,official_daily_result_pdf
201409040510,2014,阪神,4,5,10,2014-09-27,https://www.jra.go.jp/datafile/seiseki/report/2014/2014-4hanshin5.pdf,official_daily_result_pdf
201409040511,2014,阪神,4,5,11,2014-09-27,https://www.jra.go.jp/datafile/seiseki/report/2014/2014-4hanshin5.pdf,official_daily_result_pdf
201409040512,2014,阪神,4,5,12,2014-09-27,https://www.jra.go.jp/datafile/seiseki/report/2014/2014-4hanshin5.pdf,official_daily_result_pdf
201409040601,2014,阪神,4,6,1,2014-09-28,https://www.jra.go.jp/datafile/seiseki/report/2014/2014-4hanshin6.pdf,official_daily_result_pdf
201409040602,2014,阪神,4,6,2,2014-09-28,https://www.jra.go.jp/datafile/seiseki/report/2014/2014-4hanshin6.pdf,official_daily_result_pdf
201409040603,2014,阪神,4,6,3,2014-09-28,https://www.jra.go.jp/datafile/seiseki/report/2014/2014-4hanshin6.pdf,official_daily_result_pdf
201409040604,2014,阪神,4,6,4,2014-09-28,https://www.jra.go.jp/datafile/seiseki/report/2014/2014-4hanshin6.pdf,official_daily_result_pdf
201409040605,2014,阪神,4,6,5,2014-09-28,https://www.jra.go.jp/datafile/seiseki/report/2014/2014-4hanshin6.pdf,official_daily_result_pdf
201409040606,2014,阪神,4,6,6,2014-09-28,https://www.jra.go.jp/datafile/seiseki/report/2014/2014-4hanshin6.pdf,official_daily_result_pdf
201409040607,2014,阪神,4,6,7,2014-09-28,https://www.jra.go.jp/datafile/seiseki/report/2014/2014-4hanshin6.pdf,official_daily_result_pdf
201409040608,2014,阪神,4,6,8,2014-09-28,https://www.jra.go.jp/datafile/seiseki/report/2014/2014-4hanshin6.pdf,official_daily_result_pdf
201409040609,2014,阪神,4,6,9,2014-09-28,https://www.jra.go.jp/datafile/seiseki/report/2014/2014-4hanshin6.pdf,official_daily_result_pdf
201409040610,2014,阪神,4,6,10,2014-09-28,https://www.jra.go.jp/datafile/seiseki/report/2014/2014-4hanshin6.pdf,official_daily_result_pdf
201409040611,2014,阪神,4,6,11,2014-09-28,https://www.jra.go.jp/datafile/seiseki/report/2014/2014-4hanshin6.pdf,official_daily_result_pdf
201409040612,2014,阪神,4,6,12,2014-09-28,https://www.jra.go.jp/datafile/seiseki/report/2014/2014-4hanshin6.pdf,official_daily_result_pdf
201409040701,2014,阪神,4,7,1,2014-10-04,https://www.jra.go.jp/datafile/seiseki/report/2014/2014-4hanshin7.pdf,official_daily_result_pdf
201409040702,2014,阪神,4,7,2,2014-10-04,https://www.jra.go.jp/datafile/seiseki/report/2014/2014-4hanshin7.pdf,official_daily_result_pdf
201409040703,2014,阪神,4,7,3,2014-10-04,https://www.jra.go.jp/datafile/seiseki/report/2014/2014-4hanshin7.pdf,official_daily_result_pdf
201409040704,2014,阪神,4,7,4,2014-10-04,https://www.jra.go.jp/datafile/seiseki/report/2014/2014-4hanshin7.pdf,official_daily_result_pdf
201409040705,2014,阪神,4,7,5,2014-10-04,https://www.jra.go.jp/datafile/seiseki/report/2014/2014-4hanshin7.pdf,official_daily_result_pdf
201409040706,2014,阪神,4,7,6,2014-10-04,https://www.jra.go.jp/datafile/seiseki/report/2014/2014-4hanshin7.pdf,official_daily_result_pdf
201409040707,2014,阪神,4,7,7,2014-10-04,https://www.jra.go.jp/datafile/seiseki/report/2014/2014-4hanshin7.pdf,official_daily_result_pdf
201409040708,2014,阪神,4,7,8,2014-10-04,https://www.jra.go.jp/datafile/seiseki/report/2014/2014-4hanshin7.pdf,official_daily_result_pdf
201409040709,2014,阪神,4,7,9,2014-10-04,https://www.jra.go.jp/datafile/seiseki/report/2014/2014-4hanshin7.pdf,official_daily_result_pdf
201409040710,2014,阪神,4,7,10,2014-10-04,https://www.jra.go.jp/datafile/seiseki/report/2014/2014-4hanshin7.pdf,official_daily_result_pdf
201409040711,2014,阪神,4,7,11,2014-10-04,https://www.jra.go.jp/datafile/seiseki/report/2014/2014-4hanshin7.pdf,official_daily_result_pdf
201409040712,2014,阪神,4,7,12,2014-10-04,https://www.jra.go.jp/datafile/seiseki/report/2014/2014-4hanshin7.pdf,official_daily_result_pdf
201409040801,2014,阪神,4,8,1,2014-10-05,https://www.jra.go.jp/datafile/seiseki/report/2014/2014-4hanshin8.pdf,official_daily_result_pdf
201409040802,2014,阪神,4,8,2,2014-10-05,https://www.jra.go.jp/datafile/seiseki/report/2014/2014-4hanshin8.pdf,official_daily_result_pdf
201409040803,2014,阪神,4,8,3,2014-10-05,https://www.jra.go.jp/datafile/seiseki/report/2014/2014-4hanshin8.pdf,official_daily_result_pdf
201409040804,2014,阪神,4,8,4,2014-10-05,https://www.jra.go.jp/datafile/seiseki/report/2014/2014-4hanshin8.pdf,official_daily_result_pdf
201409040805,2014,阪神,4,8,5,2014-10-05,https://www.jra.go.jp/datafile/seiseki/report/2014/2014-4hanshin8.pdf,official_daily_result_pdf
201409040806,2014,阪神,4,8,6,2014-10-05,https://www.jra.go.jp/datafile/seiseki/report/2014/2014-4hanshin8.pdf,official_daily_result_pdf
201409040807,2014,阪神,4,8,7,2014-10-05,https://www.jra.go.jp/datafile/seiseki/report/2014/2014-4hanshin8.pdf,official_daily_result_pdf
201409040808,2014,阪神,4,8,8,2014-10-05,https://www.jra.go.jp/datafile/seiseki/report/2014/2014-4hanshin8.pdf,official_daily_result_pdf
201409040809,2014,阪神,4,8,9,2014-10-05,https://www.jra.go.jp/datafile/seiseki/report/2014/2014-4hanshin8.pdf,official_daily_result_pdf
201409040810,2014,阪神,4,8,10,2014-10-05,https://www.jra.go.jp/datafile/seiseki/report/2014/2014-4hanshin8.pdf,official_daily_result_pdf
201409040811,2014,阪神,4,8,11,2014-10-05,https://www.jra.go.jp/datafile/seiseki/report/2014/2014-4hanshin8.pdf,official_daily_result_pdf
201409040812,2014,阪神,4,8,12,2014-10-05,https://www.jra.go.jp/datafile/seiseki/report/2014/2014-4hanshin8.pdf,official_daily_result_pdf
201409050101,2014,阪神,5,1,1,2014-12-06,https://www.jra.go.jp/datafile/seiseki/report/2014/2014-5hanshin1.pdf,official_daily_result_pdf
201409050102,2014,阪神,5,1,2,2014-12-06,https://www.jra.go.jp/datafile/seiseki/report/2014/2014-5hanshin1.pdf,official_daily_result_pdf
201409050103,2014,阪神,5,1,3,2014-12-06,https://www.jra.go.jp/datafile/seiseki/report/2014/2014-5hanshin1.pdf,official_daily_result_pdf
201409050104,2014,阪神,5,1,4,2014-12-06,https://www.jra.go.jp/datafile/seiseki/report/2014/2014-5hanshin1.pdf,official_daily_result_pdf
201409050105,2014,阪神,5,1,5,2014-12-06,https://www.jra.go.jp/datafile/seiseki/report/2014/2014-5hanshin1.pdf,official_daily_result_pdf
201409050106,2014,阪神,5,1,6,2014-12-06,https://www.jra.go.jp/datafile/seiseki/report/2014/2014-5hanshin1.pdf,official_daily_result_pdf
201409050107,2014,阪神,5,1,7,2014-12-06,https://www.jra.go.jp/datafile/seiseki/report/2014/2014-5hanshin1.pdf,official_daily_result_pdf
201409050108,2014,阪神,5,1,8,2014-12-06,https://www.jra.go.jp/datafile/seiseki/report/2014/2014-5hanshin1.pdf,official_daily_result_pdf
201409050109,2014,阪神,5,1,9,2014-12-06,https://www.jra.go.jp/datafile/seiseki/report/2014/2014-5hanshin1.pdf,official_daily_result_pdf
201409050110,2014,阪神,5,1,10,2014-12-06,https://www.jra.go.jp/datafile/seiseki/report/2014/2014-5hanshin1.pdf,official_daily_result_pdf
201409050111,2014,阪神,5,1,11,2014-12-06,https://www.jra.go.jp/datafile/seiseki/report/2014/2014-5hanshin1.pdf,official_daily_result_pdf
201409050112,2014,阪神,5,1,12,2014-12-06,https://www.jra.go.jp/datafile/seiseki/report/2014/2014-5hanshin1.pdf,official_daily_result_pdf
201409050201,2014,阪神,5,2,1,2014-12-07,https://www.jra.go.jp/datafile/seiseki/report/2014/2014-5hanshin2.pdf,official_daily_result_pdf
201409050202,2014,阪神,5,2,2,2014-12-07,https://www.jra.go.jp/datafile/seiseki/report/2014/2014-5hanshin2.pdf,official_daily_result_pdf
201409050203,2014,阪神,5,2,3,2014-12-07,https://www.jra.go.jp/datafile/seiseki/report/2014/2014-5hanshin2.pdf,official_daily_result_pdf
201409050204,2014,阪神,5,2,4,2014-12-07,https://www.jra.go.jp/datafile/seiseki/report/2014/2014-5hanshin2.pdf,official_daily_result_pdf
201409050205,2014,阪神,5,2,5,2014-12-07,https://www.jra.go.jp/datafile/seiseki/report/2014/2014-5hanshin2.pdf,official_daily_result_pdf
201409050206,2014,阪神,5,2,6,2014-12-07,https://www.jra.go.jp/datafile/seiseki/report/2014/2014-5hanshin2.pdf,official_daily_result_pdf
201409050207,2014,阪神,5,2,7,2014-12-07,https://www.jra.go.jp/datafile/seiseki/report/2014/2014-5hanshin2.pdf,official_daily_result_pdf
201409050208,2014,阪神,5,2,8,2014-12-07,https://www.jra.go.jp/datafile/seiseki/report/2014/2014-5hanshin2.pdf,official_daily_result_pdf
201409050209,2014,阪神,5,2,9,2014-12-07,https://www.jra.go.jp/datafile/seiseki/report/2014/2014-5hanshin2.pdf,official_daily_result_pdf
201409050210,2014,阪神,5,2,10,2014-12-07,https://www.jra.go.jp/datafile/seiseki/report/2014/2014-5hanshin2.pdf,official_daily_result_pdf
201409050211,2014,阪神,5,2,11,2014-12-07,https://www.jra.go.jp/datafile/seiseki/report/2014/2014-5hanshin2.pdf,official_daily_result_pdf
201409050212,2014,阪神,5,2,12,2014-12-07,https://www.jra.go.jp/datafile/seiseki/report/2014/2014-5hanshin2.pdf,official_daily_result_pdf
201409050301,2014,阪神,5,3,1,2014-12-13,https://www.jra.go.jp/datafile/seiseki/report/2014/2014-5hanshin3.pdf,official_daily_result_pdf
201409050302,2014,阪神,5,3,2,2014-12-13,https://www.jra.go.jp/datafile/seiseki/report/2014/2014-5hanshin3.pdf,official_daily_result_pdf
201409050303,2014,阪神,5,3,3,2014-12-13,https://www.jra.go.jp/datafile/seiseki/report/2014/2014-5hanshin3.pdf,official_daily_result_pdf
201409050304,2014,阪神,5,3,4,2014-12-13,https://www.jra.go.jp/datafile/seiseki/report/2014/2014-5hanshin3.pdf,official_daily_result_pdf
201409050305,2014,阪神,5,3,5,2014-12-13,https://www.jra.go.jp/datafile/seiseki/report/2014/2014-5hanshin3.pdf,official_daily_result_pdf
201409050306,2014,阪神,5,3,6,2014-12-13,https://www.jra.go.jp/datafile/seiseki/report/2014/2014-5hanshin3.pdf,official_daily_result_pdf
201409050307,2014,阪神,5,3,7,2014-12-13,https://www.jra.go.jp/datafile/seiseki/report/2014/2014-5hanshin3.pdf,official_daily_result_pdf
201409050308,2014,阪神,5,3,8,2014-12-13,https://www.jra.go.jp/datafile/seiseki/report/2014/2014-5hanshin3.pdf,official_daily_result_pdf
201409050309,2014,阪神,5,3,9,2014-12-13,https://www.jra.go.jp/datafile/seiseki/report/2014/2014-5hanshin3.pdf,official_daily_result_pdf
201409050310,2014,阪神,5,3,10,2014-12-13,https://www.jra.go.jp/datafile/seiseki/report/2014/2014-5hanshin3.pdf,official_daily_result_pdf
201409050311,2014,阪神,5,3,11,2014-12-13,https://www.jra.go.jp/datafile/seiseki/report/2014/2014-5hanshin3.pdf,official_daily_result_pdf
201409050312,2014,阪神,5,3,12,2014-12-13,https://www.jra.go.jp/datafile/seiseki/report/2014/2014-5hanshin3.pdf,official_daily_result_pdf
201409050401,2014,阪神,5,4,1,2014-12-14,https://www.jra.go.jp/datafile/seiseki/report/2014/2014-5hanshin4.pdf,official_daily_result_pdf
201409050402,2014,阪神,5,4,2,2014-12-14,https://www.jra.go.jp/datafile/seiseki/report/2014/2014-5hanshin4.pdf,official_daily_result_pdf
201409050403,2014,阪神,5,4,3,2014-12-14,https://www.jra.go.jp/datafile/seiseki/report/2014/2014-5hanshin4.pdf,official_daily_result_pdf
201409050404,2014,阪神,5,4,4,2014-12-14,https://www.jra.go.jp/datafile/seiseki/report/2014/2014-5hanshin4.pdf,official_daily_result_pdf
201409050405,2014,阪神,5,4,5,2014-12-14,https://www.jra.go.jp/datafile/seiseki/report/2014/2014-5hanshin4.pdf,official_daily_result_pdf
201409050406,2014,阪神,5,4,6,2014-12-14,https://www.jra.go.jp/datafile/seiseki/report/2014/2014-5hanshin4.pdf,official_daily_result_pdf
201409050407,2014,阪神,5,4,7,2014-12-14,https://www.jra.go.jp/datafile/seiseki/report/2014/2014-5hanshin4.pdf,official_daily_result_pdf
201409050408,2014,阪神,5,4,8,2014-12-14,https://www.jra.go.jp/datafile/seiseki/report/2014/2014-5hanshin4.pdf,official_daily_result_pdf
201409050409,2014,阪神,5,4,9,2014-12-14,https://www.jra.go.jp/datafile/seiseki/report/2014/2014-5hanshin4.pdf,official_daily_result_pdf
201409050410,2014,阪神,5,4,10,2014-12-14,https://www.jra.go.jp/datafile/seiseki/report/2014/2014-5hanshin4.pdf,official_daily_result_pdf
201409050411,2014,阪神,5,4,11,2014-12-14,https://www.jra.go.jp/datafile/seiseki/report/2014/2014-5hanshin4.pdf,official_daily_result_pdf
201409050412,2014,阪神,5,4,12,2014-12-14,https://www.jra.go.jp/datafile/seiseki/report/2014/2014-5hanshin4.pdf,official_daily_result_pdf
201409050501,2014,阪神,5,5,1,2014-12-20,https://www.jra.go.jp/datafile/seiseki/report/2014/2014-5hanshin5.pdf,official_daily_result_pdf
201409050502,2014,阪神,5,5,2,2014-12-20,https://www.jra.go.jp/datafile/seiseki/report/2014/2014-5hanshin5.pdf,official_daily_result_pdf
201409050503,2014,阪神,5,5,3,2014-12-20,https://www.jra.go.jp/datafile/seiseki/report/2014/2014-5hanshin5.pdf,official_daily_result_pdf
201409050504,2014,阪神,5,5,4,2014-12-20,https://www.jra.go.jp/datafile/seiseki/report/2014/2014-5hanshin5.pdf,official_daily_result_pdf
201409050505,2014,阪神,5,5,5,2014-12-20,https://www.jra.go.jp/datafile/seiseki/report/2014/2014-5hanshin5.pdf,official_daily_result_pdf
201409050506,2014,阪神,5,5,6,2014-12-20,https://www.jra.go.jp/datafile/seiseki/report/2014/2014-5hanshin5.pdf,official_daily_result_pdf
201409050507,2014,阪神,5,5,7,2014-12-20,https://www.jra.go.jp/datafile/seiseki/report/2014/2014-5hanshin5.pdf,official_daily_result_pdf
201409050508,2014,阪神,5,5,8,2014-12-20,https://www.jra.go.jp/datafile/seiseki/report/2014/2014-5hanshin5.pdf,official_daily_result_pdf
201409050509,2014,阪神,5,5,9,2014-12-20,https://www.jra.go.jp/datafile/seiseki/report/2014/2014-5hanshin5.pdf,official_daily_result_pdf
201409050510,2014,阪神,5,5,10,2014-12-20,https://www.jra.go.jp/datafile/seiseki/report/2014/2014-5hanshin5.pdf,official_daily_result_pdf
201409050511,2014,阪神,5,5,11,2014-12-20,https://www.jra.go.jp/datafile/seiseki/report/2014/2014-5hanshin5.pdf,official_daily_result_pdf
201409050512,2014,阪神,5,5,12,2014-12-20,https://www.jra.go.jp/datafile/seiseki/report/2014/2014-5hanshin5.pdf,official_daily_result_pdf
201409050601,2014,阪神,5,6,1,2014-12-21,https://www.jra.go.jp/datafile/seiseki/report/2014/2014-5hanshin6.pdf,official_daily_result_pdf
201409050602,2014,阪神,5,6,2,2014-12-21,https://www.jra.go.jp/datafile/seiseki/report/2014/2014-5hanshin6.pdf,official_daily_result_pdf
201409050603,2014,阪神,5,6,3,2014-12-21,https://www.jra.go.jp/datafile/seiseki/report/2014/2014-5hanshin6.pdf,official_daily_result_pdf
201409050604,2014,阪神,5,6,4,2014-12-21,https://www.jra.go.jp/datafile/seiseki/report/2014/2014-5hanshin6.pdf,official_daily_result_pdf
201409050605,2014,阪神,5,6,5,2014-12-21,https://www.jra.go.jp/datafile/seiseki/report/2014/2014-5hanshin6.pdf,official_daily_result_pdf
201409050606,2014,阪神,5,6,6,2014-12-21,https://www.jra.go.jp/datafile/seiseki/report/2014/2014-5hanshin6.pdf,official_daily_result_pdf
201409050607,2014,阪神,5,6,7,2014-12-21,https://www.jra.go.jp/datafile/seiseki/report/2014/2014-5hanshin6.pdf,official_daily_result_pdf
201409050608,2014,阪神,5,6,8,2014-12-21,https://www.jra.go.jp/datafile/seiseki/report/2014/2014-5hanshin6.pdf,official_daily_result_pdf
201409050609,2014,阪神,5,6,9,2014-12-21,https://www.jra.go.jp/datafile/seiseki/report/2014/2014-5hanshin6.pdf,official_daily_result_pdf
201409050610,2014,阪神,5,6,10,2014-12-21,https://www.jra.go.jp/datafile/seiseki/report/2014/2014-5hanshin6.pdf,official_daily_result_pdf
201409050611,2014,阪神,5,6,11,2014-12-21,https://www.jra.go.jp/datafile/seiseki/report/2014/2014-5hanshin6.pdf,official_daily_result_pdf
201409050612,2014,阪神,5,6,12,2014-12-21,https://www.jra.go.jp/datafile/seiseki/report/2014/2014-5hanshin6.pdf,official_daily_result_pdf
201409050701,2014,阪神,5,7,1,2014-12-27,https://www.jra.go.jp/datafile/seiseki/report/2014/2014-5hanshin7.pdf,official_daily_result_pdf
201409050702,2014,阪神,5,7,2,2014-12-27,https://www.jra.go.jp/datafile/seiseki/report/2014/2014-5hanshin7.pdf,official_daily_result_pdf
201409050703,2014,阪神,5,7,3,2014-12-27,https://www.jra.go.jp/datafile/seiseki/report/2014/2014-5hanshin7.pdf,official_daily_result_pdf
201409050704,2014,阪神,5,7,4,2014-12-27,https://www.jra.go.jp/datafile/seiseki/report/2014/2014-5hanshin7.pdf,official_daily_result_pdf
201409050705,2014,阪神,5,7,5,2014-12-27,https://www.jra.go.jp/datafile/seiseki/report/2014/2014-5hanshin7.pdf,official_daily_result_pdf
201409050706,2014,阪神,5,7,6,2014-12-27,https://www.jra.go.jp/datafile/seiseki/report/2014/2014-5hanshin7.pdf,official_daily_result_pdf
201409050707,2014,阪神,5,7,7,2014-12-27,https://www.jra.go.jp/datafile/seiseki/report/2014/2014-5hanshin7.pdf,official_daily_result_pdf
201409050708,2014,阪神,5,7,8,2014-12-27,https://www.jra.go.jp/datafile/seiseki/report/2014/2014-5hanshin7.pdf,official_daily_result_pdf
201409050709,2014,阪神,5,7,9,2014-12-27,https://www.jra.go.jp/datafile/seiseki/report/2014/2014-5hanshin7.pdf,official_daily_result_pdf
201409050710,2014,阪神,5,7,10,2014-12-27,https://www.jra.go.jp/datafile/seiseki/report/2014/2014-5hanshin7.pdf,official_daily_result_pdf
201409050711,2014,阪神,5,7,11,2014-12-27,https://www.jra.go.jp/datafile/seiseki/report/2014/2014-5hanshin7.pdf,official_daily_result_pdf
201409050712,2014,阪神,5,7,12,2014-12-27,https://www.jra.go.jp/datafile/seiseki/report/2014/2014-5hanshin7.pdf,official_daily_result_pdf
201409050801,2014,阪神,5,8,1,2014-12-28,https://www.jra.go.jp/datafile/seiseki/report/2014/2014-5hanshin8.pdf,official_daily_result_pdf
201409050802,2014,阪神,5,8,2,2014-12-28,https://www.jra.go.jp/datafile/seiseki/report/2014/2014-5hanshin8.pdf,official_daily_result_pdf
201409050803,2014,阪神,5,8,3,2014-12-28,https://www.jra.go.jp/datafile/seiseki/report/2014/2014-5hanshin8.pdf,official_daily_result_pdf
201409050804,2014,阪神,5,8,4,2014-12-28,https://www.jra.go.jp/datafile/seiseki/report/2014/2014-5hanshin8.pdf,official_daily_result_pdf
201409050805,2014,阪神,5,8,5,2014-12-28,https://www.jra.go.jp/datafile/seiseki/report/2014/2014-5hanshin8.pdf,official_daily_result_pdf
201409050806,2014,阪神,5,8,6,2014-12-28,https://www.jra.go.jp/datafile/seiseki/report/2014/2014-5hanshin8.pdf,official_daily_result_pdf
201409050807,2014,阪神,5,8,7,2014-12-28,https://www.jra.go.jp/datafile/seiseki/report/2014/2014-5hanshin8.pdf,official_daily_result_pdf
201409050808,2014,阪神,5,8,8,2014-12-28,https://www.jra.go.jp/datafile/seiseki/report/2014/2014-5hanshin8.pdf,official_daily_result_pdf
201409050809,2014,阪神,5,8,9,2014-12-28,https://www.jra.go.jp/datafile/seiseki/report/2014/2014-5hanshin8.pdf,official_daily_result_pdf
201409050810,2014,阪神,5,8,10,2014-12-28,https://www.jra.go.jp/datafile/seiseki/report/2014/2014-5hanshin8.pdf,official_daily_result_pdf
201409050811,2014,阪神,5,8,11,2014-12-28,https://www.jra.go.jp/datafile/seiseki/report/2014/2014-5hanshin8.pdf,official_daily_result_pdf
201409050812,2014,阪神,5,8,12,2014-12-28,https://www.jra.go.jp/datafile/seiseki/report/2014/2014-5hanshin8.pdf,official_daily_result_pdf
201410010101,2014,小倉,1,1,1,2014-02-08,https://www.jra.go.jp/datafile/seiseki/report/2014/2014-1kokura1.pdf,official_daily_result_pdf
201410010102,2014,小倉,1,1,2,2014-02-08,https://www.jra.go.jp/datafile/seiseki/report/2014/2014-1kokura1.pdf,official_daily_result_pdf
201410010103,2014,小倉,1,1,3,2014-02-08,https://www.jra.go.jp/datafile/seiseki/report/2014/2014-1kokura1.pdf,official_daily_result_pdf
201410010104,2014,小倉,1,1,4,2014-02-08,https://www.jra.go.jp/datafile/seiseki/report/2014/2014-1kokura1.pdf,official_daily_result_pdf
201410010105,2014,小倉,1,1,5,2014-02-08,https://www.jra.go.jp/datafile/seiseki/report/2014/2014-1kokura1.pdf,official_daily_result_pdf
201410010106,2014,小倉,1,1,6,2014-02-08,https://www.jra.go.jp/datafile/seiseki/report/2014/2014-1kokura1.pdf,official_daily_result_pdf
201410010107,2014,小倉,1,1,7,2014-02-08,https://www.jra.go.jp/datafile/seiseki/report/2014/2014-1kokura1.pdf,official_daily_result_pdf
201410010108,2014,小倉,1,1,8,2014-02-08,https://www.jra.go.jp/datafile/seiseki/report/2014/2014-1kokura1.pdf,official_daily_result_pdf
201410010109,2014,小倉,1,1,9,2014-02-08,https://www.jra.go.jp/datafile/seiseki/report/2014/2014-1kokura1.pdf,official_daily_result_pdf
201410010110,2014,小倉,1,1,10,2014-02-08,https://www.jra.go.jp/datafile/seiseki/report/2014/2014-1kokura1.pdf,official_daily_result_pdf
201410010111,2014,小倉,1,1,11,2014-02-08,https://www.jra.go.jp/datafile/seiseki/report/2014/2014-1kokura1.pdf,official_daily_result_pdf
201410010112,2014,小倉,1,1,12,2014-02-08,https://www.jra.go.jp/datafile/seiseki/report/2014/2014-1kokura1.pdf,official_daily_result_pdf
201410010201,2014,小倉,1,2,1,2014-02-09,https://www.jra.go.jp/datafile/seiseki/report/2014/2014-1kokura2.pdf,official_daily_result_pdf
201410010202,2014,小倉,1,2,2,2014-02-09,https://www.jra.go.jp/datafile/seiseki/report/2014/2014-1kokura2.pdf,official_daily_result_pdf
201410010203,2014,小倉,1,2,3,2014-02-09,https://www.jra.go.jp/datafile/seiseki/report/2014/2014-1kokura2.pdf,official_daily_result_pdf
201410010204,2014,小倉,1,2,4,2014-02-09,https://www.jra.go.jp/datafile/seiseki/report/2014/2014-1kokura2.pdf,official_daily_result_pdf
201410010205,2014,小倉,1,2,5,2014-02-09,https://www.jra.go.jp/datafile/seiseki/report/2014/2014-1kokura2.pdf,official_daily_result_pdf
201410010206,2014,小倉,1,2,6,2014-02-09,https://www.jra.go.jp/datafile/seiseki/report/2014/2014-1kokura2.pdf,official_daily_result_pdf
201410010207,2014,小倉,1,2,7,2014-02-09,https://www.jra.go.jp/datafile/seiseki/report/2014/2014-1kokura2.pdf,official_daily_result_pdf
201410010208,2014,小倉,1,2,8,2014-02-09,https://www.jra.go.jp/datafile/seiseki/report/2014/2014-1kokura2.pdf,official_daily_result_pdf
201410010209,2014,小倉,1,2,9,2014-02-09,https://www.jra.go.jp/datafile/seiseki/report/2014/2014-1kokura2.pdf,official_daily_result_pdf
201410010210,2014,小倉,1,2,10,2014-02-09,https://www.jra.go.jp/datafile/seiseki/report/2014/2014-1kokura2.pdf,official_daily_result_pdf
201410010211,2014,小倉,1,2,11,2014-02-09,https://www.jra.go.jp/datafile/seiseki/report/2014/2014-1kokura2.pdf,official_daily_result_pdf
201410010212,2014,小倉,1,2,12,2014-02-09,https://www.jra.go.jp/datafile/seiseki/report/2014/2014-1kokura2.pdf,official_daily_result_pdf
201410010301,2014,小倉,1,3,1,2014-02-15,https://www.jra.go.jp/datafile/seiseki/report/2014/2014-1kokura3.pdf,official_daily_result_pdf
201410010302,2014,小倉,1,3,2,2014-02-15,https://www.jra.go.jp/datafile/seiseki/report/2014/2014-1kokura3.pdf,official_daily_result_pdf
201410010303,2014,小倉,1,3,3,2014-02-15,https://www.jra.go.jp/datafile/seiseki/report/2014/2014-1kokura3.pdf,official_daily_result_pdf
201410010304,2014,小倉,1,3,4,2014-02-15,https://www.jra.go.jp/datafile/seiseki/report/2014/2014-1kokura3.pdf,official_daily_result_pdf
201410010305,2014,小倉,1,3,5,2014-02-15,https://www.jra.go.jp/datafile/seiseki/report/2014/2014-1kokura3.pdf,official_daily_result_pdf
201410010306,2014,小倉,1,3,6,2014-02-15,https://www.jra.go.jp/datafile/seiseki/report/2014/2014-1kokura3.pdf,official_daily_result_pdf
201410010307,2014,小倉,1,3,7,2014-02-15,https://www.jra.go.jp/datafile/seiseki/report/2014/2014-1kokura3.pdf,official_daily_result_pdf
201410010308,2014,小倉,1,3,8,2014-02-15,https://www.jra.go.jp/datafile/seiseki/report/2014/2014-1kokura3.pdf,official_daily_result_pdf
201410010309,2014,小倉,1,3,9,2014-02-15,https://www.jra.go.jp/datafile/seiseki/report/2014/2014-1kokura3.pdf,official_daily_result_pdf
201410010310,2014,小倉,1,3,10,2014-02-15,https://www.jra.go.jp/datafile/seiseki/report/2014/2014-1kokura3.pdf,official_daily_result_pdf
201410010311,2014,小倉,1,3,11,2014-02-15,https://www.jra.go.jp/datafile/seiseki/report/2014/2014-1kokura3.pdf,official_daily_result_pdf
201410010312,2014,小倉,1,3,12,2014-02-15,https://www.jra.go.jp/datafile/seiseki/report/2014/2014-1kokura3.pdf,official_daily_result_pdf
201410010401,2014,小倉,1,4,1,2014-02-16,https://www.jra.go.jp/datafile/seiseki/report/2014/2014-1kokura4.pdf,official_daily_result_pdf
201410010402,2014,小倉,1,4,2,2014-02-16,https://www.jra.go.jp/datafile/seiseki/report/2014/2014-1kokura4.pdf,official_daily_result_pdf
201410010403,2014,小倉,1,4,3,2014-02-16,https://www.jra.go.jp/datafile/seiseki/report/2014/2014-1kokura4.pdf,official_daily_result_pdf
201410010404,2014,小倉,1,4,4,2014-02-16,https://www.jra.go.jp/datafile/seiseki/report/2014/2014-1kokura4.pdf,official_daily_result_pdf
201410010405,2014,小倉,1,4,5,2014-02-16,https://www.jra.go.jp/datafile/seiseki/report/2014/2014-1kokura4.pdf,official_daily_result_pdf
201410010406,2014,小倉,1,4,6,2014-02-16,https://www.jra.go.jp/datafile/seiseki/report/2014/2014-1kokura4.pdf,official_daily_result_pdf
201410010407,2014,小倉,1,4,7,2014-02-16,https://www.jra.go.jp/datafile/seiseki/report/2014/2014-1kokura4.pdf,official_daily_result_pdf
201410010408,2014,小倉,1,4,8,2014-02-16,https://www.jra.go.jp/datafile/seiseki/report/2014/2014-1kokura4.pdf,official_daily_result_pdf
201410010409,2014,小倉,1,4,9,2014-02-16,https://www.jra.go.jp/datafile/seiseki/report/2014/2014-1kokura4.pdf,official_daily_result_pdf
201410010410,2014,小倉,1,4,10,2014-02-16,https://www.jra.go.jp/datafile/seiseki/report/2014/2014-1kokura4.pdf,official_daily_result_pdf
201410010411,2014,小倉,1,4,11,2014-02-16,https://www.jra.go.jp/datafile/seiseki/report/2014/2014-1kokura4.pdf,official_daily_result_pdf
201410010412,2014,小倉,1,4,12,2014-02-16,https://www.jra.go.jp/datafile/seiseki/report/2014/2014-1kokura4.pdf,official_daily_result_pdf
201410010501,2014,小倉,1,5,1,2014-02-22,https://www.jra.go.jp/datafile/seiseki/report/2014/2014-1kokura5.pdf,official_daily_result_pdf
201410010502,2014,小倉,1,5,2,2014-02-22,https://www.jra.go.jp/datafile/seiseki/report/2014/2014-1kokura5.pdf,official_daily_result_pdf
201410010503,2014,小倉,1,5,3,2014-02-22,https://www.jra.go.jp/datafile/seiseki/report/2014/2014-1kokura5.pdf,official_daily_result_pdf
201410010504,2014,小倉,1,5,4,2014-02-22,https://www.jra.go.jp/datafile/seiseki/report/2014/2014-1kokura5.pdf,official_daily_result_pdf
201410010505,2014,小倉,1,5,5,2014-02-22,https://www.jra.go.jp/datafile/seiseki/report/2014/2014-1kokura5.pdf,official_daily_result_pdf
201410010506,2014,小倉,1,5,6,2014-02-22,https://www.jra.go.jp/datafile/seiseki/report/2014/2014-1kokura5.pdf,official_daily_result_pdf
201410010507,2014,小倉,1,5,7,2014-02-22,https://www.jra.go.jp/datafile/seiseki/report/2014/2014-1kokura5.pdf,official_daily_result_pdf
201410010508,2014,小倉,1,5,8,2014-02-22,https://www.jra.go.jp/datafile/seiseki/report/2014/2014-1kokura5.pdf,official_daily_result_pdf
201410010509,2014,小倉,1,5,9,2014-02-22,https://www.jra.go.jp/datafile/seiseki/report/2014/2014-1kokura5.pdf,official_daily_result_pdf
201410010510,2014,小倉,1,5,10,2014-02-22,https://www.jra.go.jp/datafile/seiseki/report/2014/2014-1kokura5.pdf,official_daily_result_pdf
201410010511,2014,小倉,1,5,11,2014-02-22,https://www.jra.go.jp/datafile/seiseki/report/2014/2014-1kokura5.pdf,official_daily_result_pdf
201410010512,2014,小倉,1,5,12,2014-02-22,https://www.jra.go.jp/datafile/seiseki/report/2014/2014-1kokura5.pdf,official_daily_result_pdf
201410010601,2014,小倉,1,6,1,2014-02-23,https://www.jra.go.jp/datafile/seiseki/report/2014/2014-1kokura6.pdf,official_daily_result_pdf
201410010602,2014,小倉,1,6,2,2014-02-23,https://www.jra.go.jp/datafile/seiseki/report/2014/2014-1kokura6.pdf,official_daily_result_pdf
201410010603,2014,小倉,1,6,3,2014-02-23,https://www.jra.go.jp/datafile/seiseki/report/2014/2014-1kokura6.pdf,official_daily_result_pdf
201410010604,2014,小倉,1,6,4,2014-02-23,https://www.jra.go.jp/datafile/seiseki/report/2014/2014-1kokura6.pdf,official_daily_result_pdf
201410010605,2014,小倉,1,6,5,2014-02-23,https://www.jra.go.jp/datafile/seiseki/report/2014/2014-1kokura6.pdf,official_daily_result_pdf
201410010606,2014,小倉,1,6,6,2014-02-23,https://www.jra.go.jp/datafile/seiseki/report/2014/2014-1kokura6.pdf,official_daily_result_pdf
201410010607,2014,小倉,1,6,7,2014-02-23,https://www.jra.go.jp/datafile/seiseki/report/2014/2014-1kokura6.pdf,official_daily_result_pdf
201410010608,2014,小倉,1,6,8,2014-02-23,https://www.jra.go.jp/datafile/seiseki/report/2014/2014-1kokura6.pdf,official_daily_result_pdf
201410010609,2014,小倉,1,6,9,2014-02-23,https://www.jra.go.jp/datafile/seiseki/report/2014/2014-1kokura6.pdf,official_daily_result_pdf
201410010610,2014,小倉,1,6,10,2014-02-23,https://www.jra.go.jp/datafile/seiseki/report/2014/2014-1kokura6.pdf,official_daily_result_pdf
201410010611,2014,小倉,1,6,11,2014-02-23,https://www.jra.go.jp/datafile/seiseki/report/2014/2014-1kokura6.pdf,official_daily_result_pdf
201410010612,2014,小倉,1,6,12,2014-02-23,https://www.jra.go.jp/datafile/seiseki/report/2014/2014-1kokura6.pdf,official_daily_result_pdf
201410010701,2014,小倉,1,7,1,2014-03-01,https://www.jra.go.jp/datafile/seiseki/report/2014/2014-1kokura7.pdf,official_daily_result_pdf
201410010702,2014,小倉,1,7,2,2014-03-01,https://www.jra.go.jp/datafile/seiseki/report/2014/2014-1kokura7.pdf,official_daily_result_pdf
201410010703,2014,小倉,1,7,3,2014-03-01,https://www.jra.go.jp/datafile/seiseki/report/2014/2014-1kokura7.pdf,official_daily_result_pdf
201410010704,2014,小倉,1,7,4,2014-03-01,https://www.jra.go.jp/datafile/seiseki/report/2014/2014-1kokura7.pdf,official_daily_result_pdf
201410010705,2014,小倉,1,7,5,2014-03-01,https://www.jra.go.jp/datafile/seiseki/report/2014/2014-1kokura7.pdf,official_daily_result_pdf
201410010706,2014,小倉,1,7,6,2014-03-01,https://www.jra.go.jp/datafile/seiseki/report/2014/2014-1kokura7.pdf,official_daily_result_pdf
201410010707,2014,小倉,1,7,7,2014-03-01,https://www.jra.go.jp/datafile/seiseki/report/2014/2014-1kokura7.pdf,official_daily_result_pdf
201410010708,2014,小倉,1,7,8,2014-03-01,https://www.jra.go.jp/datafile/seiseki/report/2014/2014-1kokura7.pdf,official_daily_result_pdf
201410010709,2014,小倉,1,7,9,2014-03-01,https://www.jra.go.jp/datafile/seiseki/report/2014/2014-1kokura7.pdf,official_daily_result_pdf
201410010710,2014,小倉,1,7,10,2014-03-01,https://www.jra.go.jp/datafile/seiseki/report/2014/2014-1kokura7.pdf,official_daily_result_pdf
201410010711,2014,小倉,1,7,11,2014-03-01,https://www.jra.go.jp/datafile/seiseki/report/2014/2014-1kokura7.pdf,official_daily_result_pdf
201410010712,2014,小倉,1,7,12,2014-03-01,https://www.jra.go.jp/datafile/seiseki/report/2014/2014-1kokura7.pdf,official_daily_result_pdf
201410010801,2014,小倉,1,8,1,2014-03-02,https://www.jra.go.jp/datafile/seiseki/report/2014/2014-1kokura8.pdf,official_daily_result_pdf
201410010802,2014,小倉,1,8,2,2014-03-02,https://www.jra.go.jp/datafile/seiseki/report/2014/2014-1kokura8.pdf,official_daily_result_pdf
201410010803,2014,小倉,1,8,3,2014-03-02,https://www.jra.go.jp/datafile/seiseki/report/2014/2014-1kokura8.pdf,official_daily_result_pdf
201410010804,2014,小倉,1,8,4,2014-03-02,https://www.jra.go.jp/datafile/seiseki/report/2014/2014-1kokura8.pdf,official_daily_result_pdf
201410010805,2014,小倉,1,8,5,2014-03-02,https://www.jra.go.jp/datafile/seiseki/report/2014/2014-1kokura8.pdf,official_daily_result_pdf
201410010806,2014,小倉,1,8,6,2014-03-02,https://www.jra.go.jp/datafile/seiseki/report/2014/2014-1kokura8.pdf,official_daily_result_pdf
201410010807,2014,小倉,1,8,7,2014-03-02,https://www.jra.go.jp/datafile/seiseki/report/2014/2014-1kokura8.pdf,official_daily_result_pdf
201410010808,2014,小倉,1,8,8,2014-03-02,https://www.jra.go.jp/datafile/seiseki/report/2014/2014-1kokura8.pdf,official_daily_result_pdf
201410010809,2014,小倉,1,8,9,2014-03-02,https://www.jra.go.jp/datafile/seiseki/report/2014/2014-1kokura8.pdf,official_daily_result_pdf
201410010810,2014,小倉,1,8,10,2014-03-02,https://www.jra.go.jp/datafile/seiseki/report/2014/2014-1kokura8.pdf,official_daily_result_pdf
201410010811,2014,小倉,1,8,11,2014-03-02,https://www.jra.go.jp/datafile/seiseki/report/2014/2014-1kokura8.pdf,official_daily_result_pdf
201410010812,2014,小倉,1,8,12,2014-03-02,https://www.jra.go.jp/datafile/seiseki/report/2014/2014-1kokura8.pdf,official_daily_result_pdf
201410020101,2014,小倉,2,1,1,2014-08-02,https://www.jra.go.jp/datafile/seiseki/report/2014/2014-2kokura1.pdf,official_daily_result_pdf
201410020102,2014,小倉,2,1,2,2014-08-02,https://www.jra.go.jp/datafile/seiseki/report/2014/2014-2kokura1.pdf,official_daily_result_pdf
201410020103,2014,小倉,2,1,3,2014-08-02,https://www.jra.go.jp/datafile/seiseki/report/2014/2014-2kokura1.pdf,official_daily_result_pdf
201410020104,2014,小倉,2,1,4,2014-08-02,https://www.jra.go.jp/datafile/seiseki/report/2014/2014-2kokura1.pdf,official_daily_result_pdf
201410020105,2014,小倉,2,1,5,2014-08-02,https://www.jra.go.jp/datafile/seiseki/report/2014/2014-2kokura1.pdf,official_daily_result_pdf
201410020106,2014,小倉,2,1,6,2014-08-02,https://www.jra.go.jp/datafile/seiseki/report/2014/2014-2kokura1.pdf,official_daily_result_pdf
201410020107,2014,小倉,2,1,7,2014-08-02,https://www.jra.go.jp/datafile/seiseki/report/2014/2014-2kokura1.pdf,official_daily_result_pdf
201410020108,2014,小倉,2,1,8,2014-08-02,https://www.jra.go.jp/datafile/seiseki/report/2014/2014-2kokura1.pdf,official_daily_result_pdf
201410020109,2014,小倉,2,1,9,2014-08-02,https://www.jra.go.jp/datafile/seiseki/report/2014/2014-2kokura1.pdf,official_daily_result_pdf
201410020110,2014,小倉,2,1,10,2014-08-02,https://www.jra.go.jp/datafile/seiseki/report/2014/2014-2kokura1.pdf,official_daily_result_pdf
201410020111,2014,小倉,2,1,11,2014-08-02,https://www.jra.go.jp/datafile/seiseki/report/2014/2014-2kokura1.pdf,official_daily_result_pdf
201410020112,2014,小倉,2,1,12,2014-08-02,https://www.jra.go.jp/datafile/seiseki/report/2014/2014-2kokura1.pdf,official_daily_result_pdf
201410020201,2014,小倉,2,2,1,2014-08-03,https://www.jra.go.jp/datafile/seiseki/report/2014/2014-2kokura2.pdf,official_daily_result_pdf
201410020202,2014,小倉,2,2,2,2014-08-03,https://www.jra.go.jp/datafile/seiseki/report/2014/2014-2kokura2.pdf,official_daily_result_pdf
201410020203,2014,小倉,2,2,3,2014-08-03,https://www.jra.go.jp/datafile/seiseki/report/2014/2014-2kokura2.pdf,official_daily_result_pdf
201410020204,2014,小倉,2,2,4,2014-08-03,https://www.jra.go.jp/datafile/seiseki/report/2014/2014-2kokura2.pdf,official_daily_result_pdf
201410020205,2014,小倉,2,2,5,2014-08-03,https://www.jra.go.jp/datafile/seiseki/report/2014/2014-2kokura2.pdf,official_daily_result_pdf
201410020206,2014,小倉,2,2,6,2014-08-03,https://www.jra.go.jp/datafile/seiseki/report/2014/2014-2kokura2.pdf,official_daily_result_pdf
201410020207,2014,小倉,2,2,7,2014-08-03,https://www.jra.go.jp/datafile/seiseki/report/2014/2014-2kokura2.pdf,official_daily_result_pdf
201410020208,2014,小倉,2,2,8,2014-08-03,https://www.jra.go.jp/datafile/seiseki/report/2014/2014-2kokura2.pdf,official_daily_result_pdf
201410020209,2014,小倉,2,2,9,2014-08-03,https://www.jra.go.jp/datafile/seiseki/report/2014/2014-2kokura2.pdf,official_daily_result_pdf
201410020210,2014,小倉,2,2,10,2014-08-03,https://www.jra.go.jp/datafile/seiseki/report/2014/2014-2kokura2.pdf,official_daily_result_pdf
201410020211,2014,小倉,2,2,11,2014-08-03,https://www.jra.go.jp/datafile/seiseki/report/2014/2014-2kokura2.pdf,official_daily_result_pdf
201410020212,2014,小倉,2,2,12,2014-08-03,https://www.jra.go.jp/datafile/seiseki/report/2014/2014-2kokura2.pdf,official_daily_result_pdf
201410020301,2014,小倉,2,3,1,2014-08-09,https://www.jra.go.jp/datafile/seiseki/report/2014/2014-2kokura3.pdf,official_daily_result_pdf
201410020302,2014,小倉,2,3,2,2014-08-09,https://www.jra.go.jp/datafile/seiseki/report/2014/2014-2kokura3.pdf,official_daily_result_pdf
201410020303,2014,小倉,2,3,3,2014-08-09,https://www.jra.go.jp/datafile/seiseki/report/2014/2014-2kokura3.pdf,official_daily_result_pdf
201410020304,2014,小倉,2,3,4,2014-08-09,https://www.jra.go.jp/datafile/seiseki/report/2014/2014-2kokura3.pdf,official_daily_result_pdf
201410020305,2014,小倉,2,3,5,2014-08-09,https://www.jra.go.jp/datafile/seiseki/report/2014/2014-2kokura3.pdf,official_daily_result_pdf
201410020306,2014,小倉,2,3,6,2014-08-09,https://www.jra.go.jp/datafile/seiseki/report/2014/2014-2kokura3.pdf,official_daily_result_pdf
201410020307,2014,小倉,2,3,7,2014-08-09,https://www.jra.go.jp/datafile/seiseki/report/2014/2014-2kokura3.pdf,official_daily_result_pdf
201410020308,2014,小倉,2,3,8,2014-08-09,https://www.jra.go.jp/datafile/seiseki/report/2014/2014-2kokura3.pdf,official_daily_result_pdf
201410020309,2014,小倉,2,3,9,2014-08-09,https://www.jra.go.jp/datafile/seiseki/report/2014/2014-2kokura3.pdf,official_daily_result_pdf
201410020310,2014,小倉,2,3,10,2014-08-09,https://www.jra.go.jp/datafile/seiseki/report/2014/2014-2kokura3.pdf,official_daily_result_pdf
201410020311,2014,小倉,2,3,11,2014-08-09,https://www.jra.go.jp/datafile/seiseki/report/2014/2014-2kokura3.pdf,official_daily_result_pdf
201410020312,2014,小倉,2,3,12,2014-08-09,https://www.jra.go.jp/datafile/seiseki/report/2014/2014-2kokura3.pdf,official_daily_result_pdf
201410020401,2014,小倉,2,4,1,2014-08-10,https://www.jra.go.jp/datafile/seiseki/report/2014/2014-2kokura4.pdf,official_daily_result_pdf
201410020402,2014,小倉,2,4,2,2014-08-10,https://www.jra.go.jp/datafile/seiseki/report/2014/2014-2kokura4.pdf,official_daily_result_pdf
201410020403,2014,小倉,2,4,3,2014-08-10,https://www.jra.go.jp/datafile/seiseki/report/2014/2014-2kokura4.pdf,official_daily_result_pdf
201410020404,2014,小倉,2,4,4,2014-08-10,https://www.jra.go.jp/datafile/seiseki/report/2014/2014-2kokura4.pdf,official_daily_result_pdf
201410020405,2014,小倉,2,4,5,2014-08-10,https://www.jra.go.jp/datafile/seiseki/report/2014/2014-2kokura4.pdf,official_daily_result_pdf
201410020406,2014,小倉,2,4,6,2014-08-10,https://www.jra.go.jp/datafile/seiseki/report/2014/2014-2kokura4.pdf,official_daily_result_pdf
201410020407,2014,小倉,2,4,7,2014-08-10,https://www.jra.go.jp/datafile/seiseki/report/2014/2014-2kokura4.pdf,official_daily_result_pdf
201410020408,2014,小倉,2,4,8,2014-08-10,https://www.jra.go.jp/datafile/seiseki/report/2014/2014-2kokura4.pdf,official_daily_result_pdf
201410020409,2014,小倉,2,4,9,2014-08-10,https://www.jra.go.jp/datafile/seiseki/report/2014/2014-2kokura4.pdf,official_daily_result_pdf
201410020410,2014,小倉,2,4,10,2014-08-10,https://www.jra.go.jp/datafile/seiseki/report/2014/2014-2kokura4.pdf,official_daily_result_pdf
201410020411,2014,小倉,2,4,11,2014-08-10,https://www.jra.go.jp/datafile/seiseki/report/2014/2014-2kokura4.pdf,official_daily_result_pdf
201410020412,2014,小倉,2,4,12,2014-08-10,https://www.jra.go.jp/datafile/seiseki/report/2014/2014-2kokura4.pdf,official_daily_result_pdf
201410020501,2014,小倉,2,5,1,2014-08-16,https://www.jra.go.jp/datafile/seiseki/report/2014/2014-2kokura5.pdf,official_daily_result_pdf
201410020502,2014,小倉,2,5,2,2014-08-16,https://www.jra.go.jp/datafile/seiseki/report/2014/2014-2kokura5.pdf,official_daily_result_pdf
201410020503,2014,小倉,2,5,3,2014-08-16,https://www.jra.go.jp/datafile/seiseki/report/2014/2014-2kokura5.pdf,official_daily_result_pdf
201410020504,2014,小倉,2,5,4,2014-08-16,https://www.jra.go.jp/datafile/seiseki/report/2014/2014-2kokura5.pdf,official_daily_result_pdf
201410020505,2014,小倉,2,5,5,2014-08-16,https://www.jra.go.jp/datafile/seiseki/report/2014/2014-2kokura5.pdf,official_daily_result_pdf
201410020506,2014,小倉,2,5,6,2014-08-16,https://www.jra.go.jp/datafile/seiseki/report/2014/2014-2kokura5.pdf,official_daily_result_pdf
201410020507,2014,小倉,2,5,7,2014-08-16,https://www.jra.go.jp/datafile/seiseki/report/2014/2014-2kokura5.pdf,official_daily_result_pdf
201410020508,2014,小倉,2,5,8,2014-08-16,https://www.jra.go.jp/datafile/seiseki/report/2014/2014-2kokura5.pdf,official_daily_result_pdf
201410020509,2014,小倉,2,5,9,2014-08-16,https://www.jra.go.jp/datafile/seiseki/report/2014/2014-2kokura5.pdf,official_daily_result_pdf
201410020510,2014,小倉,2,5,10,2014-08-16,https://www.jra.go.jp/datafile/seiseki/report/2014/2014-2kokura5.pdf,official_daily_result_pdf
201410020511,2014,小倉,2,5,11,2014-08-16,https://www.jra.go.jp/datafile/seiseki/report/2014/2014-2kokura5.pdf,official_daily_result_pdf
201410020512,2014,小倉,2,5,12,2014-08-16,https://www.jra.go.jp/datafile/seiseki/report/2014/2014-2kokura5.pdf,official_daily_result_pdf
201410020601,2014,小倉,2,6,1,2014-08-17,https://www.jra.go.jp/datafile/seiseki/report/2014/2014-2kokura6.pdf,official_daily_result_pdf
201410020602,2014,小倉,2,6,2,2014-08-17,https://www.jra.go.jp/datafile/seiseki/report/2014/2014-2kokura6.pdf,official_daily_result_pdf
201410020603,2014,小倉,2,6,3,2014-08-17,https://www.jra.go.jp/datafile/seiseki/report/2014/2014-2kokura6.pdf,official_daily_result_pdf
201410020604,2014,小倉,2,6,4,2014-08-17,https://www.jra.go.jp/datafile/seiseki/report/2014/2014-2kokura6.pdf,official_daily_result_pdf
201410020605,2014,小倉,2,6,5,2014-08-17,https://www.jra.go.jp/datafile/seiseki/report/2014/2014-2kokura6.pdf,official_daily_result_pdf
201410020606,2014,小倉,2,6,6,2014-08-17,https://www.jra.go.jp/datafile/seiseki/report/2014/2014-2kokura6.pdf,official_daily_result_pdf
201410020607,2014,小倉,2,6,7,2014-08-17,https://www.jra.go.jp/datafile/seiseki/report/2014/2014-2kokura6.pdf,official_daily_result_pdf
201410020608,2014,小倉,2,6,8,2014-08-17,https://www.jra.go.jp/datafile/seiseki/report/2014/2014-2kokura6.pdf,official_daily_result_pdf
201410020609,2014,小倉,2,6,9,2014-08-17,https://www.jra.go.jp/datafile/seiseki/report/2014/2014-2kokura6.pdf,official_daily_result_pdf
201410020610,2014,小倉,2,6,10,2014-08-17,https://www.jra.go.jp/datafile/seiseki/report/2014/2014-2kokura6.pdf,official_daily_result_pdf
201410020611,2014,小倉,2,6,11,2014-08-17,https://www.jra.go.jp/datafile/seiseki/report/2014/2014-2kokura6.pdf,official_daily_result_pdf
201410020612,2014,小倉,2,6,12,2014-08-17,https://www.jra.go.jp/datafile/seiseki/report/2014/2014-2kokura6.pdf,official_daily_result_pdf
201410020701,2014,小倉,2,7,1,2014-08-23,https://www.jra.go.jp/datafile/seiseki/report/2014/2014-2kokura7.pdf,official_daily_result_pdf
201410020702,2014,小倉,2,7,2,2014-08-23,https://www.jra.go.jp/datafile/seiseki/report/2014/2014-2kokura7.pdf,official_daily_result_pdf
201410020703,2014,小倉,2,7,3,2014-08-23,https://www.jra.go.jp/datafile/seiseki/report/2014/2014-2kokura7.pdf,official_daily_result_pdf
201410020704,2014,小倉,2,7,4,2014-08-23,https://www.jra.go.jp/datafile/seiseki/report/2014/2014-2kokura7.pdf,official_daily_result_pdf
201410020705,2014,小倉,2,7,5,2014-08-23,https://www.jra.go.jp/datafile/seiseki/report/2014/2014-2kokura7.pdf,official_daily_result_pdf
201410020706,2014,小倉,2,7,6,2014-08-23,https://www.jra.go.jp/datafile/seiseki/report/2014/2014-2kokura7.pdf,official_daily_result_pdf
201410020707,2014,小倉,2,7,7,2014-08-23,https://www.jra.go.jp/datafile/seiseki/report/2014/2014-2kokura7.pdf,official_daily_result_pdf
201410020708,2014,小倉,2,7,8,2014-08-23,https://www.jra.go.jp/datafile/seiseki/report/2014/2014-2kokura7.pdf,official_daily_result_pdf
201410020709,2014,小倉,2,7,9,2014-08-23,https://www.jra.go.jp/datafile/seiseki/report/2014/2014-2kokura7.pdf,official_daily_result_pdf
201410020710,2014,小倉,2,7,10,2014-08-23,https://www.jra.go.jp/datafile/seiseki/report/2014/2014-2kokura7.pdf,official_daily_result_pdf
201410020711,2014,小倉,2,7,11,2014-08-23,https://www.jra.go.jp/datafile/seiseki/report/2014/2014-2kokura7.pdf,official_daily_result_pdf
201410020712,2014,小倉,2,7,12,2014-08-23,https://www.jra.go.jp/datafile/seiseki/report/2014/2014-2kokura7.pdf,official_daily_result_pdf
201410020801,2014,小倉,2,8,1,2014-08-24,https://www.jra.go.jp/datafile/seiseki/report/2014/2014-2kokura8.pdf,official_daily_result_pdf
201410020802,2014,小倉,2,8,2,2014-08-24,https://www.jra.go.jp/datafile/seiseki/report/2014/2014-2kokura8.pdf,official_daily_result_pdf
201410020803,2014,小倉,2,8,3,2014-08-24,https://www.jra.go.jp/datafile/seiseki/report/2014/2014-2kokura8.pdf,official_daily_result_pdf
201410020804,2014,小倉,2,8,4,2014-08-24,https://www.jra.go.jp/datafile/seiseki/report/2014/2014-2kokura8.pdf,official_daily_result_pdf
201410020805,2014,小倉,2,8,5,2014-08-24,https://www.jra.go.jp/datafile/seiseki/report/2014/2014-2kokura8.pdf,official_daily_result_pdf
201410020806,2014,小倉,2,8,6,2014-08-24,https://www.jra.go.jp/datafile/seiseki/report/2014/2014-2kokura8.pdf,official_daily_result_pdf
201410020807,2014,小倉,2,8,7,2014-08-24,https://www.jra.go.jp/datafile/seiseki/report/2014/2014-2kokura8.pdf,official_daily_result_pdf
201410020808,2014,小倉,2,8,8,2014-08-24,https://www.jra.go.jp/datafile/seiseki/report/2014/2014-2kokura8.pdf,official_daily_result_pdf
201410020809,2014,小倉,2,8,9,2014-08-24,https://www.jra.go.jp/datafile/seiseki/report/2014/2014-2kokura8.pdf,official_daily_result_pdf
201410020810,2014,小倉,2,8,10,2014-08-24,https://www.jra.go.jp/datafile/seiseki/report/2014/2014-2kokura8.pdf,official_daily_result_pdf
201410020811,2014,小倉,2,8,11,2014-08-24,https://www.jra.go.jp/datafile/seiseki/report/2014/2014-2kokura8.pdf,official_daily_result_pdf
201410020812,2014,小倉,2,8,12,2014-08-24,https://www.jra.go.jp/datafile/seiseki/report/2014/2014-2kokura8.pdf,official_daily_result_pdf
201410020901,2014,小倉,2,9,1,2014-08-30,https://www.jra.go.jp/datafile/seiseki/report/2014/2014-2kokura9.pdf,official_daily_result_pdf
201410020902,2014,小倉,2,9,2,2014-08-30,https://www.jra.go.jp/datafile/seiseki/report/2014/2014-2kokura9.pdf,official_daily_result_pdf
201410020903,2014,小倉,2,9,3,2014-08-30,https://www.jra.go.jp/datafile/seiseki/report/2014/2014-2kokura9.pdf,official_daily_result_pdf
201410020904,2014,小倉,2,9,4,2014-08-30,https://www.jra.go.jp/datafile/seiseki/report/2014/2014-2kokura9.pdf,official_daily_result_pdf
201410020905,2014,小倉,2,9,5,2014-08-30,https://www.jra.go.jp/datafile/seiseki/report/2014/2014-2kokura9.pdf,official_daily_result_pdf
201410020906,2014,小倉,2,9,6,2014-08-30,https://www.jra.go.jp/datafile/seiseki/report/2014/2014-2kokura9.pdf,official_daily_result_pdf
201410020907,2014,小倉,2,9,7,2014-08-30,https://www.jra.go.jp/datafile/seiseki/report/2014/2014-2kokura9.pdf,official_daily_result_pdf
201410020908,2014,小倉,2,9,8,2014-08-30,https://www.jra.go.jp/datafile/seiseki/report/2014/2014-2kokura9.pdf,official_daily_result_pdf
201410020909,2014,小倉,2,9,9,2014-08-30,https://www.jra.go.jp/datafile/seiseki/report/2014/2014-2kokura9.pdf,official_daily_result_pdf
201410020910,2014,小倉,2,9,10,2014-08-30,https://www.jra.go.jp/datafile/seiseki/report/2014/2014-2kokura9.pdf,official_daily_result_pdf
201410020911,2014,小倉,2,9,11,2014-08-30,https://www.jra.go.jp/datafile/seiseki/report/2014/2014-2kokura9.pdf,official_daily_result_pdf
201410020912,2014,小倉,2,9,12,2014-08-30,https://www.jra.go.jp/datafile/seiseki/report/2014/2014-2kokura9.pdf,official_daily_result_pdf
201410021001,2014,小倉,2,10,1,2014-08-31,https://www.jra.go.jp/datafile/seiseki/report/2014/2014-2kokura10.pdf,official_daily_result_pdf
201410021002,2014,小倉,2,10,2,2014-08-31,https://www.jra.go.jp/datafile/seiseki/report/2014/2014-2kokura10.pdf,official_daily_result_pdf
201410021003,2014,小倉,2,10,3,2014-08-31,https://www.jra.go.jp/datafile/seiseki/report/2014/2014-2kokura10.pdf,official_daily_result_pdf
201410021004,2014,小倉,2,10,4,2014-08-31,https://www.jra.go.jp/datafile/seiseki/report/2014/2014-2kokura10.pdf,official_daily_result_pdf
201410021005,2014,小倉,2,10,5,2014-08-31,https://www.jra.go.jp/datafile/seiseki/report/2014/2014-2kokura10.pdf,official_daily_result_pdf
201410021006,2014,小倉,2,10,6,2014-08-31,https://www.jra.go.jp/datafile/seiseki/report/2014/2014-2kokura10.pdf,official_daily_result_pdf
201410021007,2014,小倉,2,10,7,2014-08-31,https://www.jra.go.jp/datafile/seiseki/report/2014/2014-2kokura10.pdf,official_daily_result_pdf
201410021008,2014,小倉,2,10,8,2014-08-31,https://www.jra.go.jp/datafile/seiseki/report/2014/2014-2kokura10.pdf,official_daily_result_pdf
201410021009,2014,小倉,2,10,9,2014-08-31,https://www.jra.go.jp/datafile/seiseki/report/2014/2014-2kokura10.pdf,official_daily_result_pdf
201410021010,2014,小倉,2,10,10,2014-08-31,https://www.jra.go.jp/datafile/seiseki/report/2014/2014-2kokura10.pdf,official_daily_result_pdf
201410021011,2014,小倉,2,10,11,2014-08-31,https://www.jra.go.jp/datafile/seiseki/report/2014/2014-2kokura10.pdf,official_daily_result_pdf
201410021012,2014,小倉,2,10,12,2014-08-31,https://www.jra.go.jp/datafile/seiseki/report/2014/2014-2kokura10.pdf,official_daily_result_pdf
201410021101,2014,小倉,2,11,1,2014-09-06,https://www.jra.go.jp/datafile/seiseki/report/2014/2014-2kokura11.pdf,official_daily_result_pdf
201410021102,2014,小倉,2,11,2,2014-09-06,https://www.jra.go.jp/datafile/seiseki/report/2014/2014-2kokura11.pdf,official_daily_result_pdf
201410021103,2014,小倉,2,11,3,2014-09-06,https://www.jra.go.jp/datafile/seiseki/report/2014/2014-2kokura11.pdf,official_daily_result_pdf
201410021104,2014,小倉,2,11,4,2014-09-06,https://www.jra.go.jp/datafile/seiseki/report/2014/2014-2kokura11.pdf,official_daily_result_pdf
201410021105,2014,小倉,2,11,5,2014-09-06,https://www.jra.go.jp/datafile/seiseki/report/2014/2014-2kokura11.pdf,official_daily_result_pdf
201410021106,2014,小倉,2,11,6,2014-09-06,https://www.jra.go.jp/datafile/seiseki/report/2014/2014-2kokura11.pdf,official_daily_result_pdf
201410021107,2014,小倉,2,11,7,2014-09-06,https://www.jra.go.jp/datafile/seiseki/report/2014/2014-2kokura11.pdf,official_daily_result_pdf
201410021108,2014,小倉,2,11,8,2014-09-06,https://www.jra.go.jp/datafile/seiseki/report/2014/2014-2kokura11.pdf,official_daily_result_pdf
201410021109,2014,小倉,2,11,9,2014-09-06,https://www.jra.go.jp/datafile/seiseki/report/2014/2014-2kokura11.pdf,official_daily_result_pdf
201410021110,2014,小倉,2,11,10,2014-09-06,https://www.jra.go.jp/datafile/seiseki/report/2014/2014-2kokura11.pdf,official_daily_result_pdf
201410021111,2014,小倉,2,11,11,2014-09-06,https://www.jra.go.jp/datafile/seiseki/report/2014/2014-2kokura11.pdf,official_daily_result_pdf
201410021112,2014,小倉,2,11,12,2014-09-06,https://www.jra.go.jp/datafile/seiseki/report/2014/2014-2kokura11.pdf,official_daily_result_pdf
201410021201,2014,小倉,2,12,1,2014-09-07,https://www.jra.go.jp/datafile/seiseki/report/2014/2014-2kokura12.pdf,official_daily_result_pdf
201410021202,2014,小倉,2,12,2,2014-09-07,https://www.jra.go.jp/datafile/seiseki/report/2014/2014-2kokura12.pdf,official_daily_result_pdf
201410021203,2014,小倉,2,12,3,2014-09-07,https://www.jra.go.jp/datafile/seiseki/report/2014/2014-2kokura12.pdf,official_daily_result_pdf
201410021204,2014,小倉,2,12,4,2014-09-07,https://www.jra.go.jp/datafile/seiseki/report/2014/2014-2kokura12.pdf,official_daily_result_pdf
201410021205,2014,小倉,2,12,5,2014-09-07,https://www.jra.go.jp/datafile/seiseki/report/2014/2014-2kokura12.pdf,official_daily_result_pdf
201410021206,2014,小倉,2,12,6,2014-09-07,https://www.jra.go.jp/datafile/seiseki/report/2014/2014-2kokura12.pdf,official_daily_result_pdf
201410021207,2014,小倉,2,12,7,2014-09-07,https://www.jra.go.jp/datafile/seiseki/report/2014/2014-2kokura12.pdf,official_daily_result_pdf
201410021208,2014,小倉,2,12,8,2014-09-07,https://www.jra.go.jp/datafile/seiseki/report/2014/2014-2kokura12.pdf,official_daily_result_pdf
201410021209,2014,小倉,2,12,9,2014-09-07,https://www.jra.go.jp/datafile/seiseki/report/2014/2014-2kokura12.pdf,official_daily_result_pdf
201410021210,2014,小倉,2,12,10,2014-09-07,https://www.jra.go.jp/datafile/seiseki/report/2014/2014-2kokura12.pdf,official_daily_result_pdf
201410021211,2014,小倉,2,12,11,2014-09-07,https://www.jra.go.jp/datafile/seiseki/report/2014/2014-2kokura12.pdf,official_daily_result_pdf
201410021212,2014,小倉,2,12,12,2014-09-07,https://www.jra.go.jp/datafile/seiseki/report/2014/2014-2kokura12.pdf,official_daily_result_pdf
201501010101,2015,札幌,1,1,1,2015-08-01,https://www.jra.go.jp/datafile/seiseki/report/2015/2015-1sapporo1.pdf,official_daily_result_pdf
201501010102,2015,札幌,1,1,2,2015-08-01,https://www.jra.go.jp/datafile/seiseki/report/2015/2015-1sapporo1.pdf,official_daily_result_pdf
201501010103,2015,札幌,1,1,3,2015-08-01,https://www.jra.go.jp/datafile/seiseki/report/2015/2015-1sapporo1.pdf,official_daily_result_pdf
201501010104,2015,札幌,1,1,4,2015-08-01,https://www.jra.go.jp/datafile/seiseki/report/2015/2015-1sapporo1.pdf,official_daily_result_pdf
201501010105,2015,札幌,1,1,5,2015-08-01,https://www.jra.go.jp/datafile/seiseki/report/2015/2015-1sapporo1.pdf,official_daily_result_pdf
201501010106,2015,札幌,1,1,6,2015-08-01,https://www.jra.go.jp/datafile/seiseki/report/2015/2015-1sapporo1.pdf,official_daily_result_pdf
201501010107,2015,札幌,1,1,7,2015-08-01,https://www.jra.go.jp/datafile/seiseki/report/2015/2015-1sapporo1.pdf,official_daily_result_pdf
201501010108,2015,札幌,1,1,8,2015-08-01,https://www.jra.go.jp/datafile/seiseki/report/2015/2015-1sapporo1.pdf,official_daily_result_pdf
201501010109,2015,札幌,1,1,9,2015-08-01,https://www.jra.go.jp/datafile/seiseki/report/2015/2015-1sapporo1.pdf,official_daily_result_pdf
201501010110,2015,札幌,1,1,10,2015-08-01,https://www.jra.go.jp/datafile/seiseki/report/2015/2015-1sapporo1.pdf,official_daily_result_pdf
201501010111,2015,札幌,1,1,11,2015-08-01,https://www.jra.go.jp/datafile/seiseki/report/2015/2015-1sapporo1.pdf,official_daily_result_pdf
201501010112,2015,札幌,1,1,12,2015-08-01,https://www.jra.go.jp/datafile/seiseki/report/2015/2015-1sapporo1.pdf,official_daily_result_pdf
201501010201,2015,札幌,1,2,1,2015-08-02,https://www.jra.go.jp/datafile/seiseki/report/2015/2015-1sapporo2.pdf,official_daily_result_pdf
201501010202,2015,札幌,1,2,2,2015-08-02,https://www.jra.go.jp/datafile/seiseki/report/2015/2015-1sapporo2.pdf,official_daily_result_pdf
201501010203,2015,札幌,1,2,3,2015-08-02,https://www.jra.go.jp/datafile/seiseki/report/2015/2015-1sapporo2.pdf,official_daily_result_pdf
201501010204,2015,札幌,1,2,4,2015-08-02,https://www.jra.go.jp/datafile/seiseki/report/2015/2015-1sapporo2.pdf,official_daily_result_pdf
201501010205,2015,札幌,1,2,5,2015-08-02,https://www.jra.go.jp/datafile/seiseki/report/2015/2015-1sapporo2.pdf,official_daily_result_pdf
201501010206,2015,札幌,1,2,6,2015-08-02,https://www.jra.go.jp/datafile/seiseki/report/2015/2015-1sapporo2.pdf,official_daily_result_pdf
201501010207,2015,札幌,1,2,7,2015-08-02,https://www.jra.go.jp/datafile/seiseki/report/2015/2015-1sapporo2.pdf,official_daily_result_pdf
201501010208,2015,札幌,1,2,8,2015-08-02,https://www.jra.go.jp/datafile/seiseki/report/2015/2015-1sapporo2.pdf,official_daily_result_pdf
201501010209,2015,札幌,1,2,9,2015-08-02,https://www.jra.go.jp/datafile/seiseki/report/2015/2015-1sapporo2.pdf,official_daily_result_pdf
201501010210,2015,札幌,1,2,10,2015-08-02,https://www.jra.go.jp/datafile/seiseki/report/2015/2015-1sapporo2.pdf,official_daily_result_pdf
201501010211,2015,札幌,1,2,11,2015-08-02,https://www.jra.go.jp/datafile/seiseki/report/2015/2015-1sapporo2.pdf,official_daily_result_pdf
201501010212,2015,札幌,1,2,12,2015-08-02,https://www.jra.go.jp/datafile/seiseki/report/2015/2015-1sapporo2.pdf,official_daily_result_pdf
201501010301,2015,札幌,1,3,1,2015-08-08,https://www.jra.go.jp/datafile/seiseki/report/2015/2015-1sapporo3.pdf,official_daily_result_pdf
201501010302,2015,札幌,1,3,2,2015-08-08,https://www.jra.go.jp/datafile/seiseki/report/2015/2015-1sapporo3.pdf,official_daily_result_pdf
201501010303,2015,札幌,1,3,3,2015-08-08,https://www.jra.go.jp/datafile/seiseki/report/2015/2015-1sapporo3.pdf,official_daily_result_pdf
201501010304,2015,札幌,1,3,4,2015-08-08,https://www.jra.go.jp/datafile/seiseki/report/2015/2015-1sapporo3.pdf,official_daily_result_pdf
201501010305,2015,札幌,1,3,5,2015-08-08,https://www.jra.go.jp/datafile/seiseki/report/2015/2015-1sapporo3.pdf,official_daily_result_pdf
201501010306,2015,札幌,1,3,6,2015-08-08,https://www.jra.go.jp/datafile/seiseki/report/2015/2015-1sapporo3.pdf,official_daily_result_pdf
201501010307,2015,札幌,1,3,7,2015-08-08,https://www.jra.go.jp/datafile/seiseki/report/2015/2015-1sapporo3.pdf,official_daily_result_pdf
201501010308,2015,札幌,1,3,8,2015-08-08,https://www.jra.go.jp/datafile/seiseki/report/2015/2015-1sapporo3.pdf,official_daily_result_pdf
201501010309,2015,札幌,1,3,9,2015-08-08,https://www.jra.go.jp/datafile/seiseki/report/2015/2015-1sapporo3.pdf,official_daily_result_pdf
201501010310,2015,札幌,1,3,10,2015-08-08,https://www.jra.go.jp/datafile/seiseki/report/2015/2015-1sapporo3.pdf,official_daily_result_pdf
201501010311,2015,札幌,1,3,11,2015-08-08,https://www.jra.go.jp/datafile/seiseki/report/2015/2015-1sapporo3.pdf,official_daily_result_pdf
201501010312,2015,札幌,1,3,12,2015-08-08,https://www.jra.go.jp/datafile/seiseki/report/2015/2015-1sapporo3.pdf,official_daily_result_pdf
201501010401,2015,札幌,1,4,1,2015-08-09,https://www.jra.go.jp/datafile/seiseki/report/2015/2015-1sapporo4.pdf,official_daily_result_pdf
201501010402,2015,札幌,1,4,2,2015-08-09,https://www.jra.go.jp/datafile/seiseki/report/2015/2015-1sapporo4.pdf,official_daily_result_pdf
201501010403,2015,札幌,1,4,3,2015-08-09,https://www.jra.go.jp/datafile/seiseki/report/2015/2015-1sapporo4.pdf,official_daily_result_pdf
201501010404,2015,札幌,1,4,4,2015-08-09,https://www.jra.go.jp/datafile/seiseki/report/2015/2015-1sapporo4.pdf,official_daily_result_pdf
201501010405,2015,札幌,1,4,5,2015-08-09,https://www.jra.go.jp/datafile/seiseki/report/2015/2015-1sapporo4.pdf,official_daily_result_pdf
201501010406,2015,札幌,1,4,6,2015-08-09,https://www.jra.go.jp/datafile/seiseki/report/2015/2015-1sapporo4.pdf,official_daily_result_pdf
201501010407,2015,札幌,1,4,7,2015-08-09,https://www.jra.go.jp/datafile/seiseki/report/2015/2015-1sapporo4.pdf,official_daily_result_pdf
201501010408,2015,札幌,1,4,8,2015-08-09,https://www.jra.go.jp/datafile/seiseki/report/2015/2015-1sapporo4.pdf,official_daily_result_pdf
201501010409,2015,札幌,1,4,9,2015-08-09,https://www.jra.go.jp/datafile/seiseki/report/2015/2015-1sapporo4.pdf,official_daily_result_pdf
201501010410,2015,札幌,1,4,10,2015-08-09,https://www.jra.go.jp/datafile/seiseki/report/2015/2015-1sapporo4.pdf,official_daily_result_pdf
201501010411,2015,札幌,1,4,11,2015-08-09,https://www.jra.go.jp/datafile/seiseki/report/2015/2015-1sapporo4.pdf,official_daily_result_pdf
201501010412,2015,札幌,1,4,12,2015-08-09,https://www.jra.go.jp/datafile/seiseki/report/2015/2015-1sapporo4.pdf,official_daily_result_pdf
201501010501,2015,札幌,1,5,1,2015-08-15,https://www.jra.go.jp/datafile/seiseki/report/2015/2015-1sapporo5.pdf,official_daily_result_pdf
201501010502,2015,札幌,1,5,2,2015-08-15,https://www.jra.go.jp/datafile/seiseki/report/2015/2015-1sapporo5.pdf,official_daily_result_pdf
201501010503,2015,札幌,1,5,3,2015-08-15,https://www.jra.go.jp/datafile/seiseki/report/2015/2015-1sapporo5.pdf,official_daily_result_pdf
201501010504,2015,札幌,1,5,4,2015-08-15,https://www.jra.go.jp/datafile/seiseki/report/2015/2015-1sapporo5.pdf,official_daily_result_pdf
201501010505,2015,札幌,1,5,5,2015-08-15,https://www.jra.go.jp/datafile/seiseki/report/2015/2015-1sapporo5.pdf,official_daily_result_pdf
201501010506,2015,札幌,1,5,6,2015-08-15,https://www.jra.go.jp/datafile/seiseki/report/2015/2015-1sapporo5.pdf,official_daily_result_pdf
201501010507,2015,札幌,1,5,7,2015-08-15,https://www.jra.go.jp/datafile/seiseki/report/2015/2015-1sapporo5.pdf,official_daily_result_pdf
201501010508,2015,札幌,1,5,8,2015-08-15,https://www.jra.go.jp/datafile/seiseki/report/2015/2015-1sapporo5.pdf,official_daily_result_pdf
201501010509,2015,札幌,1,5,9,2015-08-15,https://www.jra.go.jp/datafile/seiseki/report/2015/2015-1sapporo5.pdf,official_daily_result_pdf
201501010510,2015,札幌,1,5,10,2015-08-15,https://www.jra.go.jp/datafile/seiseki/report/2015/2015-1sapporo5.pdf,official_daily_result_pdf
201501010511,2015,札幌,1,5,11,2015-08-15,https://www.jra.go.jp/datafile/seiseki/report/2015/2015-1sapporo5.pdf,official_daily_result_pdf
201501010512,2015,札幌,1,5,12,2015-08-15,https://www.jra.go.jp/datafile/seiseki/report/2015/2015-1sapporo5.pdf,official_daily_result_pdf
201501010601,2015,札幌,1,6,1,2015-08-16,https://www.jra.go.jp/datafile/seiseki/report/2015/2015-1sapporo6.pdf,official_daily_result_pdf
201501010602,2015,札幌,1,6,2,2015-08-16,https://www.jra.go.jp/datafile/seiseki/report/2015/2015-1sapporo6.pdf,official_daily_result_pdf
201501010603,2015,札幌,1,6,3,2015-08-16,https://www.jra.go.jp/datafile/seiseki/report/2015/2015-1sapporo6.pdf,official_daily_result_pdf
201501010604,2015,札幌,1,6,4,2015-08-16,https://www.jra.go.jp/datafile/seiseki/report/2015/2015-1sapporo6.pdf,official_daily_result_pdf
201501010605,2015,札幌,1,6,5,2015-08-16,https://www.jra.go.jp/datafile/seiseki/report/2015/2015-1sapporo6.pdf,official_daily_result_pdf
201501010606,2015,札幌,1,6,6,2015-08-16,https://www.jra.go.jp/datafile/seiseki/report/2015/2015-1sapporo6.pdf,official_daily_result_pdf
201501010607,2015,札幌,1,6,7,2015-08-16,https://www.jra.go.jp/datafile/seiseki/report/2015/2015-1sapporo6.pdf,official_daily_result_pdf
201501010608,2015,札幌,1,6,8,2015-08-16,https://www.jra.go.jp/datafile/seiseki/report/2015/2015-1sapporo6.pdf,official_daily_result_pdf
201501010609,2015,札幌,1,6,9,2015-08-16,https://www.jra.go.jp/datafile/seiseki/report/2015/2015-1sapporo6.pdf,official_daily_result_pdf
201501010610,2015,札幌,1,6,10,2015-08-16,https://www.jra.go.jp/datafile/seiseki/report/2015/2015-1sapporo6.pdf,official_daily_result_pdf
201501010611,2015,札幌,1,6,11,2015-08-16,https://www.jra.go.jp/datafile/seiseki/report/2015/2015-1sapporo6.pdf,official_daily_result_pdf
201501010612,2015,札幌,1,6,12,2015-08-16,https://www.jra.go.jp/datafile/seiseki/report/2015/2015-1sapporo6.pdf,official_daily_result_pdf
201501020101,2015,札幌,2,1,1,2015-08-22,https://www.jra.go.jp/datafile/seiseki/report/2015/2015-2sapporo1.pdf,official_daily_result_pdf
201501020102,2015,札幌,2,1,2,2015-08-22,https://www.jra.go.jp/datafile/seiseki/report/2015/2015-2sapporo1.pdf,official_daily_result_pdf
201501020103,2015,札幌,2,1,3,2015-08-22,https://www.jra.go.jp/datafile/seiseki/report/2015/2015-2sapporo1.pdf,official_daily_result_pdf
201501020104,2015,札幌,2,1,4,2015-08-22,https://www.jra.go.jp/datafile/seiseki/report/2015/2015-2sapporo1.pdf,official_daily_result_pdf
201501020105,2015,札幌,2,1,5,2015-08-22,https://www.jra.go.jp/datafile/seiseki/report/2015/2015-2sapporo1.pdf,official_daily_result_pdf
201501020106,2015,札幌,2,1,6,2015-08-22,https://www.jra.go.jp/datafile/seiseki/report/2015/2015-2sapporo1.pdf,official_daily_result_pdf
201501020107,2015,札幌,2,1,7,2015-08-22,https://www.jra.go.jp/datafile/seiseki/report/2015/2015-2sapporo1.pdf,official_daily_result_pdf
201501020108,2015,札幌,2,1,8,2015-08-22,https://www.jra.go.jp/datafile/seiseki/report/2015/2015-2sapporo1.pdf,official_daily_result_pdf
201501020109,2015,札幌,2,1,9,2015-08-22,https://www.jra.go.jp/datafile/seiseki/report/2015/2015-2sapporo1.pdf,official_daily_result_pdf
201501020110,2015,札幌,2,1,10,2015-08-22,https://www.jra.go.jp/datafile/seiseki/report/2015/2015-2sapporo1.pdf,official_daily_result_pdf
201501020111,2015,札幌,2,1,11,2015-08-22,https://www.jra.go.jp/datafile/seiseki/report/2015/2015-2sapporo1.pdf,official_daily_result_pdf
201501020112,2015,札幌,2,1,12,2015-08-22,https://www.jra.go.jp/datafile/seiseki/report/2015/2015-2sapporo1.pdf,official_daily_result_pdf
201501020201,2015,札幌,2,2,1,2015-08-23,https://www.jra.go.jp/datafile/seiseki/report/2015/2015-2sapporo2.pdf,official_daily_result_pdf
201501020202,2015,札幌,2,2,2,2015-08-23,https://www.jra.go.jp/datafile/seiseki/report/2015/2015-2sapporo2.pdf,official_daily_result_pdf
201501020203,2015,札幌,2,2,3,2015-08-23,https://www.jra.go.jp/datafile/seiseki/report/2015/2015-2sapporo2.pdf,official_daily_result_pdf
201501020204,2015,札幌,2,2,4,2015-08-23,https://www.jra.go.jp/datafile/seiseki/report/2015/2015-2sapporo2.pdf,official_daily_result_pdf
201501020205,2015,札幌,2,2,5,2015-08-23,https://www.jra.go.jp/datafile/seiseki/report/2015/2015-2sapporo2.pdf,official_daily_result_pdf
201501020206,2015,札幌,2,2,6,2015-08-23,https://www.jra.go.jp/datafile/seiseki/report/2015/2015-2sapporo2.pdf,official_daily_result_pdf
201501020207,2015,札幌,2,2,7,2015-08-23,https://www.jra.go.jp/datafile/seiseki/report/2015/2015-2sapporo2.pdf,official_daily_result_pdf
201501020208,2015,札幌,2,2,8,2015-08-23,https://www.jra.go.jp/datafile/seiseki/report/2015/2015-2sapporo2.pdf,official_daily_result_pdf
201501020209,2015,札幌,2,2,9,2015-08-23,https://www.jra.go.jp/datafile/seiseki/report/2015/2015-2sapporo2.pdf,official_daily_result_pdf
201501020210,2015,札幌,2,2,10,2015-08-23,https://www.jra.go.jp/datafile/seiseki/report/2015/2015-2sapporo2.pdf,official_daily_result_pdf
201501020211,2015,札幌,2,2,11,2015-08-23,https://www.jra.go.jp/datafile/seiseki/report/2015/2015-2sapporo2.pdf,official_daily_result_pdf
201501020212,2015,札幌,2,2,12,2015-08-23,https://www.jra.go.jp/datafile/seiseki/report/2015/2015-2sapporo2.pdf,official_daily_result_pdf
201501020301,2015,札幌,2,3,1,2015-08-29,https://www.jra.go.jp/datafile/seiseki/report/2015/2015-2sapporo3.pdf,official_daily_result_pdf
201501020302,2015,札幌,2,3,2,2015-08-29,https://www.jra.go.jp/datafile/seiseki/report/2015/2015-2sapporo3.pdf,official_daily_result_pdf
201501020303,2015,札幌,2,3,3,2015-08-29,https://www.jra.go.jp/datafile/seiseki/report/2015/2015-2sapporo3.pdf,official_daily_result_pdf
201501020304,2015,札幌,2,3,4,2015-08-29,https://www.jra.go.jp/datafile/seiseki/report/2015/2015-2sapporo3.pdf,official_daily_result_pdf
201501020305,2015,札幌,2,3,5,2015-08-29,https://www.jra.go.jp/datafile/seiseki/report/2015/2015-2sapporo3.pdf,official_daily_result_pdf
201501020306,2015,札幌,2,3,6,2015-08-29,https://www.jra.go.jp/datafile/seiseki/report/2015/2015-2sapporo3.pdf,official_daily_result_pdf
201501020307,2015,札幌,2,3,7,2015-08-29,https://www.jra.go.jp/datafile/seiseki/report/2015/2015-2sapporo3.pdf,official_daily_result_pdf
201501020308,2015,札幌,2,3,8,2015-08-29,https://www.jra.go.jp/datafile/seiseki/report/2015/2015-2sapporo3.pdf,official_daily_result_pdf
201501020309,2015,札幌,2,3,9,2015-08-29,https://www.jra.go.jp/datafile/seiseki/report/2015/2015-2sapporo3.pdf,official_daily_result_pdf
201501020310,2015,札幌,2,3,10,2015-08-29,https://www.jra.go.jp/datafile/seiseki/report/2015/2015-2sapporo3.pdf,official_daily_result_pdf
201501020311,2015,札幌,2,3,11,2015-08-29,https://www.jra.go.jp/datafile/seiseki/report/2015/2015-2sapporo3.pdf,official_daily_result_pdf
201501020312,2015,札幌,2,3,12,2015-08-29,https://www.jra.go.jp/datafile/seiseki/report/2015/2015-2sapporo3.pdf,official_daily_result_pdf
201501020401,2015,札幌,2,4,1,2015-08-30,https://www.jra.go.jp/datafile/seiseki/report/2015/2015-2sapporo4.pdf,official_daily_result_pdf
201501020402,2015,札幌,2,4,2,2015-08-30,https://www.jra.go.jp/datafile/seiseki/report/2015/2015-2sapporo4.pdf,official_daily_result_pdf
201501020403,2015,札幌,2,4,3,2015-08-30,https://www.jra.go.jp/datafile/seiseki/report/2015/2015-2sapporo4.pdf,official_daily_result_pdf
201501020404,2015,札幌,2,4,4,2015-08-30,https://www.jra.go.jp/datafile/seiseki/report/2015/2015-2sapporo4.pdf,official_daily_result_pdf
201501020405,2015,札幌,2,4,5,2015-08-30,https://www.jra.go.jp/datafile/seiseki/report/2015/2015-2sapporo4.pdf,official_daily_result_pdf
201501020406,2015,札幌,2,4,6,2015-08-30,https://www.jra.go.jp/datafile/seiseki/report/2015/2015-2sapporo4.pdf,official_daily_result_pdf
201501020407,2015,札幌,2,4,7,2015-08-30,https://www.jra.go.jp/datafile/seiseki/report/2015/2015-2sapporo4.pdf,official_daily_result_pdf
201501020408,2015,札幌,2,4,8,2015-08-30,https://www.jra.go.jp/datafile/seiseki/report/2015/2015-2sapporo4.pdf,official_daily_result_pdf
201501020409,2015,札幌,2,4,9,2015-08-30,https://www.jra.go.jp/datafile/seiseki/report/2015/2015-2sapporo4.pdf,official_daily_result_pdf
201501020410,2015,札幌,2,4,10,2015-08-30,https://www.jra.go.jp/datafile/seiseki/report/2015/2015-2sapporo4.pdf,official_daily_result_pdf
201501020411,2015,札幌,2,4,11,2015-08-30,https://www.jra.go.jp/datafile/seiseki/report/2015/2015-2sapporo4.pdf,official_daily_result_pdf
201501020412,2015,札幌,2,4,12,2015-08-30,https://www.jra.go.jp/datafile/seiseki/report/2015/2015-2sapporo4.pdf,official_daily_result_pdf
201501020501,2015,札幌,2,5,1,2015-09-05,https://www.jra.go.jp/datafile/seiseki/report/2015/2015-2sapporo5.pdf,official_daily_result_pdf
201501020502,2015,札幌,2,5,2,2015-09-05,https://www.jra.go.jp/datafile/seiseki/report/2015/2015-2sapporo5.pdf,official_daily_result_pdf
201501020503,2015,札幌,2,5,3,2015-09-05,https://www.jra.go.jp/datafile/seiseki/report/2015/2015-2sapporo5.pdf,official_daily_result_pdf
201501020504,2015,札幌,2,5,4,2015-09-05,https://www.jra.go.jp/datafile/seiseki/report/2015/2015-2sapporo5.pdf,official_daily_result_pdf
201501020505,2015,札幌,2,5,5,2015-09-05,https://www.jra.go.jp/datafile/seiseki/report/2015/2015-2sapporo5.pdf,official_daily_result_pdf
201501020506,2015,札幌,2,5,6,2015-09-05,https://www.jra.go.jp/datafile/seiseki/report/2015/2015-2sapporo5.pdf,official_daily_result_pdf
201501020507,2015,札幌,2,5,7,2015-09-05,https://www.jra.go.jp/datafile/seiseki/report/2015/2015-2sapporo5.pdf,official_daily_result_pdf
201501020508,2015,札幌,2,5,8,2015-09-05,https://www.jra.go.jp/datafile/seiseki/report/2015/2015-2sapporo5.pdf,official_daily_result_pdf
201501020509,2015,札幌,2,5,9,2015-09-05,https://www.jra.go.jp/datafile/seiseki/report/2015/2015-2sapporo5.pdf,official_daily_result_pdf
201501020510,2015,札幌,2,5,10,2015-09-05,https://www.jra.go.jp/datafile/seiseki/report/2015/2015-2sapporo5.pdf,official_daily_result_pdf
201501020511,2015,札幌,2,5,11,2015-09-05,https://www.jra.go.jp/datafile/seiseki/report/2015/2015-2sapporo5.pdf,official_daily_result_pdf
201501020512,2015,札幌,2,5,12,2015-09-05,https://www.jra.go.jp/datafile/seiseki/report/2015/2015-2sapporo5.pdf,official_daily_result_pdf
201501020601,2015,札幌,2,6,1,2015-09-06,https://www.jra.go.jp/datafile/seiseki/report/2015/2015-2sapporo6.pdf,official_daily_result_pdf
201501020602,2015,札幌,2,6,2,2015-09-06,https://www.jra.go.jp/datafile/seiseki/report/2015/2015-2sapporo6.pdf,official_daily_result_pdf
201501020603,2015,札幌,2,6,3,2015-09-06,https://www.jra.go.jp/datafile/seiseki/report/2015/2015-2sapporo6.pdf,official_daily_result_pdf
201501020604,2015,札幌,2,6,4,2015-09-06,https://www.jra.go.jp/datafile/seiseki/report/2015/2015-2sapporo6.pdf,official_daily_result_pdf
201501020605,2015,札幌,2,6,5,2015-09-06,https://www.jra.go.jp/datafile/seiseki/report/2015/2015-2sapporo6.pdf,official_daily_result_pdf
201501020606,2015,札幌,2,6,6,2015-09-06,https://www.jra.go.jp/datafile/seiseki/report/2015/2015-2sapporo6.pdf,official_daily_result_pdf
201501020607,2015,札幌,2,6,7,2015-09-06,https://www.jra.go.jp/datafile/seiseki/report/2015/2015-2sapporo6.pdf,official_daily_result_pdf
201501020608,2015,札幌,2,6,8,2015-09-06,https://www.jra.go.jp/datafile/seiseki/report/2015/2015-2sapporo6.pdf,official_daily_result_pdf
201501020609,2015,札幌,2,6,9,2015-09-06,https://www.jra.go.jp/datafile/seiseki/report/2015/2015-2sapporo6.pdf,official_daily_result_pdf
201501020610,2015,札幌,2,6,10,2015-09-06,https://www.jra.go.jp/datafile/seiseki/report/2015/2015-2sapporo6.pdf,official_daily_result_pdf
201501020611,2015,札幌,2,6,11,2015-09-06,https://www.jra.go.jp/datafile/seiseki/report/2015/2015-2sapporo6.pdf,official_daily_result_pdf
201501020612,2015,札幌,2,6,12,2015-09-06,https://www.jra.go.jp/datafile/seiseki/report/2015/2015-2sapporo6.pdf,official_daily_result_pdf
201502010101,2015,函館,1,1,1,2015-06-20,https://www.jra.go.jp/datafile/seiseki/report/2015/2015-1hakodate1.pdf,official_daily_result_pdf
201502010102,2015,函館,1,1,2,2015-06-20,https://www.jra.go.jp/datafile/seiseki/report/2015/2015-1hakodate1.pdf,official_daily_result_pdf
201502010103,2015,函館,1,1,3,2015-06-20,https://www.jra.go.jp/datafile/seiseki/report/2015/2015-1hakodate1.pdf,official_daily_result_pdf
201502010104,2015,函館,1,1,4,2015-06-20,https://www.jra.go.jp/datafile/seiseki/report/2015/2015-1hakodate1.pdf,official_daily_result_pdf
201502010105,2015,函館,1,1,5,2015-06-20,https://www.jra.go.jp/datafile/seiseki/report/2015/2015-1hakodate1.pdf,official_daily_result_pdf
201502010106,2015,函館,1,1,6,2015-06-20,https://www.jra.go.jp/datafile/seiseki/report/2015/2015-1hakodate1.pdf,official_daily_result_pdf
201502010107,2015,函館,1,1,7,2015-06-20,https://www.jra.go.jp/datafile/seiseki/report/2015/2015-1hakodate1.pdf,official_daily_result_pdf
201502010108,2015,函館,1,1,8,2015-06-20,https://www.jra.go.jp/datafile/seiseki/report/2015/2015-1hakodate1.pdf,official_daily_result_pdf
201502010109,2015,函館,1,1,9,2015-06-20,https://www.jra.go.jp/datafile/seiseki/report/2015/2015-1hakodate1.pdf,official_daily_result_pdf
201502010110,2015,函館,1,1,10,2015-06-20,https://www.jra.go.jp/datafile/seiseki/report/2015/2015-1hakodate1.pdf,official_daily_result_pdf
201502010111,2015,函館,1,1,11,2015-06-20,https://www.jra.go.jp/datafile/seiseki/report/2015/2015-1hakodate1.pdf,official_daily_result_pdf
201502010112,2015,函館,1,1,12,2015-06-20,https://www.jra.go.jp/datafile/seiseki/report/2015/2015-1hakodate1.pdf,official_daily_result_pdf
201502010201,2015,函館,1,2,1,2015-06-21,https://www.jra.go.jp/datafile/seiseki/report/2015/2015-1hakodate2.pdf,official_daily_result_pdf
201502010202,2015,函館,1,2,2,2015-06-21,https://www.jra.go.jp/datafile/seiseki/report/2015/2015-1hakodate2.pdf,official_daily_result_pdf
201502010203,2015,函館,1,2,3,2015-06-21,https://www.jra.go.jp/datafile/seiseki/report/2015/2015-1hakodate2.pdf,official_daily_result_pdf
201502010204,2015,函館,1,2,4,2015-06-21,https://www.jra.go.jp/datafile/seiseki/report/2015/2015-1hakodate2.pdf,official_daily_result_pdf
201502010205,2015,函館,1,2,5,2015-06-21,https://www.jra.go.jp/datafile/seiseki/report/2015/2015-1hakodate2.pdf,official_daily_result_pdf
201502010206,2015,函館,1,2,6,2015-06-21,https://www.jra.go.jp/datafile/seiseki/report/2015/2015-1hakodate2.pdf,official_daily_result_pdf
201502010207,2015,函館,1,2,7,2015-06-21,https://www.jra.go.jp/datafile/seiseki/report/2015/2015-1hakodate2.pdf,official_daily_result_pdf
201502010208,2015,函館,1,2,8,2015-06-21,https://www.jra.go.jp/datafile/seiseki/report/2015/2015-1hakodate2.pdf,official_daily_result_pdf
201502010209,2015,函館,1,2,9,2015-06-21,https://www.jra.go.jp/datafile/seiseki/report/2015/2015-1hakodate2.pdf,official_daily_result_pdf
201502010210,2015,函館,1,2,10,2015-06-21,https://www.jra.go.jp/datafile/seiseki/report/2015/2015-1hakodate2.pdf,official_daily_result_pdf
201502010211,2015,函館,1,2,11,2015-06-21,https://www.jra.go.jp/datafile/seiseki/report/2015/2015-1hakodate2.pdf,official_daily_result_pdf
201502010212,2015,函館,1,2,12,2015-06-21,https://www.jra.go.jp/datafile/seiseki/report/2015/2015-1hakodate2.pdf,official_daily_result_pdf
201502010301,2015,函館,1,3,1,2015-06-27,https://www.jra.go.jp/datafile/seiseki/report/2015/2015-1hakodate3.pdf,official_daily_result_pdf
201502010302,2015,函館,1,3,2,2015-06-27,https://www.jra.go.jp/datafile/seiseki/report/2015/2015-1hakodate3.pdf,official_daily_result_pdf
201502010303,2015,函館,1,3,3,2015-06-27,https://www.jra.go.jp/datafile/seiseki/report/2015/2015-1hakodate3.pdf,official_daily_result_pdf
201502010304,2015,函館,1,3,4,2015-06-27,https://www.jra.go.jp/datafile/seiseki/report/2015/2015-1hakodate3.pdf,official_daily_result_pdf
201502010305,2015,函館,1,3,5,2015-06-27,https://www.jra.go.jp/datafile/seiseki/report/2015/2015-1hakodate3.pdf,official_daily_result_pdf
201502010306,2015,函館,1,3,6,2015-06-27,https://www.jra.go.jp/datafile/seiseki/report/2015/2015-1hakodate3.pdf,official_daily_result_pdf
201502010307,2015,函館,1,3,7,2015-06-27,https://www.jra.go.jp/datafile/seiseki/report/2015/2015-1hakodate3.pdf,official_daily_result_pdf
201502010308,2015,函館,1,3,8,2015-06-27,https://www.jra.go.jp/datafile/seiseki/report/2015/2015-1hakodate3.pdf,official_daily_result_pdf
201502010309,2015,函館,1,3,9,2015-06-27,https://www.jra.go.jp/datafile/seiseki/report/2015/2015-1hakodate3.pdf,official_daily_result_pdf
201502010310,2015,函館,1,3,10,2015-06-27,https://www.jra.go.jp/datafile/seiseki/report/2015/2015-1hakodate3.pdf,official_daily_result_pdf
201502010311,2015,函館,1,3,11,2015-06-27,https://www.jra.go.jp/datafile/seiseki/report/2015/2015-1hakodate3.pdf,official_daily_result_pdf
201502010312,2015,函館,1,3,12,2015-06-27,https://www.jra.go.jp/datafile/seiseki/report/2015/2015-1hakodate3.pdf,official_daily_result_pdf
201502010401,2015,函館,1,4,1,2015-06-28,https://www.jra.go.jp/datafile/seiseki/report/2015/2015-1hakodate4.pdf,official_daily_result_pdf
201502010402,2015,函館,1,4,2,2015-06-28,https://www.jra.go.jp/datafile/seiseki/report/2015/2015-1hakodate4.pdf,official_daily_result_pdf
201502010403,2015,函館,1,4,3,2015-06-28,https://www.jra.go.jp/datafile/seiseki/report/2015/2015-1hakodate4.pdf,official_daily_result_pdf
201502010404,2015,函館,1,4,4,2015-06-28,https://www.jra.go.jp/datafile/seiseki/report/2015/2015-1hakodate4.pdf,official_daily_result_pdf
201502010405,2015,函館,1,4,5,2015-06-28,https://www.jra.go.jp/datafile/seiseki/report/2015/2015-1hakodate4.pdf,official_daily_result_pdf
201502010406,2015,函館,1,4,6,2015-06-28,https://www.jra.go.jp/datafile/seiseki/report/2015/2015-1hakodate4.pdf,official_daily_result_pdf
201502010407,2015,函館,1,4,7,2015-06-28,https://www.jra.go.jp/datafile/seiseki/report/2015/2015-1hakodate4.pdf,official_daily_result_pdf
201502010408,2015,函館,1,4,8,2015-06-28,https://www.jra.go.jp/datafile/seiseki/report/2015/2015-1hakodate4.pdf,official_daily_result_pdf
201502010409,2015,函館,1,4,9,2015-06-28,https://www.jra.go.jp/datafile/seiseki/report/2015/2015-1hakodate4.pdf,official_daily_result_pdf
201502010410,2015,函館,1,4,10,2015-06-28,https://www.jra.go.jp/datafile/seiseki/report/2015/2015-1hakodate4.pdf,official_daily_result_pdf
201502010411,2015,函館,1,4,11,2015-06-28,https://www.jra.go.jp/datafile/seiseki/report/2015/2015-1hakodate4.pdf,official_daily_result_pdf
201502010412,2015,函館,1,4,12,2015-06-28,https://www.jra.go.jp/datafile/seiseki/report/2015/2015-1hakodate4.pdf,official_daily_result_pdf
201502010501,2015,函館,1,5,1,2015-07-04,https://www.jra.go.jp/datafile/seiseki/report/2015/2015-1hakodate5.pdf,official_daily_result_pdf
201502010502,2015,函館,1,5,2,2015-07-04,https://www.jra.go.jp/datafile/seiseki/report/2015/2015-1hakodate5.pdf,official_daily_result_pdf
201502010503,2015,函館,1,5,3,2015-07-04,https://www.jra.go.jp/datafile/seiseki/report/2015/2015-1hakodate5.pdf,official_daily_result_pdf
201502010504,2015,函館,1,5,4,2015-07-04,https://www.jra.go.jp/datafile/seiseki/report/2015/2015-1hakodate5.pdf,official_daily_result_pdf
201502010505,2015,函館,1,5,5,2015-07-04,https://www.jra.go.jp/datafile/seiseki/report/2015/2015-1hakodate5.pdf,official_daily_result_pdf
201502010506,2015,函館,1,5,6,2015-07-04,https://www.jra.go.jp/datafile/seiseki/report/2015/2015-1hakodate5.pdf,official_daily_result_pdf
201502010507,2015,函館,1,5,7,2015-07-04,https://www.jra.go.jp/datafile/seiseki/report/2015/2015-1hakodate5.pdf,official_daily_result_pdf
201502010508,2015,函館,1,5,8,2015-07-04,https://www.jra.go.jp/datafile/seiseki/report/2015/2015-1hakodate5.pdf,official_daily_result_pdf
201502010509,2015,函館,1,5,9,2015-07-04,https://www.jra.go.jp/datafile/seiseki/report/2015/2015-1hakodate5.pdf,official_daily_result_pdf
201502010510,2015,函館,1,5,10,2015-07-04,https://www.jra.go.jp/datafile/seiseki/report/2015/2015-1hakodate5.pdf,official_daily_result_pdf
201502010511,2015,函館,1,5,11,2015-07-04,https://www.jra.go.jp/datafile/seiseki/report/2015/2015-1hakodate5.pdf,official_daily_result_pdf
201502010512,2015,函館,1,5,12,2015-07-04,https://www.jra.go.jp/datafile/seiseki/report/2015/2015-1hakodate5.pdf,official_daily_result_pdf
201502010601,2015,函館,1,6,1,2015-07-05,https://www.jra.go.jp/datafile/seiseki/report/2015/2015-1hakodate6.pdf,official_daily_result_pdf
201502010602,2015,函館,1,6,2,2015-07-05,https://www.jra.go.jp/datafile/seiseki/report/2015/2015-1hakodate6.pdf,official_daily_result_pdf
201502010603,2015,函館,1,6,3,2015-07-05,https://www.jra.go.jp/datafile/seiseki/report/2015/2015-1hakodate6.pdf,official_daily_result_pdf
201502010604,2015,函館,1,6,4,2015-07-05,https://www.jra.go.jp/datafile/seiseki/report/2015/2015-1hakodate6.pdf,official_daily_result_pdf
201502010605,2015,函館,1,6,5,2015-07-05,https://www.jra.go.jp/datafile/seiseki/report/2015/2015-1hakodate6.pdf,official_daily_result_pdf
201502010606,2015,函館,1,6,6,2015-07-05,https://www.jra.go.jp/datafile/seiseki/report/2015/2015-1hakodate6.pdf,official_daily_result_pdf
201502010607,2015,函館,1,6,7,2015-07-05,https://www.jra.go.jp/datafile/seiseki/report/2015/2015-1hakodate6.pdf,official_daily_result_pdf
201502010608,2015,函館,1,6,8,2015-07-05,https://www.jra.go.jp/datafile/seiseki/report/2015/2015-1hakodate6.pdf,official_daily_result_pdf
201502010609,2015,函館,1,6,9,2015-07-05,https://www.jra.go.jp/datafile/seiseki/report/2015/2015-1hakodate6.pdf,official_daily_result_pdf
201502010610,2015,函館,1,6,10,2015-07-05,https://www.jra.go.jp/datafile/seiseki/report/2015/2015-1hakodate6.pdf,official_daily_result_pdf
201502010611,2015,函館,1,6,11,2015-07-05,https://www.jra.go.jp/datafile/seiseki/report/2015/2015-1hakodate6.pdf,official_daily_result_pdf
201502010612,2015,函館,1,6,12,2015-07-05,https://www.jra.go.jp/datafile/seiseki/report/2015/2015-1hakodate6.pdf,official_daily_result_pdf
201502020101,2015,函館,2,1,1,2015-07-11,https://www.jra.go.jp/datafile/seiseki/report/2015/2015-2hakodate1.pdf,official_daily_result_pdf
201502020102,2015,函館,2,1,2,2015-07-11,https://www.jra.go.jp/datafile/seiseki/report/2015/2015-2hakodate1.pdf,official_daily_result_pdf
201502020103,2015,函館,2,1,3,2015-07-11,https://www.jra.go.jp/datafile/seiseki/report/2015/2015-2hakodate1.pdf,official_daily_result_pdf
201502020104,2015,函館,2,1,4,2015-07-11,https://www.jra.go.jp/datafile/seiseki/report/2015/2015-2hakodate1.pdf,official_daily_result_pdf
201502020105,2015,函館,2,1,5,2015-07-11,https://www.jra.go.jp/datafile/seiseki/report/2015/2015-2hakodate1.pdf,official_daily_result_pdf
201502020106,2015,函館,2,1,6,2015-07-11,https://www.jra.go.jp/datafile/seiseki/report/2015/2015-2hakodate1.pdf,official_daily_result_pdf
201502020107,2015,函館,2,1,7,2015-07-11,https://www.jra.go.jp/datafile/seiseki/report/2015/2015-2hakodate1.pdf,official_daily_result_pdf
201502020108,2015,函館,2,1,8,2015-07-11,https://www.jra.go.jp/datafile/seiseki/report/2015/2015-2hakodate1.pdf,official_daily_result_pdf
201502020109,2015,函館,2,1,9,2015-07-11,https://www.jra.go.jp/datafile/seiseki/report/2015/2015-2hakodate1.pdf,official_daily_result_pdf
201502020110,2015,函館,2,1,10,2015-07-11,https://www.jra.go.jp/datafile/seiseki/report/2015/2015-2hakodate1.pdf,official_daily_result_pdf
201502020111,2015,函館,2,1,11,2015-07-11,https://www.jra.go.jp/datafile/seiseki/report/2015/2015-2hakodate1.pdf,official_daily_result_pdf
201502020112,2015,函館,2,1,12,2015-07-11,https://www.jra.go.jp/datafile/seiseki/report/2015/2015-2hakodate1.pdf,official_daily_result_pdf
201502020201,2015,函館,2,2,1,2015-07-12,https://www.jra.go.jp/datafile/seiseki/report/2015/2015-2hakodate2.pdf,official_daily_result_pdf
201502020202,2015,函館,2,2,2,2015-07-12,https://www.jra.go.jp/datafile/seiseki/report/2015/2015-2hakodate2.pdf,official_daily_result_pdf
201502020203,2015,函館,2,2,3,2015-07-12,https://www.jra.go.jp/datafile/seiseki/report/2015/2015-2hakodate2.pdf,official_daily_result_pdf
201502020204,2015,函館,2,2,4,2015-07-12,https://www.jra.go.jp/datafile/seiseki/report/2015/2015-2hakodate2.pdf,official_daily_result_pdf
201502020205,2015,函館,2,2,5,2015-07-12,https://www.jra.go.jp/datafile/seiseki/report/2015/2015-2hakodate2.pdf,official_daily_result_pdf
201502020206,2015,函館,2,2,6,2015-07-12,https://www.jra.go.jp/datafile/seiseki/report/2015/2015-2hakodate2.pdf,official_daily_result_pdf
201502020207,2015,函館,2,2,7,2015-07-12,https://www.jra.go.jp/datafile/seiseki/report/2015/2015-2hakodate2.pdf,official_daily_result_pdf
201502020208,2015,函館,2,2,8,2015-07-12,https://www.jra.go.jp/datafile/seiseki/report/2015/2015-2hakodate2.pdf,official_daily_result_pdf
201502020209,2015,函館,2,2,9,2015-07-12,https://www.jra.go.jp/datafile/seiseki/report/2015/2015-2hakodate2.pdf,official_daily_result_pdf
201502020210,2015,函館,2,2,10,2015-07-12,https://www.jra.go.jp/datafile/seiseki/report/2015/2015-2hakodate2.pdf,official_daily_result_pdf
201502020211,2015,函館,2,2,11,2015-07-12,https://www.jra.go.jp/datafile/seiseki/report/2015/2015-2hakodate2.pdf,official_daily_result_pdf
201502020212,2015,函館,2,2,12,2015-07-12,https://www.jra.go.jp/datafile/seiseki/report/2015/2015-2hakodate2.pdf,official_daily_result_pdf
201502020301,2015,函館,2,3,1,2015-07-18,https://www.jra.go.jp/datafile/seiseki/report/2015/2015-2hakodate3.pdf,official_daily_result_pdf
201502020302,2015,函館,2,3,2,2015-07-18,https://www.jra.go.jp/datafile/seiseki/report/2015/2015-2hakodate3.pdf,official_daily_result_pdf
201502020303,2015,函館,2,3,3,2015-07-18,https://www.jra.go.jp/datafile/seiseki/report/2015/2015-2hakodate3.pdf,official_daily_result_pdf
201502020304,2015,函館,2,3,4,2015-07-18,https://www.jra.go.jp/datafile/seiseki/report/2015/2015-2hakodate3.pdf,official_daily_result_pdf
201502020305,2015,函館,2,3,5,2015-07-18,https://www.jra.go.jp/datafile/seiseki/report/2015/2015-2hakodate3.pdf,official_daily_result_pdf
201502020306,2015,函館,2,3,6,2015-07-18,https://www.jra.go.jp/datafile/seiseki/report/2015/2015-2hakodate3.pdf,official_daily_result_pdf
201502020307,2015,函館,2,3,7,2015-07-18,https://www.jra.go.jp/datafile/seiseki/report/2015/2015-2hakodate3.pdf,official_daily_result_pdf
201502020308,2015,函館,2,3,8,2015-07-18,https://www.jra.go.jp/datafile/seiseki/report/2015/2015-2hakodate3.pdf,official_daily_result_pdf
201502020309,2015,函館,2,3,9,2015-07-18,https://www.jra.go.jp/datafile/seiseki/report/2015/2015-2hakodate3.pdf,official_daily_result_pdf
201502020310,2015,函館,2,3,10,2015-07-18,https://www.jra.go.jp/datafile/seiseki/report/2015/2015-2hakodate3.pdf,official_daily_result_pdf
201502020311,2015,函館,2,3,11,2015-07-18,https://www.jra.go.jp/datafile/seiseki/report/2015/2015-2hakodate3.pdf,official_daily_result_pdf
201502020312,2015,函館,2,3,12,2015-07-18,https://www.jra.go.jp/datafile/seiseki/report/2015/2015-2hakodate3.pdf,official_daily_result_pdf
201502020401,2015,函館,2,4,1,2015-07-19,https://www.jra.go.jp/datafile/seiseki/report/2015/2015-2hakodate4.pdf,official_daily_result_pdf
201502020402,2015,函館,2,4,2,2015-07-19,https://www.jra.go.jp/datafile/seiseki/report/2015/2015-2hakodate4.pdf,official_daily_result_pdf
201502020403,2015,函館,2,4,3,2015-07-19,https://www.jra.go.jp/datafile/seiseki/report/2015/2015-2hakodate4.pdf,official_daily_result_pdf
201502020404,2015,函館,2,4,4,2015-07-19,https://www.jra.go.jp/datafile/seiseki/report/2015/2015-2hakodate4.pdf,official_daily_result_pdf
201502020405,2015,函館,2,4,5,2015-07-19,https://www.jra.go.jp/datafile/seiseki/report/2015/2015-2hakodate4.pdf,official_daily_result_pdf
201502020406,2015,函館,2,4,6,2015-07-19,https://www.jra.go.jp/datafile/seiseki/report/2015/2015-2hakodate4.pdf,official_daily_result_pdf
201502020407,2015,函館,2,4,7,2015-07-19,https://www.jra.go.jp/datafile/seiseki/report/2015/2015-2hakodate4.pdf,official_daily_result_pdf
201502020408,2015,函館,2,4,8,2015-07-19,https://www.jra.go.jp/datafile/seiseki/report/2015/2015-2hakodate4.pdf,official_daily_result_pdf
201502020409,2015,函館,2,4,9,2015-07-19,https://www.jra.go.jp/datafile/seiseki/report/2015/2015-2hakodate4.pdf,official_daily_result_pdf
201502020410,2015,函館,2,4,10,2015-07-19,https://www.jra.go.jp/datafile/seiseki/report/2015/2015-2hakodate4.pdf,official_daily_result_pdf
201502020411,2015,函館,2,4,11,2015-07-19,https://www.jra.go.jp/datafile/seiseki/report/2015/2015-2hakodate4.pdf,official_daily_result_pdf
201502020412,2015,函館,2,4,12,2015-07-19,https://www.jra.go.jp/datafile/seiseki/report/2015/2015-2hakodate4.pdf,official_daily_result_pdf
201502020501,2015,函館,2,5,1,2015-07-25,https://www.jra.go.jp/datafile/seiseki/report/2015/2015-2hakodate5.pdf,official_daily_result_pdf
201502020502,2015,函館,2,5,2,2015-07-25,https://www.jra.go.jp/datafile/seiseki/report/2015/2015-2hakodate5.pdf,official_daily_result_pdf
201502020503,2015,函館,2,5,3,2015-07-25,https://www.jra.go.jp/datafile/seiseki/report/2015/2015-2hakodate5.pdf,official_daily_result_pdf
201502020504,2015,函館,2,5,4,2015-07-25,https://www.jra.go.jp/datafile/seiseki/report/2015/2015-2hakodate5.pdf,official_daily_result_pdf
201502020505,2015,函館,2,5,5,2015-07-25,https://www.jra.go.jp/datafile/seiseki/report/2015/2015-2hakodate5.pdf,official_daily_result_pdf
201502020506,2015,函館,2,5,6,2015-07-25,https://www.jra.go.jp/datafile/seiseki/report/2015/2015-2hakodate5.pdf,official_daily_result_pdf
201502020507,2015,函館,2,5,7,2015-07-25,https://www.jra.go.jp/datafile/seiseki/report/2015/2015-2hakodate5.pdf,official_daily_result_pdf
201502020508,2015,函館,2,5,8,2015-07-25,https://www.jra.go.jp/datafile/seiseki/report/2015/2015-2hakodate5.pdf,official_daily_result_pdf
201502020509,2015,函館,2,5,9,2015-07-25,https://www.jra.go.jp/datafile/seiseki/report/2015/2015-2hakodate5.pdf,official_daily_result_pdf
201502020510,2015,函館,2,5,10,2015-07-25,https://www.jra.go.jp/datafile/seiseki/report/2015/2015-2hakodate5.pdf,official_daily_result_pdf
201502020511,2015,函館,2,5,11,2015-07-25,https://www.jra.go.jp/datafile/seiseki/report/2015/2015-2hakodate5.pdf,official_daily_result_pdf
201502020512,2015,函館,2,5,12,2015-07-25,https://www.jra.go.jp/datafile/seiseki/report/2015/2015-2hakodate5.pdf,official_daily_result_pdf
201502020601,2015,函館,2,6,1,2015-07-26,https://www.jra.go.jp/datafile/seiseki/report/2015/2015-2hakodate6.pdf,official_daily_result_pdf
201502020602,2015,函館,2,6,2,2015-07-26,https://www.jra.go.jp/datafile/seiseki/report/2015/2015-2hakodate6.pdf,official_daily_result_pdf
201502020603,2015,函館,2,6,3,2015-07-26,https://www.jra.go.jp/datafile/seiseki/report/2015/2015-2hakodate6.pdf,official_daily_result_pdf
201502020604,2015,函館,2,6,4,2015-07-26,https://www.jra.go.jp/datafile/seiseki/report/2015/2015-2hakodate6.pdf,official_daily_result_pdf
201502020605,2015,函館,2,6,5,2015-07-26,https://www.jra.go.jp/datafile/seiseki/report/2015/2015-2hakodate6.pdf,official_daily_result_pdf
201502020606,2015,函館,2,6,6,2015-07-26,https://www.jra.go.jp/datafile/seiseki/report/2015/2015-2hakodate6.pdf,official_daily_result_pdf
201502020607,2015,函館,2,6,7,2015-07-26,https://www.jra.go.jp/datafile/seiseki/report/2015/2015-2hakodate6.pdf,official_daily_result_pdf
201502020608,2015,函館,2,6,8,2015-07-26,https://www.jra.go.jp/datafile/seiseki/report/2015/2015-2hakodate6.pdf,official_daily_result_pdf
201502020609,2015,函館,2,6,9,2015-07-26,https://www.jra.go.jp/datafile/seiseki/report/2015/2015-2hakodate6.pdf,official_daily_result_pdf
201502020610,2015,函館,2,6,10,2015-07-26,https://www.jra.go.jp/datafile/seiseki/report/2015/2015-2hakodate6.pdf,official_daily_result_pdf
201502020611,2015,函館,2,6,11,2015-07-26,https://www.jra.go.jp/datafile/seiseki/report/2015/2015-2hakodate6.pdf,official_daily_result_pdf
201502020612,2015,函館,2,6,12,2015-07-26,https://www.jra.go.jp/datafile/seiseki/report/2015/2015-2hakodate6.pdf,official_daily_result_pdf
201503010101,2015,福島,1,1,1,2015-04-11,https://www.jra.go.jp/datafile/seiseki/report/2015/2015-1fukushima1.pdf,official_daily_result_pdf
201503010102,2015,福島,1,1,2,2015-04-11,https://www.jra.go.jp/datafile/seiseki/report/2015/2015-1fukushima1.pdf,official_daily_result_pdf
201503010103,2015,福島,1,1,3,2015-04-11,https://www.jra.go.jp/datafile/seiseki/report/2015/2015-1fukushima1.pdf,official_daily_result_pdf
201503010104,2015,福島,1,1,4,2015-04-11,https://www.jra.go.jp/datafile/seiseki/report/2015/2015-1fukushima1.pdf,official_daily_result_pdf
201503010105,2015,福島,1,1,5,2015-04-11,https://www.jra.go.jp/datafile/seiseki/report/2015/2015-1fukushima1.pdf,official_daily_result_pdf
201503010106,2015,福島,1,1,6,2015-04-11,https://www.jra.go.jp/datafile/seiseki/report/2015/2015-1fukushima1.pdf,official_daily_result_pdf
201503010107,2015,福島,1,1,7,2015-04-11,https://www.jra.go.jp/datafile/seiseki/report/2015/2015-1fukushima1.pdf,official_daily_result_pdf
201503010108,2015,福島,1,1,8,2015-04-11,https://www.jra.go.jp/datafile/seiseki/report/2015/2015-1fukushima1.pdf,official_daily_result_pdf
201503010109,2015,福島,1,1,9,2015-04-11,https://www.jra.go.jp/datafile/seiseki/report/2015/2015-1fukushima1.pdf,official_daily_result_pdf
201503010110,2015,福島,1,1,10,2015-04-11,https://www.jra.go.jp/datafile/seiseki/report/2015/2015-1fukushima1.pdf,official_daily_result_pdf
201503010111,2015,福島,1,1,11,2015-04-11,https://www.jra.go.jp/datafile/seiseki/report/2015/2015-1fukushima1.pdf,official_daily_result_pdf
201503010112,2015,福島,1,1,12,2015-04-11,https://www.jra.go.jp/datafile/seiseki/report/2015/2015-1fukushima1.pdf,official_daily_result_pdf
201503010201,2015,福島,1,2,1,2015-04-12,https://www.jra.go.jp/datafile/seiseki/report/2015/2015-1fukushima2.pdf,official_daily_result_pdf
201503010202,2015,福島,1,2,2,2015-04-12,https://www.jra.go.jp/datafile/seiseki/report/2015/2015-1fukushima2.pdf,official_daily_result_pdf
201503010203,2015,福島,1,2,3,2015-04-12,https://www.jra.go.jp/datafile/seiseki/report/2015/2015-1fukushima2.pdf,official_daily_result_pdf
201503010204,2015,福島,1,2,4,2015-04-12,https://www.jra.go.jp/datafile/seiseki/report/2015/2015-1fukushima2.pdf,official_daily_result_pdf
201503010205,2015,福島,1,2,5,2015-04-12,https://www.jra.go.jp/datafile/seiseki/report/2015/2015-1fukushima2.pdf,official_daily_result_pdf
201503010206,2015,福島,1,2,6,2015-04-12,https://www.jra.go.jp/datafile/seiseki/report/2015/2015-1fukushima2.pdf,official_daily_result_pdf
201503010207,2015,福島,1,2,7,2015-04-12,https://www.jra.go.jp/datafile/seiseki/report/2015/2015-1fukushima2.pdf,official_daily_result_pdf
201503010208,2015,福島,1,2,8,2015-04-12,https://www.jra.go.jp/datafile/seiseki/report/2015/2015-1fukushima2.pdf,official_daily_result_pdf
201503010209,2015,福島,1,2,9,2015-04-12,https://www.jra.go.jp/datafile/seiseki/report/2015/2015-1fukushima2.pdf,official_daily_result_pdf
201503010210,2015,福島,1,2,10,2015-04-12,https://www.jra.go.jp/datafile/seiseki/report/2015/2015-1fukushima2.pdf,official_daily_result_pdf
201503010211,2015,福島,1,2,11,2015-04-12,https://www.jra.go.jp/datafile/seiseki/report/2015/2015-1fukushima2.pdf,official_daily_result_pdf
201503010212,2015,福島,1,2,12,2015-04-12,https://www.jra.go.jp/datafile/seiseki/report/2015/2015-1fukushima2.pdf,official_daily_result_pdf
201503010301,2015,福島,1,3,1,2015-04-18,https://www.jra.go.jp/datafile/seiseki/report/2015/2015-1fukushima3.pdf,official_daily_result_pdf
201503010302,2015,福島,1,3,2,2015-04-18,https://www.jra.go.jp/datafile/seiseki/report/2015/2015-1fukushima3.pdf,official_daily_result_pdf
201503010303,2015,福島,1,3,3,2015-04-18,https://www.jra.go.jp/datafile/seiseki/report/2015/2015-1fukushima3.pdf,official_daily_result_pdf
201503010304,2015,福島,1,3,4,2015-04-18,https://www.jra.go.jp/datafile/seiseki/report/2015/2015-1fukushima3.pdf,official_daily_result_pdf
201503010305,2015,福島,1,3,5,2015-04-18,https://www.jra.go.jp/datafile/seiseki/report/2015/2015-1fukushima3.pdf,official_daily_result_pdf
201503010306,2015,福島,1,3,6,2015-04-18,https://www.jra.go.jp/datafile/seiseki/report/2015/2015-1fukushima3.pdf,official_daily_result_pdf
201503010307,2015,福島,1,3,7,2015-04-18,https://www.jra.go.jp/datafile/seiseki/report/2015/2015-1fukushima3.pdf,official_daily_result_pdf
201503010308,2015,福島,1,3,8,2015-04-18,https://www.jra.go.jp/datafile/seiseki/report/2015/2015-1fukushima3.pdf,official_daily_result_pdf
201503010309,2015,福島,1,3,9,2015-04-18,https://www.jra.go.jp/datafile/seiseki/report/2015/2015-1fukushima3.pdf,official_daily_result_pdf
201503010310,2015,福島,1,3,10,2015-04-18,https://www.jra.go.jp/datafile/seiseki/report/2015/2015-1fukushima3.pdf,official_daily_result_pdf
201503010311,2015,福島,1,3,11,2015-04-18,https://www.jra.go.jp/datafile/seiseki/report/2015/2015-1fukushima3.pdf,official_daily_result_pdf
201503010312,2015,福島,1,3,12,2015-04-18,https://www.jra.go.jp/datafile/seiseki/report/2015/2015-1fukushima3.pdf,official_daily_result_pdf
201503010401,2015,福島,1,4,1,2015-04-19,https://www.jra.go.jp/datafile/seiseki/report/2015/2015-1fukushima4.pdf,official_daily_result_pdf
201503010402,2015,福島,1,4,2,2015-04-19,https://www.jra.go.jp/datafile/seiseki/report/2015/2015-1fukushima4.pdf,official_daily_result_pdf
201503010403,2015,福島,1,4,3,2015-04-19,https://www.jra.go.jp/datafile/seiseki/report/2015/2015-1fukushima4.pdf,official_daily_result_pdf
201503010404,2015,福島,1,4,4,2015-04-19,https://www.jra.go.jp/datafile/seiseki/report/2015/2015-1fukushima4.pdf,official_daily_result_pdf
201503010405,2015,福島,1,4,5,2015-04-19,https://www.jra.go.jp/datafile/seiseki/report/2015/2015-1fukushima4.pdf,official_daily_result_pdf
201503010406,2015,福島,1,4,6,2015-04-19,https://www.jra.go.jp/datafile/seiseki/report/2015/2015-1fukushima4.pdf,official_daily_result_pdf
201503010407,2015,福島,1,4,7,2015-04-19,https://www.jra.go.jp/datafile/seiseki/report/2015/2015-1fukushima4.pdf,official_daily_result_pdf
201503010408,2015,福島,1,4,8,2015-04-19,https://www.jra.go.jp/datafile/seiseki/report/2015/2015-1fukushima4.pdf,official_daily_result_pdf
201503010409,2015,福島,1,4,9,2015-04-19,https://www.jra.go.jp/datafile/seiseki/report/2015/2015-1fukushima4.pdf,official_daily_result_pdf
201503010410,2015,福島,1,4,10,2015-04-19,https://www.jra.go.jp/datafile/seiseki/report/2015/2015-1fukushima4.pdf,official_daily_result_pdf
201503010411,2015,福島,1,4,11,2015-04-19,https://www.jra.go.jp/datafile/seiseki/report/2015/2015-1fukushima4.pdf,official_daily_result_pdf
201503010412,2015,福島,1,4,12,2015-04-19,https://www.jra.go.jp/datafile/seiseki/report/2015/2015-1fukushima4.pdf,official_daily_result_pdf
201503010501,2015,福島,1,5,1,2015-04-25,https://www.jra.go.jp/datafile/seiseki/report/2015/2015-1fukushima5.pdf,official_daily_result_pdf
201503010502,2015,福島,1,5,2,2015-04-25,https://www.jra.go.jp/datafile/seiseki/report/2015/2015-1fukushima5.pdf,official_daily_result_pdf
201503010503,2015,福島,1,5,3,2015-04-25,https://www.jra.go.jp/datafile/seiseki/report/2015/2015-1fukushima5.pdf,official_daily_result_pdf
201503010504,2015,福島,1,5,4,2015-04-25,https://www.jra.go.jp/datafile/seiseki/report/2015/2015-1fukushima5.pdf,official_daily_result_pdf
201503010505,2015,福島,1,5,5,2015-04-25,https://www.jra.go.jp/datafile/seiseki/report/2015/2015-1fukushima5.pdf,official_daily_result_pdf
201503010506,2015,福島,1,5,6,2015-04-25,https://www.jra.go.jp/datafile/seiseki/report/2015/2015-1fukushima5.pdf,official_daily_result_pdf
201503010507,2015,福島,1,5,7,2015-04-25,https://www.jra.go.jp/datafile/seiseki/report/2015/2015-1fukushima5.pdf,official_daily_result_pdf
201503010508,2015,福島,1,5,8,2015-04-25,https://www.jra.go.jp/datafile/seiseki/report/2015/2015-1fukushima5.pdf,official_daily_result_pdf
201503010509,2015,福島,1,5,9,2015-04-25,https://www.jra.go.jp/datafile/seiseki/report/2015/2015-1fukushima5.pdf,official_daily_result_pdf
201503010510,2015,福島,1,5,10,2015-04-25,https://www.jra.go.jp/datafile/seiseki/report/2015/2015-1fukushima5.pdf,official_daily_result_pdf
201503010511,2015,福島,1,5,11,2015-04-25,https://www.jra.go.jp/datafile/seiseki/report/2015/2015-1fukushima5.pdf,official_daily_result_pdf
201503010512,2015,福島,1,5,12,2015-04-25,https://www.jra.go.jp/datafile/seiseki/report/2015/2015-1fukushima5.pdf,official_daily_result_pdf
201503010601,2015,福島,1,6,1,2015-04-26,https://www.jra.go.jp/datafile/seiseki/report/2015/2015-1fukushima6.pdf,official_daily_result_pdf
201503010602,2015,福島,1,6,2,2015-04-26,https://www.jra.go.jp/datafile/seiseki/report/2015/2015-1fukushima6.pdf,official_daily_result_pdf
201503010603,2015,福島,1,6,3,2015-04-26,https://www.jra.go.jp/datafile/seiseki/report/2015/2015-1fukushima6.pdf,official_daily_result_pdf
201503010604,2015,福島,1,6,4,2015-04-26,https://www.jra.go.jp/datafile/seiseki/report/2015/2015-1fukushima6.pdf,official_daily_result_pdf
201503010605,2015,福島,1,6,5,2015-04-26,https://www.jra.go.jp/datafile/seiseki/report/2015/2015-1fukushima6.pdf,official_daily_result_pdf
201503010606,2015,福島,1,6,6,2015-04-26,https://www.jra.go.jp/datafile/seiseki/report/2015/2015-1fukushima6.pdf,official_daily_result_pdf
201503010607,2015,福島,1,6,7,2015-04-26,https://www.jra.go.jp/datafile/seiseki/report/2015/2015-1fukushima6.pdf,official_daily_result_pdf
201503010608,2015,福島,1,6,8,2015-04-26,https://www.jra.go.jp/datafile/seiseki/report/2015/2015-1fukushima6.pdf,official_daily_result_pdf
201503010609,2015,福島,1,6,9,2015-04-26,https://www.jra.go.jp/datafile/seiseki/report/2015/2015-1fukushima6.pdf,official_daily_result_pdf
201503010610,2015,福島,1,6,10,2015-04-26,https://www.jra.go.jp/datafile/seiseki/report/2015/2015-1fukushima6.pdf,official_daily_result_pdf
201503010611,2015,福島,1,6,11,2015-04-26,https://www.jra.go.jp/datafile/seiseki/report/2015/2015-1fukushima6.pdf,official_daily_result_pdf
201503010612,2015,福島,1,6,12,2015-04-26,https://www.jra.go.jp/datafile/seiseki/report/2015/2015-1fukushima6.pdf,official_daily_result_pdf
201503020101,2015,福島,2,1,1,2015-07-04,https://www.jra.go.jp/datafile/seiseki/report/2015/2015-2fukushima1.pdf,official_daily_result_pdf
201503020102,2015,福島,2,1,2,2015-07-04,https://www.jra.go.jp/datafile/seiseki/report/2015/2015-2fukushima1.pdf,official_daily_result_pdf
201503020103,2015,福島,2,1,3,2015-07-04,https://www.jra.go.jp/datafile/seiseki/report/2015/2015-2fukushima1.pdf,official_daily_result_pdf
201503020104,2015,福島,2,1,4,2015-07-04,https://www.jra.go.jp/datafile/seiseki/report/2015/2015-2fukushima1.pdf,official_daily_result_pdf
201503020105,2015,福島,2,1,5,2015-07-04,https://www.jra.go.jp/datafile/seiseki/report/2015/2015-2fukushima1.pdf,official_daily_result_pdf
201503020106,2015,福島,2,1,6,2015-07-04,https://www.jra.go.jp/datafile/seiseki/report/2015/2015-2fukushima1.pdf,official_daily_result_pdf
201503020107,2015,福島,2,1,7,2015-07-04,https://www.jra.go.jp/datafile/seiseki/report/2015/2015-2fukushima1.pdf,official_daily_result_pdf
201503020108,2015,福島,2,1,8,2015-07-04,https://www.jra.go.jp/datafile/seiseki/report/2015/2015-2fukushima1.pdf,official_daily_result_pdf
201503020109,2015,福島,2,1,9,2015-07-04,https://www.jra.go.jp/datafile/seiseki/report/2015/2015-2fukushima1.pdf,official_daily_result_pdf
201503020110,2015,福島,2,1,10,2015-07-04,https://www.jra.go.jp/datafile/seiseki/report/2015/2015-2fukushima1.pdf,official_daily_result_pdf
201503020111,2015,福島,2,1,11,2015-07-04,https://www.jra.go.jp/datafile/seiseki/report/2015/2015-2fukushima1.pdf,official_daily_result_pdf
201503020112,2015,福島,2,1,12,2015-07-04,https://www.jra.go.jp/datafile/seiseki/report/2015/2015-2fukushima1.pdf,official_daily_result_pdf
201503020201,2015,福島,2,2,1,2015-07-05,https://www.jra.go.jp/datafile/seiseki/report/2015/2015-2fukushima2.pdf,official_daily_result_pdf
201503020202,2015,福島,2,2,2,2015-07-05,https://www.jra.go.jp/datafile/seiseki/report/2015/2015-2fukushima2.pdf,official_daily_result_pdf
201503020203,2015,福島,2,2,3,2015-07-05,https://www.jra.go.jp/datafile/seiseki/report/2015/2015-2fukushima2.pdf,official_daily_result_pdf
201503020204,2015,福島,2,2,4,2015-07-05,https://www.jra.go.jp/datafile/seiseki/report/2015/2015-2fukushima2.pdf,official_daily_result_pdf
201503020205,2015,福島,2,2,5,2015-07-05,https://www.jra.go.jp/datafile/seiseki/report/2015/2015-2fukushima2.pdf,official_daily_result_pdf
201503020206,2015,福島,2,2,6,2015-07-05,https://www.jra.go.jp/datafile/seiseki/report/2015/2015-2fukushima2.pdf,official_daily_result_pdf
201503020207,2015,福島,2,2,7,2015-07-05,https://www.jra.go.jp/datafile/seiseki/report/2015/2015-2fukushima2.pdf,official_daily_result_pdf
201503020208,2015,福島,2,2,8,2015-07-05,https://www.jra.go.jp/datafile/seiseki/report/2015/2015-2fukushima2.pdf,official_daily_result_pdf
201503020209,2015,福島,2,2,9,2015-07-05,https://www.jra.go.jp/datafile/seiseki/report/2015/2015-2fukushima2.pdf,official_daily_result_pdf
201503020210,2015,福島,2,2,10,2015-07-05,https://www.jra.go.jp/datafile/seiseki/report/2015/2015-2fukushima2.pdf,official_daily_result_pdf
201503020211,2015,福島,2,2,11,2015-07-05,https://www.jra.go.jp/datafile/seiseki/report/2015/2015-2fukushima2.pdf,official_daily_result_pdf
201503020212,2015,福島,2,2,12,2015-07-05,https://www.jra.go.jp/datafile/seiseki/report/2015/2015-2fukushima2.pdf,official_daily_result_pdf
201503020301,2015,福島,2,3,1,2015-07-11,https://www.jra.go.jp/datafile/seiseki/report/2015/2015-2fukushima3.pdf,official_daily_result_pdf
201503020302,2015,福島,2,3,2,2015-07-11,https://www.jra.go.jp/datafile/seiseki/report/2015/2015-2fukushima3.pdf,official_daily_result_pdf
201503020303,2015,福島,2,3,3,2015-07-11,https://www.jra.go.jp/datafile/seiseki/report/2015/2015-2fukushima3.pdf,official_daily_result_pdf
201503020304,2015,福島,2,3,4,2015-07-11,https://www.jra.go.jp/datafile/seiseki/report/2015/2015-2fukushima3.pdf,official_daily_result_pdf
201503020305,2015,福島,2,3,5,2015-07-11,https://www.jra.go.jp/datafile/seiseki/report/2015/2015-2fukushima3.pdf,official_daily_result_pdf
201503020306,2015,福島,2,3,6,2015-07-11,https://www.jra.go.jp/datafile/seiseki/report/2015/2015-2fukushima3.pdf,official_daily_result_pdf
201503020307,2015,福島,2,3,7,2015-07-11,https://www.jra.go.jp/datafile/seiseki/report/2015/2015-2fukushima3.pdf,official_daily_result_pdf
201503020308,2015,福島,2,3,8,2015-07-11,https://www.jra.go.jp/datafile/seiseki/report/2015/2015-2fukushima3.pdf,official_daily_result_pdf
201503020309,2015,福島,2,3,9,2015-07-11,https://www.jra.go.jp/datafile/seiseki/report/2015/2015-2fukushima3.pdf,official_daily_result_pdf
201503020310,2015,福島,2,3,10,2015-07-11,https://www.jra.go.jp/datafile/seiseki/report/2015/2015-2fukushima3.pdf,official_daily_result_pdf
201503020311,2015,福島,2,3,11,2015-07-11,https://www.jra.go.jp/datafile/seiseki/report/2015/2015-2fukushima3.pdf,official_daily_result_pdf
201503020312,2015,福島,2,3,12,2015-07-11,https://www.jra.go.jp/datafile/seiseki/report/2015/2015-2fukushima3.pdf,official_daily_result_pdf
201503020401,2015,福島,2,4,1,2015-07-12,https://www.jra.go.jp/datafile/seiseki/report/2015/2015-2fukushima4.pdf,official_daily_result_pdf
201503020402,2015,福島,2,4,2,2015-07-12,https://www.jra.go.jp/datafile/seiseki/report/2015/2015-2fukushima4.pdf,official_daily_result_pdf
201503020403,2015,福島,2,4,3,2015-07-12,https://www.jra.go.jp/datafile/seiseki/report/2015/2015-2fukushima4.pdf,official_daily_result_pdf
201503020404,2015,福島,2,4,4,2015-07-12,https://www.jra.go.jp/datafile/seiseki/report/2015/2015-2fukushima4.pdf,official_daily_result_pdf
201503020405,2015,福島,2,4,5,2015-07-12,https://www.jra.go.jp/datafile/seiseki/report/2015/2015-2fukushima4.pdf,official_daily_result_pdf
201503020406,2015,福島,2,4,6,2015-07-12,https://www.jra.go.jp/datafile/seiseki/report/2015/2015-2fukushima4.pdf,official_daily_result_pdf
201503020407,2015,福島,2,4,7,2015-07-12,https://www.jra.go.jp/datafile/seiseki/report/2015/2015-2fukushima4.pdf,official_daily_result_pdf
201503020408,2015,福島,2,4,8,2015-07-12,https://www.jra.go.jp/datafile/seiseki/report/2015/2015-2fukushima4.pdf,official_daily_result_pdf
201503020409,2015,福島,2,4,9,2015-07-12,https://www.jra.go.jp/datafile/seiseki/report/2015/2015-2fukushima4.pdf,official_daily_result_pdf
201503020410,2015,福島,2,4,10,2015-07-12,https://www.jra.go.jp/datafile/seiseki/report/2015/2015-2fukushima4.pdf,official_daily_result_pdf
201503020411,2015,福島,2,4,11,2015-07-12,https://www.jra.go.jp/datafile/seiseki/report/2015/2015-2fukushima4.pdf,official_daily_result_pdf
201503020412,2015,福島,2,4,12,2015-07-12,https://www.jra.go.jp/datafile/seiseki/report/2015/2015-2fukushima4.pdf,official_daily_result_pdf
201503020501,2015,福島,2,5,1,2015-07-18,https://www.jra.go.jp/datafile/seiseki/report/2015/2015-2fukushima5.pdf,official_daily_result_pdf
201503020502,2015,福島,2,5,2,2015-07-18,https://www.jra.go.jp/datafile/seiseki/report/2015/2015-2fukushima5.pdf,official_daily_result_pdf
201503020503,2015,福島,2,5,3,2015-07-18,https://www.jra.go.jp/datafile/seiseki/report/2015/2015-2fukushima5.pdf,official_daily_result_pdf
201503020504,2015,福島,2,5,4,2015-07-18,https://www.jra.go.jp/datafile/seiseki/report/2015/2015-2fukushima5.pdf,official_daily_result_pdf
201503020505,2015,福島,2,5,5,2015-07-18,https://www.jra.go.jp/datafile/seiseki/report/2015/2015-2fukushima5.pdf,official_daily_result_pdf
201503020506,2015,福島,2,5,6,2015-07-18,https://www.jra.go.jp/datafile/seiseki/report/2015/2015-2fukushima5.pdf,official_daily_result_pdf
201503020507,2015,福島,2,5,7,2015-07-18,https://www.jra.go.jp/datafile/seiseki/report/2015/2015-2fukushima5.pdf,official_daily_result_pdf
201503020508,2015,福島,2,5,8,2015-07-18,https://www.jra.go.jp/datafile/seiseki/report/2015/2015-2fukushima5.pdf,official_daily_result_pdf
201503020509,2015,福島,2,5,9,2015-07-18,https://www.jra.go.jp/datafile/seiseki/report/2015/2015-2fukushima5.pdf,official_daily_result_pdf
201503020510,2015,福島,2,5,10,2015-07-18,https://www.jra.go.jp/datafile/seiseki/report/2015/2015-2fukushima5.pdf,official_daily_result_pdf
201503020511,2015,福島,2,5,11,2015-07-18,https://www.jra.go.jp/datafile/seiseki/report/2015/2015-2fukushima5.pdf,official_daily_result_pdf
201503020512,2015,福島,2,5,12,2015-07-18,https://www.jra.go.jp/datafile/seiseki/report/2015/2015-2fukushima5.pdf,official_daily_result_pdf
201503020601,2015,福島,2,6,1,2015-07-19,https://www.jra.go.jp/datafile/seiseki/report/2015/2015-2fukushima6.pdf,official_daily_result_pdf
201503020602,2015,福島,2,6,2,2015-07-19,https://www.jra.go.jp/datafile/seiseki/report/2015/2015-2fukushima6.pdf,official_daily_result_pdf
201503020603,2015,福島,2,6,3,2015-07-19,https://www.jra.go.jp/datafile/seiseki/report/2015/2015-2fukushima6.pdf,official_daily_result_pdf
201503020604,2015,福島,2,6,4,2015-07-19,https://www.jra.go.jp/datafile/seiseki/report/2015/2015-2fukushima6.pdf,official_daily_result_pdf
201503020605,2015,福島,2,6,5,2015-07-19,https://www.jra.go.jp/datafile/seiseki/report/2015/2015-2fukushima6.pdf,official_daily_result_pdf
201503020606,2015,福島,2,6,6,2015-07-19,https://www.jra.go.jp/datafile/seiseki/report/2015/2015-2fukushima6.pdf,official_daily_result_pdf
201503020607,2015,福島,2,6,7,2015-07-19,https://www.jra.go.jp/datafile/seiseki/report/2015/2015-2fukushima6.pdf,official_daily_result_pdf
201503020608,2015,福島,2,6,8,2015-07-19,https://www.jra.go.jp/datafile/seiseki/report/2015/2015-2fukushima6.pdf,official_daily_result_pdf
201503020609,2015,福島,2,6,9,2015-07-19,https://www.jra.go.jp/datafile/seiseki/report/2015/2015-2fukushima6.pdf,official_daily_result_pdf
201503020610,2015,福島,2,6,10,2015-07-19,https://www.jra.go.jp/datafile/seiseki/report/2015/2015-2fukushima6.pdf,official_daily_result_pdf
201503020611,2015,福島,2,6,11,2015-07-19,https://www.jra.go.jp/datafile/seiseki/report/2015/2015-2fukushima6.pdf,official_daily_result_pdf
201503020612,2015,福島,2,6,12,2015-07-19,https://www.jra.go.jp/datafile/seiseki/report/2015/2015-2fukushima6.pdf,official_daily_result_pdf
201503020701,2015,福島,2,7,1,2015-07-25,https://www.jra.go.jp/datafile/seiseki/report/2015/2015-2fukushima7.pdf,official_daily_result_pdf
201503020702,2015,福島,2,7,2,2015-07-25,https://www.jra.go.jp/datafile/seiseki/report/2015/2015-2fukushima7.pdf,official_daily_result_pdf
201503020703,2015,福島,2,7,3,2015-07-25,https://www.jra.go.jp/datafile/seiseki/report/2015/2015-2fukushima7.pdf,official_daily_result_pdf
201503020704,2015,福島,2,7,4,2015-07-25,https://www.jra.go.jp/datafile/seiseki/report/2015/2015-2fukushima7.pdf,official_daily_result_pdf
201503020705,2015,福島,2,7,5,2015-07-25,https://www.jra.go.jp/datafile/seiseki/report/2015/2015-2fukushima7.pdf,official_daily_result_pdf
201503020706,2015,福島,2,7,6,2015-07-25,https://www.jra.go.jp/datafile/seiseki/report/2015/2015-2fukushima7.pdf,official_daily_result_pdf
201503020707,2015,福島,2,7,7,2015-07-25,https://www.jra.go.jp/datafile/seiseki/report/2015/2015-2fukushima7.pdf,official_daily_result_pdf
201503020708,2015,福島,2,7,8,2015-07-25,https://www.jra.go.jp/datafile/seiseki/report/2015/2015-2fukushima7.pdf,official_daily_result_pdf
201503020709,2015,福島,2,7,9,2015-07-25,https://www.jra.go.jp/datafile/seiseki/report/2015/2015-2fukushima7.pdf,official_daily_result_pdf
201503020710,2015,福島,2,7,10,2015-07-25,https://www.jra.go.jp/datafile/seiseki/report/2015/2015-2fukushima7.pdf,official_daily_result_pdf
201503020711,2015,福島,2,7,11,2015-07-25,https://www.jra.go.jp/datafile/seiseki/report/2015/2015-2fukushima7.pdf,official_daily_result_pdf
201503020712,2015,福島,2,7,12,2015-07-25,https://www.jra.go.jp/datafile/seiseki/report/2015/2015-2fukushima7.pdf,official_daily_result_pdf
201503020801,2015,福島,2,8,1,2015-07-26,https://www.jra.go.jp/datafile/seiseki/report/2015/2015-2fukushima8.pdf,official_daily_result_pdf
201503020802,2015,福島,2,8,2,2015-07-26,https://www.jra.go.jp/datafile/seiseki/report/2015/2015-2fukushima8.pdf,official_daily_result_pdf
201503020803,2015,福島,2,8,3,2015-07-26,https://www.jra.go.jp/datafile/seiseki/report/2015/2015-2fukushima8.pdf,official_daily_result_pdf
201503020804,2015,福島,2,8,4,2015-07-26,https://www.jra.go.jp/datafile/seiseki/report/2015/2015-2fukushima8.pdf,official_daily_result_pdf
201503020805,2015,福島,2,8,5,2015-07-26,https://www.jra.go.jp/datafile/seiseki/report/2015/2015-2fukushima8.pdf,official_daily_result_pdf
201503020806,2015,福島,2,8,6,2015-07-26,https://www.jra.go.jp/datafile/seiseki/report/2015/2015-2fukushima8.pdf,official_daily_result_pdf
201503020807,2015,福島,2,8,7,2015-07-26,https://www.jra.go.jp/datafile/seiseki/report/2015/2015-2fukushima8.pdf,official_daily_result_pdf
201503020808,2015,福島,2,8,8,2015-07-26,https://www.jra.go.jp/datafile/seiseki/report/2015/2015-2fukushima8.pdf,official_daily_result_pdf
201503020809,2015,福島,2,8,9,2015-07-26,https://www.jra.go.jp/datafile/seiseki/report/2015/2015-2fukushima8.pdf,official_daily_result_pdf
201503020810,2015,福島,2,8,10,2015-07-26,https://www.jra.go.jp/datafile/seiseki/report/2015/2015-2fukushima8.pdf,official_daily_result_pdf
201503020811,2015,福島,2,8,11,2015-07-26,https://www.jra.go.jp/datafile/seiseki/report/2015/2015-2fukushima8.pdf,official_daily_result_pdf
201503020812,2015,福島,2,8,12,2015-07-26,https://www.jra.go.jp/datafile/seiseki/report/2015/2015-2fukushima8.pdf,official_daily_result_pdf
201503030101,2015,福島,3,1,1,2015-10-31,https://www.jra.go.jp/datafile/seiseki/report/2015/2015-3fukushima1.pdf,official_daily_result_pdf
201503030102,2015,福島,3,1,2,2015-10-31,https://www.jra.go.jp/datafile/seiseki/report/2015/2015-3fukushima1.pdf,official_daily_result_pdf
201503030103,2015,福島,3,1,3,2015-10-31,https://www.jra.go.jp/datafile/seiseki/report/2015/2015-3fukushima1.pdf,official_daily_result_pdf
201503030104,2015,福島,3,1,4,2015-10-31,https://www.jra.go.jp/datafile/seiseki/report/2015/2015-3fukushima1.pdf,official_daily_result_pdf
201503030105,2015,福島,3,1,5,2015-10-31,https://www.jra.go.jp/datafile/seiseki/report/2015/2015-3fukushima1.pdf,official_daily_result_pdf
201503030106,2015,福島,3,1,6,2015-10-31,https://www.jra.go.jp/datafile/seiseki/report/2015/2015-3fukushima1.pdf,official_daily_result_pdf
201503030107,2015,福島,3,1,7,2015-10-31,https://www.jra.go.jp/datafile/seiseki/report/2015/2015-3fukushima1.pdf,official_daily_result_pdf
201503030108,2015,福島,3,1,8,2015-10-31,https://www.jra.go.jp/datafile/seiseki/report/2015/2015-3fukushima1.pdf,official_daily_result_pdf
201503030109,2015,福島,3,1,9,2015-10-31,https://www.jra.go.jp/datafile/seiseki/report/2015/2015-3fukushima1.pdf,official_daily_result_pdf
201503030110,2015,福島,3,1,10,2015-10-31,https://www.jra.go.jp/datafile/seiseki/report/2015/2015-3fukushima1.pdf,official_daily_result_pdf
201503030111,2015,福島,3,1,11,2015-10-31,https://www.jra.go.jp/datafile/seiseki/report/2015/2015-3fukushima1.pdf,official_daily_result_pdf
201503030112,2015,福島,3,1,12,2015-10-31,https://www.jra.go.jp/datafile/seiseki/report/2015/2015-3fukushima1.pdf,official_daily_result_pdf
201503030201,2015,福島,3,2,1,2015-11-01,https://www.jra.go.jp/datafile/seiseki/report/2015/2015-3fukushima2.pdf,official_daily_result_pdf
201503030202,2015,福島,3,2,2,2015-11-01,https://www.jra.go.jp/datafile/seiseki/report/2015/2015-3fukushima2.pdf,official_daily_result_pdf
201503030203,2015,福島,3,2,3,2015-11-01,https://www.jra.go.jp/datafile/seiseki/report/2015/2015-3fukushima2.pdf,official_daily_result_pdf
201503030204,2015,福島,3,2,4,2015-11-01,https://www.jra.go.jp/datafile/seiseki/report/2015/2015-3fukushima2.pdf,official_daily_result_pdf
201503030205,2015,福島,3,2,5,2015-11-01,https://www.jra.go.jp/datafile/seiseki/report/2015/2015-3fukushima2.pdf,official_daily_result_pdf
201503030206,2015,福島,3,2,6,2015-11-01,https://www.jra.go.jp/datafile/seiseki/report/2015/2015-3fukushima2.pdf,official_daily_result_pdf
201503030207,2015,福島,3,2,7,2015-11-01,https://www.jra.go.jp/datafile/seiseki/report/2015/2015-3fukushima2.pdf,official_daily_result_pdf
201503030208,2015,福島,3,2,8,2015-11-01,https://www.jra.go.jp/datafile/seiseki/report/2015/2015-3fukushima2.pdf,official_daily_result_pdf
201503030209,2015,福島,3,2,9,2015-11-01,https://www.jra.go.jp/datafile/seiseki/report/2015/2015-3fukushima2.pdf,official_daily_result_pdf
201503030210,2015,福島,3,2,10,2015-11-01,https://www.jra.go.jp/datafile/seiseki/report/2015/2015-3fukushima2.pdf,official_daily_result_pdf
201503030211,2015,福島,3,2,11,2015-11-01,https://www.jra.go.jp/datafile/seiseki/report/2015/2015-3fukushima2.pdf,official_daily_result_pdf
201503030212,2015,福島,3,2,12,2015-11-01,https://www.jra.go.jp/datafile/seiseki/report/2015/2015-3fukushima2.pdf,official_daily_result_pdf
201503030301,2015,福島,3,3,1,2015-11-07,https://www.jra.go.jp/datafile/seiseki/report/2015/2015-3fukushima3.pdf,official_daily_result_pdf
201503030302,2015,福島,3,3,2,2015-11-07,https://www.jra.go.jp/datafile/seiseki/report/2015/2015-3fukushima3.pdf,official_daily_result_pdf
201503030303,2015,福島,3,3,3,2015-11-07,https://www.jra.go.jp/datafile/seiseki/report/2015/2015-3fukushima3.pdf,official_daily_result_pdf
201503030304,2015,福島,3,3,4,2015-11-07,https://www.jra.go.jp/datafile/seiseki/report/2015/2015-3fukushima3.pdf,official_daily_result_pdf
201503030305,2015,福島,3,3,5,2015-11-07,https://www.jra.go.jp/datafile/seiseki/report/2015/2015-3fukushima3.pdf,official_daily_result_pdf
201503030306,2015,福島,3,3,6,2015-11-07,https://www.jra.go.jp/datafile/seiseki/report/2015/2015-3fukushima3.pdf,official_daily_result_pdf
201503030307,2015,福島,3,3,7,2015-11-07,https://www.jra.go.jp/datafile/seiseki/report/2015/2015-3fukushima3.pdf,official_daily_result_pdf
201503030308,2015,福島,3,3,8,2015-11-07,https://www.jra.go.jp/datafile/seiseki/report/2015/2015-3fukushima3.pdf,official_daily_result_pdf
201503030309,2015,福島,3,3,9,2015-11-07,https://www.jra.go.jp/datafile/seiseki/report/2015/2015-3fukushima3.pdf,official_daily_result_pdf
201503030310,2015,福島,3,3,10,2015-11-07,https://www.jra.go.jp/datafile/seiseki/report/2015/2015-3fukushima3.pdf,official_daily_result_pdf
201503030311,2015,福島,3,3,11,2015-11-07,https://www.jra.go.jp/datafile/seiseki/report/2015/2015-3fukushima3.pdf,official_daily_result_pdf
201503030312,2015,福島,3,3,12,2015-11-07,https://www.jra.go.jp/datafile/seiseki/report/2015/2015-3fukushima3.pdf,official_daily_result_pdf
201503030401,2015,福島,3,4,1,2015-11-08,https://www.jra.go.jp/datafile/seiseki/report/2015/2015-3fukushima4.pdf,official_daily_result_pdf
201503030402,2015,福島,3,4,2,2015-11-08,https://www.jra.go.jp/datafile/seiseki/report/2015/2015-3fukushima4.pdf,official_daily_result_pdf
201503030403,2015,福島,3,4,3,2015-11-08,https://www.jra.go.jp/datafile/seiseki/report/2015/2015-3fukushima4.pdf,official_daily_result_pdf
201503030404,2015,福島,3,4,4,2015-11-08,https://www.jra.go.jp/datafile/seiseki/report/2015/2015-3fukushima4.pdf,official_daily_result_pdf
201503030405,2015,福島,3,4,5,2015-11-08,https://www.jra.go.jp/datafile/seiseki/report/2015/2015-3fukushima4.pdf,official_daily_result_pdf
201503030406,2015,福島,3,4,6,2015-11-08,https://www.jra.go.jp/datafile/seiseki/report/2015/2015-3fukushima4.pdf,official_daily_result_pdf
201503030407,2015,福島,3,4,7,2015-11-08,https://www.jra.go.jp/datafile/seiseki/report/2015/2015-3fukushima4.pdf,official_daily_result_pdf
201503030408,2015,福島,3,4,8,2015-11-08,https://www.jra.go.jp/datafile/seiseki/report/2015/2015-3fukushima4.pdf,official_daily_result_pdf
201503030409,2015,福島,3,4,9,2015-11-08,https://www.jra.go.jp/datafile/seiseki/report/2015/2015-3fukushima4.pdf,official_daily_result_pdf
201503030410,2015,福島,3,4,10,2015-11-08,https://www.jra.go.jp/datafile/seiseki/report/2015/2015-3fukushima4.pdf,official_daily_result_pdf
201503030411,2015,福島,3,4,11,2015-11-08,https://www.jra.go.jp/datafile/seiseki/report/2015/2015-3fukushima4.pdf,official_daily_result_pdf
201503030412,2015,福島,3,4,12,2015-11-08,https://www.jra.go.jp/datafile/seiseki/report/2015/2015-3fukushima4.pdf,official_daily_result_pdf
201503030501,2015,福島,3,5,1,2015-11-14,https://www.jra.go.jp/datafile/seiseki/report/2015/2015-3fukushima5.pdf,official_daily_result_pdf
201503030502,2015,福島,3,5,2,2015-11-14,https://www.jra.go.jp/datafile/seiseki/report/2015/2015-3fukushima5.pdf,official_daily_result_pdf
201503030503,2015,福島,3,5,3,2015-11-14,https://www.jra.go.jp/datafile/seiseki/report/2015/2015-3fukushima5.pdf,official_daily_result_pdf
201503030504,2015,福島,3,5,4,2015-11-14,https://www.jra.go.jp/datafile/seiseki/report/2015/2015-3fukushima5.pdf,official_daily_result_pdf
201503030505,2015,福島,3,5,5,2015-11-14,https://www.jra.go.jp/datafile/seiseki/report/2015/2015-3fukushima5.pdf,official_daily_result_pdf
201503030506,2015,福島,3,5,6,2015-11-14,https://www.jra.go.jp/datafile/seiseki/report/2015/2015-3fukushima5.pdf,official_daily_result_pdf
201503030507,2015,福島,3,5,7,2015-11-14,https://www.jra.go.jp/datafile/seiseki/report/2015/2015-3fukushima5.pdf,official_daily_result_pdf
201503030508,2015,福島,3,5,8,2015-11-14,https://www.jra.go.jp/datafile/seiseki/report/2015/2015-3fukushima5.pdf,official_daily_result_pdf
201503030509,2015,福島,3,5,9,2015-11-14,https://www.jra.go.jp/datafile/seiseki/report/2015/2015-3fukushima5.pdf,official_daily_result_pdf
201503030510,2015,福島,3,5,10,2015-11-14,https://www.jra.go.jp/datafile/seiseki/report/2015/2015-3fukushima5.pdf,official_daily_result_pdf
201503030511,2015,福島,3,5,11,2015-11-14,https://www.jra.go.jp/datafile/seiseki/report/2015/2015-3fukushima5.pdf,official_daily_result_pdf
201503030512,2015,福島,3,5,12,2015-11-14,https://www.jra.go.jp/datafile/seiseki/report/2015/2015-3fukushima5.pdf,official_daily_result_pdf
201503030601,2015,福島,3,6,1,2015-11-15,https://www.jra.go.jp/datafile/seiseki/report/2015/2015-3fukushima6.pdf,official_daily_result_pdf
201503030602,2015,福島,3,6,2,2015-11-15,https://www.jra.go.jp/datafile/seiseki/report/2015/2015-3fukushima6.pdf,official_daily_result_pdf
201503030603,2015,福島,3,6,3,2015-11-15,https://www.jra.go.jp/datafile/seiseki/report/2015/2015-3fukushima6.pdf,official_daily_result_pdf
201503030604,2015,福島,3,6,4,2015-11-15,https://www.jra.go.jp/datafile/seiseki/report/2015/2015-3fukushima6.pdf,official_daily_result_pdf
201503030605,2015,福島,3,6,5,2015-11-15,https://www.jra.go.jp/datafile/seiseki/report/2015/2015-3fukushima6.pdf,official_daily_result_pdf
201503030606,2015,福島,3,6,6,2015-11-15,https://www.jra.go.jp/datafile/seiseki/report/2015/2015-3fukushima6.pdf,official_daily_result_pdf
201503030607,2015,福島,3,6,7,2015-11-15,https://www.jra.go.jp/datafile/seiseki/report/2015/2015-3fukushima6.pdf,official_daily_result_pdf
201503030608,2015,福島,3,6,8,2015-11-15,https://www.jra.go.jp/datafile/seiseki/report/2015/2015-3fukushima6.pdf,official_daily_result_pdf
201503030609,2015,福島,3,6,9,2015-11-15,https://www.jra.go.jp/datafile/seiseki/report/2015/2015-3fukushima6.pdf,official_daily_result_pdf
201503030610,2015,福島,3,6,10,2015-11-15,https://www.jra.go.jp/datafile/seiseki/report/2015/2015-3fukushima6.pdf,official_daily_result_pdf
201503030611,2015,福島,3,6,11,2015-11-15,https://www.jra.go.jp/datafile/seiseki/report/2015/2015-3fukushima6.pdf,official_daily_result_pdf
201503030612,2015,福島,3,6,12,2015-11-15,https://www.jra.go.jp/datafile/seiseki/report/2015/2015-3fukushima6.pdf,official_daily_result_pdf
201504010101,2015,新潟,1,1,1,2015-05-02,https://www.jra.go.jp/datafile/seiseki/report/2015/2015-1niigata1.pdf,official_daily_result_pdf
201504010102,2015,新潟,1,1,2,2015-05-02,https://www.jra.go.jp/datafile/seiseki/report/2015/2015-1niigata1.pdf,official_daily_result_pdf
201504010103,2015,新潟,1,1,3,2015-05-02,https://www.jra.go.jp/datafile/seiseki/report/2015/2015-1niigata1.pdf,official_daily_result_pdf
201504010104,2015,新潟,1,1,4,2015-05-02,https://www.jra.go.jp/datafile/seiseki/report/2015/2015-1niigata1.pdf,official_daily_result_pdf
201504010105,2015,新潟,1,1,5,2015-05-02,https://www.jra.go.jp/datafile/seiseki/report/2015/2015-1niigata1.pdf,official_daily_result_pdf
201504010106,2015,新潟,1,1,6,2015-05-02,https://www.jra.go.jp/datafile/seiseki/report/2015/2015-1niigata1.pdf,official_daily_result_pdf
201504010107,2015,新潟,1,1,7,2015-05-02,https://www.jra.go.jp/datafile/seiseki/report/2015/2015-1niigata1.pdf,official_daily_result_pdf
201504010108,2015,新潟,1,1,8,2015-05-02,https://www.jra.go.jp/datafile/seiseki/report/2015/2015-1niigata1.pdf,official_daily_result_pdf
201504010109,2015,新潟,1,1,9,2015-05-02,https://www.jra.go.jp/datafile/seiseki/report/2015/2015-1niigata1.pdf,official_daily_result_pdf
201504010110,2015,新潟,1,1,10,2015-05-02,https://www.jra.go.jp/datafile/seiseki/report/2015/2015-1niigata1.pdf,official_daily_result_pdf
201504010111,2015,新潟,1,1,11,2015-05-02,https://www.jra.go.jp/datafile/seiseki/report/2015/2015-1niigata1.pdf,official_daily_result_pdf
201504010112,2015,新潟,1,1,12,2015-05-02,https://www.jra.go.jp/datafile/seiseki/report/2015/2015-1niigata1.pdf,official_daily_result_pdf
201504010201,2015,新潟,1,2,1,2015-05-03,https://www.jra.go.jp/datafile/seiseki/report/2015/2015-1niigata2.pdf,official_daily_result_pdf
201504010202,2015,新潟,1,2,2,2015-05-03,https://www.jra.go.jp/datafile/seiseki/report/2015/2015-1niigata2.pdf,official_daily_result_pdf
201504010203,2015,新潟,1,2,3,2015-05-03,https://www.jra.go.jp/datafile/seiseki/report/2015/2015-1niigata2.pdf,official_daily_result_pdf
201504010204,2015,新潟,1,2,4,2015-05-03,https://www.jra.go.jp/datafile/seiseki/report/2015/2015-1niigata2.pdf,official_daily_result_pdf
201504010205,2015,新潟,1,2,5,2015-05-03,https://www.jra.go.jp/datafile/seiseki/report/2015/2015-1niigata2.pdf,official_daily_result_pdf
201504010206,2015,新潟,1,2,6,2015-05-03,https://www.jra.go.jp/datafile/seiseki/report/2015/2015-1niigata2.pdf,official_daily_result_pdf
201504010207,2015,新潟,1,2,7,2015-05-03,https://www.jra.go.jp/datafile/seiseki/report/2015/2015-1niigata2.pdf,official_daily_result_pdf
201504010208,2015,新潟,1,2,8,2015-05-03,https://www.jra.go.jp/datafile/seiseki/report/2015/2015-1niigata2.pdf,official_daily_result_pdf
201504010209,2015,新潟,1,2,9,2015-05-03,https://www.jra.go.jp/datafile/seiseki/report/2015/2015-1niigata2.pdf,official_daily_result_pdf
201504010210,2015,新潟,1,2,10,2015-05-03,https://www.jra.go.jp/datafile/seiseki/report/2015/2015-1niigata2.pdf,official_daily_result_pdf
201504010211,2015,新潟,1,2,11,2015-05-03,https://www.jra.go.jp/datafile/seiseki/report/2015/2015-1niigata2.pdf,official_daily_result_pdf
201504010212,2015,新潟,1,2,12,2015-05-03,https://www.jra.go.jp/datafile/seiseki/report/2015/2015-1niigata2.pdf,official_daily_result_pdf
201504010301,2015,新潟,1,3,1,2015-05-09,https://www.jra.go.jp/datafile/seiseki/report/2015/2015-1niigata3.pdf,official_daily_result_pdf
201504010302,2015,新潟,1,3,2,2015-05-09,https://www.jra.go.jp/datafile/seiseki/report/2015/2015-1niigata3.pdf,official_daily_result_pdf
201504010303,2015,新潟,1,3,3,2015-05-09,https://www.jra.go.jp/datafile/seiseki/report/2015/2015-1niigata3.pdf,official_daily_result_pdf
201504010304,2015,新潟,1,3,4,2015-05-09,https://www.jra.go.jp/datafile/seiseki/report/2015/2015-1niigata3.pdf,official_daily_result_pdf
201504010305,2015,新潟,1,3,5,2015-05-09,https://www.jra.go.jp/datafile/seiseki/report/2015/2015-1niigata3.pdf,official_daily_result_pdf
201504010306,2015,新潟,1,3,6,2015-05-09,https://www.jra.go.jp/datafile/seiseki/report/2015/2015-1niigata3.pdf,official_daily_result_pdf
201504010307,2015,新潟,1,3,7,2015-05-09,https://www.jra.go.jp/datafile/seiseki/report/2015/2015-1niigata3.pdf,official_daily_result_pdf
201504010308,2015,新潟,1,3,8,2015-05-09,https://www.jra.go.jp/datafile/seiseki/report/2015/2015-1niigata3.pdf,official_daily_result_pdf
201504010309,2015,新潟,1,3,9,2015-05-09,https://www.jra.go.jp/datafile/seiseki/report/2015/2015-1niigata3.pdf,official_daily_result_pdf
201504010310,2015,新潟,1,3,10,2015-05-09,https://www.jra.go.jp/datafile/seiseki/report/2015/2015-1niigata3.pdf,official_daily_result_pdf
201504010311,2015,新潟,1,3,11,2015-05-09,https://www.jra.go.jp/datafile/seiseki/report/2015/2015-1niigata3.pdf,official_daily_result_pdf
201504010312,2015,新潟,1,3,12,2015-05-09,https://www.jra.go.jp/datafile/seiseki/report/2015/2015-1niigata3.pdf,official_daily_result_pdf
201504010401,2015,新潟,1,4,1,2015-05-10,https://www.jra.go.jp/datafile/seiseki/report/2015/2015-1niigata4.pdf,official_daily_result_pdf
201504010402,2015,新潟,1,4,2,2015-05-10,https://www.jra.go.jp/datafile/seiseki/report/2015/2015-1niigata4.pdf,official_daily_result_pdf
201504010403,2015,新潟,1,4,3,2015-05-10,https://www.jra.go.jp/datafile/seiseki/report/2015/2015-1niigata4.pdf,official_daily_result_pdf
201504010404,2015,新潟,1,4,4,2015-05-10,https://www.jra.go.jp/datafile/seiseki/report/2015/2015-1niigata4.pdf,official_daily_result_pdf
201504010405,2015,新潟,1,4,5,2015-05-10,https://www.jra.go.jp/datafile/seiseki/report/2015/2015-1niigata4.pdf,official_daily_result_pdf
201504010406,2015,新潟,1,4,6,2015-05-10,https://www.jra.go.jp/datafile/seiseki/report/2015/2015-1niigata4.pdf,official_daily_result_pdf
201504010407,2015,新潟,1,4,7,2015-05-10,https://www.jra.go.jp/datafile/seiseki/report/2015/2015-1niigata4.pdf,official_daily_result_pdf
201504010408,2015,新潟,1,4,8,2015-05-10,https://www.jra.go.jp/datafile/seiseki/report/2015/2015-1niigata4.pdf,official_daily_result_pdf
201504010409,2015,新潟,1,4,9,2015-05-10,https://www.jra.go.jp/datafile/seiseki/report/2015/2015-1niigata4.pdf,official_daily_result_pdf
201504010410,2015,新潟,1,4,10,2015-05-10,https://www.jra.go.jp/datafile/seiseki/report/2015/2015-1niigata4.pdf,official_daily_result_pdf
201504010411,2015,新潟,1,4,11,2015-05-10,https://www.jra.go.jp/datafile/seiseki/report/2015/2015-1niigata4.pdf,official_daily_result_pdf
201504010412,2015,新潟,1,4,12,2015-05-10,https://www.jra.go.jp/datafile/seiseki/report/2015/2015-1niigata4.pdf,official_daily_result_pdf
201504010501,2015,新潟,1,5,1,2015-05-16,https://www.jra.go.jp/datafile/seiseki/report/2015/2015-1niigata5.pdf,official_daily_result_pdf
201504010502,2015,新潟,1,5,2,2015-05-16,https://www.jra.go.jp/datafile/seiseki/report/2015/2015-1niigata5.pdf,official_daily_result_pdf
201504010503,2015,新潟,1,5,3,2015-05-16,https://www.jra.go.jp/datafile/seiseki/report/2015/2015-1niigata5.pdf,official_daily_result_pdf
201504010504,2015,新潟,1,5,4,2015-05-16,https://www.jra.go.jp/datafile/seiseki/report/2015/2015-1niigata5.pdf,official_daily_result_pdf
201504010505,2015,新潟,1,5,5,2015-05-16,https://www.jra.go.jp/datafile/seiseki/report/2015/2015-1niigata5.pdf,official_daily_result_pdf
201504010506,2015,新潟,1,5,6,2015-05-16,https://www.jra.go.jp/datafile/seiseki/report/2015/2015-1niigata5.pdf,official_daily_result_pdf
201504010507,2015,新潟,1,5,7,2015-05-16,https://www.jra.go.jp/datafile/seiseki/report/2015/2015-1niigata5.pdf,official_daily_result_pdf
201504010508,2015,新潟,1,5,8,2015-05-16,https://www.jra.go.jp/datafile/seiseki/report/2015/2015-1niigata5.pdf,official_daily_result_pdf
201504010509,2015,新潟,1,5,9,2015-05-16,https://www.jra.go.jp/datafile/seiseki/report/2015/2015-1niigata5.pdf,official_daily_result_pdf
201504010510,2015,新潟,1,5,10,2015-05-16,https://www.jra.go.jp/datafile/seiseki/report/2015/2015-1niigata5.pdf,official_daily_result_pdf
201504010511,2015,新潟,1,5,11,2015-05-16,https://www.jra.go.jp/datafile/seiseki/report/2015/2015-1niigata5.pdf,official_daily_result_pdf
201504010512,2015,新潟,1,5,12,2015-05-16,https://www.jra.go.jp/datafile/seiseki/report/2015/2015-1niigata5.pdf,official_daily_result_pdf
201504010601,2015,新潟,1,6,1,2015-05-17,https://www.jra.go.jp/datafile/seiseki/report/2015/2015-1niigata6.pdf,official_daily_result_pdf
201504010602,2015,新潟,1,6,2,2015-05-17,https://www.jra.go.jp/datafile/seiseki/report/2015/2015-1niigata6.pdf,official_daily_result_pdf
201504010603,2015,新潟,1,6,3,2015-05-17,https://www.jra.go.jp/datafile/seiseki/report/2015/2015-1niigata6.pdf,official_daily_result_pdf
201504010604,2015,新潟,1,6,4,2015-05-17,https://www.jra.go.jp/datafile/seiseki/report/2015/2015-1niigata6.pdf,official_daily_result_pdf
201504010605,2015,新潟,1,6,5,2015-05-17,https://www.jra.go.jp/datafile/seiseki/report/2015/2015-1niigata6.pdf,official_daily_result_pdf
201504010606,2015,新潟,1,6,6,2015-05-17,https://www.jra.go.jp/datafile/seiseki/report/2015/2015-1niigata6.pdf,official_daily_result_pdf
201504010607,2015,新潟,1,6,7,2015-05-17,https://www.jra.go.jp/datafile/seiseki/report/2015/2015-1niigata6.pdf,official_daily_result_pdf
201504010608,2015,新潟,1,6,8,2015-05-17,https://www.jra.go.jp/datafile/seiseki/report/2015/2015-1niigata6.pdf,official_daily_result_pdf
201504010609,2015,新潟,1,6,9,2015-05-17,https://www.jra.go.jp/datafile/seiseki/report/2015/2015-1niigata6.pdf,official_daily_result_pdf
201504010610,2015,新潟,1,6,10,2015-05-17,https://www.jra.go.jp/datafile/seiseki/report/2015/2015-1niigata6.pdf,official_daily_result_pdf
201504010611,2015,新潟,1,6,11,2015-05-17,https://www.jra.go.jp/datafile/seiseki/report/2015/2015-1niigata6.pdf,official_daily_result_pdf
201504010612,2015,新潟,1,6,12,2015-05-17,https://www.jra.go.jp/datafile/seiseki/report/2015/2015-1niigata6.pdf,official_daily_result_pdf
201504010701,2015,新潟,1,7,1,2015-05-23,https://www.jra.go.jp/datafile/seiseki/report/2015/2015-1niigata7.pdf,official_daily_result_pdf
201504010702,2015,新潟,1,7,2,2015-05-23,https://www.jra.go.jp/datafile/seiseki/report/2015/2015-1niigata7.pdf,official_daily_result_pdf
201504010703,2015,新潟,1,7,3,2015-05-23,https://www.jra.go.jp/datafile/seiseki/report/2015/2015-1niigata7.pdf,official_daily_result_pdf
201504010704,2015,新潟,1,7,4,2015-05-23,https://www.jra.go.jp/datafile/seiseki/report/2015/2015-1niigata7.pdf,official_daily_result_pdf
201504010705,2015,新潟,1,7,5,2015-05-23,https://www.jra.go.jp/datafile/seiseki/report/2015/2015-1niigata7.pdf,official_daily_result_pdf
201504010706,2015,新潟,1,7,6,2015-05-23,https://www.jra.go.jp/datafile/seiseki/report/2015/2015-1niigata7.pdf,official_daily_result_pdf
201504010707,2015,新潟,1,7,7,2015-05-23,https://www.jra.go.jp/datafile/seiseki/report/2015/2015-1niigata7.pdf,official_daily_result_pdf
201504010708,2015,新潟,1,7,8,2015-05-23,https://www.jra.go.jp/datafile/seiseki/report/2015/2015-1niigata7.pdf,official_daily_result_pdf
201504010709,2015,新潟,1,7,9,2015-05-23,https://www.jra.go.jp/datafile/seiseki/report/2015/2015-1niigata7.pdf,official_daily_result_pdf
201504010710,2015,新潟,1,7,10,2015-05-23,https://www.jra.go.jp/datafile/seiseki/report/2015/2015-1niigata7.pdf,official_daily_result_pdf
201504010711,2015,新潟,1,7,11,2015-05-23,https://www.jra.go.jp/datafile/seiseki/report/2015/2015-1niigata7.pdf,official_daily_result_pdf
201504010712,2015,新潟,1,7,12,2015-05-23,https://www.jra.go.jp/datafile/seiseki/report/2015/2015-1niigata7.pdf,official_daily_result_pdf
201504010801,2015,新潟,1,8,1,2015-05-24,https://www.jra.go.jp/datafile/seiseki/report/2015/2015-1niigata8.pdf,official_daily_result_pdf
201504010802,2015,新潟,1,8,2,2015-05-24,https://www.jra.go.jp/datafile/seiseki/report/2015/2015-1niigata8.pdf,official_daily_result_pdf
201504010803,2015,新潟,1,8,3,2015-05-24,https://www.jra.go.jp/datafile/seiseki/report/2015/2015-1niigata8.pdf,official_daily_result_pdf
201504010804,2015,新潟,1,8,4,2015-05-24,https://www.jra.go.jp/datafile/seiseki/report/2015/2015-1niigata8.pdf,official_daily_result_pdf
201504010805,2015,新潟,1,8,5,2015-05-24,https://www.jra.go.jp/datafile/seiseki/report/2015/2015-1niigata8.pdf,official_daily_result_pdf
201504010806,2015,新潟,1,8,6,2015-05-24,https://www.jra.go.jp/datafile/seiseki/report/2015/2015-1niigata8.pdf,official_daily_result_pdf
201504010807,2015,新潟,1,8,7,2015-05-24,https://www.jra.go.jp/datafile/seiseki/report/2015/2015-1niigata8.pdf,official_daily_result_pdf
201504010808,2015,新潟,1,8,8,2015-05-24,https://www.jra.go.jp/datafile/seiseki/report/2015/2015-1niigata8.pdf,official_daily_result_pdf
201504010809,2015,新潟,1,8,9,2015-05-24,https://www.jra.go.jp/datafile/seiseki/report/2015/2015-1niigata8.pdf,official_daily_result_pdf
201504010810,2015,新潟,1,8,10,2015-05-24,https://www.jra.go.jp/datafile/seiseki/report/2015/2015-1niigata8.pdf,official_daily_result_pdf
201504010811,2015,新潟,1,8,11,2015-05-24,https://www.jra.go.jp/datafile/seiseki/report/2015/2015-1niigata8.pdf,official_daily_result_pdf
201504010812,2015,新潟,1,8,12,2015-05-24,https://www.jra.go.jp/datafile/seiseki/report/2015/2015-1niigata8.pdf,official_daily_result_pdf
201504020101,2015,新潟,2,1,1,2015-08-01,https://www.jra.go.jp/datafile/seiseki/report/2015/2015-2niigata1.pdf,official_daily_result_pdf
201504020102,2015,新潟,2,1,2,2015-08-01,https://www.jra.go.jp/datafile/seiseki/report/2015/2015-2niigata1.pdf,official_daily_result_pdf
201504020103,2015,新潟,2,1,3,2015-08-01,https://www.jra.go.jp/datafile/seiseki/report/2015/2015-2niigata1.pdf,official_daily_result_pdf
201504020104,2015,新潟,2,1,4,2015-08-01,https://www.jra.go.jp/datafile/seiseki/report/2015/2015-2niigata1.pdf,official_daily_result_pdf
201504020105,2015,新潟,2,1,5,2015-08-01,https://www.jra.go.jp/datafile/seiseki/report/2015/2015-2niigata1.pdf,official_daily_result_pdf
201504020106,2015,新潟,2,1,6,2015-08-01,https://www.jra.go.jp/datafile/seiseki/report/2015/2015-2niigata1.pdf,official_daily_result_pdf
201504020107,2015,新潟,2,1,7,2015-08-01,https://www.jra.go.jp/datafile/seiseki/report/2015/2015-2niigata1.pdf,official_daily_result_pdf
201504020108,2015,新潟,2,1,8,2015-08-01,https://www.jra.go.jp/datafile/seiseki/report/2015/2015-2niigata1.pdf,official_daily_result_pdf
201504020109,2015,新潟,2,1,9,2015-08-01,https://www.jra.go.jp/datafile/seiseki/report/2015/2015-2niigata1.pdf,official_daily_result_pdf
201504020110,2015,新潟,2,1,10,2015-08-01,https://www.jra.go.jp/datafile/seiseki/report/2015/2015-2niigata1.pdf,official_daily_result_pdf
201504020111,2015,新潟,2,1,11,2015-08-01,https://www.jra.go.jp/datafile/seiseki/report/2015/2015-2niigata1.pdf,official_daily_result_pdf
201504020112,2015,新潟,2,1,12,2015-08-01,https://www.jra.go.jp/datafile/seiseki/report/2015/2015-2niigata1.pdf,official_daily_result_pdf
201504020201,2015,新潟,2,2,1,2015-08-02,https://www.jra.go.jp/datafile/seiseki/report/2015/2015-2niigata2.pdf,official_daily_result_pdf
201504020202,2015,新潟,2,2,2,2015-08-02,https://www.jra.go.jp/datafile/seiseki/report/2015/2015-2niigata2.pdf,official_daily_result_pdf
201504020203,2015,新潟,2,2,3,2015-08-02,https://www.jra.go.jp/datafile/seiseki/report/2015/2015-2niigata2.pdf,official_daily_result_pdf
201504020204,2015,新潟,2,2,4,2015-08-02,https://www.jra.go.jp/datafile/seiseki/report/2015/2015-2niigata2.pdf,official_daily_result_pdf
201504020205,2015,新潟,2,2,5,2015-08-02,https://www.jra.go.jp/datafile/seiseki/report/2015/2015-2niigata2.pdf,official_daily_result_pdf
201504020206,2015,新潟,2,2,6,2015-08-02,https://www.jra.go.jp/datafile/seiseki/report/2015/2015-2niigata2.pdf,official_daily_result_pdf
201504020207,2015,新潟,2,2,7,2015-08-02,https://www.jra.go.jp/datafile/seiseki/report/2015/2015-2niigata2.pdf,official_daily_result_pdf
201504020208,2015,新潟,2,2,8,2015-08-02,https://www.jra.go.jp/datafile/seiseki/report/2015/2015-2niigata2.pdf,official_daily_result_pdf
201504020209,2015,新潟,2,2,9,2015-08-02,https://www.jra.go.jp/datafile/seiseki/report/2015/2015-2niigata2.pdf,official_daily_result_pdf
201504020210,2015,新潟,2,2,10,2015-08-02,https://www.jra.go.jp/datafile/seiseki/report/2015/2015-2niigata2.pdf,official_daily_result_pdf
201504020211,2015,新潟,2,2,11,2015-08-02,https://www.jra.go.jp/datafile/seiseki/report/2015/2015-2niigata2.pdf,official_daily_result_pdf
201504020212,2015,新潟,2,2,12,2015-08-02,https://www.jra.go.jp/datafile/seiseki/report/2015/2015-2niigata2.pdf,official_daily_result_pdf
201504020301,2015,新潟,2,3,1,2015-08-08,https://www.jra.go.jp/datafile/seiseki/report/2015/2015-2niigata3.pdf,official_daily_result_pdf
201504020302,2015,新潟,2,3,2,2015-08-08,https://www.jra.go.jp/datafile/seiseki/report/2015/2015-2niigata3.pdf,official_daily_result_pdf
201504020303,2015,新潟,2,3,3,2015-08-08,https://www.jra.go.jp/datafile/seiseki/report/2015/2015-2niigata3.pdf,official_daily_result_pdf
201504020304,2015,新潟,2,3,4,2015-08-08,https://www.jra.go.jp/datafile/seiseki/report/2015/2015-2niigata3.pdf,official_daily_result_pdf
201504020305,2015,新潟,2,3,5,2015-08-08,https://www.jra.go.jp/datafile/seiseki/report/2015/2015-2niigata3.pdf,official_daily_result_pdf
201504020306,2015,新潟,2,3,6,2015-08-08,https://www.jra.go.jp/datafile/seiseki/report/2015/2015-2niigata3.pdf,official_daily_result_pdf
201504020307,2015,新潟,2,3,7,2015-08-08,https://www.jra.go.jp/datafile/seiseki/report/2015/2015-2niigata3.pdf,official_daily_result_pdf
201504020308,2015,新潟,2,3,8,2015-08-08,https://www.jra.go.jp/datafile/seiseki/report/2015/2015-2niigata3.pdf,official_daily_result_pdf
201504020309,2015,新潟,2,3,9,2015-08-08,https://www.jra.go.jp/datafile/seiseki/report/2015/2015-2niigata3.pdf,official_daily_result_pdf
201504020310,2015,新潟,2,3,10,2015-08-08,https://www.jra.go.jp/datafile/seiseki/report/2015/2015-2niigata3.pdf,official_daily_result_pdf
201504020311,2015,新潟,2,3,11,2015-08-08,https://www.jra.go.jp/datafile/seiseki/report/2015/2015-2niigata3.pdf,official_daily_result_pdf
201504020312,2015,新潟,2,3,12,2015-08-08,https://www.jra.go.jp/datafile/seiseki/report/2015/2015-2niigata3.pdf,official_daily_result_pdf
201504020401,2015,新潟,2,4,1,2015-08-09,https://www.jra.go.jp/datafile/seiseki/report/2015/2015-2niigata4.pdf,official_daily_result_pdf
201504020402,2015,新潟,2,4,2,2015-08-09,https://www.jra.go.jp/datafile/seiseki/report/2015/2015-2niigata4.pdf,official_daily_result_pdf
201504020403,2015,新潟,2,4,3,2015-08-09,https://www.jra.go.jp/datafile/seiseki/report/2015/2015-2niigata4.pdf,official_daily_result_pdf
201504020404,2015,新潟,2,4,4,2015-08-09,https://www.jra.go.jp/datafile/seiseki/report/2015/2015-2niigata4.pdf,official_daily_result_pdf
201504020405,2015,新潟,2,4,5,2015-08-09,https://www.jra.go.jp/datafile/seiseki/report/2015/2015-2niigata4.pdf,official_daily_result_pdf
201504020406,2015,新潟,2,4,6,2015-08-09,https://www.jra.go.jp/datafile/seiseki/report/2015/2015-2niigata4.pdf,official_daily_result_pdf
201504020407,2015,新潟,2,4,7,2015-08-09,https://www.jra.go.jp/datafile/seiseki/report/2015/2015-2niigata4.pdf,official_daily_result_pdf
201504020408,2015,新潟,2,4,8,2015-08-09,https://www.jra.go.jp/datafile/seiseki/report/2015/2015-2niigata4.pdf,official_daily_result_pdf
201504020409,2015,新潟,2,4,9,2015-08-09,https://www.jra.go.jp/datafile/seiseki/report/2015/2015-2niigata4.pdf,official_daily_result_pdf
201504020410,2015,新潟,2,4,10,2015-08-09,https://www.jra.go.jp/datafile/seiseki/report/2015/2015-2niigata4.pdf,official_daily_result_pdf
201504020411,2015,新潟,2,4,11,2015-08-09,https://www.jra.go.jp/datafile/seiseki/report/2015/2015-2niigata4.pdf,official_daily_result_pdf
201504020412,2015,新潟,2,4,12,2015-08-09,https://www.jra.go.jp/datafile/seiseki/report/2015/2015-2niigata4.pdf,official_daily_result_pdf
201504020501,2015,新潟,2,5,1,2015-08-15,https://www.jra.go.jp/datafile/seiseki/report/2015/2015-2niigata5.pdf,official_daily_result_pdf
201504020502,2015,新潟,2,5,2,2015-08-15,https://www.jra.go.jp/datafile/seiseki/report/2015/2015-2niigata5.pdf,official_daily_result_pdf
201504020503,2015,新潟,2,5,3,2015-08-15,https://www.jra.go.jp/datafile/seiseki/report/2015/2015-2niigata5.pdf,official_daily_result_pdf
201504020504,2015,新潟,2,5,4,2015-08-15,https://www.jra.go.jp/datafile/seiseki/report/2015/2015-2niigata5.pdf,official_daily_result_pdf
201504020505,2015,新潟,2,5,5,2015-08-15,https://www.jra.go.jp/datafile/seiseki/report/2015/2015-2niigata5.pdf,official_daily_result_pdf
201504020506,2015,新潟,2,5,6,2015-08-15,https://www.jra.go.jp/datafile/seiseki/report/2015/2015-2niigata5.pdf,official_daily_result_pdf
201504020507,2015,新潟,2,5,7,2015-08-15,https://www.jra.go.jp/datafile/seiseki/report/2015/2015-2niigata5.pdf,official_daily_result_pdf
201504020508,2015,新潟,2,5,8,2015-08-15,https://www.jra.go.jp/datafile/seiseki/report/2015/2015-2niigata5.pdf,official_daily_result_pdf
201504020509,2015,新潟,2,5,9,2015-08-15,https://www.jra.go.jp/datafile/seiseki/report/2015/2015-2niigata5.pdf,official_daily_result_pdf
201504020510,2015,新潟,2,5,10,2015-08-15,https://www.jra.go.jp/datafile/seiseki/report/2015/2015-2niigata5.pdf,official_daily_result_pdf
201504020511,2015,新潟,2,5,11,2015-08-15,https://www.jra.go.jp/datafile/seiseki/report/2015/2015-2niigata5.pdf,official_daily_result_pdf
201504020512,2015,新潟,2,5,12,2015-08-15,https://www.jra.go.jp/datafile/seiseki/report/2015/2015-2niigata5.pdf,official_daily_result_pdf
201504020601,2015,新潟,2,6,1,2015-08-16,https://www.jra.go.jp/datafile/seiseki/report/2015/2015-2niigata6.pdf,official_daily_result_pdf
201504020602,2015,新潟,2,6,2,2015-08-16,https://www.jra.go.jp/datafile/seiseki/report/2015/2015-2niigata6.pdf,official_daily_result_pdf
201504020603,2015,新潟,2,6,3,2015-08-16,https://www.jra.go.jp/datafile/seiseki/report/2015/2015-2niigata6.pdf,official_daily_result_pdf
201504020604,2015,新潟,2,6,4,2015-08-16,https://www.jra.go.jp/datafile/seiseki/report/2015/2015-2niigata6.pdf,official_daily_result_pdf
201504020605,2015,新潟,2,6,5,2015-08-16,https://www.jra.go.jp/datafile/seiseki/report/2015/2015-2niigata6.pdf,official_daily_result_pdf
201504020606,2015,新潟,2,6,6,2015-08-16,https://www.jra.go.jp/datafile/seiseki/report/2015/2015-2niigata6.pdf,official_daily_result_pdf
201504020607,2015,新潟,2,6,7,2015-08-16,https://www.jra.go.jp/datafile/seiseki/report/2015/2015-2niigata6.pdf,official_daily_result_pdf
201504020608,2015,新潟,2,6,8,2015-08-16,https://www.jra.go.jp/datafile/seiseki/report/2015/2015-2niigata6.pdf,official_daily_result_pdf
201504020609,2015,新潟,2,6,9,2015-08-16,https://www.jra.go.jp/datafile/seiseki/report/2015/2015-2niigata6.pdf,official_daily_result_pdf
201504020610,2015,新潟,2,6,10,2015-08-16,https://www.jra.go.jp/datafile/seiseki/report/2015/2015-2niigata6.pdf,official_daily_result_pdf
201504020611,2015,新潟,2,6,11,2015-08-16,https://www.jra.go.jp/datafile/seiseki/report/2015/2015-2niigata6.pdf,official_daily_result_pdf
201504020612,2015,新潟,2,6,12,2015-08-16,https://www.jra.go.jp/datafile/seiseki/report/2015/2015-2niigata6.pdf,official_daily_result_pdf
201504020701,2015,新潟,2,7,1,2015-08-22,https://www.jra.go.jp/datafile/seiseki/report/2015/2015-2niigata7.pdf,official_daily_result_pdf
201504020702,2015,新潟,2,7,2,2015-08-22,https://www.jra.go.jp/datafile/seiseki/report/2015/2015-2niigata7.pdf,official_daily_result_pdf
201504020703,2015,新潟,2,7,3,2015-08-22,https://www.jra.go.jp/datafile/seiseki/report/2015/2015-2niigata7.pdf,official_daily_result_pdf
201504020704,2015,新潟,2,7,4,2015-08-22,https://www.jra.go.jp/datafile/seiseki/report/2015/2015-2niigata7.pdf,official_daily_result_pdf
201504020705,2015,新潟,2,7,5,2015-08-22,https://www.jra.go.jp/datafile/seiseki/report/2015/2015-2niigata7.pdf,official_daily_result_pdf
201504020706,2015,新潟,2,7,6,2015-08-22,https://www.jra.go.jp/datafile/seiseki/report/2015/2015-2niigata7.pdf,official_daily_result_pdf
201504020707,2015,新潟,2,7,7,2015-08-22,https://www.jra.go.jp/datafile/seiseki/report/2015/2015-2niigata7.pdf,official_daily_result_pdf
201504020708,2015,新潟,2,7,8,2015-08-22,https://www.jra.go.jp/datafile/seiseki/report/2015/2015-2niigata7.pdf,official_daily_result_pdf
201504020709,2015,新潟,2,7,9,2015-08-22,https://www.jra.go.jp/datafile/seiseki/report/2015/2015-2niigata7.pdf,official_daily_result_pdf
201504020710,2015,新潟,2,7,10,2015-08-22,https://www.jra.go.jp/datafile/seiseki/report/2015/2015-2niigata7.pdf,official_daily_result_pdf
201504020711,2015,新潟,2,7,11,2015-08-22,https://www.jra.go.jp/datafile/seiseki/report/2015/2015-2niigata7.pdf,official_daily_result_pdf
201504020712,2015,新潟,2,7,12,2015-08-22,https://www.jra.go.jp/datafile/seiseki/report/2015/2015-2niigata7.pdf,official_daily_result_pdf
201504020801,2015,新潟,2,8,1,2015-08-23,https://www.jra.go.jp/datafile/seiseki/report/2015/2015-2niigata8.pdf,official_daily_result_pdf
201504020802,2015,新潟,2,8,2,2015-08-23,https://www.jra.go.jp/datafile/seiseki/report/2015/2015-2niigata8.pdf,official_daily_result_pdf
201504020803,2015,新潟,2,8,3,2015-08-23,https://www.jra.go.jp/datafile/seiseki/report/2015/2015-2niigata8.pdf,official_daily_result_pdf
201504020804,2015,新潟,2,8,4,2015-08-23,https://www.jra.go.jp/datafile/seiseki/report/2015/2015-2niigata8.pdf,official_daily_result_pdf
201504020805,2015,新潟,2,8,5,2015-08-23,https://www.jra.go.jp/datafile/seiseki/report/2015/2015-2niigata8.pdf,official_daily_result_pdf
201504020806,2015,新潟,2,8,6,2015-08-23,https://www.jra.go.jp/datafile/seiseki/report/2015/2015-2niigata8.pdf,official_daily_result_pdf
201504020807,2015,新潟,2,8,7,2015-08-23,https://www.jra.go.jp/datafile/seiseki/report/2015/2015-2niigata8.pdf,official_daily_result_pdf
201504020808,2015,新潟,2,8,8,2015-08-23,https://www.jra.go.jp/datafile/seiseki/report/2015/2015-2niigata8.pdf,official_daily_result_pdf
201504020809,2015,新潟,2,8,9,2015-08-23,https://www.jra.go.jp/datafile/seiseki/report/2015/2015-2niigata8.pdf,official_daily_result_pdf
201504020810,2015,新潟,2,8,10,2015-08-23,https://www.jra.go.jp/datafile/seiseki/report/2015/2015-2niigata8.pdf,official_daily_result_pdf
201504020811,2015,新潟,2,8,11,2015-08-23,https://www.jra.go.jp/datafile/seiseki/report/2015/2015-2niigata8.pdf,official_daily_result_pdf
201504020812,2015,新潟,2,8,12,2015-08-23,https://www.jra.go.jp/datafile/seiseki/report/2015/2015-2niigata8.pdf,official_daily_result_pdf
201504020901,2015,新潟,2,9,1,2015-08-29,https://www.jra.go.jp/datafile/seiseki/report/2015/2015-2niigata9.pdf,official_daily_result_pdf
201504020902,2015,新潟,2,9,2,2015-08-29,https://www.jra.go.jp/datafile/seiseki/report/2015/2015-2niigata9.pdf,official_daily_result_pdf
201504020903,2015,新潟,2,9,3,2015-08-29,https://www.jra.go.jp/datafile/seiseki/report/2015/2015-2niigata9.pdf,official_daily_result_pdf
201504020904,2015,新潟,2,9,4,2015-08-29,https://www.jra.go.jp/datafile/seiseki/report/2015/2015-2niigata9.pdf,official_daily_result_pdf
201504020905,2015,新潟,2,9,5,2015-08-29,https://www.jra.go.jp/datafile/seiseki/report/2015/2015-2niigata9.pdf,official_daily_result_pdf
201504020906,2015,新潟,2,9,6,2015-08-29,https://www.jra.go.jp/datafile/seiseki/report/2015/2015-2niigata9.pdf,official_daily_result_pdf
201504020907,2015,新潟,2,9,7,2015-08-29,https://www.jra.go.jp/datafile/seiseki/report/2015/2015-2niigata9.pdf,official_daily_result_pdf
201504020908,2015,新潟,2,9,8,2015-08-29,https://www.jra.go.jp/datafile/seiseki/report/2015/2015-2niigata9.pdf,official_daily_result_pdf
201504020909,2015,新潟,2,9,9,2015-08-29,https://www.jra.go.jp/datafile/seiseki/report/2015/2015-2niigata9.pdf,official_daily_result_pdf
201504020910,2015,新潟,2,9,10,2015-08-29,https://www.jra.go.jp/datafile/seiseki/report/2015/2015-2niigata9.pdf,official_daily_result_pdf
201504020911,2015,新潟,2,9,11,2015-08-29,https://www.jra.go.jp/datafile/seiseki/report/2015/2015-2niigata9.pdf,official_daily_result_pdf
201504020912,2015,新潟,2,9,12,2015-08-29,https://www.jra.go.jp/datafile/seiseki/report/2015/2015-2niigata9.pdf,official_daily_result_pdf
201504021001,2015,新潟,2,10,1,2015-08-30,https://www.jra.go.jp/datafile/seiseki/report/2015/2015-2niigata10.pdf,official_daily_result_pdf
201504021002,2015,新潟,2,10,2,2015-08-30,https://www.jra.go.jp/datafile/seiseki/report/2015/2015-2niigata10.pdf,official_daily_result_pdf
201504021003,2015,新潟,2,10,3,2015-08-30,https://www.jra.go.jp/datafile/seiseki/report/2015/2015-2niigata10.pdf,official_daily_result_pdf
201504021004,2015,新潟,2,10,4,2015-08-30,https://www.jra.go.jp/datafile/seiseki/report/2015/2015-2niigata10.pdf,official_daily_result_pdf
201504021005,2015,新潟,2,10,5,2015-08-30,https://www.jra.go.jp/datafile/seiseki/report/2015/2015-2niigata10.pdf,official_daily_result_pdf
201504021006,2015,新潟,2,10,6,2015-08-30,https://www.jra.go.jp/datafile/seiseki/report/2015/2015-2niigata10.pdf,official_daily_result_pdf
201504021007,2015,新潟,2,10,7,2015-08-30,https://www.jra.go.jp/datafile/seiseki/report/2015/2015-2niigata10.pdf,official_daily_result_pdf
201504021008,2015,新潟,2,10,8,2015-08-30,https://www.jra.go.jp/datafile/seiseki/report/2015/2015-2niigata10.pdf,official_daily_result_pdf
201504021009,2015,新潟,2,10,9,2015-08-30,https://www.jra.go.jp/datafile/seiseki/report/2015/2015-2niigata10.pdf,official_daily_result_pdf
201504021010,2015,新潟,2,10,10,2015-08-30,https://www.jra.go.jp/datafile/seiseki/report/2015/2015-2niigata10.pdf,official_daily_result_pdf
201504021011,2015,新潟,2,10,11,2015-08-30,https://www.jra.go.jp/datafile/seiseki/report/2015/2015-2niigata10.pdf,official_daily_result_pdf
201504021012,2015,新潟,2,10,12,2015-08-30,https://www.jra.go.jp/datafile/seiseki/report/2015/2015-2niigata10.pdf,official_daily_result_pdf
201504021101,2015,新潟,2,11,1,2015-09-05,https://www.jra.go.jp/datafile/seiseki/report/2015/2015-2niigata11.pdf,official_daily_result_pdf
201504021102,2015,新潟,2,11,2,2015-09-05,https://www.jra.go.jp/datafile/seiseki/report/2015/2015-2niigata11.pdf,official_daily_result_pdf
201504021103,2015,新潟,2,11,3,2015-09-05,https://www.jra.go.jp/datafile/seiseki/report/2015/2015-2niigata11.pdf,official_daily_result_pdf
201504021104,2015,新潟,2,11,4,2015-09-05,https://www.jra.go.jp/datafile/seiseki/report/2015/2015-2niigata11.pdf,official_daily_result_pdf
201504021105,2015,新潟,2,11,5,2015-09-05,https://www.jra.go.jp/datafile/seiseki/report/2015/2015-2niigata11.pdf,official_daily_result_pdf
201504021106,2015,新潟,2,11,6,2015-09-05,https://www.jra.go.jp/datafile/seiseki/report/2015/2015-2niigata11.pdf,official_daily_result_pdf
201504021107,2015,新潟,2,11,7,2015-09-05,https://www.jra.go.jp/datafile/seiseki/report/2015/2015-2niigata11.pdf,official_daily_result_pdf
201504021108,2015,新潟,2,11,8,2015-09-05,https://www.jra.go.jp/datafile/seiseki/report/2015/2015-2niigata11.pdf,official_daily_result_pdf
201504021109,2015,新潟,2,11,9,2015-09-05,https://www.jra.go.jp/datafile/seiseki/report/2015/2015-2niigata11.pdf,official_daily_result_pdf
201504021110,2015,新潟,2,11,10,2015-09-05,https://www.jra.go.jp/datafile/seiseki/report/2015/2015-2niigata11.pdf,official_daily_result_pdf
201504021111,2015,新潟,2,11,11,2015-09-05,https://www.jra.go.jp/datafile/seiseki/report/2015/2015-2niigata11.pdf,official_daily_result_pdf
201504021112,2015,新潟,2,11,12,2015-09-05,https://www.jra.go.jp/datafile/seiseki/report/2015/2015-2niigata11.pdf,official_daily_result_pdf
201504021201,2015,新潟,2,12,1,2015-09-06,https://www.jra.go.jp/datafile/seiseki/report/2015/2015-2niigata12.pdf,official_daily_result_pdf
201504021202,2015,新潟,2,12,2,2015-09-06,https://www.jra.go.jp/datafile/seiseki/report/2015/2015-2niigata12.pdf,official_daily_result_pdf
201504021203,2015,新潟,2,12,3,2015-09-06,https://www.jra.go.jp/datafile/seiseki/report/2015/2015-2niigata12.pdf,official_daily_result_pdf
201504021204,2015,新潟,2,12,4,2015-09-06,https://www.jra.go.jp/datafile/seiseki/report/2015/2015-2niigata12.pdf,official_daily_result_pdf
201504021205,2015,新潟,2,12,5,2015-09-06,https://www.jra.go.jp/datafile/seiseki/report/2015/2015-2niigata12.pdf,official_daily_result_pdf
201504021206,2015,新潟,2,12,6,2015-09-06,https://www.jra.go.jp/datafile/seiseki/report/2015/2015-2niigata12.pdf,official_daily_result_pdf
201504021207,2015,新潟,2,12,7,2015-09-06,https://www.jra.go.jp/datafile/seiseki/report/2015/2015-2niigata12.pdf,official_daily_result_pdf
201504021208,2015,新潟,2,12,8,2015-09-06,https://www.jra.go.jp/datafile/seiseki/report/2015/2015-2niigata12.pdf,official_daily_result_pdf
201504021209,2015,新潟,2,12,9,2015-09-06,https://www.jra.go.jp/datafile/seiseki/report/2015/2015-2niigata12.pdf,official_daily_result_pdf
201504021210,2015,新潟,2,12,10,2015-09-06,https://www.jra.go.jp/datafile/seiseki/report/2015/2015-2niigata12.pdf,official_daily_result_pdf
201504021211,2015,新潟,2,12,11,2015-09-06,https://www.jra.go.jp/datafile/seiseki/report/2015/2015-2niigata12.pdf,official_daily_result_pdf
201504021212,2015,新潟,2,12,12,2015-09-06,https://www.jra.go.jp/datafile/seiseki/report/2015/2015-2niigata12.pdf,official_daily_result_pdf
201504030101,2015,新潟,3,1,1,2015-10-17,https://www.jra.go.jp/datafile/seiseki/report/2015/2015-3niigata1.pdf,official_daily_result_pdf
201504030102,2015,新潟,3,1,2,2015-10-17,https://www.jra.go.jp/datafile/seiseki/report/2015/2015-3niigata1.pdf,official_daily_result_pdf
201504030103,2015,新潟,3,1,3,2015-10-17,https://www.jra.go.jp/datafile/seiseki/report/2015/2015-3niigata1.pdf,official_daily_result_pdf
201504030104,2015,新潟,3,1,4,2015-10-17,https://www.jra.go.jp/datafile/seiseki/report/2015/2015-3niigata1.pdf,official_daily_result_pdf
201504030105,2015,新潟,3,1,5,2015-10-17,https://www.jra.go.jp/datafile/seiseki/report/2015/2015-3niigata1.pdf,official_daily_result_pdf
201504030106,2015,新潟,3,1,6,2015-10-17,https://www.jra.go.jp/datafile/seiseki/report/2015/2015-3niigata1.pdf,official_daily_result_pdf
201504030107,2015,新潟,3,1,7,2015-10-17,https://www.jra.go.jp/datafile/seiseki/report/2015/2015-3niigata1.pdf,official_daily_result_pdf
201504030108,2015,新潟,3,1,8,2015-10-17,https://www.jra.go.jp/datafile/seiseki/report/2015/2015-3niigata1.pdf,official_daily_result_pdf
201504030109,2015,新潟,3,1,9,2015-10-17,https://www.jra.go.jp/datafile/seiseki/report/2015/2015-3niigata1.pdf,official_daily_result_pdf
201504030110,2015,新潟,3,1,10,2015-10-17,https://www.jra.go.jp/datafile/seiseki/report/2015/2015-3niigata1.pdf,official_daily_result_pdf
201504030111,2015,新潟,3,1,11,2015-10-17,https://www.jra.go.jp/datafile/seiseki/report/2015/2015-3niigata1.pdf,official_daily_result_pdf
201504030112,2015,新潟,3,1,12,2015-10-17,https://www.jra.go.jp/datafile/seiseki/report/2015/2015-3niigata1.pdf,official_daily_result_pdf
201504030201,2015,新潟,3,2,1,2015-10-18,https://www.jra.go.jp/datafile/seiseki/report/2015/2015-3niigata2.pdf,official_daily_result_pdf
201504030202,2015,新潟,3,2,2,2015-10-18,https://www.jra.go.jp/datafile/seiseki/report/2015/2015-3niigata2.pdf,official_daily_result_pdf
201504030203,2015,新潟,3,2,3,2015-10-18,https://www.jra.go.jp/datafile/seiseki/report/2015/2015-3niigata2.pdf,official_daily_result_pdf
201504030204,2015,新潟,3,2,4,2015-10-18,https://www.jra.go.jp/datafile/seiseki/report/2015/2015-3niigata2.pdf,official_daily_result_pdf
201504030205,2015,新潟,3,2,5,2015-10-18,https://www.jra.go.jp/datafile/seiseki/report/2015/2015-3niigata2.pdf,official_daily_result_pdf
201504030206,2015,新潟,3,2,6,2015-10-18,https://www.jra.go.jp/datafile/seiseki/report/2015/2015-3niigata2.pdf,official_daily_result_pdf
201504030207,2015,新潟,3,2,7,2015-10-18,https://www.jra.go.jp/datafile/seiseki/report/2015/2015-3niigata2.pdf,official_daily_result_pdf
201504030208,2015,新潟,3,2,8,2015-10-18,https://www.jra.go.jp/datafile/seiseki/report/2015/2015-3niigata2.pdf,official_daily_result_pdf
201504030209,2015,新潟,3,2,9,2015-10-18,https://www.jra.go.jp/datafile/seiseki/report/2015/2015-3niigata2.pdf,official_daily_result_pdf
201504030210,2015,新潟,3,2,10,2015-10-18,https://www.jra.go.jp/datafile/seiseki/report/2015/2015-3niigata2.pdf,official_daily_result_pdf
201504030211,2015,新潟,3,2,11,2015-10-18,https://www.jra.go.jp/datafile/seiseki/report/2015/2015-3niigata2.pdf,official_daily_result_pdf
201504030212,2015,新潟,3,2,12,2015-10-18,https://www.jra.go.jp/datafile/seiseki/report/2015/2015-3niigata2.pdf,official_daily_result_pdf
201504030301,2015,新潟,3,3,1,2015-10-24,https://www.jra.go.jp/datafile/seiseki/report/2015/2015-3niigata3.pdf,official_daily_result_pdf
201504030302,2015,新潟,3,3,2,2015-10-24,https://www.jra.go.jp/datafile/seiseki/report/2015/2015-3niigata3.pdf,official_daily_result_pdf
201504030303,2015,新潟,3,3,3,2015-10-24,https://www.jra.go.jp/datafile/seiseki/report/2015/2015-3niigata3.pdf,official_daily_result_pdf
201504030304,2015,新潟,3,3,4,2015-10-24,https://www.jra.go.jp/datafile/seiseki/report/2015/2015-3niigata3.pdf,official_daily_result_pdf
201504030305,2015,新潟,3,3,5,2015-10-24,https://www.jra.go.jp/datafile/seiseki/report/2015/2015-3niigata3.pdf,official_daily_result_pdf
201504030306,2015,新潟,3,3,6,2015-10-24,https://www.jra.go.jp/datafile/seiseki/report/2015/2015-3niigata3.pdf,official_daily_result_pdf
201504030307,2015,新潟,3,3,7,2015-10-24,https://www.jra.go.jp/datafile/seiseki/report/2015/2015-3niigata3.pdf,official_daily_result_pdf
201504030308,2015,新潟,3,3,8,2015-10-24,https://www.jra.go.jp/datafile/seiseki/report/2015/2015-3niigata3.pdf,official_daily_result_pdf
201504030309,2015,新潟,3,3,9,2015-10-24,https://www.jra.go.jp/datafile/seiseki/report/2015/2015-3niigata3.pdf,official_daily_result_pdf
201504030310,2015,新潟,3,3,10,2015-10-24,https://www.jra.go.jp/datafile/seiseki/report/2015/2015-3niigata3.pdf,official_daily_result_pdf
201504030311,2015,新潟,3,3,11,2015-10-24,https://www.jra.go.jp/datafile/seiseki/report/2015/2015-3niigata3.pdf,official_daily_result_pdf
201504030312,2015,新潟,3,3,12,2015-10-24,https://www.jra.go.jp/datafile/seiseki/report/2015/2015-3niigata3.pdf,official_daily_result_pdf
201504030401,2015,新潟,3,4,1,2015-10-25,https://www.jra.go.jp/datafile/seiseki/report/2015/2015-3niigata4.pdf,official_daily_result_pdf
201504030402,2015,新潟,3,4,2,2015-10-25,https://www.jra.go.jp/datafile/seiseki/report/2015/2015-3niigata4.pdf,official_daily_result_pdf
201504030403,2015,新潟,3,4,3,2015-10-25,https://www.jra.go.jp/datafile/seiseki/report/2015/2015-3niigata4.pdf,official_daily_result_pdf
201504030404,2015,新潟,3,4,4,2015-10-25,https://www.jra.go.jp/datafile/seiseki/report/2015/2015-3niigata4.pdf,official_daily_result_pdf
201504030405,2015,新潟,3,4,5,2015-10-25,https://www.jra.go.jp/datafile/seiseki/report/2015/2015-3niigata4.pdf,official_daily_result_pdf
201504030406,2015,新潟,3,4,6,2015-10-25,https://www.jra.go.jp/datafile/seiseki/report/2015/2015-3niigata4.pdf,official_daily_result_pdf
201504030407,2015,新潟,3,4,7,2015-10-25,https://www.jra.go.jp/datafile/seiseki/report/2015/2015-3niigata4.pdf,official_daily_result_pdf
201504030408,2015,新潟,3,4,8,2015-10-25,https://www.jra.go.jp/datafile/seiseki/report/2015/2015-3niigata4.pdf,official_daily_result_pdf
201504030409,2015,新潟,3,4,9,2015-10-25,https://www.jra.go.jp/datafile/seiseki/report/2015/2015-3niigata4.pdf,official_daily_result_pdf
201504030410,2015,新潟,3,4,10,2015-10-25,https://www.jra.go.jp/datafile/seiseki/report/2015/2015-3niigata4.pdf,official_daily_result_pdf
201504030411,2015,新潟,3,4,11,2015-10-25,https://www.jra.go.jp/datafile/seiseki/report/2015/2015-3niigata4.pdf,official_daily_result_pdf
201504030412,2015,新潟,3,4,12,2015-10-25,https://www.jra.go.jp/datafile/seiseki/report/2015/2015-3niigata4.pdf,official_daily_result_pdf
201505010101,2015,東京,1,1,1,2015-01-31,https://www.jra.go.jp/datafile/seiseki/report/2015/2015-1tokyo1.pdf,official_daily_result_pdf
201505010102,2015,東京,1,1,2,2015-01-31,https://www.jra.go.jp/datafile/seiseki/report/2015/2015-1tokyo1.pdf,official_daily_result_pdf
201505010103,2015,東京,1,1,3,2015-01-31,https://www.jra.go.jp/datafile/seiseki/report/2015/2015-1tokyo1.pdf,official_daily_result_pdf
201505010104,2015,東京,1,1,4,2015-01-31,https://www.jra.go.jp/datafile/seiseki/report/2015/2015-1tokyo1.pdf,official_daily_result_pdf
201505010105,2015,東京,1,1,5,2015-01-31,https://www.jra.go.jp/datafile/seiseki/report/2015/2015-1tokyo1.pdf,official_daily_result_pdf
201505010106,2015,東京,1,1,6,2015-01-31,https://www.jra.go.jp/datafile/seiseki/report/2015/2015-1tokyo1.pdf,official_daily_result_pdf
201505010107,2015,東京,1,1,7,2015-01-31,https://www.jra.go.jp/datafile/seiseki/report/2015/2015-1tokyo1.pdf,official_daily_result_pdf
201505010108,2015,東京,1,1,8,2015-01-31,https://www.jra.go.jp/datafile/seiseki/report/2015/2015-1tokyo1.pdf,official_daily_result_pdf
201505010109,2015,東京,1,1,9,2015-01-31,https://www.jra.go.jp/datafile/seiseki/report/2015/2015-1tokyo1.pdf,official_daily_result_pdf
201505010110,2015,東京,1,1,10,2015-01-31,https://www.jra.go.jp/datafile/seiseki/report/2015/2015-1tokyo1.pdf,official_daily_result_pdf
201505010111,2015,東京,1,1,11,2015-01-31,https://www.jra.go.jp/datafile/seiseki/report/2015/2015-1tokyo1.pdf,official_daily_result_pdf
201505010112,2015,東京,1,1,12,2015-01-31,https://www.jra.go.jp/datafile/seiseki/report/2015/2015-1tokyo1.pdf,official_daily_result_pdf
201505010201,2015,東京,1,2,1,2015-02-01,https://www.jra.go.jp/datafile/seiseki/report/2015/2015-1tokyo2.pdf,official_daily_result_pdf
201505010202,2015,東京,1,2,2,2015-02-01,https://www.jra.go.jp/datafile/seiseki/report/2015/2015-1tokyo2.pdf,official_daily_result_pdf
201505010203,2015,東京,1,2,3,2015-02-01,https://www.jra.go.jp/datafile/seiseki/report/2015/2015-1tokyo2.pdf,official_daily_result_pdf
201505010204,2015,東京,1,2,4,2015-02-01,https://www.jra.go.jp/datafile/seiseki/report/2015/2015-1tokyo2.pdf,official_daily_result_pdf
201505010205,2015,東京,1,2,5,2015-02-01,https://www.jra.go.jp/datafile/seiseki/report/2015/2015-1tokyo2.pdf,official_daily_result_pdf
201505010206,2015,東京,1,2,6,2015-02-01,https://www.jra.go.jp/datafile/seiseki/report/2015/2015-1tokyo2.pdf,official_daily_result_pdf
201505010207,2015,東京,1,2,7,2015-02-01,https://www.jra.go.jp/datafile/seiseki/report/2015/2015-1tokyo2.pdf,official_daily_result_pdf
201505010208,2015,東京,1,2,8,2015-02-01,https://www.jra.go.jp/datafile/seiseki/report/2015/2015-1tokyo2.pdf,official_daily_result_pdf
201505010209,2015,東京,1,2,9,2015-02-01,https://www.jra.go.jp/datafile/seiseki/report/2015/2015-1tokyo2.pdf,official_daily_result_pdf
201505010210,2015,東京,1,2,10,2015-02-01,https://www.jra.go.jp/datafile/seiseki/report/2015/2015-1tokyo2.pdf,official_daily_result_pdf
201505010211,2015,東京,1,2,11,2015-02-01,https://www.jra.go.jp/datafile/seiseki/report/2015/2015-1tokyo2.pdf,official_daily_result_pdf
201505010212,2015,東京,1,2,12,2015-02-01,https://www.jra.go.jp/datafile/seiseki/report/2015/2015-1tokyo2.pdf,official_daily_result_pdf
201505010301,2015,東京,1,3,1,2015-02-07,https://www.jra.go.jp/datafile/seiseki/report/2015/2015-1tokyo3.pdf,official_daily_result_pdf
201505010302,2015,東京,1,3,2,2015-02-07,https://www.jra.go.jp/datafile/seiseki/report/2015/2015-1tokyo3.pdf,official_daily_result_pdf
201505010303,2015,東京,1,3,3,2015-02-07,https://www.jra.go.jp/datafile/seiseki/report/2015/2015-1tokyo3.pdf,official_daily_result_pdf
201505010304,2015,東京,1,3,4,2015-02-07,https://www.jra.go.jp/datafile/seiseki/report/2015/2015-1tokyo3.pdf,official_daily_result_pdf
201505010305,2015,東京,1,3,5,2015-02-07,https://www.jra.go.jp/datafile/seiseki/report/2015/2015-1tokyo3.pdf,official_daily_result_pdf
201505010306,2015,東京,1,3,6,2015-02-07,https://www.jra.go.jp/datafile/seiseki/report/2015/2015-1tokyo3.pdf,official_daily_result_pdf
201505010307,2015,東京,1,3,7,2015-02-07,https://www.jra.go.jp/datafile/seiseki/report/2015/2015-1tokyo3.pdf,official_daily_result_pdf
201505010308,2015,東京,1,3,8,2015-02-07,https://www.jra.go.jp/datafile/seiseki/report/2015/2015-1tokyo3.pdf,official_daily_result_pdf
201505010309,2015,東京,1,3,9,2015-02-07,https://www.jra.go.jp/datafile/seiseki/report/2015/2015-1tokyo3.pdf,official_daily_result_pdf
201505010310,2015,東京,1,3,10,2015-02-07,https://www.jra.go.jp/datafile/seiseki/report/2015/2015-1tokyo3.pdf,official_daily_result_pdf
201505010311,2015,東京,1,3,11,2015-02-07,https://www.jra.go.jp/datafile/seiseki/report/2015/2015-1tokyo3.pdf,official_daily_result_pdf
201505010312,2015,東京,1,3,12,2015-02-07,https://www.jra.go.jp/datafile/seiseki/report/2015/2015-1tokyo3.pdf,official_daily_result_pdf
201505010401,2015,東京,1,4,1,2015-02-08,https://www.jra.go.jp/datafile/seiseki/report/2015/2015-1tokyo4.pdf,official_daily_result_pdf
201505010402,2015,東京,1,4,2,2015-02-08,https://www.jra.go.jp/datafile/seiseki/report/2015/2015-1tokyo4.pdf,official_daily_result_pdf
201505010403,2015,東京,1,4,3,2015-02-08,https://www.jra.go.jp/datafile/seiseki/report/2015/2015-1tokyo4.pdf,official_daily_result_pdf
201505010404,2015,東京,1,4,4,2015-02-08,https://www.jra.go.jp/datafile/seiseki/report/2015/2015-1tokyo4.pdf,official_daily_result_pdf
201505010405,2015,東京,1,4,5,2015-02-08,https://www.jra.go.jp/datafile/seiseki/report/2015/2015-1tokyo4.pdf,official_daily_result_pdf
201505010406,2015,東京,1,4,6,2015-02-08,https://www.jra.go.jp/datafile/seiseki/report/2015/2015-1tokyo4.pdf,official_daily_result_pdf
201505010407,2015,東京,1,4,7,2015-02-08,https://www.jra.go.jp/datafile/seiseki/report/2015/2015-1tokyo4.pdf,official_daily_result_pdf
201505010408,2015,東京,1,4,8,2015-02-08,https://www.jra.go.jp/datafile/seiseki/report/2015/2015-1tokyo4.pdf,official_daily_result_pdf
201505010409,2015,東京,1,4,9,2015-02-08,https://www.jra.go.jp/datafile/seiseki/report/2015/2015-1tokyo4.pdf,official_daily_result_pdf
201505010410,2015,東京,1,4,10,2015-02-08,https://www.jra.go.jp/datafile/seiseki/report/2015/2015-1tokyo4.pdf,official_daily_result_pdf
201505010411,2015,東京,1,4,11,2015-02-08,https://www.jra.go.jp/datafile/seiseki/report/2015/2015-1tokyo4.pdf,official_daily_result_pdf
201505010412,2015,東京,1,4,12,2015-02-08,https://www.jra.go.jp/datafile/seiseki/report/2015/2015-1tokyo4.pdf,official_daily_result_pdf
201505010501,2015,東京,1,5,1,2015-02-14,https://www.jra.go.jp/datafile/seiseki/report/2015/2015-1tokyo5.pdf,official_daily_result_pdf
201505010502,2015,東京,1,5,2,2015-02-14,https://www.jra.go.jp/datafile/seiseki/report/2015/2015-1tokyo5.pdf,official_daily_result_pdf
201505010503,2015,東京,1,5,3,2015-02-14,https://www.jra.go.jp/datafile/seiseki/report/2015/2015-1tokyo5.pdf,official_daily_result_pdf
201505010504,2015,東京,1,5,4,2015-02-14,https://www.jra.go.jp/datafile/seiseki/report/2015/2015-1tokyo5.pdf,official_daily_result_pdf
201505010505,2015,東京,1,5,5,2015-02-14,https://www.jra.go.jp/datafile/seiseki/report/2015/2015-1tokyo5.pdf,official_daily_result_pdf
201505010506,2015,東京,1,5,6,2015-02-14,https://www.jra.go.jp/datafile/seiseki/report/2015/2015-1tokyo5.pdf,official_daily_result_pdf
201505010507,2015,東京,1,5,7,2015-02-14,https://www.jra.go.jp/datafile/seiseki/report/2015/2015-1tokyo5.pdf,official_daily_result_pdf
201505010508,2015,東京,1,5,8,2015-02-14,https://www.jra.go.jp/datafile/seiseki/report/2015/2015-1tokyo5.pdf,official_daily_result_pdf
201505010509,2015,東京,1,5,9,2015-02-14,https://www.jra.go.jp/datafile/seiseki/report/2015/2015-1tokyo5.pdf,official_daily_result_pdf
201505010510,2015,東京,1,5,10,2015-02-14,https://www.jra.go.jp/datafile/seiseki/report/2015/2015-1tokyo5.pdf,official_daily_result_pdf
201505010511,2015,東京,1,5,11,2015-02-14,https://www.jra.go.jp/datafile/seiseki/report/2015/2015-1tokyo5.pdf,official_daily_result_pdf
201505010512,2015,東京,1,5,12,2015-02-14,https://www.jra.go.jp/datafile/seiseki/report/2015/2015-1tokyo5.pdf,official_daily_result_pdf
201505010601,2015,東京,1,6,1,2015-02-15,https://www.jra.go.jp/datafile/seiseki/report/2015/2015-1tokyo6.pdf,official_daily_result_pdf
201505010602,2015,東京,1,6,2,2015-02-15,https://www.jra.go.jp/datafile/seiseki/report/2015/2015-1tokyo6.pdf,official_daily_result_pdf
201505010603,2015,東京,1,6,3,2015-02-15,https://www.jra.go.jp/datafile/seiseki/report/2015/2015-1tokyo6.pdf,official_daily_result_pdf
201505010604,2015,東京,1,6,4,2015-02-15,https://www.jra.go.jp/datafile/seiseki/report/2015/2015-1tokyo6.pdf,official_daily_result_pdf
201505010605,2015,東京,1,6,5,2015-02-15,https://www.jra.go.jp/datafile/seiseki/report/2015/2015-1tokyo6.pdf,official_daily_result_pdf
201505010606,2015,東京,1,6,6,2015-02-15,https://www.jra.go.jp/datafile/seiseki/report/2015/2015-1tokyo6.pdf,official_daily_result_pdf
201505010607,2015,東京,1,6,7,2015-02-15,https://www.jra.go.jp/datafile/seiseki/report/2015/2015-1tokyo6.pdf,official_daily_result_pdf
201505010608,2015,東京,1,6,8,2015-02-15,https://www.jra.go.jp/datafile/seiseki/report/2015/2015-1tokyo6.pdf,official_daily_result_pdf
201505010609,2015,東京,1,6,9,2015-02-15,https://www.jra.go.jp/datafile/seiseki/report/2015/2015-1tokyo6.pdf,official_daily_result_pdf
201505010610,2015,東京,1,6,10,2015-02-15,https://www.jra.go.jp/datafile/seiseki/report/2015/2015-1tokyo6.pdf,official_daily_result_pdf
201505010611,2015,東京,1,6,11,2015-02-15,https://www.jra.go.jp/datafile/seiseki/report/2015/2015-1tokyo6.pdf,official_daily_result_pdf
201505010612,2015,東京,1,6,12,2015-02-15,https://www.jra.go.jp/datafile/seiseki/report/2015/2015-1tokyo6.pdf,official_daily_result_pdf
201505010701,2015,東京,1,7,1,2015-02-21,https://www.jra.go.jp/datafile/seiseki/report/2015/2015-1tokyo7.pdf,official_daily_result_pdf
201505010702,2015,東京,1,7,2,2015-02-21,https://www.jra.go.jp/datafile/seiseki/report/2015/2015-1tokyo7.pdf,official_daily_result_pdf
201505010703,2015,東京,1,7,3,2015-02-21,https://www.jra.go.jp/datafile/seiseki/report/2015/2015-1tokyo7.pdf,official_daily_result_pdf
201505010704,2015,東京,1,7,4,2015-02-21,https://www.jra.go.jp/datafile/seiseki/report/2015/2015-1tokyo7.pdf,official_daily_result_pdf
201505010705,2015,東京,1,7,5,2015-02-21,https://www.jra.go.jp/datafile/seiseki/report/2015/2015-1tokyo7.pdf,official_daily_result_pdf
201505010706,2015,東京,1,7,6,2015-02-21,https://www.jra.go.jp/datafile/seiseki/report/2015/2015-1tokyo7.pdf,official_daily_result_pdf
201505010707,2015,東京,1,7,7,2015-02-21,https://www.jra.go.jp/datafile/seiseki/report/2015/2015-1tokyo7.pdf,official_daily_result_pdf
201505010708,2015,東京,1,7,8,2015-02-21,https://www.jra.go.jp/datafile/seiseki/report/2015/2015-1tokyo7.pdf,official_daily_result_pdf
201505010709,2015,東京,1,7,9,2015-02-21,https://www.jra.go.jp/datafile/seiseki/report/2015/2015-1tokyo7.pdf,official_daily_result_pdf
201505010710,2015,東京,1,7,10,2015-02-21,https://www.jra.go.jp/datafile/seiseki/report/2015/2015-1tokyo7.pdf,official_daily_result_pdf
201505010711,2015,東京,1,7,11,2015-02-21,https://www.jra.go.jp/datafile/seiseki/report/2015/2015-1tokyo7.pdf,official_daily_result_pdf
201505010712,2015,東京,1,7,12,2015-02-21,https://www.jra.go.jp/datafile/seiseki/report/2015/2015-1tokyo7.pdf,official_daily_result_pdf
201505010801,2015,東京,1,8,1,2015-02-22,https://www.jra.go.jp/datafile/seiseki/report/2015/2015-1tokyo8.pdf,official_daily_result_pdf
201505010802,2015,東京,1,8,2,2015-02-22,https://www.jra.go.jp/datafile/seiseki/report/2015/2015-1tokyo8.pdf,official_daily_result_pdf
201505010803,2015,東京,1,8,3,2015-02-22,https://www.jra.go.jp/datafile/seiseki/report/2015/2015-1tokyo8.pdf,official_daily_result_pdf
201505010804,2015,東京,1,8,4,2015-02-22,https://www.jra.go.jp/datafile/seiseki/report/2015/2015-1tokyo8.pdf,official_daily_result_pdf
201505010805,2015,東京,1,8,5,2015-02-22,https://www.jra.go.jp/datafile/seiseki/report/2015/2015-1tokyo8.pdf,official_daily_result_pdf
201505010806,2015,東京,1,8,6,2015-02-22,https://www.jra.go.jp/datafile/seiseki/report/2015/2015-1tokyo8.pdf,official_daily_result_pdf
201505010807,2015,東京,1,8,7,2015-02-22,https://www.jra.go.jp/datafile/seiseki/report/2015/2015-1tokyo8.pdf,official_daily_result_pdf
201505010808,2015,東京,1,8,8,2015-02-22,https://www.jra.go.jp/datafile/seiseki/report/2015/2015-1tokyo8.pdf,official_daily_result_pdf
201505010809,2015,東京,1,8,9,2015-02-22,https://www.jra.go.jp/datafile/seiseki/report/2015/2015-1tokyo8.pdf,official_daily_result_pdf
201505010810,2015,東京,1,8,10,2015-02-22,https://www.jra.go.jp/datafile/seiseki/report/2015/2015-1tokyo8.pdf,official_daily_result_pdf
201505010811,2015,東京,1,8,11,2015-02-22,https://www.jra.go.jp/datafile/seiseki/report/2015/2015-1tokyo8.pdf,official_daily_result_pdf
201505010812,2015,東京,1,8,12,2015-02-22,https://www.jra.go.jp/datafile/seiseki/report/2015/2015-1tokyo8.pdf,official_daily_result_pdf
201505020101,2015,東京,2,1,1,2015-04-25,https://www.jra.go.jp/datafile/seiseki/report/2015/2015-2tokyo1.pdf,official_daily_result_pdf
201505020102,2015,東京,2,1,2,2015-04-25,https://www.jra.go.jp/datafile/seiseki/report/2015/2015-2tokyo1.pdf,official_daily_result_pdf
201505020103,2015,東京,2,1,3,2015-04-25,https://www.jra.go.jp/datafile/seiseki/report/2015/2015-2tokyo1.pdf,official_daily_result_pdf
201505020104,2015,東京,2,1,4,2015-04-25,https://www.jra.go.jp/datafile/seiseki/report/2015/2015-2tokyo1.pdf,official_daily_result_pdf
201505020105,2015,東京,2,1,5,2015-04-25,https://www.jra.go.jp/datafile/seiseki/report/2015/2015-2tokyo1.pdf,official_daily_result_pdf
201505020106,2015,東京,2,1,6,2015-04-25,https://www.jra.go.jp/datafile/seiseki/report/2015/2015-2tokyo1.pdf,official_daily_result_pdf
201505020107,2015,東京,2,1,7,2015-04-25,https://www.jra.go.jp/datafile/seiseki/report/2015/2015-2tokyo1.pdf,official_daily_result_pdf
201505020108,2015,東京,2,1,8,2015-04-25,https://www.jra.go.jp/datafile/seiseki/report/2015/2015-2tokyo1.pdf,official_daily_result_pdf
201505020109,2015,東京,2,1,9,2015-04-25,https://www.jra.go.jp/datafile/seiseki/report/2015/2015-2tokyo1.pdf,official_daily_result_pdf
201505020110,2015,東京,2,1,10,2015-04-25,https://www.jra.go.jp/datafile/seiseki/report/2015/2015-2tokyo1.pdf,official_daily_result_pdf
201505020111,2015,東京,2,1,11,2015-04-25,https://www.jra.go.jp/datafile/seiseki/report/2015/2015-2tokyo1.pdf,official_daily_result_pdf
201505020112,2015,東京,2,1,12,2015-04-25,https://www.jra.go.jp/datafile/seiseki/report/2015/2015-2tokyo1.pdf,official_daily_result_pdf
201505020201,2015,東京,2,2,1,2015-04-26,https://www.jra.go.jp/datafile/seiseki/report/2015/2015-2tokyo2.pdf,official_daily_result_pdf
201505020202,2015,東京,2,2,2,2015-04-26,https://www.jra.go.jp/datafile/seiseki/report/2015/2015-2tokyo2.pdf,official_daily_result_pdf
201505020203,2015,東京,2,2,3,2015-04-26,https://www.jra.go.jp/datafile/seiseki/report/2015/2015-2tokyo2.pdf,official_daily_result_pdf
201505020204,2015,東京,2,2,4,2015-04-26,https://www.jra.go.jp/datafile/seiseki/report/2015/2015-2tokyo2.pdf,official_daily_result_pdf
201505020205,2015,東京,2,2,5,2015-04-26,https://www.jra.go.jp/datafile/seiseki/report/2015/2015-2tokyo2.pdf,official_daily_result_pdf
201505020206,2015,東京,2,2,6,2015-04-26,https://www.jra.go.jp/datafile/seiseki/report/2015/2015-2tokyo2.pdf,official_daily_result_pdf
201505020207,2015,東京,2,2,7,2015-04-26,https://www.jra.go.jp/datafile/seiseki/report/2015/2015-2tokyo2.pdf,official_daily_result_pdf
201505020208,2015,東京,2,2,8,2015-04-26,https://www.jra.go.jp/datafile/seiseki/report/2015/2015-2tokyo2.pdf,official_daily_result_pdf
201505020209,2015,東京,2,2,9,2015-04-26,https://www.jra.go.jp/datafile/seiseki/report/2015/2015-2tokyo2.pdf,official_daily_result_pdf
201505020210,2015,東京,2,2,10,2015-04-26,https://www.jra.go.jp/datafile/seiseki/report/2015/2015-2tokyo2.pdf,official_daily_result_pdf
201505020211,2015,東京,2,2,11,2015-04-26,https://www.jra.go.jp/datafile/seiseki/report/2015/2015-2tokyo2.pdf,official_daily_result_pdf
201505020212,2015,東京,2,2,12,2015-04-26,https://www.jra.go.jp/datafile/seiseki/report/2015/2015-2tokyo2.pdf,official_daily_result_pdf
201505020301,2015,東京,2,3,1,2015-05-02,https://www.jra.go.jp/datafile/seiseki/report/2015/2015-2tokyo3.pdf,official_daily_result_pdf
201505020302,2015,東京,2,3,2,2015-05-02,https://www.jra.go.jp/datafile/seiseki/report/2015/2015-2tokyo3.pdf,official_daily_result_pdf
201505020303,2015,東京,2,3,3,2015-05-02,https://www.jra.go.jp/datafile/seiseki/report/2015/2015-2tokyo3.pdf,official_daily_result_pdf
201505020304,2015,東京,2,3,4,2015-05-02,https://www.jra.go.jp/datafile/seiseki/report/2015/2015-2tokyo3.pdf,official_daily_result_pdf
201505020305,2015,東京,2,3,5,2015-05-02,https://www.jra.go.jp/datafile/seiseki/report/2015/2015-2tokyo3.pdf,official_daily_result_pdf
201505020306,2015,東京,2,3,6,2015-05-02,https://www.jra.go.jp/datafile/seiseki/report/2015/2015-2tokyo3.pdf,official_daily_result_pdf
201505020307,2015,東京,2,3,7,2015-05-02,https://www.jra.go.jp/datafile/seiseki/report/2015/2015-2tokyo3.pdf,official_daily_result_pdf
201505020308,2015,東京,2,3,8,2015-05-02,https://www.jra.go.jp/datafile/seiseki/report/2015/2015-2tokyo3.pdf,official_daily_result_pdf
201505020309,2015,東京,2,3,9,2015-05-02,https://www.jra.go.jp/datafile/seiseki/report/2015/2015-2tokyo3.pdf,official_daily_result_pdf
201505020310,2015,東京,2,3,10,2015-05-02,https://www.jra.go.jp/datafile/seiseki/report/2015/2015-2tokyo3.pdf,official_daily_result_pdf
201505020311,2015,東京,2,3,11,2015-05-02,https://www.jra.go.jp/datafile/seiseki/report/2015/2015-2tokyo3.pdf,official_daily_result_pdf
201505020312,2015,東京,2,3,12,2015-05-02,https://www.jra.go.jp/datafile/seiseki/report/2015/2015-2tokyo3.pdf,official_daily_result_pdf
201505020401,2015,東京,2,4,1,2015-05-03,https://www.jra.go.jp/datafile/seiseki/report/2015/2015-2tokyo4.pdf,official_daily_result_pdf
201505020402,2015,東京,2,4,2,2015-05-03,https://www.jra.go.jp/datafile/seiseki/report/2015/2015-2tokyo4.pdf,official_daily_result_pdf
201505020403,2015,東京,2,4,3,2015-05-03,https://www.jra.go.jp/datafile/seiseki/report/2015/2015-2tokyo4.pdf,official_daily_result_pdf
201505020404,2015,東京,2,4,4,2015-05-03,https://www.jra.go.jp/datafile/seiseki/report/2015/2015-2tokyo4.pdf,official_daily_result_pdf
201505020405,2015,東京,2,4,5,2015-05-03,https://www.jra.go.jp/datafile/seiseki/report/2015/2015-2tokyo4.pdf,official_daily_result_pdf
201505020406,2015,東京,2,4,6,2015-05-03,https://www.jra.go.jp/datafile/seiseki/report/2015/2015-2tokyo4.pdf,official_daily_result_pdf
201505020407,2015,東京,2,4,7,2015-05-03,https://www.jra.go.jp/datafile/seiseki/report/2015/2015-2tokyo4.pdf,official_daily_result_pdf
201505020408,2015,東京,2,4,8,2015-05-03,https://www.jra.go.jp/datafile/seiseki/report/2015/2015-2tokyo4.pdf,official_daily_result_pdf
201505020409,2015,東京,2,4,9,2015-05-03,https://www.jra.go.jp/datafile/seiseki/report/2015/2015-2tokyo4.pdf,official_daily_result_pdf
201505020410,2015,東京,2,4,10,2015-05-03,https://www.jra.go.jp/datafile/seiseki/report/2015/2015-2tokyo4.pdf,official_daily_result_pdf
201505020411,2015,東京,2,4,11,2015-05-03,https://www.jra.go.jp/datafile/seiseki/report/2015/2015-2tokyo4.pdf,official_daily_result_pdf
201505020412,2015,東京,2,4,12,2015-05-03,https://www.jra.go.jp/datafile/seiseki/report/2015/2015-2tokyo4.pdf,official_daily_result_pdf
201505020501,2015,東京,2,5,1,2015-05-09,https://www.jra.go.jp/datafile/seiseki/report/2015/2015-2tokyo5.pdf,official_daily_result_pdf
201505020502,2015,東京,2,5,2,2015-05-09,https://www.jra.go.jp/datafile/seiseki/report/2015/2015-2tokyo5.pdf,official_daily_result_pdf
201505020503,2015,東京,2,5,3,2015-05-09,https://www.jra.go.jp/datafile/seiseki/report/2015/2015-2tokyo5.pdf,official_daily_result_pdf
201505020504,2015,東京,2,5,4,2015-05-09,https://www.jra.go.jp/datafile/seiseki/report/2015/2015-2tokyo5.pdf,official_daily_result_pdf
201505020505,2015,東京,2,5,5,2015-05-09,https://www.jra.go.jp/datafile/seiseki/report/2015/2015-2tokyo5.pdf,official_daily_result_pdf
201505020506,2015,東京,2,5,6,2015-05-09,https://www.jra.go.jp/datafile/seiseki/report/2015/2015-2tokyo5.pdf,official_daily_result_pdf
201505020507,2015,東京,2,5,7,2015-05-09,https://www.jra.go.jp/datafile/seiseki/report/2015/2015-2tokyo5.pdf,official_daily_result_pdf
201505020508,2015,東京,2,5,8,2015-05-09,https://www.jra.go.jp/datafile/seiseki/report/2015/2015-2tokyo5.pdf,official_daily_result_pdf
201505020509,2015,東京,2,5,9,2015-05-09,https://www.jra.go.jp/datafile/seiseki/report/2015/2015-2tokyo5.pdf,official_daily_result_pdf
201505020510,2015,東京,2,5,10,2015-05-09,https://www.jra.go.jp/datafile/seiseki/report/2015/2015-2tokyo5.pdf,official_daily_result_pdf
201505020511,2015,東京,2,5,11,2015-05-09,https://www.jra.go.jp/datafile/seiseki/report/2015/2015-2tokyo5.pdf,official_daily_result_pdf
201505020512,2015,東京,2,5,12,2015-05-09,https://www.jra.go.jp/datafile/seiseki/report/2015/2015-2tokyo5.pdf,official_daily_result_pdf
201505020601,2015,東京,2,6,1,2015-05-10,https://www.jra.go.jp/datafile/seiseki/report/2015/2015-2tokyo6.pdf,official_daily_result_pdf
201505020602,2015,東京,2,6,2,2015-05-10,https://www.jra.go.jp/datafile/seiseki/report/2015/2015-2tokyo6.pdf,official_daily_result_pdf
201505020603,2015,東京,2,6,3,2015-05-10,https://www.jra.go.jp/datafile/seiseki/report/2015/2015-2tokyo6.pdf,official_daily_result_pdf
201505020604,2015,東京,2,6,4,2015-05-10,https://www.jra.go.jp/datafile/seiseki/report/2015/2015-2tokyo6.pdf,official_daily_result_pdf
201505020605,2015,東京,2,6,5,2015-05-10,https://www.jra.go.jp/datafile/seiseki/report/2015/2015-2tokyo6.pdf,official_daily_result_pdf
201505020606,2015,東京,2,6,6,2015-05-10,https://www.jra.go.jp/datafile/seiseki/report/2015/2015-2tokyo6.pdf,official_daily_result_pdf
201505020607,2015,東京,2,6,7,2015-05-10,https://www.jra.go.jp/datafile/seiseki/report/2015/2015-2tokyo6.pdf,official_daily_result_pdf
201505020608,2015,東京,2,6,8,2015-05-10,https://www.jra.go.jp/datafile/seiseki/report/2015/2015-2tokyo6.pdf,official_daily_result_pdf
201505020609,2015,東京,2,6,9,2015-05-10,https://www.jra.go.jp/datafile/seiseki/report/2015/2015-2tokyo6.pdf,official_daily_result_pdf
201505020610,2015,東京,2,6,10,2015-05-10,https://www.jra.go.jp/datafile/seiseki/report/2015/2015-2tokyo6.pdf,official_daily_result_pdf
201505020611,2015,東京,2,6,11,2015-05-10,https://www.jra.go.jp/datafile/seiseki/report/2015/2015-2tokyo6.pdf,official_daily_result_pdf
201505020612,2015,東京,2,6,12,2015-05-10,https://www.jra.go.jp/datafile/seiseki/report/2015/2015-2tokyo6.pdf,official_daily_result_pdf
201505020701,2015,東京,2,7,1,2015-05-16,https://www.jra.go.jp/datafile/seiseki/report/2015/2015-2tokyo7.pdf,official_daily_result_pdf
201505020702,2015,東京,2,7,2,2015-05-16,https://www.jra.go.jp/datafile/seiseki/report/2015/2015-2tokyo7.pdf,official_daily_result_pdf
201505020703,2015,東京,2,7,3,2015-05-16,https://www.jra.go.jp/datafile/seiseki/report/2015/2015-2tokyo7.pdf,official_daily_result_pdf
201505020704,2015,東京,2,7,4,2015-05-16,https://www.jra.go.jp/datafile/seiseki/report/2015/2015-2tokyo7.pdf,official_daily_result_pdf
201505020705,2015,東京,2,7,5,2015-05-16,https://www.jra.go.jp/datafile/seiseki/report/2015/2015-2tokyo7.pdf,official_daily_result_pdf
201505020706,2015,東京,2,7,6,2015-05-16,https://www.jra.go.jp/datafile/seiseki/report/2015/2015-2tokyo7.pdf,official_daily_result_pdf
201505020707,2015,東京,2,7,7,2015-05-16,https://www.jra.go.jp/datafile/seiseki/report/2015/2015-2tokyo7.pdf,official_daily_result_pdf
201505020708,2015,東京,2,7,8,2015-05-16,https://www.jra.go.jp/datafile/seiseki/report/2015/2015-2tokyo7.pdf,official_daily_result_pdf
201505020709,2015,東京,2,7,9,2015-05-16,https://www.jra.go.jp/datafile/seiseki/report/2015/2015-2tokyo7.pdf,official_daily_result_pdf
201505020710,2015,東京,2,7,10,2015-05-16,https://www.jra.go.jp/datafile/seiseki/report/2015/2015-2tokyo7.pdf,official_daily_result_pdf
201505020711,2015,東京,2,7,11,2015-05-16,https://www.jra.go.jp/datafile/seiseki/report/2015/2015-2tokyo7.pdf,official_daily_result_pdf
201505020712,2015,東京,2,7,12,2015-05-16,https://www.jra.go.jp/datafile/seiseki/report/2015/2015-2tokyo7.pdf,official_daily_result_pdf
201505020801,2015,東京,2,8,1,2015-05-17,https://www.jra.go.jp/datafile/seiseki/report/2015/2015-2tokyo8.pdf,official_daily_result_pdf
201505020802,2015,東京,2,8,2,2015-05-17,https://www.jra.go.jp/datafile/seiseki/report/2015/2015-2tokyo8.pdf,official_daily_result_pdf
201505020803,2015,東京,2,8,3,2015-05-17,https://www.jra.go.jp/datafile/seiseki/report/2015/2015-2tokyo8.pdf,official_daily_result_pdf
201505020804,2015,東京,2,8,4,2015-05-17,https://www.jra.go.jp/datafile/seiseki/report/2015/2015-2tokyo8.pdf,official_daily_result_pdf
201505020805,2015,東京,2,8,5,2015-05-17,https://www.jra.go.jp/datafile/seiseki/report/2015/2015-2tokyo8.pdf,official_daily_result_pdf
201505020806,2015,東京,2,8,6,2015-05-17,https://www.jra.go.jp/datafile/seiseki/report/2015/2015-2tokyo8.pdf,official_daily_result_pdf
201505020807,2015,東京,2,8,7,2015-05-17,https://www.jra.go.jp/datafile/seiseki/report/2015/2015-2tokyo8.pdf,official_daily_result_pdf
201505020808,2015,東京,2,8,8,2015-05-17,https://www.jra.go.jp/datafile/seiseki/report/2015/2015-2tokyo8.pdf,official_daily_result_pdf
201505020809,2015,東京,2,8,9,2015-05-17,https://www.jra.go.jp/datafile/seiseki/report/2015/2015-2tokyo8.pdf,official_daily_result_pdf
201505020810,2015,東京,2,8,10,2015-05-17,https://www.jra.go.jp/datafile/seiseki/report/2015/2015-2tokyo8.pdf,official_daily_result_pdf
201505020811,2015,東京,2,8,11,2015-05-17,https://www.jra.go.jp/datafile/seiseki/report/2015/2015-2tokyo8.pdf,official_daily_result_pdf
201505020812,2015,東京,2,8,12,2015-05-17,https://www.jra.go.jp/datafile/seiseki/report/2015/2015-2tokyo8.pdf,official_daily_result_pdf
201505020901,2015,東京,2,9,1,2015-05-23,https://www.jra.go.jp/datafile/seiseki/report/2015/2015-2tokyo9.pdf,official_daily_result_pdf
201505020902,2015,東京,2,9,2,2015-05-23,https://www.jra.go.jp/datafile/seiseki/report/2015/2015-2tokyo9.pdf,official_daily_result_pdf
201505020903,2015,東京,2,9,3,2015-05-23,https://www.jra.go.jp/datafile/seiseki/report/2015/2015-2tokyo9.pdf,official_daily_result_pdf
201505020904,2015,東京,2,9,4,2015-05-23,https://www.jra.go.jp/datafile/seiseki/report/2015/2015-2tokyo9.pdf,official_daily_result_pdf
201505020905,2015,東京,2,9,5,2015-05-23,https://www.jra.go.jp/datafile/seiseki/report/2015/2015-2tokyo9.pdf,official_daily_result_pdf
201505020906,2015,東京,2,9,6,2015-05-23,https://www.jra.go.jp/datafile/seiseki/report/2015/2015-2tokyo9.pdf,official_daily_result_pdf
201505020907,2015,東京,2,9,7,2015-05-23,https://www.jra.go.jp/datafile/seiseki/report/2015/2015-2tokyo9.pdf,official_daily_result_pdf
201505020908,2015,東京,2,9,8,2015-05-23,https://www.jra.go.jp/datafile/seiseki/report/2015/2015-2tokyo9.pdf,official_daily_result_pdf
201505020909,2015,東京,2,9,9,2015-05-23,https://www.jra.go.jp/datafile/seiseki/report/2015/2015-2tokyo9.pdf,official_daily_result_pdf
201505020910,2015,東京,2,9,10,2015-05-23,https://www.jra.go.jp/datafile/seiseki/report/2015/2015-2tokyo9.pdf,official_daily_result_pdf
201505020911,2015,東京,2,9,11,2015-05-23,https://www.jra.go.jp/datafile/seiseki/report/2015/2015-2tokyo9.pdf,official_daily_result_pdf
201505020912,2015,東京,2,9,12,2015-05-23,https://www.jra.go.jp/datafile/seiseki/report/2015/2015-2tokyo9.pdf,official_daily_result_pdf
201505021001,2015,東京,2,10,1,2015-05-24,https://www.jra.go.jp/datafile/seiseki/report/2015/2015-2tokyo10.pdf,official_daily_result_pdf
201505021002,2015,東京,2,10,2,2015-05-24,https://www.jra.go.jp/datafile/seiseki/report/2015/2015-2tokyo10.pdf,official_daily_result_pdf
201505021003,2015,東京,2,10,3,2015-05-24,https://www.jra.go.jp/datafile/seiseki/report/2015/2015-2tokyo10.pdf,official_daily_result_pdf
201505021004,2015,東京,2,10,4,2015-05-24,https://www.jra.go.jp/datafile/seiseki/report/2015/2015-2tokyo10.pdf,official_daily_result_pdf
201505021005,2015,東京,2,10,5,2015-05-24,https://www.jra.go.jp/datafile/seiseki/report/2015/2015-2tokyo10.pdf,official_daily_result_pdf
201505021006,2015,東京,2,10,6,2015-05-24,https://www.jra.go.jp/datafile/seiseki/report/2015/2015-2tokyo10.pdf,official_daily_result_pdf
201505021007,2015,東京,2,10,7,2015-05-24,https://www.jra.go.jp/datafile/seiseki/report/2015/2015-2tokyo10.pdf,official_daily_result_pdf
201505021008,2015,東京,2,10,8,2015-05-24,https://www.jra.go.jp/datafile/seiseki/report/2015/2015-2tokyo10.pdf,official_daily_result_pdf
201505021009,2015,東京,2,10,9,2015-05-24,https://www.jra.go.jp/datafile/seiseki/report/2015/2015-2tokyo10.pdf,official_daily_result_pdf
201505021010,2015,東京,2,10,10,2015-05-24,https://www.jra.go.jp/datafile/seiseki/report/2015/2015-2tokyo10.pdf,official_daily_result_pdf
201505021011,2015,東京,2,10,11,2015-05-24,https://www.jra.go.jp/datafile/seiseki/report/2015/2015-2tokyo10.pdf,official_daily_result_pdf
201505021012,2015,東京,2,10,12,2015-05-24,https://www.jra.go.jp/datafile/seiseki/report/2015/2015-2tokyo10.pdf,official_daily_result_pdf
201505021101,2015,東京,2,11,1,2015-05-30,https://www.jra.go.jp/datafile/seiseki/report/2015/2015-2tokyo11.pdf,official_daily_result_pdf
201505021102,2015,東京,2,11,2,2015-05-30,https://www.jra.go.jp/datafile/seiseki/report/2015/2015-2tokyo11.pdf,official_daily_result_pdf
201505021103,2015,東京,2,11,3,2015-05-30,https://www.jra.go.jp/datafile/seiseki/report/2015/2015-2tokyo11.pdf,official_daily_result_pdf
201505021104,2015,東京,2,11,4,2015-05-30,https://www.jra.go.jp/datafile/seiseki/report/2015/2015-2tokyo11.pdf,official_daily_result_pdf
201505021105,2015,東京,2,11,5,2015-05-30,https://www.jra.go.jp/datafile/seiseki/report/2015/2015-2tokyo11.pdf,official_daily_result_pdf
201505021106,2015,東京,2,11,6,2015-05-30,https://www.jra.go.jp/datafile/seiseki/report/2015/2015-2tokyo11.pdf,official_daily_result_pdf
201505021107,2015,東京,2,11,7,2015-05-30,https://www.jra.go.jp/datafile/seiseki/report/2015/2015-2tokyo11.pdf,official_daily_result_pdf
201505021108,2015,東京,2,11,8,2015-05-30,https://www.jra.go.jp/datafile/seiseki/report/2015/2015-2tokyo11.pdf,official_daily_result_pdf
201505021109,2015,東京,2,11,9,2015-05-30,https://www.jra.go.jp/datafile/seiseki/report/2015/2015-2tokyo11.pdf,official_daily_result_pdf
201505021110,2015,東京,2,11,10,2015-05-30,https://www.jra.go.jp/datafile/seiseki/report/2015/2015-2tokyo11.pdf,official_daily_result_pdf
201505021111,2015,東京,2,11,11,2015-05-30,https://www.jra.go.jp/datafile/seiseki/report/2015/2015-2tokyo11.pdf,official_daily_result_pdf
201505021112,2015,東京,2,11,12,2015-05-30,https://www.jra.go.jp/datafile/seiseki/report/2015/2015-2tokyo11.pdf,official_daily_result_pdf
201505021201,2015,東京,2,12,1,2015-05-31,https://www.jra.go.jp/datafile/seiseki/report/2015/2015-2tokyo12.pdf,official_daily_result_pdf
201505021202,2015,東京,2,12,2,2015-05-31,https://www.jra.go.jp/datafile/seiseki/report/2015/2015-2tokyo12.pdf,official_daily_result_pdf
201505021203,2015,東京,2,12,3,2015-05-31,https://www.jra.go.jp/datafile/seiseki/report/2015/2015-2tokyo12.pdf,official_daily_result_pdf
201505021204,2015,東京,2,12,4,2015-05-31,https://www.jra.go.jp/datafile/seiseki/report/2015/2015-2tokyo12.pdf,official_daily_result_pdf
201505021205,2015,東京,2,12,5,2015-05-31,https://www.jra.go.jp/datafile/seiseki/report/2015/2015-2tokyo12.pdf,official_daily_result_pdf
201505021206,2015,東京,2,12,6,2015-05-31,https://www.jra.go.jp/datafile/seiseki/report/2015/2015-2tokyo12.pdf,official_daily_result_pdf
201505021207,2015,東京,2,12,7,2015-05-31,https://www.jra.go.jp/datafile/seiseki/report/2015/2015-2tokyo12.pdf,official_daily_result_pdf
201505021208,2015,東京,2,12,8,2015-05-31,https://www.jra.go.jp/datafile/seiseki/report/2015/2015-2tokyo12.pdf,official_daily_result_pdf
201505021209,2015,東京,2,12,9,2015-05-31,https://www.jra.go.jp/datafile/seiseki/report/2015/2015-2tokyo12.pdf,official_daily_result_pdf
201505021210,2015,東京,2,12,10,2015-05-31,https://www.jra.go.jp/datafile/seiseki/report/2015/2015-2tokyo12.pdf,official_daily_result_pdf
201505021211,2015,東京,2,12,11,2015-05-31,https://www.jra.go.jp/datafile/seiseki/report/2015/2015-2tokyo12.pdf,official_daily_result_pdf
201505021212,2015,東京,2,12,12,2015-05-31,https://www.jra.go.jp/datafile/seiseki/report/2015/2015-2tokyo12.pdf,official_daily_result_pdf
201505030101,2015,東京,3,1,1,2015-06-06,https://www.jra.go.jp/datafile/seiseki/report/2015/2015-3tokyo1.pdf,official_daily_result_pdf
201505030102,2015,東京,3,1,2,2015-06-06,https://www.jra.go.jp/datafile/seiseki/report/2015/2015-3tokyo1.pdf,official_daily_result_pdf
201505030103,2015,東京,3,1,3,2015-06-06,https://www.jra.go.jp/datafile/seiseki/report/2015/2015-3tokyo1.pdf,official_daily_result_pdf
201505030104,2015,東京,3,1,4,2015-06-06,https://www.jra.go.jp/datafile/seiseki/report/2015/2015-3tokyo1.pdf,official_daily_result_pdf
201505030105,2015,東京,3,1,5,2015-06-06,https://www.jra.go.jp/datafile/seiseki/report/2015/2015-3tokyo1.pdf,official_daily_result_pdf
201505030106,2015,東京,3,1,6,2015-06-06,https://www.jra.go.jp/datafile/seiseki/report/2015/2015-3tokyo1.pdf,official_daily_result_pdf
201505030107,2015,東京,3,1,7,2015-06-06,https://www.jra.go.jp/datafile/seiseki/report/2015/2015-3tokyo1.pdf,official_daily_result_pdf
201505030108,2015,東京,3,1,8,2015-06-06,https://www.jra.go.jp/datafile/seiseki/report/2015/2015-3tokyo1.pdf,official_daily_result_pdf
201505030109,2015,東京,3,1,9,2015-06-06,https://www.jra.go.jp/datafile/seiseki/report/2015/2015-3tokyo1.pdf,official_daily_result_pdf
201505030110,2015,東京,3,1,10,2015-06-06,https://www.jra.go.jp/datafile/seiseki/report/2015/2015-3tokyo1.pdf,official_daily_result_pdf
201505030111,2015,東京,3,1,11,2015-06-06,https://www.jra.go.jp/datafile/seiseki/report/2015/2015-3tokyo1.pdf,official_daily_result_pdf
201505030112,2015,東京,3,1,12,2015-06-06,https://www.jra.go.jp/datafile/seiseki/report/2015/2015-3tokyo1.pdf,official_daily_result_pdf
201505030201,2015,東京,3,2,1,2015-06-07,https://www.jra.go.jp/datafile/seiseki/report/2015/2015-3tokyo2.pdf,official_daily_result_pdf
201505030202,2015,東京,3,2,2,2015-06-07,https://www.jra.go.jp/datafile/seiseki/report/2015/2015-3tokyo2.pdf,official_daily_result_pdf
201505030203,2015,東京,3,2,3,2015-06-07,https://www.jra.go.jp/datafile/seiseki/report/2015/2015-3tokyo2.pdf,official_daily_result_pdf
201505030204,2015,東京,3,2,4,2015-06-07,https://www.jra.go.jp/datafile/seiseki/report/2015/2015-3tokyo2.pdf,official_daily_result_pdf
201505030205,2015,東京,3,2,5,2015-06-07,https://www.jra.go.jp/datafile/seiseki/report/2015/2015-3tokyo2.pdf,official_daily_result_pdf
201505030206,2015,東京,3,2,6,2015-06-07,https://www.jra.go.jp/datafile/seiseki/report/2015/2015-3tokyo2.pdf,official_daily_result_pdf
201505030207,2015,東京,3,2,7,2015-06-07,https://www.jra.go.jp/datafile/seiseki/report/2015/2015-3tokyo2.pdf,official_daily_result_pdf
201505030208,2015,東京,3,2,8,2015-06-07,https://www.jra.go.jp/datafile/seiseki/report/2015/2015-3tokyo2.pdf,official_daily_result_pdf
201505030209,2015,東京,3,2,9,2015-06-07,https://www.jra.go.jp/datafile/seiseki/report/2015/2015-3tokyo2.pdf,official_daily_result_pdf
201505030210,2015,東京,3,2,10,2015-06-07,https://www.jra.go.jp/datafile/seiseki/report/2015/2015-3tokyo2.pdf,official_daily_result_pdf
201505030211,2015,東京,3,2,11,2015-06-07,https://www.jra.go.jp/datafile/seiseki/report/2015/2015-3tokyo2.pdf,official_daily_result_pdf
201505030212,2015,東京,3,2,12,2015-06-07,https://www.jra.go.jp/datafile/seiseki/report/2015/2015-3tokyo2.pdf,official_daily_result_pdf
201505030301,2015,東京,3,3,1,2015-06-13,https://www.jra.go.jp/datafile/seiseki/report/2015/2015-3tokyo3.pdf,official_daily_result_pdf
201505030302,2015,東京,3,3,2,2015-06-13,https://www.jra.go.jp/datafile/seiseki/report/2015/2015-3tokyo3.pdf,official_daily_result_pdf
201505030303,2015,東京,3,3,3,2015-06-13,https://www.jra.go.jp/datafile/seiseki/report/2015/2015-3tokyo3.pdf,official_daily_result_pdf
201505030304,2015,東京,3,3,4,2015-06-13,https://www.jra.go.jp/datafile/seiseki/report/2015/2015-3tokyo3.pdf,official_daily_result_pdf
201505030305,2015,東京,3,3,5,2015-06-13,https://www.jra.go.jp/datafile/seiseki/report/2015/2015-3tokyo3.pdf,official_daily_result_pdf
201505030306,2015,東京,3,3,6,2015-06-13,https://www.jra.go.jp/datafile/seiseki/report/2015/2015-3tokyo3.pdf,official_daily_result_pdf
201505030307,2015,東京,3,3,7,2015-06-13,https://www.jra.go.jp/datafile/seiseki/report/2015/2015-3tokyo3.pdf,official_daily_result_pdf
201505030308,2015,東京,3,3,8,2015-06-13,https://www.jra.go.jp/datafile/seiseki/report/2015/2015-3tokyo3.pdf,official_daily_result_pdf
201505030309,2015,東京,3,3,9,2015-06-13,https://www.jra.go.jp/datafile/seiseki/report/2015/2015-3tokyo3.pdf,official_daily_result_pdf
201505030310,2015,東京,3,3,10,2015-06-13,https://www.jra.go.jp/datafile/seiseki/report/2015/2015-3tokyo3.pdf,official_daily_result_pdf
201505030311,2015,東京,3,3,11,2015-06-13,https://www.jra.go.jp/datafile/seiseki/report/2015/2015-3tokyo3.pdf,official_daily_result_pdf
201505030312,2015,東京,3,3,12,2015-06-13,https://www.jra.go.jp/datafile/seiseki/report/2015/2015-3tokyo3.pdf,official_daily_result_pdf
201505030401,2015,東京,3,4,1,2015-06-14,https://www.jra.go.jp/datafile/seiseki/report/2015/2015-3tokyo4.pdf,official_daily_result_pdf
201505030402,2015,東京,3,4,2,2015-06-14,https://www.jra.go.jp/datafile/seiseki/report/2015/2015-3tokyo4.pdf,official_daily_result_pdf
201505030403,2015,東京,3,4,3,2015-06-14,https://www.jra.go.jp/datafile/seiseki/report/2015/2015-3tokyo4.pdf,official_daily_result_pdf
201505030404,2015,東京,3,4,4,2015-06-14,https://www.jra.go.jp/datafile/seiseki/report/2015/2015-3tokyo4.pdf,official_daily_result_pdf
201505030405,2015,東京,3,4,5,2015-06-14,https://www.jra.go.jp/datafile/seiseki/report/2015/2015-3tokyo4.pdf,official_daily_result_pdf
201505030406,2015,東京,3,4,6,2015-06-14,https://www.jra.go.jp/datafile/seiseki/report/2015/2015-3tokyo4.pdf,official_daily_result_pdf
201505030407,2015,東京,3,4,7,2015-06-14,https://www.jra.go.jp/datafile/seiseki/report/2015/2015-3tokyo4.pdf,official_daily_result_pdf
201505030408,2015,東京,3,4,8,2015-06-14,https://www.jra.go.jp/datafile/seiseki/report/2015/2015-3tokyo4.pdf,official_daily_result_pdf
201505030409,2015,東京,3,4,9,2015-06-14,https://www.jra.go.jp/datafile/seiseki/report/2015/2015-3tokyo4.pdf,official_daily_result_pdf
201505030410,2015,東京,3,4,10,2015-06-14,https://www.jra.go.jp/datafile/seiseki/report/2015/2015-3tokyo4.pdf,official_daily_result_pdf
201505030411,2015,東京,3,4,11,2015-06-14,https://www.jra.go.jp/datafile/seiseki/report/2015/2015-3tokyo4.pdf,official_daily_result_pdf
201505030412,2015,東京,3,4,12,2015-06-14,https://www.jra.go.jp/datafile/seiseki/report/2015/2015-3tokyo4.pdf,official_daily_result_pdf
201505030501,2015,東京,3,5,1,2015-06-20,https://www.jra.go.jp/datafile/seiseki/report/2015/2015-3tokyo5.pdf,official_daily_result_pdf
201505030502,2015,東京,3,5,2,2015-06-20,https://www.jra.go.jp/datafile/seiseki/report/2015/2015-3tokyo5.pdf,official_daily_result_pdf
201505030503,2015,東京,3,5,3,2015-06-20,https://www.jra.go.jp/datafile/seiseki/report/2015/2015-3tokyo5.pdf,official_daily_result_pdf
201505030504,2015,東京,3,5,4,2015-06-20,https://www.jra.go.jp/datafile/seiseki/report/2015/2015-3tokyo5.pdf,official_daily_result_pdf
201505030505,2015,東京,3,5,5,2015-06-20,https://www.jra.go.jp/datafile/seiseki/report/2015/2015-3tokyo5.pdf,official_daily_result_pdf
201505030506,2015,東京,3,5,6,2015-06-20,https://www.jra.go.jp/datafile/seiseki/report/2015/2015-3tokyo5.pdf,official_daily_result_pdf
201505030507,2015,東京,3,5,7,2015-06-20,https://www.jra.go.jp/datafile/seiseki/report/2015/2015-3tokyo5.pdf,official_daily_result_pdf
201505030508,2015,東京,3,5,8,2015-06-20,https://www.jra.go.jp/datafile/seiseki/report/2015/2015-3tokyo5.pdf,official_daily_result_pdf
201505030509,2015,東京,3,5,9,2015-06-20,https://www.jra.go.jp/datafile/seiseki/report/2015/2015-3tokyo5.pdf,official_daily_result_pdf
201505030510,2015,東京,3,5,10,2015-06-20,https://www.jra.go.jp/datafile/seiseki/report/2015/2015-3tokyo5.pdf,official_daily_result_pdf
201505030511,2015,東京,3,5,11,2015-06-20,https://www.jra.go.jp/datafile/seiseki/report/2015/2015-3tokyo5.pdf,official_daily_result_pdf
201505030512,2015,東京,3,5,12,2015-06-20,https://www.jra.go.jp/datafile/seiseki/report/2015/2015-3tokyo5.pdf,official_daily_result_pdf
201505030601,2015,東京,3,6,1,2015-06-21,https://www.jra.go.jp/datafile/seiseki/report/2015/2015-3tokyo6.pdf,official_daily_result_pdf
201505030602,2015,東京,3,6,2,2015-06-21,https://www.jra.go.jp/datafile/seiseki/report/2015/2015-3tokyo6.pdf,official_daily_result_pdf
201505030603,2015,東京,3,6,3,2015-06-21,https://www.jra.go.jp/datafile/seiseki/report/2015/2015-3tokyo6.pdf,official_daily_result_pdf
201505030604,2015,東京,3,6,4,2015-06-21,https://www.jra.go.jp/datafile/seiseki/report/2015/2015-3tokyo6.pdf,official_daily_result_pdf
201505030605,2015,東京,3,6,5,2015-06-21,https://www.jra.go.jp/datafile/seiseki/report/2015/2015-3tokyo6.pdf,official_daily_result_pdf
201505030606,2015,東京,3,6,6,2015-06-21,https://www.jra.go.jp/datafile/seiseki/report/2015/2015-3tokyo6.pdf,official_daily_result_pdf
201505030607,2015,東京,3,6,7,2015-06-21,https://www.jra.go.jp/datafile/seiseki/report/2015/2015-3tokyo6.pdf,official_daily_result_pdf
201505030608,2015,東京,3,6,8,2015-06-21,https://www.jra.go.jp/datafile/seiseki/report/2015/2015-3tokyo6.pdf,official_daily_result_pdf
201505030609,2015,東京,3,6,9,2015-06-21,https://www.jra.go.jp/datafile/seiseki/report/2015/2015-3tokyo6.pdf,official_daily_result_pdf
201505030610,2015,東京,3,6,10,2015-06-21,https://www.jra.go.jp/datafile/seiseki/report/2015/2015-3tokyo6.pdf,official_daily_result_pdf
201505030611,2015,東京,3,6,11,2015-06-21,https://www.jra.go.jp/datafile/seiseki/report/2015/2015-3tokyo6.pdf,official_daily_result_pdf
201505030612,2015,東京,3,6,12,2015-06-21,https://www.jra.go.jp/datafile/seiseki/report/2015/2015-3tokyo6.pdf,official_daily_result_pdf
201505030701,2015,東京,3,7,1,2015-06-27,https://www.jra.go.jp/datafile/seiseki/report/2015/2015-3tokyo7.pdf,official_daily_result_pdf
201505030702,2015,東京,3,7,2,2015-06-27,https://www.jra.go.jp/datafile/seiseki/report/2015/2015-3tokyo7.pdf,official_daily_result_pdf
201505030703,2015,東京,3,7,3,2015-06-27,https://www.jra.go.jp/datafile/seiseki/report/2015/2015-3tokyo7.pdf,official_daily_result_pdf
201505030704,2015,東京,3,7,4,2015-06-27,https://www.jra.go.jp/datafile/seiseki/report/2015/2015-3tokyo7.pdf,official_daily_result_pdf
201505030705,2015,東京,3,7,5,2015-06-27,https://www.jra.go.jp/datafile/seiseki/report/2015/2015-3tokyo7.pdf,official_daily_result_pdf
201505030706,2015,東京,3,7,6,2015-06-27,https://www.jra.go.jp/datafile/seiseki/report/2015/2015-3tokyo7.pdf,official_daily_result_pdf
201505030707,2015,東京,3,7,7,2015-06-27,https://www.jra.go.jp/datafile/seiseki/report/2015/2015-3tokyo7.pdf,official_daily_result_pdf
201505030708,2015,東京,3,7,8,2015-06-27,https://www.jra.go.jp/datafile/seiseki/report/2015/2015-3tokyo7.pdf,official_daily_result_pdf
201505030709,2015,東京,3,7,9,2015-06-27,https://www.jra.go.jp/datafile/seiseki/report/2015/2015-3tokyo7.pdf,official_daily_result_pdf
201505030710,2015,東京,3,7,10,2015-06-27,https://www.jra.go.jp/datafile/seiseki/report/2015/2015-3tokyo7.pdf,official_daily_result_pdf
201505030711,2015,東京,3,7,11,2015-06-27,https://www.jra.go.jp/datafile/seiseki/report/2015/2015-3tokyo7.pdf,official_daily_result_pdf
201505030712,2015,東京,3,7,12,2015-06-27,https://www.jra.go.jp/datafile/seiseki/report/2015/2015-3tokyo7.pdf,official_daily_result_pdf
201505030801,2015,東京,3,8,1,2015-06-28,https://www.jra.go.jp/datafile/seiseki/report/2015/2015-3tokyo8.pdf,official_daily_result_pdf
201505030802,2015,東京,3,8,2,2015-06-28,https://www.jra.go.jp/datafile/seiseki/report/2015/2015-3tokyo8.pdf,official_daily_result_pdf
201505030803,2015,東京,3,8,3,2015-06-28,https://www.jra.go.jp/datafile/seiseki/report/2015/2015-3tokyo8.pdf,official_daily_result_pdf
201505030804,2015,東京,3,8,4,2015-06-28,https://www.jra.go.jp/datafile/seiseki/report/2015/2015-3tokyo8.pdf,official_daily_result_pdf
201505030805,2015,東京,3,8,5,2015-06-28,https://www.jra.go.jp/datafile/seiseki/report/2015/2015-3tokyo8.pdf,official_daily_result_pdf
201505030806,2015,東京,3,8,6,2015-06-28,https://www.jra.go.jp/datafile/seiseki/report/2015/2015-3tokyo8.pdf,official_daily_result_pdf
201505030807,2015,東京,3,8,7,2015-06-28,https://www.jra.go.jp/datafile/seiseki/report/2015/2015-3tokyo8.pdf,official_daily_result_pdf
201505030808,2015,東京,3,8,8,2015-06-28,https://www.jra.go.jp/datafile/seiseki/report/2015/2015-3tokyo8.pdf,official_daily_result_pdf
201505030809,2015,東京,3,8,9,2015-06-28,https://www.jra.go.jp/datafile/seiseki/report/2015/2015-3tokyo8.pdf,official_daily_result_pdf
201505030810,2015,東京,3,8,10,2015-06-28,https://www.jra.go.jp/datafile/seiseki/report/2015/2015-3tokyo8.pdf,official_daily_result_pdf
201505030811,2015,東京,3,8,11,2015-06-28,https://www.jra.go.jp/datafile/seiseki/report/2015/2015-3tokyo8.pdf,official_daily_result_pdf
201505030812,2015,東京,3,8,12,2015-06-28,https://www.jra.go.jp/datafile/seiseki/report/2015/2015-3tokyo8.pdf,official_daily_result_pdf
201505040101,2015,東京,4,1,1,2015-10-10,https://www.jra.go.jp/datafile/seiseki/report/2015/2015-4tokyo1.pdf,official_daily_result_pdf
201505040102,2015,東京,4,1,2,2015-10-10,https://www.jra.go.jp/datafile/seiseki/report/2015/2015-4tokyo1.pdf,official_daily_result_pdf
201505040103,2015,東京,4,1,3,2015-10-10,https://www.jra.go.jp/datafile/seiseki/report/2015/2015-4tokyo1.pdf,official_daily_result_pdf
201505040104,2015,東京,4,1,4,2015-10-10,https://www.jra.go.jp/datafile/seiseki/report/2015/2015-4tokyo1.pdf,official_daily_result_pdf
201505040105,2015,東京,4,1,5,2015-10-10,https://www.jra.go.jp/datafile/seiseki/report/2015/2015-4tokyo1.pdf,official_daily_result_pdf
201505040106,2015,東京,4,1,6,2015-10-10,https://www.jra.go.jp/datafile/seiseki/report/2015/2015-4tokyo1.pdf,official_daily_result_pdf
201505040107,2015,東京,4,1,7,2015-10-10,https://www.jra.go.jp/datafile/seiseki/report/2015/2015-4tokyo1.pdf,official_daily_result_pdf
201505040108,2015,東京,4,1,8,2015-10-10,https://www.jra.go.jp/datafile/seiseki/report/2015/2015-4tokyo1.pdf,official_daily_result_pdf
201505040109,2015,東京,4,1,9,2015-10-10,https://www.jra.go.jp/datafile/seiseki/report/2015/2015-4tokyo1.pdf,official_daily_result_pdf
201505040110,2015,東京,4,1,10,2015-10-10,https://www.jra.go.jp/datafile/seiseki/report/2015/2015-4tokyo1.pdf,official_daily_result_pdf
201505040111,2015,東京,4,1,11,2015-10-10,https://www.jra.go.jp/datafile/seiseki/report/2015/2015-4tokyo1.pdf,official_daily_result_pdf
201505040112,2015,東京,4,1,12,2015-10-10,https://www.jra.go.jp/datafile/seiseki/report/2015/2015-4tokyo1.pdf,official_daily_result_pdf
201505040201,2015,東京,4,2,1,2015-10-11,https://www.jra.go.jp/datafile/seiseki/report/2015/2015-4tokyo2.pdf,official_daily_result_pdf
201505040202,2015,東京,4,2,2,2015-10-11,https://www.jra.go.jp/datafile/seiseki/report/2015/2015-4tokyo2.pdf,official_daily_result_pdf
201505040203,2015,東京,4,2,3,2015-10-11,https://www.jra.go.jp/datafile/seiseki/report/2015/2015-4tokyo2.pdf,official_daily_result_pdf
201505040204,2015,東京,4,2,4,2015-10-11,https://www.jra.go.jp/datafile/seiseki/report/2015/2015-4tokyo2.pdf,official_daily_result_pdf
201505040205,2015,東京,4,2,5,2015-10-11,https://www.jra.go.jp/datafile/seiseki/report/2015/2015-4tokyo2.pdf,official_daily_result_pdf
201505040206,2015,東京,4,2,6,2015-10-11,https://www.jra.go.jp/datafile/seiseki/report/2015/2015-4tokyo2.pdf,official_daily_result_pdf
201505040207,2015,東京,4,2,7,2015-10-11,https://www.jra.go.jp/datafile/seiseki/report/2015/2015-4tokyo2.pdf,official_daily_result_pdf
201505040208,2015,東京,4,2,8,2015-10-11,https://www.jra.go.jp/datafile/seiseki/report/2015/2015-4tokyo2.pdf,official_daily_result_pdf
201505040209,2015,東京,4,2,9,2015-10-11,https://www.jra.go.jp/datafile/seiseki/report/2015/2015-4tokyo2.pdf,official_daily_result_pdf
201505040210,2015,東京,4,2,10,2015-10-11,https://www.jra.go.jp/datafile/seiseki/report/2015/2015-4tokyo2.pdf,official_daily_result_pdf
201505040211,2015,東京,4,2,11,2015-10-11,https://www.jra.go.jp/datafile/seiseki/report/2015/2015-4tokyo2.pdf,official_daily_result_pdf
201505040212,2015,東京,4,2,12,2015-10-11,https://www.jra.go.jp/datafile/seiseki/report/2015/2015-4tokyo2.pdf,official_daily_result_pdf
201505040301,2015,東京,4,3,1,2015-10-12,https://www.jra.go.jp/datafile/seiseki/report/2015/2015-4tokyo3.pdf,official_daily_result_pdf
201505040302,2015,東京,4,3,2,2015-10-12,https://www.jra.go.jp/datafile/seiseki/report/2015/2015-4tokyo3.pdf,official_daily_result_pdf
201505040303,2015,東京,4,3,3,2015-10-12,https://www.jra.go.jp/datafile/seiseki/report/2015/2015-4tokyo3.pdf,official_daily_result_pdf
201505040304,2015,東京,4,3,4,2015-10-12,https://www.jra.go.jp/datafile/seiseki/report/2015/2015-4tokyo3.pdf,official_daily_result_pdf
201505040305,2015,東京,4,3,5,2015-10-12,https://www.jra.go.jp/datafile/seiseki/report/2015/2015-4tokyo3.pdf,official_daily_result_pdf
201505040306,2015,東京,4,3,6,2015-10-12,https://www.jra.go.jp/datafile/seiseki/report/2015/2015-4tokyo3.pdf,official_daily_result_pdf
201505040307,2015,東京,4,3,7,2015-10-12,https://www.jra.go.jp/datafile/seiseki/report/2015/2015-4tokyo3.pdf,official_daily_result_pdf
201505040308,2015,東京,4,3,8,2015-10-12,https://www.jra.go.jp/datafile/seiseki/report/2015/2015-4tokyo3.pdf,official_daily_result_pdf
201505040309,2015,東京,4,3,9,2015-10-12,https://www.jra.go.jp/datafile/seiseki/report/2015/2015-4tokyo3.pdf,official_daily_result_pdf
201505040310,2015,東京,4,3,10,2015-10-12,https://www.jra.go.jp/datafile/seiseki/report/2015/2015-4tokyo3.pdf,official_daily_result_pdf
201505040311,2015,東京,4,3,11,2015-10-12,https://www.jra.go.jp/datafile/seiseki/report/2015/2015-4tokyo3.pdf,official_daily_result_pdf
201505040312,2015,東京,4,3,12,2015-10-12,https://www.jra.go.jp/datafile/seiseki/report/2015/2015-4tokyo3.pdf,official_daily_result_pdf
201505040401,2015,東京,4,4,1,2015-10-17,https://www.jra.go.jp/datafile/seiseki/report/2015/2015-4tokyo4.pdf,official_daily_result_pdf
201505040402,2015,東京,4,4,2,2015-10-17,https://www.jra.go.jp/datafile/seiseki/report/2015/2015-4tokyo4.pdf,official_daily_result_pdf
201505040403,2015,東京,4,4,3,2015-10-17,https://www.jra.go.jp/datafile/seiseki/report/2015/2015-4tokyo4.pdf,official_daily_result_pdf
201505040404,2015,東京,4,4,4,2015-10-17,https://www.jra.go.jp/datafile/seiseki/report/2015/2015-4tokyo4.pdf,official_daily_result_pdf
201505040405,2015,東京,4,4,5,2015-10-17,https://www.jra.go.jp/datafile/seiseki/report/2015/2015-4tokyo4.pdf,official_daily_result_pdf
201505040406,2015,東京,4,4,6,2015-10-17,https://www.jra.go.jp/datafile/seiseki/report/2015/2015-4tokyo4.pdf,official_daily_result_pdf
201505040407,2015,東京,4,4,7,2015-10-17,https://www.jra.go.jp/datafile/seiseki/report/2015/2015-4tokyo4.pdf,official_daily_result_pdf
201505040408,2015,東京,4,4,8,2015-10-17,https://www.jra.go.jp/datafile/seiseki/report/2015/2015-4tokyo4.pdf,official_daily_result_pdf
201505040409,2015,東京,4,4,9,2015-10-17,https://www.jra.go.jp/datafile/seiseki/report/2015/2015-4tokyo4.pdf,official_daily_result_pdf
201505040410,2015,東京,4,4,10,2015-10-17,https://www.jra.go.jp/datafile/seiseki/report/2015/2015-4tokyo4.pdf,official_daily_result_pdf
201505040411,2015,東京,4,4,11,2015-10-17,https://www.jra.go.jp/datafile/seiseki/report/2015/2015-4tokyo4.pdf,official_daily_result_pdf
201505040412,2015,東京,4,4,12,2015-10-17,https://www.jra.go.jp/datafile/seiseki/report/2015/2015-4tokyo4.pdf,official_daily_result_pdf
201505040501,2015,東京,4,5,1,2015-10-18,https://www.jra.go.jp/datafile/seiseki/report/2015/2015-4tokyo5.pdf,official_daily_result_pdf
201505040502,2015,東京,4,5,2,2015-10-18,https://www.jra.go.jp/datafile/seiseki/report/2015/2015-4tokyo5.pdf,official_daily_result_pdf
201505040503,2015,東京,4,5,3,2015-10-18,https://www.jra.go.jp/datafile/seiseki/report/2015/2015-4tokyo5.pdf,official_daily_result_pdf
201505040504,2015,東京,4,5,4,2015-10-18,https://www.jra.go.jp/datafile/seiseki/report/2015/2015-4tokyo5.pdf,official_daily_result_pdf
201505040505,2015,東京,4,5,5,2015-10-18,https://www.jra.go.jp/datafile/seiseki/report/2015/2015-4tokyo5.pdf,official_daily_result_pdf
201505040506,2015,東京,4,5,6,2015-10-18,https://www.jra.go.jp/datafile/seiseki/report/2015/2015-4tokyo5.pdf,official_daily_result_pdf
201505040507,2015,東京,4,5,7,2015-10-18,https://www.jra.go.jp/datafile/seiseki/report/2015/2015-4tokyo5.pdf,official_daily_result_pdf
201505040508,2015,東京,4,5,8,2015-10-18,https://www.jra.go.jp/datafile/seiseki/report/2015/2015-4tokyo5.pdf,official_daily_result_pdf
201505040509,2015,東京,4,5,9,2015-10-18,https://www.jra.go.jp/datafile/seiseki/report/2015/2015-4tokyo5.pdf,official_daily_result_pdf
201505040510,2015,東京,4,5,10,2015-10-18,https://www.jra.go.jp/datafile/seiseki/report/2015/2015-4tokyo5.pdf,official_daily_result_pdf
201505040511,2015,東京,4,5,11,2015-10-18,https://www.jra.go.jp/datafile/seiseki/report/2015/2015-4tokyo5.pdf,official_daily_result_pdf
201505040512,2015,東京,4,5,12,2015-10-18,https://www.jra.go.jp/datafile/seiseki/report/2015/2015-4tokyo5.pdf,official_daily_result_pdf
201505040601,2015,東京,4,6,1,2015-10-24,https://www.jra.go.jp/datafile/seiseki/report/2015/2015-4tokyo6.pdf,official_daily_result_pdf
201505040602,2015,東京,4,6,2,2015-10-24,https://www.jra.go.jp/datafile/seiseki/report/2015/2015-4tokyo6.pdf,official_daily_result_pdf
201505040603,2015,東京,4,6,3,2015-10-24,https://www.jra.go.jp/datafile/seiseki/report/2015/2015-4tokyo6.pdf,official_daily_result_pdf
201505040604,2015,東京,4,6,4,2015-10-24,https://www.jra.go.jp/datafile/seiseki/report/2015/2015-4tokyo6.pdf,official_daily_result_pdf
201505040605,2015,東京,4,6,5,2015-10-24,https://www.jra.go.jp/datafile/seiseki/report/2015/2015-4tokyo6.pdf,official_daily_result_pdf
201505040606,2015,東京,4,6,6,2015-10-24,https://www.jra.go.jp/datafile/seiseki/report/2015/2015-4tokyo6.pdf,official_daily_result_pdf
201505040607,2015,東京,4,6,7,2015-10-24,https://www.jra.go.jp/datafile/seiseki/report/2015/2015-4tokyo6.pdf,official_daily_result_pdf
201505040608,2015,東京,4,6,8,2015-10-24,https://www.jra.go.jp/datafile/seiseki/report/2015/2015-4tokyo6.pdf,official_daily_result_pdf
201505040609,2015,東京,4,6,9,2015-10-24,https://www.jra.go.jp/datafile/seiseki/report/2015/2015-4tokyo6.pdf,official_daily_result_pdf
201505040610,2015,東京,4,6,10,2015-10-24,https://www.jra.go.jp/datafile/seiseki/report/2015/2015-4tokyo6.pdf,official_daily_result_pdf
201505040611,2015,東京,4,6,11,2015-10-24,https://www.jra.go.jp/datafile/seiseki/report/2015/2015-4tokyo6.pdf,official_daily_result_pdf
201505040612,2015,東京,4,6,12,2015-10-24,https://www.jra.go.jp/datafile/seiseki/report/2015/2015-4tokyo6.pdf,official_daily_result_pdf
201505040701,2015,東京,4,7,1,2015-10-25,https://www.jra.go.jp/datafile/seiseki/report/2015/2015-4tokyo7.pdf,official_daily_result_pdf
201505040702,2015,東京,4,7,2,2015-10-25,https://www.jra.go.jp/datafile/seiseki/report/2015/2015-4tokyo7.pdf,official_daily_result_pdf
201505040703,2015,東京,4,7,3,2015-10-25,https://www.jra.go.jp/datafile/seiseki/report/2015/2015-4tokyo7.pdf,official_daily_result_pdf
201505040704,2015,東京,4,7,4,2015-10-25,https://www.jra.go.jp/datafile/seiseki/report/2015/2015-4tokyo7.pdf,official_daily_result_pdf
201505040705,2015,東京,4,7,5,2015-10-25,https://www.jra.go.jp/datafile/seiseki/report/2015/2015-4tokyo7.pdf,official_daily_result_pdf
201505040706,2015,東京,4,7,6,2015-10-25,https://www.jra.go.jp/datafile/seiseki/report/2015/2015-4tokyo7.pdf,official_daily_result_pdf
201505040707,2015,東京,4,7,7,2015-10-25,https://www.jra.go.jp/datafile/seiseki/report/2015/2015-4tokyo7.pdf,official_daily_result_pdf
201505040708,2015,東京,4,7,8,2015-10-25,https://www.jra.go.jp/datafile/seiseki/report/2015/2015-4tokyo7.pdf,official_daily_result_pdf
201505040709,2015,東京,4,7,9,2015-10-25,https://www.jra.go.jp/datafile/seiseki/report/2015/2015-4tokyo7.pdf,official_daily_result_pdf
201505040710,2015,東京,4,7,10,2015-10-25,https://www.jra.go.jp/datafile/seiseki/report/2015/2015-4tokyo7.pdf,official_daily_result_pdf
201505040711,2015,東京,4,7,11,2015-10-25,https://www.jra.go.jp/datafile/seiseki/report/2015/2015-4tokyo7.pdf,official_daily_result_pdf
201505040712,2015,東京,4,7,12,2015-10-25,https://www.jra.go.jp/datafile/seiseki/report/2015/2015-4tokyo7.pdf,official_daily_result_pdf
201505040801,2015,東京,4,8,1,2015-10-31,https://www.jra.go.jp/datafile/seiseki/report/2015/2015-4tokyo8.pdf,official_daily_result_pdf
201505040802,2015,東京,4,8,2,2015-10-31,https://www.jra.go.jp/datafile/seiseki/report/2015/2015-4tokyo8.pdf,official_daily_result_pdf
201505040803,2015,東京,4,8,3,2015-10-31,https://www.jra.go.jp/datafile/seiseki/report/2015/2015-4tokyo8.pdf,official_daily_result_pdf
201505040804,2015,東京,4,8,4,2015-10-31,https://www.jra.go.jp/datafile/seiseki/report/2015/2015-4tokyo8.pdf,official_daily_result_pdf
201505040805,2015,東京,4,8,5,2015-10-31,https://www.jra.go.jp/datafile/seiseki/report/2015/2015-4tokyo8.pdf,official_daily_result_pdf
201505040806,2015,東京,4,8,6,2015-10-31,https://www.jra.go.jp/datafile/seiseki/report/2015/2015-4tokyo8.pdf,official_daily_result_pdf
201505040807,2015,東京,4,8,7,2015-10-31,https://www.jra.go.jp/datafile/seiseki/report/2015/2015-4tokyo8.pdf,official_daily_result_pdf
201505040808,2015,東京,4,8,8,2015-10-31,https://www.jra.go.jp/datafile/seiseki/report/2015/2015-4tokyo8.pdf,official_daily_result_pdf
201505040809,2015,東京,4,8,9,2015-10-31,https://www.jra.go.jp/datafile/seiseki/report/2015/2015-4tokyo8.pdf,official_daily_result_pdf
201505040810,2015,東京,4,8,10,2015-10-31,https://www.jra.go.jp/datafile/seiseki/report/2015/2015-4tokyo8.pdf,official_daily_result_pdf
201505040811,2015,東京,4,8,11,2015-10-31,https://www.jra.go.jp/datafile/seiseki/report/2015/2015-4tokyo8.pdf,official_daily_result_pdf
201505040812,2015,東京,4,8,12,2015-10-31,https://www.jra.go.jp/datafile/seiseki/report/2015/2015-4tokyo8.pdf,official_daily_result_pdf
201505040901,2015,東京,4,9,1,2015-11-01,https://www.jra.go.jp/datafile/seiseki/report/2015/2015-4tokyo9.pdf,official_daily_result_pdf
201505040902,2015,東京,4,9,2,2015-11-01,https://www.jra.go.jp/datafile/seiseki/report/2015/2015-4tokyo9.pdf,official_daily_result_pdf
201505040903,2015,東京,4,9,3,2015-11-01,https://www.jra.go.jp/datafile/seiseki/report/2015/2015-4tokyo9.pdf,official_daily_result_pdf
201505040904,2015,東京,4,9,4,2015-11-01,https://www.jra.go.jp/datafile/seiseki/report/2015/2015-4tokyo9.pdf,official_daily_result_pdf
201505040905,2015,東京,4,9,5,2015-11-01,https://www.jra.go.jp/datafile/seiseki/report/2015/2015-4tokyo9.pdf,official_daily_result_pdf
201505040906,2015,東京,4,9,6,2015-11-01,https://www.jra.go.jp/datafile/seiseki/report/2015/2015-4tokyo9.pdf,official_daily_result_pdf
201505040907,2015,東京,4,9,7,2015-11-01,https://www.jra.go.jp/datafile/seiseki/report/2015/2015-4tokyo9.pdf,official_daily_result_pdf
201505040908,2015,東京,4,9,8,2015-11-01,https://www.jra.go.jp/datafile/seiseki/report/2015/2015-4tokyo9.pdf,official_daily_result_pdf
201505040909,2015,東京,4,9,9,2015-11-01,https://www.jra.go.jp/datafile/seiseki/report/2015/2015-4tokyo9.pdf,official_daily_result_pdf
201505040910,2015,東京,4,9,10,2015-11-01,https://www.jra.go.jp/datafile/seiseki/report/2015/2015-4tokyo9.pdf,official_daily_result_pdf
201505040911,2015,東京,4,9,11,2015-11-01,https://www.jra.go.jp/datafile/seiseki/report/2015/2015-4tokyo9.pdf,official_daily_result_pdf
201505040912,2015,東京,4,9,12,2015-11-01,https://www.jra.go.jp/datafile/seiseki/report/2015/2015-4tokyo9.pdf,official_daily_result_pdf
201505050101,2015,東京,5,1,1,2015-11-07,https://www.jra.go.jp/datafile/seiseki/report/2015/2015-5tokyo1.pdf,official_daily_result_pdf
201505050102,2015,東京,5,1,2,2015-11-07,https://www.jra.go.jp/datafile/seiseki/report/2015/2015-5tokyo1.pdf,official_daily_result_pdf
201505050103,2015,東京,5,1,3,2015-11-07,https://www.jra.go.jp/datafile/seiseki/report/2015/2015-5tokyo1.pdf,official_daily_result_pdf
201505050104,2015,東京,5,1,4,2015-11-07,https://www.jra.go.jp/datafile/seiseki/report/2015/2015-5tokyo1.pdf,official_daily_result_pdf
201505050105,2015,東京,5,1,5,2015-11-07,https://www.jra.go.jp/datafile/seiseki/report/2015/2015-5tokyo1.pdf,official_daily_result_pdf
201505050106,2015,東京,5,1,6,2015-11-07,https://www.jra.go.jp/datafile/seiseki/report/2015/2015-5tokyo1.pdf,official_daily_result_pdf
201505050107,2015,東京,5,1,7,2015-11-07,https://www.jra.go.jp/datafile/seiseki/report/2015/2015-5tokyo1.pdf,official_daily_result_pdf
201505050108,2015,東京,5,1,8,2015-11-07,https://www.jra.go.jp/datafile/seiseki/report/2015/2015-5tokyo1.pdf,official_daily_result_pdf
201505050109,2015,東京,5,1,9,2015-11-07,https://www.jra.go.jp/datafile/seiseki/report/2015/2015-5tokyo1.pdf,official_daily_result_pdf
201505050110,2015,東京,5,1,10,2015-11-07,https://www.jra.go.jp/datafile/seiseki/report/2015/2015-5tokyo1.pdf,official_daily_result_pdf
201505050111,2015,東京,5,1,11,2015-11-07,https://www.jra.go.jp/datafile/seiseki/report/2015/2015-5tokyo1.pdf,official_daily_result_pdf
201505050112,2015,東京,5,1,12,2015-11-07,https://www.jra.go.jp/datafile/seiseki/report/2015/2015-5tokyo1.pdf,official_daily_result_pdf
201505050201,2015,東京,5,2,1,2015-11-08,https://www.jra.go.jp/datafile/seiseki/report/2015/2015-5tokyo2.pdf,official_daily_result_pdf
201505050202,2015,東京,5,2,2,2015-11-08,https://www.jra.go.jp/datafile/seiseki/report/2015/2015-5tokyo2.pdf,official_daily_result_pdf
201505050203,2015,東京,5,2,3,2015-11-08,https://www.jra.go.jp/datafile/seiseki/report/2015/2015-5tokyo2.pdf,official_daily_result_pdf
201505050204,2015,東京,5,2,4,2015-11-08,https://www.jra.go.jp/datafile/seiseki/report/2015/2015-5tokyo2.pdf,official_daily_result_pdf
201505050205,2015,東京,5,2,5,2015-11-08,https://www.jra.go.jp/datafile/seiseki/report/2015/2015-5tokyo2.pdf,official_daily_result_pdf
201505050206,2015,東京,5,2,6,2015-11-08,https://www.jra.go.jp/datafile/seiseki/report/2015/2015-5tokyo2.pdf,official_daily_result_pdf
201505050207,2015,東京,5,2,7,2015-11-08,https://www.jra.go.jp/datafile/seiseki/report/2015/2015-5tokyo2.pdf,official_daily_result_pdf
201505050208,2015,東京,5,2,8,2015-11-08,https://www.jra.go.jp/datafile/seiseki/report/2015/2015-5tokyo2.pdf,official_daily_result_pdf
201505050209,2015,東京,5,2,9,2015-11-08,https://www.jra.go.jp/datafile/seiseki/report/2015/2015-5tokyo2.pdf,official_daily_result_pdf
201505050210,2015,東京,5,2,10,2015-11-08,https://www.jra.go.jp/datafile/seiseki/report/2015/2015-5tokyo2.pdf,official_daily_result_pdf
201505050211,2015,東京,5,2,11,2015-11-08,https://www.jra.go.jp/datafile/seiseki/report/2015/2015-5tokyo2.pdf,official_daily_result_pdf
201505050212,2015,東京,5,2,12,2015-11-08,https://www.jra.go.jp/datafile/seiseki/report/2015/2015-5tokyo2.pdf,official_daily_result_pdf
201505050301,2015,東京,5,3,1,2015-11-14,https://www.jra.go.jp/datafile/seiseki/report/2015/2015-5tokyo3.pdf,official_daily_result_pdf
201505050302,2015,東京,5,3,2,2015-11-14,https://www.jra.go.jp/datafile/seiseki/report/2015/2015-5tokyo3.pdf,official_daily_result_pdf
201505050303,2015,東京,5,3,3,2015-11-14,https://www.jra.go.jp/datafile/seiseki/report/2015/2015-5tokyo3.pdf,official_daily_result_pdf
201505050304,2015,東京,5,3,4,2015-11-14,https://www.jra.go.jp/datafile/seiseki/report/2015/2015-5tokyo3.pdf,official_daily_result_pdf
201505050305,2015,東京,5,3,5,2015-11-14,https://www.jra.go.jp/datafile/seiseki/report/2015/2015-5tokyo3.pdf,official_daily_result_pdf
201505050306,2015,東京,5,3,6,2015-11-14,https://www.jra.go.jp/datafile/seiseki/report/2015/2015-5tokyo3.pdf,official_daily_result_pdf
201505050307,2015,東京,5,3,7,2015-11-14,https://www.jra.go.jp/datafile/seiseki/report/2015/2015-5tokyo3.pdf,official_daily_result_pdf
201505050308,2015,東京,5,3,8,2015-11-14,https://www.jra.go.jp/datafile/seiseki/report/2015/2015-5tokyo3.pdf,official_daily_result_pdf
201505050309,2015,東京,5,3,9,2015-11-14,https://www.jra.go.jp/datafile/seiseki/report/2015/2015-5tokyo3.pdf,official_daily_result_pdf
201505050310,2015,東京,5,3,10,2015-11-14,https://www.jra.go.jp/datafile/seiseki/report/2015/2015-5tokyo3.pdf,official_daily_result_pdf
201505050311,2015,東京,5,3,11,2015-11-14,https://www.jra.go.jp/datafile/seiseki/report/2015/2015-5tokyo3.pdf,official_daily_result_pdf
201505050312,2015,東京,5,3,12,2015-11-14,https://www.jra.go.jp/datafile/seiseki/report/2015/2015-5tokyo3.pdf,official_daily_result_pdf
201505050401,2015,東京,5,4,1,2015-11-15,https://www.jra.go.jp/datafile/seiseki/report/2015/2015-5tokyo4.pdf,official_daily_result_pdf
201505050402,2015,東京,5,4,2,2015-11-15,https://www.jra.go.jp/datafile/seiseki/report/2015/2015-5tokyo4.pdf,official_daily_result_pdf
201505050403,2015,東京,5,4,3,2015-11-15,https://www.jra.go.jp/datafile/seiseki/report/2015/2015-5tokyo4.pdf,official_daily_result_pdf
201505050404,2015,東京,5,4,4,2015-11-15,https://www.jra.go.jp/datafile/seiseki/report/2015/2015-5tokyo4.pdf,official_daily_result_pdf
201505050405,2015,東京,5,4,5,2015-11-15,https://www.jra.go.jp/datafile/seiseki/report/2015/2015-5tokyo4.pdf,official_daily_result_pdf
201505050406,2015,東京,5,4,6,2015-11-15,https://www.jra.go.jp/datafile/seiseki/report/2015/2015-5tokyo4.pdf,official_daily_result_pdf
201505050407,2015,東京,5,4,7,2015-11-15,https://www.jra.go.jp/datafile/seiseki/report/2015/2015-5tokyo4.pdf,official_daily_result_pdf
201505050408,2015,東京,5,4,8,2015-11-15,https://www.jra.go.jp/datafile/seiseki/report/2015/2015-5tokyo4.pdf,official_daily_result_pdf
201505050409,2015,東京,5,4,9,2015-11-15,https://www.jra.go.jp/datafile/seiseki/report/2015/2015-5tokyo4.pdf,official_daily_result_pdf
201505050410,2015,東京,5,4,10,2015-11-15,https://www.jra.go.jp/datafile/seiseki/report/2015/2015-5tokyo4.pdf,official_daily_result_pdf
201505050411,2015,東京,5,4,11,2015-11-15,https://www.jra.go.jp/datafile/seiseki/report/2015/2015-5tokyo4.pdf,official_daily_result_pdf
201505050412,2015,東京,5,4,12,2015-11-15,https://www.jra.go.jp/datafile/seiseki/report/2015/2015-5tokyo4.pdf,official_daily_result_pdf
201505050501,2015,東京,5,5,1,2015-11-21,https://www.jra.go.jp/datafile/seiseki/report/2015/2015-5tokyo5.pdf,official_daily_result_pdf
201505050502,2015,東京,5,5,2,2015-11-21,https://www.jra.go.jp/datafile/seiseki/report/2015/2015-5tokyo5.pdf,official_daily_result_pdf
201505050503,2015,東京,5,5,3,2015-11-21,https://www.jra.go.jp/datafile/seiseki/report/2015/2015-5tokyo5.pdf,official_daily_result_pdf
201505050504,2015,東京,5,5,4,2015-11-21,https://www.jra.go.jp/datafile/seiseki/report/2015/2015-5tokyo5.pdf,official_daily_result_pdf
201505050505,2015,東京,5,5,5,2015-11-21,https://www.jra.go.jp/datafile/seiseki/report/2015/2015-5tokyo5.pdf,official_daily_result_pdf
201505050506,2015,東京,5,5,6,2015-11-21,https://www.jra.go.jp/datafile/seiseki/report/2015/2015-5tokyo5.pdf,official_daily_result_pdf
201505050507,2015,東京,5,5,7,2015-11-21,https://www.jra.go.jp/datafile/seiseki/report/2015/2015-5tokyo5.pdf,official_daily_result_pdf
201505050508,2015,東京,5,5,8,2015-11-21,https://www.jra.go.jp/datafile/seiseki/report/2015/2015-5tokyo5.pdf,official_daily_result_pdf
201505050509,2015,東京,5,5,9,2015-11-21,https://www.jra.go.jp/datafile/seiseki/report/2015/2015-5tokyo5.pdf,official_daily_result_pdf
201505050510,2015,東京,5,5,10,2015-11-21,https://www.jra.go.jp/datafile/seiseki/report/2015/2015-5tokyo5.pdf,official_daily_result_pdf
201505050511,2015,東京,5,5,11,2015-11-21,https://www.jra.go.jp/datafile/seiseki/report/2015/2015-5tokyo5.pdf,official_daily_result_pdf
201505050512,2015,東京,5,5,12,2015-11-21,https://www.jra.go.jp/datafile/seiseki/report/2015/2015-5tokyo5.pdf,official_daily_result_pdf
201505050601,2015,東京,5,6,1,2015-11-22,https://www.jra.go.jp/datafile/seiseki/report/2015/2015-5tokyo6.pdf,official_daily_result_pdf
201505050602,2015,東京,5,6,2,2015-11-22,https://www.jra.go.jp/datafile/seiseki/report/2015/2015-5tokyo6.pdf,official_daily_result_pdf
201505050603,2015,東京,5,6,3,2015-11-22,https://www.jra.go.jp/datafile/seiseki/report/2015/2015-5tokyo6.pdf,official_daily_result_pdf
201505050604,2015,東京,5,6,4,2015-11-22,https://www.jra.go.jp/datafile/seiseki/report/2015/2015-5tokyo6.pdf,official_daily_result_pdf
201505050605,2015,東京,5,6,5,2015-11-22,https://www.jra.go.jp/datafile/seiseki/report/2015/2015-5tokyo6.pdf,official_daily_result_pdf
201505050606,2015,東京,5,6,6,2015-11-22,https://www.jra.go.jp/datafile/seiseki/report/2015/2015-5tokyo6.pdf,official_daily_result_pdf
201505050607,2015,東京,5,6,7,2015-11-22,https://www.jra.go.jp/datafile/seiseki/report/2015/2015-5tokyo6.pdf,official_daily_result_pdf
201505050608,2015,東京,5,6,8,2015-11-22,https://www.jra.go.jp/datafile/seiseki/report/2015/2015-5tokyo6.pdf,official_daily_result_pdf
201505050609,2015,東京,5,6,9,2015-11-22,https://www.jra.go.jp/datafile/seiseki/report/2015/2015-5tokyo6.pdf,official_daily_result_pdf
201505050610,2015,東京,5,6,10,2015-11-22,https://www.jra.go.jp/datafile/seiseki/report/2015/2015-5tokyo6.pdf,official_daily_result_pdf
201505050611,2015,東京,5,6,11,2015-11-22,https://www.jra.go.jp/datafile/seiseki/report/2015/2015-5tokyo6.pdf,official_daily_result_pdf
201505050612,2015,東京,5,6,12,2015-11-22,https://www.jra.go.jp/datafile/seiseki/report/2015/2015-5tokyo6.pdf,official_daily_result_pdf
201505050701,2015,東京,5,7,1,2015-11-23,https://www.jra.go.jp/datafile/seiseki/report/2015/2015-5tokyo7.pdf,official_daily_result_pdf
201505050702,2015,東京,5,7,2,2015-11-23,https://www.jra.go.jp/datafile/seiseki/report/2015/2015-5tokyo7.pdf,official_daily_result_pdf
201505050703,2015,東京,5,7,3,2015-11-23,https://www.jra.go.jp/datafile/seiseki/report/2015/2015-5tokyo7.pdf,official_daily_result_pdf
201505050704,2015,東京,5,7,4,2015-11-23,https://www.jra.go.jp/datafile/seiseki/report/2015/2015-5tokyo7.pdf,official_daily_result_pdf
201505050705,2015,東京,5,7,5,2015-11-23,https://www.jra.go.jp/datafile/seiseki/report/2015/2015-5tokyo7.pdf,official_daily_result_pdf
201505050706,2015,東京,5,7,6,2015-11-23,https://www.jra.go.jp/datafile/seiseki/report/2015/2015-5tokyo7.pdf,official_daily_result_pdf
201505050707,2015,東京,5,7,7,2015-11-23,https://www.jra.go.jp/datafile/seiseki/report/2015/2015-5tokyo7.pdf,official_daily_result_pdf
201505050708,2015,東京,5,7,8,2015-11-23,https://www.jra.go.jp/datafile/seiseki/report/2015/2015-5tokyo7.pdf,official_daily_result_pdf
201505050709,2015,東京,5,7,9,2015-11-23,https://www.jra.go.jp/datafile/seiseki/report/2015/2015-5tokyo7.pdf,official_daily_result_pdf
201505050710,2015,東京,5,7,10,2015-11-23,https://www.jra.go.jp/datafile/seiseki/report/2015/2015-5tokyo7.pdf,official_daily_result_pdf
201505050711,2015,東京,5,7,11,2015-11-23,https://www.jra.go.jp/datafile/seiseki/report/2015/2015-5tokyo7.pdf,official_daily_result_pdf
201505050712,2015,東京,5,7,12,2015-11-23,https://www.jra.go.jp/datafile/seiseki/report/2015/2015-5tokyo7.pdf,official_daily_result_pdf
201505050801,2015,東京,5,8,1,2015-11-28,https://www.jra.go.jp/datafile/seiseki/report/2015/2015-5tokyo8.pdf,official_daily_result_pdf
201505050802,2015,東京,5,8,2,2015-11-28,https://www.jra.go.jp/datafile/seiseki/report/2015/2015-5tokyo8.pdf,official_daily_result_pdf
201505050803,2015,東京,5,8,3,2015-11-28,https://www.jra.go.jp/datafile/seiseki/report/2015/2015-5tokyo8.pdf,official_daily_result_pdf
201505050804,2015,東京,5,8,4,2015-11-28,https://www.jra.go.jp/datafile/seiseki/report/2015/2015-5tokyo8.pdf,official_daily_result_pdf
201505050805,2015,東京,5,8,5,2015-11-28,https://www.jra.go.jp/datafile/seiseki/report/2015/2015-5tokyo8.pdf,official_daily_result_pdf
201505050806,2015,東京,5,8,6,2015-11-28,https://www.jra.go.jp/datafile/seiseki/report/2015/2015-5tokyo8.pdf,official_daily_result_pdf
201505050807,2015,東京,5,8,7,2015-11-28,https://www.jra.go.jp/datafile/seiseki/report/2015/2015-5tokyo8.pdf,official_daily_result_pdf
201505050808,2015,東京,5,8,8,2015-11-28,https://www.jra.go.jp/datafile/seiseki/report/2015/2015-5tokyo8.pdf,official_daily_result_pdf
201505050809,2015,東京,5,8,9,2015-11-28,https://www.jra.go.jp/datafile/seiseki/report/2015/2015-5tokyo8.pdf,official_daily_result_pdf
201505050810,2015,東京,5,8,10,2015-11-28,https://www.jra.go.jp/datafile/seiseki/report/2015/2015-5tokyo8.pdf,official_daily_result_pdf
201505050811,2015,東京,5,8,11,2015-11-28,https://www.jra.go.jp/datafile/seiseki/report/2015/2015-5tokyo8.pdf,official_daily_result_pdf
201505050812,2015,東京,5,8,12,2015-11-28,https://www.jra.go.jp/datafile/seiseki/report/2015/2015-5tokyo8.pdf,official_daily_result_pdf
201505050901,2015,東京,5,9,1,2015-11-29,https://www.jra.go.jp/datafile/seiseki/report/2015/2015-5tokyo9.pdf,official_daily_result_pdf
201505050902,2015,東京,5,9,2,2015-11-29,https://www.jra.go.jp/datafile/seiseki/report/2015/2015-5tokyo9.pdf,official_daily_result_pdf
201505050903,2015,東京,5,9,3,2015-11-29,https://www.jra.go.jp/datafile/seiseki/report/2015/2015-5tokyo9.pdf,official_daily_result_pdf
201505050904,2015,東京,5,9,4,2015-11-29,https://www.jra.go.jp/datafile/seiseki/report/2015/2015-5tokyo9.pdf,official_daily_result_pdf
201505050905,2015,東京,5,9,5,2015-11-29,https://www.jra.go.jp/datafile/seiseki/report/2015/2015-5tokyo9.pdf,official_daily_result_pdf
201505050906,2015,東京,5,9,6,2015-11-29,https://www.jra.go.jp/datafile/seiseki/report/2015/2015-5tokyo9.pdf,official_daily_result_pdf
201505050907,2015,東京,5,9,7,2015-11-29,https://www.jra.go.jp/datafile/seiseki/report/2015/2015-5tokyo9.pdf,official_daily_result_pdf
201505050908,2015,東京,5,9,8,2015-11-29,https://www.jra.go.jp/datafile/seiseki/report/2015/2015-5tokyo9.pdf,official_daily_result_pdf
201505050909,2015,東京,5,9,9,2015-11-29,https://www.jra.go.jp/datafile/seiseki/report/2015/2015-5tokyo9.pdf,official_daily_result_pdf
201505050910,2015,東京,5,9,10,2015-11-29,https://www.jra.go.jp/datafile/seiseki/report/2015/2015-5tokyo9.pdf,official_daily_result_pdf
201505050911,2015,東京,5,9,11,2015-11-29,https://www.jra.go.jp/datafile/seiseki/report/2015/2015-5tokyo9.pdf,official_daily_result_pdf
201506010101,2015,中山,1,1,1,2015-01-04,https://www.jra.go.jp/datafile/seiseki/report/2015/2015-1nakayama1.pdf,official_daily_result_pdf
201506010102,2015,中山,1,1,2,2015-01-04,https://www.jra.go.jp/datafile/seiseki/report/2015/2015-1nakayama1.pdf,official_daily_result_pdf
201506010103,2015,中山,1,1,3,2015-01-04,https://www.jra.go.jp/datafile/seiseki/report/2015/2015-1nakayama1.pdf,official_daily_result_pdf
201506010104,2015,中山,1,1,4,2015-01-04,https://www.jra.go.jp/datafile/seiseki/report/2015/2015-1nakayama1.pdf,official_daily_result_pdf
201506010105,2015,中山,1,1,5,2015-01-04,https://www.jra.go.jp/datafile/seiseki/report/2015/2015-1nakayama1.pdf,official_daily_result_pdf
201506010106,2015,中山,1,1,6,2015-01-04,https://www.jra.go.jp/datafile/seiseki/report/2015/2015-1nakayama1.pdf,official_daily_result_pdf
201506010107,2015,中山,1,1,7,2015-01-04,https://www.jra.go.jp/datafile/seiseki/report/2015/2015-1nakayama1.pdf,official_daily_result_pdf
201506010108,2015,中山,1,1,8,2015-01-04,https://www.jra.go.jp/datafile/seiseki/report/2015/2015-1nakayama1.pdf,official_daily_result_pdf
201506010109,2015,中山,1,1,9,2015-01-04,https://www.jra.go.jp/datafile/seiseki/report/2015/2015-1nakayama1.pdf,official_daily_result_pdf
201506010110,2015,中山,1,1,10,2015-01-04,https://www.jra.go.jp/datafile/seiseki/report/2015/2015-1nakayama1.pdf,official_daily_result_pdf
201506010111,2015,中山,1,1,11,2015-01-04,https://www.jra.go.jp/datafile/seiseki/report/2015/2015-1nakayama1.pdf,official_daily_result_pdf
201506010112,2015,中山,1,1,12,2015-01-04,https://www.jra.go.jp/datafile/seiseki/report/2015/2015-1nakayama1.pdf,official_daily_result_pdf
201506010201,2015,中山,1,2,1,2015-01-05,https://www.jra.go.jp/datafile/seiseki/report/2015/2015-1nakayama2.pdf,official_daily_result_pdf
201506010202,2015,中山,1,2,2,2015-01-05,https://www.jra.go.jp/datafile/seiseki/report/2015/2015-1nakayama2.pdf,official_daily_result_pdf
201506010203,2015,中山,1,2,3,2015-01-05,https://www.jra.go.jp/datafile/seiseki/report/2015/2015-1nakayama2.pdf,official_daily_result_pdf
201506010204,2015,中山,1,2,4,2015-01-05,https://www.jra.go.jp/datafile/seiseki/report/2015/2015-1nakayama2.pdf,official_daily_result_pdf
201506010205,2015,中山,1,2,5,2015-01-05,https://www.jra.go.jp/datafile/seiseki/report/2015/2015-1nakayama2.pdf,official_daily_result_pdf
201506010206,2015,中山,1,2,6,2015-01-05,https://www.jra.go.jp/datafile/seiseki/report/2015/2015-1nakayama2.pdf,official_daily_result_pdf
201506010207,2015,中山,1,2,7,2015-01-05,https://www.jra.go.jp/datafile/seiseki/report/2015/2015-1nakayama2.pdf,official_daily_result_pdf
201506010208,2015,中山,1,2,8,2015-01-05,https://www.jra.go.jp/datafile/seiseki/report/2015/2015-1nakayama2.pdf,official_daily_result_pdf
201506010209,2015,中山,1,2,9,2015-01-05,https://www.jra.go.jp/datafile/seiseki/report/2015/2015-1nakayama2.pdf,official_daily_result_pdf
201506010210,2015,中山,1,2,10,2015-01-05,https://www.jra.go.jp/datafile/seiseki/report/2015/2015-1nakayama2.pdf,official_daily_result_pdf
201506010211,2015,中山,1,2,11,2015-01-05,https://www.jra.go.jp/datafile/seiseki/report/2015/2015-1nakayama2.pdf,official_daily_result_pdf
201506010212,2015,中山,1,2,12,2015-01-05,https://www.jra.go.jp/datafile/seiseki/report/2015/2015-1nakayama2.pdf,official_daily_result_pdf
201506010301,2015,中山,1,3,1,2015-01-10,https://www.jra.go.jp/datafile/seiseki/report/2015/2015-1nakayama3.pdf,official_daily_result_pdf
201506010302,2015,中山,1,3,2,2015-01-10,https://www.jra.go.jp/datafile/seiseki/report/2015/2015-1nakayama3.pdf,official_daily_result_pdf
201506010303,2015,中山,1,3,3,2015-01-10,https://www.jra.go.jp/datafile/seiseki/report/2015/2015-1nakayama3.pdf,official_daily_result_pdf
201506010304,2015,中山,1,3,4,2015-01-10,https://www.jra.go.jp/datafile/seiseki/report/2015/2015-1nakayama3.pdf,official_daily_result_pdf
201506010305,2015,中山,1,3,5,2015-01-10,https://www.jra.go.jp/datafile/seiseki/report/2015/2015-1nakayama3.pdf,official_daily_result_pdf
201506010306,2015,中山,1,3,6,2015-01-10,https://www.jra.go.jp/datafile/seiseki/report/2015/2015-1nakayama3.pdf,official_daily_result_pdf
201506010307,2015,中山,1,3,7,2015-01-10,https://www.jra.go.jp/datafile/seiseki/report/2015/2015-1nakayama3.pdf,official_daily_result_pdf
201506010308,2015,中山,1,3,8,2015-01-10,https://www.jra.go.jp/datafile/seiseki/report/2015/2015-1nakayama3.pdf,official_daily_result_pdf
201506010309,2015,中山,1,3,9,2015-01-10,https://www.jra.go.jp/datafile/seiseki/report/2015/2015-1nakayama3.pdf,official_daily_result_pdf
201506010310,2015,中山,1,3,10,2015-01-10,https://www.jra.go.jp/datafile/seiseki/report/2015/2015-1nakayama3.pdf,official_daily_result_pdf
201506010311,2015,中山,1,3,11,2015-01-10,https://www.jra.go.jp/datafile/seiseki/report/2015/2015-1nakayama3.pdf,official_daily_result_pdf
201506010312,2015,中山,1,3,12,2015-01-10,https://www.jra.go.jp/datafile/seiseki/report/2015/2015-1nakayama3.pdf,official_daily_result_pdf
201506010401,2015,中山,1,4,1,2015-01-11,https://www.jra.go.jp/datafile/seiseki/report/2015/2015-1nakayama4.pdf,official_daily_result_pdf
201506010402,2015,中山,1,4,2,2015-01-11,https://www.jra.go.jp/datafile/seiseki/report/2015/2015-1nakayama4.pdf,official_daily_result_pdf
201506010403,2015,中山,1,4,3,2015-01-11,https://www.jra.go.jp/datafile/seiseki/report/2015/2015-1nakayama4.pdf,official_daily_result_pdf
201506010404,2015,中山,1,4,4,2015-01-11,https://www.jra.go.jp/datafile/seiseki/report/2015/2015-1nakayama4.pdf,official_daily_result_pdf
201506010405,2015,中山,1,4,5,2015-01-11,https://www.jra.go.jp/datafile/seiseki/report/2015/2015-1nakayama4.pdf,official_daily_result_pdf
201506010406,2015,中山,1,4,6,2015-01-11,https://www.jra.go.jp/datafile/seiseki/report/2015/2015-1nakayama4.pdf,official_daily_result_pdf
201506010407,2015,中山,1,4,7,2015-01-11,https://www.jra.go.jp/datafile/seiseki/report/2015/2015-1nakayama4.pdf,official_daily_result_pdf
201506010408,2015,中山,1,4,8,2015-01-11,https://www.jra.go.jp/datafile/seiseki/report/2015/2015-1nakayama4.pdf,official_daily_result_pdf
201506010409,2015,中山,1,4,9,2015-01-11,https://www.jra.go.jp/datafile/seiseki/report/2015/2015-1nakayama4.pdf,official_daily_result_pdf
201506010410,2015,中山,1,4,10,2015-01-11,https://www.jra.go.jp/datafile/seiseki/report/2015/2015-1nakayama4.pdf,official_daily_result_pdf
201506010411,2015,中山,1,4,11,2015-01-11,https://www.jra.go.jp/datafile/seiseki/report/2015/2015-1nakayama4.pdf,official_daily_result_pdf
201506010412,2015,中山,1,4,12,2015-01-11,https://www.jra.go.jp/datafile/seiseki/report/2015/2015-1nakayama4.pdf,official_daily_result_pdf
201506010501,2015,中山,1,5,1,2015-01-12,https://www.jra.go.jp/datafile/seiseki/report/2015/2015-1nakayama5.pdf,official_daily_result_pdf
201506010502,2015,中山,1,5,2,2015-01-12,https://www.jra.go.jp/datafile/seiseki/report/2015/2015-1nakayama5.pdf,official_daily_result_pdf
201506010503,2015,中山,1,5,3,2015-01-12,https://www.jra.go.jp/datafile/seiseki/report/2015/2015-1nakayama5.pdf,official_daily_result_pdf
201506010504,2015,中山,1,5,4,2015-01-12,https://www.jra.go.jp/datafile/seiseki/report/2015/2015-1nakayama5.pdf,official_daily_result_pdf
201506010505,2015,中山,1,5,5,2015-01-12,https://www.jra.go.jp/datafile/seiseki/report/2015/2015-1nakayama5.pdf,official_daily_result_pdf
201506010506,2015,中山,1,5,6,2015-01-12,https://www.jra.go.jp/datafile/seiseki/report/2015/2015-1nakayama5.pdf,official_daily_result_pdf
201506010507,2015,中山,1,5,7,2015-01-12,https://www.jra.go.jp/datafile/seiseki/report/2015/2015-1nakayama5.pdf,official_daily_result_pdf
201506010508,2015,中山,1,5,8,2015-01-12,https://www.jra.go.jp/datafile/seiseki/report/2015/2015-1nakayama5.pdf,official_daily_result_pdf
201506010509,2015,中山,1,5,9,2015-01-12,https://www.jra.go.jp/datafile/seiseki/report/2015/2015-1nakayama5.pdf,official_daily_result_pdf
201506010510,2015,中山,1,5,10,2015-01-12,https://www.jra.go.jp/datafile/seiseki/report/2015/2015-1nakayama5.pdf,official_daily_result_pdf
201506010511,2015,中山,1,5,11,2015-01-12,https://www.jra.go.jp/datafile/seiseki/report/2015/2015-1nakayama5.pdf,official_daily_result_pdf
201506010512,2015,中山,1,5,12,2015-01-12,https://www.jra.go.jp/datafile/seiseki/report/2015/2015-1nakayama5.pdf,official_daily_result_pdf
201506010601,2015,中山,1,6,1,2015-01-17,https://www.jra.go.jp/datafile/seiseki/report/2015/2015-1nakayama6.pdf,official_daily_result_pdf
201506010602,2015,中山,1,6,2,2015-01-17,https://www.jra.go.jp/datafile/seiseki/report/2015/2015-1nakayama6.pdf,official_daily_result_pdf
201506010603,2015,中山,1,6,3,2015-01-17,https://www.jra.go.jp/datafile/seiseki/report/2015/2015-1nakayama6.pdf,official_daily_result_pdf
201506010604,2015,中山,1,6,4,2015-01-17,https://www.jra.go.jp/datafile/seiseki/report/2015/2015-1nakayama6.pdf,official_daily_result_pdf
201506010605,2015,中山,1,6,5,2015-01-17,https://www.jra.go.jp/datafile/seiseki/report/2015/2015-1nakayama6.pdf,official_daily_result_pdf
201506010606,2015,中山,1,6,6,2015-01-17,https://www.jra.go.jp/datafile/seiseki/report/2015/2015-1nakayama6.pdf,official_daily_result_pdf
201506010607,2015,中山,1,6,7,2015-01-17,https://www.jra.go.jp/datafile/seiseki/report/2015/2015-1nakayama6.pdf,official_daily_result_pdf
201506010608,2015,中山,1,6,8,2015-01-17,https://www.jra.go.jp/datafile/seiseki/report/2015/2015-1nakayama6.pdf,official_daily_result_pdf
201506010609,2015,中山,1,6,9,2015-01-17,https://www.jra.go.jp/datafile/seiseki/report/2015/2015-1nakayama6.pdf,official_daily_result_pdf
201506010610,2015,中山,1,6,10,2015-01-17,https://www.jra.go.jp/datafile/seiseki/report/2015/2015-1nakayama6.pdf,official_daily_result_pdf
201506010611,2015,中山,1,6,11,2015-01-17,https://www.jra.go.jp/datafile/seiseki/report/2015/2015-1nakayama6.pdf,official_daily_result_pdf
201506010612,2015,中山,1,6,12,2015-01-17,https://www.jra.go.jp/datafile/seiseki/report/2015/2015-1nakayama6.pdf,official_daily_result_pdf
201506010701,2015,中山,1,7,1,2015-01-18,https://www.jra.go.jp/datafile/seiseki/report/2015/2015-1nakayama7.pdf,official_daily_result_pdf
201506010702,2015,中山,1,7,2,2015-01-18,https://www.jra.go.jp/datafile/seiseki/report/2015/2015-1nakayama7.pdf,official_daily_result_pdf
201506010703,2015,中山,1,7,3,2015-01-18,https://www.jra.go.jp/datafile/seiseki/report/2015/2015-1nakayama7.pdf,official_daily_result_pdf
201506010704,2015,中山,1,7,4,2015-01-18,https://www.jra.go.jp/datafile/seiseki/report/2015/2015-1nakayama7.pdf,official_daily_result_pdf
201506010705,2015,中山,1,7,5,2015-01-18,https://www.jra.go.jp/datafile/seiseki/report/2015/2015-1nakayama7.pdf,official_daily_result_pdf
201506010706,2015,中山,1,7,6,2015-01-18,https://www.jra.go.jp/datafile/seiseki/report/2015/2015-1nakayama7.pdf,official_daily_result_pdf
201506010707,2015,中山,1,7,7,2015-01-18,https://www.jra.go.jp/datafile/seiseki/report/2015/2015-1nakayama7.pdf,official_daily_result_pdf
201506010708,2015,中山,1,7,8,2015-01-18,https://www.jra.go.jp/datafile/seiseki/report/2015/2015-1nakayama7.pdf,official_daily_result_pdf
201506010709,2015,中山,1,7,9,2015-01-18,https://www.jra.go.jp/datafile/seiseki/report/2015/2015-1nakayama7.pdf,official_daily_result_pdf
201506010710,2015,中山,1,7,10,2015-01-18,https://www.jra.go.jp/datafile/seiseki/report/2015/2015-1nakayama7.pdf,official_daily_result_pdf
201506010711,2015,中山,1,7,11,2015-01-18,https://www.jra.go.jp/datafile/seiseki/report/2015/2015-1nakayama7.pdf,official_daily_result_pdf
201506010712,2015,中山,1,7,12,2015-01-18,https://www.jra.go.jp/datafile/seiseki/report/2015/2015-1nakayama7.pdf,official_daily_result_pdf
201506010801,2015,中山,1,8,1,2015-01-24,https://www.jra.go.jp/datafile/seiseki/report/2015/2015-1nakayama8.pdf,official_daily_result_pdf
201506010802,2015,中山,1,8,2,2015-01-24,https://www.jra.go.jp/datafile/seiseki/report/2015/2015-1nakayama8.pdf,official_daily_result_pdf
201506010803,2015,中山,1,8,3,2015-01-24,https://www.jra.go.jp/datafile/seiseki/report/2015/2015-1nakayama8.pdf,official_daily_result_pdf
201506010804,2015,中山,1,8,4,2015-01-24,https://www.jra.go.jp/datafile/seiseki/report/2015/2015-1nakayama8.pdf,official_daily_result_pdf
201506010805,2015,中山,1,8,5,2015-01-24,https://www.jra.go.jp/datafile/seiseki/report/2015/2015-1nakayama8.pdf,official_daily_result_pdf
201506010806,2015,中山,1,8,6,2015-01-24,https://www.jra.go.jp/datafile/seiseki/report/2015/2015-1nakayama8.pdf,official_daily_result_pdf
201506010807,2015,中山,1,8,7,2015-01-24,https://www.jra.go.jp/datafile/seiseki/report/2015/2015-1nakayama8.pdf,official_daily_result_pdf
201506010808,2015,中山,1,8,8,2015-01-24,https://www.jra.go.jp/datafile/seiseki/report/2015/2015-1nakayama8.pdf,official_daily_result_pdf
201506010809,2015,中山,1,8,9,2015-01-24,https://www.jra.go.jp/datafile/seiseki/report/2015/2015-1nakayama8.pdf,official_daily_result_pdf
201506010810,2015,中山,1,8,10,2015-01-24,https://www.jra.go.jp/datafile/seiseki/report/2015/2015-1nakayama8.pdf,official_daily_result_pdf
201506010811,2015,中山,1,8,11,2015-01-24,https://www.jra.go.jp/datafile/seiseki/report/2015/2015-1nakayama8.pdf,official_daily_result_pdf
201506010812,2015,中山,1,8,12,2015-01-24,https://www.jra.go.jp/datafile/seiseki/report/2015/2015-1nakayama8.pdf,official_daily_result_pdf
201506010901,2015,中山,1,9,1,2015-01-25,https://www.jra.go.jp/datafile/seiseki/report/2015/2015-1nakayama9.pdf,official_daily_result_pdf
201506010902,2015,中山,1,9,2,2015-01-25,https://www.jra.go.jp/datafile/seiseki/report/2015/2015-1nakayama9.pdf,official_daily_result_pdf
201506010903,2015,中山,1,9,3,2015-01-25,https://www.jra.go.jp/datafile/seiseki/report/2015/2015-1nakayama9.pdf,official_daily_result_pdf
201506010904,2015,中山,1,9,4,2015-01-25,https://www.jra.go.jp/datafile/seiseki/report/2015/2015-1nakayama9.pdf,official_daily_result_pdf
201506010905,2015,中山,1,9,5,2015-01-25,https://www.jra.go.jp/datafile/seiseki/report/2015/2015-1nakayama9.pdf,official_daily_result_pdf
201506010906,2015,中山,1,9,6,2015-01-25,https://www.jra.go.jp/datafile/seiseki/report/2015/2015-1nakayama9.pdf,official_daily_result_pdf
201506010907,2015,中山,1,9,7,2015-01-25,https://www.jra.go.jp/datafile/seiseki/report/2015/2015-1nakayama9.pdf,official_daily_result_pdf
201506010908,2015,中山,1,9,8,2015-01-25,https://www.jra.go.jp/datafile/seiseki/report/2015/2015-1nakayama9.pdf,official_daily_result_pdf
201506010909,2015,中山,1,9,9,2015-01-25,https://www.jra.go.jp/datafile/seiseki/report/2015/2015-1nakayama9.pdf,official_daily_result_pdf
201506010910,2015,中山,1,9,10,2015-01-25,https://www.jra.go.jp/datafile/seiseki/report/2015/2015-1nakayama9.pdf,official_daily_result_pdf
201506010911,2015,中山,1,9,11,2015-01-25,https://www.jra.go.jp/datafile/seiseki/report/2015/2015-1nakayama9.pdf,official_daily_result_pdf
201506010912,2015,中山,1,9,12,2015-01-25,https://www.jra.go.jp/datafile/seiseki/report/2015/2015-1nakayama9.pdf,official_daily_result_pdf
201506020101,2015,中山,2,1,1,2015-02-28,https://www.jra.go.jp/datafile/seiseki/report/2015/2015-2nakayama1.pdf,official_daily_result_pdf
201506020102,2015,中山,2,1,2,2015-02-28,https://www.jra.go.jp/datafile/seiseki/report/2015/2015-2nakayama1.pdf,official_daily_result_pdf
201506020103,2015,中山,2,1,3,2015-02-28,https://www.jra.go.jp/datafile/seiseki/report/2015/2015-2nakayama1.pdf,official_daily_result_pdf
201506020104,2015,中山,2,1,4,2015-02-28,https://www.jra.go.jp/datafile/seiseki/report/2015/2015-2nakayama1.pdf,official_daily_result_pdf
201506020105,2015,中山,2,1,5,2015-02-28,https://www.jra.go.jp/datafile/seiseki/report/2015/2015-2nakayama1.pdf,official_daily_result_pdf
201506020106,2015,中山,2,1,6,2015-02-28,https://www.jra.go.jp/datafile/seiseki/report/2015/2015-2nakayama1.pdf,official_daily_result_pdf
201506020107,2015,中山,2,1,7,2015-02-28,https://www.jra.go.jp/datafile/seiseki/report/2015/2015-2nakayama1.pdf,official_daily_result_pdf
201506020108,2015,中山,2,1,8,2015-02-28,https://www.jra.go.jp/datafile/seiseki/report/2015/2015-2nakayama1.pdf,official_daily_result_pdf
201506020109,2015,中山,2,1,9,2015-02-28,https://www.jra.go.jp/datafile/seiseki/report/2015/2015-2nakayama1.pdf,official_daily_result_pdf
201506020110,2015,中山,2,1,10,2015-02-28,https://www.jra.go.jp/datafile/seiseki/report/2015/2015-2nakayama1.pdf,official_daily_result_pdf
201506020111,2015,中山,2,1,11,2015-02-28,https://www.jra.go.jp/datafile/seiseki/report/2015/2015-2nakayama1.pdf,official_daily_result_pdf
201506020112,2015,中山,2,1,12,2015-02-28,https://www.jra.go.jp/datafile/seiseki/report/2015/2015-2nakayama1.pdf,official_daily_result_pdf
201506020201,2015,中山,2,2,1,2015-03-01,https://www.jra.go.jp/datafile/seiseki/report/2015/2015-2nakayama2.pdf,official_daily_result_pdf
201506020202,2015,中山,2,2,2,2015-03-01,https://www.jra.go.jp/datafile/seiseki/report/2015/2015-2nakayama2.pdf,official_daily_result_pdf
201506020203,2015,中山,2,2,3,2015-03-01,https://www.jra.go.jp/datafile/seiseki/report/2015/2015-2nakayama2.pdf,official_daily_result_pdf
201506020204,2015,中山,2,2,4,2015-03-01,https://www.jra.go.jp/datafile/seiseki/report/2015/2015-2nakayama2.pdf,official_daily_result_pdf
201506020205,2015,中山,2,2,5,2015-03-01,https://www.jra.go.jp/datafile/seiseki/report/2015/2015-2nakayama2.pdf,official_daily_result_pdf
201506020206,2015,中山,2,2,6,2015-03-01,https://www.jra.go.jp/datafile/seiseki/report/2015/2015-2nakayama2.pdf,official_daily_result_pdf
201506020207,2015,中山,2,2,7,2015-03-01,https://www.jra.go.jp/datafile/seiseki/report/2015/2015-2nakayama2.pdf,official_daily_result_pdf
201506020208,2015,中山,2,2,8,2015-03-01,https://www.jra.go.jp/datafile/seiseki/report/2015/2015-2nakayama2.pdf,official_daily_result_pdf
201506020209,2015,中山,2,2,9,2015-03-01,https://www.jra.go.jp/datafile/seiseki/report/2015/2015-2nakayama2.pdf,official_daily_result_pdf
201506020210,2015,中山,2,2,10,2015-03-01,https://www.jra.go.jp/datafile/seiseki/report/2015/2015-2nakayama2.pdf,official_daily_result_pdf
201506020211,2015,中山,2,2,11,2015-03-01,https://www.jra.go.jp/datafile/seiseki/report/2015/2015-2nakayama2.pdf,official_daily_result_pdf
201506020212,2015,中山,2,2,12,2015-03-01,https://www.jra.go.jp/datafile/seiseki/report/2015/2015-2nakayama2.pdf,official_daily_result_pdf
201506020301,2015,中山,2,3,1,2015-03-07,https://www.jra.go.jp/datafile/seiseki/report/2015/2015-2nakayama3.pdf,official_daily_result_pdf
201506020302,2015,中山,2,3,2,2015-03-07,https://www.jra.go.jp/datafile/seiseki/report/2015/2015-2nakayama3.pdf,official_daily_result_pdf
201506020303,2015,中山,2,3,3,2015-03-07,https://www.jra.go.jp/datafile/seiseki/report/2015/2015-2nakayama3.pdf,official_daily_result_pdf
201506020304,2015,中山,2,3,4,2015-03-07,https://www.jra.go.jp/datafile/seiseki/report/2015/2015-2nakayama3.pdf,official_daily_result_pdf
201506020305,2015,中山,2,3,5,2015-03-07,https://www.jra.go.jp/datafile/seiseki/report/2015/2015-2nakayama3.pdf,official_daily_result_pdf
201506020306,2015,中山,2,3,6,2015-03-07,https://www.jra.go.jp/datafile/seiseki/report/2015/2015-2nakayama3.pdf,official_daily_result_pdf
201506020307,2015,中山,2,3,7,2015-03-07,https://www.jra.go.jp/datafile/seiseki/report/2015/2015-2nakayama3.pdf,official_daily_result_pdf
201506020308,2015,中山,2,3,8,2015-03-07,https://www.jra.go.jp/datafile/seiseki/report/2015/2015-2nakayama3.pdf,official_daily_result_pdf
201506020309,2015,中山,2,3,9,2015-03-07,https://www.jra.go.jp/datafile/seiseki/report/2015/2015-2nakayama3.pdf,official_daily_result_pdf
201506020310,2015,中山,2,3,10,2015-03-07,https://www.jra.go.jp/datafile/seiseki/report/2015/2015-2nakayama3.pdf,official_daily_result_pdf
201506020311,2015,中山,2,3,11,2015-03-07,https://www.jra.go.jp/datafile/seiseki/report/2015/2015-2nakayama3.pdf,official_daily_result_pdf
201506020312,2015,中山,2,3,12,2015-03-07,https://www.jra.go.jp/datafile/seiseki/report/2015/2015-2nakayama3.pdf,official_daily_result_pdf
201506020401,2015,中山,2,4,1,2015-03-08,https://www.jra.go.jp/datafile/seiseki/report/2015/2015-2nakayama4.pdf,official_daily_result_pdf
201506020402,2015,中山,2,4,2,2015-03-08,https://www.jra.go.jp/datafile/seiseki/report/2015/2015-2nakayama4.pdf,official_daily_result_pdf
201506020403,2015,中山,2,4,3,2015-03-08,https://www.jra.go.jp/datafile/seiseki/report/2015/2015-2nakayama4.pdf,official_daily_result_pdf
201506020404,2015,中山,2,4,4,2015-03-08,https://www.jra.go.jp/datafile/seiseki/report/2015/2015-2nakayama4.pdf,official_daily_result_pdf
201506020405,2015,中山,2,4,5,2015-03-08,https://www.jra.go.jp/datafile/seiseki/report/2015/2015-2nakayama4.pdf,official_daily_result_pdf
201506020406,2015,中山,2,4,6,2015-03-08,https://www.jra.go.jp/datafile/seiseki/report/2015/2015-2nakayama4.pdf,official_daily_result_pdf
201506020407,2015,中山,2,4,7,2015-03-08,https://www.jra.go.jp/datafile/seiseki/report/2015/2015-2nakayama4.pdf,official_daily_result_pdf
201506020408,2015,中山,2,4,8,2015-03-08,https://www.jra.go.jp/datafile/seiseki/report/2015/2015-2nakayama4.pdf,official_daily_result_pdf
201506020409,2015,中山,2,4,9,2015-03-08,https://www.jra.go.jp/datafile/seiseki/report/2015/2015-2nakayama4.pdf,official_daily_result_pdf
201506020410,2015,中山,2,4,10,2015-03-08,https://www.jra.go.jp/datafile/seiseki/report/2015/2015-2nakayama4.pdf,official_daily_result_pdf
201506020411,2015,中山,2,4,11,2015-03-08,https://www.jra.go.jp/datafile/seiseki/report/2015/2015-2nakayama4.pdf,official_daily_result_pdf
201506020412,2015,中山,2,4,12,2015-03-08,https://www.jra.go.jp/datafile/seiseki/report/2015/2015-2nakayama4.pdf,official_daily_result_pdf
201506020501,2015,中山,2,5,1,2015-03-14,https://www.jra.go.jp/datafile/seiseki/report/2015/2015-2nakayama5.pdf,official_daily_result_pdf
201506020502,2015,中山,2,5,2,2015-03-14,https://www.jra.go.jp/datafile/seiseki/report/2015/2015-2nakayama5.pdf,official_daily_result_pdf
201506020503,2015,中山,2,5,3,2015-03-14,https://www.jra.go.jp/datafile/seiseki/report/2015/2015-2nakayama5.pdf,official_daily_result_pdf
201506020504,2015,中山,2,5,4,2015-03-14,https://www.jra.go.jp/datafile/seiseki/report/2015/2015-2nakayama5.pdf,official_daily_result_pdf
201506020505,2015,中山,2,5,5,2015-03-14,https://www.jra.go.jp/datafile/seiseki/report/2015/2015-2nakayama5.pdf,official_daily_result_pdf
201506020506,2015,中山,2,5,6,2015-03-14,https://www.jra.go.jp/datafile/seiseki/report/2015/2015-2nakayama5.pdf,official_daily_result_pdf
201506020507,2015,中山,2,5,7,2015-03-14,https://www.jra.go.jp/datafile/seiseki/report/2015/2015-2nakayama5.pdf,official_daily_result_pdf
201506020508,2015,中山,2,5,8,2015-03-14,https://www.jra.go.jp/datafile/seiseki/report/2015/2015-2nakayama5.pdf,official_daily_result_pdf
201506020509,2015,中山,2,5,9,2015-03-14,https://www.jra.go.jp/datafile/seiseki/report/2015/2015-2nakayama5.pdf,official_daily_result_pdf
201506020510,2015,中山,2,5,10,2015-03-14,https://www.jra.go.jp/datafile/seiseki/report/2015/2015-2nakayama5.pdf,official_daily_result_pdf
201506020511,2015,中山,2,5,11,2015-03-14,https://www.jra.go.jp/datafile/seiseki/report/2015/2015-2nakayama5.pdf,official_daily_result_pdf
201506020512,2015,中山,2,5,12,2015-03-14,https://www.jra.go.jp/datafile/seiseki/report/2015/2015-2nakayama5.pdf,official_daily_result_pdf
201506020601,2015,中山,2,6,1,2015-03-15,https://www.jra.go.jp/datafile/seiseki/report/2015/2015-2nakayama6.pdf,official_daily_result_pdf
201506020602,2015,中山,2,6,2,2015-03-15,https://www.jra.go.jp/datafile/seiseki/report/2015/2015-2nakayama6.pdf,official_daily_result_pdf
201506020603,2015,中山,2,6,3,2015-03-15,https://www.jra.go.jp/datafile/seiseki/report/2015/2015-2nakayama6.pdf,official_daily_result_pdf
201506020604,2015,中山,2,6,4,2015-03-15,https://www.jra.go.jp/datafile/seiseki/report/2015/2015-2nakayama6.pdf,official_daily_result_pdf
201506020605,2015,中山,2,6,5,2015-03-15,https://www.jra.go.jp/datafile/seiseki/report/2015/2015-2nakayama6.pdf,official_daily_result_pdf
201506020606,2015,中山,2,6,6,2015-03-15,https://www.jra.go.jp/datafile/seiseki/report/2015/2015-2nakayama6.pdf,official_daily_result_pdf
201506020607,2015,中山,2,6,7,2015-03-15,https://www.jra.go.jp/datafile/seiseki/report/2015/2015-2nakayama6.pdf,official_daily_result_pdf
201506020608,2015,中山,2,6,8,2015-03-15,https://www.jra.go.jp/datafile/seiseki/report/2015/2015-2nakayama6.pdf,official_daily_result_pdf
201506020609,2015,中山,2,6,9,2015-03-15,https://www.jra.go.jp/datafile/seiseki/report/2015/2015-2nakayama6.pdf,official_daily_result_pdf
201506020610,2015,中山,2,6,10,2015-03-15,https://www.jra.go.jp/datafile/seiseki/report/2015/2015-2nakayama6.pdf,official_daily_result_pdf
201506020611,2015,中山,2,6,11,2015-03-15,https://www.jra.go.jp/datafile/seiseki/report/2015/2015-2nakayama6.pdf,official_daily_result_pdf
201506020612,2015,中山,2,6,12,2015-03-15,https://www.jra.go.jp/datafile/seiseki/report/2015/2015-2nakayama6.pdf,official_daily_result_pdf
201506020701,2015,中山,2,7,1,2015-03-21,https://www.jra.go.jp/datafile/seiseki/report/2015/2015-2nakayama7.pdf,official_daily_result_pdf
201506020702,2015,中山,2,7,2,2015-03-21,https://www.jra.go.jp/datafile/seiseki/report/2015/2015-2nakayama7.pdf,official_daily_result_pdf
201506020703,2015,中山,2,7,3,2015-03-21,https://www.jra.go.jp/datafile/seiseki/report/2015/2015-2nakayama7.pdf,official_daily_result_pdf
201506020704,2015,中山,2,7,4,2015-03-21,https://www.jra.go.jp/datafile/seiseki/report/2015/2015-2nakayama7.pdf,official_daily_result_pdf
201506020705,2015,中山,2,7,5,2015-03-21,https://www.jra.go.jp/datafile/seiseki/report/2015/2015-2nakayama7.pdf,official_daily_result_pdf
201506020706,2015,中山,2,7,6,2015-03-21,https://www.jra.go.jp/datafile/seiseki/report/2015/2015-2nakayama7.pdf,official_daily_result_pdf
201506020707,2015,中山,2,7,7,2015-03-21,https://www.jra.go.jp/datafile/seiseki/report/2015/2015-2nakayama7.pdf,official_daily_result_pdf
201506020708,2015,中山,2,7,8,2015-03-21,https://www.jra.go.jp/datafile/seiseki/report/2015/2015-2nakayama7.pdf,official_daily_result_pdf
201506020709,2015,中山,2,7,9,2015-03-21,https://www.jra.go.jp/datafile/seiseki/report/2015/2015-2nakayama7.pdf,official_daily_result_pdf
201506020710,2015,中山,2,7,10,2015-03-21,https://www.jra.go.jp/datafile/seiseki/report/2015/2015-2nakayama7.pdf,official_daily_result_pdf
201506020711,2015,中山,2,7,11,2015-03-21,https://www.jra.go.jp/datafile/seiseki/report/2015/2015-2nakayama7.pdf,official_daily_result_pdf
201506020712,2015,中山,2,7,12,2015-03-21,https://www.jra.go.jp/datafile/seiseki/report/2015/2015-2nakayama7.pdf,official_daily_result_pdf
201506020801,2015,中山,2,8,1,2015-03-22,https://www.jra.go.jp/datafile/seiseki/report/2015/2015-2nakayama8.pdf,official_daily_result_pdf
201506020802,2015,中山,2,8,2,2015-03-22,https://www.jra.go.jp/datafile/seiseki/report/2015/2015-2nakayama8.pdf,official_daily_result_pdf
201506020803,2015,中山,2,8,3,2015-03-22,https://www.jra.go.jp/datafile/seiseki/report/2015/2015-2nakayama8.pdf,official_daily_result_pdf
201506020804,2015,中山,2,8,4,2015-03-22,https://www.jra.go.jp/datafile/seiseki/report/2015/2015-2nakayama8.pdf,official_daily_result_pdf
201506020805,2015,中山,2,8,5,2015-03-22,https://www.jra.go.jp/datafile/seiseki/report/2015/2015-2nakayama8.pdf,official_daily_result_pdf
201506020806,2015,中山,2,8,6,2015-03-22,https://www.jra.go.jp/datafile/seiseki/report/2015/2015-2nakayama8.pdf,official_daily_result_pdf
201506020807,2015,中山,2,8,7,2015-03-22,https://www.jra.go.jp/datafile/seiseki/report/2015/2015-2nakayama8.pdf,official_daily_result_pdf
201506020808,2015,中山,2,8,8,2015-03-22,https://www.jra.go.jp/datafile/seiseki/report/2015/2015-2nakayama8.pdf,official_daily_result_pdf
201506020809,2015,中山,2,8,9,2015-03-22,https://www.jra.go.jp/datafile/seiseki/report/2015/2015-2nakayama8.pdf,official_daily_result_pdf
201506020810,2015,中山,2,8,10,2015-03-22,https://www.jra.go.jp/datafile/seiseki/report/2015/2015-2nakayama8.pdf,official_daily_result_pdf
201506020811,2015,中山,2,8,11,2015-03-22,https://www.jra.go.jp/datafile/seiseki/report/2015/2015-2nakayama8.pdf,official_daily_result_pdf
201506020812,2015,中山,2,8,12,2015-03-22,https://www.jra.go.jp/datafile/seiseki/report/2015/2015-2nakayama8.pdf,official_daily_result_pdf
201506030101,2015,中山,3,1,1,2015-03-28,https://www.jra.go.jp/datafile/seiseki/report/2015/2015-3nakayama1.pdf,official_daily_result_pdf
201506030102,2015,中山,3,1,2,2015-03-28,https://www.jra.go.jp/datafile/seiseki/report/2015/2015-3nakayama1.pdf,official_daily_result_pdf
201506030103,2015,中山,3,1,3,2015-03-28,https://www.jra.go.jp/datafile/seiseki/report/2015/2015-3nakayama1.pdf,official_daily_result_pdf
201506030104,2015,中山,3,1,4,2015-03-28,https://www.jra.go.jp/datafile/seiseki/report/2015/2015-3nakayama1.pdf,official_daily_result_pdf
201506030105,2015,中山,3,1,5,2015-03-28,https://www.jra.go.jp/datafile/seiseki/report/2015/2015-3nakayama1.pdf,official_daily_result_pdf
201506030106,2015,中山,3,1,6,2015-03-28,https://www.jra.go.jp/datafile/seiseki/report/2015/2015-3nakayama1.pdf,official_daily_result_pdf
201506030107,2015,中山,3,1,7,2015-03-28,https://www.jra.go.jp/datafile/seiseki/report/2015/2015-3nakayama1.pdf,official_daily_result_pdf
201506030108,2015,中山,3,1,8,2015-03-28,https://www.jra.go.jp/datafile/seiseki/report/2015/2015-3nakayama1.pdf,official_daily_result_pdf
201506030109,2015,中山,3,1,9,2015-03-28,https://www.jra.go.jp/datafile/seiseki/report/2015/2015-3nakayama1.pdf,official_daily_result_pdf
201506030110,2015,中山,3,1,10,2015-03-28,https://www.jra.go.jp/datafile/seiseki/report/2015/2015-3nakayama1.pdf,official_daily_result_pdf
201506030111,2015,中山,3,1,11,2015-03-28,https://www.jra.go.jp/datafile/seiseki/report/2015/2015-3nakayama1.pdf,official_daily_result_pdf
201506030112,2015,中山,3,1,12,2015-03-28,https://www.jra.go.jp/datafile/seiseki/report/2015/2015-3nakayama1.pdf,official_daily_result_pdf
201506030201,2015,中山,3,2,1,2015-03-29,https://www.jra.go.jp/datafile/seiseki/report/2015/2015-3nakayama2.pdf,official_daily_result_pdf
201506030202,2015,中山,3,2,2,2015-03-29,https://www.jra.go.jp/datafile/seiseki/report/2015/2015-3nakayama2.pdf,official_daily_result_pdf
201506030203,2015,中山,3,2,3,2015-03-29,https://www.jra.go.jp/datafile/seiseki/report/2015/2015-3nakayama2.pdf,official_daily_result_pdf
201506030204,2015,中山,3,2,4,2015-03-29,https://www.jra.go.jp/datafile/seiseki/report/2015/2015-3nakayama2.pdf,official_daily_result_pdf
201506030205,2015,中山,3,2,5,2015-03-29,https://www.jra.go.jp/datafile/seiseki/report/2015/2015-3nakayama2.pdf,official_daily_result_pdf
201506030206,2015,中山,3,2,6,2015-03-29,https://www.jra.go.jp/datafile/seiseki/report/2015/2015-3nakayama2.pdf,official_daily_result_pdf
201506030207,2015,中山,3,2,7,2015-03-29,https://www.jra.go.jp/datafile/seiseki/report/2015/2015-3nakayama2.pdf,official_daily_result_pdf
201506030208,2015,中山,3,2,8,2015-03-29,https://www.jra.go.jp/datafile/seiseki/report/2015/2015-3nakayama2.pdf,official_daily_result_pdf
201506030209,2015,中山,3,2,9,2015-03-29,https://www.jra.go.jp/datafile/seiseki/report/2015/2015-3nakayama2.pdf,official_daily_result_pdf
201506030210,2015,中山,3,2,10,2015-03-29,https://www.jra.go.jp/datafile/seiseki/report/2015/2015-3nakayama2.pdf,official_daily_result_pdf
201506030211,2015,中山,3,2,11,2015-03-29,https://www.jra.go.jp/datafile/seiseki/report/2015/2015-3nakayama2.pdf,official_daily_result_pdf
201506030212,2015,中山,3,2,12,2015-03-29,https://www.jra.go.jp/datafile/seiseki/report/2015/2015-3nakayama2.pdf,official_daily_result_pdf
201506030301,2015,中山,3,3,1,2015-04-04,https://www.jra.go.jp/datafile/seiseki/report/2015/2015-3nakayama3.pdf,official_daily_result_pdf
201506030302,2015,中山,3,3,2,2015-04-04,https://www.jra.go.jp/datafile/seiseki/report/2015/2015-3nakayama3.pdf,official_daily_result_pdf
201506030303,2015,中山,3,3,3,2015-04-04,https://www.jra.go.jp/datafile/seiseki/report/2015/2015-3nakayama3.pdf,official_daily_result_pdf
201506030304,2015,中山,3,3,4,2015-04-04,https://www.jra.go.jp/datafile/seiseki/report/2015/2015-3nakayama3.pdf,official_daily_result_pdf
201506030305,2015,中山,3,3,5,2015-04-04,https://www.jra.go.jp/datafile/seiseki/report/2015/2015-3nakayama3.pdf,official_daily_result_pdf
201506030306,2015,中山,3,3,6,2015-04-04,https://www.jra.go.jp/datafile/seiseki/report/2015/2015-3nakayama3.pdf,official_daily_result_pdf
201506030307,2015,中山,3,3,7,2015-04-04,https://www.jra.go.jp/datafile/seiseki/report/2015/2015-3nakayama3.pdf,official_daily_result_pdf
201506030308,2015,中山,3,3,8,2015-04-04,https://www.jra.go.jp/datafile/seiseki/report/2015/2015-3nakayama3.pdf,official_daily_result_pdf
201506030309,2015,中山,3,3,9,2015-04-04,https://www.jra.go.jp/datafile/seiseki/report/2015/2015-3nakayama3.pdf,official_daily_result_pdf
201506030310,2015,中山,3,3,10,2015-04-04,https://www.jra.go.jp/datafile/seiseki/report/2015/2015-3nakayama3.pdf,official_daily_result_pdf
201506030311,2015,中山,3,3,11,2015-04-04,https://www.jra.go.jp/datafile/seiseki/report/2015/2015-3nakayama3.pdf,official_daily_result_pdf
201506030312,2015,中山,3,3,12,2015-04-04,https://www.jra.go.jp/datafile/seiseki/report/2015/2015-3nakayama3.pdf,official_daily_result_pdf
201506030401,2015,中山,3,4,1,2015-04-05,https://www.jra.go.jp/datafile/seiseki/report/2015/2015-3nakayama4.pdf,official_daily_result_pdf
201506030402,2015,中山,3,4,2,2015-04-05,https://www.jra.go.jp/datafile/seiseki/report/2015/2015-3nakayama4.pdf,official_daily_result_pdf
201506030403,2015,中山,3,4,3,2015-04-05,https://www.jra.go.jp/datafile/seiseki/report/2015/2015-3nakayama4.pdf,official_daily_result_pdf
201506030404,2015,中山,3,4,4,2015-04-05,https://www.jra.go.jp/datafile/seiseki/report/2015/2015-3nakayama4.pdf,official_daily_result_pdf
201506030405,2015,中山,3,4,5,2015-04-05,https://www.jra.go.jp/datafile/seiseki/report/2015/2015-3nakayama4.pdf,official_daily_result_pdf
201506030406,2015,中山,3,4,6,2015-04-05,https://www.jra.go.jp/datafile/seiseki/report/2015/2015-3nakayama4.pdf,official_daily_result_pdf
201506030407,2015,中山,3,4,7,2015-04-05,https://www.jra.go.jp/datafile/seiseki/report/2015/2015-3nakayama4.pdf,official_daily_result_pdf
201506030408,2015,中山,3,4,8,2015-04-05,https://www.jra.go.jp/datafile/seiseki/report/2015/2015-3nakayama4.pdf,official_daily_result_pdf
201506030409,2015,中山,3,4,9,2015-04-05,https://www.jra.go.jp/datafile/seiseki/report/2015/2015-3nakayama4.pdf,official_daily_result_pdf
201506030410,2015,中山,3,4,10,2015-04-05,https://www.jra.go.jp/datafile/seiseki/report/2015/2015-3nakayama4.pdf,official_daily_result_pdf
201506030411,2015,中山,3,4,11,2015-04-05,https://www.jra.go.jp/datafile/seiseki/report/2015/2015-3nakayama4.pdf,official_daily_result_pdf
201506030412,2015,中山,3,4,12,2015-04-05,https://www.jra.go.jp/datafile/seiseki/report/2015/2015-3nakayama4.pdf,official_daily_result_pdf
201506030501,2015,中山,3,5,1,2015-04-11,https://www.jra.go.jp/datafile/seiseki/report/2015/2015-3nakayama5.pdf,official_daily_result_pdf
201506030502,2015,中山,3,5,2,2015-04-11,https://www.jra.go.jp/datafile/seiseki/report/2015/2015-3nakayama5.pdf,official_daily_result_pdf
201506030503,2015,中山,3,5,3,2015-04-11,https://www.jra.go.jp/datafile/seiseki/report/2015/2015-3nakayama5.pdf,official_daily_result_pdf
201506030504,2015,中山,3,5,4,2015-04-11,https://www.jra.go.jp/datafile/seiseki/report/2015/2015-3nakayama5.pdf,official_daily_result_pdf
201506030505,2015,中山,3,5,5,2015-04-11,https://www.jra.go.jp/datafile/seiseki/report/2015/2015-3nakayama5.pdf,official_daily_result_pdf
201506030506,2015,中山,3,5,6,2015-04-11,https://www.jra.go.jp/datafile/seiseki/report/2015/2015-3nakayama5.pdf,official_daily_result_pdf
201506030507,2015,中山,3,5,7,2015-04-11,https://www.jra.go.jp/datafile/seiseki/report/2015/2015-3nakayama5.pdf,official_daily_result_pdf
201506030508,2015,中山,3,5,8,2015-04-11,https://www.jra.go.jp/datafile/seiseki/report/2015/2015-3nakayama5.pdf,official_daily_result_pdf
201506030509,2015,中山,3,5,9,2015-04-11,https://www.jra.go.jp/datafile/seiseki/report/2015/2015-3nakayama5.pdf,official_daily_result_pdf
201506030510,2015,中山,3,5,10,2015-04-11,https://www.jra.go.jp/datafile/seiseki/report/2015/2015-3nakayama5.pdf,official_daily_result_pdf
201506030511,2015,中山,3,5,11,2015-04-11,https://www.jra.go.jp/datafile/seiseki/report/2015/2015-3nakayama5.pdf,official_daily_result_pdf
201506030512,2015,中山,3,5,12,2015-04-11,https://www.jra.go.jp/datafile/seiseki/report/2015/2015-3nakayama5.pdf,official_daily_result_pdf
201506030601,2015,中山,3,6,1,2015-04-12,https://www.jra.go.jp/datafile/seiseki/report/2015/2015-3nakayama6.pdf,official_daily_result_pdf
201506030602,2015,中山,3,6,2,2015-04-12,https://www.jra.go.jp/datafile/seiseki/report/2015/2015-3nakayama6.pdf,official_daily_result_pdf
201506030603,2015,中山,3,6,3,2015-04-12,https://www.jra.go.jp/datafile/seiseki/report/2015/2015-3nakayama6.pdf,official_daily_result_pdf
201506030604,2015,中山,3,6,4,2015-04-12,https://www.jra.go.jp/datafile/seiseki/report/2015/2015-3nakayama6.pdf,official_daily_result_pdf
201506030605,2015,中山,3,6,5,2015-04-12,https://www.jra.go.jp/datafile/seiseki/report/2015/2015-3nakayama6.pdf,official_daily_result_pdf
201506030606,2015,中山,3,6,6,2015-04-12,https://www.jra.go.jp/datafile/seiseki/report/2015/2015-3nakayama6.pdf,official_daily_result_pdf
201506030607,2015,中山,3,6,7,2015-04-12,https://www.jra.go.jp/datafile/seiseki/report/2015/2015-3nakayama6.pdf,official_daily_result_pdf
201506030608,2015,中山,3,6,8,2015-04-12,https://www.jra.go.jp/datafile/seiseki/report/2015/2015-3nakayama6.pdf,official_daily_result_pdf
201506030609,2015,中山,3,6,9,2015-04-12,https://www.jra.go.jp/datafile/seiseki/report/2015/2015-3nakayama6.pdf,official_daily_result_pdf
201506030610,2015,中山,3,6,10,2015-04-12,https://www.jra.go.jp/datafile/seiseki/report/2015/2015-3nakayama6.pdf,official_daily_result_pdf
201506030611,2015,中山,3,6,11,2015-04-12,https://www.jra.go.jp/datafile/seiseki/report/2015/2015-3nakayama6.pdf,official_daily_result_pdf
201506030612,2015,中山,3,6,12,2015-04-12,https://www.jra.go.jp/datafile/seiseki/report/2015/2015-3nakayama6.pdf,official_daily_result_pdf
201506030701,2015,中山,3,7,1,2015-04-18,https://www.jra.go.jp/datafile/seiseki/report/2015/2015-3nakayama7.pdf,official_daily_result_pdf
201506030702,2015,中山,3,7,2,2015-04-18,https://www.jra.go.jp/datafile/seiseki/report/2015/2015-3nakayama7.pdf,official_daily_result_pdf
201506030703,2015,中山,3,7,3,2015-04-18,https://www.jra.go.jp/datafile/seiseki/report/2015/2015-3nakayama7.pdf,official_daily_result_pdf
201506030704,2015,中山,3,7,4,2015-04-18,https://www.jra.go.jp/datafile/seiseki/report/2015/2015-3nakayama7.pdf,official_daily_result_pdf
201506030705,2015,中山,3,7,5,2015-04-18,https://www.jra.go.jp/datafile/seiseki/report/2015/2015-3nakayama7.pdf,official_daily_result_pdf
201506030706,2015,中山,3,7,6,2015-04-18,https://www.jra.go.jp/datafile/seiseki/report/2015/2015-3nakayama7.pdf,official_daily_result_pdf
201506030707,2015,中山,3,7,7,2015-04-18,https://www.jra.go.jp/datafile/seiseki/report/2015/2015-3nakayama7.pdf,official_daily_result_pdf
201506030708,2015,中山,3,7,8,2015-04-18,https://www.jra.go.jp/datafile/seiseki/report/2015/2015-3nakayama7.pdf,official_daily_result_pdf
201506030709,2015,中山,3,7,9,2015-04-18,https://www.jra.go.jp/datafile/seiseki/report/2015/2015-3nakayama7.pdf,official_daily_result_pdf
201506030710,2015,中山,3,7,10,2015-04-18,https://www.jra.go.jp/datafile/seiseki/report/2015/2015-3nakayama7.pdf,official_daily_result_pdf
201506030711,2015,中山,3,7,11,2015-04-18,https://www.jra.go.jp/datafile/seiseki/report/2015/2015-3nakayama7.pdf,official_daily_result_pdf
201506030712,2015,中山,3,7,12,2015-04-18,https://www.jra.go.jp/datafile/seiseki/report/2015/2015-3nakayama7.pdf,official_daily_result_pdf
201506030801,2015,中山,3,8,1,2015-04-19,https://www.jra.go.jp/datafile/seiseki/report/2015/2015-3nakayama8.pdf,official_daily_result_pdf
201506030802,2015,中山,3,8,2,2015-04-19,https://www.jra.go.jp/datafile/seiseki/report/2015/2015-3nakayama8.pdf,official_daily_result_pdf
201506030803,2015,中山,3,8,3,2015-04-19,https://www.jra.go.jp/datafile/seiseki/report/2015/2015-3nakayama8.pdf,official_daily_result_pdf
201506030804,2015,中山,3,8,4,2015-04-19,https://www.jra.go.jp/datafile/seiseki/report/2015/2015-3nakayama8.pdf,official_daily_result_pdf
201506030805,2015,中山,3,8,5,2015-04-19,https://www.jra.go.jp/datafile/seiseki/report/2015/2015-3nakayama8.pdf,official_daily_result_pdf
201506030806,2015,中山,3,8,6,2015-04-19,https://www.jra.go.jp/datafile/seiseki/report/2015/2015-3nakayama8.pdf,official_daily_result_pdf
201506030807,2015,中山,3,8,7,2015-04-19,https://www.jra.go.jp/datafile/seiseki/report/2015/2015-3nakayama8.pdf,official_daily_result_pdf
201506030808,2015,中山,3,8,8,2015-04-19,https://www.jra.go.jp/datafile/seiseki/report/2015/2015-3nakayama8.pdf,official_daily_result_pdf
201506030809,2015,中山,3,8,9,2015-04-19,https://www.jra.go.jp/datafile/seiseki/report/2015/2015-3nakayama8.pdf,official_daily_result_pdf
201506030810,2015,中山,3,8,10,2015-04-19,https://www.jra.go.jp/datafile/seiseki/report/2015/2015-3nakayama8.pdf,official_daily_result_pdf
201506030811,2015,中山,3,8,11,2015-04-19,https://www.jra.go.jp/datafile/seiseki/report/2015/2015-3nakayama8.pdf,official_daily_result_pdf
201506030812,2015,中山,3,8,12,2015-04-19,https://www.jra.go.jp/datafile/seiseki/report/2015/2015-3nakayama8.pdf,official_daily_result_pdf
201506040101,2015,中山,4,1,1,2015-09-12,https://www.jra.go.jp/datafile/seiseki/report/2015/2015-4nakayama1.pdf,official_daily_result_pdf
201506040102,2015,中山,4,1,2,2015-09-12,https://www.jra.go.jp/datafile/seiseki/report/2015/2015-4nakayama1.pdf,official_daily_result_pdf
201506040103,2015,中山,4,1,3,2015-09-12,https://www.jra.go.jp/datafile/seiseki/report/2015/2015-4nakayama1.pdf,official_daily_result_pdf
201506040104,2015,中山,4,1,4,2015-09-12,https://www.jra.go.jp/datafile/seiseki/report/2015/2015-4nakayama1.pdf,official_daily_result_pdf
201506040105,2015,中山,4,1,5,2015-09-12,https://www.jra.go.jp/datafile/seiseki/report/2015/2015-4nakayama1.pdf,official_daily_result_pdf
201506040106,2015,中山,4,1,6,2015-09-12,https://www.jra.go.jp/datafile/seiseki/report/2015/2015-4nakayama1.pdf,official_daily_result_pdf
201506040107,2015,中山,4,1,7,2015-09-12,https://www.jra.go.jp/datafile/seiseki/report/2015/2015-4nakayama1.pdf,official_daily_result_pdf
201506040108,2015,中山,4,1,8,2015-09-12,https://www.jra.go.jp/datafile/seiseki/report/2015/2015-4nakayama1.pdf,official_daily_result_pdf
201506040109,2015,中山,4,1,9,2015-09-12,https://www.jra.go.jp/datafile/seiseki/report/2015/2015-4nakayama1.pdf,official_daily_result_pdf
201506040110,2015,中山,4,1,10,2015-09-12,https://www.jra.go.jp/datafile/seiseki/report/2015/2015-4nakayama1.pdf,official_daily_result_pdf
201506040111,2015,中山,4,1,11,2015-09-12,https://www.jra.go.jp/datafile/seiseki/report/2015/2015-4nakayama1.pdf,official_daily_result_pdf
201506040112,2015,中山,4,1,12,2015-09-12,https://www.jra.go.jp/datafile/seiseki/report/2015/2015-4nakayama1.pdf,official_daily_result_pdf
201506040201,2015,中山,4,2,1,2015-09-13,https://www.jra.go.jp/datafile/seiseki/report/2015/2015-4nakayama2.pdf,official_daily_result_pdf
201506040202,2015,中山,4,2,2,2015-09-13,https://www.jra.go.jp/datafile/seiseki/report/2015/2015-4nakayama2.pdf,official_daily_result_pdf
201506040203,2015,中山,4,2,3,2015-09-13,https://www.jra.go.jp/datafile/seiseki/report/2015/2015-4nakayama2.pdf,official_daily_result_pdf
201506040204,2015,中山,4,2,4,2015-09-13,https://www.jra.go.jp/datafile/seiseki/report/2015/2015-4nakayama2.pdf,official_daily_result_pdf
201506040205,2015,中山,4,2,5,2015-09-13,https://www.jra.go.jp/datafile/seiseki/report/2015/2015-4nakayama2.pdf,official_daily_result_pdf
201506040206,2015,中山,4,2,6,2015-09-13,https://www.jra.go.jp/datafile/seiseki/report/2015/2015-4nakayama2.pdf,official_daily_result_pdf
201506040207,2015,中山,4,2,7,2015-09-13,https://www.jra.go.jp/datafile/seiseki/report/2015/2015-4nakayama2.pdf,official_daily_result_pdf
201506040208,2015,中山,4,2,8,2015-09-13,https://www.jra.go.jp/datafile/seiseki/report/2015/2015-4nakayama2.pdf,official_daily_result_pdf
201506040209,2015,中山,4,2,9,2015-09-13,https://www.jra.go.jp/datafile/seiseki/report/2015/2015-4nakayama2.pdf,official_daily_result_pdf
201506040210,2015,中山,4,2,10,2015-09-13,https://www.jra.go.jp/datafile/seiseki/report/2015/2015-4nakayama2.pdf,official_daily_result_pdf
201506040211,2015,中山,4,2,11,2015-09-13,https://www.jra.go.jp/datafile/seiseki/report/2015/2015-4nakayama2.pdf,official_daily_result_pdf
201506040212,2015,中山,4,2,12,2015-09-13,https://www.jra.go.jp/datafile/seiseki/report/2015/2015-4nakayama2.pdf,official_daily_result_pdf
201506040301,2015,中山,4,3,1,2015-09-19,https://www.jra.go.jp/datafile/seiseki/report/2015/2015-4nakayama3.pdf,official_daily_result_pdf
201506040302,2015,中山,4,3,2,2015-09-19,https://www.jra.go.jp/datafile/seiseki/report/2015/2015-4nakayama3.pdf,official_daily_result_pdf
201506040303,2015,中山,4,3,3,2015-09-19,https://www.jra.go.jp/datafile/seiseki/report/2015/2015-4nakayama3.pdf,official_daily_result_pdf
201506040304,2015,中山,4,3,4,2015-09-19,https://www.jra.go.jp/datafile/seiseki/report/2015/2015-4nakayama3.pdf,official_daily_result_pdf
201506040305,2015,中山,4,3,5,2015-09-19,https://www.jra.go.jp/datafile/seiseki/report/2015/2015-4nakayama3.pdf,official_daily_result_pdf
201506040306,2015,中山,4,3,6,2015-09-19,https://www.jra.go.jp/datafile/seiseki/report/2015/2015-4nakayama3.pdf,official_daily_result_pdf
201506040307,2015,中山,4,3,7,2015-09-19,https://www.jra.go.jp/datafile/seiseki/report/2015/2015-4nakayama3.pdf,official_daily_result_pdf
201506040308,2015,中山,4,3,8,2015-09-19,https://www.jra.go.jp/datafile/seiseki/report/2015/2015-4nakayama3.pdf,official_daily_result_pdf
201506040309,2015,中山,4,3,9,2015-09-19,https://www.jra.go.jp/datafile/seiseki/report/2015/2015-4nakayama3.pdf,official_daily_result_pdf
201506040310,2015,中山,4,3,10,2015-09-19,https://www.jra.go.jp/datafile/seiseki/report/2015/2015-4nakayama3.pdf,official_daily_result_pdf
201506040311,2015,中山,4,3,11,2015-09-19,https://www.jra.go.jp/datafile/seiseki/report/2015/2015-4nakayama3.pdf,official_daily_result_pdf
201506040312,2015,中山,4,3,12,2015-09-19,https://www.jra.go.jp/datafile/seiseki/report/2015/2015-4nakayama3.pdf,official_daily_result_pdf
201506040401,2015,中山,4,4,1,2015-09-20,https://www.jra.go.jp/datafile/seiseki/report/2015/2015-4nakayama4.pdf,official_daily_result_pdf
201506040402,2015,中山,4,4,2,2015-09-20,https://www.jra.go.jp/datafile/seiseki/report/2015/2015-4nakayama4.pdf,official_daily_result_pdf
201506040403,2015,中山,4,4,3,2015-09-20,https://www.jra.go.jp/datafile/seiseki/report/2015/2015-4nakayama4.pdf,official_daily_result_pdf
201506040404,2015,中山,4,4,4,2015-09-20,https://www.jra.go.jp/datafile/seiseki/report/2015/2015-4nakayama4.pdf,official_daily_result_pdf
201506040405,2015,中山,4,4,5,2015-09-20,https://www.jra.go.jp/datafile/seiseki/report/2015/2015-4nakayama4.pdf,official_daily_result_pdf
201506040406,2015,中山,4,4,6,2015-09-20,https://www.jra.go.jp/datafile/seiseki/report/2015/2015-4nakayama4.pdf,official_daily_result_pdf
201506040407,2015,中山,4,4,7,2015-09-20,https://www.jra.go.jp/datafile/seiseki/report/2015/2015-4nakayama4.pdf,official_daily_result_pdf
201506040408,2015,中山,4,4,8,2015-09-20,https://www.jra.go.jp/datafile/seiseki/report/2015/2015-4nakayama4.pdf,official_daily_result_pdf
201506040409,2015,中山,4,4,9,2015-09-20,https://www.jra.go.jp/datafile/seiseki/report/2015/2015-4nakayama4.pdf,official_daily_result_pdf
201506040410,2015,中山,4,4,10,2015-09-20,https://www.jra.go.jp/datafile/seiseki/report/2015/2015-4nakayama4.pdf,official_daily_result_pdf
201506040411,2015,中山,4,4,11,2015-09-20,https://www.jra.go.jp/datafile/seiseki/report/2015/2015-4nakayama4.pdf,official_daily_result_pdf
201506040412,2015,中山,4,4,12,2015-09-20,https://www.jra.go.jp/datafile/seiseki/report/2015/2015-4nakayama4.pdf,official_daily_result_pdf
201506040501,2015,中山,4,5,1,2015-09-21,https://www.jra.go.jp/datafile/seiseki/report/2015/2015-4nakayama5.pdf,official_daily_result_pdf
201506040502,2015,中山,4,5,2,2015-09-21,https://www.jra.go.jp/datafile/seiseki/report/2015/2015-4nakayama5.pdf,official_daily_result_pdf
201506040503,2015,中山,4,5,3,2015-09-21,https://www.jra.go.jp/datafile/seiseki/report/2015/2015-4nakayama5.pdf,official_daily_result_pdf
201506040504,2015,中山,4,5,4,2015-09-21,https://www.jra.go.jp/datafile/seiseki/report/2015/2015-4nakayama5.pdf,official_daily_result_pdf
201506040505,2015,中山,4,5,5,2015-09-21,https://www.jra.go.jp/datafile/seiseki/report/2015/2015-4nakayama5.pdf,official_daily_result_pdf
201506040506,2015,中山,4,5,6,2015-09-21,https://www.jra.go.jp/datafile/seiseki/report/2015/2015-4nakayama5.pdf,official_daily_result_pdf
201506040507,2015,中山,4,5,7,2015-09-21,https://www.jra.go.jp/datafile/seiseki/report/2015/2015-4nakayama5.pdf,official_daily_result_pdf
201506040508,2015,中山,4,5,8,2015-09-21,https://www.jra.go.jp/datafile/seiseki/report/2015/2015-4nakayama5.pdf,official_daily_result_pdf
201506040509,2015,中山,4,5,9,2015-09-21,https://www.jra.go.jp/datafile/seiseki/report/2015/2015-4nakayama5.pdf,official_daily_result_pdf
201506040510,2015,中山,4,5,10,2015-09-21,https://www.jra.go.jp/datafile/seiseki/report/2015/2015-4nakayama5.pdf,official_daily_result_pdf
201506040511,2015,中山,4,5,11,2015-09-21,https://www.jra.go.jp/datafile/seiseki/report/2015/2015-4nakayama5.pdf,official_daily_result_pdf
201506040512,2015,中山,4,5,12,2015-09-21,https://www.jra.go.jp/datafile/seiseki/report/2015/2015-4nakayama5.pdf,official_daily_result_pdf
201506040601,2015,中山,4,6,1,2015-09-26,https://www.jra.go.jp/datafile/seiseki/report/2015/2015-4nakayama6.pdf,official_daily_result_pdf
201506040602,2015,中山,4,6,2,2015-09-26,https://www.jra.go.jp/datafile/seiseki/report/2015/2015-4nakayama6.pdf,official_daily_result_pdf
201506040603,2015,中山,4,6,3,2015-09-26,https://www.jra.go.jp/datafile/seiseki/report/2015/2015-4nakayama6.pdf,official_daily_result_pdf
201506040604,2015,中山,4,6,4,2015-09-26,https://www.jra.go.jp/datafile/seiseki/report/2015/2015-4nakayama6.pdf,official_daily_result_pdf
201506040605,2015,中山,4,6,5,2015-09-26,https://www.jra.go.jp/datafile/seiseki/report/2015/2015-4nakayama6.pdf,official_daily_result_pdf
201506040606,2015,中山,4,6,6,2015-09-26,https://www.jra.go.jp/datafile/seiseki/report/2015/2015-4nakayama6.pdf,official_daily_result_pdf
201506040607,2015,中山,4,6,7,2015-09-26,https://www.jra.go.jp/datafile/seiseki/report/2015/2015-4nakayama6.pdf,official_daily_result_pdf
201506040608,2015,中山,4,6,8,2015-09-26,https://www.jra.go.jp/datafile/seiseki/report/2015/2015-4nakayama6.pdf,official_daily_result_pdf
201506040609,2015,中山,4,6,9,2015-09-26,https://www.jra.go.jp/datafile/seiseki/report/2015/2015-4nakayama6.pdf,official_daily_result_pdf
201506040610,2015,中山,4,6,10,2015-09-26,https://www.jra.go.jp/datafile/seiseki/report/2015/2015-4nakayama6.pdf,official_daily_result_pdf
201506040611,2015,中山,4,6,11,2015-09-26,https://www.jra.go.jp/datafile/seiseki/report/2015/2015-4nakayama6.pdf,official_daily_result_pdf
201506040612,2015,中山,4,6,12,2015-09-26,https://www.jra.go.jp/datafile/seiseki/report/2015/2015-4nakayama6.pdf,official_daily_result_pdf
201506040701,2015,中山,4,7,1,2015-09-27,https://www.jra.go.jp/datafile/seiseki/report/2015/2015-4nakayama7.pdf,official_daily_result_pdf
201506040702,2015,中山,4,7,2,2015-09-27,https://www.jra.go.jp/datafile/seiseki/report/2015/2015-4nakayama7.pdf,official_daily_result_pdf
201506040703,2015,中山,4,7,3,2015-09-27,https://www.jra.go.jp/datafile/seiseki/report/2015/2015-4nakayama7.pdf,official_daily_result_pdf
201506040704,2015,中山,4,7,4,2015-09-27,https://www.jra.go.jp/datafile/seiseki/report/2015/2015-4nakayama7.pdf,official_daily_result_pdf
201506040705,2015,中山,4,7,5,2015-09-27,https://www.jra.go.jp/datafile/seiseki/report/2015/2015-4nakayama7.pdf,official_daily_result_pdf
201506040706,2015,中山,4,7,6,2015-09-27,https://www.jra.go.jp/datafile/seiseki/report/2015/2015-4nakayama7.pdf,official_daily_result_pdf
201506040707,2015,中山,4,7,7,2015-09-27,https://www.jra.go.jp/datafile/seiseki/report/2015/2015-4nakayama7.pdf,official_daily_result_pdf
201506040708,2015,中山,4,7,8,2015-09-27,https://www.jra.go.jp/datafile/seiseki/report/2015/2015-4nakayama7.pdf,official_daily_result_pdf
201506040709,2015,中山,4,7,9,2015-09-27,https://www.jra.go.jp/datafile/seiseki/report/2015/2015-4nakayama7.pdf,official_daily_result_pdf
201506040710,2015,中山,4,7,10,2015-09-27,https://www.jra.go.jp/datafile/seiseki/report/2015/2015-4nakayama7.pdf,official_daily_result_pdf
201506040711,2015,中山,4,7,11,2015-09-27,https://www.jra.go.jp/datafile/seiseki/report/2015/2015-4nakayama7.pdf,official_daily_result_pdf
201506040712,2015,中山,4,7,12,2015-09-27,https://www.jra.go.jp/datafile/seiseki/report/2015/2015-4nakayama7.pdf,official_daily_result_pdf
201506040801,2015,中山,4,8,1,2015-10-03,https://www.jra.go.jp/datafile/seiseki/report/2015/2015-4nakayama8.pdf,official_daily_result_pdf
201506040802,2015,中山,4,8,2,2015-10-03,https://www.jra.go.jp/datafile/seiseki/report/2015/2015-4nakayama8.pdf,official_daily_result_pdf
201506040803,2015,中山,4,8,3,2015-10-03,https://www.jra.go.jp/datafile/seiseki/report/2015/2015-4nakayama8.pdf,official_daily_result_pdf
201506040804,2015,中山,4,8,4,2015-10-03,https://www.jra.go.jp/datafile/seiseki/report/2015/2015-4nakayama8.pdf,official_daily_result_pdf
201506040805,2015,中山,4,8,5,2015-10-03,https://www.jra.go.jp/datafile/seiseki/report/2015/2015-4nakayama8.pdf,official_daily_result_pdf
201506040806,2015,中山,4,8,6,2015-10-03,https://www.jra.go.jp/datafile/seiseki/report/2015/2015-4nakayama8.pdf,official_daily_result_pdf
201506040807,2015,中山,4,8,7,2015-10-03,https://www.jra.go.jp/datafile/seiseki/report/2015/2015-4nakayama8.pdf,official_daily_result_pdf
201506040808,2015,中山,4,8,8,2015-10-03,https://www.jra.go.jp/datafile/seiseki/report/2015/2015-4nakayama8.pdf,official_daily_result_pdf
201506040809,2015,中山,4,8,9,2015-10-03,https://www.jra.go.jp/datafile/seiseki/report/2015/2015-4nakayama8.pdf,official_daily_result_pdf
201506040810,2015,中山,4,8,10,2015-10-03,https://www.jra.go.jp/datafile/seiseki/report/2015/2015-4nakayama8.pdf,official_daily_result_pdf
201506040811,2015,中山,4,8,11,2015-10-03,https://www.jra.go.jp/datafile/seiseki/report/2015/2015-4nakayama8.pdf,official_daily_result_pdf
201506040812,2015,中山,4,8,12,2015-10-03,https://www.jra.go.jp/datafile/seiseki/report/2015/2015-4nakayama8.pdf,official_daily_result_pdf
201506040901,2015,中山,4,9,1,2015-10-04,https://www.jra.go.jp/datafile/seiseki/report/2015/2015-4nakayama9.pdf,official_daily_result_pdf
201506040902,2015,中山,4,9,2,2015-10-04,https://www.jra.go.jp/datafile/seiseki/report/2015/2015-4nakayama9.pdf,official_daily_result_pdf
201506040903,2015,中山,4,9,3,2015-10-04,https://www.jra.go.jp/datafile/seiseki/report/2015/2015-4nakayama9.pdf,official_daily_result_pdf
201506040904,2015,中山,4,9,4,2015-10-04,https://www.jra.go.jp/datafile/seiseki/report/2015/2015-4nakayama9.pdf,official_daily_result_pdf
201506040905,2015,中山,4,9,5,2015-10-04,https://www.jra.go.jp/datafile/seiseki/report/2015/2015-4nakayama9.pdf,official_daily_result_pdf
201506040906,2015,中山,4,9,6,2015-10-04,https://www.jra.go.jp/datafile/seiseki/report/2015/2015-4nakayama9.pdf,official_daily_result_pdf
201506040907,2015,中山,4,9,7,2015-10-04,https://www.jra.go.jp/datafile/seiseki/report/2015/2015-4nakayama9.pdf,official_daily_result_pdf
201506040908,2015,中山,4,9,8,2015-10-04,https://www.jra.go.jp/datafile/seiseki/report/2015/2015-4nakayama9.pdf,official_daily_result_pdf
201506040909,2015,中山,4,9,9,2015-10-04,https://www.jra.go.jp/datafile/seiseki/report/2015/2015-4nakayama9.pdf,official_daily_result_pdf
201506040910,2015,中山,4,9,10,2015-10-04,https://www.jra.go.jp/datafile/seiseki/report/2015/2015-4nakayama9.pdf,official_daily_result_pdf
201506040911,2015,中山,4,9,11,2015-10-04,https://www.jra.go.jp/datafile/seiseki/report/2015/2015-4nakayama9.pdf,official_daily_result_pdf
201506040912,2015,中山,4,9,12,2015-10-04,https://www.jra.go.jp/datafile/seiseki/report/2015/2015-4nakayama9.pdf,official_daily_result_pdf
201506050101,2015,中山,5,1,1,2015-12-05,https://www.jra.go.jp/datafile/seiseki/report/2015/2015-5nakayama1.pdf,official_daily_result_pdf
201506050102,2015,中山,5,1,2,2015-12-05,https://www.jra.go.jp/datafile/seiseki/report/2015/2015-5nakayama1.pdf,official_daily_result_pdf
201506050103,2015,中山,5,1,3,2015-12-05,https://www.jra.go.jp/datafile/seiseki/report/2015/2015-5nakayama1.pdf,official_daily_result_pdf
201506050104,2015,中山,5,1,4,2015-12-05,https://www.jra.go.jp/datafile/seiseki/report/2015/2015-5nakayama1.pdf,official_daily_result_pdf
201506050105,2015,中山,5,1,5,2015-12-05,https://www.jra.go.jp/datafile/seiseki/report/2015/2015-5nakayama1.pdf,official_daily_result_pdf
201506050106,2015,中山,5,1,6,2015-12-05,https://www.jra.go.jp/datafile/seiseki/report/2015/2015-5nakayama1.pdf,official_daily_result_pdf
201506050107,2015,中山,5,1,7,2015-12-05,https://www.jra.go.jp/datafile/seiseki/report/2015/2015-5nakayama1.pdf,official_daily_result_pdf
201506050108,2015,中山,5,1,8,2015-12-05,https://www.jra.go.jp/datafile/seiseki/report/2015/2015-5nakayama1.pdf,official_daily_result_pdf
201506050109,2015,中山,5,1,9,2015-12-05,https://www.jra.go.jp/datafile/seiseki/report/2015/2015-5nakayama1.pdf,official_daily_result_pdf
201506050110,2015,中山,5,1,10,2015-12-05,https://www.jra.go.jp/datafile/seiseki/report/2015/2015-5nakayama1.pdf,official_daily_result_pdf
201506050111,2015,中山,5,1,11,2015-12-05,https://www.jra.go.jp/datafile/seiseki/report/2015/2015-5nakayama1.pdf,official_daily_result_pdf
201506050112,2015,中山,5,1,12,2015-12-05,https://www.jra.go.jp/datafile/seiseki/report/2015/2015-5nakayama1.pdf,official_daily_result_pdf
201506050201,2015,中山,5,2,1,2015-12-06,https://www.jra.go.jp/datafile/seiseki/report/2015/2015-5nakayama2.pdf,official_daily_result_pdf
201506050202,2015,中山,5,2,2,2015-12-06,https://www.jra.go.jp/datafile/seiseki/report/2015/2015-5nakayama2.pdf,official_daily_result_pdf
201506050203,2015,中山,5,2,3,2015-12-06,https://www.jra.go.jp/datafile/seiseki/report/2015/2015-5nakayama2.pdf,official_daily_result_pdf
201506050204,2015,中山,5,2,4,2015-12-06,https://www.jra.go.jp/datafile/seiseki/report/2015/2015-5nakayama2.pdf,official_daily_result_pdf
201506050205,2015,中山,5,2,5,2015-12-06,https://www.jra.go.jp/datafile/seiseki/report/2015/2015-5nakayama2.pdf,official_daily_result_pdf
201506050206,2015,中山,5,2,6,2015-12-06,https://www.jra.go.jp/datafile/seiseki/report/2015/2015-5nakayama2.pdf,official_daily_result_pdf
201506050207,2015,中山,5,2,7,2015-12-06,https://www.jra.go.jp/datafile/seiseki/report/2015/2015-5nakayama2.pdf,official_daily_result_pdf
201506050208,2015,中山,5,2,8,2015-12-06,https://www.jra.go.jp/datafile/seiseki/report/2015/2015-5nakayama2.pdf,official_daily_result_pdf
201506050209,2015,中山,5,2,9,2015-12-06,https://www.jra.go.jp/datafile/seiseki/report/2015/2015-5nakayama2.pdf,official_daily_result_pdf
201506050210,2015,中山,5,2,10,2015-12-06,https://www.jra.go.jp/datafile/seiseki/report/2015/2015-5nakayama2.pdf,official_daily_result_pdf
201506050211,2015,中山,5,2,11,2015-12-06,https://www.jra.go.jp/datafile/seiseki/report/2015/2015-5nakayama2.pdf,official_daily_result_pdf
201506050212,2015,中山,5,2,12,2015-12-06,https://www.jra.go.jp/datafile/seiseki/report/2015/2015-5nakayama2.pdf,official_daily_result_pdf
201506050301,2015,中山,5,3,1,2015-12-12,https://www.jra.go.jp/datafile/seiseki/report/2015/2015-5nakayama3.pdf,official_daily_result_pdf
201506050302,2015,中山,5,3,2,2015-12-12,https://www.jra.go.jp/datafile/seiseki/report/2015/2015-5nakayama3.pdf,official_daily_result_pdf
201506050303,2015,中山,5,3,3,2015-12-12,https://www.jra.go.jp/datafile/seiseki/report/2015/2015-5nakayama3.pdf,official_daily_result_pdf
201506050304,2015,中山,5,3,4,2015-12-12,https://www.jra.go.jp/datafile/seiseki/report/2015/2015-5nakayama3.pdf,official_daily_result_pdf
201506050305,2015,中山,5,3,5,2015-12-12,https://www.jra.go.jp/datafile/seiseki/report/2015/2015-5nakayama3.pdf,official_daily_result_pdf
201506050306,2015,中山,5,3,6,2015-12-12,https://www.jra.go.jp/datafile/seiseki/report/2015/2015-5nakayama3.pdf,official_daily_result_pdf
201506050307,2015,中山,5,3,7,2015-12-12,https://www.jra.go.jp/datafile/seiseki/report/2015/2015-5nakayama3.pdf,official_daily_result_pdf
201506050308,2015,中山,5,3,8,2015-12-12,https://www.jra.go.jp/datafile/seiseki/report/2015/2015-5nakayama3.pdf,official_daily_result_pdf
201506050309,2015,中山,5,3,9,2015-12-12,https://www.jra.go.jp/datafile/seiseki/report/2015/2015-5nakayama3.pdf,official_daily_result_pdf
201506050310,2015,中山,5,3,10,2015-12-12,https://www.jra.go.jp/datafile/seiseki/report/2015/2015-5nakayama3.pdf,official_daily_result_pdf
201506050311,2015,中山,5,3,11,2015-12-12,https://www.jra.go.jp/datafile/seiseki/report/2015/2015-5nakayama3.pdf,official_daily_result_pdf
201506050312,2015,中山,5,3,12,2015-12-12,https://www.jra.go.jp/datafile/seiseki/report/2015/2015-5nakayama3.pdf,official_daily_result_pdf
201506050401,2015,中山,5,4,1,2015-12-13,https://www.jra.go.jp/datafile/seiseki/report/2015/2015-5nakayama4.pdf,official_daily_result_pdf
201506050402,2015,中山,5,4,2,2015-12-13,https://www.jra.go.jp/datafile/seiseki/report/2015/2015-5nakayama4.pdf,official_daily_result_pdf
201506050403,2015,中山,5,4,3,2015-12-13,https://www.jra.go.jp/datafile/seiseki/report/2015/2015-5nakayama4.pdf,official_daily_result_pdf
201506050404,2015,中山,5,4,4,2015-12-13,https://www.jra.go.jp/datafile/seiseki/report/2015/2015-5nakayama4.pdf,official_daily_result_pdf
201506050405,2015,中山,5,4,5,2015-12-13,https://www.jra.go.jp/datafile/seiseki/report/2015/2015-5nakayama4.pdf,official_daily_result_pdf
201506050406,2015,中山,5,4,6,2015-12-13,https://www.jra.go.jp/datafile/seiseki/report/2015/2015-5nakayama4.pdf,official_daily_result_pdf
201506050407,2015,中山,5,4,7,2015-12-13,https://www.jra.go.jp/datafile/seiseki/report/2015/2015-5nakayama4.pdf,official_daily_result_pdf
201506050408,2015,中山,5,4,8,2015-12-13,https://www.jra.go.jp/datafile/seiseki/report/2015/2015-5nakayama4.pdf,official_daily_result_pdf
201506050409,2015,中山,5,4,9,2015-12-13,https://www.jra.go.jp/datafile/seiseki/report/2015/2015-5nakayama4.pdf,official_daily_result_pdf
201506050410,2015,中山,5,4,10,2015-12-13,https://www.jra.go.jp/datafile/seiseki/report/2015/2015-5nakayama4.pdf,official_daily_result_pdf
201506050411,2015,中山,5,4,11,2015-12-13,https://www.jra.go.jp/datafile/seiseki/report/2015/2015-5nakayama4.pdf,official_daily_result_pdf
201506050412,2015,中山,5,4,12,2015-12-13,https://www.jra.go.jp/datafile/seiseki/report/2015/2015-5nakayama4.pdf,official_daily_result_pdf
201506050501,2015,中山,5,5,1,2015-12-19,https://www.jra.go.jp/datafile/seiseki/report/2015/2015-5nakayama5.pdf,official_daily_result_pdf
201506050502,2015,中山,5,5,2,2015-12-19,https://www.jra.go.jp/datafile/seiseki/report/2015/2015-5nakayama5.pdf,official_daily_result_pdf
201506050503,2015,中山,5,5,3,2015-12-19,https://www.jra.go.jp/datafile/seiseki/report/2015/2015-5nakayama5.pdf,official_daily_result_pdf
201506050504,2015,中山,5,5,4,2015-12-19,https://www.jra.go.jp/datafile/seiseki/report/2015/2015-5nakayama5.pdf,official_daily_result_pdf
201506050505,2015,中山,5,5,5,2015-12-19,https://www.jra.go.jp/datafile/seiseki/report/2015/2015-5nakayama5.pdf,official_daily_result_pdf
201506050506,2015,中山,5,5,6,2015-12-19,https://www.jra.go.jp/datafile/seiseki/report/2015/2015-5nakayama5.pdf,official_daily_result_pdf
201506050507,2015,中山,5,5,7,2015-12-19,https://www.jra.go.jp/datafile/seiseki/report/2015/2015-5nakayama5.pdf,official_daily_result_pdf
201506050508,2015,中山,5,5,8,2015-12-19,https://www.jra.go.jp/datafile/seiseki/report/2015/2015-5nakayama5.pdf,official_daily_result_pdf
201506050509,2015,中山,5,5,9,2015-12-19,https://www.jra.go.jp/datafile/seiseki/report/2015/2015-5nakayama5.pdf,official_daily_result_pdf
201506050510,2015,中山,5,5,10,2015-12-19,https://www.jra.go.jp/datafile/seiseki/report/2015/2015-5nakayama5.pdf,official_daily_result_pdf
201506050511,2015,中山,5,5,11,2015-12-19,https://www.jra.go.jp/datafile/seiseki/report/2015/2015-5nakayama5.pdf,official_daily_result_pdf
201506050512,2015,中山,5,5,12,2015-12-19,https://www.jra.go.jp/datafile/seiseki/report/2015/2015-5nakayama5.pdf,official_daily_result_pdf
201506050601,2015,中山,5,6,1,2015-12-20,https://www.jra.go.jp/datafile/seiseki/report/2015/2015-5nakayama6.pdf,official_daily_result_pdf
201506050602,2015,中山,5,6,2,2015-12-20,https://www.jra.go.jp/datafile/seiseki/report/2015/2015-5nakayama6.pdf,official_daily_result_pdf
201506050603,2015,中山,5,6,3,2015-12-20,https://www.jra.go.jp/datafile/seiseki/report/2015/2015-5nakayama6.pdf,official_daily_result_pdf
201506050604,2015,中山,5,6,4,2015-12-20,https://www.jra.go.jp/datafile/seiseki/report/2015/2015-5nakayama6.pdf,official_daily_result_pdf
201506050605,2015,中山,5,6,5,2015-12-20,https://www.jra.go.jp/datafile/seiseki/report/2015/2015-5nakayama6.pdf,official_daily_result_pdf
201506050606,2015,中山,5,6,6,2015-12-20,https://www.jra.go.jp/datafile/seiseki/report/2015/2015-5nakayama6.pdf,official_daily_result_pdf
201506050607,2015,中山,5,6,7,2015-12-20,https://www.jra.go.jp/datafile/seiseki/report/2015/2015-5nakayama6.pdf,official_daily_result_pdf
201506050608,2015,中山,5,6,8,2015-12-20,https://www.jra.go.jp/datafile/seiseki/report/2015/2015-5nakayama6.pdf,official_daily_result_pdf
201506050609,2015,中山,5,6,9,2015-12-20,https://www.jra.go.jp/datafile/seiseki/report/2015/2015-5nakayama6.pdf,official_daily_result_pdf
201506050610,2015,中山,5,6,10,2015-12-20,https://www.jra.go.jp/datafile/seiseki/report/2015/2015-5nakayama6.pdf,official_daily_result_pdf
201506050611,2015,中山,5,6,11,2015-12-20,https://www.jra.go.jp/datafile/seiseki/report/2015/2015-5nakayama6.pdf,official_daily_result_pdf
201506050612,2015,中山,5,6,12,2015-12-20,https://www.jra.go.jp/datafile/seiseki/report/2015/2015-5nakayama6.pdf,official_daily_result_pdf
201506050701,2015,中山,5,7,1,2015-12-26,https://www.jra.go.jp/datafile/seiseki/report/2015/2015-5nakayama7.pdf,official_daily_result_pdf
201506050702,2015,中山,5,7,2,2015-12-26,https://www.jra.go.jp/datafile/seiseki/report/2015/2015-5nakayama7.pdf,official_daily_result_pdf
201506050703,2015,中山,5,7,3,2015-12-26,https://www.jra.go.jp/datafile/seiseki/report/2015/2015-5nakayama7.pdf,official_daily_result_pdf
201506050704,2015,中山,5,7,4,2015-12-26,https://www.jra.go.jp/datafile/seiseki/report/2015/2015-5nakayama7.pdf,official_daily_result_pdf
201506050705,2015,中山,5,7,5,2015-12-26,https://www.jra.go.jp/datafile/seiseki/report/2015/2015-5nakayama7.pdf,official_daily_result_pdf
201506050706,2015,中山,5,7,6,2015-12-26,https://www.jra.go.jp/datafile/seiseki/report/2015/2015-5nakayama7.pdf,official_daily_result_pdf
201506050707,2015,中山,5,7,7,2015-12-26,https://www.jra.go.jp/datafile/seiseki/report/2015/2015-5nakayama7.pdf,official_daily_result_pdf
201506050708,2015,中山,5,7,8,2015-12-26,https://www.jra.go.jp/datafile/seiseki/report/2015/2015-5nakayama7.pdf,official_daily_result_pdf
201506050709,2015,中山,5,7,9,2015-12-26,https://www.jra.go.jp/datafile/seiseki/report/2015/2015-5nakayama7.pdf,official_daily_result_pdf
201506050710,2015,中山,5,7,10,2015-12-26,https://www.jra.go.jp/datafile/seiseki/report/2015/2015-5nakayama7.pdf,official_daily_result_pdf
201506050711,2015,中山,5,7,11,2015-12-26,https://www.jra.go.jp/datafile/seiseki/report/2015/2015-5nakayama7.pdf,official_daily_result_pdf
201506050712,2015,中山,5,7,12,2015-12-26,https://www.jra.go.jp/datafile/seiseki/report/2015/2015-5nakayama7.pdf,official_daily_result_pdf
201506050801,2015,中山,5,8,1,2015-12-27,https://www.jra.go.jp/datafile/seiseki/report/2015/2015-5nakayama8.pdf,official_daily_result_pdf
201506050802,2015,中山,5,8,2,2015-12-27,https://www.jra.go.jp/datafile/seiseki/report/2015/2015-5nakayama8.pdf,official_daily_result_pdf
201506050803,2015,中山,5,8,3,2015-12-27,https://www.jra.go.jp/datafile/seiseki/report/2015/2015-5nakayama8.pdf,official_daily_result_pdf
201506050804,2015,中山,5,8,4,2015-12-27,https://www.jra.go.jp/datafile/seiseki/report/2015/2015-5nakayama8.pdf,official_daily_result_pdf
201506050805,2015,中山,5,8,5,2015-12-27,https://www.jra.go.jp/datafile/seiseki/report/2015/2015-5nakayama8.pdf,official_daily_result_pdf
201506050806,2015,中山,5,8,6,2015-12-27,https://www.jra.go.jp/datafile/seiseki/report/2015/2015-5nakayama8.pdf,official_daily_result_pdf
201506050807,2015,中山,5,8,7,2015-12-27,https://www.jra.go.jp/datafile/seiseki/report/2015/2015-5nakayama8.pdf,official_daily_result_pdf
201506050808,2015,中山,5,8,8,2015-12-27,https://www.jra.go.jp/datafile/seiseki/report/2015/2015-5nakayama8.pdf,official_daily_result_pdf
201506050809,2015,中山,5,8,9,2015-12-27,https://www.jra.go.jp/datafile/seiseki/report/2015/2015-5nakayama8.pdf,official_daily_result_pdf
201506050810,2015,中山,5,8,10,2015-12-27,https://www.jra.go.jp/datafile/seiseki/report/2015/2015-5nakayama8.pdf,official_daily_result_pdf
201506050811,2015,中山,5,8,11,2015-12-27,https://www.jra.go.jp/datafile/seiseki/report/2015/2015-5nakayama8.pdf,official_daily_result_pdf
201507010101,2015,中京,1,1,1,2015-01-17,https://www.jra.go.jp/datafile/seiseki/report/2015/2015-1chukyo1.pdf,official_daily_result_pdf
201507010102,2015,中京,1,1,2,2015-01-17,https://www.jra.go.jp/datafile/seiseki/report/2015/2015-1chukyo1.pdf,official_daily_result_pdf
201507010103,2015,中京,1,1,3,2015-01-17,https://www.jra.go.jp/datafile/seiseki/report/2015/2015-1chukyo1.pdf,official_daily_result_pdf
201507010104,2015,中京,1,1,4,2015-01-17,https://www.jra.go.jp/datafile/seiseki/report/2015/2015-1chukyo1.pdf,official_daily_result_pdf
201507010105,2015,中京,1,1,5,2015-01-17,https://www.jra.go.jp/datafile/seiseki/report/2015/2015-1chukyo1.pdf,official_daily_result_pdf
201507010106,2015,中京,1,1,6,2015-01-17,https://www.jra.go.jp/datafile/seiseki/report/2015/2015-1chukyo1.pdf,official_daily_result_pdf
201507010107,2015,中京,1,1,7,2015-01-17,https://www.jra.go.jp/datafile/seiseki/report/2015/2015-1chukyo1.pdf,official_daily_result_pdf
201507010108,2015,中京,1,1,8,2015-01-17,https://www.jra.go.jp/datafile/seiseki/report/2015/2015-1chukyo1.pdf,official_daily_result_pdf
201507010109,2015,中京,1,1,9,2015-01-17,https://www.jra.go.jp/datafile/seiseki/report/2015/2015-1chukyo1.pdf,official_daily_result_pdf
201507010110,2015,中京,1,1,10,2015-01-17,https://www.jra.go.jp/datafile/seiseki/report/2015/2015-1chukyo1.pdf,official_daily_result_pdf
201507010111,2015,中京,1,1,11,2015-01-17,https://www.jra.go.jp/datafile/seiseki/report/2015/2015-1chukyo1.pdf,official_daily_result_pdf
201507010112,2015,中京,1,1,12,2015-01-17,https://www.jra.go.jp/datafile/seiseki/report/2015/2015-1chukyo1.pdf,official_daily_result_pdf
201507010201,2015,中京,1,2,1,2015-01-18,https://www.jra.go.jp/datafile/seiseki/report/2015/2015-1chukyo2.pdf,official_daily_result_pdf
201507010202,2015,中京,1,2,2,2015-01-18,https://www.jra.go.jp/datafile/seiseki/report/2015/2015-1chukyo2.pdf,official_daily_result_pdf
201507010203,2015,中京,1,2,3,2015-01-18,https://www.jra.go.jp/datafile/seiseki/report/2015/2015-1chukyo2.pdf,official_daily_result_pdf
201507010204,2015,中京,1,2,4,2015-01-18,https://www.jra.go.jp/datafile/seiseki/report/2015/2015-1chukyo2.pdf,official_daily_result_pdf
201507010205,2015,中京,1,2,5,2015-01-18,https://www.jra.go.jp/datafile/seiseki/report/2015/2015-1chukyo2.pdf,official_daily_result_pdf
201507010206,2015,中京,1,2,6,2015-01-18,https://www.jra.go.jp/datafile/seiseki/report/2015/2015-1chukyo2.pdf,official_daily_result_pdf
201507010207,2015,中京,1,2,7,2015-01-18,https://www.jra.go.jp/datafile/seiseki/report/2015/2015-1chukyo2.pdf,official_daily_result_pdf
201507010208,2015,中京,1,2,8,2015-01-18,https://www.jra.go.jp/datafile/seiseki/report/2015/2015-1chukyo2.pdf,official_daily_result_pdf
201507010209,2015,中京,1,2,9,2015-01-18,https://www.jra.go.jp/datafile/seiseki/report/2015/2015-1chukyo2.pdf,official_daily_result_pdf
201507010210,2015,中京,1,2,10,2015-01-18,https://www.jra.go.jp/datafile/seiseki/report/2015/2015-1chukyo2.pdf,official_daily_result_pdf
201507010211,2015,中京,1,2,11,2015-01-18,https://www.jra.go.jp/datafile/seiseki/report/2015/2015-1chukyo2.pdf,official_daily_result_pdf
201507010212,2015,中京,1,2,12,2015-01-18,https://www.jra.go.jp/datafile/seiseki/report/2015/2015-1chukyo2.pdf,official_daily_result_pdf
201507010301,2015,中京,1,3,1,2015-01-24,https://www.jra.go.jp/datafile/seiseki/report/2015/2015-1chukyo3.pdf,official_daily_result_pdf
201507010302,2015,中京,1,3,2,2015-01-24,https://www.jra.go.jp/datafile/seiseki/report/2015/2015-1chukyo3.pdf,official_daily_result_pdf
201507010303,2015,中京,1,3,3,2015-01-24,https://www.jra.go.jp/datafile/seiseki/report/2015/2015-1chukyo3.pdf,official_daily_result_pdf
201507010304,2015,中京,1,3,4,2015-01-24,https://www.jra.go.jp/datafile/seiseki/report/2015/2015-1chukyo3.pdf,official_daily_result_pdf
201507010305,2015,中京,1,3,5,2015-01-24,https://www.jra.go.jp/datafile/seiseki/report/2015/2015-1chukyo3.pdf,official_daily_result_pdf
201507010306,2015,中京,1,3,6,2015-01-24,https://www.jra.go.jp/datafile/seiseki/report/2015/2015-1chukyo3.pdf,official_daily_result_pdf
201507010307,2015,中京,1,3,7,2015-01-24,https://www.jra.go.jp/datafile/seiseki/report/2015/2015-1chukyo3.pdf,official_daily_result_pdf
201507010308,2015,中京,1,3,8,2015-01-24,https://www.jra.go.jp/datafile/seiseki/report/2015/2015-1chukyo3.pdf,official_daily_result_pdf
201507010309,2015,中京,1,3,9,2015-01-24,https://www.jra.go.jp/datafile/seiseki/report/2015/2015-1chukyo3.pdf,official_daily_result_pdf
201507010310,2015,中京,1,3,10,2015-01-24,https://www.jra.go.jp/datafile/seiseki/report/2015/2015-1chukyo3.pdf,official_daily_result_pdf
201507010311,2015,中京,1,3,11,2015-01-24,https://www.jra.go.jp/datafile/seiseki/report/2015/2015-1chukyo3.pdf,official_daily_result_pdf
201507010312,2015,中京,1,3,12,2015-01-24,https://www.jra.go.jp/datafile/seiseki/report/2015/2015-1chukyo3.pdf,official_daily_result_pdf
201507010401,2015,中京,1,4,1,2015-01-25,https://www.jra.go.jp/datafile/seiseki/report/2015/2015-1chukyo4.pdf,official_daily_result_pdf
201507010402,2015,中京,1,4,2,2015-01-25,https://www.jra.go.jp/datafile/seiseki/report/2015/2015-1chukyo4.pdf,official_daily_result_pdf
201507010403,2015,中京,1,4,3,2015-01-25,https://www.jra.go.jp/datafile/seiseki/report/2015/2015-1chukyo4.pdf,official_daily_result_pdf
201507010404,2015,中京,1,4,4,2015-01-25,https://www.jra.go.jp/datafile/seiseki/report/2015/2015-1chukyo4.pdf,official_daily_result_pdf
201507010405,2015,中京,1,4,5,2015-01-25,https://www.jra.go.jp/datafile/seiseki/report/2015/2015-1chukyo4.pdf,official_daily_result_pdf
201507010406,2015,中京,1,4,6,2015-01-25,https://www.jra.go.jp/datafile/seiseki/report/2015/2015-1chukyo4.pdf,official_daily_result_pdf
201507010407,2015,中京,1,4,7,2015-01-25,https://www.jra.go.jp/datafile/seiseki/report/2015/2015-1chukyo4.pdf,official_daily_result_pdf
201507010408,2015,中京,1,4,8,2015-01-25,https://www.jra.go.jp/datafile/seiseki/report/2015/2015-1chukyo4.pdf,official_daily_result_pdf
201507010409,2015,中京,1,4,9,2015-01-25,https://www.jra.go.jp/datafile/seiseki/report/2015/2015-1chukyo4.pdf,official_daily_result_pdf
201507010410,2015,中京,1,4,10,2015-01-25,https://www.jra.go.jp/datafile/seiseki/report/2015/2015-1chukyo4.pdf,official_daily_result_pdf
201507010411,2015,中京,1,4,11,2015-01-25,https://www.jra.go.jp/datafile/seiseki/report/2015/2015-1chukyo4.pdf,official_daily_result_pdf
201507010412,2015,中京,1,4,12,2015-01-25,https://www.jra.go.jp/datafile/seiseki/report/2015/2015-1chukyo4.pdf,official_daily_result_pdf
201507020101,2015,中京,2,1,1,2015-03-14,https://www.jra.go.jp/datafile/seiseki/report/2015/2015-2chukyo1.pdf,official_daily_result_pdf
201507020102,2015,中京,2,1,2,2015-03-14,https://www.jra.go.jp/datafile/seiseki/report/2015/2015-2chukyo1.pdf,official_daily_result_pdf
201507020103,2015,中京,2,1,3,2015-03-14,https://www.jra.go.jp/datafile/seiseki/report/2015/2015-2chukyo1.pdf,official_daily_result_pdf
201507020104,2015,中京,2,1,4,2015-03-14,https://www.jra.go.jp/datafile/seiseki/report/2015/2015-2chukyo1.pdf,official_daily_result_pdf
201507020105,2015,中京,2,1,5,2015-03-14,https://www.jra.go.jp/datafile/seiseki/report/2015/2015-2chukyo1.pdf,official_daily_result_pdf
201507020106,2015,中京,2,1,6,2015-03-14,https://www.jra.go.jp/datafile/seiseki/report/2015/2015-2chukyo1.pdf,official_daily_result_pdf
201507020107,2015,中京,2,1,7,2015-03-14,https://www.jra.go.jp/datafile/seiseki/report/2015/2015-2chukyo1.pdf,official_daily_result_pdf
201507020108,2015,中京,2,1,8,2015-03-14,https://www.jra.go.jp/datafile/seiseki/report/2015/2015-2chukyo1.pdf,official_daily_result_pdf
201507020109,2015,中京,2,1,9,2015-03-14,https://www.jra.go.jp/datafile/seiseki/report/2015/2015-2chukyo1.pdf,official_daily_result_pdf
201507020110,2015,中京,2,1,10,2015-03-14,https://www.jra.go.jp/datafile/seiseki/report/2015/2015-2chukyo1.pdf,official_daily_result_pdf
201507020111,2015,中京,2,1,11,2015-03-14,https://www.jra.go.jp/datafile/seiseki/report/2015/2015-2chukyo1.pdf,official_daily_result_pdf
201507020112,2015,中京,2,1,12,2015-03-14,https://www.jra.go.jp/datafile/seiseki/report/2015/2015-2chukyo1.pdf,official_daily_result_pdf
201507020201,2015,中京,2,2,1,2015-03-15,https://www.jra.go.jp/datafile/seiseki/report/2015/2015-2chukyo2.pdf,official_daily_result_pdf
201507020202,2015,中京,2,2,2,2015-03-15,https://www.jra.go.jp/datafile/seiseki/report/2015/2015-2chukyo2.pdf,official_daily_result_pdf
201507020203,2015,中京,2,2,3,2015-03-15,https://www.jra.go.jp/datafile/seiseki/report/2015/2015-2chukyo2.pdf,official_daily_result_pdf
201507020204,2015,中京,2,2,4,2015-03-15,https://www.jra.go.jp/datafile/seiseki/report/2015/2015-2chukyo2.pdf,official_daily_result_pdf
201507020205,2015,中京,2,2,5,2015-03-15,https://www.jra.go.jp/datafile/seiseki/report/2015/2015-2chukyo2.pdf,official_daily_result_pdf
201507020206,2015,中京,2,2,6,2015-03-15,https://www.jra.go.jp/datafile/seiseki/report/2015/2015-2chukyo2.pdf,official_daily_result_pdf
201507020207,2015,中京,2,2,7,2015-03-15,https://www.jra.go.jp/datafile/seiseki/report/2015/2015-2chukyo2.pdf,official_daily_result_pdf
201507020208,2015,中京,2,2,8,2015-03-15,https://www.jra.go.jp/datafile/seiseki/report/2015/2015-2chukyo2.pdf,official_daily_result_pdf
201507020209,2015,中京,2,2,9,2015-03-15,https://www.jra.go.jp/datafile/seiseki/report/2015/2015-2chukyo2.pdf,official_daily_result_pdf
201507020210,2015,中京,2,2,10,2015-03-15,https://www.jra.go.jp/datafile/seiseki/report/2015/2015-2chukyo2.pdf,official_daily_result_pdf
201507020211,2015,中京,2,2,11,2015-03-15,https://www.jra.go.jp/datafile/seiseki/report/2015/2015-2chukyo2.pdf,official_daily_result_pdf
201507020212,2015,中京,2,2,12,2015-03-15,https://www.jra.go.jp/datafile/seiseki/report/2015/2015-2chukyo2.pdf,official_daily_result_pdf
201507020301,2015,中京,2,3,1,2015-03-21,https://www.jra.go.jp/datafile/seiseki/report/2015/2015-2chukyo3.pdf,official_daily_result_pdf
201507020302,2015,中京,2,3,2,2015-03-21,https://www.jra.go.jp/datafile/seiseki/report/2015/2015-2chukyo3.pdf,official_daily_result_pdf
201507020303,2015,中京,2,3,3,2015-03-21,https://www.jra.go.jp/datafile/seiseki/report/2015/2015-2chukyo3.pdf,official_daily_result_pdf
201507020304,2015,中京,2,3,4,2015-03-21,https://www.jra.go.jp/datafile/seiseki/report/2015/2015-2chukyo3.pdf,official_daily_result_pdf
201507020305,2015,中京,2,3,5,2015-03-21,https://www.jra.go.jp/datafile/seiseki/report/2015/2015-2chukyo3.pdf,official_daily_result_pdf
201507020306,2015,中京,2,3,6,2015-03-21,https://www.jra.go.jp/datafile/seiseki/report/2015/2015-2chukyo3.pdf,official_daily_result_pdf
201507020307,2015,中京,2,3,7,2015-03-21,https://www.jra.go.jp/datafile/seiseki/report/2015/2015-2chukyo3.pdf,official_daily_result_pdf
201507020308,2015,中京,2,3,8,2015-03-21,https://www.jra.go.jp/datafile/seiseki/report/2015/2015-2chukyo3.pdf,official_daily_result_pdf
201507020309,2015,中京,2,3,9,2015-03-21,https://www.jra.go.jp/datafile/seiseki/report/2015/2015-2chukyo3.pdf,official_daily_result_pdf
201507020310,2015,中京,2,3,10,2015-03-21,https://www.jra.go.jp/datafile/seiseki/report/2015/2015-2chukyo3.pdf,official_daily_result_pdf
201507020311,2015,中京,2,3,11,2015-03-21,https://www.jra.go.jp/datafile/seiseki/report/2015/2015-2chukyo3.pdf,official_daily_result_pdf
201507020312,2015,中京,2,3,12,2015-03-21,https://www.jra.go.jp/datafile/seiseki/report/2015/2015-2chukyo3.pdf,official_daily_result_pdf
201507020401,2015,中京,2,4,1,2015-03-22,https://www.jra.go.jp/datafile/seiseki/report/2015/2015-2chukyo4.pdf,official_daily_result_pdf
201507020402,2015,中京,2,4,2,2015-03-22,https://www.jra.go.jp/datafile/seiseki/report/2015/2015-2chukyo4.pdf,official_daily_result_pdf
201507020403,2015,中京,2,4,3,2015-03-22,https://www.jra.go.jp/datafile/seiseki/report/2015/2015-2chukyo4.pdf,official_daily_result_pdf
201507020404,2015,中京,2,4,4,2015-03-22,https://www.jra.go.jp/datafile/seiseki/report/2015/2015-2chukyo4.pdf,official_daily_result_pdf
201507020405,2015,中京,2,4,5,2015-03-22,https://www.jra.go.jp/datafile/seiseki/report/2015/2015-2chukyo4.pdf,official_daily_result_pdf
201507020406,2015,中京,2,4,6,2015-03-22,https://www.jra.go.jp/datafile/seiseki/report/2015/2015-2chukyo4.pdf,official_daily_result_pdf
201507020407,2015,中京,2,4,7,2015-03-22,https://www.jra.go.jp/datafile/seiseki/report/2015/2015-2chukyo4.pdf,official_daily_result_pdf
201507020408,2015,中京,2,4,8,2015-03-22,https://www.jra.go.jp/datafile/seiseki/report/2015/2015-2chukyo4.pdf,official_daily_result_pdf
201507020409,2015,中京,2,4,9,2015-03-22,https://www.jra.go.jp/datafile/seiseki/report/2015/2015-2chukyo4.pdf,official_daily_result_pdf
201507020410,2015,中京,2,4,10,2015-03-22,https://www.jra.go.jp/datafile/seiseki/report/2015/2015-2chukyo4.pdf,official_daily_result_pdf
201507020411,2015,中京,2,4,11,2015-03-22,https://www.jra.go.jp/datafile/seiseki/report/2015/2015-2chukyo4.pdf,official_daily_result_pdf
201507020412,2015,中京,2,4,12,2015-03-22,https://www.jra.go.jp/datafile/seiseki/report/2015/2015-2chukyo4.pdf,official_daily_result_pdf
201507020501,2015,中京,2,5,1,2015-03-28,https://www.jra.go.jp/datafile/seiseki/report/2015/2015-2chukyo5.pdf,official_daily_result_pdf
201507020502,2015,中京,2,5,2,2015-03-28,https://www.jra.go.jp/datafile/seiseki/report/2015/2015-2chukyo5.pdf,official_daily_result_pdf
201507020503,2015,中京,2,5,3,2015-03-28,https://www.jra.go.jp/datafile/seiseki/report/2015/2015-2chukyo5.pdf,official_daily_result_pdf
201507020504,2015,中京,2,5,4,2015-03-28,https://www.jra.go.jp/datafile/seiseki/report/2015/2015-2chukyo5.pdf,official_daily_result_pdf
201507020505,2015,中京,2,5,5,2015-03-28,https://www.jra.go.jp/datafile/seiseki/report/2015/2015-2chukyo5.pdf,official_daily_result_pdf
201507020506,2015,中京,2,5,6,2015-03-28,https://www.jra.go.jp/datafile/seiseki/report/2015/2015-2chukyo5.pdf,official_daily_result_pdf
201507020507,2015,中京,2,5,7,2015-03-28,https://www.jra.go.jp/datafile/seiseki/report/2015/2015-2chukyo5.pdf,official_daily_result_pdf
201507020508,2015,中京,2,5,8,2015-03-28,https://www.jra.go.jp/datafile/seiseki/report/2015/2015-2chukyo5.pdf,official_daily_result_pdf
201507020509,2015,中京,2,5,9,2015-03-28,https://www.jra.go.jp/datafile/seiseki/report/2015/2015-2chukyo5.pdf,official_daily_result_pdf
201507020510,2015,中京,2,5,10,2015-03-28,https://www.jra.go.jp/datafile/seiseki/report/2015/2015-2chukyo5.pdf,official_daily_result_pdf
201507020511,2015,中京,2,5,11,2015-03-28,https://www.jra.go.jp/datafile/seiseki/report/2015/2015-2chukyo5.pdf,official_daily_result_pdf
201507020512,2015,中京,2,5,12,2015-03-28,https://www.jra.go.jp/datafile/seiseki/report/2015/2015-2chukyo5.pdf,official_daily_result_pdf
201507020601,2015,中京,2,6,1,2015-03-29,https://www.jra.go.jp/datafile/seiseki/report/2015/2015-2chukyo6.pdf,official_daily_result_pdf
201507020602,2015,中京,2,6,2,2015-03-29,https://www.jra.go.jp/datafile/seiseki/report/2015/2015-2chukyo6.pdf,official_daily_result_pdf
201507020603,2015,中京,2,6,3,2015-03-29,https://www.jra.go.jp/datafile/seiseki/report/2015/2015-2chukyo6.pdf,official_daily_result_pdf
201507020604,2015,中京,2,6,4,2015-03-29,https://www.jra.go.jp/datafile/seiseki/report/2015/2015-2chukyo6.pdf,official_daily_result_pdf
201507020605,2015,中京,2,6,5,2015-03-29,https://www.jra.go.jp/datafile/seiseki/report/2015/2015-2chukyo6.pdf,official_daily_result_pdf
201507020606,2015,中京,2,6,6,2015-03-29,https://www.jra.go.jp/datafile/seiseki/report/2015/2015-2chukyo6.pdf,official_daily_result_pdf
201507020607,2015,中京,2,6,7,2015-03-29,https://www.jra.go.jp/datafile/seiseki/report/2015/2015-2chukyo6.pdf,official_daily_result_pdf
201507020608,2015,中京,2,6,8,2015-03-29,https://www.jra.go.jp/datafile/seiseki/report/2015/2015-2chukyo6.pdf,official_daily_result_pdf
201507020609,2015,中京,2,6,9,2015-03-29,https://www.jra.go.jp/datafile/seiseki/report/2015/2015-2chukyo6.pdf,official_daily_result_pdf
201507020610,2015,中京,2,6,10,2015-03-29,https://www.jra.go.jp/datafile/seiseki/report/2015/2015-2chukyo6.pdf,official_daily_result_pdf
201507020611,2015,中京,2,6,11,2015-03-29,https://www.jra.go.jp/datafile/seiseki/report/2015/2015-2chukyo6.pdf,official_daily_result_pdf
201507020612,2015,中京,2,6,12,2015-03-29,https://www.jra.go.jp/datafile/seiseki/report/2015/2015-2chukyo6.pdf,official_daily_result_pdf
201507030101,2015,中京,3,1,1,2015-07-04,https://www.jra.go.jp/datafile/seiseki/report/2015/2015-3chukyo1.pdf,official_daily_result_pdf
201507030102,2015,中京,3,1,2,2015-07-04,https://www.jra.go.jp/datafile/seiseki/report/2015/2015-3chukyo1.pdf,official_daily_result_pdf
201507030103,2015,中京,3,1,3,2015-07-04,https://www.jra.go.jp/datafile/seiseki/report/2015/2015-3chukyo1.pdf,official_daily_result_pdf
201507030104,2015,中京,3,1,4,2015-07-04,https://www.jra.go.jp/datafile/seiseki/report/2015/2015-3chukyo1.pdf,official_daily_result_pdf
201507030105,2015,中京,3,1,5,2015-07-04,https://www.jra.go.jp/datafile/seiseki/report/2015/2015-3chukyo1.pdf,official_daily_result_pdf
201507030106,2015,中京,3,1,6,2015-07-04,https://www.jra.go.jp/datafile/seiseki/report/2015/2015-3chukyo1.pdf,official_daily_result_pdf
201507030107,2015,中京,3,1,7,2015-07-04,https://www.jra.go.jp/datafile/seiseki/report/2015/2015-3chukyo1.pdf,official_daily_result_pdf
201507030108,2015,中京,3,1,8,2015-07-04,https://www.jra.go.jp/datafile/seiseki/report/2015/2015-3chukyo1.pdf,official_daily_result_pdf
201507030109,2015,中京,3,1,9,2015-07-04,https://www.jra.go.jp/datafile/seiseki/report/2015/2015-3chukyo1.pdf,official_daily_result_pdf
201507030110,2015,中京,3,1,10,2015-07-04,https://www.jra.go.jp/datafile/seiseki/report/2015/2015-3chukyo1.pdf,official_daily_result_pdf
201507030111,2015,中京,3,1,11,2015-07-04,https://www.jra.go.jp/datafile/seiseki/report/2015/2015-3chukyo1.pdf,official_daily_result_pdf
201507030112,2015,中京,3,1,12,2015-07-04,https://www.jra.go.jp/datafile/seiseki/report/2015/2015-3chukyo1.pdf,official_daily_result_pdf
201507030201,2015,中京,3,2,1,2015-07-05,https://www.jra.go.jp/datafile/seiseki/report/2015/2015-3chukyo2.pdf,official_daily_result_pdf
201507030202,2015,中京,3,2,2,2015-07-05,https://www.jra.go.jp/datafile/seiseki/report/2015/2015-3chukyo2.pdf,official_daily_result_pdf
201507030203,2015,中京,3,2,3,2015-07-05,https://www.jra.go.jp/datafile/seiseki/report/2015/2015-3chukyo2.pdf,official_daily_result_pdf
201507030204,2015,中京,3,2,4,2015-07-05,https://www.jra.go.jp/datafile/seiseki/report/2015/2015-3chukyo2.pdf,official_daily_result_pdf
201507030205,2015,中京,3,2,5,2015-07-05,https://www.jra.go.jp/datafile/seiseki/report/2015/2015-3chukyo2.pdf,official_daily_result_pdf
201507030206,2015,中京,3,2,6,2015-07-05,https://www.jra.go.jp/datafile/seiseki/report/2015/2015-3chukyo2.pdf,official_daily_result_pdf
201507030207,2015,中京,3,2,7,2015-07-05,https://www.jra.go.jp/datafile/seiseki/report/2015/2015-3chukyo2.pdf,official_daily_result_pdf
201507030208,2015,中京,3,2,8,2015-07-05,https://www.jra.go.jp/datafile/seiseki/report/2015/2015-3chukyo2.pdf,official_daily_result_pdf
201507030209,2015,中京,3,2,9,2015-07-05,https://www.jra.go.jp/datafile/seiseki/report/2015/2015-3chukyo2.pdf,official_daily_result_pdf
201507030210,2015,中京,3,2,10,2015-07-05,https://www.jra.go.jp/datafile/seiseki/report/2015/2015-3chukyo2.pdf,official_daily_result_pdf
201507030211,2015,中京,3,2,11,2015-07-05,https://www.jra.go.jp/datafile/seiseki/report/2015/2015-3chukyo2.pdf,official_daily_result_pdf
201507030212,2015,中京,3,2,12,2015-07-05,https://www.jra.go.jp/datafile/seiseki/report/2015/2015-3chukyo2.pdf,official_daily_result_pdf
201507030301,2015,中京,3,3,1,2015-07-11,https://www.jra.go.jp/datafile/seiseki/report/2015/2015-3chukyo3.pdf,official_daily_result_pdf
201507030302,2015,中京,3,3,2,2015-07-11,https://www.jra.go.jp/datafile/seiseki/report/2015/2015-3chukyo3.pdf,official_daily_result_pdf
201507030303,2015,中京,3,3,3,2015-07-11,https://www.jra.go.jp/datafile/seiseki/report/2015/2015-3chukyo3.pdf,official_daily_result_pdf
201507030304,2015,中京,3,3,4,2015-07-11,https://www.jra.go.jp/datafile/seiseki/report/2015/2015-3chukyo3.pdf,official_daily_result_pdf
201507030305,2015,中京,3,3,5,2015-07-11,https://www.jra.go.jp/datafile/seiseki/report/2015/2015-3chukyo3.pdf,official_daily_result_pdf
201507030306,2015,中京,3,3,6,2015-07-11,https://www.jra.go.jp/datafile/seiseki/report/2015/2015-3chukyo3.pdf,official_daily_result_pdf
201507030307,2015,中京,3,3,7,2015-07-11,https://www.jra.go.jp/datafile/seiseki/report/2015/2015-3chukyo3.pdf,official_daily_result_pdf
201507030308,2015,中京,3,3,8,2015-07-11,https://www.jra.go.jp/datafile/seiseki/report/2015/2015-3chukyo3.pdf,official_daily_result_pdf
201507030309,2015,中京,3,3,9,2015-07-11,https://www.jra.go.jp/datafile/seiseki/report/2015/2015-3chukyo3.pdf,official_daily_result_pdf
201507030310,2015,中京,3,3,10,2015-07-11,https://www.jra.go.jp/datafile/seiseki/report/2015/2015-3chukyo3.pdf,official_daily_result_pdf
201507030311,2015,中京,3,3,11,2015-07-11,https://www.jra.go.jp/datafile/seiseki/report/2015/2015-3chukyo3.pdf,official_daily_result_pdf
201507030312,2015,中京,3,3,12,2015-07-11,https://www.jra.go.jp/datafile/seiseki/report/2015/2015-3chukyo3.pdf,official_daily_result_pdf
201507030401,2015,中京,3,4,1,2015-07-12,https://www.jra.go.jp/datafile/seiseki/report/2015/2015-3chukyo4.pdf,official_daily_result_pdf
201507030402,2015,中京,3,4,2,2015-07-12,https://www.jra.go.jp/datafile/seiseki/report/2015/2015-3chukyo4.pdf,official_daily_result_pdf
201507030403,2015,中京,3,4,3,2015-07-12,https://www.jra.go.jp/datafile/seiseki/report/2015/2015-3chukyo4.pdf,official_daily_result_pdf
201507030404,2015,中京,3,4,4,2015-07-12,https://www.jra.go.jp/datafile/seiseki/report/2015/2015-3chukyo4.pdf,official_daily_result_pdf
201507030405,2015,中京,3,4,5,2015-07-12,https://www.jra.go.jp/datafile/seiseki/report/2015/2015-3chukyo4.pdf,official_daily_result_pdf
201507030406,2015,中京,3,4,6,2015-07-12,https://www.jra.go.jp/datafile/seiseki/report/2015/2015-3chukyo4.pdf,official_daily_result_pdf
201507030407,2015,中京,3,4,7,2015-07-12,https://www.jra.go.jp/datafile/seiseki/report/2015/2015-3chukyo4.pdf,official_daily_result_pdf
201507030408,2015,中京,3,4,8,2015-07-12,https://www.jra.go.jp/datafile/seiseki/report/2015/2015-3chukyo4.pdf,official_daily_result_pdf
201507030409,2015,中京,3,4,9,2015-07-12,https://www.jra.go.jp/datafile/seiseki/report/2015/2015-3chukyo4.pdf,official_daily_result_pdf
201507030410,2015,中京,3,4,10,2015-07-12,https://www.jra.go.jp/datafile/seiseki/report/2015/2015-3chukyo4.pdf,official_daily_result_pdf
201507030411,2015,中京,3,4,11,2015-07-12,https://www.jra.go.jp/datafile/seiseki/report/2015/2015-3chukyo4.pdf,official_daily_result_pdf
201507030412,2015,中京,3,4,12,2015-07-12,https://www.jra.go.jp/datafile/seiseki/report/2015/2015-3chukyo4.pdf,official_daily_result_pdf
201507030501,2015,中京,3,5,1,2015-07-18,https://www.jra.go.jp/datafile/seiseki/report/2015/2015-3chukyo5.pdf,official_daily_result_pdf
201507030502,2015,中京,3,5,2,2015-07-18,https://www.jra.go.jp/datafile/seiseki/report/2015/2015-3chukyo5.pdf,official_daily_result_pdf
201507030503,2015,中京,3,5,3,2015-07-18,https://www.jra.go.jp/datafile/seiseki/report/2015/2015-3chukyo5.pdf,official_daily_result_pdf
201507030504,2015,中京,3,5,4,2015-07-18,https://www.jra.go.jp/datafile/seiseki/report/2015/2015-3chukyo5.pdf,official_daily_result_pdf
201507030505,2015,中京,3,5,5,2015-07-18,https://www.jra.go.jp/datafile/seiseki/report/2015/2015-3chukyo5.pdf,official_daily_result_pdf
201507030506,2015,中京,3,5,6,2015-07-18,https://www.jra.go.jp/datafile/seiseki/report/2015/2015-3chukyo5.pdf,official_daily_result_pdf
201507030507,2015,中京,3,5,7,2015-07-18,https://www.jra.go.jp/datafile/seiseki/report/2015/2015-3chukyo5.pdf,official_daily_result_pdf
201507030508,2015,中京,3,5,8,2015-07-18,https://www.jra.go.jp/datafile/seiseki/report/2015/2015-3chukyo5.pdf,official_daily_result_pdf
201507030509,2015,中京,3,5,9,2015-07-18,https://www.jra.go.jp/datafile/seiseki/report/2015/2015-3chukyo5.pdf,official_daily_result_pdf
201507030510,2015,中京,3,5,10,2015-07-18,https://www.jra.go.jp/datafile/seiseki/report/2015/2015-3chukyo5.pdf,official_daily_result_pdf
201507030511,2015,中京,3,5,11,2015-07-18,https://www.jra.go.jp/datafile/seiseki/report/2015/2015-3chukyo5.pdf,official_daily_result_pdf
201507030512,2015,中京,3,5,12,2015-07-18,https://www.jra.go.jp/datafile/seiseki/report/2015/2015-3chukyo5.pdf,official_daily_result_pdf
201507030601,2015,中京,3,6,1,2015-07-19,https://www.jra.go.jp/datafile/seiseki/report/2015/2015-3chukyo6.pdf,official_daily_result_pdf
201507030602,2015,中京,3,6,2,2015-07-19,https://www.jra.go.jp/datafile/seiseki/report/2015/2015-3chukyo6.pdf,official_daily_result_pdf
201507030603,2015,中京,3,6,3,2015-07-19,https://www.jra.go.jp/datafile/seiseki/report/2015/2015-3chukyo6.pdf,official_daily_result_pdf
201507030604,2015,中京,3,6,4,2015-07-19,https://www.jra.go.jp/datafile/seiseki/report/2015/2015-3chukyo6.pdf,official_daily_result_pdf
201507030605,2015,中京,3,6,5,2015-07-19,https://www.jra.go.jp/datafile/seiseki/report/2015/2015-3chukyo6.pdf,official_daily_result_pdf
201507030606,2015,中京,3,6,6,2015-07-19,https://www.jra.go.jp/datafile/seiseki/report/2015/2015-3chukyo6.pdf,official_daily_result_pdf
201507030607,2015,中京,3,6,7,2015-07-19,https://www.jra.go.jp/datafile/seiseki/report/2015/2015-3chukyo6.pdf,official_daily_result_pdf
201507030608,2015,中京,3,6,8,2015-07-19,https://www.jra.go.jp/datafile/seiseki/report/2015/2015-3chukyo6.pdf,official_daily_result_pdf
201507030609,2015,中京,3,6,9,2015-07-19,https://www.jra.go.jp/datafile/seiseki/report/2015/2015-3chukyo6.pdf,official_daily_result_pdf
201507030610,2015,中京,3,6,10,2015-07-19,https://www.jra.go.jp/datafile/seiseki/report/2015/2015-3chukyo6.pdf,official_daily_result_pdf
201507030611,2015,中京,3,6,11,2015-07-19,https://www.jra.go.jp/datafile/seiseki/report/2015/2015-3chukyo6.pdf,official_daily_result_pdf
201507030612,2015,中京,3,6,12,2015-07-19,https://www.jra.go.jp/datafile/seiseki/report/2015/2015-3chukyo6.pdf,official_daily_result_pdf
201507030701,2015,中京,3,7,1,2015-07-25,https://www.jra.go.jp/datafile/seiseki/report/2015/2015-3chukyo7.pdf,official_daily_result_pdf
201507030702,2015,中京,3,7,2,2015-07-25,https://www.jra.go.jp/datafile/seiseki/report/2015/2015-3chukyo7.pdf,official_daily_result_pdf
201507030703,2015,中京,3,7,3,2015-07-25,https://www.jra.go.jp/datafile/seiseki/report/2015/2015-3chukyo7.pdf,official_daily_result_pdf
201507030704,2015,中京,3,7,4,2015-07-25,https://www.jra.go.jp/datafile/seiseki/report/2015/2015-3chukyo7.pdf,official_daily_result_pdf
201507030705,2015,中京,3,7,5,2015-07-25,https://www.jra.go.jp/datafile/seiseki/report/2015/2015-3chukyo7.pdf,official_daily_result_pdf
201507030706,2015,中京,3,7,6,2015-07-25,https://www.jra.go.jp/datafile/seiseki/report/2015/2015-3chukyo7.pdf,official_daily_result_pdf
201507030707,2015,中京,3,7,7,2015-07-25,https://www.jra.go.jp/datafile/seiseki/report/2015/2015-3chukyo7.pdf,official_daily_result_pdf
201507030708,2015,中京,3,7,8,2015-07-25,https://www.jra.go.jp/datafile/seiseki/report/2015/2015-3chukyo7.pdf,official_daily_result_pdf
201507030709,2015,中京,3,7,9,2015-07-25,https://www.jra.go.jp/datafile/seiseki/report/2015/2015-3chukyo7.pdf,official_daily_result_pdf
201507030710,2015,中京,3,7,10,2015-07-25,https://www.jra.go.jp/datafile/seiseki/report/2015/2015-3chukyo7.pdf,official_daily_result_pdf
201507030711,2015,中京,3,7,11,2015-07-25,https://www.jra.go.jp/datafile/seiseki/report/2015/2015-3chukyo7.pdf,official_daily_result_pdf
201507030712,2015,中京,3,7,12,2015-07-25,https://www.jra.go.jp/datafile/seiseki/report/2015/2015-3chukyo7.pdf,official_daily_result_pdf
201507030801,2015,中京,3,8,1,2015-07-26,https://www.jra.go.jp/datafile/seiseki/report/2015/2015-3chukyo8.pdf,official_daily_result_pdf
201507030802,2015,中京,3,8,2,2015-07-26,https://www.jra.go.jp/datafile/seiseki/report/2015/2015-3chukyo8.pdf,official_daily_result_pdf
201507030803,2015,中京,3,8,3,2015-07-26,https://www.jra.go.jp/datafile/seiseki/report/2015/2015-3chukyo8.pdf,official_daily_result_pdf
201507030804,2015,中京,3,8,4,2015-07-26,https://www.jra.go.jp/datafile/seiseki/report/2015/2015-3chukyo8.pdf,official_daily_result_pdf
201507030805,2015,中京,3,8,5,2015-07-26,https://www.jra.go.jp/datafile/seiseki/report/2015/2015-3chukyo8.pdf,official_daily_result_pdf
201507030806,2015,中京,3,8,6,2015-07-26,https://www.jra.go.jp/datafile/seiseki/report/2015/2015-3chukyo8.pdf,official_daily_result_pdf
201507030807,2015,中京,3,8,7,2015-07-26,https://www.jra.go.jp/datafile/seiseki/report/2015/2015-3chukyo8.pdf,official_daily_result_pdf
201507030808,2015,中京,3,8,8,2015-07-26,https://www.jra.go.jp/datafile/seiseki/report/2015/2015-3chukyo8.pdf,official_daily_result_pdf
201507030809,2015,中京,3,8,9,2015-07-26,https://www.jra.go.jp/datafile/seiseki/report/2015/2015-3chukyo8.pdf,official_daily_result_pdf
201507030810,2015,中京,3,8,10,2015-07-26,https://www.jra.go.jp/datafile/seiseki/report/2015/2015-3chukyo8.pdf,official_daily_result_pdf
201507030811,2015,中京,3,8,11,2015-07-26,https://www.jra.go.jp/datafile/seiseki/report/2015/2015-3chukyo8.pdf,official_daily_result_pdf
201507030812,2015,中京,3,8,12,2015-07-26,https://www.jra.go.jp/datafile/seiseki/report/2015/2015-3chukyo8.pdf,official_daily_result_pdf
201507040101,2015,中京,4,1,1,2015-12-05,https://www.jra.go.jp/datafile/seiseki/report/2015/2015-4chukyo1.pdf,official_daily_result_pdf
201507040102,2015,中京,4,1,2,2015-12-05,https://www.jra.go.jp/datafile/seiseki/report/2015/2015-4chukyo1.pdf,official_daily_result_pdf
201507040103,2015,中京,4,1,3,2015-12-05,https://www.jra.go.jp/datafile/seiseki/report/2015/2015-4chukyo1.pdf,official_daily_result_pdf
201507040104,2015,中京,4,1,4,2015-12-05,https://www.jra.go.jp/datafile/seiseki/report/2015/2015-4chukyo1.pdf,official_daily_result_pdf
201507040105,2015,中京,4,1,5,2015-12-05,https://www.jra.go.jp/datafile/seiseki/report/2015/2015-4chukyo1.pdf,official_daily_result_pdf
201507040106,2015,中京,4,1,6,2015-12-05,https://www.jra.go.jp/datafile/seiseki/report/2015/2015-4chukyo1.pdf,official_daily_result_pdf
201507040107,2015,中京,4,1,7,2015-12-05,https://www.jra.go.jp/datafile/seiseki/report/2015/2015-4chukyo1.pdf,official_daily_result_pdf
201507040108,2015,中京,4,1,8,2015-12-05,https://www.jra.go.jp/datafile/seiseki/report/2015/2015-4chukyo1.pdf,official_daily_result_pdf
201507040109,2015,中京,4,1,9,2015-12-05,https://www.jra.go.jp/datafile/seiseki/report/2015/2015-4chukyo1.pdf,official_daily_result_pdf
201507040110,2015,中京,4,1,10,2015-12-05,https://www.jra.go.jp/datafile/seiseki/report/2015/2015-4chukyo1.pdf,official_daily_result_pdf
201507040111,2015,中京,4,1,11,2015-12-05,https://www.jra.go.jp/datafile/seiseki/report/2015/2015-4chukyo1.pdf,official_daily_result_pdf
201507040112,2015,中京,4,1,12,2015-12-05,https://www.jra.go.jp/datafile/seiseki/report/2015/2015-4chukyo1.pdf,official_daily_result_pdf
201507040201,2015,中京,4,2,1,2015-12-06,https://www.jra.go.jp/datafile/seiseki/report/2015/2015-4chukyo2.pdf,official_daily_result_pdf
201507040202,2015,中京,4,2,2,2015-12-06,https://www.jra.go.jp/datafile/seiseki/report/2015/2015-4chukyo2.pdf,official_daily_result_pdf
201507040203,2015,中京,4,2,3,2015-12-06,https://www.jra.go.jp/datafile/seiseki/report/2015/2015-4chukyo2.pdf,official_daily_result_pdf
201507040204,2015,中京,4,2,4,2015-12-06,https://www.jra.go.jp/datafile/seiseki/report/2015/2015-4chukyo2.pdf,official_daily_result_pdf
201507040205,2015,中京,4,2,5,2015-12-06,https://www.jra.go.jp/datafile/seiseki/report/2015/2015-4chukyo2.pdf,official_daily_result_pdf
201507040206,2015,中京,4,2,6,2015-12-06,https://www.jra.go.jp/datafile/seiseki/report/2015/2015-4chukyo2.pdf,official_daily_result_pdf
201507040207,2015,中京,4,2,7,2015-12-06,https://www.jra.go.jp/datafile/seiseki/report/2015/2015-4chukyo2.pdf,official_daily_result_pdf
201507040208,2015,中京,4,2,8,2015-12-06,https://www.jra.go.jp/datafile/seiseki/report/2015/2015-4chukyo2.pdf,official_daily_result_pdf
201507040209,2015,中京,4,2,9,2015-12-06,https://www.jra.go.jp/datafile/seiseki/report/2015/2015-4chukyo2.pdf,official_daily_result_pdf
201507040210,2015,中京,4,2,10,2015-12-06,https://www.jra.go.jp/datafile/seiseki/report/2015/2015-4chukyo2.pdf,official_daily_result_pdf
201507040211,2015,中京,4,2,11,2015-12-06,https://www.jra.go.jp/datafile/seiseki/report/2015/2015-4chukyo2.pdf,official_daily_result_pdf
201507040212,2015,中京,4,2,12,2015-12-06,https://www.jra.go.jp/datafile/seiseki/report/2015/2015-4chukyo2.pdf,official_daily_result_pdf
201507040301,2015,中京,4,3,1,2015-12-12,https://www.jra.go.jp/datafile/seiseki/report/2015/2015-4chukyo3.pdf,official_daily_result_pdf
201507040302,2015,中京,4,3,2,2015-12-12,https://www.jra.go.jp/datafile/seiseki/report/2015/2015-4chukyo3.pdf,official_daily_result_pdf
201507040303,2015,中京,4,3,3,2015-12-12,https://www.jra.go.jp/datafile/seiseki/report/2015/2015-4chukyo3.pdf,official_daily_result_pdf
201507040304,2015,中京,4,3,4,2015-12-12,https://www.jra.go.jp/datafile/seiseki/report/2015/2015-4chukyo3.pdf,official_daily_result_pdf
201507040305,2015,中京,4,3,5,2015-12-12,https://www.jra.go.jp/datafile/seiseki/report/2015/2015-4chukyo3.pdf,official_daily_result_pdf
201507040306,2015,中京,4,3,6,2015-12-12,https://www.jra.go.jp/datafile/seiseki/report/2015/2015-4chukyo3.pdf,official_daily_result_pdf
201507040307,2015,中京,4,3,7,2015-12-12,https://www.jra.go.jp/datafile/seiseki/report/2015/2015-4chukyo3.pdf,official_daily_result_pdf
201507040308,2015,中京,4,3,8,2015-12-12,https://www.jra.go.jp/datafile/seiseki/report/2015/2015-4chukyo3.pdf,official_daily_result_pdf
201507040309,2015,中京,4,3,9,2015-12-12,https://www.jra.go.jp/datafile/seiseki/report/2015/2015-4chukyo3.pdf,official_daily_result_pdf
201507040310,2015,中京,4,3,10,2015-12-12,https://www.jra.go.jp/datafile/seiseki/report/2015/2015-4chukyo3.pdf,official_daily_result_pdf
201507040311,2015,中京,4,3,11,2015-12-12,https://www.jra.go.jp/datafile/seiseki/report/2015/2015-4chukyo3.pdf,official_daily_result_pdf
201507040312,2015,中京,4,3,12,2015-12-12,https://www.jra.go.jp/datafile/seiseki/report/2015/2015-4chukyo3.pdf,official_daily_result_pdf
201507040401,2015,中京,4,4,1,2015-12-13,https://www.jra.go.jp/datafile/seiseki/report/2015/2015-4chukyo4.pdf,official_daily_result_pdf
201507040402,2015,中京,4,4,2,2015-12-13,https://www.jra.go.jp/datafile/seiseki/report/2015/2015-4chukyo4.pdf,official_daily_result_pdf
201507040403,2015,中京,4,4,3,2015-12-13,https://www.jra.go.jp/datafile/seiseki/report/2015/2015-4chukyo4.pdf,official_daily_result_pdf
201507040404,2015,中京,4,4,4,2015-12-13,https://www.jra.go.jp/datafile/seiseki/report/2015/2015-4chukyo4.pdf,official_daily_result_pdf
201507040405,2015,中京,4,4,5,2015-12-13,https://www.jra.go.jp/datafile/seiseki/report/2015/2015-4chukyo4.pdf,official_daily_result_pdf
201507040406,2015,中京,4,4,6,2015-12-13,https://www.jra.go.jp/datafile/seiseki/report/2015/2015-4chukyo4.pdf,official_daily_result_pdf
201507040407,2015,中京,4,4,7,2015-12-13,https://www.jra.go.jp/datafile/seiseki/report/2015/2015-4chukyo4.pdf,official_daily_result_pdf
201507040408,2015,中京,4,4,8,2015-12-13,https://www.jra.go.jp/datafile/seiseki/report/2015/2015-4chukyo4.pdf,official_daily_result_pdf
201507040409,2015,中京,4,4,9,2015-12-13,https://www.jra.go.jp/datafile/seiseki/report/2015/2015-4chukyo4.pdf,official_daily_result_pdf
201507040410,2015,中京,4,4,10,2015-12-13,https://www.jra.go.jp/datafile/seiseki/report/2015/2015-4chukyo4.pdf,official_daily_result_pdf
201507040411,2015,中京,4,4,11,2015-12-13,https://www.jra.go.jp/datafile/seiseki/report/2015/2015-4chukyo4.pdf,official_daily_result_pdf
201507040412,2015,中京,4,4,12,2015-12-13,https://www.jra.go.jp/datafile/seiseki/report/2015/2015-4chukyo4.pdf,official_daily_result_pdf
201507040501,2015,中京,4,5,1,2015-12-19,https://www.jra.go.jp/datafile/seiseki/report/2015/2015-4chukyo5.pdf,official_daily_result_pdf
201507040502,2015,中京,4,5,2,2015-12-19,https://www.jra.go.jp/datafile/seiseki/report/2015/2015-4chukyo5.pdf,official_daily_result_pdf
201507040503,2015,中京,4,5,3,2015-12-19,https://www.jra.go.jp/datafile/seiseki/report/2015/2015-4chukyo5.pdf,official_daily_result_pdf
201507040504,2015,中京,4,5,4,2015-12-19,https://www.jra.go.jp/datafile/seiseki/report/2015/2015-4chukyo5.pdf,official_daily_result_pdf
201507040505,2015,中京,4,5,5,2015-12-19,https://www.jra.go.jp/datafile/seiseki/report/2015/2015-4chukyo5.pdf,official_daily_result_pdf
201507040506,2015,中京,4,5,6,2015-12-19,https://www.jra.go.jp/datafile/seiseki/report/2015/2015-4chukyo5.pdf,official_daily_result_pdf
201507040507,2015,中京,4,5,7,2015-12-19,https://www.jra.go.jp/datafile/seiseki/report/2015/2015-4chukyo5.pdf,official_daily_result_pdf
201507040508,2015,中京,4,5,8,2015-12-19,https://www.jra.go.jp/datafile/seiseki/report/2015/2015-4chukyo5.pdf,official_daily_result_pdf
201507040509,2015,中京,4,5,9,2015-12-19,https://www.jra.go.jp/datafile/seiseki/report/2015/2015-4chukyo5.pdf,official_daily_result_pdf
201507040510,2015,中京,4,5,10,2015-12-19,https://www.jra.go.jp/datafile/seiseki/report/2015/2015-4chukyo5.pdf,official_daily_result_pdf
201507040511,2015,中京,4,5,11,2015-12-19,https://www.jra.go.jp/datafile/seiseki/report/2015/2015-4chukyo5.pdf,official_daily_result_pdf
201507040512,2015,中京,4,5,12,2015-12-19,https://www.jra.go.jp/datafile/seiseki/report/2015/2015-4chukyo5.pdf,official_daily_result_pdf
201507040601,2015,中京,4,6,1,2015-12-20,https://www.jra.go.jp/datafile/seiseki/report/2015/2015-4chukyo6.pdf,official_daily_result_pdf
201507040602,2015,中京,4,6,2,2015-12-20,https://www.jra.go.jp/datafile/seiseki/report/2015/2015-4chukyo6.pdf,official_daily_result_pdf
201507040603,2015,中京,4,6,3,2015-12-20,https://www.jra.go.jp/datafile/seiseki/report/2015/2015-4chukyo6.pdf,official_daily_result_pdf
201507040604,2015,中京,4,6,4,2015-12-20,https://www.jra.go.jp/datafile/seiseki/report/2015/2015-4chukyo6.pdf,official_daily_result_pdf
201507040605,2015,中京,4,6,5,2015-12-20,https://www.jra.go.jp/datafile/seiseki/report/2015/2015-4chukyo6.pdf,official_daily_result_pdf
201507040606,2015,中京,4,6,6,2015-12-20,https://www.jra.go.jp/datafile/seiseki/report/2015/2015-4chukyo6.pdf,official_daily_result_pdf
201507040607,2015,中京,4,6,7,2015-12-20,https://www.jra.go.jp/datafile/seiseki/report/2015/2015-4chukyo6.pdf,official_daily_result_pdf
201507040608,2015,中京,4,6,8,2015-12-20,https://www.jra.go.jp/datafile/seiseki/report/2015/2015-4chukyo6.pdf,official_daily_result_pdf
201507040609,2015,中京,4,6,9,2015-12-20,https://www.jra.go.jp/datafile/seiseki/report/2015/2015-4chukyo6.pdf,official_daily_result_pdf
201507040610,2015,中京,4,6,10,2015-12-20,https://www.jra.go.jp/datafile/seiseki/report/2015/2015-4chukyo6.pdf,official_daily_result_pdf
201507040611,2015,中京,4,6,11,2015-12-20,https://www.jra.go.jp/datafile/seiseki/report/2015/2015-4chukyo6.pdf,official_daily_result_pdf
201507040612,2015,中京,4,6,12,2015-12-20,https://www.jra.go.jp/datafile/seiseki/report/2015/2015-4chukyo6.pdf,official_daily_result_pdf
201508010101,2015,京都,1,1,1,2015-01-04,https://www.jra.go.jp/datafile/seiseki/report/2015/2015-1kyoto1.pdf,official_daily_result_pdf
201508010102,2015,京都,1,1,2,2015-01-04,https://www.jra.go.jp/datafile/seiseki/report/2015/2015-1kyoto1.pdf,official_daily_result_pdf
201508010103,2015,京都,1,1,3,2015-01-04,https://www.jra.go.jp/datafile/seiseki/report/2015/2015-1kyoto1.pdf,official_daily_result_pdf
201508010104,2015,京都,1,1,4,2015-01-04,https://www.jra.go.jp/datafile/seiseki/report/2015/2015-1kyoto1.pdf,official_daily_result_pdf
201508010105,2015,京都,1,1,5,2015-01-04,https://www.jra.go.jp/datafile/seiseki/report/2015/2015-1kyoto1.pdf,official_daily_result_pdf
201508010106,2015,京都,1,1,6,2015-01-04,https://www.jra.go.jp/datafile/seiseki/report/2015/2015-1kyoto1.pdf,official_daily_result_pdf
201508010107,2015,京都,1,1,7,2015-01-04,https://www.jra.go.jp/datafile/seiseki/report/2015/2015-1kyoto1.pdf,official_daily_result_pdf
201508010108,2015,京都,1,1,8,2015-01-04,https://www.jra.go.jp/datafile/seiseki/report/2015/2015-1kyoto1.pdf,official_daily_result_pdf
201508010109,2015,京都,1,1,9,2015-01-04,https://www.jra.go.jp/datafile/seiseki/report/2015/2015-1kyoto1.pdf,official_daily_result_pdf
201508010110,2015,京都,1,1,10,2015-01-04,https://www.jra.go.jp/datafile/seiseki/report/2015/2015-1kyoto1.pdf,official_daily_result_pdf
201508010111,2015,京都,1,1,11,2015-01-04,https://www.jra.go.jp/datafile/seiseki/report/2015/2015-1kyoto1.pdf,official_daily_result_pdf
201508010112,2015,京都,1,1,12,2015-01-04,https://www.jra.go.jp/datafile/seiseki/report/2015/2015-1kyoto1.pdf,official_daily_result_pdf
201508010201,2015,京都,1,2,1,2015-01-05,https://www.jra.go.jp/datafile/seiseki/report/2015/2015-1kyoto2.pdf,official_daily_result_pdf
201508010202,2015,京都,1,2,2,2015-01-05,https://www.jra.go.jp/datafile/seiseki/report/2015/2015-1kyoto2.pdf,official_daily_result_pdf
201508010203,2015,京都,1,2,3,2015-01-05,https://www.jra.go.jp/datafile/seiseki/report/2015/2015-1kyoto2.pdf,official_daily_result_pdf
201508010204,2015,京都,1,2,4,2015-01-05,https://www.jra.go.jp/datafile/seiseki/report/2015/2015-1kyoto2.pdf,official_daily_result_pdf
201508010205,2015,京都,1,2,5,2015-01-05,https://www.jra.go.jp/datafile/seiseki/report/2015/2015-1kyoto2.pdf,official_daily_result_pdf
201508010206,2015,京都,1,2,6,2015-01-05,https://www.jra.go.jp/datafile/seiseki/report/2015/2015-1kyoto2.pdf,official_daily_result_pdf
201508010207,2015,京都,1,2,7,2015-01-05,https://www.jra.go.jp/datafile/seiseki/report/2015/2015-1kyoto2.pdf,official_daily_result_pdf
201508010208,2015,京都,1,2,8,2015-01-05,https://www.jra.go.jp/datafile/seiseki/report/2015/2015-1kyoto2.pdf,official_daily_result_pdf
201508010209,2015,京都,1,2,9,2015-01-05,https://www.jra.go.jp/datafile/seiseki/report/2015/2015-1kyoto2.pdf,official_daily_result_pdf
201508010210,2015,京都,1,2,10,2015-01-05,https://www.jra.go.jp/datafile/seiseki/report/2015/2015-1kyoto2.pdf,official_daily_result_pdf
201508010211,2015,京都,1,2,11,2015-01-05,https://www.jra.go.jp/datafile/seiseki/report/2015/2015-1kyoto2.pdf,official_daily_result_pdf
201508010212,2015,京都,1,2,12,2015-01-05,https://www.jra.go.jp/datafile/seiseki/report/2015/2015-1kyoto2.pdf,official_daily_result_pdf
201508010301,2015,京都,1,3,1,2015-01-10,https://www.jra.go.jp/datafile/seiseki/report/2015/2015-1kyoto3.pdf,official_daily_result_pdf
201508010302,2015,京都,1,3,2,2015-01-10,https://www.jra.go.jp/datafile/seiseki/report/2015/2015-1kyoto3.pdf,official_daily_result_pdf
201508010303,2015,京都,1,3,3,2015-01-10,https://www.jra.go.jp/datafile/seiseki/report/2015/2015-1kyoto3.pdf,official_daily_result_pdf
201508010304,2015,京都,1,3,4,2015-01-10,https://www.jra.go.jp/datafile/seiseki/report/2015/2015-1kyoto3.pdf,official_daily_result_pdf
201508010305,2015,京都,1,3,5,2015-01-10,https://www.jra.go.jp/datafile/seiseki/report/2015/2015-1kyoto3.pdf,official_daily_result_pdf
201508010306,2015,京都,1,3,6,2015-01-10,https://www.jra.go.jp/datafile/seiseki/report/2015/2015-1kyoto3.pdf,official_daily_result_pdf
201508010307,2015,京都,1,3,7,2015-01-10,https://www.jra.go.jp/datafile/seiseki/report/2015/2015-1kyoto3.pdf,official_daily_result_pdf
201508010308,2015,京都,1,3,8,2015-01-10,https://www.jra.go.jp/datafile/seiseki/report/2015/2015-1kyoto3.pdf,official_daily_result_pdf
201508010309,2015,京都,1,3,9,2015-01-10,https://www.jra.go.jp/datafile/seiseki/report/2015/2015-1kyoto3.pdf,official_daily_result_pdf
201508010310,2015,京都,1,3,10,2015-01-10,https://www.jra.go.jp/datafile/seiseki/report/2015/2015-1kyoto3.pdf,official_daily_result_pdf
201508010311,2015,京都,1,3,11,2015-01-10,https://www.jra.go.jp/datafile/seiseki/report/2015/2015-1kyoto3.pdf,official_daily_result_pdf
201508010312,2015,京都,1,3,12,2015-01-10,https://www.jra.go.jp/datafile/seiseki/report/2015/2015-1kyoto3.pdf,official_daily_result_pdf
201508010401,2015,京都,1,4,1,2015-01-11,https://www.jra.go.jp/datafile/seiseki/report/2015/2015-1kyoto4.pdf,official_daily_result_pdf
201508010402,2015,京都,1,4,2,2015-01-11,https://www.jra.go.jp/datafile/seiseki/report/2015/2015-1kyoto4.pdf,official_daily_result_pdf
201508010403,2015,京都,1,4,3,2015-01-11,https://www.jra.go.jp/datafile/seiseki/report/2015/2015-1kyoto4.pdf,official_daily_result_pdf
201508010404,2015,京都,1,4,4,2015-01-11,https://www.jra.go.jp/datafile/seiseki/report/2015/2015-1kyoto4.pdf,official_daily_result_pdf
201508010405,2015,京都,1,4,5,2015-01-11,https://www.jra.go.jp/datafile/seiseki/report/2015/2015-1kyoto4.pdf,official_daily_result_pdf
201508010406,2015,京都,1,4,6,2015-01-11,https://www.jra.go.jp/datafile/seiseki/report/2015/2015-1kyoto4.pdf,official_daily_result_pdf
201508010407,2015,京都,1,4,7,2015-01-11,https://www.jra.go.jp/datafile/seiseki/report/2015/2015-1kyoto4.pdf,official_daily_result_pdf
201508010408,2015,京都,1,4,8,2015-01-11,https://www.jra.go.jp/datafile/seiseki/report/2015/2015-1kyoto4.pdf,official_daily_result_pdf
201508010409,2015,京都,1,4,9,2015-01-11,https://www.jra.go.jp/datafile/seiseki/report/2015/2015-1kyoto4.pdf,official_daily_result_pdf
201508010410,2015,京都,1,4,10,2015-01-11,https://www.jra.go.jp/datafile/seiseki/report/2015/2015-1kyoto4.pdf,official_daily_result_pdf
201508010411,2015,京都,1,4,11,2015-01-11,https://www.jra.go.jp/datafile/seiseki/report/2015/2015-1kyoto4.pdf,official_daily_result_pdf
201508010412,2015,京都,1,4,12,2015-01-11,https://www.jra.go.jp/datafile/seiseki/report/2015/2015-1kyoto4.pdf,official_daily_result_pdf
201508010501,2015,京都,1,5,1,2015-01-12,https://www.jra.go.jp/datafile/seiseki/report/2015/2015-1kyoto5.pdf,official_daily_result_pdf
201508010502,2015,京都,1,5,2,2015-01-12,https://www.jra.go.jp/datafile/seiseki/report/2015/2015-1kyoto5.pdf,official_daily_result_pdf
201508010503,2015,京都,1,5,3,2015-01-12,https://www.jra.go.jp/datafile/seiseki/report/2015/2015-1kyoto5.pdf,official_daily_result_pdf
201508010504,2015,京都,1,5,4,2015-01-12,https://www.jra.go.jp/datafile/seiseki/report/2015/2015-1kyoto5.pdf,official_daily_result_pdf
201508010505,2015,京都,1,5,5,2015-01-12,https://www.jra.go.jp/datafile/seiseki/report/2015/2015-1kyoto5.pdf,official_daily_result_pdf
201508010506,2015,京都,1,5,6,2015-01-12,https://www.jra.go.jp/datafile/seiseki/report/2015/2015-1kyoto5.pdf,official_daily_result_pdf
201508010507,2015,京都,1,5,7,2015-01-12,https://www.jra.go.jp/datafile/seiseki/report/2015/2015-1kyoto5.pdf,official_daily_result_pdf
201508010508,2015,京都,1,5,8,2015-01-12,https://www.jra.go.jp/datafile/seiseki/report/2015/2015-1kyoto5.pdf,official_daily_result_pdf
201508010509,2015,京都,1,5,9,2015-01-12,https://www.jra.go.jp/datafile/seiseki/report/2015/2015-1kyoto5.pdf,official_daily_result_pdf
201508010510,2015,京都,1,5,10,2015-01-12,https://www.jra.go.jp/datafile/seiseki/report/2015/2015-1kyoto5.pdf,official_daily_result_pdf
201508010511,2015,京都,1,5,11,2015-01-12,https://www.jra.go.jp/datafile/seiseki/report/2015/2015-1kyoto5.pdf,official_daily_result_pdf
201508010512,2015,京都,1,5,12,2015-01-12,https://www.jra.go.jp/datafile/seiseki/report/2015/2015-1kyoto5.pdf,official_daily_result_pdf
201508010601,2015,京都,1,6,1,2015-01-17,https://www.jra.go.jp/datafile/seiseki/report/2015/2015-1kyoto6.pdf,official_daily_result_pdf
201508010602,2015,京都,1,6,2,2015-01-17,https://www.jra.go.jp/datafile/seiseki/report/2015/2015-1kyoto6.pdf,official_daily_result_pdf
201508010603,2015,京都,1,6,3,2015-01-17,https://www.jra.go.jp/datafile/seiseki/report/2015/2015-1kyoto6.pdf,official_daily_result_pdf
201508010604,2015,京都,1,6,4,2015-01-17,https://www.jra.go.jp/datafile/seiseki/report/2015/2015-1kyoto6.pdf,official_daily_result_pdf
201508010605,2015,京都,1,6,5,2015-01-17,https://www.jra.go.jp/datafile/seiseki/report/2015/2015-1kyoto6.pdf,official_daily_result_pdf
201508010606,2015,京都,1,6,6,2015-01-17,https://www.jra.go.jp/datafile/seiseki/report/2015/2015-1kyoto6.pdf,official_daily_result_pdf
201508010607,2015,京都,1,6,7,2015-01-17,https://www.jra.go.jp/datafile/seiseki/report/2015/2015-1kyoto6.pdf,official_daily_result_pdf
201508010608,2015,京都,1,6,8,2015-01-17,https://www.jra.go.jp/datafile/seiseki/report/2015/2015-1kyoto6.pdf,official_daily_result_pdf
201508010609,2015,京都,1,6,9,2015-01-17,https://www.jra.go.jp/datafile/seiseki/report/2015/2015-1kyoto6.pdf,official_daily_result_pdf
201508010610,2015,京都,1,6,10,2015-01-17,https://www.jra.go.jp/datafile/seiseki/report/2015/2015-1kyoto6.pdf,official_daily_result_pdf
201508010611,2015,京都,1,6,11,2015-01-17,https://www.jra.go.jp/datafile/seiseki/report/2015/2015-1kyoto6.pdf,official_daily_result_pdf
201508010612,2015,京都,1,6,12,2015-01-17,https://www.jra.go.jp/datafile/seiseki/report/2015/2015-1kyoto6.pdf,official_daily_result_pdf
201508010701,2015,京都,1,7,1,2015-01-18,https://www.jra.go.jp/datafile/seiseki/report/2015/2015-1kyoto7.pdf,official_daily_result_pdf
201508010702,2015,京都,1,7,2,2015-01-18,https://www.jra.go.jp/datafile/seiseki/report/2015/2015-1kyoto7.pdf,official_daily_result_pdf
201508010703,2015,京都,1,7,3,2015-01-18,https://www.jra.go.jp/datafile/seiseki/report/2015/2015-1kyoto7.pdf,official_daily_result_pdf
201508010704,2015,京都,1,7,4,2015-01-18,https://www.jra.go.jp/datafile/seiseki/report/2015/2015-1kyoto7.pdf,official_daily_result_pdf
201508010705,2015,京都,1,7,5,2015-01-18,https://www.jra.go.jp/datafile/seiseki/report/2015/2015-1kyoto7.pdf,official_daily_result_pdf
201508010706,2015,京都,1,7,6,2015-01-18,https://www.jra.go.jp/datafile/seiseki/report/2015/2015-1kyoto7.pdf,official_daily_result_pdf
201508010707,2015,京都,1,7,7,2015-01-18,https://www.jra.go.jp/datafile/seiseki/report/2015/2015-1kyoto7.pdf,official_daily_result_pdf
201508010708,2015,京都,1,7,8,2015-01-18,https://www.jra.go.jp/datafile/seiseki/report/2015/2015-1kyoto7.pdf,official_daily_result_pdf
201508010709,2015,京都,1,7,9,2015-01-18,https://www.jra.go.jp/datafile/seiseki/report/2015/2015-1kyoto7.pdf,official_daily_result_pdf
201508010710,2015,京都,1,7,10,2015-01-18,https://www.jra.go.jp/datafile/seiseki/report/2015/2015-1kyoto7.pdf,official_daily_result_pdf
201508010711,2015,京都,1,7,11,2015-01-18,https://www.jra.go.jp/datafile/seiseki/report/2015/2015-1kyoto7.pdf,official_daily_result_pdf
201508010712,2015,京都,1,7,12,2015-01-18,https://www.jra.go.jp/datafile/seiseki/report/2015/2015-1kyoto7.pdf,official_daily_result_pdf
201508010801,2015,京都,1,8,1,2015-01-24,https://www.jra.go.jp/datafile/seiseki/report/2015/2015-1kyoto8.pdf,official_daily_result_pdf
201508010802,2015,京都,1,8,2,2015-01-24,https://www.jra.go.jp/datafile/seiseki/report/2015/2015-1kyoto8.pdf,official_daily_result_pdf
201508010803,2015,京都,1,8,3,2015-01-24,https://www.jra.go.jp/datafile/seiseki/report/2015/2015-1kyoto8.pdf,official_daily_result_pdf
201508010804,2015,京都,1,8,4,2015-01-24,https://www.jra.go.jp/datafile/seiseki/report/2015/2015-1kyoto8.pdf,official_daily_result_pdf
201508010805,2015,京都,1,8,5,2015-01-24,https://www.jra.go.jp/datafile/seiseki/report/2015/2015-1kyoto8.pdf,official_daily_result_pdf
201508010806,2015,京都,1,8,6,2015-01-24,https://www.jra.go.jp/datafile/seiseki/report/2015/2015-1kyoto8.pdf,official_daily_result_pdf
201508010807,2015,京都,1,8,7,2015-01-24,https://www.jra.go.jp/datafile/seiseki/report/2015/2015-1kyoto8.pdf,official_daily_result_pdf
201508010808,2015,京都,1,8,8,2015-01-24,https://www.jra.go.jp/datafile/seiseki/report/2015/2015-1kyoto8.pdf,official_daily_result_pdf
201508010809,2015,京都,1,8,9,2015-01-24,https://www.jra.go.jp/datafile/seiseki/report/2015/2015-1kyoto8.pdf,official_daily_result_pdf
201508010810,2015,京都,1,8,10,2015-01-24,https://www.jra.go.jp/datafile/seiseki/report/2015/2015-1kyoto8.pdf,official_daily_result_pdf
201508010811,2015,京都,1,8,11,2015-01-24,https://www.jra.go.jp/datafile/seiseki/report/2015/2015-1kyoto8.pdf,official_daily_result_pdf
201508010812,2015,京都,1,8,12,2015-01-24,https://www.jra.go.jp/datafile/seiseki/report/2015/2015-1kyoto8.pdf,official_daily_result_pdf
201508010901,2015,京都,1,9,1,2015-01-25,https://www.jra.go.jp/datafile/seiseki/report/2015/2015-1kyoto9.pdf,official_daily_result_pdf
201508010902,2015,京都,1,9,2,2015-01-25,https://www.jra.go.jp/datafile/seiseki/report/2015/2015-1kyoto9.pdf,official_daily_result_pdf
201508010903,2015,京都,1,9,3,2015-01-25,https://www.jra.go.jp/datafile/seiseki/report/2015/2015-1kyoto9.pdf,official_daily_result_pdf
201508010904,2015,京都,1,9,4,2015-01-25,https://www.jra.go.jp/datafile/seiseki/report/2015/2015-1kyoto9.pdf,official_daily_result_pdf
201508010905,2015,京都,1,9,5,2015-01-25,https://www.jra.go.jp/datafile/seiseki/report/2015/2015-1kyoto9.pdf,official_daily_result_pdf
201508010906,2015,京都,1,9,6,2015-01-25,https://www.jra.go.jp/datafile/seiseki/report/2015/2015-1kyoto9.pdf,official_daily_result_pdf
201508010907,2015,京都,1,9,7,2015-01-25,https://www.jra.go.jp/datafile/seiseki/report/2015/2015-1kyoto9.pdf,official_daily_result_pdf
201508010908,2015,京都,1,9,8,2015-01-25,https://www.jra.go.jp/datafile/seiseki/report/2015/2015-1kyoto9.pdf,official_daily_result_pdf
201508010909,2015,京都,1,9,9,2015-01-25,https://www.jra.go.jp/datafile/seiseki/report/2015/2015-1kyoto9.pdf,official_daily_result_pdf
201508010910,2015,京都,1,9,10,2015-01-25,https://www.jra.go.jp/datafile/seiseki/report/2015/2015-1kyoto9.pdf,official_daily_result_pdf
201508010911,2015,京都,1,9,11,2015-01-25,https://www.jra.go.jp/datafile/seiseki/report/2015/2015-1kyoto9.pdf,official_daily_result_pdf
201508010912,2015,京都,1,9,12,2015-01-25,https://www.jra.go.jp/datafile/seiseki/report/2015/2015-1kyoto9.pdf,official_daily_result_pdf
201508020101,2015,京都,2,1,1,2015-01-31,https://www.jra.go.jp/datafile/seiseki/report/2015/2015-2kyoto1.pdf,official_daily_result_pdf
201508020102,2015,京都,2,1,2,2015-01-31,https://www.jra.go.jp/datafile/seiseki/report/2015/2015-2kyoto1.pdf,official_daily_result_pdf
201508020103,2015,京都,2,1,3,2015-01-31,https://www.jra.go.jp/datafile/seiseki/report/2015/2015-2kyoto1.pdf,official_daily_result_pdf
201508020104,2015,京都,2,1,4,2015-01-31,https://www.jra.go.jp/datafile/seiseki/report/2015/2015-2kyoto1.pdf,official_daily_result_pdf
201508020105,2015,京都,2,1,5,2015-01-31,https://www.jra.go.jp/datafile/seiseki/report/2015/2015-2kyoto1.pdf,official_daily_result_pdf
201508020106,2015,京都,2,1,6,2015-01-31,https://www.jra.go.jp/datafile/seiseki/report/2015/2015-2kyoto1.pdf,official_daily_result_pdf
201508020107,2015,京都,2,1,7,2015-01-31,https://www.jra.go.jp/datafile/seiseki/report/2015/2015-2kyoto1.pdf,official_daily_result_pdf
201508020108,2015,京都,2,1,8,2015-01-31,https://www.jra.go.jp/datafile/seiseki/report/2015/2015-2kyoto1.pdf,official_daily_result_pdf
201508020109,2015,京都,2,1,9,2015-01-31,https://www.jra.go.jp/datafile/seiseki/report/2015/2015-2kyoto1.pdf,official_daily_result_pdf
201508020110,2015,京都,2,1,10,2015-01-31,https://www.jra.go.jp/datafile/seiseki/report/2015/2015-2kyoto1.pdf,official_daily_result_pdf
201508020111,2015,京都,2,1,11,2015-01-31,https://www.jra.go.jp/datafile/seiseki/report/2015/2015-2kyoto1.pdf,official_daily_result_pdf
201508020112,2015,京都,2,1,12,2015-01-31,https://www.jra.go.jp/datafile/seiseki/report/2015/2015-2kyoto1.pdf,official_daily_result_pdf
201508020201,2015,京都,2,2,1,2015-02-01,https://www.jra.go.jp/datafile/seiseki/report/2015/2015-2kyoto2.pdf,official_daily_result_pdf
201508020202,2015,京都,2,2,2,2015-02-01,https://www.jra.go.jp/datafile/seiseki/report/2015/2015-2kyoto2.pdf,official_daily_result_pdf
201508020203,2015,京都,2,2,3,2015-02-01,https://www.jra.go.jp/datafile/seiseki/report/2015/2015-2kyoto2.pdf,official_daily_result_pdf
201508020204,2015,京都,2,2,4,2015-02-01,https://www.jra.go.jp/datafile/seiseki/report/2015/2015-2kyoto2.pdf,official_daily_result_pdf
201508020205,2015,京都,2,2,5,2015-02-01,https://www.jra.go.jp/datafile/seiseki/report/2015/2015-2kyoto2.pdf,official_daily_result_pdf
201508020206,2015,京都,2,2,6,2015-02-01,https://www.jra.go.jp/datafile/seiseki/report/2015/2015-2kyoto2.pdf,official_daily_result_pdf
201508020207,2015,京都,2,2,7,2015-02-01,https://www.jra.go.jp/datafile/seiseki/report/2015/2015-2kyoto2.pdf,official_daily_result_pdf
201508020208,2015,京都,2,2,8,2015-02-01,https://www.jra.go.jp/datafile/seiseki/report/2015/2015-2kyoto2.pdf,official_daily_result_pdf
201508020209,2015,京都,2,2,9,2015-02-01,https://www.jra.go.jp/datafile/seiseki/report/2015/2015-2kyoto2.pdf,official_daily_result_pdf
201508020210,2015,京都,2,2,10,2015-02-01,https://www.jra.go.jp/datafile/seiseki/report/2015/2015-2kyoto2.pdf,official_daily_result_pdf
201508020211,2015,京都,2,2,11,2015-02-01,https://www.jra.go.jp/datafile/seiseki/report/2015/2015-2kyoto2.pdf,official_daily_result_pdf
201508020212,2015,京都,2,2,12,2015-02-01,https://www.jra.go.jp/datafile/seiseki/report/2015/2015-2kyoto2.pdf,official_daily_result_pdf
201508020301,2015,京都,2,3,1,2015-02-07,https://www.jra.go.jp/datafile/seiseki/report/2015/2015-2kyoto3.pdf,official_daily_result_pdf
201508020302,2015,京都,2,3,2,2015-02-07,https://www.jra.go.jp/datafile/seiseki/report/2015/2015-2kyoto3.pdf,official_daily_result_pdf
201508020303,2015,京都,2,3,3,2015-02-07,https://www.jra.go.jp/datafile/seiseki/report/2015/2015-2kyoto3.pdf,official_daily_result_pdf
201508020304,2015,京都,2,3,4,2015-02-07,https://www.jra.go.jp/datafile/seiseki/report/2015/2015-2kyoto3.pdf,official_daily_result_pdf
201508020305,2015,京都,2,3,5,2015-02-07,https://www.jra.go.jp/datafile/seiseki/report/2015/2015-2kyoto3.pdf,official_daily_result_pdf
201508020306,2015,京都,2,3,6,2015-02-07,https://www.jra.go.jp/datafile/seiseki/report/2015/2015-2kyoto3.pdf,official_daily_result_pdf
201508020307,2015,京都,2,3,7,2015-02-07,https://www.jra.go.jp/datafile/seiseki/report/2015/2015-2kyoto3.pdf,official_daily_result_pdf
201508020308,2015,京都,2,3,8,2015-02-07,https://www.jra.go.jp/datafile/seiseki/report/2015/2015-2kyoto3.pdf,official_daily_result_pdf
201508020309,2015,京都,2,3,9,2015-02-07,https://www.jra.go.jp/datafile/seiseki/report/2015/2015-2kyoto3.pdf,official_daily_result_pdf
201508020310,2015,京都,2,3,10,2015-02-07,https://www.jra.go.jp/datafile/seiseki/report/2015/2015-2kyoto3.pdf,official_daily_result_pdf
201508020311,2015,京都,2,3,11,2015-02-07,https://www.jra.go.jp/datafile/seiseki/report/2015/2015-2kyoto3.pdf,official_daily_result_pdf
201508020312,2015,京都,2,3,12,2015-02-07,https://www.jra.go.jp/datafile/seiseki/report/2015/2015-2kyoto3.pdf,official_daily_result_pdf
201508020401,2015,京都,2,4,1,2015-02-08,https://www.jra.go.jp/datafile/seiseki/report/2015/2015-2kyoto4.pdf,official_daily_result_pdf
201508020402,2015,京都,2,4,2,2015-02-08,https://www.jra.go.jp/datafile/seiseki/report/2015/2015-2kyoto4.pdf,official_daily_result_pdf
201508020403,2015,京都,2,4,3,2015-02-08,https://www.jra.go.jp/datafile/seiseki/report/2015/2015-2kyoto4.pdf,official_daily_result_pdf
201508020404,2015,京都,2,4,4,2015-02-08,https://www.jra.go.jp/datafile/seiseki/report/2015/2015-2kyoto4.pdf,official_daily_result_pdf
201508020405,2015,京都,2,4,5,2015-02-08,https://www.jra.go.jp/datafile/seiseki/report/2015/2015-2kyoto4.pdf,official_daily_result_pdf
201508020406,2015,京都,2,4,6,2015-02-08,https://www.jra.go.jp/datafile/seiseki/report/2015/2015-2kyoto4.pdf,official_daily_result_pdf
201508020407,2015,京都,2,4,7,2015-02-08,https://www.jra.go.jp/datafile/seiseki/report/2015/2015-2kyoto4.pdf,official_daily_result_pdf
201508020408,2015,京都,2,4,8,2015-02-08,https://www.jra.go.jp/datafile/seiseki/report/2015/2015-2kyoto4.pdf,official_daily_result_pdf
201508020409,2015,京都,2,4,9,2015-02-08,https://www.jra.go.jp/datafile/seiseki/report/2015/2015-2kyoto4.pdf,official_daily_result_pdf
201508020410,2015,京都,2,4,10,2015-02-08,https://www.jra.go.jp/datafile/seiseki/report/2015/2015-2kyoto4.pdf,official_daily_result_pdf
201508020411,2015,京都,2,4,11,2015-02-08,https://www.jra.go.jp/datafile/seiseki/report/2015/2015-2kyoto4.pdf,official_daily_result_pdf
201508020412,2015,京都,2,4,12,2015-02-08,https://www.jra.go.jp/datafile/seiseki/report/2015/2015-2kyoto4.pdf,official_daily_result_pdf
201508020501,2015,京都,2,5,1,2015-02-14,https://www.jra.go.jp/datafile/seiseki/report/2015/2015-2kyoto5.pdf,official_daily_result_pdf
201508020502,2015,京都,2,5,2,2015-02-14,https://www.jra.go.jp/datafile/seiseki/report/2015/2015-2kyoto5.pdf,official_daily_result_pdf
201508020503,2015,京都,2,5,3,2015-02-14,https://www.jra.go.jp/datafile/seiseki/report/2015/2015-2kyoto5.pdf,official_daily_result_pdf
201508020504,2015,京都,2,5,4,2015-02-14,https://www.jra.go.jp/datafile/seiseki/report/2015/2015-2kyoto5.pdf,official_daily_result_pdf
201508020505,2015,京都,2,5,5,2015-02-14,https://www.jra.go.jp/datafile/seiseki/report/2015/2015-2kyoto5.pdf,official_daily_result_pdf
201508020506,2015,京都,2,5,6,2015-02-14,https://www.jra.go.jp/datafile/seiseki/report/2015/2015-2kyoto5.pdf,official_daily_result_pdf
201508020507,2015,京都,2,5,7,2015-02-14,https://www.jra.go.jp/datafile/seiseki/report/2015/2015-2kyoto5.pdf,official_daily_result_pdf
201508020508,2015,京都,2,5,8,2015-02-14,https://www.jra.go.jp/datafile/seiseki/report/2015/2015-2kyoto5.pdf,official_daily_result_pdf
201508020509,2015,京都,2,5,9,2015-02-14,https://www.jra.go.jp/datafile/seiseki/report/2015/2015-2kyoto5.pdf,official_daily_result_pdf
201508020510,2015,京都,2,5,10,2015-02-14,https://www.jra.go.jp/datafile/seiseki/report/2015/2015-2kyoto5.pdf,official_daily_result_pdf
201508020511,2015,京都,2,5,11,2015-02-14,https://www.jra.go.jp/datafile/seiseki/report/2015/2015-2kyoto5.pdf,official_daily_result_pdf
201508020512,2015,京都,2,5,12,2015-02-14,https://www.jra.go.jp/datafile/seiseki/report/2015/2015-2kyoto5.pdf,official_daily_result_pdf
201508020601,2015,京都,2,6,1,2015-02-15,https://www.jra.go.jp/datafile/seiseki/report/2015/2015-2kyoto6.pdf,official_daily_result_pdf
201508020602,2015,京都,2,6,2,2015-02-15,https://www.jra.go.jp/datafile/seiseki/report/2015/2015-2kyoto6.pdf,official_daily_result_pdf
201508020603,2015,京都,2,6,3,2015-02-15,https://www.jra.go.jp/datafile/seiseki/report/2015/2015-2kyoto6.pdf,official_daily_result_pdf
201508020604,2015,京都,2,6,4,2015-02-15,https://www.jra.go.jp/datafile/seiseki/report/2015/2015-2kyoto6.pdf,official_daily_result_pdf
201508020605,2015,京都,2,6,5,2015-02-15,https://www.jra.go.jp/datafile/seiseki/report/2015/2015-2kyoto6.pdf,official_daily_result_pdf
201508020606,2015,京都,2,6,6,2015-02-15,https://www.jra.go.jp/datafile/seiseki/report/2015/2015-2kyoto6.pdf,official_daily_result_pdf
201508020607,2015,京都,2,6,7,2015-02-15,https://www.jra.go.jp/datafile/seiseki/report/2015/2015-2kyoto6.pdf,official_daily_result_pdf
201508020608,2015,京都,2,6,8,2015-02-15,https://www.jra.go.jp/datafile/seiseki/report/2015/2015-2kyoto6.pdf,official_daily_result_pdf
201508020609,2015,京都,2,6,9,2015-02-15,https://www.jra.go.jp/datafile/seiseki/report/2015/2015-2kyoto6.pdf,official_daily_result_pdf
201508020610,2015,京都,2,6,10,2015-02-15,https://www.jra.go.jp/datafile/seiseki/report/2015/2015-2kyoto6.pdf,official_daily_result_pdf
201508020611,2015,京都,2,6,11,2015-02-15,https://www.jra.go.jp/datafile/seiseki/report/2015/2015-2kyoto6.pdf,official_daily_result_pdf
201508020612,2015,京都,2,6,12,2015-02-15,https://www.jra.go.jp/datafile/seiseki/report/2015/2015-2kyoto6.pdf,official_daily_result_pdf
201508020701,2015,京都,2,7,1,2015-02-21,https://www.jra.go.jp/datafile/seiseki/report/2015/2015-2kyoto7.pdf,official_daily_result_pdf
201508020702,2015,京都,2,7,2,2015-02-21,https://www.jra.go.jp/datafile/seiseki/report/2015/2015-2kyoto7.pdf,official_daily_result_pdf
201508020703,2015,京都,2,7,3,2015-02-21,https://www.jra.go.jp/datafile/seiseki/report/2015/2015-2kyoto7.pdf,official_daily_result_pdf
201508020704,2015,京都,2,7,4,2015-02-21,https://www.jra.go.jp/datafile/seiseki/report/2015/2015-2kyoto7.pdf,official_daily_result_pdf
201508020705,2015,京都,2,7,5,2015-02-21,https://www.jra.go.jp/datafile/seiseki/report/2015/2015-2kyoto7.pdf,official_daily_result_pdf
201508020706,2015,京都,2,7,6,2015-02-21,https://www.jra.go.jp/datafile/seiseki/report/2015/2015-2kyoto7.pdf,official_daily_result_pdf
201508020707,2015,京都,2,7,7,2015-02-21,https://www.jra.go.jp/datafile/seiseki/report/2015/2015-2kyoto7.pdf,official_daily_result_pdf
201508020708,2015,京都,2,7,8,2015-02-21,https://www.jra.go.jp/datafile/seiseki/report/2015/2015-2kyoto7.pdf,official_daily_result_pdf
201508020709,2015,京都,2,7,9,2015-02-21,https://www.jra.go.jp/datafile/seiseki/report/2015/2015-2kyoto7.pdf,official_daily_result_pdf
201508020710,2015,京都,2,7,10,2015-02-21,https://www.jra.go.jp/datafile/seiseki/report/2015/2015-2kyoto7.pdf,official_daily_result_pdf
201508020711,2015,京都,2,7,11,2015-02-21,https://www.jra.go.jp/datafile/seiseki/report/2015/2015-2kyoto7.pdf,official_daily_result_pdf
201508020712,2015,京都,2,7,12,2015-02-21,https://www.jra.go.jp/datafile/seiseki/report/2015/2015-2kyoto7.pdf,official_daily_result_pdf
201508020801,2015,京都,2,8,1,2015-02-22,https://www.jra.go.jp/datafile/seiseki/report/2015/2015-2kyoto8.pdf,official_daily_result_pdf
201508020802,2015,京都,2,8,2,2015-02-22,https://www.jra.go.jp/datafile/seiseki/report/2015/2015-2kyoto8.pdf,official_daily_result_pdf
201508020803,2015,京都,2,8,3,2015-02-22,https://www.jra.go.jp/datafile/seiseki/report/2015/2015-2kyoto8.pdf,official_daily_result_pdf
201508020804,2015,京都,2,8,4,2015-02-22,https://www.jra.go.jp/datafile/seiseki/report/2015/2015-2kyoto8.pdf,official_daily_result_pdf
201508020805,2015,京都,2,8,5,2015-02-22,https://www.jra.go.jp/datafile/seiseki/report/2015/2015-2kyoto8.pdf,official_daily_result_pdf
201508020806,2015,京都,2,8,6,2015-02-22,https://www.jra.go.jp/datafile/seiseki/report/2015/2015-2kyoto8.pdf,official_daily_result_pdf
201508020807,2015,京都,2,8,7,2015-02-22,https://www.jra.go.jp/datafile/seiseki/report/2015/2015-2kyoto8.pdf,official_daily_result_pdf
201508020808,2015,京都,2,8,8,2015-02-22,https://www.jra.go.jp/datafile/seiseki/report/2015/2015-2kyoto8.pdf,official_daily_result_pdf
201508020809,2015,京都,2,8,9,2015-02-22,https://www.jra.go.jp/datafile/seiseki/report/2015/2015-2kyoto8.pdf,official_daily_result_pdf
201508020810,2015,京都,2,8,10,2015-02-22,https://www.jra.go.jp/datafile/seiseki/report/2015/2015-2kyoto8.pdf,official_daily_result_pdf
201508020811,2015,京都,2,8,11,2015-02-22,https://www.jra.go.jp/datafile/seiseki/report/2015/2015-2kyoto8.pdf,official_daily_result_pdf
201508020812,2015,京都,2,8,12,2015-02-22,https://www.jra.go.jp/datafile/seiseki/report/2015/2015-2kyoto8.pdf,official_daily_result_pdf
201508030101,2015,京都,3,1,1,2015-04-25,https://www.jra.go.jp/datafile/seiseki/report/2015/2015-3kyoto1.pdf,official_daily_result_pdf
201508030102,2015,京都,3,1,2,2015-04-25,https://www.jra.go.jp/datafile/seiseki/report/2015/2015-3kyoto1.pdf,official_daily_result_pdf
201508030103,2015,京都,3,1,3,2015-04-25,https://www.jra.go.jp/datafile/seiseki/report/2015/2015-3kyoto1.pdf,official_daily_result_pdf
201508030104,2015,京都,3,1,4,2015-04-25,https://www.jra.go.jp/datafile/seiseki/report/2015/2015-3kyoto1.pdf,official_daily_result_pdf
201508030105,2015,京都,3,1,5,2015-04-25,https://www.jra.go.jp/datafile/seiseki/report/2015/2015-3kyoto1.pdf,official_daily_result_pdf
201508030106,2015,京都,3,1,6,2015-04-25,https://www.jra.go.jp/datafile/seiseki/report/2015/2015-3kyoto1.pdf,official_daily_result_pdf
201508030107,2015,京都,3,1,7,2015-04-25,https://www.jra.go.jp/datafile/seiseki/report/2015/2015-3kyoto1.pdf,official_daily_result_pdf
201508030108,2015,京都,3,1,8,2015-04-25,https://www.jra.go.jp/datafile/seiseki/report/2015/2015-3kyoto1.pdf,official_daily_result_pdf
201508030109,2015,京都,3,1,9,2015-04-25,https://www.jra.go.jp/datafile/seiseki/report/2015/2015-3kyoto1.pdf,official_daily_result_pdf
201508030110,2015,京都,3,1,10,2015-04-25,https://www.jra.go.jp/datafile/seiseki/report/2015/2015-3kyoto1.pdf,official_daily_result_pdf
201508030111,2015,京都,3,1,11,2015-04-25,https://www.jra.go.jp/datafile/seiseki/report/2015/2015-3kyoto1.pdf,official_daily_result_pdf
201508030112,2015,京都,3,1,12,2015-04-25,https://www.jra.go.jp/datafile/seiseki/report/2015/2015-3kyoto1.pdf,official_daily_result_pdf
201508030201,2015,京都,3,2,1,2015-04-26,https://www.jra.go.jp/datafile/seiseki/report/2015/2015-3kyoto2.pdf,official_daily_result_pdf
201508030202,2015,京都,3,2,2,2015-04-26,https://www.jra.go.jp/datafile/seiseki/report/2015/2015-3kyoto2.pdf,official_daily_result_pdf
201508030203,2015,京都,3,2,3,2015-04-26,https://www.jra.go.jp/datafile/seiseki/report/2015/2015-3kyoto2.pdf,official_daily_result_pdf
201508030204,2015,京都,3,2,4,2015-04-26,https://www.jra.go.jp/datafile/seiseki/report/2015/2015-3kyoto2.pdf,official_daily_result_pdf
201508030205,2015,京都,3,2,5,2015-04-26,https://www.jra.go.jp/datafile/seiseki/report/2015/2015-3kyoto2.pdf,official_daily_result_pdf
201508030206,2015,京都,3,2,6,2015-04-26,https://www.jra.go.jp/datafile/seiseki/report/2015/2015-3kyoto2.pdf,official_daily_result_pdf
201508030207,2015,京都,3,2,7,2015-04-26,https://www.jra.go.jp/datafile/seiseki/report/2015/2015-3kyoto2.pdf,official_daily_result_pdf
201508030208,2015,京都,3,2,8,2015-04-26,https://www.jra.go.jp/datafile/seiseki/report/2015/2015-3kyoto2.pdf,official_daily_result_pdf
201508030209,2015,京都,3,2,9,2015-04-26,https://www.jra.go.jp/datafile/seiseki/report/2015/2015-3kyoto2.pdf,official_daily_result_pdf
201508030210,2015,京都,3,2,10,2015-04-26,https://www.jra.go.jp/datafile/seiseki/report/2015/2015-3kyoto2.pdf,official_daily_result_pdf
201508030211,2015,京都,3,2,11,2015-04-26,https://www.jra.go.jp/datafile/seiseki/report/2015/2015-3kyoto2.pdf,official_daily_result_pdf
201508030212,2015,京都,3,2,12,2015-04-26,https://www.jra.go.jp/datafile/seiseki/report/2015/2015-3kyoto2.pdf,official_daily_result_pdf
201508030301,2015,京都,3,3,1,2015-05-02,https://www.jra.go.jp/datafile/seiseki/report/2015/2015-3kyoto3.pdf,official_daily_result_pdf
201508030302,2015,京都,3,3,2,2015-05-02,https://www.jra.go.jp/datafile/seiseki/report/2015/2015-3kyoto3.pdf,official_daily_result_pdf
201508030303,2015,京都,3,3,3,2015-05-02,https://www.jra.go.jp/datafile/seiseki/report/2015/2015-3kyoto3.pdf,official_daily_result_pdf
201508030304,2015,京都,3,3,4,2015-05-02,https://www.jra.go.jp/datafile/seiseki/report/2015/2015-3kyoto3.pdf,official_daily_result_pdf
201508030305,2015,京都,3,3,5,2015-05-02,https://www.jra.go.jp/datafile/seiseki/report/2015/2015-3kyoto3.pdf,official_daily_result_pdf
201508030306,2015,京都,3,3,6,2015-05-02,https://www.jra.go.jp/datafile/seiseki/report/2015/2015-3kyoto3.pdf,official_daily_result_pdf
201508030307,2015,京都,3,3,7,2015-05-02,https://www.jra.go.jp/datafile/seiseki/report/2015/2015-3kyoto3.pdf,official_daily_result_pdf
201508030308,2015,京都,3,3,8,2015-05-02,https://www.jra.go.jp/datafile/seiseki/report/2015/2015-3kyoto3.pdf,official_daily_result_pdf
201508030309,2015,京都,3,3,9,2015-05-02,https://www.jra.go.jp/datafile/seiseki/report/2015/2015-3kyoto3.pdf,official_daily_result_pdf
201508030310,2015,京都,3,3,10,2015-05-02,https://www.jra.go.jp/datafile/seiseki/report/2015/2015-3kyoto3.pdf,official_daily_result_pdf
201508030311,2015,京都,3,3,11,2015-05-02,https://www.jra.go.jp/datafile/seiseki/report/2015/2015-3kyoto3.pdf,official_daily_result_pdf
201508030312,2015,京都,3,3,12,2015-05-02,https://www.jra.go.jp/datafile/seiseki/report/2015/2015-3kyoto3.pdf,official_daily_result_pdf
201508030401,2015,京都,3,4,1,2015-05-03,https://www.jra.go.jp/datafile/seiseki/report/2015/2015-3kyoto4.pdf,official_daily_result_pdf
201508030402,2015,京都,3,4,2,2015-05-03,https://www.jra.go.jp/datafile/seiseki/report/2015/2015-3kyoto4.pdf,official_daily_result_pdf
201508030403,2015,京都,3,4,3,2015-05-03,https://www.jra.go.jp/datafile/seiseki/report/2015/2015-3kyoto4.pdf,official_daily_result_pdf
201508030404,2015,京都,3,4,4,2015-05-03,https://www.jra.go.jp/datafile/seiseki/report/2015/2015-3kyoto4.pdf,official_daily_result_pdf
201508030405,2015,京都,3,4,5,2015-05-03,https://www.jra.go.jp/datafile/seiseki/report/2015/2015-3kyoto4.pdf,official_daily_result_pdf
201508030406,2015,京都,3,4,6,2015-05-03,https://www.jra.go.jp/datafile/seiseki/report/2015/2015-3kyoto4.pdf,official_daily_result_pdf
201508030407,2015,京都,3,4,7,2015-05-03,https://www.jra.go.jp/datafile/seiseki/report/2015/2015-3kyoto4.pdf,official_daily_result_pdf
201508030408,2015,京都,3,4,8,2015-05-03,https://www.jra.go.jp/datafile/seiseki/report/2015/2015-3kyoto4.pdf,official_daily_result_pdf
201508030409,2015,京都,3,4,9,2015-05-03,https://www.jra.go.jp/datafile/seiseki/report/2015/2015-3kyoto4.pdf,official_daily_result_pdf
201508030410,2015,京都,3,4,10,2015-05-03,https://www.jra.go.jp/datafile/seiseki/report/2015/2015-3kyoto4.pdf,official_daily_result_pdf
201508030411,2015,京都,3,4,11,2015-05-03,https://www.jra.go.jp/datafile/seiseki/report/2015/2015-3kyoto4.pdf,official_daily_result_pdf
201508030412,2015,京都,3,4,12,2015-05-03,https://www.jra.go.jp/datafile/seiseki/report/2015/2015-3kyoto4.pdf,official_daily_result_pdf
201508030501,2015,京都,3,5,1,2015-05-09,https://www.jra.go.jp/datafile/seiseki/report/2015/2015-3kyoto5.pdf,official_daily_result_pdf
201508030502,2015,京都,3,5,2,2015-05-09,https://www.jra.go.jp/datafile/seiseki/report/2015/2015-3kyoto5.pdf,official_daily_result_pdf
201508030503,2015,京都,3,5,3,2015-05-09,https://www.jra.go.jp/datafile/seiseki/report/2015/2015-3kyoto5.pdf,official_daily_result_pdf
201508030504,2015,京都,3,5,4,2015-05-09,https://www.jra.go.jp/datafile/seiseki/report/2015/2015-3kyoto5.pdf,official_daily_result_pdf
201508030505,2015,京都,3,5,5,2015-05-09,https://www.jra.go.jp/datafile/seiseki/report/2015/2015-3kyoto5.pdf,official_daily_result_pdf
201508030506,2015,京都,3,5,6,2015-05-09,https://www.jra.go.jp/datafile/seiseki/report/2015/2015-3kyoto5.pdf,official_daily_result_pdf
201508030507,2015,京都,3,5,7,2015-05-09,https://www.jra.go.jp/datafile/seiseki/report/2015/2015-3kyoto5.pdf,official_daily_result_pdf
201508030508,2015,京都,3,5,8,2015-05-09,https://www.jra.go.jp/datafile/seiseki/report/2015/2015-3kyoto5.pdf,official_daily_result_pdf
201508030509,2015,京都,3,5,9,2015-05-09,https://www.jra.go.jp/datafile/seiseki/report/2015/2015-3kyoto5.pdf,official_daily_result_pdf
201508030510,2015,京都,3,5,10,2015-05-09,https://www.jra.go.jp/datafile/seiseki/report/2015/2015-3kyoto5.pdf,official_daily_result_pdf
201508030511,2015,京都,3,5,11,2015-05-09,https://www.jra.go.jp/datafile/seiseki/report/2015/2015-3kyoto5.pdf,official_daily_result_pdf
201508030512,2015,京都,3,5,12,2015-05-09,https://www.jra.go.jp/datafile/seiseki/report/2015/2015-3kyoto5.pdf,official_daily_result_pdf
201508030601,2015,京都,3,6,1,2015-05-10,https://www.jra.go.jp/datafile/seiseki/report/2015/2015-3kyoto6.pdf,official_daily_result_pdf
201508030602,2015,京都,3,6,2,2015-05-10,https://www.jra.go.jp/datafile/seiseki/report/2015/2015-3kyoto6.pdf,official_daily_result_pdf
201508030603,2015,京都,3,6,3,2015-05-10,https://www.jra.go.jp/datafile/seiseki/report/2015/2015-3kyoto6.pdf,official_daily_result_pdf
201508030604,2015,京都,3,6,4,2015-05-10,https://www.jra.go.jp/datafile/seiseki/report/2015/2015-3kyoto6.pdf,official_daily_result_pdf
201508030605,2015,京都,3,6,5,2015-05-10,https://www.jra.go.jp/datafile/seiseki/report/2015/2015-3kyoto6.pdf,official_daily_result_pdf
201508030606,2015,京都,3,6,6,2015-05-10,https://www.jra.go.jp/datafile/seiseki/report/2015/2015-3kyoto6.pdf,official_daily_result_pdf
201508030607,2015,京都,3,6,7,2015-05-10,https://www.jra.go.jp/datafile/seiseki/report/2015/2015-3kyoto6.pdf,official_daily_result_pdf
201508030608,2015,京都,3,6,8,2015-05-10,https://www.jra.go.jp/datafile/seiseki/report/2015/2015-3kyoto6.pdf,official_daily_result_pdf
201508030609,2015,京都,3,6,9,2015-05-10,https://www.jra.go.jp/datafile/seiseki/report/2015/2015-3kyoto6.pdf,official_daily_result_pdf
201508030610,2015,京都,3,6,10,2015-05-10,https://www.jra.go.jp/datafile/seiseki/report/2015/2015-3kyoto6.pdf,official_daily_result_pdf
201508030611,2015,京都,3,6,11,2015-05-10,https://www.jra.go.jp/datafile/seiseki/report/2015/2015-3kyoto6.pdf,official_daily_result_pdf
201508030612,2015,京都,3,6,12,2015-05-10,https://www.jra.go.jp/datafile/seiseki/report/2015/2015-3kyoto6.pdf,official_daily_result_pdf
201508030701,2015,京都,3,7,1,2015-05-16,https://www.jra.go.jp/datafile/seiseki/report/2015/2015-3kyoto7.pdf,official_daily_result_pdf
201508030702,2015,京都,3,7,2,2015-05-16,https://www.jra.go.jp/datafile/seiseki/report/2015/2015-3kyoto7.pdf,official_daily_result_pdf
201508030703,2015,京都,3,7,3,2015-05-16,https://www.jra.go.jp/datafile/seiseki/report/2015/2015-3kyoto7.pdf,official_daily_result_pdf
201508030704,2015,京都,3,7,4,2015-05-16,https://www.jra.go.jp/datafile/seiseki/report/2015/2015-3kyoto7.pdf,official_daily_result_pdf
201508030705,2015,京都,3,7,5,2015-05-16,https://www.jra.go.jp/datafile/seiseki/report/2015/2015-3kyoto7.pdf,official_daily_result_pdf
201508030706,2015,京都,3,7,6,2015-05-16,https://www.jra.go.jp/datafile/seiseki/report/2015/2015-3kyoto7.pdf,official_daily_result_pdf
201508030707,2015,京都,3,7,7,2015-05-16,https://www.jra.go.jp/datafile/seiseki/report/2015/2015-3kyoto7.pdf,official_daily_result_pdf
201508030708,2015,京都,3,7,8,2015-05-16,https://www.jra.go.jp/datafile/seiseki/report/2015/2015-3kyoto7.pdf,official_daily_result_pdf
201508030709,2015,京都,3,7,9,2015-05-16,https://www.jra.go.jp/datafile/seiseki/report/2015/2015-3kyoto7.pdf,official_daily_result_pdf
201508030710,2015,京都,3,7,10,2015-05-16,https://www.jra.go.jp/datafile/seiseki/report/2015/2015-3kyoto7.pdf,official_daily_result_pdf
201508030711,2015,京都,3,7,11,2015-05-16,https://www.jra.go.jp/datafile/seiseki/report/2015/2015-3kyoto7.pdf,official_daily_result_pdf
201508030712,2015,京都,3,7,12,2015-05-16,https://www.jra.go.jp/datafile/seiseki/report/2015/2015-3kyoto7.pdf,official_daily_result_pdf
201508030801,2015,京都,3,8,1,2015-05-17,https://www.jra.go.jp/datafile/seiseki/report/2015/2015-3kyoto8.pdf,official_daily_result_pdf
201508030802,2015,京都,3,8,2,2015-05-17,https://www.jra.go.jp/datafile/seiseki/report/2015/2015-3kyoto8.pdf,official_daily_result_pdf
201508030803,2015,京都,3,8,3,2015-05-17,https://www.jra.go.jp/datafile/seiseki/report/2015/2015-3kyoto8.pdf,official_daily_result_pdf
201508030804,2015,京都,3,8,4,2015-05-17,https://www.jra.go.jp/datafile/seiseki/report/2015/2015-3kyoto8.pdf,official_daily_result_pdf
201508030805,2015,京都,3,8,5,2015-05-17,https://www.jra.go.jp/datafile/seiseki/report/2015/2015-3kyoto8.pdf,official_daily_result_pdf
201508030806,2015,京都,3,8,6,2015-05-17,https://www.jra.go.jp/datafile/seiseki/report/2015/2015-3kyoto8.pdf,official_daily_result_pdf
201508030807,2015,京都,3,8,7,2015-05-17,https://www.jra.go.jp/datafile/seiseki/report/2015/2015-3kyoto8.pdf,official_daily_result_pdf
201508030808,2015,京都,3,8,8,2015-05-17,https://www.jra.go.jp/datafile/seiseki/report/2015/2015-3kyoto8.pdf,official_daily_result_pdf
201508030809,2015,京都,3,8,9,2015-05-17,https://www.jra.go.jp/datafile/seiseki/report/2015/2015-3kyoto8.pdf,official_daily_result_pdf
201508030810,2015,京都,3,8,10,2015-05-17,https://www.jra.go.jp/datafile/seiseki/report/2015/2015-3kyoto8.pdf,official_daily_result_pdf
201508030811,2015,京都,3,8,11,2015-05-17,https://www.jra.go.jp/datafile/seiseki/report/2015/2015-3kyoto8.pdf,official_daily_result_pdf
201508030812,2015,京都,3,8,12,2015-05-17,https://www.jra.go.jp/datafile/seiseki/report/2015/2015-3kyoto8.pdf,official_daily_result_pdf
201508030901,2015,京都,3,9,1,2015-05-23,https://www.jra.go.jp/datafile/seiseki/report/2015/2015-3kyoto9.pdf,official_daily_result_pdf
201508030902,2015,京都,3,9,2,2015-05-23,https://www.jra.go.jp/datafile/seiseki/report/2015/2015-3kyoto9.pdf,official_daily_result_pdf
201508030903,2015,京都,3,9,3,2015-05-23,https://www.jra.go.jp/datafile/seiseki/report/2015/2015-3kyoto9.pdf,official_daily_result_pdf
201508030904,2015,京都,3,9,4,2015-05-23,https://www.jra.go.jp/datafile/seiseki/report/2015/2015-3kyoto9.pdf,official_daily_result_pdf
201508030905,2015,京都,3,9,5,2015-05-23,https://www.jra.go.jp/datafile/seiseki/report/2015/2015-3kyoto9.pdf,official_daily_result_pdf
201508030906,2015,京都,3,9,6,2015-05-23,https://www.jra.go.jp/datafile/seiseki/report/2015/2015-3kyoto9.pdf,official_daily_result_pdf
201508030907,2015,京都,3,9,7,2015-05-23,https://www.jra.go.jp/datafile/seiseki/report/2015/2015-3kyoto9.pdf,official_daily_result_pdf
201508030908,2015,京都,3,9,8,2015-05-23,https://www.jra.go.jp/datafile/seiseki/report/2015/2015-3kyoto9.pdf,official_daily_result_pdf
201508030909,2015,京都,3,9,9,2015-05-23,https://www.jra.go.jp/datafile/seiseki/report/2015/2015-3kyoto9.pdf,official_daily_result_pdf
201508030910,2015,京都,3,9,10,2015-05-23,https://www.jra.go.jp/datafile/seiseki/report/2015/2015-3kyoto9.pdf,official_daily_result_pdf
201508030911,2015,京都,3,9,11,2015-05-23,https://www.jra.go.jp/datafile/seiseki/report/2015/2015-3kyoto9.pdf,official_daily_result_pdf
201508030912,2015,京都,3,9,12,2015-05-23,https://www.jra.go.jp/datafile/seiseki/report/2015/2015-3kyoto9.pdf,official_daily_result_pdf
201508031001,2015,京都,3,10,1,2015-05-24,https://www.jra.go.jp/datafile/seiseki/report/2015/2015-3kyoto10.pdf,official_daily_result_pdf
201508031002,2015,京都,3,10,2,2015-05-24,https://www.jra.go.jp/datafile/seiseki/report/2015/2015-3kyoto10.pdf,official_daily_result_pdf
201508031003,2015,京都,3,10,3,2015-05-24,https://www.jra.go.jp/datafile/seiseki/report/2015/2015-3kyoto10.pdf,official_daily_result_pdf
201508031004,2015,京都,3,10,4,2015-05-24,https://www.jra.go.jp/datafile/seiseki/report/2015/2015-3kyoto10.pdf,official_daily_result_pdf
201508031005,2015,京都,3,10,5,2015-05-24,https://www.jra.go.jp/datafile/seiseki/report/2015/2015-3kyoto10.pdf,official_daily_result_pdf
201508031006,2015,京都,3,10,6,2015-05-24,https://www.jra.go.jp/datafile/seiseki/report/2015/2015-3kyoto10.pdf,official_daily_result_pdf
201508031007,2015,京都,3,10,7,2015-05-24,https://www.jra.go.jp/datafile/seiseki/report/2015/2015-3kyoto10.pdf,official_daily_result_pdf
201508031008,2015,京都,3,10,8,2015-05-24,https://www.jra.go.jp/datafile/seiseki/report/2015/2015-3kyoto10.pdf,official_daily_result_pdf
201508031009,2015,京都,3,10,9,2015-05-24,https://www.jra.go.jp/datafile/seiseki/report/2015/2015-3kyoto10.pdf,official_daily_result_pdf
201508031010,2015,京都,3,10,10,2015-05-24,https://www.jra.go.jp/datafile/seiseki/report/2015/2015-3kyoto10.pdf,official_daily_result_pdf
201508031011,2015,京都,3,10,11,2015-05-24,https://www.jra.go.jp/datafile/seiseki/report/2015/2015-3kyoto10.pdf,official_daily_result_pdf
201508031012,2015,京都,3,10,12,2015-05-24,https://www.jra.go.jp/datafile/seiseki/report/2015/2015-3kyoto10.pdf,official_daily_result_pdf
201508031101,2015,京都,3,11,1,2015-05-30,https://www.jra.go.jp/datafile/seiseki/report/2015/2015-3kyoto11.pdf,official_daily_result_pdf
201508031102,2015,京都,3,11,2,2015-05-30,https://www.jra.go.jp/datafile/seiseki/report/2015/2015-3kyoto11.pdf,official_daily_result_pdf
201508031103,2015,京都,3,11,3,2015-05-30,https://www.jra.go.jp/datafile/seiseki/report/2015/2015-3kyoto11.pdf,official_daily_result_pdf
201508031104,2015,京都,3,11,4,2015-05-30,https://www.jra.go.jp/datafile/seiseki/report/2015/2015-3kyoto11.pdf,official_daily_result_pdf
201508031105,2015,京都,3,11,5,2015-05-30,https://www.jra.go.jp/datafile/seiseki/report/2015/2015-3kyoto11.pdf,official_daily_result_pdf
201508031106,2015,京都,3,11,6,2015-05-30,https://www.jra.go.jp/datafile/seiseki/report/2015/2015-3kyoto11.pdf,official_daily_result_pdf
201508031107,2015,京都,3,11,7,2015-05-30,https://www.jra.go.jp/datafile/seiseki/report/2015/2015-3kyoto11.pdf,official_daily_result_pdf
201508031108,2015,京都,3,11,8,2015-05-30,https://www.jra.go.jp/datafile/seiseki/report/2015/2015-3kyoto11.pdf,official_daily_result_pdf
201508031109,2015,京都,3,11,9,2015-05-30,https://www.jra.go.jp/datafile/seiseki/report/2015/2015-3kyoto11.pdf,official_daily_result_pdf
201508031110,2015,京都,3,11,10,2015-05-30,https://www.jra.go.jp/datafile/seiseki/report/2015/2015-3kyoto11.pdf,official_daily_result_pdf
201508031111,2015,京都,3,11,11,2015-05-30,https://www.jra.go.jp/datafile/seiseki/report/2015/2015-3kyoto11.pdf,official_daily_result_pdf
201508031112,2015,京都,3,11,12,2015-05-30,https://www.jra.go.jp/datafile/seiseki/report/2015/2015-3kyoto11.pdf,official_daily_result_pdf
201508031201,2015,京都,3,12,1,2015-05-31,https://www.jra.go.jp/datafile/seiseki/report/2015/2015-3kyoto12.pdf,official_daily_result_pdf
201508031202,2015,京都,3,12,2,2015-05-31,https://www.jra.go.jp/datafile/seiseki/report/2015/2015-3kyoto12.pdf,official_daily_result_pdf
201508031203,2015,京都,3,12,3,2015-05-31,https://www.jra.go.jp/datafile/seiseki/report/2015/2015-3kyoto12.pdf,official_daily_result_pdf
201508031204,2015,京都,3,12,4,2015-05-31,https://www.jra.go.jp/datafile/seiseki/report/2015/2015-3kyoto12.pdf,official_daily_result_pdf
201508031205,2015,京都,3,12,5,2015-05-31,https://www.jra.go.jp/datafile/seiseki/report/2015/2015-3kyoto12.pdf,official_daily_result_pdf
201508031206,2015,京都,3,12,6,2015-05-31,https://www.jra.go.jp/datafile/seiseki/report/2015/2015-3kyoto12.pdf,official_daily_result_pdf
201508031207,2015,京都,3,12,7,2015-05-31,https://www.jra.go.jp/datafile/seiseki/report/2015/2015-3kyoto12.pdf,official_daily_result_pdf
201508031208,2015,京都,3,12,8,2015-05-31,https://www.jra.go.jp/datafile/seiseki/report/2015/2015-3kyoto12.pdf,official_daily_result_pdf
201508031209,2015,京都,3,12,9,2015-05-31,https://www.jra.go.jp/datafile/seiseki/report/2015/2015-3kyoto12.pdf,official_daily_result_pdf
201508031210,2015,京都,3,12,10,2015-05-31,https://www.jra.go.jp/datafile/seiseki/report/2015/2015-3kyoto12.pdf,official_daily_result_pdf
201508031211,2015,京都,3,12,11,2015-05-31,https://www.jra.go.jp/datafile/seiseki/report/2015/2015-3kyoto12.pdf,official_daily_result_pdf
201508031212,2015,京都,3,12,12,2015-05-31,https://www.jra.go.jp/datafile/seiseki/report/2015/2015-3kyoto12.pdf,official_daily_result_pdf
201508040101,2015,京都,4,1,1,2015-10-10,https://www.jra.go.jp/datafile/seiseki/report/2015/2015-4kyoto1.pdf,official_daily_result_pdf
201508040102,2015,京都,4,1,2,2015-10-10,https://www.jra.go.jp/datafile/seiseki/report/2015/2015-4kyoto1.pdf,official_daily_result_pdf
201508040103,2015,京都,4,1,3,2015-10-10,https://www.jra.go.jp/datafile/seiseki/report/2015/2015-4kyoto1.pdf,official_daily_result_pdf
201508040104,2015,京都,4,1,4,2015-10-10,https://www.jra.go.jp/datafile/seiseki/report/2015/2015-4kyoto1.pdf,official_daily_result_pdf
201508040105,2015,京都,4,1,5,2015-10-10,https://www.jra.go.jp/datafile/seiseki/report/2015/2015-4kyoto1.pdf,official_daily_result_pdf
201508040106,2015,京都,4,1,6,2015-10-10,https://www.jra.go.jp/datafile/seiseki/report/2015/2015-4kyoto1.pdf,official_daily_result_pdf
201508040107,2015,京都,4,1,7,2015-10-10,https://www.jra.go.jp/datafile/seiseki/report/2015/2015-4kyoto1.pdf,official_daily_result_pdf
201508040108,2015,京都,4,1,8,2015-10-10,https://www.jra.go.jp/datafile/seiseki/report/2015/2015-4kyoto1.pdf,official_daily_result_pdf
201508040109,2015,京都,4,1,9,2015-10-10,https://www.jra.go.jp/datafile/seiseki/report/2015/2015-4kyoto1.pdf,official_daily_result_pdf
201508040110,2015,京都,4,1,10,2015-10-10,https://www.jra.go.jp/datafile/seiseki/report/2015/2015-4kyoto1.pdf,official_daily_result_pdf
201508040111,2015,京都,4,1,11,2015-10-10,https://www.jra.go.jp/datafile/seiseki/report/2015/2015-4kyoto1.pdf,official_daily_result_pdf
201508040112,2015,京都,4,1,12,2015-10-10,https://www.jra.go.jp/datafile/seiseki/report/2015/2015-4kyoto1.pdf,official_daily_result_pdf
201508040201,2015,京都,4,2,1,2015-10-11,https://www.jra.go.jp/datafile/seiseki/report/2015/2015-4kyoto2.pdf,official_daily_result_pdf
201508040202,2015,京都,4,2,2,2015-10-11,https://www.jra.go.jp/datafile/seiseki/report/2015/2015-4kyoto2.pdf,official_daily_result_pdf
201508040203,2015,京都,4,2,3,2015-10-11,https://www.jra.go.jp/datafile/seiseki/report/2015/2015-4kyoto2.pdf,official_daily_result_pdf
201508040204,2015,京都,4,2,4,2015-10-11,https://www.jra.go.jp/datafile/seiseki/report/2015/2015-4kyoto2.pdf,official_daily_result_pdf
201508040205,2015,京都,4,2,5,2015-10-11,https://www.jra.go.jp/datafile/seiseki/report/2015/2015-4kyoto2.pdf,official_daily_result_pdf
201508040206,2015,京都,4,2,6,2015-10-11,https://www.jra.go.jp/datafile/seiseki/report/2015/2015-4kyoto2.pdf,official_daily_result_pdf
201508040207,2015,京都,4,2,7,2015-10-11,https://www.jra.go.jp/datafile/seiseki/report/2015/2015-4kyoto2.pdf,official_daily_result_pdf
201508040208,2015,京都,4,2,8,2015-10-11,https://www.jra.go.jp/datafile/seiseki/report/2015/2015-4kyoto2.pdf,official_daily_result_pdf
201508040209,2015,京都,4,2,9,2015-10-11,https://www.jra.go.jp/datafile/seiseki/report/2015/2015-4kyoto2.pdf,official_daily_result_pdf
201508040210,2015,京都,4,2,10,2015-10-11,https://www.jra.go.jp/datafile/seiseki/report/2015/2015-4kyoto2.pdf,official_daily_result_pdf
201508040211,2015,京都,4,2,11,2015-10-11,https://www.jra.go.jp/datafile/seiseki/report/2015/2015-4kyoto2.pdf,official_daily_result_pdf
201508040212,2015,京都,4,2,12,2015-10-11,https://www.jra.go.jp/datafile/seiseki/report/2015/2015-4kyoto2.pdf,official_daily_result_pdf
201508040301,2015,京都,4,3,1,2015-10-12,https://www.jra.go.jp/datafile/seiseki/report/2015/2015-4kyoto3.pdf,official_daily_result_pdf
201508040302,2015,京都,4,3,2,2015-10-12,https://www.jra.go.jp/datafile/seiseki/report/2015/2015-4kyoto3.pdf,official_daily_result_pdf
201508040303,2015,京都,4,3,3,2015-10-12,https://www.jra.go.jp/datafile/seiseki/report/2015/2015-4kyoto3.pdf,official_daily_result_pdf
201508040304,2015,京都,4,3,4,2015-10-12,https://www.jra.go.jp/datafile/seiseki/report/2015/2015-4kyoto3.pdf,official_daily_result_pdf
201508040305,2015,京都,4,3,5,2015-10-12,https://www.jra.go.jp/datafile/seiseki/report/2015/2015-4kyoto3.pdf,official_daily_result_pdf
201508040306,2015,京都,4,3,6,2015-10-12,https://www.jra.go.jp/datafile/seiseki/report/2015/2015-4kyoto3.pdf,official_daily_result_pdf
201508040307,2015,京都,4,3,7,2015-10-12,https://www.jra.go.jp/datafile/seiseki/report/2015/2015-4kyoto3.pdf,official_daily_result_pdf
201508040308,2015,京都,4,3,8,2015-10-12,https://www.jra.go.jp/datafile/seiseki/report/2015/2015-4kyoto3.pdf,official_daily_result_pdf
201508040309,2015,京都,4,3,9,2015-10-12,https://www.jra.go.jp/datafile/seiseki/report/2015/2015-4kyoto3.pdf,official_daily_result_pdf
201508040310,2015,京都,4,3,10,2015-10-12,https://www.jra.go.jp/datafile/seiseki/report/2015/2015-4kyoto3.pdf,official_daily_result_pdf
201508040311,2015,京都,4,3,11,2015-10-12,https://www.jra.go.jp/datafile/seiseki/report/2015/2015-4kyoto3.pdf,official_daily_result_pdf
201508040312,2015,京都,4,3,12,2015-10-12,https://www.jra.go.jp/datafile/seiseki/report/2015/2015-4kyoto3.pdf,official_daily_result_pdf
201508040401,2015,京都,4,4,1,2015-10-17,https://www.jra.go.jp/datafile/seiseki/report/2015/2015-4kyoto4.pdf,official_daily_result_pdf
201508040402,2015,京都,4,4,2,2015-10-17,https://www.jra.go.jp/datafile/seiseki/report/2015/2015-4kyoto4.pdf,official_daily_result_pdf
201508040403,2015,京都,4,4,3,2015-10-17,https://www.jra.go.jp/datafile/seiseki/report/2015/2015-4kyoto4.pdf,official_daily_result_pdf
201508040404,2015,京都,4,4,4,2015-10-17,https://www.jra.go.jp/datafile/seiseki/report/2015/2015-4kyoto4.pdf,official_daily_result_pdf
201508040405,2015,京都,4,4,5,2015-10-17,https://www.jra.go.jp/datafile/seiseki/report/2015/2015-4kyoto4.pdf,official_daily_result_pdf
201508040406,2015,京都,4,4,6,2015-10-17,https://www.jra.go.jp/datafile/seiseki/report/2015/2015-4kyoto4.pdf,official_daily_result_pdf
201508040407,2015,京都,4,4,7,2015-10-17,https://www.jra.go.jp/datafile/seiseki/report/2015/2015-4kyoto4.pdf,official_daily_result_pdf
201508040408,2015,京都,4,4,8,2015-10-17,https://www.jra.go.jp/datafile/seiseki/report/2015/2015-4kyoto4.pdf,official_daily_result_pdf
201508040409,2015,京都,4,4,9,2015-10-17,https://www.jra.go.jp/datafile/seiseki/report/2015/2015-4kyoto4.pdf,official_daily_result_pdf
201508040410,2015,京都,4,4,10,2015-10-17,https://www.jra.go.jp/datafile/seiseki/report/2015/2015-4kyoto4.pdf,official_daily_result_pdf
201508040411,2015,京都,4,4,11,2015-10-17,https://www.jra.go.jp/datafile/seiseki/report/2015/2015-4kyoto4.pdf,official_daily_result_pdf
201508040412,2015,京都,4,4,12,2015-10-17,https://www.jra.go.jp/datafile/seiseki/report/2015/2015-4kyoto4.pdf,official_daily_result_pdf
201508040501,2015,京都,4,5,1,2015-10-18,https://www.jra.go.jp/datafile/seiseki/report/2015/2015-4kyoto5.pdf,official_daily_result_pdf
201508040502,2015,京都,4,5,2,2015-10-18,https://www.jra.go.jp/datafile/seiseki/report/2015/2015-4kyoto5.pdf,official_daily_result_pdf
201508040503,2015,京都,4,5,3,2015-10-18,https://www.jra.go.jp/datafile/seiseki/report/2015/2015-4kyoto5.pdf,official_daily_result_pdf
201508040504,2015,京都,4,5,4,2015-10-18,https://www.jra.go.jp/datafile/seiseki/report/2015/2015-4kyoto5.pdf,official_daily_result_pdf
201508040505,2015,京都,4,5,5,2015-10-18,https://www.jra.go.jp/datafile/seiseki/report/2015/2015-4kyoto5.pdf,official_daily_result_pdf
201508040506,2015,京都,4,5,6,2015-10-18,https://www.jra.go.jp/datafile/seiseki/report/2015/2015-4kyoto5.pdf,official_daily_result_pdf
201508040507,2015,京都,4,5,7,2015-10-18,https://www.jra.go.jp/datafile/seiseki/report/2015/2015-4kyoto5.pdf,official_daily_result_pdf
201508040508,2015,京都,4,5,8,2015-10-18,https://www.jra.go.jp/datafile/seiseki/report/2015/2015-4kyoto5.pdf,official_daily_result_pdf
201508040509,2015,京都,4,5,9,2015-10-18,https://www.jra.go.jp/datafile/seiseki/report/2015/2015-4kyoto5.pdf,official_daily_result_pdf
201508040510,2015,京都,4,5,10,2015-10-18,https://www.jra.go.jp/datafile/seiseki/report/2015/2015-4kyoto5.pdf,official_daily_result_pdf
201508040511,2015,京都,4,5,11,2015-10-18,https://www.jra.go.jp/datafile/seiseki/report/2015/2015-4kyoto5.pdf,official_daily_result_pdf
201508040512,2015,京都,4,5,12,2015-10-18,https://www.jra.go.jp/datafile/seiseki/report/2015/2015-4kyoto5.pdf,official_daily_result_pdf
201508040601,2015,京都,4,6,1,2015-10-24,https://www.jra.go.jp/datafile/seiseki/report/2015/2015-4kyoto6.pdf,official_daily_result_pdf
201508040602,2015,京都,4,6,2,2015-10-24,https://www.jra.go.jp/datafile/seiseki/report/2015/2015-4kyoto6.pdf,official_daily_result_pdf
201508040603,2015,京都,4,6,3,2015-10-24,https://www.jra.go.jp/datafile/seiseki/report/2015/2015-4kyoto6.pdf,official_daily_result_pdf
201508040604,2015,京都,4,6,4,2015-10-24,https://www.jra.go.jp/datafile/seiseki/report/2015/2015-4kyoto6.pdf,official_daily_result_pdf
201508040605,2015,京都,4,6,5,2015-10-24,https://www.jra.go.jp/datafile/seiseki/report/2015/2015-4kyoto6.pdf,official_daily_result_pdf
201508040606,2015,京都,4,6,6,2015-10-24,https://www.jra.go.jp/datafile/seiseki/report/2015/2015-4kyoto6.pdf,official_daily_result_pdf
201508040607,2015,京都,4,6,7,2015-10-24,https://www.jra.go.jp/datafile/seiseki/report/2015/2015-4kyoto6.pdf,official_daily_result_pdf
201508040608,2015,京都,4,6,8,2015-10-24,https://www.jra.go.jp/datafile/seiseki/report/2015/2015-4kyoto6.pdf,official_daily_result_pdf
201508040609,2015,京都,4,6,9,2015-10-24,https://www.jra.go.jp/datafile/seiseki/report/2015/2015-4kyoto6.pdf,official_daily_result_pdf
201508040610,2015,京都,4,6,10,2015-10-24,https://www.jra.go.jp/datafile/seiseki/report/2015/2015-4kyoto6.pdf,official_daily_result_pdf
201508040611,2015,京都,4,6,11,2015-10-24,https://www.jra.go.jp/datafile/seiseki/report/2015/2015-4kyoto6.pdf,official_daily_result_pdf
201508040612,2015,京都,4,6,12,2015-10-24,https://www.jra.go.jp/datafile/seiseki/report/2015/2015-4kyoto6.pdf,official_daily_result_pdf
201508040701,2015,京都,4,7,1,2015-10-25,https://www.jra.go.jp/datafile/seiseki/report/2015/2015-4kyoto7.pdf,official_daily_result_pdf
201508040702,2015,京都,4,7,2,2015-10-25,https://www.jra.go.jp/datafile/seiseki/report/2015/2015-4kyoto7.pdf,official_daily_result_pdf
201508040703,2015,京都,4,7,3,2015-10-25,https://www.jra.go.jp/datafile/seiseki/report/2015/2015-4kyoto7.pdf,official_daily_result_pdf
201508040704,2015,京都,4,7,4,2015-10-25,https://www.jra.go.jp/datafile/seiseki/report/2015/2015-4kyoto7.pdf,official_daily_result_pdf
201508040705,2015,京都,4,7,5,2015-10-25,https://www.jra.go.jp/datafile/seiseki/report/2015/2015-4kyoto7.pdf,official_daily_result_pdf
201508040706,2015,京都,4,7,6,2015-10-25,https://www.jra.go.jp/datafile/seiseki/report/2015/2015-4kyoto7.pdf,official_daily_result_pdf
201508040707,2015,京都,4,7,7,2015-10-25,https://www.jra.go.jp/datafile/seiseki/report/2015/2015-4kyoto7.pdf,official_daily_result_pdf
201508040708,2015,京都,4,7,8,2015-10-25,https://www.jra.go.jp/datafile/seiseki/report/2015/2015-4kyoto7.pdf,official_daily_result_pdf
201508040709,2015,京都,4,7,9,2015-10-25,https://www.jra.go.jp/datafile/seiseki/report/2015/2015-4kyoto7.pdf,official_daily_result_pdf
201508040710,2015,京都,4,7,10,2015-10-25,https://www.jra.go.jp/datafile/seiseki/report/2015/2015-4kyoto7.pdf,official_daily_result_pdf
201508040711,2015,京都,4,7,11,2015-10-25,https://www.jra.go.jp/datafile/seiseki/report/2015/2015-4kyoto7.pdf,official_daily_result_pdf
201508040712,2015,京都,4,7,12,2015-10-25,https://www.jra.go.jp/datafile/seiseki/report/2015/2015-4kyoto7.pdf,official_daily_result_pdf
201508040801,2015,京都,4,8,1,2015-10-31,https://www.jra.go.jp/datafile/seiseki/report/2015/2015-4kyoto8.pdf,official_daily_result_pdf
201508040802,2015,京都,4,8,2,2015-10-31,https://www.jra.go.jp/datafile/seiseki/report/2015/2015-4kyoto8.pdf,official_daily_result_pdf
201508040803,2015,京都,4,8,3,2015-10-31,https://www.jra.go.jp/datafile/seiseki/report/2015/2015-4kyoto8.pdf,official_daily_result_pdf
201508040804,2015,京都,4,8,4,2015-10-31,https://www.jra.go.jp/datafile/seiseki/report/2015/2015-4kyoto8.pdf,official_daily_result_pdf
201508040805,2015,京都,4,8,5,2015-10-31,https://www.jra.go.jp/datafile/seiseki/report/2015/2015-4kyoto8.pdf,official_daily_result_pdf
201508040806,2015,京都,4,8,6,2015-10-31,https://www.jra.go.jp/datafile/seiseki/report/2015/2015-4kyoto8.pdf,official_daily_result_pdf
201508040807,2015,京都,4,8,7,2015-10-31,https://www.jra.go.jp/datafile/seiseki/report/2015/2015-4kyoto8.pdf,official_daily_result_pdf
201508040808,2015,京都,4,8,8,2015-10-31,https://www.jra.go.jp/datafile/seiseki/report/2015/2015-4kyoto8.pdf,official_daily_result_pdf
201508040809,2015,京都,4,8,9,2015-10-31,https://www.jra.go.jp/datafile/seiseki/report/2015/2015-4kyoto8.pdf,official_daily_result_pdf
201508040810,2015,京都,4,8,10,2015-10-31,https://www.jra.go.jp/datafile/seiseki/report/2015/2015-4kyoto8.pdf,official_daily_result_pdf
201508040811,2015,京都,4,8,11,2015-10-31,https://www.jra.go.jp/datafile/seiseki/report/2015/2015-4kyoto8.pdf,official_daily_result_pdf
201508040812,2015,京都,4,8,12,2015-10-31,https://www.jra.go.jp/datafile/seiseki/report/2015/2015-4kyoto8.pdf,official_daily_result_pdf
201508040901,2015,京都,4,9,1,2015-11-01,https://www.jra.go.jp/datafile/seiseki/report/2015/2015-4kyoto9.pdf,official_daily_result_pdf
201508040902,2015,京都,4,9,2,2015-11-01,https://www.jra.go.jp/datafile/seiseki/report/2015/2015-4kyoto9.pdf,official_daily_result_pdf
201508040903,2015,京都,4,9,3,2015-11-01,https://www.jra.go.jp/datafile/seiseki/report/2015/2015-4kyoto9.pdf,official_daily_result_pdf
201508040904,2015,京都,4,9,4,2015-11-01,https://www.jra.go.jp/datafile/seiseki/report/2015/2015-4kyoto9.pdf,official_daily_result_pdf
201508040905,2015,京都,4,9,5,2015-11-01,https://www.jra.go.jp/datafile/seiseki/report/2015/2015-4kyoto9.pdf,official_daily_result_pdf
201508040906,2015,京都,4,9,6,2015-11-01,https://www.jra.go.jp/datafile/seiseki/report/2015/2015-4kyoto9.pdf,official_daily_result_pdf
201508040907,2015,京都,4,9,7,2015-11-01,https://www.jra.go.jp/datafile/seiseki/report/2015/2015-4kyoto9.pdf,official_daily_result_pdf
201508040908,2015,京都,4,9,8,2015-11-01,https://www.jra.go.jp/datafile/seiseki/report/2015/2015-4kyoto9.pdf,official_daily_result_pdf
201508040909,2015,京都,4,9,9,2015-11-01,https://www.jra.go.jp/datafile/seiseki/report/2015/2015-4kyoto9.pdf,official_daily_result_pdf
201508040910,2015,京都,4,9,10,2015-11-01,https://www.jra.go.jp/datafile/seiseki/report/2015/2015-4kyoto9.pdf,official_daily_result_pdf
201508040911,2015,京都,4,9,11,2015-11-01,https://www.jra.go.jp/datafile/seiseki/report/2015/2015-4kyoto9.pdf,official_daily_result_pdf
201508040912,2015,京都,4,9,12,2015-11-01,https://www.jra.go.jp/datafile/seiseki/report/2015/2015-4kyoto9.pdf,official_daily_result_pdf
201508050101,2015,京都,5,1,1,2015-11-07,https://www.jra.go.jp/datafile/seiseki/report/2015/2015-5kyoto1.pdf,official_daily_result_pdf
201508050102,2015,京都,5,1,2,2015-11-07,https://www.jra.go.jp/datafile/seiseki/report/2015/2015-5kyoto1.pdf,official_daily_result_pdf
201508050103,2015,京都,5,1,3,2015-11-07,https://www.jra.go.jp/datafile/seiseki/report/2015/2015-5kyoto1.pdf,official_daily_result_pdf
201508050104,2015,京都,5,1,4,2015-11-07,https://www.jra.go.jp/datafile/seiseki/report/2015/2015-5kyoto1.pdf,official_daily_result_pdf
201508050105,2015,京都,5,1,5,2015-11-07,https://www.jra.go.jp/datafile/seiseki/report/2015/2015-5kyoto1.pdf,official_daily_result_pdf
201508050106,2015,京都,5,1,6,2015-11-07,https://www.jra.go.jp/datafile/seiseki/report/2015/2015-5kyoto1.pdf,official_daily_result_pdf
201508050107,2015,京都,5,1,7,2015-11-07,https://www.jra.go.jp/datafile/seiseki/report/2015/2015-5kyoto1.pdf,official_daily_result_pdf
201508050108,2015,京都,5,1,8,2015-11-07,https://www.jra.go.jp/datafile/seiseki/report/2015/2015-5kyoto1.pdf,official_daily_result_pdf
201508050109,2015,京都,5,1,9,2015-11-07,https://www.jra.go.jp/datafile/seiseki/report/2015/2015-5kyoto1.pdf,official_daily_result_pdf
201508050110,2015,京都,5,1,10,2015-11-07,https://www.jra.go.jp/datafile/seiseki/report/2015/2015-5kyoto1.pdf,official_daily_result_pdf
201508050111,2015,京都,5,1,11,2015-11-07,https://www.jra.go.jp/datafile/seiseki/report/2015/2015-5kyoto1.pdf,official_daily_result_pdf
201508050112,2015,京都,5,1,12,2015-11-07,https://www.jra.go.jp/datafile/seiseki/report/2015/2015-5kyoto1.pdf,official_daily_result_pdf
201508050201,2015,京都,5,2,1,2015-11-08,https://www.jra.go.jp/datafile/seiseki/report/2015/2015-5kyoto2.pdf,official_daily_result_pdf
201508050202,2015,京都,5,2,2,2015-11-08,https://www.jra.go.jp/datafile/seiseki/report/2015/2015-5kyoto2.pdf,official_daily_result_pdf
201508050203,2015,京都,5,2,3,2015-11-08,https://www.jra.go.jp/datafile/seiseki/report/2015/2015-5kyoto2.pdf,official_daily_result_pdf
201508050204,2015,京都,5,2,4,2015-11-08,https://www.jra.go.jp/datafile/seiseki/report/2015/2015-5kyoto2.pdf,official_daily_result_pdf
201508050205,2015,京都,5,2,5,2015-11-08,https://www.jra.go.jp/datafile/seiseki/report/2015/2015-5kyoto2.pdf,official_daily_result_pdf
201508050206,2015,京都,5,2,6,2015-11-08,https://www.jra.go.jp/datafile/seiseki/report/2015/2015-5kyoto2.pdf,official_daily_result_pdf
201508050207,2015,京都,5,2,7,2015-11-08,https://www.jra.go.jp/datafile/seiseki/report/2015/2015-5kyoto2.pdf,official_daily_result_pdf
201508050208,2015,京都,5,2,8,2015-11-08,https://www.jra.go.jp/datafile/seiseki/report/2015/2015-5kyoto2.pdf,official_daily_result_pdf
201508050209,2015,京都,5,2,9,2015-11-08,https://www.jra.go.jp/datafile/seiseki/report/2015/2015-5kyoto2.pdf,official_daily_result_pdf
201508050210,2015,京都,5,2,10,2015-11-08,https://www.jra.go.jp/datafile/seiseki/report/2015/2015-5kyoto2.pdf,official_daily_result_pdf
201508050211,2015,京都,5,2,11,2015-11-08,https://www.jra.go.jp/datafile/seiseki/report/2015/2015-5kyoto2.pdf,official_daily_result_pdf
201508050212,2015,京都,5,2,12,2015-11-08,https://www.jra.go.jp/datafile/seiseki/report/2015/2015-5kyoto2.pdf,official_daily_result_pdf
201508050301,2015,京都,5,3,1,2015-11-14,https://www.jra.go.jp/datafile/seiseki/report/2015/2015-5kyoto3.pdf,official_daily_result_pdf
201508050302,2015,京都,5,3,2,2015-11-14,https://www.jra.go.jp/datafile/seiseki/report/2015/2015-5kyoto3.pdf,official_daily_result_pdf
201508050303,2015,京都,5,3,3,2015-11-14,https://www.jra.go.jp/datafile/seiseki/report/2015/2015-5kyoto3.pdf,official_daily_result_pdf
201508050304,2015,京都,5,3,4,2015-11-14,https://www.jra.go.jp/datafile/seiseki/report/2015/2015-5kyoto3.pdf,official_daily_result_pdf
201508050305,2015,京都,5,3,5,2015-11-14,https://www.jra.go.jp/datafile/seiseki/report/2015/2015-5kyoto3.pdf,official_daily_result_pdf
201508050306,2015,京都,5,3,6,2015-11-14,https://www.jra.go.jp/datafile/seiseki/report/2015/2015-5kyoto3.pdf,official_daily_result_pdf
201508050307,2015,京都,5,3,7,2015-11-14,https://www.jra.go.jp/datafile/seiseki/report/2015/2015-5kyoto3.pdf,official_daily_result_pdf
201508050308,2015,京都,5,3,8,2015-11-14,https://www.jra.go.jp/datafile/seiseki/report/2015/2015-5kyoto3.pdf,official_daily_result_pdf
201508050309,2015,京都,5,3,9,2015-11-14,https://www.jra.go.jp/datafile/seiseki/report/2015/2015-5kyoto3.pdf,official_daily_result_pdf
201508050310,2015,京都,5,3,10,2015-11-14,https://www.jra.go.jp/datafile/seiseki/report/2015/2015-5kyoto3.pdf,official_daily_result_pdf
201508050311,2015,京都,5,3,11,2015-11-14,https://www.jra.go.jp/datafile/seiseki/report/2015/2015-5kyoto3.pdf,official_daily_result_pdf
201508050312,2015,京都,5,3,12,2015-11-14,https://www.jra.go.jp/datafile/seiseki/report/2015/2015-5kyoto3.pdf,official_daily_result_pdf
201508050401,2015,京都,5,4,1,2015-11-15,https://www.jra.go.jp/datafile/seiseki/report/2015/2015-5kyoto4.pdf,official_daily_result_pdf
201508050402,2015,京都,5,4,2,2015-11-15,https://www.jra.go.jp/datafile/seiseki/report/2015/2015-5kyoto4.pdf,official_daily_result_pdf
201508050403,2015,京都,5,4,3,2015-11-15,https://www.jra.go.jp/datafile/seiseki/report/2015/2015-5kyoto4.pdf,official_daily_result_pdf
201508050404,2015,京都,5,4,4,2015-11-15,https://www.jra.go.jp/datafile/seiseki/report/2015/2015-5kyoto4.pdf,official_daily_result_pdf
201508050405,2015,京都,5,4,5,2015-11-15,https://www.jra.go.jp/datafile/seiseki/report/2015/2015-5kyoto4.pdf,official_daily_result_pdf
201508050406,2015,京都,5,4,6,2015-11-15,https://www.jra.go.jp/datafile/seiseki/report/2015/2015-5kyoto4.pdf,official_daily_result_pdf
201508050407,2015,京都,5,4,7,2015-11-15,https://www.jra.go.jp/datafile/seiseki/report/2015/2015-5kyoto4.pdf,official_daily_result_pdf
201508050408,2015,京都,5,4,8,2015-11-15,https://www.jra.go.jp/datafile/seiseki/report/2015/2015-5kyoto4.pdf,official_daily_result_pdf
201508050409,2015,京都,5,4,9,2015-11-15,https://www.jra.go.jp/datafile/seiseki/report/2015/2015-5kyoto4.pdf,official_daily_result_pdf
201508050410,2015,京都,5,4,10,2015-11-15,https://www.jra.go.jp/datafile/seiseki/report/2015/2015-5kyoto4.pdf,official_daily_result_pdf
201508050411,2015,京都,5,4,11,2015-11-15,https://www.jra.go.jp/datafile/seiseki/report/2015/2015-5kyoto4.pdf,official_daily_result_pdf
201508050412,2015,京都,5,4,12,2015-11-15,https://www.jra.go.jp/datafile/seiseki/report/2015/2015-5kyoto4.pdf,official_daily_result_pdf
201508050501,2015,京都,5,5,1,2015-11-21,https://www.jra.go.jp/datafile/seiseki/report/2015/2015-5kyoto5.pdf,official_daily_result_pdf
201508050502,2015,京都,5,5,2,2015-11-21,https://www.jra.go.jp/datafile/seiseki/report/2015/2015-5kyoto5.pdf,official_daily_result_pdf
201508050503,2015,京都,5,5,3,2015-11-21,https://www.jra.go.jp/datafile/seiseki/report/2015/2015-5kyoto5.pdf,official_daily_result_pdf
201508050504,2015,京都,5,5,4,2015-11-21,https://www.jra.go.jp/datafile/seiseki/report/2015/2015-5kyoto5.pdf,official_daily_result_pdf
201508050505,2015,京都,5,5,5,2015-11-21,https://www.jra.go.jp/datafile/seiseki/report/2015/2015-5kyoto5.pdf,official_daily_result_pdf
201508050506,2015,京都,5,5,6,2015-11-21,https://www.jra.go.jp/datafile/seiseki/report/2015/2015-5kyoto5.pdf,official_daily_result_pdf
201508050507,2015,京都,5,5,7,2015-11-21,https://www.jra.go.jp/datafile/seiseki/report/2015/2015-5kyoto5.pdf,official_daily_result_pdf
201508050508,2015,京都,5,5,8,2015-11-21,https://www.jra.go.jp/datafile/seiseki/report/2015/2015-5kyoto5.pdf,official_daily_result_pdf
201508050509,2015,京都,5,5,9,2015-11-21,https://www.jra.go.jp/datafile/seiseki/report/2015/2015-5kyoto5.pdf,official_daily_result_pdf
201508050510,2015,京都,5,5,10,2015-11-21,https://www.jra.go.jp/datafile/seiseki/report/2015/2015-5kyoto5.pdf,official_daily_result_pdf
201508050511,2015,京都,5,5,11,2015-11-21,https://www.jra.go.jp/datafile/seiseki/report/2015/2015-5kyoto5.pdf,official_daily_result_pdf
201508050512,2015,京都,5,5,12,2015-11-21,https://www.jra.go.jp/datafile/seiseki/report/2015/2015-5kyoto5.pdf,official_daily_result_pdf
201508050601,2015,京都,5,6,1,2015-11-22,https://www.jra.go.jp/datafile/seiseki/report/2015/2015-5kyoto6.pdf,official_daily_result_pdf
201508050602,2015,京都,5,6,2,2015-11-22,https://www.jra.go.jp/datafile/seiseki/report/2015/2015-5kyoto6.pdf,official_daily_result_pdf
201508050603,2015,京都,5,6,3,2015-11-22,https://www.jra.go.jp/datafile/seiseki/report/2015/2015-5kyoto6.pdf,official_daily_result_pdf
201508050604,2015,京都,5,6,4,2015-11-22,https://www.jra.go.jp/datafile/seiseki/report/2015/2015-5kyoto6.pdf,official_daily_result_pdf
201508050605,2015,京都,5,6,5,2015-11-22,https://www.jra.go.jp/datafile/seiseki/report/2015/2015-5kyoto6.pdf,official_daily_result_pdf
201508050606,2015,京都,5,6,6,2015-11-22,https://www.jra.go.jp/datafile/seiseki/report/2015/2015-5kyoto6.pdf,official_daily_result_pdf
201508050607,2015,京都,5,6,7,2015-11-22,https://www.jra.go.jp/datafile/seiseki/report/2015/2015-5kyoto6.pdf,official_daily_result_pdf
201508050608,2015,京都,5,6,8,2015-11-22,https://www.jra.go.jp/datafile/seiseki/report/2015/2015-5kyoto6.pdf,official_daily_result_pdf
201508050609,2015,京都,5,6,9,2015-11-22,https://www.jra.go.jp/datafile/seiseki/report/2015/2015-5kyoto6.pdf,official_daily_result_pdf
201508050610,2015,京都,5,6,10,2015-11-22,https://www.jra.go.jp/datafile/seiseki/report/2015/2015-5kyoto6.pdf,official_daily_result_pdf
201508050611,2015,京都,5,6,11,2015-11-22,https://www.jra.go.jp/datafile/seiseki/report/2015/2015-5kyoto6.pdf,official_daily_result_pdf
201508050612,2015,京都,5,6,12,2015-11-22,https://www.jra.go.jp/datafile/seiseki/report/2015/2015-5kyoto6.pdf,official_daily_result_pdf
201508050701,2015,京都,5,7,1,2015-11-23,https://www.jra.go.jp/datafile/seiseki/report/2015/2015-5kyoto7.pdf,official_daily_result_pdf
201508050702,2015,京都,5,7,2,2015-11-23,https://www.jra.go.jp/datafile/seiseki/report/2015/2015-5kyoto7.pdf,official_daily_result_pdf
201508050703,2015,京都,5,7,3,2015-11-23,https://www.jra.go.jp/datafile/seiseki/report/2015/2015-5kyoto7.pdf,official_daily_result_pdf
201508050704,2015,京都,5,7,4,2015-11-23,https://www.jra.go.jp/datafile/seiseki/report/2015/2015-5kyoto7.pdf,official_daily_result_pdf
201508050705,2015,京都,5,7,5,2015-11-23,https://www.jra.go.jp/datafile/seiseki/report/2015/2015-5kyoto7.pdf,official_daily_result_pdf
201508050706,2015,京都,5,7,6,2015-11-23,https://www.jra.go.jp/datafile/seiseki/report/2015/2015-5kyoto7.pdf,official_daily_result_pdf
201508050707,2015,京都,5,7,7,2015-11-23,https://www.jra.go.jp/datafile/seiseki/report/2015/2015-5kyoto7.pdf,official_daily_result_pdf
201508050708,2015,京都,5,7,8,2015-11-23,https://www.jra.go.jp/datafile/seiseki/report/2015/2015-5kyoto7.pdf,official_daily_result_pdf
201508050709,2015,京都,5,7,9,2015-11-23,https://www.jra.go.jp/datafile/seiseki/report/2015/2015-5kyoto7.pdf,official_daily_result_pdf
201508050710,2015,京都,5,7,10,2015-11-23,https://www.jra.go.jp/datafile/seiseki/report/2015/2015-5kyoto7.pdf,official_daily_result_pdf
201508050711,2015,京都,5,7,11,2015-11-23,https://www.jra.go.jp/datafile/seiseki/report/2015/2015-5kyoto7.pdf,official_daily_result_pdf
201508050712,2015,京都,5,7,12,2015-11-23,https://www.jra.go.jp/datafile/seiseki/report/2015/2015-5kyoto7.pdf,official_daily_result_pdf
201508050801,2015,京都,5,8,1,2015-11-28,https://www.jra.go.jp/datafile/seiseki/report/2015/2015-5kyoto8.pdf,official_daily_result_pdf
201508050802,2015,京都,5,8,2,2015-11-28,https://www.jra.go.jp/datafile/seiseki/report/2015/2015-5kyoto8.pdf,official_daily_result_pdf
201508050803,2015,京都,5,8,3,2015-11-28,https://www.jra.go.jp/datafile/seiseki/report/2015/2015-5kyoto8.pdf,official_daily_result_pdf
201508050804,2015,京都,5,8,4,2015-11-28,https://www.jra.go.jp/datafile/seiseki/report/2015/2015-5kyoto8.pdf,official_daily_result_pdf
201508050805,2015,京都,5,8,5,2015-11-28,https://www.jra.go.jp/datafile/seiseki/report/2015/2015-5kyoto8.pdf,official_daily_result_pdf
201508050806,2015,京都,5,8,6,2015-11-28,https://www.jra.go.jp/datafile/seiseki/report/2015/2015-5kyoto8.pdf,official_daily_result_pdf
201508050807,2015,京都,5,8,7,2015-11-28,https://www.jra.go.jp/datafile/seiseki/report/2015/2015-5kyoto8.pdf,official_daily_result_pdf
201508050808,2015,京都,5,8,8,2015-11-28,https://www.jra.go.jp/datafile/seiseki/report/2015/2015-5kyoto8.pdf,official_daily_result_pdf
201508050809,2015,京都,5,8,9,2015-11-28,https://www.jra.go.jp/datafile/seiseki/report/2015/2015-5kyoto8.pdf,official_daily_result_pdf
201508050810,2015,京都,5,8,10,2015-11-28,https://www.jra.go.jp/datafile/seiseki/report/2015/2015-5kyoto8.pdf,official_daily_result_pdf
201508050811,2015,京都,5,8,11,2015-11-28,https://www.jra.go.jp/datafile/seiseki/report/2015/2015-5kyoto8.pdf,official_daily_result_pdf
201508050812,2015,京都,5,8,12,2015-11-28,https://www.jra.go.jp/datafile/seiseki/report/2015/2015-5kyoto8.pdf,official_daily_result_pdf
201508050901,2015,京都,5,9,1,2015-11-29,https://www.jra.go.jp/datafile/seiseki/report/2015/2015-5kyoto9.pdf,official_daily_result_pdf
201508050902,2015,京都,5,9,2,2015-11-29,https://www.jra.go.jp/datafile/seiseki/report/2015/2015-5kyoto9.pdf,official_daily_result_pdf
201508050903,2015,京都,5,9,3,2015-11-29,https://www.jra.go.jp/datafile/seiseki/report/2015/2015-5kyoto9.pdf,official_daily_result_pdf
201508050904,2015,京都,5,9,4,2015-11-29,https://www.jra.go.jp/datafile/seiseki/report/2015/2015-5kyoto9.pdf,official_daily_result_pdf
201508050905,2015,京都,5,9,5,2015-11-29,https://www.jra.go.jp/datafile/seiseki/report/2015/2015-5kyoto9.pdf,official_daily_result_pdf
201508050906,2015,京都,5,9,6,2015-11-29,https://www.jra.go.jp/datafile/seiseki/report/2015/2015-5kyoto9.pdf,official_daily_result_pdf
201508050907,2015,京都,5,9,7,2015-11-29,https://www.jra.go.jp/datafile/seiseki/report/2015/2015-5kyoto9.pdf,official_daily_result_pdf
201508050908,2015,京都,5,9,8,2015-11-29,https://www.jra.go.jp/datafile/seiseki/report/2015/2015-5kyoto9.pdf,official_daily_result_pdf
201508050909,2015,京都,5,9,9,2015-11-29,https://www.jra.go.jp/datafile/seiseki/report/2015/2015-5kyoto9.pdf,official_daily_result_pdf
201508050910,2015,京都,5,9,10,2015-11-29,https://www.jra.go.jp/datafile/seiseki/report/2015/2015-5kyoto9.pdf,official_daily_result_pdf
201508050911,2015,京都,5,9,11,2015-11-29,https://www.jra.go.jp/datafile/seiseki/report/2015/2015-5kyoto9.pdf,official_daily_result_pdf
201508050912,2015,京都,5,9,12,2015-11-29,https://www.jra.go.jp/datafile/seiseki/report/2015/2015-5kyoto9.pdf,official_daily_result_pdf
201509010101,2015,阪神,1,1,1,2015-02-28,https://www.jra.go.jp/datafile/seiseki/report/2015/2015-1hanshin1.pdf,official_daily_result_pdf
201509010102,2015,阪神,1,1,2,2015-02-28,https://www.jra.go.jp/datafile/seiseki/report/2015/2015-1hanshin1.pdf,official_daily_result_pdf
201509010103,2015,阪神,1,1,3,2015-02-28,https://www.jra.go.jp/datafile/seiseki/report/2015/2015-1hanshin1.pdf,official_daily_result_pdf
201509010104,2015,阪神,1,1,4,2015-02-28,https://www.jra.go.jp/datafile/seiseki/report/2015/2015-1hanshin1.pdf,official_daily_result_pdf
201509010105,2015,阪神,1,1,5,2015-02-28,https://www.jra.go.jp/datafile/seiseki/report/2015/2015-1hanshin1.pdf,official_daily_result_pdf
201509010106,2015,阪神,1,1,6,2015-02-28,https://www.jra.go.jp/datafile/seiseki/report/2015/2015-1hanshin1.pdf,official_daily_result_pdf
201509010107,2015,阪神,1,1,7,2015-02-28,https://www.jra.go.jp/datafile/seiseki/report/2015/2015-1hanshin1.pdf,official_daily_result_pdf
201509010108,2015,阪神,1,1,8,2015-02-28,https://www.jra.go.jp/datafile/seiseki/report/2015/2015-1hanshin1.pdf,official_daily_result_pdf
201509010109,2015,阪神,1,1,9,2015-02-28,https://www.jra.go.jp/datafile/seiseki/report/2015/2015-1hanshin1.pdf,official_daily_result_pdf
201509010110,2015,阪神,1,1,10,2015-02-28,https://www.jra.go.jp/datafile/seiseki/report/2015/2015-1hanshin1.pdf,official_daily_result_pdf
201509010111,2015,阪神,1,1,11,2015-02-28,https://www.jra.go.jp/datafile/seiseki/report/2015/2015-1hanshin1.pdf,official_daily_result_pdf
201509010112,2015,阪神,1,1,12,2015-02-28,https://www.jra.go.jp/datafile/seiseki/report/2015/2015-1hanshin1.pdf,official_daily_result_pdf
201509010201,2015,阪神,1,2,1,2015-03-01,https://www.jra.go.jp/datafile/seiseki/report/2015/2015-1hanshin2.pdf,official_daily_result_pdf
201509010202,2015,阪神,1,2,2,2015-03-01,https://www.jra.go.jp/datafile/seiseki/report/2015/2015-1hanshin2.pdf,official_daily_result_pdf
201509010203,2015,阪神,1,2,3,2015-03-01,https://www.jra.go.jp/datafile/seiseki/report/2015/2015-1hanshin2.pdf,official_daily_result_pdf
201509010204,2015,阪神,1,2,4,2015-03-01,https://www.jra.go.jp/datafile/seiseki/report/2015/2015-1hanshin2.pdf,official_daily_result_pdf
201509010205,2015,阪神,1,2,5,2015-03-01,https://www.jra.go.jp/datafile/seiseki/report/2015/2015-1hanshin2.pdf,official_daily_result_pdf
201509010206,2015,阪神,1,2,6,2015-03-01,https://www.jra.go.jp/datafile/seiseki/report/2015/2015-1hanshin2.pdf,official_daily_result_pdf
201509010207,2015,阪神,1,2,7,2015-03-01,https://www.jra.go.jp/datafile/seiseki/report/2015/2015-1hanshin2.pdf,official_daily_result_pdf
201509010208,2015,阪神,1,2,8,2015-03-01,https://www.jra.go.jp/datafile/seiseki/report/2015/2015-1hanshin2.pdf,official_daily_result_pdf
201509010209,2015,阪神,1,2,9,2015-03-01,https://www.jra.go.jp/datafile/seiseki/report/2015/2015-1hanshin2.pdf,official_daily_result_pdf
201509010210,2015,阪神,1,2,10,2015-03-01,https://www.jra.go.jp/datafile/seiseki/report/2015/2015-1hanshin2.pdf,official_daily_result_pdf
201509010211,2015,阪神,1,2,11,2015-03-01,https://www.jra.go.jp/datafile/seiseki/report/2015/2015-1hanshin2.pdf,official_daily_result_pdf
201509010212,2015,阪神,1,2,12,2015-03-01,https://www.jra.go.jp/datafile/seiseki/report/2015/2015-1hanshin2.pdf,official_daily_result_pdf
201509010301,2015,阪神,1,3,1,2015-03-07,https://www.jra.go.jp/datafile/seiseki/report/2015/2015-1hanshin3.pdf,official_daily_result_pdf
201509010302,2015,阪神,1,3,2,2015-03-07,https://www.jra.go.jp/datafile/seiseki/report/2015/2015-1hanshin3.pdf,official_daily_result_pdf
201509010303,2015,阪神,1,3,3,2015-03-07,https://www.jra.go.jp/datafile/seiseki/report/2015/2015-1hanshin3.pdf,official_daily_result_pdf
201509010304,2015,阪神,1,3,4,2015-03-07,https://www.jra.go.jp/datafile/seiseki/report/2015/2015-1hanshin3.pdf,official_daily_result_pdf
201509010305,2015,阪神,1,3,5,2015-03-07,https://www.jra.go.jp/datafile/seiseki/report/2015/2015-1hanshin3.pdf,official_daily_result_pdf
201509010306,2015,阪神,1,3,6,2015-03-07,https://www.jra.go.jp/datafile/seiseki/report/2015/2015-1hanshin3.pdf,official_daily_result_pdf
201509010307,2015,阪神,1,3,7,2015-03-07,https://www.jra.go.jp/datafile/seiseki/report/2015/2015-1hanshin3.pdf,official_daily_result_pdf
201509010308,2015,阪神,1,3,8,2015-03-07,https://www.jra.go.jp/datafile/seiseki/report/2015/2015-1hanshin3.pdf,official_daily_result_pdf
201509010309,2015,阪神,1,3,9,2015-03-07,https://www.jra.go.jp/datafile/seiseki/report/2015/2015-1hanshin3.pdf,official_daily_result_pdf
201509010310,2015,阪神,1,3,10,2015-03-07,https://www.jra.go.jp/datafile/seiseki/report/2015/2015-1hanshin3.pdf,official_daily_result_pdf
201509010311,2015,阪神,1,3,11,2015-03-07,https://www.jra.go.jp/datafile/seiseki/report/2015/2015-1hanshin3.pdf,official_daily_result_pdf
201509010312,2015,阪神,1,3,12,2015-03-07,https://www.jra.go.jp/datafile/seiseki/report/2015/2015-1hanshin3.pdf,official_daily_result_pdf
201509010401,2015,阪神,1,4,1,2015-03-08,https://www.jra.go.jp/datafile/seiseki/report/2015/2015-1hanshin4.pdf,official_daily_result_pdf
201509010402,2015,阪神,1,4,2,2015-03-08,https://www.jra.go.jp/datafile/seiseki/report/2015/2015-1hanshin4.pdf,official_daily_result_pdf
201509010403,2015,阪神,1,4,3,2015-03-08,https://www.jra.go.jp/datafile/seiseki/report/2015/2015-1hanshin4.pdf,official_daily_result_pdf
201509010404,2015,阪神,1,4,4,2015-03-08,https://www.jra.go.jp/datafile/seiseki/report/2015/2015-1hanshin4.pdf,official_daily_result_pdf
201509010405,2015,阪神,1,4,5,2015-03-08,https://www.jra.go.jp/datafile/seiseki/report/2015/2015-1hanshin4.pdf,official_daily_result_pdf
201509010406,2015,阪神,1,4,6,2015-03-08,https://www.jra.go.jp/datafile/seiseki/report/2015/2015-1hanshin4.pdf,official_daily_result_pdf
201509010407,2015,阪神,1,4,7,2015-03-08,https://www.jra.go.jp/datafile/seiseki/report/2015/2015-1hanshin4.pdf,official_daily_result_pdf
201509010408,2015,阪神,1,4,8,2015-03-08,https://www.jra.go.jp/datafile/seiseki/report/2015/2015-1hanshin4.pdf,official_daily_result_pdf
201509010409,2015,阪神,1,4,9,2015-03-08,https://www.jra.go.jp/datafile/seiseki/report/2015/2015-1hanshin4.pdf,official_daily_result_pdf
201509010410,2015,阪神,1,4,10,2015-03-08,https://www.jra.go.jp/datafile/seiseki/report/2015/2015-1hanshin4.pdf,official_daily_result_pdf
201509010411,2015,阪神,1,4,11,2015-03-08,https://www.jra.go.jp/datafile/seiseki/report/2015/2015-1hanshin4.pdf,official_daily_result_pdf
201509010412,2015,阪神,1,4,12,2015-03-08,https://www.jra.go.jp/datafile/seiseki/report/2015/2015-1hanshin4.pdf,official_daily_result_pdf
201509010501,2015,阪神,1,5,1,2015-03-14,https://www.jra.go.jp/datafile/seiseki/report/2015/2015-1hanshin5.pdf,official_daily_result_pdf
201509010502,2015,阪神,1,5,2,2015-03-14,https://www.jra.go.jp/datafile/seiseki/report/2015/2015-1hanshin5.pdf,official_daily_result_pdf
201509010503,2015,阪神,1,5,3,2015-03-14,https://www.jra.go.jp/datafile/seiseki/report/2015/2015-1hanshin5.pdf,official_daily_result_pdf
201509010504,2015,阪神,1,5,4,2015-03-14,https://www.jra.go.jp/datafile/seiseki/report/2015/2015-1hanshin5.pdf,official_daily_result_pdf
201509010505,2015,阪神,1,5,5,2015-03-14,https://www.jra.go.jp/datafile/seiseki/report/2015/2015-1hanshin5.pdf,official_daily_result_pdf
201509010506,2015,阪神,1,5,6,2015-03-14,https://www.jra.go.jp/datafile/seiseki/report/2015/2015-1hanshin5.pdf,official_daily_result_pdf
201509010507,2015,阪神,1,5,7,2015-03-14,https://www.jra.go.jp/datafile/seiseki/report/2015/2015-1hanshin5.pdf,official_daily_result_pdf
201509010508,2015,阪神,1,5,8,2015-03-14,https://www.jra.go.jp/datafile/seiseki/report/2015/2015-1hanshin5.pdf,official_daily_result_pdf
201509010509,2015,阪神,1,5,9,2015-03-14,https://www.jra.go.jp/datafile/seiseki/report/2015/2015-1hanshin5.pdf,official_daily_result_pdf
201509010510,2015,阪神,1,5,10,2015-03-14,https://www.jra.go.jp/datafile/seiseki/report/2015/2015-1hanshin5.pdf,official_daily_result_pdf
201509010511,2015,阪神,1,5,11,2015-03-14,https://www.jra.go.jp/datafile/seiseki/report/2015/2015-1hanshin5.pdf,official_daily_result_pdf
201509010512,2015,阪神,1,5,12,2015-03-14,https://www.jra.go.jp/datafile/seiseki/report/2015/2015-1hanshin5.pdf,official_daily_result_pdf
201509010601,2015,阪神,1,6,1,2015-03-15,https://www.jra.go.jp/datafile/seiseki/report/2015/2015-1hanshin6.pdf,official_daily_result_pdf
201509010602,2015,阪神,1,6,2,2015-03-15,https://www.jra.go.jp/datafile/seiseki/report/2015/2015-1hanshin6.pdf,official_daily_result_pdf
201509010603,2015,阪神,1,6,3,2015-03-15,https://www.jra.go.jp/datafile/seiseki/report/2015/2015-1hanshin6.pdf,official_daily_result_pdf
201509010604,2015,阪神,1,6,4,2015-03-15,https://www.jra.go.jp/datafile/seiseki/report/2015/2015-1hanshin6.pdf,official_daily_result_pdf
201509010605,2015,阪神,1,6,5,2015-03-15,https://www.jra.go.jp/datafile/seiseki/report/2015/2015-1hanshin6.pdf,official_daily_result_pdf
201509010606,2015,阪神,1,6,6,2015-03-15,https://www.jra.go.jp/datafile/seiseki/report/2015/2015-1hanshin6.pdf,official_daily_result_pdf
201509010607,2015,阪神,1,6,7,2015-03-15,https://www.jra.go.jp/datafile/seiseki/report/2015/2015-1hanshin6.pdf,official_daily_result_pdf
201509010608,2015,阪神,1,6,8,2015-03-15,https://www.jra.go.jp/datafile/seiseki/report/2015/2015-1hanshin6.pdf,official_daily_result_pdf
201509010609,2015,阪神,1,6,9,2015-03-15,https://www.jra.go.jp/datafile/seiseki/report/2015/2015-1hanshin6.pdf,official_daily_result_pdf
201509010610,2015,阪神,1,6,10,2015-03-15,https://www.jra.go.jp/datafile/seiseki/report/2015/2015-1hanshin6.pdf,official_daily_result_pdf
201509010611,2015,阪神,1,6,11,2015-03-15,https://www.jra.go.jp/datafile/seiseki/report/2015/2015-1hanshin6.pdf,official_daily_result_pdf
201509010612,2015,阪神,1,6,12,2015-03-15,https://www.jra.go.jp/datafile/seiseki/report/2015/2015-1hanshin6.pdf,official_daily_result_pdf
201509010701,2015,阪神,1,7,1,2015-03-21,https://www.jra.go.jp/datafile/seiseki/report/2015/2015-1hanshin7.pdf,official_daily_result_pdf
201509010702,2015,阪神,1,7,2,2015-03-21,https://www.jra.go.jp/datafile/seiseki/report/2015/2015-1hanshin7.pdf,official_daily_result_pdf
201509010703,2015,阪神,1,7,3,2015-03-21,https://www.jra.go.jp/datafile/seiseki/report/2015/2015-1hanshin7.pdf,official_daily_result_pdf
201509010704,2015,阪神,1,7,4,2015-03-21,https://www.jra.go.jp/datafile/seiseki/report/2015/2015-1hanshin7.pdf,official_daily_result_pdf
201509010705,2015,阪神,1,7,5,2015-03-21,https://www.jra.go.jp/datafile/seiseki/report/2015/2015-1hanshin7.pdf,official_daily_result_pdf
201509010706,2015,阪神,1,7,6,2015-03-21,https://www.jra.go.jp/datafile/seiseki/report/2015/2015-1hanshin7.pdf,official_daily_result_pdf
201509010707,2015,阪神,1,7,7,2015-03-21,https://www.jra.go.jp/datafile/seiseki/report/2015/2015-1hanshin7.pdf,official_daily_result_pdf
201509010708,2015,阪神,1,7,8,2015-03-21,https://www.jra.go.jp/datafile/seiseki/report/2015/2015-1hanshin7.pdf,official_daily_result_pdf
201509010709,2015,阪神,1,7,9,2015-03-21,https://www.jra.go.jp/datafile/seiseki/report/2015/2015-1hanshin7.pdf,official_daily_result_pdf
201509010710,2015,阪神,1,7,10,2015-03-21,https://www.jra.go.jp/datafile/seiseki/report/2015/2015-1hanshin7.pdf,official_daily_result_pdf
201509010711,2015,阪神,1,7,11,2015-03-21,https://www.jra.go.jp/datafile/seiseki/report/2015/2015-1hanshin7.pdf,official_daily_result_pdf
201509010712,2015,阪神,1,7,12,2015-03-21,https://www.jra.go.jp/datafile/seiseki/report/2015/2015-1hanshin7.pdf,official_daily_result_pdf
201509010801,2015,阪神,1,8,1,2015-03-22,https://www.jra.go.jp/datafile/seiseki/report/2015/2015-1hanshin8.pdf,official_daily_result_pdf
201509010802,2015,阪神,1,8,2,2015-03-22,https://www.jra.go.jp/datafile/seiseki/report/2015/2015-1hanshin8.pdf,official_daily_result_pdf
201509010803,2015,阪神,1,8,3,2015-03-22,https://www.jra.go.jp/datafile/seiseki/report/2015/2015-1hanshin8.pdf,official_daily_result_pdf
201509010804,2015,阪神,1,8,4,2015-03-22,https://www.jra.go.jp/datafile/seiseki/report/2015/2015-1hanshin8.pdf,official_daily_result_pdf
201509010805,2015,阪神,1,8,5,2015-03-22,https://www.jra.go.jp/datafile/seiseki/report/2015/2015-1hanshin8.pdf,official_daily_result_pdf
201509010806,2015,阪神,1,8,6,2015-03-22,https://www.jra.go.jp/datafile/seiseki/report/2015/2015-1hanshin8.pdf,official_daily_result_pdf
201509010807,2015,阪神,1,8,7,2015-03-22,https://www.jra.go.jp/datafile/seiseki/report/2015/2015-1hanshin8.pdf,official_daily_result_pdf
201509010808,2015,阪神,1,8,8,2015-03-22,https://www.jra.go.jp/datafile/seiseki/report/2015/2015-1hanshin8.pdf,official_daily_result_pdf
201509010809,2015,阪神,1,8,9,2015-03-22,https://www.jra.go.jp/datafile/seiseki/report/2015/2015-1hanshin8.pdf,official_daily_result_pdf
201509010810,2015,阪神,1,8,10,2015-03-22,https://www.jra.go.jp/datafile/seiseki/report/2015/2015-1hanshin8.pdf,official_daily_result_pdf
201509010811,2015,阪神,1,8,11,2015-03-22,https://www.jra.go.jp/datafile/seiseki/report/2015/2015-1hanshin8.pdf,official_daily_result_pdf
201509010812,2015,阪神,1,8,12,2015-03-22,https://www.jra.go.jp/datafile/seiseki/report/2015/2015-1hanshin8.pdf,official_daily_result_pdf
201509020101,2015,阪神,2,1,1,2015-03-28,https://www.jra.go.jp/datafile/seiseki/report/2015/2015-2hanshin1.pdf,official_daily_result_pdf
201509020102,2015,阪神,2,1,2,2015-03-28,https://www.jra.go.jp/datafile/seiseki/report/2015/2015-2hanshin1.pdf,official_daily_result_pdf
201509020103,2015,阪神,2,1,3,2015-03-28,https://www.jra.go.jp/datafile/seiseki/report/2015/2015-2hanshin1.pdf,official_daily_result_pdf
201509020104,2015,阪神,2,1,4,2015-03-28,https://www.jra.go.jp/datafile/seiseki/report/2015/2015-2hanshin1.pdf,official_daily_result_pdf
201509020105,2015,阪神,2,1,5,2015-03-28,https://www.jra.go.jp/datafile/seiseki/report/2015/2015-2hanshin1.pdf,official_daily_result_pdf
201509020106,2015,阪神,2,1,6,2015-03-28,https://www.jra.go.jp/datafile/seiseki/report/2015/2015-2hanshin1.pdf,official_daily_result_pdf
201509020107,2015,阪神,2,1,7,2015-03-28,https://www.jra.go.jp/datafile/seiseki/report/2015/2015-2hanshin1.pdf,official_daily_result_pdf
201509020108,2015,阪神,2,1,8,2015-03-28,https://www.jra.go.jp/datafile/seiseki/report/2015/2015-2hanshin1.pdf,official_daily_result_pdf
201509020109,2015,阪神,2,1,9,2015-03-28,https://www.jra.go.jp/datafile/seiseki/report/2015/2015-2hanshin1.pdf,official_daily_result_pdf
201509020110,2015,阪神,2,1,10,2015-03-28,https://www.jra.go.jp/datafile/seiseki/report/2015/2015-2hanshin1.pdf,official_daily_result_pdf
201509020111,2015,阪神,2,1,11,2015-03-28,https://www.jra.go.jp/datafile/seiseki/report/2015/2015-2hanshin1.pdf,official_daily_result_pdf
201509020112,2015,阪神,2,1,12,2015-03-28,https://www.jra.go.jp/datafile/seiseki/report/2015/2015-2hanshin1.pdf,official_daily_result_pdf
201509020201,2015,阪神,2,2,1,2015-03-29,https://www.jra.go.jp/datafile/seiseki/report/2015/2015-2hanshin2.pdf,official_daily_result_pdf
201509020202,2015,阪神,2,2,2,2015-03-29,https://www.jra.go.jp/datafile/seiseki/report/2015/2015-2hanshin2.pdf,official_daily_result_pdf
201509020203,2015,阪神,2,2,3,2015-03-29,https://www.jra.go.jp/datafile/seiseki/report/2015/2015-2hanshin2.pdf,official_daily_result_pdf
201509020204,2015,阪神,2,2,4,2015-03-29,https://www.jra.go.jp/datafile/seiseki/report/2015/2015-2hanshin2.pdf,official_daily_result_pdf
201509020205,2015,阪神,2,2,5,2015-03-29,https://www.jra.go.jp/datafile/seiseki/report/2015/2015-2hanshin2.pdf,official_daily_result_pdf
201509020206,2015,阪神,2,2,6,2015-03-29,https://www.jra.go.jp/datafile/seiseki/report/2015/2015-2hanshin2.pdf,official_daily_result_pdf
201509020207,2015,阪神,2,2,7,2015-03-29,https://www.jra.go.jp/datafile/seiseki/report/2015/2015-2hanshin2.pdf,official_daily_result_pdf
201509020208,2015,阪神,2,2,8,2015-03-29,https://www.jra.go.jp/datafile/seiseki/report/2015/2015-2hanshin2.pdf,official_daily_result_pdf
201509020209,2015,阪神,2,2,9,2015-03-29,https://www.jra.go.jp/datafile/seiseki/report/2015/2015-2hanshin2.pdf,official_daily_result_pdf
201509020210,2015,阪神,2,2,10,2015-03-29,https://www.jra.go.jp/datafile/seiseki/report/2015/2015-2hanshin2.pdf,official_daily_result_pdf
201509020211,2015,阪神,2,2,11,2015-03-29,https://www.jra.go.jp/datafile/seiseki/report/2015/2015-2hanshin2.pdf,official_daily_result_pdf
201509020212,2015,阪神,2,2,12,2015-03-29,https://www.jra.go.jp/datafile/seiseki/report/2015/2015-2hanshin2.pdf,official_daily_result_pdf
201509020301,2015,阪神,2,3,1,2015-04-04,https://www.jra.go.jp/datafile/seiseki/report/2015/2015-2hanshin3.pdf,official_daily_result_pdf
201509020302,2015,阪神,2,3,2,2015-04-04,https://www.jra.go.jp/datafile/seiseki/report/2015/2015-2hanshin3.pdf,official_daily_result_pdf
201509020303,2015,阪神,2,3,3,2015-04-04,https://www.jra.go.jp/datafile/seiseki/report/2015/2015-2hanshin3.pdf,official_daily_result_pdf
201509020304,2015,阪神,2,3,4,2015-04-04,https://www.jra.go.jp/datafile/seiseki/report/2015/2015-2hanshin3.pdf,official_daily_result_pdf
201509020305,2015,阪神,2,3,5,2015-04-04,https://www.jra.go.jp/datafile/seiseki/report/2015/2015-2hanshin3.pdf,official_daily_result_pdf
201509020306,2015,阪神,2,3,6,2015-04-04,https://www.jra.go.jp/datafile/seiseki/report/2015/2015-2hanshin3.pdf,official_daily_result_pdf
201509020307,2015,阪神,2,3,7,2015-04-04,https://www.jra.go.jp/datafile/seiseki/report/2015/2015-2hanshin3.pdf,official_daily_result_pdf
201509020308,2015,阪神,2,3,8,2015-04-04,https://www.jra.go.jp/datafile/seiseki/report/2015/2015-2hanshin3.pdf,official_daily_result_pdf
201509020309,2015,阪神,2,3,9,2015-04-04,https://www.jra.go.jp/datafile/seiseki/report/2015/2015-2hanshin3.pdf,official_daily_result_pdf
201509020310,2015,阪神,2,3,10,2015-04-04,https://www.jra.go.jp/datafile/seiseki/report/2015/2015-2hanshin3.pdf,official_daily_result_pdf
201509020311,2015,阪神,2,3,11,2015-04-04,https://www.jra.go.jp/datafile/seiseki/report/2015/2015-2hanshin3.pdf,official_daily_result_pdf
201509020312,2015,阪神,2,3,12,2015-04-04,https://www.jra.go.jp/datafile/seiseki/report/2015/2015-2hanshin3.pdf,official_daily_result_pdf
201509020401,2015,阪神,2,4,1,2015-04-05,https://www.jra.go.jp/datafile/seiseki/report/2015/2015-2hanshin4.pdf,official_daily_result_pdf
201509020402,2015,阪神,2,4,2,2015-04-05,https://www.jra.go.jp/datafile/seiseki/report/2015/2015-2hanshin4.pdf,official_daily_result_pdf
201509020403,2015,阪神,2,4,3,2015-04-05,https://www.jra.go.jp/datafile/seiseki/report/2015/2015-2hanshin4.pdf,official_daily_result_pdf
201509020404,2015,阪神,2,4,4,2015-04-05,https://www.jra.go.jp/datafile/seiseki/report/2015/2015-2hanshin4.pdf,official_daily_result_pdf
201509020405,2015,阪神,2,4,5,2015-04-05,https://www.jra.go.jp/datafile/seiseki/report/2015/2015-2hanshin4.pdf,official_daily_result_pdf
201509020406,2015,阪神,2,4,6,2015-04-05,https://www.jra.go.jp/datafile/seiseki/report/2015/2015-2hanshin4.pdf,official_daily_result_pdf
201509020407,2015,阪神,2,4,7,2015-04-05,https://www.jra.go.jp/datafile/seiseki/report/2015/2015-2hanshin4.pdf,official_daily_result_pdf
201509020408,2015,阪神,2,4,8,2015-04-05,https://www.jra.go.jp/datafile/seiseki/report/2015/2015-2hanshin4.pdf,official_daily_result_pdf
201509020409,2015,阪神,2,4,9,2015-04-05,https://www.jra.go.jp/datafile/seiseki/report/2015/2015-2hanshin4.pdf,official_daily_result_pdf
201509020410,2015,阪神,2,4,10,2015-04-05,https://www.jra.go.jp/datafile/seiseki/report/2015/2015-2hanshin4.pdf,official_daily_result_pdf
201509020411,2015,阪神,2,4,11,2015-04-05,https://www.jra.go.jp/datafile/seiseki/report/2015/2015-2hanshin4.pdf,official_daily_result_pdf
201509020412,2015,阪神,2,4,12,2015-04-05,https://www.jra.go.jp/datafile/seiseki/report/2015/2015-2hanshin4.pdf,official_daily_result_pdf
201509020501,2015,阪神,2,5,1,2015-04-11,https://www.jra.go.jp/datafile/seiseki/report/2015/2015-2hanshin5.pdf,official_daily_result_pdf
201509020502,2015,阪神,2,5,2,2015-04-11,https://www.jra.go.jp/datafile/seiseki/report/2015/2015-2hanshin5.pdf,official_daily_result_pdf
201509020503,2015,阪神,2,5,3,2015-04-11,https://www.jra.go.jp/datafile/seiseki/report/2015/2015-2hanshin5.pdf,official_daily_result_pdf
201509020504,2015,阪神,2,5,4,2015-04-11,https://www.jra.go.jp/datafile/seiseki/report/2015/2015-2hanshin5.pdf,official_daily_result_pdf
201509020505,2015,阪神,2,5,5,2015-04-11,https://www.jra.go.jp/datafile/seiseki/report/2015/2015-2hanshin5.pdf,official_daily_result_pdf
201509020506,2015,阪神,2,5,6,2015-04-11,https://www.jra.go.jp/datafile/seiseki/report/2015/2015-2hanshin5.pdf,official_daily_result_pdf
201509020507,2015,阪神,2,5,7,2015-04-11,https://www.jra.go.jp/datafile/seiseki/report/2015/2015-2hanshin5.pdf,official_daily_result_pdf
201509020508,2015,阪神,2,5,8,2015-04-11,https://www.jra.go.jp/datafile/seiseki/report/2015/2015-2hanshin5.pdf,official_daily_result_pdf
201509020509,2015,阪神,2,5,9,2015-04-11,https://www.jra.go.jp/datafile/seiseki/report/2015/2015-2hanshin5.pdf,official_daily_result_pdf
201509020510,2015,阪神,2,5,10,2015-04-11,https://www.jra.go.jp/datafile/seiseki/report/2015/2015-2hanshin5.pdf,official_daily_result_pdf
201509020511,2015,阪神,2,5,11,2015-04-11,https://www.jra.go.jp/datafile/seiseki/report/2015/2015-2hanshin5.pdf,official_daily_result_pdf
201509020512,2015,阪神,2,5,12,2015-04-11,https://www.jra.go.jp/datafile/seiseki/report/2015/2015-2hanshin5.pdf,official_daily_result_pdf
201509020601,2015,阪神,2,6,1,2015-04-12,https://www.jra.go.jp/datafile/seiseki/report/2015/2015-2hanshin6.pdf,official_daily_result_pdf
201509020602,2015,阪神,2,6,2,2015-04-12,https://www.jra.go.jp/datafile/seiseki/report/2015/2015-2hanshin6.pdf,official_daily_result_pdf
201509020603,2015,阪神,2,6,3,2015-04-12,https://www.jra.go.jp/datafile/seiseki/report/2015/2015-2hanshin6.pdf,official_daily_result_pdf
201509020604,2015,阪神,2,6,4,2015-04-12,https://www.jra.go.jp/datafile/seiseki/report/2015/2015-2hanshin6.pdf,official_daily_result_pdf
201509020605,2015,阪神,2,6,5,2015-04-12,https://www.jra.go.jp/datafile/seiseki/report/2015/2015-2hanshin6.pdf,official_daily_result_pdf
201509020606,2015,阪神,2,6,6,2015-04-12,https://www.jra.go.jp/datafile/seiseki/report/2015/2015-2hanshin6.pdf,official_daily_result_pdf
201509020607,2015,阪神,2,6,7,2015-04-12,https://www.jra.go.jp/datafile/seiseki/report/2015/2015-2hanshin6.pdf,official_daily_result_pdf
201509020608,2015,阪神,2,6,8,2015-04-12,https://www.jra.go.jp/datafile/seiseki/report/2015/2015-2hanshin6.pdf,official_daily_result_pdf
201509020609,2015,阪神,2,6,9,2015-04-12,https://www.jra.go.jp/datafile/seiseki/report/2015/2015-2hanshin6.pdf,official_daily_result_pdf
201509020610,2015,阪神,2,6,10,2015-04-12,https://www.jra.go.jp/datafile/seiseki/report/2015/2015-2hanshin6.pdf,official_daily_result_pdf
201509020611,2015,阪神,2,6,11,2015-04-12,https://www.jra.go.jp/datafile/seiseki/report/2015/2015-2hanshin6.pdf,official_daily_result_pdf
201509020612,2015,阪神,2,6,12,2015-04-12,https://www.jra.go.jp/datafile/seiseki/report/2015/2015-2hanshin6.pdf,official_daily_result_pdf
201509020701,2015,阪神,2,7,1,2015-04-18,https://www.jra.go.jp/datafile/seiseki/report/2015/2015-2hanshin7.pdf,official_daily_result_pdf
201509020702,2015,阪神,2,7,2,2015-04-18,https://www.jra.go.jp/datafile/seiseki/report/2015/2015-2hanshin7.pdf,official_daily_result_pdf
201509020703,2015,阪神,2,7,3,2015-04-18,https://www.jra.go.jp/datafile/seiseki/report/2015/2015-2hanshin7.pdf,official_daily_result_pdf
201509020704,2015,阪神,2,7,4,2015-04-18,https://www.jra.go.jp/datafile/seiseki/report/2015/2015-2hanshin7.pdf,official_daily_result_pdf
201509020705,2015,阪神,2,7,5,2015-04-18,https://www.jra.go.jp/datafile/seiseki/report/2015/2015-2hanshin7.pdf,official_daily_result_pdf
201509020706,2015,阪神,2,7,6,2015-04-18,https://www.jra.go.jp/datafile/seiseki/report/2015/2015-2hanshin7.pdf,official_daily_result_pdf
201509020707,2015,阪神,2,7,7,2015-04-18,https://www.jra.go.jp/datafile/seiseki/report/2015/2015-2hanshin7.pdf,official_daily_result_pdf
201509020708,2015,阪神,2,7,8,2015-04-18,https://www.jra.go.jp/datafile/seiseki/report/2015/2015-2hanshin7.pdf,official_daily_result_pdf
201509020709,2015,阪神,2,7,9,2015-04-18,https://www.jra.go.jp/datafile/seiseki/report/2015/2015-2hanshin7.pdf,official_daily_result_pdf
201509020710,2015,阪神,2,7,10,2015-04-18,https://www.jra.go.jp/datafile/seiseki/report/2015/2015-2hanshin7.pdf,official_daily_result_pdf
201509020711,2015,阪神,2,7,11,2015-04-18,https://www.jra.go.jp/datafile/seiseki/report/2015/2015-2hanshin7.pdf,official_daily_result_pdf
201509020712,2015,阪神,2,7,12,2015-04-18,https://www.jra.go.jp/datafile/seiseki/report/2015/2015-2hanshin7.pdf,official_daily_result_pdf
201509020801,2015,阪神,2,8,1,2015-04-19,https://www.jra.go.jp/datafile/seiseki/report/2015/2015-2hanshin8.pdf,official_daily_result_pdf
201509020802,2015,阪神,2,8,2,2015-04-19,https://www.jra.go.jp/datafile/seiseki/report/2015/2015-2hanshin8.pdf,official_daily_result_pdf
201509020803,2015,阪神,2,8,3,2015-04-19,https://www.jra.go.jp/datafile/seiseki/report/2015/2015-2hanshin8.pdf,official_daily_result_pdf
201509020804,2015,阪神,2,8,4,2015-04-19,https://www.jra.go.jp/datafile/seiseki/report/2015/2015-2hanshin8.pdf,official_daily_result_pdf
201509020805,2015,阪神,2,8,5,2015-04-19,https://www.jra.go.jp/datafile/seiseki/report/2015/2015-2hanshin8.pdf,official_daily_result_pdf
201509020806,2015,阪神,2,8,6,2015-04-19,https://www.jra.go.jp/datafile/seiseki/report/2015/2015-2hanshin8.pdf,official_daily_result_pdf
201509020807,2015,阪神,2,8,7,2015-04-19,https://www.jra.go.jp/datafile/seiseki/report/2015/2015-2hanshin8.pdf,official_daily_result_pdf
201509020808,2015,阪神,2,8,8,2015-04-19,https://www.jra.go.jp/datafile/seiseki/report/2015/2015-2hanshin8.pdf,official_daily_result_pdf
201509020809,2015,阪神,2,8,9,2015-04-19,https://www.jra.go.jp/datafile/seiseki/report/2015/2015-2hanshin8.pdf,official_daily_result_pdf
201509020810,2015,阪神,2,8,10,2015-04-19,https://www.jra.go.jp/datafile/seiseki/report/2015/2015-2hanshin8.pdf,official_daily_result_pdf
201509020811,2015,阪神,2,8,11,2015-04-19,https://www.jra.go.jp/datafile/seiseki/report/2015/2015-2hanshin8.pdf,official_daily_result_pdf
201509020812,2015,阪神,2,8,12,2015-04-19,https://www.jra.go.jp/datafile/seiseki/report/2015/2015-2hanshin8.pdf,official_daily_result_pdf
201509030101,2015,阪神,3,1,1,2015-06-06,https://www.jra.go.jp/datafile/seiseki/report/2015/2015-3hanshin1.pdf,official_daily_result_pdf
201509030102,2015,阪神,3,1,2,2015-06-06,https://www.jra.go.jp/datafile/seiseki/report/2015/2015-3hanshin1.pdf,official_daily_result_pdf
201509030103,2015,阪神,3,1,3,2015-06-06,https://www.jra.go.jp/datafile/seiseki/report/2015/2015-3hanshin1.pdf,official_daily_result_pdf
201509030104,2015,阪神,3,1,4,2015-06-06,https://www.jra.go.jp/datafile/seiseki/report/2015/2015-3hanshin1.pdf,official_daily_result_pdf
201509030105,2015,阪神,3,1,5,2015-06-06,https://www.jra.go.jp/datafile/seiseki/report/2015/2015-3hanshin1.pdf,official_daily_result_pdf
201509030106,2015,阪神,3,1,6,2015-06-06,https://www.jra.go.jp/datafile/seiseki/report/2015/2015-3hanshin1.pdf,official_daily_result_pdf
201509030107,2015,阪神,3,1,7,2015-06-06,https://www.jra.go.jp/datafile/seiseki/report/2015/2015-3hanshin1.pdf,official_daily_result_pdf
201509030108,2015,阪神,3,1,8,2015-06-06,https://www.jra.go.jp/datafile/seiseki/report/2015/2015-3hanshin1.pdf,official_daily_result_pdf
201509030109,2015,阪神,3,1,9,2015-06-06,https://www.jra.go.jp/datafile/seiseki/report/2015/2015-3hanshin1.pdf,official_daily_result_pdf
201509030110,2015,阪神,3,1,10,2015-06-06,https://www.jra.go.jp/datafile/seiseki/report/2015/2015-3hanshin1.pdf,official_daily_result_pdf
201509030111,2015,阪神,3,1,11,2015-06-06,https://www.jra.go.jp/datafile/seiseki/report/2015/2015-3hanshin1.pdf,official_daily_result_pdf
201509030112,2015,阪神,3,1,12,2015-06-06,https://www.jra.go.jp/datafile/seiseki/report/2015/2015-3hanshin1.pdf,official_daily_result_pdf
201509030201,2015,阪神,3,2,1,2015-06-07,https://www.jra.go.jp/datafile/seiseki/report/2015/2015-3hanshin2.pdf,official_daily_result_pdf
201509030202,2015,阪神,3,2,2,2015-06-07,https://www.jra.go.jp/datafile/seiseki/report/2015/2015-3hanshin2.pdf,official_daily_result_pdf
201509030203,2015,阪神,3,2,3,2015-06-07,https://www.jra.go.jp/datafile/seiseki/report/2015/2015-3hanshin2.pdf,official_daily_result_pdf
201509030204,2015,阪神,3,2,4,2015-06-07,https://www.jra.go.jp/datafile/seiseki/report/2015/2015-3hanshin2.pdf,official_daily_result_pdf
201509030205,2015,阪神,3,2,5,2015-06-07,https://www.jra.go.jp/datafile/seiseki/report/2015/2015-3hanshin2.pdf,official_daily_result_pdf
201509030206,2015,阪神,3,2,6,2015-06-07,https://www.jra.go.jp/datafile/seiseki/report/2015/2015-3hanshin2.pdf,official_daily_result_pdf
201509030207,2015,阪神,3,2,7,2015-06-07,https://www.jra.go.jp/datafile/seiseki/report/2015/2015-3hanshin2.pdf,official_daily_result_pdf
201509030208,2015,阪神,3,2,8,2015-06-07,https://www.jra.go.jp/datafile/seiseki/report/2015/2015-3hanshin2.pdf,official_daily_result_pdf
201509030209,2015,阪神,3,2,9,2015-06-07,https://www.jra.go.jp/datafile/seiseki/report/2015/2015-3hanshin2.pdf,official_daily_result_pdf
201509030210,2015,阪神,3,2,10,2015-06-07,https://www.jra.go.jp/datafile/seiseki/report/2015/2015-3hanshin2.pdf,official_daily_result_pdf
201509030211,2015,阪神,3,2,11,2015-06-07,https://www.jra.go.jp/datafile/seiseki/report/2015/2015-3hanshin2.pdf,official_daily_result_pdf
201509030212,2015,阪神,3,2,12,2015-06-07,https://www.jra.go.jp/datafile/seiseki/report/2015/2015-3hanshin2.pdf,official_daily_result_pdf
201509030301,2015,阪神,3,3,1,2015-06-13,https://www.jra.go.jp/datafile/seiseki/report/2015/2015-3hanshin3.pdf,official_daily_result_pdf
201509030302,2015,阪神,3,3,2,2015-06-13,https://www.jra.go.jp/datafile/seiseki/report/2015/2015-3hanshin3.pdf,official_daily_result_pdf
201509030303,2015,阪神,3,3,3,2015-06-13,https://www.jra.go.jp/datafile/seiseki/report/2015/2015-3hanshin3.pdf,official_daily_result_pdf
201509030304,2015,阪神,3,3,4,2015-06-13,https://www.jra.go.jp/datafile/seiseki/report/2015/2015-3hanshin3.pdf,official_daily_result_pdf
201509030305,2015,阪神,3,3,5,2015-06-13,https://www.jra.go.jp/datafile/seiseki/report/2015/2015-3hanshin3.pdf,official_daily_result_pdf
201509030306,2015,阪神,3,3,6,2015-06-13,https://www.jra.go.jp/datafile/seiseki/report/2015/2015-3hanshin3.pdf,official_daily_result_pdf
201509030307,2015,阪神,3,3,7,2015-06-13,https://www.jra.go.jp/datafile/seiseki/report/2015/2015-3hanshin3.pdf,official_daily_result_pdf
201509030308,2015,阪神,3,3,8,2015-06-13,https://www.jra.go.jp/datafile/seiseki/report/2015/2015-3hanshin3.pdf,official_daily_result_pdf
201509030309,2015,阪神,3,3,9,2015-06-13,https://www.jra.go.jp/datafile/seiseki/report/2015/2015-3hanshin3.pdf,official_daily_result_pdf
201509030310,2015,阪神,3,3,10,2015-06-13,https://www.jra.go.jp/datafile/seiseki/report/2015/2015-3hanshin3.pdf,official_daily_result_pdf
201509030311,2015,阪神,3,3,11,2015-06-13,https://www.jra.go.jp/datafile/seiseki/report/2015/2015-3hanshin3.pdf,official_daily_result_pdf
201509030312,2015,阪神,3,3,12,2015-06-13,https://www.jra.go.jp/datafile/seiseki/report/2015/2015-3hanshin3.pdf,official_daily_result_pdf
201509030401,2015,阪神,3,4,1,2015-06-14,https://www.jra.go.jp/datafile/seiseki/report/2015/2015-3hanshin4.pdf,official_daily_result_pdf
201509030402,2015,阪神,3,4,2,2015-06-14,https://www.jra.go.jp/datafile/seiseki/report/2015/2015-3hanshin4.pdf,official_daily_result_pdf
201509030403,2015,阪神,3,4,3,2015-06-14,https://www.jra.go.jp/datafile/seiseki/report/2015/2015-3hanshin4.pdf,official_daily_result_pdf
201509030404,2015,阪神,3,4,4,2015-06-14,https://www.jra.go.jp/datafile/seiseki/report/2015/2015-3hanshin4.pdf,official_daily_result_pdf
201509030405,2015,阪神,3,4,5,2015-06-14,https://www.jra.go.jp/datafile/seiseki/report/2015/2015-3hanshin4.pdf,official_daily_result_pdf
201509030406,2015,阪神,3,4,6,2015-06-14,https://www.jra.go.jp/datafile/seiseki/report/2015/2015-3hanshin4.pdf,official_daily_result_pdf
201509030407,2015,阪神,3,4,7,2015-06-14,https://www.jra.go.jp/datafile/seiseki/report/2015/2015-3hanshin4.pdf,official_daily_result_pdf
201509030408,2015,阪神,3,4,8,2015-06-14,https://www.jra.go.jp/datafile/seiseki/report/2015/2015-3hanshin4.pdf,official_daily_result_pdf
201509030409,2015,阪神,3,4,9,2015-06-14,https://www.jra.go.jp/datafile/seiseki/report/2015/2015-3hanshin4.pdf,official_daily_result_pdf
201509030410,2015,阪神,3,4,10,2015-06-14,https://www.jra.go.jp/datafile/seiseki/report/2015/2015-3hanshin4.pdf,official_daily_result_pdf
201509030411,2015,阪神,3,4,11,2015-06-14,https://www.jra.go.jp/datafile/seiseki/report/2015/2015-3hanshin4.pdf,official_daily_result_pdf
201509030412,2015,阪神,3,4,12,2015-06-14,https://www.jra.go.jp/datafile/seiseki/report/2015/2015-3hanshin4.pdf,official_daily_result_pdf
201509030501,2015,阪神,3,5,1,2015-06-20,https://www.jra.go.jp/datafile/seiseki/report/2015/2015-3hanshin5.pdf,official_daily_result_pdf
201509030502,2015,阪神,3,5,2,2015-06-20,https://www.jra.go.jp/datafile/seiseki/report/2015/2015-3hanshin5.pdf,official_daily_result_pdf
201509030503,2015,阪神,3,5,3,2015-06-20,https://www.jra.go.jp/datafile/seiseki/report/2015/2015-3hanshin5.pdf,official_daily_result_pdf
201509030504,2015,阪神,3,5,4,2015-06-20,https://www.jra.go.jp/datafile/seiseki/report/2015/2015-3hanshin5.pdf,official_daily_result_pdf
201509030505,2015,阪神,3,5,5,2015-06-20,https://www.jra.go.jp/datafile/seiseki/report/2015/2015-3hanshin5.pdf,official_daily_result_pdf
201509030506,2015,阪神,3,5,6,2015-06-20,https://www.jra.go.jp/datafile/seiseki/report/2015/2015-3hanshin5.pdf,official_daily_result_pdf
201509030507,2015,阪神,3,5,7,2015-06-20,https://www.jra.go.jp/datafile/seiseki/report/2015/2015-3hanshin5.pdf,official_daily_result_pdf
201509030508,2015,阪神,3,5,8,2015-06-20,https://www.jra.go.jp/datafile/seiseki/report/2015/2015-3hanshin5.pdf,official_daily_result_pdf
201509030509,2015,阪神,3,5,9,2015-06-20,https://www.jra.go.jp/datafile/seiseki/report/2015/2015-3hanshin5.pdf,official_daily_result_pdf
201509030510,2015,阪神,3,5,10,2015-06-20,https://www.jra.go.jp/datafile/seiseki/report/2015/2015-3hanshin5.pdf,official_daily_result_pdf
201509030511,2015,阪神,3,5,11,2015-06-20,https://www.jra.go.jp/datafile/seiseki/report/2015/2015-3hanshin5.pdf,official_daily_result_pdf
201509030512,2015,阪神,3,5,12,2015-06-20,https://www.jra.go.jp/datafile/seiseki/report/2015/2015-3hanshin5.pdf,official_daily_result_pdf
201509030601,2015,阪神,3,6,1,2015-06-21,https://www.jra.go.jp/datafile/seiseki/report/2015/2015-3hanshin6.pdf,official_daily_result_pdf
201509030602,2015,阪神,3,6,2,2015-06-21,https://www.jra.go.jp/datafile/seiseki/report/2015/2015-3hanshin6.pdf,official_daily_result_pdf
201509030603,2015,阪神,3,6,3,2015-06-21,https://www.jra.go.jp/datafile/seiseki/report/2015/2015-3hanshin6.pdf,official_daily_result_pdf
201509030604,2015,阪神,3,6,4,2015-06-21,https://www.jra.go.jp/datafile/seiseki/report/2015/2015-3hanshin6.pdf,official_daily_result_pdf
201509030605,2015,阪神,3,6,5,2015-06-21,https://www.jra.go.jp/datafile/seiseki/report/2015/2015-3hanshin6.pdf,official_daily_result_pdf
201509030606,2015,阪神,3,6,6,2015-06-21,https://www.jra.go.jp/datafile/seiseki/report/2015/2015-3hanshin6.pdf,official_daily_result_pdf
201509030607,2015,阪神,3,6,7,2015-06-21,https://www.jra.go.jp/datafile/seiseki/report/2015/2015-3hanshin6.pdf,official_daily_result_pdf
201509030608,2015,阪神,3,6,8,2015-06-21,https://www.jra.go.jp/datafile/seiseki/report/2015/2015-3hanshin6.pdf,official_daily_result_pdf
201509030609,2015,阪神,3,6,9,2015-06-21,https://www.jra.go.jp/datafile/seiseki/report/2015/2015-3hanshin6.pdf,official_daily_result_pdf
201509030610,2015,阪神,3,6,10,2015-06-21,https://www.jra.go.jp/datafile/seiseki/report/2015/2015-3hanshin6.pdf,official_daily_result_pdf
201509030611,2015,阪神,3,6,11,2015-06-21,https://www.jra.go.jp/datafile/seiseki/report/2015/2015-3hanshin6.pdf,official_daily_result_pdf
201509030612,2015,阪神,3,6,12,2015-06-21,https://www.jra.go.jp/datafile/seiseki/report/2015/2015-3hanshin6.pdf,official_daily_result_pdf
201509030701,2015,阪神,3,7,1,2015-06-27,https://www.jra.go.jp/datafile/seiseki/report/2015/2015-3hanshin7.pdf,official_daily_result_pdf
201509030702,2015,阪神,3,7,2,2015-06-27,https://www.jra.go.jp/datafile/seiseki/report/2015/2015-3hanshin7.pdf,official_daily_result_pdf
201509030703,2015,阪神,3,7,3,2015-06-27,https://www.jra.go.jp/datafile/seiseki/report/2015/2015-3hanshin7.pdf,official_daily_result_pdf
201509030704,2015,阪神,3,7,4,2015-06-27,https://www.jra.go.jp/datafile/seiseki/report/2015/2015-3hanshin7.pdf,official_daily_result_pdf
201509030705,2015,阪神,3,7,5,2015-06-27,https://www.jra.go.jp/datafile/seiseki/report/2015/2015-3hanshin7.pdf,official_daily_result_pdf
201509030706,2015,阪神,3,7,6,2015-06-27,https://www.jra.go.jp/datafile/seiseki/report/2015/2015-3hanshin7.pdf,official_daily_result_pdf
201509030707,2015,阪神,3,7,7,2015-06-27,https://www.jra.go.jp/datafile/seiseki/report/2015/2015-3hanshin7.pdf,official_daily_result_pdf
201509030708,2015,阪神,3,7,8,2015-06-27,https://www.jra.go.jp/datafile/seiseki/report/2015/2015-3hanshin7.pdf,official_daily_result_pdf
201509030709,2015,阪神,3,7,9,2015-06-27,https://www.jra.go.jp/datafile/seiseki/report/2015/2015-3hanshin7.pdf,official_daily_result_pdf
201509030710,2015,阪神,3,7,10,2015-06-27,https://www.jra.go.jp/datafile/seiseki/report/2015/2015-3hanshin7.pdf,official_daily_result_pdf
201509030711,2015,阪神,3,7,11,2015-06-27,https://www.jra.go.jp/datafile/seiseki/report/2015/2015-3hanshin7.pdf,official_daily_result_pdf
201509030712,2015,阪神,3,7,12,2015-06-27,https://www.jra.go.jp/datafile/seiseki/report/2015/2015-3hanshin7.pdf,official_daily_result_pdf
201509030801,2015,阪神,3,8,1,2015-06-28,https://www.jra.go.jp/datafile/seiseki/report/2015/2015-3hanshin8.pdf,official_daily_result_pdf
201509030802,2015,阪神,3,8,2,2015-06-28,https://www.jra.go.jp/datafile/seiseki/report/2015/2015-3hanshin8.pdf,official_daily_result_pdf
201509030803,2015,阪神,3,8,3,2015-06-28,https://www.jra.go.jp/datafile/seiseki/report/2015/2015-3hanshin8.pdf,official_daily_result_pdf
201509030804,2015,阪神,3,8,4,2015-06-28,https://www.jra.go.jp/datafile/seiseki/report/2015/2015-3hanshin8.pdf,official_daily_result_pdf
201509030805,2015,阪神,3,8,5,2015-06-28,https://www.jra.go.jp/datafile/seiseki/report/2015/2015-3hanshin8.pdf,official_daily_result_pdf
201509030806,2015,阪神,3,8,6,2015-06-28,https://www.jra.go.jp/datafile/seiseki/report/2015/2015-3hanshin8.pdf,official_daily_result_pdf
201509030807,2015,阪神,3,8,7,2015-06-28,https://www.jra.go.jp/datafile/seiseki/report/2015/2015-3hanshin8.pdf,official_daily_result_pdf
201509030808,2015,阪神,3,8,8,2015-06-28,https://www.jra.go.jp/datafile/seiseki/report/2015/2015-3hanshin8.pdf,official_daily_result_pdf
201509030809,2015,阪神,3,8,9,2015-06-28,https://www.jra.go.jp/datafile/seiseki/report/2015/2015-3hanshin8.pdf,official_daily_result_pdf
201509030810,2015,阪神,3,8,10,2015-06-28,https://www.jra.go.jp/datafile/seiseki/report/2015/2015-3hanshin8.pdf,official_daily_result_pdf
201509030811,2015,阪神,3,8,11,2015-06-28,https://www.jra.go.jp/datafile/seiseki/report/2015/2015-3hanshin8.pdf,official_daily_result_pdf
201509030812,2015,阪神,3,8,12,2015-06-28,https://www.jra.go.jp/datafile/seiseki/report/2015/2015-3hanshin8.pdf,official_daily_result_pdf
201509040101,2015,阪神,4,1,1,2015-09-12,https://www.jra.go.jp/datafile/seiseki/report/2015/2015-4hanshin1.pdf,official_daily_result_pdf
201509040102,2015,阪神,4,1,2,2015-09-12,https://www.jra.go.jp/datafile/seiseki/report/2015/2015-4hanshin1.pdf,official_daily_result_pdf
201509040103,2015,阪神,4,1,3,2015-09-12,https://www.jra.go.jp/datafile/seiseki/report/2015/2015-4hanshin1.pdf,official_daily_result_pdf
201509040104,2015,阪神,4,1,4,2015-09-12,https://www.jra.go.jp/datafile/seiseki/report/2015/2015-4hanshin1.pdf,official_daily_result_pdf
201509040105,2015,阪神,4,1,5,2015-09-12,https://www.jra.go.jp/datafile/seiseki/report/2015/2015-4hanshin1.pdf,official_daily_result_pdf
201509040106,2015,阪神,4,1,6,2015-09-12,https://www.jra.go.jp/datafile/seiseki/report/2015/2015-4hanshin1.pdf,official_daily_result_pdf
201509040107,2015,阪神,4,1,7,2015-09-12,https://www.jra.go.jp/datafile/seiseki/report/2015/2015-4hanshin1.pdf,official_daily_result_pdf
201509040108,2015,阪神,4,1,8,2015-09-12,https://www.jra.go.jp/datafile/seiseki/report/2015/2015-4hanshin1.pdf,official_daily_result_pdf
201509040109,2015,阪神,4,1,9,2015-09-12,https://www.jra.go.jp/datafile/seiseki/report/2015/2015-4hanshin1.pdf,official_daily_result_pdf
201509040110,2015,阪神,4,1,10,2015-09-12,https://www.jra.go.jp/datafile/seiseki/report/2015/2015-4hanshin1.pdf,official_daily_result_pdf
201509040111,2015,阪神,4,1,11,2015-09-12,https://www.jra.go.jp/datafile/seiseki/report/2015/2015-4hanshin1.pdf,official_daily_result_pdf
201509040112,2015,阪神,4,1,12,2015-09-12,https://www.jra.go.jp/datafile/seiseki/report/2015/2015-4hanshin1.pdf,official_daily_result_pdf
201509040201,2015,阪神,4,2,1,2015-09-13,https://www.jra.go.jp/datafile/seiseki/report/2015/2015-4hanshin2.pdf,official_daily_result_pdf
201509040202,2015,阪神,4,2,2,2015-09-13,https://www.jra.go.jp/datafile/seiseki/report/2015/2015-4hanshin2.pdf,official_daily_result_pdf
201509040203,2015,阪神,4,2,3,2015-09-13,https://www.jra.go.jp/datafile/seiseki/report/2015/2015-4hanshin2.pdf,official_daily_result_pdf
201509040204,2015,阪神,4,2,4,2015-09-13,https://www.jra.go.jp/datafile/seiseki/report/2015/2015-4hanshin2.pdf,official_daily_result_pdf
201509040205,2015,阪神,4,2,5,2015-09-13,https://www.jra.go.jp/datafile/seiseki/report/2015/2015-4hanshin2.pdf,official_daily_result_pdf
201509040206,2015,阪神,4,2,6,2015-09-13,https://www.jra.go.jp/datafile/seiseki/report/2015/2015-4hanshin2.pdf,official_daily_result_pdf
201509040207,2015,阪神,4,2,7,2015-09-13,https://www.jra.go.jp/datafile/seiseki/report/2015/2015-4hanshin2.pdf,official_daily_result_pdf
201509040208,2015,阪神,4,2,8,2015-09-13,https://www.jra.go.jp/datafile/seiseki/report/2015/2015-4hanshin2.pdf,official_daily_result_pdf
201509040209,2015,阪神,4,2,9,2015-09-13,https://www.jra.go.jp/datafile/seiseki/report/2015/2015-4hanshin2.pdf,official_daily_result_pdf
201509040210,2015,阪神,4,2,10,2015-09-13,https://www.jra.go.jp/datafile/seiseki/report/2015/2015-4hanshin2.pdf,official_daily_result_pdf
201509040211,2015,阪神,4,2,11,2015-09-13,https://www.jra.go.jp/datafile/seiseki/report/2015/2015-4hanshin2.pdf,official_daily_result_pdf
201509040212,2015,阪神,4,2,12,2015-09-13,https://www.jra.go.jp/datafile/seiseki/report/2015/2015-4hanshin2.pdf,official_daily_result_pdf
201509040301,2015,阪神,4,3,1,2015-09-19,https://www.jra.go.jp/datafile/seiseki/report/2015/2015-4hanshin3.pdf,official_daily_result_pdf
201509040302,2015,阪神,4,3,2,2015-09-19,https://www.jra.go.jp/datafile/seiseki/report/2015/2015-4hanshin3.pdf,official_daily_result_pdf
201509040303,2015,阪神,4,3,3,2015-09-19,https://www.jra.go.jp/datafile/seiseki/report/2015/2015-4hanshin3.pdf,official_daily_result_pdf
201509040304,2015,阪神,4,3,4,2015-09-19,https://www.jra.go.jp/datafile/seiseki/report/2015/2015-4hanshin3.pdf,official_daily_result_pdf
201509040305,2015,阪神,4,3,5,2015-09-19,https://www.jra.go.jp/datafile/seiseki/report/2015/2015-4hanshin3.pdf,official_daily_result_pdf
201509040306,2015,阪神,4,3,6,2015-09-19,https://www.jra.go.jp/datafile/seiseki/report/2015/2015-4hanshin3.pdf,official_daily_result_pdf
201509040307,2015,阪神,4,3,7,2015-09-19,https://www.jra.go.jp/datafile/seiseki/report/2015/2015-4hanshin3.pdf,official_daily_result_pdf
201509040308,2015,阪神,4,3,8,2015-09-19,https://www.jra.go.jp/datafile/seiseki/report/2015/2015-4hanshin3.pdf,official_daily_result_pdf
201509040309,2015,阪神,4,3,9,2015-09-19,https://www.jra.go.jp/datafile/seiseki/report/2015/2015-4hanshin3.pdf,official_daily_result_pdf
201509040310,2015,阪神,4,3,10,2015-09-19,https://www.jra.go.jp/datafile/seiseki/report/2015/2015-4hanshin3.pdf,official_daily_result_pdf
201509040311,2015,阪神,4,3,11,2015-09-19,https://www.jra.go.jp/datafile/seiseki/report/2015/2015-4hanshin3.pdf,official_daily_result_pdf
201509040312,2015,阪神,4,3,12,2015-09-19,https://www.jra.go.jp/datafile/seiseki/report/2015/2015-4hanshin3.pdf,official_daily_result_pdf
201509040401,2015,阪神,4,4,1,2015-09-20,https://www.jra.go.jp/datafile/seiseki/report/2015/2015-4hanshin4.pdf,official_daily_result_pdf
201509040402,2015,阪神,4,4,2,2015-09-20,https://www.jra.go.jp/datafile/seiseki/report/2015/2015-4hanshin4.pdf,official_daily_result_pdf
201509040403,2015,阪神,4,4,3,2015-09-20,https://www.jra.go.jp/datafile/seiseki/report/2015/2015-4hanshin4.pdf,official_daily_result_pdf
201509040404,2015,阪神,4,4,4,2015-09-20,https://www.jra.go.jp/datafile/seiseki/report/2015/2015-4hanshin4.pdf,official_daily_result_pdf
201509040405,2015,阪神,4,4,5,2015-09-20,https://www.jra.go.jp/datafile/seiseki/report/2015/2015-4hanshin4.pdf,official_daily_result_pdf
201509040406,2015,阪神,4,4,6,2015-09-20,https://www.jra.go.jp/datafile/seiseki/report/2015/2015-4hanshin4.pdf,official_daily_result_pdf
201509040407,2015,阪神,4,4,7,2015-09-20,https://www.jra.go.jp/datafile/seiseki/report/2015/2015-4hanshin4.pdf,official_daily_result_pdf
201509040408,2015,阪神,4,4,8,2015-09-20,https://www.jra.go.jp/datafile/seiseki/report/2015/2015-4hanshin4.pdf,official_daily_result_pdf
201509040409,2015,阪神,4,4,9,2015-09-20,https://www.jra.go.jp/datafile/seiseki/report/2015/2015-4hanshin4.pdf,official_daily_result_pdf
201509040410,2015,阪神,4,4,10,2015-09-20,https://www.jra.go.jp/datafile/seiseki/report/2015/2015-4hanshin4.pdf,official_daily_result_pdf
201509040411,2015,阪神,4,4,11,2015-09-20,https://www.jra.go.jp/datafile/seiseki/report/2015/2015-4hanshin4.pdf,official_daily_result_pdf
201509040412,2015,阪神,4,4,12,2015-09-20,https://www.jra.go.jp/datafile/seiseki/report/2015/2015-4hanshin4.pdf,official_daily_result_pdf
201509040501,2015,阪神,4,5,1,2015-09-21,https://www.jra.go.jp/datafile/seiseki/report/2015/2015-4hanshin5.pdf,official_daily_result_pdf
201509040502,2015,阪神,4,5,2,2015-09-21,https://www.jra.go.jp/datafile/seiseki/report/2015/2015-4hanshin5.pdf,official_daily_result_pdf
201509040503,2015,阪神,4,5,3,2015-09-21,https://www.jra.go.jp/datafile/seiseki/report/2015/2015-4hanshin5.pdf,official_daily_result_pdf
201509040504,2015,阪神,4,5,4,2015-09-21,https://www.jra.go.jp/datafile/seiseki/report/2015/2015-4hanshin5.pdf,official_daily_result_pdf
201509040505,2015,阪神,4,5,5,2015-09-21,https://www.jra.go.jp/datafile/seiseki/report/2015/2015-4hanshin5.pdf,official_daily_result_pdf
201509040506,2015,阪神,4,5,6,2015-09-21,https://www.jra.go.jp/datafile/seiseki/report/2015/2015-4hanshin5.pdf,official_daily_result_pdf
201509040507,2015,阪神,4,5,7,2015-09-21,https://www.jra.go.jp/datafile/seiseki/report/2015/2015-4hanshin5.pdf,official_daily_result_pdf
201509040508,2015,阪神,4,5,8,2015-09-21,https://www.jra.go.jp/datafile/seiseki/report/2015/2015-4hanshin5.pdf,official_daily_result_pdf
201509040509,2015,阪神,4,5,9,2015-09-21,https://www.jra.go.jp/datafile/seiseki/report/2015/2015-4hanshin5.pdf,official_daily_result_pdf
201509040510,2015,阪神,4,5,10,2015-09-21,https://www.jra.go.jp/datafile/seiseki/report/2015/2015-4hanshin5.pdf,official_daily_result_pdf
201509040511,2015,阪神,4,5,11,2015-09-21,https://www.jra.go.jp/datafile/seiseki/report/2015/2015-4hanshin5.pdf,official_daily_result_pdf
201509040512,2015,阪神,4,5,12,2015-09-21,https://www.jra.go.jp/datafile/seiseki/report/2015/2015-4hanshin5.pdf,official_daily_result_pdf
201509040601,2015,阪神,4,6,1,2015-09-26,https://www.jra.go.jp/datafile/seiseki/report/2015/2015-4hanshin6.pdf,official_daily_result_pdf
201509040602,2015,阪神,4,6,2,2015-09-26,https://www.jra.go.jp/datafile/seiseki/report/2015/2015-4hanshin6.pdf,official_daily_result_pdf
201509040603,2015,阪神,4,6,3,2015-09-26,https://www.jra.go.jp/datafile/seiseki/report/2015/2015-4hanshin6.pdf,official_daily_result_pdf
201509040604,2015,阪神,4,6,4,2015-09-26,https://www.jra.go.jp/datafile/seiseki/report/2015/2015-4hanshin6.pdf,official_daily_result_pdf
201509040605,2015,阪神,4,6,5,2015-09-26,https://www.jra.go.jp/datafile/seiseki/report/2015/2015-4hanshin6.pdf,official_daily_result_pdf
201509040606,2015,阪神,4,6,6,2015-09-26,https://www.jra.go.jp/datafile/seiseki/report/2015/2015-4hanshin6.pdf,official_daily_result_pdf
201509040607,2015,阪神,4,6,7,2015-09-26,https://www.jra.go.jp/datafile/seiseki/report/2015/2015-4hanshin6.pdf,official_daily_result_pdf
201509040608,2015,阪神,4,6,8,2015-09-26,https://www.jra.go.jp/datafile/seiseki/report/2015/2015-4hanshin6.pdf,official_daily_result_pdf
201509040609,2015,阪神,4,6,9,2015-09-26,https://www.jra.go.jp/datafile/seiseki/report/2015/2015-4hanshin6.pdf,official_daily_result_pdf
201509040610,2015,阪神,4,6,10,2015-09-26,https://www.jra.go.jp/datafile/seiseki/report/2015/2015-4hanshin6.pdf,official_daily_result_pdf
201509040611,2015,阪神,4,6,11,2015-09-26,https://www.jra.go.jp/datafile/seiseki/report/2015/2015-4hanshin6.pdf,official_daily_result_pdf
201509040612,2015,阪神,4,6,12,2015-09-26,https://www.jra.go.jp/datafile/seiseki/report/2015/2015-4hanshin6.pdf,official_daily_result_pdf
201509040701,2015,阪神,4,7,1,2015-09-27,https://www.jra.go.jp/datafile/seiseki/report/2015/2015-4hanshin7.pdf,official_daily_result_pdf
201509040702,2015,阪神,4,7,2,2015-09-27,https://www.jra.go.jp/datafile/seiseki/report/2015/2015-4hanshin7.pdf,official_daily_result_pdf
201509040703,2015,阪神,4,7,3,2015-09-27,https://www.jra.go.jp/datafile/seiseki/report/2015/2015-4hanshin7.pdf,official_daily_result_pdf
201509040704,2015,阪神,4,7,4,2015-09-27,https://www.jra.go.jp/datafile/seiseki/report/2015/2015-4hanshin7.pdf,official_daily_result_pdf
201509040705,2015,阪神,4,7,5,2015-09-27,https://www.jra.go.jp/datafile/seiseki/report/2015/2015-4hanshin7.pdf,official_daily_result_pdf
201509040706,2015,阪神,4,7,6,2015-09-27,https://www.jra.go.jp/datafile/seiseki/report/2015/2015-4hanshin7.pdf,official_daily_result_pdf
201509040707,2015,阪神,4,7,7,2015-09-27,https://www.jra.go.jp/datafile/seiseki/report/2015/2015-4hanshin7.pdf,official_daily_result_pdf
201509040708,2015,阪神,4,7,8,2015-09-27,https://www.jra.go.jp/datafile/seiseki/report/2015/2015-4hanshin7.pdf,official_daily_result_pdf
201509040709,2015,阪神,4,7,9,2015-09-27,https://www.jra.go.jp/datafile/seiseki/report/2015/2015-4hanshin7.pdf,official_daily_result_pdf
201509040710,2015,阪神,4,7,10,2015-09-27,https://www.jra.go.jp/datafile/seiseki/report/2015/2015-4hanshin7.pdf,official_daily_result_pdf
201509040711,2015,阪神,4,7,11,2015-09-27,https://www.jra.go.jp/datafile/seiseki/report/2015/2015-4hanshin7.pdf,official_daily_result_pdf
201509040712,2015,阪神,4,7,12,2015-09-27,https://www.jra.go.jp/datafile/seiseki/report/2015/2015-4hanshin7.pdf,official_daily_result_pdf
201509040801,2015,阪神,4,8,1,2015-10-03,https://www.jra.go.jp/datafile/seiseki/report/2015/2015-4hanshin8.pdf,official_daily_result_pdf
201509040802,2015,阪神,4,8,2,2015-10-03,https://www.jra.go.jp/datafile/seiseki/report/2015/2015-4hanshin8.pdf,official_daily_result_pdf
201509040803,2015,阪神,4,8,3,2015-10-03,https://www.jra.go.jp/datafile/seiseki/report/2015/2015-4hanshin8.pdf,official_daily_result_pdf
201509040804,2015,阪神,4,8,4,2015-10-03,https://www.jra.go.jp/datafile/seiseki/report/2015/2015-4hanshin8.pdf,official_daily_result_pdf
201509040805,2015,阪神,4,8,5,2015-10-03,https://www.jra.go.jp/datafile/seiseki/report/2015/2015-4hanshin8.pdf,official_daily_result_pdf
201509040806,2015,阪神,4,8,6,2015-10-03,https://www.jra.go.jp/datafile/seiseki/report/2015/2015-4hanshin8.pdf,official_daily_result_pdf
201509040807,2015,阪神,4,8,7,2015-10-03,https://www.jra.go.jp/datafile/seiseki/report/2015/2015-4hanshin8.pdf,official_daily_result_pdf
201509040808,2015,阪神,4,8,8,2015-10-03,https://www.jra.go.jp/datafile/seiseki/report/2015/2015-4hanshin8.pdf,official_daily_result_pdf
201509040809,2015,阪神,4,8,9,2015-10-03,https://www.jra.go.jp/datafile/seiseki/report/2015/2015-4hanshin8.pdf,official_daily_result_pdf
201509040810,2015,阪神,4,8,10,2015-10-03,https://www.jra.go.jp/datafile/seiseki/report/2015/2015-4hanshin8.pdf,official_daily_result_pdf
201509040811,2015,阪神,4,8,11,2015-10-03,https://www.jra.go.jp/datafile/seiseki/report/2015/2015-4hanshin8.pdf,official_daily_result_pdf
201509040812,2015,阪神,4,8,12,2015-10-03,https://www.jra.go.jp/datafile/seiseki/report/2015/2015-4hanshin8.pdf,official_daily_result_pdf
201509040901,2015,阪神,4,9,1,2015-10-04,https://www.jra.go.jp/datafile/seiseki/report/2015/2015-4hanshin9.pdf,official_daily_result_pdf
201509040902,2015,阪神,4,9,2,2015-10-04,https://www.jra.go.jp/datafile/seiseki/report/2015/2015-4hanshin9.pdf,official_daily_result_pdf
201509040903,2015,阪神,4,9,3,2015-10-04,https://www.jra.go.jp/datafile/seiseki/report/2015/2015-4hanshin9.pdf,official_daily_result_pdf
201509040904,2015,阪神,4,9,4,2015-10-04,https://www.jra.go.jp/datafile/seiseki/report/2015/2015-4hanshin9.pdf,official_daily_result_pdf
201509040905,2015,阪神,4,9,5,2015-10-04,https://www.jra.go.jp/datafile/seiseki/report/2015/2015-4hanshin9.pdf,official_daily_result_pdf
201509040906,2015,阪神,4,9,6,2015-10-04,https://www.jra.go.jp/datafile/seiseki/report/2015/2015-4hanshin9.pdf,official_daily_result_pdf
201509040907,2015,阪神,4,9,7,2015-10-04,https://www.jra.go.jp/datafile/seiseki/report/2015/2015-4hanshin9.pdf,official_daily_result_pdf
201509040908,2015,阪神,4,9,8,2015-10-04,https://www.jra.go.jp/datafile/seiseki/report/2015/2015-4hanshin9.pdf,official_daily_result_pdf
201509040909,2015,阪神,4,9,9,2015-10-04,https://www.jra.go.jp/datafile/seiseki/report/2015/2015-4hanshin9.pdf,official_daily_result_pdf
201509040910,2015,阪神,4,9,10,2015-10-04,https://www.jra.go.jp/datafile/seiseki/report/2015/2015-4hanshin9.pdf,official_daily_result_pdf
201509040911,2015,阪神,4,9,11,2015-10-04,https://www.jra.go.jp/datafile/seiseki/report/2015/2015-4hanshin9.pdf,official_daily_result_pdf
201509040912,2015,阪神,4,9,12,2015-10-04,https://www.jra.go.jp/datafile/seiseki/report/2015/2015-4hanshin9.pdf,official_daily_result_pdf
201509050101,2015,阪神,5,1,1,2015-12-05,https://www.jra.go.jp/datafile/seiseki/report/2015/2015-5hanshin1.pdf,official_daily_result_pdf
201509050102,2015,阪神,5,1,2,2015-12-05,https://www.jra.go.jp/datafile/seiseki/report/2015/2015-5hanshin1.pdf,official_daily_result_pdf
201509050103,2015,阪神,5,1,3,2015-12-05,https://www.jra.go.jp/datafile/seiseki/report/2015/2015-5hanshin1.pdf,official_daily_result_pdf
201509050104,2015,阪神,5,1,4,2015-12-05,https://www.jra.go.jp/datafile/seiseki/report/2015/2015-5hanshin1.pdf,official_daily_result_pdf
201509050105,2015,阪神,5,1,5,2015-12-05,https://www.jra.go.jp/datafile/seiseki/report/2015/2015-5hanshin1.pdf,official_daily_result_pdf
201509050106,2015,阪神,5,1,6,2015-12-05,https://www.jra.go.jp/datafile/seiseki/report/2015/2015-5hanshin1.pdf,official_daily_result_pdf
201509050107,2015,阪神,5,1,7,2015-12-05,https://www.jra.go.jp/datafile/seiseki/report/2015/2015-5hanshin1.pdf,official_daily_result_pdf
201509050108,2015,阪神,5,1,8,2015-12-05,https://www.jra.go.jp/datafile/seiseki/report/2015/2015-5hanshin1.pdf,official_daily_result_pdf
201509050109,2015,阪神,5,1,9,2015-12-05,https://www.jra.go.jp/datafile/seiseki/report/2015/2015-5hanshin1.pdf,official_daily_result_pdf
201509050110,2015,阪神,5,1,10,2015-12-05,https://www.jra.go.jp/datafile/seiseki/report/2015/2015-5hanshin1.pdf,official_daily_result_pdf
201509050111,2015,阪神,5,1,11,2015-12-05,https://www.jra.go.jp/datafile/seiseki/report/2015/2015-5hanshin1.pdf,official_daily_result_pdf
201509050112,2015,阪神,5,1,12,2015-12-05,https://www.jra.go.jp/datafile/seiseki/report/2015/2015-5hanshin1.pdf,official_daily_result_pdf
201509050201,2015,阪神,5,2,1,2015-12-06,https://www.jra.go.jp/datafile/seiseki/report/2015/2015-5hanshin2.pdf,official_daily_result_pdf
201509050202,2015,阪神,5,2,2,2015-12-06,https://www.jra.go.jp/datafile/seiseki/report/2015/2015-5hanshin2.pdf,official_daily_result_pdf
201509050203,2015,阪神,5,2,3,2015-12-06,https://www.jra.go.jp/datafile/seiseki/report/2015/2015-5hanshin2.pdf,official_daily_result_pdf
201509050204,2015,阪神,5,2,4,2015-12-06,https://www.jra.go.jp/datafile/seiseki/report/2015/2015-5hanshin2.pdf,official_daily_result_pdf
201509050205,2015,阪神,5,2,5,2015-12-06,https://www.jra.go.jp/datafile/seiseki/report/2015/2015-5hanshin2.pdf,official_daily_result_pdf
201509050206,2015,阪神,5,2,6,2015-12-06,https://www.jra.go.jp/datafile/seiseki/report/2015/2015-5hanshin2.pdf,official_daily_result_pdf
201509050207,2015,阪神,5,2,7,2015-12-06,https://www.jra.go.jp/datafile/seiseki/report/2015/2015-5hanshin2.pdf,official_daily_result_pdf
201509050208,2015,阪神,5,2,8,2015-12-06,https://www.jra.go.jp/datafile/seiseki/report/2015/2015-5hanshin2.pdf,official_daily_result_pdf
201509050209,2015,阪神,5,2,9,2015-12-06,https://www.jra.go.jp/datafile/seiseki/report/2015/2015-5hanshin2.pdf,official_daily_result_pdf
201509050210,2015,阪神,5,2,10,2015-12-06,https://www.jra.go.jp/datafile/seiseki/report/2015/2015-5hanshin2.pdf,official_daily_result_pdf
201509050211,2015,阪神,5,2,11,2015-12-06,https://www.jra.go.jp/datafile/seiseki/report/2015/2015-5hanshin2.pdf,official_daily_result_pdf
201509050212,2015,阪神,5,2,12,2015-12-06,https://www.jra.go.jp/datafile/seiseki/report/2015/2015-5hanshin2.pdf,official_daily_result_pdf
201509050301,2015,阪神,5,3,1,2015-12-12,https://www.jra.go.jp/datafile/seiseki/report/2015/2015-5hanshin3.pdf,official_daily_result_pdf
201509050302,2015,阪神,5,3,2,2015-12-12,https://www.jra.go.jp/datafile/seiseki/report/2015/2015-5hanshin3.pdf,official_daily_result_pdf
201509050303,2015,阪神,5,3,3,2015-12-12,https://www.jra.go.jp/datafile/seiseki/report/2015/2015-5hanshin3.pdf,official_daily_result_pdf
201509050304,2015,阪神,5,3,4,2015-12-12,https://www.jra.go.jp/datafile/seiseki/report/2015/2015-5hanshin3.pdf,official_daily_result_pdf
201509050305,2015,阪神,5,3,5,2015-12-12,https://www.jra.go.jp/datafile/seiseki/report/2015/2015-5hanshin3.pdf,official_daily_result_pdf
201509050306,2015,阪神,5,3,6,2015-12-12,https://www.jra.go.jp/datafile/seiseki/report/2015/2015-5hanshin3.pdf,official_daily_result_pdf
201509050307,2015,阪神,5,3,7,2015-12-12,https://www.jra.go.jp/datafile/seiseki/report/2015/2015-5hanshin3.pdf,official_daily_result_pdf
201509050308,2015,阪神,5,3,8,2015-12-12,https://www.jra.go.jp/datafile/seiseki/report/2015/2015-5hanshin3.pdf,official_daily_result_pdf
201509050309,2015,阪神,5,3,9,2015-12-12,https://www.jra.go.jp/datafile/seiseki/report/2015/2015-5hanshin3.pdf,official_daily_result_pdf
201509050310,2015,阪神,5,3,10,2015-12-12,https://www.jra.go.jp/datafile/seiseki/report/2015/2015-5hanshin3.pdf,official_daily_result_pdf
201509050311,2015,阪神,5,3,11,2015-12-12,https://www.jra.go.jp/datafile/seiseki/report/2015/2015-5hanshin3.pdf,official_daily_result_pdf
201509050312,2015,阪神,5,3,12,2015-12-12,https://www.jra.go.jp/datafile/seiseki/report/2015/2015-5hanshin3.pdf,official_daily_result_pdf
201509050401,2015,阪神,5,4,1,2015-12-13,https://www.jra.go.jp/datafile/seiseki/report/2015/2015-5hanshin4.pdf,official_daily_result_pdf
201509050402,2015,阪神,5,4,2,2015-12-13,https://www.jra.go.jp/datafile/seiseki/report/2015/2015-5hanshin4.pdf,official_daily_result_pdf
201509050403,2015,阪神,5,4,3,2015-12-13,https://www.jra.go.jp/datafile/seiseki/report/2015/2015-5hanshin4.pdf,official_daily_result_pdf
201509050404,2015,阪神,5,4,4,2015-12-13,https://www.jra.go.jp/datafile/seiseki/report/2015/2015-5hanshin4.pdf,official_daily_result_pdf
201509050405,2015,阪神,5,4,5,2015-12-13,https://www.jra.go.jp/datafile/seiseki/report/2015/2015-5hanshin4.pdf,official_daily_result_pdf
201509050406,2015,阪神,5,4,6,2015-12-13,https://www.jra.go.jp/datafile/seiseki/report/2015/2015-5hanshin4.pdf,official_daily_result_pdf
201509050407,2015,阪神,5,4,7,2015-12-13,https://www.jra.go.jp/datafile/seiseki/report/2015/2015-5hanshin4.pdf,official_daily_result_pdf
201509050408,2015,阪神,5,4,8,2015-12-13,https://www.jra.go.jp/datafile/seiseki/report/2015/2015-5hanshin4.pdf,official_daily_result_pdf
201509050409,2015,阪神,5,4,9,2015-12-13,https://www.jra.go.jp/datafile/seiseki/report/2015/2015-5hanshin4.pdf,official_daily_result_pdf
201509050410,2015,阪神,5,4,10,2015-12-13,https://www.jra.go.jp/datafile/seiseki/report/2015/2015-5hanshin4.pdf,official_daily_result_pdf
201509050411,2015,阪神,5,4,11,2015-12-13,https://www.jra.go.jp/datafile/seiseki/report/2015/2015-5hanshin4.pdf,official_daily_result_pdf
201509050412,2015,阪神,5,4,12,2015-12-13,https://www.jra.go.jp/datafile/seiseki/report/2015/2015-5hanshin4.pdf,official_daily_result_pdf
201509050501,2015,阪神,5,5,1,2015-12-19,https://www.jra.go.jp/datafile/seiseki/report/2015/2015-5hanshin5.pdf,official_daily_result_pdf
201509050502,2015,阪神,5,5,2,2015-12-19,https://www.jra.go.jp/datafile/seiseki/report/2015/2015-5hanshin5.pdf,official_daily_result_pdf
201509050503,2015,阪神,5,5,3,2015-12-19,https://www.jra.go.jp/datafile/seiseki/report/2015/2015-5hanshin5.pdf,official_daily_result_pdf
201509050504,2015,阪神,5,5,4,2015-12-19,https://www.jra.go.jp/datafile/seiseki/report/2015/2015-5hanshin5.pdf,official_daily_result_pdf
201509050505,2015,阪神,5,5,5,2015-12-19,https://www.jra.go.jp/datafile/seiseki/report/2015/2015-5hanshin5.pdf,official_daily_result_pdf
201509050506,2015,阪神,5,5,6,2015-12-19,https://www.jra.go.jp/datafile/seiseki/report/2015/2015-5hanshin5.pdf,official_daily_result_pdf
201509050507,2015,阪神,5,5,7,2015-12-19,https://www.jra.go.jp/datafile/seiseki/report/2015/2015-5hanshin5.pdf,official_daily_result_pdf
201509050508,2015,阪神,5,5,8,2015-12-19,https://www.jra.go.jp/datafile/seiseki/report/2015/2015-5hanshin5.pdf,official_daily_result_pdf
201509050509,2015,阪神,5,5,9,2015-12-19,https://www.jra.go.jp/datafile/seiseki/report/2015/2015-5hanshin5.pdf,official_daily_result_pdf
201509050510,2015,阪神,5,5,10,2015-12-19,https://www.jra.go.jp/datafile/seiseki/report/2015/2015-5hanshin5.pdf,official_daily_result_pdf
201509050511,2015,阪神,5,5,11,2015-12-19,https://www.jra.go.jp/datafile/seiseki/report/2015/2015-5hanshin5.pdf,official_daily_result_pdf
201509050512,2015,阪神,5,5,12,2015-12-19,https://www.jra.go.jp/datafile/seiseki/report/2015/2015-5hanshin5.pdf,official_daily_result_pdf
201509050601,2015,阪神,5,6,1,2015-12-20,https://www.jra.go.jp/datafile/seiseki/report/2015/2015-5hanshin6.pdf,official_daily_result_pdf
201509050602,2015,阪神,5,6,2,2015-12-20,https://www.jra.go.jp/datafile/seiseki/report/2015/2015-5hanshin6.pdf,official_daily_result_pdf
201509050603,2015,阪神,5,6,3,2015-12-20,https://www.jra.go.jp/datafile/seiseki/report/2015/2015-5hanshin6.pdf,official_daily_result_pdf
201509050604,2015,阪神,5,6,4,2015-12-20,https://www.jra.go.jp/datafile/seiseki/report/2015/2015-5hanshin6.pdf,official_daily_result_pdf
201509050605,2015,阪神,5,6,5,2015-12-20,https://www.jra.go.jp/datafile/seiseki/report/2015/2015-5hanshin6.pdf,official_daily_result_pdf
201509050606,2015,阪神,5,6,6,2015-12-20,https://www.jra.go.jp/datafile/seiseki/report/2015/2015-5hanshin6.pdf,official_daily_result_pdf
201509050607,2015,阪神,5,6,7,2015-12-20,https://www.jra.go.jp/datafile/seiseki/report/2015/2015-5hanshin6.pdf,official_daily_result_pdf
201509050608,2015,阪神,5,6,8,2015-12-20,https://www.jra.go.jp/datafile/seiseki/report/2015/2015-5hanshin6.pdf,official_daily_result_pdf
201509050609,2015,阪神,5,6,9,2015-12-20,https://www.jra.go.jp/datafile/seiseki/report/2015/2015-5hanshin6.pdf,official_daily_result_pdf
201509050610,2015,阪神,5,6,10,2015-12-20,https://www.jra.go.jp/datafile/seiseki/report/2015/2015-5hanshin6.pdf,official_daily_result_pdf
201509050611,2015,阪神,5,6,11,2015-12-20,https://www.jra.go.jp/datafile/seiseki/report/2015/2015-5hanshin6.pdf,official_daily_result_pdf
201509050612,2015,阪神,5,6,12,2015-12-20,https://www.jra.go.jp/datafile/seiseki/report/2015/2015-5hanshin6.pdf,official_daily_result_pdf
201509050701,2015,阪神,5,7,1,2015-12-26,https://www.jra.go.jp/datafile/seiseki/report/2015/2015-5hanshin7.pdf,official_daily_result_pdf
201509050702,2015,阪神,5,7,2,2015-12-26,https://www.jra.go.jp/datafile/seiseki/report/2015/2015-5hanshin7.pdf,official_daily_result_pdf
201509050703,2015,阪神,5,7,3,2015-12-26,https://www.jra.go.jp/datafile/seiseki/report/2015/2015-5hanshin7.pdf,official_daily_result_pdf
201509050704,2015,阪神,5,7,4,2015-12-26,https://www.jra.go.jp/datafile/seiseki/report/2015/2015-5hanshin7.pdf,official_daily_result_pdf
201509050705,2015,阪神,5,7,5,2015-12-26,https://www.jra.go.jp/datafile/seiseki/report/2015/2015-5hanshin7.pdf,official_daily_result_pdf
201509050706,2015,阪神,5,7,6,2015-12-26,https://www.jra.go.jp/datafile/seiseki/report/2015/2015-5hanshin7.pdf,official_daily_result_pdf
201509050707,2015,阪神,5,7,7,2015-12-26,https://www.jra.go.jp/datafile/seiseki/report/2015/2015-5hanshin7.pdf,official_daily_result_pdf
201509050708,2015,阪神,5,7,8,2015-12-26,https://www.jra.go.jp/datafile/seiseki/report/2015/2015-5hanshin7.pdf,official_daily_result_pdf
201509050709,2015,阪神,5,7,9,2015-12-26,https://www.jra.go.jp/datafile/seiseki/report/2015/2015-5hanshin7.pdf,official_daily_result_pdf
201509050710,2015,阪神,5,7,10,2015-12-26,https://www.jra.go.jp/datafile/seiseki/report/2015/2015-5hanshin7.pdf,official_daily_result_pdf
201509050711,2015,阪神,5,7,11,2015-12-26,https://www.jra.go.jp/datafile/seiseki/report/2015/2015-5hanshin7.pdf,official_daily_result_pdf
201509050712,2015,阪神,5,7,12,2015-12-26,https://www.jra.go.jp/datafile/seiseki/report/2015/2015-5hanshin7.pdf,official_daily_result_pdf
201509050801,2015,阪神,5,8,1,2015-12-27,https://www.jra.go.jp/datafile/seiseki/report/2015/2015-5hanshin8.pdf,official_daily_result_pdf
201509050802,2015,阪神,5,8,2,2015-12-27,https://www.jra.go.jp/datafile/seiseki/report/2015/2015-5hanshin8.pdf,official_daily_result_pdf
201509050803,2015,阪神,5,8,3,2015-12-27,https://www.jra.go.jp/datafile/seiseki/report/2015/2015-5hanshin8.pdf,official_daily_result_pdf
201509050804,2015,阪神,5,8,4,2015-12-27,https://www.jra.go.jp/datafile/seiseki/report/2015/2015-5hanshin8.pdf,official_daily_result_pdf
201509050805,2015,阪神,5,8,5,2015-12-27,https://www.jra.go.jp/datafile/seiseki/report/2015/2015-5hanshin8.pdf,official_daily_result_pdf
201509050806,2015,阪神,5,8,6,2015-12-27,https://www.jra.go.jp/datafile/seiseki/report/2015/2015-5hanshin8.pdf,official_daily_result_pdf
201509050807,2015,阪神,5,8,7,2015-12-27,https://www.jra.go.jp/datafile/seiseki/report/2015/2015-5hanshin8.pdf,official_daily_result_pdf
201509050808,2015,阪神,5,8,8,2015-12-27,https://www.jra.go.jp/datafile/seiseki/report/2015/2015-5hanshin8.pdf,official_daily_result_pdf
201509050809,2015,阪神,5,8,9,2015-12-27,https://www.jra.go.jp/datafile/seiseki/report/2015/2015-5hanshin8.pdf,official_daily_result_pdf
201509050810,2015,阪神,5,8,10,2015-12-27,https://www.jra.go.jp/datafile/seiseki/report/2015/2015-5hanshin8.pdf,official_daily_result_pdf
201509050811,2015,阪神,5,8,11,2015-12-27,https://www.jra.go.jp/datafile/seiseki/report/2015/2015-5hanshin8.pdf,official_daily_result_pdf
201509050812,2015,阪神,5,8,12,2015-12-27,https://www.jra.go.jp/datafile/seiseki/report/2015/2015-5hanshin8.pdf,official_daily_result_pdf
201510010101,2015,小倉,1,1,1,2015-02-07,https://www.jra.go.jp/datafile/seiseki/report/2015/2015-1kokura1.pdf,official_daily_result_pdf
201510010102,2015,小倉,1,1,2,2015-02-07,https://www.jra.go.jp/datafile/seiseki/report/2015/2015-1kokura1.pdf,official_daily_result_pdf
201510010103,2015,小倉,1,1,3,2015-02-07,https://www.jra.go.jp/datafile/seiseki/report/2015/2015-1kokura1.pdf,official_daily_result_pdf
201510010104,2015,小倉,1,1,4,2015-02-07,https://www.jra.go.jp/datafile/seiseki/report/2015/2015-1kokura1.pdf,official_daily_result_pdf
201510010105,2015,小倉,1,1,5,2015-02-07,https://www.jra.go.jp/datafile/seiseki/report/2015/2015-1kokura1.pdf,official_daily_result_pdf
201510010106,2015,小倉,1,1,6,2015-02-07,https://www.jra.go.jp/datafile/seiseki/report/2015/2015-1kokura1.pdf,official_daily_result_pdf
201510010107,2015,小倉,1,1,7,2015-02-07,https://www.jra.go.jp/datafile/seiseki/report/2015/2015-1kokura1.pdf,official_daily_result_pdf
201510010108,2015,小倉,1,1,8,2015-02-07,https://www.jra.go.jp/datafile/seiseki/report/2015/2015-1kokura1.pdf,official_daily_result_pdf
201510010109,2015,小倉,1,1,9,2015-02-07,https://www.jra.go.jp/datafile/seiseki/report/2015/2015-1kokura1.pdf,official_daily_result_pdf
201510010110,2015,小倉,1,1,10,2015-02-07,https://www.jra.go.jp/datafile/seiseki/report/2015/2015-1kokura1.pdf,official_daily_result_pdf
201510010111,2015,小倉,1,1,11,2015-02-07,https://www.jra.go.jp/datafile/seiseki/report/2015/2015-1kokura1.pdf,official_daily_result_pdf
201510010112,2015,小倉,1,1,12,2015-02-07,https://www.jra.go.jp/datafile/seiseki/report/2015/2015-1kokura1.pdf,official_daily_result_pdf
201510010201,2015,小倉,1,2,1,2015-02-08,https://www.jra.go.jp/datafile/seiseki/report/2015/2015-1kokura2.pdf,official_daily_result_pdf
201510010202,2015,小倉,1,2,2,2015-02-08,https://www.jra.go.jp/datafile/seiseki/report/2015/2015-1kokura2.pdf,official_daily_result_pdf
201510010203,2015,小倉,1,2,3,2015-02-08,https://www.jra.go.jp/datafile/seiseki/report/2015/2015-1kokura2.pdf,official_daily_result_pdf
201510010204,2015,小倉,1,2,4,2015-02-08,https://www.jra.go.jp/datafile/seiseki/report/2015/2015-1kokura2.pdf,official_daily_result_pdf
201510010205,2015,小倉,1,2,5,2015-02-08,https://www.jra.go.jp/datafile/seiseki/report/2015/2015-1kokura2.pdf,official_daily_result_pdf
201510010206,2015,小倉,1,2,6,2015-02-08,https://www.jra.go.jp/datafile/seiseki/report/2015/2015-1kokura2.pdf,official_daily_result_pdf
201510010207,2015,小倉,1,2,7,2015-02-08,https://www.jra.go.jp/datafile/seiseki/report/2015/2015-1kokura2.pdf,official_daily_result_pdf
201510010208,2015,小倉,1,2,8,2015-02-08,https://www.jra.go.jp/datafile/seiseki/report/2015/2015-1kokura2.pdf,official_daily_result_pdf
201510010209,2015,小倉,1,2,9,2015-02-08,https://www.jra.go.jp/datafile/seiseki/report/2015/2015-1kokura2.pdf,official_daily_result_pdf
201510010210,2015,小倉,1,2,10,2015-02-08,https://www.jra.go.jp/datafile/seiseki/report/2015/2015-1kokura2.pdf,official_daily_result_pdf
201510010211,2015,小倉,1,2,11,2015-02-08,https://www.jra.go.jp/datafile/seiseki/report/2015/2015-1kokura2.pdf,official_daily_result_pdf
201510010212,2015,小倉,1,2,12,2015-02-08,https://www.jra.go.jp/datafile/seiseki/report/2015/2015-1kokura2.pdf,official_daily_result_pdf
201510010301,2015,小倉,1,3,1,2015-02-14,https://www.jra.go.jp/datafile/seiseki/report/2015/2015-1kokura3.pdf,official_daily_result_pdf
201510010302,2015,小倉,1,3,2,2015-02-14,https://www.jra.go.jp/datafile/seiseki/report/2015/2015-1kokura3.pdf,official_daily_result_pdf
201510010303,2015,小倉,1,3,3,2015-02-14,https://www.jra.go.jp/datafile/seiseki/report/2015/2015-1kokura3.pdf,official_daily_result_pdf
201510010304,2015,小倉,1,3,4,2015-02-14,https://www.jra.go.jp/datafile/seiseki/report/2015/2015-1kokura3.pdf,official_daily_result_pdf
201510010305,2015,小倉,1,3,5,2015-02-14,https://www.jra.go.jp/datafile/seiseki/report/2015/2015-1kokura3.pdf,official_daily_result_pdf
201510010306,2015,小倉,1,3,6,2015-02-14,https://www.jra.go.jp/datafile/seiseki/report/2015/2015-1kokura3.pdf,official_daily_result_pdf
201510010307,2015,小倉,1,3,7,2015-02-14,https://www.jra.go.jp/datafile/seiseki/report/2015/2015-1kokura3.pdf,official_daily_result_pdf
201510010308,2015,小倉,1,3,8,2015-02-14,https://www.jra.go.jp/datafile/seiseki/report/2015/2015-1kokura3.pdf,official_daily_result_pdf
201510010309,2015,小倉,1,3,9,2015-02-14,https://www.jra.go.jp/datafile/seiseki/report/2015/2015-1kokura3.pdf,official_daily_result_pdf
201510010310,2015,小倉,1,3,10,2015-02-14,https://www.jra.go.jp/datafile/seiseki/report/2015/2015-1kokura3.pdf,official_daily_result_pdf
201510010311,2015,小倉,1,3,11,2015-02-14,https://www.jra.go.jp/datafile/seiseki/report/2015/2015-1kokura3.pdf,official_daily_result_pdf
201510010312,2015,小倉,1,3,12,2015-02-14,https://www.jra.go.jp/datafile/seiseki/report/2015/2015-1kokura3.pdf,official_daily_result_pdf
201510010401,2015,小倉,1,4,1,2015-02-15,https://www.jra.go.jp/datafile/seiseki/report/2015/2015-1kokura4.pdf,official_daily_result_pdf
201510010402,2015,小倉,1,4,2,2015-02-15,https://www.jra.go.jp/datafile/seiseki/report/2015/2015-1kokura4.pdf,official_daily_result_pdf
201510010403,2015,小倉,1,4,3,2015-02-15,https://www.jra.go.jp/datafile/seiseki/report/2015/2015-1kokura4.pdf,official_daily_result_pdf
201510010404,2015,小倉,1,4,4,2015-02-15,https://www.jra.go.jp/datafile/seiseki/report/2015/2015-1kokura4.pdf,official_daily_result_pdf
201510010405,2015,小倉,1,4,5,2015-02-15,https://www.jra.go.jp/datafile/seiseki/report/2015/2015-1kokura4.pdf,official_daily_result_pdf
201510010406,2015,小倉,1,4,6,2015-02-15,https://www.jra.go.jp/datafile/seiseki/report/2015/2015-1kokura4.pdf,official_daily_result_pdf
201510010407,2015,小倉,1,4,7,2015-02-15,https://www.jra.go.jp/datafile/seiseki/report/2015/2015-1kokura4.pdf,official_daily_result_pdf
201510010408,2015,小倉,1,4,8,2015-02-15,https://www.jra.go.jp/datafile/seiseki/report/2015/2015-1kokura4.pdf,official_daily_result_pdf
201510010409,2015,小倉,1,4,9,2015-02-15,https://www.jra.go.jp/datafile/seiseki/report/2015/2015-1kokura4.pdf,official_daily_result_pdf
201510010410,2015,小倉,1,4,10,2015-02-15,https://www.jra.go.jp/datafile/seiseki/report/2015/2015-1kokura4.pdf,official_daily_result_pdf
201510010411,2015,小倉,1,4,11,2015-02-15,https://www.jra.go.jp/datafile/seiseki/report/2015/2015-1kokura4.pdf,official_daily_result_pdf
201510010412,2015,小倉,1,4,12,2015-02-15,https://www.jra.go.jp/datafile/seiseki/report/2015/2015-1kokura4.pdf,official_daily_result_pdf
201510010501,2015,小倉,1,5,1,2015-02-21,https://www.jra.go.jp/datafile/seiseki/report/2015/2015-1kokura5.pdf,official_daily_result_pdf
201510010502,2015,小倉,1,5,2,2015-02-21,https://www.jra.go.jp/datafile/seiseki/report/2015/2015-1kokura5.pdf,official_daily_result_pdf
201510010503,2015,小倉,1,5,3,2015-02-21,https://www.jra.go.jp/datafile/seiseki/report/2015/2015-1kokura5.pdf,official_daily_result_pdf
201510010504,2015,小倉,1,5,4,2015-02-21,https://www.jra.go.jp/datafile/seiseki/report/2015/2015-1kokura5.pdf,official_daily_result_pdf
201510010505,2015,小倉,1,5,5,2015-02-21,https://www.jra.go.jp/datafile/seiseki/report/2015/2015-1kokura5.pdf,official_daily_result_pdf
201510010506,2015,小倉,1,5,6,2015-02-21,https://www.jra.go.jp/datafile/seiseki/report/2015/2015-1kokura5.pdf,official_daily_result_pdf
201510010507,2015,小倉,1,5,7,2015-02-21,https://www.jra.go.jp/datafile/seiseki/report/2015/2015-1kokura5.pdf,official_daily_result_pdf
201510010508,2015,小倉,1,5,8,2015-02-21,https://www.jra.go.jp/datafile/seiseki/report/2015/2015-1kokura5.pdf,official_daily_result_pdf
201510010509,2015,小倉,1,5,9,2015-02-21,https://www.jra.go.jp/datafile/seiseki/report/2015/2015-1kokura5.pdf,official_daily_result_pdf
201510010510,2015,小倉,1,5,10,2015-02-21,https://www.jra.go.jp/datafile/seiseki/report/2015/2015-1kokura5.pdf,official_daily_result_pdf
201510010511,2015,小倉,1,5,11,2015-02-21,https://www.jra.go.jp/datafile/seiseki/report/2015/2015-1kokura5.pdf,official_daily_result_pdf
201510010512,2015,小倉,1,5,12,2015-02-21,https://www.jra.go.jp/datafile/seiseki/report/2015/2015-1kokura5.pdf,official_daily_result_pdf
201510010601,2015,小倉,1,6,1,2015-02-22,https://www.jra.go.jp/datafile/seiseki/report/2015/2015-1kokura6.pdf,official_daily_result_pdf
201510010602,2015,小倉,1,6,2,2015-02-22,https://www.jra.go.jp/datafile/seiseki/report/2015/2015-1kokura6.pdf,official_daily_result_pdf
201510010603,2015,小倉,1,6,3,2015-02-22,https://www.jra.go.jp/datafile/seiseki/report/2015/2015-1kokura6.pdf,official_daily_result_pdf
201510010604,2015,小倉,1,6,4,2015-02-22,https://www.jra.go.jp/datafile/seiseki/report/2015/2015-1kokura6.pdf,official_daily_result_pdf
201510010605,2015,小倉,1,6,5,2015-02-22,https://www.jra.go.jp/datafile/seiseki/report/2015/2015-1kokura6.pdf,official_daily_result_pdf
201510010606,2015,小倉,1,6,6,2015-02-22,https://www.jra.go.jp/datafile/seiseki/report/2015/2015-1kokura6.pdf,official_daily_result_pdf
201510010607,2015,小倉,1,6,7,2015-02-22,https://www.jra.go.jp/datafile/seiseki/report/2015/2015-1kokura6.pdf,official_daily_result_pdf
201510010608,2015,小倉,1,6,8,2015-02-22,https://www.jra.go.jp/datafile/seiseki/report/2015/2015-1kokura6.pdf,official_daily_result_pdf
201510010609,2015,小倉,1,6,9,2015-02-22,https://www.jra.go.jp/datafile/seiseki/report/2015/2015-1kokura6.pdf,official_daily_result_pdf
201510010610,2015,小倉,1,6,10,2015-02-22,https://www.jra.go.jp/datafile/seiseki/report/2015/2015-1kokura6.pdf,official_daily_result_pdf
201510010611,2015,小倉,1,6,11,2015-02-22,https://www.jra.go.jp/datafile/seiseki/report/2015/2015-1kokura6.pdf,official_daily_result_pdf
201510010612,2015,小倉,1,6,12,2015-02-22,https://www.jra.go.jp/datafile/seiseki/report/2015/2015-1kokura6.pdf,official_daily_result_pdf
201510010701,2015,小倉,1,7,1,2015-02-28,https://www.jra.go.jp/datafile/seiseki/report/2015/2015-1kokura7.pdf,official_daily_result_pdf
201510010702,2015,小倉,1,7,2,2015-02-28,https://www.jra.go.jp/datafile/seiseki/report/2015/2015-1kokura7.pdf,official_daily_result_pdf
201510010703,2015,小倉,1,7,3,2015-02-28,https://www.jra.go.jp/datafile/seiseki/report/2015/2015-1kokura7.pdf,official_daily_result_pdf
201510010704,2015,小倉,1,7,4,2015-02-28,https://www.jra.go.jp/datafile/seiseki/report/2015/2015-1kokura7.pdf,official_daily_result_pdf
201510010705,2015,小倉,1,7,5,2015-02-28,https://www.jra.go.jp/datafile/seiseki/report/2015/2015-1kokura7.pdf,official_daily_result_pdf
201510010706,2015,小倉,1,7,6,2015-02-28,https://www.jra.go.jp/datafile/seiseki/report/2015/2015-1kokura7.pdf,official_daily_result_pdf
201510010707,2015,小倉,1,7,7,2015-02-28,https://www.jra.go.jp/datafile/seiseki/report/2015/2015-1kokura7.pdf,official_daily_result_pdf
201510010708,2015,小倉,1,7,8,2015-02-28,https://www.jra.go.jp/datafile/seiseki/report/2015/2015-1kokura7.pdf,official_daily_result_pdf
201510010709,2015,小倉,1,7,9,2015-02-28,https://www.jra.go.jp/datafile/seiseki/report/2015/2015-1kokura7.pdf,official_daily_result_pdf
201510010710,2015,小倉,1,7,10,2015-02-28,https://www.jra.go.jp/datafile/seiseki/report/2015/2015-1kokura7.pdf,official_daily_result_pdf
201510010711,2015,小倉,1,7,11,2015-02-28,https://www.jra.go.jp/datafile/seiseki/report/2015/2015-1kokura7.pdf,official_daily_result_pdf
201510010712,2015,小倉,1,7,12,2015-02-28,https://www.jra.go.jp/datafile/seiseki/report/2015/2015-1kokura7.pdf,official_daily_result_pdf
201510010801,2015,小倉,1,8,1,2015-03-01,https://www.jra.go.jp/datafile/seiseki/report/2015/2015-1kokura8.pdf,official_daily_result_pdf
201510010802,2015,小倉,1,8,2,2015-03-01,https://www.jra.go.jp/datafile/seiseki/report/2015/2015-1kokura8.pdf,official_daily_result_pdf
201510010803,2015,小倉,1,8,3,2015-03-01,https://www.jra.go.jp/datafile/seiseki/report/2015/2015-1kokura8.pdf,official_daily_result_pdf
201510010804,2015,小倉,1,8,4,2015-03-01,https://www.jra.go.jp/datafile/seiseki/report/2015/2015-1kokura8.pdf,official_daily_result_pdf
201510010805,2015,小倉,1,8,5,2015-03-01,https://www.jra.go.jp/datafile/seiseki/report/2015/2015-1kokura8.pdf,official_daily_result_pdf
201510010806,2015,小倉,1,8,6,2015-03-01,https://www.jra.go.jp/datafile/seiseki/report/2015/2015-1kokura8.pdf,official_daily_result_pdf
201510010807,2015,小倉,1,8,7,2015-03-01,https://www.jra.go.jp/datafile/seiseki/report/2015/2015-1kokura8.pdf,official_daily_result_pdf
201510010808,2015,小倉,1,8,8,2015-03-01,https://www.jra.go.jp/datafile/seiseki/report/2015/2015-1kokura8.pdf,official_daily_result_pdf
201510010809,2015,小倉,1,8,9,2015-03-01,https://www.jra.go.jp/datafile/seiseki/report/2015/2015-1kokura8.pdf,official_daily_result_pdf
201510010810,2015,小倉,1,8,10,2015-03-01,https://www.jra.go.jp/datafile/seiseki/report/2015/2015-1kokura8.pdf,official_daily_result_pdf
201510010811,2015,小倉,1,8,11,2015-03-01,https://www.jra.go.jp/datafile/seiseki/report/2015/2015-1kokura8.pdf,official_daily_result_pdf
201510010812,2015,小倉,1,8,12,2015-03-01,https://www.jra.go.jp/datafile/seiseki/report/2015/2015-1kokura8.pdf,official_daily_result_pdf
201510020101,2015,小倉,2,1,1,2015-08-01,https://www.jra.go.jp/datafile/seiseki/report/2015/2015-2kokura1.pdf,official_daily_result_pdf
201510020102,2015,小倉,2,1,2,2015-08-01,https://www.jra.go.jp/datafile/seiseki/report/2015/2015-2kokura1.pdf,official_daily_result_pdf
201510020103,2015,小倉,2,1,3,2015-08-01,https://www.jra.go.jp/datafile/seiseki/report/2015/2015-2kokura1.pdf,official_daily_result_pdf
201510020104,2015,小倉,2,1,4,2015-08-01,https://www.jra.go.jp/datafile/seiseki/report/2015/2015-2kokura1.pdf,official_daily_result_pdf
201510020105,2015,小倉,2,1,5,2015-08-01,https://www.jra.go.jp/datafile/seiseki/report/2015/2015-2kokura1.pdf,official_daily_result_pdf
201510020106,2015,小倉,2,1,6,2015-08-01,https://www.jra.go.jp/datafile/seiseki/report/2015/2015-2kokura1.pdf,official_daily_result_pdf
201510020107,2015,小倉,2,1,7,2015-08-01,https://www.jra.go.jp/datafile/seiseki/report/2015/2015-2kokura1.pdf,official_daily_result_pdf
201510020108,2015,小倉,2,1,8,2015-08-01,https://www.jra.go.jp/datafile/seiseki/report/2015/2015-2kokura1.pdf,official_daily_result_pdf
201510020109,2015,小倉,2,1,9,2015-08-01,https://www.jra.go.jp/datafile/seiseki/report/2015/2015-2kokura1.pdf,official_daily_result_pdf
201510020110,2015,小倉,2,1,10,2015-08-01,https://www.jra.go.jp/datafile/seiseki/report/2015/2015-2kokura1.pdf,official_daily_result_pdf
201510020111,2015,小倉,2,1,11,2015-08-01,https://www.jra.go.jp/datafile/seiseki/report/2015/2015-2kokura1.pdf,official_daily_result_pdf
201510020112,2015,小倉,2,1,12,2015-08-01,https://www.jra.go.jp/datafile/seiseki/report/2015/2015-2kokura1.pdf,official_daily_result_pdf
201510020201,2015,小倉,2,2,1,2015-08-02,https://www.jra.go.jp/datafile/seiseki/report/2015/2015-2kokura2.pdf,official_daily_result_pdf
201510020202,2015,小倉,2,2,2,2015-08-02,https://www.jra.go.jp/datafile/seiseki/report/2015/2015-2kokura2.pdf,official_daily_result_pdf
201510020203,2015,小倉,2,2,3,2015-08-02,https://www.jra.go.jp/datafile/seiseki/report/2015/2015-2kokura2.pdf,official_daily_result_pdf
201510020204,2015,小倉,2,2,4,2015-08-02,https://www.jra.go.jp/datafile/seiseki/report/2015/2015-2kokura2.pdf,official_daily_result_pdf
201510020205,2015,小倉,2,2,5,2015-08-02,https://www.jra.go.jp/datafile/seiseki/report/2015/2015-2kokura2.pdf,official_daily_result_pdf
201510020206,2015,小倉,2,2,6,2015-08-02,https://www.jra.go.jp/datafile/seiseki/report/2015/2015-2kokura2.pdf,official_daily_result_pdf
201510020207,2015,小倉,2,2,7,2015-08-02,https://www.jra.go.jp/datafile/seiseki/report/2015/2015-2kokura2.pdf,official_daily_result_pdf
201510020208,2015,小倉,2,2,8,2015-08-02,https://www.jra.go.jp/datafile/seiseki/report/2015/2015-2kokura2.pdf,official_daily_result_pdf
201510020209,2015,小倉,2,2,9,2015-08-02,https://www.jra.go.jp/datafile/seiseki/report/2015/2015-2kokura2.pdf,official_daily_result_pdf
201510020210,2015,小倉,2,2,10,2015-08-02,https://www.jra.go.jp/datafile/seiseki/report/2015/2015-2kokura2.pdf,official_daily_result_pdf
201510020211,2015,小倉,2,2,11,2015-08-02,https://www.jra.go.jp/datafile/seiseki/report/2015/2015-2kokura2.pdf,official_daily_result_pdf
201510020212,2015,小倉,2,2,12,2015-08-02,https://www.jra.go.jp/datafile/seiseki/report/2015/2015-2kokura2.pdf,official_daily_result_pdf
201510020301,2015,小倉,2,3,1,2015-08-08,https://www.jra.go.jp/datafile/seiseki/report/2015/2015-2kokura3.pdf,official_daily_result_pdf
201510020302,2015,小倉,2,3,2,2015-08-08,https://www.jra.go.jp/datafile/seiseki/report/2015/2015-2kokura3.pdf,official_daily_result_pdf
201510020303,2015,小倉,2,3,3,2015-08-08,https://www.jra.go.jp/datafile/seiseki/report/2015/2015-2kokura3.pdf,official_daily_result_pdf
201510020304,2015,小倉,2,3,4,2015-08-08,https://www.jra.go.jp/datafile/seiseki/report/2015/2015-2kokura3.pdf,official_daily_result_pdf
201510020305,2015,小倉,2,3,5,2015-08-08,https://www.jra.go.jp/datafile/seiseki/report/2015/2015-2kokura3.pdf,official_daily_result_pdf
201510020306,2015,小倉,2,3,6,2015-08-08,https://www.jra.go.jp/datafile/seiseki/report/2015/2015-2kokura3.pdf,official_daily_result_pdf
201510020307,2015,小倉,2,3,7,2015-08-08,https://www.jra.go.jp/datafile/seiseki/report/2015/2015-2kokura3.pdf,official_daily_result_pdf
201510020308,2015,小倉,2,3,8,2015-08-08,https://www.jra.go.jp/datafile/seiseki/report/2015/2015-2kokura3.pdf,official_daily_result_pdf
201510020309,2015,小倉,2,3,9,2015-08-08,https://www.jra.go.jp/datafile/seiseki/report/2015/2015-2kokura3.pdf,official_daily_result_pdf
201510020310,2015,小倉,2,3,10,2015-08-08,https://www.jra.go.jp/datafile/seiseki/report/2015/2015-2kokura3.pdf,official_daily_result_pdf
201510020311,2015,小倉,2,3,11,2015-08-08,https://www.jra.go.jp/datafile/seiseki/report/2015/2015-2kokura3.pdf,official_daily_result_pdf
201510020312,2015,小倉,2,3,12,2015-08-08,https://www.jra.go.jp/datafile/seiseki/report/2015/2015-2kokura3.pdf,official_daily_result_pdf
201510020401,2015,小倉,2,4,1,2015-08-09,https://www.jra.go.jp/datafile/seiseki/report/2015/2015-2kokura4.pdf,official_daily_result_pdf
201510020402,2015,小倉,2,4,2,2015-08-09,https://www.jra.go.jp/datafile/seiseki/report/2015/2015-2kokura4.pdf,official_daily_result_pdf
201510020403,2015,小倉,2,4,3,2015-08-09,https://www.jra.go.jp/datafile/seiseki/report/2015/2015-2kokura4.pdf,official_daily_result_pdf
201510020404,2015,小倉,2,4,4,2015-08-09,https://www.jra.go.jp/datafile/seiseki/report/2015/2015-2kokura4.pdf,official_daily_result_pdf
201510020405,2015,小倉,2,4,5,2015-08-09,https://www.jra.go.jp/datafile/seiseki/report/2015/2015-2kokura4.pdf,official_daily_result_pdf
201510020406,2015,小倉,2,4,6,2015-08-09,https://www.jra.go.jp/datafile/seiseki/report/2015/2015-2kokura4.pdf,official_daily_result_pdf
201510020407,2015,小倉,2,4,7,2015-08-09,https://www.jra.go.jp/datafile/seiseki/report/2015/2015-2kokura4.pdf,official_daily_result_pdf
201510020408,2015,小倉,2,4,8,2015-08-09,https://www.jra.go.jp/datafile/seiseki/report/2015/2015-2kokura4.pdf,official_daily_result_pdf
201510020409,2015,小倉,2,4,9,2015-08-09,https://www.jra.go.jp/datafile/seiseki/report/2015/2015-2kokura4.pdf,official_daily_result_pdf
201510020410,2015,小倉,2,4,10,2015-08-09,https://www.jra.go.jp/datafile/seiseki/report/2015/2015-2kokura4.pdf,official_daily_result_pdf
201510020411,2015,小倉,2,4,11,2015-08-09,https://www.jra.go.jp/datafile/seiseki/report/2015/2015-2kokura4.pdf,official_daily_result_pdf
201510020412,2015,小倉,2,4,12,2015-08-09,https://www.jra.go.jp/datafile/seiseki/report/2015/2015-2kokura4.pdf,official_daily_result_pdf
201510020501,2015,小倉,2,5,1,2015-08-15,https://www.jra.go.jp/datafile/seiseki/report/2015/2015-2kokura5.pdf,official_daily_result_pdf
201510020502,2015,小倉,2,5,2,2015-08-15,https://www.jra.go.jp/datafile/seiseki/report/2015/2015-2kokura5.pdf,official_daily_result_pdf
201510020503,2015,小倉,2,5,3,2015-08-15,https://www.jra.go.jp/datafile/seiseki/report/2015/2015-2kokura5.pdf,official_daily_result_pdf
201510020504,2015,小倉,2,5,4,2015-08-15,https://www.jra.go.jp/datafile/seiseki/report/2015/2015-2kokura5.pdf,official_daily_result_pdf
201510020505,2015,小倉,2,5,5,2015-08-15,https://www.jra.go.jp/datafile/seiseki/report/2015/2015-2kokura5.pdf,official_daily_result_pdf
201510020506,2015,小倉,2,5,6,2015-08-15,https://www.jra.go.jp/datafile/seiseki/report/2015/2015-2kokura5.pdf,official_daily_result_pdf
201510020507,2015,小倉,2,5,7,2015-08-15,https://www.jra.go.jp/datafile/seiseki/report/2015/2015-2kokura5.pdf,official_daily_result_pdf
201510020508,2015,小倉,2,5,8,2015-08-15,https://www.jra.go.jp/datafile/seiseki/report/2015/2015-2kokura5.pdf,official_daily_result_pdf
201510020509,2015,小倉,2,5,9,2015-08-15,https://www.jra.go.jp/datafile/seiseki/report/2015/2015-2kokura5.pdf,official_daily_result_pdf
201510020510,2015,小倉,2,5,10,2015-08-15,https://www.jra.go.jp/datafile/seiseki/report/2015/2015-2kokura5.pdf,official_daily_result_pdf
201510020511,2015,小倉,2,5,11,2015-08-15,https://www.jra.go.jp/datafile/seiseki/report/2015/2015-2kokura5.pdf,official_daily_result_pdf
201510020512,2015,小倉,2,5,12,2015-08-15,https://www.jra.go.jp/datafile/seiseki/report/2015/2015-2kokura5.pdf,official_daily_result_pdf
201510020601,2015,小倉,2,6,1,2015-08-16,https://www.jra.go.jp/datafile/seiseki/report/2015/2015-2kokura6.pdf,official_daily_result_pdf
201510020602,2015,小倉,2,6,2,2015-08-16,https://www.jra.go.jp/datafile/seiseki/report/2015/2015-2kokura6.pdf,official_daily_result_pdf
201510020603,2015,小倉,2,6,3,2015-08-16,https://www.jra.go.jp/datafile/seiseki/report/2015/2015-2kokura6.pdf,official_daily_result_pdf
201510020604,2015,小倉,2,6,4,2015-08-16,https://www.jra.go.jp/datafile/seiseki/report/2015/2015-2kokura6.pdf,official_daily_result_pdf
201510020605,2015,小倉,2,6,5,2015-08-16,https://www.jra.go.jp/datafile/seiseki/report/2015/2015-2kokura6.pdf,official_daily_result_pdf
201510020606,2015,小倉,2,6,6,2015-08-16,https://www.jra.go.jp/datafile/seiseki/report/2015/2015-2kokura6.pdf,official_daily_result_pdf
201510020607,2015,小倉,2,6,7,2015-08-16,https://www.jra.go.jp/datafile/seiseki/report/2015/2015-2kokura6.pdf,official_daily_result_pdf
201510020608,2015,小倉,2,6,8,2015-08-16,https://www.jra.go.jp/datafile/seiseki/report/2015/2015-2kokura6.pdf,official_daily_result_pdf
201510020609,2015,小倉,2,6,9,2015-08-16,https://www.jra.go.jp/datafile/seiseki/report/2015/2015-2kokura6.pdf,official_daily_result_pdf
201510020610,2015,小倉,2,6,10,2015-08-16,https://www.jra.go.jp/datafile/seiseki/report/2015/2015-2kokura6.pdf,official_daily_result_pdf
201510020611,2015,小倉,2,6,11,2015-08-16,https://www.jra.go.jp/datafile/seiseki/report/2015/2015-2kokura6.pdf,official_daily_result_pdf
201510020612,2015,小倉,2,6,12,2015-08-16,https://www.jra.go.jp/datafile/seiseki/report/2015/2015-2kokura6.pdf,official_daily_result_pdf
201510020701,2015,小倉,2,7,1,2015-08-22,https://www.jra.go.jp/datafile/seiseki/report/2015/2015-2kokura7.pdf,official_daily_result_pdf
201510020702,2015,小倉,2,7,2,2015-08-22,https://www.jra.go.jp/datafile/seiseki/report/2015/2015-2kokura7.pdf,official_daily_result_pdf
201510020703,2015,小倉,2,7,3,2015-08-22,https://www.jra.go.jp/datafile/seiseki/report/2015/2015-2kokura7.pdf,official_daily_result_pdf
201510020704,2015,小倉,2,7,4,2015-08-22,https://www.jra.go.jp/datafile/seiseki/report/2015/2015-2kokura7.pdf,official_daily_result_pdf
201510020705,2015,小倉,2,7,5,2015-08-22,https://www.jra.go.jp/datafile/seiseki/report/2015/2015-2kokura7.pdf,official_daily_result_pdf
201510020706,2015,小倉,2,7,6,2015-08-22,https://www.jra.go.jp/datafile/seiseki/report/2015/2015-2kokura7.pdf,official_daily_result_pdf
201510020707,2015,小倉,2,7,7,2015-08-22,https://www.jra.go.jp/datafile/seiseki/report/2015/2015-2kokura7.pdf,official_daily_result_pdf
201510020708,2015,小倉,2,7,8,2015-08-22,https://www.jra.go.jp/datafile/seiseki/report/2015/2015-2kokura7.pdf,official_daily_result_pdf
201510020709,2015,小倉,2,7,9,2015-08-22,https://www.jra.go.jp/datafile/seiseki/report/2015/2015-2kokura7.pdf,official_daily_result_pdf
201510020710,2015,小倉,2,7,10,2015-08-22,https://www.jra.go.jp/datafile/seiseki/report/2015/2015-2kokura7.pdf,official_daily_result_pdf
201510020711,2015,小倉,2,7,11,2015-08-22,https://www.jra.go.jp/datafile/seiseki/report/2015/2015-2kokura7.pdf,official_daily_result_pdf
201510020712,2015,小倉,2,7,12,2015-08-22,https://www.jra.go.jp/datafile/seiseki/report/2015/2015-2kokura7.pdf,official_daily_result_pdf
201510020801,2015,小倉,2,8,1,2015-08-23,https://www.jra.go.jp/datafile/seiseki/report/2015/2015-2kokura8.pdf,official_daily_result_pdf
201510020802,2015,小倉,2,8,2,2015-08-23,https://www.jra.go.jp/datafile/seiseki/report/2015/2015-2kokura8.pdf,official_daily_result_pdf
201510020803,2015,小倉,2,8,3,2015-08-23,https://www.jra.go.jp/datafile/seiseki/report/2015/2015-2kokura8.pdf,official_daily_result_pdf
201510020804,2015,小倉,2,8,4,2015-08-23,https://www.jra.go.jp/datafile/seiseki/report/2015/2015-2kokura8.pdf,official_daily_result_pdf
201510020805,2015,小倉,2,8,5,2015-08-23,https://www.jra.go.jp/datafile/seiseki/report/2015/2015-2kokura8.pdf,official_daily_result_pdf
201510020806,2015,小倉,2,8,6,2015-08-23,https://www.jra.go.jp/datafile/seiseki/report/2015/2015-2kokura8.pdf,official_daily_result_pdf
201510020807,2015,小倉,2,8,7,2015-08-23,https://www.jra.go.jp/datafile/seiseki/report/2015/2015-2kokura8.pdf,official_daily_result_pdf
201510020808,2015,小倉,2,8,8,2015-08-23,https://www.jra.go.jp/datafile/seiseki/report/2015/2015-2kokura8.pdf,official_daily_result_pdf
201510020809,2015,小倉,2,8,9,2015-08-23,https://www.jra.go.jp/datafile/seiseki/report/2015/2015-2kokura8.pdf,official_daily_result_pdf
201510020810,2015,小倉,2,8,10,2015-08-23,https://www.jra.go.jp/datafile/seiseki/report/2015/2015-2kokura8.pdf,official_daily_result_pdf
201510020811,2015,小倉,2,8,11,2015-08-23,https://www.jra.go.jp/datafile/seiseki/report/2015/2015-2kokura8.pdf,official_daily_result_pdf
201510020812,2015,小倉,2,8,12,2015-08-23,https://www.jra.go.jp/datafile/seiseki/report/2015/2015-2kokura8.pdf,official_daily_result_pdf
201510020901,2015,小倉,2,9,1,2015-08-29,https://www.jra.go.jp/datafile/seiseki/report/2015/2015-2kokura9.pdf,official_daily_result_pdf
201510020902,2015,小倉,2,9,2,2015-08-29,https://www.jra.go.jp/datafile/seiseki/report/2015/2015-2kokura9.pdf,official_daily_result_pdf
201510020903,2015,小倉,2,9,3,2015-08-29,https://www.jra.go.jp/datafile/seiseki/report/2015/2015-2kokura9.pdf,official_daily_result_pdf
201510020904,2015,小倉,2,9,4,2015-08-29,https://www.jra.go.jp/datafile/seiseki/report/2015/2015-2kokura9.pdf,official_daily_result_pdf
201510020905,2015,小倉,2,9,5,2015-08-29,https://www.jra.go.jp/datafile/seiseki/report/2015/2015-2kokura9.pdf,official_daily_result_pdf
201510020906,2015,小倉,2,9,6,2015-08-29,https://www.jra.go.jp/datafile/seiseki/report/2015/2015-2kokura9.pdf,official_daily_result_pdf
201510020907,2015,小倉,2,9,7,2015-08-29,https://www.jra.go.jp/datafile/seiseki/report/2015/2015-2kokura9.pdf,official_daily_result_pdf
201510020908,2015,小倉,2,9,8,2015-08-29,https://www.jra.go.jp/datafile/seiseki/report/2015/2015-2kokura9.pdf,official_daily_result_pdf
201510020909,2015,小倉,2,9,9,2015-08-29,https://www.jra.go.jp/datafile/seiseki/report/2015/2015-2kokura9.pdf,official_daily_result_pdf
201510020910,2015,小倉,2,9,10,2015-08-29,https://www.jra.go.jp/datafile/seiseki/report/2015/2015-2kokura9.pdf,official_daily_result_pdf
201510020911,2015,小倉,2,9,11,2015-08-29,https://www.jra.go.jp/datafile/seiseki/report/2015/2015-2kokura9.pdf,official_daily_result_pdf
201510020912,2015,小倉,2,9,12,2015-08-29,https://www.jra.go.jp/datafile/seiseki/report/2015/2015-2kokura9.pdf,official_daily_result_pdf
201510021001,2015,小倉,2,10,1,2015-08-30,https://www.jra.go.jp/datafile/seiseki/report/2015/2015-2kokura10.pdf,official_daily_result_pdf
201510021002,2015,小倉,2,10,2,2015-08-30,https://www.jra.go.jp/datafile/seiseki/report/2015/2015-2kokura10.pdf,official_daily_result_pdf
201510021003,2015,小倉,2,10,3,2015-08-30,https://www.jra.go.jp/datafile/seiseki/report/2015/2015-2kokura10.pdf,official_daily_result_pdf
201510021004,2015,小倉,2,10,4,2015-08-30,https://www.jra.go.jp/datafile/seiseki/report/2015/2015-2kokura10.pdf,official_daily_result_pdf
201510021005,2015,小倉,2,10,5,2015-08-30,https://www.jra.go.jp/datafile/seiseki/report/2015/2015-2kokura10.pdf,official_daily_result_pdf
201510021006,2015,小倉,2,10,6,2015-08-30,https://www.jra.go.jp/datafile/seiseki/report/2015/2015-2kokura10.pdf,official_daily_result_pdf
201510021007,2015,小倉,2,10,7,2015-08-30,https://www.jra.go.jp/datafile/seiseki/report/2015/2015-2kokura10.pdf,official_daily_result_pdf
201510021008,2015,小倉,2,10,8,2015-08-30,https://www.jra.go.jp/datafile/seiseki/report/2015/2015-2kokura10.pdf,official_daily_result_pdf
201510021009,2015,小倉,2,10,9,2015-08-30,https://www.jra.go.jp/datafile/seiseki/report/2015/2015-2kokura10.pdf,official_daily_result_pdf
201510021010,2015,小倉,2,10,10,2015-08-30,https://www.jra.go.jp/datafile/seiseki/report/2015/2015-2kokura10.pdf,official_daily_result_pdf
201510021011,2015,小倉,2,10,11,2015-08-30,https://www.jra.go.jp/datafile/seiseki/report/2015/2015-2kokura10.pdf,official_daily_result_pdf
201510021012,2015,小倉,2,10,12,2015-08-30,https://www.jra.go.jp/datafile/seiseki/report/2015/2015-2kokura10.pdf,official_daily_result_pdf
201510021101,2015,小倉,2,11,1,2015-09-05,https://www.jra.go.jp/datafile/seiseki/report/2015/2015-2kokura11.pdf,official_daily_result_pdf
201510021102,2015,小倉,2,11,2,2015-09-05,https://www.jra.go.jp/datafile/seiseki/report/2015/2015-2kokura11.pdf,official_daily_result_pdf
201510021103,2015,小倉,2,11,3,2015-09-05,https://www.jra.go.jp/datafile/seiseki/report/2015/2015-2kokura11.pdf,official_daily_result_pdf
201510021104,2015,小倉,2,11,4,2015-09-05,https://www.jra.go.jp/datafile/seiseki/report/2015/2015-2kokura11.pdf,official_daily_result_pdf
201510021105,2015,小倉,2,11,5,2015-09-05,https://www.jra.go.jp/datafile/seiseki/report/2015/2015-2kokura11.pdf,official_daily_result_pdf
201510021106,2015,小倉,2,11,6,2015-09-05,https://www.jra.go.jp/datafile/seiseki/report/2015/2015-2kokura11.pdf,official_daily_result_pdf
201510021107,2015,小倉,2,11,7,2015-09-05,https://www.jra.go.jp/datafile/seiseki/report/2015/2015-2kokura11.pdf,official_daily_result_pdf
201510021108,2015,小倉,2,11,8,2015-09-05,https://www.jra.go.jp/datafile/seiseki/report/2015/2015-2kokura11.pdf,official_daily_result_pdf
201510021109,2015,小倉,2,11,9,2015-09-05,https://www.jra.go.jp/datafile/seiseki/report/2015/2015-2kokura11.pdf,official_daily_result_pdf
201510021110,2015,小倉,2,11,10,2015-09-05,https://www.jra.go.jp/datafile/seiseki/report/2015/2015-2kokura11.pdf,official_daily_result_pdf
201510021111,2015,小倉,2,11,11,2015-09-05,https://www.jra.go.jp/datafile/seiseki/report/2015/2015-2kokura11.pdf,official_daily_result_pdf
201510021112,2015,小倉,2,11,12,2015-09-05,https://www.jra.go.jp/datafile/seiseki/report/2015/2015-2kokura11.pdf,official_daily_result_pdf
201510021201,2015,小倉,2,12,1,2015-09-06,https://www.jra.go.jp/datafile/seiseki/report/2015/2015-2kokura12.pdf,official_daily_result_pdf
201510021202,2015,小倉,2,12,2,2015-09-06,https://www.jra.go.jp/datafile/seiseki/report/2015/2015-2kokura12.pdf,official_daily_result_pdf
201510021203,2015,小倉,2,12,3,2015-09-06,https://www.jra.go.jp/datafile/seiseki/report/2015/2015-2kokura12.pdf,official_daily_result_pdf
201510021204,2015,小倉,2,12,4,2015-09-06,https://www.jra.go.jp/datafile/seiseki/report/2015/2015-2kokura12.pdf,official_daily_result_pdf
201510021205,2015,小倉,2,12,5,2015-09-06,https://www.jra.go.jp/datafile/seiseki/report/2015/2015-2kokura12.pdf,official_daily_result_pdf
201510021206,2015,小倉,2,12,6,2015-09-06,https://www.jra.go.jp/datafile/seiseki/report/2015/2015-2kokura12.pdf,official_daily_result_pdf
201510021207,2015,小倉,2,12,7,2015-09-06,https://www.jra.go.jp/datafile/seiseki/report/2015/2015-2kokura12.pdf,official_daily_result_pdf
201510021208,2015,小倉,2,12,8,2015-09-06,https://www.jra.go.jp/datafile/seiseki/report/2015/2015-2kokura12.pdf,official_daily_result_pdf
201510021209,2015,小倉,2,12,9,2015-09-06,https://www.jra.go.jp/datafile/seiseki/report/2015/2015-2kokura12.pdf,official_daily_result_pdf
201510021210,2015,小倉,2,12,10,2015-09-06,https://www.jra.go.jp/datafile/seiseki/report/2015/2015-2kokura12.pdf,official_daily_result_pdf
201510021211,2015,小倉,2,12,11,2015-09-06,https://www.jra.go.jp/datafile/seiseki/report/2015/2015-2kokura12.pdf,official_daily_result_pdf
201510021212,2015,小倉,2,12,12,2015-09-06,https://www.jra.go.jp/datafile/seiseki/report/2015/2015-2kokura12.pdf,official_daily_result_pdf
201601010101,2016,札幌,1,1,1,2016-07-30,https://www.jra.go.jp/datafile/seiseki/report/2016/2016-1sapporo1.pdf,official_daily_result_pdf
201601010102,2016,札幌,1,1,2,2016-07-30,https://www.jra.go.jp/datafile/seiseki/report/2016/2016-1sapporo1.pdf,official_daily_result_pdf
201601010103,2016,札幌,1,1,3,2016-07-30,https://www.jra.go.jp/datafile/seiseki/report/2016/2016-1sapporo1.pdf,official_daily_result_pdf
201601010104,2016,札幌,1,1,4,2016-07-30,https://www.jra.go.jp/datafile/seiseki/report/2016/2016-1sapporo1.pdf,official_daily_result_pdf
201601010105,2016,札幌,1,1,5,2016-07-30,https://www.jra.go.jp/datafile/seiseki/report/2016/2016-1sapporo1.pdf,official_daily_result_pdf
201601010106,2016,札幌,1,1,6,2016-07-30,https://www.jra.go.jp/datafile/seiseki/report/2016/2016-1sapporo1.pdf,official_daily_result_pdf
201601010107,2016,札幌,1,1,7,2016-07-30,https://www.jra.go.jp/datafile/seiseki/report/2016/2016-1sapporo1.pdf,official_daily_result_pdf
201601010108,2016,札幌,1,1,8,2016-07-30,https://www.jra.go.jp/datafile/seiseki/report/2016/2016-1sapporo1.pdf,official_daily_result_pdf
201601010109,2016,札幌,1,1,9,2016-07-30,https://www.jra.go.jp/datafile/seiseki/report/2016/2016-1sapporo1.pdf,official_daily_result_pdf
201601010110,2016,札幌,1,1,10,2016-07-30,https://www.jra.go.jp/datafile/seiseki/report/2016/2016-1sapporo1.pdf,official_daily_result_pdf
201601010111,2016,札幌,1,1,11,2016-07-30,https://www.jra.go.jp/datafile/seiseki/report/2016/2016-1sapporo1.pdf,official_daily_result_pdf
201601010112,2016,札幌,1,1,12,2016-07-30,https://www.jra.go.jp/datafile/seiseki/report/2016/2016-1sapporo1.pdf,official_daily_result_pdf
201601010201,2016,札幌,1,2,1,2016-07-31,https://www.jra.go.jp/datafile/seiseki/report/2016/2016-1sapporo2.pdf,official_daily_result_pdf
201601010202,2016,札幌,1,2,2,2016-07-31,https://www.jra.go.jp/datafile/seiseki/report/2016/2016-1sapporo2.pdf,official_daily_result_pdf
201601010203,2016,札幌,1,2,3,2016-07-31,https://www.jra.go.jp/datafile/seiseki/report/2016/2016-1sapporo2.pdf,official_daily_result_pdf
201601010204,2016,札幌,1,2,4,2016-07-31,https://www.jra.go.jp/datafile/seiseki/report/2016/2016-1sapporo2.pdf,official_daily_result_pdf
201601010205,2016,札幌,1,2,5,2016-07-31,https://www.jra.go.jp/datafile/seiseki/report/2016/2016-1sapporo2.pdf,official_daily_result_pdf
201601010206,2016,札幌,1,2,6,2016-07-31,https://www.jra.go.jp/datafile/seiseki/report/2016/2016-1sapporo2.pdf,official_daily_result_pdf
201601010207,2016,札幌,1,2,7,2016-07-31,https://www.jra.go.jp/datafile/seiseki/report/2016/2016-1sapporo2.pdf,official_daily_result_pdf
201601010208,2016,札幌,1,2,8,2016-07-31,https://www.jra.go.jp/datafile/seiseki/report/2016/2016-1sapporo2.pdf,official_daily_result_pdf
201601010209,2016,札幌,1,2,9,2016-07-31,https://www.jra.go.jp/datafile/seiseki/report/2016/2016-1sapporo2.pdf,official_daily_result_pdf
201601010210,2016,札幌,1,2,10,2016-07-31,https://www.jra.go.jp/datafile/seiseki/report/2016/2016-1sapporo2.pdf,official_daily_result_pdf
201601010211,2016,札幌,1,2,11,2016-07-31,https://www.jra.go.jp/datafile/seiseki/report/2016/2016-1sapporo2.pdf,official_daily_result_pdf
201601010212,2016,札幌,1,2,12,2016-07-31,https://www.jra.go.jp/datafile/seiseki/report/2016/2016-1sapporo2.pdf,official_daily_result_pdf
201601010301,2016,札幌,1,3,1,2016-08-06,https://www.jra.go.jp/datafile/seiseki/report/2016/2016-1sapporo3.pdf,official_daily_result_pdf
201601010302,2016,札幌,1,3,2,2016-08-06,https://www.jra.go.jp/datafile/seiseki/report/2016/2016-1sapporo3.pdf,official_daily_result_pdf
201601010303,2016,札幌,1,3,3,2016-08-06,https://www.jra.go.jp/datafile/seiseki/report/2016/2016-1sapporo3.pdf,official_daily_result_pdf
201601010304,2016,札幌,1,3,4,2016-08-06,https://www.jra.go.jp/datafile/seiseki/report/2016/2016-1sapporo3.pdf,official_daily_result_pdf
201601010305,2016,札幌,1,3,5,2016-08-06,https://www.jra.go.jp/datafile/seiseki/report/2016/2016-1sapporo3.pdf,official_daily_result_pdf
201601010306,2016,札幌,1,3,6,2016-08-06,https://www.jra.go.jp/datafile/seiseki/report/2016/2016-1sapporo3.pdf,official_daily_result_pdf
201601010307,2016,札幌,1,3,7,2016-08-06,https://www.jra.go.jp/datafile/seiseki/report/2016/2016-1sapporo3.pdf,official_daily_result_pdf
201601010308,2016,札幌,1,3,8,2016-08-06,https://www.jra.go.jp/datafile/seiseki/report/2016/2016-1sapporo3.pdf,official_daily_result_pdf
201601010309,2016,札幌,1,3,9,2016-08-06,https://www.jra.go.jp/datafile/seiseki/report/2016/2016-1sapporo3.pdf,official_daily_result_pdf
201601010310,2016,札幌,1,3,10,2016-08-06,https://www.jra.go.jp/datafile/seiseki/report/2016/2016-1sapporo3.pdf,official_daily_result_pdf
201601010311,2016,札幌,1,3,11,2016-08-06,https://www.jra.go.jp/datafile/seiseki/report/2016/2016-1sapporo3.pdf,official_daily_result_pdf
201601010312,2016,札幌,1,3,12,2016-08-06,https://www.jra.go.jp/datafile/seiseki/report/2016/2016-1sapporo3.pdf,official_daily_result_pdf
201601010401,2016,札幌,1,4,1,2016-08-07,https://www.jra.go.jp/datafile/seiseki/report/2016/2016-1sapporo4.pdf,official_daily_result_pdf
201601010402,2016,札幌,1,4,2,2016-08-07,https://www.jra.go.jp/datafile/seiseki/report/2016/2016-1sapporo4.pdf,official_daily_result_pdf
201601010403,2016,札幌,1,4,3,2016-08-07,https://www.jra.go.jp/datafile/seiseki/report/2016/2016-1sapporo4.pdf,official_daily_result_pdf
201601010404,2016,札幌,1,4,4,2016-08-07,https://www.jra.go.jp/datafile/seiseki/report/2016/2016-1sapporo4.pdf,official_daily_result_pdf
201601010405,2016,札幌,1,4,5,2016-08-07,https://www.jra.go.jp/datafile/seiseki/report/2016/2016-1sapporo4.pdf,official_daily_result_pdf
201601010406,2016,札幌,1,4,6,2016-08-07,https://www.jra.go.jp/datafile/seiseki/report/2016/2016-1sapporo4.pdf,official_daily_result_pdf
201601010407,2016,札幌,1,4,7,2016-08-07,https://www.jra.go.jp/datafile/seiseki/report/2016/2016-1sapporo4.pdf,official_daily_result_pdf
201601010408,2016,札幌,1,4,8,2016-08-07,https://www.jra.go.jp/datafile/seiseki/report/2016/2016-1sapporo4.pdf,official_daily_result_pdf
201601010409,2016,札幌,1,4,9,2016-08-07,https://www.jra.go.jp/datafile/seiseki/report/2016/2016-1sapporo4.pdf,official_daily_result_pdf
201601010410,2016,札幌,1,4,10,2016-08-07,https://www.jra.go.jp/datafile/seiseki/report/2016/2016-1sapporo4.pdf,official_daily_result_pdf
201601010411,2016,札幌,1,4,11,2016-08-07,https://www.jra.go.jp/datafile/seiseki/report/2016/2016-1sapporo4.pdf,official_daily_result_pdf
201601010412,2016,札幌,1,4,12,2016-08-07,https://www.jra.go.jp/datafile/seiseki/report/2016/2016-1sapporo4.pdf,official_daily_result_pdf
201601010501,2016,札幌,1,5,1,2016-08-13,https://www.jra.go.jp/datafile/seiseki/report/2016/2016-1sapporo5.pdf,official_daily_result_pdf
201601010502,2016,札幌,1,5,2,2016-08-13,https://www.jra.go.jp/datafile/seiseki/report/2016/2016-1sapporo5.pdf,official_daily_result_pdf
201601010503,2016,札幌,1,5,3,2016-08-13,https://www.jra.go.jp/datafile/seiseki/report/2016/2016-1sapporo5.pdf,official_daily_result_pdf
201601010504,2016,札幌,1,5,4,2016-08-13,https://www.jra.go.jp/datafile/seiseki/report/2016/2016-1sapporo5.pdf,official_daily_result_pdf
201601010505,2016,札幌,1,5,5,2016-08-13,https://www.jra.go.jp/datafile/seiseki/report/2016/2016-1sapporo5.pdf,official_daily_result_pdf
201601010506,2016,札幌,1,5,6,2016-08-13,https://www.jra.go.jp/datafile/seiseki/report/2016/2016-1sapporo5.pdf,official_daily_result_pdf
201601010507,2016,札幌,1,5,7,2016-08-13,https://www.jra.go.jp/datafile/seiseki/report/2016/2016-1sapporo5.pdf,official_daily_result_pdf
201601010508,2016,札幌,1,5,8,2016-08-13,https://www.jra.go.jp/datafile/seiseki/report/2016/2016-1sapporo5.pdf,official_daily_result_pdf
201601010509,2016,札幌,1,5,9,2016-08-13,https://www.jra.go.jp/datafile/seiseki/report/2016/2016-1sapporo5.pdf,official_daily_result_pdf
201601010510,2016,札幌,1,5,10,2016-08-13,https://www.jra.go.jp/datafile/seiseki/report/2016/2016-1sapporo5.pdf,official_daily_result_pdf
201601010511,2016,札幌,1,5,11,2016-08-13,https://www.jra.go.jp/datafile/seiseki/report/2016/2016-1sapporo5.pdf,official_daily_result_pdf
201601010512,2016,札幌,1,5,12,2016-08-13,https://www.jra.go.jp/datafile/seiseki/report/2016/2016-1sapporo5.pdf,official_daily_result_pdf
201601010601,2016,札幌,1,6,1,2016-08-14,https://www.jra.go.jp/datafile/seiseki/report/2016/2016-1sapporo6.pdf,official_daily_result_pdf
201601010602,2016,札幌,1,6,2,2016-08-14,https://www.jra.go.jp/datafile/seiseki/report/2016/2016-1sapporo6.pdf,official_daily_result_pdf
201601010603,2016,札幌,1,6,3,2016-08-14,https://www.jra.go.jp/datafile/seiseki/report/2016/2016-1sapporo6.pdf,official_daily_result_pdf
201601010604,2016,札幌,1,6,4,2016-08-14,https://www.jra.go.jp/datafile/seiseki/report/2016/2016-1sapporo6.pdf,official_daily_result_pdf
201601010605,2016,札幌,1,6,5,2016-08-14,https://www.jra.go.jp/datafile/seiseki/report/2016/2016-1sapporo6.pdf,official_daily_result_pdf
201601010606,2016,札幌,1,6,6,2016-08-14,https://www.jra.go.jp/datafile/seiseki/report/2016/2016-1sapporo6.pdf,official_daily_result_pdf
201601010607,2016,札幌,1,6,7,2016-08-14,https://www.jra.go.jp/datafile/seiseki/report/2016/2016-1sapporo6.pdf,official_daily_result_pdf
201601010608,2016,札幌,1,6,8,2016-08-14,https://www.jra.go.jp/datafile/seiseki/report/2016/2016-1sapporo6.pdf,official_daily_result_pdf
201601010609,2016,札幌,1,6,9,2016-08-14,https://www.jra.go.jp/datafile/seiseki/report/2016/2016-1sapporo6.pdf,official_daily_result_pdf
201601010610,2016,札幌,1,6,10,2016-08-14,https://www.jra.go.jp/datafile/seiseki/report/2016/2016-1sapporo6.pdf,official_daily_result_pdf
201601010611,2016,札幌,1,6,11,2016-08-14,https://www.jra.go.jp/datafile/seiseki/report/2016/2016-1sapporo6.pdf,official_daily_result_pdf
201601010612,2016,札幌,1,6,12,2016-08-14,https://www.jra.go.jp/datafile/seiseki/report/2016/2016-1sapporo6.pdf,official_daily_result_pdf
201601020101,2016,札幌,2,1,1,2016-08-20,https://www.jra.go.jp/datafile/seiseki/report/2016/2016-2sapporo1.pdf,official_daily_result_pdf
201601020102,2016,札幌,2,1,2,2016-08-20,https://www.jra.go.jp/datafile/seiseki/report/2016/2016-2sapporo1.pdf,official_daily_result_pdf
201601020103,2016,札幌,2,1,3,2016-08-20,https://www.jra.go.jp/datafile/seiseki/report/2016/2016-2sapporo1.pdf,official_daily_result_pdf
201601020104,2016,札幌,2,1,4,2016-08-20,https://www.jra.go.jp/datafile/seiseki/report/2016/2016-2sapporo1.pdf,official_daily_result_pdf
201601020105,2016,札幌,2,1,5,2016-08-20,https://www.jra.go.jp/datafile/seiseki/report/2016/2016-2sapporo1.pdf,official_daily_result_pdf
201601020106,2016,札幌,2,1,6,2016-08-20,https://www.jra.go.jp/datafile/seiseki/report/2016/2016-2sapporo1.pdf,official_daily_result_pdf
201601020107,2016,札幌,2,1,7,2016-08-20,https://www.jra.go.jp/datafile/seiseki/report/2016/2016-2sapporo1.pdf,official_daily_result_pdf
201601020108,2016,札幌,2,1,8,2016-08-20,https://www.jra.go.jp/datafile/seiseki/report/2016/2016-2sapporo1.pdf,official_daily_result_pdf
201601020109,2016,札幌,2,1,9,2016-08-20,https://www.jra.go.jp/datafile/seiseki/report/2016/2016-2sapporo1.pdf,official_daily_result_pdf
201601020110,2016,札幌,2,1,10,2016-08-20,https://www.jra.go.jp/datafile/seiseki/report/2016/2016-2sapporo1.pdf,official_daily_result_pdf
201601020111,2016,札幌,2,1,11,2016-08-20,https://www.jra.go.jp/datafile/seiseki/report/2016/2016-2sapporo1.pdf,official_daily_result_pdf
201601020112,2016,札幌,2,1,12,2016-08-20,https://www.jra.go.jp/datafile/seiseki/report/2016/2016-2sapporo1.pdf,official_daily_result_pdf
201601020201,2016,札幌,2,2,1,2016-08-21,https://www.jra.go.jp/datafile/seiseki/report/2016/2016-2sapporo2.pdf,official_daily_result_pdf
201601020202,2016,札幌,2,2,2,2016-08-21,https://www.jra.go.jp/datafile/seiseki/report/2016/2016-2sapporo2.pdf,official_daily_result_pdf
201601020203,2016,札幌,2,2,3,2016-08-21,https://www.jra.go.jp/datafile/seiseki/report/2016/2016-2sapporo2.pdf,official_daily_result_pdf
201601020204,2016,札幌,2,2,4,2016-08-21,https://www.jra.go.jp/datafile/seiseki/report/2016/2016-2sapporo2.pdf,official_daily_result_pdf
201601020205,2016,札幌,2,2,5,2016-08-21,https://www.jra.go.jp/datafile/seiseki/report/2016/2016-2sapporo2.pdf,official_daily_result_pdf
201601020206,2016,札幌,2,2,6,2016-08-21,https://www.jra.go.jp/datafile/seiseki/report/2016/2016-2sapporo2.pdf,official_daily_result_pdf
201601020207,2016,札幌,2,2,7,2016-08-21,https://www.jra.go.jp/datafile/seiseki/report/2016/2016-2sapporo2.pdf,official_daily_result_pdf
201601020208,2016,札幌,2,2,8,2016-08-21,https://www.jra.go.jp/datafile/seiseki/report/2016/2016-2sapporo2.pdf,official_daily_result_pdf
201601020209,2016,札幌,2,2,9,2016-08-21,https://www.jra.go.jp/datafile/seiseki/report/2016/2016-2sapporo2.pdf,official_daily_result_pdf
201601020210,2016,札幌,2,2,10,2016-08-21,https://www.jra.go.jp/datafile/seiseki/report/2016/2016-2sapporo2.pdf,official_daily_result_pdf
201601020211,2016,札幌,2,2,11,2016-08-21,https://www.jra.go.jp/datafile/seiseki/report/2016/2016-2sapporo2.pdf,official_daily_result_pdf
201601020212,2016,札幌,2,2,12,2016-08-21,https://www.jra.go.jp/datafile/seiseki/report/2016/2016-2sapporo2.pdf,official_daily_result_pdf
201601020301,2016,札幌,2,3,1,2016-08-27,https://www.jra.go.jp/datafile/seiseki/report/2016/2016-2sapporo3.pdf,official_daily_result_pdf
201601020302,2016,札幌,2,3,2,2016-08-27,https://www.jra.go.jp/datafile/seiseki/report/2016/2016-2sapporo3.pdf,official_daily_result_pdf
201601020303,2016,札幌,2,3,3,2016-08-27,https://www.jra.go.jp/datafile/seiseki/report/2016/2016-2sapporo3.pdf,official_daily_result_pdf
201601020304,2016,札幌,2,3,4,2016-08-27,https://www.jra.go.jp/datafile/seiseki/report/2016/2016-2sapporo3.pdf,official_daily_result_pdf
201601020305,2016,札幌,2,3,5,2016-08-27,https://www.jra.go.jp/datafile/seiseki/report/2016/2016-2sapporo3.pdf,official_daily_result_pdf
201601020306,2016,札幌,2,3,6,2016-08-27,https://www.jra.go.jp/datafile/seiseki/report/2016/2016-2sapporo3.pdf,official_daily_result_pdf
201601020307,2016,札幌,2,3,7,2016-08-27,https://www.jra.go.jp/datafile/seiseki/report/2016/2016-2sapporo3.pdf,official_daily_result_pdf
201601020308,2016,札幌,2,3,8,2016-08-27,https://www.jra.go.jp/datafile/seiseki/report/2016/2016-2sapporo3.pdf,official_daily_result_pdf
201601020309,2016,札幌,2,3,9,2016-08-27,https://www.jra.go.jp/datafile/seiseki/report/2016/2016-2sapporo3.pdf,official_daily_result_pdf
201601020310,2016,札幌,2,3,10,2016-08-27,https://www.jra.go.jp/datafile/seiseki/report/2016/2016-2sapporo3.pdf,official_daily_result_pdf
201601020311,2016,札幌,2,3,11,2016-08-27,https://www.jra.go.jp/datafile/seiseki/report/2016/2016-2sapporo3.pdf,official_daily_result_pdf
201601020312,2016,札幌,2,3,12,2016-08-27,https://www.jra.go.jp/datafile/seiseki/report/2016/2016-2sapporo3.pdf,official_daily_result_pdf
201601020401,2016,札幌,2,4,1,2016-08-28,https://www.jra.go.jp/datafile/seiseki/report/2016/2016-2sapporo4.pdf,official_daily_result_pdf
201601020402,2016,札幌,2,4,2,2016-08-28,https://www.jra.go.jp/datafile/seiseki/report/2016/2016-2sapporo4.pdf,official_daily_result_pdf
201601020403,2016,札幌,2,4,3,2016-08-28,https://www.jra.go.jp/datafile/seiseki/report/2016/2016-2sapporo4.pdf,official_daily_result_pdf
201601020404,2016,札幌,2,4,4,2016-08-28,https://www.jra.go.jp/datafile/seiseki/report/2016/2016-2sapporo4.pdf,official_daily_result_pdf
201601020405,2016,札幌,2,4,5,2016-08-28,https://www.jra.go.jp/datafile/seiseki/report/2016/2016-2sapporo4.pdf,official_daily_result_pdf
201601020406,2016,札幌,2,4,6,2016-08-28,https://www.jra.go.jp/datafile/seiseki/report/2016/2016-2sapporo4.pdf,official_daily_result_pdf
201601020407,2016,札幌,2,4,7,2016-08-28,https://www.jra.go.jp/datafile/seiseki/report/2016/2016-2sapporo4.pdf,official_daily_result_pdf
201601020408,2016,札幌,2,4,8,2016-08-28,https://www.jra.go.jp/datafile/seiseki/report/2016/2016-2sapporo4.pdf,official_daily_result_pdf
201601020409,2016,札幌,2,4,9,2016-08-28,https://www.jra.go.jp/datafile/seiseki/report/2016/2016-2sapporo4.pdf,official_daily_result_pdf
201601020410,2016,札幌,2,4,10,2016-08-28,https://www.jra.go.jp/datafile/seiseki/report/2016/2016-2sapporo4.pdf,official_daily_result_pdf
201601020411,2016,札幌,2,4,11,2016-08-28,https://www.jra.go.jp/datafile/seiseki/report/2016/2016-2sapporo4.pdf,official_daily_result_pdf
201601020412,2016,札幌,2,4,12,2016-08-28,https://www.jra.go.jp/datafile/seiseki/report/2016/2016-2sapporo4.pdf,official_daily_result_pdf
201601020501,2016,札幌,2,5,1,2016-09-03,https://www.jra.go.jp/datafile/seiseki/report/2016/2016-2sapporo5.pdf,official_daily_result_pdf
201601020502,2016,札幌,2,5,2,2016-09-03,https://www.jra.go.jp/datafile/seiseki/report/2016/2016-2sapporo5.pdf,official_daily_result_pdf
201601020503,2016,札幌,2,5,3,2016-09-03,https://www.jra.go.jp/datafile/seiseki/report/2016/2016-2sapporo5.pdf,official_daily_result_pdf
201601020504,2016,札幌,2,5,4,2016-09-03,https://www.jra.go.jp/datafile/seiseki/report/2016/2016-2sapporo5.pdf,official_daily_result_pdf
201601020505,2016,札幌,2,5,5,2016-09-03,https://www.jra.go.jp/datafile/seiseki/report/2016/2016-2sapporo5.pdf,official_daily_result_pdf
201601020506,2016,札幌,2,5,6,2016-09-03,https://www.jra.go.jp/datafile/seiseki/report/2016/2016-2sapporo5.pdf,official_daily_result_pdf
201601020507,2016,札幌,2,5,7,2016-09-03,https://www.jra.go.jp/datafile/seiseki/report/2016/2016-2sapporo5.pdf,official_daily_result_pdf
201601020508,2016,札幌,2,5,8,2016-09-03,https://www.jra.go.jp/datafile/seiseki/report/2016/2016-2sapporo5.pdf,official_daily_result_pdf
201601020509,2016,札幌,2,5,9,2016-09-03,https://www.jra.go.jp/datafile/seiseki/report/2016/2016-2sapporo5.pdf,official_daily_result_pdf
201601020510,2016,札幌,2,5,10,2016-09-03,https://www.jra.go.jp/datafile/seiseki/report/2016/2016-2sapporo5.pdf,official_daily_result_pdf
201601020511,2016,札幌,2,5,11,2016-09-03,https://www.jra.go.jp/datafile/seiseki/report/2016/2016-2sapporo5.pdf,official_daily_result_pdf
201601020512,2016,札幌,2,5,12,2016-09-03,https://www.jra.go.jp/datafile/seiseki/report/2016/2016-2sapporo5.pdf,official_daily_result_pdf
201601020601,2016,札幌,2,6,1,2016-09-04,https://www.jra.go.jp/datafile/seiseki/report/2016/2016-2sapporo6.pdf,official_daily_result_pdf
201601020602,2016,札幌,2,6,2,2016-09-04,https://www.jra.go.jp/datafile/seiseki/report/2016/2016-2sapporo6.pdf,official_daily_result_pdf
201601020603,2016,札幌,2,6,3,2016-09-04,https://www.jra.go.jp/datafile/seiseki/report/2016/2016-2sapporo6.pdf,official_daily_result_pdf
201601020604,2016,札幌,2,6,4,2016-09-04,https://www.jra.go.jp/datafile/seiseki/report/2016/2016-2sapporo6.pdf,official_daily_result_pdf
201601020605,2016,札幌,2,6,5,2016-09-04,https://www.jra.go.jp/datafile/seiseki/report/2016/2016-2sapporo6.pdf,official_daily_result_pdf
201601020606,2016,札幌,2,6,6,2016-09-04,https://www.jra.go.jp/datafile/seiseki/report/2016/2016-2sapporo6.pdf,official_daily_result_pdf
201601020607,2016,札幌,2,6,7,2016-09-04,https://www.jra.go.jp/datafile/seiseki/report/2016/2016-2sapporo6.pdf,official_daily_result_pdf
201601020608,2016,札幌,2,6,8,2016-09-04,https://www.jra.go.jp/datafile/seiseki/report/2016/2016-2sapporo6.pdf,official_daily_result_pdf
201601020609,2016,札幌,2,6,9,2016-09-04,https://www.jra.go.jp/datafile/seiseki/report/2016/2016-2sapporo6.pdf,official_daily_result_pdf
201601020610,2016,札幌,2,6,10,2016-09-04,https://www.jra.go.jp/datafile/seiseki/report/2016/2016-2sapporo6.pdf,official_daily_result_pdf
201601020611,2016,札幌,2,6,11,2016-09-04,https://www.jra.go.jp/datafile/seiseki/report/2016/2016-2sapporo6.pdf,official_daily_result_pdf
201601020612,2016,札幌,2,6,12,2016-09-04,https://www.jra.go.jp/datafile/seiseki/report/2016/2016-2sapporo6.pdf,official_daily_result_pdf
201602010101,2016,函館,1,1,1,2016-06-18,https://www.jra.go.jp/datafile/seiseki/report/2016/2016-1hakodate1.pdf,official_daily_result_pdf
201602010102,2016,函館,1,1,2,2016-06-18,https://www.jra.go.jp/datafile/seiseki/report/2016/2016-1hakodate1.pdf,official_daily_result_pdf
201602010103,2016,函館,1,1,3,2016-06-18,https://www.jra.go.jp/datafile/seiseki/report/2016/2016-1hakodate1.pdf,official_daily_result_pdf
201602010104,2016,函館,1,1,4,2016-06-18,https://www.jra.go.jp/datafile/seiseki/report/2016/2016-1hakodate1.pdf,official_daily_result_pdf
201602010105,2016,函館,1,1,5,2016-06-18,https://www.jra.go.jp/datafile/seiseki/report/2016/2016-1hakodate1.pdf,official_daily_result_pdf
201602010106,2016,函館,1,1,6,2016-06-18,https://www.jra.go.jp/datafile/seiseki/report/2016/2016-1hakodate1.pdf,official_daily_result_pdf
201602010107,2016,函館,1,1,7,2016-06-18,https://www.jra.go.jp/datafile/seiseki/report/2016/2016-1hakodate1.pdf,official_daily_result_pdf
201602010108,2016,函館,1,1,8,2016-06-18,https://www.jra.go.jp/datafile/seiseki/report/2016/2016-1hakodate1.pdf,official_daily_result_pdf
201602010109,2016,函館,1,1,9,2016-06-18,https://www.jra.go.jp/datafile/seiseki/report/2016/2016-1hakodate1.pdf,official_daily_result_pdf
201602010110,2016,函館,1,1,10,2016-06-18,https://www.jra.go.jp/datafile/seiseki/report/2016/2016-1hakodate1.pdf,official_daily_result_pdf
201602010111,2016,函館,1,1,11,2016-06-18,https://www.jra.go.jp/datafile/seiseki/report/2016/2016-1hakodate1.pdf,official_daily_result_pdf
201602010112,2016,函館,1,1,12,2016-06-18,https://www.jra.go.jp/datafile/seiseki/report/2016/2016-1hakodate1.pdf,official_daily_result_pdf
201602010201,2016,函館,1,2,1,2016-06-19,https://www.jra.go.jp/datafile/seiseki/report/2016/2016-1hakodate2.pdf,official_daily_result_pdf
201602010202,2016,函館,1,2,2,2016-06-19,https://www.jra.go.jp/datafile/seiseki/report/2016/2016-1hakodate2.pdf,official_daily_result_pdf
201602010203,2016,函館,1,2,3,2016-06-19,https://www.jra.go.jp/datafile/seiseki/report/2016/2016-1hakodate2.pdf,official_daily_result_pdf
201602010204,2016,函館,1,2,4,2016-06-19,https://www.jra.go.jp/datafile/seiseki/report/2016/2016-1hakodate2.pdf,official_daily_result_pdf
201602010205,2016,函館,1,2,5,2016-06-19,https://www.jra.go.jp/datafile/seiseki/report/2016/2016-1hakodate2.pdf,official_daily_result_pdf
201602010206,2016,函館,1,2,6,2016-06-19,https://www.jra.go.jp/datafile/seiseki/report/2016/2016-1hakodate2.pdf,official_daily_result_pdf
201602010207,2016,函館,1,2,7,2016-06-19,https://www.jra.go.jp/datafile/seiseki/report/2016/2016-1hakodate2.pdf,official_daily_result_pdf
201602010208,2016,函館,1,2,8,2016-06-19,https://www.jra.go.jp/datafile/seiseki/report/2016/2016-1hakodate2.pdf,official_daily_result_pdf
201602010209,2016,函館,1,2,9,2016-06-19,https://www.jra.go.jp/datafile/seiseki/report/2016/2016-1hakodate2.pdf,official_daily_result_pdf
201602010210,2016,函館,1,2,10,2016-06-19,https://www.jra.go.jp/datafile/seiseki/report/2016/2016-1hakodate2.pdf,official_daily_result_pdf
201602010211,2016,函館,1,2,11,2016-06-19,https://www.jra.go.jp/datafile/seiseki/report/2016/2016-1hakodate2.pdf,official_daily_result_pdf
201602010212,2016,函館,1,2,12,2016-06-19,https://www.jra.go.jp/datafile/seiseki/report/2016/2016-1hakodate2.pdf,official_daily_result_pdf
201602010301,2016,函館,1,3,1,2016-06-25,https://www.jra.go.jp/datafile/seiseki/report/2016/2016-1hakodate3.pdf,official_daily_result_pdf
201602010302,2016,函館,1,3,2,2016-06-25,https://www.jra.go.jp/datafile/seiseki/report/2016/2016-1hakodate3.pdf,official_daily_result_pdf
201602010303,2016,函館,1,3,3,2016-06-25,https://www.jra.go.jp/datafile/seiseki/report/2016/2016-1hakodate3.pdf,official_daily_result_pdf
201602010304,2016,函館,1,3,4,2016-06-25,https://www.jra.go.jp/datafile/seiseki/report/2016/2016-1hakodate3.pdf,official_daily_result_pdf
201602010305,2016,函館,1,3,5,2016-06-25,https://www.jra.go.jp/datafile/seiseki/report/2016/2016-1hakodate3.pdf,official_daily_result_pdf
201602010306,2016,函館,1,3,6,2016-06-25,https://www.jra.go.jp/datafile/seiseki/report/2016/2016-1hakodate3.pdf,official_daily_result_pdf
201602010307,2016,函館,1,3,7,2016-06-25,https://www.jra.go.jp/datafile/seiseki/report/2016/2016-1hakodate3.pdf,official_daily_result_pdf
201602010308,2016,函館,1,3,8,2016-06-25,https://www.jra.go.jp/datafile/seiseki/report/2016/2016-1hakodate3.pdf,official_daily_result_pdf
201602010309,2016,函館,1,3,9,2016-06-25,https://www.jra.go.jp/datafile/seiseki/report/2016/2016-1hakodate3.pdf,official_daily_result_pdf
201602010310,2016,函館,1,3,10,2016-06-25,https://www.jra.go.jp/datafile/seiseki/report/2016/2016-1hakodate3.pdf,official_daily_result_pdf
201602010311,2016,函館,1,3,11,2016-06-25,https://www.jra.go.jp/datafile/seiseki/report/2016/2016-1hakodate3.pdf,official_daily_result_pdf
201602010312,2016,函館,1,3,12,2016-06-25,https://www.jra.go.jp/datafile/seiseki/report/2016/2016-1hakodate3.pdf,official_daily_result_pdf
201602010401,2016,函館,1,4,1,2016-06-26,https://www.jra.go.jp/datafile/seiseki/report/2016/2016-1hakodate4.pdf,official_daily_result_pdf
201602010402,2016,函館,1,4,2,2016-06-26,https://www.jra.go.jp/datafile/seiseki/report/2016/2016-1hakodate4.pdf,official_daily_result_pdf
201602010403,2016,函館,1,4,3,2016-06-26,https://www.jra.go.jp/datafile/seiseki/report/2016/2016-1hakodate4.pdf,official_daily_result_pdf
201602010404,2016,函館,1,4,4,2016-06-26,https://www.jra.go.jp/datafile/seiseki/report/2016/2016-1hakodate4.pdf,official_daily_result_pdf
201602010405,2016,函館,1,4,5,2016-06-26,https://www.jra.go.jp/datafile/seiseki/report/2016/2016-1hakodate4.pdf,official_daily_result_pdf
201602010406,2016,函館,1,4,6,2016-06-26,https://www.jra.go.jp/datafile/seiseki/report/2016/2016-1hakodate4.pdf,official_daily_result_pdf
201602010407,2016,函館,1,4,7,2016-06-26,https://www.jra.go.jp/datafile/seiseki/report/2016/2016-1hakodate4.pdf,official_daily_result_pdf
201602010408,2016,函館,1,4,8,2016-06-26,https://www.jra.go.jp/datafile/seiseki/report/2016/2016-1hakodate4.pdf,official_daily_result_pdf
201602010409,2016,函館,1,4,9,2016-06-26,https://www.jra.go.jp/datafile/seiseki/report/2016/2016-1hakodate4.pdf,official_daily_result_pdf
201602010410,2016,函館,1,4,10,2016-06-26,https://www.jra.go.jp/datafile/seiseki/report/2016/2016-1hakodate4.pdf,official_daily_result_pdf
201602010411,2016,函館,1,4,11,2016-06-26,https://www.jra.go.jp/datafile/seiseki/report/2016/2016-1hakodate4.pdf,official_daily_result_pdf
201602010412,2016,函館,1,4,12,2016-06-26,https://www.jra.go.jp/datafile/seiseki/report/2016/2016-1hakodate4.pdf,official_daily_result_pdf
201602010501,2016,函館,1,5,1,2016-07-02,https://www.jra.go.jp/datafile/seiseki/report/2016/2016-1hakodate5.pdf,official_daily_result_pdf
201602010502,2016,函館,1,5,2,2016-07-02,https://www.jra.go.jp/datafile/seiseki/report/2016/2016-1hakodate5.pdf,official_daily_result_pdf
201602010503,2016,函館,1,5,3,2016-07-02,https://www.jra.go.jp/datafile/seiseki/report/2016/2016-1hakodate5.pdf,official_daily_result_pdf
201602010504,2016,函館,1,5,4,2016-07-02,https://www.jra.go.jp/datafile/seiseki/report/2016/2016-1hakodate5.pdf,official_daily_result_pdf
201602010505,2016,函館,1,5,5,2016-07-02,https://www.jra.go.jp/datafile/seiseki/report/2016/2016-1hakodate5.pdf,official_daily_result_pdf
201602010506,2016,函館,1,5,6,2016-07-02,https://www.jra.go.jp/datafile/seiseki/report/2016/2016-1hakodate5.pdf,official_daily_result_pdf
201602010507,2016,函館,1,5,7,2016-07-02,https://www.jra.go.jp/datafile/seiseki/report/2016/2016-1hakodate5.pdf,official_daily_result_pdf
201602010508,2016,函館,1,5,8,2016-07-02,https://www.jra.go.jp/datafile/seiseki/report/2016/2016-1hakodate5.pdf,official_daily_result_pdf
201602010509,2016,函館,1,5,9,2016-07-02,https://www.jra.go.jp/datafile/seiseki/report/2016/2016-1hakodate5.pdf,official_daily_result_pdf
201602010510,2016,函館,1,5,10,2016-07-02,https://www.jra.go.jp/datafile/seiseki/report/2016/2016-1hakodate5.pdf,official_daily_result_pdf
201602010511,2016,函館,1,5,11,2016-07-02,https://www.jra.go.jp/datafile/seiseki/report/2016/2016-1hakodate5.pdf,official_daily_result_pdf
201602010512,2016,函館,1,5,12,2016-07-02,https://www.jra.go.jp/datafile/seiseki/report/2016/2016-1hakodate5.pdf,official_daily_result_pdf
201602010601,2016,函館,1,6,1,2016-07-03,https://www.jra.go.jp/datafile/seiseki/report/2016/2016-1hakodate6.pdf,official_daily_result_pdf
201602010602,2016,函館,1,6,2,2016-07-03,https://www.jra.go.jp/datafile/seiseki/report/2016/2016-1hakodate6.pdf,official_daily_result_pdf
201602010603,2016,函館,1,6,3,2016-07-03,https://www.jra.go.jp/datafile/seiseki/report/2016/2016-1hakodate6.pdf,official_daily_result_pdf
201602010604,2016,函館,1,6,4,2016-07-03,https://www.jra.go.jp/datafile/seiseki/report/2016/2016-1hakodate6.pdf,official_daily_result_pdf
201602010605,2016,函館,1,6,5,2016-07-03,https://www.jra.go.jp/datafile/seiseki/report/2016/2016-1hakodate6.pdf,official_daily_result_pdf
201602010606,2016,函館,1,6,6,2016-07-03,https://www.jra.go.jp/datafile/seiseki/report/2016/2016-1hakodate6.pdf,official_daily_result_pdf
201602010607,2016,函館,1,6,7,2016-07-03,https://www.jra.go.jp/datafile/seiseki/report/2016/2016-1hakodate6.pdf,official_daily_result_pdf
201602010608,2016,函館,1,6,8,2016-07-03,https://www.jra.go.jp/datafile/seiseki/report/2016/2016-1hakodate6.pdf,official_daily_result_pdf
201602010609,2016,函館,1,6,9,2016-07-03,https://www.jra.go.jp/datafile/seiseki/report/2016/2016-1hakodate6.pdf,official_daily_result_pdf
201602010610,2016,函館,1,6,10,2016-07-03,https://www.jra.go.jp/datafile/seiseki/report/2016/2016-1hakodate6.pdf,official_daily_result_pdf
201602010611,2016,函館,1,6,11,2016-07-03,https://www.jra.go.jp/datafile/seiseki/report/2016/2016-1hakodate6.pdf,official_daily_result_pdf
201602010612,2016,函館,1,6,12,2016-07-03,https://www.jra.go.jp/datafile/seiseki/report/2016/2016-1hakodate6.pdf,official_daily_result_pdf
201602020101,2016,函館,2,1,1,2016-07-09,https://www.jra.go.jp/datafile/seiseki/report/2016/2016-2hakodate1.pdf,official_daily_result_pdf
201602020102,2016,函館,2,1,2,2016-07-09,https://www.jra.go.jp/datafile/seiseki/report/2016/2016-2hakodate1.pdf,official_daily_result_pdf
201602020103,2016,函館,2,1,3,2016-07-09,https://www.jra.go.jp/datafile/seiseki/report/2016/2016-2hakodate1.pdf,official_daily_result_pdf
201602020104,2016,函館,2,1,4,2016-07-09,https://www.jra.go.jp/datafile/seiseki/report/2016/2016-2hakodate1.pdf,official_daily_result_pdf
201602020105,2016,函館,2,1,5,2016-07-09,https://www.jra.go.jp/datafile/seiseki/report/2016/2016-2hakodate1.pdf,official_daily_result_pdf
201602020106,2016,函館,2,1,6,2016-07-09,https://www.jra.go.jp/datafile/seiseki/report/2016/2016-2hakodate1.pdf,official_daily_result_pdf
201602020107,2016,函館,2,1,7,2016-07-09,https://www.jra.go.jp/datafile/seiseki/report/2016/2016-2hakodate1.pdf,official_daily_result_pdf
201602020108,2016,函館,2,1,8,2016-07-09,https://www.jra.go.jp/datafile/seiseki/report/2016/2016-2hakodate1.pdf,official_daily_result_pdf
201602020109,2016,函館,2,1,9,2016-07-09,https://www.jra.go.jp/datafile/seiseki/report/2016/2016-2hakodate1.pdf,official_daily_result_pdf
201602020110,2016,函館,2,1,10,2016-07-09,https://www.jra.go.jp/datafile/seiseki/report/2016/2016-2hakodate1.pdf,official_daily_result_pdf
201602020111,2016,函館,2,1,11,2016-07-09,https://www.jra.go.jp/datafile/seiseki/report/2016/2016-2hakodate1.pdf,official_daily_result_pdf
201602020112,2016,函館,2,1,12,2016-07-09,https://www.jra.go.jp/datafile/seiseki/report/2016/2016-2hakodate1.pdf,official_daily_result_pdf
201602020201,2016,函館,2,2,1,2016-07-10,https://www.jra.go.jp/datafile/seiseki/report/2016/2016-2hakodate2.pdf,official_daily_result_pdf
201602020202,2016,函館,2,2,2,2016-07-10,https://www.jra.go.jp/datafile/seiseki/report/2016/2016-2hakodate2.pdf,official_daily_result_pdf
201602020203,2016,函館,2,2,3,2016-07-10,https://www.jra.go.jp/datafile/seiseki/report/2016/2016-2hakodate2.pdf,official_daily_result_pdf
201602020204,2016,函館,2,2,4,2016-07-10,https://www.jra.go.jp/datafile/seiseki/report/2016/2016-2hakodate2.pdf,official_daily_result_pdf
201602020205,2016,函館,2,2,5,2016-07-10,https://www.jra.go.jp/datafile/seiseki/report/2016/2016-2hakodate2.pdf,official_daily_result_pdf
201602020206,2016,函館,2,2,6,2016-07-10,https://www.jra.go.jp/datafile/seiseki/report/2016/2016-2hakodate2.pdf,official_daily_result_pdf
201602020207,2016,函館,2,2,7,2016-07-10,https://www.jra.go.jp/datafile/seiseki/report/2016/2016-2hakodate2.pdf,official_daily_result_pdf
201602020208,2016,函館,2,2,8,2016-07-10,https://www.jra.go.jp/datafile/seiseki/report/2016/2016-2hakodate2.pdf,official_daily_result_pdf
201602020209,2016,函館,2,2,9,2016-07-10,https://www.jra.go.jp/datafile/seiseki/report/2016/2016-2hakodate2.pdf,official_daily_result_pdf
201602020210,2016,函館,2,2,10,2016-07-10,https://www.jra.go.jp/datafile/seiseki/report/2016/2016-2hakodate2.pdf,official_daily_result_pdf
201602020211,2016,函館,2,2,11,2016-07-10,https://www.jra.go.jp/datafile/seiseki/report/2016/2016-2hakodate2.pdf,official_daily_result_pdf
201602020212,2016,函館,2,2,12,2016-07-10,https://www.jra.go.jp/datafile/seiseki/report/2016/2016-2hakodate2.pdf,official_daily_result_pdf
201602020301,2016,函館,2,3,1,2016-07-16,https://www.jra.go.jp/datafile/seiseki/report/2016/2016-2hakodate3.pdf,official_daily_result_pdf
201602020302,2016,函館,2,3,2,2016-07-16,https://www.jra.go.jp/datafile/seiseki/report/2016/2016-2hakodate3.pdf,official_daily_result_pdf
201602020303,2016,函館,2,3,3,2016-07-16,https://www.jra.go.jp/datafile/seiseki/report/2016/2016-2hakodate3.pdf,official_daily_result_pdf
201602020304,2016,函館,2,3,4,2016-07-16,https://www.jra.go.jp/datafile/seiseki/report/2016/2016-2hakodate3.pdf,official_daily_result_pdf
201602020305,2016,函館,2,3,5,2016-07-16,https://www.jra.go.jp/datafile/seiseki/report/2016/2016-2hakodate3.pdf,official_daily_result_pdf
201602020306,2016,函館,2,3,6,2016-07-16,https://www.jra.go.jp/datafile/seiseki/report/2016/2016-2hakodate3.pdf,official_daily_result_pdf
201602020307,2016,函館,2,3,7,2016-07-16,https://www.jra.go.jp/datafile/seiseki/report/2016/2016-2hakodate3.pdf,official_daily_result_pdf
201602020308,2016,函館,2,3,8,2016-07-16,https://www.jra.go.jp/datafile/seiseki/report/2016/2016-2hakodate3.pdf,official_daily_result_pdf
201602020309,2016,函館,2,3,9,2016-07-16,https://www.jra.go.jp/datafile/seiseki/report/2016/2016-2hakodate3.pdf,official_daily_result_pdf
201602020310,2016,函館,2,3,10,2016-07-16,https://www.jra.go.jp/datafile/seiseki/report/2016/2016-2hakodate3.pdf,official_daily_result_pdf
201602020311,2016,函館,2,3,11,2016-07-16,https://www.jra.go.jp/datafile/seiseki/report/2016/2016-2hakodate3.pdf,official_daily_result_pdf
201602020312,2016,函館,2,3,12,2016-07-16,https://www.jra.go.jp/datafile/seiseki/report/2016/2016-2hakodate3.pdf,official_daily_result_pdf
201602020401,2016,函館,2,4,1,2016-07-17,https://www.jra.go.jp/datafile/seiseki/report/2016/2016-2hakodate4.pdf,official_daily_result_pdf
201602020402,2016,函館,2,4,2,2016-07-17,https://www.jra.go.jp/datafile/seiseki/report/2016/2016-2hakodate4.pdf,official_daily_result_pdf
201602020403,2016,函館,2,4,3,2016-07-17,https://www.jra.go.jp/datafile/seiseki/report/2016/2016-2hakodate4.pdf,official_daily_result_pdf
201602020404,2016,函館,2,4,4,2016-07-17,https://www.jra.go.jp/datafile/seiseki/report/2016/2016-2hakodate4.pdf,official_daily_result_pdf
201602020405,2016,函館,2,4,5,2016-07-17,https://www.jra.go.jp/datafile/seiseki/report/2016/2016-2hakodate4.pdf,official_daily_result_pdf
201602020406,2016,函館,2,4,6,2016-07-17,https://www.jra.go.jp/datafile/seiseki/report/2016/2016-2hakodate4.pdf,official_daily_result_pdf
201602020407,2016,函館,2,4,7,2016-07-17,https://www.jra.go.jp/datafile/seiseki/report/2016/2016-2hakodate4.pdf,official_daily_result_pdf
201602020408,2016,函館,2,4,8,2016-07-17,https://www.jra.go.jp/datafile/seiseki/report/2016/2016-2hakodate4.pdf,official_daily_result_pdf
201602020409,2016,函館,2,4,9,2016-07-17,https://www.jra.go.jp/datafile/seiseki/report/2016/2016-2hakodate4.pdf,official_daily_result_pdf
201602020410,2016,函館,2,4,10,2016-07-17,https://www.jra.go.jp/datafile/seiseki/report/2016/2016-2hakodate4.pdf,official_daily_result_pdf
201602020411,2016,函館,2,4,11,2016-07-17,https://www.jra.go.jp/datafile/seiseki/report/2016/2016-2hakodate4.pdf,official_daily_result_pdf
201602020412,2016,函館,2,4,12,2016-07-17,https://www.jra.go.jp/datafile/seiseki/report/2016/2016-2hakodate4.pdf,official_daily_result_pdf
201602020501,2016,函館,2,5,1,2016-07-23,https://www.jra.go.jp/datafile/seiseki/report/2016/2016-2hakodate5.pdf,official_daily_result_pdf
201602020502,2016,函館,2,5,2,2016-07-23,https://www.jra.go.jp/datafile/seiseki/report/2016/2016-2hakodate5.pdf,official_daily_result_pdf
201602020503,2016,函館,2,5,3,2016-07-23,https://www.jra.go.jp/datafile/seiseki/report/2016/2016-2hakodate5.pdf,official_daily_result_pdf
201602020504,2016,函館,2,5,4,2016-07-23,https://www.jra.go.jp/datafile/seiseki/report/2016/2016-2hakodate5.pdf,official_daily_result_pdf
201602020505,2016,函館,2,5,5,2016-07-23,https://www.jra.go.jp/datafile/seiseki/report/2016/2016-2hakodate5.pdf,official_daily_result_pdf
201602020506,2016,函館,2,5,6,2016-07-23,https://www.jra.go.jp/datafile/seiseki/report/2016/2016-2hakodate5.pdf,official_daily_result_pdf
201602020507,2016,函館,2,5,7,2016-07-23,https://www.jra.go.jp/datafile/seiseki/report/2016/2016-2hakodate5.pdf,official_daily_result_pdf
201602020508,2016,函館,2,5,8,2016-07-23,https://www.jra.go.jp/datafile/seiseki/report/2016/2016-2hakodate5.pdf,official_daily_result_pdf
201602020509,2016,函館,2,5,9,2016-07-23,https://www.jra.go.jp/datafile/seiseki/report/2016/2016-2hakodate5.pdf,official_daily_result_pdf
201602020510,2016,函館,2,5,10,2016-07-23,https://www.jra.go.jp/datafile/seiseki/report/2016/2016-2hakodate5.pdf,official_daily_result_pdf
201602020511,2016,函館,2,5,11,2016-07-23,https://www.jra.go.jp/datafile/seiseki/report/2016/2016-2hakodate5.pdf,official_daily_result_pdf
201602020512,2016,函館,2,5,12,2016-07-23,https://www.jra.go.jp/datafile/seiseki/report/2016/2016-2hakodate5.pdf,official_daily_result_pdf
201602020601,2016,函館,2,6,1,2016-07-24,https://www.jra.go.jp/datafile/seiseki/report/2016/2016-2hakodate6.pdf,official_daily_result_pdf
201602020602,2016,函館,2,6,2,2016-07-24,https://www.jra.go.jp/datafile/seiseki/report/2016/2016-2hakodate6.pdf,official_daily_result_pdf
201602020603,2016,函館,2,6,3,2016-07-24,https://www.jra.go.jp/datafile/seiseki/report/2016/2016-2hakodate6.pdf,official_daily_result_pdf
201602020604,2016,函館,2,6,4,2016-07-24,https://www.jra.go.jp/datafile/seiseki/report/2016/2016-2hakodate6.pdf,official_daily_result_pdf
201602020605,2016,函館,2,6,5,2016-07-24,https://www.jra.go.jp/datafile/seiseki/report/2016/2016-2hakodate6.pdf,official_daily_result_pdf
201602020606,2016,函館,2,6,6,2016-07-24,https://www.jra.go.jp/datafile/seiseki/report/2016/2016-2hakodate6.pdf,official_daily_result_pdf
201602020607,2016,函館,2,6,7,2016-07-24,https://www.jra.go.jp/datafile/seiseki/report/2016/2016-2hakodate6.pdf,official_daily_result_pdf
201602020608,2016,函館,2,6,8,2016-07-24,https://www.jra.go.jp/datafile/seiseki/report/2016/2016-2hakodate6.pdf,official_daily_result_pdf
201602020609,2016,函館,2,6,9,2016-07-24,https://www.jra.go.jp/datafile/seiseki/report/2016/2016-2hakodate6.pdf,official_daily_result_pdf
201602020610,2016,函館,2,6,10,2016-07-24,https://www.jra.go.jp/datafile/seiseki/report/2016/2016-2hakodate6.pdf,official_daily_result_pdf
201602020611,2016,函館,2,6,11,2016-07-24,https://www.jra.go.jp/datafile/seiseki/report/2016/2016-2hakodate6.pdf,official_daily_result_pdf
201602020612,2016,函館,2,6,12,2016-07-24,https://www.jra.go.jp/datafile/seiseki/report/2016/2016-2hakodate6.pdf,official_daily_result_pdf
201603010101,2016,福島,1,1,1,2016-04-09,https://www.jra.go.jp/datafile/seiseki/report/2016/2016-1fukushima1.pdf,official_daily_result_pdf
201603010102,2016,福島,1,1,2,2016-04-09,https://www.jra.go.jp/datafile/seiseki/report/2016/2016-1fukushima1.pdf,official_daily_result_pdf
201603010103,2016,福島,1,1,3,2016-04-09,https://www.jra.go.jp/datafile/seiseki/report/2016/2016-1fukushima1.pdf,official_daily_result_pdf
201603010104,2016,福島,1,1,4,2016-04-09,https://www.jra.go.jp/datafile/seiseki/report/2016/2016-1fukushima1.pdf,official_daily_result_pdf
201603010105,2016,福島,1,1,5,2016-04-09,https://www.jra.go.jp/datafile/seiseki/report/2016/2016-1fukushima1.pdf,official_daily_result_pdf
201603010106,2016,福島,1,1,6,2016-04-09,https://www.jra.go.jp/datafile/seiseki/report/2016/2016-1fukushima1.pdf,official_daily_result_pdf
201603010107,2016,福島,1,1,7,2016-04-09,https://www.jra.go.jp/datafile/seiseki/report/2016/2016-1fukushima1.pdf,official_daily_result_pdf
201603010108,2016,福島,1,1,8,2016-04-09,https://www.jra.go.jp/datafile/seiseki/report/2016/2016-1fukushima1.pdf,official_daily_result_pdf
201603010109,2016,福島,1,1,9,2016-04-09,https://www.jra.go.jp/datafile/seiseki/report/2016/2016-1fukushima1.pdf,official_daily_result_pdf
201603010110,2016,福島,1,1,10,2016-04-09,https://www.jra.go.jp/datafile/seiseki/report/2016/2016-1fukushima1.pdf,official_daily_result_pdf
201603010111,2016,福島,1,1,11,2016-04-09,https://www.jra.go.jp/datafile/seiseki/report/2016/2016-1fukushima1.pdf,official_daily_result_pdf
201603010112,2016,福島,1,1,12,2016-04-09,https://www.jra.go.jp/datafile/seiseki/report/2016/2016-1fukushima1.pdf,official_daily_result_pdf
201603010201,2016,福島,1,2,1,2016-04-10,https://www.jra.go.jp/datafile/seiseki/report/2016/2016-1fukushima2.pdf,official_daily_result_pdf
201603010202,2016,福島,1,2,2,2016-04-10,https://www.jra.go.jp/datafile/seiseki/report/2016/2016-1fukushima2.pdf,official_daily_result_pdf
201603010203,2016,福島,1,2,3,2016-04-10,https://www.jra.go.jp/datafile/seiseki/report/2016/2016-1fukushima2.pdf,official_daily_result_pdf
201603010204,2016,福島,1,2,4,2016-04-10,https://www.jra.go.jp/datafile/seiseki/report/2016/2016-1fukushima2.pdf,official_daily_result_pdf
201603010205,2016,福島,1,2,5,2016-04-10,https://www.jra.go.jp/datafile/seiseki/report/2016/2016-1fukushima2.pdf,official_daily_result_pdf
201603010206,2016,福島,1,2,6,2016-04-10,https://www.jra.go.jp/datafile/seiseki/report/2016/2016-1fukushima2.pdf,official_daily_result_pdf
201603010207,2016,福島,1,2,7,2016-04-10,https://www.jra.go.jp/datafile/seiseki/report/2016/2016-1fukushima2.pdf,official_daily_result_pdf
201603010208,2016,福島,1,2,8,2016-04-10,https://www.jra.go.jp/datafile/seiseki/report/2016/2016-1fukushima2.pdf,official_daily_result_pdf
201603010209,2016,福島,1,2,9,2016-04-10,https://www.jra.go.jp/datafile/seiseki/report/2016/2016-1fukushima2.pdf,official_daily_result_pdf
201603010210,2016,福島,1,2,10,2016-04-10,https://www.jra.go.jp/datafile/seiseki/report/2016/2016-1fukushima2.pdf,official_daily_result_pdf
201603010211,2016,福島,1,2,11,2016-04-10,https://www.jra.go.jp/datafile/seiseki/report/2016/2016-1fukushima2.pdf,official_daily_result_pdf
201603010212,2016,福島,1,2,12,2016-04-10,https://www.jra.go.jp/datafile/seiseki/report/2016/2016-1fukushima2.pdf,official_daily_result_pdf
201603010301,2016,福島,1,3,1,2016-04-16,https://www.jra.go.jp/datafile/seiseki/report/2016/2016-1fukushima3.pdf,official_daily_result_pdf
201603010302,2016,福島,1,3,2,2016-04-16,https://www.jra.go.jp/datafile/seiseki/report/2016/2016-1fukushima3.pdf,official_daily_result_pdf
201603010303,2016,福島,1,3,3,2016-04-16,https://www.jra.go.jp/datafile/seiseki/report/2016/2016-1fukushima3.pdf,official_daily_result_pdf
201603010304,2016,福島,1,3,4,2016-04-16,https://www.jra.go.jp/datafile/seiseki/report/2016/2016-1fukushima3.pdf,official_daily_result_pdf
201603010305,2016,福島,1,3,5,2016-04-16,https://www.jra.go.jp/datafile/seiseki/report/2016/2016-1fukushima3.pdf,official_daily_result_pdf
201603010306,2016,福島,1,3,6,2016-04-16,https://www.jra.go.jp/datafile/seiseki/report/2016/2016-1fukushima3.pdf,official_daily_result_pdf
201603010307,2016,福島,1,3,7,2016-04-16,https://www.jra.go.jp/datafile/seiseki/report/2016/2016-1fukushima3.pdf,official_daily_result_pdf
201603010308,2016,福島,1,3,8,2016-04-16,https://www.jra.go.jp/datafile/seiseki/report/2016/2016-1fukushima3.pdf,official_daily_result_pdf
201603010309,2016,福島,1,3,9,2016-04-16,https://www.jra.go.jp/datafile/seiseki/report/2016/2016-1fukushima3.pdf,official_daily_result_pdf
201603010310,2016,福島,1,3,10,2016-04-16,https://www.jra.go.jp/datafile/seiseki/report/2016/2016-1fukushima3.pdf,official_daily_result_pdf
201603010311,2016,福島,1,3,11,2016-04-16,https://www.jra.go.jp/datafile/seiseki/report/2016/2016-1fukushima3.pdf,official_daily_result_pdf
201603010312,2016,福島,1,3,12,2016-04-16,https://www.jra.go.jp/datafile/seiseki/report/2016/2016-1fukushima3.pdf,official_daily_result_pdf
201603010401,2016,福島,1,4,1,2016-04-17,https://www.jra.go.jp/datafile/seiseki/report/2016/2016-1fukushima4.pdf,official_daily_result_pdf
201603010402,2016,福島,1,4,2,2016-04-17,https://www.jra.go.jp/datafile/seiseki/report/2016/2016-1fukushima4.pdf,official_daily_result_pdf
201603010403,2016,福島,1,4,3,2016-04-17,https://www.jra.go.jp/datafile/seiseki/report/2016/2016-1fukushima4.pdf,official_daily_result_pdf
201603010404,2016,福島,1,4,4,2016-04-17,https://www.jra.go.jp/datafile/seiseki/report/2016/2016-1fukushima4.pdf,official_daily_result_pdf
201603010405,2016,福島,1,4,5,2016-04-17,https://www.jra.go.jp/datafile/seiseki/report/2016/2016-1fukushima4.pdf,official_daily_result_pdf
201603010406,2016,福島,1,4,6,2016-04-17,https://www.jra.go.jp/datafile/seiseki/report/2016/2016-1fukushima4.pdf,official_daily_result_pdf
201603010407,2016,福島,1,4,7,2016-04-17,https://www.jra.go.jp/datafile/seiseki/report/2016/2016-1fukushima4.pdf,official_daily_result_pdf
201603010408,2016,福島,1,4,8,2016-04-17,https://www.jra.go.jp/datafile/seiseki/report/2016/2016-1fukushima4.pdf,official_daily_result_pdf
201603010409,2016,福島,1,4,9,2016-04-17,https://www.jra.go.jp/datafile/seiseki/report/2016/2016-1fukushima4.pdf,official_daily_result_pdf
201603010410,2016,福島,1,4,10,2016-04-17,https://www.jra.go.jp/datafile/seiseki/report/2016/2016-1fukushima4.pdf,official_daily_result_pdf
201603010411,2016,福島,1,4,11,2016-04-17,https://www.jra.go.jp/datafile/seiseki/report/2016/2016-1fukushima4.pdf,official_daily_result_pdf
201603010412,2016,福島,1,4,12,2016-04-17,https://www.jra.go.jp/datafile/seiseki/report/2016/2016-1fukushima4.pdf,official_daily_result_pdf
201603010501,2016,福島,1,5,1,2016-04-23,https://www.jra.go.jp/datafile/seiseki/report/2016/2016-1fukushima5.pdf,official_daily_result_pdf
201603010502,2016,福島,1,5,2,2016-04-23,https://www.jra.go.jp/datafile/seiseki/report/2016/2016-1fukushima5.pdf,official_daily_result_pdf
201603010503,2016,福島,1,5,3,2016-04-23,https://www.jra.go.jp/datafile/seiseki/report/2016/2016-1fukushima5.pdf,official_daily_result_pdf
201603010504,2016,福島,1,5,4,2016-04-23,https://www.jra.go.jp/datafile/seiseki/report/2016/2016-1fukushima5.pdf,official_daily_result_pdf
201603010505,2016,福島,1,5,5,2016-04-23,https://www.jra.go.jp/datafile/seiseki/report/2016/2016-1fukushima5.pdf,official_daily_result_pdf
201603010506,2016,福島,1,5,6,2016-04-23,https://www.jra.go.jp/datafile/seiseki/report/2016/2016-1fukushima5.pdf,official_daily_result_pdf
201603010507,2016,福島,1,5,7,2016-04-23,https://www.jra.go.jp/datafile/seiseki/report/2016/2016-1fukushima5.pdf,official_daily_result_pdf
201603010508,2016,福島,1,5,8,2016-04-23,https://www.jra.go.jp/datafile/seiseki/report/2016/2016-1fukushima5.pdf,official_daily_result_pdf
201603010509,2016,福島,1,5,9,2016-04-23,https://www.jra.go.jp/datafile/seiseki/report/2016/2016-1fukushima5.pdf,official_daily_result_pdf
201603010510,2016,福島,1,5,10,2016-04-23,https://www.jra.go.jp/datafile/seiseki/report/2016/2016-1fukushima5.pdf,official_daily_result_pdf
201603010511,2016,福島,1,5,11,2016-04-23,https://www.jra.go.jp/datafile/seiseki/report/2016/2016-1fukushima5.pdf,official_daily_result_pdf
201603010512,2016,福島,1,5,12,2016-04-23,https://www.jra.go.jp/datafile/seiseki/report/2016/2016-1fukushima5.pdf,official_daily_result_pdf
201603010601,2016,福島,1,6,1,2016-04-24,https://www.jra.go.jp/datafile/seiseki/report/2016/2016-1fukushima6.pdf,official_daily_result_pdf
201603010602,2016,福島,1,6,2,2016-04-24,https://www.jra.go.jp/datafile/seiseki/report/2016/2016-1fukushima6.pdf,official_daily_result_pdf
201603010603,2016,福島,1,6,3,2016-04-24,https://www.jra.go.jp/datafile/seiseki/report/2016/2016-1fukushima6.pdf,official_daily_result_pdf
201603010604,2016,福島,1,6,4,2016-04-24,https://www.jra.go.jp/datafile/seiseki/report/2016/2016-1fukushima6.pdf,official_daily_result_pdf
201603010605,2016,福島,1,6,5,2016-04-24,https://www.jra.go.jp/datafile/seiseki/report/2016/2016-1fukushima6.pdf,official_daily_result_pdf
201603010606,2016,福島,1,6,6,2016-04-24,https://www.jra.go.jp/datafile/seiseki/report/2016/2016-1fukushima6.pdf,official_daily_result_pdf
201603010607,2016,福島,1,6,7,2016-04-24,https://www.jra.go.jp/datafile/seiseki/report/2016/2016-1fukushima6.pdf,official_daily_result_pdf
201603010608,2016,福島,1,6,8,2016-04-24,https://www.jra.go.jp/datafile/seiseki/report/2016/2016-1fukushima6.pdf,official_daily_result_pdf
201603010609,2016,福島,1,6,9,2016-04-24,https://www.jra.go.jp/datafile/seiseki/report/2016/2016-1fukushima6.pdf,official_daily_result_pdf
201603010610,2016,福島,1,6,10,2016-04-24,https://www.jra.go.jp/datafile/seiseki/report/2016/2016-1fukushima6.pdf,official_daily_result_pdf
201603010611,2016,福島,1,6,11,2016-04-24,https://www.jra.go.jp/datafile/seiseki/report/2016/2016-1fukushima6.pdf,official_daily_result_pdf
201603010612,2016,福島,1,6,12,2016-04-24,https://www.jra.go.jp/datafile/seiseki/report/2016/2016-1fukushima6.pdf,official_daily_result_pdf
201603020101,2016,福島,2,1,1,2016-07-02,https://www.jra.go.jp/datafile/seiseki/report/2016/2016-2fukushima1.pdf,official_daily_result_pdf
201603020102,2016,福島,2,1,2,2016-07-02,https://www.jra.go.jp/datafile/seiseki/report/2016/2016-2fukushima1.pdf,official_daily_result_pdf
201603020103,2016,福島,2,1,3,2016-07-02,https://www.jra.go.jp/datafile/seiseki/report/2016/2016-2fukushima1.pdf,official_daily_result_pdf
201603020104,2016,福島,2,1,4,2016-07-02,https://www.jra.go.jp/datafile/seiseki/report/2016/2016-2fukushima1.pdf,official_daily_result_pdf
201603020105,2016,福島,2,1,5,2016-07-02,https://www.jra.go.jp/datafile/seiseki/report/2016/2016-2fukushima1.pdf,official_daily_result_pdf
201603020106,2016,福島,2,1,6,2016-07-02,https://www.jra.go.jp/datafile/seiseki/report/2016/2016-2fukushima1.pdf,official_daily_result_pdf
201603020107,2016,福島,2,1,7,2016-07-02,https://www.jra.go.jp/datafile/seiseki/report/2016/2016-2fukushima1.pdf,official_daily_result_pdf
201603020108,2016,福島,2,1,8,2016-07-02,https://www.jra.go.jp/datafile/seiseki/report/2016/2016-2fukushima1.pdf,official_daily_result_pdf
201603020109,2016,福島,2,1,9,2016-07-02,https://www.jra.go.jp/datafile/seiseki/report/2016/2016-2fukushima1.pdf,official_daily_result_pdf
201603020110,2016,福島,2,1,10,2016-07-02,https://www.jra.go.jp/datafile/seiseki/report/2016/2016-2fukushima1.pdf,official_daily_result_pdf
201603020111,2016,福島,2,1,11,2016-07-02,https://www.jra.go.jp/datafile/seiseki/report/2016/2016-2fukushima1.pdf,official_daily_result_pdf
201603020112,2016,福島,2,1,12,2016-07-02,https://www.jra.go.jp/datafile/seiseki/report/2016/2016-2fukushima1.pdf,official_daily_result_pdf
201603020201,2016,福島,2,2,1,2016-07-03,https://www.jra.go.jp/datafile/seiseki/report/2016/2016-2fukushima2.pdf,official_daily_result_pdf
201603020202,2016,福島,2,2,2,2016-07-03,https://www.jra.go.jp/datafile/seiseki/report/2016/2016-2fukushima2.pdf,official_daily_result_pdf
201603020203,2016,福島,2,2,3,2016-07-03,https://www.jra.go.jp/datafile/seiseki/report/2016/2016-2fukushima2.pdf,official_daily_result_pdf
201603020204,2016,福島,2,2,4,2016-07-03,https://www.jra.go.jp/datafile/seiseki/report/2016/2016-2fukushima2.pdf,official_daily_result_pdf
201603020205,2016,福島,2,2,5,2016-07-03,https://www.jra.go.jp/datafile/seiseki/report/2016/2016-2fukushima2.pdf,official_daily_result_pdf
201603020206,2016,福島,2,2,6,2016-07-03,https://www.jra.go.jp/datafile/seiseki/report/2016/2016-2fukushima2.pdf,official_daily_result_pdf
201603020207,2016,福島,2,2,7,2016-07-03,https://www.jra.go.jp/datafile/seiseki/report/2016/2016-2fukushima2.pdf,official_daily_result_pdf
201603020208,2016,福島,2,2,8,2016-07-03,https://www.jra.go.jp/datafile/seiseki/report/2016/2016-2fukushima2.pdf,official_daily_result_pdf
201603020209,2016,福島,2,2,9,2016-07-03,https://www.jra.go.jp/datafile/seiseki/report/2016/2016-2fukushima2.pdf,official_daily_result_pdf
201603020210,2016,福島,2,2,10,2016-07-03,https://www.jra.go.jp/datafile/seiseki/report/2016/2016-2fukushima2.pdf,official_daily_result_pdf
201603020211,2016,福島,2,2,11,2016-07-03,https://www.jra.go.jp/datafile/seiseki/report/2016/2016-2fukushima2.pdf,official_daily_result_pdf
201603020212,2016,福島,2,2,12,2016-07-03,https://www.jra.go.jp/datafile/seiseki/report/2016/2016-2fukushima2.pdf,official_daily_result_pdf
201603020301,2016,福島,2,3,1,2016-07-09,https://www.jra.go.jp/datafile/seiseki/report/2016/2016-2fukushima3.pdf,official_daily_result_pdf
201603020302,2016,福島,2,3,2,2016-07-09,https://www.jra.go.jp/datafile/seiseki/report/2016/2016-2fukushima3.pdf,official_daily_result_pdf
201603020303,2016,福島,2,3,3,2016-07-09,https://www.jra.go.jp/datafile/seiseki/report/2016/2016-2fukushima3.pdf,official_daily_result_pdf
201603020304,2016,福島,2,3,4,2016-07-09,https://www.jra.go.jp/datafile/seiseki/report/2016/2016-2fukushima3.pdf,official_daily_result_pdf
201603020305,2016,福島,2,3,5,2016-07-09,https://www.jra.go.jp/datafile/seiseki/report/2016/2016-2fukushima3.pdf,official_daily_result_pdf
201603020306,2016,福島,2,3,6,2016-07-09,https://www.jra.go.jp/datafile/seiseki/report/2016/2016-2fukushima3.pdf,official_daily_result_pdf
201603020307,2016,福島,2,3,7,2016-07-09,https://www.jra.go.jp/datafile/seiseki/report/2016/2016-2fukushima3.pdf,official_daily_result_pdf
201603020308,2016,福島,2,3,8,2016-07-09,https://www.jra.go.jp/datafile/seiseki/report/2016/2016-2fukushima3.pdf,official_daily_result_pdf
201603020309,2016,福島,2,3,9,2016-07-09,https://www.jra.go.jp/datafile/seiseki/report/2016/2016-2fukushima3.pdf,official_daily_result_pdf
201603020310,2016,福島,2,3,10,2016-07-09,https://www.jra.go.jp/datafile/seiseki/report/2016/2016-2fukushima3.pdf,official_daily_result_pdf
201603020311,2016,福島,2,3,11,2016-07-09,https://www.jra.go.jp/datafile/seiseki/report/2016/2016-2fukushima3.pdf,official_daily_result_pdf
201603020312,2016,福島,2,3,12,2016-07-09,https://www.jra.go.jp/datafile/seiseki/report/2016/2016-2fukushima3.pdf,official_daily_result_pdf
201603020401,2016,福島,2,4,1,2016-07-10,https://www.jra.go.jp/datafile/seiseki/report/2016/2016-2fukushima4.pdf,official_daily_result_pdf
201603020402,2016,福島,2,4,2,2016-07-10,https://www.jra.go.jp/datafile/seiseki/report/2016/2016-2fukushima4.pdf,official_daily_result_pdf
201603020403,2016,福島,2,4,3,2016-07-10,https://www.jra.go.jp/datafile/seiseki/report/2016/2016-2fukushima4.pdf,official_daily_result_pdf
201603020404,2016,福島,2,4,4,2016-07-10,https://www.jra.go.jp/datafile/seiseki/report/2016/2016-2fukushima4.pdf,official_daily_result_pdf
201603020405,2016,福島,2,4,5,2016-07-10,https://www.jra.go.jp/datafile/seiseki/report/2016/2016-2fukushima4.pdf,official_daily_result_pdf
201603020406,2016,福島,2,4,6,2016-07-10,https://www.jra.go.jp/datafile/seiseki/report/2016/2016-2fukushima4.pdf,official_daily_result_pdf
201603020407,2016,福島,2,4,7,2016-07-10,https://www.jra.go.jp/datafile/seiseki/report/2016/2016-2fukushima4.pdf,official_daily_result_pdf
201603020408,2016,福島,2,4,8,2016-07-10,https://www.jra.go.jp/datafile/seiseki/report/2016/2016-2fukushima4.pdf,official_daily_result_pdf
201603020409,2016,福島,2,4,9,2016-07-10,https://www.jra.go.jp/datafile/seiseki/report/2016/2016-2fukushima4.pdf,official_daily_result_pdf
201603020410,2016,福島,2,4,10,2016-07-10,https://www.jra.go.jp/datafile/seiseki/report/2016/2016-2fukushima4.pdf,official_daily_result_pdf
201603020411,2016,福島,2,4,11,2016-07-10,https://www.jra.go.jp/datafile/seiseki/report/2016/2016-2fukushima4.pdf,official_daily_result_pdf
201603020412,2016,福島,2,4,12,2016-07-10,https://www.jra.go.jp/datafile/seiseki/report/2016/2016-2fukushima4.pdf,official_daily_result_pdf
201603020501,2016,福島,2,5,1,2016-07-16,https://www.jra.go.jp/datafile/seiseki/report/2016/2016-2fukushima5.pdf,official_daily_result_pdf
201603020502,2016,福島,2,5,2,2016-07-16,https://www.jra.go.jp/datafile/seiseki/report/2016/2016-2fukushima5.pdf,official_daily_result_pdf
201603020503,2016,福島,2,5,3,2016-07-16,https://www.jra.go.jp/datafile/seiseki/report/2016/2016-2fukushima5.pdf,official_daily_result_pdf
201603020504,2016,福島,2,5,4,2016-07-16,https://www.jra.go.jp/datafile/seiseki/report/2016/2016-2fukushima5.pdf,official_daily_result_pdf
201603020505,2016,福島,2,5,5,2016-07-16,https://www.jra.go.jp/datafile/seiseki/report/2016/2016-2fukushima5.pdf,official_daily_result_pdf
201603020506,2016,福島,2,5,6,2016-07-16,https://www.jra.go.jp/datafile/seiseki/report/2016/2016-2fukushima5.pdf,official_daily_result_pdf
201603020507,2016,福島,2,5,7,2016-07-16,https://www.jra.go.jp/datafile/seiseki/report/2016/2016-2fukushima5.pdf,official_daily_result_pdf
201603020508,2016,福島,2,5,8,2016-07-16,https://www.jra.go.jp/datafile/seiseki/report/2016/2016-2fukushima5.pdf,official_daily_result_pdf
201603020509,2016,福島,2,5,9,2016-07-16,https://www.jra.go.jp/datafile/seiseki/report/2016/2016-2fukushima5.pdf,official_daily_result_pdf
201603020510,2016,福島,2,5,10,2016-07-16,https://www.jra.go.jp/datafile/seiseki/report/2016/2016-2fukushima5.pdf,official_daily_result_pdf
201603020511,2016,福島,2,5,11,2016-07-16,https://www.jra.go.jp/datafile/seiseki/report/2016/2016-2fukushima5.pdf,official_daily_result_pdf
201603020512,2016,福島,2,5,12,2016-07-16,https://www.jra.go.jp/datafile/seiseki/report/2016/2016-2fukushima5.pdf,official_daily_result_pdf
201603020601,2016,福島,2,6,1,2016-07-17,https://www.jra.go.jp/datafile/seiseki/report/2016/2016-2fukushima6.pdf,official_daily_result_pdf
201603020602,2016,福島,2,6,2,2016-07-17,https://www.jra.go.jp/datafile/seiseki/report/2016/2016-2fukushima6.pdf,official_daily_result_pdf
201603020603,2016,福島,2,6,3,2016-07-17,https://www.jra.go.jp/datafile/seiseki/report/2016/2016-2fukushima6.pdf,official_daily_result_pdf
201603020604,2016,福島,2,6,4,2016-07-17,https://www.jra.go.jp/datafile/seiseki/report/2016/2016-2fukushima6.pdf,official_daily_result_pdf
201603020605,2016,福島,2,6,5,2016-07-17,https://www.jra.go.jp/datafile/seiseki/report/2016/2016-2fukushima6.pdf,official_daily_result_pdf
201603020606,2016,福島,2,6,6,2016-07-17,https://www.jra.go.jp/datafile/seiseki/report/2016/2016-2fukushima6.pdf,official_daily_result_pdf
201603020607,2016,福島,2,6,7,2016-07-17,https://www.jra.go.jp/datafile/seiseki/report/2016/2016-2fukushima6.pdf,official_daily_result_pdf
201603020608,2016,福島,2,6,8,2016-07-17,https://www.jra.go.jp/datafile/seiseki/report/2016/2016-2fukushima6.pdf,official_daily_result_pdf
201603020609,2016,福島,2,6,9,2016-07-17,https://www.jra.go.jp/datafile/seiseki/report/2016/2016-2fukushima6.pdf,official_daily_result_pdf
201603020610,2016,福島,2,6,10,2016-07-17,https://www.jra.go.jp/datafile/seiseki/report/2016/2016-2fukushima6.pdf,official_daily_result_pdf
201603020611,2016,福島,2,6,11,2016-07-17,https://www.jra.go.jp/datafile/seiseki/report/2016/2016-2fukushima6.pdf,official_daily_result_pdf
201603020612,2016,福島,2,6,12,2016-07-17,https://www.jra.go.jp/datafile/seiseki/report/2016/2016-2fukushima6.pdf,official_daily_result_pdf
201603020701,2016,福島,2,7,1,2016-07-23,https://www.jra.go.jp/datafile/seiseki/report/2016/2016-2fukushima7.pdf,official_daily_result_pdf
201603020702,2016,福島,2,7,2,2016-07-23,https://www.jra.go.jp/datafile/seiseki/report/2016/2016-2fukushima7.pdf,official_daily_result_pdf
201603020703,2016,福島,2,7,3,2016-07-23,https://www.jra.go.jp/datafile/seiseki/report/2016/2016-2fukushima7.pdf,official_daily_result_pdf
201603020704,2016,福島,2,7,4,2016-07-23,https://www.jra.go.jp/datafile/seiseki/report/2016/2016-2fukushima7.pdf,official_daily_result_pdf
201603020705,2016,福島,2,7,5,2016-07-23,https://www.jra.go.jp/datafile/seiseki/report/2016/2016-2fukushima7.pdf,official_daily_result_pdf
201603020706,2016,福島,2,7,6,2016-07-23,https://www.jra.go.jp/datafile/seiseki/report/2016/2016-2fukushima7.pdf,official_daily_result_pdf
201603020707,2016,福島,2,7,7,2016-07-23,https://www.jra.go.jp/datafile/seiseki/report/2016/2016-2fukushima7.pdf,official_daily_result_pdf
201603020708,2016,福島,2,7,8,2016-07-23,https://www.jra.go.jp/datafile/seiseki/report/2016/2016-2fukushima7.pdf,official_daily_result_pdf
201603020709,2016,福島,2,7,9,2016-07-23,https://www.jra.go.jp/datafile/seiseki/report/2016/2016-2fukushima7.pdf,official_daily_result_pdf
201603020710,2016,福島,2,7,10,2016-07-23,https://www.jra.go.jp/datafile/seiseki/report/2016/2016-2fukushima7.pdf,official_daily_result_pdf
201603020711,2016,福島,2,7,11,2016-07-23,https://www.jra.go.jp/datafile/seiseki/report/2016/2016-2fukushima7.pdf,official_daily_result_pdf
201603020712,2016,福島,2,7,12,2016-07-23,https://www.jra.go.jp/datafile/seiseki/report/2016/2016-2fukushima7.pdf,official_daily_result_pdf
201603020801,2016,福島,2,8,1,2016-07-24,https://www.jra.go.jp/datafile/seiseki/report/2016/2016-2fukushima8.pdf,official_daily_result_pdf
201603020802,2016,福島,2,8,2,2016-07-24,https://www.jra.go.jp/datafile/seiseki/report/2016/2016-2fukushima8.pdf,official_daily_result_pdf
201603020803,2016,福島,2,8,3,2016-07-24,https://www.jra.go.jp/datafile/seiseki/report/2016/2016-2fukushima8.pdf,official_daily_result_pdf
201603020804,2016,福島,2,8,4,2016-07-24,https://www.jra.go.jp/datafile/seiseki/report/2016/2016-2fukushima8.pdf,official_daily_result_pdf
201603020805,2016,福島,2,8,5,2016-07-24,https://www.jra.go.jp/datafile/seiseki/report/2016/2016-2fukushima8.pdf,official_daily_result_pdf
201603020806,2016,福島,2,8,6,2016-07-24,https://www.jra.go.jp/datafile/seiseki/report/2016/2016-2fukushima8.pdf,official_daily_result_pdf
201603020807,2016,福島,2,8,7,2016-07-24,https://www.jra.go.jp/datafile/seiseki/report/2016/2016-2fukushima8.pdf,official_daily_result_pdf
201603020808,2016,福島,2,8,8,2016-07-24,https://www.jra.go.jp/datafile/seiseki/report/2016/2016-2fukushima8.pdf,official_daily_result_pdf
201603020809,2016,福島,2,8,9,2016-07-24,https://www.jra.go.jp/datafile/seiseki/report/2016/2016-2fukushima8.pdf,official_daily_result_pdf
201603020810,2016,福島,2,8,10,2016-07-24,https://www.jra.go.jp/datafile/seiseki/report/2016/2016-2fukushima8.pdf,official_daily_result_pdf
201603020811,2016,福島,2,8,11,2016-07-24,https://www.jra.go.jp/datafile/seiseki/report/2016/2016-2fukushima8.pdf,official_daily_result_pdf
201603020812,2016,福島,2,8,12,2016-07-24,https://www.jra.go.jp/datafile/seiseki/report/2016/2016-2fukushima8.pdf,official_daily_result_pdf
201603030101,2016,福島,3,1,1,2016-11-05,https://www.jra.go.jp/datafile/seiseki/report/2016/2016-3fukushima1.pdf,official_daily_result_pdf
201603030102,2016,福島,3,1,2,2016-11-05,https://www.jra.go.jp/datafile/seiseki/report/2016/2016-3fukushima1.pdf,official_daily_result_pdf
201603030103,2016,福島,3,1,3,2016-11-05,https://www.jra.go.jp/datafile/seiseki/report/2016/2016-3fukushima1.pdf,official_daily_result_pdf
201603030104,2016,福島,3,1,4,2016-11-05,https://www.jra.go.jp/datafile/seiseki/report/2016/2016-3fukushima1.pdf,official_daily_result_pdf
201603030105,2016,福島,3,1,5,2016-11-05,https://www.jra.go.jp/datafile/seiseki/report/2016/2016-3fukushima1.pdf,official_daily_result_pdf
201603030106,2016,福島,3,1,6,2016-11-05,https://www.jra.go.jp/datafile/seiseki/report/2016/2016-3fukushima1.pdf,official_daily_result_pdf
201603030107,2016,福島,3,1,7,2016-11-05,https://www.jra.go.jp/datafile/seiseki/report/2016/2016-3fukushima1.pdf,official_daily_result_pdf
201603030108,2016,福島,3,1,8,2016-11-05,https://www.jra.go.jp/datafile/seiseki/report/2016/2016-3fukushima1.pdf,official_daily_result_pdf
201603030109,2016,福島,3,1,9,2016-11-05,https://www.jra.go.jp/datafile/seiseki/report/2016/2016-3fukushima1.pdf,official_daily_result_pdf
201603030110,2016,福島,3,1,10,2016-11-05,https://www.jra.go.jp/datafile/seiseki/report/2016/2016-3fukushima1.pdf,official_daily_result_pdf
201603030111,2016,福島,3,1,11,2016-11-05,https://www.jra.go.jp/datafile/seiseki/report/2016/2016-3fukushima1.pdf,official_daily_result_pdf
201603030112,2016,福島,3,1,12,2016-11-05,https://www.jra.go.jp/datafile/seiseki/report/2016/2016-3fukushima1.pdf,official_daily_result_pdf
201603030201,2016,福島,3,2,1,2016-11-06,https://www.jra.go.jp/datafile/seiseki/report/2016/2016-3fukushima2.pdf,official_daily_result_pdf
201603030202,2016,福島,3,2,2,2016-11-06,https://www.jra.go.jp/datafile/seiseki/report/2016/2016-3fukushima2.pdf,official_daily_result_pdf
201603030203,2016,福島,3,2,3,2016-11-06,https://www.jra.go.jp/datafile/seiseki/report/2016/2016-3fukushima2.pdf,official_daily_result_pdf
201603030204,2016,福島,3,2,4,2016-11-06,https://www.jra.go.jp/datafile/seiseki/report/2016/2016-3fukushima2.pdf,official_daily_result_pdf
201603030205,2016,福島,3,2,5,2016-11-06,https://www.jra.go.jp/datafile/seiseki/report/2016/2016-3fukushima2.pdf,official_daily_result_pdf
201603030206,2016,福島,3,2,6,2016-11-06,https://www.jra.go.jp/datafile/seiseki/report/2016/2016-3fukushima2.pdf,official_daily_result_pdf
201603030207,2016,福島,3,2,7,2016-11-06,https://www.jra.go.jp/datafile/seiseki/report/2016/2016-3fukushima2.pdf,official_daily_result_pdf
201603030208,2016,福島,3,2,8,2016-11-06,https://www.jra.go.jp/datafile/seiseki/report/2016/2016-3fukushima2.pdf,official_daily_result_pdf
201603030209,2016,福島,3,2,9,2016-11-06,https://www.jra.go.jp/datafile/seiseki/report/2016/2016-3fukushima2.pdf,official_daily_result_pdf
201603030210,2016,福島,3,2,10,2016-11-06,https://www.jra.go.jp/datafile/seiseki/report/2016/2016-3fukushima2.pdf,official_daily_result_pdf
201603030211,2016,福島,3,2,11,2016-11-06,https://www.jra.go.jp/datafile/seiseki/report/2016/2016-3fukushima2.pdf,official_daily_result_pdf
201603030212,2016,福島,3,2,12,2016-11-06,https://www.jra.go.jp/datafile/seiseki/report/2016/2016-3fukushima2.pdf,official_daily_result_pdf
201603030301,2016,福島,3,3,1,2016-11-12,https://www.jra.go.jp/datafile/seiseki/report/2016/2016-3fukushima3.pdf,official_daily_result_pdf
201603030302,2016,福島,3,3,2,2016-11-12,https://www.jra.go.jp/datafile/seiseki/report/2016/2016-3fukushima3.pdf,official_daily_result_pdf
201603030303,2016,福島,3,3,3,2016-11-12,https://www.jra.go.jp/datafile/seiseki/report/2016/2016-3fukushima3.pdf,official_daily_result_pdf
201603030304,2016,福島,3,3,4,2016-11-12,https://www.jra.go.jp/datafile/seiseki/report/2016/2016-3fukushima3.pdf,official_daily_result_pdf
201603030305,2016,福島,3,3,5,2016-11-12,https://www.jra.go.jp/datafile/seiseki/report/2016/2016-3fukushima3.pdf,official_daily_result_pdf
201603030306,2016,福島,3,3,6,2016-11-12,https://www.jra.go.jp/datafile/seiseki/report/2016/2016-3fukushima3.pdf,official_daily_result_pdf
201603030307,2016,福島,3,3,7,2016-11-12,https://www.jra.go.jp/datafile/seiseki/report/2016/2016-3fukushima3.pdf,official_daily_result_pdf
201603030308,2016,福島,3,3,8,2016-11-12,https://www.jra.go.jp/datafile/seiseki/report/2016/2016-3fukushima3.pdf,official_daily_result_pdf
201603030309,2016,福島,3,3,9,2016-11-12,https://www.jra.go.jp/datafile/seiseki/report/2016/2016-3fukushima3.pdf,official_daily_result_pdf
201603030310,2016,福島,3,3,10,2016-11-12,https://www.jra.go.jp/datafile/seiseki/report/2016/2016-3fukushima3.pdf,official_daily_result_pdf
201603030311,2016,福島,3,3,11,2016-11-12,https://www.jra.go.jp/datafile/seiseki/report/2016/2016-3fukushima3.pdf,official_daily_result_pdf
201603030312,2016,福島,3,3,12,2016-11-12,https://www.jra.go.jp/datafile/seiseki/report/2016/2016-3fukushima3.pdf,official_daily_result_pdf
201603030401,2016,福島,3,4,1,2016-11-13,https://www.jra.go.jp/datafile/seiseki/report/2016/2016-3fukushima4.pdf,official_daily_result_pdf
201603030402,2016,福島,3,4,2,2016-11-13,https://www.jra.go.jp/datafile/seiseki/report/2016/2016-3fukushima4.pdf,official_daily_result_pdf
201603030403,2016,福島,3,4,3,2016-11-13,https://www.jra.go.jp/datafile/seiseki/report/2016/2016-3fukushima4.pdf,official_daily_result_pdf
201603030404,2016,福島,3,4,4,2016-11-13,https://www.jra.go.jp/datafile/seiseki/report/2016/2016-3fukushima4.pdf,official_daily_result_pdf
201603030405,2016,福島,3,4,5,2016-11-13,https://www.jra.go.jp/datafile/seiseki/report/2016/2016-3fukushima4.pdf,official_daily_result_pdf
201603030406,2016,福島,3,4,6,2016-11-13,https://www.jra.go.jp/datafile/seiseki/report/2016/2016-3fukushima4.pdf,official_daily_result_pdf
201603030407,2016,福島,3,4,7,2016-11-13,https://www.jra.go.jp/datafile/seiseki/report/2016/2016-3fukushima4.pdf,official_daily_result_pdf
201603030408,2016,福島,3,4,8,2016-11-13,https://www.jra.go.jp/datafile/seiseki/report/2016/2016-3fukushima4.pdf,official_daily_result_pdf
201603030409,2016,福島,3,4,9,2016-11-13,https://www.jra.go.jp/datafile/seiseki/report/2016/2016-3fukushima4.pdf,official_daily_result_pdf
201603030410,2016,福島,3,4,10,2016-11-13,https://www.jra.go.jp/datafile/seiseki/report/2016/2016-3fukushima4.pdf,official_daily_result_pdf
201603030411,2016,福島,3,4,11,2016-11-13,https://www.jra.go.jp/datafile/seiseki/report/2016/2016-3fukushima4.pdf,official_daily_result_pdf
201603030412,2016,福島,3,4,12,2016-11-13,https://www.jra.go.jp/datafile/seiseki/report/2016/2016-3fukushima4.pdf,official_daily_result_pdf
201603030501,2016,福島,3,5,1,2016-11-19,https://www.jra.go.jp/datafile/seiseki/report/2016/2016-3fukushima5.pdf,official_daily_result_pdf
201603030502,2016,福島,3,5,2,2016-11-19,https://www.jra.go.jp/datafile/seiseki/report/2016/2016-3fukushima5.pdf,official_daily_result_pdf
201603030503,2016,福島,3,5,3,2016-11-19,https://www.jra.go.jp/datafile/seiseki/report/2016/2016-3fukushima5.pdf,official_daily_result_pdf
201603030504,2016,福島,3,5,4,2016-11-19,https://www.jra.go.jp/datafile/seiseki/report/2016/2016-3fukushima5.pdf,official_daily_result_pdf
201603030505,2016,福島,3,5,5,2016-11-19,https://www.jra.go.jp/datafile/seiseki/report/2016/2016-3fukushima5.pdf,official_daily_result_pdf
201603030506,2016,福島,3,5,6,2016-11-19,https://www.jra.go.jp/datafile/seiseki/report/2016/2016-3fukushima5.pdf,official_daily_result_pdf
201603030507,2016,福島,3,5,7,2016-11-19,https://www.jra.go.jp/datafile/seiseki/report/2016/2016-3fukushima5.pdf,official_daily_result_pdf
201603030508,2016,福島,3,5,8,2016-11-19,https://www.jra.go.jp/datafile/seiseki/report/2016/2016-3fukushima5.pdf,official_daily_result_pdf
201603030509,2016,福島,3,5,9,2016-11-19,https://www.jra.go.jp/datafile/seiseki/report/2016/2016-3fukushima5.pdf,official_daily_result_pdf
201603030510,2016,福島,3,5,10,2016-11-19,https://www.jra.go.jp/datafile/seiseki/report/2016/2016-3fukushima5.pdf,official_daily_result_pdf
201603030511,2016,福島,3,5,11,2016-11-19,https://www.jra.go.jp/datafile/seiseki/report/2016/2016-3fukushima5.pdf,official_daily_result_pdf
201603030512,2016,福島,3,5,12,2016-11-19,https://www.jra.go.jp/datafile/seiseki/report/2016/2016-3fukushima5.pdf,official_daily_result_pdf
201603030601,2016,福島,3,6,1,2016-11-20,https://www.jra.go.jp/datafile/seiseki/report/2016/2016-3fukushima6.pdf,official_daily_result_pdf
201603030602,2016,福島,3,6,2,2016-11-20,https://www.jra.go.jp/datafile/seiseki/report/2016/2016-3fukushima6.pdf,official_daily_result_pdf
201603030603,2016,福島,3,6,3,2016-11-20,https://www.jra.go.jp/datafile/seiseki/report/2016/2016-3fukushima6.pdf,official_daily_result_pdf
201603030604,2016,福島,3,6,4,2016-11-20,https://www.jra.go.jp/datafile/seiseki/report/2016/2016-3fukushima6.pdf,official_daily_result_pdf
201603030605,2016,福島,3,6,5,2016-11-20,https://www.jra.go.jp/datafile/seiseki/report/2016/2016-3fukushima6.pdf,official_daily_result_pdf
201603030606,2016,福島,3,6,6,2016-11-20,https://www.jra.go.jp/datafile/seiseki/report/2016/2016-3fukushima6.pdf,official_daily_result_pdf
201603030607,2016,福島,3,6,7,2016-11-20,https://www.jra.go.jp/datafile/seiseki/report/2016/2016-3fukushima6.pdf,official_daily_result_pdf
201603030608,2016,福島,3,6,8,2016-11-20,https://www.jra.go.jp/datafile/seiseki/report/2016/2016-3fukushima6.pdf,official_daily_result_pdf
201603030609,2016,福島,3,6,9,2016-11-20,https://www.jra.go.jp/datafile/seiseki/report/2016/2016-3fukushima6.pdf,official_daily_result_pdf
201603030610,2016,福島,3,6,10,2016-11-20,https://www.jra.go.jp/datafile/seiseki/report/2016/2016-3fukushima6.pdf,official_daily_result_pdf
201603030611,2016,福島,3,6,11,2016-11-20,https://www.jra.go.jp/datafile/seiseki/report/2016/2016-3fukushima6.pdf,official_daily_result_pdf
201603030612,2016,福島,3,6,12,2016-11-20,https://www.jra.go.jp/datafile/seiseki/report/2016/2016-3fukushima6.pdf,official_daily_result_pdf
201604010101,2016,新潟,1,1,1,2016-04-30,https://www.jra.go.jp/datafile/seiseki/report/2016/2016-1niigata1.pdf,official_daily_result_pdf
201604010102,2016,新潟,1,1,2,2016-04-30,https://www.jra.go.jp/datafile/seiseki/report/2016/2016-1niigata1.pdf,official_daily_result_pdf
201604010103,2016,新潟,1,1,3,2016-04-30,https://www.jra.go.jp/datafile/seiseki/report/2016/2016-1niigata1.pdf,official_daily_result_pdf
201604010104,2016,新潟,1,1,4,2016-04-30,https://www.jra.go.jp/datafile/seiseki/report/2016/2016-1niigata1.pdf,official_daily_result_pdf
201604010105,2016,新潟,1,1,5,2016-04-30,https://www.jra.go.jp/datafile/seiseki/report/2016/2016-1niigata1.pdf,official_daily_result_pdf
201604010106,2016,新潟,1,1,6,2016-04-30,https://www.jra.go.jp/datafile/seiseki/report/2016/2016-1niigata1.pdf,official_daily_result_pdf
201604010107,2016,新潟,1,1,7,2016-04-30,https://www.jra.go.jp/datafile/seiseki/report/2016/2016-1niigata1.pdf,official_daily_result_pdf
201604010108,2016,新潟,1,1,8,2016-04-30,https://www.jra.go.jp/datafile/seiseki/report/2016/2016-1niigata1.pdf,official_daily_result_pdf
201604010109,2016,新潟,1,1,9,2016-04-30,https://www.jra.go.jp/datafile/seiseki/report/2016/2016-1niigata1.pdf,official_daily_result_pdf
201604010110,2016,新潟,1,1,10,2016-04-30,https://www.jra.go.jp/datafile/seiseki/report/2016/2016-1niigata1.pdf,official_daily_result_pdf
201604010111,2016,新潟,1,1,11,2016-04-30,https://www.jra.go.jp/datafile/seiseki/report/2016/2016-1niigata1.pdf,official_daily_result_pdf
201604010112,2016,新潟,1,1,12,2016-04-30,https://www.jra.go.jp/datafile/seiseki/report/2016/2016-1niigata1.pdf,official_daily_result_pdf
201604010201,2016,新潟,1,2,1,2016-05-01,https://www.jra.go.jp/datafile/seiseki/report/2016/2016-1niigata2.pdf,official_daily_result_pdf
201604010202,2016,新潟,1,2,2,2016-05-01,https://www.jra.go.jp/datafile/seiseki/report/2016/2016-1niigata2.pdf,official_daily_result_pdf
201604010203,2016,新潟,1,2,3,2016-05-01,https://www.jra.go.jp/datafile/seiseki/report/2016/2016-1niigata2.pdf,official_daily_result_pdf
201604010204,2016,新潟,1,2,4,2016-05-01,https://www.jra.go.jp/datafile/seiseki/report/2016/2016-1niigata2.pdf,official_daily_result_pdf
201604010205,2016,新潟,1,2,5,2016-05-01,https://www.jra.go.jp/datafile/seiseki/report/2016/2016-1niigata2.pdf,official_daily_result_pdf
201604010206,2016,新潟,1,2,6,2016-05-01,https://www.jra.go.jp/datafile/seiseki/report/2016/2016-1niigata2.pdf,official_daily_result_pdf
201604010207,2016,新潟,1,2,7,2016-05-01,https://www.jra.go.jp/datafile/seiseki/report/2016/2016-1niigata2.pdf,official_daily_result_pdf
201604010208,2016,新潟,1,2,8,2016-05-01,https://www.jra.go.jp/datafile/seiseki/report/2016/2016-1niigata2.pdf,official_daily_result_pdf
201604010209,2016,新潟,1,2,9,2016-05-01,https://www.jra.go.jp/datafile/seiseki/report/2016/2016-1niigata2.pdf,official_daily_result_pdf
201604010210,2016,新潟,1,2,10,2016-05-01,https://www.jra.go.jp/datafile/seiseki/report/2016/2016-1niigata2.pdf,official_daily_result_pdf
201604010211,2016,新潟,1,2,11,2016-05-01,https://www.jra.go.jp/datafile/seiseki/report/2016/2016-1niigata2.pdf,official_daily_result_pdf
201604010212,2016,新潟,1,2,12,2016-05-01,https://www.jra.go.jp/datafile/seiseki/report/2016/2016-1niigata2.pdf,official_daily_result_pdf
201604010301,2016,新潟,1,3,1,2016-05-07,https://www.jra.go.jp/datafile/seiseki/report/2016/2016-1niigata3.pdf,official_daily_result_pdf
201604010302,2016,新潟,1,3,2,2016-05-07,https://www.jra.go.jp/datafile/seiseki/report/2016/2016-1niigata3.pdf,official_daily_result_pdf
201604010303,2016,新潟,1,3,3,2016-05-07,https://www.jra.go.jp/datafile/seiseki/report/2016/2016-1niigata3.pdf,official_daily_result_pdf
201604010304,2016,新潟,1,3,4,2016-05-07,https://www.jra.go.jp/datafile/seiseki/report/2016/2016-1niigata3.pdf,official_daily_result_pdf
201604010305,2016,新潟,1,3,5,2016-05-07,https://www.jra.go.jp/datafile/seiseki/report/2016/2016-1niigata3.pdf,official_daily_result_pdf
201604010306,2016,新潟,1,3,6,2016-05-07,https://www.jra.go.jp/datafile/seiseki/report/2016/2016-1niigata3.pdf,official_daily_result_pdf
201604010307,2016,新潟,1,3,7,2016-05-07,https://www.jra.go.jp/datafile/seiseki/report/2016/2016-1niigata3.pdf,official_daily_result_pdf
201604010308,2016,新潟,1,3,8,2016-05-07,https://www.jra.go.jp/datafile/seiseki/report/2016/2016-1niigata3.pdf,official_daily_result_pdf
201604010309,2016,新潟,1,3,9,2016-05-07,https://www.jra.go.jp/datafile/seiseki/report/2016/2016-1niigata3.pdf,official_daily_result_pdf
201604010310,2016,新潟,1,3,10,2016-05-07,https://www.jra.go.jp/datafile/seiseki/report/2016/2016-1niigata3.pdf,official_daily_result_pdf
201604010311,2016,新潟,1,3,11,2016-05-07,https://www.jra.go.jp/datafile/seiseki/report/2016/2016-1niigata3.pdf,official_daily_result_pdf
201604010312,2016,新潟,1,3,12,2016-05-07,https://www.jra.go.jp/datafile/seiseki/report/2016/2016-1niigata3.pdf,official_daily_result_pdf
201604010401,2016,新潟,1,4,1,2016-05-08,https://www.jra.go.jp/datafile/seiseki/report/2016/2016-1niigata4.pdf,official_daily_result_pdf
201604010402,2016,新潟,1,4,2,2016-05-08,https://www.jra.go.jp/datafile/seiseki/report/2016/2016-1niigata4.pdf,official_daily_result_pdf
201604010403,2016,新潟,1,4,3,2016-05-08,https://www.jra.go.jp/datafile/seiseki/report/2016/2016-1niigata4.pdf,official_daily_result_pdf
201604010404,2016,新潟,1,4,4,2016-05-08,https://www.jra.go.jp/datafile/seiseki/report/2016/2016-1niigata4.pdf,official_daily_result_pdf
201604010405,2016,新潟,1,4,5,2016-05-08,https://www.jra.go.jp/datafile/seiseki/report/2016/2016-1niigata4.pdf,official_daily_result_pdf
201604010406,2016,新潟,1,4,6,2016-05-08,https://www.jra.go.jp/datafile/seiseki/report/2016/2016-1niigata4.pdf,official_daily_result_pdf
201604010407,2016,新潟,1,4,7,2016-05-08,https://www.jra.go.jp/datafile/seiseki/report/2016/2016-1niigata4.pdf,official_daily_result_pdf
201604010408,2016,新潟,1,4,8,2016-05-08,https://www.jra.go.jp/datafile/seiseki/report/2016/2016-1niigata4.pdf,official_daily_result_pdf
201604010409,2016,新潟,1,4,9,2016-05-08,https://www.jra.go.jp/datafile/seiseki/report/2016/2016-1niigata4.pdf,official_daily_result_pdf
201604010410,2016,新潟,1,4,10,2016-05-08,https://www.jra.go.jp/datafile/seiseki/report/2016/2016-1niigata4.pdf,official_daily_result_pdf
201604010411,2016,新潟,1,4,11,2016-05-08,https://www.jra.go.jp/datafile/seiseki/report/2016/2016-1niigata4.pdf,official_daily_result_pdf
201604010412,2016,新潟,1,4,12,2016-05-08,https://www.jra.go.jp/datafile/seiseki/report/2016/2016-1niigata4.pdf,official_daily_result_pdf
201604010501,2016,新潟,1,5,1,2016-05-14,https://www.jra.go.jp/datafile/seiseki/report/2016/2016-1niigata5.pdf,official_daily_result_pdf
201604010502,2016,新潟,1,5,2,2016-05-14,https://www.jra.go.jp/datafile/seiseki/report/2016/2016-1niigata5.pdf,official_daily_result_pdf
201604010503,2016,新潟,1,5,3,2016-05-14,https://www.jra.go.jp/datafile/seiseki/report/2016/2016-1niigata5.pdf,official_daily_result_pdf
201604010504,2016,新潟,1,5,4,2016-05-14,https://www.jra.go.jp/datafile/seiseki/report/2016/2016-1niigata5.pdf,official_daily_result_pdf
201604010505,2016,新潟,1,5,5,2016-05-14,https://www.jra.go.jp/datafile/seiseki/report/2016/2016-1niigata5.pdf,official_daily_result_pdf
201604010506,2016,新潟,1,5,6,2016-05-14,https://www.jra.go.jp/datafile/seiseki/report/2016/2016-1niigata5.pdf,official_daily_result_pdf
201604010507,2016,新潟,1,5,7,2016-05-14,https://www.jra.go.jp/datafile/seiseki/report/2016/2016-1niigata5.pdf,official_daily_result_pdf
201604010508,2016,新潟,1,5,8,2016-05-14,https://www.jra.go.jp/datafile/seiseki/report/2016/2016-1niigata5.pdf,official_daily_result_pdf
201604010509,2016,新潟,1,5,9,2016-05-14,https://www.jra.go.jp/datafile/seiseki/report/2016/2016-1niigata5.pdf,official_daily_result_pdf
201604010510,2016,新潟,1,5,10,2016-05-14,https://www.jra.go.jp/datafile/seiseki/report/2016/2016-1niigata5.pdf,official_daily_result_pdf
201604010511,2016,新潟,1,5,11,2016-05-14,https://www.jra.go.jp/datafile/seiseki/report/2016/2016-1niigata5.pdf,official_daily_result_pdf
201604010512,2016,新潟,1,5,12,2016-05-14,https://www.jra.go.jp/datafile/seiseki/report/2016/2016-1niigata5.pdf,official_daily_result_pdf
201604010601,2016,新潟,1,6,1,2016-05-15,https://www.jra.go.jp/datafile/seiseki/report/2016/2016-1niigata6.pdf,official_daily_result_pdf
201604010602,2016,新潟,1,6,2,2016-05-15,https://www.jra.go.jp/datafile/seiseki/report/2016/2016-1niigata6.pdf,official_daily_result_pdf
201604010603,2016,新潟,1,6,3,2016-05-15,https://www.jra.go.jp/datafile/seiseki/report/2016/2016-1niigata6.pdf,official_daily_result_pdf
201604010604,2016,新潟,1,6,4,2016-05-15,https://www.jra.go.jp/datafile/seiseki/report/2016/2016-1niigata6.pdf,official_daily_result_pdf
201604010605,2016,新潟,1,6,5,2016-05-15,https://www.jra.go.jp/datafile/seiseki/report/2016/2016-1niigata6.pdf,official_daily_result_pdf
201604010606,2016,新潟,1,6,6,2016-05-15,https://www.jra.go.jp/datafile/seiseki/report/2016/2016-1niigata6.pdf,official_daily_result_pdf
201604010607,2016,新潟,1,6,7,2016-05-15,https://www.jra.go.jp/datafile/seiseki/report/2016/2016-1niigata6.pdf,official_daily_result_pdf
201604010608,2016,新潟,1,6,8,2016-05-15,https://www.jra.go.jp/datafile/seiseki/report/2016/2016-1niigata6.pdf,official_daily_result_pdf
201604010609,2016,新潟,1,6,9,2016-05-15,https://www.jra.go.jp/datafile/seiseki/report/2016/2016-1niigata6.pdf,official_daily_result_pdf
201604010610,2016,新潟,1,6,10,2016-05-15,https://www.jra.go.jp/datafile/seiseki/report/2016/2016-1niigata6.pdf,official_daily_result_pdf
201604010611,2016,新潟,1,6,11,2016-05-15,https://www.jra.go.jp/datafile/seiseki/report/2016/2016-1niigata6.pdf,official_daily_result_pdf
201604010612,2016,新潟,1,6,12,2016-05-15,https://www.jra.go.jp/datafile/seiseki/report/2016/2016-1niigata6.pdf,official_daily_result_pdf
201604010701,2016,新潟,1,7,1,2016-05-21,https://www.jra.go.jp/datafile/seiseki/report/2016/2016-1niigata7.pdf,official_daily_result_pdf
201604010702,2016,新潟,1,7,2,2016-05-21,https://www.jra.go.jp/datafile/seiseki/report/2016/2016-1niigata7.pdf,official_daily_result_pdf
201604010703,2016,新潟,1,7,3,2016-05-21,https://www.jra.go.jp/datafile/seiseki/report/2016/2016-1niigata7.pdf,official_daily_result_pdf
201604010704,2016,新潟,1,7,4,2016-05-21,https://www.jra.go.jp/datafile/seiseki/report/2016/2016-1niigata7.pdf,official_daily_result_pdf
201604010705,2016,新潟,1,7,5,2016-05-21,https://www.jra.go.jp/datafile/seiseki/report/2016/2016-1niigata7.pdf,official_daily_result_pdf
201604010706,2016,新潟,1,7,6,2016-05-21,https://www.jra.go.jp/datafile/seiseki/report/2016/2016-1niigata7.pdf,official_daily_result_pdf
201604010707,2016,新潟,1,7,7,2016-05-21,https://www.jra.go.jp/datafile/seiseki/report/2016/2016-1niigata7.pdf,official_daily_result_pdf
201604010708,2016,新潟,1,7,8,2016-05-21,https://www.jra.go.jp/datafile/seiseki/report/2016/2016-1niigata7.pdf,official_daily_result_pdf
201604010709,2016,新潟,1,7,9,2016-05-21,https://www.jra.go.jp/datafile/seiseki/report/2016/2016-1niigata7.pdf,official_daily_result_pdf
201604010710,2016,新潟,1,7,10,2016-05-21,https://www.jra.go.jp/datafile/seiseki/report/2016/2016-1niigata7.pdf,official_daily_result_pdf
201604010711,2016,新潟,1,7,11,2016-05-21,https://www.jra.go.jp/datafile/seiseki/report/2016/2016-1niigata7.pdf,official_daily_result_pdf
201604010712,2016,新潟,1,7,12,2016-05-21,https://www.jra.go.jp/datafile/seiseki/report/2016/2016-1niigata7.pdf,official_daily_result_pdf
201604010801,2016,新潟,1,8,1,2016-05-22,https://www.jra.go.jp/datafile/seiseki/report/2016/2016-1niigata8.pdf,official_daily_result_pdf
201604010802,2016,新潟,1,8,2,2016-05-22,https://www.jra.go.jp/datafile/seiseki/report/2016/2016-1niigata8.pdf,official_daily_result_pdf
201604010803,2016,新潟,1,8,3,2016-05-22,https://www.jra.go.jp/datafile/seiseki/report/2016/2016-1niigata8.pdf,official_daily_result_pdf
201604010804,2016,新潟,1,8,4,2016-05-22,https://www.jra.go.jp/datafile/seiseki/report/2016/2016-1niigata8.pdf,official_daily_result_pdf
201604010805,2016,新潟,1,8,5,2016-05-22,https://www.jra.go.jp/datafile/seiseki/report/2016/2016-1niigata8.pdf,official_daily_result_pdf
201604010806,2016,新潟,1,8,6,2016-05-22,https://www.jra.go.jp/datafile/seiseki/report/2016/2016-1niigata8.pdf,official_daily_result_pdf
201604010807,2016,新潟,1,8,7,2016-05-22,https://www.jra.go.jp/datafile/seiseki/report/2016/2016-1niigata8.pdf,official_daily_result_pdf
201604010808,2016,新潟,1,8,8,2016-05-22,https://www.jra.go.jp/datafile/seiseki/report/2016/2016-1niigata8.pdf,official_daily_result_pdf
201604010809,2016,新潟,1,8,9,2016-05-22,https://www.jra.go.jp/datafile/seiseki/report/2016/2016-1niigata8.pdf,official_daily_result_pdf
201604010810,2016,新潟,1,8,10,2016-05-22,https://www.jra.go.jp/datafile/seiseki/report/2016/2016-1niigata8.pdf,official_daily_result_pdf
201604010811,2016,新潟,1,8,11,2016-05-22,https://www.jra.go.jp/datafile/seiseki/report/2016/2016-1niigata8.pdf,official_daily_result_pdf
201604010812,2016,新潟,1,8,12,2016-05-22,https://www.jra.go.jp/datafile/seiseki/report/2016/2016-1niigata8.pdf,official_daily_result_pdf
201604020101,2016,新潟,2,1,1,2016-07-30,https://www.jra.go.jp/datafile/seiseki/report/2016/2016-2niigata1.pdf,official_daily_result_pdf
201604020102,2016,新潟,2,1,2,2016-07-30,https://www.jra.go.jp/datafile/seiseki/report/2016/2016-2niigata1.pdf,official_daily_result_pdf
201604020103,2016,新潟,2,1,3,2016-07-30,https://www.jra.go.jp/datafile/seiseki/report/2016/2016-2niigata1.pdf,official_daily_result_pdf
201604020104,2016,新潟,2,1,4,2016-07-30,https://www.jra.go.jp/datafile/seiseki/report/2016/2016-2niigata1.pdf,official_daily_result_pdf
201604020105,2016,新潟,2,1,5,2016-07-30,https://www.jra.go.jp/datafile/seiseki/report/2016/2016-2niigata1.pdf,official_daily_result_pdf
201604020106,2016,新潟,2,1,6,2016-07-30,https://www.jra.go.jp/datafile/seiseki/report/2016/2016-2niigata1.pdf,official_daily_result_pdf
201604020107,2016,新潟,2,1,7,2016-07-30,https://www.jra.go.jp/datafile/seiseki/report/2016/2016-2niigata1.pdf,official_daily_result_pdf
201604020108,2016,新潟,2,1,8,2016-07-30,https://www.jra.go.jp/datafile/seiseki/report/2016/2016-2niigata1.pdf,official_daily_result_pdf
201604020109,2016,新潟,2,1,9,2016-07-30,https://www.jra.go.jp/datafile/seiseki/report/2016/2016-2niigata1.pdf,official_daily_result_pdf
201604020110,2016,新潟,2,1,10,2016-07-30,https://www.jra.go.jp/datafile/seiseki/report/2016/2016-2niigata1.pdf,official_daily_result_pdf
201604020111,2016,新潟,2,1,11,2016-07-30,https://www.jra.go.jp/datafile/seiseki/report/2016/2016-2niigata1.pdf,official_daily_result_pdf
201604020112,2016,新潟,2,1,12,2016-07-30,https://www.jra.go.jp/datafile/seiseki/report/2016/2016-2niigata1.pdf,official_daily_result_pdf
201604020201,2016,新潟,2,2,1,2016-07-31,https://www.jra.go.jp/datafile/seiseki/report/2016/2016-2niigata2.pdf,official_daily_result_pdf
201604020202,2016,新潟,2,2,2,2016-07-31,https://www.jra.go.jp/datafile/seiseki/report/2016/2016-2niigata2.pdf,official_daily_result_pdf
201604020203,2016,新潟,2,2,3,2016-07-31,https://www.jra.go.jp/datafile/seiseki/report/2016/2016-2niigata2.pdf,official_daily_result_pdf
201604020204,2016,新潟,2,2,4,2016-07-31,https://www.jra.go.jp/datafile/seiseki/report/2016/2016-2niigata2.pdf,official_daily_result_pdf
201604020205,2016,新潟,2,2,5,2016-07-31,https://www.jra.go.jp/datafile/seiseki/report/2016/2016-2niigata2.pdf,official_daily_result_pdf
201604020206,2016,新潟,2,2,6,2016-07-31,https://www.jra.go.jp/datafile/seiseki/report/2016/2016-2niigata2.pdf,official_daily_result_pdf
201604020207,2016,新潟,2,2,7,2016-07-31,https://www.jra.go.jp/datafile/seiseki/report/2016/2016-2niigata2.pdf,official_daily_result_pdf
201604020208,2016,新潟,2,2,8,2016-07-31,https://www.jra.go.jp/datafile/seiseki/report/2016/2016-2niigata2.pdf,official_daily_result_pdf
201604020209,2016,新潟,2,2,9,2016-07-31,https://www.jra.go.jp/datafile/seiseki/report/2016/2016-2niigata2.pdf,official_daily_result_pdf
201604020210,2016,新潟,2,2,10,2016-07-31,https://www.jra.go.jp/datafile/seiseki/report/2016/2016-2niigata2.pdf,official_daily_result_pdf
201604020211,2016,新潟,2,2,11,2016-07-31,https://www.jra.go.jp/datafile/seiseki/report/2016/2016-2niigata2.pdf,official_daily_result_pdf
201604020212,2016,新潟,2,2,12,2016-07-31,https://www.jra.go.jp/datafile/seiseki/report/2016/2016-2niigata2.pdf,official_daily_result_pdf
201604020301,2016,新潟,2,3,1,2016-08-06,https://www.jra.go.jp/datafile/seiseki/report/2016/2016-2niigata3.pdf,official_daily_result_pdf
201604020302,2016,新潟,2,3,2,2016-08-06,https://www.jra.go.jp/datafile/seiseki/report/2016/2016-2niigata3.pdf,official_daily_result_pdf
201604020303,2016,新潟,2,3,3,2016-08-06,https://www.jra.go.jp/datafile/seiseki/report/2016/2016-2niigata3.pdf,official_daily_result_pdf
201604020304,2016,新潟,2,3,4,2016-08-06,https://www.jra.go.jp/datafile/seiseki/report/2016/2016-2niigata3.pdf,official_daily_result_pdf
201604020305,2016,新潟,2,3,5,2016-08-06,https://www.jra.go.jp/datafile/seiseki/report/2016/2016-2niigata3.pdf,official_daily_result_pdf
201604020306,2016,新潟,2,3,6,2016-08-06,https://www.jra.go.jp/datafile/seiseki/report/2016/2016-2niigata3.pdf,official_daily_result_pdf
201604020307,2016,新潟,2,3,7,2016-08-06,https://www.jra.go.jp/datafile/seiseki/report/2016/2016-2niigata3.pdf,official_daily_result_pdf
201604020308,2016,新潟,2,3,8,2016-08-06,https://www.jra.go.jp/datafile/seiseki/report/2016/2016-2niigata3.pdf,official_daily_result_pdf
201604020309,2016,新潟,2,3,9,2016-08-06,https://www.jra.go.jp/datafile/seiseki/report/2016/2016-2niigata3.pdf,official_daily_result_pdf
201604020310,2016,新潟,2,3,10,2016-08-06,https://www.jra.go.jp/datafile/seiseki/report/2016/2016-2niigata3.pdf,official_daily_result_pdf
201604020311,2016,新潟,2,3,11,2016-08-06,https://www.jra.go.jp/datafile/seiseki/report/2016/2016-2niigata3.pdf,official_daily_result_pdf
201604020312,2016,新潟,2,3,12,2016-08-06,https://www.jra.go.jp/datafile/seiseki/report/2016/2016-2niigata3.pdf,official_daily_result_pdf
201604020401,2016,新潟,2,4,1,2016-08-07,https://www.jra.go.jp/datafile/seiseki/report/2016/2016-2niigata4.pdf,official_daily_result_pdf
201604020402,2016,新潟,2,4,2,2016-08-07,https://www.jra.go.jp/datafile/seiseki/report/2016/2016-2niigata4.pdf,official_daily_result_pdf
201604020403,2016,新潟,2,4,3,2016-08-07,https://www.jra.go.jp/datafile/seiseki/report/2016/2016-2niigata4.pdf,official_daily_result_pdf
201604020404,2016,新潟,2,4,4,2016-08-07,https://www.jra.go.jp/datafile/seiseki/report/2016/2016-2niigata4.pdf,official_daily_result_pdf
201604020405,2016,新潟,2,4,5,2016-08-07,https://www.jra.go.jp/datafile/seiseki/report/2016/2016-2niigata4.pdf,official_daily_result_pdf
201604020406,2016,新潟,2,4,6,2016-08-07,https://www.jra.go.jp/datafile/seiseki/report/2016/2016-2niigata4.pdf,official_daily_result_pdf
201604020407,2016,新潟,2,4,7,2016-08-07,https://www.jra.go.jp/datafile/seiseki/report/2016/2016-2niigata4.pdf,official_daily_result_pdf
201604020408,2016,新潟,2,4,8,2016-08-07,https://www.jra.go.jp/datafile/seiseki/report/2016/2016-2niigata4.pdf,official_daily_result_pdf
201604020409,2016,新潟,2,4,9,2016-08-07,https://www.jra.go.jp/datafile/seiseki/report/2016/2016-2niigata4.pdf,official_daily_result_pdf
201604020410,2016,新潟,2,4,10,2016-08-07,https://www.jra.go.jp/datafile/seiseki/report/2016/2016-2niigata4.pdf,official_daily_result_pdf
201604020411,2016,新潟,2,4,11,2016-08-07,https://www.jra.go.jp/datafile/seiseki/report/2016/2016-2niigata4.pdf,official_daily_result_pdf
201604020412,2016,新潟,2,4,12,2016-08-07,https://www.jra.go.jp/datafile/seiseki/report/2016/2016-2niigata4.pdf,official_daily_result_pdf
201604020501,2016,新潟,2,5,1,2016-08-13,https://www.jra.go.jp/datafile/seiseki/report/2016/2016-2niigata5.pdf,official_daily_result_pdf
201604020502,2016,新潟,2,5,2,2016-08-13,https://www.jra.go.jp/datafile/seiseki/report/2016/2016-2niigata5.pdf,official_daily_result_pdf
201604020503,2016,新潟,2,5,3,2016-08-13,https://www.jra.go.jp/datafile/seiseki/report/2016/2016-2niigata5.pdf,official_daily_result_pdf
201604020504,2016,新潟,2,5,4,2016-08-13,https://www.jra.go.jp/datafile/seiseki/report/2016/2016-2niigata5.pdf,official_daily_result_pdf
201604020505,2016,新潟,2,5,5,2016-08-13,https://www.jra.go.jp/datafile/seiseki/report/2016/2016-2niigata5.pdf,official_daily_result_pdf
201604020506,2016,新潟,2,5,6,2016-08-13,https://www.jra.go.jp/datafile/seiseki/report/2016/2016-2niigata5.pdf,official_daily_result_pdf
201604020507,2016,新潟,2,5,7,2016-08-13,https://www.jra.go.jp/datafile/seiseki/report/2016/2016-2niigata5.pdf,official_daily_result_pdf
201604020508,2016,新潟,2,5,8,2016-08-13,https://www.jra.go.jp/datafile/seiseki/report/2016/2016-2niigata5.pdf,official_daily_result_pdf
201604020509,2016,新潟,2,5,9,2016-08-13,https://www.jra.go.jp/datafile/seiseki/report/2016/2016-2niigata5.pdf,official_daily_result_pdf
201604020510,2016,新潟,2,5,10,2016-08-13,https://www.jra.go.jp/datafile/seiseki/report/2016/2016-2niigata5.pdf,official_daily_result_pdf
201604020511,2016,新潟,2,5,11,2016-08-13,https://www.jra.go.jp/datafile/seiseki/report/2016/2016-2niigata5.pdf,official_daily_result_pdf
201604020512,2016,新潟,2,5,12,2016-08-13,https://www.jra.go.jp/datafile/seiseki/report/2016/2016-2niigata5.pdf,official_daily_result_pdf
201604020601,2016,新潟,2,6,1,2016-08-14,https://www.jra.go.jp/datafile/seiseki/report/2016/2016-2niigata6.pdf,official_daily_result_pdf
201604020602,2016,新潟,2,6,2,2016-08-14,https://www.jra.go.jp/datafile/seiseki/report/2016/2016-2niigata6.pdf,official_daily_result_pdf
201604020603,2016,新潟,2,6,3,2016-08-14,https://www.jra.go.jp/datafile/seiseki/report/2016/2016-2niigata6.pdf,official_daily_result_pdf
201604020604,2016,新潟,2,6,4,2016-08-14,https://www.jra.go.jp/datafile/seiseki/report/2016/2016-2niigata6.pdf,official_daily_result_pdf
201604020605,2016,新潟,2,6,5,2016-08-14,https://www.jra.go.jp/datafile/seiseki/report/2016/2016-2niigata6.pdf,official_daily_result_pdf
201604020606,2016,新潟,2,6,6,2016-08-14,https://www.jra.go.jp/datafile/seiseki/report/2016/2016-2niigata6.pdf,official_daily_result_pdf
201604020607,2016,新潟,2,6,7,2016-08-14,https://www.jra.go.jp/datafile/seiseki/report/2016/2016-2niigata6.pdf,official_daily_result_pdf
201604020608,2016,新潟,2,6,8,2016-08-14,https://www.jra.go.jp/datafile/seiseki/report/2016/2016-2niigata6.pdf,official_daily_result_pdf
201604020609,2016,新潟,2,6,9,2016-08-14,https://www.jra.go.jp/datafile/seiseki/report/2016/2016-2niigata6.pdf,official_daily_result_pdf
201604020610,2016,新潟,2,6,10,2016-08-14,https://www.jra.go.jp/datafile/seiseki/report/2016/2016-2niigata6.pdf,official_daily_result_pdf
201604020611,2016,新潟,2,6,11,2016-08-14,https://www.jra.go.jp/datafile/seiseki/report/2016/2016-2niigata6.pdf,official_daily_result_pdf
201604020612,2016,新潟,2,6,12,2016-08-14,https://www.jra.go.jp/datafile/seiseki/report/2016/2016-2niigata6.pdf,official_daily_result_pdf
201604020701,2016,新潟,2,7,1,2016-08-20,https://www.jra.go.jp/datafile/seiseki/report/2016/2016-2niigata7.pdf,official_daily_result_pdf
201604020702,2016,新潟,2,7,2,2016-08-20,https://www.jra.go.jp/datafile/seiseki/report/2016/2016-2niigata7.pdf,official_daily_result_pdf
201604020703,2016,新潟,2,7,3,2016-08-20,https://www.jra.go.jp/datafile/seiseki/report/2016/2016-2niigata7.pdf,official_daily_result_pdf
201604020704,2016,新潟,2,7,4,2016-08-20,https://www.jra.go.jp/datafile/seiseki/report/2016/2016-2niigata7.pdf,official_daily_result_pdf
201604020705,2016,新潟,2,7,5,2016-08-20,https://www.jra.go.jp/datafile/seiseki/report/2016/2016-2niigata7.pdf,official_daily_result_pdf
201604020706,2016,新潟,2,7,6,2016-08-20,https://www.jra.go.jp/datafile/seiseki/report/2016/2016-2niigata7.pdf,official_daily_result_pdf
201604020707,2016,新潟,2,7,7,2016-08-20,https://www.jra.go.jp/datafile/seiseki/report/2016/2016-2niigata7.pdf,official_daily_result_pdf
201604020708,2016,新潟,2,7,8,2016-08-20,https://www.jra.go.jp/datafile/seiseki/report/2016/2016-2niigata7.pdf,official_daily_result_pdf
201604020709,2016,新潟,2,7,9,2016-08-20,https://www.jra.go.jp/datafile/seiseki/report/2016/2016-2niigata7.pdf,official_daily_result_pdf
201604020710,2016,新潟,2,7,10,2016-08-20,https://www.jra.go.jp/datafile/seiseki/report/2016/2016-2niigata7.pdf,official_daily_result_pdf
201604020711,2016,新潟,2,7,11,2016-08-20,https://www.jra.go.jp/datafile/seiseki/report/2016/2016-2niigata7.pdf,official_daily_result_pdf
201604020712,2016,新潟,2,7,12,2016-08-20,https://www.jra.go.jp/datafile/seiseki/report/2016/2016-2niigata7.pdf,official_daily_result_pdf
201604020801,2016,新潟,2,8,1,2016-08-21,https://www.jra.go.jp/datafile/seiseki/report/2016/2016-2niigata8.pdf,official_daily_result_pdf
201604020802,2016,新潟,2,8,2,2016-08-21,https://www.jra.go.jp/datafile/seiseki/report/2016/2016-2niigata8.pdf,official_daily_result_pdf
201604020803,2016,新潟,2,8,3,2016-08-21,https://www.jra.go.jp/datafile/seiseki/report/2016/2016-2niigata8.pdf,official_daily_result_pdf
201604020804,2016,新潟,2,8,4,2016-08-21,https://www.jra.go.jp/datafile/seiseki/report/2016/2016-2niigata8.pdf,official_daily_result_pdf
201604020805,2016,新潟,2,8,5,2016-08-21,https://www.jra.go.jp/datafile/seiseki/report/2016/2016-2niigata8.pdf,official_daily_result_pdf
201604020806,2016,新潟,2,8,6,2016-08-21,https://www.jra.go.jp/datafile/seiseki/report/2016/2016-2niigata8.pdf,official_daily_result_pdf
201604020807,2016,新潟,2,8,7,2016-08-21,https://www.jra.go.jp/datafile/seiseki/report/2016/2016-2niigata8.pdf,official_daily_result_pdf
201604020808,2016,新潟,2,8,8,2016-08-21,https://www.jra.go.jp/datafile/seiseki/report/2016/2016-2niigata8.pdf,official_daily_result_pdf
201604020809,2016,新潟,2,8,9,2016-08-21,https://www.jra.go.jp/datafile/seiseki/report/2016/2016-2niigata8.pdf,official_daily_result_pdf
201604020810,2016,新潟,2,8,10,2016-08-21,https://www.jra.go.jp/datafile/seiseki/report/2016/2016-2niigata8.pdf,official_daily_result_pdf
201604020811,2016,新潟,2,8,11,2016-08-21,https://www.jra.go.jp/datafile/seiseki/report/2016/2016-2niigata8.pdf,official_daily_result_pdf
201604020812,2016,新潟,2,8,12,2016-08-21,https://www.jra.go.jp/datafile/seiseki/report/2016/2016-2niigata8.pdf,official_daily_result_pdf
201604020901,2016,新潟,2,9,1,2016-08-27,https://www.jra.go.jp/datafile/seiseki/report/2016/2016-2niigata9.pdf,official_daily_result_pdf
201604020902,2016,新潟,2,9,2,2016-08-27,https://www.jra.go.jp/datafile/seiseki/report/2016/2016-2niigata9.pdf,official_daily_result_pdf
201604020903,2016,新潟,2,9,3,2016-08-27,https://www.jra.go.jp/datafile/seiseki/report/2016/2016-2niigata9.pdf,official_daily_result_pdf
201604020904,2016,新潟,2,9,4,2016-08-27,https://www.jra.go.jp/datafile/seiseki/report/2016/2016-2niigata9.pdf,official_daily_result_pdf
201604020905,2016,新潟,2,9,5,2016-08-27,https://www.jra.go.jp/datafile/seiseki/report/2016/2016-2niigata9.pdf,official_daily_result_pdf
201604020906,2016,新潟,2,9,6,2016-08-27,https://www.jra.go.jp/datafile/seiseki/report/2016/2016-2niigata9.pdf,official_daily_result_pdf
201604020907,2016,新潟,2,9,7,2016-08-27,https://www.jra.go.jp/datafile/seiseki/report/2016/2016-2niigata9.pdf,official_daily_result_pdf
201604020908,2016,新潟,2,9,8,2016-08-27,https://www.jra.go.jp/datafile/seiseki/report/2016/2016-2niigata9.pdf,official_daily_result_pdf
201604020909,2016,新潟,2,9,9,2016-08-27,https://www.jra.go.jp/datafile/seiseki/report/2016/2016-2niigata9.pdf,official_daily_result_pdf
201604020910,2016,新潟,2,9,10,2016-08-27,https://www.jra.go.jp/datafile/seiseki/report/2016/2016-2niigata9.pdf,official_daily_result_pdf
201604020911,2016,新潟,2,9,11,2016-08-27,https://www.jra.go.jp/datafile/seiseki/report/2016/2016-2niigata9.pdf,official_daily_result_pdf
201604020912,2016,新潟,2,9,12,2016-08-27,https://www.jra.go.jp/datafile/seiseki/report/2016/2016-2niigata9.pdf,official_daily_result_pdf
201604021001,2016,新潟,2,10,1,2016-08-28,https://www.jra.go.jp/datafile/seiseki/report/2016/2016-2niigata10.pdf,official_daily_result_pdf
201604021002,2016,新潟,2,10,2,2016-08-28,https://www.jra.go.jp/datafile/seiseki/report/2016/2016-2niigata10.pdf,official_daily_result_pdf
201604021003,2016,新潟,2,10,3,2016-08-28,https://www.jra.go.jp/datafile/seiseki/report/2016/2016-2niigata10.pdf,official_daily_result_pdf
201604021004,2016,新潟,2,10,4,2016-08-28,https://www.jra.go.jp/datafile/seiseki/report/2016/2016-2niigata10.pdf,official_daily_result_pdf
201604021005,2016,新潟,2,10,5,2016-08-28,https://www.jra.go.jp/datafile/seiseki/report/2016/2016-2niigata10.pdf,official_daily_result_pdf
201604021006,2016,新潟,2,10,6,2016-08-28,https://www.jra.go.jp/datafile/seiseki/report/2016/2016-2niigata10.pdf,official_daily_result_pdf
201604021007,2016,新潟,2,10,7,2016-08-28,https://www.jra.go.jp/datafile/seiseki/report/2016/2016-2niigata10.pdf,official_daily_result_pdf
201604021008,2016,新潟,2,10,8,2016-08-28,https://www.jra.go.jp/datafile/seiseki/report/2016/2016-2niigata10.pdf,official_daily_result_pdf
201604021009,2016,新潟,2,10,9,2016-08-28,https://www.jra.go.jp/datafile/seiseki/report/2016/2016-2niigata10.pdf,official_daily_result_pdf
201604021010,2016,新潟,2,10,10,2016-08-28,https://www.jra.go.jp/datafile/seiseki/report/2016/2016-2niigata10.pdf,official_daily_result_pdf
201604021011,2016,新潟,2,10,11,2016-08-28,https://www.jra.go.jp/datafile/seiseki/report/2016/2016-2niigata10.pdf,official_daily_result_pdf
201604021012,2016,新潟,2,10,12,2016-08-28,https://www.jra.go.jp/datafile/seiseki/report/2016/2016-2niigata10.pdf,official_daily_result_pdf
201604021101,2016,新潟,2,11,1,2016-09-03,https://www.jra.go.jp/datafile/seiseki/report/2016/2016-2niigata11.pdf,official_daily_result_pdf
201604021102,2016,新潟,2,11,2,2016-09-03,https://www.jra.go.jp/datafile/seiseki/report/2016/2016-2niigata11.pdf,official_daily_result_pdf
201604021103,2016,新潟,2,11,3,2016-09-03,https://www.jra.go.jp/datafile/seiseki/report/2016/2016-2niigata11.pdf,official_daily_result_pdf
201604021104,2016,新潟,2,11,4,2016-09-03,https://www.jra.go.jp/datafile/seiseki/report/2016/2016-2niigata11.pdf,official_daily_result_pdf
201604021105,2016,新潟,2,11,5,2016-09-03,https://www.jra.go.jp/datafile/seiseki/report/2016/2016-2niigata11.pdf,official_daily_result_pdf
201604021106,2016,新潟,2,11,6,2016-09-03,https://www.jra.go.jp/datafile/seiseki/report/2016/2016-2niigata11.pdf,official_daily_result_pdf
201604021107,2016,新潟,2,11,7,2016-09-03,https://www.jra.go.jp/datafile/seiseki/report/2016/2016-2niigata11.pdf,official_daily_result_pdf
201604021108,2016,新潟,2,11,8,2016-09-03,https://www.jra.go.jp/datafile/seiseki/report/2016/2016-2niigata11.pdf,official_daily_result_pdf
201604021109,2016,新潟,2,11,9,2016-09-03,https://www.jra.go.jp/datafile/seiseki/report/2016/2016-2niigata11.pdf,official_daily_result_pdf
201604021110,2016,新潟,2,11,10,2016-09-03,https://www.jra.go.jp/datafile/seiseki/report/2016/2016-2niigata11.pdf,official_daily_result_pdf
201604021111,2016,新潟,2,11,11,2016-09-03,https://www.jra.go.jp/datafile/seiseki/report/2016/2016-2niigata11.pdf,official_daily_result_pdf
201604021112,2016,新潟,2,11,12,2016-09-03,https://www.jra.go.jp/datafile/seiseki/report/2016/2016-2niigata11.pdf,official_daily_result_pdf
201604021201,2016,新潟,2,12,1,2016-09-04,https://www.jra.go.jp/datafile/seiseki/report/2016/2016-2niigata12.pdf,official_daily_result_pdf
201604021202,2016,新潟,2,12,2,2016-09-04,https://www.jra.go.jp/datafile/seiseki/report/2016/2016-2niigata12.pdf,official_daily_result_pdf
201604021203,2016,新潟,2,12,3,2016-09-04,https://www.jra.go.jp/datafile/seiseki/report/2016/2016-2niigata12.pdf,official_daily_result_pdf
201604021204,2016,新潟,2,12,4,2016-09-04,https://www.jra.go.jp/datafile/seiseki/report/2016/2016-2niigata12.pdf,official_daily_result_pdf
201604021205,2016,新潟,2,12,5,2016-09-04,https://www.jra.go.jp/datafile/seiseki/report/2016/2016-2niigata12.pdf,official_daily_result_pdf
201604021206,2016,新潟,2,12,6,2016-09-04,https://www.jra.go.jp/datafile/seiseki/report/2016/2016-2niigata12.pdf,official_daily_result_pdf
201604021207,2016,新潟,2,12,7,2016-09-04,https://www.jra.go.jp/datafile/seiseki/report/2016/2016-2niigata12.pdf,official_daily_result_pdf
201604021208,2016,新潟,2,12,8,2016-09-04,https://www.jra.go.jp/datafile/seiseki/report/2016/2016-2niigata12.pdf,official_daily_result_pdf
201604021209,2016,新潟,2,12,9,2016-09-04,https://www.jra.go.jp/datafile/seiseki/report/2016/2016-2niigata12.pdf,official_daily_result_pdf
201604021210,2016,新潟,2,12,10,2016-09-04,https://www.jra.go.jp/datafile/seiseki/report/2016/2016-2niigata12.pdf,official_daily_result_pdf
201604021211,2016,新潟,2,12,11,2016-09-04,https://www.jra.go.jp/datafile/seiseki/report/2016/2016-2niigata12.pdf,official_daily_result_pdf
201604021212,2016,新潟,2,12,12,2016-09-04,https://www.jra.go.jp/datafile/seiseki/report/2016/2016-2niigata12.pdf,official_daily_result_pdf
201604030101,2016,新潟,3,1,1,2016-10-15,https://www.jra.go.jp/datafile/seiseki/report/2016/2016-3niigata1.pdf,official_daily_result_pdf
201604030102,2016,新潟,3,1,2,2016-10-15,https://www.jra.go.jp/datafile/seiseki/report/2016/2016-3niigata1.pdf,official_daily_result_pdf
201604030103,2016,新潟,3,1,3,2016-10-15,https://www.jra.go.jp/datafile/seiseki/report/2016/2016-3niigata1.pdf,official_daily_result_pdf
201604030104,2016,新潟,3,1,4,2016-10-15,https://www.jra.go.jp/datafile/seiseki/report/2016/2016-3niigata1.pdf,official_daily_result_pdf
201604030105,2016,新潟,3,1,5,2016-10-15,https://www.jra.go.jp/datafile/seiseki/report/2016/2016-3niigata1.pdf,official_daily_result_pdf
201604030106,2016,新潟,3,1,6,2016-10-15,https://www.jra.go.jp/datafile/seiseki/report/2016/2016-3niigata1.pdf,official_daily_result_pdf
201604030107,2016,新潟,3,1,7,2016-10-15,https://www.jra.go.jp/datafile/seiseki/report/2016/2016-3niigata1.pdf,official_daily_result_pdf
201604030108,2016,新潟,3,1,8,2016-10-15,https://www.jra.go.jp/datafile/seiseki/report/2016/2016-3niigata1.pdf,official_daily_result_pdf
201604030109,2016,新潟,3,1,9,2016-10-15,https://www.jra.go.jp/datafile/seiseki/report/2016/2016-3niigata1.pdf,official_daily_result_pdf
201604030110,2016,新潟,3,1,10,2016-10-15,https://www.jra.go.jp/datafile/seiseki/report/2016/2016-3niigata1.pdf,official_daily_result_pdf
201604030111,2016,新潟,3,1,11,2016-10-15,https://www.jra.go.jp/datafile/seiseki/report/2016/2016-3niigata1.pdf,official_daily_result_pdf
201604030112,2016,新潟,3,1,12,2016-10-15,https://www.jra.go.jp/datafile/seiseki/report/2016/2016-3niigata1.pdf,official_daily_result_pdf
201604030201,2016,新潟,3,2,1,2016-10-16,https://www.jra.go.jp/datafile/seiseki/report/2016/2016-3niigata2.pdf,official_daily_result_pdf
201604030202,2016,新潟,3,2,2,2016-10-16,https://www.jra.go.jp/datafile/seiseki/report/2016/2016-3niigata2.pdf,official_daily_result_pdf
201604030203,2016,新潟,3,2,3,2016-10-16,https://www.jra.go.jp/datafile/seiseki/report/2016/2016-3niigata2.pdf,official_daily_result_pdf
201604030204,2016,新潟,3,2,4,2016-10-16,https://www.jra.go.jp/datafile/seiseki/report/2016/2016-3niigata2.pdf,official_daily_result_pdf
201604030205,2016,新潟,3,2,5,2016-10-16,https://www.jra.go.jp/datafile/seiseki/report/2016/2016-3niigata2.pdf,official_daily_result_pdf
201604030206,2016,新潟,3,2,6,2016-10-16,https://www.jra.go.jp/datafile/seiseki/report/2016/2016-3niigata2.pdf,official_daily_result_pdf
201604030207,2016,新潟,3,2,7,2016-10-16,https://www.jra.go.jp/datafile/seiseki/report/2016/2016-3niigata2.pdf,official_daily_result_pdf
201604030208,2016,新潟,3,2,8,2016-10-16,https://www.jra.go.jp/datafile/seiseki/report/2016/2016-3niigata2.pdf,official_daily_result_pdf
201604030209,2016,新潟,3,2,9,2016-10-16,https://www.jra.go.jp/datafile/seiseki/report/2016/2016-3niigata2.pdf,official_daily_result_pdf
201604030210,2016,新潟,3,2,10,2016-10-16,https://www.jra.go.jp/datafile/seiseki/report/2016/2016-3niigata2.pdf,official_daily_result_pdf
201604030211,2016,新潟,3,2,11,2016-10-16,https://www.jra.go.jp/datafile/seiseki/report/2016/2016-3niigata2.pdf,official_daily_result_pdf
201604030212,2016,新潟,3,2,12,2016-10-16,https://www.jra.go.jp/datafile/seiseki/report/2016/2016-3niigata2.pdf,official_daily_result_pdf
201604030301,2016,新潟,3,3,1,2016-10-22,https://www.jra.go.jp/datafile/seiseki/report/2016/2016-3niigata3.pdf,official_daily_result_pdf
201604030302,2016,新潟,3,3,2,2016-10-22,https://www.jra.go.jp/datafile/seiseki/report/2016/2016-3niigata3.pdf,official_daily_result_pdf
201604030303,2016,新潟,3,3,3,2016-10-22,https://www.jra.go.jp/datafile/seiseki/report/2016/2016-3niigata3.pdf,official_daily_result_pdf
201604030304,2016,新潟,3,3,4,2016-10-22,https://www.jra.go.jp/datafile/seiseki/report/2016/2016-3niigata3.pdf,official_daily_result_pdf
201604030305,2016,新潟,3,3,5,2016-10-22,https://www.jra.go.jp/datafile/seiseki/report/2016/2016-3niigata3.pdf,official_daily_result_pdf
201604030306,2016,新潟,3,3,6,2016-10-22,https://www.jra.go.jp/datafile/seiseki/report/2016/2016-3niigata3.pdf,official_daily_result_pdf
201604030307,2016,新潟,3,3,7,2016-10-22,https://www.jra.go.jp/datafile/seiseki/report/2016/2016-3niigata3.pdf,official_daily_result_pdf
201604030308,2016,新潟,3,3,8,2016-10-22,https://www.jra.go.jp/datafile/seiseki/report/2016/2016-3niigata3.pdf,official_daily_result_pdf
201604030309,2016,新潟,3,3,9,2016-10-22,https://www.jra.go.jp/datafile/seiseki/report/2016/2016-3niigata3.pdf,official_daily_result_pdf
201604030310,2016,新潟,3,3,10,2016-10-22,https://www.jra.go.jp/datafile/seiseki/report/2016/2016-3niigata3.pdf,official_daily_result_pdf
201604030311,2016,新潟,3,3,11,2016-10-22,https://www.jra.go.jp/datafile/seiseki/report/2016/2016-3niigata3.pdf,official_daily_result_pdf
201604030312,2016,新潟,3,3,12,2016-10-22,https://www.jra.go.jp/datafile/seiseki/report/2016/2016-3niigata3.pdf,official_daily_result_pdf
201604030401,2016,新潟,3,4,1,2016-10-23,https://www.jra.go.jp/datafile/seiseki/report/2016/2016-3niigata4.pdf,official_daily_result_pdf
201604030402,2016,新潟,3,4,2,2016-10-23,https://www.jra.go.jp/datafile/seiseki/report/2016/2016-3niigata4.pdf,official_daily_result_pdf
201604030403,2016,新潟,3,4,3,2016-10-23,https://www.jra.go.jp/datafile/seiseki/report/2016/2016-3niigata4.pdf,official_daily_result_pdf
201604030404,2016,新潟,3,4,4,2016-10-23,https://www.jra.go.jp/datafile/seiseki/report/2016/2016-3niigata4.pdf,official_daily_result_pdf
201604030405,2016,新潟,3,4,5,2016-10-23,https://www.jra.go.jp/datafile/seiseki/report/2016/2016-3niigata4.pdf,official_daily_result_pdf
201604030406,2016,新潟,3,4,6,2016-10-23,https://www.jra.go.jp/datafile/seiseki/report/2016/2016-3niigata4.pdf,official_daily_result_pdf
201604030407,2016,新潟,3,4,7,2016-10-23,https://www.jra.go.jp/datafile/seiseki/report/2016/2016-3niigata4.pdf,official_daily_result_pdf
201604030408,2016,新潟,3,4,8,2016-10-23,https://www.jra.go.jp/datafile/seiseki/report/2016/2016-3niigata4.pdf,official_daily_result_pdf
201604030409,2016,新潟,3,4,9,2016-10-23,https://www.jra.go.jp/datafile/seiseki/report/2016/2016-3niigata4.pdf,official_daily_result_pdf
201604030410,2016,新潟,3,4,10,2016-10-23,https://www.jra.go.jp/datafile/seiseki/report/2016/2016-3niigata4.pdf,official_daily_result_pdf
201604030411,2016,新潟,3,4,11,2016-10-23,https://www.jra.go.jp/datafile/seiseki/report/2016/2016-3niigata4.pdf,official_daily_result_pdf
201604030412,2016,新潟,3,4,12,2016-10-23,https://www.jra.go.jp/datafile/seiseki/report/2016/2016-3niigata4.pdf,official_daily_result_pdf
201604030501,2016,新潟,3,5,1,2016-10-29,https://www.jra.go.jp/datafile/seiseki/report/2016/2016-3niigata5.pdf,official_daily_result_pdf
201604030502,2016,新潟,3,5,2,2016-10-29,https://www.jra.go.jp/datafile/seiseki/report/2016/2016-3niigata5.pdf,official_daily_result_pdf
201604030503,2016,新潟,3,5,3,2016-10-29,https://www.jra.go.jp/datafile/seiseki/report/2016/2016-3niigata5.pdf,official_daily_result_pdf
201604030504,2016,新潟,3,5,4,2016-10-29,https://www.jra.go.jp/datafile/seiseki/report/2016/2016-3niigata5.pdf,official_daily_result_pdf
201604030505,2016,新潟,3,5,5,2016-10-29,https://www.jra.go.jp/datafile/seiseki/report/2016/2016-3niigata5.pdf,official_daily_result_pdf
201604030506,2016,新潟,3,5,6,2016-10-29,https://www.jra.go.jp/datafile/seiseki/report/2016/2016-3niigata5.pdf,official_daily_result_pdf
201604030507,2016,新潟,3,5,7,2016-10-29,https://www.jra.go.jp/datafile/seiseki/report/2016/2016-3niigata5.pdf,official_daily_result_pdf
201604030508,2016,新潟,3,5,8,2016-10-29,https://www.jra.go.jp/datafile/seiseki/report/2016/2016-3niigata5.pdf,official_daily_result_pdf
201604030509,2016,新潟,3,5,9,2016-10-29,https://www.jra.go.jp/datafile/seiseki/report/2016/2016-3niigata5.pdf,official_daily_result_pdf
201604030510,2016,新潟,3,5,10,2016-10-29,https://www.jra.go.jp/datafile/seiseki/report/2016/2016-3niigata5.pdf,official_daily_result_pdf
201604030511,2016,新潟,3,5,11,2016-10-29,https://www.jra.go.jp/datafile/seiseki/report/2016/2016-3niigata5.pdf,official_daily_result_pdf
201604030512,2016,新潟,3,5,12,2016-10-29,https://www.jra.go.jp/datafile/seiseki/report/2016/2016-3niigata5.pdf,official_daily_result_pdf
201604030601,2016,新潟,3,6,1,2016-10-30,https://www.jra.go.jp/datafile/seiseki/report/2016/2016-3niigata6.pdf,official_daily_result_pdf
201604030602,2016,新潟,3,6,2,2016-10-30,https://www.jra.go.jp/datafile/seiseki/report/2016/2016-3niigata6.pdf,official_daily_result_pdf
201604030603,2016,新潟,3,6,3,2016-10-30,https://www.jra.go.jp/datafile/seiseki/report/2016/2016-3niigata6.pdf,official_daily_result_pdf
201604030604,2016,新潟,3,6,4,2016-10-30,https://www.jra.go.jp/datafile/seiseki/report/2016/2016-3niigata6.pdf,official_daily_result_pdf
201604030605,2016,新潟,3,6,5,2016-10-30,https://www.jra.go.jp/datafile/seiseki/report/2016/2016-3niigata6.pdf,official_daily_result_pdf
201604030606,2016,新潟,3,6,6,2016-10-30,https://www.jra.go.jp/datafile/seiseki/report/2016/2016-3niigata6.pdf,official_daily_result_pdf
201604030607,2016,新潟,3,6,7,2016-10-30,https://www.jra.go.jp/datafile/seiseki/report/2016/2016-3niigata6.pdf,official_daily_result_pdf
201604030608,2016,新潟,3,6,8,2016-10-30,https://www.jra.go.jp/datafile/seiseki/report/2016/2016-3niigata6.pdf,official_daily_result_pdf
201604030609,2016,新潟,3,6,9,2016-10-30,https://www.jra.go.jp/datafile/seiseki/report/2016/2016-3niigata6.pdf,official_daily_result_pdf
201604030610,2016,新潟,3,6,10,2016-10-30,https://www.jra.go.jp/datafile/seiseki/report/2016/2016-3niigata6.pdf,official_daily_result_pdf
201604030611,2016,新潟,3,6,11,2016-10-30,https://www.jra.go.jp/datafile/seiseki/report/2016/2016-3niigata6.pdf,official_daily_result_pdf
201604030612,2016,新潟,3,6,12,2016-10-30,https://www.jra.go.jp/datafile/seiseki/report/2016/2016-3niigata6.pdf,official_daily_result_pdf
201605010101,2016,東京,1,1,1,2016-01-30,https://www.jra.go.jp/datafile/seiseki/report/2016/2016-1tokyo1.pdf,official_daily_result_pdf
201605010102,2016,東京,1,1,2,2016-01-30,https://www.jra.go.jp/datafile/seiseki/report/2016/2016-1tokyo1.pdf,official_daily_result_pdf
201605010103,2016,東京,1,1,3,2016-01-30,https://www.jra.go.jp/datafile/seiseki/report/2016/2016-1tokyo1.pdf,official_daily_result_pdf
201605010104,2016,東京,1,1,4,2016-01-30,https://www.jra.go.jp/datafile/seiseki/report/2016/2016-1tokyo1.pdf,official_daily_result_pdf
201605010105,2016,東京,1,1,5,2016-01-30,https://www.jra.go.jp/datafile/seiseki/report/2016/2016-1tokyo1.pdf,official_daily_result_pdf
201605010106,2016,東京,1,1,6,2016-01-30,https://www.jra.go.jp/datafile/seiseki/report/2016/2016-1tokyo1.pdf,official_daily_result_pdf
201605010107,2016,東京,1,1,7,2016-01-30,https://www.jra.go.jp/datafile/seiseki/report/2016/2016-1tokyo1.pdf,official_daily_result_pdf
201605010108,2016,東京,1,1,8,2016-01-30,https://www.jra.go.jp/datafile/seiseki/report/2016/2016-1tokyo1.pdf,official_daily_result_pdf
201605010109,2016,東京,1,1,9,2016-01-30,https://www.jra.go.jp/datafile/seiseki/report/2016/2016-1tokyo1.pdf,official_daily_result_pdf
201605010110,2016,東京,1,1,10,2016-01-30,https://www.jra.go.jp/datafile/seiseki/report/2016/2016-1tokyo1.pdf,official_daily_result_pdf
201605010111,2016,東京,1,1,11,2016-01-30,https://www.jra.go.jp/datafile/seiseki/report/2016/2016-1tokyo1.pdf,official_daily_result_pdf
201605010112,2016,東京,1,1,12,2016-01-30,https://www.jra.go.jp/datafile/seiseki/report/2016/2016-1tokyo1.pdf,official_daily_result_pdf
201605010201,2016,東京,1,2,1,2016-01-31,https://www.jra.go.jp/datafile/seiseki/report/2016/2016-1tokyo2.pdf,official_daily_result_pdf
201605010202,2016,東京,1,2,2,2016-01-31,https://www.jra.go.jp/datafile/seiseki/report/2016/2016-1tokyo2.pdf,official_daily_result_pdf
201605010203,2016,東京,1,2,3,2016-01-31,https://www.jra.go.jp/datafile/seiseki/report/2016/2016-1tokyo2.pdf,official_daily_result_pdf
201605010204,2016,東京,1,2,4,2016-01-31,https://www.jra.go.jp/datafile/seiseki/report/2016/2016-1tokyo2.pdf,official_daily_result_pdf
201605010205,2016,東京,1,2,5,2016-01-31,https://www.jra.go.jp/datafile/seiseki/report/2016/2016-1tokyo2.pdf,official_daily_result_pdf
201605010206,2016,東京,1,2,6,2016-01-31,https://www.jra.go.jp/datafile/seiseki/report/2016/2016-1tokyo2.pdf,official_daily_result_pdf
201605010207,2016,東京,1,2,7,2016-01-31,https://www.jra.go.jp/datafile/seiseki/report/2016/2016-1tokyo2.pdf,official_daily_result_pdf
201605010208,2016,東京,1,2,8,2016-01-31,https://www.jra.go.jp/datafile/seiseki/report/2016/2016-1tokyo2.pdf,official_daily_result_pdf
201605010209,2016,東京,1,2,9,2016-01-31,https://www.jra.go.jp/datafile/seiseki/report/2016/2016-1tokyo2.pdf,official_daily_result_pdf
201605010210,2016,東京,1,2,10,2016-01-31,https://www.jra.go.jp/datafile/seiseki/report/2016/2016-1tokyo2.pdf,official_daily_result_pdf
201605010211,2016,東京,1,2,11,2016-01-31,https://www.jra.go.jp/datafile/seiseki/report/2016/2016-1tokyo2.pdf,official_daily_result_pdf
201605010212,2016,東京,1,2,12,2016-01-31,https://www.jra.go.jp/datafile/seiseki/report/2016/2016-1tokyo2.pdf,official_daily_result_pdf
201605010301,2016,東京,1,3,1,2016-02-06,https://www.jra.go.jp/datafile/seiseki/report/2016/2016-1tokyo3.pdf,official_daily_result_pdf
201605010302,2016,東京,1,3,2,2016-02-06,https://www.jra.go.jp/datafile/seiseki/report/2016/2016-1tokyo3.pdf,official_daily_result_pdf
201605010303,2016,東京,1,3,3,2016-02-06,https://www.jra.go.jp/datafile/seiseki/report/2016/2016-1tokyo3.pdf,official_daily_result_pdf
201605010304,2016,東京,1,3,4,2016-02-06,https://www.jra.go.jp/datafile/seiseki/report/2016/2016-1tokyo3.pdf,official_daily_result_pdf
201605010305,2016,東京,1,3,5,2016-02-06,https://www.jra.go.jp/datafile/seiseki/report/2016/2016-1tokyo3.pdf,official_daily_result_pdf
201605010306,2016,東京,1,3,6,2016-02-06,https://www.jra.go.jp/datafile/seiseki/report/2016/2016-1tokyo3.pdf,official_daily_result_pdf
201605010307,2016,東京,1,3,7,2016-02-06,https://www.jra.go.jp/datafile/seiseki/report/2016/2016-1tokyo3.pdf,official_daily_result_pdf
201605010308,2016,東京,1,3,8,2016-02-06,https://www.jra.go.jp/datafile/seiseki/report/2016/2016-1tokyo3.pdf,official_daily_result_pdf
201605010309,2016,東京,1,3,9,2016-02-06,https://www.jra.go.jp/datafile/seiseki/report/2016/2016-1tokyo3.pdf,official_daily_result_pdf
201605010310,2016,東京,1,3,10,2016-02-06,https://www.jra.go.jp/datafile/seiseki/report/2016/2016-1tokyo3.pdf,official_daily_result_pdf
201605010311,2016,東京,1,3,11,2016-02-06,https://www.jra.go.jp/datafile/seiseki/report/2016/2016-1tokyo3.pdf,official_daily_result_pdf
201605010312,2016,東京,1,3,12,2016-02-06,https://www.jra.go.jp/datafile/seiseki/report/2016/2016-1tokyo3.pdf,official_daily_result_pdf
201605010401,2016,東京,1,4,1,2016-02-07,https://www.jra.go.jp/datafile/seiseki/report/2016/2016-1tokyo4.pdf,official_daily_result_pdf
201605010402,2016,東京,1,4,2,2016-02-07,https://www.jra.go.jp/datafile/seiseki/report/2016/2016-1tokyo4.pdf,official_daily_result_pdf
201605010403,2016,東京,1,4,3,2016-02-07,https://www.jra.go.jp/datafile/seiseki/report/2016/2016-1tokyo4.pdf,official_daily_result_pdf
201605010404,2016,東京,1,4,4,2016-02-07,https://www.jra.go.jp/datafile/seiseki/report/2016/2016-1tokyo4.pdf,official_daily_result_pdf
201605010405,2016,東京,1,4,5,2016-02-07,https://www.jra.go.jp/datafile/seiseki/report/2016/2016-1tokyo4.pdf,official_daily_result_pdf
201605010406,2016,東京,1,4,6,2016-02-07,https://www.jra.go.jp/datafile/seiseki/report/2016/2016-1tokyo4.pdf,official_daily_result_pdf
201605010407,2016,東京,1,4,7,2016-02-07,https://www.jra.go.jp/datafile/seiseki/report/2016/2016-1tokyo4.pdf,official_daily_result_pdf
201605010408,2016,東京,1,4,8,2016-02-07,https://www.jra.go.jp/datafile/seiseki/report/2016/2016-1tokyo4.pdf,official_daily_result_pdf
201605010409,2016,東京,1,4,9,2016-02-07,https://www.jra.go.jp/datafile/seiseki/report/2016/2016-1tokyo4.pdf,official_daily_result_pdf
201605010410,2016,東京,1,4,10,2016-02-07,https://www.jra.go.jp/datafile/seiseki/report/2016/2016-1tokyo4.pdf,official_daily_result_pdf
201605010411,2016,東京,1,4,11,2016-02-07,https://www.jra.go.jp/datafile/seiseki/report/2016/2016-1tokyo4.pdf,official_daily_result_pdf
201605010412,2016,東京,1,4,12,2016-02-07,https://www.jra.go.jp/datafile/seiseki/report/2016/2016-1tokyo4.pdf,official_daily_result_pdf
201605010501,2016,東京,1,5,1,2016-02-13,https://www.jra.go.jp/datafile/seiseki/report/2016/2016-1tokyo5.pdf,official_daily_result_pdf
201605010502,2016,東京,1,5,2,2016-02-13,https://www.jra.go.jp/datafile/seiseki/report/2016/2016-1tokyo5.pdf,official_daily_result_pdf
201605010503,2016,東京,1,5,3,2016-02-13,https://www.jra.go.jp/datafile/seiseki/report/2016/2016-1tokyo5.pdf,official_daily_result_pdf
201605010504,2016,東京,1,5,4,2016-02-13,https://www.jra.go.jp/datafile/seiseki/report/2016/2016-1tokyo5.pdf,official_daily_result_pdf
201605010505,2016,東京,1,5,5,2016-02-13,https://www.jra.go.jp/datafile/seiseki/report/2016/2016-1tokyo5.pdf,official_daily_result_pdf
201605010506,2016,東京,1,5,6,2016-02-13,https://www.jra.go.jp/datafile/seiseki/report/2016/2016-1tokyo5.pdf,official_daily_result_pdf
201605010507,2016,東京,1,5,7,2016-02-13,https://www.jra.go.jp/datafile/seiseki/report/2016/2016-1tokyo5.pdf,official_daily_result_pdf
201605010508,2016,東京,1,5,8,2016-02-13,https://www.jra.go.jp/datafile/seiseki/report/2016/2016-1tokyo5.pdf,official_daily_result_pdf
201605010509,2016,東京,1,5,9,2016-02-13,https://www.jra.go.jp/datafile/seiseki/report/2016/2016-1tokyo5.pdf,official_daily_result_pdf
201605010510,2016,東京,1,5,10,2016-02-13,https://www.jra.go.jp/datafile/seiseki/report/2016/2016-1tokyo5.pdf,official_daily_result_pdf
201605010511,2016,東京,1,5,11,2016-02-13,https://www.jra.go.jp/datafile/seiseki/report/2016/2016-1tokyo5.pdf,official_daily_result_pdf
201605010512,2016,東京,1,5,12,2016-02-13,https://www.jra.go.jp/datafile/seiseki/report/2016/2016-1tokyo5.pdf,official_daily_result_pdf
201605010601,2016,東京,1,6,1,2016-02-14,https://www.jra.go.jp/datafile/seiseki/report/2016/2016-1tokyo6.pdf,official_daily_result_pdf
201605010602,2016,東京,1,6,2,2016-02-14,https://www.jra.go.jp/datafile/seiseki/report/2016/2016-1tokyo6.pdf,official_daily_result_pdf
201605010603,2016,東京,1,6,3,2016-02-14,https://www.jra.go.jp/datafile/seiseki/report/2016/2016-1tokyo6.pdf,official_daily_result_pdf
201605010604,2016,東京,1,6,4,2016-02-14,https://www.jra.go.jp/datafile/seiseki/report/2016/2016-1tokyo6.pdf,official_daily_result_pdf
201605010605,2016,東京,1,6,5,2016-02-14,https://www.jra.go.jp/datafile/seiseki/report/2016/2016-1tokyo6.pdf,official_daily_result_pdf
201605010606,2016,東京,1,6,6,2016-02-14,https://www.jra.go.jp/datafile/seiseki/report/2016/2016-1tokyo6.pdf,official_daily_result_pdf
201605010607,2016,東京,1,6,7,2016-02-14,https://www.jra.go.jp/datafile/seiseki/report/2016/2016-1tokyo6.pdf,official_daily_result_pdf
201605010608,2016,東京,1,6,8,2016-02-14,https://www.jra.go.jp/datafile/seiseki/report/2016/2016-1tokyo6.pdf,official_daily_result_pdf
201605010609,2016,東京,1,6,9,2016-02-14,https://www.jra.go.jp/datafile/seiseki/report/2016/2016-1tokyo6.pdf,official_daily_result_pdf
201605010610,2016,東京,1,6,10,2016-02-14,https://www.jra.go.jp/datafile/seiseki/report/2016/2016-1tokyo6.pdf,official_daily_result_pdf
201605010611,2016,東京,1,6,11,2016-02-14,https://www.jra.go.jp/datafile/seiseki/report/2016/2016-1tokyo6.pdf,official_daily_result_pdf
201605010612,2016,東京,1,6,12,2016-02-14,https://www.jra.go.jp/datafile/seiseki/report/2016/2016-1tokyo6.pdf,official_daily_result_pdf
201605010701,2016,東京,1,7,1,2016-02-20,https://www.jra.go.jp/datafile/seiseki/report/2016/2016-1tokyo7.pdf,official_daily_result_pdf
201605010702,2016,東京,1,7,2,2016-02-20,https://www.jra.go.jp/datafile/seiseki/report/2016/2016-1tokyo7.pdf,official_daily_result_pdf
201605010703,2016,東京,1,7,3,2016-02-20,https://www.jra.go.jp/datafile/seiseki/report/2016/2016-1tokyo7.pdf,official_daily_result_pdf
201605010704,2016,東京,1,7,4,2016-02-20,https://www.jra.go.jp/datafile/seiseki/report/2016/2016-1tokyo7.pdf,official_daily_result_pdf
201605010705,2016,東京,1,7,5,2016-02-20,https://www.jra.go.jp/datafile/seiseki/report/2016/2016-1tokyo7.pdf,official_daily_result_pdf
201605010706,2016,東京,1,7,6,2016-02-20,https://www.jra.go.jp/datafile/seiseki/report/2016/2016-1tokyo7.pdf,official_daily_result_pdf
201605010707,2016,東京,1,7,7,2016-02-20,https://www.jra.go.jp/datafile/seiseki/report/2016/2016-1tokyo7.pdf,official_daily_result_pdf
201605010708,2016,東京,1,7,8,2016-02-20,https://www.jra.go.jp/datafile/seiseki/report/2016/2016-1tokyo7.pdf,official_daily_result_pdf
201605010709,2016,東京,1,7,9,2016-02-20,https://www.jra.go.jp/datafile/seiseki/report/2016/2016-1tokyo7.pdf,official_daily_result_pdf
201605010710,2016,東京,1,7,10,2016-02-20,https://www.jra.go.jp/datafile/seiseki/report/2016/2016-1tokyo7.pdf,official_daily_result_pdf
201605010711,2016,東京,1,7,11,2016-02-20,https://www.jra.go.jp/datafile/seiseki/report/2016/2016-1tokyo7.pdf,official_daily_result_pdf
201605010712,2016,東京,1,7,12,2016-02-20,https://www.jra.go.jp/datafile/seiseki/report/2016/2016-1tokyo7.pdf,official_daily_result_pdf
201605010801,2016,東京,1,8,1,2016-02-21,https://www.jra.go.jp/datafile/seiseki/report/2016/2016-1tokyo8.pdf,official_daily_result_pdf
201605010802,2016,東京,1,8,2,2016-02-21,https://www.jra.go.jp/datafile/seiseki/report/2016/2016-1tokyo8.pdf,official_daily_result_pdf
201605010803,2016,東京,1,8,3,2016-02-21,https://www.jra.go.jp/datafile/seiseki/report/2016/2016-1tokyo8.pdf,official_daily_result_pdf
201605010804,2016,東京,1,8,4,2016-02-21,https://www.jra.go.jp/datafile/seiseki/report/2016/2016-1tokyo8.pdf,official_daily_result_pdf
201605010805,2016,東京,1,8,5,2016-02-21,https://www.jra.go.jp/datafile/seiseki/report/2016/2016-1tokyo8.pdf,official_daily_result_pdf
201605010806,2016,東京,1,8,6,2016-02-21,https://www.jra.go.jp/datafile/seiseki/report/2016/2016-1tokyo8.pdf,official_daily_result_pdf
201605010807,2016,東京,1,8,7,2016-02-21,https://www.jra.go.jp/datafile/seiseki/report/2016/2016-1tokyo8.pdf,official_daily_result_pdf
201605010808,2016,東京,1,8,8,2016-02-21,https://www.jra.go.jp/datafile/seiseki/report/2016/2016-1tokyo8.pdf,official_daily_result_pdf
201605010809,2016,東京,1,8,9,2016-02-21,https://www.jra.go.jp/datafile/seiseki/report/2016/2016-1tokyo8.pdf,official_daily_result_pdf
201605010810,2016,東京,1,8,10,2016-02-21,https://www.jra.go.jp/datafile/seiseki/report/2016/2016-1tokyo8.pdf,official_daily_result_pdf
201605010811,2016,東京,1,8,11,2016-02-21,https://www.jra.go.jp/datafile/seiseki/report/2016/2016-1tokyo8.pdf,official_daily_result_pdf
201605010812,2016,東京,1,8,12,2016-02-21,https://www.jra.go.jp/datafile/seiseki/report/2016/2016-1tokyo8.pdf,official_daily_result_pdf
201605020101,2016,東京,2,1,1,2016-04-23,https://www.jra.go.jp/datafile/seiseki/report/2016/2016-2tokyo1.pdf,official_daily_result_pdf
201605020102,2016,東京,2,1,2,2016-04-23,https://www.jra.go.jp/datafile/seiseki/report/2016/2016-2tokyo1.pdf,official_daily_result_pdf
201605020103,2016,東京,2,1,3,2016-04-23,https://www.jra.go.jp/datafile/seiseki/report/2016/2016-2tokyo1.pdf,official_daily_result_pdf
201605020104,2016,東京,2,1,4,2016-04-23,https://www.jra.go.jp/datafile/seiseki/report/2016/2016-2tokyo1.pdf,official_daily_result_pdf
201605020105,2016,東京,2,1,5,2016-04-23,https://www.jra.go.jp/datafile/seiseki/report/2016/2016-2tokyo1.pdf,official_daily_result_pdf
201605020106,2016,東京,2,1,6,2016-04-23,https://www.jra.go.jp/datafile/seiseki/report/2016/2016-2tokyo1.pdf,official_daily_result_pdf
201605020107,2016,東京,2,1,7,2016-04-23,https://www.jra.go.jp/datafile/seiseki/report/2016/2016-2tokyo1.pdf,official_daily_result_pdf
201605020108,2016,東京,2,1,8,2016-04-23,https://www.jra.go.jp/datafile/seiseki/report/2016/2016-2tokyo1.pdf,official_daily_result_pdf
201605020109,2016,東京,2,1,9,2016-04-23,https://www.jra.go.jp/datafile/seiseki/report/2016/2016-2tokyo1.pdf,official_daily_result_pdf
201605020110,2016,東京,2,1,10,2016-04-23,https://www.jra.go.jp/datafile/seiseki/report/2016/2016-2tokyo1.pdf,official_daily_result_pdf
201605020111,2016,東京,2,1,11,2016-04-23,https://www.jra.go.jp/datafile/seiseki/report/2016/2016-2tokyo1.pdf,official_daily_result_pdf
201605020112,2016,東京,2,1,12,2016-04-23,https://www.jra.go.jp/datafile/seiseki/report/2016/2016-2tokyo1.pdf,official_daily_result_pdf
201605020201,2016,東京,2,2,1,2016-04-24,https://www.jra.go.jp/datafile/seiseki/report/2016/2016-2tokyo2.pdf,official_daily_result_pdf
201605020202,2016,東京,2,2,2,2016-04-24,https://www.jra.go.jp/datafile/seiseki/report/2016/2016-2tokyo2.pdf,official_daily_result_pdf
201605020203,2016,東京,2,2,3,2016-04-24,https://www.jra.go.jp/datafile/seiseki/report/2016/2016-2tokyo2.pdf,official_daily_result_pdf
201605020204,2016,東京,2,2,4,2016-04-24,https://www.jra.go.jp/datafile/seiseki/report/2016/2016-2tokyo2.pdf,official_daily_result_pdf
201605020205,2016,東京,2,2,5,2016-04-24,https://www.jra.go.jp/datafile/seiseki/report/2016/2016-2tokyo2.pdf,official_daily_result_pdf
201605020206,2016,東京,2,2,6,2016-04-24,https://www.jra.go.jp/datafile/seiseki/report/2016/2016-2tokyo2.pdf,official_daily_result_pdf
201605020207,2016,東京,2,2,7,2016-04-24,https://www.jra.go.jp/datafile/seiseki/report/2016/2016-2tokyo2.pdf,official_daily_result_pdf
201605020208,2016,東京,2,2,8,2016-04-24,https://www.jra.go.jp/datafile/seiseki/report/2016/2016-2tokyo2.pdf,official_daily_result_pdf
201605020209,2016,東京,2,2,9,2016-04-24,https://www.jra.go.jp/datafile/seiseki/report/2016/2016-2tokyo2.pdf,official_daily_result_pdf
201605020210,2016,東京,2,2,10,2016-04-24,https://www.jra.go.jp/datafile/seiseki/report/2016/2016-2tokyo2.pdf,official_daily_result_pdf
201605020211,2016,東京,2,2,11,2016-04-24,https://www.jra.go.jp/datafile/seiseki/report/2016/2016-2tokyo2.pdf,official_daily_result_pdf
201605020212,2016,東京,2,2,12,2016-04-24,https://www.jra.go.jp/datafile/seiseki/report/2016/2016-2tokyo2.pdf,official_daily_result_pdf
201605020301,2016,東京,2,3,1,2016-04-30,https://www.jra.go.jp/datafile/seiseki/report/2016/2016-2tokyo3.pdf,official_daily_result_pdf
201605020302,2016,東京,2,3,2,2016-04-30,https://www.jra.go.jp/datafile/seiseki/report/2016/2016-2tokyo3.pdf,official_daily_result_pdf
201605020303,2016,東京,2,3,3,2016-04-30,https://www.jra.go.jp/datafile/seiseki/report/2016/2016-2tokyo3.pdf,official_daily_result_pdf
201605020304,2016,東京,2,3,4,2016-04-30,https://www.jra.go.jp/datafile/seiseki/report/2016/2016-2tokyo3.pdf,official_daily_result_pdf
201605020305,2016,東京,2,3,5,2016-04-30,https://www.jra.go.jp/datafile/seiseki/report/2016/2016-2tokyo3.pdf,official_daily_result_pdf
201605020306,2016,東京,2,3,6,2016-04-30,https://www.jra.go.jp/datafile/seiseki/report/2016/2016-2tokyo3.pdf,official_daily_result_pdf
201605020307,2016,東京,2,3,7,2016-04-30,https://www.jra.go.jp/datafile/seiseki/report/2016/2016-2tokyo3.pdf,official_daily_result_pdf
201605020308,2016,東京,2,3,8,2016-04-30,https://www.jra.go.jp/datafile/seiseki/report/2016/2016-2tokyo3.pdf,official_daily_result_pdf
201605020309,2016,東京,2,3,9,2016-04-30,https://www.jra.go.jp/datafile/seiseki/report/2016/2016-2tokyo3.pdf,official_daily_result_pdf
201605020310,2016,東京,2,3,10,2016-04-30,https://www.jra.go.jp/datafile/seiseki/report/2016/2016-2tokyo3.pdf,official_daily_result_pdf
201605020311,2016,東京,2,3,11,2016-04-30,https://www.jra.go.jp/datafile/seiseki/report/2016/2016-2tokyo3.pdf,official_daily_result_pdf
201605020312,2016,東京,2,3,12,2016-04-30,https://www.jra.go.jp/datafile/seiseki/report/2016/2016-2tokyo3.pdf,official_daily_result_pdf
201605020401,2016,東京,2,4,1,2016-05-01,https://www.jra.go.jp/datafile/seiseki/report/2016/2016-2tokyo4.pdf,official_daily_result_pdf
201605020402,2016,東京,2,4,2,2016-05-01,https://www.jra.go.jp/datafile/seiseki/report/2016/2016-2tokyo4.pdf,official_daily_result_pdf
201605020403,2016,東京,2,4,3,2016-05-01,https://www.jra.go.jp/datafile/seiseki/report/2016/2016-2tokyo4.pdf,official_daily_result_pdf
201605020404,2016,東京,2,4,4,2016-05-01,https://www.jra.go.jp/datafile/seiseki/report/2016/2016-2tokyo4.pdf,official_daily_result_pdf
201605020405,2016,東京,2,4,5,2016-05-01,https://www.jra.go.jp/datafile/seiseki/report/2016/2016-2tokyo4.pdf,official_daily_result_pdf
201605020406,2016,東京,2,4,6,2016-05-01,https://www.jra.go.jp/datafile/seiseki/report/2016/2016-2tokyo4.pdf,official_daily_result_pdf
201605020407,2016,東京,2,4,7,2016-05-01,https://www.jra.go.jp/datafile/seiseki/report/2016/2016-2tokyo4.pdf,official_daily_result_pdf
201605020408,2016,東京,2,4,8,2016-05-01,https://www.jra.go.jp/datafile/seiseki/report/2016/2016-2tokyo4.pdf,official_daily_result_pdf
201605020409,2016,東京,2,4,9,2016-05-01,https://www.jra.go.jp/datafile/seiseki/report/2016/2016-2tokyo4.pdf,official_daily_result_pdf
201605020410,2016,東京,2,4,10,2016-05-01,https://www.jra.go.jp/datafile/seiseki/report/2016/2016-2tokyo4.pdf,official_daily_result_pdf
201605020411,2016,東京,2,4,11,2016-05-01,https://www.jra.go.jp/datafile/seiseki/report/2016/2016-2tokyo4.pdf,official_daily_result_pdf
201605020412,2016,東京,2,4,12,2016-05-01,https://www.jra.go.jp/datafile/seiseki/report/2016/2016-2tokyo4.pdf,official_daily_result_pdf
201605020501,2016,東京,2,5,1,2016-05-07,https://www.jra.go.jp/datafile/seiseki/report/2016/2016-2tokyo5.pdf,official_daily_result_pdf
201605020502,2016,東京,2,5,2,2016-05-07,https://www.jra.go.jp/datafile/seiseki/report/2016/2016-2tokyo5.pdf,official_daily_result_pdf
201605020503,2016,東京,2,5,3,2016-05-07,https://www.jra.go.jp/datafile/seiseki/report/2016/2016-2tokyo5.pdf,official_daily_result_pdf
201605020504,2016,東京,2,5,4,2016-05-07,https://www.jra.go.jp/datafile/seiseki/report/2016/2016-2tokyo5.pdf,official_daily_result_pdf
201605020505,2016,東京,2,5,5,2016-05-07,https://www.jra.go.jp/datafile/seiseki/report/2016/2016-2tokyo5.pdf,official_daily_result_pdf
201605020506,2016,東京,2,5,6,2016-05-07,https://www.jra.go.jp/datafile/seiseki/report/2016/2016-2tokyo5.pdf,official_daily_result_pdf
201605020507,2016,東京,2,5,7,2016-05-07,https://www.jra.go.jp/datafile/seiseki/report/2016/2016-2tokyo5.pdf,official_daily_result_pdf
201605020508,2016,東京,2,5,8,2016-05-07,https://www.jra.go.jp/datafile/seiseki/report/2016/2016-2tokyo5.pdf,official_daily_result_pdf
201605020509,2016,東京,2,5,9,2016-05-07,https://www.jra.go.jp/datafile/seiseki/report/2016/2016-2tokyo5.pdf,official_daily_result_pdf
201605020510,2016,東京,2,5,10,2016-05-07,https://www.jra.go.jp/datafile/seiseki/report/2016/2016-2tokyo5.pdf,official_daily_result_pdf
201605020511,2016,東京,2,5,11,2016-05-07,https://www.jra.go.jp/datafile/seiseki/report/2016/2016-2tokyo5.pdf,official_daily_result_pdf
201605020512,2016,東京,2,5,12,2016-05-07,https://www.jra.go.jp/datafile/seiseki/report/2016/2016-2tokyo5.pdf,official_daily_result_pdf
201605020601,2016,東京,2,6,1,2016-05-08,https://www.jra.go.jp/datafile/seiseki/report/2016/2016-2tokyo6.pdf,official_daily_result_pdf
201605020602,2016,東京,2,6,2,2016-05-08,https://www.jra.go.jp/datafile/seiseki/report/2016/2016-2tokyo6.pdf,official_daily_result_pdf
201605020603,2016,東京,2,6,3,2016-05-08,https://www.jra.go.jp/datafile/seiseki/report/2016/2016-2tokyo6.pdf,official_daily_result_pdf
201605020604,2016,東京,2,6,4,2016-05-08,https://www.jra.go.jp/datafile/seiseki/report/2016/2016-2tokyo6.pdf,official_daily_result_pdf
201605020605,2016,東京,2,6,5,2016-05-08,https://www.jra.go.jp/datafile/seiseki/report/2016/2016-2tokyo6.pdf,official_daily_result_pdf
201605020606,2016,東京,2,6,6,2016-05-08,https://www.jra.go.jp/datafile/seiseki/report/2016/2016-2tokyo6.pdf,official_daily_result_pdf
201605020607,2016,東京,2,6,7,2016-05-08,https://www.jra.go.jp/datafile/seiseki/report/2016/2016-2tokyo6.pdf,official_daily_result_pdf
201605020608,2016,東京,2,6,8,2016-05-08,https://www.jra.go.jp/datafile/seiseki/report/2016/2016-2tokyo6.pdf,official_daily_result_pdf
201605020609,2016,東京,2,6,9,2016-05-08,https://www.jra.go.jp/datafile/seiseki/report/2016/2016-2tokyo6.pdf,official_daily_result_pdf
201605020610,2016,東京,2,6,10,2016-05-08,https://www.jra.go.jp/datafile/seiseki/report/2016/2016-2tokyo6.pdf,official_daily_result_pdf
201605020611,2016,東京,2,6,11,2016-05-08,https://www.jra.go.jp/datafile/seiseki/report/2016/2016-2tokyo6.pdf,official_daily_result_pdf
201605020612,2016,東京,2,6,12,2016-05-08,https://www.jra.go.jp/datafile/seiseki/report/2016/2016-2tokyo6.pdf,official_daily_result_pdf
201605020701,2016,東京,2,7,1,2016-05-14,https://www.jra.go.jp/datafile/seiseki/report/2016/2016-2tokyo7.pdf,official_daily_result_pdf
201605020702,2016,東京,2,7,2,2016-05-14,https://www.jra.go.jp/datafile/seiseki/report/2016/2016-2tokyo7.pdf,official_daily_result_pdf
201605020703,2016,東京,2,7,3,2016-05-14,https://www.jra.go.jp/datafile/seiseki/report/2016/2016-2tokyo7.pdf,official_daily_result_pdf
201605020704,2016,東京,2,7,4,2016-05-14,https://www.jra.go.jp/datafile/seiseki/report/2016/2016-2tokyo7.pdf,official_daily_result_pdf
201605020705,2016,東京,2,7,5,2016-05-14,https://www.jra.go.jp/datafile/seiseki/report/2016/2016-2tokyo7.pdf,official_daily_result_pdf
201605020706,2016,東京,2,7,6,2016-05-14,https://www.jra.go.jp/datafile/seiseki/report/2016/2016-2tokyo7.pdf,official_daily_result_pdf
201605020707,2016,東京,2,7,7,2016-05-14,https://www.jra.go.jp/datafile/seiseki/report/2016/2016-2tokyo7.pdf,official_daily_result_pdf
201605020708,2016,東京,2,7,8,2016-05-14,https://www.jra.go.jp/datafile/seiseki/report/2016/2016-2tokyo7.pdf,official_daily_result_pdf
201605020709,2016,東京,2,7,9,2016-05-14,https://www.jra.go.jp/datafile/seiseki/report/2016/2016-2tokyo7.pdf,official_daily_result_pdf
201605020710,2016,東京,2,7,10,2016-05-14,https://www.jra.go.jp/datafile/seiseki/report/2016/2016-2tokyo7.pdf,official_daily_result_pdf
201605020711,2016,東京,2,7,11,2016-05-14,https://www.jra.go.jp/datafile/seiseki/report/2016/2016-2tokyo7.pdf,official_daily_result_pdf
201605020712,2016,東京,2,7,12,2016-05-14,https://www.jra.go.jp/datafile/seiseki/report/2016/2016-2tokyo7.pdf,official_daily_result_pdf
201605020801,2016,東京,2,8,1,2016-05-15,https://www.jra.go.jp/datafile/seiseki/report/2016/2016-2tokyo8.pdf,official_daily_result_pdf
201605020802,2016,東京,2,8,2,2016-05-15,https://www.jra.go.jp/datafile/seiseki/report/2016/2016-2tokyo8.pdf,official_daily_result_pdf
201605020803,2016,東京,2,8,3,2016-05-15,https://www.jra.go.jp/datafile/seiseki/report/2016/2016-2tokyo8.pdf,official_daily_result_pdf
201605020804,2016,東京,2,8,4,2016-05-15,https://www.jra.go.jp/datafile/seiseki/report/2016/2016-2tokyo8.pdf,official_daily_result_pdf
201605020805,2016,東京,2,8,5,2016-05-15,https://www.jra.go.jp/datafile/seiseki/report/2016/2016-2tokyo8.pdf,official_daily_result_pdf
201605020806,2016,東京,2,8,6,2016-05-15,https://www.jra.go.jp/datafile/seiseki/report/2016/2016-2tokyo8.pdf,official_daily_result_pdf
201605020807,2016,東京,2,8,7,2016-05-15,https://www.jra.go.jp/datafile/seiseki/report/2016/2016-2tokyo8.pdf,official_daily_result_pdf
201605020808,2016,東京,2,8,8,2016-05-15,https://www.jra.go.jp/datafile/seiseki/report/2016/2016-2tokyo8.pdf,official_daily_result_pdf
201605020809,2016,東京,2,8,9,2016-05-15,https://www.jra.go.jp/datafile/seiseki/report/2016/2016-2tokyo8.pdf,official_daily_result_pdf
201605020810,2016,東京,2,8,10,2016-05-15,https://www.jra.go.jp/datafile/seiseki/report/2016/2016-2tokyo8.pdf,official_daily_result_pdf
201605020811,2016,東京,2,8,11,2016-05-15,https://www.jra.go.jp/datafile/seiseki/report/2016/2016-2tokyo8.pdf,official_daily_result_pdf
201605020812,2016,東京,2,8,12,2016-05-15,https://www.jra.go.jp/datafile/seiseki/report/2016/2016-2tokyo8.pdf,official_daily_result_pdf
201605020901,2016,東京,2,9,1,2016-05-21,https://www.jra.go.jp/datafile/seiseki/report/2016/2016-2tokyo9.pdf,official_daily_result_pdf
201605020902,2016,東京,2,9,2,2016-05-21,https://www.jra.go.jp/datafile/seiseki/report/2016/2016-2tokyo9.pdf,official_daily_result_pdf
201605020903,2016,東京,2,9,3,2016-05-21,https://www.jra.go.jp/datafile/seiseki/report/2016/2016-2tokyo9.pdf,official_daily_result_pdf
201605020904,2016,東京,2,9,4,2016-05-21,https://www.jra.go.jp/datafile/seiseki/report/2016/2016-2tokyo9.pdf,official_daily_result_pdf
201605020905,2016,東京,2,9,5,2016-05-21,https://www.jra.go.jp/datafile/seiseki/report/2016/2016-2tokyo9.pdf,official_daily_result_pdf
201605020906,2016,東京,2,9,6,2016-05-21,https://www.jra.go.jp/datafile/seiseki/report/2016/2016-2tokyo9.pdf,official_daily_result_pdf
201605020907,2016,東京,2,9,7,2016-05-21,https://www.jra.go.jp/datafile/seiseki/report/2016/2016-2tokyo9.pdf,official_daily_result_pdf
201605020908,2016,東京,2,9,8,2016-05-21,https://www.jra.go.jp/datafile/seiseki/report/2016/2016-2tokyo9.pdf,official_daily_result_pdf
201605020909,2016,東京,2,9,9,2016-05-21,https://www.jra.go.jp/datafile/seiseki/report/2016/2016-2tokyo9.pdf,official_daily_result_pdf
201605020910,2016,東京,2,9,10,2016-05-21,https://www.jra.go.jp/datafile/seiseki/report/2016/2016-2tokyo9.pdf,official_daily_result_pdf
201605020911,2016,東京,2,9,11,2016-05-21,https://www.jra.go.jp/datafile/seiseki/report/2016/2016-2tokyo9.pdf,official_daily_result_pdf
201605020912,2016,東京,2,9,12,2016-05-21,https://www.jra.go.jp/datafile/seiseki/report/2016/2016-2tokyo9.pdf,official_daily_result_pdf
201605021001,2016,東京,2,10,1,2016-05-22,https://www.jra.go.jp/datafile/seiseki/report/2016/2016-2tokyo10.pdf,official_daily_result_pdf
201605021002,2016,東京,2,10,2,2016-05-22,https://www.jra.go.jp/datafile/seiseki/report/2016/2016-2tokyo10.pdf,official_daily_result_pdf
201605021003,2016,東京,2,10,3,2016-05-22,https://www.jra.go.jp/datafile/seiseki/report/2016/2016-2tokyo10.pdf,official_daily_result_pdf
201605021004,2016,東京,2,10,4,2016-05-22,https://www.jra.go.jp/datafile/seiseki/report/2016/2016-2tokyo10.pdf,official_daily_result_pdf
201605021005,2016,東京,2,10,5,2016-05-22,https://www.jra.go.jp/datafile/seiseki/report/2016/2016-2tokyo10.pdf,official_daily_result_pdf
201605021006,2016,東京,2,10,6,2016-05-22,https://www.jra.go.jp/datafile/seiseki/report/2016/2016-2tokyo10.pdf,official_daily_result_pdf
201605021007,2016,東京,2,10,7,2016-05-22,https://www.jra.go.jp/datafile/seiseki/report/2016/2016-2tokyo10.pdf,official_daily_result_pdf
201605021008,2016,東京,2,10,8,2016-05-22,https://www.jra.go.jp/datafile/seiseki/report/2016/2016-2tokyo10.pdf,official_daily_result_pdf
201605021009,2016,東京,2,10,9,2016-05-22,https://www.jra.go.jp/datafile/seiseki/report/2016/2016-2tokyo10.pdf,official_daily_result_pdf
201605021010,2016,東京,2,10,10,2016-05-22,https://www.jra.go.jp/datafile/seiseki/report/2016/2016-2tokyo10.pdf,official_daily_result_pdf
201605021011,2016,東京,2,10,11,2016-05-22,https://www.jra.go.jp/datafile/seiseki/report/2016/2016-2tokyo10.pdf,official_daily_result_pdf
201605021012,2016,東京,2,10,12,2016-05-22,https://www.jra.go.jp/datafile/seiseki/report/2016/2016-2tokyo10.pdf,official_daily_result_pdf
201605021101,2016,東京,2,11,1,2016-05-28,https://www.jra.go.jp/datafile/seiseki/report/2016/2016-2tokyo11.pdf,official_daily_result_pdf
201605021102,2016,東京,2,11,2,2016-05-28,https://www.jra.go.jp/datafile/seiseki/report/2016/2016-2tokyo11.pdf,official_daily_result_pdf
201605021103,2016,東京,2,11,3,2016-05-28,https://www.jra.go.jp/datafile/seiseki/report/2016/2016-2tokyo11.pdf,official_daily_result_pdf
201605021104,2016,東京,2,11,4,2016-05-28,https://www.jra.go.jp/datafile/seiseki/report/2016/2016-2tokyo11.pdf,official_daily_result_pdf
201605021105,2016,東京,2,11,5,2016-05-28,https://www.jra.go.jp/datafile/seiseki/report/2016/2016-2tokyo11.pdf,official_daily_result_pdf
201605021106,2016,東京,2,11,6,2016-05-28,https://www.jra.go.jp/datafile/seiseki/report/2016/2016-2tokyo11.pdf,official_daily_result_pdf
201605021107,2016,東京,2,11,7,2016-05-28,https://www.jra.go.jp/datafile/seiseki/report/2016/2016-2tokyo11.pdf,official_daily_result_pdf
201605021108,2016,東京,2,11,8,2016-05-28,https://www.jra.go.jp/datafile/seiseki/report/2016/2016-2tokyo11.pdf,official_daily_result_pdf
201605021109,2016,東京,2,11,9,2016-05-28,https://www.jra.go.jp/datafile/seiseki/report/2016/2016-2tokyo11.pdf,official_daily_result_pdf
201605021110,2016,東京,2,11,10,2016-05-28,https://www.jra.go.jp/datafile/seiseki/report/2016/2016-2tokyo11.pdf,official_daily_result_pdf
201605021111,2016,東京,2,11,11,2016-05-28,https://www.jra.go.jp/datafile/seiseki/report/2016/2016-2tokyo11.pdf,official_daily_result_pdf
201605021112,2016,東京,2,11,12,2016-05-28,https://www.jra.go.jp/datafile/seiseki/report/2016/2016-2tokyo11.pdf,official_daily_result_pdf
201605021201,2016,東京,2,12,1,2016-05-29,https://www.jra.go.jp/datafile/seiseki/report/2016/2016-2tokyo12.pdf,official_daily_result_pdf
201605021202,2016,東京,2,12,2,2016-05-29,https://www.jra.go.jp/datafile/seiseki/report/2016/2016-2tokyo12.pdf,official_daily_result_pdf
201605021203,2016,東京,2,12,3,2016-05-29,https://www.jra.go.jp/datafile/seiseki/report/2016/2016-2tokyo12.pdf,official_daily_result_pdf
201605021204,2016,東京,2,12,4,2016-05-29,https://www.jra.go.jp/datafile/seiseki/report/2016/2016-2tokyo12.pdf,official_daily_result_pdf
201605021205,2016,東京,2,12,5,2016-05-29,https://www.jra.go.jp/datafile/seiseki/report/2016/2016-2tokyo12.pdf,official_daily_result_pdf
201605021206,2016,東京,2,12,6,2016-05-29,https://www.jra.go.jp/datafile/seiseki/report/2016/2016-2tokyo12.pdf,official_daily_result_pdf
201605021207,2016,東京,2,12,7,2016-05-29,https://www.jra.go.jp/datafile/seiseki/report/2016/2016-2tokyo12.pdf,official_daily_result_pdf
201605021208,2016,東京,2,12,8,2016-05-29,https://www.jra.go.jp/datafile/seiseki/report/2016/2016-2tokyo12.pdf,official_daily_result_pdf
201605021209,2016,東京,2,12,9,2016-05-29,https://www.jra.go.jp/datafile/seiseki/report/2016/2016-2tokyo12.pdf,official_daily_result_pdf
201605021210,2016,東京,2,12,10,2016-05-29,https://www.jra.go.jp/datafile/seiseki/report/2016/2016-2tokyo12.pdf,official_daily_result_pdf
201605021211,2016,東京,2,12,11,2016-05-29,https://www.jra.go.jp/datafile/seiseki/report/2016/2016-2tokyo12.pdf,official_daily_result_pdf
201605021212,2016,東京,2,12,12,2016-05-29,https://www.jra.go.jp/datafile/seiseki/report/2016/2016-2tokyo12.pdf,official_daily_result_pdf
201605030101,2016,東京,3,1,1,2016-06-04,https://www.jra.go.jp/datafile/seiseki/report/2016/2016-3tokyo1.pdf,official_daily_result_pdf
201605030102,2016,東京,3,1,2,2016-06-04,https://www.jra.go.jp/datafile/seiseki/report/2016/2016-3tokyo1.pdf,official_daily_result_pdf
201605030103,2016,東京,3,1,3,2016-06-04,https://www.jra.go.jp/datafile/seiseki/report/2016/2016-3tokyo1.pdf,official_daily_result_pdf
201605030104,2016,東京,3,1,4,2016-06-04,https://www.jra.go.jp/datafile/seiseki/report/2016/2016-3tokyo1.pdf,official_daily_result_pdf
201605030105,2016,東京,3,1,5,2016-06-04,https://www.jra.go.jp/datafile/seiseki/report/2016/2016-3tokyo1.pdf,official_daily_result_pdf
201605030106,2016,東京,3,1,6,2016-06-04,https://www.jra.go.jp/datafile/seiseki/report/2016/2016-3tokyo1.pdf,official_daily_result_pdf
201605030107,2016,東京,3,1,7,2016-06-04,https://www.jra.go.jp/datafile/seiseki/report/2016/2016-3tokyo1.pdf,official_daily_result_pdf
201605030108,2016,東京,3,1,8,2016-06-04,https://www.jra.go.jp/datafile/seiseki/report/2016/2016-3tokyo1.pdf,official_daily_result_pdf
201605030109,2016,東京,3,1,9,2016-06-04,https://www.jra.go.jp/datafile/seiseki/report/2016/2016-3tokyo1.pdf,official_daily_result_pdf
201605030110,2016,東京,3,1,10,2016-06-04,https://www.jra.go.jp/datafile/seiseki/report/2016/2016-3tokyo1.pdf,official_daily_result_pdf
201605030111,2016,東京,3,1,11,2016-06-04,https://www.jra.go.jp/datafile/seiseki/report/2016/2016-3tokyo1.pdf,official_daily_result_pdf
201605030112,2016,東京,3,1,12,2016-06-04,https://www.jra.go.jp/datafile/seiseki/report/2016/2016-3tokyo1.pdf,official_daily_result_pdf
201605030201,2016,東京,3,2,1,2016-06-05,https://www.jra.go.jp/datafile/seiseki/report/2016/2016-3tokyo2.pdf,official_daily_result_pdf
201605030202,2016,東京,3,2,2,2016-06-05,https://www.jra.go.jp/datafile/seiseki/report/2016/2016-3tokyo2.pdf,official_daily_result_pdf
201605030203,2016,東京,3,2,3,2016-06-05,https://www.jra.go.jp/datafile/seiseki/report/2016/2016-3tokyo2.pdf,official_daily_result_pdf
201605030204,2016,東京,3,2,4,2016-06-05,https://www.jra.go.jp/datafile/seiseki/report/2016/2016-3tokyo2.pdf,official_daily_result_pdf
201605030205,2016,東京,3,2,5,2016-06-05,https://www.jra.go.jp/datafile/seiseki/report/2016/2016-3tokyo2.pdf,official_daily_result_pdf
201605030206,2016,東京,3,2,6,2016-06-05,https://www.jra.go.jp/datafile/seiseki/report/2016/2016-3tokyo2.pdf,official_daily_result_pdf
201605030207,2016,東京,3,2,7,2016-06-05,https://www.jra.go.jp/datafile/seiseki/report/2016/2016-3tokyo2.pdf,official_daily_result_pdf
201605030208,2016,東京,3,2,8,2016-06-05,https://www.jra.go.jp/datafile/seiseki/report/2016/2016-3tokyo2.pdf,official_daily_result_pdf
201605030209,2016,東京,3,2,9,2016-06-05,https://www.jra.go.jp/datafile/seiseki/report/2016/2016-3tokyo2.pdf,official_daily_result_pdf
201605030210,2016,東京,3,2,10,2016-06-05,https://www.jra.go.jp/datafile/seiseki/report/2016/2016-3tokyo2.pdf,official_daily_result_pdf
201605030211,2016,東京,3,2,11,2016-06-05,https://www.jra.go.jp/datafile/seiseki/report/2016/2016-3tokyo2.pdf,official_daily_result_pdf
201605030212,2016,東京,3,2,12,2016-06-05,https://www.jra.go.jp/datafile/seiseki/report/2016/2016-3tokyo2.pdf,official_daily_result_pdf
201605030301,2016,東京,3,3,1,2016-06-11,https://www.jra.go.jp/datafile/seiseki/report/2016/2016-3tokyo3.pdf,official_daily_result_pdf
201605030302,2016,東京,3,3,2,2016-06-11,https://www.jra.go.jp/datafile/seiseki/report/2016/2016-3tokyo3.pdf,official_daily_result_pdf
201605030303,2016,東京,3,3,3,2016-06-11,https://www.jra.go.jp/datafile/seiseki/report/2016/2016-3tokyo3.pdf,official_daily_result_pdf
201605030304,2016,東京,3,3,4,2016-06-11,https://www.jra.go.jp/datafile/seiseki/report/2016/2016-3tokyo3.pdf,official_daily_result_pdf
201605030305,2016,東京,3,3,5,2016-06-11,https://www.jra.go.jp/datafile/seiseki/report/2016/2016-3tokyo3.pdf,official_daily_result_pdf
201605030306,2016,東京,3,3,6,2016-06-11,https://www.jra.go.jp/datafile/seiseki/report/2016/2016-3tokyo3.pdf,official_daily_result_pdf
201605030307,2016,東京,3,3,7,2016-06-11,https://www.jra.go.jp/datafile/seiseki/report/2016/2016-3tokyo3.pdf,official_daily_result_pdf
201605030308,2016,東京,3,3,8,2016-06-11,https://www.jra.go.jp/datafile/seiseki/report/2016/2016-3tokyo3.pdf,official_daily_result_pdf
201605030309,2016,東京,3,3,9,2016-06-11,https://www.jra.go.jp/datafile/seiseki/report/2016/2016-3tokyo3.pdf,official_daily_result_pdf
201605030310,2016,東京,3,3,10,2016-06-11,https://www.jra.go.jp/datafile/seiseki/report/2016/2016-3tokyo3.pdf,official_daily_result_pdf
201605030311,2016,東京,3,3,11,2016-06-11,https://www.jra.go.jp/datafile/seiseki/report/2016/2016-3tokyo3.pdf,official_daily_result_pdf
201605030312,2016,東京,3,3,12,2016-06-11,https://www.jra.go.jp/datafile/seiseki/report/2016/2016-3tokyo3.pdf,official_daily_result_pdf
201605030401,2016,東京,3,4,1,2016-06-12,https://www.jra.go.jp/datafile/seiseki/report/2016/2016-3tokyo4.pdf,official_daily_result_pdf
201605030402,2016,東京,3,4,2,2016-06-12,https://www.jra.go.jp/datafile/seiseki/report/2016/2016-3tokyo4.pdf,official_daily_result_pdf
201605030403,2016,東京,3,4,3,2016-06-12,https://www.jra.go.jp/datafile/seiseki/report/2016/2016-3tokyo4.pdf,official_daily_result_pdf
201605030404,2016,東京,3,4,4,2016-06-12,https://www.jra.go.jp/datafile/seiseki/report/2016/2016-3tokyo4.pdf,official_daily_result_pdf
201605030405,2016,東京,3,4,5,2016-06-12,https://www.jra.go.jp/datafile/seiseki/report/2016/2016-3tokyo4.pdf,official_daily_result_pdf
201605030406,2016,東京,3,4,6,2016-06-12,https://www.jra.go.jp/datafile/seiseki/report/2016/2016-3tokyo4.pdf,official_daily_result_pdf
201605030407,2016,東京,3,4,7,2016-06-12,https://www.jra.go.jp/datafile/seiseki/report/2016/2016-3tokyo4.pdf,official_daily_result_pdf
201605030408,2016,東京,3,4,8,2016-06-12,https://www.jra.go.jp/datafile/seiseki/report/2016/2016-3tokyo4.pdf,official_daily_result_pdf
201605030409,2016,東京,3,4,9,2016-06-12,https://www.jra.go.jp/datafile/seiseki/report/2016/2016-3tokyo4.pdf,official_daily_result_pdf
201605030410,2016,東京,3,4,10,2016-06-12,https://www.jra.go.jp/datafile/seiseki/report/2016/2016-3tokyo4.pdf,official_daily_result_pdf
201605030411,2016,東京,3,4,11,2016-06-12,https://www.jra.go.jp/datafile/seiseki/report/2016/2016-3tokyo4.pdf,official_daily_result_pdf
201605030412,2016,東京,3,4,12,2016-06-12,https://www.jra.go.jp/datafile/seiseki/report/2016/2016-3tokyo4.pdf,official_daily_result_pdf
201605030501,2016,東京,3,5,1,2016-06-18,https://www.jra.go.jp/datafile/seiseki/report/2016/2016-3tokyo5.pdf,official_daily_result_pdf
201605030502,2016,東京,3,5,2,2016-06-18,https://www.jra.go.jp/datafile/seiseki/report/2016/2016-3tokyo5.pdf,official_daily_result_pdf
201605030503,2016,東京,3,5,3,2016-06-18,https://www.jra.go.jp/datafile/seiseki/report/2016/2016-3tokyo5.pdf,official_daily_result_pdf
201605030504,2016,東京,3,5,4,2016-06-18,https://www.jra.go.jp/datafile/seiseki/report/2016/2016-3tokyo5.pdf,official_daily_result_pdf
201605030505,2016,東京,3,5,5,2016-06-18,https://www.jra.go.jp/datafile/seiseki/report/2016/2016-3tokyo5.pdf,official_daily_result_pdf
201605030506,2016,東京,3,5,6,2016-06-18,https://www.jra.go.jp/datafile/seiseki/report/2016/2016-3tokyo5.pdf,official_daily_result_pdf
201605030507,2016,東京,3,5,7,2016-06-18,https://www.jra.go.jp/datafile/seiseki/report/2016/2016-3tokyo5.pdf,official_daily_result_pdf
201605030508,2016,東京,3,5,8,2016-06-18,https://www.jra.go.jp/datafile/seiseki/report/2016/2016-3tokyo5.pdf,official_daily_result_pdf
201605030509,2016,東京,3,5,9,2016-06-18,https://www.jra.go.jp/datafile/seiseki/report/2016/2016-3tokyo5.pdf,official_daily_result_pdf
201605030510,2016,東京,3,5,10,2016-06-18,https://www.jra.go.jp/datafile/seiseki/report/2016/2016-3tokyo5.pdf,official_daily_result_pdf
201605030511,2016,東京,3,5,11,2016-06-18,https://www.jra.go.jp/datafile/seiseki/report/2016/2016-3tokyo5.pdf,official_daily_result_pdf
201605030512,2016,東京,3,5,12,2016-06-18,https://www.jra.go.jp/datafile/seiseki/report/2016/2016-3tokyo5.pdf,official_daily_result_pdf
201605030601,2016,東京,3,6,1,2016-06-19,https://www.jra.go.jp/datafile/seiseki/report/2016/2016-3tokyo6.pdf,official_daily_result_pdf
201605030602,2016,東京,3,6,2,2016-06-19,https://www.jra.go.jp/datafile/seiseki/report/2016/2016-3tokyo6.pdf,official_daily_result_pdf
201605030603,2016,東京,3,6,3,2016-06-19,https://www.jra.go.jp/datafile/seiseki/report/2016/2016-3tokyo6.pdf,official_daily_result_pdf
201605030604,2016,東京,3,6,4,2016-06-19,https://www.jra.go.jp/datafile/seiseki/report/2016/2016-3tokyo6.pdf,official_daily_result_pdf
201605030605,2016,東京,3,6,5,2016-06-19,https://www.jra.go.jp/datafile/seiseki/report/2016/2016-3tokyo6.pdf,official_daily_result_pdf
201605030606,2016,東京,3,6,6,2016-06-19,https://www.jra.go.jp/datafile/seiseki/report/2016/2016-3tokyo6.pdf,official_daily_result_pdf
201605030607,2016,東京,3,6,7,2016-06-19,https://www.jra.go.jp/datafile/seiseki/report/2016/2016-3tokyo6.pdf,official_daily_result_pdf
201605030608,2016,東京,3,6,8,2016-06-19,https://www.jra.go.jp/datafile/seiseki/report/2016/2016-3tokyo6.pdf,official_daily_result_pdf
201605030609,2016,東京,3,6,9,2016-06-19,https://www.jra.go.jp/datafile/seiseki/report/2016/2016-3tokyo6.pdf,official_daily_result_pdf
201605030610,2016,東京,3,6,10,2016-06-19,https://www.jra.go.jp/datafile/seiseki/report/2016/2016-3tokyo6.pdf,official_daily_result_pdf
201605030611,2016,東京,3,6,11,2016-06-19,https://www.jra.go.jp/datafile/seiseki/report/2016/2016-3tokyo6.pdf,official_daily_result_pdf
201605030612,2016,東京,3,6,12,2016-06-19,https://www.jra.go.jp/datafile/seiseki/report/2016/2016-3tokyo6.pdf,official_daily_result_pdf
201605030701,2016,東京,3,7,1,2016-06-25,https://www.jra.go.jp/datafile/seiseki/report/2016/2016-3tokyo7.pdf,official_daily_result_pdf
201605030702,2016,東京,3,7,2,2016-06-25,https://www.jra.go.jp/datafile/seiseki/report/2016/2016-3tokyo7.pdf,official_daily_result_pdf
201605030703,2016,東京,3,7,3,2016-06-25,https://www.jra.go.jp/datafile/seiseki/report/2016/2016-3tokyo7.pdf,official_daily_result_pdf
201605030704,2016,東京,3,7,4,2016-06-25,https://www.jra.go.jp/datafile/seiseki/report/2016/2016-3tokyo7.pdf,official_daily_result_pdf
201605030705,2016,東京,3,7,5,2016-06-25,https://www.jra.go.jp/datafile/seiseki/report/2016/2016-3tokyo7.pdf,official_daily_result_pdf
201605030706,2016,東京,3,7,6,2016-06-25,https://www.jra.go.jp/datafile/seiseki/report/2016/2016-3tokyo7.pdf,official_daily_result_pdf
201605030707,2016,東京,3,7,7,2016-06-25,https://www.jra.go.jp/datafile/seiseki/report/2016/2016-3tokyo7.pdf,official_daily_result_pdf
201605030708,2016,東京,3,7,8,2016-06-25,https://www.jra.go.jp/datafile/seiseki/report/2016/2016-3tokyo7.pdf,official_daily_result_pdf
201605030709,2016,東京,3,7,9,2016-06-25,https://www.jra.go.jp/datafile/seiseki/report/2016/2016-3tokyo7.pdf,official_daily_result_pdf
201605030710,2016,東京,3,7,10,2016-06-25,https://www.jra.go.jp/datafile/seiseki/report/2016/2016-3tokyo7.pdf,official_daily_result_pdf
201605030711,2016,東京,3,7,11,2016-06-25,https://www.jra.go.jp/datafile/seiseki/report/2016/2016-3tokyo7.pdf,official_daily_result_pdf
201605030712,2016,東京,3,7,12,2016-06-25,https://www.jra.go.jp/datafile/seiseki/report/2016/2016-3tokyo7.pdf,official_daily_result_pdf
201605030801,2016,東京,3,8,1,2016-06-26,https://www.jra.go.jp/datafile/seiseki/report/2016/2016-3tokyo8.pdf,official_daily_result_pdf
201605030802,2016,東京,3,8,2,2016-06-26,https://www.jra.go.jp/datafile/seiseki/report/2016/2016-3tokyo8.pdf,official_daily_result_pdf
201605030803,2016,東京,3,8,3,2016-06-26,https://www.jra.go.jp/datafile/seiseki/report/2016/2016-3tokyo8.pdf,official_daily_result_pdf
201605030804,2016,東京,3,8,4,2016-06-26,https://www.jra.go.jp/datafile/seiseki/report/2016/2016-3tokyo8.pdf,official_daily_result_pdf
201605030805,2016,東京,3,8,5,2016-06-26,https://www.jra.go.jp/datafile/seiseki/report/2016/2016-3tokyo8.pdf,official_daily_result_pdf
201605030806,2016,東京,3,8,6,2016-06-26,https://www.jra.go.jp/datafile/seiseki/report/2016/2016-3tokyo8.pdf,official_daily_result_pdf
201605030807,2016,東京,3,8,7,2016-06-26,https://www.jra.go.jp/datafile/seiseki/report/2016/2016-3tokyo8.pdf,official_daily_result_pdf
201605030808,2016,東京,3,8,8,2016-06-26,https://www.jra.go.jp/datafile/seiseki/report/2016/2016-3tokyo8.pdf,official_daily_result_pdf
201605030809,2016,東京,3,8,9,2016-06-26,https://www.jra.go.jp/datafile/seiseki/report/2016/2016-3tokyo8.pdf,official_daily_result_pdf
201605030810,2016,東京,3,8,10,2016-06-26,https://www.jra.go.jp/datafile/seiseki/report/2016/2016-3tokyo8.pdf,official_daily_result_pdf
201605030811,2016,東京,3,8,11,2016-06-26,https://www.jra.go.jp/datafile/seiseki/report/2016/2016-3tokyo8.pdf,official_daily_result_pdf
201605030812,2016,東京,3,8,12,2016-06-26,https://www.jra.go.jp/datafile/seiseki/report/2016/2016-3tokyo8.pdf,official_daily_result_pdf
201605040101,2016,東京,4,1,1,2016-10-08,https://www.jra.go.jp/datafile/seiseki/report/2016/2016-4tokyo1.pdf,official_daily_result_pdf
201605040102,2016,東京,4,1,2,2016-10-08,https://www.jra.go.jp/datafile/seiseki/report/2016/2016-4tokyo1.pdf,official_daily_result_pdf
201605040103,2016,東京,4,1,3,2016-10-08,https://www.jra.go.jp/datafile/seiseki/report/2016/2016-4tokyo1.pdf,official_daily_result_pdf
201605040104,2016,東京,4,1,4,2016-10-08,https://www.jra.go.jp/datafile/seiseki/report/2016/2016-4tokyo1.pdf,official_daily_result_pdf
201605040105,2016,東京,4,1,5,2016-10-08,https://www.jra.go.jp/datafile/seiseki/report/2016/2016-4tokyo1.pdf,official_daily_result_pdf
201605040106,2016,東京,4,1,6,2016-10-08,https://www.jra.go.jp/datafile/seiseki/report/2016/2016-4tokyo1.pdf,official_daily_result_pdf
201605040107,2016,東京,4,1,7,2016-10-08,https://www.jra.go.jp/datafile/seiseki/report/2016/2016-4tokyo1.pdf,official_daily_result_pdf
201605040108,2016,東京,4,1,8,2016-10-08,https://www.jra.go.jp/datafile/seiseki/report/2016/2016-4tokyo1.pdf,official_daily_result_pdf
201605040109,2016,東京,4,1,9,2016-10-08,https://www.jra.go.jp/datafile/seiseki/report/2016/2016-4tokyo1.pdf,official_daily_result_pdf
201605040110,2016,東京,4,1,10,2016-10-08,https://www.jra.go.jp/datafile/seiseki/report/2016/2016-4tokyo1.pdf,official_daily_result_pdf
201605040111,2016,東京,4,1,11,2016-10-08,https://www.jra.go.jp/datafile/seiseki/report/2016/2016-4tokyo1.pdf,official_daily_result_pdf
201605040112,2016,東京,4,1,12,2016-10-08,https://www.jra.go.jp/datafile/seiseki/report/2016/2016-4tokyo1.pdf,official_daily_result_pdf
201605040201,2016,東京,4,2,1,2016-10-09,https://www.jra.go.jp/datafile/seiseki/report/2016/2016-4tokyo2.pdf,official_daily_result_pdf
201605040202,2016,東京,4,2,2,2016-10-09,https://www.jra.go.jp/datafile/seiseki/report/2016/2016-4tokyo2.pdf,official_daily_result_pdf
201605040203,2016,東京,4,2,3,2016-10-09,https://www.jra.go.jp/datafile/seiseki/report/2016/2016-4tokyo2.pdf,official_daily_result_pdf
201605040204,2016,東京,4,2,4,2016-10-09,https://www.jra.go.jp/datafile/seiseki/report/2016/2016-4tokyo2.pdf,official_daily_result_pdf
201605040205,2016,東京,4,2,5,2016-10-09,https://www.jra.go.jp/datafile/seiseki/report/2016/2016-4tokyo2.pdf,official_daily_result_pdf
201605040206,2016,東京,4,2,6,2016-10-09,https://www.jra.go.jp/datafile/seiseki/report/2016/2016-4tokyo2.pdf,official_daily_result_pdf
201605040207,2016,東京,4,2,7,2016-10-09,https://www.jra.go.jp/datafile/seiseki/report/2016/2016-4tokyo2.pdf,official_daily_result_pdf
201605040208,2016,東京,4,2,8,2016-10-09,https://www.jra.go.jp/datafile/seiseki/report/2016/2016-4tokyo2.pdf,official_daily_result_pdf
201605040209,2016,東京,4,2,9,2016-10-09,https://www.jra.go.jp/datafile/seiseki/report/2016/2016-4tokyo2.pdf,official_daily_result_pdf
201605040210,2016,東京,4,2,10,2016-10-09,https://www.jra.go.jp/datafile/seiseki/report/2016/2016-4tokyo2.pdf,official_daily_result_pdf
201605040211,2016,東京,4,2,11,2016-10-09,https://www.jra.go.jp/datafile/seiseki/report/2016/2016-4tokyo2.pdf,official_daily_result_pdf
201605040212,2016,東京,4,2,12,2016-10-09,https://www.jra.go.jp/datafile/seiseki/report/2016/2016-4tokyo2.pdf,official_daily_result_pdf
201605040301,2016,東京,4,3,1,2016-10-10,https://www.jra.go.jp/datafile/seiseki/report/2016/2016-4tokyo3.pdf,official_daily_result_pdf
201605040302,2016,東京,4,3,2,2016-10-10,https://www.jra.go.jp/datafile/seiseki/report/2016/2016-4tokyo3.pdf,official_daily_result_pdf
201605040303,2016,東京,4,3,3,2016-10-10,https://www.jra.go.jp/datafile/seiseki/report/2016/2016-4tokyo3.pdf,official_daily_result_pdf
201605040304,2016,東京,4,3,4,2016-10-10,https://www.jra.go.jp/datafile/seiseki/report/2016/2016-4tokyo3.pdf,official_daily_result_pdf
201605040305,2016,東京,4,3,5,2016-10-10,https://www.jra.go.jp/datafile/seiseki/report/2016/2016-4tokyo3.pdf,official_daily_result_pdf
201605040306,2016,東京,4,3,6,2016-10-10,https://www.jra.go.jp/datafile/seiseki/report/2016/2016-4tokyo3.pdf,official_daily_result_pdf
201605040307,2016,東京,4,3,7,2016-10-10,https://www.jra.go.jp/datafile/seiseki/report/2016/2016-4tokyo3.pdf,official_daily_result_pdf
201605040308,2016,東京,4,3,8,2016-10-10,https://www.jra.go.jp/datafile/seiseki/report/2016/2016-4tokyo3.pdf,official_daily_result_pdf
201605040309,2016,東京,4,3,9,2016-10-10,https://www.jra.go.jp/datafile/seiseki/report/2016/2016-4tokyo3.pdf,official_daily_result_pdf
201605040310,2016,東京,4,3,10,2016-10-10,https://www.jra.go.jp/datafile/seiseki/report/2016/2016-4tokyo3.pdf,official_daily_result_pdf
201605040311,2016,東京,4,3,11,2016-10-10,https://www.jra.go.jp/datafile/seiseki/report/2016/2016-4tokyo3.pdf,official_daily_result_pdf
201605040312,2016,東京,4,3,12,2016-10-10,https://www.jra.go.jp/datafile/seiseki/report/2016/2016-4tokyo3.pdf,official_daily_result_pdf
201605040401,2016,東京,4,4,1,2016-10-15,https://www.jra.go.jp/datafile/seiseki/report/2016/2016-4tokyo4.pdf,official_daily_result_pdf
201605040402,2016,東京,4,4,2,2016-10-15,https://www.jra.go.jp/datafile/seiseki/report/2016/2016-4tokyo4.pdf,official_daily_result_pdf
201605040403,2016,東京,4,4,3,2016-10-15,https://www.jra.go.jp/datafile/seiseki/report/2016/2016-4tokyo4.pdf,official_daily_result_pdf
201605040404,2016,東京,4,4,4,2016-10-15,https://www.jra.go.jp/datafile/seiseki/report/2016/2016-4tokyo4.pdf,official_daily_result_pdf
201605040405,2016,東京,4,4,5,2016-10-15,https://www.jra.go.jp/datafile/seiseki/report/2016/2016-4tokyo4.pdf,official_daily_result_pdf
201605040406,2016,東京,4,4,6,2016-10-15,https://www.jra.go.jp/datafile/seiseki/report/2016/2016-4tokyo4.pdf,official_daily_result_pdf
201605040407,2016,東京,4,4,7,2016-10-15,https://www.jra.go.jp/datafile/seiseki/report/2016/2016-4tokyo4.pdf,official_daily_result_pdf
201605040408,2016,東京,4,4,8,2016-10-15,https://www.jra.go.jp/datafile/seiseki/report/2016/2016-4tokyo4.pdf,official_daily_result_pdf
201605040409,2016,東京,4,4,9,2016-10-15,https://www.jra.go.jp/datafile/seiseki/report/2016/2016-4tokyo4.pdf,official_daily_result_pdf
201605040410,2016,東京,4,4,10,2016-10-15,https://www.jra.go.jp/datafile/seiseki/report/2016/2016-4tokyo4.pdf,official_daily_result_pdf
201605040411,2016,東京,4,4,11,2016-10-15,https://www.jra.go.jp/datafile/seiseki/report/2016/2016-4tokyo4.pdf,official_daily_result_pdf
201605040412,2016,東京,4,4,12,2016-10-15,https://www.jra.go.jp/datafile/seiseki/report/2016/2016-4tokyo4.pdf,official_daily_result_pdf
201605040501,2016,東京,4,5,1,2016-10-16,https://www.jra.go.jp/datafile/seiseki/report/2016/2016-4tokyo5.pdf,official_daily_result_pdf
201605040502,2016,東京,4,5,2,2016-10-16,https://www.jra.go.jp/datafile/seiseki/report/2016/2016-4tokyo5.pdf,official_daily_result_pdf
201605040503,2016,東京,4,5,3,2016-10-16,https://www.jra.go.jp/datafile/seiseki/report/2016/2016-4tokyo5.pdf,official_daily_result_pdf
201605040504,2016,東京,4,5,4,2016-10-16,https://www.jra.go.jp/datafile/seiseki/report/2016/2016-4tokyo5.pdf,official_daily_result_pdf
201605040505,2016,東京,4,5,5,2016-10-16,https://www.jra.go.jp/datafile/seiseki/report/2016/2016-4tokyo5.pdf,official_daily_result_pdf
201605040506,2016,東京,4,5,6,2016-10-16,https://www.jra.go.jp/datafile/seiseki/report/2016/2016-4tokyo5.pdf,official_daily_result_pdf
201605040507,2016,東京,4,5,7,2016-10-16,https://www.jra.go.jp/datafile/seiseki/report/2016/2016-4tokyo5.pdf,official_daily_result_pdf
201605040508,2016,東京,4,5,8,2016-10-16,https://www.jra.go.jp/datafile/seiseki/report/2016/2016-4tokyo5.pdf,official_daily_result_pdf
201605040509,2016,東京,4,5,9,2016-10-16,https://www.jra.go.jp/datafile/seiseki/report/2016/2016-4tokyo5.pdf,official_daily_result_pdf
201605040510,2016,東京,4,5,10,2016-10-16,https://www.jra.go.jp/datafile/seiseki/report/2016/2016-4tokyo5.pdf,official_daily_result_pdf
201605040511,2016,東京,4,5,11,2016-10-16,https://www.jra.go.jp/datafile/seiseki/report/2016/2016-4tokyo5.pdf,official_daily_result_pdf
201605040512,2016,東京,4,5,12,2016-10-16,https://www.jra.go.jp/datafile/seiseki/report/2016/2016-4tokyo5.pdf,official_daily_result_pdf
201605040601,2016,東京,4,6,1,2016-10-22,https://www.jra.go.jp/datafile/seiseki/report/2016/2016-4tokyo6.pdf,official_daily_result_pdf
201605040602,2016,東京,4,6,2,2016-10-22,https://www.jra.go.jp/datafile/seiseki/report/2016/2016-4tokyo6.pdf,official_daily_result_pdf
201605040603,2016,東京,4,6,3,2016-10-22,https://www.jra.go.jp/datafile/seiseki/report/2016/2016-4tokyo6.pdf,official_daily_result_pdf
201605040604,2016,東京,4,6,4,2016-10-22,https://www.jra.go.jp/datafile/seiseki/report/2016/2016-4tokyo6.pdf,official_daily_result_pdf
201605040605,2016,東京,4,6,5,2016-10-22,https://www.jra.go.jp/datafile/seiseki/report/2016/2016-4tokyo6.pdf,official_daily_result_pdf
201605040606,2016,東京,4,6,6,2016-10-22,https://www.jra.go.jp/datafile/seiseki/report/2016/2016-4tokyo6.pdf,official_daily_result_pdf
201605040607,2016,東京,4,6,7,2016-10-22,https://www.jra.go.jp/datafile/seiseki/report/2016/2016-4tokyo6.pdf,official_daily_result_pdf
201605040608,2016,東京,4,6,8,2016-10-22,https://www.jra.go.jp/datafile/seiseki/report/2016/2016-4tokyo6.pdf,official_daily_result_pdf
201605040609,2016,東京,4,6,9,2016-10-22,https://www.jra.go.jp/datafile/seiseki/report/2016/2016-4tokyo6.pdf,official_daily_result_pdf
201605040610,2016,東京,4,6,10,2016-10-22,https://www.jra.go.jp/datafile/seiseki/report/2016/2016-4tokyo6.pdf,official_daily_result_pdf
201605040611,2016,東京,4,6,11,2016-10-22,https://www.jra.go.jp/datafile/seiseki/report/2016/2016-4tokyo6.pdf,official_daily_result_pdf
201605040612,2016,東京,4,6,12,2016-10-22,https://www.jra.go.jp/datafile/seiseki/report/2016/2016-4tokyo6.pdf,official_daily_result_pdf
201605040701,2016,東京,4,7,1,2016-10-23,https://www.jra.go.jp/datafile/seiseki/report/2016/2016-4tokyo7.pdf,official_daily_result_pdf
201605040702,2016,東京,4,7,2,2016-10-23,https://www.jra.go.jp/datafile/seiseki/report/2016/2016-4tokyo7.pdf,official_daily_result_pdf
201605040703,2016,東京,4,7,3,2016-10-23,https://www.jra.go.jp/datafile/seiseki/report/2016/2016-4tokyo7.pdf,official_daily_result_pdf
201605040704,2016,東京,4,7,4,2016-10-23,https://www.jra.go.jp/datafile/seiseki/report/2016/2016-4tokyo7.pdf,official_daily_result_pdf
201605040705,2016,東京,4,7,5,2016-10-23,https://www.jra.go.jp/datafile/seiseki/report/2016/2016-4tokyo7.pdf,official_daily_result_pdf
201605040706,2016,東京,4,7,6,2016-10-23,https://www.jra.go.jp/datafile/seiseki/report/2016/2016-4tokyo7.pdf,official_daily_result_pdf
201605040707,2016,東京,4,7,7,2016-10-23,https://www.jra.go.jp/datafile/seiseki/report/2016/2016-4tokyo7.pdf,official_daily_result_pdf
201605040708,2016,東京,4,7,8,2016-10-23,https://www.jra.go.jp/datafile/seiseki/report/2016/2016-4tokyo7.pdf,official_daily_result_pdf
201605040709,2016,東京,4,7,9,2016-10-23,https://www.jra.go.jp/datafile/seiseki/report/2016/2016-4tokyo7.pdf,official_daily_result_pdf
201605040710,2016,東京,4,7,10,2016-10-23,https://www.jra.go.jp/datafile/seiseki/report/2016/2016-4tokyo7.pdf,official_daily_result_pdf
201605040711,2016,東京,4,7,11,2016-10-23,https://www.jra.go.jp/datafile/seiseki/report/2016/2016-4tokyo7.pdf,official_daily_result_pdf
201605040712,2016,東京,4,7,12,2016-10-23,https://www.jra.go.jp/datafile/seiseki/report/2016/2016-4tokyo7.pdf,official_daily_result_pdf
201605040801,2016,東京,4,8,1,2016-10-29,https://www.jra.go.jp/datafile/seiseki/report/2016/2016-4tokyo8.pdf,official_daily_result_pdf
201605040802,2016,東京,4,8,2,2016-10-29,https://www.jra.go.jp/datafile/seiseki/report/2016/2016-4tokyo8.pdf,official_daily_result_pdf
201605040803,2016,東京,4,8,3,2016-10-29,https://www.jra.go.jp/datafile/seiseki/report/2016/2016-4tokyo8.pdf,official_daily_result_pdf
201605040804,2016,東京,4,8,4,2016-10-29,https://www.jra.go.jp/datafile/seiseki/report/2016/2016-4tokyo8.pdf,official_daily_result_pdf
201605040805,2016,東京,4,8,5,2016-10-29,https://www.jra.go.jp/datafile/seiseki/report/2016/2016-4tokyo8.pdf,official_daily_result_pdf
201605040806,2016,東京,4,8,6,2016-10-29,https://www.jra.go.jp/datafile/seiseki/report/2016/2016-4tokyo8.pdf,official_daily_result_pdf
201605040807,2016,東京,4,8,7,2016-10-29,https://www.jra.go.jp/datafile/seiseki/report/2016/2016-4tokyo8.pdf,official_daily_result_pdf
201605040808,2016,東京,4,8,8,2016-10-29,https://www.jra.go.jp/datafile/seiseki/report/2016/2016-4tokyo8.pdf,official_daily_result_pdf
201605040809,2016,東京,4,8,9,2016-10-29,https://www.jra.go.jp/datafile/seiseki/report/2016/2016-4tokyo8.pdf,official_daily_result_pdf
201605040810,2016,東京,4,8,10,2016-10-29,https://www.jra.go.jp/datafile/seiseki/report/2016/2016-4tokyo8.pdf,official_daily_result_pdf
201605040811,2016,東京,4,8,11,2016-10-29,https://www.jra.go.jp/datafile/seiseki/report/2016/2016-4tokyo8.pdf,official_daily_result_pdf
201605040812,2016,東京,4,8,12,2016-10-29,https://www.jra.go.jp/datafile/seiseki/report/2016/2016-4tokyo8.pdf,official_daily_result_pdf
201605040901,2016,東京,4,9,1,2016-10-30,https://www.jra.go.jp/datafile/seiseki/report/2016/2016-4tokyo9.pdf,official_daily_result_pdf
201605040902,2016,東京,4,9,2,2016-10-30,https://www.jra.go.jp/datafile/seiseki/report/2016/2016-4tokyo9.pdf,official_daily_result_pdf
201605040903,2016,東京,4,9,3,2016-10-30,https://www.jra.go.jp/datafile/seiseki/report/2016/2016-4tokyo9.pdf,official_daily_result_pdf
201605040904,2016,東京,4,9,4,2016-10-30,https://www.jra.go.jp/datafile/seiseki/report/2016/2016-4tokyo9.pdf,official_daily_result_pdf
201605040905,2016,東京,4,9,5,2016-10-30,https://www.jra.go.jp/datafile/seiseki/report/2016/2016-4tokyo9.pdf,official_daily_result_pdf
201605040906,2016,東京,4,9,6,2016-10-30,https://www.jra.go.jp/datafile/seiseki/report/2016/2016-4tokyo9.pdf,official_daily_result_pdf
201605040907,2016,東京,4,9,7,2016-10-30,https://www.jra.go.jp/datafile/seiseki/report/2016/2016-4tokyo9.pdf,official_daily_result_pdf
201605040908,2016,東京,4,9,8,2016-10-30,https://www.jra.go.jp/datafile/seiseki/report/2016/2016-4tokyo9.pdf,official_daily_result_pdf
201605040909,2016,東京,4,9,9,2016-10-30,https://www.jra.go.jp/datafile/seiseki/report/2016/2016-4tokyo9.pdf,official_daily_result_pdf
201605040910,2016,東京,4,9,10,2016-10-30,https://www.jra.go.jp/datafile/seiseki/report/2016/2016-4tokyo9.pdf,official_daily_result_pdf
201605040911,2016,東京,4,9,11,2016-10-30,https://www.jra.go.jp/datafile/seiseki/report/2016/2016-4tokyo9.pdf,official_daily_result_pdf
201605040912,2016,東京,4,9,12,2016-10-30,https://www.jra.go.jp/datafile/seiseki/report/2016/2016-4tokyo9.pdf,official_daily_result_pdf
201605050101,2016,東京,5,1,1,2016-11-05,https://www.jra.go.jp/datafile/seiseki/report/2016/2016-5tokyo1.pdf,official_daily_result_pdf
201605050102,2016,東京,5,1,2,2016-11-05,https://www.jra.go.jp/datafile/seiseki/report/2016/2016-5tokyo1.pdf,official_daily_result_pdf
201605050103,2016,東京,5,1,3,2016-11-05,https://www.jra.go.jp/datafile/seiseki/report/2016/2016-5tokyo1.pdf,official_daily_result_pdf
201605050104,2016,東京,5,1,4,2016-11-05,https://www.jra.go.jp/datafile/seiseki/report/2016/2016-5tokyo1.pdf,official_daily_result_pdf
201605050105,2016,東京,5,1,5,2016-11-05,https://www.jra.go.jp/datafile/seiseki/report/2016/2016-5tokyo1.pdf,official_daily_result_pdf
201605050106,2016,東京,5,1,6,2016-11-05,https://www.jra.go.jp/datafile/seiseki/report/2016/2016-5tokyo1.pdf,official_daily_result_pdf
201605050107,2016,東京,5,1,7,2016-11-05,https://www.jra.go.jp/datafile/seiseki/report/2016/2016-5tokyo1.pdf,official_daily_result_pdf
201605050108,2016,東京,5,1,8,2016-11-05,https://www.jra.go.jp/datafile/seiseki/report/2016/2016-5tokyo1.pdf,official_daily_result_pdf
201605050109,2016,東京,5,1,9,2016-11-05,https://www.jra.go.jp/datafile/seiseki/report/2016/2016-5tokyo1.pdf,official_daily_result_pdf
201605050110,2016,東京,5,1,10,2016-11-05,https://www.jra.go.jp/datafile/seiseki/report/2016/2016-5tokyo1.pdf,official_daily_result_pdf
201605050111,2016,東京,5,1,11,2016-11-05,https://www.jra.go.jp/datafile/seiseki/report/2016/2016-5tokyo1.pdf,official_daily_result_pdf
201605050112,2016,東京,5,1,12,2016-11-05,https://www.jra.go.jp/datafile/seiseki/report/2016/2016-5tokyo1.pdf,official_daily_result_pdf
201605050201,2016,東京,5,2,1,2016-11-06,https://www.jra.go.jp/datafile/seiseki/report/2016/2016-5tokyo2.pdf,official_daily_result_pdf
201605050202,2016,東京,5,2,2,2016-11-06,https://www.jra.go.jp/datafile/seiseki/report/2016/2016-5tokyo2.pdf,official_daily_result_pdf
201605050203,2016,東京,5,2,3,2016-11-06,https://www.jra.go.jp/datafile/seiseki/report/2016/2016-5tokyo2.pdf,official_daily_result_pdf
201605050204,2016,東京,5,2,4,2016-11-06,https://www.jra.go.jp/datafile/seiseki/report/2016/2016-5tokyo2.pdf,official_daily_result_pdf
201605050205,2016,東京,5,2,5,2016-11-06,https://www.jra.go.jp/datafile/seiseki/report/2016/2016-5tokyo2.pdf,official_daily_result_pdf
201605050206,2016,東京,5,2,6,2016-11-06,https://www.jra.go.jp/datafile/seiseki/report/2016/2016-5tokyo2.pdf,official_daily_result_pdf
201605050207,2016,東京,5,2,7,2016-11-06,https://www.jra.go.jp/datafile/seiseki/report/2016/2016-5tokyo2.pdf,official_daily_result_pdf
201605050208,2016,東京,5,2,8,2016-11-06,https://www.jra.go.jp/datafile/seiseki/report/2016/2016-5tokyo2.pdf,official_daily_result_pdf
201605050209,2016,東京,5,2,9,2016-11-06,https://www.jra.go.jp/datafile/seiseki/report/2016/2016-5tokyo2.pdf,official_daily_result_pdf
201605050210,2016,東京,5,2,10,2016-11-06,https://www.jra.go.jp/datafile/seiseki/report/2016/2016-5tokyo2.pdf,official_daily_result_pdf
201605050211,2016,東京,5,2,11,2016-11-06,https://www.jra.go.jp/datafile/seiseki/report/2016/2016-5tokyo2.pdf,official_daily_result_pdf
201605050212,2016,東京,5,2,12,2016-11-06,https://www.jra.go.jp/datafile/seiseki/report/2016/2016-5tokyo2.pdf,official_daily_result_pdf
201605050301,2016,東京,5,3,1,2016-11-12,https://www.jra.go.jp/datafile/seiseki/report/2016/2016-5tokyo3.pdf,official_daily_result_pdf
201605050302,2016,東京,5,3,2,2016-11-12,https://www.jra.go.jp/datafile/seiseki/report/2016/2016-5tokyo3.pdf,official_daily_result_pdf
201605050303,2016,東京,5,3,3,2016-11-12,https://www.jra.go.jp/datafile/seiseki/report/2016/2016-5tokyo3.pdf,official_daily_result_pdf
201605050304,2016,東京,5,3,4,2016-11-12,https://www.jra.go.jp/datafile/seiseki/report/2016/2016-5tokyo3.pdf,official_daily_result_pdf
201605050305,2016,東京,5,3,5,2016-11-12,https://www.jra.go.jp/datafile/seiseki/report/2016/2016-5tokyo3.pdf,official_daily_result_pdf
201605050306,2016,東京,5,3,6,2016-11-12,https://www.jra.go.jp/datafile/seiseki/report/2016/2016-5tokyo3.pdf,official_daily_result_pdf
201605050307,2016,東京,5,3,7,2016-11-12,https://www.jra.go.jp/datafile/seiseki/report/2016/2016-5tokyo3.pdf,official_daily_result_pdf
201605050308,2016,東京,5,3,8,2016-11-12,https://www.jra.go.jp/datafile/seiseki/report/2016/2016-5tokyo3.pdf,official_daily_result_pdf
201605050309,2016,東京,5,3,9,2016-11-12,https://www.jra.go.jp/datafile/seiseki/report/2016/2016-5tokyo3.pdf,official_daily_result_pdf
201605050310,2016,東京,5,3,10,2016-11-12,https://www.jra.go.jp/datafile/seiseki/report/2016/2016-5tokyo3.pdf,official_daily_result_pdf
201605050311,2016,東京,5,3,11,2016-11-12,https://www.jra.go.jp/datafile/seiseki/report/2016/2016-5tokyo3.pdf,official_daily_result_pdf
201605050312,2016,東京,5,3,12,2016-11-12,https://www.jra.go.jp/datafile/seiseki/report/2016/2016-5tokyo3.pdf,official_daily_result_pdf
201605050401,2016,東京,5,4,1,2016-11-13,https://www.jra.go.jp/datafile/seiseki/report/2016/2016-5tokyo4.pdf,official_daily_result_pdf
201605050402,2016,東京,5,4,2,2016-11-13,https://www.jra.go.jp/datafile/seiseki/report/2016/2016-5tokyo4.pdf,official_daily_result_pdf
201605050403,2016,東京,5,4,3,2016-11-13,https://www.jra.go.jp/datafile/seiseki/report/2016/2016-5tokyo4.pdf,official_daily_result_pdf
201605050404,2016,東京,5,4,4,2016-11-13,https://www.jra.go.jp/datafile/seiseki/report/2016/2016-5tokyo4.pdf,official_daily_result_pdf
201605050405,2016,東京,5,4,5,2016-11-13,https://www.jra.go.jp/datafile/seiseki/report/2016/2016-5tokyo4.pdf,official_daily_result_pdf
201605050406,2016,東京,5,4,6,2016-11-13,https://www.jra.go.jp/datafile/seiseki/report/2016/2016-5tokyo4.pdf,official_daily_result_pdf
201605050407,2016,東京,5,4,7,2016-11-13,https://www.jra.go.jp/datafile/seiseki/report/2016/2016-5tokyo4.pdf,official_daily_result_pdf
201605050408,2016,東京,5,4,8,2016-11-13,https://www.jra.go.jp/datafile/seiseki/report/2016/2016-5tokyo4.pdf,official_daily_result_pdf
201605050409,2016,東京,5,4,9,2016-11-13,https://www.jra.go.jp/datafile/seiseki/report/2016/2016-5tokyo4.pdf,official_daily_result_pdf
201605050410,2016,東京,5,4,10,2016-11-13,https://www.jra.go.jp/datafile/seiseki/report/2016/2016-5tokyo4.pdf,official_daily_result_pdf
201605050411,2016,東京,5,4,11,2016-11-13,https://www.jra.go.jp/datafile/seiseki/report/2016/2016-5tokyo4.pdf,official_daily_result_pdf
201605050412,2016,東京,5,4,12,2016-11-13,https://www.jra.go.jp/datafile/seiseki/report/2016/2016-5tokyo4.pdf,official_daily_result_pdf
201605050501,2016,東京,5,5,1,2016-11-19,https://www.jra.go.jp/datafile/seiseki/report/2016/2016-5tokyo5.pdf,official_daily_result_pdf
201605050502,2016,東京,5,5,2,2016-11-19,https://www.jra.go.jp/datafile/seiseki/report/2016/2016-5tokyo5.pdf,official_daily_result_pdf
201605050503,2016,東京,5,5,3,2016-11-19,https://www.jra.go.jp/datafile/seiseki/report/2016/2016-5tokyo5.pdf,official_daily_result_pdf
201605050504,2016,東京,5,5,4,2016-11-19,https://www.jra.go.jp/datafile/seiseki/report/2016/2016-5tokyo5.pdf,official_daily_result_pdf
201605050505,2016,東京,5,5,5,2016-11-19,https://www.jra.go.jp/datafile/seiseki/report/2016/2016-5tokyo5.pdf,official_daily_result_pdf
201605050506,2016,東京,5,5,6,2016-11-19,https://www.jra.go.jp/datafile/seiseki/report/2016/2016-5tokyo5.pdf,official_daily_result_pdf
201605050507,2016,東京,5,5,7,2016-11-19,https://www.jra.go.jp/datafile/seiseki/report/2016/2016-5tokyo5.pdf,official_daily_result_pdf
201605050508,2016,東京,5,5,8,2016-11-19,https://www.jra.go.jp/datafile/seiseki/report/2016/2016-5tokyo5.pdf,official_daily_result_pdf
201605050509,2016,東京,5,5,9,2016-11-19,https://www.jra.go.jp/datafile/seiseki/report/2016/2016-5tokyo5.pdf,official_daily_result_pdf
201605050510,2016,東京,5,5,10,2016-11-19,https://www.jra.go.jp/datafile/seiseki/report/2016/2016-5tokyo5.pdf,official_daily_result_pdf
201605050511,2016,東京,5,5,11,2016-11-19,https://www.jra.go.jp/datafile/seiseki/report/2016/2016-5tokyo5.pdf,official_daily_result_pdf
201605050512,2016,東京,5,5,12,2016-11-19,https://www.jra.go.jp/datafile/seiseki/report/2016/2016-5tokyo5.pdf,official_daily_result_pdf
201605050601,2016,東京,5,6,1,2016-11-20,https://www.jra.go.jp/datafile/seiseki/report/2016/2016-5tokyo6.pdf,official_daily_result_pdf
201605050602,2016,東京,5,6,2,2016-11-20,https://www.jra.go.jp/datafile/seiseki/report/2016/2016-5tokyo6.pdf,official_daily_result_pdf
201605050603,2016,東京,5,6,3,2016-11-20,https://www.jra.go.jp/datafile/seiseki/report/2016/2016-5tokyo6.pdf,official_daily_result_pdf
201605050604,2016,東京,5,6,4,2016-11-20,https://www.jra.go.jp/datafile/seiseki/report/2016/2016-5tokyo6.pdf,official_daily_result_pdf
201605050605,2016,東京,5,6,5,2016-11-20,https://www.jra.go.jp/datafile/seiseki/report/2016/2016-5tokyo6.pdf,official_daily_result_pdf
201605050606,2016,東京,5,6,6,2016-11-20,https://www.jra.go.jp/datafile/seiseki/report/2016/2016-5tokyo6.pdf,official_daily_result_pdf
201605050607,2016,東京,5,6,7,2016-11-20,https://www.jra.go.jp/datafile/seiseki/report/2016/2016-5tokyo6.pdf,official_daily_result_pdf
201605050608,2016,東京,5,6,8,2016-11-20,https://www.jra.go.jp/datafile/seiseki/report/2016/2016-5tokyo6.pdf,official_daily_result_pdf
201605050609,2016,東京,5,6,9,2016-11-20,https://www.jra.go.jp/datafile/seiseki/report/2016/2016-5tokyo6.pdf,official_daily_result_pdf
201605050610,2016,東京,5,6,10,2016-11-20,https://www.jra.go.jp/datafile/seiseki/report/2016/2016-5tokyo6.pdf,official_daily_result_pdf
201605050611,2016,東京,5,6,11,2016-11-20,https://www.jra.go.jp/datafile/seiseki/report/2016/2016-5tokyo6.pdf,official_daily_result_pdf
201605050612,2016,東京,5,6,12,2016-11-20,https://www.jra.go.jp/datafile/seiseki/report/2016/2016-5tokyo6.pdf,official_daily_result_pdf
201605050701,2016,東京,5,7,1,2016-11-26,https://www.jra.go.jp/datafile/seiseki/report/2016/2016-5tokyo7.pdf,official_daily_result_pdf
201605050702,2016,東京,5,7,2,2016-11-26,https://www.jra.go.jp/datafile/seiseki/report/2016/2016-5tokyo7.pdf,official_daily_result_pdf
201605050703,2016,東京,5,7,3,2016-11-26,https://www.jra.go.jp/datafile/seiseki/report/2016/2016-5tokyo7.pdf,official_daily_result_pdf
201605050704,2016,東京,5,7,4,2016-11-26,https://www.jra.go.jp/datafile/seiseki/report/2016/2016-5tokyo7.pdf,official_daily_result_pdf
201605050705,2016,東京,5,7,5,2016-11-26,https://www.jra.go.jp/datafile/seiseki/report/2016/2016-5tokyo7.pdf,official_daily_result_pdf
201605050706,2016,東京,5,7,6,2016-11-26,https://www.jra.go.jp/datafile/seiseki/report/2016/2016-5tokyo7.pdf,official_daily_result_pdf
201605050707,2016,東京,5,7,7,2016-11-26,https://www.jra.go.jp/datafile/seiseki/report/2016/2016-5tokyo7.pdf,official_daily_result_pdf
201605050708,2016,東京,5,7,8,2016-11-26,https://www.jra.go.jp/datafile/seiseki/report/2016/2016-5tokyo7.pdf,official_daily_result_pdf
201605050709,2016,東京,5,7,9,2016-11-26,https://www.jra.go.jp/datafile/seiseki/report/2016/2016-5tokyo7.pdf,official_daily_result_pdf
201605050710,2016,東京,5,7,10,2016-11-26,https://www.jra.go.jp/datafile/seiseki/report/2016/2016-5tokyo7.pdf,official_daily_result_pdf
201605050711,2016,東京,5,7,11,2016-11-26,https://www.jra.go.jp/datafile/seiseki/report/2016/2016-5tokyo7.pdf,official_daily_result_pdf
201605050712,2016,東京,5,7,12,2016-11-26,https://www.jra.go.jp/datafile/seiseki/report/2016/2016-5tokyo7.pdf,official_daily_result_pdf
201605050801,2016,東京,5,8,1,2016-11-27,https://www.jra.go.jp/datafile/seiseki/report/2016/2016-5tokyo8.pdf,official_daily_result_pdf
201605050802,2016,東京,5,8,2,2016-11-27,https://www.jra.go.jp/datafile/seiseki/report/2016/2016-5tokyo8.pdf,official_daily_result_pdf
201605050803,2016,東京,5,8,3,2016-11-27,https://www.jra.go.jp/datafile/seiseki/report/2016/2016-5tokyo8.pdf,official_daily_result_pdf
201605050804,2016,東京,5,8,4,2016-11-27,https://www.jra.go.jp/datafile/seiseki/report/2016/2016-5tokyo8.pdf,official_daily_result_pdf
201605050805,2016,東京,5,8,5,2016-11-27,https://www.jra.go.jp/datafile/seiseki/report/2016/2016-5tokyo8.pdf,official_daily_result_pdf
201605050806,2016,東京,5,8,6,2016-11-27,https://www.jra.go.jp/datafile/seiseki/report/2016/2016-5tokyo8.pdf,official_daily_result_pdf
201605050807,2016,東京,5,8,7,2016-11-27,https://www.jra.go.jp/datafile/seiseki/report/2016/2016-5tokyo8.pdf,official_daily_result_pdf
201605050808,2016,東京,5,8,8,2016-11-27,https://www.jra.go.jp/datafile/seiseki/report/2016/2016-5tokyo8.pdf,official_daily_result_pdf
201605050809,2016,東京,5,8,9,2016-11-27,https://www.jra.go.jp/datafile/seiseki/report/2016/2016-5tokyo8.pdf,official_daily_result_pdf
201605050810,2016,東京,5,8,10,2016-11-27,https://www.jra.go.jp/datafile/seiseki/report/2016/2016-5tokyo8.pdf,official_daily_result_pdf
201605050811,2016,東京,5,8,11,2016-11-27,https://www.jra.go.jp/datafile/seiseki/report/2016/2016-5tokyo8.pdf,official_daily_result_pdf
201606010101,2016,中山,1,1,1,2016-01-05,https://www.jra.go.jp/datafile/seiseki/report/2016/2016-1nakayama1.pdf,official_daily_result_pdf
201606010102,2016,中山,1,1,2,2016-01-05,https://www.jra.go.jp/datafile/seiseki/report/2016/2016-1nakayama1.pdf,official_daily_result_pdf
201606010103,2016,中山,1,1,3,2016-01-05,https://www.jra.go.jp/datafile/seiseki/report/2016/2016-1nakayama1.pdf,official_daily_result_pdf
201606010104,2016,中山,1,1,4,2016-01-05,https://www.jra.go.jp/datafile/seiseki/report/2016/2016-1nakayama1.pdf,official_daily_result_pdf
201606010105,2016,中山,1,1,5,2016-01-05,https://www.jra.go.jp/datafile/seiseki/report/2016/2016-1nakayama1.pdf,official_daily_result_pdf
201606010106,2016,中山,1,1,6,2016-01-05,https://www.jra.go.jp/datafile/seiseki/report/2016/2016-1nakayama1.pdf,official_daily_result_pdf
201606010107,2016,中山,1,1,7,2016-01-05,https://www.jra.go.jp/datafile/seiseki/report/2016/2016-1nakayama1.pdf,official_daily_result_pdf
201606010108,2016,中山,1,1,8,2016-01-05,https://www.jra.go.jp/datafile/seiseki/report/2016/2016-1nakayama1.pdf,official_daily_result_pdf
201606010109,2016,中山,1,1,9,2016-01-05,https://www.jra.go.jp/datafile/seiseki/report/2016/2016-1nakayama1.pdf,official_daily_result_pdf
201606010110,2016,中山,1,1,10,2016-01-05,https://www.jra.go.jp/datafile/seiseki/report/2016/2016-1nakayama1.pdf,official_daily_result_pdf
201606010111,2016,中山,1,1,11,2016-01-05,https://www.jra.go.jp/datafile/seiseki/report/2016/2016-1nakayama1.pdf,official_daily_result_pdf
201606010112,2016,中山,1,1,12,2016-01-05,https://www.jra.go.jp/datafile/seiseki/report/2016/2016-1nakayama1.pdf,official_daily_result_pdf
201606010201,2016,中山,1,2,1,2016-01-09,https://www.jra.go.jp/datafile/seiseki/report/2016/2016-1nakayama2.pdf,official_daily_result_pdf
201606010202,2016,中山,1,2,2,2016-01-09,https://www.jra.go.jp/datafile/seiseki/report/2016/2016-1nakayama2.pdf,official_daily_result_pdf
201606010203,2016,中山,1,2,3,2016-01-09,https://www.jra.go.jp/datafile/seiseki/report/2016/2016-1nakayama2.pdf,official_daily_result_pdf
201606010204,2016,中山,1,2,4,2016-01-09,https://www.jra.go.jp/datafile/seiseki/report/2016/2016-1nakayama2.pdf,official_daily_result_pdf
201606010205,2016,中山,1,2,5,2016-01-09,https://www.jra.go.jp/datafile/seiseki/report/2016/2016-1nakayama2.pdf,official_daily_result_pdf
201606010206,2016,中山,1,2,6,2016-01-09,https://www.jra.go.jp/datafile/seiseki/report/2016/2016-1nakayama2.pdf,official_daily_result_pdf
201606010207,2016,中山,1,2,7,2016-01-09,https://www.jra.go.jp/datafile/seiseki/report/2016/2016-1nakayama2.pdf,official_daily_result_pdf
201606010208,2016,中山,1,2,8,2016-01-09,https://www.jra.go.jp/datafile/seiseki/report/2016/2016-1nakayama2.pdf,official_daily_result_pdf
201606010209,2016,中山,1,2,9,2016-01-09,https://www.jra.go.jp/datafile/seiseki/report/2016/2016-1nakayama2.pdf,official_daily_result_pdf
201606010210,2016,中山,1,2,10,2016-01-09,https://www.jra.go.jp/datafile/seiseki/report/2016/2016-1nakayama2.pdf,official_daily_result_pdf
201606010211,2016,中山,1,2,11,2016-01-09,https://www.jra.go.jp/datafile/seiseki/report/2016/2016-1nakayama2.pdf,official_daily_result_pdf
201606010212,2016,中山,1,2,12,2016-01-09,https://www.jra.go.jp/datafile/seiseki/report/2016/2016-1nakayama2.pdf,official_daily_result_pdf
201606010301,2016,中山,1,3,1,2016-01-10,https://www.jra.go.jp/datafile/seiseki/report/2016/2016-1nakayama3.pdf,official_daily_result_pdf
201606010302,2016,中山,1,3,2,2016-01-10,https://www.jra.go.jp/datafile/seiseki/report/2016/2016-1nakayama3.pdf,official_daily_result_pdf
201606010303,2016,中山,1,3,3,2016-01-10,https://www.jra.go.jp/datafile/seiseki/report/2016/2016-1nakayama3.pdf,official_daily_result_pdf
201606010304,2016,中山,1,3,4,2016-01-10,https://www.jra.go.jp/datafile/seiseki/report/2016/2016-1nakayama3.pdf,official_daily_result_pdf
201606010305,2016,中山,1,3,5,2016-01-10,https://www.jra.go.jp/datafile/seiseki/report/2016/2016-1nakayama3.pdf,official_daily_result_pdf
201606010306,2016,中山,1,3,6,2016-01-10,https://www.jra.go.jp/datafile/seiseki/report/2016/2016-1nakayama3.pdf,official_daily_result_pdf
201606010307,2016,中山,1,3,7,2016-01-10,https://www.jra.go.jp/datafile/seiseki/report/2016/2016-1nakayama3.pdf,official_daily_result_pdf
201606010308,2016,中山,1,3,8,2016-01-10,https://www.jra.go.jp/datafile/seiseki/report/2016/2016-1nakayama3.pdf,official_daily_result_pdf
201606010309,2016,中山,1,3,9,2016-01-10,https://www.jra.go.jp/datafile/seiseki/report/2016/2016-1nakayama3.pdf,official_daily_result_pdf
201606010310,2016,中山,1,3,10,2016-01-10,https://www.jra.go.jp/datafile/seiseki/report/2016/2016-1nakayama3.pdf,official_daily_result_pdf
201606010311,2016,中山,1,3,11,2016-01-10,https://www.jra.go.jp/datafile/seiseki/report/2016/2016-1nakayama3.pdf,official_daily_result_pdf
201606010312,2016,中山,1,3,12,2016-01-10,https://www.jra.go.jp/datafile/seiseki/report/2016/2016-1nakayama3.pdf,official_daily_result_pdf
201606010401,2016,中山,1,4,1,2016-01-11,https://www.jra.go.jp/datafile/seiseki/report/2016/2016-1nakayama4.pdf,official_daily_result_pdf
201606010402,2016,中山,1,4,2,2016-01-11,https://www.jra.go.jp/datafile/seiseki/report/2016/2016-1nakayama4.pdf,official_daily_result_pdf
201606010403,2016,中山,1,4,3,2016-01-11,https://www.jra.go.jp/datafile/seiseki/report/2016/2016-1nakayama4.pdf,official_daily_result_pdf
201606010404,2016,中山,1,4,4,2016-01-11,https://www.jra.go.jp/datafile/seiseki/report/2016/2016-1nakayama4.pdf,official_daily_result_pdf
201606010405,2016,中山,1,4,5,2016-01-11,https://www.jra.go.jp/datafile/seiseki/report/2016/2016-1nakayama4.pdf,official_daily_result_pdf
201606010406,2016,中山,1,4,6,2016-01-11,https://www.jra.go.jp/datafile/seiseki/report/2016/2016-1nakayama4.pdf,official_daily_result_pdf
201606010407,2016,中山,1,4,7,2016-01-11,https://www.jra.go.jp/datafile/seiseki/report/2016/2016-1nakayama4.pdf,official_daily_result_pdf
201606010408,2016,中山,1,4,8,2016-01-11,https://www.jra.go.jp/datafile/seiseki/report/2016/2016-1nakayama4.pdf,official_daily_result_pdf
201606010409,2016,中山,1,4,9,2016-01-11,https://www.jra.go.jp/datafile/seiseki/report/2016/2016-1nakayama4.pdf,official_daily_result_pdf
201606010410,2016,中山,1,4,10,2016-01-11,https://www.jra.go.jp/datafile/seiseki/report/2016/2016-1nakayama4.pdf,official_daily_result_pdf
201606010411,2016,中山,1,4,11,2016-01-11,https://www.jra.go.jp/datafile/seiseki/report/2016/2016-1nakayama4.pdf,official_daily_result_pdf
201606010412,2016,中山,1,4,12,2016-01-11,https://www.jra.go.jp/datafile/seiseki/report/2016/2016-1nakayama4.pdf,official_daily_result_pdf
201606010501,2016,中山,1,5,1,2016-01-16,https://www.jra.go.jp/datafile/seiseki/report/2016/2016-1nakayama5.pdf,official_daily_result_pdf
201606010502,2016,中山,1,5,2,2016-01-16,https://www.jra.go.jp/datafile/seiseki/report/2016/2016-1nakayama5.pdf,official_daily_result_pdf
201606010503,2016,中山,1,5,3,2016-01-16,https://www.jra.go.jp/datafile/seiseki/report/2016/2016-1nakayama5.pdf,official_daily_result_pdf
201606010504,2016,中山,1,5,4,2016-01-16,https://www.jra.go.jp/datafile/seiseki/report/2016/2016-1nakayama5.pdf,official_daily_result_pdf
201606010505,2016,中山,1,5,5,2016-01-16,https://www.jra.go.jp/datafile/seiseki/report/2016/2016-1nakayama5.pdf,official_daily_result_pdf
201606010506,2016,中山,1,5,6,2016-01-16,https://www.jra.go.jp/datafile/seiseki/report/2016/2016-1nakayama5.pdf,official_daily_result_pdf
201606010507,2016,中山,1,5,7,2016-01-16,https://www.jra.go.jp/datafile/seiseki/report/2016/2016-1nakayama5.pdf,official_daily_result_pdf
201606010508,2016,中山,1,5,8,2016-01-16,https://www.jra.go.jp/datafile/seiseki/report/2016/2016-1nakayama5.pdf,official_daily_result_pdf
201606010509,2016,中山,1,5,9,2016-01-16,https://www.jra.go.jp/datafile/seiseki/report/2016/2016-1nakayama5.pdf,official_daily_result_pdf
201606010510,2016,中山,1,5,10,2016-01-16,https://www.jra.go.jp/datafile/seiseki/report/2016/2016-1nakayama5.pdf,official_daily_result_pdf
201606010511,2016,中山,1,5,11,2016-01-16,https://www.jra.go.jp/datafile/seiseki/report/2016/2016-1nakayama5.pdf,official_daily_result_pdf
201606010512,2016,中山,1,5,12,2016-01-16,https://www.jra.go.jp/datafile/seiseki/report/2016/2016-1nakayama5.pdf,official_daily_result_pdf
201606010601,2016,中山,1,6,1,2016-01-17,https://www.jra.go.jp/datafile/seiseki/report/2016/2016-1nakayama6.pdf,official_daily_result_pdf
201606010602,2016,中山,1,6,2,2016-01-17,https://www.jra.go.jp/datafile/seiseki/report/2016/2016-1nakayama6.pdf,official_daily_result_pdf
201606010603,2016,中山,1,6,3,2016-01-17,https://www.jra.go.jp/datafile/seiseki/report/2016/2016-1nakayama6.pdf,official_daily_result_pdf
201606010604,2016,中山,1,6,4,2016-01-17,https://www.jra.go.jp/datafile/seiseki/report/2016/2016-1nakayama6.pdf,official_daily_result_pdf
201606010605,2016,中山,1,6,5,2016-01-17,https://www.jra.go.jp/datafile/seiseki/report/2016/2016-1nakayama6.pdf,official_daily_result_pdf
201606010606,2016,中山,1,6,6,2016-01-17,https://www.jra.go.jp/datafile/seiseki/report/2016/2016-1nakayama6.pdf,official_daily_result_pdf
201606010607,2016,中山,1,6,7,2016-01-17,https://www.jra.go.jp/datafile/seiseki/report/2016/2016-1nakayama6.pdf,official_daily_result_pdf
201606010608,2016,中山,1,6,8,2016-01-17,https://www.jra.go.jp/datafile/seiseki/report/2016/2016-1nakayama6.pdf,official_daily_result_pdf
201606010609,2016,中山,1,6,9,2016-01-17,https://www.jra.go.jp/datafile/seiseki/report/2016/2016-1nakayama6.pdf,official_daily_result_pdf
201606010610,2016,中山,1,6,10,2016-01-17,https://www.jra.go.jp/datafile/seiseki/report/2016/2016-1nakayama6.pdf,official_daily_result_pdf
201606010611,2016,中山,1,6,11,2016-01-17,https://www.jra.go.jp/datafile/seiseki/report/2016/2016-1nakayama6.pdf,official_daily_result_pdf
201606010612,2016,中山,1,6,12,2016-01-17,https://www.jra.go.jp/datafile/seiseki/report/2016/2016-1nakayama6.pdf,official_daily_result_pdf
201606010701,2016,中山,1,7,1,2016-01-23,https://www.jra.go.jp/datafile/seiseki/report/2016/2016-1nakayama7.pdf,official_daily_result_pdf
201606010702,2016,中山,1,7,2,2016-01-23,https://www.jra.go.jp/datafile/seiseki/report/2016/2016-1nakayama7.pdf,official_daily_result_pdf
201606010703,2016,中山,1,7,3,2016-01-23,https://www.jra.go.jp/datafile/seiseki/report/2016/2016-1nakayama7.pdf,official_daily_result_pdf
201606010704,2016,中山,1,7,4,2016-01-23,https://www.jra.go.jp/datafile/seiseki/report/2016/2016-1nakayama7.pdf,official_daily_result_pdf
201606010705,2016,中山,1,7,5,2016-01-23,https://www.jra.go.jp/datafile/seiseki/report/2016/2016-1nakayama7.pdf,official_daily_result_pdf
201606010706,2016,中山,1,7,6,2016-01-23,https://www.jra.go.jp/datafile/seiseki/report/2016/2016-1nakayama7.pdf,official_daily_result_pdf
201606010707,2016,中山,1,7,7,2016-01-23,https://www.jra.go.jp/datafile/seiseki/report/2016/2016-1nakayama7.pdf,official_daily_result_pdf
201606010708,2016,中山,1,7,8,2016-01-23,https://www.jra.go.jp/datafile/seiseki/report/2016/2016-1nakayama7.pdf,official_daily_result_pdf
201606010709,2016,中山,1,7,9,2016-01-23,https://www.jra.go.jp/datafile/seiseki/report/2016/2016-1nakayama7.pdf,official_daily_result_pdf
201606010710,2016,中山,1,7,10,2016-01-23,https://www.jra.go.jp/datafile/seiseki/report/2016/2016-1nakayama7.pdf,official_daily_result_pdf
201606010711,2016,中山,1,7,11,2016-01-23,https://www.jra.go.jp/datafile/seiseki/report/2016/2016-1nakayama7.pdf,official_daily_result_pdf
201606010712,2016,中山,1,7,12,2016-01-23,https://www.jra.go.jp/datafile/seiseki/report/2016/2016-1nakayama7.pdf,official_daily_result_pdf
201606010801,2016,中山,1,8,1,2016-01-24,https://www.jra.go.jp/datafile/seiseki/report/2016/2016-1nakayama8.pdf,official_daily_result_pdf
201606010802,2016,中山,1,8,2,2016-01-24,https://www.jra.go.jp/datafile/seiseki/report/2016/2016-1nakayama8.pdf,official_daily_result_pdf
201606010803,2016,中山,1,8,3,2016-01-24,https://www.jra.go.jp/datafile/seiseki/report/2016/2016-1nakayama8.pdf,official_daily_result_pdf
201606010804,2016,中山,1,8,4,2016-01-24,https://www.jra.go.jp/datafile/seiseki/report/2016/2016-1nakayama8.pdf,official_daily_result_pdf
201606010805,2016,中山,1,8,5,2016-01-24,https://www.jra.go.jp/datafile/seiseki/report/2016/2016-1nakayama8.pdf,official_daily_result_pdf
201606010806,2016,中山,1,8,6,2016-01-24,https://www.jra.go.jp/datafile/seiseki/report/2016/2016-1nakayama8.pdf,official_daily_result_pdf
201606010807,2016,中山,1,8,7,2016-01-24,https://www.jra.go.jp/datafile/seiseki/report/2016/2016-1nakayama8.pdf,official_daily_result_pdf
201606010808,2016,中山,1,8,8,2016-01-24,https://www.jra.go.jp/datafile/seiseki/report/2016/2016-1nakayama8.pdf,official_daily_result_pdf
201606010809,2016,中山,1,8,9,2016-01-24,https://www.jra.go.jp/datafile/seiseki/report/2016/2016-1nakayama8.pdf,official_daily_result_pdf
201606010810,2016,中山,1,8,10,2016-01-24,https://www.jra.go.jp/datafile/seiseki/report/2016/2016-1nakayama8.pdf,official_daily_result_pdf
201606010811,2016,中山,1,8,11,2016-01-24,https://www.jra.go.jp/datafile/seiseki/report/2016/2016-1nakayama8.pdf,official_daily_result_pdf
201606010812,2016,中山,1,8,12,2016-01-24,https://www.jra.go.jp/datafile/seiseki/report/2016/2016-1nakayama8.pdf,official_daily_result_pdf
201606020101,2016,中山,2,1,1,2016-02-27,https://www.jra.go.jp/datafile/seiseki/report/2016/2016-2nakayama1.pdf,official_daily_result_pdf
201606020102,2016,中山,2,1,2,2016-02-27,https://www.jra.go.jp/datafile/seiseki/report/2016/2016-2nakayama1.pdf,official_daily_result_pdf
201606020103,2016,中山,2,1,3,2016-02-27,https://www.jra.go.jp/datafile/seiseki/report/2016/2016-2nakayama1.pdf,official_daily_result_pdf
201606020104,2016,中山,2,1,4,2016-02-27,https://www.jra.go.jp/datafile/seiseki/report/2016/2016-2nakayama1.pdf,official_daily_result_pdf
201606020105,2016,中山,2,1,5,2016-02-27,https://www.jra.go.jp/datafile/seiseki/report/2016/2016-2nakayama1.pdf,official_daily_result_pdf
201606020106,2016,中山,2,1,6,2016-02-27,https://www.jra.go.jp/datafile/seiseki/report/2016/2016-2nakayama1.pdf,official_daily_result_pdf
201606020107,2016,中山,2,1,7,2016-02-27,https://www.jra.go.jp/datafile/seiseki/report/2016/2016-2nakayama1.pdf,official_daily_result_pdf
201606020108,2016,中山,2,1,8,2016-02-27,https://www.jra.go.jp/datafile/seiseki/report/2016/2016-2nakayama1.pdf,official_daily_result_pdf
201606020109,2016,中山,2,1,9,2016-02-27,https://www.jra.go.jp/datafile/seiseki/report/2016/2016-2nakayama1.pdf,official_daily_result_pdf
201606020110,2016,中山,2,1,10,2016-02-27,https://www.jra.go.jp/datafile/seiseki/report/2016/2016-2nakayama1.pdf,official_daily_result_pdf
201606020111,2016,中山,2,1,11,2016-02-27,https://www.jra.go.jp/datafile/seiseki/report/2016/2016-2nakayama1.pdf,official_daily_result_pdf
201606020112,2016,中山,2,1,12,2016-02-27,https://www.jra.go.jp/datafile/seiseki/report/2016/2016-2nakayama1.pdf,official_daily_result_pdf
201606020201,2016,中山,2,2,1,2016-02-28,https://www.jra.go.jp/datafile/seiseki/report/2016/2016-2nakayama2.pdf,official_daily_result_pdf
201606020202,2016,中山,2,2,2,2016-02-28,https://www.jra.go.jp/datafile/seiseki/report/2016/2016-2nakayama2.pdf,official_daily_result_pdf
201606020203,2016,中山,2,2,3,2016-02-28,https://www.jra.go.jp/datafile/seiseki/report/2016/2016-2nakayama2.pdf,official_daily_result_pdf
201606020204,2016,中山,2,2,4,2016-02-28,https://www.jra.go.jp/datafile/seiseki/report/2016/2016-2nakayama2.pdf,official_daily_result_pdf
201606020205,2016,中山,2,2,5,2016-02-28,https://www.jra.go.jp/datafile/seiseki/report/2016/2016-2nakayama2.pdf,official_daily_result_pdf
201606020206,2016,中山,2,2,6,2016-02-28,https://www.jra.go.jp/datafile/seiseki/report/2016/2016-2nakayama2.pdf,official_daily_result_pdf
201606020207,2016,中山,2,2,7,2016-02-28,https://www.jra.go.jp/datafile/seiseki/report/2016/2016-2nakayama2.pdf,official_daily_result_pdf
201606020208,2016,中山,2,2,8,2016-02-28,https://www.jra.go.jp/datafile/seiseki/report/2016/2016-2nakayama2.pdf,official_daily_result_pdf
201606020209,2016,中山,2,2,9,2016-02-28,https://www.jra.go.jp/datafile/seiseki/report/2016/2016-2nakayama2.pdf,official_daily_result_pdf
201606020210,2016,中山,2,2,10,2016-02-28,https://www.jra.go.jp/datafile/seiseki/report/2016/2016-2nakayama2.pdf,official_daily_result_pdf
201606020211,2016,中山,2,2,11,2016-02-28,https://www.jra.go.jp/datafile/seiseki/report/2016/2016-2nakayama2.pdf,official_daily_result_pdf
201606020212,2016,中山,2,2,12,2016-02-28,https://www.jra.go.jp/datafile/seiseki/report/2016/2016-2nakayama2.pdf,official_daily_result_pdf
201606020301,2016,中山,2,3,1,2016-03-05,https://www.jra.go.jp/datafile/seiseki/report/2016/2016-2nakayama3.pdf,official_daily_result_pdf
201606020302,2016,中山,2,3,2,2016-03-05,https://www.jra.go.jp/datafile/seiseki/report/2016/2016-2nakayama3.pdf,official_daily_result_pdf
201606020303,2016,中山,2,3,3,2016-03-05,https://www.jra.go.jp/datafile/seiseki/report/2016/2016-2nakayama3.pdf,official_daily_result_pdf
201606020304,2016,中山,2,3,4,2016-03-05,https://www.jra.go.jp/datafile/seiseki/report/2016/2016-2nakayama3.pdf,official_daily_result_pdf
201606020305,2016,中山,2,3,5,2016-03-05,https://www.jra.go.jp/datafile/seiseki/report/2016/2016-2nakayama3.pdf,official_daily_result_pdf
201606020306,2016,中山,2,3,6,2016-03-05,https://www.jra.go.jp/datafile/seiseki/report/2016/2016-2nakayama3.pdf,official_daily_result_pdf
201606020307,2016,中山,2,3,7,2016-03-05,https://www.jra.go.jp/datafile/seiseki/report/2016/2016-2nakayama3.pdf,official_daily_result_pdf
201606020308,2016,中山,2,3,8,2016-03-05,https://www.jra.go.jp/datafile/seiseki/report/2016/2016-2nakayama3.pdf,official_daily_result_pdf
201606020309,2016,中山,2,3,9,2016-03-05,https://www.jra.go.jp/datafile/seiseki/report/2016/2016-2nakayama3.pdf,official_daily_result_pdf
201606020310,2016,中山,2,3,10,2016-03-05,https://www.jra.go.jp/datafile/seiseki/report/2016/2016-2nakayama3.pdf,official_daily_result_pdf
201606020311,2016,中山,2,3,11,2016-03-05,https://www.jra.go.jp/datafile/seiseki/report/2016/2016-2nakayama3.pdf,official_daily_result_pdf
201606020312,2016,中山,2,3,12,2016-03-05,https://www.jra.go.jp/datafile/seiseki/report/2016/2016-2nakayama3.pdf,official_daily_result_pdf
201606020401,2016,中山,2,4,1,2016-03-06,https://www.jra.go.jp/datafile/seiseki/report/2016/2016-2nakayama4.pdf,official_daily_result_pdf
201606020402,2016,中山,2,4,2,2016-03-06,https://www.jra.go.jp/datafile/seiseki/report/2016/2016-2nakayama4.pdf,official_daily_result_pdf
201606020403,2016,中山,2,4,3,2016-03-06,https://www.jra.go.jp/datafile/seiseki/report/2016/2016-2nakayama4.pdf,official_daily_result_pdf
201606020404,2016,中山,2,4,4,2016-03-06,https://www.jra.go.jp/datafile/seiseki/report/2016/2016-2nakayama4.pdf,official_daily_result_pdf
201606020405,2016,中山,2,4,5,2016-03-06,https://www.jra.go.jp/datafile/seiseki/report/2016/2016-2nakayama4.pdf,official_daily_result_pdf
201606020406,2016,中山,2,4,6,2016-03-06,https://www.jra.go.jp/datafile/seiseki/report/2016/2016-2nakayama4.pdf,official_daily_result_pdf
201606020407,2016,中山,2,4,7,2016-03-06,https://www.jra.go.jp/datafile/seiseki/report/2016/2016-2nakayama4.pdf,official_daily_result_pdf
201606020408,2016,中山,2,4,8,2016-03-06,https://www.jra.go.jp/datafile/seiseki/report/2016/2016-2nakayama4.pdf,official_daily_result_pdf
201606020409,2016,中山,2,4,9,2016-03-06,https://www.jra.go.jp/datafile/seiseki/report/2016/2016-2nakayama4.pdf,official_daily_result_pdf
201606020410,2016,中山,2,4,10,2016-03-06,https://www.jra.go.jp/datafile/seiseki/report/2016/2016-2nakayama4.pdf,official_daily_result_pdf
201606020411,2016,中山,2,4,11,2016-03-06,https://www.jra.go.jp/datafile/seiseki/report/2016/2016-2nakayama4.pdf,official_daily_result_pdf
201606020412,2016,中山,2,4,12,2016-03-06,https://www.jra.go.jp/datafile/seiseki/report/2016/2016-2nakayama4.pdf,official_daily_result_pdf
201606020501,2016,中山,2,5,1,2016-03-12,https://www.jra.go.jp/datafile/seiseki/report/2016/2016-2nakayama5.pdf,official_daily_result_pdf
201606020502,2016,中山,2,5,2,2016-03-12,https://www.jra.go.jp/datafile/seiseki/report/2016/2016-2nakayama5.pdf,official_daily_result_pdf
201606020503,2016,中山,2,5,3,2016-03-12,https://www.jra.go.jp/datafile/seiseki/report/2016/2016-2nakayama5.pdf,official_daily_result_pdf
201606020504,2016,中山,2,5,4,2016-03-12,https://www.jra.go.jp/datafile/seiseki/report/2016/2016-2nakayama5.pdf,official_daily_result_pdf
201606020505,2016,中山,2,5,5,2016-03-12,https://www.jra.go.jp/datafile/seiseki/report/2016/2016-2nakayama5.pdf,official_daily_result_pdf
201606020506,2016,中山,2,5,6,2016-03-12,https://www.jra.go.jp/datafile/seiseki/report/2016/2016-2nakayama5.pdf,official_daily_result_pdf
201606020507,2016,中山,2,5,7,2016-03-12,https://www.jra.go.jp/datafile/seiseki/report/2016/2016-2nakayama5.pdf,official_daily_result_pdf
201606020508,2016,中山,2,5,8,2016-03-12,https://www.jra.go.jp/datafile/seiseki/report/2016/2016-2nakayama5.pdf,official_daily_result_pdf
201606020509,2016,中山,2,5,9,2016-03-12,https://www.jra.go.jp/datafile/seiseki/report/2016/2016-2nakayama5.pdf,official_daily_result_pdf
201606020510,2016,中山,2,5,10,2016-03-12,https://www.jra.go.jp/datafile/seiseki/report/2016/2016-2nakayama5.pdf,official_daily_result_pdf
201606020511,2016,中山,2,5,11,2016-03-12,https://www.jra.go.jp/datafile/seiseki/report/2016/2016-2nakayama5.pdf,official_daily_result_pdf
201606020512,2016,中山,2,5,12,2016-03-12,https://www.jra.go.jp/datafile/seiseki/report/2016/2016-2nakayama5.pdf,official_daily_result_pdf
201606020601,2016,中山,2,6,1,2016-03-13,https://www.jra.go.jp/datafile/seiseki/report/2016/2016-2nakayama6.pdf,official_daily_result_pdf
201606020602,2016,中山,2,6,2,2016-03-13,https://www.jra.go.jp/datafile/seiseki/report/2016/2016-2nakayama6.pdf,official_daily_result_pdf
201606020603,2016,中山,2,6,3,2016-03-13,https://www.jra.go.jp/datafile/seiseki/report/2016/2016-2nakayama6.pdf,official_daily_result_pdf
201606020604,2016,中山,2,6,4,2016-03-13,https://www.jra.go.jp/datafile/seiseki/report/2016/2016-2nakayama6.pdf,official_daily_result_pdf
201606020605,2016,中山,2,6,5,2016-03-13,https://www.jra.go.jp/datafile/seiseki/report/2016/2016-2nakayama6.pdf,official_daily_result_pdf
201606020606,2016,中山,2,6,6,2016-03-13,https://www.jra.go.jp/datafile/seiseki/report/2016/2016-2nakayama6.pdf,official_daily_result_pdf
201606020607,2016,中山,2,6,7,2016-03-13,https://www.jra.go.jp/datafile/seiseki/report/2016/2016-2nakayama6.pdf,official_daily_result_pdf
201606020608,2016,中山,2,6,8,2016-03-13,https://www.jra.go.jp/datafile/seiseki/report/2016/2016-2nakayama6.pdf,official_daily_result_pdf
201606020609,2016,中山,2,6,9,2016-03-13,https://www.jra.go.jp/datafile/seiseki/report/2016/2016-2nakayama6.pdf,official_daily_result_pdf
201606020610,2016,中山,2,6,10,2016-03-13,https://www.jra.go.jp/datafile/seiseki/report/2016/2016-2nakayama6.pdf,official_daily_result_pdf
201606020611,2016,中山,2,6,11,2016-03-13,https://www.jra.go.jp/datafile/seiseki/report/2016/2016-2nakayama6.pdf,official_daily_result_pdf
201606020612,2016,中山,2,6,12,2016-03-13,https://www.jra.go.jp/datafile/seiseki/report/2016/2016-2nakayama6.pdf,official_daily_result_pdf
201606020701,2016,中山,2,7,1,2016-03-20,https://www.jra.go.jp/datafile/seiseki/report/2016/2016-2nakayama7.pdf,official_daily_result_pdf
201606020702,2016,中山,2,7,2,2016-03-20,https://www.jra.go.jp/datafile/seiseki/report/2016/2016-2nakayama7.pdf,official_daily_result_pdf
201606020703,2016,中山,2,7,3,2016-03-20,https://www.jra.go.jp/datafile/seiseki/report/2016/2016-2nakayama7.pdf,official_daily_result_pdf
201606020704,2016,中山,2,7,4,2016-03-20,https://www.jra.go.jp/datafile/seiseki/report/2016/2016-2nakayama7.pdf,official_daily_result_pdf
201606020705,2016,中山,2,7,5,2016-03-20,https://www.jra.go.jp/datafile/seiseki/report/2016/2016-2nakayama7.pdf,official_daily_result_pdf
201606020706,2016,中山,2,7,6,2016-03-20,https://www.jra.go.jp/datafile/seiseki/report/2016/2016-2nakayama7.pdf,official_daily_result_pdf
201606020707,2016,中山,2,7,7,2016-03-20,https://www.jra.go.jp/datafile/seiseki/report/2016/2016-2nakayama7.pdf,official_daily_result_pdf
201606020708,2016,中山,2,7,8,2016-03-20,https://www.jra.go.jp/datafile/seiseki/report/2016/2016-2nakayama7.pdf,official_daily_result_pdf
201606020709,2016,中山,2,7,9,2016-03-20,https://www.jra.go.jp/datafile/seiseki/report/2016/2016-2nakayama7.pdf,official_daily_result_pdf
201606020710,2016,中山,2,7,10,2016-03-20,https://www.jra.go.jp/datafile/seiseki/report/2016/2016-2nakayama7.pdf,official_daily_result_pdf
201606020711,2016,中山,2,7,11,2016-03-20,https://www.jra.go.jp/datafile/seiseki/report/2016/2016-2nakayama7.pdf,official_daily_result_pdf
201606020712,2016,中山,2,7,12,2016-03-20,https://www.jra.go.jp/datafile/seiseki/report/2016/2016-2nakayama7.pdf,official_daily_result_pdf
201606020801,2016,中山,2,8,1,2016-03-21,https://www.jra.go.jp/datafile/seiseki/report/2016/2016-2nakayama8.pdf,official_daily_result_pdf
201606020802,2016,中山,2,8,2,2016-03-21,https://www.jra.go.jp/datafile/seiseki/report/2016/2016-2nakayama8.pdf,official_daily_result_pdf
201606020803,2016,中山,2,8,3,2016-03-21,https://www.jra.go.jp/datafile/seiseki/report/2016/2016-2nakayama8.pdf,official_daily_result_pdf
201606020804,2016,中山,2,8,4,2016-03-21,https://www.jra.go.jp/datafile/seiseki/report/2016/2016-2nakayama8.pdf,official_daily_result_pdf
201606020805,2016,中山,2,8,5,2016-03-21,https://www.jra.go.jp/datafile/seiseki/report/2016/2016-2nakayama8.pdf,official_daily_result_pdf
201606020806,2016,中山,2,8,6,2016-03-21,https://www.jra.go.jp/datafile/seiseki/report/2016/2016-2nakayama8.pdf,official_daily_result_pdf
201606020807,2016,中山,2,8,7,2016-03-21,https://www.jra.go.jp/datafile/seiseki/report/2016/2016-2nakayama8.pdf,official_daily_result_pdf
201606020808,2016,中山,2,8,8,2016-03-21,https://www.jra.go.jp/datafile/seiseki/report/2016/2016-2nakayama8.pdf,official_daily_result_pdf
201606020809,2016,中山,2,8,9,2016-03-21,https://www.jra.go.jp/datafile/seiseki/report/2016/2016-2nakayama8.pdf,official_daily_result_pdf
201606020810,2016,中山,2,8,10,2016-03-21,https://www.jra.go.jp/datafile/seiseki/report/2016/2016-2nakayama8.pdf,official_daily_result_pdf
201606020811,2016,中山,2,8,11,2016-03-21,https://www.jra.go.jp/datafile/seiseki/report/2016/2016-2nakayama8.pdf,official_daily_result_pdf
201606020812,2016,中山,2,8,12,2016-03-21,https://www.jra.go.jp/datafile/seiseki/report/2016/2016-2nakayama8.pdf,official_daily_result_pdf
201606030101,2016,中山,3,1,1,2016-03-26,https://www.jra.go.jp/datafile/seiseki/report/2016/2016-3nakayama1.pdf,official_daily_result_pdf
201606030102,2016,中山,3,1,2,2016-03-26,https://www.jra.go.jp/datafile/seiseki/report/2016/2016-3nakayama1.pdf,official_daily_result_pdf
201606030103,2016,中山,3,1,3,2016-03-26,https://www.jra.go.jp/datafile/seiseki/report/2016/2016-3nakayama1.pdf,official_daily_result_pdf
201606030104,2016,中山,3,1,4,2016-03-26,https://www.jra.go.jp/datafile/seiseki/report/2016/2016-3nakayama1.pdf,official_daily_result_pdf
201606030105,2016,中山,3,1,5,2016-03-26,https://www.jra.go.jp/datafile/seiseki/report/2016/2016-3nakayama1.pdf,official_daily_result_pdf
201606030106,2016,中山,3,1,6,2016-03-26,https://www.jra.go.jp/datafile/seiseki/report/2016/2016-3nakayama1.pdf,official_daily_result_pdf
201606030107,2016,中山,3,1,7,2016-03-26,https://www.jra.go.jp/datafile/seiseki/report/2016/2016-3nakayama1.pdf,official_daily_result_pdf
201606030108,2016,中山,3,1,8,2016-03-26,https://www.jra.go.jp/datafile/seiseki/report/2016/2016-3nakayama1.pdf,official_daily_result_pdf
201606030109,2016,中山,3,1,9,2016-03-26,https://www.jra.go.jp/datafile/seiseki/report/2016/2016-3nakayama1.pdf,official_daily_result_pdf
201606030110,2016,中山,3,1,10,2016-03-26,https://www.jra.go.jp/datafile/seiseki/report/2016/2016-3nakayama1.pdf,official_daily_result_pdf
201606030111,2016,中山,3,1,11,2016-03-26,https://www.jra.go.jp/datafile/seiseki/report/2016/2016-3nakayama1.pdf,official_daily_result_pdf
201606030112,2016,中山,3,1,12,2016-03-26,https://www.jra.go.jp/datafile/seiseki/report/2016/2016-3nakayama1.pdf,official_daily_result_pdf
201606030201,2016,中山,3,2,1,2016-03-27,https://www.jra.go.jp/datafile/seiseki/report/2016/2016-3nakayama2.pdf,official_daily_result_pdf
201606030202,2016,中山,3,2,2,2016-03-27,https://www.jra.go.jp/datafile/seiseki/report/2016/2016-3nakayama2.pdf,official_daily_result_pdf
201606030203,2016,中山,3,2,3,2016-03-27,https://www.jra.go.jp/datafile/seiseki/report/2016/2016-3nakayama2.pdf,official_daily_result_pdf
201606030204,2016,中山,3,2,4,2016-03-27,https://www.jra.go.jp/datafile/seiseki/report/2016/2016-3nakayama2.pdf,official_daily_result_pdf
201606030205,2016,中山,3,2,5,2016-03-27,https://www.jra.go.jp/datafile/seiseki/report/2016/2016-3nakayama2.pdf,official_daily_result_pdf
201606030206,2016,中山,3,2,6,2016-03-27,https://www.jra.go.jp/datafile/seiseki/report/2016/2016-3nakayama2.pdf,official_daily_result_pdf
201606030207,2016,中山,3,2,7,2016-03-27,https://www.jra.go.jp/datafile/seiseki/report/2016/2016-3nakayama2.pdf,official_daily_result_pdf
201606030208,2016,中山,3,2,8,2016-03-27,https://www.jra.go.jp/datafile/seiseki/report/2016/2016-3nakayama2.pdf,official_daily_result_pdf
201606030209,2016,中山,3,2,9,2016-03-27,https://www.jra.go.jp/datafile/seiseki/report/2016/2016-3nakayama2.pdf,official_daily_result_pdf
201606030210,2016,中山,3,2,10,2016-03-27,https://www.jra.go.jp/datafile/seiseki/report/2016/2016-3nakayama2.pdf,official_daily_result_pdf
201606030211,2016,中山,3,2,11,2016-03-27,https://www.jra.go.jp/datafile/seiseki/report/2016/2016-3nakayama2.pdf,official_daily_result_pdf
201606030212,2016,中山,3,2,12,2016-03-27,https://www.jra.go.jp/datafile/seiseki/report/2016/2016-3nakayama2.pdf,official_daily_result_pdf
201606030301,2016,中山,3,3,1,2016-04-02,https://www.jra.go.jp/datafile/seiseki/report/2016/2016-3nakayama3.pdf,official_daily_result_pdf
201606030302,2016,中山,3,3,2,2016-04-02,https://www.jra.go.jp/datafile/seiseki/report/2016/2016-3nakayama3.pdf,official_daily_result_pdf
201606030303,2016,中山,3,3,3,2016-04-02,https://www.jra.go.jp/datafile/seiseki/report/2016/2016-3nakayama3.pdf,official_daily_result_pdf
201606030304,2016,中山,3,3,4,2016-04-02,https://www.jra.go.jp/datafile/seiseki/report/2016/2016-3nakayama3.pdf,official_daily_result_pdf
201606030305,2016,中山,3,3,5,2016-04-02,https://www.jra.go.jp/datafile/seiseki/report/2016/2016-3nakayama3.pdf,official_daily_result_pdf
201606030306,2016,中山,3,3,6,2016-04-02,https://www.jra.go.jp/datafile/seiseki/report/2016/2016-3nakayama3.pdf,official_daily_result_pdf
201606030307,2016,中山,3,3,7,2016-04-02,https://www.jra.go.jp/datafile/seiseki/report/2016/2016-3nakayama3.pdf,official_daily_result_pdf
201606030308,2016,中山,3,3,8,2016-04-02,https://www.jra.go.jp/datafile/seiseki/report/2016/2016-3nakayama3.pdf,official_daily_result_pdf
201606030309,2016,中山,3,3,9,2016-04-02,https://www.jra.go.jp/datafile/seiseki/report/2016/2016-3nakayama3.pdf,official_daily_result_pdf
201606030310,2016,中山,3,3,10,2016-04-02,https://www.jra.go.jp/datafile/seiseki/report/2016/2016-3nakayama3.pdf,official_daily_result_pdf
201606030311,2016,中山,3,3,11,2016-04-02,https://www.jra.go.jp/datafile/seiseki/report/2016/2016-3nakayama3.pdf,official_daily_result_pdf
201606030312,2016,中山,3,3,12,2016-04-02,https://www.jra.go.jp/datafile/seiseki/report/2016/2016-3nakayama3.pdf,official_daily_result_pdf
201606030401,2016,中山,3,4,1,2016-04-03,https://www.jra.go.jp/datafile/seiseki/report/2016/2016-3nakayama4.pdf,official_daily_result_pdf
201606030402,2016,中山,3,4,2,2016-04-03,https://www.jra.go.jp/datafile/seiseki/report/2016/2016-3nakayama4.pdf,official_daily_result_pdf
201606030403,2016,中山,3,4,3,2016-04-03,https://www.jra.go.jp/datafile/seiseki/report/2016/2016-3nakayama4.pdf,official_daily_result_pdf
201606030404,2016,中山,3,4,4,2016-04-03,https://www.jra.go.jp/datafile/seiseki/report/2016/2016-3nakayama4.pdf,official_daily_result_pdf
201606030405,2016,中山,3,4,5,2016-04-03,https://www.jra.go.jp/datafile/seiseki/report/2016/2016-3nakayama4.pdf,official_daily_result_pdf
201606030406,2016,中山,3,4,6,2016-04-03,https://www.jra.go.jp/datafile/seiseki/report/2016/2016-3nakayama4.pdf,official_daily_result_pdf
201606030407,2016,中山,3,4,7,2016-04-03,https://www.jra.go.jp/datafile/seiseki/report/2016/2016-3nakayama4.pdf,official_daily_result_pdf
201606030408,2016,中山,3,4,8,2016-04-03,https://www.jra.go.jp/datafile/seiseki/report/2016/2016-3nakayama4.pdf,official_daily_result_pdf
201606030409,2016,中山,3,4,9,2016-04-03,https://www.jra.go.jp/datafile/seiseki/report/2016/2016-3nakayama4.pdf,official_daily_result_pdf
201606030410,2016,中山,3,4,10,2016-04-03,https://www.jra.go.jp/datafile/seiseki/report/2016/2016-3nakayama4.pdf,official_daily_result_pdf
201606030411,2016,中山,3,4,11,2016-04-03,https://www.jra.go.jp/datafile/seiseki/report/2016/2016-3nakayama4.pdf,official_daily_result_pdf
201606030412,2016,中山,3,4,12,2016-04-03,https://www.jra.go.jp/datafile/seiseki/report/2016/2016-3nakayama4.pdf,official_daily_result_pdf
201606030501,2016,中山,3,5,1,2016-04-09,https://www.jra.go.jp/datafile/seiseki/report/2016/2016-3nakayama5.pdf,official_daily_result_pdf
201606030502,2016,中山,3,5,2,2016-04-09,https://www.jra.go.jp/datafile/seiseki/report/2016/2016-3nakayama5.pdf,official_daily_result_pdf
201606030503,2016,中山,3,5,3,2016-04-09,https://www.jra.go.jp/datafile/seiseki/report/2016/2016-3nakayama5.pdf,official_daily_result_pdf
201606030504,2016,中山,3,5,4,2016-04-09,https://www.jra.go.jp/datafile/seiseki/report/2016/2016-3nakayama5.pdf,official_daily_result_pdf
201606030505,2016,中山,3,5,5,2016-04-09,https://www.jra.go.jp/datafile/seiseki/report/2016/2016-3nakayama5.pdf,official_daily_result_pdf
201606030506,2016,中山,3,5,6,2016-04-09,https://www.jra.go.jp/datafile/seiseki/report/2016/2016-3nakayama5.pdf,official_daily_result_pdf
201606030507,2016,中山,3,5,7,2016-04-09,https://www.jra.go.jp/datafile/seiseki/report/2016/2016-3nakayama5.pdf,official_daily_result_pdf
201606030508,2016,中山,3,5,8,2016-04-09,https://www.jra.go.jp/datafile/seiseki/report/2016/2016-3nakayama5.pdf,official_daily_result_pdf
201606030509,2016,中山,3,5,9,2016-04-09,https://www.jra.go.jp/datafile/seiseki/report/2016/2016-3nakayama5.pdf,official_daily_result_pdf
201606030510,2016,中山,3,5,10,2016-04-09,https://www.jra.go.jp/datafile/seiseki/report/2016/2016-3nakayama5.pdf,official_daily_result_pdf
201606030511,2016,中山,3,5,11,2016-04-09,https://www.jra.go.jp/datafile/seiseki/report/2016/2016-3nakayama5.pdf,official_daily_result_pdf
201606030512,2016,中山,3,5,12,2016-04-09,https://www.jra.go.jp/datafile/seiseki/report/2016/2016-3nakayama5.pdf,official_daily_result_pdf
201606030601,2016,中山,3,6,1,2016-04-10,https://www.jra.go.jp/datafile/seiseki/report/2016/2016-3nakayama6.pdf,official_daily_result_pdf
201606030602,2016,中山,3,6,2,2016-04-10,https://www.jra.go.jp/datafile/seiseki/report/2016/2016-3nakayama6.pdf,official_daily_result_pdf
201606030603,2016,中山,3,6,3,2016-04-10,https://www.jra.go.jp/datafile/seiseki/report/2016/2016-3nakayama6.pdf,official_daily_result_pdf
201606030604,2016,中山,3,6,4,2016-04-10,https://www.jra.go.jp/datafile/seiseki/report/2016/2016-3nakayama6.pdf,official_daily_result_pdf
201606030605,2016,中山,3,6,5,2016-04-10,https://www.jra.go.jp/datafile/seiseki/report/2016/2016-3nakayama6.pdf,official_daily_result_pdf
201606030606,2016,中山,3,6,6,2016-04-10,https://www.jra.go.jp/datafile/seiseki/report/2016/2016-3nakayama6.pdf,official_daily_result_pdf
201606030607,2016,中山,3,6,7,2016-04-10,https://www.jra.go.jp/datafile/seiseki/report/2016/2016-3nakayama6.pdf,official_daily_result_pdf
201606030608,2016,中山,3,6,8,2016-04-10,https://www.jra.go.jp/datafile/seiseki/report/2016/2016-3nakayama6.pdf,official_daily_result_pdf
201606030609,2016,中山,3,6,9,2016-04-10,https://www.jra.go.jp/datafile/seiseki/report/2016/2016-3nakayama6.pdf,official_daily_result_pdf
201606030610,2016,中山,3,6,10,2016-04-10,https://www.jra.go.jp/datafile/seiseki/report/2016/2016-3nakayama6.pdf,official_daily_result_pdf
201606030611,2016,中山,3,6,11,2016-04-10,https://www.jra.go.jp/datafile/seiseki/report/2016/2016-3nakayama6.pdf,official_daily_result_pdf
201606030612,2016,中山,3,6,12,2016-04-10,https://www.jra.go.jp/datafile/seiseki/report/2016/2016-3nakayama6.pdf,official_daily_result_pdf
201606030701,2016,中山,3,7,1,2016-04-16,https://www.jra.go.jp/datafile/seiseki/report/2016/2016-3nakayama7.pdf,official_daily_result_pdf
201606030702,2016,中山,3,7,2,2016-04-16,https://www.jra.go.jp/datafile/seiseki/report/2016/2016-3nakayama7.pdf,official_daily_result_pdf
201606030703,2016,中山,3,7,3,2016-04-16,https://www.jra.go.jp/datafile/seiseki/report/2016/2016-3nakayama7.pdf,official_daily_result_pdf
201606030704,2016,中山,3,7,4,2016-04-16,https://www.jra.go.jp/datafile/seiseki/report/2016/2016-3nakayama7.pdf,official_daily_result_pdf
201606030705,2016,中山,3,7,5,2016-04-16,https://www.jra.go.jp/datafile/seiseki/report/2016/2016-3nakayama7.pdf,official_daily_result_pdf
201606030706,2016,中山,3,7,6,2016-04-16,https://www.jra.go.jp/datafile/seiseki/report/2016/2016-3nakayama7.pdf,official_daily_result_pdf
201606030707,2016,中山,3,7,7,2016-04-16,https://www.jra.go.jp/datafile/seiseki/report/2016/2016-3nakayama7.pdf,official_daily_result_pdf
201606030708,2016,中山,3,7,8,2016-04-16,https://www.jra.go.jp/datafile/seiseki/report/2016/2016-3nakayama7.pdf,official_daily_result_pdf
201606030709,2016,中山,3,7,9,2016-04-16,https://www.jra.go.jp/datafile/seiseki/report/2016/2016-3nakayama7.pdf,official_daily_result_pdf
201606030710,2016,中山,3,7,10,2016-04-16,https://www.jra.go.jp/datafile/seiseki/report/2016/2016-3nakayama7.pdf,official_daily_result_pdf
201606030711,2016,中山,3,7,11,2016-04-16,https://www.jra.go.jp/datafile/seiseki/report/2016/2016-3nakayama7.pdf,official_daily_result_pdf
201606030712,2016,中山,3,7,12,2016-04-16,https://www.jra.go.jp/datafile/seiseki/report/2016/2016-3nakayama7.pdf,official_daily_result_pdf
201606030801,2016,中山,3,8,1,2016-04-17,https://www.jra.go.jp/datafile/seiseki/report/2016/2016-3nakayama8.pdf,official_daily_result_pdf
201606030802,2016,中山,3,8,2,2016-04-17,https://www.jra.go.jp/datafile/seiseki/report/2016/2016-3nakayama8.pdf,official_daily_result_pdf
201606030803,2016,中山,3,8,3,2016-04-17,https://www.jra.go.jp/datafile/seiseki/report/2016/2016-3nakayama8.pdf,official_daily_result_pdf
201606030804,2016,中山,3,8,4,2016-04-17,https://www.jra.go.jp/datafile/seiseki/report/2016/2016-3nakayama8.pdf,official_daily_result_pdf
201606030805,2016,中山,3,8,5,2016-04-17,https://www.jra.go.jp/datafile/seiseki/report/2016/2016-3nakayama8.pdf,official_daily_result_pdf
201606030806,2016,中山,3,8,6,2016-04-17,https://www.jra.go.jp/datafile/seiseki/report/2016/2016-3nakayama8.pdf,official_daily_result_pdf
201606030807,2016,中山,3,8,7,2016-04-17,https://www.jra.go.jp/datafile/seiseki/report/2016/2016-3nakayama8.pdf,official_daily_result_pdf
201606030808,2016,中山,3,8,8,2016-04-17,https://www.jra.go.jp/datafile/seiseki/report/2016/2016-3nakayama8.pdf,official_daily_result_pdf
201606030809,2016,中山,3,8,9,2016-04-17,https://www.jra.go.jp/datafile/seiseki/report/2016/2016-3nakayama8.pdf,official_daily_result_pdf
201606030810,2016,中山,3,8,10,2016-04-17,https://www.jra.go.jp/datafile/seiseki/report/2016/2016-3nakayama8.pdf,official_daily_result_pdf
201606030811,2016,中山,3,8,11,2016-04-17,https://www.jra.go.jp/datafile/seiseki/report/2016/2016-3nakayama8.pdf,official_daily_result_pdf
201606030812,2016,中山,3,8,12,2016-04-17,https://www.jra.go.jp/datafile/seiseki/report/2016/2016-3nakayama8.pdf,official_daily_result_pdf
201606040101,2016,中山,4,1,1,2016-09-10,https://www.jra.go.jp/datafile/seiseki/report/2016/2016-4nakayama1.pdf,official_daily_result_pdf
201606040102,2016,中山,4,1,2,2016-09-10,https://www.jra.go.jp/datafile/seiseki/report/2016/2016-4nakayama1.pdf,official_daily_result_pdf
201606040103,2016,中山,4,1,3,2016-09-10,https://www.jra.go.jp/datafile/seiseki/report/2016/2016-4nakayama1.pdf,official_daily_result_pdf
201606040104,2016,中山,4,1,4,2016-09-10,https://www.jra.go.jp/datafile/seiseki/report/2016/2016-4nakayama1.pdf,official_daily_result_pdf
201606040105,2016,中山,4,1,5,2016-09-10,https://www.jra.go.jp/datafile/seiseki/report/2016/2016-4nakayama1.pdf,official_daily_result_pdf
201606040106,2016,中山,4,1,6,2016-09-10,https://www.jra.go.jp/datafile/seiseki/report/2016/2016-4nakayama1.pdf,official_daily_result_pdf
201606040107,2016,中山,4,1,7,2016-09-10,https://www.jra.go.jp/datafile/seiseki/report/2016/2016-4nakayama1.pdf,official_daily_result_pdf
201606040108,2016,中山,4,1,8,2016-09-10,https://www.jra.go.jp/datafile/seiseki/report/2016/2016-4nakayama1.pdf,official_daily_result_pdf
201606040109,2016,中山,4,1,9,2016-09-10,https://www.jra.go.jp/datafile/seiseki/report/2016/2016-4nakayama1.pdf,official_daily_result_pdf
201606040110,2016,中山,4,1,10,2016-09-10,https://www.jra.go.jp/datafile/seiseki/report/2016/2016-4nakayama1.pdf,official_daily_result_pdf
201606040111,2016,中山,4,1,11,2016-09-10,https://www.jra.go.jp/datafile/seiseki/report/2016/2016-4nakayama1.pdf,official_daily_result_pdf
201606040112,2016,中山,4,1,12,2016-09-10,https://www.jra.go.jp/datafile/seiseki/report/2016/2016-4nakayama1.pdf,official_daily_result_pdf
201606040201,2016,中山,4,2,1,2016-09-11,https://www.jra.go.jp/datafile/seiseki/report/2016/2016-4nakayama2.pdf,official_daily_result_pdf
201606040202,2016,中山,4,2,2,2016-09-11,https://www.jra.go.jp/datafile/seiseki/report/2016/2016-4nakayama2.pdf,official_daily_result_pdf
201606040203,2016,中山,4,2,3,2016-09-11,https://www.jra.go.jp/datafile/seiseki/report/2016/2016-4nakayama2.pdf,official_daily_result_pdf
201606040204,2016,中山,4,2,4,2016-09-11,https://www.jra.go.jp/datafile/seiseki/report/2016/2016-4nakayama2.pdf,official_daily_result_pdf
201606040205,2016,中山,4,2,5,2016-09-11,https://www.jra.go.jp/datafile/seiseki/report/2016/2016-4nakayama2.pdf,official_daily_result_pdf
201606040206,2016,中山,4,2,6,2016-09-11,https://www.jra.go.jp/datafile/seiseki/report/2016/2016-4nakayama2.pdf,official_daily_result_pdf
201606040207,2016,中山,4,2,7,2016-09-11,https://www.jra.go.jp/datafile/seiseki/report/2016/2016-4nakayama2.pdf,official_daily_result_pdf
201606040208,2016,中山,4,2,8,2016-09-11,https://www.jra.go.jp/datafile/seiseki/report/2016/2016-4nakayama2.pdf,official_daily_result_pdf
201606040209,2016,中山,4,2,9,2016-09-11,https://www.jra.go.jp/datafile/seiseki/report/2016/2016-4nakayama2.pdf,official_daily_result_pdf
201606040210,2016,中山,4,2,10,2016-09-11,https://www.jra.go.jp/datafile/seiseki/report/2016/2016-4nakayama2.pdf,official_daily_result_pdf
201606040211,2016,中山,4,2,11,2016-09-11,https://www.jra.go.jp/datafile/seiseki/report/2016/2016-4nakayama2.pdf,official_daily_result_pdf
201606040212,2016,中山,4,2,12,2016-09-11,https://www.jra.go.jp/datafile/seiseki/report/2016/2016-4nakayama2.pdf,official_daily_result_pdf
201606040301,2016,中山,4,3,1,2016-09-17,https://www.jra.go.jp/datafile/seiseki/report/2016/2016-4nakayama3.pdf,official_daily_result_pdf
201606040302,2016,中山,4,3,2,2016-09-17,https://www.jra.go.jp/datafile/seiseki/report/2016/2016-4nakayama3.pdf,official_daily_result_pdf
201606040303,2016,中山,4,3,3,2016-09-17,https://www.jra.go.jp/datafile/seiseki/report/2016/2016-4nakayama3.pdf,official_daily_result_pdf
201606040304,2016,中山,4,3,4,2016-09-17,https://www.jra.go.jp/datafile/seiseki/report/2016/2016-4nakayama3.pdf,official_daily_result_pdf
201606040305,2016,中山,4,3,5,2016-09-17,https://www.jra.go.jp/datafile/seiseki/report/2016/2016-4nakayama3.pdf,official_daily_result_pdf
201606040306,2016,中山,4,3,6,2016-09-17,https://www.jra.go.jp/datafile/seiseki/report/2016/2016-4nakayama3.pdf,official_daily_result_pdf
201606040307,2016,中山,4,3,7,2016-09-17,https://www.jra.go.jp/datafile/seiseki/report/2016/2016-4nakayama3.pdf,official_daily_result_pdf
201606040308,2016,中山,4,3,8,2016-09-17,https://www.jra.go.jp/datafile/seiseki/report/2016/2016-4nakayama3.pdf,official_daily_result_pdf
201606040309,2016,中山,4,3,9,2016-09-17,https://www.jra.go.jp/datafile/seiseki/report/2016/2016-4nakayama3.pdf,official_daily_result_pdf
201606040310,2016,中山,4,3,10,2016-09-17,https://www.jra.go.jp/datafile/seiseki/report/2016/2016-4nakayama3.pdf,official_daily_result_pdf
201606040311,2016,中山,4,3,11,2016-09-17,https://www.jra.go.jp/datafile/seiseki/report/2016/2016-4nakayama3.pdf,official_daily_result_pdf
201606040312,2016,中山,4,3,12,2016-09-17,https://www.jra.go.jp/datafile/seiseki/report/2016/2016-4nakayama3.pdf,official_daily_result_pdf
201606040401,2016,中山,4,4,1,2016-09-18,https://www.jra.go.jp/datafile/seiseki/report/2016/2016-4nakayama4.pdf,official_daily_result_pdf
201606040402,2016,中山,4,4,2,2016-09-18,https://www.jra.go.jp/datafile/seiseki/report/2016/2016-4nakayama4.pdf,official_daily_result_pdf
201606040403,2016,中山,4,4,3,2016-09-18,https://www.jra.go.jp/datafile/seiseki/report/2016/2016-4nakayama4.pdf,official_daily_result_pdf
201606040404,2016,中山,4,4,4,2016-09-18,https://www.jra.go.jp/datafile/seiseki/report/2016/2016-4nakayama4.pdf,official_daily_result_pdf
201606040405,2016,中山,4,4,5,2016-09-18,https://www.jra.go.jp/datafile/seiseki/report/2016/2016-4nakayama4.pdf,official_daily_result_pdf
201606040406,2016,中山,4,4,6,2016-09-18,https://www.jra.go.jp/datafile/seiseki/report/2016/2016-4nakayama4.pdf,official_daily_result_pdf
201606040407,2016,中山,4,4,7,2016-09-18,https://www.jra.go.jp/datafile/seiseki/report/2016/2016-4nakayama4.pdf,official_daily_result_pdf
201606040408,2016,中山,4,4,8,2016-09-18,https://www.jra.go.jp/datafile/seiseki/report/2016/2016-4nakayama4.pdf,official_daily_result_pdf
201606040409,2016,中山,4,4,9,2016-09-18,https://www.jra.go.jp/datafile/seiseki/report/2016/2016-4nakayama4.pdf,official_daily_result_pdf
201606040410,2016,中山,4,4,10,2016-09-18,https://www.jra.go.jp/datafile/seiseki/report/2016/2016-4nakayama4.pdf,official_daily_result_pdf
201606040411,2016,中山,4,4,11,2016-09-18,https://www.jra.go.jp/datafile/seiseki/report/2016/2016-4nakayama4.pdf,official_daily_result_pdf
201606040412,2016,中山,4,4,12,2016-09-18,https://www.jra.go.jp/datafile/seiseki/report/2016/2016-4nakayama4.pdf,official_daily_result_pdf
201606040501,2016,中山,4,5,1,2016-09-24,https://www.jra.go.jp/datafile/seiseki/report/2016/2016-4nakayama5.pdf,official_daily_result_pdf
201606040502,2016,中山,4,5,2,2016-09-24,https://www.jra.go.jp/datafile/seiseki/report/2016/2016-4nakayama5.pdf,official_daily_result_pdf
201606040503,2016,中山,4,5,3,2016-09-24,https://www.jra.go.jp/datafile/seiseki/report/2016/2016-4nakayama5.pdf,official_daily_result_pdf
201606040504,2016,中山,4,5,4,2016-09-24,https://www.jra.go.jp/datafile/seiseki/report/2016/2016-4nakayama5.pdf,official_daily_result_pdf
201606040505,2016,中山,4,5,5,2016-09-24,https://www.jra.go.jp/datafile/seiseki/report/2016/2016-4nakayama5.pdf,official_daily_result_pdf
201606040506,2016,中山,4,5,6,2016-09-24,https://www.jra.go.jp/datafile/seiseki/report/2016/2016-4nakayama5.pdf,official_daily_result_pdf
201606040507,2016,中山,4,5,7,2016-09-24,https://www.jra.go.jp/datafile/seiseki/report/2016/2016-4nakayama5.pdf,official_daily_result_pdf
201606040508,2016,中山,4,5,8,2016-09-24,https://www.jra.go.jp/datafile/seiseki/report/2016/2016-4nakayama5.pdf,official_daily_result_pdf
201606040509,2016,中山,4,5,9,2016-09-24,https://www.jra.go.jp/datafile/seiseki/report/2016/2016-4nakayama5.pdf,official_daily_result_pdf
201606040510,2016,中山,4,5,10,2016-09-24,https://www.jra.go.jp/datafile/seiseki/report/2016/2016-4nakayama5.pdf,official_daily_result_pdf
201606040511,2016,中山,4,5,11,2016-09-24,https://www.jra.go.jp/datafile/seiseki/report/2016/2016-4nakayama5.pdf,official_daily_result_pdf
201606040512,2016,中山,4,5,12,2016-09-24,https://www.jra.go.jp/datafile/seiseki/report/2016/2016-4nakayama5.pdf,official_daily_result_pdf
201606040601,2016,中山,4,6,1,2016-09-25,https://www.jra.go.jp/datafile/seiseki/report/2016/2016-4nakayama6.pdf,official_daily_result_pdf
201606040602,2016,中山,4,6,2,2016-09-25,https://www.jra.go.jp/datafile/seiseki/report/2016/2016-4nakayama6.pdf,official_daily_result_pdf
201606040603,2016,中山,4,6,3,2016-09-25,https://www.jra.go.jp/datafile/seiseki/report/2016/2016-4nakayama6.pdf,official_daily_result_pdf
201606040604,2016,中山,4,6,4,2016-09-25,https://www.jra.go.jp/datafile/seiseki/report/2016/2016-4nakayama6.pdf,official_daily_result_pdf
201606040605,2016,中山,4,6,5,2016-09-25,https://www.jra.go.jp/datafile/seiseki/report/2016/2016-4nakayama6.pdf,official_daily_result_pdf
201606040606,2016,中山,4,6,6,2016-09-25,https://www.jra.go.jp/datafile/seiseki/report/2016/2016-4nakayama6.pdf,official_daily_result_pdf
201606040607,2016,中山,4,6,7,2016-09-25,https://www.jra.go.jp/datafile/seiseki/report/2016/2016-4nakayama6.pdf,official_daily_result_pdf
201606040608,2016,中山,4,6,8,2016-09-25,https://www.jra.go.jp/datafile/seiseki/report/2016/2016-4nakayama6.pdf,official_daily_result_pdf
201606040609,2016,中山,4,6,9,2016-09-25,https://www.jra.go.jp/datafile/seiseki/report/2016/2016-4nakayama6.pdf,official_daily_result_pdf
201606040610,2016,中山,4,6,10,2016-09-25,https://www.jra.go.jp/datafile/seiseki/report/2016/2016-4nakayama6.pdf,official_daily_result_pdf
201606040611,2016,中山,4,6,11,2016-09-25,https://www.jra.go.jp/datafile/seiseki/report/2016/2016-4nakayama6.pdf,official_daily_result_pdf
201606040612,2016,中山,4,6,12,2016-09-25,https://www.jra.go.jp/datafile/seiseki/report/2016/2016-4nakayama6.pdf,official_daily_result_pdf
201606040701,2016,中山,4,7,1,2016-10-01,https://www.jra.go.jp/datafile/seiseki/report/2016/2016-4nakayama7.pdf,official_daily_result_pdf
201606040702,2016,中山,4,7,2,2016-10-01,https://www.jra.go.jp/datafile/seiseki/report/2016/2016-4nakayama7.pdf,official_daily_result_pdf
201606040703,2016,中山,4,7,3,2016-10-01,https://www.jra.go.jp/datafile/seiseki/report/2016/2016-4nakayama7.pdf,official_daily_result_pdf
201606040704,2016,中山,4,7,4,2016-10-01,https://www.jra.go.jp/datafile/seiseki/report/2016/2016-4nakayama7.pdf,official_daily_result_pdf
201606040705,2016,中山,4,7,5,2016-10-01,https://www.jra.go.jp/datafile/seiseki/report/2016/2016-4nakayama7.pdf,official_daily_result_pdf
201606040706,2016,中山,4,7,6,2016-10-01,https://www.jra.go.jp/datafile/seiseki/report/2016/2016-4nakayama7.pdf,official_daily_result_pdf
201606040707,2016,中山,4,7,7,2016-10-01,https://www.jra.go.jp/datafile/seiseki/report/2016/2016-4nakayama7.pdf,official_daily_result_pdf
201606040708,2016,中山,4,7,8,2016-10-01,https://www.jra.go.jp/datafile/seiseki/report/2016/2016-4nakayama7.pdf,official_daily_result_pdf
201606040709,2016,中山,4,7,9,2016-10-01,https://www.jra.go.jp/datafile/seiseki/report/2016/2016-4nakayama7.pdf,official_daily_result_pdf
201606040710,2016,中山,4,7,10,2016-10-01,https://www.jra.go.jp/datafile/seiseki/report/2016/2016-4nakayama7.pdf,official_daily_result_pdf
201606040711,2016,中山,4,7,11,2016-10-01,https://www.jra.go.jp/datafile/seiseki/report/2016/2016-4nakayama7.pdf,official_daily_result_pdf
201606040712,2016,中山,4,7,12,2016-10-01,https://www.jra.go.jp/datafile/seiseki/report/2016/2016-4nakayama7.pdf,official_daily_result_pdf
201606040801,2016,中山,4,8,1,2016-10-02,https://www.jra.go.jp/datafile/seiseki/report/2016/2016-4nakayama8.pdf,official_daily_result_pdf
201606040802,2016,中山,4,8,2,2016-10-02,https://www.jra.go.jp/datafile/seiseki/report/2016/2016-4nakayama8.pdf,official_daily_result_pdf
201606040803,2016,中山,4,8,3,2016-10-02,https://www.jra.go.jp/datafile/seiseki/report/2016/2016-4nakayama8.pdf,official_daily_result_pdf
201606040804,2016,中山,4,8,4,2016-10-02,https://www.jra.go.jp/datafile/seiseki/report/2016/2016-4nakayama8.pdf,official_daily_result_pdf
201606040805,2016,中山,4,8,5,2016-10-02,https://www.jra.go.jp/datafile/seiseki/report/2016/2016-4nakayama8.pdf,official_daily_result_pdf
201606040806,2016,中山,4,8,6,2016-10-02,https://www.jra.go.jp/datafile/seiseki/report/2016/2016-4nakayama8.pdf,official_daily_result_pdf
201606040807,2016,中山,4,8,7,2016-10-02,https://www.jra.go.jp/datafile/seiseki/report/2016/2016-4nakayama8.pdf,official_daily_result_pdf
201606040808,2016,中山,4,8,8,2016-10-02,https://www.jra.go.jp/datafile/seiseki/report/2016/2016-4nakayama8.pdf,official_daily_result_pdf
201606040809,2016,中山,4,8,9,2016-10-02,https://www.jra.go.jp/datafile/seiseki/report/2016/2016-4nakayama8.pdf,official_daily_result_pdf
201606040810,2016,中山,4,8,10,2016-10-02,https://www.jra.go.jp/datafile/seiseki/report/2016/2016-4nakayama8.pdf,official_daily_result_pdf
201606040811,2016,中山,4,8,11,2016-10-02,https://www.jra.go.jp/datafile/seiseki/report/2016/2016-4nakayama8.pdf,official_daily_result_pdf
201606040812,2016,中山,4,8,12,2016-10-02,https://www.jra.go.jp/datafile/seiseki/report/2016/2016-4nakayama8.pdf,official_daily_result_pdf
201606050101,2016,中山,5,1,1,2016-12-03,https://www.jra.go.jp/datafile/seiseki/report/2016/2016-5nakayama1.pdf,official_daily_result_pdf
201606050102,2016,中山,5,1,2,2016-12-03,https://www.jra.go.jp/datafile/seiseki/report/2016/2016-5nakayama1.pdf,official_daily_result_pdf
201606050103,2016,中山,5,1,3,2016-12-03,https://www.jra.go.jp/datafile/seiseki/report/2016/2016-5nakayama1.pdf,official_daily_result_pdf
201606050104,2016,中山,5,1,4,2016-12-03,https://www.jra.go.jp/datafile/seiseki/report/2016/2016-5nakayama1.pdf,official_daily_result_pdf
201606050105,2016,中山,5,1,5,2016-12-03,https://www.jra.go.jp/datafile/seiseki/report/2016/2016-5nakayama1.pdf,official_daily_result_pdf
201606050106,2016,中山,5,1,6,2016-12-03,https://www.jra.go.jp/datafile/seiseki/report/2016/2016-5nakayama1.pdf,official_daily_result_pdf
201606050107,2016,中山,5,1,7,2016-12-03,https://www.jra.go.jp/datafile/seiseki/report/2016/2016-5nakayama1.pdf,official_daily_result_pdf
201606050108,2016,中山,5,1,8,2016-12-03,https://www.jra.go.jp/datafile/seiseki/report/2016/2016-5nakayama1.pdf,official_daily_result_pdf
201606050109,2016,中山,5,1,9,2016-12-03,https://www.jra.go.jp/datafile/seiseki/report/2016/2016-5nakayama1.pdf,official_daily_result_pdf
201606050110,2016,中山,5,1,10,2016-12-03,https://www.jra.go.jp/datafile/seiseki/report/2016/2016-5nakayama1.pdf,official_daily_result_pdf
201606050111,2016,中山,5,1,11,2016-12-03,https://www.jra.go.jp/datafile/seiseki/report/2016/2016-5nakayama1.pdf,official_daily_result_pdf
201606050112,2016,中山,5,1,12,2016-12-03,https://www.jra.go.jp/datafile/seiseki/report/2016/2016-5nakayama1.pdf,official_daily_result_pdf
201606050201,2016,中山,5,2,1,2016-12-04,https://www.jra.go.jp/datafile/seiseki/report/2016/2016-5nakayama2.pdf,official_daily_result_pdf
201606050202,2016,中山,5,2,2,2016-12-04,https://www.jra.go.jp/datafile/seiseki/report/2016/2016-5nakayama2.pdf,official_daily_result_pdf
201606050203,2016,中山,5,2,3,2016-12-04,https://www.jra.go.jp/datafile/seiseki/report/2016/2016-5nakayama2.pdf,official_daily_result_pdf
201606050204,2016,中山,5,2,4,2016-12-04,https://www.jra.go.jp/datafile/seiseki/report/2016/2016-5nakayama2.pdf,official_daily_result_pdf
201606050205,2016,中山,5,2,5,2016-12-04,https://www.jra.go.jp/datafile/seiseki/report/2016/2016-5nakayama2.pdf,official_daily_result_pdf
201606050206,2016,中山,5,2,6,2016-12-04,https://www.jra.go.jp/datafile/seiseki/report/2016/2016-5nakayama2.pdf,official_daily_result_pdf
201606050207,2016,中山,5,2,7,2016-12-04,https://www.jra.go.jp/datafile/seiseki/report/2016/2016-5nakayama2.pdf,official_daily_result_pdf
201606050208,2016,中山,5,2,8,2016-12-04,https://www.jra.go.jp/datafile/seiseki/report/2016/2016-5nakayama2.pdf,official_daily_result_pdf
201606050209,2016,中山,5,2,9,2016-12-04,https://www.jra.go.jp/datafile/seiseki/report/2016/2016-5nakayama2.pdf,official_daily_result_pdf
201606050210,2016,中山,5,2,10,2016-12-04,https://www.jra.go.jp/datafile/seiseki/report/2016/2016-5nakayama2.pdf,official_daily_result_pdf
201606050211,2016,中山,5,2,11,2016-12-04,https://www.jra.go.jp/datafile/seiseki/report/2016/2016-5nakayama2.pdf,official_daily_result_pdf
201606050212,2016,中山,5,2,12,2016-12-04,https://www.jra.go.jp/datafile/seiseki/report/2016/2016-5nakayama2.pdf,official_daily_result_pdf
201606050301,2016,中山,5,3,1,2016-12-10,https://www.jra.go.jp/datafile/seiseki/report/2016/2016-5nakayama3.pdf,official_daily_result_pdf
201606050302,2016,中山,5,3,2,2016-12-10,https://www.jra.go.jp/datafile/seiseki/report/2016/2016-5nakayama3.pdf,official_daily_result_pdf
201606050303,2016,中山,5,3,3,2016-12-10,https://www.jra.go.jp/datafile/seiseki/report/2016/2016-5nakayama3.pdf,official_daily_result_pdf
201606050304,2016,中山,5,3,4,2016-12-10,https://www.jra.go.jp/datafile/seiseki/report/2016/2016-5nakayama3.pdf,official_daily_result_pdf
201606050305,2016,中山,5,3,5,2016-12-10,https://www.jra.go.jp/datafile/seiseki/report/2016/2016-5nakayama3.pdf,official_daily_result_pdf
201606050306,2016,中山,5,3,6,2016-12-10,https://www.jra.go.jp/datafile/seiseki/report/2016/2016-5nakayama3.pdf,official_daily_result_pdf
201606050307,2016,中山,5,3,7,2016-12-10,https://www.jra.go.jp/datafile/seiseki/report/2016/2016-5nakayama3.pdf,official_daily_result_pdf
201606050308,2016,中山,5,3,8,2016-12-10,https://www.jra.go.jp/datafile/seiseki/report/2016/2016-5nakayama3.pdf,official_daily_result_pdf
201606050309,2016,中山,5,3,9,2016-12-10,https://www.jra.go.jp/datafile/seiseki/report/2016/2016-5nakayama3.pdf,official_daily_result_pdf
201606050310,2016,中山,5,3,10,2016-12-10,https://www.jra.go.jp/datafile/seiseki/report/2016/2016-5nakayama3.pdf,official_daily_result_pdf
201606050311,2016,中山,5,3,11,2016-12-10,https://www.jra.go.jp/datafile/seiseki/report/2016/2016-5nakayama3.pdf,official_daily_result_pdf
201606050312,2016,中山,5,3,12,2016-12-10,https://www.jra.go.jp/datafile/seiseki/report/2016/2016-5nakayama3.pdf,official_daily_result_pdf
201606050401,2016,中山,5,4,1,2016-12-11,https://www.jra.go.jp/datafile/seiseki/report/2016/2016-5nakayama4.pdf,official_daily_result_pdf
201606050402,2016,中山,5,4,2,2016-12-11,https://www.jra.go.jp/datafile/seiseki/report/2016/2016-5nakayama4.pdf,official_daily_result_pdf
201606050403,2016,中山,5,4,3,2016-12-11,https://www.jra.go.jp/datafile/seiseki/report/2016/2016-5nakayama4.pdf,official_daily_result_pdf
201606050404,2016,中山,5,4,4,2016-12-11,https://www.jra.go.jp/datafile/seiseki/report/2016/2016-5nakayama4.pdf,official_daily_result_pdf
201606050405,2016,中山,5,4,5,2016-12-11,https://www.jra.go.jp/datafile/seiseki/report/2016/2016-5nakayama4.pdf,official_daily_result_pdf
201606050406,2016,中山,5,4,6,2016-12-11,https://www.jra.go.jp/datafile/seiseki/report/2016/2016-5nakayama4.pdf,official_daily_result_pdf
201606050407,2016,中山,5,4,7,2016-12-11,https://www.jra.go.jp/datafile/seiseki/report/2016/2016-5nakayama4.pdf,official_daily_result_pdf
201606050408,2016,中山,5,4,8,2016-12-11,https://www.jra.go.jp/datafile/seiseki/report/2016/2016-5nakayama4.pdf,official_daily_result_pdf
201606050409,2016,中山,5,4,9,2016-12-11,https://www.jra.go.jp/datafile/seiseki/report/2016/2016-5nakayama4.pdf,official_daily_result_pdf
201606050410,2016,中山,5,4,10,2016-12-11,https://www.jra.go.jp/datafile/seiseki/report/2016/2016-5nakayama4.pdf,official_daily_result_pdf
201606050411,2016,中山,5,4,11,2016-12-11,https://www.jra.go.jp/datafile/seiseki/report/2016/2016-5nakayama4.pdf,official_daily_result_pdf
201606050412,2016,中山,5,4,12,2016-12-11,https://www.jra.go.jp/datafile/seiseki/report/2016/2016-5nakayama4.pdf,official_daily_result_pdf
201606050501,2016,中山,5,5,1,2016-12-17,https://www.jra.go.jp/datafile/seiseki/report/2016/2016-5nakayama5.pdf,official_daily_result_pdf
201606050502,2016,中山,5,5,2,2016-12-17,https://www.jra.go.jp/datafile/seiseki/report/2016/2016-5nakayama5.pdf,official_daily_result_pdf
201606050503,2016,中山,5,5,3,2016-12-17,https://www.jra.go.jp/datafile/seiseki/report/2016/2016-5nakayama5.pdf,official_daily_result_pdf
201606050504,2016,中山,5,5,4,2016-12-17,https://www.jra.go.jp/datafile/seiseki/report/2016/2016-5nakayama5.pdf,official_daily_result_pdf
201606050505,2016,中山,5,5,5,2016-12-17,https://www.jra.go.jp/datafile/seiseki/report/2016/2016-5nakayama5.pdf,official_daily_result_pdf
201606050506,2016,中山,5,5,6,2016-12-17,https://www.jra.go.jp/datafile/seiseki/report/2016/2016-5nakayama5.pdf,official_daily_result_pdf
201606050507,2016,中山,5,5,7,2016-12-17,https://www.jra.go.jp/datafile/seiseki/report/2016/2016-5nakayama5.pdf,official_daily_result_pdf
201606050508,2016,中山,5,5,8,2016-12-17,https://www.jra.go.jp/datafile/seiseki/report/2016/2016-5nakayama5.pdf,official_daily_result_pdf
201606050509,2016,中山,5,5,9,2016-12-17,https://www.jra.go.jp/datafile/seiseki/report/2016/2016-5nakayama5.pdf,official_daily_result_pdf
201606050510,2016,中山,5,5,10,2016-12-17,https://www.jra.go.jp/datafile/seiseki/report/2016/2016-5nakayama5.pdf,official_daily_result_pdf
201606050511,2016,中山,5,5,11,2016-12-17,https://www.jra.go.jp/datafile/seiseki/report/2016/2016-5nakayama5.pdf,official_daily_result_pdf
201606050512,2016,中山,5,5,12,2016-12-17,https://www.jra.go.jp/datafile/seiseki/report/2016/2016-5nakayama5.pdf,official_daily_result_pdf
201606050601,2016,中山,5,6,1,2016-12-18,https://www.jra.go.jp/datafile/seiseki/report/2016/2016-5nakayama6.pdf,official_daily_result_pdf
201606050602,2016,中山,5,6,2,2016-12-18,https://www.jra.go.jp/datafile/seiseki/report/2016/2016-5nakayama6.pdf,official_daily_result_pdf
201606050603,2016,中山,5,6,3,2016-12-18,https://www.jra.go.jp/datafile/seiseki/report/2016/2016-5nakayama6.pdf,official_daily_result_pdf
201606050604,2016,中山,5,6,4,2016-12-18,https://www.jra.go.jp/datafile/seiseki/report/2016/2016-5nakayama6.pdf,official_daily_result_pdf
201606050605,2016,中山,5,6,5,2016-12-18,https://www.jra.go.jp/datafile/seiseki/report/2016/2016-5nakayama6.pdf,official_daily_result_pdf
201606050606,2016,中山,5,6,6,2016-12-18,https://www.jra.go.jp/datafile/seiseki/report/2016/2016-5nakayama6.pdf,official_daily_result_pdf
201606050607,2016,中山,5,6,7,2016-12-18,https://www.jra.go.jp/datafile/seiseki/report/2016/2016-5nakayama6.pdf,official_daily_result_pdf
201606050608,2016,中山,5,6,8,2016-12-18,https://www.jra.go.jp/datafile/seiseki/report/2016/2016-5nakayama6.pdf,official_daily_result_pdf
201606050609,2016,中山,5,6,9,2016-12-18,https://www.jra.go.jp/datafile/seiseki/report/2016/2016-5nakayama6.pdf,official_daily_result_pdf
201606050610,2016,中山,5,6,10,2016-12-18,https://www.jra.go.jp/datafile/seiseki/report/2016/2016-5nakayama6.pdf,official_daily_result_pdf
201606050611,2016,中山,5,6,11,2016-12-18,https://www.jra.go.jp/datafile/seiseki/report/2016/2016-5nakayama6.pdf,official_daily_result_pdf
201606050612,2016,中山,5,6,12,2016-12-18,https://www.jra.go.jp/datafile/seiseki/report/2016/2016-5nakayama6.pdf,official_daily_result_pdf
201606050701,2016,中山,5,7,1,2016-12-23,https://www.jra.go.jp/datafile/seiseki/report/2016/2016-5nakayama7.pdf,official_daily_result_pdf
201606050702,2016,中山,5,7,2,2016-12-23,https://www.jra.go.jp/datafile/seiseki/report/2016/2016-5nakayama7.pdf,official_daily_result_pdf
201606050703,2016,中山,5,7,3,2016-12-23,https://www.jra.go.jp/datafile/seiseki/report/2016/2016-5nakayama7.pdf,official_daily_result_pdf
201606050704,2016,中山,5,7,4,2016-12-23,https://www.jra.go.jp/datafile/seiseki/report/2016/2016-5nakayama7.pdf,official_daily_result_pdf
201606050705,2016,中山,5,7,5,2016-12-23,https://www.jra.go.jp/datafile/seiseki/report/2016/2016-5nakayama7.pdf,official_daily_result_pdf
201606050706,2016,中山,5,7,6,2016-12-23,https://www.jra.go.jp/datafile/seiseki/report/2016/2016-5nakayama7.pdf,official_daily_result_pdf
201606050707,2016,中山,5,7,7,2016-12-23,https://www.jra.go.jp/datafile/seiseki/report/2016/2016-5nakayama7.pdf,official_daily_result_pdf
201606050708,2016,中山,5,7,8,2016-12-23,https://www.jra.go.jp/datafile/seiseki/report/2016/2016-5nakayama7.pdf,official_daily_result_pdf
201606050709,2016,中山,5,7,9,2016-12-23,https://www.jra.go.jp/datafile/seiseki/report/2016/2016-5nakayama7.pdf,official_daily_result_pdf
201606050710,2016,中山,5,7,10,2016-12-23,https://www.jra.go.jp/datafile/seiseki/report/2016/2016-5nakayama7.pdf,official_daily_result_pdf
201606050711,2016,中山,5,7,11,2016-12-23,https://www.jra.go.jp/datafile/seiseki/report/2016/2016-5nakayama7.pdf,official_daily_result_pdf
201606050712,2016,中山,5,7,12,2016-12-23,https://www.jra.go.jp/datafile/seiseki/report/2016/2016-5nakayama7.pdf,official_daily_result_pdf
201606050801,2016,中山,5,8,1,2016-12-24,https://www.jra.go.jp/datafile/seiseki/report/2016/2016-5nakayama8.pdf,official_daily_result_pdf
201606050802,2016,中山,5,8,2,2016-12-24,https://www.jra.go.jp/datafile/seiseki/report/2016/2016-5nakayama8.pdf,official_daily_result_pdf
201606050803,2016,中山,5,8,3,2016-12-24,https://www.jra.go.jp/datafile/seiseki/report/2016/2016-5nakayama8.pdf,official_daily_result_pdf
201606050804,2016,中山,5,8,4,2016-12-24,https://www.jra.go.jp/datafile/seiseki/report/2016/2016-5nakayama8.pdf,official_daily_result_pdf
201606050805,2016,中山,5,8,5,2016-12-24,https://www.jra.go.jp/datafile/seiseki/report/2016/2016-5nakayama8.pdf,official_daily_result_pdf
201606050806,2016,中山,5,8,6,2016-12-24,https://www.jra.go.jp/datafile/seiseki/report/2016/2016-5nakayama8.pdf,official_daily_result_pdf
201606050807,2016,中山,5,8,7,2016-12-24,https://www.jra.go.jp/datafile/seiseki/report/2016/2016-5nakayama8.pdf,official_daily_result_pdf
201606050808,2016,中山,5,8,8,2016-12-24,https://www.jra.go.jp/datafile/seiseki/report/2016/2016-5nakayama8.pdf,official_daily_result_pdf
201606050809,2016,中山,5,8,9,2016-12-24,https://www.jra.go.jp/datafile/seiseki/report/2016/2016-5nakayama8.pdf,official_daily_result_pdf
201606050810,2016,中山,5,8,10,2016-12-24,https://www.jra.go.jp/datafile/seiseki/report/2016/2016-5nakayama8.pdf,official_daily_result_pdf
201606050811,2016,中山,5,8,11,2016-12-24,https://www.jra.go.jp/datafile/seiseki/report/2016/2016-5nakayama8.pdf,official_daily_result_pdf
201606050812,2016,中山,5,8,12,2016-12-24,https://www.jra.go.jp/datafile/seiseki/report/2016/2016-5nakayama8.pdf,official_daily_result_pdf
201606050901,2016,中山,5,9,1,2016-12-25,https://www.jra.go.jp/datafile/seiseki/report/2016/2016-5nakayama9.pdf,official_daily_result_pdf
201606050902,2016,中山,5,9,2,2016-12-25,https://www.jra.go.jp/datafile/seiseki/report/2016/2016-5nakayama9.pdf,official_daily_result_pdf
201606050903,2016,中山,5,9,3,2016-12-25,https://www.jra.go.jp/datafile/seiseki/report/2016/2016-5nakayama9.pdf,official_daily_result_pdf
201606050904,2016,中山,5,9,4,2016-12-25,https://www.jra.go.jp/datafile/seiseki/report/2016/2016-5nakayama9.pdf,official_daily_result_pdf
201606050905,2016,中山,5,9,5,2016-12-25,https://www.jra.go.jp/datafile/seiseki/report/2016/2016-5nakayama9.pdf,official_daily_result_pdf
201606050906,2016,中山,5,9,6,2016-12-25,https://www.jra.go.jp/datafile/seiseki/report/2016/2016-5nakayama9.pdf,official_daily_result_pdf
201606050907,2016,中山,5,9,7,2016-12-25,https://www.jra.go.jp/datafile/seiseki/report/2016/2016-5nakayama9.pdf,official_daily_result_pdf
201606050908,2016,中山,5,9,8,2016-12-25,https://www.jra.go.jp/datafile/seiseki/report/2016/2016-5nakayama9.pdf,official_daily_result_pdf
201606050909,2016,中山,5,9,9,2016-12-25,https://www.jra.go.jp/datafile/seiseki/report/2016/2016-5nakayama9.pdf,official_daily_result_pdf
201606050910,2016,中山,5,9,10,2016-12-25,https://www.jra.go.jp/datafile/seiseki/report/2016/2016-5nakayama9.pdf,official_daily_result_pdf
201606050911,2016,中山,5,9,11,2016-12-25,https://www.jra.go.jp/datafile/seiseki/report/2016/2016-5nakayama9.pdf,official_daily_result_pdf
201607010101,2016,中京,1,1,1,2016-01-16,https://www.jra.go.jp/datafile/seiseki/report/2016/2016-1chukyo1.pdf,official_daily_result_pdf
201607010102,2016,中京,1,1,2,2016-01-16,https://www.jra.go.jp/datafile/seiseki/report/2016/2016-1chukyo1.pdf,official_daily_result_pdf
201607010103,2016,中京,1,1,3,2016-01-16,https://www.jra.go.jp/datafile/seiseki/report/2016/2016-1chukyo1.pdf,official_daily_result_pdf
201607010104,2016,中京,1,1,4,2016-01-16,https://www.jra.go.jp/datafile/seiseki/report/2016/2016-1chukyo1.pdf,official_daily_result_pdf
201607010105,2016,中京,1,1,5,2016-01-16,https://www.jra.go.jp/datafile/seiseki/report/2016/2016-1chukyo1.pdf,official_daily_result_pdf
201607010106,2016,中京,1,1,6,2016-01-16,https://www.jra.go.jp/datafile/seiseki/report/2016/2016-1chukyo1.pdf,official_daily_result_pdf
201607010107,2016,中京,1,1,7,2016-01-16,https://www.jra.go.jp/datafile/seiseki/report/2016/2016-1chukyo1.pdf,official_daily_result_pdf
201607010108,2016,中京,1,1,8,2016-01-16,https://www.jra.go.jp/datafile/seiseki/report/2016/2016-1chukyo1.pdf,official_daily_result_pdf
201607010109,2016,中京,1,1,9,2016-01-16,https://www.jra.go.jp/datafile/seiseki/report/2016/2016-1chukyo1.pdf,official_daily_result_pdf
201607010110,2016,中京,1,1,10,2016-01-16,https://www.jra.go.jp/datafile/seiseki/report/2016/2016-1chukyo1.pdf,official_daily_result_pdf
201607010111,2016,中京,1,1,11,2016-01-16,https://www.jra.go.jp/datafile/seiseki/report/2016/2016-1chukyo1.pdf,official_daily_result_pdf
201607010112,2016,中京,1,1,12,2016-01-16,https://www.jra.go.jp/datafile/seiseki/report/2016/2016-1chukyo1.pdf,official_daily_result_pdf
201607010201,2016,中京,1,2,1,2016-01-17,https://www.jra.go.jp/datafile/seiseki/report/2016/2016-1chukyo2.pdf,official_daily_result_pdf
201607010202,2016,中京,1,2,2,2016-01-17,https://www.jra.go.jp/datafile/seiseki/report/2016/2016-1chukyo2.pdf,official_daily_result_pdf
201607010203,2016,中京,1,2,3,2016-01-17,https://www.jra.go.jp/datafile/seiseki/report/2016/2016-1chukyo2.pdf,official_daily_result_pdf
201607010204,2016,中京,1,2,4,2016-01-17,https://www.jra.go.jp/datafile/seiseki/report/2016/2016-1chukyo2.pdf,official_daily_result_pdf
201607010205,2016,中京,1,2,5,2016-01-17,https://www.jra.go.jp/datafile/seiseki/report/2016/2016-1chukyo2.pdf,official_daily_result_pdf
201607010206,2016,中京,1,2,6,2016-01-17,https://www.jra.go.jp/datafile/seiseki/report/2016/2016-1chukyo2.pdf,official_daily_result_pdf
201607010207,2016,中京,1,2,7,2016-01-17,https://www.jra.go.jp/datafile/seiseki/report/2016/2016-1chukyo2.pdf,official_daily_result_pdf
201607010208,2016,中京,1,2,8,2016-01-17,https://www.jra.go.jp/datafile/seiseki/report/2016/2016-1chukyo2.pdf,official_daily_result_pdf
201607010209,2016,中京,1,2,9,2016-01-17,https://www.jra.go.jp/datafile/seiseki/report/2016/2016-1chukyo2.pdf,official_daily_result_pdf
201607010210,2016,中京,1,2,10,2016-01-17,https://www.jra.go.jp/datafile/seiseki/report/2016/2016-1chukyo2.pdf,official_daily_result_pdf
201607010211,2016,中京,1,2,11,2016-01-17,https://www.jra.go.jp/datafile/seiseki/report/2016/2016-1chukyo2.pdf,official_daily_result_pdf
201607010212,2016,中京,1,2,12,2016-01-17,https://www.jra.go.jp/datafile/seiseki/report/2016/2016-1chukyo2.pdf,official_daily_result_pdf
201607010301,2016,中京,1,3,1,2016-01-23,https://www.jra.go.jp/datafile/seiseki/report/2016/2016-1chukyo3.pdf,official_daily_result_pdf
201607010302,2016,中京,1,3,2,2016-01-23,https://www.jra.go.jp/datafile/seiseki/report/2016/2016-1chukyo3.pdf,official_daily_result_pdf
201607010303,2016,中京,1,3,3,2016-01-23,https://www.jra.go.jp/datafile/seiseki/report/2016/2016-1chukyo3.pdf,official_daily_result_pdf
201607010304,2016,中京,1,3,4,2016-01-23,https://www.jra.go.jp/datafile/seiseki/report/2016/2016-1chukyo3.pdf,official_daily_result_pdf
201607010305,2016,中京,1,3,5,2016-01-23,https://www.jra.go.jp/datafile/seiseki/report/2016/2016-1chukyo3.pdf,official_daily_result_pdf
201607010306,2016,中京,1,3,6,2016-01-23,https://www.jra.go.jp/datafile/seiseki/report/2016/2016-1chukyo3.pdf,official_daily_result_pdf
201607010307,2016,中京,1,3,7,2016-01-23,https://www.jra.go.jp/datafile/seiseki/report/2016/2016-1chukyo3.pdf,official_daily_result_pdf
201607010308,2016,中京,1,3,8,2016-01-23,https://www.jra.go.jp/datafile/seiseki/report/2016/2016-1chukyo3.pdf,official_daily_result_pdf
201607010309,2016,中京,1,3,9,2016-01-23,https://www.jra.go.jp/datafile/seiseki/report/2016/2016-1chukyo3.pdf,official_daily_result_pdf
201607010310,2016,中京,1,3,10,2016-01-23,https://www.jra.go.jp/datafile/seiseki/report/2016/2016-1chukyo3.pdf,official_daily_result_pdf
201607010311,2016,中京,1,3,11,2016-01-23,https://www.jra.go.jp/datafile/seiseki/report/2016/2016-1chukyo3.pdf,official_daily_result_pdf
201607010312,2016,中京,1,3,12,2016-01-23,https://www.jra.go.jp/datafile/seiseki/report/2016/2016-1chukyo3.pdf,official_daily_result_pdf
201607010401,2016,中京,1,4,1,2016-01-24,https://www.jra.go.jp/datafile/seiseki/report/2016/2016-1chukyo4.pdf,official_daily_result_pdf
201607010402,2016,中京,1,4,2,2016-01-24,https://www.jra.go.jp/datafile/seiseki/report/2016/2016-1chukyo4.pdf,official_daily_result_pdf
201607010403,2016,中京,1,4,3,2016-01-24,https://www.jra.go.jp/datafile/seiseki/report/2016/2016-1chukyo4.pdf,official_daily_result_pdf
201607010404,2016,中京,1,4,4,2016-01-24,https://www.jra.go.jp/datafile/seiseki/report/2016/2016-1chukyo4.pdf,official_daily_result_pdf
201607010405,2016,中京,1,4,5,2016-01-24,https://www.jra.go.jp/datafile/seiseki/report/2016/2016-1chukyo4.pdf,official_daily_result_pdf
201607010406,2016,中京,1,4,6,2016-01-24,https://www.jra.go.jp/datafile/seiseki/report/2016/2016-1chukyo4.pdf,official_daily_result_pdf
201607010407,2016,中京,1,4,7,2016-01-24,https://www.jra.go.jp/datafile/seiseki/report/2016/2016-1chukyo4.pdf,official_daily_result_pdf
201607010408,2016,中京,1,4,8,2016-01-24,https://www.jra.go.jp/datafile/seiseki/report/2016/2016-1chukyo4.pdf,official_daily_result_pdf
201607010409,2016,中京,1,4,9,2016-01-24,https://www.jra.go.jp/datafile/seiseki/report/2016/2016-1chukyo4.pdf,official_daily_result_pdf
201607010410,2016,中京,1,4,10,2016-01-24,https://www.jra.go.jp/datafile/seiseki/report/2016/2016-1chukyo4.pdf,official_daily_result_pdf
201607010411,2016,中京,1,4,11,2016-01-24,https://www.jra.go.jp/datafile/seiseki/report/2016/2016-1chukyo4.pdf,official_daily_result_pdf
201607010412,2016,中京,1,4,12,2016-01-24,https://www.jra.go.jp/datafile/seiseki/report/2016/2016-1chukyo4.pdf,official_daily_result_pdf
201607010501,2016,中京,1,5,1,2016-01-30,https://www.jra.go.jp/datafile/seiseki/report/2016/2016-1chukyo5.pdf,official_daily_result_pdf
201607010502,2016,中京,1,5,2,2016-01-30,https://www.jra.go.jp/datafile/seiseki/report/2016/2016-1chukyo5.pdf,official_daily_result_pdf
201607010503,2016,中京,1,5,3,2016-01-30,https://www.jra.go.jp/datafile/seiseki/report/2016/2016-1chukyo5.pdf,official_daily_result_pdf
201607010504,2016,中京,1,5,4,2016-01-30,https://www.jra.go.jp/datafile/seiseki/report/2016/2016-1chukyo5.pdf,official_daily_result_pdf
201607010505,2016,中京,1,5,5,2016-01-30,https://www.jra.go.jp/datafile/seiseki/report/2016/2016-1chukyo5.pdf,official_daily_result_pdf
201607010506,2016,中京,1,5,6,2016-01-30,https://www.jra.go.jp/datafile/seiseki/report/2016/2016-1chukyo5.pdf,official_daily_result_pdf
201607010507,2016,中京,1,5,7,2016-01-30,https://www.jra.go.jp/datafile/seiseki/report/2016/2016-1chukyo5.pdf,official_daily_result_pdf
201607010508,2016,中京,1,5,8,2016-01-30,https://www.jra.go.jp/datafile/seiseki/report/2016/2016-1chukyo5.pdf,official_daily_result_pdf
201607010509,2016,中京,1,5,9,2016-01-30,https://www.jra.go.jp/datafile/seiseki/report/2016/2016-1chukyo5.pdf,official_daily_result_pdf
201607010510,2016,中京,1,5,10,2016-01-30,https://www.jra.go.jp/datafile/seiseki/report/2016/2016-1chukyo5.pdf,official_daily_result_pdf
201607010511,2016,中京,1,5,11,2016-01-30,https://www.jra.go.jp/datafile/seiseki/report/2016/2016-1chukyo5.pdf,official_daily_result_pdf
201607010512,2016,中京,1,5,12,2016-01-30,https://www.jra.go.jp/datafile/seiseki/report/2016/2016-1chukyo5.pdf,official_daily_result_pdf
201607010601,2016,中京,1,6,1,2016-01-31,https://www.jra.go.jp/datafile/seiseki/report/2016/2016-1chukyo6.pdf,official_daily_result_pdf
201607010602,2016,中京,1,6,2,2016-01-31,https://www.jra.go.jp/datafile/seiseki/report/2016/2016-1chukyo6.pdf,official_daily_result_pdf
201607010603,2016,中京,1,6,3,2016-01-31,https://www.jra.go.jp/datafile/seiseki/report/2016/2016-1chukyo6.pdf,official_daily_result_pdf
201607010604,2016,中京,1,6,4,2016-01-31,https://www.jra.go.jp/datafile/seiseki/report/2016/2016-1chukyo6.pdf,official_daily_result_pdf
201607010605,2016,中京,1,6,5,2016-01-31,https://www.jra.go.jp/datafile/seiseki/report/2016/2016-1chukyo6.pdf,official_daily_result_pdf
201607010606,2016,中京,1,6,6,2016-01-31,https://www.jra.go.jp/datafile/seiseki/report/2016/2016-1chukyo6.pdf,official_daily_result_pdf
201607010607,2016,中京,1,6,7,2016-01-31,https://www.jra.go.jp/datafile/seiseki/report/2016/2016-1chukyo6.pdf,official_daily_result_pdf
201607010608,2016,中京,1,6,8,2016-01-31,https://www.jra.go.jp/datafile/seiseki/report/2016/2016-1chukyo6.pdf,official_daily_result_pdf
201607010609,2016,中京,1,6,9,2016-01-31,https://www.jra.go.jp/datafile/seiseki/report/2016/2016-1chukyo6.pdf,official_daily_result_pdf
201607010610,2016,中京,1,6,10,2016-01-31,https://www.jra.go.jp/datafile/seiseki/report/2016/2016-1chukyo6.pdf,official_daily_result_pdf
201607010611,2016,中京,1,6,11,2016-01-31,https://www.jra.go.jp/datafile/seiseki/report/2016/2016-1chukyo6.pdf,official_daily_result_pdf
201607010612,2016,中京,1,6,12,2016-01-31,https://www.jra.go.jp/datafile/seiseki/report/2016/2016-1chukyo6.pdf,official_daily_result_pdf
201607020101,2016,中京,2,1,1,2016-03-12,https://www.jra.go.jp/datafile/seiseki/report/2016/2016-2chukyo1.pdf,official_daily_result_pdf
201607020102,2016,中京,2,1,2,2016-03-12,https://www.jra.go.jp/datafile/seiseki/report/2016/2016-2chukyo1.pdf,official_daily_result_pdf
201607020103,2016,中京,2,1,3,2016-03-12,https://www.jra.go.jp/datafile/seiseki/report/2016/2016-2chukyo1.pdf,official_daily_result_pdf
201607020104,2016,中京,2,1,4,2016-03-12,https://www.jra.go.jp/datafile/seiseki/report/2016/2016-2chukyo1.pdf,official_daily_result_pdf
201607020105,2016,中京,2,1,5,2016-03-12,https://www.jra.go.jp/datafile/seiseki/report/2016/2016-2chukyo1.pdf,official_daily_result_pdf
201607020106,2016,中京,2,1,6,2016-03-12,https://www.jra.go.jp/datafile/seiseki/report/2016/2016-2chukyo1.pdf,official_daily_result_pdf
201607020107,2016,中京,2,1,7,2016-03-12,https://www.jra.go.jp/datafile/seiseki/report/2016/2016-2chukyo1.pdf,official_daily_result_pdf
201607020108,2016,中京,2,1,8,2016-03-12,https://www.jra.go.jp/datafile/seiseki/report/2016/2016-2chukyo1.pdf,official_daily_result_pdf
201607020109,2016,中京,2,1,9,2016-03-12,https://www.jra.go.jp/datafile/seiseki/report/2016/2016-2chukyo1.pdf,official_daily_result_pdf
201607020110,2016,中京,2,1,10,2016-03-12,https://www.jra.go.jp/datafile/seiseki/report/2016/2016-2chukyo1.pdf,official_daily_result_pdf
201607020111,2016,中京,2,1,11,2016-03-12,https://www.jra.go.jp/datafile/seiseki/report/2016/2016-2chukyo1.pdf,official_daily_result_pdf
201607020112,2016,中京,2,1,12,2016-03-12,https://www.jra.go.jp/datafile/seiseki/report/2016/2016-2chukyo1.pdf,official_daily_result_pdf
201607020201,2016,中京,2,2,1,2016-03-13,https://www.jra.go.jp/datafile/seiseki/report/2016/2016-2chukyo2.pdf,official_daily_result_pdf
201607020202,2016,中京,2,2,2,2016-03-13,https://www.jra.go.jp/datafile/seiseki/report/2016/2016-2chukyo2.pdf,official_daily_result_pdf
201607020203,2016,中京,2,2,3,2016-03-13,https://www.jra.go.jp/datafile/seiseki/report/2016/2016-2chukyo2.pdf,official_daily_result_pdf
201607020204,2016,中京,2,2,4,2016-03-13,https://www.jra.go.jp/datafile/seiseki/report/2016/2016-2chukyo2.pdf,official_daily_result_pdf
201607020205,2016,中京,2,2,5,2016-03-13,https://www.jra.go.jp/datafile/seiseki/report/2016/2016-2chukyo2.pdf,official_daily_result_pdf
201607020206,2016,中京,2,2,6,2016-03-13,https://www.jra.go.jp/datafile/seiseki/report/2016/2016-2chukyo2.pdf,official_daily_result_pdf
201607020207,2016,中京,2,2,7,2016-03-13,https://www.jra.go.jp/datafile/seiseki/report/2016/2016-2chukyo2.pdf,official_daily_result_pdf
201607020208,2016,中京,2,2,8,2016-03-13,https://www.jra.go.jp/datafile/seiseki/report/2016/2016-2chukyo2.pdf,official_daily_result_pdf
201607020209,2016,中京,2,2,9,2016-03-13,https://www.jra.go.jp/datafile/seiseki/report/2016/2016-2chukyo2.pdf,official_daily_result_pdf
201607020210,2016,中京,2,2,10,2016-03-13,https://www.jra.go.jp/datafile/seiseki/report/2016/2016-2chukyo2.pdf,official_daily_result_pdf
201607020211,2016,中京,2,2,11,2016-03-13,https://www.jra.go.jp/datafile/seiseki/report/2016/2016-2chukyo2.pdf,official_daily_result_pdf
201607020212,2016,中京,2,2,12,2016-03-13,https://www.jra.go.jp/datafile/seiseki/report/2016/2016-2chukyo2.pdf,official_daily_result_pdf
201607020301,2016,中京,2,3,1,2016-03-19,https://www.jra.go.jp/datafile/seiseki/report/2016/2016-2chukyo3.pdf,official_daily_result_pdf
201607020302,2016,中京,2,3,2,2016-03-19,https://www.jra.go.jp/datafile/seiseki/report/2016/2016-2chukyo3.pdf,official_daily_result_pdf
201607020303,2016,中京,2,3,3,2016-03-19,https://www.jra.go.jp/datafile/seiseki/report/2016/2016-2chukyo3.pdf,official_daily_result_pdf
201607020304,2016,中京,2,3,4,2016-03-19,https://www.jra.go.jp/datafile/seiseki/report/2016/2016-2chukyo3.pdf,official_daily_result_pdf
201607020305,2016,中京,2,3,5,2016-03-19,https://www.jra.go.jp/datafile/seiseki/report/2016/2016-2chukyo3.pdf,official_daily_result_pdf
201607020306,2016,中京,2,3,6,2016-03-19,https://www.jra.go.jp/datafile/seiseki/report/2016/2016-2chukyo3.pdf,official_daily_result_pdf
201607020307,2016,中京,2,3,7,2016-03-19,https://www.jra.go.jp/datafile/seiseki/report/2016/2016-2chukyo3.pdf,official_daily_result_pdf
201607020308,2016,中京,2,3,8,2016-03-19,https://www.jra.go.jp/datafile/seiseki/report/2016/2016-2chukyo3.pdf,official_daily_result_pdf
201607020309,2016,中京,2,3,9,2016-03-19,https://www.jra.go.jp/datafile/seiseki/report/2016/2016-2chukyo3.pdf,official_daily_result_pdf
201607020310,2016,中京,2,3,10,2016-03-19,https://www.jra.go.jp/datafile/seiseki/report/2016/2016-2chukyo3.pdf,official_daily_result_pdf
201607020311,2016,中京,2,3,11,2016-03-19,https://www.jra.go.jp/datafile/seiseki/report/2016/2016-2chukyo3.pdf,official_daily_result_pdf
201607020312,2016,中京,2,3,12,2016-03-19,https://www.jra.go.jp/datafile/seiseki/report/2016/2016-2chukyo3.pdf,official_daily_result_pdf
201607020401,2016,中京,2,4,1,2016-03-21,https://www.jra.go.jp/datafile/seiseki/report/2016/2016-2chukyo4.pdf,official_daily_result_pdf
201607020402,2016,中京,2,4,2,2016-03-21,https://www.jra.go.jp/datafile/seiseki/report/2016/2016-2chukyo4.pdf,official_daily_result_pdf
201607020403,2016,中京,2,4,3,2016-03-21,https://www.jra.go.jp/datafile/seiseki/report/2016/2016-2chukyo4.pdf,official_daily_result_pdf
201607020404,2016,中京,2,4,4,2016-03-21,https://www.jra.go.jp/datafile/seiseki/report/2016/2016-2chukyo4.pdf,official_daily_result_pdf
201607020405,2016,中京,2,4,5,2016-03-21,https://www.jra.go.jp/datafile/seiseki/report/2016/2016-2chukyo4.pdf,official_daily_result_pdf
201607020406,2016,中京,2,4,6,2016-03-21,https://www.jra.go.jp/datafile/seiseki/report/2016/2016-2chukyo4.pdf,official_daily_result_pdf
201607020407,2016,中京,2,4,7,2016-03-21,https://www.jra.go.jp/datafile/seiseki/report/2016/2016-2chukyo4.pdf,official_daily_result_pdf
201607020408,2016,中京,2,4,8,2016-03-21,https://www.jra.go.jp/datafile/seiseki/report/2016/2016-2chukyo4.pdf,official_daily_result_pdf
201607020409,2016,中京,2,4,9,2016-03-21,https://www.jra.go.jp/datafile/seiseki/report/2016/2016-2chukyo4.pdf,official_daily_result_pdf
201607020410,2016,中京,2,4,10,2016-03-21,https://www.jra.go.jp/datafile/seiseki/report/2016/2016-2chukyo4.pdf,official_daily_result_pdf
201607020411,2016,中京,2,4,11,2016-03-21,https://www.jra.go.jp/datafile/seiseki/report/2016/2016-2chukyo4.pdf,official_daily_result_pdf
201607020412,2016,中京,2,4,12,2016-03-21,https://www.jra.go.jp/datafile/seiseki/report/2016/2016-2chukyo4.pdf,official_daily_result_pdf
201607020501,2016,中京,2,5,1,2016-03-26,https://www.jra.go.jp/datafile/seiseki/report/2016/2016-2chukyo5.pdf,official_daily_result_pdf
201607020502,2016,中京,2,5,2,2016-03-26,https://www.jra.go.jp/datafile/seiseki/report/2016/2016-2chukyo5.pdf,official_daily_result_pdf
201607020503,2016,中京,2,5,3,2016-03-26,https://www.jra.go.jp/datafile/seiseki/report/2016/2016-2chukyo5.pdf,official_daily_result_pdf
201607020504,2016,中京,2,5,4,2016-03-26,https://www.jra.go.jp/datafile/seiseki/report/2016/2016-2chukyo5.pdf,official_daily_result_pdf
201607020505,2016,中京,2,5,5,2016-03-26,https://www.jra.go.jp/datafile/seiseki/report/2016/2016-2chukyo5.pdf,official_daily_result_pdf
201607020506,2016,中京,2,5,6,2016-03-26,https://www.jra.go.jp/datafile/seiseki/report/2016/2016-2chukyo5.pdf,official_daily_result_pdf
201607020507,2016,中京,2,5,7,2016-03-26,https://www.jra.go.jp/datafile/seiseki/report/2016/2016-2chukyo5.pdf,official_daily_result_pdf
201607020508,2016,中京,2,5,8,2016-03-26,https://www.jra.go.jp/datafile/seiseki/report/2016/2016-2chukyo5.pdf,official_daily_result_pdf
201607020509,2016,中京,2,5,9,2016-03-26,https://www.jra.go.jp/datafile/seiseki/report/2016/2016-2chukyo5.pdf,official_daily_result_pdf
201607020510,2016,中京,2,5,10,2016-03-26,https://www.jra.go.jp/datafile/seiseki/report/2016/2016-2chukyo5.pdf,official_daily_result_pdf
201607020511,2016,中京,2,5,11,2016-03-26,https://www.jra.go.jp/datafile/seiseki/report/2016/2016-2chukyo5.pdf,official_daily_result_pdf
201607020512,2016,中京,2,5,12,2016-03-26,https://www.jra.go.jp/datafile/seiseki/report/2016/2016-2chukyo5.pdf,official_daily_result_pdf
201607020601,2016,中京,2,6,1,2016-03-27,https://www.jra.go.jp/datafile/seiseki/report/2016/2016-2chukyo6.pdf,official_daily_result_pdf
201607020602,2016,中京,2,6,2,2016-03-27,https://www.jra.go.jp/datafile/seiseki/report/2016/2016-2chukyo6.pdf,official_daily_result_pdf
201607020603,2016,中京,2,6,3,2016-03-27,https://www.jra.go.jp/datafile/seiseki/report/2016/2016-2chukyo6.pdf,official_daily_result_pdf
201607020604,2016,中京,2,6,4,2016-03-27,https://www.jra.go.jp/datafile/seiseki/report/2016/2016-2chukyo6.pdf,official_daily_result_pdf
201607020605,2016,中京,2,6,5,2016-03-27,https://www.jra.go.jp/datafile/seiseki/report/2016/2016-2chukyo6.pdf,official_daily_result_pdf
201607020606,2016,中京,2,6,6,2016-03-27,https://www.jra.go.jp/datafile/seiseki/report/2016/2016-2chukyo6.pdf,official_daily_result_pdf
201607020607,2016,中京,2,6,7,2016-03-27,https://www.jra.go.jp/datafile/seiseki/report/2016/2016-2chukyo6.pdf,official_daily_result_pdf
201607020608,2016,中京,2,6,8,2016-03-27,https://www.jra.go.jp/datafile/seiseki/report/2016/2016-2chukyo6.pdf,official_daily_result_pdf
201607020609,2016,中京,2,6,9,2016-03-27,https://www.jra.go.jp/datafile/seiseki/report/2016/2016-2chukyo6.pdf,official_daily_result_pdf
201607020610,2016,中京,2,6,10,2016-03-27,https://www.jra.go.jp/datafile/seiseki/report/2016/2016-2chukyo6.pdf,official_daily_result_pdf
201607020611,2016,中京,2,6,11,2016-03-27,https://www.jra.go.jp/datafile/seiseki/report/2016/2016-2chukyo6.pdf,official_daily_result_pdf
201607020612,2016,中京,2,6,12,2016-03-27,https://www.jra.go.jp/datafile/seiseki/report/2016/2016-2chukyo6.pdf,official_daily_result_pdf
201607030101,2016,中京,3,1,1,2016-07-02,https://www.jra.go.jp/datafile/seiseki/report/2016/2016-3chukyo1.pdf,official_daily_result_pdf
201607030102,2016,中京,3,1,2,2016-07-02,https://www.jra.go.jp/datafile/seiseki/report/2016/2016-3chukyo1.pdf,official_daily_result_pdf
201607030103,2016,中京,3,1,3,2016-07-02,https://www.jra.go.jp/datafile/seiseki/report/2016/2016-3chukyo1.pdf,official_daily_result_pdf
201607030104,2016,中京,3,1,4,2016-07-02,https://www.jra.go.jp/datafile/seiseki/report/2016/2016-3chukyo1.pdf,official_daily_result_pdf
201607030105,2016,中京,3,1,5,2016-07-02,https://www.jra.go.jp/datafile/seiseki/report/2016/2016-3chukyo1.pdf,official_daily_result_pdf
201607030106,2016,中京,3,1,6,2016-07-02,https://www.jra.go.jp/datafile/seiseki/report/2016/2016-3chukyo1.pdf,official_daily_result_pdf
201607030107,2016,中京,3,1,7,2016-07-02,https://www.jra.go.jp/datafile/seiseki/report/2016/2016-3chukyo1.pdf,official_daily_result_pdf
201607030108,2016,中京,3,1,8,2016-07-02,https://www.jra.go.jp/datafile/seiseki/report/2016/2016-3chukyo1.pdf,official_daily_result_pdf
201607030109,2016,中京,3,1,9,2016-07-02,https://www.jra.go.jp/datafile/seiseki/report/2016/2016-3chukyo1.pdf,official_daily_result_pdf
201607030110,2016,中京,3,1,10,2016-07-02,https://www.jra.go.jp/datafile/seiseki/report/2016/2016-3chukyo1.pdf,official_daily_result_pdf
201607030111,2016,中京,3,1,11,2016-07-02,https://www.jra.go.jp/datafile/seiseki/report/2016/2016-3chukyo1.pdf,official_daily_result_pdf
201607030112,2016,中京,3,1,12,2016-07-02,https://www.jra.go.jp/datafile/seiseki/report/2016/2016-3chukyo1.pdf,official_daily_result_pdf
201607030201,2016,中京,3,2,1,2016-07-03,https://www.jra.go.jp/datafile/seiseki/report/2016/2016-3chukyo2.pdf,official_daily_result_pdf
201607030202,2016,中京,3,2,2,2016-07-03,https://www.jra.go.jp/datafile/seiseki/report/2016/2016-3chukyo2.pdf,official_daily_result_pdf
201607030203,2016,中京,3,2,3,2016-07-03,https://www.jra.go.jp/datafile/seiseki/report/2016/2016-3chukyo2.pdf,official_daily_result_pdf
201607030204,2016,中京,3,2,4,2016-07-03,https://www.jra.go.jp/datafile/seiseki/report/2016/2016-3chukyo2.pdf,official_daily_result_pdf
201607030205,2016,中京,3,2,5,2016-07-03,https://www.jra.go.jp/datafile/seiseki/report/2016/2016-3chukyo2.pdf,official_daily_result_pdf
201607030206,2016,中京,3,2,6,2016-07-03,https://www.jra.go.jp/datafile/seiseki/report/2016/2016-3chukyo2.pdf,official_daily_result_pdf
201607030207,2016,中京,3,2,7,2016-07-03,https://www.jra.go.jp/datafile/seiseki/report/2016/2016-3chukyo2.pdf,official_daily_result_pdf
201607030208,2016,中京,3,2,8,2016-07-03,https://www.jra.go.jp/datafile/seiseki/report/2016/2016-3chukyo2.pdf,official_daily_result_pdf
201607030209,2016,中京,3,2,9,2016-07-03,https://www.jra.go.jp/datafile/seiseki/report/2016/2016-3chukyo2.pdf,official_daily_result_pdf
201607030210,2016,中京,3,2,10,2016-07-03,https://www.jra.go.jp/datafile/seiseki/report/2016/2016-3chukyo2.pdf,official_daily_result_pdf
201607030211,2016,中京,3,2,11,2016-07-03,https://www.jra.go.jp/datafile/seiseki/report/2016/2016-3chukyo2.pdf,official_daily_result_pdf
201607030212,2016,中京,3,2,12,2016-07-03,https://www.jra.go.jp/datafile/seiseki/report/2016/2016-3chukyo2.pdf,official_daily_result_pdf
201607030301,2016,中京,3,3,1,2016-07-09,https://www.jra.go.jp/datafile/seiseki/report/2016/2016-3chukyo3.pdf,official_daily_result_pdf
201607030302,2016,中京,3,3,2,2016-07-09,https://www.jra.go.jp/datafile/seiseki/report/2016/2016-3chukyo3.pdf,official_daily_result_pdf
201607030303,2016,中京,3,3,3,2016-07-09,https://www.jra.go.jp/datafile/seiseki/report/2016/2016-3chukyo3.pdf,official_daily_result_pdf
201607030304,2016,中京,3,3,4,2016-07-09,https://www.jra.go.jp/datafile/seiseki/report/2016/2016-3chukyo3.pdf,official_daily_result_pdf
201607030305,2016,中京,3,3,5,2016-07-09,https://www.jra.go.jp/datafile/seiseki/report/2016/2016-3chukyo3.pdf,official_daily_result_pdf
201607030306,2016,中京,3,3,6,2016-07-09,https://www.jra.go.jp/datafile/seiseki/report/2016/2016-3chukyo3.pdf,official_daily_result_pdf
201607030307,2016,中京,3,3,7,2016-07-09,https://www.jra.go.jp/datafile/seiseki/report/2016/2016-3chukyo3.pdf,official_daily_result_pdf
201607030308,2016,中京,3,3,8,2016-07-09,https://www.jra.go.jp/datafile/seiseki/report/2016/2016-3chukyo3.pdf,official_daily_result_pdf
201607030309,2016,中京,3,3,9,2016-07-09,https://www.jra.go.jp/datafile/seiseki/report/2016/2016-3chukyo3.pdf,official_daily_result_pdf
201607030310,2016,中京,3,3,10,2016-07-09,https://www.jra.go.jp/datafile/seiseki/report/2016/2016-3chukyo3.pdf,official_daily_result_pdf
201607030311,2016,中京,3,3,11,2016-07-09,https://www.jra.go.jp/datafile/seiseki/report/2016/2016-3chukyo3.pdf,official_daily_result_pdf
201607030312,2016,中京,3,3,12,2016-07-09,https://www.jra.go.jp/datafile/seiseki/report/2016/2016-3chukyo3.pdf,official_daily_result_pdf
201607030401,2016,中京,3,4,1,2016-07-10,https://www.jra.go.jp/datafile/seiseki/report/2016/2016-3chukyo4.pdf,official_daily_result_pdf
201607030402,2016,中京,3,4,2,2016-07-10,https://www.jra.go.jp/datafile/seiseki/report/2016/2016-3chukyo4.pdf,official_daily_result_pdf
201607030403,2016,中京,3,4,3,2016-07-10,https://www.jra.go.jp/datafile/seiseki/report/2016/2016-3chukyo4.pdf,official_daily_result_pdf
201607030404,2016,中京,3,4,4,2016-07-10,https://www.jra.go.jp/datafile/seiseki/report/2016/2016-3chukyo4.pdf,official_daily_result_pdf
201607030405,2016,中京,3,4,5,2016-07-10,https://www.jra.go.jp/datafile/seiseki/report/2016/2016-3chukyo4.pdf,official_daily_result_pdf
201607030406,2016,中京,3,4,6,2016-07-10,https://www.jra.go.jp/datafile/seiseki/report/2016/2016-3chukyo4.pdf,official_daily_result_pdf
201607030407,2016,中京,3,4,7,2016-07-10,https://www.jra.go.jp/datafile/seiseki/report/2016/2016-3chukyo4.pdf,official_daily_result_pdf
201607030408,2016,中京,3,4,8,2016-07-10,https://www.jra.go.jp/datafile/seiseki/report/2016/2016-3chukyo4.pdf,official_daily_result_pdf
201607030409,2016,中京,3,4,9,2016-07-10,https://www.jra.go.jp/datafile/seiseki/report/2016/2016-3chukyo4.pdf,official_daily_result_pdf
201607030410,2016,中京,3,4,10,2016-07-10,https://www.jra.go.jp/datafile/seiseki/report/2016/2016-3chukyo4.pdf,official_daily_result_pdf
201607030411,2016,中京,3,4,11,2016-07-10,https://www.jra.go.jp/datafile/seiseki/report/2016/2016-3chukyo4.pdf,official_daily_result_pdf
201607030412,2016,中京,3,4,12,2016-07-10,https://www.jra.go.jp/datafile/seiseki/report/2016/2016-3chukyo4.pdf,official_daily_result_pdf
201607030501,2016,中京,3,5,1,2016-07-16,https://www.jra.go.jp/datafile/seiseki/report/2016/2016-3chukyo5.pdf,official_daily_result_pdf
201607030502,2016,中京,3,5,2,2016-07-16,https://www.jra.go.jp/datafile/seiseki/report/2016/2016-3chukyo5.pdf,official_daily_result_pdf
201607030503,2016,中京,3,5,3,2016-07-16,https://www.jra.go.jp/datafile/seiseki/report/2016/2016-3chukyo5.pdf,official_daily_result_pdf
201607030504,2016,中京,3,5,4,2016-07-16,https://www.jra.go.jp/datafile/seiseki/report/2016/2016-3chukyo5.pdf,official_daily_result_pdf
201607030505,2016,中京,3,5,5,2016-07-16,https://www.jra.go.jp/datafile/seiseki/report/2016/2016-3chukyo5.pdf,official_daily_result_pdf
201607030506,2016,中京,3,5,6,2016-07-16,https://www.jra.go.jp/datafile/seiseki/report/2016/2016-3chukyo5.pdf,official_daily_result_pdf
201607030507,2016,中京,3,5,7,2016-07-16,https://www.jra.go.jp/datafile/seiseki/report/2016/2016-3chukyo5.pdf,official_daily_result_pdf
201607030508,2016,中京,3,5,8,2016-07-16,https://www.jra.go.jp/datafile/seiseki/report/2016/2016-3chukyo5.pdf,official_daily_result_pdf
201607030509,2016,中京,3,5,9,2016-07-16,https://www.jra.go.jp/datafile/seiseki/report/2016/2016-3chukyo5.pdf,official_daily_result_pdf
201607030510,2016,中京,3,5,10,2016-07-16,https://www.jra.go.jp/datafile/seiseki/report/2016/2016-3chukyo5.pdf,official_daily_result_pdf
201607030511,2016,中京,3,5,11,2016-07-16,https://www.jra.go.jp/datafile/seiseki/report/2016/2016-3chukyo5.pdf,official_daily_result_pdf
201607030512,2016,中京,3,5,12,2016-07-16,https://www.jra.go.jp/datafile/seiseki/report/2016/2016-3chukyo5.pdf,official_daily_result_pdf
201607030601,2016,中京,3,6,1,2016-07-17,https://www.jra.go.jp/datafile/seiseki/report/2016/2016-3chukyo6.pdf,official_daily_result_pdf
201607030602,2016,中京,3,6,2,2016-07-17,https://www.jra.go.jp/datafile/seiseki/report/2016/2016-3chukyo6.pdf,official_daily_result_pdf
201607030603,2016,中京,3,6,3,2016-07-17,https://www.jra.go.jp/datafile/seiseki/report/2016/2016-3chukyo6.pdf,official_daily_result_pdf
201607030604,2016,中京,3,6,4,2016-07-17,https://www.jra.go.jp/datafile/seiseki/report/2016/2016-3chukyo6.pdf,official_daily_result_pdf
201607030605,2016,中京,3,6,5,2016-07-17,https://www.jra.go.jp/datafile/seiseki/report/2016/2016-3chukyo6.pdf,official_daily_result_pdf
201607030606,2016,中京,3,6,6,2016-07-17,https://www.jra.go.jp/datafile/seiseki/report/2016/2016-3chukyo6.pdf,official_daily_result_pdf
201607030607,2016,中京,3,6,7,2016-07-17,https://www.jra.go.jp/datafile/seiseki/report/2016/2016-3chukyo6.pdf,official_daily_result_pdf
201607030608,2016,中京,3,6,8,2016-07-17,https://www.jra.go.jp/datafile/seiseki/report/2016/2016-3chukyo6.pdf,official_daily_result_pdf
201607030609,2016,中京,3,6,9,2016-07-17,https://www.jra.go.jp/datafile/seiseki/report/2016/2016-3chukyo6.pdf,official_daily_result_pdf
201607030610,2016,中京,3,6,10,2016-07-17,https://www.jra.go.jp/datafile/seiseki/report/2016/2016-3chukyo6.pdf,official_daily_result_pdf
201607030611,2016,中京,3,6,11,2016-07-17,https://www.jra.go.jp/datafile/seiseki/report/2016/2016-3chukyo6.pdf,official_daily_result_pdf
201607030612,2016,中京,3,6,12,2016-07-17,https://www.jra.go.jp/datafile/seiseki/report/2016/2016-3chukyo6.pdf,official_daily_result_pdf
201607030701,2016,中京,3,7,1,2016-07-23,https://www.jra.go.jp/datafile/seiseki/report/2016/2016-3chukyo7.pdf,official_daily_result_pdf
201607030702,2016,中京,3,7,2,2016-07-23,https://www.jra.go.jp/datafile/seiseki/report/2016/2016-3chukyo7.pdf,official_daily_result_pdf
201607030703,2016,中京,3,7,3,2016-07-23,https://www.jra.go.jp/datafile/seiseki/report/2016/2016-3chukyo7.pdf,official_daily_result_pdf
201607030704,2016,中京,3,7,4,2016-07-23,https://www.jra.go.jp/datafile/seiseki/report/2016/2016-3chukyo7.pdf,official_daily_result_pdf
201607030705,2016,中京,3,7,5,2016-07-23,https://www.jra.go.jp/datafile/seiseki/report/2016/2016-3chukyo7.pdf,official_daily_result_pdf
201607030706,2016,中京,3,7,6,2016-07-23,https://www.jra.go.jp/datafile/seiseki/report/2016/2016-3chukyo7.pdf,official_daily_result_pdf
201607030707,2016,中京,3,7,7,2016-07-23,https://www.jra.go.jp/datafile/seiseki/report/2016/2016-3chukyo7.pdf,official_daily_result_pdf
201607030708,2016,中京,3,7,8,2016-07-23,https://www.jra.go.jp/datafile/seiseki/report/2016/2016-3chukyo7.pdf,official_daily_result_pdf
201607030709,2016,中京,3,7,9,2016-07-23,https://www.jra.go.jp/datafile/seiseki/report/2016/2016-3chukyo7.pdf,official_daily_result_pdf
201607030710,2016,中京,3,7,10,2016-07-23,https://www.jra.go.jp/datafile/seiseki/report/2016/2016-3chukyo7.pdf,official_daily_result_pdf
201607030711,2016,中京,3,7,11,2016-07-23,https://www.jra.go.jp/datafile/seiseki/report/2016/2016-3chukyo7.pdf,official_daily_result_pdf
201607030712,2016,中京,3,7,12,2016-07-23,https://www.jra.go.jp/datafile/seiseki/report/2016/2016-3chukyo7.pdf,official_daily_result_pdf
201607030801,2016,中京,3,8,1,2016-07-24,https://www.jra.go.jp/datafile/seiseki/report/2016/2016-3chukyo8.pdf,official_daily_result_pdf
201607030802,2016,中京,3,8,2,2016-07-24,https://www.jra.go.jp/datafile/seiseki/report/2016/2016-3chukyo8.pdf,official_daily_result_pdf
201607030803,2016,中京,3,8,3,2016-07-24,https://www.jra.go.jp/datafile/seiseki/report/2016/2016-3chukyo8.pdf,official_daily_result_pdf
201607030804,2016,中京,3,8,4,2016-07-24,https://www.jra.go.jp/datafile/seiseki/report/2016/2016-3chukyo8.pdf,official_daily_result_pdf
201607030805,2016,中京,3,8,5,2016-07-24,https://www.jra.go.jp/datafile/seiseki/report/2016/2016-3chukyo8.pdf,official_daily_result_pdf
201607030806,2016,中京,3,8,6,2016-07-24,https://www.jra.go.jp/datafile/seiseki/report/2016/2016-3chukyo8.pdf,official_daily_result_pdf
201607030807,2016,中京,3,8,7,2016-07-24,https://www.jra.go.jp/datafile/seiseki/report/2016/2016-3chukyo8.pdf,official_daily_result_pdf
201607030808,2016,中京,3,8,8,2016-07-24,https://www.jra.go.jp/datafile/seiseki/report/2016/2016-3chukyo8.pdf,official_daily_result_pdf
201607030809,2016,中京,3,8,9,2016-07-24,https://www.jra.go.jp/datafile/seiseki/report/2016/2016-3chukyo8.pdf,official_daily_result_pdf
201607030810,2016,中京,3,8,10,2016-07-24,https://www.jra.go.jp/datafile/seiseki/report/2016/2016-3chukyo8.pdf,official_daily_result_pdf
201607030811,2016,中京,3,8,11,2016-07-24,https://www.jra.go.jp/datafile/seiseki/report/2016/2016-3chukyo8.pdf,official_daily_result_pdf
201607030812,2016,中京,3,8,12,2016-07-24,https://www.jra.go.jp/datafile/seiseki/report/2016/2016-3chukyo8.pdf,official_daily_result_pdf
201607040101,2016,中京,4,1,1,2016-12-03,https://www.jra.go.jp/datafile/seiseki/report/2016/2016-4chukyo1.pdf,official_daily_result_pdf
201607040102,2016,中京,4,1,2,2016-12-03,https://www.jra.go.jp/datafile/seiseki/report/2016/2016-4chukyo1.pdf,official_daily_result_pdf
201607040103,2016,中京,4,1,3,2016-12-03,https://www.jra.go.jp/datafile/seiseki/report/2016/2016-4chukyo1.pdf,official_daily_result_pdf
201607040104,2016,中京,4,1,4,2016-12-03,https://www.jra.go.jp/datafile/seiseki/report/2016/2016-4chukyo1.pdf,official_daily_result_pdf
201607040105,2016,中京,4,1,5,2016-12-03,https://www.jra.go.jp/datafile/seiseki/report/2016/2016-4chukyo1.pdf,official_daily_result_pdf
201607040106,2016,中京,4,1,6,2016-12-03,https://www.jra.go.jp/datafile/seiseki/report/2016/2016-4chukyo1.pdf,official_daily_result_pdf
201607040107,2016,中京,4,1,7,2016-12-03,https://www.jra.go.jp/datafile/seiseki/report/2016/2016-4chukyo1.pdf,official_daily_result_pdf
201607040108,2016,中京,4,1,8,2016-12-03,https://www.jra.go.jp/datafile/seiseki/report/2016/2016-4chukyo1.pdf,official_daily_result_pdf
201607040109,2016,中京,4,1,9,2016-12-03,https://www.jra.go.jp/datafile/seiseki/report/2016/2016-4chukyo1.pdf,official_daily_result_pdf
201607040110,2016,中京,4,1,10,2016-12-03,https://www.jra.go.jp/datafile/seiseki/report/2016/2016-4chukyo1.pdf,official_daily_result_pdf
201607040111,2016,中京,4,1,11,2016-12-03,https://www.jra.go.jp/datafile/seiseki/report/2016/2016-4chukyo1.pdf,official_daily_result_pdf
201607040112,2016,中京,4,1,12,2016-12-03,https://www.jra.go.jp/datafile/seiseki/report/2016/2016-4chukyo1.pdf,official_daily_result_pdf
201607040201,2016,中京,4,2,1,2016-12-04,https://www.jra.go.jp/datafile/seiseki/report/2016/2016-4chukyo2.pdf,official_daily_result_pdf
201607040202,2016,中京,4,2,2,2016-12-04,https://www.jra.go.jp/datafile/seiseki/report/2016/2016-4chukyo2.pdf,official_daily_result_pdf
201607040203,2016,中京,4,2,3,2016-12-04,https://www.jra.go.jp/datafile/seiseki/report/2016/2016-4chukyo2.pdf,official_daily_result_pdf
201607040204,2016,中京,4,2,4,2016-12-04,https://www.jra.go.jp/datafile/seiseki/report/2016/2016-4chukyo2.pdf,official_daily_result_pdf
201607040205,2016,中京,4,2,5,2016-12-04,https://www.jra.go.jp/datafile/seiseki/report/2016/2016-4chukyo2.pdf,official_daily_result_pdf
201607040206,2016,中京,4,2,6,2016-12-04,https://www.jra.go.jp/datafile/seiseki/report/2016/2016-4chukyo2.pdf,official_daily_result_pdf
201607040207,2016,中京,4,2,7,2016-12-04,https://www.jra.go.jp/datafile/seiseki/report/2016/2016-4chukyo2.pdf,official_daily_result_pdf
201607040208,2016,中京,4,2,8,2016-12-04,https://www.jra.go.jp/datafile/seiseki/report/2016/2016-4chukyo2.pdf,official_daily_result_pdf
201607040209,2016,中京,4,2,9,2016-12-04,https://www.jra.go.jp/datafile/seiseki/report/2016/2016-4chukyo2.pdf,official_daily_result_pdf
201607040210,2016,中京,4,2,10,2016-12-04,https://www.jra.go.jp/datafile/seiseki/report/2016/2016-4chukyo2.pdf,official_daily_result_pdf
201607040211,2016,中京,4,2,11,2016-12-04,https://www.jra.go.jp/datafile/seiseki/report/2016/2016-4chukyo2.pdf,official_daily_result_pdf
201607040212,2016,中京,4,2,12,2016-12-04,https://www.jra.go.jp/datafile/seiseki/report/2016/2016-4chukyo2.pdf,official_daily_result_pdf
201607040301,2016,中京,4,3,1,2016-12-10,https://www.jra.go.jp/datafile/seiseki/report/2016/2016-4chukyo3.pdf,official_daily_result_pdf
201607040302,2016,中京,4,3,2,2016-12-10,https://www.jra.go.jp/datafile/seiseki/report/2016/2016-4chukyo3.pdf,official_daily_result_pdf
201607040303,2016,中京,4,3,3,2016-12-10,https://www.jra.go.jp/datafile/seiseki/report/2016/2016-4chukyo3.pdf,official_daily_result_pdf
201607040304,2016,中京,4,3,4,2016-12-10,https://www.jra.go.jp/datafile/seiseki/report/2016/2016-4chukyo3.pdf,official_daily_result_pdf
201607040305,2016,中京,4,3,5,2016-12-10,https://www.jra.go.jp/datafile/seiseki/report/2016/2016-4chukyo3.pdf,official_daily_result_pdf
201607040306,2016,中京,4,3,6,2016-12-10,https://www.jra.go.jp/datafile/seiseki/report/2016/2016-4chukyo3.pdf,official_daily_result_pdf
201607040307,2016,中京,4,3,7,2016-12-10,https://www.jra.go.jp/datafile/seiseki/report/2016/2016-4chukyo3.pdf,official_daily_result_pdf
201607040308,2016,中京,4,3,8,2016-12-10,https://www.jra.go.jp/datafile/seiseki/report/2016/2016-4chukyo3.pdf,official_daily_result_pdf
201607040309,2016,中京,4,3,9,2016-12-10,https://www.jra.go.jp/datafile/seiseki/report/2016/2016-4chukyo3.pdf,official_daily_result_pdf
201607040310,2016,中京,4,3,10,2016-12-10,https://www.jra.go.jp/datafile/seiseki/report/2016/2016-4chukyo3.pdf,official_daily_result_pdf
201607040311,2016,中京,4,3,11,2016-12-10,https://www.jra.go.jp/datafile/seiseki/report/2016/2016-4chukyo3.pdf,official_daily_result_pdf
201607040312,2016,中京,4,3,12,2016-12-10,https://www.jra.go.jp/datafile/seiseki/report/2016/2016-4chukyo3.pdf,official_daily_result_pdf
201607040401,2016,中京,4,4,1,2016-12-11,https://www.jra.go.jp/datafile/seiseki/report/2016/2016-4chukyo4.pdf,official_daily_result_pdf
201607040402,2016,中京,4,4,2,2016-12-11,https://www.jra.go.jp/datafile/seiseki/report/2016/2016-4chukyo4.pdf,official_daily_result_pdf
201607040403,2016,中京,4,4,3,2016-12-11,https://www.jra.go.jp/datafile/seiseki/report/2016/2016-4chukyo4.pdf,official_daily_result_pdf
201607040404,2016,中京,4,4,4,2016-12-11,https://www.jra.go.jp/datafile/seiseki/report/2016/2016-4chukyo4.pdf,official_daily_result_pdf
201607040405,2016,中京,4,4,5,2016-12-11,https://www.jra.go.jp/datafile/seiseki/report/2016/2016-4chukyo4.pdf,official_daily_result_pdf
201607040406,2016,中京,4,4,6,2016-12-11,https://www.jra.go.jp/datafile/seiseki/report/2016/2016-4chukyo4.pdf,official_daily_result_pdf
201607040407,2016,中京,4,4,7,2016-12-11,https://www.jra.go.jp/datafile/seiseki/report/2016/2016-4chukyo4.pdf,official_daily_result_pdf
201607040408,2016,中京,4,4,8,2016-12-11,https://www.jra.go.jp/datafile/seiseki/report/2016/2016-4chukyo4.pdf,official_daily_result_pdf
201607040409,2016,中京,4,4,9,2016-12-11,https://www.jra.go.jp/datafile/seiseki/report/2016/2016-4chukyo4.pdf,official_daily_result_pdf
201607040410,2016,中京,4,4,10,2016-12-11,https://www.jra.go.jp/datafile/seiseki/report/2016/2016-4chukyo4.pdf,official_daily_result_pdf
201607040411,2016,中京,4,4,11,2016-12-11,https://www.jra.go.jp/datafile/seiseki/report/2016/2016-4chukyo4.pdf,official_daily_result_pdf
201607040412,2016,中京,4,4,12,2016-12-11,https://www.jra.go.jp/datafile/seiseki/report/2016/2016-4chukyo4.pdf,official_daily_result_pdf
201607040501,2016,中京,4,5,1,2016-12-17,https://www.jra.go.jp/datafile/seiseki/report/2016/2016-4chukyo5.pdf,official_daily_result_pdf
201607040502,2016,中京,4,5,2,2016-12-17,https://www.jra.go.jp/datafile/seiseki/report/2016/2016-4chukyo5.pdf,official_daily_result_pdf
201607040503,2016,中京,4,5,3,2016-12-17,https://www.jra.go.jp/datafile/seiseki/report/2016/2016-4chukyo5.pdf,official_daily_result_pdf
201607040504,2016,中京,4,5,4,2016-12-17,https://www.jra.go.jp/datafile/seiseki/report/2016/2016-4chukyo5.pdf,official_daily_result_pdf
201607040505,2016,中京,4,5,5,2016-12-17,https://www.jra.go.jp/datafile/seiseki/report/2016/2016-4chukyo5.pdf,official_daily_result_pdf
201607040506,2016,中京,4,5,6,2016-12-17,https://www.jra.go.jp/datafile/seiseki/report/2016/2016-4chukyo5.pdf,official_daily_result_pdf
201607040507,2016,中京,4,5,7,2016-12-17,https://www.jra.go.jp/datafile/seiseki/report/2016/2016-4chukyo5.pdf,official_daily_result_pdf
201607040508,2016,中京,4,5,8,2016-12-17,https://www.jra.go.jp/datafile/seiseki/report/2016/2016-4chukyo5.pdf,official_daily_result_pdf
201607040509,2016,中京,4,5,9,2016-12-17,https://www.jra.go.jp/datafile/seiseki/report/2016/2016-4chukyo5.pdf,official_daily_result_pdf
201607040510,2016,中京,4,5,10,2016-12-17,https://www.jra.go.jp/datafile/seiseki/report/2016/2016-4chukyo5.pdf,official_daily_result_pdf
201607040511,2016,中京,4,5,11,2016-12-17,https://www.jra.go.jp/datafile/seiseki/report/2016/2016-4chukyo5.pdf,official_daily_result_pdf
201607040512,2016,中京,4,5,12,2016-12-17,https://www.jra.go.jp/datafile/seiseki/report/2016/2016-4chukyo5.pdf,official_daily_result_pdf
201607040601,2016,中京,4,6,1,2016-12-18,https://www.jra.go.jp/datafile/seiseki/report/2016/2016-4chukyo6.pdf,official_daily_result_pdf
201607040602,2016,中京,4,6,2,2016-12-18,https://www.jra.go.jp/datafile/seiseki/report/2016/2016-4chukyo6.pdf,official_daily_result_pdf
201607040603,2016,中京,4,6,3,2016-12-18,https://www.jra.go.jp/datafile/seiseki/report/2016/2016-4chukyo6.pdf,official_daily_result_pdf
201607040604,2016,中京,4,6,4,2016-12-18,https://www.jra.go.jp/datafile/seiseki/report/2016/2016-4chukyo6.pdf,official_daily_result_pdf
201607040605,2016,中京,4,6,5,2016-12-18,https://www.jra.go.jp/datafile/seiseki/report/2016/2016-4chukyo6.pdf,official_daily_result_pdf
201607040606,2016,中京,4,6,6,2016-12-18,https://www.jra.go.jp/datafile/seiseki/report/2016/2016-4chukyo6.pdf,official_daily_result_pdf
201607040607,2016,中京,4,6,7,2016-12-18,https://www.jra.go.jp/datafile/seiseki/report/2016/2016-4chukyo6.pdf,official_daily_result_pdf
201607040608,2016,中京,4,6,8,2016-12-18,https://www.jra.go.jp/datafile/seiseki/report/2016/2016-4chukyo6.pdf,official_daily_result_pdf
201607040609,2016,中京,4,6,9,2016-12-18,https://www.jra.go.jp/datafile/seiseki/report/2016/2016-4chukyo6.pdf,official_daily_result_pdf
201607040610,2016,中京,4,6,10,2016-12-18,https://www.jra.go.jp/datafile/seiseki/report/2016/2016-4chukyo6.pdf,official_daily_result_pdf
201607040611,2016,中京,4,6,11,2016-12-18,https://www.jra.go.jp/datafile/seiseki/report/2016/2016-4chukyo6.pdf,official_daily_result_pdf
201607040612,2016,中京,4,6,12,2016-12-18,https://www.jra.go.jp/datafile/seiseki/report/2016/2016-4chukyo6.pdf,official_daily_result_pdf
201608010101,2016,京都,1,1,1,2016-01-05,https://www.jra.go.jp/datafile/seiseki/report/2016/2016-1kyoto1.pdf,official_daily_result_pdf
201608010102,2016,京都,1,1,2,2016-01-05,https://www.jra.go.jp/datafile/seiseki/report/2016/2016-1kyoto1.pdf,official_daily_result_pdf
201608010103,2016,京都,1,1,3,2016-01-05,https://www.jra.go.jp/datafile/seiseki/report/2016/2016-1kyoto1.pdf,official_daily_result_pdf
201608010104,2016,京都,1,1,4,2016-01-05,https://www.jra.go.jp/datafile/seiseki/report/2016/2016-1kyoto1.pdf,official_daily_result_pdf
201608010105,2016,京都,1,1,5,2016-01-05,https://www.jra.go.jp/datafile/seiseki/report/2016/2016-1kyoto1.pdf,official_daily_result_pdf
201608010106,2016,京都,1,1,6,2016-01-05,https://www.jra.go.jp/datafile/seiseki/report/2016/2016-1kyoto1.pdf,official_daily_result_pdf
201608010107,2016,京都,1,1,7,2016-01-05,https://www.jra.go.jp/datafile/seiseki/report/2016/2016-1kyoto1.pdf,official_daily_result_pdf
201608010108,2016,京都,1,1,8,2016-01-05,https://www.jra.go.jp/datafile/seiseki/report/2016/2016-1kyoto1.pdf,official_daily_result_pdf
201608010109,2016,京都,1,1,9,2016-01-05,https://www.jra.go.jp/datafile/seiseki/report/2016/2016-1kyoto1.pdf,official_daily_result_pdf
201608010110,2016,京都,1,1,10,2016-01-05,https://www.jra.go.jp/datafile/seiseki/report/2016/2016-1kyoto1.pdf,official_daily_result_pdf
201608010111,2016,京都,1,1,11,2016-01-05,https://www.jra.go.jp/datafile/seiseki/report/2016/2016-1kyoto1.pdf,official_daily_result_pdf
201608010112,2016,京都,1,1,12,2016-01-05,https://www.jra.go.jp/datafile/seiseki/report/2016/2016-1kyoto1.pdf,official_daily_result_pdf
201608010201,2016,京都,1,2,1,2016-01-09,https://www.jra.go.jp/datafile/seiseki/report/2016/2016-1kyoto2.pdf,official_daily_result_pdf
201608010202,2016,京都,1,2,2,2016-01-09,https://www.jra.go.jp/datafile/seiseki/report/2016/2016-1kyoto2.pdf,official_daily_result_pdf
201608010203,2016,京都,1,2,3,2016-01-09,https://www.jra.go.jp/datafile/seiseki/report/2016/2016-1kyoto2.pdf,official_daily_result_pdf
201608010204,2016,京都,1,2,4,2016-01-09,https://www.jra.go.jp/datafile/seiseki/report/2016/2016-1kyoto2.pdf,official_daily_result_pdf
201608010205,2016,京都,1,2,5,2016-01-09,https://www.jra.go.jp/datafile/seiseki/report/2016/2016-1kyoto2.pdf,official_daily_result_pdf
201608010206,2016,京都,1,2,6,2016-01-09,https://www.jra.go.jp/datafile/seiseki/report/2016/2016-1kyoto2.pdf,official_daily_result_pdf
201608010207,2016,京都,1,2,7,2016-01-09,https://www.jra.go.jp/datafile/seiseki/report/2016/2016-1kyoto2.pdf,official_daily_result_pdf
201608010208,2016,京都,1,2,8,2016-01-09,https://www.jra.go.jp/datafile/seiseki/report/2016/2016-1kyoto2.pdf,official_daily_result_pdf
201608010209,2016,京都,1,2,9,2016-01-09,https://www.jra.go.jp/datafile/seiseki/report/2016/2016-1kyoto2.pdf,official_daily_result_pdf
201608010210,2016,京都,1,2,10,2016-01-09,https://www.jra.go.jp/datafile/seiseki/report/2016/2016-1kyoto2.pdf,official_daily_result_pdf
201608010211,2016,京都,1,2,11,2016-01-09,https://www.jra.go.jp/datafile/seiseki/report/2016/2016-1kyoto2.pdf,official_daily_result_pdf
201608010212,2016,京都,1,2,12,2016-01-09,https://www.jra.go.jp/datafile/seiseki/report/2016/2016-1kyoto2.pdf,official_daily_result_pdf
201608010301,2016,京都,1,3,1,2016-01-10,https://www.jra.go.jp/datafile/seiseki/report/2016/2016-1kyoto3.pdf,official_daily_result_pdf
201608010302,2016,京都,1,3,2,2016-01-10,https://www.jra.go.jp/datafile/seiseki/report/2016/2016-1kyoto3.pdf,official_daily_result_pdf
201608010303,2016,京都,1,3,3,2016-01-10,https://www.jra.go.jp/datafile/seiseki/report/2016/2016-1kyoto3.pdf,official_daily_result_pdf
201608010304,2016,京都,1,3,4,2016-01-10,https://www.jra.go.jp/datafile/seiseki/report/2016/2016-1kyoto3.pdf,official_daily_result_pdf
201608010305,2016,京都,1,3,5,2016-01-10,https://www.jra.go.jp/datafile/seiseki/report/2016/2016-1kyoto3.pdf,official_daily_result_pdf
201608010306,2016,京都,1,3,6,2016-01-10,https://www.jra.go.jp/datafile/seiseki/report/2016/2016-1kyoto3.pdf,official_daily_result_pdf
201608010307,2016,京都,1,3,7,2016-01-10,https://www.jra.go.jp/datafile/seiseki/report/2016/2016-1kyoto3.pdf,official_daily_result_pdf
201608010308,2016,京都,1,3,8,2016-01-10,https://www.jra.go.jp/datafile/seiseki/report/2016/2016-1kyoto3.pdf,official_daily_result_pdf
201608010309,2016,京都,1,3,9,2016-01-10,https://www.jra.go.jp/datafile/seiseki/report/2016/2016-1kyoto3.pdf,official_daily_result_pdf
201608010310,2016,京都,1,3,10,2016-01-10,https://www.jra.go.jp/datafile/seiseki/report/2016/2016-1kyoto3.pdf,official_daily_result_pdf
201608010311,2016,京都,1,3,11,2016-01-10,https://www.jra.go.jp/datafile/seiseki/report/2016/2016-1kyoto3.pdf,official_daily_result_pdf
201608010312,2016,京都,1,3,12,2016-01-10,https://www.jra.go.jp/datafile/seiseki/report/2016/2016-1kyoto3.pdf,official_daily_result_pdf
201608010401,2016,京都,1,4,1,2016-01-11,https://www.jra.go.jp/datafile/seiseki/report/2016/2016-1kyoto4.pdf,official_daily_result_pdf
201608010402,2016,京都,1,4,2,2016-01-11,https://www.jra.go.jp/datafile/seiseki/report/2016/2016-1kyoto4.pdf,official_daily_result_pdf
201608010403,2016,京都,1,4,3,2016-01-11,https://www.jra.go.jp/datafile/seiseki/report/2016/2016-1kyoto4.pdf,official_daily_result_pdf
201608010404,2016,京都,1,4,4,2016-01-11,https://www.jra.go.jp/datafile/seiseki/report/2016/2016-1kyoto4.pdf,official_daily_result_pdf
201608010405,2016,京都,1,4,5,2016-01-11,https://www.jra.go.jp/datafile/seiseki/report/2016/2016-1kyoto4.pdf,official_daily_result_pdf
201608010406,2016,京都,1,4,6,2016-01-11,https://www.jra.go.jp/datafile/seiseki/report/2016/2016-1kyoto4.pdf,official_daily_result_pdf
201608010407,2016,京都,1,4,7,2016-01-11,https://www.jra.go.jp/datafile/seiseki/report/2016/2016-1kyoto4.pdf,official_daily_result_pdf
201608010408,2016,京都,1,4,8,2016-01-11,https://www.jra.go.jp/datafile/seiseki/report/2016/2016-1kyoto4.pdf,official_daily_result_pdf
201608010409,2016,京都,1,4,9,2016-01-11,https://www.jra.go.jp/datafile/seiseki/report/2016/2016-1kyoto4.pdf,official_daily_result_pdf
201608010410,2016,京都,1,4,10,2016-01-11,https://www.jra.go.jp/datafile/seiseki/report/2016/2016-1kyoto4.pdf,official_daily_result_pdf
201608010411,2016,京都,1,4,11,2016-01-11,https://www.jra.go.jp/datafile/seiseki/report/2016/2016-1kyoto4.pdf,official_daily_result_pdf
201608010412,2016,京都,1,4,12,2016-01-11,https://www.jra.go.jp/datafile/seiseki/report/2016/2016-1kyoto4.pdf,official_daily_result_pdf
201608010501,2016,京都,1,5,1,2016-01-16,https://www.jra.go.jp/datafile/seiseki/report/2016/2016-1kyoto5.pdf,official_daily_result_pdf
201608010502,2016,京都,1,5,2,2016-01-16,https://www.jra.go.jp/datafile/seiseki/report/2016/2016-1kyoto5.pdf,official_daily_result_pdf
201608010503,2016,京都,1,5,3,2016-01-16,https://www.jra.go.jp/datafile/seiseki/report/2016/2016-1kyoto5.pdf,official_daily_result_pdf
201608010504,2016,京都,1,5,4,2016-01-16,https://www.jra.go.jp/datafile/seiseki/report/2016/2016-1kyoto5.pdf,official_daily_result_pdf
201608010505,2016,京都,1,5,5,2016-01-16,https://www.jra.go.jp/datafile/seiseki/report/2016/2016-1kyoto5.pdf,official_daily_result_pdf
201608010506,2016,京都,1,5,6,2016-01-16,https://www.jra.go.jp/datafile/seiseki/report/2016/2016-1kyoto5.pdf,official_daily_result_pdf
201608010507,2016,京都,1,5,7,2016-01-16,https://www.jra.go.jp/datafile/seiseki/report/2016/2016-1kyoto5.pdf,official_daily_result_pdf
201608010508,2016,京都,1,5,8,2016-01-16,https://www.jra.go.jp/datafile/seiseki/report/2016/2016-1kyoto5.pdf,official_daily_result_pdf
201608010509,2016,京都,1,5,9,2016-01-16,https://www.jra.go.jp/datafile/seiseki/report/2016/2016-1kyoto5.pdf,official_daily_result_pdf
201608010510,2016,京都,1,5,10,2016-01-16,https://www.jra.go.jp/datafile/seiseki/report/2016/2016-1kyoto5.pdf,official_daily_result_pdf
201608010511,2016,京都,1,5,11,2016-01-16,https://www.jra.go.jp/datafile/seiseki/report/2016/2016-1kyoto5.pdf,official_daily_result_pdf
201608010512,2016,京都,1,5,12,2016-01-16,https://www.jra.go.jp/datafile/seiseki/report/2016/2016-1kyoto5.pdf,official_daily_result_pdf
201608010601,2016,京都,1,6,1,2016-01-17,https://www.jra.go.jp/datafile/seiseki/report/2016/2016-1kyoto6.pdf,official_daily_result_pdf
201608010602,2016,京都,1,6,2,2016-01-17,https://www.jra.go.jp/datafile/seiseki/report/2016/2016-1kyoto6.pdf,official_daily_result_pdf
201608010603,2016,京都,1,6,3,2016-01-17,https://www.jra.go.jp/datafile/seiseki/report/2016/2016-1kyoto6.pdf,official_daily_result_pdf
201608010604,2016,京都,1,6,4,2016-01-17,https://www.jra.go.jp/datafile/seiseki/report/2016/2016-1kyoto6.pdf,official_daily_result_pdf
201608010605,2016,京都,1,6,5,2016-01-17,https://www.jra.go.jp/datafile/seiseki/report/2016/2016-1kyoto6.pdf,official_daily_result_pdf
201608010606,2016,京都,1,6,6,2016-01-17,https://www.jra.go.jp/datafile/seiseki/report/2016/2016-1kyoto6.pdf,official_daily_result_pdf
201608010607,2016,京都,1,6,7,2016-01-17,https://www.jra.go.jp/datafile/seiseki/report/2016/2016-1kyoto6.pdf,official_daily_result_pdf
201608010608,2016,京都,1,6,8,2016-01-17,https://www.jra.go.jp/datafile/seiseki/report/2016/2016-1kyoto6.pdf,official_daily_result_pdf
201608010609,2016,京都,1,6,9,2016-01-17,https://www.jra.go.jp/datafile/seiseki/report/2016/2016-1kyoto6.pdf,official_daily_result_pdf
201608010610,2016,京都,1,6,10,2016-01-17,https://www.jra.go.jp/datafile/seiseki/report/2016/2016-1kyoto6.pdf,official_daily_result_pdf
201608010611,2016,京都,1,6,11,2016-01-17,https://www.jra.go.jp/datafile/seiseki/report/2016/2016-1kyoto6.pdf,official_daily_result_pdf
201608010612,2016,京都,1,6,12,2016-01-17,https://www.jra.go.jp/datafile/seiseki/report/2016/2016-1kyoto6.pdf,official_daily_result_pdf
201608010701,2016,京都,1,7,1,2016-01-23,https://www.jra.go.jp/datafile/seiseki/report/2016/2016-1kyoto7.pdf,official_daily_result_pdf
201608010702,2016,京都,1,7,2,2016-01-23,https://www.jra.go.jp/datafile/seiseki/report/2016/2016-1kyoto7.pdf,official_daily_result_pdf
201608010703,2016,京都,1,7,3,2016-01-23,https://www.jra.go.jp/datafile/seiseki/report/2016/2016-1kyoto7.pdf,official_daily_result_pdf
201608010704,2016,京都,1,7,4,2016-01-23,https://www.jra.go.jp/datafile/seiseki/report/2016/2016-1kyoto7.pdf,official_daily_result_pdf
201608010705,2016,京都,1,7,5,2016-01-23,https://www.jra.go.jp/datafile/seiseki/report/2016/2016-1kyoto7.pdf,official_daily_result_pdf
201608010706,2016,京都,1,7,6,2016-01-23,https://www.jra.go.jp/datafile/seiseki/report/2016/2016-1kyoto7.pdf,official_daily_result_pdf
201608010707,2016,京都,1,7,7,2016-01-23,https://www.jra.go.jp/datafile/seiseki/report/2016/2016-1kyoto7.pdf,official_daily_result_pdf
201608010708,2016,京都,1,7,8,2016-01-23,https://www.jra.go.jp/datafile/seiseki/report/2016/2016-1kyoto7.pdf,official_daily_result_pdf
201608010709,2016,京都,1,7,9,2016-01-23,https://www.jra.go.jp/datafile/seiseki/report/2016/2016-1kyoto7.pdf,official_daily_result_pdf
201608010710,2016,京都,1,7,10,2016-01-23,https://www.jra.go.jp/datafile/seiseki/report/2016/2016-1kyoto7.pdf,official_daily_result_pdf
201608010711,2016,京都,1,7,11,2016-01-23,https://www.jra.go.jp/datafile/seiseki/report/2016/2016-1kyoto7.pdf,official_daily_result_pdf
201608010712,2016,京都,1,7,12,2016-01-23,https://www.jra.go.jp/datafile/seiseki/report/2016/2016-1kyoto7.pdf,official_daily_result_pdf
201608010801,2016,京都,1,8,1,2016-01-24,https://www.jra.go.jp/datafile/seiseki/report/2016/2016-1kyoto8.pdf,official_daily_result_pdf
201608010802,2016,京都,1,8,2,2016-01-24,https://www.jra.go.jp/datafile/seiseki/report/2016/2016-1kyoto8.pdf,official_daily_result_pdf
201608010803,2016,京都,1,8,3,2016-01-24,https://www.jra.go.jp/datafile/seiseki/report/2016/2016-1kyoto8.pdf,official_daily_result_pdf
201608010804,2016,京都,1,8,4,2016-01-24,https://www.jra.go.jp/datafile/seiseki/report/2016/2016-1kyoto8.pdf,official_daily_result_pdf
201608010805,2016,京都,1,8,5,2016-01-24,https://www.jra.go.jp/datafile/seiseki/report/2016/2016-1kyoto8.pdf,official_daily_result_pdf
201608010806,2016,京都,1,8,6,2016-01-24,https://www.jra.go.jp/datafile/seiseki/report/2016/2016-1kyoto8.pdf,official_daily_result_pdf
201608010807,2016,京都,1,8,7,2016-01-24,https://www.jra.go.jp/datafile/seiseki/report/2016/2016-1kyoto8.pdf,official_daily_result_pdf
201608010808,2016,京都,1,8,8,2016-01-24,https://www.jra.go.jp/datafile/seiseki/report/2016/2016-1kyoto8.pdf,official_daily_result_pdf
201608010809,2016,京都,1,8,9,2016-01-24,https://www.jra.go.jp/datafile/seiseki/report/2016/2016-1kyoto8.pdf,official_daily_result_pdf
201608010810,2016,京都,1,8,10,2016-01-24,https://www.jra.go.jp/datafile/seiseki/report/2016/2016-1kyoto8.pdf,official_daily_result_pdf
201608010811,2016,京都,1,8,11,2016-01-24,https://www.jra.go.jp/datafile/seiseki/report/2016/2016-1kyoto8.pdf,official_daily_result_pdf
201608010812,2016,京都,1,8,12,2016-01-24,https://www.jra.go.jp/datafile/seiseki/report/2016/2016-1kyoto8.pdf,official_daily_result_pdf
201608020101,2016,京都,2,1,1,2016-01-30,https://www.jra.go.jp/datafile/seiseki/report/2016/2016-2kyoto1.pdf,official_daily_result_pdf
201608020102,2016,京都,2,1,2,2016-01-30,https://www.jra.go.jp/datafile/seiseki/report/2016/2016-2kyoto1.pdf,official_daily_result_pdf
201608020103,2016,京都,2,1,3,2016-01-30,https://www.jra.go.jp/datafile/seiseki/report/2016/2016-2kyoto1.pdf,official_daily_result_pdf
201608020104,2016,京都,2,1,4,2016-01-30,https://www.jra.go.jp/datafile/seiseki/report/2016/2016-2kyoto1.pdf,official_daily_result_pdf
201608020105,2016,京都,2,1,5,2016-01-30,https://www.jra.go.jp/datafile/seiseki/report/2016/2016-2kyoto1.pdf,official_daily_result_pdf
201608020106,2016,京都,2,1,6,2016-01-30,https://www.jra.go.jp/datafile/seiseki/report/2016/2016-2kyoto1.pdf,official_daily_result_pdf
201608020107,2016,京都,2,1,7,2016-01-30,https://www.jra.go.jp/datafile/seiseki/report/2016/2016-2kyoto1.pdf,official_daily_result_pdf
201608020108,2016,京都,2,1,8,2016-01-30,https://www.jra.go.jp/datafile/seiseki/report/2016/2016-2kyoto1.pdf,official_daily_result_pdf
201608020109,2016,京都,2,1,9,2016-01-30,https://www.jra.go.jp/datafile/seiseki/report/2016/2016-2kyoto1.pdf,official_daily_result_pdf
201608020110,2016,京都,2,1,10,2016-01-30,https://www.jra.go.jp/datafile/seiseki/report/2016/2016-2kyoto1.pdf,official_daily_result_pdf
201608020111,2016,京都,2,1,11,2016-01-30,https://www.jra.go.jp/datafile/seiseki/report/2016/2016-2kyoto1.pdf,official_daily_result_pdf
201608020112,2016,京都,2,1,12,2016-01-30,https://www.jra.go.jp/datafile/seiseki/report/2016/2016-2kyoto1.pdf,official_daily_result_pdf
201608020201,2016,京都,2,2,1,2016-01-31,https://www.jra.go.jp/datafile/seiseki/report/2016/2016-2kyoto2.pdf,official_daily_result_pdf
201608020202,2016,京都,2,2,2,2016-01-31,https://www.jra.go.jp/datafile/seiseki/report/2016/2016-2kyoto2.pdf,official_daily_result_pdf
201608020203,2016,京都,2,2,3,2016-01-31,https://www.jra.go.jp/datafile/seiseki/report/2016/2016-2kyoto2.pdf,official_daily_result_pdf
201608020204,2016,京都,2,2,4,2016-01-31,https://www.jra.go.jp/datafile/seiseki/report/2016/2016-2kyoto2.pdf,official_daily_result_pdf
201608020205,2016,京都,2,2,5,2016-01-31,https://www.jra.go.jp/datafile/seiseki/report/2016/2016-2kyoto2.pdf,official_daily_result_pdf
201608020206,2016,京都,2,2,6,2016-01-31,https://www.jra.go.jp/datafile/seiseki/report/2016/2016-2kyoto2.pdf,official_daily_result_pdf
201608020207,2016,京都,2,2,7,2016-01-31,https://www.jra.go.jp/datafile/seiseki/report/2016/2016-2kyoto2.pdf,official_daily_result_pdf
201608020208,2016,京都,2,2,8,2016-01-31,https://www.jra.go.jp/datafile/seiseki/report/2016/2016-2kyoto2.pdf,official_daily_result_pdf
201608020209,2016,京都,2,2,9,2016-01-31,https://www.jra.go.jp/datafile/seiseki/report/2016/2016-2kyoto2.pdf,official_daily_result_pdf
201608020210,2016,京都,2,2,10,2016-01-31,https://www.jra.go.jp/datafile/seiseki/report/2016/2016-2kyoto2.pdf,official_daily_result_pdf
201608020211,2016,京都,2,2,11,2016-01-31,https://www.jra.go.jp/datafile/seiseki/report/2016/2016-2kyoto2.pdf,official_daily_result_pdf
201608020212,2016,京都,2,2,12,2016-01-31,https://www.jra.go.jp/datafile/seiseki/report/2016/2016-2kyoto2.pdf,official_daily_result_pdf
201608020301,2016,京都,2,3,1,2016-02-06,https://www.jra.go.jp/datafile/seiseki/report/2016/2016-2kyoto3.pdf,official_daily_result_pdf
201608020302,2016,京都,2,3,2,2016-02-06,https://www.jra.go.jp/datafile/seiseki/report/2016/2016-2kyoto3.pdf,official_daily_result_pdf
201608020303,2016,京都,2,3,3,2016-02-06,https://www.jra.go.jp/datafile/seiseki/report/2016/2016-2kyoto3.pdf,official_daily_result_pdf
201608020304,2016,京都,2,3,4,2016-02-06,https://www.jra.go.jp/datafile/seiseki/report/2016/2016-2kyoto3.pdf,official_daily_result_pdf
201608020305,2016,京都,2,3,5,2016-02-06,https://www.jra.go.jp/datafile/seiseki/report/2016/2016-2kyoto3.pdf,official_daily_result_pdf
201608020306,2016,京都,2,3,6,2016-02-06,https://www.jra.go.jp/datafile/seiseki/report/2016/2016-2kyoto3.pdf,official_daily_result_pdf
201608020307,2016,京都,2,3,7,2016-02-06,https://www.jra.go.jp/datafile/seiseki/report/2016/2016-2kyoto3.pdf,official_daily_result_pdf
201608020308,2016,京都,2,3,8,2016-02-06,https://www.jra.go.jp/datafile/seiseki/report/2016/2016-2kyoto3.pdf,official_daily_result_pdf
201608020309,2016,京都,2,3,9,2016-02-06,https://www.jra.go.jp/datafile/seiseki/report/2016/2016-2kyoto3.pdf,official_daily_result_pdf
201608020310,2016,京都,2,3,10,2016-02-06,https://www.jra.go.jp/datafile/seiseki/report/2016/2016-2kyoto3.pdf,official_daily_result_pdf
201608020311,2016,京都,2,3,11,2016-02-06,https://www.jra.go.jp/datafile/seiseki/report/2016/2016-2kyoto3.pdf,official_daily_result_pdf
201608020312,2016,京都,2,3,12,2016-02-06,https://www.jra.go.jp/datafile/seiseki/report/2016/2016-2kyoto3.pdf,official_daily_result_pdf
201608020401,2016,京都,2,4,1,2016-02-07,https://www.jra.go.jp/datafile/seiseki/report/2016/2016-2kyoto4.pdf,official_daily_result_pdf
201608020402,2016,京都,2,4,2,2016-02-07,https://www.jra.go.jp/datafile/seiseki/report/2016/2016-2kyoto4.pdf,official_daily_result_pdf
201608020403,2016,京都,2,4,3,2016-02-07,https://www.jra.go.jp/datafile/seiseki/report/2016/2016-2kyoto4.pdf,official_daily_result_pdf
201608020404,2016,京都,2,4,4,2016-02-07,https://www.jra.go.jp/datafile/seiseki/report/2016/2016-2kyoto4.pdf,official_daily_result_pdf
201608020405,2016,京都,2,4,5,2016-02-07,https://www.jra.go.jp/datafile/seiseki/report/2016/2016-2kyoto4.pdf,official_daily_result_pdf
201608020406,2016,京都,2,4,6,2016-02-07,https://www.jra.go.jp/datafile/seiseki/report/2016/2016-2kyoto4.pdf,official_daily_result_pdf
201608020407,2016,京都,2,4,7,2016-02-07,https://www.jra.go.jp/datafile/seiseki/report/2016/2016-2kyoto4.pdf,official_daily_result_pdf
201608020408,2016,京都,2,4,8,2016-02-07,https://www.jra.go.jp/datafile/seiseki/report/2016/2016-2kyoto4.pdf,official_daily_result_pdf
201608020409,2016,京都,2,4,9,2016-02-07,https://www.jra.go.jp/datafile/seiseki/report/2016/2016-2kyoto4.pdf,official_daily_result_pdf
201608020410,2016,京都,2,4,10,2016-02-07,https://www.jra.go.jp/datafile/seiseki/report/2016/2016-2kyoto4.pdf,official_daily_result_pdf
201608020411,2016,京都,2,4,11,2016-02-07,https://www.jra.go.jp/datafile/seiseki/report/2016/2016-2kyoto4.pdf,official_daily_result_pdf
201608020412,2016,京都,2,4,12,2016-02-07,https://www.jra.go.jp/datafile/seiseki/report/2016/2016-2kyoto4.pdf,official_daily_result_pdf
201608020501,2016,京都,2,5,1,2016-02-13,https://www.jra.go.jp/datafile/seiseki/report/2016/2016-2kyoto5.pdf,official_daily_result_pdf
201608020502,2016,京都,2,5,2,2016-02-13,https://www.jra.go.jp/datafile/seiseki/report/2016/2016-2kyoto5.pdf,official_daily_result_pdf
201608020503,2016,京都,2,5,3,2016-02-13,https://www.jra.go.jp/datafile/seiseki/report/2016/2016-2kyoto5.pdf,official_daily_result_pdf
201608020504,2016,京都,2,5,4,2016-02-13,https://www.jra.go.jp/datafile/seiseki/report/2016/2016-2kyoto5.pdf,official_daily_result_pdf
201608020505,2016,京都,2,5,5,2016-02-13,https://www.jra.go.jp/datafile/seiseki/report/2016/2016-2kyoto5.pdf,official_daily_result_pdf
201608020506,2016,京都,2,5,6,2016-02-13,https://www.jra.go.jp/datafile/seiseki/report/2016/2016-2kyoto5.pdf,official_daily_result_pdf
201608020507,2016,京都,2,5,7,2016-02-13,https://www.jra.go.jp/datafile/seiseki/report/2016/2016-2kyoto5.pdf,official_daily_result_pdf
201608020508,2016,京都,2,5,8,2016-02-13,https://www.jra.go.jp/datafile/seiseki/report/2016/2016-2kyoto5.pdf,official_daily_result_pdf
201608020509,2016,京都,2,5,9,2016-02-13,https://www.jra.go.jp/datafile/seiseki/report/2016/2016-2kyoto5.pdf,official_daily_result_pdf
201608020510,2016,京都,2,5,10,2016-02-13,https://www.jra.go.jp/datafile/seiseki/report/2016/2016-2kyoto5.pdf,official_daily_result_pdf
201608020511,2016,京都,2,5,11,2016-02-13,https://www.jra.go.jp/datafile/seiseki/report/2016/2016-2kyoto5.pdf,official_daily_result_pdf
201608020512,2016,京都,2,5,12,2016-02-13,https://www.jra.go.jp/datafile/seiseki/report/2016/2016-2kyoto5.pdf,official_daily_result_pdf
201608020601,2016,京都,2,6,1,2016-02-14,https://www.jra.go.jp/datafile/seiseki/report/2016/2016-2kyoto6.pdf,official_daily_result_pdf
201608020602,2016,京都,2,6,2,2016-02-14,https://www.jra.go.jp/datafile/seiseki/report/2016/2016-2kyoto6.pdf,official_daily_result_pdf
201608020603,2016,京都,2,6,3,2016-02-14,https://www.jra.go.jp/datafile/seiseki/report/2016/2016-2kyoto6.pdf,official_daily_result_pdf
201608020604,2016,京都,2,6,4,2016-02-14,https://www.jra.go.jp/datafile/seiseki/report/2016/2016-2kyoto6.pdf,official_daily_result_pdf
201608020605,2016,京都,2,6,5,2016-02-14,https://www.jra.go.jp/datafile/seiseki/report/2016/2016-2kyoto6.pdf,official_daily_result_pdf
201608020606,2016,京都,2,6,6,2016-02-14,https://www.jra.go.jp/datafile/seiseki/report/2016/2016-2kyoto6.pdf,official_daily_result_pdf
201608020607,2016,京都,2,6,7,2016-02-14,https://www.jra.go.jp/datafile/seiseki/report/2016/2016-2kyoto6.pdf,official_daily_result_pdf
201608020608,2016,京都,2,6,8,2016-02-14,https://www.jra.go.jp/datafile/seiseki/report/2016/2016-2kyoto6.pdf,official_daily_result_pdf
201608020609,2016,京都,2,6,9,2016-02-14,https://www.jra.go.jp/datafile/seiseki/report/2016/2016-2kyoto6.pdf,official_daily_result_pdf
201608020610,2016,京都,2,6,10,2016-02-14,https://www.jra.go.jp/datafile/seiseki/report/2016/2016-2kyoto6.pdf,official_daily_result_pdf
201608020611,2016,京都,2,6,11,2016-02-14,https://www.jra.go.jp/datafile/seiseki/report/2016/2016-2kyoto6.pdf,official_daily_result_pdf
201608020612,2016,京都,2,6,12,2016-02-14,https://www.jra.go.jp/datafile/seiseki/report/2016/2016-2kyoto6.pdf,official_daily_result_pdf
201608020701,2016,京都,2,7,1,2016-02-20,https://www.jra.go.jp/datafile/seiseki/report/2016/2016-2kyoto7.pdf,official_daily_result_pdf
201608020702,2016,京都,2,7,2,2016-02-20,https://www.jra.go.jp/datafile/seiseki/report/2016/2016-2kyoto7.pdf,official_daily_result_pdf
201608020703,2016,京都,2,7,3,2016-02-20,https://www.jra.go.jp/datafile/seiseki/report/2016/2016-2kyoto7.pdf,official_daily_result_pdf
201608020704,2016,京都,2,7,4,2016-02-20,https://www.jra.go.jp/datafile/seiseki/report/2016/2016-2kyoto7.pdf,official_daily_result_pdf
201608020705,2016,京都,2,7,5,2016-02-20,https://www.jra.go.jp/datafile/seiseki/report/2016/2016-2kyoto7.pdf,official_daily_result_pdf
201608020706,2016,京都,2,7,6,2016-02-20,https://www.jra.go.jp/datafile/seiseki/report/2016/2016-2kyoto7.pdf,official_daily_result_pdf
201608020707,2016,京都,2,7,7,2016-02-20,https://www.jra.go.jp/datafile/seiseki/report/2016/2016-2kyoto7.pdf,official_daily_result_pdf
201608020708,2016,京都,2,7,8,2016-02-20,https://www.jra.go.jp/datafile/seiseki/report/2016/2016-2kyoto7.pdf,official_daily_result_pdf
201608020709,2016,京都,2,7,9,2016-02-20,https://www.jra.go.jp/datafile/seiseki/report/2016/2016-2kyoto7.pdf,official_daily_result_pdf
201608020710,2016,京都,2,7,10,2016-02-20,https://www.jra.go.jp/datafile/seiseki/report/2016/2016-2kyoto7.pdf,official_daily_result_pdf
201608020711,2016,京都,2,7,11,2016-02-20,https://www.jra.go.jp/datafile/seiseki/report/2016/2016-2kyoto7.pdf,official_daily_result_pdf
201608020712,2016,京都,2,7,12,2016-02-20,https://www.jra.go.jp/datafile/seiseki/report/2016/2016-2kyoto7.pdf,official_daily_result_pdf
201608020801,2016,京都,2,8,1,2016-02-21,https://www.jra.go.jp/datafile/seiseki/report/2016/2016-2kyoto8.pdf,official_daily_result_pdf
201608020802,2016,京都,2,8,2,2016-02-21,https://www.jra.go.jp/datafile/seiseki/report/2016/2016-2kyoto8.pdf,official_daily_result_pdf
201608020803,2016,京都,2,8,3,2016-02-21,https://www.jra.go.jp/datafile/seiseki/report/2016/2016-2kyoto8.pdf,official_daily_result_pdf
201608020804,2016,京都,2,8,4,2016-02-21,https://www.jra.go.jp/datafile/seiseki/report/2016/2016-2kyoto8.pdf,official_daily_result_pdf
201608020805,2016,京都,2,8,5,2016-02-21,https://www.jra.go.jp/datafile/seiseki/report/2016/2016-2kyoto8.pdf,official_daily_result_pdf
201608020806,2016,京都,2,8,6,2016-02-21,https://www.jra.go.jp/datafile/seiseki/report/2016/2016-2kyoto8.pdf,official_daily_result_pdf
201608020807,2016,京都,2,8,7,2016-02-21,https://www.jra.go.jp/datafile/seiseki/report/2016/2016-2kyoto8.pdf,official_daily_result_pdf
201608020808,2016,京都,2,8,8,2016-02-21,https://www.jra.go.jp/datafile/seiseki/report/2016/2016-2kyoto8.pdf,official_daily_result_pdf
201608020809,2016,京都,2,8,9,2016-02-21,https://www.jra.go.jp/datafile/seiseki/report/2016/2016-2kyoto8.pdf,official_daily_result_pdf
201608020810,2016,京都,2,8,10,2016-02-21,https://www.jra.go.jp/datafile/seiseki/report/2016/2016-2kyoto8.pdf,official_daily_result_pdf
201608020811,2016,京都,2,8,11,2016-02-21,https://www.jra.go.jp/datafile/seiseki/report/2016/2016-2kyoto8.pdf,official_daily_result_pdf
201608020812,2016,京都,2,8,12,2016-02-21,https://www.jra.go.jp/datafile/seiseki/report/2016/2016-2kyoto8.pdf,official_daily_result_pdf
201608030101,2016,京都,3,1,1,2016-04-23,https://www.jra.go.jp/datafile/seiseki/report/2016/2016-3kyoto1.pdf,official_daily_result_pdf
201608030102,2016,京都,3,1,2,2016-04-23,https://www.jra.go.jp/datafile/seiseki/report/2016/2016-3kyoto1.pdf,official_daily_result_pdf
201608030103,2016,京都,3,1,3,2016-04-23,https://www.jra.go.jp/datafile/seiseki/report/2016/2016-3kyoto1.pdf,official_daily_result_pdf
201608030104,2016,京都,3,1,4,2016-04-23,https://www.jra.go.jp/datafile/seiseki/report/2016/2016-3kyoto1.pdf,official_daily_result_pdf
201608030105,2016,京都,3,1,5,2016-04-23,https://www.jra.go.jp/datafile/seiseki/report/2016/2016-3kyoto1.pdf,official_daily_result_pdf
201608030106,2016,京都,3,1,6,2016-04-23,https://www.jra.go.jp/datafile/seiseki/report/2016/2016-3kyoto1.pdf,official_daily_result_pdf
201608030107,2016,京都,3,1,7,2016-04-23,https://www.jra.go.jp/datafile/seiseki/report/2016/2016-3kyoto1.pdf,official_daily_result_pdf
201608030108,2016,京都,3,1,8,2016-04-23,https://www.jra.go.jp/datafile/seiseki/report/2016/2016-3kyoto1.pdf,official_daily_result_pdf
201608030109,2016,京都,3,1,9,2016-04-23,https://www.jra.go.jp/datafile/seiseki/report/2016/2016-3kyoto1.pdf,official_daily_result_pdf
201608030110,2016,京都,3,1,10,2016-04-23,https://www.jra.go.jp/datafile/seiseki/report/2016/2016-3kyoto1.pdf,official_daily_result_pdf
201608030111,2016,京都,3,1,11,2016-04-23,https://www.jra.go.jp/datafile/seiseki/report/2016/2016-3kyoto1.pdf,official_daily_result_pdf
201608030112,2016,京都,3,1,12,2016-04-23,https://www.jra.go.jp/datafile/seiseki/report/2016/2016-3kyoto1.pdf,official_daily_result_pdf
201608030201,2016,京都,3,2,1,2016-04-24,https://www.jra.go.jp/datafile/seiseki/report/2016/2016-3kyoto2.pdf,official_daily_result_pdf
201608030202,2016,京都,3,2,2,2016-04-24,https://www.jra.go.jp/datafile/seiseki/report/2016/2016-3kyoto2.pdf,official_daily_result_pdf
201608030203,2016,京都,3,2,3,2016-04-24,https://www.jra.go.jp/datafile/seiseki/report/2016/2016-3kyoto2.pdf,official_daily_result_pdf
201608030204,2016,京都,3,2,4,2016-04-24,https://www.jra.go.jp/datafile/seiseki/report/2016/2016-3kyoto2.pdf,official_daily_result_pdf
201608030205,2016,京都,3,2,5,2016-04-24,https://www.jra.go.jp/datafile/seiseki/report/2016/2016-3kyoto2.pdf,official_daily_result_pdf
201608030206,2016,京都,3,2,6,2016-04-24,https://www.jra.go.jp/datafile/seiseki/report/2016/2016-3kyoto2.pdf,official_daily_result_pdf
201608030207,2016,京都,3,2,7,2016-04-24,https://www.jra.go.jp/datafile/seiseki/report/2016/2016-3kyoto2.pdf,official_daily_result_pdf
201608030208,2016,京都,3,2,8,2016-04-24,https://www.jra.go.jp/datafile/seiseki/report/2016/2016-3kyoto2.pdf,official_daily_result_pdf
201608030209,2016,京都,3,2,9,2016-04-24,https://www.jra.go.jp/datafile/seiseki/report/2016/2016-3kyoto2.pdf,official_daily_result_pdf
201608030210,2016,京都,3,2,10,2016-04-24,https://www.jra.go.jp/datafile/seiseki/report/2016/2016-3kyoto2.pdf,official_daily_result_pdf
201608030211,2016,京都,3,2,11,2016-04-24,https://www.jra.go.jp/datafile/seiseki/report/2016/2016-3kyoto2.pdf,official_daily_result_pdf
201608030212,2016,京都,3,2,12,2016-04-24,https://www.jra.go.jp/datafile/seiseki/report/2016/2016-3kyoto2.pdf,official_daily_result_pdf
201608030301,2016,京都,3,3,1,2016-04-30,https://www.jra.go.jp/datafile/seiseki/report/2016/2016-3kyoto3.pdf,official_daily_result_pdf
201608030302,2016,京都,3,3,2,2016-04-30,https://www.jra.go.jp/datafile/seiseki/report/2016/2016-3kyoto3.pdf,official_daily_result_pdf
201608030303,2016,京都,3,3,3,2016-04-30,https://www.jra.go.jp/datafile/seiseki/report/2016/2016-3kyoto3.pdf,official_daily_result_pdf
201608030304,2016,京都,3,3,4,2016-04-30,https://www.jra.go.jp/datafile/seiseki/report/2016/2016-3kyoto3.pdf,official_daily_result_pdf
201608030305,2016,京都,3,3,5,2016-04-30,https://www.jra.go.jp/datafile/seiseki/report/2016/2016-3kyoto3.pdf,official_daily_result_pdf
201608030306,2016,京都,3,3,6,2016-04-30,https://www.jra.go.jp/datafile/seiseki/report/2016/2016-3kyoto3.pdf,official_daily_result_pdf
201608030307,2016,京都,3,3,7,2016-04-30,https://www.jra.go.jp/datafile/seiseki/report/2016/2016-3kyoto3.pdf,official_daily_result_pdf
201608030308,2016,京都,3,3,8,2016-04-30,https://www.jra.go.jp/datafile/seiseki/report/2016/2016-3kyoto3.pdf,official_daily_result_pdf
201608030309,2016,京都,3,3,9,2016-04-30,https://www.jra.go.jp/datafile/seiseki/report/2016/2016-3kyoto3.pdf,official_daily_result_pdf
201608030310,2016,京都,3,3,10,2016-04-30,https://www.jra.go.jp/datafile/seiseki/report/2016/2016-3kyoto3.pdf,official_daily_result_pdf
201608030311,2016,京都,3,3,11,2016-04-30,https://www.jra.go.jp/datafile/seiseki/report/2016/2016-3kyoto3.pdf,official_daily_result_pdf
201608030312,2016,京都,3,3,12,2016-04-30,https://www.jra.go.jp/datafile/seiseki/report/2016/2016-3kyoto3.pdf,official_daily_result_pdf
201608030401,2016,京都,3,4,1,2016-05-01,https://www.jra.go.jp/datafile/seiseki/report/2016/2016-3kyoto4.pdf,official_daily_result_pdf
201608030402,2016,京都,3,4,2,2016-05-01,https://www.jra.go.jp/datafile/seiseki/report/2016/2016-3kyoto4.pdf,official_daily_result_pdf
201608030403,2016,京都,3,4,3,2016-05-01,https://www.jra.go.jp/datafile/seiseki/report/2016/2016-3kyoto4.pdf,official_daily_result_pdf
201608030404,2016,京都,3,4,4,2016-05-01,https://www.jra.go.jp/datafile/seiseki/report/2016/2016-3kyoto4.pdf,official_daily_result_pdf
201608030405,2016,京都,3,4,5,2016-05-01,https://www.jra.go.jp/datafile/seiseki/report/2016/2016-3kyoto4.pdf,official_daily_result_pdf
201608030406,2016,京都,3,4,6,2016-05-01,https://www.jra.go.jp/datafile/seiseki/report/2016/2016-3kyoto4.pdf,official_daily_result_pdf
201608030407,2016,京都,3,4,7,2016-05-01,https://www.jra.go.jp/datafile/seiseki/report/2016/2016-3kyoto4.pdf,official_daily_result_pdf
201608030408,2016,京都,3,4,8,2016-05-01,https://www.jra.go.jp/datafile/seiseki/report/2016/2016-3kyoto4.pdf,official_daily_result_pdf
201608030409,2016,京都,3,4,9,2016-05-01,https://www.jra.go.jp/datafile/seiseki/report/2016/2016-3kyoto4.pdf,official_daily_result_pdf
201608030410,2016,京都,3,4,10,2016-05-01,https://www.jra.go.jp/datafile/seiseki/report/2016/2016-3kyoto4.pdf,official_daily_result_pdf
201608030411,2016,京都,3,4,11,2016-05-01,https://www.jra.go.jp/datafile/seiseki/report/2016/2016-3kyoto4.pdf,official_daily_result_pdf
201608030412,2016,京都,3,4,12,2016-05-01,https://www.jra.go.jp/datafile/seiseki/report/2016/2016-3kyoto4.pdf,official_daily_result_pdf
201608030501,2016,京都,3,5,1,2016-05-07,https://www.jra.go.jp/datafile/seiseki/report/2016/2016-3kyoto5.pdf,official_daily_result_pdf
201608030502,2016,京都,3,5,2,2016-05-07,https://www.jra.go.jp/datafile/seiseki/report/2016/2016-3kyoto5.pdf,official_daily_result_pdf
201608030503,2016,京都,3,5,3,2016-05-07,https://www.jra.go.jp/datafile/seiseki/report/2016/2016-3kyoto5.pdf,official_daily_result_pdf
201608030504,2016,京都,3,5,4,2016-05-07,https://www.jra.go.jp/datafile/seiseki/report/2016/2016-3kyoto5.pdf,official_daily_result_pdf
201608030505,2016,京都,3,5,5,2016-05-07,https://www.jra.go.jp/datafile/seiseki/report/2016/2016-3kyoto5.pdf,official_daily_result_pdf
201608030506,2016,京都,3,5,6,2016-05-07,https://www.jra.go.jp/datafile/seiseki/report/2016/2016-3kyoto5.pdf,official_daily_result_pdf
201608030507,2016,京都,3,5,7,2016-05-07,https://www.jra.go.jp/datafile/seiseki/report/2016/2016-3kyoto5.pdf,official_daily_result_pdf
201608030508,2016,京都,3,5,8,2016-05-07,https://www.jra.go.jp/datafile/seiseki/report/2016/2016-3kyoto5.pdf,official_daily_result_pdf
201608030509,2016,京都,3,5,9,2016-05-07,https://www.jra.go.jp/datafile/seiseki/report/2016/2016-3kyoto5.pdf,official_daily_result_pdf
201608030510,2016,京都,3,5,10,2016-05-07,https://www.jra.go.jp/datafile/seiseki/report/2016/2016-3kyoto5.pdf,official_daily_result_pdf
201608030511,2016,京都,3,5,11,2016-05-07,https://www.jra.go.jp/datafile/seiseki/report/2016/2016-3kyoto5.pdf,official_daily_result_pdf
201608030512,2016,京都,3,5,12,2016-05-07,https://www.jra.go.jp/datafile/seiseki/report/2016/2016-3kyoto5.pdf,official_daily_result_pdf
201608030601,2016,京都,3,6,1,2016-05-08,https://www.jra.go.jp/datafile/seiseki/report/2016/2016-3kyoto6.pdf,official_daily_result_pdf
201608030602,2016,京都,3,6,2,2016-05-08,https://www.jra.go.jp/datafile/seiseki/report/2016/2016-3kyoto6.pdf,official_daily_result_pdf
201608030603,2016,京都,3,6,3,2016-05-08,https://www.jra.go.jp/datafile/seiseki/report/2016/2016-3kyoto6.pdf,official_daily_result_pdf
201608030604,2016,京都,3,6,4,2016-05-08,https://www.jra.go.jp/datafile/seiseki/report/2016/2016-3kyoto6.pdf,official_daily_result_pdf
201608030605,2016,京都,3,6,5,2016-05-08,https://www.jra.go.jp/datafile/seiseki/report/2016/2016-3kyoto6.pdf,official_daily_result_pdf
201608030606,2016,京都,3,6,6,2016-05-08,https://www.jra.go.jp/datafile/seiseki/report/2016/2016-3kyoto6.pdf,official_daily_result_pdf
201608030607,2016,京都,3,6,7,2016-05-08,https://www.jra.go.jp/datafile/seiseki/report/2016/2016-3kyoto6.pdf,official_daily_result_pdf
201608030608,2016,京都,3,6,8,2016-05-08,https://www.jra.go.jp/datafile/seiseki/report/2016/2016-3kyoto6.pdf,official_daily_result_pdf
201608030609,2016,京都,3,6,9,2016-05-08,https://www.jra.go.jp/datafile/seiseki/report/2016/2016-3kyoto6.pdf,official_daily_result_pdf
201608030610,2016,京都,3,6,10,2016-05-08,https://www.jra.go.jp/datafile/seiseki/report/2016/2016-3kyoto6.pdf,official_daily_result_pdf
201608030611,2016,京都,3,6,11,2016-05-08,https://www.jra.go.jp/datafile/seiseki/report/2016/2016-3kyoto6.pdf,official_daily_result_pdf
201608030612,2016,京都,3,6,12,2016-05-08,https://www.jra.go.jp/datafile/seiseki/report/2016/2016-3kyoto6.pdf,official_daily_result_pdf
201608030701,2016,京都,3,7,1,2016-05-14,https://www.jra.go.jp/datafile/seiseki/report/2016/2016-3kyoto7.pdf,official_daily_result_pdf
201608030702,2016,京都,3,7,2,2016-05-14,https://www.jra.go.jp/datafile/seiseki/report/2016/2016-3kyoto7.pdf,official_daily_result_pdf
201608030703,2016,京都,3,7,3,2016-05-14,https://www.jra.go.jp/datafile/seiseki/report/2016/2016-3kyoto7.pdf,official_daily_result_pdf
201608030704,2016,京都,3,7,4,2016-05-14,https://www.jra.go.jp/datafile/seiseki/report/2016/2016-3kyoto7.pdf,official_daily_result_pdf
201608030705,2016,京都,3,7,5,2016-05-14,https://www.jra.go.jp/datafile/seiseki/report/2016/2016-3kyoto7.pdf,official_daily_result_pdf
201608030706,2016,京都,3,7,6,2016-05-14,https://www.jra.go.jp/datafile/seiseki/report/2016/2016-3kyoto7.pdf,official_daily_result_pdf
201608030707,2016,京都,3,7,7,2016-05-14,https://www.jra.go.jp/datafile/seiseki/report/2016/2016-3kyoto7.pdf,official_daily_result_pdf
201608030708,2016,京都,3,7,8,2016-05-14,https://www.jra.go.jp/datafile/seiseki/report/2016/2016-3kyoto7.pdf,official_daily_result_pdf
201608030709,2016,京都,3,7,9,2016-05-14,https://www.jra.go.jp/datafile/seiseki/report/2016/2016-3kyoto7.pdf,official_daily_result_pdf
201608030710,2016,京都,3,7,10,2016-05-14,https://www.jra.go.jp/datafile/seiseki/report/2016/2016-3kyoto7.pdf,official_daily_result_pdf
201608030711,2016,京都,3,7,11,2016-05-14,https://www.jra.go.jp/datafile/seiseki/report/2016/2016-3kyoto7.pdf,official_daily_result_pdf
201608030712,2016,京都,3,7,12,2016-05-14,https://www.jra.go.jp/datafile/seiseki/report/2016/2016-3kyoto7.pdf,official_daily_result_pdf
201608030801,2016,京都,3,8,1,2016-05-15,https://www.jra.go.jp/datafile/seiseki/report/2016/2016-3kyoto8.pdf,official_daily_result_pdf
201608030802,2016,京都,3,8,2,2016-05-15,https://www.jra.go.jp/datafile/seiseki/report/2016/2016-3kyoto8.pdf,official_daily_result_pdf
201608030803,2016,京都,3,8,3,2016-05-15,https://www.jra.go.jp/datafile/seiseki/report/2016/2016-3kyoto8.pdf,official_daily_result_pdf
201608030804,2016,京都,3,8,4,2016-05-15,https://www.jra.go.jp/datafile/seiseki/report/2016/2016-3kyoto8.pdf,official_daily_result_pdf
201608030805,2016,京都,3,8,5,2016-05-15,https://www.jra.go.jp/datafile/seiseki/report/2016/2016-3kyoto8.pdf,official_daily_result_pdf
201608030806,2016,京都,3,8,6,2016-05-15,https://www.jra.go.jp/datafile/seiseki/report/2016/2016-3kyoto8.pdf,official_daily_result_pdf
201608030807,2016,京都,3,8,7,2016-05-15,https://www.jra.go.jp/datafile/seiseki/report/2016/2016-3kyoto8.pdf,official_daily_result_pdf
201608030808,2016,京都,3,8,8,2016-05-15,https://www.jra.go.jp/datafile/seiseki/report/2016/2016-3kyoto8.pdf,official_daily_result_pdf
201608030809,2016,京都,3,8,9,2016-05-15,https://www.jra.go.jp/datafile/seiseki/report/2016/2016-3kyoto8.pdf,official_daily_result_pdf
201608030810,2016,京都,3,8,10,2016-05-15,https://www.jra.go.jp/datafile/seiseki/report/2016/2016-3kyoto8.pdf,official_daily_result_pdf
201608030811,2016,京都,3,8,11,2016-05-15,https://www.jra.go.jp/datafile/seiseki/report/2016/2016-3kyoto8.pdf,official_daily_result_pdf
201608030812,2016,京都,3,8,12,2016-05-15,https://www.jra.go.jp/datafile/seiseki/report/2016/2016-3kyoto8.pdf,official_daily_result_pdf
201608030901,2016,京都,3,9,1,2016-05-21,https://www.jra.go.jp/datafile/seiseki/report/2016/2016-3kyoto9.pdf,official_daily_result_pdf
201608030902,2016,京都,3,9,2,2016-05-21,https://www.jra.go.jp/datafile/seiseki/report/2016/2016-3kyoto9.pdf,official_daily_result_pdf
201608030903,2016,京都,3,9,3,2016-05-21,https://www.jra.go.jp/datafile/seiseki/report/2016/2016-3kyoto9.pdf,official_daily_result_pdf
201608030904,2016,京都,3,9,4,2016-05-21,https://www.jra.go.jp/datafile/seiseki/report/2016/2016-3kyoto9.pdf,official_daily_result_pdf
201608030905,2016,京都,3,9,5,2016-05-21,https://www.jra.go.jp/datafile/seiseki/report/2016/2016-3kyoto9.pdf,official_daily_result_pdf
201608030906,2016,京都,3,9,6,2016-05-21,https://www.jra.go.jp/datafile/seiseki/report/2016/2016-3kyoto9.pdf,official_daily_result_pdf
201608030907,2016,京都,3,9,7,2016-05-21,https://www.jra.go.jp/datafile/seiseki/report/2016/2016-3kyoto9.pdf,official_daily_result_pdf
201608030908,2016,京都,3,9,8,2016-05-21,https://www.jra.go.jp/datafile/seiseki/report/2016/2016-3kyoto9.pdf,official_daily_result_pdf
201608030909,2016,京都,3,9,9,2016-05-21,https://www.jra.go.jp/datafile/seiseki/report/2016/2016-3kyoto9.pdf,official_daily_result_pdf
201608030910,2016,京都,3,9,10,2016-05-21,https://www.jra.go.jp/datafile/seiseki/report/2016/2016-3kyoto9.pdf,official_daily_result_pdf
201608030911,2016,京都,3,9,11,2016-05-21,https://www.jra.go.jp/datafile/seiseki/report/2016/2016-3kyoto9.pdf,official_daily_result_pdf
201608030912,2016,京都,3,9,12,2016-05-21,https://www.jra.go.jp/datafile/seiseki/report/2016/2016-3kyoto9.pdf,official_daily_result_pdf
201608031001,2016,京都,3,10,1,2016-05-22,https://www.jra.go.jp/datafile/seiseki/report/2016/2016-3kyoto10.pdf,official_daily_result_pdf
201608031002,2016,京都,3,10,2,2016-05-22,https://www.jra.go.jp/datafile/seiseki/report/2016/2016-3kyoto10.pdf,official_daily_result_pdf
201608031003,2016,京都,3,10,3,2016-05-22,https://www.jra.go.jp/datafile/seiseki/report/2016/2016-3kyoto10.pdf,official_daily_result_pdf
201608031004,2016,京都,3,10,4,2016-05-22,https://www.jra.go.jp/datafile/seiseki/report/2016/2016-3kyoto10.pdf,official_daily_result_pdf
201608031005,2016,京都,3,10,5,2016-05-22,https://www.jra.go.jp/datafile/seiseki/report/2016/2016-3kyoto10.pdf,official_daily_result_pdf
201608031006,2016,京都,3,10,6,2016-05-22,https://www.jra.go.jp/datafile/seiseki/report/2016/2016-3kyoto10.pdf,official_daily_result_pdf
201608031007,2016,京都,3,10,7,2016-05-22,https://www.jra.go.jp/datafile/seiseki/report/2016/2016-3kyoto10.pdf,official_daily_result_pdf
201608031008,2016,京都,3,10,8,2016-05-22,https://www.jra.go.jp/datafile/seiseki/report/2016/2016-3kyoto10.pdf,official_daily_result_pdf
201608031009,2016,京都,3,10,9,2016-05-22,https://www.jra.go.jp/datafile/seiseki/report/2016/2016-3kyoto10.pdf,official_daily_result_pdf
201608031010,2016,京都,3,10,10,2016-05-22,https://www.jra.go.jp/datafile/seiseki/report/2016/2016-3kyoto10.pdf,official_daily_result_pdf
201608031011,2016,京都,3,10,11,2016-05-22,https://www.jra.go.jp/datafile/seiseki/report/2016/2016-3kyoto10.pdf,official_daily_result_pdf
201608031012,2016,京都,3,10,12,2016-05-22,https://www.jra.go.jp/datafile/seiseki/report/2016/2016-3kyoto10.pdf,official_daily_result_pdf
201608031101,2016,京都,3,11,1,2016-05-28,https://www.jra.go.jp/datafile/seiseki/report/2016/2016-3kyoto11.pdf,official_daily_result_pdf
201608031102,2016,京都,3,11,2,2016-05-28,https://www.jra.go.jp/datafile/seiseki/report/2016/2016-3kyoto11.pdf,official_daily_result_pdf
201608031103,2016,京都,3,11,3,2016-05-28,https://www.jra.go.jp/datafile/seiseki/report/2016/2016-3kyoto11.pdf,official_daily_result_pdf
201608031104,2016,京都,3,11,4,2016-05-28,https://www.jra.go.jp/datafile/seiseki/report/2016/2016-3kyoto11.pdf,official_daily_result_pdf
201608031105,2016,京都,3,11,5,2016-05-28,https://www.jra.go.jp/datafile/seiseki/report/2016/2016-3kyoto11.pdf,official_daily_result_pdf
201608031106,2016,京都,3,11,6,2016-05-28,https://www.jra.go.jp/datafile/seiseki/report/2016/2016-3kyoto11.pdf,official_daily_result_pdf
201608031107,2016,京都,3,11,7,2016-05-28,https://www.jra.go.jp/datafile/seiseki/report/2016/2016-3kyoto11.pdf,official_daily_result_pdf
201608031108,2016,京都,3,11,8,2016-05-28,https://www.jra.go.jp/datafile/seiseki/report/2016/2016-3kyoto11.pdf,official_daily_result_pdf
201608031109,2016,京都,3,11,9,2016-05-28,https://www.jra.go.jp/datafile/seiseki/report/2016/2016-3kyoto11.pdf,official_daily_result_pdf
201608031110,2016,京都,3,11,10,2016-05-28,https://www.jra.go.jp/datafile/seiseki/report/2016/2016-3kyoto11.pdf,official_daily_result_pdf
201608031111,2016,京都,3,11,11,2016-05-28,https://www.jra.go.jp/datafile/seiseki/report/2016/2016-3kyoto11.pdf,official_daily_result_pdf
201608031112,2016,京都,3,11,12,2016-05-28,https://www.jra.go.jp/datafile/seiseki/report/2016/2016-3kyoto11.pdf,official_daily_result_pdf
201608031201,2016,京都,3,12,1,2016-05-29,https://www.jra.go.jp/datafile/seiseki/report/2016/2016-3kyoto12.pdf,official_daily_result_pdf
201608031202,2016,京都,3,12,2,2016-05-29,https://www.jra.go.jp/datafile/seiseki/report/2016/2016-3kyoto12.pdf,official_daily_result_pdf
201608031203,2016,京都,3,12,3,2016-05-29,https://www.jra.go.jp/datafile/seiseki/report/2016/2016-3kyoto12.pdf,official_daily_result_pdf
201608031204,2016,京都,3,12,4,2016-05-29,https://www.jra.go.jp/datafile/seiseki/report/2016/2016-3kyoto12.pdf,official_daily_result_pdf
201608031205,2016,京都,3,12,5,2016-05-29,https://www.jra.go.jp/datafile/seiseki/report/2016/2016-3kyoto12.pdf,official_daily_result_pdf
201608031206,2016,京都,3,12,6,2016-05-29,https://www.jra.go.jp/datafile/seiseki/report/2016/2016-3kyoto12.pdf,official_daily_result_pdf
201608031207,2016,京都,3,12,7,2016-05-29,https://www.jra.go.jp/datafile/seiseki/report/2016/2016-3kyoto12.pdf,official_daily_result_pdf
201608031208,2016,京都,3,12,8,2016-05-29,https://www.jra.go.jp/datafile/seiseki/report/2016/2016-3kyoto12.pdf,official_daily_result_pdf
201608031209,2016,京都,3,12,9,2016-05-29,https://www.jra.go.jp/datafile/seiseki/report/2016/2016-3kyoto12.pdf,official_daily_result_pdf
201608031210,2016,京都,3,12,10,2016-05-29,https://www.jra.go.jp/datafile/seiseki/report/2016/2016-3kyoto12.pdf,official_daily_result_pdf
201608031211,2016,京都,3,12,11,2016-05-29,https://www.jra.go.jp/datafile/seiseki/report/2016/2016-3kyoto12.pdf,official_daily_result_pdf
201608031212,2016,京都,3,12,12,2016-05-29,https://www.jra.go.jp/datafile/seiseki/report/2016/2016-3kyoto12.pdf,official_daily_result_pdf
201608040101,2016,京都,4,1,1,2016-10-08,https://www.jra.go.jp/datafile/seiseki/report/2016/2016-4kyoto1.pdf,official_daily_result_pdf
201608040102,2016,京都,4,1,2,2016-10-08,https://www.jra.go.jp/datafile/seiseki/report/2016/2016-4kyoto1.pdf,official_daily_result_pdf
201608040103,2016,京都,4,1,3,2016-10-08,https://www.jra.go.jp/datafile/seiseki/report/2016/2016-4kyoto1.pdf,official_daily_result_pdf
201608040104,2016,京都,4,1,4,2016-10-08,https://www.jra.go.jp/datafile/seiseki/report/2016/2016-4kyoto1.pdf,official_daily_result_pdf
201608040105,2016,京都,4,1,5,2016-10-08,https://www.jra.go.jp/datafile/seiseki/report/2016/2016-4kyoto1.pdf,official_daily_result_pdf
201608040106,2016,京都,4,1,6,2016-10-08,https://www.jra.go.jp/datafile/seiseki/report/2016/2016-4kyoto1.pdf,official_daily_result_pdf
201608040107,2016,京都,4,1,7,2016-10-08,https://www.jra.go.jp/datafile/seiseki/report/2016/2016-4kyoto1.pdf,official_daily_result_pdf
201608040108,2016,京都,4,1,8,2016-10-08,https://www.jra.go.jp/datafile/seiseki/report/2016/2016-4kyoto1.pdf,official_daily_result_pdf
201608040109,2016,京都,4,1,9,2016-10-08,https://www.jra.go.jp/datafile/seiseki/report/2016/2016-4kyoto1.pdf,official_daily_result_pdf
201608040110,2016,京都,4,1,10,2016-10-08,https://www.jra.go.jp/datafile/seiseki/report/2016/2016-4kyoto1.pdf,official_daily_result_pdf
201608040111,2016,京都,4,1,11,2016-10-08,https://www.jra.go.jp/datafile/seiseki/report/2016/2016-4kyoto1.pdf,official_daily_result_pdf
201608040112,2016,京都,4,1,12,2016-10-08,https://www.jra.go.jp/datafile/seiseki/report/2016/2016-4kyoto1.pdf,official_daily_result_pdf
201608040201,2016,京都,4,2,1,2016-10-09,https://www.jra.go.jp/datafile/seiseki/report/2016/2016-4kyoto2.pdf,official_daily_result_pdf
201608040202,2016,京都,4,2,2,2016-10-09,https://www.jra.go.jp/datafile/seiseki/report/2016/2016-4kyoto2.pdf,official_daily_result_pdf
201608040203,2016,京都,4,2,3,2016-10-09,https://www.jra.go.jp/datafile/seiseki/report/2016/2016-4kyoto2.pdf,official_daily_result_pdf
201608040204,2016,京都,4,2,4,2016-10-09,https://www.jra.go.jp/datafile/seiseki/report/2016/2016-4kyoto2.pdf,official_daily_result_pdf
201608040205,2016,京都,4,2,5,2016-10-09,https://www.jra.go.jp/datafile/seiseki/report/2016/2016-4kyoto2.pdf,official_daily_result_pdf
201608040206,2016,京都,4,2,6,2016-10-09,https://www.jra.go.jp/datafile/seiseki/report/2016/2016-4kyoto2.pdf,official_daily_result_pdf
201608040207,2016,京都,4,2,7,2016-10-09,https://www.jra.go.jp/datafile/seiseki/report/2016/2016-4kyoto2.pdf,official_daily_result_pdf
201608040208,2016,京都,4,2,8,2016-10-09,https://www.jra.go.jp/datafile/seiseki/report/2016/2016-4kyoto2.pdf,official_daily_result_pdf
201608040209,2016,京都,4,2,9,2016-10-09,https://www.jra.go.jp/datafile/seiseki/report/2016/2016-4kyoto2.pdf,official_daily_result_pdf
201608040210,2016,京都,4,2,10,2016-10-09,https://www.jra.go.jp/datafile/seiseki/report/2016/2016-4kyoto2.pdf,official_daily_result_pdf
201608040211,2016,京都,4,2,11,2016-10-09,https://www.jra.go.jp/datafile/seiseki/report/2016/2016-4kyoto2.pdf,official_daily_result_pdf
201608040212,2016,京都,4,2,12,2016-10-09,https://www.jra.go.jp/datafile/seiseki/report/2016/2016-4kyoto2.pdf,official_daily_result_pdf
201608040301,2016,京都,4,3,1,2016-10-10,https://www.jra.go.jp/datafile/seiseki/report/2016/2016-4kyoto3.pdf,official_daily_result_pdf
201608040302,2016,京都,4,3,2,2016-10-10,https://www.jra.go.jp/datafile/seiseki/report/2016/2016-4kyoto3.pdf,official_daily_result_pdf
201608040303,2016,京都,4,3,3,2016-10-10,https://www.jra.go.jp/datafile/seiseki/report/2016/2016-4kyoto3.pdf,official_daily_result_pdf
201608040304,2016,京都,4,3,4,2016-10-10,https://www.jra.go.jp/datafile/seiseki/report/2016/2016-4kyoto3.pdf,official_daily_result_pdf
201608040305,2016,京都,4,3,5,2016-10-10,https://www.jra.go.jp/datafile/seiseki/report/2016/2016-4kyoto3.pdf,official_daily_result_pdf
201608040306,2016,京都,4,3,6,2016-10-10,https://www.jra.go.jp/datafile/seiseki/report/2016/2016-4kyoto3.pdf,official_daily_result_pdf
201608040307,2016,京都,4,3,7,2016-10-10,https://www.jra.go.jp/datafile/seiseki/report/2016/2016-4kyoto3.pdf,official_daily_result_pdf
201608040308,2016,京都,4,3,8,2016-10-10,https://www.jra.go.jp/datafile/seiseki/report/2016/2016-4kyoto3.pdf,official_daily_result_pdf
201608040309,2016,京都,4,3,9,2016-10-10,https://www.jra.go.jp/datafile/seiseki/report/2016/2016-4kyoto3.pdf,official_daily_result_pdf
201608040310,2016,京都,4,3,10,2016-10-10,https://www.jra.go.jp/datafile/seiseki/report/2016/2016-4kyoto3.pdf,official_daily_result_pdf
201608040311,2016,京都,4,3,11,2016-10-10,https://www.jra.go.jp/datafile/seiseki/report/2016/2016-4kyoto3.pdf,official_daily_result_pdf
201608040312,2016,京都,4,3,12,2016-10-10,https://www.jra.go.jp/datafile/seiseki/report/2016/2016-4kyoto3.pdf,official_daily_result_pdf
201608040401,2016,京都,4,4,1,2016-10-15,https://www.jra.go.jp/datafile/seiseki/report/2016/2016-4kyoto4.pdf,official_daily_result_pdf
201608040402,2016,京都,4,4,2,2016-10-15,https://www.jra.go.jp/datafile/seiseki/report/2016/2016-4kyoto4.pdf,official_daily_result_pdf
201608040403,2016,京都,4,4,3,2016-10-15,https://www.jra.go.jp/datafile/seiseki/report/2016/2016-4kyoto4.pdf,official_daily_result_pdf
201608040404,2016,京都,4,4,4,2016-10-15,https://www.jra.go.jp/datafile/seiseki/report/2016/2016-4kyoto4.pdf,official_daily_result_pdf
201608040405,2016,京都,4,4,5,2016-10-15,https://www.jra.go.jp/datafile/seiseki/report/2016/2016-4kyoto4.pdf,official_daily_result_pdf
201608040406,2016,京都,4,4,6,2016-10-15,https://www.jra.go.jp/datafile/seiseki/report/2016/2016-4kyoto4.pdf,official_daily_result_pdf
201608040407,2016,京都,4,4,7,2016-10-15,https://www.jra.go.jp/datafile/seiseki/report/2016/2016-4kyoto4.pdf,official_daily_result_pdf
201608040408,2016,京都,4,4,8,2016-10-15,https://www.jra.go.jp/datafile/seiseki/report/2016/2016-4kyoto4.pdf,official_daily_result_pdf
201608040409,2016,京都,4,4,9,2016-10-15,https://www.jra.go.jp/datafile/seiseki/report/2016/2016-4kyoto4.pdf,official_daily_result_pdf
201608040410,2016,京都,4,4,10,2016-10-15,https://www.jra.go.jp/datafile/seiseki/report/2016/2016-4kyoto4.pdf,official_daily_result_pdf
201608040411,2016,京都,4,4,11,2016-10-15,https://www.jra.go.jp/datafile/seiseki/report/2016/2016-4kyoto4.pdf,official_daily_result_pdf
201608040412,2016,京都,4,4,12,2016-10-15,https://www.jra.go.jp/datafile/seiseki/report/2016/2016-4kyoto4.pdf,official_daily_result_pdf
201608040501,2016,京都,4,5,1,2016-10-16,https://www.jra.go.jp/datafile/seiseki/report/2016/2016-4kyoto5.pdf,official_daily_result_pdf
201608040502,2016,京都,4,5,2,2016-10-16,https://www.jra.go.jp/datafile/seiseki/report/2016/2016-4kyoto5.pdf,official_daily_result_pdf
201608040503,2016,京都,4,5,3,2016-10-16,https://www.jra.go.jp/datafile/seiseki/report/2016/2016-4kyoto5.pdf,official_daily_result_pdf
201608040504,2016,京都,4,5,4,2016-10-16,https://www.jra.go.jp/datafile/seiseki/report/2016/2016-4kyoto5.pdf,official_daily_result_pdf
201608040505,2016,京都,4,5,5,2016-10-16,https://www.jra.go.jp/datafile/seiseki/report/2016/2016-4kyoto5.pdf,official_daily_result_pdf
201608040506,2016,京都,4,5,6,2016-10-16,https://www.jra.go.jp/datafile/seiseki/report/2016/2016-4kyoto5.pdf,official_daily_result_pdf
201608040507,2016,京都,4,5,7,2016-10-16,https://www.jra.go.jp/datafile/seiseki/report/2016/2016-4kyoto5.pdf,official_daily_result_pdf
201608040508,2016,京都,4,5,8,2016-10-16,https://www.jra.go.jp/datafile/seiseki/report/2016/2016-4kyoto5.pdf,official_daily_result_pdf
201608040509,2016,京都,4,5,9,2016-10-16,https://www.jra.go.jp/datafile/seiseki/report/2016/2016-4kyoto5.pdf,official_daily_result_pdf
201608040510,2016,京都,4,5,10,2016-10-16,https://www.jra.go.jp/datafile/seiseki/report/2016/2016-4kyoto5.pdf,official_daily_result_pdf
201608040511,2016,京都,4,5,11,2016-10-16,https://www.jra.go.jp/datafile/seiseki/report/2016/2016-4kyoto5.pdf,official_daily_result_pdf
201608040512,2016,京都,4,5,12,2016-10-16,https://www.jra.go.jp/datafile/seiseki/report/2016/2016-4kyoto5.pdf,official_daily_result_pdf
201608040601,2016,京都,4,6,1,2016-10-22,https://www.jra.go.jp/datafile/seiseki/report/2016/2016-4kyoto6.pdf,official_daily_result_pdf
201608040602,2016,京都,4,6,2,2016-10-22,https://www.jra.go.jp/datafile/seiseki/report/2016/2016-4kyoto6.pdf,official_daily_result_pdf
201608040603,2016,京都,4,6,3,2016-10-22,https://www.jra.go.jp/datafile/seiseki/report/2016/2016-4kyoto6.pdf,official_daily_result_pdf
201608040604,2016,京都,4,6,4,2016-10-22,https://www.jra.go.jp/datafile/seiseki/report/2016/2016-4kyoto6.pdf,official_daily_result_pdf
201608040605,2016,京都,4,6,5,2016-10-22,https://www.jra.go.jp/datafile/seiseki/report/2016/2016-4kyoto6.pdf,official_daily_result_pdf
201608040606,2016,京都,4,6,6,2016-10-22,https://www.jra.go.jp/datafile/seiseki/report/2016/2016-4kyoto6.pdf,official_daily_result_pdf
201608040607,2016,京都,4,6,7,2016-10-22,https://www.jra.go.jp/datafile/seiseki/report/2016/2016-4kyoto6.pdf,official_daily_result_pdf
201608040608,2016,京都,4,6,8,2016-10-22,https://www.jra.go.jp/datafile/seiseki/report/2016/2016-4kyoto6.pdf,official_daily_result_pdf
201608040609,2016,京都,4,6,9,2016-10-22,https://www.jra.go.jp/datafile/seiseki/report/2016/2016-4kyoto6.pdf,official_daily_result_pdf
201608040610,2016,京都,4,6,10,2016-10-22,https://www.jra.go.jp/datafile/seiseki/report/2016/2016-4kyoto6.pdf,official_daily_result_pdf
201608040611,2016,京都,4,6,11,2016-10-22,https://www.jra.go.jp/datafile/seiseki/report/2016/2016-4kyoto6.pdf,official_daily_result_pdf
201608040612,2016,京都,4,6,12,2016-10-22,https://www.jra.go.jp/datafile/seiseki/report/2016/2016-4kyoto6.pdf,official_daily_result_pdf
201608040701,2016,京都,4,7,1,2016-10-23,https://www.jra.go.jp/datafile/seiseki/report/2016/2016-4kyoto7.pdf,official_daily_result_pdf
201608040702,2016,京都,4,7,2,2016-10-23,https://www.jra.go.jp/datafile/seiseki/report/2016/2016-4kyoto7.pdf,official_daily_result_pdf
201608040703,2016,京都,4,7,3,2016-10-23,https://www.jra.go.jp/datafile/seiseki/report/2016/2016-4kyoto7.pdf,official_daily_result_pdf
201608040704,2016,京都,4,7,4,2016-10-23,https://www.jra.go.jp/datafile/seiseki/report/2016/2016-4kyoto7.pdf,official_daily_result_pdf
201608040705,2016,京都,4,7,5,2016-10-23,https://www.jra.go.jp/datafile/seiseki/report/2016/2016-4kyoto7.pdf,official_daily_result_pdf
201608040706,2016,京都,4,7,6,2016-10-23,https://www.jra.go.jp/datafile/seiseki/report/2016/2016-4kyoto7.pdf,official_daily_result_pdf
201608040707,2016,京都,4,7,7,2016-10-23,https://www.jra.go.jp/datafile/seiseki/report/2016/2016-4kyoto7.pdf,official_daily_result_pdf
201608040708,2016,京都,4,7,8,2016-10-23,https://www.jra.go.jp/datafile/seiseki/report/2016/2016-4kyoto7.pdf,official_daily_result_pdf
201608040709,2016,京都,4,7,9,2016-10-23,https://www.jra.go.jp/datafile/seiseki/report/2016/2016-4kyoto7.pdf,official_daily_result_pdf
201608040710,2016,京都,4,7,10,2016-10-23,https://www.jra.go.jp/datafile/seiseki/report/2016/2016-4kyoto7.pdf,official_daily_result_pdf
201608040711,2016,京都,4,7,11,2016-10-23,https://www.jra.go.jp/datafile/seiseki/report/2016/2016-4kyoto7.pdf,official_daily_result_pdf
201608040712,2016,京都,4,7,12,2016-10-23,https://www.jra.go.jp/datafile/seiseki/report/2016/2016-4kyoto7.pdf,official_daily_result_pdf
201608040801,2016,京都,4,8,1,2016-10-29,https://www.jra.go.jp/datafile/seiseki/report/2016/2016-4kyoto8.pdf,official_daily_result_pdf
201608040802,2016,京都,4,8,2,2016-10-29,https://www.jra.go.jp/datafile/seiseki/report/2016/2016-4kyoto8.pdf,official_daily_result_pdf
201608040803,2016,京都,4,8,3,2016-10-29,https://www.jra.go.jp/datafile/seiseki/report/2016/2016-4kyoto8.pdf,official_daily_result_pdf
201608040804,2016,京都,4,8,4,2016-10-29,https://www.jra.go.jp/datafile/seiseki/report/2016/2016-4kyoto8.pdf,official_daily_result_pdf
201608040805,2016,京都,4,8,5,2016-10-29,https://www.jra.go.jp/datafile/seiseki/report/2016/2016-4kyoto8.pdf,official_daily_result_pdf
201608040806,2016,京都,4,8,6,2016-10-29,https://www.jra.go.jp/datafile/seiseki/report/2016/2016-4kyoto8.pdf,official_daily_result_pdf
201608040807,2016,京都,4,8,7,2016-10-29,https://www.jra.go.jp/datafile/seiseki/report/2016/2016-4kyoto8.pdf,official_daily_result_pdf
201608040808,2016,京都,4,8,8,2016-10-29,https://www.jra.go.jp/datafile/seiseki/report/2016/2016-4kyoto8.pdf,official_daily_result_pdf
201608040809,2016,京都,4,8,9,2016-10-29,https://www.jra.go.jp/datafile/seiseki/report/2016/2016-4kyoto8.pdf,official_daily_result_pdf
201608040810,2016,京都,4,8,10,2016-10-29,https://www.jra.go.jp/datafile/seiseki/report/2016/2016-4kyoto8.pdf,official_daily_result_pdf
201608040811,2016,京都,4,8,11,2016-10-29,https://www.jra.go.jp/datafile/seiseki/report/2016/2016-4kyoto8.pdf,official_daily_result_pdf
201608040812,2016,京都,4,8,12,2016-10-29,https://www.jra.go.jp/datafile/seiseki/report/2016/2016-4kyoto8.pdf,official_daily_result_pdf
201608040901,2016,京都,4,9,1,2016-10-30,https://www.jra.go.jp/datafile/seiseki/report/2016/2016-4kyoto9.pdf,official_daily_result_pdf
201608040902,2016,京都,4,9,2,2016-10-30,https://www.jra.go.jp/datafile/seiseki/report/2016/2016-4kyoto9.pdf,official_daily_result_pdf
201608040903,2016,京都,4,9,3,2016-10-30,https://www.jra.go.jp/datafile/seiseki/report/2016/2016-4kyoto9.pdf,official_daily_result_pdf
201608040904,2016,京都,4,9,4,2016-10-30,https://www.jra.go.jp/datafile/seiseki/report/2016/2016-4kyoto9.pdf,official_daily_result_pdf
201608040905,2016,京都,4,9,5,2016-10-30,https://www.jra.go.jp/datafile/seiseki/report/2016/2016-4kyoto9.pdf,official_daily_result_pdf
201608040906,2016,京都,4,9,6,2016-10-30,https://www.jra.go.jp/datafile/seiseki/report/2016/2016-4kyoto9.pdf,official_daily_result_pdf
201608040907,2016,京都,4,9,7,2016-10-30,https://www.jra.go.jp/datafile/seiseki/report/2016/2016-4kyoto9.pdf,official_daily_result_pdf
201608040908,2016,京都,4,9,8,2016-10-30,https://www.jra.go.jp/datafile/seiseki/report/2016/2016-4kyoto9.pdf,official_daily_result_pdf
201608040909,2016,京都,4,9,9,2016-10-30,https://www.jra.go.jp/datafile/seiseki/report/2016/2016-4kyoto9.pdf,official_daily_result_pdf
201608040910,2016,京都,4,9,10,2016-10-30,https://www.jra.go.jp/datafile/seiseki/report/2016/2016-4kyoto9.pdf,official_daily_result_pdf
201608040911,2016,京都,4,9,11,2016-10-30,https://www.jra.go.jp/datafile/seiseki/report/2016/2016-4kyoto9.pdf,official_daily_result_pdf
201608040912,2016,京都,4,9,12,2016-10-30,https://www.jra.go.jp/datafile/seiseki/report/2016/2016-4kyoto9.pdf,official_daily_result_pdf
201608050101,2016,京都,5,1,1,2016-11-05,https://www.jra.go.jp/datafile/seiseki/report/2016/2016-5kyoto1.pdf,official_daily_result_pdf
201608050102,2016,京都,5,1,2,2016-11-05,https://www.jra.go.jp/datafile/seiseki/report/2016/2016-5kyoto1.pdf,official_daily_result_pdf
201608050103,2016,京都,5,1,3,2016-11-05,https://www.jra.go.jp/datafile/seiseki/report/2016/2016-5kyoto1.pdf,official_daily_result_pdf
201608050104,2016,京都,5,1,4,2016-11-05,https://www.jra.go.jp/datafile/seiseki/report/2016/2016-5kyoto1.pdf,official_daily_result_pdf
201608050105,2016,京都,5,1,5,2016-11-05,https://www.jra.go.jp/datafile/seiseki/report/2016/2016-5kyoto1.pdf,official_daily_result_pdf
201608050106,2016,京都,5,1,6,2016-11-05,https://www.jra.go.jp/datafile/seiseki/report/2016/2016-5kyoto1.pdf,official_daily_result_pdf
201608050107,2016,京都,5,1,7,2016-11-05,https://www.jra.go.jp/datafile/seiseki/report/2016/2016-5kyoto1.pdf,official_daily_result_pdf
201608050108,2016,京都,5,1,8,2016-11-05,https://www.jra.go.jp/datafile/seiseki/report/2016/2016-5kyoto1.pdf,official_daily_result_pdf
201608050109,2016,京都,5,1,9,2016-11-05,https://www.jra.go.jp/datafile/seiseki/report/2016/2016-5kyoto1.pdf,official_daily_result_pdf
201608050110,2016,京都,5,1,10,2016-11-05,https://www.jra.go.jp/datafile/seiseki/report/2016/2016-5kyoto1.pdf,official_daily_result_pdf
201608050111,2016,京都,5,1,11,2016-11-05,https://www.jra.go.jp/datafile/seiseki/report/2016/2016-5kyoto1.pdf,official_daily_result_pdf
201608050112,2016,京都,5,1,12,2016-11-05,https://www.jra.go.jp/datafile/seiseki/report/2016/2016-5kyoto1.pdf,official_daily_result_pdf
201608050201,2016,京都,5,2,1,2016-11-06,https://www.jra.go.jp/datafile/seiseki/report/2016/2016-5kyoto2.pdf,official_daily_result_pdf
201608050202,2016,京都,5,2,2,2016-11-06,https://www.jra.go.jp/datafile/seiseki/report/2016/2016-5kyoto2.pdf,official_daily_result_pdf
201608050203,2016,京都,5,2,3,2016-11-06,https://www.jra.go.jp/datafile/seiseki/report/2016/2016-5kyoto2.pdf,official_daily_result_pdf
201608050204,2016,京都,5,2,4,2016-11-06,https://www.jra.go.jp/datafile/seiseki/report/2016/2016-5kyoto2.pdf,official_daily_result_pdf
201608050205,2016,京都,5,2,5,2016-11-06,https://www.jra.go.jp/datafile/seiseki/report/2016/2016-5kyoto2.pdf,official_daily_result_pdf
201608050206,2016,京都,5,2,6,2016-11-06,https://www.jra.go.jp/datafile/seiseki/report/2016/2016-5kyoto2.pdf,official_daily_result_pdf
201608050207,2016,京都,5,2,7,2016-11-06,https://www.jra.go.jp/datafile/seiseki/report/2016/2016-5kyoto2.pdf,official_daily_result_pdf
201608050208,2016,京都,5,2,8,2016-11-06,https://www.jra.go.jp/datafile/seiseki/report/2016/2016-5kyoto2.pdf,official_daily_result_pdf
201608050209,2016,京都,5,2,9,2016-11-06,https://www.jra.go.jp/datafile/seiseki/report/2016/2016-5kyoto2.pdf,official_daily_result_pdf
201608050210,2016,京都,5,2,10,2016-11-06,https://www.jra.go.jp/datafile/seiseki/report/2016/2016-5kyoto2.pdf,official_daily_result_pdf
201608050211,2016,京都,5,2,11,2016-11-06,https://www.jra.go.jp/datafile/seiseki/report/2016/2016-5kyoto2.pdf,official_daily_result_pdf
201608050212,2016,京都,5,2,12,2016-11-06,https://www.jra.go.jp/datafile/seiseki/report/2016/2016-5kyoto2.pdf,official_daily_result_pdf
201608050301,2016,京都,5,3,1,2016-11-12,https://www.jra.go.jp/datafile/seiseki/report/2016/2016-5kyoto3.pdf,official_daily_result_pdf
201608050302,2016,京都,5,3,2,2016-11-12,https://www.jra.go.jp/datafile/seiseki/report/2016/2016-5kyoto3.pdf,official_daily_result_pdf
201608050303,2016,京都,5,3,3,2016-11-12,https://www.jra.go.jp/datafile/seiseki/report/2016/2016-5kyoto3.pdf,official_daily_result_pdf
201608050304,2016,京都,5,3,4,2016-11-12,https://www.jra.go.jp/datafile/seiseki/report/2016/2016-5kyoto3.pdf,official_daily_result_pdf
201608050305,2016,京都,5,3,5,2016-11-12,https://www.jra.go.jp/datafile/seiseki/report/2016/2016-5kyoto3.pdf,official_daily_result_pdf
201608050306,2016,京都,5,3,6,2016-11-12,https://www.jra.go.jp/datafile/seiseki/report/2016/2016-5kyoto3.pdf,official_daily_result_pdf
201608050307,2016,京都,5,3,7,2016-11-12,https://www.jra.go.jp/datafile/seiseki/report/2016/2016-5kyoto3.pdf,official_daily_result_pdf
201608050308,2016,京都,5,3,8,2016-11-12,https://www.jra.go.jp/datafile/seiseki/report/2016/2016-5kyoto3.pdf,official_daily_result_pdf
201608050309,2016,京都,5,3,9,2016-11-12,https://www.jra.go.jp/datafile/seiseki/report/2016/2016-5kyoto3.pdf,official_daily_result_pdf
201608050310,2016,京都,5,3,10,2016-11-12,https://www.jra.go.jp/datafile/seiseki/report/2016/2016-5kyoto3.pdf,official_daily_result_pdf
201608050311,2016,京都,5,3,11,2016-11-12,https://www.jra.go.jp/datafile/seiseki/report/2016/2016-5kyoto3.pdf,official_daily_result_pdf
201608050312,2016,京都,5,3,12,2016-11-12,https://www.jra.go.jp/datafile/seiseki/report/2016/2016-5kyoto3.pdf,official_daily_result_pdf
201608050401,2016,京都,5,4,1,2016-11-13,https://www.jra.go.jp/datafile/seiseki/report/2016/2016-5kyoto4.pdf,official_daily_result_pdf
201608050402,2016,京都,5,4,2,2016-11-13,https://www.jra.go.jp/datafile/seiseki/report/2016/2016-5kyoto4.pdf,official_daily_result_pdf
201608050403,2016,京都,5,4,3,2016-11-13,https://www.jra.go.jp/datafile/seiseki/report/2016/2016-5kyoto4.pdf,official_daily_result_pdf
201608050404,2016,京都,5,4,4,2016-11-13,https://www.jra.go.jp/datafile/seiseki/report/2016/2016-5kyoto4.pdf,official_daily_result_pdf
201608050405,2016,京都,5,4,5,2016-11-13,https://www.jra.go.jp/datafile/seiseki/report/2016/2016-5kyoto4.pdf,official_daily_result_pdf
201608050406,2016,京都,5,4,6,2016-11-13,https://www.jra.go.jp/datafile/seiseki/report/2016/2016-5kyoto4.pdf,official_daily_result_pdf
201608050407,2016,京都,5,4,7,2016-11-13,https://www.jra.go.jp/datafile/seiseki/report/2016/2016-5kyoto4.pdf,official_daily_result_pdf
201608050408,2016,京都,5,4,8,2016-11-13,https://www.jra.go.jp/datafile/seiseki/report/2016/2016-5kyoto4.pdf,official_daily_result_pdf
201608050409,2016,京都,5,4,9,2016-11-13,https://www.jra.go.jp/datafile/seiseki/report/2016/2016-5kyoto4.pdf,official_daily_result_pdf
201608050410,2016,京都,5,4,10,2016-11-13,https://www.jra.go.jp/datafile/seiseki/report/2016/2016-5kyoto4.pdf,official_daily_result_pdf
201608050411,2016,京都,5,4,11,2016-11-13,https://www.jra.go.jp/datafile/seiseki/report/2016/2016-5kyoto4.pdf,official_daily_result_pdf
201608050412,2016,京都,5,4,12,2016-11-13,https://www.jra.go.jp/datafile/seiseki/report/2016/2016-5kyoto4.pdf,official_daily_result_pdf
201608050501,2016,京都,5,5,1,2016-11-19,https://www.jra.go.jp/datafile/seiseki/report/2016/2016-5kyoto5.pdf,official_daily_result_pdf
201608050502,2016,京都,5,5,2,2016-11-19,https://www.jra.go.jp/datafile/seiseki/report/2016/2016-5kyoto5.pdf,official_daily_result_pdf
201608050503,2016,京都,5,5,3,2016-11-19,https://www.jra.go.jp/datafile/seiseki/report/2016/2016-5kyoto5.pdf,official_daily_result_pdf
201608050504,2016,京都,5,5,4,2016-11-19,https://www.jra.go.jp/datafile/seiseki/report/2016/2016-5kyoto5.pdf,official_daily_result_pdf
201608050505,2016,京都,5,5,5,2016-11-19,https://www.jra.go.jp/datafile/seiseki/report/2016/2016-5kyoto5.pdf,official_daily_result_pdf
201608050506,2016,京都,5,5,6,2016-11-19,https://www.jra.go.jp/datafile/seiseki/report/2016/2016-5kyoto5.pdf,official_daily_result_pdf
201608050507,2016,京都,5,5,7,2016-11-19,https://www.jra.go.jp/datafile/seiseki/report/2016/2016-5kyoto5.pdf,official_daily_result_pdf
201608050508,2016,京都,5,5,8,2016-11-19,https://www.jra.go.jp/datafile/seiseki/report/2016/2016-5kyoto5.pdf,official_daily_result_pdf
201608050509,2016,京都,5,5,9,2016-11-19,https://www.jra.go.jp/datafile/seiseki/report/2016/2016-5kyoto5.pdf,official_daily_result_pdf
201608050510,2016,京都,5,5,10,2016-11-19,https://www.jra.go.jp/datafile/seiseki/report/2016/2016-5kyoto5.pdf,official_daily_result_pdf
201608050511,2016,京都,5,5,11,2016-11-19,https://www.jra.go.jp/datafile/seiseki/report/2016/2016-5kyoto5.pdf,official_daily_result_pdf
201608050512,2016,京都,5,5,12,2016-11-19,https://www.jra.go.jp/datafile/seiseki/report/2016/2016-5kyoto5.pdf,official_daily_result_pdf
201608050601,2016,京都,5,6,1,2016-11-20,https://www.jra.go.jp/datafile/seiseki/report/2016/2016-5kyoto6.pdf,official_daily_result_pdf
201608050602,2016,京都,5,6,2,2016-11-20,https://www.jra.go.jp/datafile/seiseki/report/2016/2016-5kyoto6.pdf,official_daily_result_pdf
201608050603,2016,京都,5,6,3,2016-11-20,https://www.jra.go.jp/datafile/seiseki/report/2016/2016-5kyoto6.pdf,official_daily_result_pdf
201608050604,2016,京都,5,6,4,2016-11-20,https://www.jra.go.jp/datafile/seiseki/report/2016/2016-5kyoto6.pdf,official_daily_result_pdf
201608050605,2016,京都,5,6,5,2016-11-20,https://www.jra.go.jp/datafile/seiseki/report/2016/2016-5kyoto6.pdf,official_daily_result_pdf
201608050606,2016,京都,5,6,6,2016-11-20,https://www.jra.go.jp/datafile/seiseki/report/2016/2016-5kyoto6.pdf,official_daily_result_pdf
201608050607,2016,京都,5,6,7,2016-11-20,https://www.jra.go.jp/datafile/seiseki/report/2016/2016-5kyoto6.pdf,official_daily_result_pdf
201608050608,2016,京都,5,6,8,2016-11-20,https://www.jra.go.jp/datafile/seiseki/report/2016/2016-5kyoto6.pdf,official_daily_result_pdf
201608050609,2016,京都,5,6,9,2016-11-20,https://www.jra.go.jp/datafile/seiseki/report/2016/2016-5kyoto6.pdf,official_daily_result_pdf
201608050610,2016,京都,5,6,10,2016-11-20,https://www.jra.go.jp/datafile/seiseki/report/2016/2016-5kyoto6.pdf,official_daily_result_pdf
201608050611,2016,京都,5,6,11,2016-11-20,https://www.jra.go.jp/datafile/seiseki/report/2016/2016-5kyoto6.pdf,official_daily_result_pdf
201608050612,2016,京都,5,6,12,2016-11-20,https://www.jra.go.jp/datafile/seiseki/report/2016/2016-5kyoto6.pdf,official_daily_result_pdf
201608050701,2016,京都,5,7,1,2016-11-26,https://www.jra.go.jp/datafile/seiseki/report/2016/2016-5kyoto7.pdf,official_daily_result_pdf
201608050702,2016,京都,5,7,2,2016-11-26,https://www.jra.go.jp/datafile/seiseki/report/2016/2016-5kyoto7.pdf,official_daily_result_pdf
201608050703,2016,京都,5,7,3,2016-11-26,https://www.jra.go.jp/datafile/seiseki/report/2016/2016-5kyoto7.pdf,official_daily_result_pdf
201608050704,2016,京都,5,7,4,2016-11-26,https://www.jra.go.jp/datafile/seiseki/report/2016/2016-5kyoto7.pdf,official_daily_result_pdf
201608050705,2016,京都,5,7,5,2016-11-26,https://www.jra.go.jp/datafile/seiseki/report/2016/2016-5kyoto7.pdf,official_daily_result_pdf
201608050706,2016,京都,5,7,6,2016-11-26,https://www.jra.go.jp/datafile/seiseki/report/2016/2016-5kyoto7.pdf,official_daily_result_pdf
201608050707,2016,京都,5,7,7,2016-11-26,https://www.jra.go.jp/datafile/seiseki/report/2016/2016-5kyoto7.pdf,official_daily_result_pdf
201608050708,2016,京都,5,7,8,2016-11-26,https://www.jra.go.jp/datafile/seiseki/report/2016/2016-5kyoto7.pdf,official_daily_result_pdf
201608050709,2016,京都,5,7,9,2016-11-26,https://www.jra.go.jp/datafile/seiseki/report/2016/2016-5kyoto7.pdf,official_daily_result_pdf
201608050710,2016,京都,5,7,10,2016-11-26,https://www.jra.go.jp/datafile/seiseki/report/2016/2016-5kyoto7.pdf,official_daily_result_pdf
201608050711,2016,京都,5,7,11,2016-11-26,https://www.jra.go.jp/datafile/seiseki/report/2016/2016-5kyoto7.pdf,official_daily_result_pdf
201608050712,2016,京都,5,7,12,2016-11-26,https://www.jra.go.jp/datafile/seiseki/report/2016/2016-5kyoto7.pdf,official_daily_result_pdf
201608050801,2016,京都,5,8,1,2016-11-27,https://www.jra.go.jp/datafile/seiseki/report/2016/2016-5kyoto8.pdf,official_daily_result_pdf
201608050802,2016,京都,5,8,2,2016-11-27,https://www.jra.go.jp/datafile/seiseki/report/2016/2016-5kyoto8.pdf,official_daily_result_pdf
201608050803,2016,京都,5,8,3,2016-11-27,https://www.jra.go.jp/datafile/seiseki/report/2016/2016-5kyoto8.pdf,official_daily_result_pdf
201608050804,2016,京都,5,8,4,2016-11-27,https://www.jra.go.jp/datafile/seiseki/report/2016/2016-5kyoto8.pdf,official_daily_result_pdf
201608050805,2016,京都,5,8,5,2016-11-27,https://www.jra.go.jp/datafile/seiseki/report/2016/2016-5kyoto8.pdf,official_daily_result_pdf
201608050806,2016,京都,5,8,6,2016-11-27,https://www.jra.go.jp/datafile/seiseki/report/2016/2016-5kyoto8.pdf,official_daily_result_pdf
201608050807,2016,京都,5,8,7,2016-11-27,https://www.jra.go.jp/datafile/seiseki/report/2016/2016-5kyoto8.pdf,official_daily_result_pdf
201608050808,2016,京都,5,8,8,2016-11-27,https://www.jra.go.jp/datafile/seiseki/report/2016/2016-5kyoto8.pdf,official_daily_result_pdf
201608050809,2016,京都,5,8,9,2016-11-27,https://www.jra.go.jp/datafile/seiseki/report/2016/2016-5kyoto8.pdf,official_daily_result_pdf
201608050810,2016,京都,5,8,10,2016-11-27,https://www.jra.go.jp/datafile/seiseki/report/2016/2016-5kyoto8.pdf,official_daily_result_pdf
201608050811,2016,京都,5,8,11,2016-11-27,https://www.jra.go.jp/datafile/seiseki/report/2016/2016-5kyoto8.pdf,official_daily_result_pdf
201608050812,2016,京都,5,8,12,2016-11-27,https://www.jra.go.jp/datafile/seiseki/report/2016/2016-5kyoto8.pdf,official_daily_result_pdf
201609010101,2016,阪神,1,1,1,2016-02-27,https://www.jra.go.jp/datafile/seiseki/report/2016/2016-1hanshin1.pdf,official_daily_result_pdf
201609010102,2016,阪神,1,1,2,2016-02-27,https://www.jra.go.jp/datafile/seiseki/report/2016/2016-1hanshin1.pdf,official_daily_result_pdf
201609010103,2016,阪神,1,1,3,2016-02-27,https://www.jra.go.jp/datafile/seiseki/report/2016/2016-1hanshin1.pdf,official_daily_result_pdf
201609010104,2016,阪神,1,1,4,2016-02-27,https://www.jra.go.jp/datafile/seiseki/report/2016/2016-1hanshin1.pdf,official_daily_result_pdf
201609010105,2016,阪神,1,1,5,2016-02-27,https://www.jra.go.jp/datafile/seiseki/report/2016/2016-1hanshin1.pdf,official_daily_result_pdf
201609010106,2016,阪神,1,1,6,2016-02-27,https://www.jra.go.jp/datafile/seiseki/report/2016/2016-1hanshin1.pdf,official_daily_result_pdf
201609010107,2016,阪神,1,1,7,2016-02-27,https://www.jra.go.jp/datafile/seiseki/report/2016/2016-1hanshin1.pdf,official_daily_result_pdf
201609010108,2016,阪神,1,1,8,2016-02-27,https://www.jra.go.jp/datafile/seiseki/report/2016/2016-1hanshin1.pdf,official_daily_result_pdf
201609010109,2016,阪神,1,1,9,2016-02-27,https://www.jra.go.jp/datafile/seiseki/report/2016/2016-1hanshin1.pdf,official_daily_result_pdf
201609010110,2016,阪神,1,1,10,2016-02-27,https://www.jra.go.jp/datafile/seiseki/report/2016/2016-1hanshin1.pdf,official_daily_result_pdf
201609010111,2016,阪神,1,1,11,2016-02-27,https://www.jra.go.jp/datafile/seiseki/report/2016/2016-1hanshin1.pdf,official_daily_result_pdf
201609010112,2016,阪神,1,1,12,2016-02-27,https://www.jra.go.jp/datafile/seiseki/report/2016/2016-1hanshin1.pdf,official_daily_result_pdf
201609010201,2016,阪神,1,2,1,2016-02-28,https://www.jra.go.jp/datafile/seiseki/report/2016/2016-1hanshin2.pdf,official_daily_result_pdf
201609010202,2016,阪神,1,2,2,2016-02-28,https://www.jra.go.jp/datafile/seiseki/report/2016/2016-1hanshin2.pdf,official_daily_result_pdf
201609010203,2016,阪神,1,2,3,2016-02-28,https://www.jra.go.jp/datafile/seiseki/report/2016/2016-1hanshin2.pdf,official_daily_result_pdf
201609010204,2016,阪神,1,2,4,2016-02-28,https://www.jra.go.jp/datafile/seiseki/report/2016/2016-1hanshin2.pdf,official_daily_result_pdf
201609010205,2016,阪神,1,2,5,2016-02-28,https://www.jra.go.jp/datafile/seiseki/report/2016/2016-1hanshin2.pdf,official_daily_result_pdf
201609010206,2016,阪神,1,2,6,2016-02-28,https://www.jra.go.jp/datafile/seiseki/report/2016/2016-1hanshin2.pdf,official_daily_result_pdf
201609010207,2016,阪神,1,2,7,2016-02-28,https://www.jra.go.jp/datafile/seiseki/report/2016/2016-1hanshin2.pdf,official_daily_result_pdf
201609010208,2016,阪神,1,2,8,2016-02-28,https://www.jra.go.jp/datafile/seiseki/report/2016/2016-1hanshin2.pdf,official_daily_result_pdf
201609010209,2016,阪神,1,2,9,2016-02-28,https://www.jra.go.jp/datafile/seiseki/report/2016/2016-1hanshin2.pdf,official_daily_result_pdf
201609010210,2016,阪神,1,2,10,2016-02-28,https://www.jra.go.jp/datafile/seiseki/report/2016/2016-1hanshin2.pdf,official_daily_result_pdf
201609010211,2016,阪神,1,2,11,2016-02-28,https://www.jra.go.jp/datafile/seiseki/report/2016/2016-1hanshin2.pdf,official_daily_result_pdf
201609010212,2016,阪神,1,2,12,2016-02-28,https://www.jra.go.jp/datafile/seiseki/report/2016/2016-1hanshin2.pdf,official_daily_result_pdf
201609010301,2016,阪神,1,3,1,2016-03-05,https://www.jra.go.jp/datafile/seiseki/report/2016/2016-1hanshin3.pdf,official_daily_result_pdf
201609010302,2016,阪神,1,3,2,2016-03-05,https://www.jra.go.jp/datafile/seiseki/report/2016/2016-1hanshin3.pdf,official_daily_result_pdf
201609010303,2016,阪神,1,3,3,2016-03-05,https://www.jra.go.jp/datafile/seiseki/report/2016/2016-1hanshin3.pdf,official_daily_result_pdf
201609010304,2016,阪神,1,3,4,2016-03-05,https://www.jra.go.jp/datafile/seiseki/report/2016/2016-1hanshin3.pdf,official_daily_result_pdf
201609010305,2016,阪神,1,3,5,2016-03-05,https://www.jra.go.jp/datafile/seiseki/report/2016/2016-1hanshin3.pdf,official_daily_result_pdf
201609010306,2016,阪神,1,3,6,2016-03-05,https://www.jra.go.jp/datafile/seiseki/report/2016/2016-1hanshin3.pdf,official_daily_result_pdf
201609010307,2016,阪神,1,3,7,2016-03-05,https://www.jra.go.jp/datafile/seiseki/report/2016/2016-1hanshin3.pdf,official_daily_result_pdf
201609010308,2016,阪神,1,3,8,2016-03-05,https://www.jra.go.jp/datafile/seiseki/report/2016/2016-1hanshin3.pdf,official_daily_result_pdf
201609010309,2016,阪神,1,3,9,2016-03-05,https://www.jra.go.jp/datafile/seiseki/report/2016/2016-1hanshin3.pdf,official_daily_result_pdf
201609010310,2016,阪神,1,3,10,2016-03-05,https://www.jra.go.jp/datafile/seiseki/report/2016/2016-1hanshin3.pdf,official_daily_result_pdf
201609010311,2016,阪神,1,3,11,2016-03-05,https://www.jra.go.jp/datafile/seiseki/report/2016/2016-1hanshin3.pdf,official_daily_result_pdf
201609010312,2016,阪神,1,3,12,2016-03-05,https://www.jra.go.jp/datafile/seiseki/report/2016/2016-1hanshin3.pdf,official_daily_result_pdf
201609010401,2016,阪神,1,4,1,2016-03-06,https://www.jra.go.jp/datafile/seiseki/report/2016/2016-1hanshin4.pdf,official_daily_result_pdf
201609010402,2016,阪神,1,4,2,2016-03-06,https://www.jra.go.jp/datafile/seiseki/report/2016/2016-1hanshin4.pdf,official_daily_result_pdf
201609010403,2016,阪神,1,4,3,2016-03-06,https://www.jra.go.jp/datafile/seiseki/report/2016/2016-1hanshin4.pdf,official_daily_result_pdf
201609010404,2016,阪神,1,4,4,2016-03-06,https://www.jra.go.jp/datafile/seiseki/report/2016/2016-1hanshin4.pdf,official_daily_result_pdf
201609010405,2016,阪神,1,4,5,2016-03-06,https://www.jra.go.jp/datafile/seiseki/report/2016/2016-1hanshin4.pdf,official_daily_result_pdf
201609010406,2016,阪神,1,4,6,2016-03-06,https://www.jra.go.jp/datafile/seiseki/report/2016/2016-1hanshin4.pdf,official_daily_result_pdf
201609010407,2016,阪神,1,4,7,2016-03-06,https://www.jra.go.jp/datafile/seiseki/report/2016/2016-1hanshin4.pdf,official_daily_result_pdf
201609010408,2016,阪神,1,4,8,2016-03-06,https://www.jra.go.jp/datafile/seiseki/report/2016/2016-1hanshin4.pdf,official_daily_result_pdf
201609010409,2016,阪神,1,4,9,2016-03-06,https://www.jra.go.jp/datafile/seiseki/report/2016/2016-1hanshin4.pdf,official_daily_result_pdf
201609010410,2016,阪神,1,4,10,2016-03-06,https://www.jra.go.jp/datafile/seiseki/report/2016/2016-1hanshin4.pdf,official_daily_result_pdf
201609010411,2016,阪神,1,4,11,2016-03-06,https://www.jra.go.jp/datafile/seiseki/report/2016/2016-1hanshin4.pdf,official_daily_result_pdf
201609010412,2016,阪神,1,4,12,2016-03-06,https://www.jra.go.jp/datafile/seiseki/report/2016/2016-1hanshin4.pdf,official_daily_result_pdf
201609010501,2016,阪神,1,5,1,2016-03-12,https://www.jra.go.jp/datafile/seiseki/report/2016/2016-1hanshin5.pdf,official_daily_result_pdf
201609010502,2016,阪神,1,5,2,2016-03-12,https://www.jra.go.jp/datafile/seiseki/report/2016/2016-1hanshin5.pdf,official_daily_result_pdf
201609010503,2016,阪神,1,5,3,2016-03-12,https://www.jra.go.jp/datafile/seiseki/report/2016/2016-1hanshin5.pdf,official_daily_result_pdf
201609010504,2016,阪神,1,5,4,2016-03-12,https://www.jra.go.jp/datafile/seiseki/report/2016/2016-1hanshin5.pdf,official_daily_result_pdf
201609010505,2016,阪神,1,5,5,2016-03-12,https://www.jra.go.jp/datafile/seiseki/report/2016/2016-1hanshin5.pdf,official_daily_result_pdf
201609010506,2016,阪神,1,5,6,2016-03-12,https://www.jra.go.jp/datafile/seiseki/report/2016/2016-1hanshin5.pdf,official_daily_result_pdf
201609010507,2016,阪神,1,5,7,2016-03-12,https://www.jra.go.jp/datafile/seiseki/report/2016/2016-1hanshin5.pdf,official_daily_result_pdf
201609010508,2016,阪神,1,5,8,2016-03-12,https://www.jra.go.jp/datafile/seiseki/report/2016/2016-1hanshin5.pdf,official_daily_result_pdf
201609010509,2016,阪神,1,5,9,2016-03-12,https://www.jra.go.jp/datafile/seiseki/report/2016/2016-1hanshin5.pdf,official_daily_result_pdf
201609010510,2016,阪神,1,5,10,2016-03-12,https://www.jra.go.jp/datafile/seiseki/report/2016/2016-1hanshin5.pdf,official_daily_result_pdf
201609010511,2016,阪神,1,5,11,2016-03-12,https://www.jra.go.jp/datafile/seiseki/report/2016/2016-1hanshin5.pdf,official_daily_result_pdf
201609010512,2016,阪神,1,5,12,2016-03-12,https://www.jra.go.jp/datafile/seiseki/report/2016/2016-1hanshin5.pdf,official_daily_result_pdf
201609010601,2016,阪神,1,6,1,2016-03-13,https://www.jra.go.jp/datafile/seiseki/report/2016/2016-1hanshin6.pdf,official_daily_result_pdf
201609010602,2016,阪神,1,6,2,2016-03-13,https://www.jra.go.jp/datafile/seiseki/report/2016/2016-1hanshin6.pdf,official_daily_result_pdf
201609010603,2016,阪神,1,6,3,2016-03-13,https://www.jra.go.jp/datafile/seiseki/report/2016/2016-1hanshin6.pdf,official_daily_result_pdf
201609010604,2016,阪神,1,6,4,2016-03-13,https://www.jra.go.jp/datafile/seiseki/report/2016/2016-1hanshin6.pdf,official_daily_result_pdf
201609010605,2016,阪神,1,6,5,2016-03-13,https://www.jra.go.jp/datafile/seiseki/report/2016/2016-1hanshin6.pdf,official_daily_result_pdf
201609010606,2016,阪神,1,6,6,2016-03-13,https://www.jra.go.jp/datafile/seiseki/report/2016/2016-1hanshin6.pdf,official_daily_result_pdf
201609010607,2016,阪神,1,6,7,2016-03-13,https://www.jra.go.jp/datafile/seiseki/report/2016/2016-1hanshin6.pdf,official_daily_result_pdf
201609010608,2016,阪神,1,6,8,2016-03-13,https://www.jra.go.jp/datafile/seiseki/report/2016/2016-1hanshin6.pdf,official_daily_result_pdf
201609010609,2016,阪神,1,6,9,2016-03-13,https://www.jra.go.jp/datafile/seiseki/report/2016/2016-1hanshin6.pdf,official_daily_result_pdf
201609010610,2016,阪神,1,6,10,2016-03-13,https://www.jra.go.jp/datafile/seiseki/report/2016/2016-1hanshin6.pdf,official_daily_result_pdf
201609010611,2016,阪神,1,6,11,2016-03-13,https://www.jra.go.jp/datafile/seiseki/report/2016/2016-1hanshin6.pdf,official_daily_result_pdf
201609010612,2016,阪神,1,6,12,2016-03-13,https://www.jra.go.jp/datafile/seiseki/report/2016/2016-1hanshin6.pdf,official_daily_result_pdf
201609010701,2016,阪神,1,7,1,2016-03-19,https://www.jra.go.jp/datafile/seiseki/report/2016/2016-1hanshin7.pdf,official_daily_result_pdf
201609010702,2016,阪神,1,7,2,2016-03-19,https://www.jra.go.jp/datafile/seiseki/report/2016/2016-1hanshin7.pdf,official_daily_result_pdf
201609010703,2016,阪神,1,7,3,2016-03-19,https://www.jra.go.jp/datafile/seiseki/report/2016/2016-1hanshin7.pdf,official_daily_result_pdf
201609010704,2016,阪神,1,7,4,2016-03-19,https://www.jra.go.jp/datafile/seiseki/report/2016/2016-1hanshin7.pdf,official_daily_result_pdf
201609010705,2016,阪神,1,7,5,2016-03-19,https://www.jra.go.jp/datafile/seiseki/report/2016/2016-1hanshin7.pdf,official_daily_result_pdf
201609010706,2016,阪神,1,7,6,2016-03-19,https://www.jra.go.jp/datafile/seiseki/report/2016/2016-1hanshin7.pdf,official_daily_result_pdf
201609010707,2016,阪神,1,7,7,2016-03-19,https://www.jra.go.jp/datafile/seiseki/report/2016/2016-1hanshin7.pdf,official_daily_result_pdf
201609010708,2016,阪神,1,7,8,2016-03-19,https://www.jra.go.jp/datafile/seiseki/report/2016/2016-1hanshin7.pdf,official_daily_result_pdf
201609010709,2016,阪神,1,7,9,2016-03-19,https://www.jra.go.jp/datafile/seiseki/report/2016/2016-1hanshin7.pdf,official_daily_result_pdf
201609010710,2016,阪神,1,7,10,2016-03-19,https://www.jra.go.jp/datafile/seiseki/report/2016/2016-1hanshin7.pdf,official_daily_result_pdf
201609010711,2016,阪神,1,7,11,2016-03-19,https://www.jra.go.jp/datafile/seiseki/report/2016/2016-1hanshin7.pdf,official_daily_result_pdf
201609010712,2016,阪神,1,7,12,2016-03-19,https://www.jra.go.jp/datafile/seiseki/report/2016/2016-1hanshin7.pdf,official_daily_result_pdf
201609010801,2016,阪神,1,8,1,2016-03-20,https://www.jra.go.jp/datafile/seiseki/report/2016/2016-1hanshin8.pdf,official_daily_result_pdf
201609010802,2016,阪神,1,8,2,2016-03-20,https://www.jra.go.jp/datafile/seiseki/report/2016/2016-1hanshin8.pdf,official_daily_result_pdf
201609010803,2016,阪神,1,8,3,2016-03-20,https://www.jra.go.jp/datafile/seiseki/report/2016/2016-1hanshin8.pdf,official_daily_result_pdf
201609010804,2016,阪神,1,8,4,2016-03-20,https://www.jra.go.jp/datafile/seiseki/report/2016/2016-1hanshin8.pdf,official_daily_result_pdf
201609010805,2016,阪神,1,8,5,2016-03-20,https://www.jra.go.jp/datafile/seiseki/report/2016/2016-1hanshin8.pdf,official_daily_result_pdf
201609010806,2016,阪神,1,8,6,2016-03-20,https://www.jra.go.jp/datafile/seiseki/report/2016/2016-1hanshin8.pdf,official_daily_result_pdf
201609010807,2016,阪神,1,8,7,2016-03-20,https://www.jra.go.jp/datafile/seiseki/report/2016/2016-1hanshin8.pdf,official_daily_result_pdf
201609010808,2016,阪神,1,8,8,2016-03-20,https://www.jra.go.jp/datafile/seiseki/report/2016/2016-1hanshin8.pdf,official_daily_result_pdf
201609010809,2016,阪神,1,8,9,2016-03-20,https://www.jra.go.jp/datafile/seiseki/report/2016/2016-1hanshin8.pdf,official_daily_result_pdf
201609010810,2016,阪神,1,8,10,2016-03-20,https://www.jra.go.jp/datafile/seiseki/report/2016/2016-1hanshin8.pdf,official_daily_result_pdf
201609010811,2016,阪神,1,8,11,2016-03-20,https://www.jra.go.jp/datafile/seiseki/report/2016/2016-1hanshin8.pdf,official_daily_result_pdf
201609010812,2016,阪神,1,8,12,2016-03-20,https://www.jra.go.jp/datafile/seiseki/report/2016/2016-1hanshin8.pdf,official_daily_result_pdf
201609020101,2016,阪神,2,1,1,2016-03-26,https://www.jra.go.jp/datafile/seiseki/report/2016/2016-2hanshin1.pdf,official_daily_result_pdf
201609020102,2016,阪神,2,1,2,2016-03-26,https://www.jra.go.jp/datafile/seiseki/report/2016/2016-2hanshin1.pdf,official_daily_result_pdf
201609020103,2016,阪神,2,1,3,2016-03-26,https://www.jra.go.jp/datafile/seiseki/report/2016/2016-2hanshin1.pdf,official_daily_result_pdf
201609020104,2016,阪神,2,1,4,2016-03-26,https://www.jra.go.jp/datafile/seiseki/report/2016/2016-2hanshin1.pdf,official_daily_result_pdf
201609020105,2016,阪神,2,1,5,2016-03-26,https://www.jra.go.jp/datafile/seiseki/report/2016/2016-2hanshin1.pdf,official_daily_result_pdf
201609020106,2016,阪神,2,1,6,2016-03-26,https://www.jra.go.jp/datafile/seiseki/report/2016/2016-2hanshin1.pdf,official_daily_result_pdf
201609020107,2016,阪神,2,1,7,2016-03-26,https://www.jra.go.jp/datafile/seiseki/report/2016/2016-2hanshin1.pdf,official_daily_result_pdf
201609020108,2016,阪神,2,1,8,2016-03-26,https://www.jra.go.jp/datafile/seiseki/report/2016/2016-2hanshin1.pdf,official_daily_result_pdf
201609020109,2016,阪神,2,1,9,2016-03-26,https://www.jra.go.jp/datafile/seiseki/report/2016/2016-2hanshin1.pdf,official_daily_result_pdf
201609020110,2016,阪神,2,1,10,2016-03-26,https://www.jra.go.jp/datafile/seiseki/report/2016/2016-2hanshin1.pdf,official_daily_result_pdf
201609020111,2016,阪神,2,1,11,2016-03-26,https://www.jra.go.jp/datafile/seiseki/report/2016/2016-2hanshin1.pdf,official_daily_result_pdf
201609020112,2016,阪神,2,1,12,2016-03-26,https://www.jra.go.jp/datafile/seiseki/report/2016/2016-2hanshin1.pdf,official_daily_result_pdf
201609020201,2016,阪神,2,2,1,2016-03-27,https://www.jra.go.jp/datafile/seiseki/report/2016/2016-2hanshin2.pdf,official_daily_result_pdf
201609020202,2016,阪神,2,2,2,2016-03-27,https://www.jra.go.jp/datafile/seiseki/report/2016/2016-2hanshin2.pdf,official_daily_result_pdf
201609020203,2016,阪神,2,2,3,2016-03-27,https://www.jra.go.jp/datafile/seiseki/report/2016/2016-2hanshin2.pdf,official_daily_result_pdf
201609020204,2016,阪神,2,2,4,2016-03-27,https://www.jra.go.jp/datafile/seiseki/report/2016/2016-2hanshin2.pdf,official_daily_result_pdf
201609020205,2016,阪神,2,2,5,2016-03-27,https://www.jra.go.jp/datafile/seiseki/report/2016/2016-2hanshin2.pdf,official_daily_result_pdf
201609020206,2016,阪神,2,2,6,2016-03-27,https://www.jra.go.jp/datafile/seiseki/report/2016/2016-2hanshin2.pdf,official_daily_result_pdf
201609020207,2016,阪神,2,2,7,2016-03-27,https://www.jra.go.jp/datafile/seiseki/report/2016/2016-2hanshin2.pdf,official_daily_result_pdf
201609020208,2016,阪神,2,2,8,2016-03-27,https://www.jra.go.jp/datafile/seiseki/report/2016/2016-2hanshin2.pdf,official_daily_result_pdf
201609020209,2016,阪神,2,2,9,2016-03-27,https://www.jra.go.jp/datafile/seiseki/report/2016/2016-2hanshin2.pdf,official_daily_result_pdf
201609020210,2016,阪神,2,2,10,2016-03-27,https://www.jra.go.jp/datafile/seiseki/report/2016/2016-2hanshin2.pdf,official_daily_result_pdf
201609020211,2016,阪神,2,2,11,2016-03-27,https://www.jra.go.jp/datafile/seiseki/report/2016/2016-2hanshin2.pdf,official_daily_result_pdf
201609020212,2016,阪神,2,2,12,2016-03-27,https://www.jra.go.jp/datafile/seiseki/report/2016/2016-2hanshin2.pdf,official_daily_result_pdf
201609020301,2016,阪神,2,3,1,2016-04-02,https://www.jra.go.jp/datafile/seiseki/report/2016/2016-2hanshin3.pdf,official_daily_result_pdf
201609020302,2016,阪神,2,3,2,2016-04-02,https://www.jra.go.jp/datafile/seiseki/report/2016/2016-2hanshin3.pdf,official_daily_result_pdf
201609020303,2016,阪神,2,3,3,2016-04-02,https://www.jra.go.jp/datafile/seiseki/report/2016/2016-2hanshin3.pdf,official_daily_result_pdf
201609020304,2016,阪神,2,3,4,2016-04-02,https://www.jra.go.jp/datafile/seiseki/report/2016/2016-2hanshin3.pdf,official_daily_result_pdf
201609020305,2016,阪神,2,3,5,2016-04-02,https://www.jra.go.jp/datafile/seiseki/report/2016/2016-2hanshin3.pdf,official_daily_result_pdf
201609020306,2016,阪神,2,3,6,2016-04-02,https://www.jra.go.jp/datafile/seiseki/report/2016/2016-2hanshin3.pdf,official_daily_result_pdf
201609020307,2016,阪神,2,3,7,2016-04-02,https://www.jra.go.jp/datafile/seiseki/report/2016/2016-2hanshin3.pdf,official_daily_result_pdf
201609020308,2016,阪神,2,3,8,2016-04-02,https://www.jra.go.jp/datafile/seiseki/report/2016/2016-2hanshin3.pdf,official_daily_result_pdf
201609020309,2016,阪神,2,3,9,2016-04-02,https://www.jra.go.jp/datafile/seiseki/report/2016/2016-2hanshin3.pdf,official_daily_result_pdf
201609020310,2016,阪神,2,3,10,2016-04-02,https://www.jra.go.jp/datafile/seiseki/report/2016/2016-2hanshin3.pdf,official_daily_result_pdf
201609020311,2016,阪神,2,3,11,2016-04-02,https://www.jra.go.jp/datafile/seiseki/report/2016/2016-2hanshin3.pdf,official_daily_result_pdf
201609020312,2016,阪神,2,3,12,2016-04-02,https://www.jra.go.jp/datafile/seiseki/report/2016/2016-2hanshin3.pdf,official_daily_result_pdf
201609020401,2016,阪神,2,4,1,2016-04-03,https://www.jra.go.jp/datafile/seiseki/report/2016/2016-2hanshin4.pdf,official_daily_result_pdf
201609020402,2016,阪神,2,4,2,2016-04-03,https://www.jra.go.jp/datafile/seiseki/report/2016/2016-2hanshin4.pdf,official_daily_result_pdf
201609020403,2016,阪神,2,4,3,2016-04-03,https://www.jra.go.jp/datafile/seiseki/report/2016/2016-2hanshin4.pdf,official_daily_result_pdf
201609020404,2016,阪神,2,4,4,2016-04-03,https://www.jra.go.jp/datafile/seiseki/report/2016/2016-2hanshin4.pdf,official_daily_result_pdf
201609020405,2016,阪神,2,4,5,2016-04-03,https://www.jra.go.jp/datafile/seiseki/report/2016/2016-2hanshin4.pdf,official_daily_result_pdf
201609020406,2016,阪神,2,4,6,2016-04-03,https://www.jra.go.jp/datafile/seiseki/report/2016/2016-2hanshin4.pdf,official_daily_result_pdf
201609020407,2016,阪神,2,4,7,2016-04-03,https://www.jra.go.jp/datafile/seiseki/report/2016/2016-2hanshin4.pdf,official_daily_result_pdf
201609020408,2016,阪神,2,4,8,2016-04-03,https://www.jra.go.jp/datafile/seiseki/report/2016/2016-2hanshin4.pdf,official_daily_result_pdf
201609020409,2016,阪神,2,4,9,2016-04-03,https://www.jra.go.jp/datafile/seiseki/report/2016/2016-2hanshin4.pdf,official_daily_result_pdf
201609020410,2016,阪神,2,4,10,2016-04-03,https://www.jra.go.jp/datafile/seiseki/report/2016/2016-2hanshin4.pdf,official_daily_result_pdf
201609020411,2016,阪神,2,4,11,2016-04-03,https://www.jra.go.jp/datafile/seiseki/report/2016/2016-2hanshin4.pdf,official_daily_result_pdf
201609020412,2016,阪神,2,4,12,2016-04-03,https://www.jra.go.jp/datafile/seiseki/report/2016/2016-2hanshin4.pdf,official_daily_result_pdf
201609020501,2016,阪神,2,5,1,2016-04-09,https://www.jra.go.jp/datafile/seiseki/report/2016/2016-2hanshin5.pdf,official_daily_result_pdf
201609020502,2016,阪神,2,5,2,2016-04-09,https://www.jra.go.jp/datafile/seiseki/report/2016/2016-2hanshin5.pdf,official_daily_result_pdf
201609020503,2016,阪神,2,5,3,2016-04-09,https://www.jra.go.jp/datafile/seiseki/report/2016/2016-2hanshin5.pdf,official_daily_result_pdf
201609020504,2016,阪神,2,5,4,2016-04-09,https://www.jra.go.jp/datafile/seiseki/report/2016/2016-2hanshin5.pdf,official_daily_result_pdf
201609020505,2016,阪神,2,5,5,2016-04-09,https://www.jra.go.jp/datafile/seiseki/report/2016/2016-2hanshin5.pdf,official_daily_result_pdf
201609020506,2016,阪神,2,5,6,2016-04-09,https://www.jra.go.jp/datafile/seiseki/report/2016/2016-2hanshin5.pdf,official_daily_result_pdf
201609020507,2016,阪神,2,5,7,2016-04-09,https://www.jra.go.jp/datafile/seiseki/report/2016/2016-2hanshin5.pdf,official_daily_result_pdf
201609020508,2016,阪神,2,5,8,2016-04-09,https://www.jra.go.jp/datafile/seiseki/report/2016/2016-2hanshin5.pdf,official_daily_result_pdf
201609020509,2016,阪神,2,5,9,2016-04-09,https://www.jra.go.jp/datafile/seiseki/report/2016/2016-2hanshin5.pdf,official_daily_result_pdf
201609020510,2016,阪神,2,5,10,2016-04-09,https://www.jra.go.jp/datafile/seiseki/report/2016/2016-2hanshin5.pdf,official_daily_result_pdf
201609020511,2016,阪神,2,5,11,2016-04-09,https://www.jra.go.jp/datafile/seiseki/report/2016/2016-2hanshin5.pdf,official_daily_result_pdf
201609020512,2016,阪神,2,5,12,2016-04-09,https://www.jra.go.jp/datafile/seiseki/report/2016/2016-2hanshin5.pdf,official_daily_result_pdf
201609020601,2016,阪神,2,6,1,2016-04-10,https://www.jra.go.jp/datafile/seiseki/report/2016/2016-2hanshin6.pdf,official_daily_result_pdf
201609020602,2016,阪神,2,6,2,2016-04-10,https://www.jra.go.jp/datafile/seiseki/report/2016/2016-2hanshin6.pdf,official_daily_result_pdf
201609020603,2016,阪神,2,6,3,2016-04-10,https://www.jra.go.jp/datafile/seiseki/report/2016/2016-2hanshin6.pdf,official_daily_result_pdf
201609020604,2016,阪神,2,6,4,2016-04-10,https://www.jra.go.jp/datafile/seiseki/report/2016/2016-2hanshin6.pdf,official_daily_result_pdf
201609020605,2016,阪神,2,6,5,2016-04-10,https://www.jra.go.jp/datafile/seiseki/report/2016/2016-2hanshin6.pdf,official_daily_result_pdf
201609020606,2016,阪神,2,6,6,2016-04-10,https://www.jra.go.jp/datafile/seiseki/report/2016/2016-2hanshin6.pdf,official_daily_result_pdf
201609020607,2016,阪神,2,6,7,2016-04-10,https://www.jra.go.jp/datafile/seiseki/report/2016/2016-2hanshin6.pdf,official_daily_result_pdf
201609020608,2016,阪神,2,6,8,2016-04-10,https://www.jra.go.jp/datafile/seiseki/report/2016/2016-2hanshin6.pdf,official_daily_result_pdf
201609020609,2016,阪神,2,6,9,2016-04-10,https://www.jra.go.jp/datafile/seiseki/report/2016/2016-2hanshin6.pdf,official_daily_result_pdf
201609020610,2016,阪神,2,6,10,2016-04-10,https://www.jra.go.jp/datafile/seiseki/report/2016/2016-2hanshin6.pdf,official_daily_result_pdf
201609020611,2016,阪神,2,6,11,2016-04-10,https://www.jra.go.jp/datafile/seiseki/report/2016/2016-2hanshin6.pdf,official_daily_result_pdf
201609020612,2016,阪神,2,6,12,2016-04-10,https://www.jra.go.jp/datafile/seiseki/report/2016/2016-2hanshin6.pdf,official_daily_result_pdf
201609020701,2016,阪神,2,7,1,2016-04-16,https://www.jra.go.jp/datafile/seiseki/report/2016/2016-2hanshin7.pdf,official_daily_result_pdf
201609020702,2016,阪神,2,7,2,2016-04-16,https://www.jra.go.jp/datafile/seiseki/report/2016/2016-2hanshin7.pdf,official_daily_result_pdf
201609020703,2016,阪神,2,7,3,2016-04-16,https://www.jra.go.jp/datafile/seiseki/report/2016/2016-2hanshin7.pdf,official_daily_result_pdf
201609020704,2016,阪神,2,7,4,2016-04-16,https://www.jra.go.jp/datafile/seiseki/report/2016/2016-2hanshin7.pdf,official_daily_result_pdf
201609020705,2016,阪神,2,7,5,2016-04-16,https://www.jra.go.jp/datafile/seiseki/report/2016/2016-2hanshin7.pdf,official_daily_result_pdf
201609020706,2016,阪神,2,7,6,2016-04-16,https://www.jra.go.jp/datafile/seiseki/report/2016/2016-2hanshin7.pdf,official_daily_result_pdf
201609020707,2016,阪神,2,7,7,2016-04-16,https://www.jra.go.jp/datafile/seiseki/report/2016/2016-2hanshin7.pdf,official_daily_result_pdf
201609020708,2016,阪神,2,7,8,2016-04-16,https://www.jra.go.jp/datafile/seiseki/report/2016/2016-2hanshin7.pdf,official_daily_result_pdf
201609020709,2016,阪神,2,7,9,2016-04-16,https://www.jra.go.jp/datafile/seiseki/report/2016/2016-2hanshin7.pdf,official_daily_result_pdf
201609020710,2016,阪神,2,7,10,2016-04-16,https://www.jra.go.jp/datafile/seiseki/report/2016/2016-2hanshin7.pdf,official_daily_result_pdf
201609020711,2016,阪神,2,7,11,2016-04-16,https://www.jra.go.jp/datafile/seiseki/report/2016/2016-2hanshin7.pdf,official_daily_result_pdf
201609020712,2016,阪神,2,7,12,2016-04-16,https://www.jra.go.jp/datafile/seiseki/report/2016/2016-2hanshin7.pdf,official_daily_result_pdf
201609020801,2016,阪神,2,8,1,2016-04-17,https://www.jra.go.jp/datafile/seiseki/report/2016/2016-2hanshin8.pdf,official_daily_result_pdf
201609020802,2016,阪神,2,8,2,2016-04-17,https://www.jra.go.jp/datafile/seiseki/report/2016/2016-2hanshin8.pdf,official_daily_result_pdf
201609020803,2016,阪神,2,8,3,2016-04-17,https://www.jra.go.jp/datafile/seiseki/report/2016/2016-2hanshin8.pdf,official_daily_result_pdf
201609020804,2016,阪神,2,8,4,2016-04-17,https://www.jra.go.jp/datafile/seiseki/report/2016/2016-2hanshin8.pdf,official_daily_result_pdf
201609020805,2016,阪神,2,8,5,2016-04-17,https://www.jra.go.jp/datafile/seiseki/report/2016/2016-2hanshin8.pdf,official_daily_result_pdf
201609020806,2016,阪神,2,8,6,2016-04-17,https://www.jra.go.jp/datafile/seiseki/report/2016/2016-2hanshin8.pdf,official_daily_result_pdf
201609020807,2016,阪神,2,8,7,2016-04-17,https://www.jra.go.jp/datafile/seiseki/report/2016/2016-2hanshin8.pdf,official_daily_result_pdf
201609020808,2016,阪神,2,8,8,2016-04-17,https://www.jra.go.jp/datafile/seiseki/report/2016/2016-2hanshin8.pdf,official_daily_result_pdf
201609020809,2016,阪神,2,8,9,2016-04-17,https://www.jra.go.jp/datafile/seiseki/report/2016/2016-2hanshin8.pdf,official_daily_result_pdf
201609020810,2016,阪神,2,8,10,2016-04-17,https://www.jra.go.jp/datafile/seiseki/report/2016/2016-2hanshin8.pdf,official_daily_result_pdf
201609020811,2016,阪神,2,8,11,2016-04-17,https://www.jra.go.jp/datafile/seiseki/report/2016/2016-2hanshin8.pdf,official_daily_result_pdf
201609020812,2016,阪神,2,8,12,2016-04-17,https://www.jra.go.jp/datafile/seiseki/report/2016/2016-2hanshin8.pdf,official_daily_result_pdf
201609030101,2016,阪神,3,1,1,2016-06-04,https://www.jra.go.jp/datafile/seiseki/report/2016/2016-3hanshin1.pdf,official_daily_result_pdf
201609030102,2016,阪神,3,1,2,2016-06-04,https://www.jra.go.jp/datafile/seiseki/report/2016/2016-3hanshin1.pdf,official_daily_result_pdf
201609030103,2016,阪神,3,1,3,2016-06-04,https://www.jra.go.jp/datafile/seiseki/report/2016/2016-3hanshin1.pdf,official_daily_result_pdf
201609030104,2016,阪神,3,1,4,2016-06-04,https://www.jra.go.jp/datafile/seiseki/report/2016/2016-3hanshin1.pdf,official_daily_result_pdf
201609030105,2016,阪神,3,1,5,2016-06-04,https://www.jra.go.jp/datafile/seiseki/report/2016/2016-3hanshin1.pdf,official_daily_result_pdf
201609030106,2016,阪神,3,1,6,2016-06-04,https://www.jra.go.jp/datafile/seiseki/report/2016/2016-3hanshin1.pdf,official_daily_result_pdf
201609030107,2016,阪神,3,1,7,2016-06-04,https://www.jra.go.jp/datafile/seiseki/report/2016/2016-3hanshin1.pdf,official_daily_result_pdf
201609030108,2016,阪神,3,1,8,2016-06-04,https://www.jra.go.jp/datafile/seiseki/report/2016/2016-3hanshin1.pdf,official_daily_result_pdf
201609030109,2016,阪神,3,1,9,2016-06-04,https://www.jra.go.jp/datafile/seiseki/report/2016/2016-3hanshin1.pdf,official_daily_result_pdf
201609030110,2016,阪神,3,1,10,2016-06-04,https://www.jra.go.jp/datafile/seiseki/report/2016/2016-3hanshin1.pdf,official_daily_result_pdf
201609030111,2016,阪神,3,1,11,2016-06-04,https://www.jra.go.jp/datafile/seiseki/report/2016/2016-3hanshin1.pdf,official_daily_result_pdf
201609030112,2016,阪神,3,1,12,2016-06-04,https://www.jra.go.jp/datafile/seiseki/report/2016/2016-3hanshin1.pdf,official_daily_result_pdf
201609030201,2016,阪神,3,2,1,2016-06-05,https://www.jra.go.jp/datafile/seiseki/report/2016/2016-3hanshin2.pdf,official_daily_result_pdf
201609030202,2016,阪神,3,2,2,2016-06-05,https://www.jra.go.jp/datafile/seiseki/report/2016/2016-3hanshin2.pdf,official_daily_result_pdf
201609030203,2016,阪神,3,2,3,2016-06-05,https://www.jra.go.jp/datafile/seiseki/report/2016/2016-3hanshin2.pdf,official_daily_result_pdf
201609030204,2016,阪神,3,2,4,2016-06-05,https://www.jra.go.jp/datafile/seiseki/report/2016/2016-3hanshin2.pdf,official_daily_result_pdf
201609030205,2016,阪神,3,2,5,2016-06-05,https://www.jra.go.jp/datafile/seiseki/report/2016/2016-3hanshin2.pdf,official_daily_result_pdf
201609030206,2016,阪神,3,2,6,2016-06-05,https://www.jra.go.jp/datafile/seiseki/report/2016/2016-3hanshin2.pdf,official_daily_result_pdf
201609030207,2016,阪神,3,2,7,2016-06-05,https://www.jra.go.jp/datafile/seiseki/report/2016/2016-3hanshin2.pdf,official_daily_result_pdf
201609030208,2016,阪神,3,2,8,2016-06-05,https://www.jra.go.jp/datafile/seiseki/report/2016/2016-3hanshin2.pdf,official_daily_result_pdf
201609030209,2016,阪神,3,2,9,2016-06-05,https://www.jra.go.jp/datafile/seiseki/report/2016/2016-3hanshin2.pdf,official_daily_result_pdf
201609030210,2016,阪神,3,2,10,2016-06-05,https://www.jra.go.jp/datafile/seiseki/report/2016/2016-3hanshin2.pdf,official_daily_result_pdf
201609030211,2016,阪神,3,2,11,2016-06-05,https://www.jra.go.jp/datafile/seiseki/report/2016/2016-3hanshin2.pdf,official_daily_result_pdf
201609030212,2016,阪神,3,2,12,2016-06-05,https://www.jra.go.jp/datafile/seiseki/report/2016/2016-3hanshin2.pdf,official_daily_result_pdf
201609030301,2016,阪神,3,3,1,2016-06-11,https://www.jra.go.jp/datafile/seiseki/report/2016/2016-3hanshin3.pdf,official_daily_result_pdf
201609030302,2016,阪神,3,3,2,2016-06-11,https://www.jra.go.jp/datafile/seiseki/report/2016/2016-3hanshin3.pdf,official_daily_result_pdf
201609030303,2016,阪神,3,3,3,2016-06-11,https://www.jra.go.jp/datafile/seiseki/report/2016/2016-3hanshin3.pdf,official_daily_result_pdf
201609030304,2016,阪神,3,3,4,2016-06-11,https://www.jra.go.jp/datafile/seiseki/report/2016/2016-3hanshin3.pdf,official_daily_result_pdf
201609030305,2016,阪神,3,3,5,2016-06-11,https://www.jra.go.jp/datafile/seiseki/report/2016/2016-3hanshin3.pdf,official_daily_result_pdf
201609030306,2016,阪神,3,3,6,2016-06-11,https://www.jra.go.jp/datafile/seiseki/report/2016/2016-3hanshin3.pdf,official_daily_result_pdf
201609030307,2016,阪神,3,3,7,2016-06-11,https://www.jra.go.jp/datafile/seiseki/report/2016/2016-3hanshin3.pdf,official_daily_result_pdf
201609030308,2016,阪神,3,3,8,2016-06-11,https://www.jra.go.jp/datafile/seiseki/report/2016/2016-3hanshin3.pdf,official_daily_result_pdf
201609030309,2016,阪神,3,3,9,2016-06-11,https://www.jra.go.jp/datafile/seiseki/report/2016/2016-3hanshin3.pdf,official_daily_result_pdf
201609030310,2016,阪神,3,3,10,2016-06-11,https://www.jra.go.jp/datafile/seiseki/report/2016/2016-3hanshin3.pdf,official_daily_result_pdf
201609030311,2016,阪神,3,3,11,2016-06-11,https://www.jra.go.jp/datafile/seiseki/report/2016/2016-3hanshin3.pdf,official_daily_result_pdf
201609030312,2016,阪神,3,3,12,2016-06-11,https://www.jra.go.jp/datafile/seiseki/report/2016/2016-3hanshin3.pdf,official_daily_result_pdf
201609030401,2016,阪神,3,4,1,2016-06-12,https://www.jra.go.jp/datafile/seiseki/report/2016/2016-3hanshin4.pdf,official_daily_result_pdf
201609030402,2016,阪神,3,4,2,2016-06-12,https://www.jra.go.jp/datafile/seiseki/report/2016/2016-3hanshin4.pdf,official_daily_result_pdf
201609030403,2016,阪神,3,4,3,2016-06-12,https://www.jra.go.jp/datafile/seiseki/report/2016/2016-3hanshin4.pdf,official_daily_result_pdf
201609030404,2016,阪神,3,4,4,2016-06-12,https://www.jra.go.jp/datafile/seiseki/report/2016/2016-3hanshin4.pdf,official_daily_result_pdf
201609030405,2016,阪神,3,4,5,2016-06-12,https://www.jra.go.jp/datafile/seiseki/report/2016/2016-3hanshin4.pdf,official_daily_result_pdf
201609030406,2016,阪神,3,4,6,2016-06-12,https://www.jra.go.jp/datafile/seiseki/report/2016/2016-3hanshin4.pdf,official_daily_result_pdf
201609030407,2016,阪神,3,4,7,2016-06-12,https://www.jra.go.jp/datafile/seiseki/report/2016/2016-3hanshin4.pdf,official_daily_result_pdf
201609030408,2016,阪神,3,4,8,2016-06-12,https://www.jra.go.jp/datafile/seiseki/report/2016/2016-3hanshin4.pdf,official_daily_result_pdf
201609030409,2016,阪神,3,4,9,2016-06-12,https://www.jra.go.jp/datafile/seiseki/report/2016/2016-3hanshin4.pdf,official_daily_result_pdf
201609030410,2016,阪神,3,4,10,2016-06-12,https://www.jra.go.jp/datafile/seiseki/report/2016/2016-3hanshin4.pdf,official_daily_result_pdf
201609030411,2016,阪神,3,4,11,2016-06-12,https://www.jra.go.jp/datafile/seiseki/report/2016/2016-3hanshin4.pdf,official_daily_result_pdf
201609030412,2016,阪神,3,4,12,2016-06-12,https://www.jra.go.jp/datafile/seiseki/report/2016/2016-3hanshin4.pdf,official_daily_result_pdf
201609030501,2016,阪神,3,5,1,2016-06-18,https://www.jra.go.jp/datafile/seiseki/report/2016/2016-3hanshin5.pdf,official_daily_result_pdf
201609030502,2016,阪神,3,5,2,2016-06-18,https://www.jra.go.jp/datafile/seiseki/report/2016/2016-3hanshin5.pdf,official_daily_result_pdf
201609030503,2016,阪神,3,5,3,2016-06-18,https://www.jra.go.jp/datafile/seiseki/report/2016/2016-3hanshin5.pdf,official_daily_result_pdf
201609030504,2016,阪神,3,5,4,2016-06-18,https://www.jra.go.jp/datafile/seiseki/report/2016/2016-3hanshin5.pdf,official_daily_result_pdf
201609030505,2016,阪神,3,5,5,2016-06-18,https://www.jra.go.jp/datafile/seiseki/report/2016/2016-3hanshin5.pdf,official_daily_result_pdf
201609030506,2016,阪神,3,5,6,2016-06-18,https://www.jra.go.jp/datafile/seiseki/report/2016/2016-3hanshin5.pdf,official_daily_result_pdf
201609030507,2016,阪神,3,5,7,2016-06-18,https://www.jra.go.jp/datafile/seiseki/report/2016/2016-3hanshin5.pdf,official_daily_result_pdf
201609030508,2016,阪神,3,5,8,2016-06-18,https://www.jra.go.jp/datafile/seiseki/report/2016/2016-3hanshin5.pdf,official_daily_result_pdf
201609030509,2016,阪神,3,5,9,2016-06-18,https://www.jra.go.jp/datafile/seiseki/report/2016/2016-3hanshin5.pdf,official_daily_result_pdf
201609030510,2016,阪神,3,5,10,2016-06-18,https://www.jra.go.jp/datafile/seiseki/report/2016/2016-3hanshin5.pdf,official_daily_result_pdf
201609030511,2016,阪神,3,5,11,2016-06-18,https://www.jra.go.jp/datafile/seiseki/report/2016/2016-3hanshin5.pdf,official_daily_result_pdf
201609030512,2016,阪神,3,5,12,2016-06-18,https://www.jra.go.jp/datafile/seiseki/report/2016/2016-3hanshin5.pdf,official_daily_result_pdf
201609030601,2016,阪神,3,6,1,2016-06-19,https://www.jra.go.jp/datafile/seiseki/report/2016/2016-3hanshin6.pdf,official_daily_result_pdf
201609030602,2016,阪神,3,6,2,2016-06-19,https://www.jra.go.jp/datafile/seiseki/report/2016/2016-3hanshin6.pdf,official_daily_result_pdf
201609030603,2016,阪神,3,6,3,2016-06-19,https://www.jra.go.jp/datafile/seiseki/report/2016/2016-3hanshin6.pdf,official_daily_result_pdf
201609030604,2016,阪神,3,6,4,2016-06-19,https://www.jra.go.jp/datafile/seiseki/report/2016/2016-3hanshin6.pdf,official_daily_result_pdf
201609030605,2016,阪神,3,6,5,2016-06-19,https://www.jra.go.jp/datafile/seiseki/report/2016/2016-3hanshin6.pdf,official_daily_result_pdf
201609030606,2016,阪神,3,6,6,2016-06-19,https://www.jra.go.jp/datafile/seiseki/report/2016/2016-3hanshin6.pdf,official_daily_result_pdf
201609030607,2016,阪神,3,6,7,2016-06-19,https://www.jra.go.jp/datafile/seiseki/report/2016/2016-3hanshin6.pdf,official_daily_result_pdf
201609030608,2016,阪神,3,6,8,2016-06-19,https://www.jra.go.jp/datafile/seiseki/report/2016/2016-3hanshin6.pdf,official_daily_result_pdf
201609030609,2016,阪神,3,6,9,2016-06-19,https://www.jra.go.jp/datafile/seiseki/report/2016/2016-3hanshin6.pdf,official_daily_result_pdf
201609030610,2016,阪神,3,6,10,2016-06-19,https://www.jra.go.jp/datafile/seiseki/report/2016/2016-3hanshin6.pdf,official_daily_result_pdf
201609030611,2016,阪神,3,6,11,2016-06-19,https://www.jra.go.jp/datafile/seiseki/report/2016/2016-3hanshin6.pdf,official_daily_result_pdf
201609030612,2016,阪神,3,6,12,2016-06-19,https://www.jra.go.jp/datafile/seiseki/report/2016/2016-3hanshin6.pdf,official_daily_result_pdf
201609030701,2016,阪神,3,7,1,2016-06-25,https://www.jra.go.jp/datafile/seiseki/report/2016/2016-3hanshin7.pdf,official_daily_result_pdf
201609030702,2016,阪神,3,7,2,2016-06-25,https://www.jra.go.jp/datafile/seiseki/report/2016/2016-3hanshin7.pdf,official_daily_result_pdf
201609030703,2016,阪神,3,7,3,2016-06-25,https://www.jra.go.jp/datafile/seiseki/report/2016/2016-3hanshin7.pdf,official_daily_result_pdf
201609030704,2016,阪神,3,7,4,2016-06-25,https://www.jra.go.jp/datafile/seiseki/report/2016/2016-3hanshin7.pdf,official_daily_result_pdf
201609030705,2016,阪神,3,7,5,2016-06-25,https://www.jra.go.jp/datafile/seiseki/report/2016/2016-3hanshin7.pdf,official_daily_result_pdf
201609030706,2016,阪神,3,7,6,2016-06-25,https://www.jra.go.jp/datafile/seiseki/report/2016/2016-3hanshin7.pdf,official_daily_result_pdf
201609030707,2016,阪神,3,7,7,2016-06-25,https://www.jra.go.jp/datafile/seiseki/report/2016/2016-3hanshin7.pdf,official_daily_result_pdf
201609030708,2016,阪神,3,7,8,2016-06-25,https://www.jra.go.jp/datafile/seiseki/report/2016/2016-3hanshin7.pdf,official_daily_result_pdf
201609030709,2016,阪神,3,7,9,2016-06-25,https://www.jra.go.jp/datafile/seiseki/report/2016/2016-3hanshin7.pdf,official_daily_result_pdf
201609030710,2016,阪神,3,7,10,2016-06-25,https://www.jra.go.jp/datafile/seiseki/report/2016/2016-3hanshin7.pdf,official_daily_result_pdf
201609030711,2016,阪神,3,7,11,2016-06-25,https://www.jra.go.jp/datafile/seiseki/report/2016/2016-3hanshin7.pdf,official_daily_result_pdf
201609030712,2016,阪神,3,7,12,2016-06-25,https://www.jra.go.jp/datafile/seiseki/report/2016/2016-3hanshin7.pdf,official_daily_result_pdf
201609030801,2016,阪神,3,8,1,2016-06-26,https://www.jra.go.jp/datafile/seiseki/report/2016/2016-3hanshin8.pdf,official_daily_result_pdf
201609030802,2016,阪神,3,8,2,2016-06-26,https://www.jra.go.jp/datafile/seiseki/report/2016/2016-3hanshin8.pdf,official_daily_result_pdf
201609030803,2016,阪神,3,8,3,2016-06-26,https://www.jra.go.jp/datafile/seiseki/report/2016/2016-3hanshin8.pdf,official_daily_result_pdf
201609030804,2016,阪神,3,8,4,2016-06-26,https://www.jra.go.jp/datafile/seiseki/report/2016/2016-3hanshin8.pdf,official_daily_result_pdf
201609030805,2016,阪神,3,8,5,2016-06-26,https://www.jra.go.jp/datafile/seiseki/report/2016/2016-3hanshin8.pdf,official_daily_result_pdf
201609030806,2016,阪神,3,8,6,2016-06-26,https://www.jra.go.jp/datafile/seiseki/report/2016/2016-3hanshin8.pdf,official_daily_result_pdf
201609030807,2016,阪神,3,8,7,2016-06-26,https://www.jra.go.jp/datafile/seiseki/report/2016/2016-3hanshin8.pdf,official_daily_result_pdf
201609030808,2016,阪神,3,8,8,2016-06-26,https://www.jra.go.jp/datafile/seiseki/report/2016/2016-3hanshin8.pdf,official_daily_result_pdf
201609030809,2016,阪神,3,8,9,2016-06-26,https://www.jra.go.jp/datafile/seiseki/report/2016/2016-3hanshin8.pdf,official_daily_result_pdf
201609030810,2016,阪神,3,8,10,2016-06-26,https://www.jra.go.jp/datafile/seiseki/report/2016/2016-3hanshin8.pdf,official_daily_result_pdf
201609030811,2016,阪神,3,8,11,2016-06-26,https://www.jra.go.jp/datafile/seiseki/report/2016/2016-3hanshin8.pdf,official_daily_result_pdf
201609030812,2016,阪神,3,8,12,2016-06-26,https://www.jra.go.jp/datafile/seiseki/report/2016/2016-3hanshin8.pdf,official_daily_result_pdf
201609040101,2016,阪神,4,1,1,2016-09-10,https://www.jra.go.jp/datafile/seiseki/report/2016/2016-4hanshin1.pdf,official_daily_result_pdf
201609040102,2016,阪神,4,1,2,2016-09-10,https://www.jra.go.jp/datafile/seiseki/report/2016/2016-4hanshin1.pdf,official_daily_result_pdf
201609040103,2016,阪神,4,1,3,2016-09-10,https://www.jra.go.jp/datafile/seiseki/report/2016/2016-4hanshin1.pdf,official_daily_result_pdf
201609040104,2016,阪神,4,1,4,2016-09-10,https://www.jra.go.jp/datafile/seiseki/report/2016/2016-4hanshin1.pdf,official_daily_result_pdf
201609040105,2016,阪神,4,1,5,2016-09-10,https://www.jra.go.jp/datafile/seiseki/report/2016/2016-4hanshin1.pdf,official_daily_result_pdf
201609040106,2016,阪神,4,1,6,2016-09-10,https://www.jra.go.jp/datafile/seiseki/report/2016/2016-4hanshin1.pdf,official_daily_result_pdf
201609040107,2016,阪神,4,1,7,2016-09-10,https://www.jra.go.jp/datafile/seiseki/report/2016/2016-4hanshin1.pdf,official_daily_result_pdf
201609040108,2016,阪神,4,1,8,2016-09-10,https://www.jra.go.jp/datafile/seiseki/report/2016/2016-4hanshin1.pdf,official_daily_result_pdf
201609040109,2016,阪神,4,1,9,2016-09-10,https://www.jra.go.jp/datafile/seiseki/report/2016/2016-4hanshin1.pdf,official_daily_result_pdf
201609040110,2016,阪神,4,1,10,2016-09-10,https://www.jra.go.jp/datafile/seiseki/report/2016/2016-4hanshin1.pdf,official_daily_result_pdf
201609040111,2016,阪神,4,1,11,2016-09-10,https://www.jra.go.jp/datafile/seiseki/report/2016/2016-4hanshin1.pdf,official_daily_result_pdf
201609040112,2016,阪神,4,1,12,2016-09-10,https://www.jra.go.jp/datafile/seiseki/report/2016/2016-4hanshin1.pdf,official_daily_result_pdf
201609040201,2016,阪神,4,2,1,2016-09-11,https://www.jra.go.jp/datafile/seiseki/report/2016/2016-4hanshin2.pdf,official_daily_result_pdf
201609040202,2016,阪神,4,2,2,2016-09-11,https://www.jra.go.jp/datafile/seiseki/report/2016/2016-4hanshin2.pdf,official_daily_result_pdf
201609040203,2016,阪神,4,2,3,2016-09-11,https://www.jra.go.jp/datafile/seiseki/report/2016/2016-4hanshin2.pdf,official_daily_result_pdf
201609040204,2016,阪神,4,2,4,2016-09-11,https://www.jra.go.jp/datafile/seiseki/report/2016/2016-4hanshin2.pdf,official_daily_result_pdf
201609040205,2016,阪神,4,2,5,2016-09-11,https://www.jra.go.jp/datafile/seiseki/report/2016/2016-4hanshin2.pdf,official_daily_result_pdf
201609040206,2016,阪神,4,2,6,2016-09-11,https://www.jra.go.jp/datafile/seiseki/report/2016/2016-4hanshin2.pdf,official_daily_result_pdf
201609040207,2016,阪神,4,2,7,2016-09-11,https://www.jra.go.jp/datafile/seiseki/report/2016/2016-4hanshin2.pdf,official_daily_result_pdf
201609040208,2016,阪神,4,2,8,2016-09-11,https://www.jra.go.jp/datafile/seiseki/report/2016/2016-4hanshin2.pdf,official_daily_result_pdf
201609040209,2016,阪神,4,2,9,2016-09-11,https://www.jra.go.jp/datafile/seiseki/report/2016/2016-4hanshin2.pdf,official_daily_result_pdf
201609040210,2016,阪神,4,2,10,2016-09-11,https://www.jra.go.jp/datafile/seiseki/report/2016/2016-4hanshin2.pdf,official_daily_result_pdf
201609040211,2016,阪神,4,2,11,2016-09-11,https://www.jra.go.jp/datafile/seiseki/report/2016/2016-4hanshin2.pdf,official_daily_result_pdf
201609040212,2016,阪神,4,2,12,2016-09-11,https://www.jra.go.jp/datafile/seiseki/report/2016/2016-4hanshin2.pdf,official_daily_result_pdf
201609040301,2016,阪神,4,3,1,2016-09-17,https://www.jra.go.jp/datafile/seiseki/report/2016/2016-4hanshin3.pdf,official_daily_result_pdf
201609040302,2016,阪神,4,3,2,2016-09-17,https://www.jra.go.jp/datafile/seiseki/report/2016/2016-4hanshin3.pdf,official_daily_result_pdf
201609040303,2016,阪神,4,3,3,2016-09-17,https://www.jra.go.jp/datafile/seiseki/report/2016/2016-4hanshin3.pdf,official_daily_result_pdf
201609040304,2016,阪神,4,3,4,2016-09-17,https://www.jra.go.jp/datafile/seiseki/report/2016/2016-4hanshin3.pdf,official_daily_result_pdf
201609040305,2016,阪神,4,3,5,2016-09-17,https://www.jra.go.jp/datafile/seiseki/report/2016/2016-4hanshin3.pdf,official_daily_result_pdf
201609040306,2016,阪神,4,3,6,2016-09-17,https://www.jra.go.jp/datafile/seiseki/report/2016/2016-4hanshin3.pdf,official_daily_result_pdf
201609040307,2016,阪神,4,3,7,2016-09-17,https://www.jra.go.jp/datafile/seiseki/report/2016/2016-4hanshin3.pdf,official_daily_result_pdf
201609040308,2016,阪神,4,3,8,2016-09-17,https://www.jra.go.jp/datafile/seiseki/report/2016/2016-4hanshin3.pdf,official_daily_result_pdf
201609040309,2016,阪神,4,3,9,2016-09-17,https://www.jra.go.jp/datafile/seiseki/report/2016/2016-4hanshin3.pdf,official_daily_result_pdf
201609040310,2016,阪神,4,3,10,2016-09-17,https://www.jra.go.jp/datafile/seiseki/report/2016/2016-4hanshin3.pdf,official_daily_result_pdf
201609040311,2016,阪神,4,3,11,2016-09-17,https://www.jra.go.jp/datafile/seiseki/report/2016/2016-4hanshin3.pdf,official_daily_result_pdf
201609040312,2016,阪神,4,3,12,2016-09-17,https://www.jra.go.jp/datafile/seiseki/report/2016/2016-4hanshin3.pdf,official_daily_result_pdf
201609040401,2016,阪神,4,4,1,2016-09-18,https://www.jra.go.jp/datafile/seiseki/report/2016/2016-4hanshin4.pdf,official_daily_result_pdf
201609040402,2016,阪神,4,4,2,2016-09-18,https://www.jra.go.jp/datafile/seiseki/report/2016/2016-4hanshin4.pdf,official_daily_result_pdf
201609040403,2016,阪神,4,4,3,2016-09-18,https://www.jra.go.jp/datafile/seiseki/report/2016/2016-4hanshin4.pdf,official_daily_result_pdf
201609040404,2016,阪神,4,4,4,2016-09-18,https://www.jra.go.jp/datafile/seiseki/report/2016/2016-4hanshin4.pdf,official_daily_result_pdf
201609040405,2016,阪神,4,4,5,2016-09-18,https://www.jra.go.jp/datafile/seiseki/report/2016/2016-4hanshin4.pdf,official_daily_result_pdf
201609040406,2016,阪神,4,4,6,2016-09-18,https://www.jra.go.jp/datafile/seiseki/report/2016/2016-4hanshin4.pdf,official_daily_result_pdf
201609040407,2016,阪神,4,4,7,2016-09-18,https://www.jra.go.jp/datafile/seiseki/report/2016/2016-4hanshin4.pdf,official_daily_result_pdf
201609040408,2016,阪神,4,4,8,2016-09-18,https://www.jra.go.jp/datafile/seiseki/report/2016/2016-4hanshin4.pdf,official_daily_result_pdf
201609040409,2016,阪神,4,4,9,2016-09-18,https://www.jra.go.jp/datafile/seiseki/report/2016/2016-4hanshin4.pdf,official_daily_result_pdf
201609040410,2016,阪神,4,4,10,2016-09-18,https://www.jra.go.jp/datafile/seiseki/report/2016/2016-4hanshin4.pdf,official_daily_result_pdf
201609040411,2016,阪神,4,4,11,2016-09-18,https://www.jra.go.jp/datafile/seiseki/report/2016/2016-4hanshin4.pdf,official_daily_result_pdf
201609040412,2016,阪神,4,4,12,2016-09-18,https://www.jra.go.jp/datafile/seiseki/report/2016/2016-4hanshin4.pdf,official_daily_result_pdf
201609040501,2016,阪神,4,5,1,2016-09-24,https://www.jra.go.jp/datafile/seiseki/report/2016/2016-4hanshin5.pdf,official_daily_result_pdf
201609040502,2016,阪神,4,5,2,2016-09-24,https://www.jra.go.jp/datafile/seiseki/report/2016/2016-4hanshin5.pdf,official_daily_result_pdf
201609040503,2016,阪神,4,5,3,2016-09-24,https://www.jra.go.jp/datafile/seiseki/report/2016/2016-4hanshin5.pdf,official_daily_result_pdf
201609040504,2016,阪神,4,5,4,2016-09-24,https://www.jra.go.jp/datafile/seiseki/report/2016/2016-4hanshin5.pdf,official_daily_result_pdf
201609040505,2016,阪神,4,5,5,2016-09-24,https://www.jra.go.jp/datafile/seiseki/report/2016/2016-4hanshin5.pdf,official_daily_result_pdf
201609040506,2016,阪神,4,5,6,2016-09-24,https://www.jra.go.jp/datafile/seiseki/report/2016/2016-4hanshin5.pdf,official_daily_result_pdf
201609040507,2016,阪神,4,5,7,2016-09-24,https://www.jra.go.jp/datafile/seiseki/report/2016/2016-4hanshin5.pdf,official_daily_result_pdf
201609040508,2016,阪神,4,5,8,2016-09-24,https://www.jra.go.jp/datafile/seiseki/report/2016/2016-4hanshin5.pdf,official_daily_result_pdf
201609040509,2016,阪神,4,5,9,2016-09-24,https://www.jra.go.jp/datafile/seiseki/report/2016/2016-4hanshin5.pdf,official_daily_result_pdf
201609040510,2016,阪神,4,5,10,2016-09-24,https://www.jra.go.jp/datafile/seiseki/report/2016/2016-4hanshin5.pdf,official_daily_result_pdf
201609040511,2016,阪神,4,5,11,2016-09-24,https://www.jra.go.jp/datafile/seiseki/report/2016/2016-4hanshin5.pdf,official_daily_result_pdf
201609040512,2016,阪神,4,5,12,2016-09-24,https://www.jra.go.jp/datafile/seiseki/report/2016/2016-4hanshin5.pdf,official_daily_result_pdf
201609040601,2016,阪神,4,6,1,2016-09-25,https://www.jra.go.jp/datafile/seiseki/report/2016/2016-4hanshin6.pdf,official_daily_result_pdf
201609040602,2016,阪神,4,6,2,2016-09-25,https://www.jra.go.jp/datafile/seiseki/report/2016/2016-4hanshin6.pdf,official_daily_result_pdf
201609040603,2016,阪神,4,6,3,2016-09-25,https://www.jra.go.jp/datafile/seiseki/report/2016/2016-4hanshin6.pdf,official_daily_result_pdf
201609040604,2016,阪神,4,6,4,2016-09-25,https://www.jra.go.jp/datafile/seiseki/report/2016/2016-4hanshin6.pdf,official_daily_result_pdf
201609040605,2016,阪神,4,6,5,2016-09-25,https://www.jra.go.jp/datafile/seiseki/report/2016/2016-4hanshin6.pdf,official_daily_result_pdf
201609040606,2016,阪神,4,6,6,2016-09-25,https://www.jra.go.jp/datafile/seiseki/report/2016/2016-4hanshin6.pdf,official_daily_result_pdf
201609040607,2016,阪神,4,6,7,2016-09-25,https://www.jra.go.jp/datafile/seiseki/report/2016/2016-4hanshin6.pdf,official_daily_result_pdf
201609040608,2016,阪神,4,6,8,2016-09-25,https://www.jra.go.jp/datafile/seiseki/report/2016/2016-4hanshin6.pdf,official_daily_result_pdf
201609040609,2016,阪神,4,6,9,2016-09-25,https://www.jra.go.jp/datafile/seiseki/report/2016/2016-4hanshin6.pdf,official_daily_result_pdf
201609040610,2016,阪神,4,6,10,2016-09-25,https://www.jra.go.jp/datafile/seiseki/report/2016/2016-4hanshin6.pdf,official_daily_result_pdf
201609040611,2016,阪神,4,6,11,2016-09-25,https://www.jra.go.jp/datafile/seiseki/report/2016/2016-4hanshin6.pdf,official_daily_result_pdf
201609040612,2016,阪神,4,6,12,2016-09-25,https://www.jra.go.jp/datafile/seiseki/report/2016/2016-4hanshin6.pdf,official_daily_result_pdf
201609040701,2016,阪神,4,7,1,2016-10-01,https://www.jra.go.jp/datafile/seiseki/report/2016/2016-4hanshin7.pdf,official_daily_result_pdf
201609040702,2016,阪神,4,7,2,2016-10-01,https://www.jra.go.jp/datafile/seiseki/report/2016/2016-4hanshin7.pdf,official_daily_result_pdf
201609040703,2016,阪神,4,7,3,2016-10-01,https://www.jra.go.jp/datafile/seiseki/report/2016/2016-4hanshin7.pdf,official_daily_result_pdf
201609040704,2016,阪神,4,7,4,2016-10-01,https://www.jra.go.jp/datafile/seiseki/report/2016/2016-4hanshin7.pdf,official_daily_result_pdf
201609040705,2016,阪神,4,7,5,2016-10-01,https://www.jra.go.jp/datafile/seiseki/report/2016/2016-4hanshin7.pdf,official_daily_result_pdf
201609040706,2016,阪神,4,7,6,2016-10-01,https://www.jra.go.jp/datafile/seiseki/report/2016/2016-4hanshin7.pdf,official_daily_result_pdf
201609040707,2016,阪神,4,7,7,2016-10-01,https://www.jra.go.jp/datafile/seiseki/report/2016/2016-4hanshin7.pdf,official_daily_result_pdf
201609040708,2016,阪神,4,7,8,2016-10-01,https://www.jra.go.jp/datafile/seiseki/report/2016/2016-4hanshin7.pdf,official_daily_result_pdf
201609040709,2016,阪神,4,7,9,2016-10-01,https://www.jra.go.jp/datafile/seiseki/report/2016/2016-4hanshin7.pdf,official_daily_result_pdf
201609040710,2016,阪神,4,7,10,2016-10-01,https://www.jra.go.jp/datafile/seiseki/report/2016/2016-4hanshin7.pdf,official_daily_result_pdf
201609040711,2016,阪神,4,7,11,2016-10-01,https://www.jra.go.jp/datafile/seiseki/report/2016/2016-4hanshin7.pdf,official_daily_result_pdf
201609040712,2016,阪神,4,7,12,2016-10-01,https://www.jra.go.jp/datafile/seiseki/report/2016/2016-4hanshin7.pdf,official_daily_result_pdf
201609040801,2016,阪神,4,8,1,2016-10-02,https://www.jra.go.jp/datafile/seiseki/report/2016/2016-4hanshin8.pdf,official_daily_result_pdf
201609040802,2016,阪神,4,8,2,2016-10-02,https://www.jra.go.jp/datafile/seiseki/report/2016/2016-4hanshin8.pdf,official_daily_result_pdf
201609040803,2016,阪神,4,8,3,2016-10-02,https://www.jra.go.jp/datafile/seiseki/report/2016/2016-4hanshin8.pdf,official_daily_result_pdf
201609040804,2016,阪神,4,8,4,2016-10-02,https://www.jra.go.jp/datafile/seiseki/report/2016/2016-4hanshin8.pdf,official_daily_result_pdf
201609040805,2016,阪神,4,8,5,2016-10-02,https://www.jra.go.jp/datafile/seiseki/report/2016/2016-4hanshin8.pdf,official_daily_result_pdf
201609040806,2016,阪神,4,8,6,2016-10-02,https://www.jra.go.jp/datafile/seiseki/report/2016/2016-4hanshin8.pdf,official_daily_result_pdf
201609040807,2016,阪神,4,8,7,2016-10-02,https://www.jra.go.jp/datafile/seiseki/report/2016/2016-4hanshin8.pdf,official_daily_result_pdf
201609040808,2016,阪神,4,8,8,2016-10-02,https://www.jra.go.jp/datafile/seiseki/report/2016/2016-4hanshin8.pdf,official_daily_result_pdf
201609040809,2016,阪神,4,8,9,2016-10-02,https://www.jra.go.jp/datafile/seiseki/report/2016/2016-4hanshin8.pdf,official_daily_result_pdf
201609040810,2016,阪神,4,8,10,2016-10-02,https://www.jra.go.jp/datafile/seiseki/report/2016/2016-4hanshin8.pdf,official_daily_result_pdf
201609040811,2016,阪神,4,8,11,2016-10-02,https://www.jra.go.jp/datafile/seiseki/report/2016/2016-4hanshin8.pdf,official_daily_result_pdf
201609040812,2016,阪神,4,8,12,2016-10-02,https://www.jra.go.jp/datafile/seiseki/report/2016/2016-4hanshin8.pdf,official_daily_result_pdf
201609050101,2016,阪神,5,1,1,2016-12-03,https://www.jra.go.jp/datafile/seiseki/report/2016/2016-5hanshin1.pdf,official_daily_result_pdf
201609050102,2016,阪神,5,1,2,2016-12-03,https://www.jra.go.jp/datafile/seiseki/report/2016/2016-5hanshin1.pdf,official_daily_result_pdf
201609050103,2016,阪神,5,1,3,2016-12-03,https://www.jra.go.jp/datafile/seiseki/report/2016/2016-5hanshin1.pdf,official_daily_result_pdf
201609050104,2016,阪神,5,1,4,2016-12-03,https://www.jra.go.jp/datafile/seiseki/report/2016/2016-5hanshin1.pdf,official_daily_result_pdf
201609050105,2016,阪神,5,1,5,2016-12-03,https://www.jra.go.jp/datafile/seiseki/report/2016/2016-5hanshin1.pdf,official_daily_result_pdf
201609050106,2016,阪神,5,1,6,2016-12-03,https://www.jra.go.jp/datafile/seiseki/report/2016/2016-5hanshin1.pdf,official_daily_result_pdf
201609050107,2016,阪神,5,1,7,2016-12-03,https://www.jra.go.jp/datafile/seiseki/report/2016/2016-5hanshin1.pdf,official_daily_result_pdf
201609050108,2016,阪神,5,1,8,2016-12-03,https://www.jra.go.jp/datafile/seiseki/report/2016/2016-5hanshin1.pdf,official_daily_result_pdf
201609050109,2016,阪神,5,1,9,2016-12-03,https://www.jra.go.jp/datafile/seiseki/report/2016/2016-5hanshin1.pdf,official_daily_result_pdf
201609050110,2016,阪神,5,1,10,2016-12-03,https://www.jra.go.jp/datafile/seiseki/report/2016/2016-5hanshin1.pdf,official_daily_result_pdf
201609050111,2016,阪神,5,1,11,2016-12-03,https://www.jra.go.jp/datafile/seiseki/report/2016/2016-5hanshin1.pdf,official_daily_result_pdf
201609050112,2016,阪神,5,1,12,2016-12-03,https://www.jra.go.jp/datafile/seiseki/report/2016/2016-5hanshin1.pdf,official_daily_result_pdf
201609050201,2016,阪神,5,2,1,2016-12-04,https://www.jra.go.jp/datafile/seiseki/report/2016/2016-5hanshin2.pdf,official_daily_result_pdf
201609050202,2016,阪神,5,2,2,2016-12-04,https://www.jra.go.jp/datafile/seiseki/report/2016/2016-5hanshin2.pdf,official_daily_result_pdf
201609050203,2016,阪神,5,2,3,2016-12-04,https://www.jra.go.jp/datafile/seiseki/report/2016/2016-5hanshin2.pdf,official_daily_result_pdf
201609050204,2016,阪神,5,2,4,2016-12-04,https://www.jra.go.jp/datafile/seiseki/report/2016/2016-5hanshin2.pdf,official_daily_result_pdf
201609050205,2016,阪神,5,2,5,2016-12-04,https://www.jra.go.jp/datafile/seiseki/report/2016/2016-5hanshin2.pdf,official_daily_result_pdf
201609050206,2016,阪神,5,2,6,2016-12-04,https://www.jra.go.jp/datafile/seiseki/report/2016/2016-5hanshin2.pdf,official_daily_result_pdf
201609050207,2016,阪神,5,2,7,2016-12-04,https://www.jra.go.jp/datafile/seiseki/report/2016/2016-5hanshin2.pdf,official_daily_result_pdf
201609050208,2016,阪神,5,2,8,2016-12-04,https://www.jra.go.jp/datafile/seiseki/report/2016/2016-5hanshin2.pdf,official_daily_result_pdf
201609050209,2016,阪神,5,2,9,2016-12-04,https://www.jra.go.jp/datafile/seiseki/report/2016/2016-5hanshin2.pdf,official_daily_result_pdf
201609050210,2016,阪神,5,2,10,2016-12-04,https://www.jra.go.jp/datafile/seiseki/report/2016/2016-5hanshin2.pdf,official_daily_result_pdf
201609050211,2016,阪神,5,2,11,2016-12-04,https://www.jra.go.jp/datafile/seiseki/report/2016/2016-5hanshin2.pdf,official_daily_result_pdf
201609050212,2016,阪神,5,2,12,2016-12-04,https://www.jra.go.jp/datafile/seiseki/report/2016/2016-5hanshin2.pdf,official_daily_result_pdf
201609050301,2016,阪神,5,3,1,2016-12-10,https://www.jra.go.jp/datafile/seiseki/report/2016/2016-5hanshin3.pdf,official_daily_result_pdf
201609050302,2016,阪神,5,3,2,2016-12-10,https://www.jra.go.jp/datafile/seiseki/report/2016/2016-5hanshin3.pdf,official_daily_result_pdf
201609050303,2016,阪神,5,3,3,2016-12-10,https://www.jra.go.jp/datafile/seiseki/report/2016/2016-5hanshin3.pdf,official_daily_result_pdf
201609050304,2016,阪神,5,3,4,2016-12-10,https://www.jra.go.jp/datafile/seiseki/report/2016/2016-5hanshin3.pdf,official_daily_result_pdf
201609050305,2016,阪神,5,3,5,2016-12-10,https://www.jra.go.jp/datafile/seiseki/report/2016/2016-5hanshin3.pdf,official_daily_result_pdf
201609050306,2016,阪神,5,3,6,2016-12-10,https://www.jra.go.jp/datafile/seiseki/report/2016/2016-5hanshin3.pdf,official_daily_result_pdf
201609050307,2016,阪神,5,3,7,2016-12-10,https://www.jra.go.jp/datafile/seiseki/report/2016/2016-5hanshin3.pdf,official_daily_result_pdf
201609050308,2016,阪神,5,3,8,2016-12-10,https://www.jra.go.jp/datafile/seiseki/report/2016/2016-5hanshin3.pdf,official_daily_result_pdf
201609050309,2016,阪神,5,3,9,2016-12-10,https://www.jra.go.jp/datafile/seiseki/report/2016/2016-5hanshin3.pdf,official_daily_result_pdf
201609050310,2016,阪神,5,3,10,2016-12-10,https://www.jra.go.jp/datafile/seiseki/report/2016/2016-5hanshin3.pdf,official_daily_result_pdf
201609050311,2016,阪神,5,3,11,2016-12-10,https://www.jra.go.jp/datafile/seiseki/report/2016/2016-5hanshin3.pdf,official_daily_result_pdf
201609050312,2016,阪神,5,3,12,2016-12-10,https://www.jra.go.jp/datafile/seiseki/report/2016/2016-5hanshin3.pdf,official_daily_result_pdf
201609050401,2016,阪神,5,4,1,2016-12-11,https://www.jra.go.jp/datafile/seiseki/report/2016/2016-5hanshin4.pdf,official_daily_result_pdf
201609050402,2016,阪神,5,4,2,2016-12-11,https://www.jra.go.jp/datafile/seiseki/report/2016/2016-5hanshin4.pdf,official_daily_result_pdf
201609050403,2016,阪神,5,4,3,2016-12-11,https://www.jra.go.jp/datafile/seiseki/report/2016/2016-5hanshin4.pdf,official_daily_result_pdf
201609050404,2016,阪神,5,4,4,2016-12-11,https://www.jra.go.jp/datafile/seiseki/report/2016/2016-5hanshin4.pdf,official_daily_result_pdf
201609050405,2016,阪神,5,4,5,2016-12-11,https://www.jra.go.jp/datafile/seiseki/report/2016/2016-5hanshin4.pdf,official_daily_result_pdf
201609050406,2016,阪神,5,4,6,2016-12-11,https://www.jra.go.jp/datafile/seiseki/report/2016/2016-5hanshin4.pdf,official_daily_result_pdf
201609050407,2016,阪神,5,4,7,2016-12-11,https://www.jra.go.jp/datafile/seiseki/report/2016/2016-5hanshin4.pdf,official_daily_result_pdf
201609050408,2016,阪神,5,4,8,2016-12-11,https://www.jra.go.jp/datafile/seiseki/report/2016/2016-5hanshin4.pdf,official_daily_result_pdf
201609050409,2016,阪神,5,4,9,2016-12-11,https://www.jra.go.jp/datafile/seiseki/report/2016/2016-5hanshin4.pdf,official_daily_result_pdf
201609050410,2016,阪神,5,4,10,2016-12-11,https://www.jra.go.jp/datafile/seiseki/report/2016/2016-5hanshin4.pdf,official_daily_result_pdf
201609050411,2016,阪神,5,4,11,2016-12-11,https://www.jra.go.jp/datafile/seiseki/report/2016/2016-5hanshin4.pdf,official_daily_result_pdf
201609050412,2016,阪神,5,4,12,2016-12-11,https://www.jra.go.jp/datafile/seiseki/report/2016/2016-5hanshin4.pdf,official_daily_result_pdf
201609050501,2016,阪神,5,5,1,2016-12-17,https://www.jra.go.jp/datafile/seiseki/report/2016/2016-5hanshin5.pdf,official_daily_result_pdf
201609050502,2016,阪神,5,5,2,2016-12-17,https://www.jra.go.jp/datafile/seiseki/report/2016/2016-5hanshin5.pdf,official_daily_result_pdf
201609050503,2016,阪神,5,5,3,2016-12-17,https://www.jra.go.jp/datafile/seiseki/report/2016/2016-5hanshin5.pdf,official_daily_result_pdf
201609050504,2016,阪神,5,5,4,2016-12-17,https://www.jra.go.jp/datafile/seiseki/report/2016/2016-5hanshin5.pdf,official_daily_result_pdf
201609050505,2016,阪神,5,5,5,2016-12-17,https://www.jra.go.jp/datafile/seiseki/report/2016/2016-5hanshin5.pdf,official_daily_result_pdf
201609050506,2016,阪神,5,5,6,2016-12-17,https://www.jra.go.jp/datafile/seiseki/report/2016/2016-5hanshin5.pdf,official_daily_result_pdf
201609050507,2016,阪神,5,5,7,2016-12-17,https://www.jra.go.jp/datafile/seiseki/report/2016/2016-5hanshin5.pdf,official_daily_result_pdf
201609050508,2016,阪神,5,5,8,2016-12-17,https://www.jra.go.jp/datafile/seiseki/report/2016/2016-5hanshin5.pdf,official_daily_result_pdf
201609050509,2016,阪神,5,5,9,2016-12-17,https://www.jra.go.jp/datafile/seiseki/report/2016/2016-5hanshin5.pdf,official_daily_result_pdf
201609050510,2016,阪神,5,5,10,2016-12-17,https://www.jra.go.jp/datafile/seiseki/report/2016/2016-5hanshin5.pdf,official_daily_result_pdf
201609050511,2016,阪神,5,5,11,2016-12-17,https://www.jra.go.jp/datafile/seiseki/report/2016/2016-5hanshin5.pdf,official_daily_result_pdf
201609050512,2016,阪神,5,5,12,2016-12-17,https://www.jra.go.jp/datafile/seiseki/report/2016/2016-5hanshin5.pdf,official_daily_result_pdf
201609050601,2016,阪神,5,6,1,2016-12-18,https://www.jra.go.jp/datafile/seiseki/report/2016/2016-5hanshin6.pdf,official_daily_result_pdf
201609050602,2016,阪神,5,6,2,2016-12-18,https://www.jra.go.jp/datafile/seiseki/report/2016/2016-5hanshin6.pdf,official_daily_result_pdf
201609050603,2016,阪神,5,6,3,2016-12-18,https://www.jra.go.jp/datafile/seiseki/report/2016/2016-5hanshin6.pdf,official_daily_result_pdf
201609050604,2016,阪神,5,6,4,2016-12-18,https://www.jra.go.jp/datafile/seiseki/report/2016/2016-5hanshin6.pdf,official_daily_result_pdf
201609050605,2016,阪神,5,6,5,2016-12-18,https://www.jra.go.jp/datafile/seiseki/report/2016/2016-5hanshin6.pdf,official_daily_result_pdf
201609050606,2016,阪神,5,6,6,2016-12-18,https://www.jra.go.jp/datafile/seiseki/report/2016/2016-5hanshin6.pdf,official_daily_result_pdf
201609050607,2016,阪神,5,6,7,2016-12-18,https://www.jra.go.jp/datafile/seiseki/report/2016/2016-5hanshin6.pdf,official_daily_result_pdf
201609050608,2016,阪神,5,6,8,2016-12-18,https://www.jra.go.jp/datafile/seiseki/report/2016/2016-5hanshin6.pdf,official_daily_result_pdf
201609050609,2016,阪神,5,6,9,2016-12-18,https://www.jra.go.jp/datafile/seiseki/report/2016/2016-5hanshin6.pdf,official_daily_result_pdf
201609050610,2016,阪神,5,6,10,2016-12-18,https://www.jra.go.jp/datafile/seiseki/report/2016/2016-5hanshin6.pdf,official_daily_result_pdf
201609050611,2016,阪神,5,6,11,2016-12-18,https://www.jra.go.jp/datafile/seiseki/report/2016/2016-5hanshin6.pdf,official_daily_result_pdf
201609050612,2016,阪神,5,6,12,2016-12-18,https://www.jra.go.jp/datafile/seiseki/report/2016/2016-5hanshin6.pdf,official_daily_result_pdf
201609050701,2016,阪神,5,7,1,2016-12-23,https://www.jra.go.jp/datafile/seiseki/report/2016/2016-5hanshin7.pdf,official_daily_result_pdf
201609050702,2016,阪神,5,7,2,2016-12-23,https://www.jra.go.jp/datafile/seiseki/report/2016/2016-5hanshin7.pdf,official_daily_result_pdf
201609050703,2016,阪神,5,7,3,2016-12-23,https://www.jra.go.jp/datafile/seiseki/report/2016/2016-5hanshin7.pdf,official_daily_result_pdf
201609050704,2016,阪神,5,7,4,2016-12-23,https://www.jra.go.jp/datafile/seiseki/report/2016/2016-5hanshin7.pdf,official_daily_result_pdf
201609050705,2016,阪神,5,7,5,2016-12-23,https://www.jra.go.jp/datafile/seiseki/report/2016/2016-5hanshin7.pdf,official_daily_result_pdf
201609050706,2016,阪神,5,7,6,2016-12-23,https://www.jra.go.jp/datafile/seiseki/report/2016/2016-5hanshin7.pdf,official_daily_result_pdf
201609050707,2016,阪神,5,7,7,2016-12-23,https://www.jra.go.jp/datafile/seiseki/report/2016/2016-5hanshin7.pdf,official_daily_result_pdf
201609050708,2016,阪神,5,7,8,2016-12-23,https://www.jra.go.jp/datafile/seiseki/report/2016/2016-5hanshin7.pdf,official_daily_result_pdf
201609050709,2016,阪神,5,7,9,2016-12-23,https://www.jra.go.jp/datafile/seiseki/report/2016/2016-5hanshin7.pdf,official_daily_result_pdf
201609050710,2016,阪神,5,7,10,2016-12-23,https://www.jra.go.jp/datafile/seiseki/report/2016/2016-5hanshin7.pdf,official_daily_result_pdf
201609050711,2016,阪神,5,7,11,2016-12-23,https://www.jra.go.jp/datafile/seiseki/report/2016/2016-5hanshin7.pdf,official_daily_result_pdf
201609050712,2016,阪神,5,7,12,2016-12-23,https://www.jra.go.jp/datafile/seiseki/report/2016/2016-5hanshin7.pdf,official_daily_result_pdf
201609050801,2016,阪神,5,8,1,2016-12-24,https://www.jra.go.jp/datafile/seiseki/report/2016/2016-5hanshin8.pdf,official_daily_result_pdf
201609050802,2016,阪神,5,8,2,2016-12-24,https://www.jra.go.jp/datafile/seiseki/report/2016/2016-5hanshin8.pdf,official_daily_result_pdf
201609050803,2016,阪神,5,8,3,2016-12-24,https://www.jra.go.jp/datafile/seiseki/report/2016/2016-5hanshin8.pdf,official_daily_result_pdf
201609050804,2016,阪神,5,8,4,2016-12-24,https://www.jra.go.jp/datafile/seiseki/report/2016/2016-5hanshin8.pdf,official_daily_result_pdf
201609050805,2016,阪神,5,8,5,2016-12-24,https://www.jra.go.jp/datafile/seiseki/report/2016/2016-5hanshin8.pdf,official_daily_result_pdf
201609050806,2016,阪神,5,8,6,2016-12-24,https://www.jra.go.jp/datafile/seiseki/report/2016/2016-5hanshin8.pdf,official_daily_result_pdf
201609050807,2016,阪神,5,8,7,2016-12-24,https://www.jra.go.jp/datafile/seiseki/report/2016/2016-5hanshin8.pdf,official_daily_result_pdf
201609050808,2016,阪神,5,8,8,2016-12-24,https://www.jra.go.jp/datafile/seiseki/report/2016/2016-5hanshin8.pdf,official_daily_result_pdf
201609050809,2016,阪神,5,8,9,2016-12-24,https://www.jra.go.jp/datafile/seiseki/report/2016/2016-5hanshin8.pdf,official_daily_result_pdf
201609050810,2016,阪神,5,8,10,2016-12-24,https://www.jra.go.jp/datafile/seiseki/report/2016/2016-5hanshin8.pdf,official_daily_result_pdf
201609050811,2016,阪神,5,8,11,2016-12-24,https://www.jra.go.jp/datafile/seiseki/report/2016/2016-5hanshin8.pdf,official_daily_result_pdf
201609050812,2016,阪神,5,8,12,2016-12-24,https://www.jra.go.jp/datafile/seiseki/report/2016/2016-5hanshin8.pdf,official_daily_result_pdf
201609050901,2016,阪神,5,9,1,2016-12-25,https://www.jra.go.jp/datafile/seiseki/report/2016/2016-5hanshin9.pdf,official_daily_result_pdf
201609050902,2016,阪神,5,9,2,2016-12-25,https://www.jra.go.jp/datafile/seiseki/report/2016/2016-5hanshin9.pdf,official_daily_result_pdf
201609050903,2016,阪神,5,9,3,2016-12-25,https://www.jra.go.jp/datafile/seiseki/report/2016/2016-5hanshin9.pdf,official_daily_result_pdf
201609050904,2016,阪神,5,9,4,2016-12-25,https://www.jra.go.jp/datafile/seiseki/report/2016/2016-5hanshin9.pdf,official_daily_result_pdf
201609050905,2016,阪神,5,9,5,2016-12-25,https://www.jra.go.jp/datafile/seiseki/report/2016/2016-5hanshin9.pdf,official_daily_result_pdf
201609050906,2016,阪神,5,9,6,2016-12-25,https://www.jra.go.jp/datafile/seiseki/report/2016/2016-5hanshin9.pdf,official_daily_result_pdf
201609050907,2016,阪神,5,9,7,2016-12-25,https://www.jra.go.jp/datafile/seiseki/report/2016/2016-5hanshin9.pdf,official_daily_result_pdf
201609050908,2016,阪神,5,9,8,2016-12-25,https://www.jra.go.jp/datafile/seiseki/report/2016/2016-5hanshin9.pdf,official_daily_result_pdf
201609050909,2016,阪神,5,9,9,2016-12-25,https://www.jra.go.jp/datafile/seiseki/report/2016/2016-5hanshin9.pdf,official_daily_result_pdf
201609050910,2016,阪神,5,9,10,2016-12-25,https://www.jra.go.jp/datafile/seiseki/report/2016/2016-5hanshin9.pdf,official_daily_result_pdf
201609050911,2016,阪神,5,9,11,2016-12-25,https://www.jra.go.jp/datafile/seiseki/report/2016/2016-5hanshin9.pdf,official_daily_result_pdf
201609050912,2016,阪神,5,9,12,2016-12-25,https://www.jra.go.jp/datafile/seiseki/report/2016/2016-5hanshin9.pdf,official_daily_result_pdf
201610010101,2016,小倉,1,1,1,2016-02-13,https://www.jra.go.jp/datafile/seiseki/report/2016/2016-1kokura1.pdf,official_daily_result_pdf
201610010102,2016,小倉,1,1,2,2016-02-13,https://www.jra.go.jp/datafile/seiseki/report/2016/2016-1kokura1.pdf,official_daily_result_pdf
201610010103,2016,小倉,1,1,3,2016-02-13,https://www.jra.go.jp/datafile/seiseki/report/2016/2016-1kokura1.pdf,official_daily_result_pdf
201610010104,2016,小倉,1,1,4,2016-02-13,https://www.jra.go.jp/datafile/seiseki/report/2016/2016-1kokura1.pdf,official_daily_result_pdf
201610010105,2016,小倉,1,1,5,2016-02-13,https://www.jra.go.jp/datafile/seiseki/report/2016/2016-1kokura1.pdf,official_daily_result_pdf
201610010106,2016,小倉,1,1,6,2016-02-13,https://www.jra.go.jp/datafile/seiseki/report/2016/2016-1kokura1.pdf,official_daily_result_pdf
201610010107,2016,小倉,1,1,7,2016-02-13,https://www.jra.go.jp/datafile/seiseki/report/2016/2016-1kokura1.pdf,official_daily_result_pdf
201610010108,2016,小倉,1,1,8,2016-02-13,https://www.jra.go.jp/datafile/seiseki/report/2016/2016-1kokura1.pdf,official_daily_result_pdf
201610010109,2016,小倉,1,1,9,2016-02-13,https://www.jra.go.jp/datafile/seiseki/report/2016/2016-1kokura1.pdf,official_daily_result_pdf
201610010110,2016,小倉,1,1,10,2016-02-13,https://www.jra.go.jp/datafile/seiseki/report/2016/2016-1kokura1.pdf,official_daily_result_pdf
201610010111,2016,小倉,1,1,11,2016-02-13,https://www.jra.go.jp/datafile/seiseki/report/2016/2016-1kokura1.pdf,official_daily_result_pdf
201610010112,2016,小倉,1,1,12,2016-02-13,https://www.jra.go.jp/datafile/seiseki/report/2016/2016-1kokura1.pdf,official_daily_result_pdf
201610010201,2016,小倉,1,2,1,2016-02-14,https://www.jra.go.jp/datafile/seiseki/report/2016/2016-1kokura2.pdf,official_daily_result_pdf
201610010202,2016,小倉,1,2,2,2016-02-14,https://www.jra.go.jp/datafile/seiseki/report/2016/2016-1kokura2.pdf,official_daily_result_pdf
201610010203,2016,小倉,1,2,3,2016-02-14,https://www.jra.go.jp/datafile/seiseki/report/2016/2016-1kokura2.pdf,official_daily_result_pdf
201610010204,2016,小倉,1,2,4,2016-02-14,https://www.jra.go.jp/datafile/seiseki/report/2016/2016-1kokura2.pdf,official_daily_result_pdf
201610010205,2016,小倉,1,2,5,2016-02-14,https://www.jra.go.jp/datafile/seiseki/report/2016/2016-1kokura2.pdf,official_daily_result_pdf
201610010206,2016,小倉,1,2,6,2016-02-14,https://www.jra.go.jp/datafile/seiseki/report/2016/2016-1kokura2.pdf,official_daily_result_pdf
201610010207,2016,小倉,1,2,7,2016-02-14,https://www.jra.go.jp/datafile/seiseki/report/2016/2016-1kokura2.pdf,official_daily_result_pdf
201610010208,2016,小倉,1,2,8,2016-02-14,https://www.jra.go.jp/datafile/seiseki/report/2016/2016-1kokura2.pdf,official_daily_result_pdf
201610010209,2016,小倉,1,2,9,2016-02-14,https://www.jra.go.jp/datafile/seiseki/report/2016/2016-1kokura2.pdf,official_daily_result_pdf
201610010210,2016,小倉,1,2,10,2016-02-14,https://www.jra.go.jp/datafile/seiseki/report/2016/2016-1kokura2.pdf,official_daily_result_pdf
201610010211,2016,小倉,1,2,11,2016-02-14,https://www.jra.go.jp/datafile/seiseki/report/2016/2016-1kokura2.pdf,official_daily_result_pdf
201610010212,2016,小倉,1,2,12,2016-02-14,https://www.jra.go.jp/datafile/seiseki/report/2016/2016-1kokura2.pdf,official_daily_result_pdf
201610010301,2016,小倉,1,3,1,2016-02-20,https://www.jra.go.jp/datafile/seiseki/report/2016/2016-1kokura3.pdf,official_daily_result_pdf
201610010302,2016,小倉,1,3,2,2016-02-20,https://www.jra.go.jp/datafile/seiseki/report/2016/2016-1kokura3.pdf,official_daily_result_pdf
201610010303,2016,小倉,1,3,3,2016-02-20,https://www.jra.go.jp/datafile/seiseki/report/2016/2016-1kokura3.pdf,official_daily_result_pdf
201610010304,2016,小倉,1,3,4,2016-02-20,https://www.jra.go.jp/datafile/seiseki/report/2016/2016-1kokura3.pdf,official_daily_result_pdf
201610010305,2016,小倉,1,3,5,2016-02-20,https://www.jra.go.jp/datafile/seiseki/report/2016/2016-1kokura3.pdf,official_daily_result_pdf
201610010306,2016,小倉,1,3,6,2016-02-20,https://www.jra.go.jp/datafile/seiseki/report/2016/2016-1kokura3.pdf,official_daily_result_pdf
201610010307,2016,小倉,1,3,7,2016-02-20,https://www.jra.go.jp/datafile/seiseki/report/2016/2016-1kokura3.pdf,official_daily_result_pdf
201610010308,2016,小倉,1,3,8,2016-02-20,https://www.jra.go.jp/datafile/seiseki/report/2016/2016-1kokura3.pdf,official_daily_result_pdf
201610010309,2016,小倉,1,3,9,2016-02-20,https://www.jra.go.jp/datafile/seiseki/report/2016/2016-1kokura3.pdf,official_daily_result_pdf
201610010310,2016,小倉,1,3,10,2016-02-20,https://www.jra.go.jp/datafile/seiseki/report/2016/2016-1kokura3.pdf,official_daily_result_pdf
201610010311,2016,小倉,1,3,11,2016-02-20,https://www.jra.go.jp/datafile/seiseki/report/2016/2016-1kokura3.pdf,official_daily_result_pdf
201610010312,2016,小倉,1,3,12,2016-02-20,https://www.jra.go.jp/datafile/seiseki/report/2016/2016-1kokura3.pdf,official_daily_result_pdf
201610010401,2016,小倉,1,4,1,2016-02-21,https://www.jra.go.jp/datafile/seiseki/report/2016/2016-1kokura4.pdf,official_daily_result_pdf
201610010402,2016,小倉,1,4,2,2016-02-21,https://www.jra.go.jp/datafile/seiseki/report/2016/2016-1kokura4.pdf,official_daily_result_pdf
201610010403,2016,小倉,1,4,3,2016-02-21,https://www.jra.go.jp/datafile/seiseki/report/2016/2016-1kokura4.pdf,official_daily_result_pdf
201610010404,2016,小倉,1,4,4,2016-02-21,https://www.jra.go.jp/datafile/seiseki/report/2016/2016-1kokura4.pdf,official_daily_result_pdf
201610010405,2016,小倉,1,4,5,2016-02-21,https://www.jra.go.jp/datafile/seiseki/report/2016/2016-1kokura4.pdf,official_daily_result_pdf
201610010406,2016,小倉,1,4,6,2016-02-21,https://www.jra.go.jp/datafile/seiseki/report/2016/2016-1kokura4.pdf,official_daily_result_pdf
201610010407,2016,小倉,1,4,7,2016-02-21,https://www.jra.go.jp/datafile/seiseki/report/2016/2016-1kokura4.pdf,official_daily_result_pdf
201610010408,2016,小倉,1,4,8,2016-02-21,https://www.jra.go.jp/datafile/seiseki/report/2016/2016-1kokura4.pdf,official_daily_result_pdf
201610010409,2016,小倉,1,4,9,2016-02-21,https://www.jra.go.jp/datafile/seiseki/report/2016/2016-1kokura4.pdf,official_daily_result_pdf
201610010410,2016,小倉,1,4,10,2016-02-21,https://www.jra.go.jp/datafile/seiseki/report/2016/2016-1kokura4.pdf,official_daily_result_pdf
201610010411,2016,小倉,1,4,11,2016-02-21,https://www.jra.go.jp/datafile/seiseki/report/2016/2016-1kokura4.pdf,official_daily_result_pdf
201610010412,2016,小倉,1,4,12,2016-02-21,https://www.jra.go.jp/datafile/seiseki/report/2016/2016-1kokura4.pdf,official_daily_result_pdf
201610010501,2016,小倉,1,5,1,2016-02-27,https://www.jra.go.jp/datafile/seiseki/report/2016/2016-1kokura5.pdf,official_daily_result_pdf
201610010502,2016,小倉,1,5,2,2016-02-27,https://www.jra.go.jp/datafile/seiseki/report/2016/2016-1kokura5.pdf,official_daily_result_pdf
201610010503,2016,小倉,1,5,3,2016-02-27,https://www.jra.go.jp/datafile/seiseki/report/2016/2016-1kokura5.pdf,official_daily_result_pdf
201610010504,2016,小倉,1,5,4,2016-02-27,https://www.jra.go.jp/datafile/seiseki/report/2016/2016-1kokura5.pdf,official_daily_result_pdf
201610010505,2016,小倉,1,5,5,2016-02-27,https://www.jra.go.jp/datafile/seiseki/report/2016/2016-1kokura5.pdf,official_daily_result_pdf
201610010506,2016,小倉,1,5,6,2016-02-27,https://www.jra.go.jp/datafile/seiseki/report/2016/2016-1kokura5.pdf,official_daily_result_pdf
201610010507,2016,小倉,1,5,7,2016-02-27,https://www.jra.go.jp/datafile/seiseki/report/2016/2016-1kokura5.pdf,official_daily_result_pdf
201610010508,2016,小倉,1,5,8,2016-02-27,https://www.jra.go.jp/datafile/seiseki/report/2016/2016-1kokura5.pdf,official_daily_result_pdf
201610010509,2016,小倉,1,5,9,2016-02-27,https://www.jra.go.jp/datafile/seiseki/report/2016/2016-1kokura5.pdf,official_daily_result_pdf
201610010510,2016,小倉,1,5,10,2016-02-27,https://www.jra.go.jp/datafile/seiseki/report/2016/2016-1kokura5.pdf,official_daily_result_pdf
201610010511,2016,小倉,1,5,11,2016-02-27,https://www.jra.go.jp/datafile/seiseki/report/2016/2016-1kokura5.pdf,official_daily_result_pdf
201610010512,2016,小倉,1,5,12,2016-02-27,https://www.jra.go.jp/datafile/seiseki/report/2016/2016-1kokura5.pdf,official_daily_result_pdf
201610010601,2016,小倉,1,6,1,2016-02-28,https://www.jra.go.jp/datafile/seiseki/report/2016/2016-1kokura6.pdf,official_daily_result_pdf
201610010602,2016,小倉,1,6,2,2016-02-28,https://www.jra.go.jp/datafile/seiseki/report/2016/2016-1kokura6.pdf,official_daily_result_pdf
201610010603,2016,小倉,1,6,3,2016-02-28,https://www.jra.go.jp/datafile/seiseki/report/2016/2016-1kokura6.pdf,official_daily_result_pdf
201610010604,2016,小倉,1,6,4,2016-02-28,https://www.jra.go.jp/datafile/seiseki/report/2016/2016-1kokura6.pdf,official_daily_result_pdf
201610010605,2016,小倉,1,6,5,2016-02-28,https://www.jra.go.jp/datafile/seiseki/report/2016/2016-1kokura6.pdf,official_daily_result_pdf
201610010606,2016,小倉,1,6,6,2016-02-28,https://www.jra.go.jp/datafile/seiseki/report/2016/2016-1kokura6.pdf,official_daily_result_pdf
201610010607,2016,小倉,1,6,7,2016-02-28,https://www.jra.go.jp/datafile/seiseki/report/2016/2016-1kokura6.pdf,official_daily_result_pdf
201610010608,2016,小倉,1,6,8,2016-02-28,https://www.jra.go.jp/datafile/seiseki/report/2016/2016-1kokura6.pdf,official_daily_result_pdf
201610010609,2016,小倉,1,6,9,2016-02-28,https://www.jra.go.jp/datafile/seiseki/report/2016/2016-1kokura6.pdf,official_daily_result_pdf
201610010610,2016,小倉,1,6,10,2016-02-28,https://www.jra.go.jp/datafile/seiseki/report/2016/2016-1kokura6.pdf,official_daily_result_pdf
201610010611,2016,小倉,1,6,11,2016-02-28,https://www.jra.go.jp/datafile/seiseki/report/2016/2016-1kokura6.pdf,official_daily_result_pdf
201610010612,2016,小倉,1,6,12,2016-02-28,https://www.jra.go.jp/datafile/seiseki/report/2016/2016-1kokura6.pdf,official_daily_result_pdf
201610010701,2016,小倉,1,7,1,2016-03-05,https://www.jra.go.jp/datafile/seiseki/report/2016/2016-1kokura7.pdf,official_daily_result_pdf
201610010702,2016,小倉,1,7,2,2016-03-05,https://www.jra.go.jp/datafile/seiseki/report/2016/2016-1kokura7.pdf,official_daily_result_pdf
201610010703,2016,小倉,1,7,3,2016-03-05,https://www.jra.go.jp/datafile/seiseki/report/2016/2016-1kokura7.pdf,official_daily_result_pdf
201610010704,2016,小倉,1,7,4,2016-03-05,https://www.jra.go.jp/datafile/seiseki/report/2016/2016-1kokura7.pdf,official_daily_result_pdf
201610010705,2016,小倉,1,7,5,2016-03-05,https://www.jra.go.jp/datafile/seiseki/report/2016/2016-1kokura7.pdf,official_daily_result_pdf
201610010706,2016,小倉,1,7,6,2016-03-05,https://www.jra.go.jp/datafile/seiseki/report/2016/2016-1kokura7.pdf,official_daily_result_pdf
201610010707,2016,小倉,1,7,7,2016-03-05,https://www.jra.go.jp/datafile/seiseki/report/2016/2016-1kokura7.pdf,official_daily_result_pdf
201610010708,2016,小倉,1,7,8,2016-03-05,https://www.jra.go.jp/datafile/seiseki/report/2016/2016-1kokura7.pdf,official_daily_result_pdf
201610010709,2016,小倉,1,7,9,2016-03-05,https://www.jra.go.jp/datafile/seiseki/report/2016/2016-1kokura7.pdf,official_daily_result_pdf
201610010710,2016,小倉,1,7,10,2016-03-05,https://www.jra.go.jp/datafile/seiseki/report/2016/2016-1kokura7.pdf,official_daily_result_pdf
201610010711,2016,小倉,1,7,11,2016-03-05,https://www.jra.go.jp/datafile/seiseki/report/2016/2016-1kokura7.pdf,official_daily_result_pdf
201610010712,2016,小倉,1,7,12,2016-03-05,https://www.jra.go.jp/datafile/seiseki/report/2016/2016-1kokura7.pdf,official_daily_result_pdf
201610010801,2016,小倉,1,8,1,2016-03-06,https://www.jra.go.jp/datafile/seiseki/report/2016/2016-1kokura8.pdf,official_daily_result_pdf
201610010802,2016,小倉,1,8,2,2016-03-06,https://www.jra.go.jp/datafile/seiseki/report/2016/2016-1kokura8.pdf,official_daily_result_pdf
201610010803,2016,小倉,1,8,3,2016-03-06,https://www.jra.go.jp/datafile/seiseki/report/2016/2016-1kokura8.pdf,official_daily_result_pdf
201610010804,2016,小倉,1,8,4,2016-03-06,https://www.jra.go.jp/datafile/seiseki/report/2016/2016-1kokura8.pdf,official_daily_result_pdf
201610010805,2016,小倉,1,8,5,2016-03-06,https://www.jra.go.jp/datafile/seiseki/report/2016/2016-1kokura8.pdf,official_daily_result_pdf
201610010806,2016,小倉,1,8,6,2016-03-06,https://www.jra.go.jp/datafile/seiseki/report/2016/2016-1kokura8.pdf,official_daily_result_pdf
201610010807,2016,小倉,1,8,7,2016-03-06,https://www.jra.go.jp/datafile/seiseki/report/2016/2016-1kokura8.pdf,official_daily_result_pdf
201610010808,2016,小倉,1,8,8,2016-03-06,https://www.jra.go.jp/datafile/seiseki/report/2016/2016-1kokura8.pdf,official_daily_result_pdf
201610010809,2016,小倉,1,8,9,2016-03-06,https://www.jra.go.jp/datafile/seiseki/report/2016/2016-1kokura8.pdf,official_daily_result_pdf
201610010810,2016,小倉,1,8,10,2016-03-06,https://www.jra.go.jp/datafile/seiseki/report/2016/2016-1kokura8.pdf,official_daily_result_pdf
201610010811,2016,小倉,1,8,11,2016-03-06,https://www.jra.go.jp/datafile/seiseki/report/2016/2016-1kokura8.pdf,official_daily_result_pdf
201610010812,2016,小倉,1,8,12,2016-03-06,https://www.jra.go.jp/datafile/seiseki/report/2016/2016-1kokura8.pdf,official_daily_result_pdf
201610020101,2016,小倉,2,1,1,2016-07-30,https://www.jra.go.jp/datafile/seiseki/report/2016/2016-2kokura1.pdf,official_daily_result_pdf
201610020102,2016,小倉,2,1,2,2016-07-30,https://www.jra.go.jp/datafile/seiseki/report/2016/2016-2kokura1.pdf,official_daily_result_pdf
201610020103,2016,小倉,2,1,3,2016-07-30,https://www.jra.go.jp/datafile/seiseki/report/2016/2016-2kokura1.pdf,official_daily_result_pdf
201610020104,2016,小倉,2,1,4,2016-07-30,https://www.jra.go.jp/datafile/seiseki/report/2016/2016-2kokura1.pdf,official_daily_result_pdf
201610020105,2016,小倉,2,1,5,2016-07-30,https://www.jra.go.jp/datafile/seiseki/report/2016/2016-2kokura1.pdf,official_daily_result_pdf
201610020106,2016,小倉,2,1,6,2016-07-30,https://www.jra.go.jp/datafile/seiseki/report/2016/2016-2kokura1.pdf,official_daily_result_pdf
201610020107,2016,小倉,2,1,7,2016-07-30,https://www.jra.go.jp/datafile/seiseki/report/2016/2016-2kokura1.pdf,official_daily_result_pdf
201610020108,2016,小倉,2,1,8,2016-07-30,https://www.jra.go.jp/datafile/seiseki/report/2016/2016-2kokura1.pdf,official_daily_result_pdf
201610020109,2016,小倉,2,1,9,2016-07-30,https://www.jra.go.jp/datafile/seiseki/report/2016/2016-2kokura1.pdf,official_daily_result_pdf
201610020110,2016,小倉,2,1,10,2016-07-30,https://www.jra.go.jp/datafile/seiseki/report/2016/2016-2kokura1.pdf,official_daily_result_pdf
201610020111,2016,小倉,2,1,11,2016-07-30,https://www.jra.go.jp/datafile/seiseki/report/2016/2016-2kokura1.pdf,official_daily_result_pdf
201610020112,2016,小倉,2,1,12,2016-07-30,https://www.jra.go.jp/datafile/seiseki/report/2016/2016-2kokura1.pdf,official_daily_result_pdf
201610020201,2016,小倉,2,2,1,2016-07-31,https://www.jra.go.jp/datafile/seiseki/report/2016/2016-2kokura2.pdf,official_daily_result_pdf
201610020202,2016,小倉,2,2,2,2016-07-31,https://www.jra.go.jp/datafile/seiseki/report/2016/2016-2kokura2.pdf,official_daily_result_pdf
201610020203,2016,小倉,2,2,3,2016-07-31,https://www.jra.go.jp/datafile/seiseki/report/2016/2016-2kokura2.pdf,official_daily_result_pdf
201610020204,2016,小倉,2,2,4,2016-07-31,https://www.jra.go.jp/datafile/seiseki/report/2016/2016-2kokura2.pdf,official_daily_result_pdf
201610020205,2016,小倉,2,2,5,2016-07-31,https://www.jra.go.jp/datafile/seiseki/report/2016/2016-2kokura2.pdf,official_daily_result_pdf
201610020206,2016,小倉,2,2,6,2016-07-31,https://www.jra.go.jp/datafile/seiseki/report/2016/2016-2kokura2.pdf,official_daily_result_pdf
201610020207,2016,小倉,2,2,7,2016-07-31,https://www.jra.go.jp/datafile/seiseki/report/2016/2016-2kokura2.pdf,official_daily_result_pdf
201610020208,2016,小倉,2,2,8,2016-07-31,https://www.jra.go.jp/datafile/seiseki/report/2016/2016-2kokura2.pdf,official_daily_result_pdf
201610020209,2016,小倉,2,2,9,2016-07-31,https://www.jra.go.jp/datafile/seiseki/report/2016/2016-2kokura2.pdf,official_daily_result_pdf
201610020210,2016,小倉,2,2,10,2016-07-31,https://www.jra.go.jp/datafile/seiseki/report/2016/2016-2kokura2.pdf,official_daily_result_pdf
201610020211,2016,小倉,2,2,11,2016-07-31,https://www.jra.go.jp/datafile/seiseki/report/2016/2016-2kokura2.pdf,official_daily_result_pdf
201610020212,2016,小倉,2,2,12,2016-07-31,https://www.jra.go.jp/datafile/seiseki/report/2016/2016-2kokura2.pdf,official_daily_result_pdf
201610020301,2016,小倉,2,3,1,2016-08-06,https://www.jra.go.jp/datafile/seiseki/report/2016/2016-2kokura3.pdf,official_daily_result_pdf
201610020302,2016,小倉,2,3,2,2016-08-06,https://www.jra.go.jp/datafile/seiseki/report/2016/2016-2kokura3.pdf,official_daily_result_pdf
201610020303,2016,小倉,2,3,3,2016-08-06,https://www.jra.go.jp/datafile/seiseki/report/2016/2016-2kokura3.pdf,official_daily_result_pdf
201610020304,2016,小倉,2,3,4,2016-08-06,https://www.jra.go.jp/datafile/seiseki/report/2016/2016-2kokura3.pdf,official_daily_result_pdf
201610020305,2016,小倉,2,3,5,2016-08-06,https://www.jra.go.jp/datafile/seiseki/report/2016/2016-2kokura3.pdf,official_daily_result_pdf
201610020306,2016,小倉,2,3,6,2016-08-06,https://www.jra.go.jp/datafile/seiseki/report/2016/2016-2kokura3.pdf,official_daily_result_pdf
201610020307,2016,小倉,2,3,7,2016-08-06,https://www.jra.go.jp/datafile/seiseki/report/2016/2016-2kokura3.pdf,official_daily_result_pdf
201610020308,2016,小倉,2,3,8,2016-08-06,https://www.jra.go.jp/datafile/seiseki/report/2016/2016-2kokura3.pdf,official_daily_result_pdf
201610020309,2016,小倉,2,3,9,2016-08-06,https://www.jra.go.jp/datafile/seiseki/report/2016/2016-2kokura3.pdf,official_daily_result_pdf
201610020310,2016,小倉,2,3,10,2016-08-06,https://www.jra.go.jp/datafile/seiseki/report/2016/2016-2kokura3.pdf,official_daily_result_pdf
201610020311,2016,小倉,2,3,11,2016-08-06,https://www.jra.go.jp/datafile/seiseki/report/2016/2016-2kokura3.pdf,official_daily_result_pdf
201610020312,2016,小倉,2,3,12,2016-08-06,https://www.jra.go.jp/datafile/seiseki/report/2016/2016-2kokura3.pdf,official_daily_result_pdf
201610020401,2016,小倉,2,4,1,2016-08-07,https://www.jra.go.jp/datafile/seiseki/report/2016/2016-2kokura4.pdf,official_daily_result_pdf
201610020402,2016,小倉,2,4,2,2016-08-07,https://www.jra.go.jp/datafile/seiseki/report/2016/2016-2kokura4.pdf,official_daily_result_pdf
201610020403,2016,小倉,2,4,3,2016-08-07,https://www.jra.go.jp/datafile/seiseki/report/2016/2016-2kokura4.pdf,official_daily_result_pdf
201610020404,2016,小倉,2,4,4,2016-08-07,https://www.jra.go.jp/datafile/seiseki/report/2016/2016-2kokura4.pdf,official_daily_result_pdf
201610020405,2016,小倉,2,4,5,2016-08-07,https://www.jra.go.jp/datafile/seiseki/report/2016/2016-2kokura4.pdf,official_daily_result_pdf
201610020406,2016,小倉,2,4,6,2016-08-07,https://www.jra.go.jp/datafile/seiseki/report/2016/2016-2kokura4.pdf,official_daily_result_pdf
201610020407,2016,小倉,2,4,7,2016-08-07,https://www.jra.go.jp/datafile/seiseki/report/2016/2016-2kokura4.pdf,official_daily_result_pdf
201610020408,2016,小倉,2,4,8,2016-08-07,https://www.jra.go.jp/datafile/seiseki/report/2016/2016-2kokura4.pdf,official_daily_result_pdf
201610020409,2016,小倉,2,4,9,2016-08-07,https://www.jra.go.jp/datafile/seiseki/report/2016/2016-2kokura4.pdf,official_daily_result_pdf
201610020410,2016,小倉,2,4,10,2016-08-07,https://www.jra.go.jp/datafile/seiseki/report/2016/2016-2kokura4.pdf,official_daily_result_pdf
201610020411,2016,小倉,2,4,11,2016-08-07,https://www.jra.go.jp/datafile/seiseki/report/2016/2016-2kokura4.pdf,official_daily_result_pdf
201610020412,2016,小倉,2,4,12,2016-08-07,https://www.jra.go.jp/datafile/seiseki/report/2016/2016-2kokura4.pdf,official_daily_result_pdf
201610020501,2016,小倉,2,5,1,2016-08-13,https://www.jra.go.jp/datafile/seiseki/report/2016/2016-2kokura5.pdf,official_daily_result_pdf
201610020502,2016,小倉,2,5,2,2016-08-13,https://www.jra.go.jp/datafile/seiseki/report/2016/2016-2kokura5.pdf,official_daily_result_pdf
201610020503,2016,小倉,2,5,3,2016-08-13,https://www.jra.go.jp/datafile/seiseki/report/2016/2016-2kokura5.pdf,official_daily_result_pdf
201610020504,2016,小倉,2,5,4,2016-08-13,https://www.jra.go.jp/datafile/seiseki/report/2016/2016-2kokura5.pdf,official_daily_result_pdf
201610020505,2016,小倉,2,5,5,2016-08-13,https://www.jra.go.jp/datafile/seiseki/report/2016/2016-2kokura5.pdf,official_daily_result_pdf
201610020506,2016,小倉,2,5,6,2016-08-13,https://www.jra.go.jp/datafile/seiseki/report/2016/2016-2kokura5.pdf,official_daily_result_pdf
201610020507,2016,小倉,2,5,7,2016-08-13,https://www.jra.go.jp/datafile/seiseki/report/2016/2016-2kokura5.pdf,official_daily_result_pdf
201610020508,2016,小倉,2,5,8,2016-08-13,https://www.jra.go.jp/datafile/seiseki/report/2016/2016-2kokura5.pdf,official_daily_result_pdf
201610020509,2016,小倉,2,5,9,2016-08-13,https://www.jra.go.jp/datafile/seiseki/report/2016/2016-2kokura5.pdf,official_daily_result_pdf
201610020510,2016,小倉,2,5,10,2016-08-13,https://www.jra.go.jp/datafile/seiseki/report/2016/2016-2kokura5.pdf,official_daily_result_pdf
201610020511,2016,小倉,2,5,11,2016-08-13,https://www.jra.go.jp/datafile/seiseki/report/2016/2016-2kokura5.pdf,official_daily_result_pdf
201610020512,2016,小倉,2,5,12,2016-08-13,https://www.jra.go.jp/datafile/seiseki/report/2016/2016-2kokura5.pdf,official_daily_result_pdf
201610020601,2016,小倉,2,6,1,2016-08-14,https://www.jra.go.jp/datafile/seiseki/report/2016/2016-2kokura6.pdf,official_daily_result_pdf
201610020602,2016,小倉,2,6,2,2016-08-14,https://www.jra.go.jp/datafile/seiseki/report/2016/2016-2kokura6.pdf,official_daily_result_pdf
201610020603,2016,小倉,2,6,3,2016-08-14,https://www.jra.go.jp/datafile/seiseki/report/2016/2016-2kokura6.pdf,official_daily_result_pdf
201610020604,2016,小倉,2,6,4,2016-08-14,https://www.jra.go.jp/datafile/seiseki/report/2016/2016-2kokura6.pdf,official_daily_result_pdf
201610020605,2016,小倉,2,6,5,2016-08-14,https://www.jra.go.jp/datafile/seiseki/report/2016/2016-2kokura6.pdf,official_daily_result_pdf
201610020606,2016,小倉,2,6,6,2016-08-14,https://www.jra.go.jp/datafile/seiseki/report/2016/2016-2kokura6.pdf,official_daily_result_pdf
201610020607,2016,小倉,2,6,7,2016-08-14,https://www.jra.go.jp/datafile/seiseki/report/2016/2016-2kokura6.pdf,official_daily_result_pdf
201610020608,2016,小倉,2,6,8,2016-08-14,https://www.jra.go.jp/datafile/seiseki/report/2016/2016-2kokura6.pdf,official_daily_result_pdf
201610020609,2016,小倉,2,6,9,2016-08-14,https://www.jra.go.jp/datafile/seiseki/report/2016/2016-2kokura6.pdf,official_daily_result_pdf
201610020610,2016,小倉,2,6,10,2016-08-14,https://www.jra.go.jp/datafile/seiseki/report/2016/2016-2kokura6.pdf,official_daily_result_pdf
201610020611,2016,小倉,2,6,11,2016-08-14,https://www.jra.go.jp/datafile/seiseki/report/2016/2016-2kokura6.pdf,official_daily_result_pdf
201610020612,2016,小倉,2,6,12,2016-08-14,https://www.jra.go.jp/datafile/seiseki/report/2016/2016-2kokura6.pdf,official_daily_result_pdf
201610020701,2016,小倉,2,7,1,2016-08-20,https://www.jra.go.jp/datafile/seiseki/report/2016/2016-2kokura7.pdf,official_daily_result_pdf
201610020702,2016,小倉,2,7,2,2016-08-20,https://www.jra.go.jp/datafile/seiseki/report/2016/2016-2kokura7.pdf,official_daily_result_pdf
201610020703,2016,小倉,2,7,3,2016-08-20,https://www.jra.go.jp/datafile/seiseki/report/2016/2016-2kokura7.pdf,official_daily_result_pdf
201610020704,2016,小倉,2,7,4,2016-08-20,https://www.jra.go.jp/datafile/seiseki/report/2016/2016-2kokura7.pdf,official_daily_result_pdf
201610020705,2016,小倉,2,7,5,2016-08-20,https://www.jra.go.jp/datafile/seiseki/report/2016/2016-2kokura7.pdf,official_daily_result_pdf
201610020706,2016,小倉,2,7,6,2016-08-20,https://www.jra.go.jp/datafile/seiseki/report/2016/2016-2kokura7.pdf,official_daily_result_pdf
201610020707,2016,小倉,2,7,7,2016-08-20,https://www.jra.go.jp/datafile/seiseki/report/2016/2016-2kokura7.pdf,official_daily_result_pdf
201610020708,2016,小倉,2,7,8,2016-08-20,https://www.jra.go.jp/datafile/seiseki/report/2016/2016-2kokura7.pdf,official_daily_result_pdf
201610020709,2016,小倉,2,7,9,2016-08-20,https://www.jra.go.jp/datafile/seiseki/report/2016/2016-2kokura7.pdf,official_daily_result_pdf
201610020710,2016,小倉,2,7,10,2016-08-20,https://www.jra.go.jp/datafile/seiseki/report/2016/2016-2kokura7.pdf,official_daily_result_pdf
201610020711,2016,小倉,2,7,11,2016-08-20,https://www.jra.go.jp/datafile/seiseki/report/2016/2016-2kokura7.pdf,official_daily_result_pdf
201610020712,2016,小倉,2,7,12,2016-08-20,https://www.jra.go.jp/datafile/seiseki/report/2016/2016-2kokura7.pdf,official_daily_result_pdf
201610020801,2016,小倉,2,8,1,2016-08-21,https://www.jra.go.jp/datafile/seiseki/report/2016/2016-2kokura8.pdf,official_daily_result_pdf
201610020802,2016,小倉,2,8,2,2016-08-21,https://www.jra.go.jp/datafile/seiseki/report/2016/2016-2kokura8.pdf,official_daily_result_pdf
201610020803,2016,小倉,2,8,3,2016-08-21,https://www.jra.go.jp/datafile/seiseki/report/2016/2016-2kokura8.pdf,official_daily_result_pdf
201610020804,2016,小倉,2,8,4,2016-08-21,https://www.jra.go.jp/datafile/seiseki/report/2016/2016-2kokura8.pdf,official_daily_result_pdf
201610020805,2016,小倉,2,8,5,2016-08-21,https://www.jra.go.jp/datafile/seiseki/report/2016/2016-2kokura8.pdf,official_daily_result_pdf
201610020806,2016,小倉,2,8,6,2016-08-21,https://www.jra.go.jp/datafile/seiseki/report/2016/2016-2kokura8.pdf,official_daily_result_pdf
201610020807,2016,小倉,2,8,7,2016-08-21,https://www.jra.go.jp/datafile/seiseki/report/2016/2016-2kokura8.pdf,official_daily_result_pdf
201610020808,2016,小倉,2,8,8,2016-08-21,https://www.jra.go.jp/datafile/seiseki/report/2016/2016-2kokura8.pdf,official_daily_result_pdf
201610020809,2016,小倉,2,8,9,2016-08-21,https://www.jra.go.jp/datafile/seiseki/report/2016/2016-2kokura8.pdf,official_daily_result_pdf
201610020810,2016,小倉,2,8,10,2016-08-21,https://www.jra.go.jp/datafile/seiseki/report/2016/2016-2kokura8.pdf,official_daily_result_pdf
201610020811,2016,小倉,2,8,11,2016-08-21,https://www.jra.go.jp/datafile/seiseki/report/2016/2016-2kokura8.pdf,official_daily_result_pdf
201610020812,2016,小倉,2,8,12,2016-08-21,https://www.jra.go.jp/datafile/seiseki/report/2016/2016-2kokura8.pdf,official_daily_result_pdf
201610020901,2016,小倉,2,9,1,2016-08-27,https://www.jra.go.jp/datafile/seiseki/report/2016/2016-2kokura9.pdf,official_daily_result_pdf
201610020902,2016,小倉,2,9,2,2016-08-27,https://www.jra.go.jp/datafile/seiseki/report/2016/2016-2kokura9.pdf,official_daily_result_pdf
201610020903,2016,小倉,2,9,3,2016-08-27,https://www.jra.go.jp/datafile/seiseki/report/2016/2016-2kokura9.pdf,official_daily_result_pdf
201610020904,2016,小倉,2,9,4,2016-08-27,https://www.jra.go.jp/datafile/seiseki/report/2016/2016-2kokura9.pdf,official_daily_result_pdf
201610020905,2016,小倉,2,9,5,2016-08-27,https://www.jra.go.jp/datafile/seiseki/report/2016/2016-2kokura9.pdf,official_daily_result_pdf
201610020906,2016,小倉,2,9,6,2016-08-27,https://www.jra.go.jp/datafile/seiseki/report/2016/2016-2kokura9.pdf,official_daily_result_pdf
201610020907,2016,小倉,2,9,7,2016-08-27,https://www.jra.go.jp/datafile/seiseki/report/2016/2016-2kokura9.pdf,official_daily_result_pdf
201610020908,2016,小倉,2,9,8,2016-08-27,https://www.jra.go.jp/datafile/seiseki/report/2016/2016-2kokura9.pdf,official_daily_result_pdf
201610020909,2016,小倉,2,9,9,2016-08-27,https://www.jra.go.jp/datafile/seiseki/report/2016/2016-2kokura9.pdf,official_daily_result_pdf
201610020910,2016,小倉,2,9,10,2016-08-27,https://www.jra.go.jp/datafile/seiseki/report/2016/2016-2kokura9.pdf,official_daily_result_pdf
201610020911,2016,小倉,2,9,11,2016-08-27,https://www.jra.go.jp/datafile/seiseki/report/2016/2016-2kokura9.pdf,official_daily_result_pdf
201610020912,2016,小倉,2,9,12,2016-08-27,https://www.jra.go.jp/datafile/seiseki/report/2016/2016-2kokura9.pdf,official_daily_result_pdf
201610021001,2016,小倉,2,10,1,2016-08-28,https://www.jra.go.jp/datafile/seiseki/report/2016/2016-2kokura10.pdf,official_daily_result_pdf
201610021002,2016,小倉,2,10,2,2016-08-28,https://www.jra.go.jp/datafile/seiseki/report/2016/2016-2kokura10.pdf,official_daily_result_pdf
201610021003,2016,小倉,2,10,3,2016-08-28,https://www.jra.go.jp/datafile/seiseki/report/2016/2016-2kokura10.pdf,official_daily_result_pdf
201610021004,2016,小倉,2,10,4,2016-08-28,https://www.jra.go.jp/datafile/seiseki/report/2016/2016-2kokura10.pdf,official_daily_result_pdf
201610021005,2016,小倉,2,10,5,2016-08-28,https://www.jra.go.jp/datafile/seiseki/report/2016/2016-2kokura10.pdf,official_daily_result_pdf
201610021006,2016,小倉,2,10,6,2016-08-28,https://www.jra.go.jp/datafile/seiseki/report/2016/2016-2kokura10.pdf,official_daily_result_pdf
201610021007,2016,小倉,2,10,7,2016-08-28,https://www.jra.go.jp/datafile/seiseki/report/2016/2016-2kokura10.pdf,official_daily_result_pdf
201610021008,2016,小倉,2,10,8,2016-08-28,https://www.jra.go.jp/datafile/seiseki/report/2016/2016-2kokura10.pdf,official_daily_result_pdf
201610021009,2016,小倉,2,10,9,2016-08-28,https://www.jra.go.jp/datafile/seiseki/report/2016/2016-2kokura10.pdf,official_daily_result_pdf
201610021010,2016,小倉,2,10,10,2016-08-28,https://www.jra.go.jp/datafile/seiseki/report/2016/2016-2kokura10.pdf,official_daily_result_pdf
201610021011,2016,小倉,2,10,11,2016-08-28,https://www.jra.go.jp/datafile/seiseki/report/2016/2016-2kokura10.pdf,official_daily_result_pdf
201610021012,2016,小倉,2,10,12,2016-08-28,https://www.jra.go.jp/datafile/seiseki/report/2016/2016-2kokura10.pdf,official_daily_result_pdf
201610021101,2016,小倉,2,11,1,2016-09-03,https://www.jra.go.jp/datafile/seiseki/report/2016/2016-2kokura11.pdf,official_daily_result_pdf
201610021102,2016,小倉,2,11,2,2016-09-03,https://www.jra.go.jp/datafile/seiseki/report/2016/2016-2kokura11.pdf,official_daily_result_pdf
201610021103,2016,小倉,2,11,3,2016-09-03,https://www.jra.go.jp/datafile/seiseki/report/2016/2016-2kokura11.pdf,official_daily_result_pdf
201610021104,2016,小倉,2,11,4,2016-09-03,https://www.jra.go.jp/datafile/seiseki/report/2016/2016-2kokura11.pdf,official_daily_result_pdf
201610021105,2016,小倉,2,11,5,2016-09-03,https://www.jra.go.jp/datafile/seiseki/report/2016/2016-2kokura11.pdf,official_daily_result_pdf
201610021106,2016,小倉,2,11,6,2016-09-03,https://www.jra.go.jp/datafile/seiseki/report/2016/2016-2kokura11.pdf,official_daily_result_pdf
201610021107,2016,小倉,2,11,7,2016-09-03,https://www.jra.go.jp/datafile/seiseki/report/2016/2016-2kokura11.pdf,official_daily_result_pdf
201610021108,2016,小倉,2,11,8,2016-09-03,https://www.jra.go.jp/datafile/seiseki/report/2016/2016-2kokura11.pdf,official_daily_result_pdf
201610021109,2016,小倉,2,11,9,2016-09-03,https://www.jra.go.jp/datafile/seiseki/report/2016/2016-2kokura11.pdf,official_daily_result_pdf
201610021110,2016,小倉,2,11,10,2016-09-03,https://www.jra.go.jp/datafile/seiseki/report/2016/2016-2kokura11.pdf,official_daily_result_pdf
201610021111,2016,小倉,2,11,11,2016-09-03,https://www.jra.go.jp/datafile/seiseki/report/2016/2016-2kokura11.pdf,official_daily_result_pdf
201610021112,2016,小倉,2,11,12,2016-09-03,https://www.jra.go.jp/datafile/seiseki/report/2016/2016-2kokura11.pdf,official_daily_result_pdf
201610021201,2016,小倉,2,12,1,2016-09-04,https://www.jra.go.jp/datafile/seiseki/report/2016/2016-2kokura12.pdf,official_daily_result_pdf
201610021202,2016,小倉,2,12,2,2016-09-04,https://www.jra.go.jp/datafile/seiseki/report/2016/2016-2kokura12.pdf,official_daily_result_pdf
201610021203,2016,小倉,2,12,3,2016-09-04,https://www.jra.go.jp/datafile/seiseki/report/2016/2016-2kokura12.pdf,official_daily_result_pdf
201610021204,2016,小倉,2,12,4,2016-09-04,https://www.jra.go.jp/datafile/seiseki/report/2016/2016-2kokura12.pdf,official_daily_result_pdf
201610021205,2016,小倉,2,12,5,2016-09-04,https://www.jra.go.jp/datafile/seiseki/report/2016/2016-2kokura12.pdf,official_daily_result_pdf
201610021206,2016,小倉,2,12,6,2016-09-04,https://www.jra.go.jp/datafile/seiseki/report/2016/2016-2kokura12.pdf,official_daily_result_pdf
201610021207,2016,小倉,2,12,7,2016-09-04,https://www.jra.go.jp/datafile/seiseki/report/2016/2016-2kokura12.pdf,official_daily_result_pdf
201610021208,2016,小倉,2,12,8,2016-09-04,https://www.jra.go.jp/datafile/seiseki/report/2016/2016-2kokura12.pdf,official_daily_result_pdf
201610021209,2016,小倉,2,12,9,2016-09-04,https://www.jra.go.jp/datafile/seiseki/report/2016/2016-2kokura12.pdf,official_daily_result_pdf
201610021210,2016,小倉,2,12,10,2016-09-04,https://www.jra.go.jp/datafile/seiseki/report/2016/2016-2kokura12.pdf,official_daily_result_pdf
201610021211,2016,小倉,2,12,11,2016-09-04,https://www.jra.go.jp/datafile/seiseki/report/2016/2016-2kokura12.pdf,official_daily_result_pdf
201610021212,2016,小倉,2,12,12,2016-09-04,https://www.jra.go.jp/datafile/seiseki/report/2016/2016-2kokura12.pdf,official_daily_result_pdf
201701010101,2017,札幌,1,1,1,2017-07-29,https://www.jra.go.jp/datafile/seiseki/report/2017/2017-1sapporo1.pdf,official_daily_result_pdf
201701010102,2017,札幌,1,1,2,2017-07-29,https://www.jra.go.jp/datafile/seiseki/report/2017/2017-1sapporo1.pdf,official_daily_result_pdf
201701010103,2017,札幌,1,1,3,2017-07-29,https://www.jra.go.jp/datafile/seiseki/report/2017/2017-1sapporo1.pdf,official_daily_result_pdf
201701010104,2017,札幌,1,1,4,2017-07-29,https://www.jra.go.jp/datafile/seiseki/report/2017/2017-1sapporo1.pdf,official_daily_result_pdf
201701010105,2017,札幌,1,1,5,2017-07-29,https://www.jra.go.jp/datafile/seiseki/report/2017/2017-1sapporo1.pdf,official_daily_result_pdf
201701010106,2017,札幌,1,1,6,2017-07-29,https://www.jra.go.jp/datafile/seiseki/report/2017/2017-1sapporo1.pdf,official_daily_result_pdf
201701010107,2017,札幌,1,1,7,2017-07-29,https://www.jra.go.jp/datafile/seiseki/report/2017/2017-1sapporo1.pdf,official_daily_result_pdf
201701010108,2017,札幌,1,1,8,2017-07-29,https://www.jra.go.jp/datafile/seiseki/report/2017/2017-1sapporo1.pdf,official_daily_result_pdf
201701010109,2017,札幌,1,1,9,2017-07-29,https://www.jra.go.jp/datafile/seiseki/report/2017/2017-1sapporo1.pdf,official_daily_result_pdf
201701010110,2017,札幌,1,1,10,2017-07-29,https://www.jra.go.jp/datafile/seiseki/report/2017/2017-1sapporo1.pdf,official_daily_result_pdf
201701010111,2017,札幌,1,1,11,2017-07-29,https://www.jra.go.jp/datafile/seiseki/report/2017/2017-1sapporo1.pdf,official_daily_result_pdf
201701010112,2017,札幌,1,1,12,2017-07-29,https://www.jra.go.jp/datafile/seiseki/report/2017/2017-1sapporo1.pdf,official_daily_result_pdf
201701010201,2017,札幌,1,2,1,2017-07-30,https://www.jra.go.jp/datafile/seiseki/report/2017/2017-1sapporo2.pdf,official_daily_result_pdf
201701010202,2017,札幌,1,2,2,2017-07-30,https://www.jra.go.jp/datafile/seiseki/report/2017/2017-1sapporo2.pdf,official_daily_result_pdf
201701010203,2017,札幌,1,2,3,2017-07-30,https://www.jra.go.jp/datafile/seiseki/report/2017/2017-1sapporo2.pdf,official_daily_result_pdf
201701010204,2017,札幌,1,2,4,2017-07-30,https://www.jra.go.jp/datafile/seiseki/report/2017/2017-1sapporo2.pdf,official_daily_result_pdf
201701010205,2017,札幌,1,2,5,2017-07-30,https://www.jra.go.jp/datafile/seiseki/report/2017/2017-1sapporo2.pdf,official_daily_result_pdf
201701010206,2017,札幌,1,2,6,2017-07-30,https://www.jra.go.jp/datafile/seiseki/report/2017/2017-1sapporo2.pdf,official_daily_result_pdf
201701010207,2017,札幌,1,2,7,2017-07-30,https://www.jra.go.jp/datafile/seiseki/report/2017/2017-1sapporo2.pdf,official_daily_result_pdf
201701010208,2017,札幌,1,2,8,2017-07-30,https://www.jra.go.jp/datafile/seiseki/report/2017/2017-1sapporo2.pdf,official_daily_result_pdf
201701010209,2017,札幌,1,2,9,2017-07-30,https://www.jra.go.jp/datafile/seiseki/report/2017/2017-1sapporo2.pdf,official_daily_result_pdf
201701010210,2017,札幌,1,2,10,2017-07-30,https://www.jra.go.jp/datafile/seiseki/report/2017/2017-1sapporo2.pdf,official_daily_result_pdf
201701010211,2017,札幌,1,2,11,2017-07-30,https://www.jra.go.jp/datafile/seiseki/report/2017/2017-1sapporo2.pdf,official_daily_result_pdf
201701010212,2017,札幌,1,2,12,2017-07-30,https://www.jra.go.jp/datafile/seiseki/report/2017/2017-1sapporo2.pdf,official_daily_result_pdf
201701010301,2017,札幌,1,3,1,2017-08-05,https://www.jra.go.jp/datafile/seiseki/report/2017/2017-1sapporo3.pdf,official_daily_result_pdf
201701010302,2017,札幌,1,3,2,2017-08-05,https://www.jra.go.jp/datafile/seiseki/report/2017/2017-1sapporo3.pdf,official_daily_result_pdf
201701010303,2017,札幌,1,3,3,2017-08-05,https://www.jra.go.jp/datafile/seiseki/report/2017/2017-1sapporo3.pdf,official_daily_result_pdf
201701010304,2017,札幌,1,3,4,2017-08-05,https://www.jra.go.jp/datafile/seiseki/report/2017/2017-1sapporo3.pdf,official_daily_result_pdf
201701010305,2017,札幌,1,3,5,2017-08-05,https://www.jra.go.jp/datafile/seiseki/report/2017/2017-1sapporo3.pdf,official_daily_result_pdf
201701010306,2017,札幌,1,3,6,2017-08-05,https://www.jra.go.jp/datafile/seiseki/report/2017/2017-1sapporo3.pdf,official_daily_result_pdf
201701010307,2017,札幌,1,3,7,2017-08-05,https://www.jra.go.jp/datafile/seiseki/report/2017/2017-1sapporo3.pdf,official_daily_result_pdf
201701010308,2017,札幌,1,3,8,2017-08-05,https://www.jra.go.jp/datafile/seiseki/report/2017/2017-1sapporo3.pdf,official_daily_result_pdf
201701010309,2017,札幌,1,3,9,2017-08-05,https://www.jra.go.jp/datafile/seiseki/report/2017/2017-1sapporo3.pdf,official_daily_result_pdf
201701010310,2017,札幌,1,3,10,2017-08-05,https://www.jra.go.jp/datafile/seiseki/report/2017/2017-1sapporo3.pdf,official_daily_result_pdf
201701010311,2017,札幌,1,3,11,2017-08-05,https://www.jra.go.jp/datafile/seiseki/report/2017/2017-1sapporo3.pdf,official_daily_result_pdf
201701010312,2017,札幌,1,3,12,2017-08-05,https://www.jra.go.jp/datafile/seiseki/report/2017/2017-1sapporo3.pdf,official_daily_result_pdf
201701010401,2017,札幌,1,4,1,2017-08-06,https://www.jra.go.jp/datafile/seiseki/report/2017/2017-1sapporo4.pdf,official_daily_result_pdf
201701010402,2017,札幌,1,4,2,2017-08-06,https://www.jra.go.jp/datafile/seiseki/report/2017/2017-1sapporo4.pdf,official_daily_result_pdf
201701010403,2017,札幌,1,4,3,2017-08-06,https://www.jra.go.jp/datafile/seiseki/report/2017/2017-1sapporo4.pdf,official_daily_result_pdf
201701010404,2017,札幌,1,4,4,2017-08-06,https://www.jra.go.jp/datafile/seiseki/report/2017/2017-1sapporo4.pdf,official_daily_result_pdf
201701010405,2017,札幌,1,4,5,2017-08-06,https://www.jra.go.jp/datafile/seiseki/report/2017/2017-1sapporo4.pdf,official_daily_result_pdf
201701010406,2017,札幌,1,4,6,2017-08-06,https://www.jra.go.jp/datafile/seiseki/report/2017/2017-1sapporo4.pdf,official_daily_result_pdf
201701010407,2017,札幌,1,4,7,2017-08-06,https://www.jra.go.jp/datafile/seiseki/report/2017/2017-1sapporo4.pdf,official_daily_result_pdf
201701010408,2017,札幌,1,4,8,2017-08-06,https://www.jra.go.jp/datafile/seiseki/report/2017/2017-1sapporo4.pdf,official_daily_result_pdf
201701010409,2017,札幌,1,4,9,2017-08-06,https://www.jra.go.jp/datafile/seiseki/report/2017/2017-1sapporo4.pdf,official_daily_result_pdf
201701010410,2017,札幌,1,4,10,2017-08-06,https://www.jra.go.jp/datafile/seiseki/report/2017/2017-1sapporo4.pdf,official_daily_result_pdf
201701010411,2017,札幌,1,4,11,2017-08-06,https://www.jra.go.jp/datafile/seiseki/report/2017/2017-1sapporo4.pdf,official_daily_result_pdf
201701010412,2017,札幌,1,4,12,2017-08-06,https://www.jra.go.jp/datafile/seiseki/report/2017/2017-1sapporo4.pdf,official_daily_result_pdf
201701010501,2017,札幌,1,5,1,2017-08-12,https://www.jra.go.jp/datafile/seiseki/report/2017/2017-1sapporo5.pdf,official_daily_result_pdf
201701010502,2017,札幌,1,5,2,2017-08-12,https://www.jra.go.jp/datafile/seiseki/report/2017/2017-1sapporo5.pdf,official_daily_result_pdf
201701010503,2017,札幌,1,5,3,2017-08-12,https://www.jra.go.jp/datafile/seiseki/report/2017/2017-1sapporo5.pdf,official_daily_result_pdf
201701010504,2017,札幌,1,5,4,2017-08-12,https://www.jra.go.jp/datafile/seiseki/report/2017/2017-1sapporo5.pdf,official_daily_result_pdf
201701010505,2017,札幌,1,5,5,2017-08-12,https://www.jra.go.jp/datafile/seiseki/report/2017/2017-1sapporo5.pdf,official_daily_result_pdf
201701010506,2017,札幌,1,5,6,2017-08-12,https://www.jra.go.jp/datafile/seiseki/report/2017/2017-1sapporo5.pdf,official_daily_result_pdf
201701010507,2017,札幌,1,5,7,2017-08-12,https://www.jra.go.jp/datafile/seiseki/report/2017/2017-1sapporo5.pdf,official_daily_result_pdf
201701010508,2017,札幌,1,5,8,2017-08-12,https://www.jra.go.jp/datafile/seiseki/report/2017/2017-1sapporo5.pdf,official_daily_result_pdf
201701010509,2017,札幌,1,5,9,2017-08-12,https://www.jra.go.jp/datafile/seiseki/report/2017/2017-1sapporo5.pdf,official_daily_result_pdf
201701010510,2017,札幌,1,5,10,2017-08-12,https://www.jra.go.jp/datafile/seiseki/report/2017/2017-1sapporo5.pdf,official_daily_result_pdf
201701010511,2017,札幌,1,5,11,2017-08-12,https://www.jra.go.jp/datafile/seiseki/report/2017/2017-1sapporo5.pdf,official_daily_result_pdf
201701010512,2017,札幌,1,5,12,2017-08-12,https://www.jra.go.jp/datafile/seiseki/report/2017/2017-1sapporo5.pdf,official_daily_result_pdf
201701010601,2017,札幌,1,6,1,2017-08-13,https://www.jra.go.jp/datafile/seiseki/report/2017/2017-1sapporo6.pdf,official_daily_result_pdf
201701010602,2017,札幌,1,6,2,2017-08-13,https://www.jra.go.jp/datafile/seiseki/report/2017/2017-1sapporo6.pdf,official_daily_result_pdf
201701010603,2017,札幌,1,6,3,2017-08-13,https://www.jra.go.jp/datafile/seiseki/report/2017/2017-1sapporo6.pdf,official_daily_result_pdf
201701010604,2017,札幌,1,6,4,2017-08-13,https://www.jra.go.jp/datafile/seiseki/report/2017/2017-1sapporo6.pdf,official_daily_result_pdf
201701010605,2017,札幌,1,6,5,2017-08-13,https://www.jra.go.jp/datafile/seiseki/report/2017/2017-1sapporo6.pdf,official_daily_result_pdf
201701010606,2017,札幌,1,6,6,2017-08-13,https://www.jra.go.jp/datafile/seiseki/report/2017/2017-1sapporo6.pdf,official_daily_result_pdf
201701010607,2017,札幌,1,6,7,2017-08-13,https://www.jra.go.jp/datafile/seiseki/report/2017/2017-1sapporo6.pdf,official_daily_result_pdf
201701010608,2017,札幌,1,6,8,2017-08-13,https://www.jra.go.jp/datafile/seiseki/report/2017/2017-1sapporo6.pdf,official_daily_result_pdf
201701010609,2017,札幌,1,6,9,2017-08-13,https://www.jra.go.jp/datafile/seiseki/report/2017/2017-1sapporo6.pdf,official_daily_result_pdf
201701010610,2017,札幌,1,6,10,2017-08-13,https://www.jra.go.jp/datafile/seiseki/report/2017/2017-1sapporo6.pdf,official_daily_result_pdf
201701010611,2017,札幌,1,6,11,2017-08-13,https://www.jra.go.jp/datafile/seiseki/report/2017/2017-1sapporo6.pdf,official_daily_result_pdf
201701010612,2017,札幌,1,6,12,2017-08-13,https://www.jra.go.jp/datafile/seiseki/report/2017/2017-1sapporo6.pdf,official_daily_result_pdf
201701020101,2017,札幌,2,1,1,2017-08-19,https://www.jra.go.jp/datafile/seiseki/report/2017/2017-2sapporo1.pdf,official_daily_result_pdf
201701020102,2017,札幌,2,1,2,2017-08-19,https://www.jra.go.jp/datafile/seiseki/report/2017/2017-2sapporo1.pdf,official_daily_result_pdf
201701020103,2017,札幌,2,1,3,2017-08-19,https://www.jra.go.jp/datafile/seiseki/report/2017/2017-2sapporo1.pdf,official_daily_result_pdf
201701020104,2017,札幌,2,1,4,2017-08-19,https://www.jra.go.jp/datafile/seiseki/report/2017/2017-2sapporo1.pdf,official_daily_result_pdf
201701020105,2017,札幌,2,1,5,2017-08-19,https://www.jra.go.jp/datafile/seiseki/report/2017/2017-2sapporo1.pdf,official_daily_result_pdf
201701020106,2017,札幌,2,1,6,2017-08-19,https://www.jra.go.jp/datafile/seiseki/report/2017/2017-2sapporo1.pdf,official_daily_result_pdf
201701020107,2017,札幌,2,1,7,2017-08-19,https://www.jra.go.jp/datafile/seiseki/report/2017/2017-2sapporo1.pdf,official_daily_result_pdf
201701020108,2017,札幌,2,1,8,2017-08-19,https://www.jra.go.jp/datafile/seiseki/report/2017/2017-2sapporo1.pdf,official_daily_result_pdf
201701020109,2017,札幌,2,1,9,2017-08-19,https://www.jra.go.jp/datafile/seiseki/report/2017/2017-2sapporo1.pdf,official_daily_result_pdf
201701020110,2017,札幌,2,1,10,2017-08-19,https://www.jra.go.jp/datafile/seiseki/report/2017/2017-2sapporo1.pdf,official_daily_result_pdf
201701020111,2017,札幌,2,1,11,2017-08-19,https://www.jra.go.jp/datafile/seiseki/report/2017/2017-2sapporo1.pdf,official_daily_result_pdf
201701020112,2017,札幌,2,1,12,2017-08-19,https://www.jra.go.jp/datafile/seiseki/report/2017/2017-2sapporo1.pdf,official_daily_result_pdf
201701020201,2017,札幌,2,2,1,2017-08-20,https://www.jra.go.jp/datafile/seiseki/report/2017/2017-2sapporo2.pdf,official_daily_result_pdf
201701020202,2017,札幌,2,2,2,2017-08-20,https://www.jra.go.jp/datafile/seiseki/report/2017/2017-2sapporo2.pdf,official_daily_result_pdf
201701020203,2017,札幌,2,2,3,2017-08-20,https://www.jra.go.jp/datafile/seiseki/report/2017/2017-2sapporo2.pdf,official_daily_result_pdf
201701020204,2017,札幌,2,2,4,2017-08-20,https://www.jra.go.jp/datafile/seiseki/report/2017/2017-2sapporo2.pdf,official_daily_result_pdf
201701020205,2017,札幌,2,2,5,2017-08-20,https://www.jra.go.jp/datafile/seiseki/report/2017/2017-2sapporo2.pdf,official_daily_result_pdf
201701020206,2017,札幌,2,2,6,2017-08-20,https://www.jra.go.jp/datafile/seiseki/report/2017/2017-2sapporo2.pdf,official_daily_result_pdf
201701020207,2017,札幌,2,2,7,2017-08-20,https://www.jra.go.jp/datafile/seiseki/report/2017/2017-2sapporo2.pdf,official_daily_result_pdf
201701020208,2017,札幌,2,2,8,2017-08-20,https://www.jra.go.jp/datafile/seiseki/report/2017/2017-2sapporo2.pdf,official_daily_result_pdf
201701020209,2017,札幌,2,2,9,2017-08-20,https://www.jra.go.jp/datafile/seiseki/report/2017/2017-2sapporo2.pdf,official_daily_result_pdf
201701020210,2017,札幌,2,2,10,2017-08-20,https://www.jra.go.jp/datafile/seiseki/report/2017/2017-2sapporo2.pdf,official_daily_result_pdf
201701020211,2017,札幌,2,2,11,2017-08-20,https://www.jra.go.jp/datafile/seiseki/report/2017/2017-2sapporo2.pdf,official_daily_result_pdf
201701020212,2017,札幌,2,2,12,2017-08-20,https://www.jra.go.jp/datafile/seiseki/report/2017/2017-2sapporo2.pdf,official_daily_result_pdf
201701020301,2017,札幌,2,3,1,2017-08-26,https://www.jra.go.jp/datafile/seiseki/report/2017/2017-2sapporo3.pdf,official_daily_result_pdf
201701020302,2017,札幌,2,3,2,2017-08-26,https://www.jra.go.jp/datafile/seiseki/report/2017/2017-2sapporo3.pdf,official_daily_result_pdf
201701020303,2017,札幌,2,3,3,2017-08-26,https://www.jra.go.jp/datafile/seiseki/report/2017/2017-2sapporo3.pdf,official_daily_result_pdf
201701020304,2017,札幌,2,3,4,2017-08-26,https://www.jra.go.jp/datafile/seiseki/report/2017/2017-2sapporo3.pdf,official_daily_result_pdf
201701020305,2017,札幌,2,3,5,2017-08-26,https://www.jra.go.jp/datafile/seiseki/report/2017/2017-2sapporo3.pdf,official_daily_result_pdf
201701020306,2017,札幌,2,3,6,2017-08-26,https://www.jra.go.jp/datafile/seiseki/report/2017/2017-2sapporo3.pdf,official_daily_result_pdf
201701020307,2017,札幌,2,3,7,2017-08-26,https://www.jra.go.jp/datafile/seiseki/report/2017/2017-2sapporo3.pdf,official_daily_result_pdf
201701020308,2017,札幌,2,3,8,2017-08-26,https://www.jra.go.jp/datafile/seiseki/report/2017/2017-2sapporo3.pdf,official_daily_result_pdf
201701020309,2017,札幌,2,3,9,2017-08-26,https://www.jra.go.jp/datafile/seiseki/report/2017/2017-2sapporo3.pdf,official_daily_result_pdf
201701020310,2017,札幌,2,3,10,2017-08-26,https://www.jra.go.jp/datafile/seiseki/report/2017/2017-2sapporo3.pdf,official_daily_result_pdf
201701020311,2017,札幌,2,3,11,2017-08-26,https://www.jra.go.jp/datafile/seiseki/report/2017/2017-2sapporo3.pdf,official_daily_result_pdf
201701020312,2017,札幌,2,3,12,2017-08-26,https://www.jra.go.jp/datafile/seiseki/report/2017/2017-2sapporo3.pdf,official_daily_result_pdf
201701020401,2017,札幌,2,4,1,2017-08-27,https://www.jra.go.jp/datafile/seiseki/report/2017/2017-2sapporo4.pdf,official_daily_result_pdf
201701020402,2017,札幌,2,4,2,2017-08-27,https://www.jra.go.jp/datafile/seiseki/report/2017/2017-2sapporo4.pdf,official_daily_result_pdf
201701020403,2017,札幌,2,4,3,2017-08-27,https://www.jra.go.jp/datafile/seiseki/report/2017/2017-2sapporo4.pdf,official_daily_result_pdf
201701020404,2017,札幌,2,4,4,2017-08-27,https://www.jra.go.jp/datafile/seiseki/report/2017/2017-2sapporo4.pdf,official_daily_result_pdf
201701020405,2017,札幌,2,4,5,2017-08-27,https://www.jra.go.jp/datafile/seiseki/report/2017/2017-2sapporo4.pdf,official_daily_result_pdf
201701020406,2017,札幌,2,4,6,2017-08-27,https://www.jra.go.jp/datafile/seiseki/report/2017/2017-2sapporo4.pdf,official_daily_result_pdf
201701020407,2017,札幌,2,4,7,2017-08-27,https://www.jra.go.jp/datafile/seiseki/report/2017/2017-2sapporo4.pdf,official_daily_result_pdf
201701020408,2017,札幌,2,4,8,2017-08-27,https://www.jra.go.jp/datafile/seiseki/report/2017/2017-2sapporo4.pdf,official_daily_result_pdf
201701020409,2017,札幌,2,4,9,2017-08-27,https://www.jra.go.jp/datafile/seiseki/report/2017/2017-2sapporo4.pdf,official_daily_result_pdf
201701020410,2017,札幌,2,4,10,2017-08-27,https://www.jra.go.jp/datafile/seiseki/report/2017/2017-2sapporo4.pdf,official_daily_result_pdf
201701020411,2017,札幌,2,4,11,2017-08-27,https://www.jra.go.jp/datafile/seiseki/report/2017/2017-2sapporo4.pdf,official_daily_result_pdf
201701020412,2017,札幌,2,4,12,2017-08-27,https://www.jra.go.jp/datafile/seiseki/report/2017/2017-2sapporo4.pdf,official_daily_result_pdf
201701020501,2017,札幌,2,5,1,2017-09-02,https://www.jra.go.jp/datafile/seiseki/report/2017/2017-2sapporo5.pdf,official_daily_result_pdf
201701020502,2017,札幌,2,5,2,2017-09-02,https://www.jra.go.jp/datafile/seiseki/report/2017/2017-2sapporo5.pdf,official_daily_result_pdf
201701020503,2017,札幌,2,5,3,2017-09-02,https://www.jra.go.jp/datafile/seiseki/report/2017/2017-2sapporo5.pdf,official_daily_result_pdf
201701020504,2017,札幌,2,5,4,2017-09-02,https://www.jra.go.jp/datafile/seiseki/report/2017/2017-2sapporo5.pdf,official_daily_result_pdf
201701020505,2017,札幌,2,5,5,2017-09-02,https://www.jra.go.jp/datafile/seiseki/report/2017/2017-2sapporo5.pdf,official_daily_result_pdf
201701020506,2017,札幌,2,5,6,2017-09-02,https://www.jra.go.jp/datafile/seiseki/report/2017/2017-2sapporo5.pdf,official_daily_result_pdf
201701020507,2017,札幌,2,5,7,2017-09-02,https://www.jra.go.jp/datafile/seiseki/report/2017/2017-2sapporo5.pdf,official_daily_result_pdf
201701020508,2017,札幌,2,5,8,2017-09-02,https://www.jra.go.jp/datafile/seiseki/report/2017/2017-2sapporo5.pdf,official_daily_result_pdf
201701020509,2017,札幌,2,5,9,2017-09-02,https://www.jra.go.jp/datafile/seiseki/report/2017/2017-2sapporo5.pdf,official_daily_result_pdf
201701020510,2017,札幌,2,5,10,2017-09-02,https://www.jra.go.jp/datafile/seiseki/report/2017/2017-2sapporo5.pdf,official_daily_result_pdf
201701020511,2017,札幌,2,5,11,2017-09-02,https://www.jra.go.jp/datafile/seiseki/report/2017/2017-2sapporo5.pdf,official_daily_result_pdf
201701020512,2017,札幌,2,5,12,2017-09-02,https://www.jra.go.jp/datafile/seiseki/report/2017/2017-2sapporo5.pdf,official_daily_result_pdf
201701020601,2017,札幌,2,6,1,2017-09-03,https://www.jra.go.jp/datafile/seiseki/report/2017/2017-2sapporo6.pdf,official_daily_result_pdf
201701020602,2017,札幌,2,6,2,2017-09-03,https://www.jra.go.jp/datafile/seiseki/report/2017/2017-2sapporo6.pdf,official_daily_result_pdf
201701020603,2017,札幌,2,6,3,2017-09-03,https://www.jra.go.jp/datafile/seiseki/report/2017/2017-2sapporo6.pdf,official_daily_result_pdf
201701020604,2017,札幌,2,6,4,2017-09-03,https://www.jra.go.jp/datafile/seiseki/report/2017/2017-2sapporo6.pdf,official_daily_result_pdf
201701020605,2017,札幌,2,6,5,2017-09-03,https://www.jra.go.jp/datafile/seiseki/report/2017/2017-2sapporo6.pdf,official_daily_result_pdf
201701020606,2017,札幌,2,6,6,2017-09-03,https://www.jra.go.jp/datafile/seiseki/report/2017/2017-2sapporo6.pdf,official_daily_result_pdf
201701020607,2017,札幌,2,6,7,2017-09-03,https://www.jra.go.jp/datafile/seiseki/report/2017/2017-2sapporo6.pdf,official_daily_result_pdf
201701020608,2017,札幌,2,6,8,2017-09-03,https://www.jra.go.jp/datafile/seiseki/report/2017/2017-2sapporo6.pdf,official_daily_result_pdf
201701020609,2017,札幌,2,6,9,2017-09-03,https://www.jra.go.jp/datafile/seiseki/report/2017/2017-2sapporo6.pdf,official_daily_result_pdf
201701020610,2017,札幌,2,6,10,2017-09-03,https://www.jra.go.jp/datafile/seiseki/report/2017/2017-2sapporo6.pdf,official_daily_result_pdf
201701020611,2017,札幌,2,6,11,2017-09-03,https://www.jra.go.jp/datafile/seiseki/report/2017/2017-2sapporo6.pdf,official_daily_result_pdf
201701020612,2017,札幌,2,6,12,2017-09-03,https://www.jra.go.jp/datafile/seiseki/report/2017/2017-2sapporo6.pdf,official_daily_result_pdf
201702010101,2017,函館,1,1,1,2017-06-17,https://www.jra.go.jp/datafile/seiseki/report/2017/2017-1hakodate1.pdf,official_daily_result_pdf
201702010102,2017,函館,1,1,2,2017-06-17,https://www.jra.go.jp/datafile/seiseki/report/2017/2017-1hakodate1.pdf,official_daily_result_pdf
201702010103,2017,函館,1,1,3,2017-06-17,https://www.jra.go.jp/datafile/seiseki/report/2017/2017-1hakodate1.pdf,official_daily_result_pdf
201702010104,2017,函館,1,1,4,2017-06-17,https://www.jra.go.jp/datafile/seiseki/report/2017/2017-1hakodate1.pdf,official_daily_result_pdf
201702010105,2017,函館,1,1,5,2017-06-17,https://www.jra.go.jp/datafile/seiseki/report/2017/2017-1hakodate1.pdf,official_daily_result_pdf
201702010106,2017,函館,1,1,6,2017-06-17,https://www.jra.go.jp/datafile/seiseki/report/2017/2017-1hakodate1.pdf,official_daily_result_pdf
201702010107,2017,函館,1,1,7,2017-06-17,https://www.jra.go.jp/datafile/seiseki/report/2017/2017-1hakodate1.pdf,official_daily_result_pdf
201702010108,2017,函館,1,1,8,2017-06-17,https://www.jra.go.jp/datafile/seiseki/report/2017/2017-1hakodate1.pdf,official_daily_result_pdf
201702010109,2017,函館,1,1,9,2017-06-17,https://www.jra.go.jp/datafile/seiseki/report/2017/2017-1hakodate1.pdf,official_daily_result_pdf
201702010110,2017,函館,1,1,10,2017-06-17,https://www.jra.go.jp/datafile/seiseki/report/2017/2017-1hakodate1.pdf,official_daily_result_pdf
201702010111,2017,函館,1,1,11,2017-06-17,https://www.jra.go.jp/datafile/seiseki/report/2017/2017-1hakodate1.pdf,official_daily_result_pdf
201702010112,2017,函館,1,1,12,2017-06-17,https://www.jra.go.jp/datafile/seiseki/report/2017/2017-1hakodate1.pdf,official_daily_result_pdf
201702010201,2017,函館,1,2,1,2017-06-18,https://www.jra.go.jp/datafile/seiseki/report/2017/2017-1hakodate2.pdf,official_daily_result_pdf
201702010202,2017,函館,1,2,2,2017-06-18,https://www.jra.go.jp/datafile/seiseki/report/2017/2017-1hakodate2.pdf,official_daily_result_pdf
201702010203,2017,函館,1,2,3,2017-06-18,https://www.jra.go.jp/datafile/seiseki/report/2017/2017-1hakodate2.pdf,official_daily_result_pdf
201702010204,2017,函館,1,2,4,2017-06-18,https://www.jra.go.jp/datafile/seiseki/report/2017/2017-1hakodate2.pdf,official_daily_result_pdf
201702010205,2017,函館,1,2,5,2017-06-18,https://www.jra.go.jp/datafile/seiseki/report/2017/2017-1hakodate2.pdf,official_daily_result_pdf
201702010206,2017,函館,1,2,6,2017-06-18,https://www.jra.go.jp/datafile/seiseki/report/2017/2017-1hakodate2.pdf,official_daily_result_pdf
201702010207,2017,函館,1,2,7,2017-06-18,https://www.jra.go.jp/datafile/seiseki/report/2017/2017-1hakodate2.pdf,official_daily_result_pdf
201702010208,2017,函館,1,2,8,2017-06-18,https://www.jra.go.jp/datafile/seiseki/report/2017/2017-1hakodate2.pdf,official_daily_result_pdf
201702010209,2017,函館,1,2,9,2017-06-18,https://www.jra.go.jp/datafile/seiseki/report/2017/2017-1hakodate2.pdf,official_daily_result_pdf
201702010210,2017,函館,1,2,10,2017-06-18,https://www.jra.go.jp/datafile/seiseki/report/2017/2017-1hakodate2.pdf,official_daily_result_pdf
201702010211,2017,函館,1,2,11,2017-06-18,https://www.jra.go.jp/datafile/seiseki/report/2017/2017-1hakodate2.pdf,official_daily_result_pdf
201702010212,2017,函館,1,2,12,2017-06-18,https://www.jra.go.jp/datafile/seiseki/report/2017/2017-1hakodate2.pdf,official_daily_result_pdf
201702010301,2017,函館,1,3,1,2017-06-24,https://www.jra.go.jp/datafile/seiseki/report/2017/2017-1hakodate3.pdf,official_daily_result_pdf
201702010302,2017,函館,1,3,2,2017-06-24,https://www.jra.go.jp/datafile/seiseki/report/2017/2017-1hakodate3.pdf,official_daily_result_pdf
201702010303,2017,函館,1,3,3,2017-06-24,https://www.jra.go.jp/datafile/seiseki/report/2017/2017-1hakodate3.pdf,official_daily_result_pdf
201702010304,2017,函館,1,3,4,2017-06-24,https://www.jra.go.jp/datafile/seiseki/report/2017/2017-1hakodate3.pdf,official_daily_result_pdf
201702010305,2017,函館,1,3,5,2017-06-24,https://www.jra.go.jp/datafile/seiseki/report/2017/2017-1hakodate3.pdf,official_daily_result_pdf
201702010306,2017,函館,1,3,6,2017-06-24,https://www.jra.go.jp/datafile/seiseki/report/2017/2017-1hakodate3.pdf,official_daily_result_pdf
201702010307,2017,函館,1,3,7,2017-06-24,https://www.jra.go.jp/datafile/seiseki/report/2017/2017-1hakodate3.pdf,official_daily_result_pdf
201702010308,2017,函館,1,3,8,2017-06-24,https://www.jra.go.jp/datafile/seiseki/report/2017/2017-1hakodate3.pdf,official_daily_result_pdf
201702010309,2017,函館,1,3,9,2017-06-24,https://www.jra.go.jp/datafile/seiseki/report/2017/2017-1hakodate3.pdf,official_daily_result_pdf
201702010310,2017,函館,1,3,10,2017-06-24,https://www.jra.go.jp/datafile/seiseki/report/2017/2017-1hakodate3.pdf,official_daily_result_pdf
201702010311,2017,函館,1,3,11,2017-06-24,https://www.jra.go.jp/datafile/seiseki/report/2017/2017-1hakodate3.pdf,official_daily_result_pdf
201702010312,2017,函館,1,3,12,2017-06-24,https://www.jra.go.jp/datafile/seiseki/report/2017/2017-1hakodate3.pdf,official_daily_result_pdf
201702010401,2017,函館,1,4,1,2017-06-25,https://www.jra.go.jp/datafile/seiseki/report/2017/2017-1hakodate4.pdf,official_daily_result_pdf
201702010402,2017,函館,1,4,2,2017-06-25,https://www.jra.go.jp/datafile/seiseki/report/2017/2017-1hakodate4.pdf,official_daily_result_pdf
201702010403,2017,函館,1,4,3,2017-06-25,https://www.jra.go.jp/datafile/seiseki/report/2017/2017-1hakodate4.pdf,official_daily_result_pdf
201702010404,2017,函館,1,4,4,2017-06-25,https://www.jra.go.jp/datafile/seiseki/report/2017/2017-1hakodate4.pdf,official_daily_result_pdf
201702010405,2017,函館,1,4,5,2017-06-25,https://www.jra.go.jp/datafile/seiseki/report/2017/2017-1hakodate4.pdf,official_daily_result_pdf
201702010406,2017,函館,1,4,6,2017-06-25,https://www.jra.go.jp/datafile/seiseki/report/2017/2017-1hakodate4.pdf,official_daily_result_pdf
201702010407,2017,函館,1,4,7,2017-06-25,https://www.jra.go.jp/datafile/seiseki/report/2017/2017-1hakodate4.pdf,official_daily_result_pdf
201702010408,2017,函館,1,4,8,2017-06-25,https://www.jra.go.jp/datafile/seiseki/report/2017/2017-1hakodate4.pdf,official_daily_result_pdf
201702010409,2017,函館,1,4,9,2017-06-25,https://www.jra.go.jp/datafile/seiseki/report/2017/2017-1hakodate4.pdf,official_daily_result_pdf
201702010410,2017,函館,1,4,10,2017-06-25,https://www.jra.go.jp/datafile/seiseki/report/2017/2017-1hakodate4.pdf,official_daily_result_pdf
201702010411,2017,函館,1,4,11,2017-06-25,https://www.jra.go.jp/datafile/seiseki/report/2017/2017-1hakodate4.pdf,official_daily_result_pdf
201702010412,2017,函館,1,4,12,2017-06-25,https://www.jra.go.jp/datafile/seiseki/report/2017/2017-1hakodate4.pdf,official_daily_result_pdf
201702010501,2017,函館,1,5,1,2017-07-01,https://www.jra.go.jp/datafile/seiseki/report/2017/2017-1hakodate5.pdf,official_daily_result_pdf
201702010502,2017,函館,1,5,2,2017-07-01,https://www.jra.go.jp/datafile/seiseki/report/2017/2017-1hakodate5.pdf,official_daily_result_pdf
201702010503,2017,函館,1,5,3,2017-07-01,https://www.jra.go.jp/datafile/seiseki/report/2017/2017-1hakodate5.pdf,official_daily_result_pdf
201702010504,2017,函館,1,5,4,2017-07-01,https://www.jra.go.jp/datafile/seiseki/report/2017/2017-1hakodate5.pdf,official_daily_result_pdf
201702010505,2017,函館,1,5,5,2017-07-01,https://www.jra.go.jp/datafile/seiseki/report/2017/2017-1hakodate5.pdf,official_daily_result_pdf
201702010506,2017,函館,1,5,6,2017-07-01,https://www.jra.go.jp/datafile/seiseki/report/2017/2017-1hakodate5.pdf,official_daily_result_pdf
201702010507,2017,函館,1,5,7,2017-07-01,https://www.jra.go.jp/datafile/seiseki/report/2017/2017-1hakodate5.pdf,official_daily_result_pdf
201702010508,2017,函館,1,5,8,2017-07-01,https://www.jra.go.jp/datafile/seiseki/report/2017/2017-1hakodate5.pdf,official_daily_result_pdf
201702010509,2017,函館,1,5,9,2017-07-01,https://www.jra.go.jp/datafile/seiseki/report/2017/2017-1hakodate5.pdf,official_daily_result_pdf
201702010510,2017,函館,1,5,10,2017-07-01,https://www.jra.go.jp/datafile/seiseki/report/2017/2017-1hakodate5.pdf,official_daily_result_pdf
201702010511,2017,函館,1,5,11,2017-07-01,https://www.jra.go.jp/datafile/seiseki/report/2017/2017-1hakodate5.pdf,official_daily_result_pdf
201702010512,2017,函館,1,5,12,2017-07-01,https://www.jra.go.jp/datafile/seiseki/report/2017/2017-1hakodate5.pdf,official_daily_result_pdf
201702010601,2017,函館,1,6,1,2017-07-02,https://www.jra.go.jp/datafile/seiseki/report/2017/2017-1hakodate6.pdf,official_daily_result_pdf
201702010602,2017,函館,1,6,2,2017-07-02,https://www.jra.go.jp/datafile/seiseki/report/2017/2017-1hakodate6.pdf,official_daily_result_pdf
201702010603,2017,函館,1,6,3,2017-07-02,https://www.jra.go.jp/datafile/seiseki/report/2017/2017-1hakodate6.pdf,official_daily_result_pdf
201702010604,2017,函館,1,6,4,2017-07-02,https://www.jra.go.jp/datafile/seiseki/report/2017/2017-1hakodate6.pdf,official_daily_result_pdf
201702010605,2017,函館,1,6,5,2017-07-02,https://www.jra.go.jp/datafile/seiseki/report/2017/2017-1hakodate6.pdf,official_daily_result_pdf
201702010606,2017,函館,1,6,6,2017-07-02,https://www.jra.go.jp/datafile/seiseki/report/2017/2017-1hakodate6.pdf,official_daily_result_pdf
201702010607,2017,函館,1,6,7,2017-07-02,https://www.jra.go.jp/datafile/seiseki/report/2017/2017-1hakodate6.pdf,official_daily_result_pdf
201702010608,2017,函館,1,6,8,2017-07-02,https://www.jra.go.jp/datafile/seiseki/report/2017/2017-1hakodate6.pdf,official_daily_result_pdf
201702010609,2017,函館,1,6,9,2017-07-02,https://www.jra.go.jp/datafile/seiseki/report/2017/2017-1hakodate6.pdf,official_daily_result_pdf
201702010610,2017,函館,1,6,10,2017-07-02,https://www.jra.go.jp/datafile/seiseki/report/2017/2017-1hakodate6.pdf,official_daily_result_pdf
201702010611,2017,函館,1,6,11,2017-07-02,https://www.jra.go.jp/datafile/seiseki/report/2017/2017-1hakodate6.pdf,official_daily_result_pdf
201702010612,2017,函館,1,6,12,2017-07-02,https://www.jra.go.jp/datafile/seiseki/report/2017/2017-1hakodate6.pdf,official_daily_result_pdf
201702020101,2017,函館,2,1,1,2017-07-08,https://www.jra.go.jp/datafile/seiseki/report/2017/2017-2hakodate1.pdf,official_daily_result_pdf
201702020102,2017,函館,2,1,2,2017-07-08,https://www.jra.go.jp/datafile/seiseki/report/2017/2017-2hakodate1.pdf,official_daily_result_pdf
201702020103,2017,函館,2,1,3,2017-07-08,https://www.jra.go.jp/datafile/seiseki/report/2017/2017-2hakodate1.pdf,official_daily_result_pdf
201702020104,2017,函館,2,1,4,2017-07-08,https://www.jra.go.jp/datafile/seiseki/report/2017/2017-2hakodate1.pdf,official_daily_result_pdf
201702020105,2017,函館,2,1,5,2017-07-08,https://www.jra.go.jp/datafile/seiseki/report/2017/2017-2hakodate1.pdf,official_daily_result_pdf
201702020106,2017,函館,2,1,6,2017-07-08,https://www.jra.go.jp/datafile/seiseki/report/2017/2017-2hakodate1.pdf,official_daily_result_pdf
201702020107,2017,函館,2,1,7,2017-07-08,https://www.jra.go.jp/datafile/seiseki/report/2017/2017-2hakodate1.pdf,official_daily_result_pdf
201702020108,2017,函館,2,1,8,2017-07-08,https://www.jra.go.jp/datafile/seiseki/report/2017/2017-2hakodate1.pdf,official_daily_result_pdf
201702020109,2017,函館,2,1,9,2017-07-08,https://www.jra.go.jp/datafile/seiseki/report/2017/2017-2hakodate1.pdf,official_daily_result_pdf
201702020110,2017,函館,2,1,10,2017-07-08,https://www.jra.go.jp/datafile/seiseki/report/2017/2017-2hakodate1.pdf,official_daily_result_pdf
201702020111,2017,函館,2,1,11,2017-07-08,https://www.jra.go.jp/datafile/seiseki/report/2017/2017-2hakodate1.pdf,official_daily_result_pdf
201702020112,2017,函館,2,1,12,2017-07-08,https://www.jra.go.jp/datafile/seiseki/report/2017/2017-2hakodate1.pdf,official_daily_result_pdf
201702020201,2017,函館,2,2,1,2017-07-09,https://www.jra.go.jp/datafile/seiseki/report/2017/2017-2hakodate2.pdf,official_daily_result_pdf
201702020202,2017,函館,2,2,2,2017-07-09,https://www.jra.go.jp/datafile/seiseki/report/2017/2017-2hakodate2.pdf,official_daily_result_pdf
201702020203,2017,函館,2,2,3,2017-07-09,https://www.jra.go.jp/datafile/seiseki/report/2017/2017-2hakodate2.pdf,official_daily_result_pdf
201702020204,2017,函館,2,2,4,2017-07-09,https://www.jra.go.jp/datafile/seiseki/report/2017/2017-2hakodate2.pdf,official_daily_result_pdf
201702020205,2017,函館,2,2,5,2017-07-09,https://www.jra.go.jp/datafile/seiseki/report/2017/2017-2hakodate2.pdf,official_daily_result_pdf
201702020206,2017,函館,2,2,6,2017-07-09,https://www.jra.go.jp/datafile/seiseki/report/2017/2017-2hakodate2.pdf,official_daily_result_pdf
201702020207,2017,函館,2,2,7,2017-07-09,https://www.jra.go.jp/datafile/seiseki/report/2017/2017-2hakodate2.pdf,official_daily_result_pdf
201702020208,2017,函館,2,2,8,2017-07-09,https://www.jra.go.jp/datafile/seiseki/report/2017/2017-2hakodate2.pdf,official_daily_result_pdf
201702020209,2017,函館,2,2,9,2017-07-09,https://www.jra.go.jp/datafile/seiseki/report/2017/2017-2hakodate2.pdf,official_daily_result_pdf
201702020210,2017,函館,2,2,10,2017-07-09,https://www.jra.go.jp/datafile/seiseki/report/2017/2017-2hakodate2.pdf,official_daily_result_pdf
201702020211,2017,函館,2,2,11,2017-07-09,https://www.jra.go.jp/datafile/seiseki/report/2017/2017-2hakodate2.pdf,official_daily_result_pdf
201702020212,2017,函館,2,2,12,2017-07-09,https://www.jra.go.jp/datafile/seiseki/report/2017/2017-2hakodate2.pdf,official_daily_result_pdf
201702020301,2017,函館,2,3,1,2017-07-15,https://www.jra.go.jp/datafile/seiseki/report/2017/2017-2hakodate3.pdf,official_daily_result_pdf
201702020302,2017,函館,2,3,2,2017-07-15,https://www.jra.go.jp/datafile/seiseki/report/2017/2017-2hakodate3.pdf,official_daily_result_pdf
201702020303,2017,函館,2,3,3,2017-07-15,https://www.jra.go.jp/datafile/seiseki/report/2017/2017-2hakodate3.pdf,official_daily_result_pdf
201702020304,2017,函館,2,3,4,2017-07-15,https://www.jra.go.jp/datafile/seiseki/report/2017/2017-2hakodate3.pdf,official_daily_result_pdf
201702020305,2017,函館,2,3,5,2017-07-15,https://www.jra.go.jp/datafile/seiseki/report/2017/2017-2hakodate3.pdf,official_daily_result_pdf
201702020306,2017,函館,2,3,6,2017-07-15,https://www.jra.go.jp/datafile/seiseki/report/2017/2017-2hakodate3.pdf,official_daily_result_pdf
201702020307,2017,函館,2,3,7,2017-07-15,https://www.jra.go.jp/datafile/seiseki/report/2017/2017-2hakodate3.pdf,official_daily_result_pdf
201702020308,2017,函館,2,3,8,2017-07-15,https://www.jra.go.jp/datafile/seiseki/report/2017/2017-2hakodate3.pdf,official_daily_result_pdf
201702020309,2017,函館,2,3,9,2017-07-15,https://www.jra.go.jp/datafile/seiseki/report/2017/2017-2hakodate3.pdf,official_daily_result_pdf
201702020310,2017,函館,2,3,10,2017-07-15,https://www.jra.go.jp/datafile/seiseki/report/2017/2017-2hakodate3.pdf,official_daily_result_pdf
201702020311,2017,函館,2,3,11,2017-07-15,https://www.jra.go.jp/datafile/seiseki/report/2017/2017-2hakodate3.pdf,official_daily_result_pdf
201702020312,2017,函館,2,3,12,2017-07-15,https://www.jra.go.jp/datafile/seiseki/report/2017/2017-2hakodate3.pdf,official_daily_result_pdf
201702020401,2017,函館,2,4,1,2017-07-16,https://www.jra.go.jp/datafile/seiseki/report/2017/2017-2hakodate4.pdf,official_daily_result_pdf
201702020402,2017,函館,2,4,2,2017-07-16,https://www.jra.go.jp/datafile/seiseki/report/2017/2017-2hakodate4.pdf,official_daily_result_pdf
201702020403,2017,函館,2,4,3,2017-07-16,https://www.jra.go.jp/datafile/seiseki/report/2017/2017-2hakodate4.pdf,official_daily_result_pdf
201702020404,2017,函館,2,4,4,2017-07-16,https://www.jra.go.jp/datafile/seiseki/report/2017/2017-2hakodate4.pdf,official_daily_result_pdf
201702020405,2017,函館,2,4,5,2017-07-16,https://www.jra.go.jp/datafile/seiseki/report/2017/2017-2hakodate4.pdf,official_daily_result_pdf
201702020406,2017,函館,2,4,6,2017-07-16,https://www.jra.go.jp/datafile/seiseki/report/2017/2017-2hakodate4.pdf,official_daily_result_pdf
201702020407,2017,函館,2,4,7,2017-07-16,https://www.jra.go.jp/datafile/seiseki/report/2017/2017-2hakodate4.pdf,official_daily_result_pdf
201702020408,2017,函館,2,4,8,2017-07-16,https://www.jra.go.jp/datafile/seiseki/report/2017/2017-2hakodate4.pdf,official_daily_result_pdf
201702020409,2017,函館,2,4,9,2017-07-16,https://www.jra.go.jp/datafile/seiseki/report/2017/2017-2hakodate4.pdf,official_daily_result_pdf
201702020410,2017,函館,2,4,10,2017-07-16,https://www.jra.go.jp/datafile/seiseki/report/2017/2017-2hakodate4.pdf,official_daily_result_pdf
201702020411,2017,函館,2,4,11,2017-07-16,https://www.jra.go.jp/datafile/seiseki/report/2017/2017-2hakodate4.pdf,official_daily_result_pdf
201702020412,2017,函館,2,4,12,2017-07-16,https://www.jra.go.jp/datafile/seiseki/report/2017/2017-2hakodate4.pdf,official_daily_result_pdf
201702020501,2017,函館,2,5,1,2017-07-22,https://www.jra.go.jp/datafile/seiseki/report/2017/2017-2hakodate5.pdf,official_daily_result_pdf
201702020502,2017,函館,2,5,2,2017-07-22,https://www.jra.go.jp/datafile/seiseki/report/2017/2017-2hakodate5.pdf,official_daily_result_pdf
201702020503,2017,函館,2,5,3,2017-07-22,https://www.jra.go.jp/datafile/seiseki/report/2017/2017-2hakodate5.pdf,official_daily_result_pdf
201702020504,2017,函館,2,5,4,2017-07-22,https://www.jra.go.jp/datafile/seiseki/report/2017/2017-2hakodate5.pdf,official_daily_result_pdf
201702020505,2017,函館,2,5,5,2017-07-22,https://www.jra.go.jp/datafile/seiseki/report/2017/2017-2hakodate5.pdf,official_daily_result_pdf
201702020506,2017,函館,2,5,6,2017-07-22,https://www.jra.go.jp/datafile/seiseki/report/2017/2017-2hakodate5.pdf,official_daily_result_pdf
201702020507,2017,函館,2,5,7,2017-07-22,https://www.jra.go.jp/datafile/seiseki/report/2017/2017-2hakodate5.pdf,official_daily_result_pdf
201702020508,2017,函館,2,5,8,2017-07-22,https://www.jra.go.jp/datafile/seiseki/report/2017/2017-2hakodate5.pdf,official_daily_result_pdf
201702020509,2017,函館,2,5,9,2017-07-22,https://www.jra.go.jp/datafile/seiseki/report/2017/2017-2hakodate5.pdf,official_daily_result_pdf
201702020510,2017,函館,2,5,10,2017-07-22,https://www.jra.go.jp/datafile/seiseki/report/2017/2017-2hakodate5.pdf,official_daily_result_pdf
201702020511,2017,函館,2,5,11,2017-07-22,https://www.jra.go.jp/datafile/seiseki/report/2017/2017-2hakodate5.pdf,official_daily_result_pdf
201702020512,2017,函館,2,5,12,2017-07-22,https://www.jra.go.jp/datafile/seiseki/report/2017/2017-2hakodate5.pdf,official_daily_result_pdf
201702020601,2017,函館,2,6,1,2017-07-23,https://www.jra.go.jp/datafile/seiseki/report/2017/2017-2hakodate6.pdf,official_daily_result_pdf
201702020602,2017,函館,2,6,2,2017-07-23,https://www.jra.go.jp/datafile/seiseki/report/2017/2017-2hakodate6.pdf,official_daily_result_pdf
201702020603,2017,函館,2,6,3,2017-07-23,https://www.jra.go.jp/datafile/seiseki/report/2017/2017-2hakodate6.pdf,official_daily_result_pdf
201702020604,2017,函館,2,6,4,2017-07-23,https://www.jra.go.jp/datafile/seiseki/report/2017/2017-2hakodate6.pdf,official_daily_result_pdf
201702020605,2017,函館,2,6,5,2017-07-23,https://www.jra.go.jp/datafile/seiseki/report/2017/2017-2hakodate6.pdf,official_daily_result_pdf
201702020606,2017,函館,2,6,6,2017-07-23,https://www.jra.go.jp/datafile/seiseki/report/2017/2017-2hakodate6.pdf,official_daily_result_pdf
201702020607,2017,函館,2,6,7,2017-07-23,https://www.jra.go.jp/datafile/seiseki/report/2017/2017-2hakodate6.pdf,official_daily_result_pdf
201702020608,2017,函館,2,6,8,2017-07-23,https://www.jra.go.jp/datafile/seiseki/report/2017/2017-2hakodate6.pdf,official_daily_result_pdf
201702020609,2017,函館,2,6,9,2017-07-23,https://www.jra.go.jp/datafile/seiseki/report/2017/2017-2hakodate6.pdf,official_daily_result_pdf
201702020610,2017,函館,2,6,10,2017-07-23,https://www.jra.go.jp/datafile/seiseki/report/2017/2017-2hakodate6.pdf,official_daily_result_pdf
201702020611,2017,函館,2,6,11,2017-07-23,https://www.jra.go.jp/datafile/seiseki/report/2017/2017-2hakodate6.pdf,official_daily_result_pdf
201702020612,2017,函館,2,6,12,2017-07-23,https://www.jra.go.jp/datafile/seiseki/report/2017/2017-2hakodate6.pdf,official_daily_result_pdf
201703010101,2017,福島,1,1,1,2017-04-08,https://www.jra.go.jp/datafile/seiseki/report/2017/2017-1fukushima1.pdf,official_daily_result_pdf
201703010102,2017,福島,1,1,2,2017-04-08,https://www.jra.go.jp/datafile/seiseki/report/2017/2017-1fukushima1.pdf,official_daily_result_pdf
201703010103,2017,福島,1,1,3,2017-04-08,https://www.jra.go.jp/datafile/seiseki/report/2017/2017-1fukushima1.pdf,official_daily_result_pdf
201703010104,2017,福島,1,1,4,2017-04-08,https://www.jra.go.jp/datafile/seiseki/report/2017/2017-1fukushima1.pdf,official_daily_result_pdf
201703010105,2017,福島,1,1,5,2017-04-08,https://www.jra.go.jp/datafile/seiseki/report/2017/2017-1fukushima1.pdf,official_daily_result_pdf
201703010106,2017,福島,1,1,6,2017-04-08,https://www.jra.go.jp/datafile/seiseki/report/2017/2017-1fukushima1.pdf,official_daily_result_pdf
201703010107,2017,福島,1,1,7,2017-04-08,https://www.jra.go.jp/datafile/seiseki/report/2017/2017-1fukushima1.pdf,official_daily_result_pdf
201703010108,2017,福島,1,1,8,2017-04-08,https://www.jra.go.jp/datafile/seiseki/report/2017/2017-1fukushima1.pdf,official_daily_result_pdf
201703010109,2017,福島,1,1,9,2017-04-08,https://www.jra.go.jp/datafile/seiseki/report/2017/2017-1fukushima1.pdf,official_daily_result_pdf
201703010110,2017,福島,1,1,10,2017-04-08,https://www.jra.go.jp/datafile/seiseki/report/2017/2017-1fukushima1.pdf,official_daily_result_pdf
201703010111,2017,福島,1,1,11,2017-04-08,https://www.jra.go.jp/datafile/seiseki/report/2017/2017-1fukushima1.pdf,official_daily_result_pdf
201703010112,2017,福島,1,1,12,2017-04-08,https://www.jra.go.jp/datafile/seiseki/report/2017/2017-1fukushima1.pdf,official_daily_result_pdf
201703010201,2017,福島,1,2,1,2017-04-09,https://www.jra.go.jp/datafile/seiseki/report/2017/2017-1fukushima2.pdf,official_daily_result_pdf
201703010202,2017,福島,1,2,2,2017-04-09,https://www.jra.go.jp/datafile/seiseki/report/2017/2017-1fukushima2.pdf,official_daily_result_pdf
201703010203,2017,福島,1,2,3,2017-04-09,https://www.jra.go.jp/datafile/seiseki/report/2017/2017-1fukushima2.pdf,official_daily_result_pdf
201703010204,2017,福島,1,2,4,2017-04-09,https://www.jra.go.jp/datafile/seiseki/report/2017/2017-1fukushima2.pdf,official_daily_result_pdf
201703010205,2017,福島,1,2,5,2017-04-09,https://www.jra.go.jp/datafile/seiseki/report/2017/2017-1fukushima2.pdf,official_daily_result_pdf
201703010206,2017,福島,1,2,6,2017-04-09,https://www.jra.go.jp/datafile/seiseki/report/2017/2017-1fukushima2.pdf,official_daily_result_pdf
201703010207,2017,福島,1,2,7,2017-04-09,https://www.jra.go.jp/datafile/seiseki/report/2017/2017-1fukushima2.pdf,official_daily_result_pdf
201703010208,2017,福島,1,2,8,2017-04-09,https://www.jra.go.jp/datafile/seiseki/report/2017/2017-1fukushima2.pdf,official_daily_result_pdf
201703010209,2017,福島,1,2,9,2017-04-09,https://www.jra.go.jp/datafile/seiseki/report/2017/2017-1fukushima2.pdf,official_daily_result_pdf
201703010210,2017,福島,1,2,10,2017-04-09,https://www.jra.go.jp/datafile/seiseki/report/2017/2017-1fukushima2.pdf,official_daily_result_pdf
201703010211,2017,福島,1,2,11,2017-04-09,https://www.jra.go.jp/datafile/seiseki/report/2017/2017-1fukushima2.pdf,official_daily_result_pdf
201703010212,2017,福島,1,2,12,2017-04-09,https://www.jra.go.jp/datafile/seiseki/report/2017/2017-1fukushima2.pdf,official_daily_result_pdf
201703010301,2017,福島,1,3,1,2017-04-15,https://www.jra.go.jp/datafile/seiseki/report/2017/2017-1fukushima3.pdf,official_daily_result_pdf
201703010302,2017,福島,1,3,2,2017-04-15,https://www.jra.go.jp/datafile/seiseki/report/2017/2017-1fukushima3.pdf,official_daily_result_pdf
201703010303,2017,福島,1,3,3,2017-04-15,https://www.jra.go.jp/datafile/seiseki/report/2017/2017-1fukushima3.pdf,official_daily_result_pdf
201703010304,2017,福島,1,3,4,2017-04-15,https://www.jra.go.jp/datafile/seiseki/report/2017/2017-1fukushima3.pdf,official_daily_result_pdf
201703010305,2017,福島,1,3,5,2017-04-15,https://www.jra.go.jp/datafile/seiseki/report/2017/2017-1fukushima3.pdf,official_daily_result_pdf
201703010306,2017,福島,1,3,6,2017-04-15,https://www.jra.go.jp/datafile/seiseki/report/2017/2017-1fukushima3.pdf,official_daily_result_pdf
201703010307,2017,福島,1,3,7,2017-04-15,https://www.jra.go.jp/datafile/seiseki/report/2017/2017-1fukushima3.pdf,official_daily_result_pdf
201703010308,2017,福島,1,3,8,2017-04-15,https://www.jra.go.jp/datafile/seiseki/report/2017/2017-1fukushima3.pdf,official_daily_result_pdf
201703010309,2017,福島,1,3,9,2017-04-15,https://www.jra.go.jp/datafile/seiseki/report/2017/2017-1fukushima3.pdf,official_daily_result_pdf
201703010310,2017,福島,1,3,10,2017-04-15,https://www.jra.go.jp/datafile/seiseki/report/2017/2017-1fukushima3.pdf,official_daily_result_pdf
201703010311,2017,福島,1,3,11,2017-04-15,https://www.jra.go.jp/datafile/seiseki/report/2017/2017-1fukushima3.pdf,official_daily_result_pdf
201703010312,2017,福島,1,3,12,2017-04-15,https://www.jra.go.jp/datafile/seiseki/report/2017/2017-1fukushima3.pdf,official_daily_result_pdf
201703010401,2017,福島,1,4,1,2017-04-16,https://www.jra.go.jp/datafile/seiseki/report/2017/2017-1fukushima4.pdf,official_daily_result_pdf
201703010402,2017,福島,1,4,2,2017-04-16,https://www.jra.go.jp/datafile/seiseki/report/2017/2017-1fukushima4.pdf,official_daily_result_pdf
201703010403,2017,福島,1,4,3,2017-04-16,https://www.jra.go.jp/datafile/seiseki/report/2017/2017-1fukushima4.pdf,official_daily_result_pdf
201703010404,2017,福島,1,4,4,2017-04-16,https://www.jra.go.jp/datafile/seiseki/report/2017/2017-1fukushima4.pdf,official_daily_result_pdf
201703010405,2017,福島,1,4,5,2017-04-16,https://www.jra.go.jp/datafile/seiseki/report/2017/2017-1fukushima4.pdf,official_daily_result_pdf
201703010406,2017,福島,1,4,6,2017-04-16,https://www.jra.go.jp/datafile/seiseki/report/2017/2017-1fukushima4.pdf,official_daily_result_pdf
201703010407,2017,福島,1,4,7,2017-04-16,https://www.jra.go.jp/datafile/seiseki/report/2017/2017-1fukushima4.pdf,official_daily_result_pdf
201703010408,2017,福島,1,4,8,2017-04-16,https://www.jra.go.jp/datafile/seiseki/report/2017/2017-1fukushima4.pdf,official_daily_result_pdf
201703010409,2017,福島,1,4,9,2017-04-16,https://www.jra.go.jp/datafile/seiseki/report/2017/2017-1fukushima4.pdf,official_daily_result_pdf
201703010410,2017,福島,1,4,10,2017-04-16,https://www.jra.go.jp/datafile/seiseki/report/2017/2017-1fukushima4.pdf,official_daily_result_pdf
201703010411,2017,福島,1,4,11,2017-04-16,https://www.jra.go.jp/datafile/seiseki/report/2017/2017-1fukushima4.pdf,official_daily_result_pdf
201703010412,2017,福島,1,4,12,2017-04-16,https://www.jra.go.jp/datafile/seiseki/report/2017/2017-1fukushima4.pdf,official_daily_result_pdf
201703010501,2017,福島,1,5,1,2017-04-22,https://www.jra.go.jp/datafile/seiseki/report/2017/2017-1fukushima5.pdf,official_daily_result_pdf
201703010502,2017,福島,1,5,2,2017-04-22,https://www.jra.go.jp/datafile/seiseki/report/2017/2017-1fukushima5.pdf,official_daily_result_pdf
201703010503,2017,福島,1,5,3,2017-04-22,https://www.jra.go.jp/datafile/seiseki/report/2017/2017-1fukushima5.pdf,official_daily_result_pdf
201703010504,2017,福島,1,5,4,2017-04-22,https://www.jra.go.jp/datafile/seiseki/report/2017/2017-1fukushima5.pdf,official_daily_result_pdf
201703010505,2017,福島,1,5,5,2017-04-22,https://www.jra.go.jp/datafile/seiseki/report/2017/2017-1fukushima5.pdf,official_daily_result_pdf
201703010506,2017,福島,1,5,6,2017-04-22,https://www.jra.go.jp/datafile/seiseki/report/2017/2017-1fukushima5.pdf,official_daily_result_pdf
201703010507,2017,福島,1,5,7,2017-04-22,https://www.jra.go.jp/datafile/seiseki/report/2017/2017-1fukushima5.pdf,official_daily_result_pdf
201703010508,2017,福島,1,5,8,2017-04-22,https://www.jra.go.jp/datafile/seiseki/report/2017/2017-1fukushima5.pdf,official_daily_result_pdf
201703010509,2017,福島,1,5,9,2017-04-22,https://www.jra.go.jp/datafile/seiseki/report/2017/2017-1fukushima5.pdf,official_daily_result_pdf
201703010510,2017,福島,1,5,10,2017-04-22,https://www.jra.go.jp/datafile/seiseki/report/2017/2017-1fukushima5.pdf,official_daily_result_pdf
201703010511,2017,福島,1,5,11,2017-04-22,https://www.jra.go.jp/datafile/seiseki/report/2017/2017-1fukushima5.pdf,official_daily_result_pdf
201703010512,2017,福島,1,5,12,2017-04-22,https://www.jra.go.jp/datafile/seiseki/report/2017/2017-1fukushima5.pdf,official_daily_result_pdf
201703010601,2017,福島,1,6,1,2017-04-23,https://www.jra.go.jp/datafile/seiseki/report/2017/2017-1fukushima6.pdf,official_daily_result_pdf
201703010602,2017,福島,1,6,2,2017-04-23,https://www.jra.go.jp/datafile/seiseki/report/2017/2017-1fukushima6.pdf,official_daily_result_pdf
201703010603,2017,福島,1,6,3,2017-04-23,https://www.jra.go.jp/datafile/seiseki/report/2017/2017-1fukushima6.pdf,official_daily_result_pdf
201703010604,2017,福島,1,6,4,2017-04-23,https://www.jra.go.jp/datafile/seiseki/report/2017/2017-1fukushima6.pdf,official_daily_result_pdf
201703010605,2017,福島,1,6,5,2017-04-23,https://www.jra.go.jp/datafile/seiseki/report/2017/2017-1fukushima6.pdf,official_daily_result_pdf
201703010606,2017,福島,1,6,6,2017-04-23,https://www.jra.go.jp/datafile/seiseki/report/2017/2017-1fukushima6.pdf,official_daily_result_pdf
201703010607,2017,福島,1,6,7,2017-04-23,https://www.jra.go.jp/datafile/seiseki/report/2017/2017-1fukushima6.pdf,official_daily_result_pdf
201703010608,2017,福島,1,6,8,2017-04-23,https://www.jra.go.jp/datafile/seiseki/report/2017/2017-1fukushima6.pdf,official_daily_result_pdf
201703010609,2017,福島,1,6,9,2017-04-23,https://www.jra.go.jp/datafile/seiseki/report/2017/2017-1fukushima6.pdf,official_daily_result_pdf
201703010610,2017,福島,1,6,10,2017-04-23,https://www.jra.go.jp/datafile/seiseki/report/2017/2017-1fukushima6.pdf,official_daily_result_pdf
201703010611,2017,福島,1,6,11,2017-04-23,https://www.jra.go.jp/datafile/seiseki/report/2017/2017-1fukushima6.pdf,official_daily_result_pdf
201703010612,2017,福島,1,6,12,2017-04-23,https://www.jra.go.jp/datafile/seiseki/report/2017/2017-1fukushima6.pdf,official_daily_result_pdf
201703020101,2017,福島,2,1,1,2017-07-01,https://www.jra.go.jp/datafile/seiseki/report/2017/2017-2fukushima1.pdf,official_daily_result_pdf
201703020102,2017,福島,2,1,2,2017-07-01,https://www.jra.go.jp/datafile/seiseki/report/2017/2017-2fukushima1.pdf,official_daily_result_pdf
201703020103,2017,福島,2,1,3,2017-07-01,https://www.jra.go.jp/datafile/seiseki/report/2017/2017-2fukushima1.pdf,official_daily_result_pdf
201703020104,2017,福島,2,1,4,2017-07-01,https://www.jra.go.jp/datafile/seiseki/report/2017/2017-2fukushima1.pdf,official_daily_result_pdf
201703020105,2017,福島,2,1,5,2017-07-01,https://www.jra.go.jp/datafile/seiseki/report/2017/2017-2fukushima1.pdf,official_daily_result_pdf
201703020106,2017,福島,2,1,6,2017-07-01,https://www.jra.go.jp/datafile/seiseki/report/2017/2017-2fukushima1.pdf,official_daily_result_pdf
201703020107,2017,福島,2,1,7,2017-07-01,https://www.jra.go.jp/datafile/seiseki/report/2017/2017-2fukushima1.pdf,official_daily_result_pdf
201703020108,2017,福島,2,1,8,2017-07-01,https://www.jra.go.jp/datafile/seiseki/report/2017/2017-2fukushima1.pdf,official_daily_result_pdf
201703020109,2017,福島,2,1,9,2017-07-01,https://www.jra.go.jp/datafile/seiseki/report/2017/2017-2fukushima1.pdf,official_daily_result_pdf
201703020110,2017,福島,2,1,10,2017-07-01,https://www.jra.go.jp/datafile/seiseki/report/2017/2017-2fukushima1.pdf,official_daily_result_pdf
201703020111,2017,福島,2,1,11,2017-07-01,https://www.jra.go.jp/datafile/seiseki/report/2017/2017-2fukushima1.pdf,official_daily_result_pdf
201703020112,2017,福島,2,1,12,2017-07-01,https://www.jra.go.jp/datafile/seiseki/report/2017/2017-2fukushima1.pdf,official_daily_result_pdf
201703020201,2017,福島,2,2,1,2017-07-02,https://www.jra.go.jp/datafile/seiseki/report/2017/2017-2fukushima2.pdf,official_daily_result_pdf
201703020202,2017,福島,2,2,2,2017-07-02,https://www.jra.go.jp/datafile/seiseki/report/2017/2017-2fukushima2.pdf,official_daily_result_pdf
201703020203,2017,福島,2,2,3,2017-07-02,https://www.jra.go.jp/datafile/seiseki/report/2017/2017-2fukushima2.pdf,official_daily_result_pdf
201703020204,2017,福島,2,2,4,2017-07-02,https://www.jra.go.jp/datafile/seiseki/report/2017/2017-2fukushima2.pdf,official_daily_result_pdf
201703020205,2017,福島,2,2,5,2017-07-02,https://www.jra.go.jp/datafile/seiseki/report/2017/2017-2fukushima2.pdf,official_daily_result_pdf
201703020206,2017,福島,2,2,6,2017-07-02,https://www.jra.go.jp/datafile/seiseki/report/2017/2017-2fukushima2.pdf,official_daily_result_pdf
201703020207,2017,福島,2,2,7,2017-07-02,https://www.jra.go.jp/datafile/seiseki/report/2017/2017-2fukushima2.pdf,official_daily_result_pdf
201703020208,2017,福島,2,2,8,2017-07-02,https://www.jra.go.jp/datafile/seiseki/report/2017/2017-2fukushima2.pdf,official_daily_result_pdf
201703020209,2017,福島,2,2,9,2017-07-02,https://www.jra.go.jp/datafile/seiseki/report/2017/2017-2fukushima2.pdf,official_daily_result_pdf
201703020210,2017,福島,2,2,10,2017-07-02,https://www.jra.go.jp/datafile/seiseki/report/2017/2017-2fukushima2.pdf,official_daily_result_pdf
201703020211,2017,福島,2,2,11,2017-07-02,https://www.jra.go.jp/datafile/seiseki/report/2017/2017-2fukushima2.pdf,official_daily_result_pdf
201703020212,2017,福島,2,2,12,2017-07-02,https://www.jra.go.jp/datafile/seiseki/report/2017/2017-2fukushima2.pdf,official_daily_result_pdf
201703020301,2017,福島,2,3,1,2017-07-08,https://www.jra.go.jp/datafile/seiseki/report/2017/2017-2fukushima3.pdf,official_daily_result_pdf
201703020302,2017,福島,2,3,2,2017-07-08,https://www.jra.go.jp/datafile/seiseki/report/2017/2017-2fukushima3.pdf,official_daily_result_pdf
201703020303,2017,福島,2,3,3,2017-07-08,https://www.jra.go.jp/datafile/seiseki/report/2017/2017-2fukushima3.pdf,official_daily_result_pdf
201703020304,2017,福島,2,3,4,2017-07-08,https://www.jra.go.jp/datafile/seiseki/report/2017/2017-2fukushima3.pdf,official_daily_result_pdf
201703020305,2017,福島,2,3,5,2017-07-08,https://www.jra.go.jp/datafile/seiseki/report/2017/2017-2fukushima3.pdf,official_daily_result_pdf
201703020306,2017,福島,2,3,6,2017-07-08,https://www.jra.go.jp/datafile/seiseki/report/2017/2017-2fukushima3.pdf,official_daily_result_pdf
201703020307,2017,福島,2,3,7,2017-07-08,https://www.jra.go.jp/datafile/seiseki/report/2017/2017-2fukushima3.pdf,official_daily_result_pdf
201703020308,2017,福島,2,3,8,2017-07-08,https://www.jra.go.jp/datafile/seiseki/report/2017/2017-2fukushima3.pdf,official_daily_result_pdf
201703020309,2017,福島,2,3,9,2017-07-08,https://www.jra.go.jp/datafile/seiseki/report/2017/2017-2fukushima3.pdf,official_daily_result_pdf
201703020310,2017,福島,2,3,10,2017-07-08,https://www.jra.go.jp/datafile/seiseki/report/2017/2017-2fukushima3.pdf,official_daily_result_pdf
201703020311,2017,福島,2,3,11,2017-07-08,https://www.jra.go.jp/datafile/seiseki/report/2017/2017-2fukushima3.pdf,official_daily_result_pdf
201703020312,2017,福島,2,3,12,2017-07-08,https://www.jra.go.jp/datafile/seiseki/report/2017/2017-2fukushima3.pdf,official_daily_result_pdf
201703020401,2017,福島,2,4,1,2017-07-09,https://www.jra.go.jp/datafile/seiseki/report/2017/2017-2fukushima4.pdf,official_daily_result_pdf
201703020402,2017,福島,2,4,2,2017-07-09,https://www.jra.go.jp/datafile/seiseki/report/2017/2017-2fukushima4.pdf,official_daily_result_pdf
201703020403,2017,福島,2,4,3,2017-07-09,https://www.jra.go.jp/datafile/seiseki/report/2017/2017-2fukushima4.pdf,official_daily_result_pdf
201703020404,2017,福島,2,4,4,2017-07-09,https://www.jra.go.jp/datafile/seiseki/report/2017/2017-2fukushima4.pdf,official_daily_result_pdf
201703020405,2017,福島,2,4,5,2017-07-09,https://www.jra.go.jp/datafile/seiseki/report/2017/2017-2fukushima4.pdf,official_daily_result_pdf
201703020406,2017,福島,2,4,6,2017-07-09,https://www.jra.go.jp/datafile/seiseki/report/2017/2017-2fukushima4.pdf,official_daily_result_pdf
201703020407,2017,福島,2,4,7,2017-07-09,https://www.jra.go.jp/datafile/seiseki/report/2017/2017-2fukushima4.pdf,official_daily_result_pdf
201703020408,2017,福島,2,4,8,2017-07-09,https://www.jra.go.jp/datafile/seiseki/report/2017/2017-2fukushima4.pdf,official_daily_result_pdf
201703020409,2017,福島,2,4,9,2017-07-09,https://www.jra.go.jp/datafile/seiseki/report/2017/2017-2fukushima4.pdf,official_daily_result_pdf
201703020410,2017,福島,2,4,10,2017-07-09,https://www.jra.go.jp/datafile/seiseki/report/2017/2017-2fukushima4.pdf,official_daily_result_pdf
201703020411,2017,福島,2,4,11,2017-07-09,https://www.jra.go.jp/datafile/seiseki/report/2017/2017-2fukushima4.pdf,official_daily_result_pdf
201703020412,2017,福島,2,4,12,2017-07-09,https://www.jra.go.jp/datafile/seiseki/report/2017/2017-2fukushima4.pdf,official_daily_result_pdf
201703020501,2017,福島,2,5,1,2017-07-15,https://www.jra.go.jp/datafile/seiseki/report/2017/2017-2fukushima5.pdf,official_daily_result_pdf
201703020502,2017,福島,2,5,2,2017-07-15,https://www.jra.go.jp/datafile/seiseki/report/2017/2017-2fukushima5.pdf,official_daily_result_pdf
201703020503,2017,福島,2,5,3,2017-07-15,https://www.jra.go.jp/datafile/seiseki/report/2017/2017-2fukushima5.pdf,official_daily_result_pdf
201703020504,2017,福島,2,5,4,2017-07-15,https://www.jra.go.jp/datafile/seiseki/report/2017/2017-2fukushima5.pdf,official_daily_result_pdf
201703020505,2017,福島,2,5,5,2017-07-15,https://www.jra.go.jp/datafile/seiseki/report/2017/2017-2fukushima5.pdf,official_daily_result_pdf
201703020506,2017,福島,2,5,6,2017-07-15,https://www.jra.go.jp/datafile/seiseki/report/2017/2017-2fukushima5.pdf,official_daily_result_pdf
201703020507,2017,福島,2,5,7,2017-07-15,https://www.jra.go.jp/datafile/seiseki/report/2017/2017-2fukushima5.pdf,official_daily_result_pdf
201703020508,2017,福島,2,5,8,2017-07-15,https://www.jra.go.jp/datafile/seiseki/report/2017/2017-2fukushima5.pdf,official_daily_result_pdf
201703020509,2017,福島,2,5,9,2017-07-15,https://www.jra.go.jp/datafile/seiseki/report/2017/2017-2fukushima5.pdf,official_daily_result_pdf
201703020510,2017,福島,2,5,10,2017-07-15,https://www.jra.go.jp/datafile/seiseki/report/2017/2017-2fukushima5.pdf,official_daily_result_pdf
201703020511,2017,福島,2,5,11,2017-07-15,https://www.jra.go.jp/datafile/seiseki/report/2017/2017-2fukushima5.pdf,official_daily_result_pdf
201703020512,2017,福島,2,5,12,2017-07-15,https://www.jra.go.jp/datafile/seiseki/report/2017/2017-2fukushima5.pdf,official_daily_result_pdf
201703020601,2017,福島,2,6,1,2017-07-16,https://www.jra.go.jp/datafile/seiseki/report/2017/2017-2fukushima6.pdf,official_daily_result_pdf
201703020602,2017,福島,2,6,2,2017-07-16,https://www.jra.go.jp/datafile/seiseki/report/2017/2017-2fukushima6.pdf,official_daily_result_pdf
201703020603,2017,福島,2,6,3,2017-07-16,https://www.jra.go.jp/datafile/seiseki/report/2017/2017-2fukushima6.pdf,official_daily_result_pdf
201703020604,2017,福島,2,6,4,2017-07-16,https://www.jra.go.jp/datafile/seiseki/report/2017/2017-2fukushima6.pdf,official_daily_result_pdf
201703020605,2017,福島,2,6,5,2017-07-16,https://www.jra.go.jp/datafile/seiseki/report/2017/2017-2fukushima6.pdf,official_daily_result_pdf
201703020606,2017,福島,2,6,6,2017-07-16,https://www.jra.go.jp/datafile/seiseki/report/2017/2017-2fukushima6.pdf,official_daily_result_pdf
201703020607,2017,福島,2,6,7,2017-07-16,https://www.jra.go.jp/datafile/seiseki/report/2017/2017-2fukushima6.pdf,official_daily_result_pdf
201703020608,2017,福島,2,6,8,2017-07-16,https://www.jra.go.jp/datafile/seiseki/report/2017/2017-2fukushima6.pdf,official_daily_result_pdf
201703020609,2017,福島,2,6,9,2017-07-16,https://www.jra.go.jp/datafile/seiseki/report/2017/2017-2fukushima6.pdf,official_daily_result_pdf
201703020610,2017,福島,2,6,10,2017-07-16,https://www.jra.go.jp/datafile/seiseki/report/2017/2017-2fukushima6.pdf,official_daily_result_pdf
201703020611,2017,福島,2,6,11,2017-07-16,https://www.jra.go.jp/datafile/seiseki/report/2017/2017-2fukushima6.pdf,official_daily_result_pdf
201703020612,2017,福島,2,6,12,2017-07-16,https://www.jra.go.jp/datafile/seiseki/report/2017/2017-2fukushima6.pdf,official_daily_result_pdf
201703020701,2017,福島,2,7,1,2017-07-22,https://www.jra.go.jp/datafile/seiseki/report/2017/2017-2fukushima7.pdf,official_daily_result_pdf
201703020702,2017,福島,2,7,2,2017-07-22,https://www.jra.go.jp/datafile/seiseki/report/2017/2017-2fukushima7.pdf,official_daily_result_pdf
201703020703,2017,福島,2,7,3,2017-07-22,https://www.jra.go.jp/datafile/seiseki/report/2017/2017-2fukushima7.pdf,official_daily_result_pdf
201703020704,2017,福島,2,7,4,2017-07-22,https://www.jra.go.jp/datafile/seiseki/report/2017/2017-2fukushima7.pdf,official_daily_result_pdf
201703020705,2017,福島,2,7,5,2017-07-22,https://www.jra.go.jp/datafile/seiseki/report/2017/2017-2fukushima7.pdf,official_daily_result_pdf
201703020706,2017,福島,2,7,6,2017-07-22,https://www.jra.go.jp/datafile/seiseki/report/2017/2017-2fukushima7.pdf,official_daily_result_pdf
201703020707,2017,福島,2,7,7,2017-07-22,https://www.jra.go.jp/datafile/seiseki/report/2017/2017-2fukushima7.pdf,official_daily_result_pdf
201703020708,2017,福島,2,7,8,2017-07-22,https://www.jra.go.jp/datafile/seiseki/report/2017/2017-2fukushima7.pdf,official_daily_result_pdf
201703020709,2017,福島,2,7,9,2017-07-22,https://www.jra.go.jp/datafile/seiseki/report/2017/2017-2fukushima7.pdf,official_daily_result_pdf
201703020710,2017,福島,2,7,10,2017-07-22,https://www.jra.go.jp/datafile/seiseki/report/2017/2017-2fukushima7.pdf,official_daily_result_pdf
201703020711,2017,福島,2,7,11,2017-07-22,https://www.jra.go.jp/datafile/seiseki/report/2017/2017-2fukushima7.pdf,official_daily_result_pdf
201703020712,2017,福島,2,7,12,2017-07-22,https://www.jra.go.jp/datafile/seiseki/report/2017/2017-2fukushima7.pdf,official_daily_result_pdf
201703020801,2017,福島,2,8,1,2017-07-23,https://www.jra.go.jp/datafile/seiseki/report/2017/2017-2fukushima8.pdf,official_daily_result_pdf
201703020802,2017,福島,2,8,2,2017-07-23,https://www.jra.go.jp/datafile/seiseki/report/2017/2017-2fukushima8.pdf,official_daily_result_pdf
201703020803,2017,福島,2,8,3,2017-07-23,https://www.jra.go.jp/datafile/seiseki/report/2017/2017-2fukushima8.pdf,official_daily_result_pdf
201703020804,2017,福島,2,8,4,2017-07-23,https://www.jra.go.jp/datafile/seiseki/report/2017/2017-2fukushima8.pdf,official_daily_result_pdf
201703020805,2017,福島,2,8,5,2017-07-23,https://www.jra.go.jp/datafile/seiseki/report/2017/2017-2fukushima8.pdf,official_daily_result_pdf
201703020806,2017,福島,2,8,6,2017-07-23,https://www.jra.go.jp/datafile/seiseki/report/2017/2017-2fukushima8.pdf,official_daily_result_pdf
201703020807,2017,福島,2,8,7,2017-07-23,https://www.jra.go.jp/datafile/seiseki/report/2017/2017-2fukushima8.pdf,official_daily_result_pdf
201703020808,2017,福島,2,8,8,2017-07-23,https://www.jra.go.jp/datafile/seiseki/report/2017/2017-2fukushima8.pdf,official_daily_result_pdf
201703020809,2017,福島,2,8,9,2017-07-23,https://www.jra.go.jp/datafile/seiseki/report/2017/2017-2fukushima8.pdf,official_daily_result_pdf
201703020810,2017,福島,2,8,10,2017-07-23,https://www.jra.go.jp/datafile/seiseki/report/2017/2017-2fukushima8.pdf,official_daily_result_pdf
201703020811,2017,福島,2,8,11,2017-07-23,https://www.jra.go.jp/datafile/seiseki/report/2017/2017-2fukushima8.pdf,official_daily_result_pdf
201703020812,2017,福島,2,8,12,2017-07-23,https://www.jra.go.jp/datafile/seiseki/report/2017/2017-2fukushima8.pdf,official_daily_result_pdf
201703030101,2017,福島,3,1,1,2017-11-03,https://www.jra.go.jp/datafile/seiseki/report/2017/2017-3fukushima1.pdf,official_daily_result_pdf
201703030102,2017,福島,3,1,2,2017-11-03,https://www.jra.go.jp/datafile/seiseki/report/2017/2017-3fukushima1.pdf,official_daily_result_pdf
201703030103,2017,福島,3,1,3,2017-11-03,https://www.jra.go.jp/datafile/seiseki/report/2017/2017-3fukushima1.pdf,official_daily_result_pdf
201703030104,2017,福島,3,1,4,2017-11-03,https://www.jra.go.jp/datafile/seiseki/report/2017/2017-3fukushima1.pdf,official_daily_result_pdf
201703030105,2017,福島,3,1,5,2017-11-03,https://www.jra.go.jp/datafile/seiseki/report/2017/2017-3fukushima1.pdf,official_daily_result_pdf
201703030106,2017,福島,3,1,6,2017-11-03,https://www.jra.go.jp/datafile/seiseki/report/2017/2017-3fukushima1.pdf,official_daily_result_pdf
201703030107,2017,福島,3,1,7,2017-11-03,https://www.jra.go.jp/datafile/seiseki/report/2017/2017-3fukushima1.pdf,official_daily_result_pdf
201703030108,2017,福島,3,1,8,2017-11-03,https://www.jra.go.jp/datafile/seiseki/report/2017/2017-3fukushima1.pdf,official_daily_result_pdf
201703030109,2017,福島,3,1,9,2017-11-03,https://www.jra.go.jp/datafile/seiseki/report/2017/2017-3fukushima1.pdf,official_daily_result_pdf
201703030110,2017,福島,3,1,10,2017-11-03,https://www.jra.go.jp/datafile/seiseki/report/2017/2017-3fukushima1.pdf,official_daily_result_pdf
201703030111,2017,福島,3,1,11,2017-11-03,https://www.jra.go.jp/datafile/seiseki/report/2017/2017-3fukushima1.pdf,official_daily_result_pdf
201703030112,2017,福島,3,1,12,2017-11-03,https://www.jra.go.jp/datafile/seiseki/report/2017/2017-3fukushima1.pdf,official_daily_result_pdf
201703030201,2017,福島,3,2,1,2017-11-04,https://www.jra.go.jp/datafile/seiseki/report/2017/2017-3fukushima2.pdf,official_daily_result_pdf
201703030202,2017,福島,3,2,2,2017-11-04,https://www.jra.go.jp/datafile/seiseki/report/2017/2017-3fukushima2.pdf,official_daily_result_pdf
201703030203,2017,福島,3,2,3,2017-11-04,https://www.jra.go.jp/datafile/seiseki/report/2017/2017-3fukushima2.pdf,official_daily_result_pdf
201703030204,2017,福島,3,2,4,2017-11-04,https://www.jra.go.jp/datafile/seiseki/report/2017/2017-3fukushima2.pdf,official_daily_result_pdf
201703030205,2017,福島,3,2,5,2017-11-04,https://www.jra.go.jp/datafile/seiseki/report/2017/2017-3fukushima2.pdf,official_daily_result_pdf
201703030206,2017,福島,3,2,6,2017-11-04,https://www.jra.go.jp/datafile/seiseki/report/2017/2017-3fukushima2.pdf,official_daily_result_pdf
201703030207,2017,福島,3,2,7,2017-11-04,https://www.jra.go.jp/datafile/seiseki/report/2017/2017-3fukushima2.pdf,official_daily_result_pdf
201703030208,2017,福島,3,2,8,2017-11-04,https://www.jra.go.jp/datafile/seiseki/report/2017/2017-3fukushima2.pdf,official_daily_result_pdf
201703030209,2017,福島,3,2,9,2017-11-04,https://www.jra.go.jp/datafile/seiseki/report/2017/2017-3fukushima2.pdf,official_daily_result_pdf
201703030210,2017,福島,3,2,10,2017-11-04,https://www.jra.go.jp/datafile/seiseki/report/2017/2017-3fukushima2.pdf,official_daily_result_pdf
201703030211,2017,福島,3,2,11,2017-11-04,https://www.jra.go.jp/datafile/seiseki/report/2017/2017-3fukushima2.pdf,official_daily_result_pdf
201703030212,2017,福島,3,2,12,2017-11-04,https://www.jra.go.jp/datafile/seiseki/report/2017/2017-3fukushima2.pdf,official_daily_result_pdf
201703030301,2017,福島,3,3,1,2017-11-11,https://www.jra.go.jp/datafile/seiseki/report/2017/2017-3fukushima3.pdf,official_daily_result_pdf
201703030302,2017,福島,3,3,2,2017-11-11,https://www.jra.go.jp/datafile/seiseki/report/2017/2017-3fukushima3.pdf,official_daily_result_pdf
201703030303,2017,福島,3,3,3,2017-11-11,https://www.jra.go.jp/datafile/seiseki/report/2017/2017-3fukushima3.pdf,official_daily_result_pdf
201703030304,2017,福島,3,3,4,2017-11-11,https://www.jra.go.jp/datafile/seiseki/report/2017/2017-3fukushima3.pdf,official_daily_result_pdf
201703030305,2017,福島,3,3,5,2017-11-11,https://www.jra.go.jp/datafile/seiseki/report/2017/2017-3fukushima3.pdf,official_daily_result_pdf
201703030306,2017,福島,3,3,6,2017-11-11,https://www.jra.go.jp/datafile/seiseki/report/2017/2017-3fukushima3.pdf,official_daily_result_pdf
201703030307,2017,福島,3,3,7,2017-11-11,https://www.jra.go.jp/datafile/seiseki/report/2017/2017-3fukushima3.pdf,official_daily_result_pdf
201703030308,2017,福島,3,3,8,2017-11-11,https://www.jra.go.jp/datafile/seiseki/report/2017/2017-3fukushima3.pdf,official_daily_result_pdf
201703030309,2017,福島,3,3,9,2017-11-11,https://www.jra.go.jp/datafile/seiseki/report/2017/2017-3fukushima3.pdf,official_daily_result_pdf
201703030310,2017,福島,3,3,10,2017-11-11,https://www.jra.go.jp/datafile/seiseki/report/2017/2017-3fukushima3.pdf,official_daily_result_pdf
201703030311,2017,福島,3,3,11,2017-11-11,https://www.jra.go.jp/datafile/seiseki/report/2017/2017-3fukushima3.pdf,official_daily_result_pdf
201703030312,2017,福島,3,3,12,2017-11-11,https://www.jra.go.jp/datafile/seiseki/report/2017/2017-3fukushima3.pdf,official_daily_result_pdf
201703030401,2017,福島,3,4,1,2017-11-12,https://www.jra.go.jp/datafile/seiseki/report/2017/2017-3fukushima4.pdf,official_daily_result_pdf
201703030402,2017,福島,3,4,2,2017-11-12,https://www.jra.go.jp/datafile/seiseki/report/2017/2017-3fukushima4.pdf,official_daily_result_pdf
201703030403,2017,福島,3,4,3,2017-11-12,https://www.jra.go.jp/datafile/seiseki/report/2017/2017-3fukushima4.pdf,official_daily_result_pdf
201703030404,2017,福島,3,4,4,2017-11-12,https://www.jra.go.jp/datafile/seiseki/report/2017/2017-3fukushima4.pdf,official_daily_result_pdf
201703030405,2017,福島,3,4,5,2017-11-12,https://www.jra.go.jp/datafile/seiseki/report/2017/2017-3fukushima4.pdf,official_daily_result_pdf
201703030406,2017,福島,3,4,6,2017-11-12,https://www.jra.go.jp/datafile/seiseki/report/2017/2017-3fukushima4.pdf,official_daily_result_pdf
201703030407,2017,福島,3,4,7,2017-11-12,https://www.jra.go.jp/datafile/seiseki/report/2017/2017-3fukushima4.pdf,official_daily_result_pdf
201703030408,2017,福島,3,4,8,2017-11-12,https://www.jra.go.jp/datafile/seiseki/report/2017/2017-3fukushima4.pdf,official_daily_result_pdf
201703030409,2017,福島,3,4,9,2017-11-12,https://www.jra.go.jp/datafile/seiseki/report/2017/2017-3fukushima4.pdf,official_daily_result_pdf
201703030410,2017,福島,3,4,10,2017-11-12,https://www.jra.go.jp/datafile/seiseki/report/2017/2017-3fukushima4.pdf,official_daily_result_pdf
201703030411,2017,福島,3,4,11,2017-11-12,https://www.jra.go.jp/datafile/seiseki/report/2017/2017-3fukushima4.pdf,official_daily_result_pdf
201703030412,2017,福島,3,4,12,2017-11-12,https://www.jra.go.jp/datafile/seiseki/report/2017/2017-3fukushima4.pdf,official_daily_result_pdf
201703030501,2017,福島,3,5,1,2017-11-18,https://www.jra.go.jp/datafile/seiseki/report/2017/2017-3fukushima5.pdf,official_daily_result_pdf
201703030502,2017,福島,3,5,2,2017-11-18,https://www.jra.go.jp/datafile/seiseki/report/2017/2017-3fukushima5.pdf,official_daily_result_pdf
201703030503,2017,福島,3,5,3,2017-11-18,https://www.jra.go.jp/datafile/seiseki/report/2017/2017-3fukushima5.pdf,official_daily_result_pdf
201703030504,2017,福島,3,5,4,2017-11-18,https://www.jra.go.jp/datafile/seiseki/report/2017/2017-3fukushima5.pdf,official_daily_result_pdf
201703030505,2017,福島,3,5,5,2017-11-18,https://www.jra.go.jp/datafile/seiseki/report/2017/2017-3fukushima5.pdf,official_daily_result_pdf
201703030506,2017,福島,3,5,6,2017-11-18,https://www.jra.go.jp/datafile/seiseki/report/2017/2017-3fukushima5.pdf,official_daily_result_pdf
201703030507,2017,福島,3,5,7,2017-11-18,https://www.jra.go.jp/datafile/seiseki/report/2017/2017-3fukushima5.pdf,official_daily_result_pdf
201703030508,2017,福島,3,5,8,2017-11-18,https://www.jra.go.jp/datafile/seiseki/report/2017/2017-3fukushima5.pdf,official_daily_result_pdf
201703030509,2017,福島,3,5,9,2017-11-18,https://www.jra.go.jp/datafile/seiseki/report/2017/2017-3fukushima5.pdf,official_daily_result_pdf
201703030510,2017,福島,3,5,10,2017-11-18,https://www.jra.go.jp/datafile/seiseki/report/2017/2017-3fukushima5.pdf,official_daily_result_pdf
201703030511,2017,福島,3,5,11,2017-11-18,https://www.jra.go.jp/datafile/seiseki/report/2017/2017-3fukushima5.pdf,official_daily_result_pdf
201703030512,2017,福島,3,5,12,2017-11-18,https://www.jra.go.jp/datafile/seiseki/report/2017/2017-3fukushima5.pdf,official_daily_result_pdf
201703030601,2017,福島,3,6,1,2017-11-19,https://www.jra.go.jp/datafile/seiseki/report/2017/2017-3fukushima6.pdf,official_daily_result_pdf
201703030602,2017,福島,3,6,2,2017-11-19,https://www.jra.go.jp/datafile/seiseki/report/2017/2017-3fukushima6.pdf,official_daily_result_pdf
201703030603,2017,福島,3,6,3,2017-11-19,https://www.jra.go.jp/datafile/seiseki/report/2017/2017-3fukushima6.pdf,official_daily_result_pdf
201703030604,2017,福島,3,6,4,2017-11-19,https://www.jra.go.jp/datafile/seiseki/report/2017/2017-3fukushima6.pdf,official_daily_result_pdf
201703030605,2017,福島,3,6,5,2017-11-19,https://www.jra.go.jp/datafile/seiseki/report/2017/2017-3fukushima6.pdf,official_daily_result_pdf
201703030606,2017,福島,3,6,6,2017-11-19,https://www.jra.go.jp/datafile/seiseki/report/2017/2017-3fukushima6.pdf,official_daily_result_pdf
201703030607,2017,福島,3,6,7,2017-11-19,https://www.jra.go.jp/datafile/seiseki/report/2017/2017-3fukushima6.pdf,official_daily_result_pdf
201703030608,2017,福島,3,6,8,2017-11-19,https://www.jra.go.jp/datafile/seiseki/report/2017/2017-3fukushima6.pdf,official_daily_result_pdf
201703030609,2017,福島,3,6,9,2017-11-19,https://www.jra.go.jp/datafile/seiseki/report/2017/2017-3fukushima6.pdf,official_daily_result_pdf
201703030610,2017,福島,3,6,10,2017-11-19,https://www.jra.go.jp/datafile/seiseki/report/2017/2017-3fukushima6.pdf,official_daily_result_pdf
201703030611,2017,福島,3,6,11,2017-11-19,https://www.jra.go.jp/datafile/seiseki/report/2017/2017-3fukushima6.pdf,official_daily_result_pdf
201703030612,2017,福島,3,6,12,2017-11-19,https://www.jra.go.jp/datafile/seiseki/report/2017/2017-3fukushima6.pdf,official_daily_result_pdf
201704010101,2017,新潟,1,1,1,2017-04-29,https://www.jra.go.jp/datafile/seiseki/report/2017/2017-1niigata1.pdf,official_daily_result_pdf
201704010102,2017,新潟,1,1,2,2017-04-29,https://www.jra.go.jp/datafile/seiseki/report/2017/2017-1niigata1.pdf,official_daily_result_pdf
201704010103,2017,新潟,1,1,3,2017-04-29,https://www.jra.go.jp/datafile/seiseki/report/2017/2017-1niigata1.pdf,official_daily_result_pdf
201704010104,2017,新潟,1,1,4,2017-04-29,https://www.jra.go.jp/datafile/seiseki/report/2017/2017-1niigata1.pdf,official_daily_result_pdf
201704010105,2017,新潟,1,1,5,2017-04-29,https://www.jra.go.jp/datafile/seiseki/report/2017/2017-1niigata1.pdf,official_daily_result_pdf
201704010106,2017,新潟,1,1,6,2017-04-29,https://www.jra.go.jp/datafile/seiseki/report/2017/2017-1niigata1.pdf,official_daily_result_pdf
201704010107,2017,新潟,1,1,7,2017-04-29,https://www.jra.go.jp/datafile/seiseki/report/2017/2017-1niigata1.pdf,official_daily_result_pdf
201704010108,2017,新潟,1,1,8,2017-04-29,https://www.jra.go.jp/datafile/seiseki/report/2017/2017-1niigata1.pdf,official_daily_result_pdf
201704010109,2017,新潟,1,1,9,2017-04-29,https://www.jra.go.jp/datafile/seiseki/report/2017/2017-1niigata1.pdf,official_daily_result_pdf
201704010110,2017,新潟,1,1,10,2017-04-29,https://www.jra.go.jp/datafile/seiseki/report/2017/2017-1niigata1.pdf,official_daily_result_pdf
201704010111,2017,新潟,1,1,11,2017-04-29,https://www.jra.go.jp/datafile/seiseki/report/2017/2017-1niigata1.pdf,official_daily_result_pdf
201704010112,2017,新潟,1,1,12,2017-04-29,https://www.jra.go.jp/datafile/seiseki/report/2017/2017-1niigata1.pdf,official_daily_result_pdf
201704010201,2017,新潟,1,2,1,2017-04-30,https://www.jra.go.jp/datafile/seiseki/report/2017/2017-1niigata2.pdf,official_daily_result_pdf
201704010202,2017,新潟,1,2,2,2017-04-30,https://www.jra.go.jp/datafile/seiseki/report/2017/2017-1niigata2.pdf,official_daily_result_pdf
201704010203,2017,新潟,1,2,3,2017-04-30,https://www.jra.go.jp/datafile/seiseki/report/2017/2017-1niigata2.pdf,official_daily_result_pdf
201704010204,2017,新潟,1,2,4,2017-04-30,https://www.jra.go.jp/datafile/seiseki/report/2017/2017-1niigata2.pdf,official_daily_result_pdf
201704010205,2017,新潟,1,2,5,2017-04-30,https://www.jra.go.jp/datafile/seiseki/report/2017/2017-1niigata2.pdf,official_daily_result_pdf
201704010206,2017,新潟,1,2,6,2017-04-30,https://www.jra.go.jp/datafile/seiseki/report/2017/2017-1niigata2.pdf,official_daily_result_pdf
201704010207,2017,新潟,1,2,7,2017-04-30,https://www.jra.go.jp/datafile/seiseki/report/2017/2017-1niigata2.pdf,official_daily_result_pdf
201704010208,2017,新潟,1,2,8,2017-04-30,https://www.jra.go.jp/datafile/seiseki/report/2017/2017-1niigata2.pdf,official_daily_result_pdf
201704010209,2017,新潟,1,2,9,2017-04-30,https://www.jra.go.jp/datafile/seiseki/report/2017/2017-1niigata2.pdf,official_daily_result_pdf
201704010210,2017,新潟,1,2,10,2017-04-30,https://www.jra.go.jp/datafile/seiseki/report/2017/2017-1niigata2.pdf,official_daily_result_pdf
201704010211,2017,新潟,1,2,11,2017-04-30,https://www.jra.go.jp/datafile/seiseki/report/2017/2017-1niigata2.pdf,official_daily_result_pdf
201704010212,2017,新潟,1,2,12,2017-04-30,https://www.jra.go.jp/datafile/seiseki/report/2017/2017-1niigata2.pdf,official_daily_result_pdf
201704010301,2017,新潟,1,3,1,2017-05-06,https://www.jra.go.jp/datafile/seiseki/report/2017/2017-1niigata3.pdf,official_daily_result_pdf
201704010302,2017,新潟,1,3,2,2017-05-06,https://www.jra.go.jp/datafile/seiseki/report/2017/2017-1niigata3.pdf,official_daily_result_pdf
201704010303,2017,新潟,1,3,3,2017-05-06,https://www.jra.go.jp/datafile/seiseki/report/2017/2017-1niigata3.pdf,official_daily_result_pdf
201704010304,2017,新潟,1,3,4,2017-05-06,https://www.jra.go.jp/datafile/seiseki/report/2017/2017-1niigata3.pdf,official_daily_result_pdf
201704010305,2017,新潟,1,3,5,2017-05-06,https://www.jra.go.jp/datafile/seiseki/report/2017/2017-1niigata3.pdf,official_daily_result_pdf
201704010306,2017,新潟,1,3,6,2017-05-06,https://www.jra.go.jp/datafile/seiseki/report/2017/2017-1niigata3.pdf,official_daily_result_pdf
201704010307,2017,新潟,1,3,7,2017-05-06,https://www.jra.go.jp/datafile/seiseki/report/2017/2017-1niigata3.pdf,official_daily_result_pdf
201704010308,2017,新潟,1,3,8,2017-05-06,https://www.jra.go.jp/datafile/seiseki/report/2017/2017-1niigata3.pdf,official_daily_result_pdf
201704010309,2017,新潟,1,3,9,2017-05-06,https://www.jra.go.jp/datafile/seiseki/report/2017/2017-1niigata3.pdf,official_daily_result_pdf
201704010310,2017,新潟,1,3,10,2017-05-06,https://www.jra.go.jp/datafile/seiseki/report/2017/2017-1niigata3.pdf,official_daily_result_pdf
201704010311,2017,新潟,1,3,11,2017-05-06,https://www.jra.go.jp/datafile/seiseki/report/2017/2017-1niigata3.pdf,official_daily_result_pdf
201704010312,2017,新潟,1,3,12,2017-05-06,https://www.jra.go.jp/datafile/seiseki/report/2017/2017-1niigata3.pdf,official_daily_result_pdf
201704010401,2017,新潟,1,4,1,2017-05-07,https://www.jra.go.jp/datafile/seiseki/report/2017/2017-1niigata4.pdf,official_daily_result_pdf
201704010402,2017,新潟,1,4,2,2017-05-07,https://www.jra.go.jp/datafile/seiseki/report/2017/2017-1niigata4.pdf,official_daily_result_pdf
201704010403,2017,新潟,1,4,3,2017-05-07,https://www.jra.go.jp/datafile/seiseki/report/2017/2017-1niigata4.pdf,official_daily_result_pdf
201704010404,2017,新潟,1,4,4,2017-05-07,https://www.jra.go.jp/datafile/seiseki/report/2017/2017-1niigata4.pdf,official_daily_result_pdf
201704010405,2017,新潟,1,4,5,2017-05-07,https://www.jra.go.jp/datafile/seiseki/report/2017/2017-1niigata4.pdf,official_daily_result_pdf
201704010406,2017,新潟,1,4,6,2017-05-07,https://www.jra.go.jp/datafile/seiseki/report/2017/2017-1niigata4.pdf,official_daily_result_pdf
201704010407,2017,新潟,1,4,7,2017-05-07,https://www.jra.go.jp/datafile/seiseki/report/2017/2017-1niigata4.pdf,official_daily_result_pdf
201704010408,2017,新潟,1,4,8,2017-05-07,https://www.jra.go.jp/datafile/seiseki/report/2017/2017-1niigata4.pdf,official_daily_result_pdf
201704010409,2017,新潟,1,4,9,2017-05-07,https://www.jra.go.jp/datafile/seiseki/report/2017/2017-1niigata4.pdf,official_daily_result_pdf
201704010410,2017,新潟,1,4,10,2017-05-07,https://www.jra.go.jp/datafile/seiseki/report/2017/2017-1niigata4.pdf,official_daily_result_pdf
201704010411,2017,新潟,1,4,11,2017-05-07,https://www.jra.go.jp/datafile/seiseki/report/2017/2017-1niigata4.pdf,official_daily_result_pdf
201704010412,2017,新潟,1,4,12,2017-05-07,https://www.jra.go.jp/datafile/seiseki/report/2017/2017-1niigata4.pdf,official_daily_result_pdf
201704010501,2017,新潟,1,5,1,2017-05-13,https://www.jra.go.jp/datafile/seiseki/report/2017/2017-1niigata5.pdf,official_daily_result_pdf
201704010502,2017,新潟,1,5,2,2017-05-13,https://www.jra.go.jp/datafile/seiseki/report/2017/2017-1niigata5.pdf,official_daily_result_pdf
201704010503,2017,新潟,1,5,3,2017-05-13,https://www.jra.go.jp/datafile/seiseki/report/2017/2017-1niigata5.pdf,official_daily_result_pdf
201704010504,2017,新潟,1,5,4,2017-05-13,https://www.jra.go.jp/datafile/seiseki/report/2017/2017-1niigata5.pdf,official_daily_result_pdf
201704010505,2017,新潟,1,5,5,2017-05-13,https://www.jra.go.jp/datafile/seiseki/report/2017/2017-1niigata5.pdf,official_daily_result_pdf
201704010506,2017,新潟,1,5,6,2017-05-13,https://www.jra.go.jp/datafile/seiseki/report/2017/2017-1niigata5.pdf,official_daily_result_pdf
201704010507,2017,新潟,1,5,7,2017-05-13,https://www.jra.go.jp/datafile/seiseki/report/2017/2017-1niigata5.pdf,official_daily_result_pdf
201704010508,2017,新潟,1,5,8,2017-05-13,https://www.jra.go.jp/datafile/seiseki/report/2017/2017-1niigata5.pdf,official_daily_result_pdf
201704010509,2017,新潟,1,5,9,2017-05-13,https://www.jra.go.jp/datafile/seiseki/report/2017/2017-1niigata5.pdf,official_daily_result_pdf
201704010510,2017,新潟,1,5,10,2017-05-13,https://www.jra.go.jp/datafile/seiseki/report/2017/2017-1niigata5.pdf,official_daily_result_pdf
201704010511,2017,新潟,1,5,11,2017-05-13,https://www.jra.go.jp/datafile/seiseki/report/2017/2017-1niigata5.pdf,official_daily_result_pdf
201704010512,2017,新潟,1,5,12,2017-05-13,https://www.jra.go.jp/datafile/seiseki/report/2017/2017-1niigata5.pdf,official_daily_result_pdf
201704010601,2017,新潟,1,6,1,2017-05-14,https://www.jra.go.jp/datafile/seiseki/report/2017/2017-1niigata6.pdf,official_daily_result_pdf
201704010602,2017,新潟,1,6,2,2017-05-14,https://www.jra.go.jp/datafile/seiseki/report/2017/2017-1niigata6.pdf,official_daily_result_pdf
201704010603,2017,新潟,1,6,3,2017-05-14,https://www.jra.go.jp/datafile/seiseki/report/2017/2017-1niigata6.pdf,official_daily_result_pdf
201704010604,2017,新潟,1,6,4,2017-05-14,https://www.jra.go.jp/datafile/seiseki/report/2017/2017-1niigata6.pdf,official_daily_result_pdf
201704010605,2017,新潟,1,6,5,2017-05-14,https://www.jra.go.jp/datafile/seiseki/report/2017/2017-1niigata6.pdf,official_daily_result_pdf
201704010606,2017,新潟,1,6,6,2017-05-14,https://www.jra.go.jp/datafile/seiseki/report/2017/2017-1niigata6.pdf,official_daily_result_pdf
201704010607,2017,新潟,1,6,7,2017-05-14,https://www.jra.go.jp/datafile/seiseki/report/2017/2017-1niigata6.pdf,official_daily_result_pdf
201704010608,2017,新潟,1,6,8,2017-05-14,https://www.jra.go.jp/datafile/seiseki/report/2017/2017-1niigata6.pdf,official_daily_result_pdf
201704010609,2017,新潟,1,6,9,2017-05-14,https://www.jra.go.jp/datafile/seiseki/report/2017/2017-1niigata6.pdf,official_daily_result_pdf
201704010610,2017,新潟,1,6,10,2017-05-14,https://www.jra.go.jp/datafile/seiseki/report/2017/2017-1niigata6.pdf,official_daily_result_pdf
201704010611,2017,新潟,1,6,11,2017-05-14,https://www.jra.go.jp/datafile/seiseki/report/2017/2017-1niigata6.pdf,official_daily_result_pdf
201704010612,2017,新潟,1,6,12,2017-05-14,https://www.jra.go.jp/datafile/seiseki/report/2017/2017-1niigata6.pdf,official_daily_result_pdf
201704010701,2017,新潟,1,7,1,2017-05-20,https://www.jra.go.jp/datafile/seiseki/report/2017/2017-1niigata7.pdf,official_daily_result_pdf
201704010702,2017,新潟,1,7,2,2017-05-20,https://www.jra.go.jp/datafile/seiseki/report/2017/2017-1niigata7.pdf,official_daily_result_pdf
201704010703,2017,新潟,1,7,3,2017-05-20,https://www.jra.go.jp/datafile/seiseki/report/2017/2017-1niigata7.pdf,official_daily_result_pdf
201704010704,2017,新潟,1,7,4,2017-05-20,https://www.jra.go.jp/datafile/seiseki/report/2017/2017-1niigata7.pdf,official_daily_result_pdf
201704010705,2017,新潟,1,7,5,2017-05-20,https://www.jra.go.jp/datafile/seiseki/report/2017/2017-1niigata7.pdf,official_daily_result_pdf
201704010706,2017,新潟,1,7,6,2017-05-20,https://www.jra.go.jp/datafile/seiseki/report/2017/2017-1niigata7.pdf,official_daily_result_pdf
201704010707,2017,新潟,1,7,7,2017-05-20,https://www.jra.go.jp/datafile/seiseki/report/2017/2017-1niigata7.pdf,official_daily_result_pdf
201704010708,2017,新潟,1,7,8,2017-05-20,https://www.jra.go.jp/datafile/seiseki/report/2017/2017-1niigata7.pdf,official_daily_result_pdf
201704010709,2017,新潟,1,7,9,2017-05-20,https://www.jra.go.jp/datafile/seiseki/report/2017/2017-1niigata7.pdf,official_daily_result_pdf
201704010710,2017,新潟,1,7,10,2017-05-20,https://www.jra.go.jp/datafile/seiseki/report/2017/2017-1niigata7.pdf,official_daily_result_pdf
201704010711,2017,新潟,1,7,11,2017-05-20,https://www.jra.go.jp/datafile/seiseki/report/2017/2017-1niigata7.pdf,official_daily_result_pdf
201704010712,2017,新潟,1,7,12,2017-05-20,https://www.jra.go.jp/datafile/seiseki/report/2017/2017-1niigata7.pdf,official_daily_result_pdf
201704010801,2017,新潟,1,8,1,2017-05-21,https://www.jra.go.jp/datafile/seiseki/report/2017/2017-1niigata8.pdf,official_daily_result_pdf
201704010802,2017,新潟,1,8,2,2017-05-21,https://www.jra.go.jp/datafile/seiseki/report/2017/2017-1niigata8.pdf,official_daily_result_pdf
201704010803,2017,新潟,1,8,3,2017-05-21,https://www.jra.go.jp/datafile/seiseki/report/2017/2017-1niigata8.pdf,official_daily_result_pdf
201704010804,2017,新潟,1,8,4,2017-05-21,https://www.jra.go.jp/datafile/seiseki/report/2017/2017-1niigata8.pdf,official_daily_result_pdf
201704010805,2017,新潟,1,8,5,2017-05-21,https://www.jra.go.jp/datafile/seiseki/report/2017/2017-1niigata8.pdf,official_daily_result_pdf
201704010806,2017,新潟,1,8,6,2017-05-21,https://www.jra.go.jp/datafile/seiseki/report/2017/2017-1niigata8.pdf,official_daily_result_pdf
201704010807,2017,新潟,1,8,7,2017-05-21,https://www.jra.go.jp/datafile/seiseki/report/2017/2017-1niigata8.pdf,official_daily_result_pdf
201704010808,2017,新潟,1,8,8,2017-05-21,https://www.jra.go.jp/datafile/seiseki/report/2017/2017-1niigata8.pdf,official_daily_result_pdf
201704010809,2017,新潟,1,8,9,2017-05-21,https://www.jra.go.jp/datafile/seiseki/report/2017/2017-1niigata8.pdf,official_daily_result_pdf
201704010810,2017,新潟,1,8,10,2017-05-21,https://www.jra.go.jp/datafile/seiseki/report/2017/2017-1niigata8.pdf,official_daily_result_pdf
201704010811,2017,新潟,1,8,11,2017-05-21,https://www.jra.go.jp/datafile/seiseki/report/2017/2017-1niigata8.pdf,official_daily_result_pdf
201704010812,2017,新潟,1,8,12,2017-05-21,https://www.jra.go.jp/datafile/seiseki/report/2017/2017-1niigata8.pdf,official_daily_result_pdf
201704020101,2017,新潟,2,1,1,2017-07-29,https://www.jra.go.jp/datafile/seiseki/report/2017/2017-2niigata1.pdf,official_daily_result_pdf
201704020102,2017,新潟,2,1,2,2017-07-29,https://www.jra.go.jp/datafile/seiseki/report/2017/2017-2niigata1.pdf,official_daily_result_pdf
201704020103,2017,新潟,2,1,3,2017-07-29,https://www.jra.go.jp/datafile/seiseki/report/2017/2017-2niigata1.pdf,official_daily_result_pdf
201704020104,2017,新潟,2,1,4,2017-07-29,https://www.jra.go.jp/datafile/seiseki/report/2017/2017-2niigata1.pdf,official_daily_result_pdf
201704020105,2017,新潟,2,1,5,2017-07-29,https://www.jra.go.jp/datafile/seiseki/report/2017/2017-2niigata1.pdf,official_daily_result_pdf
201704020106,2017,新潟,2,1,6,2017-07-29,https://www.jra.go.jp/datafile/seiseki/report/2017/2017-2niigata1.pdf,official_daily_result_pdf
201704020107,2017,新潟,2,1,7,2017-07-29,https://www.jra.go.jp/datafile/seiseki/report/2017/2017-2niigata1.pdf,official_daily_result_pdf
201704020108,2017,新潟,2,1,8,2017-07-29,https://www.jra.go.jp/datafile/seiseki/report/2017/2017-2niigata1.pdf,official_daily_result_pdf
201704020109,2017,新潟,2,1,9,2017-07-29,https://www.jra.go.jp/datafile/seiseki/report/2017/2017-2niigata1.pdf,official_daily_result_pdf
201704020110,2017,新潟,2,1,10,2017-07-29,https://www.jra.go.jp/datafile/seiseki/report/2017/2017-2niigata1.pdf,official_daily_result_pdf
201704020111,2017,新潟,2,1,11,2017-07-29,https://www.jra.go.jp/datafile/seiseki/report/2017/2017-2niigata1.pdf,official_daily_result_pdf
201704020112,2017,新潟,2,1,12,2017-07-29,https://www.jra.go.jp/datafile/seiseki/report/2017/2017-2niigata1.pdf,official_daily_result_pdf
201704020201,2017,新潟,2,2,1,2017-07-30,https://www.jra.go.jp/datafile/seiseki/report/2017/2017-2niigata2.pdf,official_daily_result_pdf
201704020202,2017,新潟,2,2,2,2017-07-30,https://www.jra.go.jp/datafile/seiseki/report/2017/2017-2niigata2.pdf,official_daily_result_pdf
201704020203,2017,新潟,2,2,3,2017-07-30,https://www.jra.go.jp/datafile/seiseki/report/2017/2017-2niigata2.pdf,official_daily_result_pdf
201704020204,2017,新潟,2,2,4,2017-07-30,https://www.jra.go.jp/datafile/seiseki/report/2017/2017-2niigata2.pdf,official_daily_result_pdf
201704020205,2017,新潟,2,2,5,2017-07-30,https://www.jra.go.jp/datafile/seiseki/report/2017/2017-2niigata2.pdf,official_daily_result_pdf
201704020206,2017,新潟,2,2,6,2017-07-30,https://www.jra.go.jp/datafile/seiseki/report/2017/2017-2niigata2.pdf,official_daily_result_pdf
201704020207,2017,新潟,2,2,7,2017-07-30,https://www.jra.go.jp/datafile/seiseki/report/2017/2017-2niigata2.pdf,official_daily_result_pdf
201704020208,2017,新潟,2,2,8,2017-07-30,https://www.jra.go.jp/datafile/seiseki/report/2017/2017-2niigata2.pdf,official_daily_result_pdf
201704020209,2017,新潟,2,2,9,2017-07-30,https://www.jra.go.jp/datafile/seiseki/report/2017/2017-2niigata2.pdf,official_daily_result_pdf
201704020210,2017,新潟,2,2,10,2017-07-30,https://www.jra.go.jp/datafile/seiseki/report/2017/2017-2niigata2.pdf,official_daily_result_pdf
201704020211,2017,新潟,2,2,11,2017-07-30,https://www.jra.go.jp/datafile/seiseki/report/2017/2017-2niigata2.pdf,official_daily_result_pdf
201704020212,2017,新潟,2,2,12,2017-07-30,https://www.jra.go.jp/datafile/seiseki/report/2017/2017-2niigata2.pdf,official_daily_result_pdf
201704020301,2017,新潟,2,3,1,2017-08-05,https://www.jra.go.jp/datafile/seiseki/report/2017/2017-2niigata3.pdf,official_daily_result_pdf
201704020302,2017,新潟,2,3,2,2017-08-05,https://www.jra.go.jp/datafile/seiseki/report/2017/2017-2niigata3.pdf,official_daily_result_pdf
201704020303,2017,新潟,2,3,3,2017-08-05,https://www.jra.go.jp/datafile/seiseki/report/2017/2017-2niigata3.pdf,official_daily_result_pdf
201704020304,2017,新潟,2,3,4,2017-08-05,https://www.jra.go.jp/datafile/seiseki/report/2017/2017-2niigata3.pdf,official_daily_result_pdf
201704020305,2017,新潟,2,3,5,2017-08-05,https://www.jra.go.jp/datafile/seiseki/report/2017/2017-2niigata3.pdf,official_daily_result_pdf
201704020306,2017,新潟,2,3,6,2017-08-05,https://www.jra.go.jp/datafile/seiseki/report/2017/2017-2niigata3.pdf,official_daily_result_pdf
201704020307,2017,新潟,2,3,7,2017-08-05,https://www.jra.go.jp/datafile/seiseki/report/2017/2017-2niigata3.pdf,official_daily_result_pdf
201704020308,2017,新潟,2,3,8,2017-08-05,https://www.jra.go.jp/datafile/seiseki/report/2017/2017-2niigata3.pdf,official_daily_result_pdf
201704020309,2017,新潟,2,3,9,2017-08-05,https://www.jra.go.jp/datafile/seiseki/report/2017/2017-2niigata3.pdf,official_daily_result_pdf
201704020310,2017,新潟,2,3,10,2017-08-05,https://www.jra.go.jp/datafile/seiseki/report/2017/2017-2niigata3.pdf,official_daily_result_pdf
201704020311,2017,新潟,2,3,11,2017-08-05,https://www.jra.go.jp/datafile/seiseki/report/2017/2017-2niigata3.pdf,official_daily_result_pdf
201704020312,2017,新潟,2,3,12,2017-08-05,https://www.jra.go.jp/datafile/seiseki/report/2017/2017-2niigata3.pdf,official_daily_result_pdf
201704020401,2017,新潟,2,4,1,2017-08-06,https://www.jra.go.jp/datafile/seiseki/report/2017/2017-2niigata4.pdf,official_daily_result_pdf
201704020402,2017,新潟,2,4,2,2017-08-06,https://www.jra.go.jp/datafile/seiseki/report/2017/2017-2niigata4.pdf,official_daily_result_pdf
201704020403,2017,新潟,2,4,3,2017-08-06,https://www.jra.go.jp/datafile/seiseki/report/2017/2017-2niigata4.pdf,official_daily_result_pdf
201704020404,2017,新潟,2,4,4,2017-08-06,https://www.jra.go.jp/datafile/seiseki/report/2017/2017-2niigata4.pdf,official_daily_result_pdf
201704020405,2017,新潟,2,4,5,2017-08-06,https://www.jra.go.jp/datafile/seiseki/report/2017/2017-2niigata4.pdf,official_daily_result_pdf
201704020406,2017,新潟,2,4,6,2017-08-06,https://www.jra.go.jp/datafile/seiseki/report/2017/2017-2niigata4.pdf,official_daily_result_pdf
201704020407,2017,新潟,2,4,7,2017-08-06,https://www.jra.go.jp/datafile/seiseki/report/2017/2017-2niigata4.pdf,official_daily_result_pdf
201704020408,2017,新潟,2,4,8,2017-08-06,https://www.jra.go.jp/datafile/seiseki/report/2017/2017-2niigata4.pdf,official_daily_result_pdf
201704020409,2017,新潟,2,4,9,2017-08-06,https://www.jra.go.jp/datafile/seiseki/report/2017/2017-2niigata4.pdf,official_daily_result_pdf
201704020410,2017,新潟,2,4,10,2017-08-06,https://www.jra.go.jp/datafile/seiseki/report/2017/2017-2niigata4.pdf,official_daily_result_pdf
201704020411,2017,新潟,2,4,11,2017-08-06,https://www.jra.go.jp/datafile/seiseki/report/2017/2017-2niigata4.pdf,official_daily_result_pdf
201704020412,2017,新潟,2,4,12,2017-08-06,https://www.jra.go.jp/datafile/seiseki/report/2017/2017-2niigata4.pdf,official_daily_result_pdf
201704020501,2017,新潟,2,5,1,2017-08-12,https://www.jra.go.jp/datafile/seiseki/report/2017/2017-2niigata5.pdf,official_daily_result_pdf
201704020502,2017,新潟,2,5,2,2017-08-12,https://www.jra.go.jp/datafile/seiseki/report/2017/2017-2niigata5.pdf,official_daily_result_pdf
201704020503,2017,新潟,2,5,3,2017-08-12,https://www.jra.go.jp/datafile/seiseki/report/2017/2017-2niigata5.pdf,official_daily_result_pdf
201704020504,2017,新潟,2,5,4,2017-08-12,https://www.jra.go.jp/datafile/seiseki/report/2017/2017-2niigata5.pdf,official_daily_result_pdf
201704020505,2017,新潟,2,5,5,2017-08-12,https://www.jra.go.jp/datafile/seiseki/report/2017/2017-2niigata5.pdf,official_daily_result_pdf
201704020506,2017,新潟,2,5,6,2017-08-12,https://www.jra.go.jp/datafile/seiseki/report/2017/2017-2niigata5.pdf,official_daily_result_pdf
201704020507,2017,新潟,2,5,7,2017-08-12,https://www.jra.go.jp/datafile/seiseki/report/2017/2017-2niigata5.pdf,official_daily_result_pdf
201704020508,2017,新潟,2,5,8,2017-08-12,https://www.jra.go.jp/datafile/seiseki/report/2017/2017-2niigata5.pdf,official_daily_result_pdf
201704020509,2017,新潟,2,5,9,2017-08-12,https://www.jra.go.jp/datafile/seiseki/report/2017/2017-2niigata5.pdf,official_daily_result_pdf
201704020510,2017,新潟,2,5,10,2017-08-12,https://www.jra.go.jp/datafile/seiseki/report/2017/2017-2niigata5.pdf,official_daily_result_pdf
201704020511,2017,新潟,2,5,11,2017-08-12,https://www.jra.go.jp/datafile/seiseki/report/2017/2017-2niigata5.pdf,official_daily_result_pdf
201704020512,2017,新潟,2,5,12,2017-08-12,https://www.jra.go.jp/datafile/seiseki/report/2017/2017-2niigata5.pdf,official_daily_result_pdf
201704020601,2017,新潟,2,6,1,2017-08-13,https://www.jra.go.jp/datafile/seiseki/report/2017/2017-2niigata6.pdf,official_daily_result_pdf
201704020602,2017,新潟,2,6,2,2017-08-13,https://www.jra.go.jp/datafile/seiseki/report/2017/2017-2niigata6.pdf,official_daily_result_pdf
201704020603,2017,新潟,2,6,3,2017-08-13,https://www.jra.go.jp/datafile/seiseki/report/2017/2017-2niigata6.pdf,official_daily_result_pdf
201704020604,2017,新潟,2,6,4,2017-08-13,https://www.jra.go.jp/datafile/seiseki/report/2017/2017-2niigata6.pdf,official_daily_result_pdf
201704020605,2017,新潟,2,6,5,2017-08-13,https://www.jra.go.jp/datafile/seiseki/report/2017/2017-2niigata6.pdf,official_daily_result_pdf
201704020606,2017,新潟,2,6,6,2017-08-13,https://www.jra.go.jp/datafile/seiseki/report/2017/2017-2niigata6.pdf,official_daily_result_pdf
201704020607,2017,新潟,2,6,7,2017-08-13,https://www.jra.go.jp/datafile/seiseki/report/2017/2017-2niigata6.pdf,official_daily_result_pdf
201704020608,2017,新潟,2,6,8,2017-08-13,https://www.jra.go.jp/datafile/seiseki/report/2017/2017-2niigata6.pdf,official_daily_result_pdf
201704020609,2017,新潟,2,6,9,2017-08-13,https://www.jra.go.jp/datafile/seiseki/report/2017/2017-2niigata6.pdf,official_daily_result_pdf
201704020610,2017,新潟,2,6,10,2017-08-13,https://www.jra.go.jp/datafile/seiseki/report/2017/2017-2niigata6.pdf,official_daily_result_pdf
201704020611,2017,新潟,2,6,11,2017-08-13,https://www.jra.go.jp/datafile/seiseki/report/2017/2017-2niigata6.pdf,official_daily_result_pdf
201704020612,2017,新潟,2,6,12,2017-08-13,https://www.jra.go.jp/datafile/seiseki/report/2017/2017-2niigata6.pdf,official_daily_result_pdf
201704020701,2017,新潟,2,7,1,2017-08-19,https://www.jra.go.jp/datafile/seiseki/report/2017/2017-2niigata7.pdf,official_daily_result_pdf
201704020702,2017,新潟,2,7,2,2017-08-19,https://www.jra.go.jp/datafile/seiseki/report/2017/2017-2niigata7.pdf,official_daily_result_pdf
201704020703,2017,新潟,2,7,3,2017-08-19,https://www.jra.go.jp/datafile/seiseki/report/2017/2017-2niigata7.pdf,official_daily_result_pdf
201704020704,2017,新潟,2,7,4,2017-08-19,https://www.jra.go.jp/datafile/seiseki/report/2017/2017-2niigata7.pdf,official_daily_result_pdf
201704020705,2017,新潟,2,7,5,2017-08-19,https://www.jra.go.jp/datafile/seiseki/report/2017/2017-2niigata7.pdf,official_daily_result_pdf
201704020706,2017,新潟,2,7,6,2017-08-19,https://www.jra.go.jp/datafile/seiseki/report/2017/2017-2niigata7.pdf,official_daily_result_pdf
201704020707,2017,新潟,2,7,7,2017-08-19,https://www.jra.go.jp/datafile/seiseki/report/2017/2017-2niigata7.pdf,official_daily_result_pdf
201704020708,2017,新潟,2,7,8,2017-08-19,https://www.jra.go.jp/datafile/seiseki/report/2017/2017-2niigata7.pdf,official_daily_result_pdf
201704020709,2017,新潟,2,7,9,2017-08-19,https://www.jra.go.jp/datafile/seiseki/report/2017/2017-2niigata7.pdf,official_daily_result_pdf
201704020710,2017,新潟,2,7,10,2017-08-19,https://www.jra.go.jp/datafile/seiseki/report/2017/2017-2niigata7.pdf,official_daily_result_pdf
201704020711,2017,新潟,2,7,11,2017-08-19,https://www.jra.go.jp/datafile/seiseki/report/2017/2017-2niigata7.pdf,official_daily_result_pdf
201704020712,2017,新潟,2,7,12,2017-08-19,https://www.jra.go.jp/datafile/seiseki/report/2017/2017-2niigata7.pdf,official_daily_result_pdf
201704020801,2017,新潟,2,8,1,2017-08-20,https://www.jra.go.jp/datafile/seiseki/report/2017/2017-2niigata8.pdf,official_daily_result_pdf
201704020802,2017,新潟,2,8,2,2017-08-20,https://www.jra.go.jp/datafile/seiseki/report/2017/2017-2niigata8.pdf,official_daily_result_pdf
201704020803,2017,新潟,2,8,3,2017-08-20,https://www.jra.go.jp/datafile/seiseki/report/2017/2017-2niigata8.pdf,official_daily_result_pdf
201704020804,2017,新潟,2,8,4,2017-08-20,https://www.jra.go.jp/datafile/seiseki/report/2017/2017-2niigata8.pdf,official_daily_result_pdf
201704020805,2017,新潟,2,8,5,2017-08-20,https://www.jra.go.jp/datafile/seiseki/report/2017/2017-2niigata8.pdf,official_daily_result_pdf
201704020806,2017,新潟,2,8,6,2017-08-20,https://www.jra.go.jp/datafile/seiseki/report/2017/2017-2niigata8.pdf,official_daily_result_pdf
201704020807,2017,新潟,2,8,7,2017-08-20,https://www.jra.go.jp/datafile/seiseki/report/2017/2017-2niigata8.pdf,official_daily_result_pdf
201704020808,2017,新潟,2,8,8,2017-08-20,https://www.jra.go.jp/datafile/seiseki/report/2017/2017-2niigata8.pdf,official_daily_result_pdf
201704020809,2017,新潟,2,8,9,2017-08-20,https://www.jra.go.jp/datafile/seiseki/report/2017/2017-2niigata8.pdf,official_daily_result_pdf
201704020810,2017,新潟,2,8,10,2017-08-20,https://www.jra.go.jp/datafile/seiseki/report/2017/2017-2niigata8.pdf,official_daily_result_pdf
201704020811,2017,新潟,2,8,11,2017-08-20,https://www.jra.go.jp/datafile/seiseki/report/2017/2017-2niigata8.pdf,official_daily_result_pdf
201704020812,2017,新潟,2,8,12,2017-08-20,https://www.jra.go.jp/datafile/seiseki/report/2017/2017-2niigata8.pdf,official_daily_result_pdf
201704020901,2017,新潟,2,9,1,2017-08-26,https://www.jra.go.jp/datafile/seiseki/report/2017/2017-2niigata9.pdf,official_daily_result_pdf
201704020902,2017,新潟,2,9,2,2017-08-26,https://www.jra.go.jp/datafile/seiseki/report/2017/2017-2niigata9.pdf,official_daily_result_pdf
201704020903,2017,新潟,2,9,3,2017-08-26,https://www.jra.go.jp/datafile/seiseki/report/2017/2017-2niigata9.pdf,official_daily_result_pdf
201704020904,2017,新潟,2,9,4,2017-08-26,https://www.jra.go.jp/datafile/seiseki/report/2017/2017-2niigata9.pdf,official_daily_result_pdf
201704020905,2017,新潟,2,9,5,2017-08-26,https://www.jra.go.jp/datafile/seiseki/report/2017/2017-2niigata9.pdf,official_daily_result_pdf
201704020906,2017,新潟,2,9,6,2017-08-26,https://www.jra.go.jp/datafile/seiseki/report/2017/2017-2niigata9.pdf,official_daily_result_pdf
201704020907,2017,新潟,2,9,7,2017-08-26,https://www.jra.go.jp/datafile/seiseki/report/2017/2017-2niigata9.pdf,official_daily_result_pdf
201704020908,2017,新潟,2,9,8,2017-08-26,https://www.jra.go.jp/datafile/seiseki/report/2017/2017-2niigata9.pdf,official_daily_result_pdf
201704020909,2017,新潟,2,9,9,2017-08-26,https://www.jra.go.jp/datafile/seiseki/report/2017/2017-2niigata9.pdf,official_daily_result_pdf
201704020910,2017,新潟,2,9,10,2017-08-26,https://www.jra.go.jp/datafile/seiseki/report/2017/2017-2niigata9.pdf,official_daily_result_pdf
201704020911,2017,新潟,2,9,11,2017-08-26,https://www.jra.go.jp/datafile/seiseki/report/2017/2017-2niigata9.pdf,official_daily_result_pdf
201704020912,2017,新潟,2,9,12,2017-08-26,https://www.jra.go.jp/datafile/seiseki/report/2017/2017-2niigata9.pdf,official_daily_result_pdf
201704021001,2017,新潟,2,10,1,2017-08-27,https://www.jra.go.jp/datafile/seiseki/report/2017/2017-2niigata10.pdf,official_daily_result_pdf
201704021002,2017,新潟,2,10,2,2017-08-27,https://www.jra.go.jp/datafile/seiseki/report/2017/2017-2niigata10.pdf,official_daily_result_pdf
201704021003,2017,新潟,2,10,3,2017-08-27,https://www.jra.go.jp/datafile/seiseki/report/2017/2017-2niigata10.pdf,official_daily_result_pdf
201704021004,2017,新潟,2,10,4,2017-08-27,https://www.jra.go.jp/datafile/seiseki/report/2017/2017-2niigata10.pdf,official_daily_result_pdf
201704021005,2017,新潟,2,10,5,2017-08-27,https://www.jra.go.jp/datafile/seiseki/report/2017/2017-2niigata10.pdf,official_daily_result_pdf
201704021006,2017,新潟,2,10,6,2017-08-27,https://www.jra.go.jp/datafile/seiseki/report/2017/2017-2niigata10.pdf,official_daily_result_pdf
201704021007,2017,新潟,2,10,7,2017-08-27,https://www.jra.go.jp/datafile/seiseki/report/2017/2017-2niigata10.pdf,official_daily_result_pdf
201704021008,2017,新潟,2,10,8,2017-08-27,https://www.jra.go.jp/datafile/seiseki/report/2017/2017-2niigata10.pdf,official_daily_result_pdf
201704021009,2017,新潟,2,10,9,2017-08-27,https://www.jra.go.jp/datafile/seiseki/report/2017/2017-2niigata10.pdf,official_daily_result_pdf
201704021010,2017,新潟,2,10,10,2017-08-27,https://www.jra.go.jp/datafile/seiseki/report/2017/2017-2niigata10.pdf,official_daily_result_pdf
201704021011,2017,新潟,2,10,11,2017-08-27,https://www.jra.go.jp/datafile/seiseki/report/2017/2017-2niigata10.pdf,official_daily_result_pdf
201704021012,2017,新潟,2,10,12,2017-08-27,https://www.jra.go.jp/datafile/seiseki/report/2017/2017-2niigata10.pdf,official_daily_result_pdf
201704021101,2017,新潟,2,11,1,2017-09-02,https://www.jra.go.jp/datafile/seiseki/report/2017/2017-2niigata11.pdf,official_daily_result_pdf
201704021102,2017,新潟,2,11,2,2017-09-02,https://www.jra.go.jp/datafile/seiseki/report/2017/2017-2niigata11.pdf,official_daily_result_pdf
201704021103,2017,新潟,2,11,3,2017-09-02,https://www.jra.go.jp/datafile/seiseki/report/2017/2017-2niigata11.pdf,official_daily_result_pdf
201704021104,2017,新潟,2,11,4,2017-09-02,https://www.jra.go.jp/datafile/seiseki/report/2017/2017-2niigata11.pdf,official_daily_result_pdf
201704021105,2017,新潟,2,11,5,2017-09-02,https://www.jra.go.jp/datafile/seiseki/report/2017/2017-2niigata11.pdf,official_daily_result_pdf
201704021106,2017,新潟,2,11,6,2017-09-02,https://www.jra.go.jp/datafile/seiseki/report/2017/2017-2niigata11.pdf,official_daily_result_pdf
201704021107,2017,新潟,2,11,7,2017-09-02,https://www.jra.go.jp/datafile/seiseki/report/2017/2017-2niigata11.pdf,official_daily_result_pdf
201704021108,2017,新潟,2,11,8,2017-09-02,https://www.jra.go.jp/datafile/seiseki/report/2017/2017-2niigata11.pdf,official_daily_result_pdf
201704021109,2017,新潟,2,11,9,2017-09-02,https://www.jra.go.jp/datafile/seiseki/report/2017/2017-2niigata11.pdf,official_daily_result_pdf
201704021110,2017,新潟,2,11,10,2017-09-02,https://www.jra.go.jp/datafile/seiseki/report/2017/2017-2niigata11.pdf,official_daily_result_pdf
201704021111,2017,新潟,2,11,11,2017-09-02,https://www.jra.go.jp/datafile/seiseki/report/2017/2017-2niigata11.pdf,official_daily_result_pdf
201704021112,2017,新潟,2,11,12,2017-09-02,https://www.jra.go.jp/datafile/seiseki/report/2017/2017-2niigata11.pdf,official_daily_result_pdf
201704021201,2017,新潟,2,12,1,2017-09-03,https://www.jra.go.jp/datafile/seiseki/report/2017/2017-2niigata12.pdf,official_daily_result_pdf
201704021202,2017,新潟,2,12,2,2017-09-03,https://www.jra.go.jp/datafile/seiseki/report/2017/2017-2niigata12.pdf,official_daily_result_pdf
201704021203,2017,新潟,2,12,3,2017-09-03,https://www.jra.go.jp/datafile/seiseki/report/2017/2017-2niigata12.pdf,official_daily_result_pdf
201704021204,2017,新潟,2,12,4,2017-09-03,https://www.jra.go.jp/datafile/seiseki/report/2017/2017-2niigata12.pdf,official_daily_result_pdf
201704021205,2017,新潟,2,12,5,2017-09-03,https://www.jra.go.jp/datafile/seiseki/report/2017/2017-2niigata12.pdf,official_daily_result_pdf
201704021206,2017,新潟,2,12,6,2017-09-03,https://www.jra.go.jp/datafile/seiseki/report/2017/2017-2niigata12.pdf,official_daily_result_pdf
201704021207,2017,新潟,2,12,7,2017-09-03,https://www.jra.go.jp/datafile/seiseki/report/2017/2017-2niigata12.pdf,official_daily_result_pdf
201704021208,2017,新潟,2,12,8,2017-09-03,https://www.jra.go.jp/datafile/seiseki/report/2017/2017-2niigata12.pdf,official_daily_result_pdf
201704021209,2017,新潟,2,12,9,2017-09-03,https://www.jra.go.jp/datafile/seiseki/report/2017/2017-2niigata12.pdf,official_daily_result_pdf
201704021210,2017,新潟,2,12,10,2017-09-03,https://www.jra.go.jp/datafile/seiseki/report/2017/2017-2niigata12.pdf,official_daily_result_pdf
201704021211,2017,新潟,2,12,11,2017-09-03,https://www.jra.go.jp/datafile/seiseki/report/2017/2017-2niigata12.pdf,official_daily_result_pdf
201704021212,2017,新潟,2,12,12,2017-09-03,https://www.jra.go.jp/datafile/seiseki/report/2017/2017-2niigata12.pdf,official_daily_result_pdf
201704030101,2017,新潟,3,1,1,2017-10-14,https://www.jra.go.jp/datafile/seiseki/report/2017/2017-3niigata1.pdf,official_daily_result_pdf
201704030102,2017,新潟,3,1,2,2017-10-14,https://www.jra.go.jp/datafile/seiseki/report/2017/2017-3niigata1.pdf,official_daily_result_pdf
201704030103,2017,新潟,3,1,3,2017-10-14,https://www.jra.go.jp/datafile/seiseki/report/2017/2017-3niigata1.pdf,official_daily_result_pdf
201704030104,2017,新潟,3,1,4,2017-10-14,https://www.jra.go.jp/datafile/seiseki/report/2017/2017-3niigata1.pdf,official_daily_result_pdf
201704030105,2017,新潟,3,1,5,2017-10-14,https://www.jra.go.jp/datafile/seiseki/report/2017/2017-3niigata1.pdf,official_daily_result_pdf
201704030106,2017,新潟,3,1,6,2017-10-14,https://www.jra.go.jp/datafile/seiseki/report/2017/2017-3niigata1.pdf,official_daily_result_pdf
201704030107,2017,新潟,3,1,7,2017-10-14,https://www.jra.go.jp/datafile/seiseki/report/2017/2017-3niigata1.pdf,official_daily_result_pdf
201704030108,2017,新潟,3,1,8,2017-10-14,https://www.jra.go.jp/datafile/seiseki/report/2017/2017-3niigata1.pdf,official_daily_result_pdf
201704030109,2017,新潟,3,1,9,2017-10-14,https://www.jra.go.jp/datafile/seiseki/report/2017/2017-3niigata1.pdf,official_daily_result_pdf
201704030110,2017,新潟,3,1,10,2017-10-14,https://www.jra.go.jp/datafile/seiseki/report/2017/2017-3niigata1.pdf,official_daily_result_pdf
201704030111,2017,新潟,3,1,11,2017-10-14,https://www.jra.go.jp/datafile/seiseki/report/2017/2017-3niigata1.pdf,official_daily_result_pdf
201704030112,2017,新潟,3,1,12,2017-10-14,https://www.jra.go.jp/datafile/seiseki/report/2017/2017-3niigata1.pdf,official_daily_result_pdf
201704030201,2017,新潟,3,2,1,2017-10-15,https://www.jra.go.jp/datafile/seiseki/report/2017/2017-3niigata2.pdf,official_daily_result_pdf
201704030202,2017,新潟,3,2,2,2017-10-15,https://www.jra.go.jp/datafile/seiseki/report/2017/2017-3niigata2.pdf,official_daily_result_pdf
201704030203,2017,新潟,3,2,3,2017-10-15,https://www.jra.go.jp/datafile/seiseki/report/2017/2017-3niigata2.pdf,official_daily_result_pdf
201704030204,2017,新潟,3,2,4,2017-10-15,https://www.jra.go.jp/datafile/seiseki/report/2017/2017-3niigata2.pdf,official_daily_result_pdf
201704030205,2017,新潟,3,2,5,2017-10-15,https://www.jra.go.jp/datafile/seiseki/report/2017/2017-3niigata2.pdf,official_daily_result_pdf
201704030206,2017,新潟,3,2,6,2017-10-15,https://www.jra.go.jp/datafile/seiseki/report/2017/2017-3niigata2.pdf,official_daily_result_pdf
201704030207,2017,新潟,3,2,7,2017-10-15,https://www.jra.go.jp/datafile/seiseki/report/2017/2017-3niigata2.pdf,official_daily_result_pdf
201704030208,2017,新潟,3,2,8,2017-10-15,https://www.jra.go.jp/datafile/seiseki/report/2017/2017-3niigata2.pdf,official_daily_result_pdf
201704030209,2017,新潟,3,2,9,2017-10-15,https://www.jra.go.jp/datafile/seiseki/report/2017/2017-3niigata2.pdf,official_daily_result_pdf
201704030210,2017,新潟,3,2,10,2017-10-15,https://www.jra.go.jp/datafile/seiseki/report/2017/2017-3niigata2.pdf,official_daily_result_pdf
201704030211,2017,新潟,3,2,11,2017-10-15,https://www.jra.go.jp/datafile/seiseki/report/2017/2017-3niigata2.pdf,official_daily_result_pdf
201704030212,2017,新潟,3,2,12,2017-10-15,https://www.jra.go.jp/datafile/seiseki/report/2017/2017-3niigata2.pdf,official_daily_result_pdf
201704030301,2017,新潟,3,3,1,2017-10-21,https://www.jra.go.jp/datafile/seiseki/report/2017/2017-3niigata3.pdf,official_daily_result_pdf
201704030302,2017,新潟,3,3,2,2017-10-21,https://www.jra.go.jp/datafile/seiseki/report/2017/2017-3niigata3.pdf,official_daily_result_pdf
201704030303,2017,新潟,3,3,3,2017-10-21,https://www.jra.go.jp/datafile/seiseki/report/2017/2017-3niigata3.pdf,official_daily_result_pdf
201704030304,2017,新潟,3,3,4,2017-10-21,https://www.jra.go.jp/datafile/seiseki/report/2017/2017-3niigata3.pdf,official_daily_result_pdf
201704030305,2017,新潟,3,3,5,2017-10-21,https://www.jra.go.jp/datafile/seiseki/report/2017/2017-3niigata3.pdf,official_daily_result_pdf
201704030306,2017,新潟,3,3,6,2017-10-21,https://www.jra.go.jp/datafile/seiseki/report/2017/2017-3niigata3.pdf,official_daily_result_pdf
201704030307,2017,新潟,3,3,7,2017-10-21,https://www.jra.go.jp/datafile/seiseki/report/2017/2017-3niigata3.pdf,official_daily_result_pdf
201704030308,2017,新潟,3,3,8,2017-10-21,https://www.jra.go.jp/datafile/seiseki/report/2017/2017-3niigata3.pdf,official_daily_result_pdf
201704030309,2017,新潟,3,3,9,2017-10-21,https://www.jra.go.jp/datafile/seiseki/report/2017/2017-3niigata3.pdf,official_daily_result_pdf
201704030310,2017,新潟,3,3,10,2017-10-21,https://www.jra.go.jp/datafile/seiseki/report/2017/2017-3niigata3.pdf,official_daily_result_pdf
201704030311,2017,新潟,3,3,11,2017-10-21,https://www.jra.go.jp/datafile/seiseki/report/2017/2017-3niigata3.pdf,official_daily_result_pdf
201704030312,2017,新潟,3,3,12,2017-10-21,https://www.jra.go.jp/datafile/seiseki/report/2017/2017-3niigata3.pdf,official_daily_result_pdf
201704030401,2017,新潟,3,4,1,2017-10-22,https://www.jra.go.jp/datafile/seiseki/report/2017/2017-3niigata4.pdf,official_daily_result_pdf
201704030402,2017,新潟,3,4,2,2017-10-22,https://www.jra.go.jp/datafile/seiseki/report/2017/2017-3niigata4.pdf,official_daily_result_pdf
201704030403,2017,新潟,3,4,3,2017-10-22,https://www.jra.go.jp/datafile/seiseki/report/2017/2017-3niigata4.pdf,official_daily_result_pdf
201704030404,2017,新潟,3,4,4,2017-10-22,https://www.jra.go.jp/datafile/seiseki/report/2017/2017-3niigata4.pdf,official_daily_result_pdf
201704030405,2017,新潟,3,4,5,2017-10-22,https://www.jra.go.jp/datafile/seiseki/report/2017/2017-3niigata4.pdf,official_daily_result_pdf
201704030406,2017,新潟,3,4,6,2017-10-22,https://www.jra.go.jp/datafile/seiseki/report/2017/2017-3niigata4.pdf,official_daily_result_pdf
201704030407,2017,新潟,3,4,7,2017-10-22,https://www.jra.go.jp/datafile/seiseki/report/2017/2017-3niigata4.pdf,official_daily_result_pdf
201704030408,2017,新潟,3,4,8,2017-10-22,https://www.jra.go.jp/datafile/seiseki/report/2017/2017-3niigata4.pdf,official_daily_result_pdf
201704030409,2017,新潟,3,4,9,2017-10-22,https://www.jra.go.jp/datafile/seiseki/report/2017/2017-3niigata4.pdf,official_daily_result_pdf
201704030410,2017,新潟,3,4,10,2017-10-22,https://www.jra.go.jp/datafile/seiseki/report/2017/2017-3niigata4.pdf,official_daily_result_pdf
201704030411,2017,新潟,3,4,11,2017-10-22,https://www.jra.go.jp/datafile/seiseki/report/2017/2017-3niigata4.pdf,official_daily_result_pdf
201704030412,2017,新潟,3,4,12,2017-10-22,https://www.jra.go.jp/datafile/seiseki/report/2017/2017-3niigata4.pdf,official_daily_result_pdf
201704030501,2017,新潟,3,5,1,2017-10-28,https://www.jra.go.jp/datafile/seiseki/report/2017/2017-3niigata5.pdf,official_daily_result_pdf
201704030502,2017,新潟,3,5,2,2017-10-28,https://www.jra.go.jp/datafile/seiseki/report/2017/2017-3niigata5.pdf,official_daily_result_pdf
201704030503,2017,新潟,3,5,3,2017-10-28,https://www.jra.go.jp/datafile/seiseki/report/2017/2017-3niigata5.pdf,official_daily_result_pdf
201704030504,2017,新潟,3,5,4,2017-10-28,https://www.jra.go.jp/datafile/seiseki/report/2017/2017-3niigata5.pdf,official_daily_result_pdf
201704030505,2017,新潟,3,5,5,2017-10-28,https://www.jra.go.jp/datafile/seiseki/report/2017/2017-3niigata5.pdf,official_daily_result_pdf
201704030506,2017,新潟,3,5,6,2017-10-28,https://www.jra.go.jp/datafile/seiseki/report/2017/2017-3niigata5.pdf,official_daily_result_pdf
201704030507,2017,新潟,3,5,7,2017-10-28,https://www.jra.go.jp/datafile/seiseki/report/2017/2017-3niigata5.pdf,official_daily_result_pdf
201704030508,2017,新潟,3,5,8,2017-10-28,https://www.jra.go.jp/datafile/seiseki/report/2017/2017-3niigata5.pdf,official_daily_result_pdf
201704030509,2017,新潟,3,5,9,2017-10-28,https://www.jra.go.jp/datafile/seiseki/report/2017/2017-3niigata5.pdf,official_daily_result_pdf
201704030510,2017,新潟,3,5,10,2017-10-28,https://www.jra.go.jp/datafile/seiseki/report/2017/2017-3niigata5.pdf,official_daily_result_pdf
201704030511,2017,新潟,3,5,11,2017-10-28,https://www.jra.go.jp/datafile/seiseki/report/2017/2017-3niigata5.pdf,official_daily_result_pdf
201704030512,2017,新潟,3,5,12,2017-10-28,https://www.jra.go.jp/datafile/seiseki/report/2017/2017-3niigata5.pdf,official_daily_result_pdf
201704030601,2017,新潟,3,6,1,2017-10-29,https://www.jra.go.jp/datafile/seiseki/report/2017/2017-3niigata6.pdf,official_daily_result_pdf
201704030602,2017,新潟,3,6,2,2017-10-29,https://www.jra.go.jp/datafile/seiseki/report/2017/2017-3niigata6.pdf,official_daily_result_pdf
201704030603,2017,新潟,3,6,3,2017-10-29,https://www.jra.go.jp/datafile/seiseki/report/2017/2017-3niigata6.pdf,official_daily_result_pdf
201704030604,2017,新潟,3,6,4,2017-10-29,https://www.jra.go.jp/datafile/seiseki/report/2017/2017-3niigata6.pdf,official_daily_result_pdf
201704030605,2017,新潟,3,6,5,2017-10-29,https://www.jra.go.jp/datafile/seiseki/report/2017/2017-3niigata6.pdf,official_daily_result_pdf
201704030606,2017,新潟,3,6,6,2017-10-29,https://www.jra.go.jp/datafile/seiseki/report/2017/2017-3niigata6.pdf,official_daily_result_pdf
201704030607,2017,新潟,3,6,7,2017-10-29,https://www.jra.go.jp/datafile/seiseki/report/2017/2017-3niigata6.pdf,official_daily_result_pdf
201704030608,2017,新潟,3,6,8,2017-10-29,https://www.jra.go.jp/datafile/seiseki/report/2017/2017-3niigata6.pdf,official_daily_result_pdf
201704030609,2017,新潟,3,6,9,2017-10-29,https://www.jra.go.jp/datafile/seiseki/report/2017/2017-3niigata6.pdf,official_daily_result_pdf
201704030610,2017,新潟,3,6,10,2017-10-29,https://www.jra.go.jp/datafile/seiseki/report/2017/2017-3niigata6.pdf,official_daily_result_pdf
201704030611,2017,新潟,3,6,11,2017-10-29,https://www.jra.go.jp/datafile/seiseki/report/2017/2017-3niigata6.pdf,official_daily_result_pdf
201704030612,2017,新潟,3,6,12,2017-10-29,https://www.jra.go.jp/datafile/seiseki/report/2017/2017-3niigata6.pdf,official_daily_result_pdf
201705010101,2017,東京,1,1,1,2017-01-28,https://www.jra.go.jp/datafile/seiseki/report/2017/2017-1tokyo1.pdf,official_daily_result_pdf
201705010102,2017,東京,1,1,2,2017-01-28,https://www.jra.go.jp/datafile/seiseki/report/2017/2017-1tokyo1.pdf,official_daily_result_pdf
201705010103,2017,東京,1,1,3,2017-01-28,https://www.jra.go.jp/datafile/seiseki/report/2017/2017-1tokyo1.pdf,official_daily_result_pdf
201705010104,2017,東京,1,1,4,2017-01-28,https://www.jra.go.jp/datafile/seiseki/report/2017/2017-1tokyo1.pdf,official_daily_result_pdf
201705010105,2017,東京,1,1,5,2017-01-28,https://www.jra.go.jp/datafile/seiseki/report/2017/2017-1tokyo1.pdf,official_daily_result_pdf
201705010106,2017,東京,1,1,6,2017-01-28,https://www.jra.go.jp/datafile/seiseki/report/2017/2017-1tokyo1.pdf,official_daily_result_pdf
201705010107,2017,東京,1,1,7,2017-01-28,https://www.jra.go.jp/datafile/seiseki/report/2017/2017-1tokyo1.pdf,official_daily_result_pdf
201705010108,2017,東京,1,1,8,2017-01-28,https://www.jra.go.jp/datafile/seiseki/report/2017/2017-1tokyo1.pdf,official_daily_result_pdf
201705010109,2017,東京,1,1,9,2017-01-28,https://www.jra.go.jp/datafile/seiseki/report/2017/2017-1tokyo1.pdf,official_daily_result_pdf
201705010110,2017,東京,1,1,10,2017-01-28,https://www.jra.go.jp/datafile/seiseki/report/2017/2017-1tokyo1.pdf,official_daily_result_pdf
201705010111,2017,東京,1,1,11,2017-01-28,https://www.jra.go.jp/datafile/seiseki/report/2017/2017-1tokyo1.pdf,official_daily_result_pdf
201705010112,2017,東京,1,1,12,2017-01-28,https://www.jra.go.jp/datafile/seiseki/report/2017/2017-1tokyo1.pdf,official_daily_result_pdf
201705010201,2017,東京,1,2,1,2017-01-29,https://www.jra.go.jp/datafile/seiseki/report/2017/2017-1tokyo2.pdf,official_daily_result_pdf
201705010202,2017,東京,1,2,2,2017-01-29,https://www.jra.go.jp/datafile/seiseki/report/2017/2017-1tokyo2.pdf,official_daily_result_pdf
201705010203,2017,東京,1,2,3,2017-01-29,https://www.jra.go.jp/datafile/seiseki/report/2017/2017-1tokyo2.pdf,official_daily_result_pdf
201705010204,2017,東京,1,2,4,2017-01-29,https://www.jra.go.jp/datafile/seiseki/report/2017/2017-1tokyo2.pdf,official_daily_result_pdf
201705010205,2017,東京,1,2,5,2017-01-29,https://www.jra.go.jp/datafile/seiseki/report/2017/2017-1tokyo2.pdf,official_daily_result_pdf
201705010206,2017,東京,1,2,6,2017-01-29,https://www.jra.go.jp/datafile/seiseki/report/2017/2017-1tokyo2.pdf,official_daily_result_pdf
201705010207,2017,東京,1,2,7,2017-01-29,https://www.jra.go.jp/datafile/seiseki/report/2017/2017-1tokyo2.pdf,official_daily_result_pdf
201705010208,2017,東京,1,2,8,2017-01-29,https://www.jra.go.jp/datafile/seiseki/report/2017/2017-1tokyo2.pdf,official_daily_result_pdf
201705010209,2017,東京,1,2,9,2017-01-29,https://www.jra.go.jp/datafile/seiseki/report/2017/2017-1tokyo2.pdf,official_daily_result_pdf
201705010210,2017,東京,1,2,10,2017-01-29,https://www.jra.go.jp/datafile/seiseki/report/2017/2017-1tokyo2.pdf,official_daily_result_pdf
201705010211,2017,東京,1,2,11,2017-01-29,https://www.jra.go.jp/datafile/seiseki/report/2017/2017-1tokyo2.pdf,official_daily_result_pdf
201705010212,2017,東京,1,2,12,2017-01-29,https://www.jra.go.jp/datafile/seiseki/report/2017/2017-1tokyo2.pdf,official_daily_result_pdf
201705010301,2017,東京,1,3,1,2017-02-04,https://www.jra.go.jp/datafile/seiseki/report/2017/2017-1tokyo3.pdf,official_daily_result_pdf
201705010302,2017,東京,1,3,2,2017-02-04,https://www.jra.go.jp/datafile/seiseki/report/2017/2017-1tokyo3.pdf,official_daily_result_pdf
201705010303,2017,東京,1,3,3,2017-02-04,https://www.jra.go.jp/datafile/seiseki/report/2017/2017-1tokyo3.pdf,official_daily_result_pdf
201705010304,2017,東京,1,3,4,2017-02-04,https://www.jra.go.jp/datafile/seiseki/report/2017/2017-1tokyo3.pdf,official_daily_result_pdf
201705010305,2017,東京,1,3,5,2017-02-04,https://www.jra.go.jp/datafile/seiseki/report/2017/2017-1tokyo3.pdf,official_daily_result_pdf
201705010306,2017,東京,1,3,6,2017-02-04,https://www.jra.go.jp/datafile/seiseki/report/2017/2017-1tokyo3.pdf,official_daily_result_pdf
201705010307,2017,東京,1,3,7,2017-02-04,https://www.jra.go.jp/datafile/seiseki/report/2017/2017-1tokyo3.pdf,official_daily_result_pdf
201705010308,2017,東京,1,3,8,2017-02-04,https://www.jra.go.jp/datafile/seiseki/report/2017/2017-1tokyo3.pdf,official_daily_result_pdf
201705010309,2017,東京,1,3,9,2017-02-04,https://www.jra.go.jp/datafile/seiseki/report/2017/2017-1tokyo3.pdf,official_daily_result_pdf
201705010310,2017,東京,1,3,10,2017-02-04,https://www.jra.go.jp/datafile/seiseki/report/2017/2017-1tokyo3.pdf,official_daily_result_pdf
201705010311,2017,東京,1,3,11,2017-02-04,https://www.jra.go.jp/datafile/seiseki/report/2017/2017-1tokyo3.pdf,official_daily_result_pdf
201705010312,2017,東京,1,3,12,2017-02-04,https://www.jra.go.jp/datafile/seiseki/report/2017/2017-1tokyo3.pdf,official_daily_result_pdf
201705010401,2017,東京,1,4,1,2017-02-05,https://www.jra.go.jp/datafile/seiseki/report/2017/2017-1tokyo4.pdf,official_daily_result_pdf
201705010402,2017,東京,1,4,2,2017-02-05,https://www.jra.go.jp/datafile/seiseki/report/2017/2017-1tokyo4.pdf,official_daily_result_pdf
201705010403,2017,東京,1,4,3,2017-02-05,https://www.jra.go.jp/datafile/seiseki/report/2017/2017-1tokyo4.pdf,official_daily_result_pdf
201705010404,2017,東京,1,4,4,2017-02-05,https://www.jra.go.jp/datafile/seiseki/report/2017/2017-1tokyo4.pdf,official_daily_result_pdf
201705010405,2017,東京,1,4,5,2017-02-05,https://www.jra.go.jp/datafile/seiseki/report/2017/2017-1tokyo4.pdf,official_daily_result_pdf
201705010406,2017,東京,1,4,6,2017-02-05,https://www.jra.go.jp/datafile/seiseki/report/2017/2017-1tokyo4.pdf,official_daily_result_pdf
201705010407,2017,東京,1,4,7,2017-02-05,https://www.jra.go.jp/datafile/seiseki/report/2017/2017-1tokyo4.pdf,official_daily_result_pdf
201705010408,2017,東京,1,4,8,2017-02-05,https://www.jra.go.jp/datafile/seiseki/report/2017/2017-1tokyo4.pdf,official_daily_result_pdf
201705010409,2017,東京,1,4,9,2017-02-05,https://www.jra.go.jp/datafile/seiseki/report/2017/2017-1tokyo4.pdf,official_daily_result_pdf
201705010410,2017,東京,1,4,10,2017-02-05,https://www.jra.go.jp/datafile/seiseki/report/2017/2017-1tokyo4.pdf,official_daily_result_pdf
201705010411,2017,東京,1,4,11,2017-02-05,https://www.jra.go.jp/datafile/seiseki/report/2017/2017-1tokyo4.pdf,official_daily_result_pdf
201705010412,2017,東京,1,4,12,2017-02-05,https://www.jra.go.jp/datafile/seiseki/report/2017/2017-1tokyo4.pdf,official_daily_result_pdf
201705010501,2017,東京,1,5,1,2017-02-11,https://www.jra.go.jp/datafile/seiseki/report/2017/2017-1tokyo5.pdf,official_daily_result_pdf
201705010502,2017,東京,1,5,2,2017-02-11,https://www.jra.go.jp/datafile/seiseki/report/2017/2017-1tokyo5.pdf,official_daily_result_pdf
201705010503,2017,東京,1,5,3,2017-02-11,https://www.jra.go.jp/datafile/seiseki/report/2017/2017-1tokyo5.pdf,official_daily_result_pdf
201705010504,2017,東京,1,5,4,2017-02-11,https://www.jra.go.jp/datafile/seiseki/report/2017/2017-1tokyo5.pdf,official_daily_result_pdf
201705010505,2017,東京,1,5,5,2017-02-11,https://www.jra.go.jp/datafile/seiseki/report/2017/2017-1tokyo5.pdf,official_daily_result_pdf
201705010506,2017,東京,1,5,6,2017-02-11,https://www.jra.go.jp/datafile/seiseki/report/2017/2017-1tokyo5.pdf,official_daily_result_pdf
201705010507,2017,東京,1,5,7,2017-02-11,https://www.jra.go.jp/datafile/seiseki/report/2017/2017-1tokyo5.pdf,official_daily_result_pdf
201705010508,2017,東京,1,5,8,2017-02-11,https://www.jra.go.jp/datafile/seiseki/report/2017/2017-1tokyo5.pdf,official_daily_result_pdf
201705010509,2017,東京,1,5,9,2017-02-11,https://www.jra.go.jp/datafile/seiseki/report/2017/2017-1tokyo5.pdf,official_daily_result_pdf
201705010510,2017,東京,1,5,10,2017-02-11,https://www.jra.go.jp/datafile/seiseki/report/2017/2017-1tokyo5.pdf,official_daily_result_pdf
201705010511,2017,東京,1,5,11,2017-02-11,https://www.jra.go.jp/datafile/seiseki/report/2017/2017-1tokyo5.pdf,official_daily_result_pdf
201705010512,2017,東京,1,5,12,2017-02-11,https://www.jra.go.jp/datafile/seiseki/report/2017/2017-1tokyo5.pdf,official_daily_result_pdf
201705010601,2017,東京,1,6,1,2017-02-12,https://www.jra.go.jp/datafile/seiseki/report/2017/2017-1tokyo6.pdf,official_daily_result_pdf
201705010602,2017,東京,1,6,2,2017-02-12,https://www.jra.go.jp/datafile/seiseki/report/2017/2017-1tokyo6.pdf,official_daily_result_pdf
201705010603,2017,東京,1,6,3,2017-02-12,https://www.jra.go.jp/datafile/seiseki/report/2017/2017-1tokyo6.pdf,official_daily_result_pdf
201705010604,2017,東京,1,6,4,2017-02-12,https://www.jra.go.jp/datafile/seiseki/report/2017/2017-1tokyo6.pdf,official_daily_result_pdf
201705010605,2017,東京,1,6,5,2017-02-12,https://www.jra.go.jp/datafile/seiseki/report/2017/2017-1tokyo6.pdf,official_daily_result_pdf
201705010606,2017,東京,1,6,6,2017-02-12,https://www.jra.go.jp/datafile/seiseki/report/2017/2017-1tokyo6.pdf,official_daily_result_pdf
201705010607,2017,東京,1,6,7,2017-02-12,https://www.jra.go.jp/datafile/seiseki/report/2017/2017-1tokyo6.pdf,official_daily_result_pdf
201705010608,2017,東京,1,6,8,2017-02-12,https://www.jra.go.jp/datafile/seiseki/report/2017/2017-1tokyo6.pdf,official_daily_result_pdf
201705010609,2017,東京,1,6,9,2017-02-12,https://www.jra.go.jp/datafile/seiseki/report/2017/2017-1tokyo6.pdf,official_daily_result_pdf
201705010610,2017,東京,1,6,10,2017-02-12,https://www.jra.go.jp/datafile/seiseki/report/2017/2017-1tokyo6.pdf,official_daily_result_pdf
201705010611,2017,東京,1,6,11,2017-02-12,https://www.jra.go.jp/datafile/seiseki/report/2017/2017-1tokyo6.pdf,official_daily_result_pdf
201705010612,2017,東京,1,6,12,2017-02-12,https://www.jra.go.jp/datafile/seiseki/report/2017/2017-1tokyo6.pdf,official_daily_result_pdf
201705010701,2017,東京,1,7,1,2017-02-18,https://www.jra.go.jp/datafile/seiseki/report/2017/2017-1tokyo7.pdf,official_daily_result_pdf
201705010702,2017,東京,1,7,2,2017-02-18,https://www.jra.go.jp/datafile/seiseki/report/2017/2017-1tokyo7.pdf,official_daily_result_pdf
201705010703,2017,東京,1,7,3,2017-02-18,https://www.jra.go.jp/datafile/seiseki/report/2017/2017-1tokyo7.pdf,official_daily_result_pdf
201705010704,2017,東京,1,7,4,2017-02-18,https://www.jra.go.jp/datafile/seiseki/report/2017/2017-1tokyo7.pdf,official_daily_result_pdf
201705010705,2017,東京,1,7,5,2017-02-18,https://www.jra.go.jp/datafile/seiseki/report/2017/2017-1tokyo7.pdf,official_daily_result_pdf
201705010706,2017,東京,1,7,6,2017-02-18,https://www.jra.go.jp/datafile/seiseki/report/2017/2017-1tokyo7.pdf,official_daily_result_pdf
201705010707,2017,東京,1,7,7,2017-02-18,https://www.jra.go.jp/datafile/seiseki/report/2017/2017-1tokyo7.pdf,official_daily_result_pdf
201705010708,2017,東京,1,7,8,2017-02-18,https://www.jra.go.jp/datafile/seiseki/report/2017/2017-1tokyo7.pdf,official_daily_result_pdf
201705010709,2017,東京,1,7,9,2017-02-18,https://www.jra.go.jp/datafile/seiseki/report/2017/2017-1tokyo7.pdf,official_daily_result_pdf
201705010710,2017,東京,1,7,10,2017-02-18,https://www.jra.go.jp/datafile/seiseki/report/2017/2017-1tokyo7.pdf,official_daily_result_pdf
201705010711,2017,東京,1,7,11,2017-02-18,https://www.jra.go.jp/datafile/seiseki/report/2017/2017-1tokyo7.pdf,official_daily_result_pdf
201705010712,2017,東京,1,7,12,2017-02-18,https://www.jra.go.jp/datafile/seiseki/report/2017/2017-1tokyo7.pdf,official_daily_result_pdf
201705010801,2017,東京,1,8,1,2017-02-19,https://www.jra.go.jp/datafile/seiseki/report/2017/2017-1tokyo8.pdf,official_daily_result_pdf
201705010802,2017,東京,1,8,2,2017-02-19,https://www.jra.go.jp/datafile/seiseki/report/2017/2017-1tokyo8.pdf,official_daily_result_pdf
201705010803,2017,東京,1,8,3,2017-02-19,https://www.jra.go.jp/datafile/seiseki/report/2017/2017-1tokyo8.pdf,official_daily_result_pdf
201705010804,2017,東京,1,8,4,2017-02-19,https://www.jra.go.jp/datafile/seiseki/report/2017/2017-1tokyo8.pdf,official_daily_result_pdf
201705010805,2017,東京,1,8,5,2017-02-19,https://www.jra.go.jp/datafile/seiseki/report/2017/2017-1tokyo8.pdf,official_daily_result_pdf
201705010806,2017,東京,1,8,6,2017-02-19,https://www.jra.go.jp/datafile/seiseki/report/2017/2017-1tokyo8.pdf,official_daily_result_pdf
201705010807,2017,東京,1,8,7,2017-02-19,https://www.jra.go.jp/datafile/seiseki/report/2017/2017-1tokyo8.pdf,official_daily_result_pdf
201705010808,2017,東京,1,8,8,2017-02-19,https://www.jra.go.jp/datafile/seiseki/report/2017/2017-1tokyo8.pdf,official_daily_result_pdf
201705010809,2017,東京,1,8,9,2017-02-19,https://www.jra.go.jp/datafile/seiseki/report/2017/2017-1tokyo8.pdf,official_daily_result_pdf
201705010810,2017,東京,1,8,10,2017-02-19,https://www.jra.go.jp/datafile/seiseki/report/2017/2017-1tokyo8.pdf,official_daily_result_pdf
201705010811,2017,東京,1,8,11,2017-02-19,https://www.jra.go.jp/datafile/seiseki/report/2017/2017-1tokyo8.pdf,official_daily_result_pdf
201705010812,2017,東京,1,8,12,2017-02-19,https://www.jra.go.jp/datafile/seiseki/report/2017/2017-1tokyo8.pdf,official_daily_result_pdf
201705020101,2017,東京,2,1,1,2017-04-22,https://www.jra.go.jp/datafile/seiseki/report/2017/2017-2tokyo1.pdf,official_daily_result_pdf
201705020102,2017,東京,2,1,2,2017-04-22,https://www.jra.go.jp/datafile/seiseki/report/2017/2017-2tokyo1.pdf,official_daily_result_pdf
201705020103,2017,東京,2,1,3,2017-04-22,https://www.jra.go.jp/datafile/seiseki/report/2017/2017-2tokyo1.pdf,official_daily_result_pdf
201705020104,2017,東京,2,1,4,2017-04-22,https://www.jra.go.jp/datafile/seiseki/report/2017/2017-2tokyo1.pdf,official_daily_result_pdf
201705020105,2017,東京,2,1,5,2017-04-22,https://www.jra.go.jp/datafile/seiseki/report/2017/2017-2tokyo1.pdf,official_daily_result_pdf
201705020106,2017,東京,2,1,6,2017-04-22,https://www.jra.go.jp/datafile/seiseki/report/2017/2017-2tokyo1.pdf,official_daily_result_pdf
201705020107,2017,東京,2,1,7,2017-04-22,https://www.jra.go.jp/datafile/seiseki/report/2017/2017-2tokyo1.pdf,official_daily_result_pdf
201705020108,2017,東京,2,1,8,2017-04-22,https://www.jra.go.jp/datafile/seiseki/report/2017/2017-2tokyo1.pdf,official_daily_result_pdf
201705020109,2017,東京,2,1,9,2017-04-22,https://www.jra.go.jp/datafile/seiseki/report/2017/2017-2tokyo1.pdf,official_daily_result_pdf
201705020110,2017,東京,2,1,10,2017-04-22,https://www.jra.go.jp/datafile/seiseki/report/2017/2017-2tokyo1.pdf,official_daily_result_pdf
201705020111,2017,東京,2,1,11,2017-04-22,https://www.jra.go.jp/datafile/seiseki/report/2017/2017-2tokyo1.pdf,official_daily_result_pdf
201705020112,2017,東京,2,1,12,2017-04-22,https://www.jra.go.jp/datafile/seiseki/report/2017/2017-2tokyo1.pdf,official_daily_result_pdf
201705020201,2017,東京,2,2,1,2017-04-23,https://www.jra.go.jp/datafile/seiseki/report/2017/2017-2tokyo2.pdf,official_daily_result_pdf
201705020202,2017,東京,2,2,2,2017-04-23,https://www.jra.go.jp/datafile/seiseki/report/2017/2017-2tokyo2.pdf,official_daily_result_pdf
201705020203,2017,東京,2,2,3,2017-04-23,https://www.jra.go.jp/datafile/seiseki/report/2017/2017-2tokyo2.pdf,official_daily_result_pdf
201705020204,2017,東京,2,2,4,2017-04-23,https://www.jra.go.jp/datafile/seiseki/report/2017/2017-2tokyo2.pdf,official_daily_result_pdf
201705020205,2017,東京,2,2,5,2017-04-23,https://www.jra.go.jp/datafile/seiseki/report/2017/2017-2tokyo2.pdf,official_daily_result_pdf
201705020206,2017,東京,2,2,6,2017-04-23,https://www.jra.go.jp/datafile/seiseki/report/2017/2017-2tokyo2.pdf,official_daily_result_pdf
201705020207,2017,東京,2,2,7,2017-04-23,https://www.jra.go.jp/datafile/seiseki/report/2017/2017-2tokyo2.pdf,official_daily_result_pdf
201705020208,2017,東京,2,2,8,2017-04-23,https://www.jra.go.jp/datafile/seiseki/report/2017/2017-2tokyo2.pdf,official_daily_result_pdf
201705020209,2017,東京,2,2,9,2017-04-23,https://www.jra.go.jp/datafile/seiseki/report/2017/2017-2tokyo2.pdf,official_daily_result_pdf
201705020210,2017,東京,2,2,10,2017-04-23,https://www.jra.go.jp/datafile/seiseki/report/2017/2017-2tokyo2.pdf,official_daily_result_pdf
201705020211,2017,東京,2,2,11,2017-04-23,https://www.jra.go.jp/datafile/seiseki/report/2017/2017-2tokyo2.pdf,official_daily_result_pdf
201705020212,2017,東京,2,2,12,2017-04-23,https://www.jra.go.jp/datafile/seiseki/report/2017/2017-2tokyo2.pdf,official_daily_result_pdf
201705020301,2017,東京,2,3,1,2017-04-29,https://www.jra.go.jp/datafile/seiseki/report/2017/2017-2tokyo3.pdf,official_daily_result_pdf
201705020302,2017,東京,2,3,2,2017-04-29,https://www.jra.go.jp/datafile/seiseki/report/2017/2017-2tokyo3.pdf,official_daily_result_pdf
201705020303,2017,東京,2,3,3,2017-04-29,https://www.jra.go.jp/datafile/seiseki/report/2017/2017-2tokyo3.pdf,official_daily_result_pdf
201705020304,2017,東京,2,3,4,2017-04-29,https://www.jra.go.jp/datafile/seiseki/report/2017/2017-2tokyo3.pdf,official_daily_result_pdf
201705020305,2017,東京,2,3,5,2017-04-29,https://www.jra.go.jp/datafile/seiseki/report/2017/2017-2tokyo3.pdf,official_daily_result_pdf
201705020306,2017,東京,2,3,6,2017-04-29,https://www.jra.go.jp/datafile/seiseki/report/2017/2017-2tokyo3.pdf,official_daily_result_pdf
201705020307,2017,東京,2,3,7,2017-04-29,https://www.jra.go.jp/datafile/seiseki/report/2017/2017-2tokyo3.pdf,official_daily_result_pdf
201705020308,2017,東京,2,3,8,2017-04-29,https://www.jra.go.jp/datafile/seiseki/report/2017/2017-2tokyo3.pdf,official_daily_result_pdf
201705020309,2017,東京,2,3,9,2017-04-29,https://www.jra.go.jp/datafile/seiseki/report/2017/2017-2tokyo3.pdf,official_daily_result_pdf
201705020310,2017,東京,2,3,10,2017-04-29,https://www.jra.go.jp/datafile/seiseki/report/2017/2017-2tokyo3.pdf,official_daily_result_pdf
201705020311,2017,東京,2,3,11,2017-04-29,https://www.jra.go.jp/datafile/seiseki/report/2017/2017-2tokyo3.pdf,official_daily_result_pdf
201705020312,2017,東京,2,3,12,2017-04-29,https://www.jra.go.jp/datafile/seiseki/report/2017/2017-2tokyo3.pdf,official_daily_result_pdf
201705020401,2017,東京,2,4,1,2017-04-30,https://www.jra.go.jp/datafile/seiseki/report/2017/2017-2tokyo4.pdf,official_daily_result_pdf
201705020402,2017,東京,2,4,2,2017-04-30,https://www.jra.go.jp/datafile/seiseki/report/2017/2017-2tokyo4.pdf,official_daily_result_pdf
201705020403,2017,東京,2,4,3,2017-04-30,https://www.jra.go.jp/datafile/seiseki/report/2017/2017-2tokyo4.pdf,official_daily_result_pdf
201705020404,2017,東京,2,4,4,2017-04-30,https://www.jra.go.jp/datafile/seiseki/report/2017/2017-2tokyo4.pdf,official_daily_result_pdf
201705020405,2017,東京,2,4,5,2017-04-30,https://www.jra.go.jp/datafile/seiseki/report/2017/2017-2tokyo4.pdf,official_daily_result_pdf
201705020406,2017,東京,2,4,6,2017-04-30,https://www.jra.go.jp/datafile/seiseki/report/2017/2017-2tokyo4.pdf,official_daily_result_pdf
201705020407,2017,東京,2,4,7,2017-04-30,https://www.jra.go.jp/datafile/seiseki/report/2017/2017-2tokyo4.pdf,official_daily_result_pdf
201705020408,2017,東京,2,4,8,2017-04-30,https://www.jra.go.jp/datafile/seiseki/report/2017/2017-2tokyo4.pdf,official_daily_result_pdf
201705020409,2017,東京,2,4,9,2017-04-30,https://www.jra.go.jp/datafile/seiseki/report/2017/2017-2tokyo4.pdf,official_daily_result_pdf
201705020410,2017,東京,2,4,10,2017-04-30,https://www.jra.go.jp/datafile/seiseki/report/2017/2017-2tokyo4.pdf,official_daily_result_pdf
201705020411,2017,東京,2,4,11,2017-04-30,https://www.jra.go.jp/datafile/seiseki/report/2017/2017-2tokyo4.pdf,official_daily_result_pdf
201705020412,2017,東京,2,4,12,2017-04-30,https://www.jra.go.jp/datafile/seiseki/report/2017/2017-2tokyo4.pdf,official_daily_result_pdf
201705020501,2017,東京,2,5,1,2017-05-06,https://www.jra.go.jp/datafile/seiseki/report/2017/2017-2tokyo5.pdf,official_daily_result_pdf
201705020502,2017,東京,2,5,2,2017-05-06,https://www.jra.go.jp/datafile/seiseki/report/2017/2017-2tokyo5.pdf,official_daily_result_pdf
201705020503,2017,東京,2,5,3,2017-05-06,https://www.jra.go.jp/datafile/seiseki/report/2017/2017-2tokyo5.pdf,official_daily_result_pdf
201705020504,2017,東京,2,5,4,2017-05-06,https://www.jra.go.jp/datafile/seiseki/report/2017/2017-2tokyo5.pdf,official_daily_result_pdf
201705020505,2017,東京,2,5,5,2017-05-06,https://www.jra.go.jp/datafile/seiseki/report/2017/2017-2tokyo5.pdf,official_daily_result_pdf
201705020506,2017,東京,2,5,6,2017-05-06,https://www.jra.go.jp/datafile/seiseki/report/2017/2017-2tokyo5.pdf,official_daily_result_pdf
201705020507,2017,東京,2,5,7,2017-05-06,https://www.jra.go.jp/datafile/seiseki/report/2017/2017-2tokyo5.pdf,official_daily_result_pdf
201705020508,2017,東京,2,5,8,2017-05-06,https://www.jra.go.jp/datafile/seiseki/report/2017/2017-2tokyo5.pdf,official_daily_result_pdf
201705020509,2017,東京,2,5,9,2017-05-06,https://www.jra.go.jp/datafile/seiseki/report/2017/2017-2tokyo5.pdf,official_daily_result_pdf
201705020510,2017,東京,2,5,10,2017-05-06,https://www.jra.go.jp/datafile/seiseki/report/2017/2017-2tokyo5.pdf,official_daily_result_pdf
201705020511,2017,東京,2,5,11,2017-05-06,https://www.jra.go.jp/datafile/seiseki/report/2017/2017-2tokyo5.pdf,official_daily_result_pdf
201705020512,2017,東京,2,5,12,2017-05-06,https://www.jra.go.jp/datafile/seiseki/report/2017/2017-2tokyo5.pdf,official_daily_result_pdf
201705020601,2017,東京,2,6,1,2017-05-07,https://www.jra.go.jp/datafile/seiseki/report/2017/2017-2tokyo6.pdf,official_daily_result_pdf
201705020602,2017,東京,2,6,2,2017-05-07,https://www.jra.go.jp/datafile/seiseki/report/2017/2017-2tokyo6.pdf,official_daily_result_pdf
201705020603,2017,東京,2,6,3,2017-05-07,https://www.jra.go.jp/datafile/seiseki/report/2017/2017-2tokyo6.pdf,official_daily_result_pdf
201705020604,2017,東京,2,6,4,2017-05-07,https://www.jra.go.jp/datafile/seiseki/report/2017/2017-2tokyo6.pdf,official_daily_result_pdf
201705020605,2017,東京,2,6,5,2017-05-07,https://www.jra.go.jp/datafile/seiseki/report/2017/2017-2tokyo6.pdf,official_daily_result_pdf
201705020606,2017,東京,2,6,6,2017-05-07,https://www.jra.go.jp/datafile/seiseki/report/2017/2017-2tokyo6.pdf,official_daily_result_pdf
201705020607,2017,東京,2,6,7,2017-05-07,https://www.jra.go.jp/datafile/seiseki/report/2017/2017-2tokyo6.pdf,official_daily_result_pdf
201705020608,2017,東京,2,6,8,2017-05-07,https://www.jra.go.jp/datafile/seiseki/report/2017/2017-2tokyo6.pdf,official_daily_result_pdf
201705020609,2017,東京,2,6,9,2017-05-07,https://www.jra.go.jp/datafile/seiseki/report/2017/2017-2tokyo6.pdf,official_daily_result_pdf
201705020610,2017,東京,2,6,10,2017-05-07,https://www.jra.go.jp/datafile/seiseki/report/2017/2017-2tokyo6.pdf,official_daily_result_pdf
201705020611,2017,東京,2,6,11,2017-05-07,https://www.jra.go.jp/datafile/seiseki/report/2017/2017-2tokyo6.pdf,official_daily_result_pdf
201705020612,2017,東京,2,6,12,2017-05-07,https://www.jra.go.jp/datafile/seiseki/report/2017/2017-2tokyo6.pdf,official_daily_result_pdf
201705020701,2017,東京,2,7,1,2017-05-13,https://www.jra.go.jp/datafile/seiseki/report/2017/2017-2tokyo7.pdf,official_daily_result_pdf
201705020702,2017,東京,2,7,2,2017-05-13,https://www.jra.go.jp/datafile/seiseki/report/2017/2017-2tokyo7.pdf,official_daily_result_pdf
201705020703,2017,東京,2,7,3,2017-05-13,https://www.jra.go.jp/datafile/seiseki/report/2017/2017-2tokyo7.pdf,official_daily_result_pdf
201705020704,2017,東京,2,7,4,2017-05-13,https://www.jra.go.jp/datafile/seiseki/report/2017/2017-2tokyo7.pdf,official_daily_result_pdf
201705020705,2017,東京,2,7,5,2017-05-13,https://www.jra.go.jp/datafile/seiseki/report/2017/2017-2tokyo7.pdf,official_daily_result_pdf
201705020706,2017,東京,2,7,6,2017-05-13,https://www.jra.go.jp/datafile/seiseki/report/2017/2017-2tokyo7.pdf,official_daily_result_pdf
201705020707,2017,東京,2,7,7,2017-05-13,https://www.jra.go.jp/datafile/seiseki/report/2017/2017-2tokyo7.pdf,official_daily_result_pdf
201705020708,2017,東京,2,7,8,2017-05-13,https://www.jra.go.jp/datafile/seiseki/report/2017/2017-2tokyo7.pdf,official_daily_result_pdf
201705020709,2017,東京,2,7,9,2017-05-13,https://www.jra.go.jp/datafile/seiseki/report/2017/2017-2tokyo7.pdf,official_daily_result_pdf
201705020710,2017,東京,2,7,10,2017-05-13,https://www.jra.go.jp/datafile/seiseki/report/2017/2017-2tokyo7.pdf,official_daily_result_pdf
201705020711,2017,東京,2,7,11,2017-05-13,https://www.jra.go.jp/datafile/seiseki/report/2017/2017-2tokyo7.pdf,official_daily_result_pdf
201705020712,2017,東京,2,7,12,2017-05-13,https://www.jra.go.jp/datafile/seiseki/report/2017/2017-2tokyo7.pdf,official_daily_result_pdf
201705020801,2017,東京,2,8,1,2017-05-14,https://www.jra.go.jp/datafile/seiseki/report/2017/2017-2tokyo8.pdf,official_daily_result_pdf
201705020802,2017,東京,2,8,2,2017-05-14,https://www.jra.go.jp/datafile/seiseki/report/2017/2017-2tokyo8.pdf,official_daily_result_pdf
201705020803,2017,東京,2,8,3,2017-05-14,https://www.jra.go.jp/datafile/seiseki/report/2017/2017-2tokyo8.pdf,official_daily_result_pdf
201705020804,2017,東京,2,8,4,2017-05-14,https://www.jra.go.jp/datafile/seiseki/report/2017/2017-2tokyo8.pdf,official_daily_result_pdf
201705020805,2017,東京,2,8,5,2017-05-14,https://www.jra.go.jp/datafile/seiseki/report/2017/2017-2tokyo8.pdf,official_daily_result_pdf
201705020806,2017,東京,2,8,6,2017-05-14,https://www.jra.go.jp/datafile/seiseki/report/2017/2017-2tokyo8.pdf,official_daily_result_pdf
201705020807,2017,東京,2,8,7,2017-05-14,https://www.jra.go.jp/datafile/seiseki/report/2017/2017-2tokyo8.pdf,official_daily_result_pdf
201705020808,2017,東京,2,8,8,2017-05-14,https://www.jra.go.jp/datafile/seiseki/report/2017/2017-2tokyo8.pdf,official_daily_result_pdf
201705020809,2017,東京,2,8,9,2017-05-14,https://www.jra.go.jp/datafile/seiseki/report/2017/2017-2tokyo8.pdf,official_daily_result_pdf
201705020810,2017,東京,2,8,10,2017-05-14,https://www.jra.go.jp/datafile/seiseki/report/2017/2017-2tokyo8.pdf,official_daily_result_pdf
201705020811,2017,東京,2,8,11,2017-05-14,https://www.jra.go.jp/datafile/seiseki/report/2017/2017-2tokyo8.pdf,official_daily_result_pdf
201705020812,2017,東京,2,8,12,2017-05-14,https://www.jra.go.jp/datafile/seiseki/report/2017/2017-2tokyo8.pdf,official_daily_result_pdf
201705020901,2017,東京,2,9,1,2017-05-20,https://www.jra.go.jp/datafile/seiseki/report/2017/2017-2tokyo9.pdf,official_daily_result_pdf
201705020902,2017,東京,2,9,2,2017-05-20,https://www.jra.go.jp/datafile/seiseki/report/2017/2017-2tokyo9.pdf,official_daily_result_pdf
201705020903,2017,東京,2,9,3,2017-05-20,https://www.jra.go.jp/datafile/seiseki/report/2017/2017-2tokyo9.pdf,official_daily_result_pdf
201705020904,2017,東京,2,9,4,2017-05-20,https://www.jra.go.jp/datafile/seiseki/report/2017/2017-2tokyo9.pdf,official_daily_result_pdf
201705020905,2017,東京,2,9,5,2017-05-20,https://www.jra.go.jp/datafile/seiseki/report/2017/2017-2tokyo9.pdf,official_daily_result_pdf
201705020906,2017,東京,2,9,6,2017-05-20,https://www.jra.go.jp/datafile/seiseki/report/2017/2017-2tokyo9.pdf,official_daily_result_pdf
201705020907,2017,東京,2,9,7,2017-05-20,https://www.jra.go.jp/datafile/seiseki/report/2017/2017-2tokyo9.pdf,official_daily_result_pdf
201705020908,2017,東京,2,9,8,2017-05-20,https://www.jra.go.jp/datafile/seiseki/report/2017/2017-2tokyo9.pdf,official_daily_result_pdf
201705020909,2017,東京,2,9,9,2017-05-20,https://www.jra.go.jp/datafile/seiseki/report/2017/2017-2tokyo9.pdf,official_daily_result_pdf
201705020910,2017,東京,2,9,10,2017-05-20,https://www.jra.go.jp/datafile/seiseki/report/2017/2017-2tokyo9.pdf,official_daily_result_pdf
201705020911,2017,東京,2,9,11,2017-05-20,https://www.jra.go.jp/datafile/seiseki/report/2017/2017-2tokyo9.pdf,official_daily_result_pdf
201705020912,2017,東京,2,9,12,2017-05-20,https://www.jra.go.jp/datafile/seiseki/report/2017/2017-2tokyo9.pdf,official_daily_result_pdf
201705021001,2017,東京,2,10,1,2017-05-21,https://www.jra.go.jp/datafile/seiseki/report/2017/2017-2tokyo10.pdf,official_daily_result_pdf
201705021002,2017,東京,2,10,2,2017-05-21,https://www.jra.go.jp/datafile/seiseki/report/2017/2017-2tokyo10.pdf,official_daily_result_pdf
201705021003,2017,東京,2,10,3,2017-05-21,https://www.jra.go.jp/datafile/seiseki/report/2017/2017-2tokyo10.pdf,official_daily_result_pdf
201705021004,2017,東京,2,10,4,2017-05-21,https://www.jra.go.jp/datafile/seiseki/report/2017/2017-2tokyo10.pdf,official_daily_result_pdf
201705021005,2017,東京,2,10,5,2017-05-21,https://www.jra.go.jp/datafile/seiseki/report/2017/2017-2tokyo10.pdf,official_daily_result_pdf
201705021006,2017,東京,2,10,6,2017-05-21,https://www.jra.go.jp/datafile/seiseki/report/2017/2017-2tokyo10.pdf,official_daily_result_pdf
201705021007,2017,東京,2,10,7,2017-05-21,https://www.jra.go.jp/datafile/seiseki/report/2017/2017-2tokyo10.pdf,official_daily_result_pdf
201705021008,2017,東京,2,10,8,2017-05-21,https://www.jra.go.jp/datafile/seiseki/report/2017/2017-2tokyo10.pdf,official_daily_result_pdf
201705021009,2017,東京,2,10,9,2017-05-21,https://www.jra.go.jp/datafile/seiseki/report/2017/2017-2tokyo10.pdf,official_daily_result_pdf
201705021010,2017,東京,2,10,10,2017-05-21,https://www.jra.go.jp/datafile/seiseki/report/2017/2017-2tokyo10.pdf,official_daily_result_pdf
201705021011,2017,東京,2,10,11,2017-05-21,https://www.jra.go.jp/datafile/seiseki/report/2017/2017-2tokyo10.pdf,official_daily_result_pdf
201705021012,2017,東京,2,10,12,2017-05-21,https://www.jra.go.jp/datafile/seiseki/report/2017/2017-2tokyo10.pdf,official_daily_result_pdf
201705021101,2017,東京,2,11,1,2017-05-27,https://www.jra.go.jp/datafile/seiseki/report/2017/2017-2tokyo11.pdf,official_daily_result_pdf
201705021102,2017,東京,2,11,2,2017-05-27,https://www.jra.go.jp/datafile/seiseki/report/2017/2017-2tokyo11.pdf,official_daily_result_pdf
201705021103,2017,東京,2,11,3,2017-05-27,https://www.jra.go.jp/datafile/seiseki/report/2017/2017-2tokyo11.pdf,official_daily_result_pdf
201705021104,2017,東京,2,11,4,2017-05-27,https://www.jra.go.jp/datafile/seiseki/report/2017/2017-2tokyo11.pdf,official_daily_result_pdf
201705021105,2017,東京,2,11,5,2017-05-27,https://www.jra.go.jp/datafile/seiseki/report/2017/2017-2tokyo11.pdf,official_daily_result_pdf
201705021106,2017,東京,2,11,6,2017-05-27,https://www.jra.go.jp/datafile/seiseki/report/2017/2017-2tokyo11.pdf,official_daily_result_pdf
201705021107,2017,東京,2,11,7,2017-05-27,https://www.jra.go.jp/datafile/seiseki/report/2017/2017-2tokyo11.pdf,official_daily_result_pdf
201705021108,2017,東京,2,11,8,2017-05-27,https://www.jra.go.jp/datafile/seiseki/report/2017/2017-2tokyo11.pdf,official_daily_result_pdf
201705021109,2017,東京,2,11,9,2017-05-27,https://www.jra.go.jp/datafile/seiseki/report/2017/2017-2tokyo11.pdf,official_daily_result_pdf
201705021110,2017,東京,2,11,10,2017-05-27,https://www.jra.go.jp/datafile/seiseki/report/2017/2017-2tokyo11.pdf,official_daily_result_pdf
201705021111,2017,東京,2,11,11,2017-05-27,https://www.jra.go.jp/datafile/seiseki/report/2017/2017-2tokyo11.pdf,official_daily_result_pdf
201705021112,2017,東京,2,11,12,2017-05-27,https://www.jra.go.jp/datafile/seiseki/report/2017/2017-2tokyo11.pdf,official_daily_result_pdf
201705021201,2017,東京,2,12,1,2017-05-28,https://www.jra.go.jp/datafile/seiseki/report/2017/2017-2tokyo12.pdf,official_daily_result_pdf
201705021202,2017,東京,2,12,2,2017-05-28,https://www.jra.go.jp/datafile/seiseki/report/2017/2017-2tokyo12.pdf,official_daily_result_pdf
201705021203,2017,東京,2,12,3,2017-05-28,https://www.jra.go.jp/datafile/seiseki/report/2017/2017-2tokyo12.pdf,official_daily_result_pdf
201705021204,2017,東京,2,12,4,2017-05-28,https://www.jra.go.jp/datafile/seiseki/report/2017/2017-2tokyo12.pdf,official_daily_result_pdf
201705021205,2017,東京,2,12,5,2017-05-28,https://www.jra.go.jp/datafile/seiseki/report/2017/2017-2tokyo12.pdf,official_daily_result_pdf
201705021206,2017,東京,2,12,6,2017-05-28,https://www.jra.go.jp/datafile/seiseki/report/2017/2017-2tokyo12.pdf,official_daily_result_pdf
201705021207,2017,東京,2,12,7,2017-05-28,https://www.jra.go.jp/datafile/seiseki/report/2017/2017-2tokyo12.pdf,official_daily_result_pdf
201705021208,2017,東京,2,12,8,2017-05-28,https://www.jra.go.jp/datafile/seiseki/report/2017/2017-2tokyo12.pdf,official_daily_result_pdf
201705021209,2017,東京,2,12,9,2017-05-28,https://www.jra.go.jp/datafile/seiseki/report/2017/2017-2tokyo12.pdf,official_daily_result_pdf
201705021210,2017,東京,2,12,10,2017-05-28,https://www.jra.go.jp/datafile/seiseki/report/2017/2017-2tokyo12.pdf,official_daily_result_pdf
201705021211,2017,東京,2,12,11,2017-05-28,https://www.jra.go.jp/datafile/seiseki/report/2017/2017-2tokyo12.pdf,official_daily_result_pdf
201705021212,2017,東京,2,12,12,2017-05-28,https://www.jra.go.jp/datafile/seiseki/report/2017/2017-2tokyo12.pdf,official_daily_result_pdf
201705030101,2017,東京,3,1,1,2017-06-03,https://www.jra.go.jp/datafile/seiseki/report/2017/2017-3tokyo1.pdf,official_daily_result_pdf
201705030102,2017,東京,3,1,2,2017-06-03,https://www.jra.go.jp/datafile/seiseki/report/2017/2017-3tokyo1.pdf,official_daily_result_pdf
201705030103,2017,東京,3,1,3,2017-06-03,https://www.jra.go.jp/datafile/seiseki/report/2017/2017-3tokyo1.pdf,official_daily_result_pdf
201705030104,2017,東京,3,1,4,2017-06-03,https://www.jra.go.jp/datafile/seiseki/report/2017/2017-3tokyo1.pdf,official_daily_result_pdf
201705030105,2017,東京,3,1,5,2017-06-03,https://www.jra.go.jp/datafile/seiseki/report/2017/2017-3tokyo1.pdf,official_daily_result_pdf
201705030106,2017,東京,3,1,6,2017-06-03,https://www.jra.go.jp/datafile/seiseki/report/2017/2017-3tokyo1.pdf,official_daily_result_pdf
201705030107,2017,東京,3,1,7,2017-06-03,https://www.jra.go.jp/datafile/seiseki/report/2017/2017-3tokyo1.pdf,official_daily_result_pdf
201705030108,2017,東京,3,1,8,2017-06-03,https://www.jra.go.jp/datafile/seiseki/report/2017/2017-3tokyo1.pdf,official_daily_result_pdf
201705030109,2017,東京,3,1,9,2017-06-03,https://www.jra.go.jp/datafile/seiseki/report/2017/2017-3tokyo1.pdf,official_daily_result_pdf
201705030110,2017,東京,3,1,10,2017-06-03,https://www.jra.go.jp/datafile/seiseki/report/2017/2017-3tokyo1.pdf,official_daily_result_pdf
201705030111,2017,東京,3,1,11,2017-06-03,https://www.jra.go.jp/datafile/seiseki/report/2017/2017-3tokyo1.pdf,official_daily_result_pdf
201705030112,2017,東京,3,1,12,2017-06-03,https://www.jra.go.jp/datafile/seiseki/report/2017/2017-3tokyo1.pdf,official_daily_result_pdf
201705030201,2017,東京,3,2,1,2017-06-04,https://www.jra.go.jp/datafile/seiseki/report/2017/2017-3tokyo2.pdf,official_daily_result_pdf
201705030202,2017,東京,3,2,2,2017-06-04,https://www.jra.go.jp/datafile/seiseki/report/2017/2017-3tokyo2.pdf,official_daily_result_pdf
201705030203,2017,東京,3,2,3,2017-06-04,https://www.jra.go.jp/datafile/seiseki/report/2017/2017-3tokyo2.pdf,official_daily_result_pdf
201705030204,2017,東京,3,2,4,2017-06-04,https://www.jra.go.jp/datafile/seiseki/report/2017/2017-3tokyo2.pdf,official_daily_result_pdf
201705030205,2017,東京,3,2,5,2017-06-04,https://www.jra.go.jp/datafile/seiseki/report/2017/2017-3tokyo2.pdf,official_daily_result_pdf
201705030206,2017,東京,3,2,6,2017-06-04,https://www.jra.go.jp/datafile/seiseki/report/2017/2017-3tokyo2.pdf,official_daily_result_pdf
201705030207,2017,東京,3,2,7,2017-06-04,https://www.jra.go.jp/datafile/seiseki/report/2017/2017-3tokyo2.pdf,official_daily_result_pdf
201705030208,2017,東京,3,2,8,2017-06-04,https://www.jra.go.jp/datafile/seiseki/report/2017/2017-3tokyo2.pdf,official_daily_result_pdf
201705030209,2017,東京,3,2,9,2017-06-04,https://www.jra.go.jp/datafile/seiseki/report/2017/2017-3tokyo2.pdf,official_daily_result_pdf
201705030210,2017,東京,3,2,10,2017-06-04,https://www.jra.go.jp/datafile/seiseki/report/2017/2017-3tokyo2.pdf,official_daily_result_pdf
201705030211,2017,東京,3,2,11,2017-06-04,https://www.jra.go.jp/datafile/seiseki/report/2017/2017-3tokyo2.pdf,official_daily_result_pdf
201705030212,2017,東京,3,2,12,2017-06-04,https://www.jra.go.jp/datafile/seiseki/report/2017/2017-3tokyo2.pdf,official_daily_result_pdf
201705030301,2017,東京,3,3,1,2017-06-10,https://www.jra.go.jp/datafile/seiseki/report/2017/2017-3tokyo3.pdf,official_daily_result_pdf
201705030302,2017,東京,3,3,2,2017-06-10,https://www.jra.go.jp/datafile/seiseki/report/2017/2017-3tokyo3.pdf,official_daily_result_pdf
201705030303,2017,東京,3,3,3,2017-06-10,https://www.jra.go.jp/datafile/seiseki/report/2017/2017-3tokyo3.pdf,official_daily_result_pdf
201705030304,2017,東京,3,3,4,2017-06-10,https://www.jra.go.jp/datafile/seiseki/report/2017/2017-3tokyo3.pdf,official_daily_result_pdf
201705030305,2017,東京,3,3,5,2017-06-10,https://www.jra.go.jp/datafile/seiseki/report/2017/2017-3tokyo3.pdf,official_daily_result_pdf
201705030306,2017,東京,3,3,6,2017-06-10,https://www.jra.go.jp/datafile/seiseki/report/2017/2017-3tokyo3.pdf,official_daily_result_pdf
201705030307,2017,東京,3,3,7,2017-06-10,https://www.jra.go.jp/datafile/seiseki/report/2017/2017-3tokyo3.pdf,official_daily_result_pdf
201705030308,2017,東京,3,3,8,2017-06-10,https://www.jra.go.jp/datafile/seiseki/report/2017/2017-3tokyo3.pdf,official_daily_result_pdf
201705030309,2017,東京,3,3,9,2017-06-10,https://www.jra.go.jp/datafile/seiseki/report/2017/2017-3tokyo3.pdf,official_daily_result_pdf
201705030310,2017,東京,3,3,10,2017-06-10,https://www.jra.go.jp/datafile/seiseki/report/2017/2017-3tokyo3.pdf,official_daily_result_pdf
201705030311,2017,東京,3,3,11,2017-06-10,https://www.jra.go.jp/datafile/seiseki/report/2017/2017-3tokyo3.pdf,official_daily_result_pdf
201705030312,2017,東京,3,3,12,2017-06-10,https://www.jra.go.jp/datafile/seiseki/report/2017/2017-3tokyo3.pdf,official_daily_result_pdf
201705030401,2017,東京,3,4,1,2017-06-11,https://www.jra.go.jp/datafile/seiseki/report/2017/2017-3tokyo4.pdf,official_daily_result_pdf
201705030402,2017,東京,3,4,2,2017-06-11,https://www.jra.go.jp/datafile/seiseki/report/2017/2017-3tokyo4.pdf,official_daily_result_pdf
201705030403,2017,東京,3,4,3,2017-06-11,https://www.jra.go.jp/datafile/seiseki/report/2017/2017-3tokyo4.pdf,official_daily_result_pdf
201705030404,2017,東京,3,4,4,2017-06-11,https://www.jra.go.jp/datafile/seiseki/report/2017/2017-3tokyo4.pdf,official_daily_result_pdf
201705030405,2017,東京,3,4,5,2017-06-11,https://www.jra.go.jp/datafile/seiseki/report/2017/2017-3tokyo4.pdf,official_daily_result_pdf
201705030406,2017,東京,3,4,6,2017-06-11,https://www.jra.go.jp/datafile/seiseki/report/2017/2017-3tokyo4.pdf,official_daily_result_pdf
201705030407,2017,東京,3,4,7,2017-06-11,https://www.jra.go.jp/datafile/seiseki/report/2017/2017-3tokyo4.pdf,official_daily_result_pdf
201705030408,2017,東京,3,4,8,2017-06-11,https://www.jra.go.jp/datafile/seiseki/report/2017/2017-3tokyo4.pdf,official_daily_result_pdf
201705030409,2017,東京,3,4,9,2017-06-11,https://www.jra.go.jp/datafile/seiseki/report/2017/2017-3tokyo4.pdf,official_daily_result_pdf
201705030410,2017,東京,3,4,10,2017-06-11,https://www.jra.go.jp/datafile/seiseki/report/2017/2017-3tokyo4.pdf,official_daily_result_pdf
201705030411,2017,東京,3,4,11,2017-06-11,https://www.jra.go.jp/datafile/seiseki/report/2017/2017-3tokyo4.pdf,official_daily_result_pdf
201705030412,2017,東京,3,4,12,2017-06-11,https://www.jra.go.jp/datafile/seiseki/report/2017/2017-3tokyo4.pdf,official_daily_result_pdf
201705030501,2017,東京,3,5,1,2017-06-17,https://www.jra.go.jp/datafile/seiseki/report/2017/2017-3tokyo5.pdf,official_daily_result_pdf
201705030502,2017,東京,3,5,2,2017-06-17,https://www.jra.go.jp/datafile/seiseki/report/2017/2017-3tokyo5.pdf,official_daily_result_pdf
201705030503,2017,東京,3,5,3,2017-06-17,https://www.jra.go.jp/datafile/seiseki/report/2017/2017-3tokyo5.pdf,official_daily_result_pdf
201705030504,2017,東京,3,5,4,2017-06-17,https://www.jra.go.jp/datafile/seiseki/report/2017/2017-3tokyo5.pdf,official_daily_result_pdf
201705030505,2017,東京,3,5,5,2017-06-17,https://www.jra.go.jp/datafile/seiseki/report/2017/2017-3tokyo5.pdf,official_daily_result_pdf
201705030506,2017,東京,3,5,6,2017-06-17,https://www.jra.go.jp/datafile/seiseki/report/2017/2017-3tokyo5.pdf,official_daily_result_pdf
201705030507,2017,東京,3,5,7,2017-06-17,https://www.jra.go.jp/datafile/seiseki/report/2017/2017-3tokyo5.pdf,official_daily_result_pdf
201705030508,2017,東京,3,5,8,2017-06-17,https://www.jra.go.jp/datafile/seiseki/report/2017/2017-3tokyo5.pdf,official_daily_result_pdf
201705030509,2017,東京,3,5,9,2017-06-17,https://www.jra.go.jp/datafile/seiseki/report/2017/2017-3tokyo5.pdf,official_daily_result_pdf
201705030510,2017,東京,3,5,10,2017-06-17,https://www.jra.go.jp/datafile/seiseki/report/2017/2017-3tokyo5.pdf,official_daily_result_pdf
201705030511,2017,東京,3,5,11,2017-06-17,https://www.jra.go.jp/datafile/seiseki/report/2017/2017-3tokyo5.pdf,official_daily_result_pdf
201705030512,2017,東京,3,5,12,2017-06-17,https://www.jra.go.jp/datafile/seiseki/report/2017/2017-3tokyo5.pdf,official_daily_result_pdf
201705030601,2017,東京,3,6,1,2017-06-18,https://www.jra.go.jp/datafile/seiseki/report/2017/2017-3tokyo6.pdf,official_daily_result_pdf
201705030602,2017,東京,3,6,2,2017-06-18,https://www.jra.go.jp/datafile/seiseki/report/2017/2017-3tokyo6.pdf,official_daily_result_pdf
201705030603,2017,東京,3,6,3,2017-06-18,https://www.jra.go.jp/datafile/seiseki/report/2017/2017-3tokyo6.pdf,official_daily_result_pdf
201705030604,2017,東京,3,6,4,2017-06-18,https://www.jra.go.jp/datafile/seiseki/report/2017/2017-3tokyo6.pdf,official_daily_result_pdf
201705030605,2017,東京,3,6,5,2017-06-18,https://www.jra.go.jp/datafile/seiseki/report/2017/2017-3tokyo6.pdf,official_daily_result_pdf
201705030606,2017,東京,3,6,6,2017-06-18,https://www.jra.go.jp/datafile/seiseki/report/2017/2017-3tokyo6.pdf,official_daily_result_pdf
201705030607,2017,東京,3,6,7,2017-06-18,https://www.jra.go.jp/datafile/seiseki/report/2017/2017-3tokyo6.pdf,official_daily_result_pdf
201705030608,2017,東京,3,6,8,2017-06-18,https://www.jra.go.jp/datafile/seiseki/report/2017/2017-3tokyo6.pdf,official_daily_result_pdf
201705030609,2017,東京,3,6,9,2017-06-18,https://www.jra.go.jp/datafile/seiseki/report/2017/2017-3tokyo6.pdf,official_daily_result_pdf
201705030610,2017,東京,3,6,10,2017-06-18,https://www.jra.go.jp/datafile/seiseki/report/2017/2017-3tokyo6.pdf,official_daily_result_pdf
201705030611,2017,東京,3,6,11,2017-06-18,https://www.jra.go.jp/datafile/seiseki/report/2017/2017-3tokyo6.pdf,official_daily_result_pdf
201705030612,2017,東京,3,6,12,2017-06-18,https://www.jra.go.jp/datafile/seiseki/report/2017/2017-3tokyo6.pdf,official_daily_result_pdf
201705030701,2017,東京,3,7,1,2017-06-24,https://www.jra.go.jp/datafile/seiseki/report/2017/2017-3tokyo7.pdf,official_daily_result_pdf
201705030702,2017,東京,3,7,2,2017-06-24,https://www.jra.go.jp/datafile/seiseki/report/2017/2017-3tokyo7.pdf,official_daily_result_pdf
201705030703,2017,東京,3,7,3,2017-06-24,https://www.jra.go.jp/datafile/seiseki/report/2017/2017-3tokyo7.pdf,official_daily_result_pdf
201705030704,2017,東京,3,7,4,2017-06-24,https://www.jra.go.jp/datafile/seiseki/report/2017/2017-3tokyo7.pdf,official_daily_result_pdf
201705030705,2017,東京,3,7,5,2017-06-24,https://www.jra.go.jp/datafile/seiseki/report/2017/2017-3tokyo7.pdf,official_daily_result_pdf
201705030706,2017,東京,3,7,6,2017-06-24,https://www.jra.go.jp/datafile/seiseki/report/2017/2017-3tokyo7.pdf,official_daily_result_pdf
201705030707,2017,東京,3,7,7,2017-06-24,https://www.jra.go.jp/datafile/seiseki/report/2017/2017-3tokyo7.pdf,official_daily_result_pdf
201705030708,2017,東京,3,7,8,2017-06-24,https://www.jra.go.jp/datafile/seiseki/report/2017/2017-3tokyo7.pdf,official_daily_result_pdf
201705030709,2017,東京,3,7,9,2017-06-24,https://www.jra.go.jp/datafile/seiseki/report/2017/2017-3tokyo7.pdf,official_daily_result_pdf
201705030710,2017,東京,3,7,10,2017-06-24,https://www.jra.go.jp/datafile/seiseki/report/2017/2017-3tokyo7.pdf,official_daily_result_pdf
201705030711,2017,東京,3,7,11,2017-06-24,https://www.jra.go.jp/datafile/seiseki/report/2017/2017-3tokyo7.pdf,official_daily_result_pdf
201705030712,2017,東京,3,7,12,2017-06-24,https://www.jra.go.jp/datafile/seiseki/report/2017/2017-3tokyo7.pdf,official_daily_result_pdf
201705030801,2017,東京,3,8,1,2017-06-25,https://www.jra.go.jp/datafile/seiseki/report/2017/2017-3tokyo8.pdf,official_daily_result_pdf
201705030802,2017,東京,3,8,2,2017-06-25,https://www.jra.go.jp/datafile/seiseki/report/2017/2017-3tokyo8.pdf,official_daily_result_pdf
201705030803,2017,東京,3,8,3,2017-06-25,https://www.jra.go.jp/datafile/seiseki/report/2017/2017-3tokyo8.pdf,official_daily_result_pdf
201705030804,2017,東京,3,8,4,2017-06-25,https://www.jra.go.jp/datafile/seiseki/report/2017/2017-3tokyo8.pdf,official_daily_result_pdf
201705030805,2017,東京,3,8,5,2017-06-25,https://www.jra.go.jp/datafile/seiseki/report/2017/2017-3tokyo8.pdf,official_daily_result_pdf
201705030806,2017,東京,3,8,6,2017-06-25,https://www.jra.go.jp/datafile/seiseki/report/2017/2017-3tokyo8.pdf,official_daily_result_pdf
201705030807,2017,東京,3,8,7,2017-06-25,https://www.jra.go.jp/datafile/seiseki/report/2017/2017-3tokyo8.pdf,official_daily_result_pdf
201705030808,2017,東京,3,8,8,2017-06-25,https://www.jra.go.jp/datafile/seiseki/report/2017/2017-3tokyo8.pdf,official_daily_result_pdf
201705030809,2017,東京,3,8,9,2017-06-25,https://www.jra.go.jp/datafile/seiseki/report/2017/2017-3tokyo8.pdf,official_daily_result_pdf
201705030810,2017,東京,3,8,10,2017-06-25,https://www.jra.go.jp/datafile/seiseki/report/2017/2017-3tokyo8.pdf,official_daily_result_pdf
201705030811,2017,東京,3,8,11,2017-06-25,https://www.jra.go.jp/datafile/seiseki/report/2017/2017-3tokyo8.pdf,official_daily_result_pdf
201705030812,2017,東京,3,8,12,2017-06-25,https://www.jra.go.jp/datafile/seiseki/report/2017/2017-3tokyo8.pdf,official_daily_result_pdf
201705040101,2017,東京,4,1,1,2017-10-07,https://www.jra.go.jp/datafile/seiseki/report/2017/2017-4tokyo1.pdf,official_daily_result_pdf
201705040102,2017,東京,4,1,2,2017-10-07,https://www.jra.go.jp/datafile/seiseki/report/2017/2017-4tokyo1.pdf,official_daily_result_pdf
201705040103,2017,東京,4,1,3,2017-10-07,https://www.jra.go.jp/datafile/seiseki/report/2017/2017-4tokyo1.pdf,official_daily_result_pdf
201705040104,2017,東京,4,1,4,2017-10-07,https://www.jra.go.jp/datafile/seiseki/report/2017/2017-4tokyo1.pdf,official_daily_result_pdf
201705040105,2017,東京,4,1,5,2017-10-07,https://www.jra.go.jp/datafile/seiseki/report/2017/2017-4tokyo1.pdf,official_daily_result_pdf
201705040106,2017,東京,4,1,6,2017-10-07,https://www.jra.go.jp/datafile/seiseki/report/2017/2017-4tokyo1.pdf,official_daily_result_pdf
201705040107,2017,東京,4,1,7,2017-10-07,https://www.jra.go.jp/datafile/seiseki/report/2017/2017-4tokyo1.pdf,official_daily_result_pdf
201705040108,2017,東京,4,1,8,2017-10-07,https://www.jra.go.jp/datafile/seiseki/report/2017/2017-4tokyo1.pdf,official_daily_result_pdf
201705040109,2017,東京,4,1,9,2017-10-07,https://www.jra.go.jp/datafile/seiseki/report/2017/2017-4tokyo1.pdf,official_daily_result_pdf
201705040110,2017,東京,4,1,10,2017-10-07,https://www.jra.go.jp/datafile/seiseki/report/2017/2017-4tokyo1.pdf,official_daily_result_pdf
201705040111,2017,東京,4,1,11,2017-10-07,https://www.jra.go.jp/datafile/seiseki/report/2017/2017-4tokyo1.pdf,official_daily_result_pdf
201705040112,2017,東京,4,1,12,2017-10-07,https://www.jra.go.jp/datafile/seiseki/report/2017/2017-4tokyo1.pdf,official_daily_result_pdf
201705040201,2017,東京,4,2,1,2017-10-08,https://www.jra.go.jp/datafile/seiseki/report/2017/2017-4tokyo2.pdf,official_daily_result_pdf
201705040202,2017,東京,4,2,2,2017-10-08,https://www.jra.go.jp/datafile/seiseki/report/2017/2017-4tokyo2.pdf,official_daily_result_pdf
201705040203,2017,東京,4,2,3,2017-10-08,https://www.jra.go.jp/datafile/seiseki/report/2017/2017-4tokyo2.pdf,official_daily_result_pdf
201705040204,2017,東京,4,2,4,2017-10-08,https://www.jra.go.jp/datafile/seiseki/report/2017/2017-4tokyo2.pdf,official_daily_result_pdf
201705040205,2017,東京,4,2,5,2017-10-08,https://www.jra.go.jp/datafile/seiseki/report/2017/2017-4tokyo2.pdf,official_daily_result_pdf
201705040206,2017,東京,4,2,6,2017-10-08,https://www.jra.go.jp/datafile/seiseki/report/2017/2017-4tokyo2.pdf,official_daily_result_pdf
201705040207,2017,東京,4,2,7,2017-10-08,https://www.jra.go.jp/datafile/seiseki/report/2017/2017-4tokyo2.pdf,official_daily_result_pdf
201705040208,2017,東京,4,2,8,2017-10-08,https://www.jra.go.jp/datafile/seiseki/report/2017/2017-4tokyo2.pdf,official_daily_result_pdf
201705040209,2017,東京,4,2,9,2017-10-08,https://www.jra.go.jp/datafile/seiseki/report/2017/2017-4tokyo2.pdf,official_daily_result_pdf
201705040210,2017,東京,4,2,10,2017-10-08,https://www.jra.go.jp/datafile/seiseki/report/2017/2017-4tokyo2.pdf,official_daily_result_pdf
201705040211,2017,東京,4,2,11,2017-10-08,https://www.jra.go.jp/datafile/seiseki/report/2017/2017-4tokyo2.pdf,official_daily_result_pdf
201705040212,2017,東京,4,2,12,2017-10-08,https://www.jra.go.jp/datafile/seiseki/report/2017/2017-4tokyo2.pdf,official_daily_result_pdf
201705040301,2017,東京,4,3,1,2017-10-09,https://www.jra.go.jp/datafile/seiseki/report/2017/2017-4tokyo3.pdf,official_daily_result_pdf
201705040302,2017,東京,4,3,2,2017-10-09,https://www.jra.go.jp/datafile/seiseki/report/2017/2017-4tokyo3.pdf,official_daily_result_pdf
201705040303,2017,東京,4,3,3,2017-10-09,https://www.jra.go.jp/datafile/seiseki/report/2017/2017-4tokyo3.pdf,official_daily_result_pdf
201705040304,2017,東京,4,3,4,2017-10-09,https://www.jra.go.jp/datafile/seiseki/report/2017/2017-4tokyo3.pdf,official_daily_result_pdf
201705040305,2017,東京,4,3,5,2017-10-09,https://www.jra.go.jp/datafile/seiseki/report/2017/2017-4tokyo3.pdf,official_daily_result_pdf
201705040306,2017,東京,4,3,6,2017-10-09,https://www.jra.go.jp/datafile/seiseki/report/2017/2017-4tokyo3.pdf,official_daily_result_pdf
201705040307,2017,東京,4,3,7,2017-10-09,https://www.jra.go.jp/datafile/seiseki/report/2017/2017-4tokyo3.pdf,official_daily_result_pdf
201705040308,2017,東京,4,3,8,2017-10-09,https://www.jra.go.jp/datafile/seiseki/report/2017/2017-4tokyo3.pdf,official_daily_result_pdf
201705040309,2017,東京,4,3,9,2017-10-09,https://www.jra.go.jp/datafile/seiseki/report/2017/2017-4tokyo3.pdf,official_daily_result_pdf
201705040310,2017,東京,4,3,10,2017-10-09,https://www.jra.go.jp/datafile/seiseki/report/2017/2017-4tokyo3.pdf,official_daily_result_pdf
201705040311,2017,東京,4,3,11,2017-10-09,https://www.jra.go.jp/datafile/seiseki/report/2017/2017-4tokyo3.pdf,official_daily_result_pdf
201705040312,2017,東京,4,3,12,2017-10-09,https://www.jra.go.jp/datafile/seiseki/report/2017/2017-4tokyo3.pdf,official_daily_result_pdf
201705040401,2017,東京,4,4,1,2017-10-14,https://www.jra.go.jp/datafile/seiseki/report/2017/2017-4tokyo4.pdf,official_daily_result_pdf
201705040402,2017,東京,4,4,2,2017-10-14,https://www.jra.go.jp/datafile/seiseki/report/2017/2017-4tokyo4.pdf,official_daily_result_pdf
201705040403,2017,東京,4,4,3,2017-10-14,https://www.jra.go.jp/datafile/seiseki/report/2017/2017-4tokyo4.pdf,official_daily_result_pdf
201705040404,2017,東京,4,4,4,2017-10-14,https://www.jra.go.jp/datafile/seiseki/report/2017/2017-4tokyo4.pdf,official_daily_result_pdf
201705040405,2017,東京,4,4,5,2017-10-14,https://www.jra.go.jp/datafile/seiseki/report/2017/2017-4tokyo4.pdf,official_daily_result_pdf
201705040406,2017,東京,4,4,6,2017-10-14,https://www.jra.go.jp/datafile/seiseki/report/2017/2017-4tokyo4.pdf,official_daily_result_pdf
201705040407,2017,東京,4,4,7,2017-10-14,https://www.jra.go.jp/datafile/seiseki/report/2017/2017-4tokyo4.pdf,official_daily_result_pdf
201705040408,2017,東京,4,4,8,2017-10-14,https://www.jra.go.jp/datafile/seiseki/report/2017/2017-4tokyo4.pdf,official_daily_result_pdf
201705040409,2017,東京,4,4,9,2017-10-14,https://www.jra.go.jp/datafile/seiseki/report/2017/2017-4tokyo4.pdf,official_daily_result_pdf
201705040410,2017,東京,4,4,10,2017-10-14,https://www.jra.go.jp/datafile/seiseki/report/2017/2017-4tokyo4.pdf,official_daily_result_pdf
201705040411,2017,東京,4,4,11,2017-10-14,https://www.jra.go.jp/datafile/seiseki/report/2017/2017-4tokyo4.pdf,official_daily_result_pdf
201705040412,2017,東京,4,4,12,2017-10-14,https://www.jra.go.jp/datafile/seiseki/report/2017/2017-4tokyo4.pdf,official_daily_result_pdf
201705040501,2017,東京,4,5,1,2017-10-15,https://www.jra.go.jp/datafile/seiseki/report/2017/2017-4tokyo5.pdf,official_daily_result_pdf
201705040502,2017,東京,4,5,2,2017-10-15,https://www.jra.go.jp/datafile/seiseki/report/2017/2017-4tokyo5.pdf,official_daily_result_pdf
201705040503,2017,東京,4,5,3,2017-10-15,https://www.jra.go.jp/datafile/seiseki/report/2017/2017-4tokyo5.pdf,official_daily_result_pdf
201705040504,2017,東京,4,5,4,2017-10-15,https://www.jra.go.jp/datafile/seiseki/report/2017/2017-4tokyo5.pdf,official_daily_result_pdf
201705040505,2017,東京,4,5,5,2017-10-15,https://www.jra.go.jp/datafile/seiseki/report/2017/2017-4tokyo5.pdf,official_daily_result_pdf
201705040506,2017,東京,4,5,6,2017-10-15,https://www.jra.go.jp/datafile/seiseki/report/2017/2017-4tokyo5.pdf,official_daily_result_pdf
201705040507,2017,東京,4,5,7,2017-10-15,https://www.jra.go.jp/datafile/seiseki/report/2017/2017-4tokyo5.pdf,official_daily_result_pdf
201705040508,2017,東京,4,5,8,2017-10-15,https://www.jra.go.jp/datafile/seiseki/report/2017/2017-4tokyo5.pdf,official_daily_result_pdf
201705040509,2017,東京,4,5,9,2017-10-15,https://www.jra.go.jp/datafile/seiseki/report/2017/2017-4tokyo5.pdf,official_daily_result_pdf
201705040510,2017,東京,4,5,10,2017-10-15,https://www.jra.go.jp/datafile/seiseki/report/2017/2017-4tokyo5.pdf,official_daily_result_pdf
201705040511,2017,東京,4,5,11,2017-10-15,https://www.jra.go.jp/datafile/seiseki/report/2017/2017-4tokyo5.pdf,official_daily_result_pdf
201705040512,2017,東京,4,5,12,2017-10-15,https://www.jra.go.jp/datafile/seiseki/report/2017/2017-4tokyo5.pdf,official_daily_result_pdf
201705040601,2017,東京,4,6,1,2017-10-21,https://www.jra.go.jp/datafile/seiseki/report/2017/2017-4tokyo6.pdf,official_daily_result_pdf
201705040602,2017,東京,4,6,2,2017-10-21,https://www.jra.go.jp/datafile/seiseki/report/2017/2017-4tokyo6.pdf,official_daily_result_pdf
201705040603,2017,東京,4,6,3,2017-10-21,https://www.jra.go.jp/datafile/seiseki/report/2017/2017-4tokyo6.pdf,official_daily_result_pdf
201705040604,2017,東京,4,6,4,2017-10-21,https://www.jra.go.jp/datafile/seiseki/report/2017/2017-4tokyo6.pdf,official_daily_result_pdf
201705040605,2017,東京,4,6,5,2017-10-21,https://www.jra.go.jp/datafile/seiseki/report/2017/2017-4tokyo6.pdf,official_daily_result_pdf
201705040606,2017,東京,4,6,6,2017-10-21,https://www.jra.go.jp/datafile/seiseki/report/2017/2017-4tokyo6.pdf,official_daily_result_pdf
201705040607,2017,東京,4,6,7,2017-10-21,https://www.jra.go.jp/datafile/seiseki/report/2017/2017-4tokyo6.pdf,official_daily_result_pdf
201705040608,2017,東京,4,6,8,2017-10-21,https://www.jra.go.jp/datafile/seiseki/report/2017/2017-4tokyo6.pdf,official_daily_result_pdf
201705040609,2017,東京,4,6,9,2017-10-21,https://www.jra.go.jp/datafile/seiseki/report/2017/2017-4tokyo6.pdf,official_daily_result_pdf
201705040610,2017,東京,4,6,10,2017-10-21,https://www.jra.go.jp/datafile/seiseki/report/2017/2017-4tokyo6.pdf,official_daily_result_pdf
201705040611,2017,東京,4,6,11,2017-10-21,https://www.jra.go.jp/datafile/seiseki/report/2017/2017-4tokyo6.pdf,official_daily_result_pdf
201705040612,2017,東京,4,6,12,2017-10-21,https://www.jra.go.jp/datafile/seiseki/report/2017/2017-4tokyo6.pdf,official_daily_result_pdf
201705040701,2017,東京,4,7,1,2017-10-22,https://www.jra.go.jp/datafile/seiseki/report/2017/2017-4tokyo7.pdf,official_daily_result_pdf
201705040702,2017,東京,4,7,2,2017-10-22,https://www.jra.go.jp/datafile/seiseki/report/2017/2017-4tokyo7.pdf,official_daily_result_pdf
201705040703,2017,東京,4,7,3,2017-10-22,https://www.jra.go.jp/datafile/seiseki/report/2017/2017-4tokyo7.pdf,official_daily_result_pdf
201705040704,2017,東京,4,7,4,2017-10-22,https://www.jra.go.jp/datafile/seiseki/report/2017/2017-4tokyo7.pdf,official_daily_result_pdf
201705040705,2017,東京,4,7,5,2017-10-22,https://www.jra.go.jp/datafile/seiseki/report/2017/2017-4tokyo7.pdf,official_daily_result_pdf
201705040706,2017,東京,4,7,6,2017-10-22,https://www.jra.go.jp/datafile/seiseki/report/2017/2017-4tokyo7.pdf,official_daily_result_pdf
201705040707,2017,東京,4,7,7,2017-10-22,https://www.jra.go.jp/datafile/seiseki/report/2017/2017-4tokyo7.pdf,official_daily_result_pdf
201705040708,2017,東京,4,7,8,2017-10-22,https://www.jra.go.jp/datafile/seiseki/report/2017/2017-4tokyo7.pdf,official_daily_result_pdf
201705040709,2017,東京,4,7,9,2017-10-22,https://www.jra.go.jp/datafile/seiseki/report/2017/2017-4tokyo7.pdf,official_daily_result_pdf
201705040710,2017,東京,4,7,10,2017-10-22,https://www.jra.go.jp/datafile/seiseki/report/2017/2017-4tokyo7.pdf,official_daily_result_pdf
201705040711,2017,東京,4,7,11,2017-10-22,https://www.jra.go.jp/datafile/seiseki/report/2017/2017-4tokyo7.pdf,official_daily_result_pdf
201705040712,2017,東京,4,7,12,2017-10-22,https://www.jra.go.jp/datafile/seiseki/report/2017/2017-4tokyo7.pdf,official_daily_result_pdf
201705040801,2017,東京,4,8,1,2017-10-28,https://www.jra.go.jp/datafile/seiseki/report/2017/2017-4tokyo8.pdf,official_daily_result_pdf
201705040802,2017,東京,4,8,2,2017-10-28,https://www.jra.go.jp/datafile/seiseki/report/2017/2017-4tokyo8.pdf,official_daily_result_pdf
201705040803,2017,東京,4,8,3,2017-10-28,https://www.jra.go.jp/datafile/seiseki/report/2017/2017-4tokyo8.pdf,official_daily_result_pdf
201705040804,2017,東京,4,8,4,2017-10-28,https://www.jra.go.jp/datafile/seiseki/report/2017/2017-4tokyo8.pdf,official_daily_result_pdf
201705040805,2017,東京,4,8,5,2017-10-28,https://www.jra.go.jp/datafile/seiseki/report/2017/2017-4tokyo8.pdf,official_daily_result_pdf
201705040806,2017,東京,4,8,6,2017-10-28,https://www.jra.go.jp/datafile/seiseki/report/2017/2017-4tokyo8.pdf,official_daily_result_pdf
201705040807,2017,東京,4,8,7,2017-10-28,https://www.jra.go.jp/datafile/seiseki/report/2017/2017-4tokyo8.pdf,official_daily_result_pdf
201705040808,2017,東京,4,8,8,2017-10-28,https://www.jra.go.jp/datafile/seiseki/report/2017/2017-4tokyo8.pdf,official_daily_result_pdf
201705040809,2017,東京,4,8,9,2017-10-28,https://www.jra.go.jp/datafile/seiseki/report/2017/2017-4tokyo8.pdf,official_daily_result_pdf
201705040810,2017,東京,4,8,10,2017-10-28,https://www.jra.go.jp/datafile/seiseki/report/2017/2017-4tokyo8.pdf,official_daily_result_pdf
201705040811,2017,東京,4,8,11,2017-10-28,https://www.jra.go.jp/datafile/seiseki/report/2017/2017-4tokyo8.pdf,official_daily_result_pdf
201705040812,2017,東京,4,8,12,2017-10-28,https://www.jra.go.jp/datafile/seiseki/report/2017/2017-4tokyo8.pdf,official_daily_result_pdf
201705040901,2017,東京,4,9,1,2017-10-29,https://www.jra.go.jp/datafile/seiseki/report/2017/2017-4tokyo9.pdf,official_daily_result_pdf
201705040902,2017,東京,4,9,2,2017-10-29,https://www.jra.go.jp/datafile/seiseki/report/2017/2017-4tokyo9.pdf,official_daily_result_pdf
201705040903,2017,東京,4,9,3,2017-10-29,https://www.jra.go.jp/datafile/seiseki/report/2017/2017-4tokyo9.pdf,official_daily_result_pdf
201705040904,2017,東京,4,9,4,2017-10-29,https://www.jra.go.jp/datafile/seiseki/report/2017/2017-4tokyo9.pdf,official_daily_result_pdf
201705040905,2017,東京,4,9,5,2017-10-29,https://www.jra.go.jp/datafile/seiseki/report/2017/2017-4tokyo9.pdf,official_daily_result_pdf
201705040906,2017,東京,4,9,6,2017-10-29,https://www.jra.go.jp/datafile/seiseki/report/2017/2017-4tokyo9.pdf,official_daily_result_pdf
201705040907,2017,東京,4,9,7,2017-10-29,https://www.jra.go.jp/datafile/seiseki/report/2017/2017-4tokyo9.pdf,official_daily_result_pdf
201705040908,2017,東京,4,9,8,2017-10-29,https://www.jra.go.jp/datafile/seiseki/report/2017/2017-4tokyo9.pdf,official_daily_result_pdf
201705040909,2017,東京,4,9,9,2017-10-29,https://www.jra.go.jp/datafile/seiseki/report/2017/2017-4tokyo9.pdf,official_daily_result_pdf
201705040910,2017,東京,4,9,10,2017-10-29,https://www.jra.go.jp/datafile/seiseki/report/2017/2017-4tokyo9.pdf,official_daily_result_pdf
201705040911,2017,東京,4,9,11,2017-10-29,https://www.jra.go.jp/datafile/seiseki/report/2017/2017-4tokyo9.pdf,official_daily_result_pdf
201705040912,2017,東京,4,9,12,2017-10-29,https://www.jra.go.jp/datafile/seiseki/report/2017/2017-4tokyo9.pdf,official_daily_result_pdf
201705050101,2017,東京,5,1,1,2017-11-04,https://www.jra.go.jp/datafile/seiseki/report/2017/2017-5tokyo1.pdf,official_daily_result_pdf
201705050102,2017,東京,5,1,2,2017-11-04,https://www.jra.go.jp/datafile/seiseki/report/2017/2017-5tokyo1.pdf,official_daily_result_pdf
201705050103,2017,東京,5,1,3,2017-11-04,https://www.jra.go.jp/datafile/seiseki/report/2017/2017-5tokyo1.pdf,official_daily_result_pdf
201705050104,2017,東京,5,1,4,2017-11-04,https://www.jra.go.jp/datafile/seiseki/report/2017/2017-5tokyo1.pdf,official_daily_result_pdf
201705050105,2017,東京,5,1,5,2017-11-04,https://www.jra.go.jp/datafile/seiseki/report/2017/2017-5tokyo1.pdf,official_daily_result_pdf
201705050106,2017,東京,5,1,6,2017-11-04,https://www.jra.go.jp/datafile/seiseki/report/2017/2017-5tokyo1.pdf,official_daily_result_pdf
201705050107,2017,東京,5,1,7,2017-11-04,https://www.jra.go.jp/datafile/seiseki/report/2017/2017-5tokyo1.pdf,official_daily_result_pdf
201705050108,2017,東京,5,1,8,2017-11-04,https://www.jra.go.jp/datafile/seiseki/report/2017/2017-5tokyo1.pdf,official_daily_result_pdf
201705050109,2017,東京,5,1,9,2017-11-04,https://www.jra.go.jp/datafile/seiseki/report/2017/2017-5tokyo1.pdf,official_daily_result_pdf
201705050110,2017,東京,5,1,10,2017-11-04,https://www.jra.go.jp/datafile/seiseki/report/2017/2017-5tokyo1.pdf,official_daily_result_pdf
201705050111,2017,東京,5,1,11,2017-11-04,https://www.jra.go.jp/datafile/seiseki/report/2017/2017-5tokyo1.pdf,official_daily_result_pdf
201705050112,2017,東京,5,1,12,2017-11-04,https://www.jra.go.jp/datafile/seiseki/report/2017/2017-5tokyo1.pdf,official_daily_result_pdf
201705050201,2017,東京,5,2,1,2017-11-05,https://www.jra.go.jp/datafile/seiseki/report/2017/2017-5tokyo2.pdf,official_daily_result_pdf
201705050202,2017,東京,5,2,2,2017-11-05,https://www.jra.go.jp/datafile/seiseki/report/2017/2017-5tokyo2.pdf,official_daily_result_pdf
201705050203,2017,東京,5,2,3,2017-11-05,https://www.jra.go.jp/datafile/seiseki/report/2017/2017-5tokyo2.pdf,official_daily_result_pdf
201705050204,2017,東京,5,2,4,2017-11-05,https://www.jra.go.jp/datafile/seiseki/report/2017/2017-5tokyo2.pdf,official_daily_result_pdf
201705050205,2017,東京,5,2,5,2017-11-05,https://www.jra.go.jp/datafile/seiseki/report/2017/2017-5tokyo2.pdf,official_daily_result_pdf
201705050206,2017,東京,5,2,6,2017-11-05,https://www.jra.go.jp/datafile/seiseki/report/2017/2017-5tokyo2.pdf,official_daily_result_pdf
201705050207,2017,東京,5,2,7,2017-11-05,https://www.jra.go.jp/datafile/seiseki/report/2017/2017-5tokyo2.pdf,official_daily_result_pdf
201705050208,2017,東京,5,2,8,2017-11-05,https://www.jra.go.jp/datafile/seiseki/report/2017/2017-5tokyo2.pdf,official_daily_result_pdf
201705050209,2017,東京,5,2,9,2017-11-05,https://www.jra.go.jp/datafile/seiseki/report/2017/2017-5tokyo2.pdf,official_daily_result_pdf
201705050210,2017,東京,5,2,10,2017-11-05,https://www.jra.go.jp/datafile/seiseki/report/2017/2017-5tokyo2.pdf,official_daily_result_pdf
201705050211,2017,東京,5,2,11,2017-11-05,https://www.jra.go.jp/datafile/seiseki/report/2017/2017-5tokyo2.pdf,official_daily_result_pdf
201705050212,2017,東京,5,2,12,2017-11-05,https://www.jra.go.jp/datafile/seiseki/report/2017/2017-5tokyo2.pdf,official_daily_result_pdf
201705050301,2017,東京,5,3,1,2017-11-11,https://www.jra.go.jp/datafile/seiseki/report/2017/2017-5tokyo3.pdf,official_daily_result_pdf
201705050302,2017,東京,5,3,2,2017-11-11,https://www.jra.go.jp/datafile/seiseki/report/2017/2017-5tokyo3.pdf,official_daily_result_pdf
201705050303,2017,東京,5,3,3,2017-11-11,https://www.jra.go.jp/datafile/seiseki/report/2017/2017-5tokyo3.pdf,official_daily_result_pdf
201705050304,2017,東京,5,3,4,2017-11-11,https://www.jra.go.jp/datafile/seiseki/report/2017/2017-5tokyo3.pdf,official_daily_result_pdf
201705050305,2017,東京,5,3,5,2017-11-11,https://www.jra.go.jp/datafile/seiseki/report/2017/2017-5tokyo3.pdf,official_daily_result_pdf
201705050306,2017,東京,5,3,6,2017-11-11,https://www.jra.go.jp/datafile/seiseki/report/2017/2017-5tokyo3.pdf,official_daily_result_pdf
201705050307,2017,東京,5,3,7,2017-11-11,https://www.jra.go.jp/datafile/seiseki/report/2017/2017-5tokyo3.pdf,official_daily_result_pdf
201705050308,2017,東京,5,3,8,2017-11-11,https://www.jra.go.jp/datafile/seiseki/report/2017/2017-5tokyo3.pdf,official_daily_result_pdf
201705050309,2017,東京,5,3,9,2017-11-11,https://www.jra.go.jp/datafile/seiseki/report/2017/2017-5tokyo3.pdf,official_daily_result_pdf
201705050310,2017,東京,5,3,10,2017-11-11,https://www.jra.go.jp/datafile/seiseki/report/2017/2017-5tokyo3.pdf,official_daily_result_pdf
201705050311,2017,東京,5,3,11,2017-11-11,https://www.jra.go.jp/datafile/seiseki/report/2017/2017-5tokyo3.pdf,official_daily_result_pdf
201705050312,2017,東京,5,3,12,2017-11-11,https://www.jra.go.jp/datafile/seiseki/report/2017/2017-5tokyo3.pdf,official_daily_result_pdf
201705050401,2017,東京,5,4,1,2017-11-12,https://www.jra.go.jp/datafile/seiseki/report/2017/2017-5tokyo4.pdf,official_daily_result_pdf
201705050402,2017,東京,5,4,2,2017-11-12,https://www.jra.go.jp/datafile/seiseki/report/2017/2017-5tokyo4.pdf,official_daily_result_pdf
201705050403,2017,東京,5,4,3,2017-11-12,https://www.jra.go.jp/datafile/seiseki/report/2017/2017-5tokyo4.pdf,official_daily_result_pdf
201705050404,2017,東京,5,4,4,2017-11-12,https://www.jra.go.jp/datafile/seiseki/report/2017/2017-5tokyo4.pdf,official_daily_result_pdf
201705050405,2017,東京,5,4,5,2017-11-12,https://www.jra.go.jp/datafile/seiseki/report/2017/2017-5tokyo4.pdf,official_daily_result_pdf
201705050406,2017,東京,5,4,6,2017-11-12,https://www.jra.go.jp/datafile/seiseki/report/2017/2017-5tokyo4.pdf,official_daily_result_pdf
201705050407,2017,東京,5,4,7,2017-11-12,https://www.jra.go.jp/datafile/seiseki/report/2017/2017-5tokyo4.pdf,official_daily_result_pdf
201705050408,2017,東京,5,4,8,2017-11-12,https://www.jra.go.jp/datafile/seiseki/report/2017/2017-5tokyo4.pdf,official_daily_result_pdf
201705050409,2017,東京,5,4,9,2017-11-12,https://www.jra.go.jp/datafile/seiseki/report/2017/2017-5tokyo4.pdf,official_daily_result_pdf
201705050410,2017,東京,5,4,10,2017-11-12,https://www.jra.go.jp/datafile/seiseki/report/2017/2017-5tokyo4.pdf,official_daily_result_pdf
201705050411,2017,東京,5,4,11,2017-11-12,https://www.jra.go.jp/datafile/seiseki/report/2017/2017-5tokyo4.pdf,official_daily_result_pdf
201705050412,2017,東京,5,4,12,2017-11-12,https://www.jra.go.jp/datafile/seiseki/report/2017/2017-5tokyo4.pdf,official_daily_result_pdf
201705050501,2017,東京,5,5,1,2017-11-18,https://www.jra.go.jp/datafile/seiseki/report/2017/2017-5tokyo5.pdf,official_daily_result_pdf
201705050502,2017,東京,5,5,2,2017-11-18,https://www.jra.go.jp/datafile/seiseki/report/2017/2017-5tokyo5.pdf,official_daily_result_pdf
201705050503,2017,東京,5,5,3,2017-11-18,https://www.jra.go.jp/datafile/seiseki/report/2017/2017-5tokyo5.pdf,official_daily_result_pdf
201705050504,2017,東京,5,5,4,2017-11-18,https://www.jra.go.jp/datafile/seiseki/report/2017/2017-5tokyo5.pdf,official_daily_result_pdf
201705050505,2017,東京,5,5,5,2017-11-18,https://www.jra.go.jp/datafile/seiseki/report/2017/2017-5tokyo5.pdf,official_daily_result_pdf
201705050506,2017,東京,5,5,6,2017-11-18,https://www.jra.go.jp/datafile/seiseki/report/2017/2017-5tokyo5.pdf,official_daily_result_pdf
201705050507,2017,東京,5,5,7,2017-11-18,https://www.jra.go.jp/datafile/seiseki/report/2017/2017-5tokyo5.pdf,official_daily_result_pdf
201705050508,2017,東京,5,5,8,2017-11-18,https://www.jra.go.jp/datafile/seiseki/report/2017/2017-5tokyo5.pdf,official_daily_result_pdf
201705050509,2017,東京,5,5,9,2017-11-18,https://www.jra.go.jp/datafile/seiseki/report/2017/2017-5tokyo5.pdf,official_daily_result_pdf
201705050510,2017,東京,5,5,10,2017-11-18,https://www.jra.go.jp/datafile/seiseki/report/2017/2017-5tokyo5.pdf,official_daily_result_pdf
201705050511,2017,東京,5,5,11,2017-11-18,https://www.jra.go.jp/datafile/seiseki/report/2017/2017-5tokyo5.pdf,official_daily_result_pdf
201705050512,2017,東京,5,5,12,2017-11-18,https://www.jra.go.jp/datafile/seiseki/report/2017/2017-5tokyo5.pdf,official_daily_result_pdf
201705050601,2017,東京,5,6,1,2017-11-19,https://www.jra.go.jp/datafile/seiseki/report/2017/2017-5tokyo6.pdf,official_daily_result_pdf
201705050602,2017,東京,5,6,2,2017-11-19,https://www.jra.go.jp/datafile/seiseki/report/2017/2017-5tokyo6.pdf,official_daily_result_pdf
201705050603,2017,東京,5,6,3,2017-11-19,https://www.jra.go.jp/datafile/seiseki/report/2017/2017-5tokyo6.pdf,official_daily_result_pdf
201705050604,2017,東京,5,6,4,2017-11-19,https://www.jra.go.jp/datafile/seiseki/report/2017/2017-5tokyo6.pdf,official_daily_result_pdf
201705050605,2017,東京,5,6,5,2017-11-19,https://www.jra.go.jp/datafile/seiseki/report/2017/2017-5tokyo6.pdf,official_daily_result_pdf
201705050606,2017,東京,5,6,6,2017-11-19,https://www.jra.go.jp/datafile/seiseki/report/2017/2017-5tokyo6.pdf,official_daily_result_pdf
201705050607,2017,東京,5,6,7,2017-11-19,https://www.jra.go.jp/datafile/seiseki/report/2017/2017-5tokyo6.pdf,official_daily_result_pdf
201705050608,2017,東京,5,6,8,2017-11-19,https://www.jra.go.jp/datafile/seiseki/report/2017/2017-5tokyo6.pdf,official_daily_result_pdf
201705050609,2017,東京,5,6,9,2017-11-19,https://www.jra.go.jp/datafile/seiseki/report/2017/2017-5tokyo6.pdf,official_daily_result_pdf
201705050610,2017,東京,5,6,10,2017-11-19,https://www.jra.go.jp/datafile/seiseki/report/2017/2017-5tokyo6.pdf,official_daily_result_pdf
201705050611,2017,東京,5,6,11,2017-11-19,https://www.jra.go.jp/datafile/seiseki/report/2017/2017-5tokyo6.pdf,official_daily_result_pdf
201705050612,2017,東京,5,6,12,2017-11-19,https://www.jra.go.jp/datafile/seiseki/report/2017/2017-5tokyo6.pdf,official_daily_result_pdf
201705050701,2017,東京,5,7,1,2017-11-25,https://www.jra.go.jp/datafile/seiseki/report/2017/2017-5tokyo7.pdf,official_daily_result_pdf
201705050702,2017,東京,5,7,2,2017-11-25,https://www.jra.go.jp/datafile/seiseki/report/2017/2017-5tokyo7.pdf,official_daily_result_pdf
201705050703,2017,東京,5,7,3,2017-11-25,https://www.jra.go.jp/datafile/seiseki/report/2017/2017-5tokyo7.pdf,official_daily_result_pdf
201705050704,2017,東京,5,7,4,2017-11-25,https://www.jra.go.jp/datafile/seiseki/report/2017/2017-5tokyo7.pdf,official_daily_result_pdf
201705050705,2017,東京,5,7,5,2017-11-25,https://www.jra.go.jp/datafile/seiseki/report/2017/2017-5tokyo7.pdf,official_daily_result_pdf
201705050706,2017,東京,5,7,6,2017-11-25,https://www.jra.go.jp/datafile/seiseki/report/2017/2017-5tokyo7.pdf,official_daily_result_pdf
201705050707,2017,東京,5,7,7,2017-11-25,https://www.jra.go.jp/datafile/seiseki/report/2017/2017-5tokyo7.pdf,official_daily_result_pdf
201705050708,2017,東京,5,7,8,2017-11-25,https://www.jra.go.jp/datafile/seiseki/report/2017/2017-5tokyo7.pdf,official_daily_result_pdf
201705050709,2017,東京,5,7,9,2017-11-25,https://www.jra.go.jp/datafile/seiseki/report/2017/2017-5tokyo7.pdf,official_daily_result_pdf
201705050710,2017,東京,5,7,10,2017-11-25,https://www.jra.go.jp/datafile/seiseki/report/2017/2017-5tokyo7.pdf,official_daily_result_pdf
201705050711,2017,東京,5,7,11,2017-11-25,https://www.jra.go.jp/datafile/seiseki/report/2017/2017-5tokyo7.pdf,official_daily_result_pdf
201705050712,2017,東京,5,7,12,2017-11-25,https://www.jra.go.jp/datafile/seiseki/report/2017/2017-5tokyo7.pdf,official_daily_result_pdf
201705050801,2017,東京,5,8,1,2017-11-26,https://www.jra.go.jp/datafile/seiseki/report/2017/2017-5tokyo8.pdf,official_daily_result_pdf
201705050802,2017,東京,5,8,2,2017-11-26,https://www.jra.go.jp/datafile/seiseki/report/2017/2017-5tokyo8.pdf,official_daily_result_pdf
201705050803,2017,東京,5,8,3,2017-11-26,https://www.jra.go.jp/datafile/seiseki/report/2017/2017-5tokyo8.pdf,official_daily_result_pdf
201705050804,2017,東京,5,8,4,2017-11-26,https://www.jra.go.jp/datafile/seiseki/report/2017/2017-5tokyo8.pdf,official_daily_result_pdf
201705050805,2017,東京,5,8,5,2017-11-26,https://www.jra.go.jp/datafile/seiseki/report/2017/2017-5tokyo8.pdf,official_daily_result_pdf
201705050806,2017,東京,5,8,6,2017-11-26,https://www.jra.go.jp/datafile/seiseki/report/2017/2017-5tokyo8.pdf,official_daily_result_pdf
201705050807,2017,東京,5,8,7,2017-11-26,https://www.jra.go.jp/datafile/seiseki/report/2017/2017-5tokyo8.pdf,official_daily_result_pdf
201705050808,2017,東京,5,8,8,2017-11-26,https://www.jra.go.jp/datafile/seiseki/report/2017/2017-5tokyo8.pdf,official_daily_result_pdf
201705050809,2017,東京,5,8,9,2017-11-26,https://www.jra.go.jp/datafile/seiseki/report/2017/2017-5tokyo8.pdf,official_daily_result_pdf
201705050810,2017,東京,5,8,10,2017-11-26,https://www.jra.go.jp/datafile/seiseki/report/2017/2017-5tokyo8.pdf,official_daily_result_pdf
201705050811,2017,東京,5,8,11,2017-11-26,https://www.jra.go.jp/datafile/seiseki/report/2017/2017-5tokyo8.pdf,official_daily_result_pdf
201706010101,2017,中山,1,1,1,2017-01-05,https://www.jra.go.jp/datafile/seiseki/report/2017/2017-1nakayama1.pdf,official_daily_result_pdf
201706010102,2017,中山,1,1,2,2017-01-05,https://www.jra.go.jp/datafile/seiseki/report/2017/2017-1nakayama1.pdf,official_daily_result_pdf
201706010103,2017,中山,1,1,3,2017-01-05,https://www.jra.go.jp/datafile/seiseki/report/2017/2017-1nakayama1.pdf,official_daily_result_pdf
201706010104,2017,中山,1,1,4,2017-01-05,https://www.jra.go.jp/datafile/seiseki/report/2017/2017-1nakayama1.pdf,official_daily_result_pdf
201706010105,2017,中山,1,1,5,2017-01-05,https://www.jra.go.jp/datafile/seiseki/report/2017/2017-1nakayama1.pdf,official_daily_result_pdf
201706010106,2017,中山,1,1,6,2017-01-05,https://www.jra.go.jp/datafile/seiseki/report/2017/2017-1nakayama1.pdf,official_daily_result_pdf
201706010107,2017,中山,1,1,7,2017-01-05,https://www.jra.go.jp/datafile/seiseki/report/2017/2017-1nakayama1.pdf,official_daily_result_pdf
201706010108,2017,中山,1,1,8,2017-01-05,https://www.jra.go.jp/datafile/seiseki/report/2017/2017-1nakayama1.pdf,official_daily_result_pdf
201706010109,2017,中山,1,1,9,2017-01-05,https://www.jra.go.jp/datafile/seiseki/report/2017/2017-1nakayama1.pdf,official_daily_result_pdf
201706010110,2017,中山,1,1,10,2017-01-05,https://www.jra.go.jp/datafile/seiseki/report/2017/2017-1nakayama1.pdf,official_daily_result_pdf
201706010111,2017,中山,1,1,11,2017-01-05,https://www.jra.go.jp/datafile/seiseki/report/2017/2017-1nakayama1.pdf,official_daily_result_pdf
201706010112,2017,中山,1,1,12,2017-01-05,https://www.jra.go.jp/datafile/seiseki/report/2017/2017-1nakayama1.pdf,official_daily_result_pdf
201706010201,2017,中山,1,2,1,2017-01-07,https://www.jra.go.jp/datafile/seiseki/report/2017/2017-1nakayama2.pdf,official_daily_result_pdf
201706010202,2017,中山,1,2,2,2017-01-07,https://www.jra.go.jp/datafile/seiseki/report/2017/2017-1nakayama2.pdf,official_daily_result_pdf
201706010203,2017,中山,1,2,3,2017-01-07,https://www.jra.go.jp/datafile/seiseki/report/2017/2017-1nakayama2.pdf,official_daily_result_pdf
201706010204,2017,中山,1,2,4,2017-01-07,https://www.jra.go.jp/datafile/seiseki/report/2017/2017-1nakayama2.pdf,official_daily_result_pdf
201706010205,2017,中山,1,2,5,2017-01-07,https://www.jra.go.jp/datafile/seiseki/report/2017/2017-1nakayama2.pdf,official_daily_result_pdf
201706010206,2017,中山,1,2,6,2017-01-07,https://www.jra.go.jp/datafile/seiseki/report/2017/2017-1nakayama2.pdf,official_daily_result_pdf
201706010207,2017,中山,1,2,7,2017-01-07,https://www.jra.go.jp/datafile/seiseki/report/2017/2017-1nakayama2.pdf,official_daily_result_pdf
201706010208,2017,中山,1,2,8,2017-01-07,https://www.jra.go.jp/datafile/seiseki/report/2017/2017-1nakayama2.pdf,official_daily_result_pdf
201706010209,2017,中山,1,2,9,2017-01-07,https://www.jra.go.jp/datafile/seiseki/report/2017/2017-1nakayama2.pdf,official_daily_result_pdf
201706010210,2017,中山,1,2,10,2017-01-07,https://www.jra.go.jp/datafile/seiseki/report/2017/2017-1nakayama2.pdf,official_daily_result_pdf
201706010211,2017,中山,1,2,11,2017-01-07,https://www.jra.go.jp/datafile/seiseki/report/2017/2017-1nakayama2.pdf,official_daily_result_pdf
201706010212,2017,中山,1,2,12,2017-01-07,https://www.jra.go.jp/datafile/seiseki/report/2017/2017-1nakayama2.pdf,official_daily_result_pdf
201706010301,2017,中山,1,3,1,2017-01-08,https://www.jra.go.jp/datafile/seiseki/report/2017/2017-1nakayama3.pdf,official_daily_result_pdf
201706010302,2017,中山,1,3,2,2017-01-08,https://www.jra.go.jp/datafile/seiseki/report/2017/2017-1nakayama3.pdf,official_daily_result_pdf
201706010303,2017,中山,1,3,3,2017-01-08,https://www.jra.go.jp/datafile/seiseki/report/2017/2017-1nakayama3.pdf,official_daily_result_pdf
201706010304,2017,中山,1,3,4,2017-01-08,https://www.jra.go.jp/datafile/seiseki/report/2017/2017-1nakayama3.pdf,official_daily_result_pdf
201706010305,2017,中山,1,3,5,2017-01-08,https://www.jra.go.jp/datafile/seiseki/report/2017/2017-1nakayama3.pdf,official_daily_result_pdf
201706010306,2017,中山,1,3,6,2017-01-08,https://www.jra.go.jp/datafile/seiseki/report/2017/2017-1nakayama3.pdf,official_daily_result_pdf
201706010307,2017,中山,1,3,7,2017-01-08,https://www.jra.go.jp/datafile/seiseki/report/2017/2017-1nakayama3.pdf,official_daily_result_pdf
201706010308,2017,中山,1,3,8,2017-01-08,https://www.jra.go.jp/datafile/seiseki/report/2017/2017-1nakayama3.pdf,official_daily_result_pdf
201706010309,2017,中山,1,3,9,2017-01-08,https://www.jra.go.jp/datafile/seiseki/report/2017/2017-1nakayama3.pdf,official_daily_result_pdf
201706010310,2017,中山,1,3,10,2017-01-08,https://www.jra.go.jp/datafile/seiseki/report/2017/2017-1nakayama3.pdf,official_daily_result_pdf
201706010311,2017,中山,1,3,11,2017-01-08,https://www.jra.go.jp/datafile/seiseki/report/2017/2017-1nakayama3.pdf,official_daily_result_pdf
201706010312,2017,中山,1,3,12,2017-01-08,https://www.jra.go.jp/datafile/seiseki/report/2017/2017-1nakayama3.pdf,official_daily_result_pdf
201706010401,2017,中山,1,4,1,2017-01-14,https://www.jra.go.jp/datafile/seiseki/report/2017/2017-1nakayama4.pdf,official_daily_result_pdf
201706010402,2017,中山,1,4,2,2017-01-14,https://www.jra.go.jp/datafile/seiseki/report/2017/2017-1nakayama4.pdf,official_daily_result_pdf
201706010403,2017,中山,1,4,3,2017-01-14,https://www.jra.go.jp/datafile/seiseki/report/2017/2017-1nakayama4.pdf,official_daily_result_pdf
201706010404,2017,中山,1,4,4,2017-01-14,https://www.jra.go.jp/datafile/seiseki/report/2017/2017-1nakayama4.pdf,official_daily_result_pdf
201706010405,2017,中山,1,4,5,2017-01-14,https://www.jra.go.jp/datafile/seiseki/report/2017/2017-1nakayama4.pdf,official_daily_result_pdf
201706010406,2017,中山,1,4,6,2017-01-14,https://www.jra.go.jp/datafile/seiseki/report/2017/2017-1nakayama4.pdf,official_daily_result_pdf
201706010407,2017,中山,1,4,7,2017-01-14,https://www.jra.go.jp/datafile/seiseki/report/2017/2017-1nakayama4.pdf,official_daily_result_pdf
201706010408,2017,中山,1,4,8,2017-01-14,https://www.jra.go.jp/datafile/seiseki/report/2017/2017-1nakayama4.pdf,official_daily_result_pdf
201706010409,2017,中山,1,4,9,2017-01-14,https://www.jra.go.jp/datafile/seiseki/report/2017/2017-1nakayama4.pdf,official_daily_result_pdf
201706010410,2017,中山,1,4,10,2017-01-14,https://www.jra.go.jp/datafile/seiseki/report/2017/2017-1nakayama4.pdf,official_daily_result_pdf
201706010411,2017,中山,1,4,11,2017-01-14,https://www.jra.go.jp/datafile/seiseki/report/2017/2017-1nakayama4.pdf,official_daily_result_pdf
201706010412,2017,中山,1,4,12,2017-01-14,https://www.jra.go.jp/datafile/seiseki/report/2017/2017-1nakayama4.pdf,official_daily_result_pdf
201706010501,2017,中山,1,5,1,2017-01-15,https://www.jra.go.jp/datafile/seiseki/report/2017/2017-1nakayama5.pdf,official_daily_result_pdf
201706010502,2017,中山,1,5,2,2017-01-15,https://www.jra.go.jp/datafile/seiseki/report/2017/2017-1nakayama5.pdf,official_daily_result_pdf
201706010503,2017,中山,1,5,3,2017-01-15,https://www.jra.go.jp/datafile/seiseki/report/2017/2017-1nakayama5.pdf,official_daily_result_pdf
201706010504,2017,中山,1,5,4,2017-01-15,https://www.jra.go.jp/datafile/seiseki/report/2017/2017-1nakayama5.pdf,official_daily_result_pdf
201706010505,2017,中山,1,5,5,2017-01-15,https://www.jra.go.jp/datafile/seiseki/report/2017/2017-1nakayama5.pdf,official_daily_result_pdf
201706010506,2017,中山,1,5,6,2017-01-15,https://www.jra.go.jp/datafile/seiseki/report/2017/2017-1nakayama5.pdf,official_daily_result_pdf
201706010507,2017,中山,1,5,7,2017-01-15,https://www.jra.go.jp/datafile/seiseki/report/2017/2017-1nakayama5.pdf,official_daily_result_pdf
201706010508,2017,中山,1,5,8,2017-01-15,https://www.jra.go.jp/datafile/seiseki/report/2017/2017-1nakayama5.pdf,official_daily_result_pdf
201706010509,2017,中山,1,5,9,2017-01-15,https://www.jra.go.jp/datafile/seiseki/report/2017/2017-1nakayama5.pdf,official_daily_result_pdf
201706010510,2017,中山,1,5,10,2017-01-15,https://www.jra.go.jp/datafile/seiseki/report/2017/2017-1nakayama5.pdf,official_daily_result_pdf
201706010511,2017,中山,1,5,11,2017-01-15,https://www.jra.go.jp/datafile/seiseki/report/2017/2017-1nakayama5.pdf,official_daily_result_pdf
201706010512,2017,中山,1,5,12,2017-01-15,https://www.jra.go.jp/datafile/seiseki/report/2017/2017-1nakayama5.pdf,official_daily_result_pdf
201706010601,2017,中山,1,6,1,2017-01-21,https://www.jra.go.jp/datafile/seiseki/report/2017/2017-1nakayama6.pdf,official_daily_result_pdf
201706010602,2017,中山,1,6,2,2017-01-21,https://www.jra.go.jp/datafile/seiseki/report/2017/2017-1nakayama6.pdf,official_daily_result_pdf
201706010603,2017,中山,1,6,3,2017-01-21,https://www.jra.go.jp/datafile/seiseki/report/2017/2017-1nakayama6.pdf,official_daily_result_pdf
201706010604,2017,中山,1,6,4,2017-01-21,https://www.jra.go.jp/datafile/seiseki/report/2017/2017-1nakayama6.pdf,official_daily_result_pdf
201706010605,2017,中山,1,6,5,2017-01-21,https://www.jra.go.jp/datafile/seiseki/report/2017/2017-1nakayama6.pdf,official_daily_result_pdf
201706010606,2017,中山,1,6,6,2017-01-21,https://www.jra.go.jp/datafile/seiseki/report/2017/2017-1nakayama6.pdf,official_daily_result_pdf
201706010607,2017,中山,1,6,7,2017-01-21,https://www.jra.go.jp/datafile/seiseki/report/2017/2017-1nakayama6.pdf,official_daily_result_pdf
201706010608,2017,中山,1,6,8,2017-01-21,https://www.jra.go.jp/datafile/seiseki/report/2017/2017-1nakayama6.pdf,official_daily_result_pdf
201706010609,2017,中山,1,6,9,2017-01-21,https://www.jra.go.jp/datafile/seiseki/report/2017/2017-1nakayama6.pdf,official_daily_result_pdf
201706010610,2017,中山,1,6,10,2017-01-21,https://www.jra.go.jp/datafile/seiseki/report/2017/2017-1nakayama6.pdf,official_daily_result_pdf
201706010611,2017,中山,1,6,11,2017-01-21,https://www.jra.go.jp/datafile/seiseki/report/2017/2017-1nakayama6.pdf,official_daily_result_pdf
201706010612,2017,中山,1,6,12,2017-01-21,https://www.jra.go.jp/datafile/seiseki/report/2017/2017-1nakayama6.pdf,official_daily_result_pdf
201706010701,2017,中山,1,7,1,2017-01-22,https://www.jra.go.jp/datafile/seiseki/report/2017/2017-1nakayama7.pdf,official_daily_result_pdf
201706010702,2017,中山,1,7,2,2017-01-22,https://www.jra.go.jp/datafile/seiseki/report/2017/2017-1nakayama7.pdf,official_daily_result_pdf
201706010703,2017,中山,1,7,3,2017-01-22,https://www.jra.go.jp/datafile/seiseki/report/2017/2017-1nakayama7.pdf,official_daily_result_pdf
201706010704,2017,中山,1,7,4,2017-01-22,https://www.jra.go.jp/datafile/seiseki/report/2017/2017-1nakayama7.pdf,official_daily_result_pdf
201706010705,2017,中山,1,7,5,2017-01-22,https://www.jra.go.jp/datafile/seiseki/report/2017/2017-1nakayama7.pdf,official_daily_result_pdf
201706010706,2017,中山,1,7,6,2017-01-22,https://www.jra.go.jp/datafile/seiseki/report/2017/2017-1nakayama7.pdf,official_daily_result_pdf
201706010707,2017,中山,1,7,7,2017-01-22,https://www.jra.go.jp/datafile/seiseki/report/2017/2017-1nakayama7.pdf,official_daily_result_pdf
201706010708,2017,中山,1,7,8,2017-01-22,https://www.jra.go.jp/datafile/seiseki/report/2017/2017-1nakayama7.pdf,official_daily_result_pdf
201706010709,2017,中山,1,7,9,2017-01-22,https://www.jra.go.jp/datafile/seiseki/report/2017/2017-1nakayama7.pdf,official_daily_result_pdf
201706010710,2017,中山,1,7,10,2017-01-22,https://www.jra.go.jp/datafile/seiseki/report/2017/2017-1nakayama7.pdf,official_daily_result_pdf
201706010711,2017,中山,1,7,11,2017-01-22,https://www.jra.go.jp/datafile/seiseki/report/2017/2017-1nakayama7.pdf,official_daily_result_pdf
201706010712,2017,中山,1,7,12,2017-01-22,https://www.jra.go.jp/datafile/seiseki/report/2017/2017-1nakayama7.pdf,official_daily_result_pdf
201706020101,2017,中山,2,1,1,2017-02-25,https://www.jra.go.jp/datafile/seiseki/report/2017/2017-2nakayama1.pdf,official_daily_result_pdf
201706020102,2017,中山,2,1,2,2017-02-25,https://www.jra.go.jp/datafile/seiseki/report/2017/2017-2nakayama1.pdf,official_daily_result_pdf
201706020103,2017,中山,2,1,3,2017-02-25,https://www.jra.go.jp/datafile/seiseki/report/2017/2017-2nakayama1.pdf,official_daily_result_pdf
201706020104,2017,中山,2,1,4,2017-02-25,https://www.jra.go.jp/datafile/seiseki/report/2017/2017-2nakayama1.pdf,official_daily_result_pdf
201706020105,2017,中山,2,1,5,2017-02-25,https://www.jra.go.jp/datafile/seiseki/report/2017/2017-2nakayama1.pdf,official_daily_result_pdf
201706020106,2017,中山,2,1,6,2017-02-25,https://www.jra.go.jp/datafile/seiseki/report/2017/2017-2nakayama1.pdf,official_daily_result_pdf
201706020107,2017,中山,2,1,7,2017-02-25,https://www.jra.go.jp/datafile/seiseki/report/2017/2017-2nakayama1.pdf,official_daily_result_pdf
201706020108,2017,中山,2,1,8,2017-02-25,https://www.jra.go.jp/datafile/seiseki/report/2017/2017-2nakayama1.pdf,official_daily_result_pdf
201706020109,2017,中山,2,1,9,2017-02-25,https://www.jra.go.jp/datafile/seiseki/report/2017/2017-2nakayama1.pdf,official_daily_result_pdf
201706020110,2017,中山,2,1,10,2017-02-25,https://www.jra.go.jp/datafile/seiseki/report/2017/2017-2nakayama1.pdf,official_daily_result_pdf
201706020111,2017,中山,2,1,11,2017-02-25,https://www.jra.go.jp/datafile/seiseki/report/2017/2017-2nakayama1.pdf,official_daily_result_pdf
201706020112,2017,中山,2,1,12,2017-02-25,https://www.jra.go.jp/datafile/seiseki/report/2017/2017-2nakayama1.pdf,official_daily_result_pdf
201706020201,2017,中山,2,2,1,2017-02-26,https://www.jra.go.jp/datafile/seiseki/report/2017/2017-2nakayama2.pdf,official_daily_result_pdf
201706020202,2017,中山,2,2,2,2017-02-26,https://www.jra.go.jp/datafile/seiseki/report/2017/2017-2nakayama2.pdf,official_daily_result_pdf
201706020203,2017,中山,2,2,3,2017-02-26,https://www.jra.go.jp/datafile/seiseki/report/2017/2017-2nakayama2.pdf,official_daily_result_pdf
201706020204,2017,中山,2,2,4,2017-02-26,https://www.jra.go.jp/datafile/seiseki/report/2017/2017-2nakayama2.pdf,official_daily_result_pdf
201706020205,2017,中山,2,2,5,2017-02-26,https://www.jra.go.jp/datafile/seiseki/report/2017/2017-2nakayama2.pdf,official_daily_result_pdf
201706020206,2017,中山,2,2,6,2017-02-26,https://www.jra.go.jp/datafile/seiseki/report/2017/2017-2nakayama2.pdf,official_daily_result_pdf
201706020207,2017,中山,2,2,7,2017-02-26,https://www.jra.go.jp/datafile/seiseki/report/2017/2017-2nakayama2.pdf,official_daily_result_pdf
201706020208,2017,中山,2,2,8,2017-02-26,https://www.jra.go.jp/datafile/seiseki/report/2017/2017-2nakayama2.pdf,official_daily_result_pdf
201706020209,2017,中山,2,2,9,2017-02-26,https://www.jra.go.jp/datafile/seiseki/report/2017/2017-2nakayama2.pdf,official_daily_result_pdf
201706020210,2017,中山,2,2,10,2017-02-26,https://www.jra.go.jp/datafile/seiseki/report/2017/2017-2nakayama2.pdf,official_daily_result_pdf
201706020211,2017,中山,2,2,11,2017-02-26,https://www.jra.go.jp/datafile/seiseki/report/2017/2017-2nakayama2.pdf,official_daily_result_pdf
201706020212,2017,中山,2,2,12,2017-02-26,https://www.jra.go.jp/datafile/seiseki/report/2017/2017-2nakayama2.pdf,official_daily_result_pdf
201706020301,2017,中山,2,3,1,2017-03-04,https://www.jra.go.jp/datafile/seiseki/report/2017/2017-2nakayama3.pdf,official_daily_result_pdf
201706020302,2017,中山,2,3,2,2017-03-04,https://www.jra.go.jp/datafile/seiseki/report/2017/2017-2nakayama3.pdf,official_daily_result_pdf
201706020303,2017,中山,2,3,3,2017-03-04,https://www.jra.go.jp/datafile/seiseki/report/2017/2017-2nakayama3.pdf,official_daily_result_pdf
201706020304,2017,中山,2,3,4,2017-03-04,https://www.jra.go.jp/datafile/seiseki/report/2017/2017-2nakayama3.pdf,official_daily_result_pdf
201706020305,2017,中山,2,3,5,2017-03-04,https://www.jra.go.jp/datafile/seiseki/report/2017/2017-2nakayama3.pdf,official_daily_result_pdf
201706020306,2017,中山,2,3,6,2017-03-04,https://www.jra.go.jp/datafile/seiseki/report/2017/2017-2nakayama3.pdf,official_daily_result_pdf
201706020307,2017,中山,2,3,7,2017-03-04,https://www.jra.go.jp/datafile/seiseki/report/2017/2017-2nakayama3.pdf,official_daily_result_pdf
201706020308,2017,中山,2,3,8,2017-03-04,https://www.jra.go.jp/datafile/seiseki/report/2017/2017-2nakayama3.pdf,official_daily_result_pdf
201706020309,2017,中山,2,3,9,2017-03-04,https://www.jra.go.jp/datafile/seiseki/report/2017/2017-2nakayama3.pdf,official_daily_result_pdf
201706020310,2017,中山,2,3,10,2017-03-04,https://www.jra.go.jp/datafile/seiseki/report/2017/2017-2nakayama3.pdf,official_daily_result_pdf
201706020311,2017,中山,2,3,11,2017-03-04,https://www.jra.go.jp/datafile/seiseki/report/2017/2017-2nakayama3.pdf,official_daily_result_pdf
201706020312,2017,中山,2,3,12,2017-03-04,https://www.jra.go.jp/datafile/seiseki/report/2017/2017-2nakayama3.pdf,official_daily_result_pdf
201706020401,2017,中山,2,4,1,2017-03-05,https://www.jra.go.jp/datafile/seiseki/report/2017/2017-2nakayama4.pdf,official_daily_result_pdf
201706020402,2017,中山,2,4,2,2017-03-05,https://www.jra.go.jp/datafile/seiseki/report/2017/2017-2nakayama4.pdf,official_daily_result_pdf
201706020403,2017,中山,2,4,3,2017-03-05,https://www.jra.go.jp/datafile/seiseki/report/2017/2017-2nakayama4.pdf,official_daily_result_pdf
201706020404,2017,中山,2,4,4,2017-03-05,https://www.jra.go.jp/datafile/seiseki/report/2017/2017-2nakayama4.pdf,official_daily_result_pdf
201706020405,2017,中山,2,4,5,2017-03-05,https://www.jra.go.jp/datafile/seiseki/report/2017/2017-2nakayama4.pdf,official_daily_result_pdf
201706020406,2017,中山,2,4,6,2017-03-05,https://www.jra.go.jp/datafile/seiseki/report/2017/2017-2nakayama4.pdf,official_daily_result_pdf
201706020407,2017,中山,2,4,7,2017-03-05,https://www.jra.go.jp/datafile/seiseki/report/2017/2017-2nakayama4.pdf,official_daily_result_pdf
201706020408,2017,中山,2,4,8,2017-03-05,https://www.jra.go.jp/datafile/seiseki/report/2017/2017-2nakayama4.pdf,official_daily_result_pdf
201706020409,2017,中山,2,4,9,2017-03-05,https://www.jra.go.jp/datafile/seiseki/report/2017/2017-2nakayama4.pdf,official_daily_result_pdf
201706020410,2017,中山,2,4,10,2017-03-05,https://www.jra.go.jp/datafile/seiseki/report/2017/2017-2nakayama4.pdf,official_daily_result_pdf
201706020411,2017,中山,2,4,11,2017-03-05,https://www.jra.go.jp/datafile/seiseki/report/2017/2017-2nakayama4.pdf,official_daily_result_pdf
201706020412,2017,中山,2,4,12,2017-03-05,https://www.jra.go.jp/datafile/seiseki/report/2017/2017-2nakayama4.pdf,official_daily_result_pdf
201706020501,2017,中山,2,5,1,2017-03-11,https://www.jra.go.jp/datafile/seiseki/report/2017/2017-2nakayama5.pdf,official_daily_result_pdf
201706020502,2017,中山,2,5,2,2017-03-11,https://www.jra.go.jp/datafile/seiseki/report/2017/2017-2nakayama5.pdf,official_daily_result_pdf
201706020503,2017,中山,2,5,3,2017-03-11,https://www.jra.go.jp/datafile/seiseki/report/2017/2017-2nakayama5.pdf,official_daily_result_pdf
201706020504,2017,中山,2,5,4,2017-03-11,https://www.jra.go.jp/datafile/seiseki/report/2017/2017-2nakayama5.pdf,official_daily_result_pdf
201706020505,2017,中山,2,5,5,2017-03-11,https://www.jra.go.jp/datafile/seiseki/report/2017/2017-2nakayama5.pdf,official_daily_result_pdf
201706020506,2017,中山,2,5,6,2017-03-11,https://www.jra.go.jp/datafile/seiseki/report/2017/2017-2nakayama5.pdf,official_daily_result_pdf
201706020507,2017,中山,2,5,7,2017-03-11,https://www.jra.go.jp/datafile/seiseki/report/2017/2017-2nakayama5.pdf,official_daily_result_pdf
201706020508,2017,中山,2,5,8,2017-03-11,https://www.jra.go.jp/datafile/seiseki/report/2017/2017-2nakayama5.pdf,official_daily_result_pdf
201706020509,2017,中山,2,5,9,2017-03-11,https://www.jra.go.jp/datafile/seiseki/report/2017/2017-2nakayama5.pdf,official_daily_result_pdf
201706020510,2017,中山,2,5,10,2017-03-11,https://www.jra.go.jp/datafile/seiseki/report/2017/2017-2nakayama5.pdf,official_daily_result_pdf
201706020511,2017,中山,2,5,11,2017-03-11,https://www.jra.go.jp/datafile/seiseki/report/2017/2017-2nakayama5.pdf,official_daily_result_pdf
201706020512,2017,中山,2,5,12,2017-03-11,https://www.jra.go.jp/datafile/seiseki/report/2017/2017-2nakayama5.pdf,official_daily_result_pdf
201706020601,2017,中山,2,6,1,2017-03-12,https://www.jra.go.jp/datafile/seiseki/report/2017/2017-2nakayama6.pdf,official_daily_result_pdf
201706020602,2017,中山,2,6,2,2017-03-12,https://www.jra.go.jp/datafile/seiseki/report/2017/2017-2nakayama6.pdf,official_daily_result_pdf
201706020603,2017,中山,2,6,3,2017-03-12,https://www.jra.go.jp/datafile/seiseki/report/2017/2017-2nakayama6.pdf,official_daily_result_pdf
201706020604,2017,中山,2,6,4,2017-03-12,https://www.jra.go.jp/datafile/seiseki/report/2017/2017-2nakayama6.pdf,official_daily_result_pdf
201706020605,2017,中山,2,6,5,2017-03-12,https://www.jra.go.jp/datafile/seiseki/report/2017/2017-2nakayama6.pdf,official_daily_result_pdf
201706020606,2017,中山,2,6,6,2017-03-12,https://www.jra.go.jp/datafile/seiseki/report/2017/2017-2nakayama6.pdf,official_daily_result_pdf
201706020607,2017,中山,2,6,7,2017-03-12,https://www.jra.go.jp/datafile/seiseki/report/2017/2017-2nakayama6.pdf,official_daily_result_pdf
201706020608,2017,中山,2,6,8,2017-03-12,https://www.jra.go.jp/datafile/seiseki/report/2017/2017-2nakayama6.pdf,official_daily_result_pdf
201706020609,2017,中山,2,6,9,2017-03-12,https://www.jra.go.jp/datafile/seiseki/report/2017/2017-2nakayama6.pdf,official_daily_result_pdf
201706020610,2017,中山,2,6,10,2017-03-12,https://www.jra.go.jp/datafile/seiseki/report/2017/2017-2nakayama6.pdf,official_daily_result_pdf
201706020611,2017,中山,2,6,11,2017-03-12,https://www.jra.go.jp/datafile/seiseki/report/2017/2017-2nakayama6.pdf,official_daily_result_pdf
201706020612,2017,中山,2,6,12,2017-03-12,https://www.jra.go.jp/datafile/seiseki/report/2017/2017-2nakayama6.pdf,official_daily_result_pdf
201706020701,2017,中山,2,7,1,2017-03-19,https://www.jra.go.jp/datafile/seiseki/report/2017/2017-2nakayama7.pdf,official_daily_result_pdf
201706020702,2017,中山,2,7,2,2017-03-19,https://www.jra.go.jp/datafile/seiseki/report/2017/2017-2nakayama7.pdf,official_daily_result_pdf
201706020703,2017,中山,2,7,3,2017-03-19,https://www.jra.go.jp/datafile/seiseki/report/2017/2017-2nakayama7.pdf,official_daily_result_pdf
201706020704,2017,中山,2,7,4,2017-03-19,https://www.jra.go.jp/datafile/seiseki/report/2017/2017-2nakayama7.pdf,official_daily_result_pdf
201706020705,2017,中山,2,7,5,2017-03-19,https://www.jra.go.jp/datafile/seiseki/report/2017/2017-2nakayama7.pdf,official_daily_result_pdf
201706020706,2017,中山,2,7,6,2017-03-19,https://www.jra.go.jp/datafile/seiseki/report/2017/2017-2nakayama7.pdf,official_daily_result_pdf
201706020707,2017,中山,2,7,7,2017-03-19,https://www.jra.go.jp/datafile/seiseki/report/2017/2017-2nakayama7.pdf,official_daily_result_pdf
201706020708,2017,中山,2,7,8,2017-03-19,https://www.jra.go.jp/datafile/seiseki/report/2017/2017-2nakayama7.pdf,official_daily_result_pdf
201706020709,2017,中山,2,7,9,2017-03-19,https://www.jra.go.jp/datafile/seiseki/report/2017/2017-2nakayama7.pdf,official_daily_result_pdf
201706020710,2017,中山,2,7,10,2017-03-19,https://www.jra.go.jp/datafile/seiseki/report/2017/2017-2nakayama7.pdf,official_daily_result_pdf
201706020711,2017,中山,2,7,11,2017-03-19,https://www.jra.go.jp/datafile/seiseki/report/2017/2017-2nakayama7.pdf,official_daily_result_pdf
201706020712,2017,中山,2,7,12,2017-03-19,https://www.jra.go.jp/datafile/seiseki/report/2017/2017-2nakayama7.pdf,official_daily_result_pdf
201706020801,2017,中山,2,8,1,2017-03-20,https://www.jra.go.jp/datafile/seiseki/report/2017/2017-2nakayama8.pdf,official_daily_result_pdf
201706020802,2017,中山,2,8,2,2017-03-20,https://www.jra.go.jp/datafile/seiseki/report/2017/2017-2nakayama8.pdf,official_daily_result_pdf
201706020803,2017,中山,2,8,3,2017-03-20,https://www.jra.go.jp/datafile/seiseki/report/2017/2017-2nakayama8.pdf,official_daily_result_pdf
201706020804,2017,中山,2,8,4,2017-03-20,https://www.jra.go.jp/datafile/seiseki/report/2017/2017-2nakayama8.pdf,official_daily_result_pdf
201706020805,2017,中山,2,8,5,2017-03-20,https://www.jra.go.jp/datafile/seiseki/report/2017/2017-2nakayama8.pdf,official_daily_result_pdf
201706020806,2017,中山,2,8,6,2017-03-20,https://www.jra.go.jp/datafile/seiseki/report/2017/2017-2nakayama8.pdf,official_daily_result_pdf
201706020807,2017,中山,2,8,7,2017-03-20,https://www.jra.go.jp/datafile/seiseki/report/2017/2017-2nakayama8.pdf,official_daily_result_pdf
201706020808,2017,中山,2,8,8,2017-03-20,https://www.jra.go.jp/datafile/seiseki/report/2017/2017-2nakayama8.pdf,official_daily_result_pdf
201706020809,2017,中山,2,8,9,2017-03-20,https://www.jra.go.jp/datafile/seiseki/report/2017/2017-2nakayama8.pdf,official_daily_result_pdf
201706020810,2017,中山,2,8,10,2017-03-20,https://www.jra.go.jp/datafile/seiseki/report/2017/2017-2nakayama8.pdf,official_daily_result_pdf
201706020811,2017,中山,2,8,11,2017-03-20,https://www.jra.go.jp/datafile/seiseki/report/2017/2017-2nakayama8.pdf,official_daily_result_pdf
201706020812,2017,中山,2,8,12,2017-03-20,https://www.jra.go.jp/datafile/seiseki/report/2017/2017-2nakayama8.pdf,official_daily_result_pdf
201706030101,2017,中山,3,1,1,2017-03-25,https://www.jra.go.jp/datafile/seiseki/report/2017/2017-3nakayama1.pdf,official_daily_result_pdf
201706030102,2017,中山,3,1,2,2017-03-25,https://www.jra.go.jp/datafile/seiseki/report/2017/2017-3nakayama1.pdf,official_daily_result_pdf
201706030103,2017,中山,3,1,3,2017-03-25,https://www.jra.go.jp/datafile/seiseki/report/2017/2017-3nakayama1.pdf,official_daily_result_pdf
201706030104,2017,中山,3,1,4,2017-03-25,https://www.jra.go.jp/datafile/seiseki/report/2017/2017-3nakayama1.pdf,official_daily_result_pdf
201706030105,2017,中山,3,1,5,2017-03-25,https://www.jra.go.jp/datafile/seiseki/report/2017/2017-3nakayama1.pdf,official_daily_result_pdf
201706030106,2017,中山,3,1,6,2017-03-25,https://www.jra.go.jp/datafile/seiseki/report/2017/2017-3nakayama1.pdf,official_daily_result_pdf
201706030107,2017,中山,3,1,7,2017-03-25,https://www.jra.go.jp/datafile/seiseki/report/2017/2017-3nakayama1.pdf,official_daily_result_pdf
201706030108,2017,中山,3,1,8,2017-03-25,https://www.jra.go.jp/datafile/seiseki/report/2017/2017-3nakayama1.pdf,official_daily_result_pdf
201706030109,2017,中山,3,1,9,2017-03-25,https://www.jra.go.jp/datafile/seiseki/report/2017/2017-3nakayama1.pdf,official_daily_result_pdf
201706030110,2017,中山,3,1,10,2017-03-25,https://www.jra.go.jp/datafile/seiseki/report/2017/2017-3nakayama1.pdf,official_daily_result_pdf
201706030111,2017,中山,3,1,11,2017-03-25,https://www.jra.go.jp/datafile/seiseki/report/2017/2017-3nakayama1.pdf,official_daily_result_pdf
201706030112,2017,中山,3,1,12,2017-03-25,https://www.jra.go.jp/datafile/seiseki/report/2017/2017-3nakayama1.pdf,official_daily_result_pdf
201706030201,2017,中山,3,2,1,2017-03-26,https://www.jra.go.jp/datafile/seiseki/report/2017/2017-3nakayama2.pdf,official_daily_result_pdf
201706030202,2017,中山,3,2,2,2017-03-26,https://www.jra.go.jp/datafile/seiseki/report/2017/2017-3nakayama2.pdf,official_daily_result_pdf
201706030203,2017,中山,3,2,3,2017-03-26,https://www.jra.go.jp/datafile/seiseki/report/2017/2017-3nakayama2.pdf,official_daily_result_pdf
201706030204,2017,中山,3,2,4,2017-03-26,https://www.jra.go.jp/datafile/seiseki/report/2017/2017-3nakayama2.pdf,official_daily_result_pdf
201706030205,2017,中山,3,2,5,2017-03-26,https://www.jra.go.jp/datafile/seiseki/report/2017/2017-3nakayama2.pdf,official_daily_result_pdf
201706030206,2017,中山,3,2,6,2017-03-26,https://www.jra.go.jp/datafile/seiseki/report/2017/2017-3nakayama2.pdf,official_daily_result_pdf
201706030207,2017,中山,3,2,7,2017-03-26,https://www.jra.go.jp/datafile/seiseki/report/2017/2017-3nakayama2.pdf,official_daily_result_pdf
201706030208,2017,中山,3,2,8,2017-03-26,https://www.jra.go.jp/datafile/seiseki/report/2017/2017-3nakayama2.pdf,official_daily_result_pdf
201706030209,2017,中山,3,2,9,2017-03-26,https://www.jra.go.jp/datafile/seiseki/report/2017/2017-3nakayama2.pdf,official_daily_result_pdf
201706030210,2017,中山,3,2,10,2017-03-26,https://www.jra.go.jp/datafile/seiseki/report/2017/2017-3nakayama2.pdf,official_daily_result_pdf
201706030211,2017,中山,3,2,11,2017-03-26,https://www.jra.go.jp/datafile/seiseki/report/2017/2017-3nakayama2.pdf,official_daily_result_pdf
201706030212,2017,中山,3,2,12,2017-03-26,https://www.jra.go.jp/datafile/seiseki/report/2017/2017-3nakayama2.pdf,official_daily_result_pdf
201706030301,2017,中山,3,3,1,2017-04-01,https://www.jra.go.jp/datafile/seiseki/report/2017/2017-3nakayama3.pdf,official_daily_result_pdf
201706030302,2017,中山,3,3,2,2017-04-01,https://www.jra.go.jp/datafile/seiseki/report/2017/2017-3nakayama3.pdf,official_daily_result_pdf
201706030303,2017,中山,3,3,3,2017-04-01,https://www.jra.go.jp/datafile/seiseki/report/2017/2017-3nakayama3.pdf,official_daily_result_pdf
201706030304,2017,中山,3,3,4,2017-04-01,https://www.jra.go.jp/datafile/seiseki/report/2017/2017-3nakayama3.pdf,official_daily_result_pdf
201706030305,2017,中山,3,3,5,2017-04-01,https://www.jra.go.jp/datafile/seiseki/report/2017/2017-3nakayama3.pdf,official_daily_result_pdf
201706030306,2017,中山,3,3,6,2017-04-01,https://www.jra.go.jp/datafile/seiseki/report/2017/2017-3nakayama3.pdf,official_daily_result_pdf
201706030307,2017,中山,3,3,7,2017-04-01,https://www.jra.go.jp/datafile/seiseki/report/2017/2017-3nakayama3.pdf,official_daily_result_pdf
201706030308,2017,中山,3,3,8,2017-04-01,https://www.jra.go.jp/datafile/seiseki/report/2017/2017-3nakayama3.pdf,official_daily_result_pdf
201706030309,2017,中山,3,3,9,2017-04-01,https://www.jra.go.jp/datafile/seiseki/report/2017/2017-3nakayama3.pdf,official_daily_result_pdf
201706030310,2017,中山,3,3,10,2017-04-01,https://www.jra.go.jp/datafile/seiseki/report/2017/2017-3nakayama3.pdf,official_daily_result_pdf
201706030311,2017,中山,3,3,11,2017-04-01,https://www.jra.go.jp/datafile/seiseki/report/2017/2017-3nakayama3.pdf,official_daily_result_pdf
201706030312,2017,中山,3,3,12,2017-04-01,https://www.jra.go.jp/datafile/seiseki/report/2017/2017-3nakayama3.pdf,official_daily_result_pdf
201706030401,2017,中山,3,4,1,2017-04-02,https://www.jra.go.jp/datafile/seiseki/report/2017/2017-3nakayama4.pdf,official_daily_result_pdf
201706030402,2017,中山,3,4,2,2017-04-02,https://www.jra.go.jp/datafile/seiseki/report/2017/2017-3nakayama4.pdf,official_daily_result_pdf
201706030403,2017,中山,3,4,3,2017-04-02,https://www.jra.go.jp/datafile/seiseki/report/2017/2017-3nakayama4.pdf,official_daily_result_pdf
201706030404,2017,中山,3,4,4,2017-04-02,https://www.jra.go.jp/datafile/seiseki/report/2017/2017-3nakayama4.pdf,official_daily_result_pdf
201706030405,2017,中山,3,4,5,2017-04-02,https://www.jra.go.jp/datafile/seiseki/report/2017/2017-3nakayama4.pdf,official_daily_result_pdf
201706030406,2017,中山,3,4,6,2017-04-02,https://www.jra.go.jp/datafile/seiseki/report/2017/2017-3nakayama4.pdf,official_daily_result_pdf
201706030407,2017,中山,3,4,7,2017-04-02,https://www.jra.go.jp/datafile/seiseki/report/2017/2017-3nakayama4.pdf,official_daily_result_pdf
201706030408,2017,中山,3,4,8,2017-04-02,https://www.jra.go.jp/datafile/seiseki/report/2017/2017-3nakayama4.pdf,official_daily_result_pdf
201706030409,2017,中山,3,4,9,2017-04-02,https://www.jra.go.jp/datafile/seiseki/report/2017/2017-3nakayama4.pdf,official_daily_result_pdf
201706030410,2017,中山,3,4,10,2017-04-02,https://www.jra.go.jp/datafile/seiseki/report/2017/2017-3nakayama4.pdf,official_daily_result_pdf
201706030411,2017,中山,3,4,11,2017-04-02,https://www.jra.go.jp/datafile/seiseki/report/2017/2017-3nakayama4.pdf,official_daily_result_pdf
201706030412,2017,中山,3,4,12,2017-04-02,https://www.jra.go.jp/datafile/seiseki/report/2017/2017-3nakayama4.pdf,official_daily_result_pdf
201706030501,2017,中山,3,5,1,2017-04-08,https://www.jra.go.jp/datafile/seiseki/report/2017/2017-3nakayama5.pdf,official_daily_result_pdf
201706030502,2017,中山,3,5,2,2017-04-08,https://www.jra.go.jp/datafile/seiseki/report/2017/2017-3nakayama5.pdf,official_daily_result_pdf
201706030503,2017,中山,3,5,3,2017-04-08,https://www.jra.go.jp/datafile/seiseki/report/2017/2017-3nakayama5.pdf,official_daily_result_pdf
201706030504,2017,中山,3,5,4,2017-04-08,https://www.jra.go.jp/datafile/seiseki/report/2017/2017-3nakayama5.pdf,official_daily_result_pdf
201706030505,2017,中山,3,5,5,2017-04-08,https://www.jra.go.jp/datafile/seiseki/report/2017/2017-3nakayama5.pdf,official_daily_result_pdf
201706030506,2017,中山,3,5,6,2017-04-08,https://www.jra.go.jp/datafile/seiseki/report/2017/2017-3nakayama5.pdf,official_daily_result_pdf
201706030507,2017,中山,3,5,7,2017-04-08,https://www.jra.go.jp/datafile/seiseki/report/2017/2017-3nakayama5.pdf,official_daily_result_pdf
201706030508,2017,中山,3,5,8,2017-04-08,https://www.jra.go.jp/datafile/seiseki/report/2017/2017-3nakayama5.pdf,official_daily_result_pdf
201706030509,2017,中山,3,5,9,2017-04-08,https://www.jra.go.jp/datafile/seiseki/report/2017/2017-3nakayama5.pdf,official_daily_result_pdf
201706030510,2017,中山,3,5,10,2017-04-08,https://www.jra.go.jp/datafile/seiseki/report/2017/2017-3nakayama5.pdf,official_daily_result_pdf
201706030511,2017,中山,3,5,11,2017-04-08,https://www.jra.go.jp/datafile/seiseki/report/2017/2017-3nakayama5.pdf,official_daily_result_pdf
201706030512,2017,中山,3,5,12,2017-04-08,https://www.jra.go.jp/datafile/seiseki/report/2017/2017-3nakayama5.pdf,official_daily_result_pdf
201706030601,2017,中山,3,6,1,2017-04-09,https://www.jra.go.jp/datafile/seiseki/report/2017/2017-3nakayama6.pdf,official_daily_result_pdf
201706030602,2017,中山,3,6,2,2017-04-09,https://www.jra.go.jp/datafile/seiseki/report/2017/2017-3nakayama6.pdf,official_daily_result_pdf
201706030603,2017,中山,3,6,3,2017-04-09,https://www.jra.go.jp/datafile/seiseki/report/2017/2017-3nakayama6.pdf,official_daily_result_pdf
201706030604,2017,中山,3,6,4,2017-04-09,https://www.jra.go.jp/datafile/seiseki/report/2017/2017-3nakayama6.pdf,official_daily_result_pdf
201706030605,2017,中山,3,6,5,2017-04-09,https://www.jra.go.jp/datafile/seiseki/report/2017/2017-3nakayama6.pdf,official_daily_result_pdf
201706030606,2017,中山,3,6,6,2017-04-09,https://www.jra.go.jp/datafile/seiseki/report/2017/2017-3nakayama6.pdf,official_daily_result_pdf
201706030607,2017,中山,3,6,7,2017-04-09,https://www.jra.go.jp/datafile/seiseki/report/2017/2017-3nakayama6.pdf,official_daily_result_pdf
201706030608,2017,中山,3,6,8,2017-04-09,https://www.jra.go.jp/datafile/seiseki/report/2017/2017-3nakayama6.pdf,official_daily_result_pdf
201706030609,2017,中山,3,6,9,2017-04-09,https://www.jra.go.jp/datafile/seiseki/report/2017/2017-3nakayama6.pdf,official_daily_result_pdf
201706030610,2017,中山,3,6,10,2017-04-09,https://www.jra.go.jp/datafile/seiseki/report/2017/2017-3nakayama6.pdf,official_daily_result_pdf
201706030611,2017,中山,3,6,11,2017-04-09,https://www.jra.go.jp/datafile/seiseki/report/2017/2017-3nakayama6.pdf,official_daily_result_pdf
201706030612,2017,中山,3,6,12,2017-04-09,https://www.jra.go.jp/datafile/seiseki/report/2017/2017-3nakayama6.pdf,official_daily_result_pdf
201706030701,2017,中山,3,7,1,2017-04-15,https://www.jra.go.jp/datafile/seiseki/report/2017/2017-3nakayama7.pdf,official_daily_result_pdf
201706030702,2017,中山,3,7,2,2017-04-15,https://www.jra.go.jp/datafile/seiseki/report/2017/2017-3nakayama7.pdf,official_daily_result_pdf
201706030703,2017,中山,3,7,3,2017-04-15,https://www.jra.go.jp/datafile/seiseki/report/2017/2017-3nakayama7.pdf,official_daily_result_pdf
201706030704,2017,中山,3,7,4,2017-04-15,https://www.jra.go.jp/datafile/seiseki/report/2017/2017-3nakayama7.pdf,official_daily_result_pdf
201706030705,2017,中山,3,7,5,2017-04-15,https://www.jra.go.jp/datafile/seiseki/report/2017/2017-3nakayama7.pdf,official_daily_result_pdf
201706030706,2017,中山,3,7,6,2017-04-15,https://www.jra.go.jp/datafile/seiseki/report/2017/2017-3nakayama7.pdf,official_daily_result_pdf
201706030707,2017,中山,3,7,7,2017-04-15,https://www.jra.go.jp/datafile/seiseki/report/2017/2017-3nakayama7.pdf,official_daily_result_pdf
201706030708,2017,中山,3,7,8,2017-04-15,https://www.jra.go.jp/datafile/seiseki/report/2017/2017-3nakayama7.pdf,official_daily_result_pdf
201706030709,2017,中山,3,7,9,2017-04-15,https://www.jra.go.jp/datafile/seiseki/report/2017/2017-3nakayama7.pdf,official_daily_result_pdf
201706030710,2017,中山,3,7,10,2017-04-15,https://www.jra.go.jp/datafile/seiseki/report/2017/2017-3nakayama7.pdf,official_daily_result_pdf
201706030711,2017,中山,3,7,11,2017-04-15,https://www.jra.go.jp/datafile/seiseki/report/2017/2017-3nakayama7.pdf,official_daily_result_pdf
201706030712,2017,中山,3,7,12,2017-04-15,https://www.jra.go.jp/datafile/seiseki/report/2017/2017-3nakayama7.pdf,official_daily_result_pdf
201706030801,2017,中山,3,8,1,2017-04-16,https://www.jra.go.jp/datafile/seiseki/report/2017/2017-3nakayama8.pdf,official_daily_result_pdf
201706030802,2017,中山,3,8,2,2017-04-16,https://www.jra.go.jp/datafile/seiseki/report/2017/2017-3nakayama8.pdf,official_daily_result_pdf
201706030803,2017,中山,3,8,3,2017-04-16,https://www.jra.go.jp/datafile/seiseki/report/2017/2017-3nakayama8.pdf,official_daily_result_pdf
201706030804,2017,中山,3,8,4,2017-04-16,https://www.jra.go.jp/datafile/seiseki/report/2017/2017-3nakayama8.pdf,official_daily_result_pdf
201706030805,2017,中山,3,8,5,2017-04-16,https://www.jra.go.jp/datafile/seiseki/report/2017/2017-3nakayama8.pdf,official_daily_result_pdf
201706030806,2017,中山,3,8,6,2017-04-16,https://www.jra.go.jp/datafile/seiseki/report/2017/2017-3nakayama8.pdf,official_daily_result_pdf
201706030807,2017,中山,3,8,7,2017-04-16,https://www.jra.go.jp/datafile/seiseki/report/2017/2017-3nakayama8.pdf,official_daily_result_pdf
201706030808,2017,中山,3,8,8,2017-04-16,https://www.jra.go.jp/datafile/seiseki/report/2017/2017-3nakayama8.pdf,official_daily_result_pdf
201706030809,2017,中山,3,8,9,2017-04-16,https://www.jra.go.jp/datafile/seiseki/report/2017/2017-3nakayama8.pdf,official_daily_result_pdf
201706030810,2017,中山,3,8,10,2017-04-16,https://www.jra.go.jp/datafile/seiseki/report/2017/2017-3nakayama8.pdf,official_daily_result_pdf
201706030811,2017,中山,3,8,11,2017-04-16,https://www.jra.go.jp/datafile/seiseki/report/2017/2017-3nakayama8.pdf,official_daily_result_pdf
201706030812,2017,中山,3,8,12,2017-04-16,https://www.jra.go.jp/datafile/seiseki/report/2017/2017-3nakayama8.pdf,official_daily_result_pdf
201706040101,2017,中山,4,1,1,2017-09-09,https://www.jra.go.jp/datafile/seiseki/report/2017/2017-4nakayama1.pdf,official_daily_result_pdf
201706040102,2017,中山,4,1,2,2017-09-09,https://www.jra.go.jp/datafile/seiseki/report/2017/2017-4nakayama1.pdf,official_daily_result_pdf
201706040103,2017,中山,4,1,3,2017-09-09,https://www.jra.go.jp/datafile/seiseki/report/2017/2017-4nakayama1.pdf,official_daily_result_pdf
201706040104,2017,中山,4,1,4,2017-09-09,https://www.jra.go.jp/datafile/seiseki/report/2017/2017-4nakayama1.pdf,official_daily_result_pdf
201706040105,2017,中山,4,1,5,2017-09-09,https://www.jra.go.jp/datafile/seiseki/report/2017/2017-4nakayama1.pdf,official_daily_result_pdf
201706040106,2017,中山,4,1,6,2017-09-09,https://www.jra.go.jp/datafile/seiseki/report/2017/2017-4nakayama1.pdf,official_daily_result_pdf
201706040107,2017,中山,4,1,7,2017-09-09,https://www.jra.go.jp/datafile/seiseki/report/2017/2017-4nakayama1.pdf,official_daily_result_pdf
201706040108,2017,中山,4,1,8,2017-09-09,https://www.jra.go.jp/datafile/seiseki/report/2017/2017-4nakayama1.pdf,official_daily_result_pdf
201706040109,2017,中山,4,1,9,2017-09-09,https://www.jra.go.jp/datafile/seiseki/report/2017/2017-4nakayama1.pdf,official_daily_result_pdf
201706040110,2017,中山,4,1,10,2017-09-09,https://www.jra.go.jp/datafile/seiseki/report/2017/2017-4nakayama1.pdf,official_daily_result_pdf
201706040111,2017,中山,4,1,11,2017-09-09,https://www.jra.go.jp/datafile/seiseki/report/2017/2017-4nakayama1.pdf,official_daily_result_pdf
201706040112,2017,中山,4,1,12,2017-09-09,https://www.jra.go.jp/datafile/seiseki/report/2017/2017-4nakayama1.pdf,official_daily_result_pdf
201706040201,2017,中山,4,2,1,2017-09-10,https://www.jra.go.jp/datafile/seiseki/report/2017/2017-4nakayama2.pdf,official_daily_result_pdf
201706040202,2017,中山,4,2,2,2017-09-10,https://www.jra.go.jp/datafile/seiseki/report/2017/2017-4nakayama2.pdf,official_daily_result_pdf
201706040203,2017,中山,4,2,3,2017-09-10,https://www.jra.go.jp/datafile/seiseki/report/2017/2017-4nakayama2.pdf,official_daily_result_pdf
201706040204,2017,中山,4,2,4,2017-09-10,https://www.jra.go.jp/datafile/seiseki/report/2017/2017-4nakayama2.pdf,official_daily_result_pdf
201706040205,2017,中山,4,2,5,2017-09-10,https://www.jra.go.jp/datafile/seiseki/report/2017/2017-4nakayama2.pdf,official_daily_result_pdf
201706040206,2017,中山,4,2,6,2017-09-10,https://www.jra.go.jp/datafile/seiseki/report/2017/2017-4nakayama2.pdf,official_daily_result_pdf
201706040207,2017,中山,4,2,7,2017-09-10,https://www.jra.go.jp/datafile/seiseki/report/2017/2017-4nakayama2.pdf,official_daily_result_pdf
201706040208,2017,中山,4,2,8,2017-09-10,https://www.jra.go.jp/datafile/seiseki/report/2017/2017-4nakayama2.pdf,official_daily_result_pdf
201706040209,2017,中山,4,2,9,2017-09-10,https://www.jra.go.jp/datafile/seiseki/report/2017/2017-4nakayama2.pdf,official_daily_result_pdf
201706040210,2017,中山,4,2,10,2017-09-10,https://www.jra.go.jp/datafile/seiseki/report/2017/2017-4nakayama2.pdf,official_daily_result_pdf
201706040211,2017,中山,4,2,11,2017-09-10,https://www.jra.go.jp/datafile/seiseki/report/2017/2017-4nakayama2.pdf,official_daily_result_pdf
201706040212,2017,中山,4,2,12,2017-09-10,https://www.jra.go.jp/datafile/seiseki/report/2017/2017-4nakayama2.pdf,official_daily_result_pdf
201706040301,2017,中山,4,3,1,2017-09-16,https://www.jra.go.jp/datafile/seiseki/report/2017/2017-4nakayama3.pdf,official_daily_result_pdf
201706040302,2017,中山,4,3,2,2017-09-16,https://www.jra.go.jp/datafile/seiseki/report/2017/2017-4nakayama3.pdf,official_daily_result_pdf
201706040303,2017,中山,4,3,3,2017-09-16,https://www.jra.go.jp/datafile/seiseki/report/2017/2017-4nakayama3.pdf,official_daily_result_pdf
201706040304,2017,中山,4,3,4,2017-09-16,https://www.jra.go.jp/datafile/seiseki/report/2017/2017-4nakayama3.pdf,official_daily_result_pdf
201706040305,2017,中山,4,3,5,2017-09-16,https://www.jra.go.jp/datafile/seiseki/report/2017/2017-4nakayama3.pdf,official_daily_result_pdf
201706040306,2017,中山,4,3,6,2017-09-16,https://www.jra.go.jp/datafile/seiseki/report/2017/2017-4nakayama3.pdf,official_daily_result_pdf
201706040307,2017,中山,4,3,7,2017-09-16,https://www.jra.go.jp/datafile/seiseki/report/2017/2017-4nakayama3.pdf,official_daily_result_pdf
201706040308,2017,中山,4,3,8,2017-09-16,https://www.jra.go.jp/datafile/seiseki/report/2017/2017-4nakayama3.pdf,official_daily_result_pdf
201706040309,2017,中山,4,3,9,2017-09-16,https://www.jra.go.jp/datafile/seiseki/report/2017/2017-4nakayama3.pdf,official_daily_result_pdf
201706040310,2017,中山,4,3,10,2017-09-16,https://www.jra.go.jp/datafile/seiseki/report/2017/2017-4nakayama3.pdf,official_daily_result_pdf
201706040311,2017,中山,4,3,11,2017-09-16,https://www.jra.go.jp/datafile/seiseki/report/2017/2017-4nakayama3.pdf,official_daily_result_pdf
201706040312,2017,中山,4,3,12,2017-09-16,https://www.jra.go.jp/datafile/seiseki/report/2017/2017-4nakayama3.pdf,official_daily_result_pdf
201706040401,2017,中山,4,4,1,2017-09-17,https://www.jra.go.jp/datafile/seiseki/report/2017/2017-4nakayama4.pdf,official_daily_result_pdf
201706040402,2017,中山,4,4,2,2017-09-17,https://www.jra.go.jp/datafile/seiseki/report/2017/2017-4nakayama4.pdf,official_daily_result_pdf
201706040403,2017,中山,4,4,3,2017-09-17,https://www.jra.go.jp/datafile/seiseki/report/2017/2017-4nakayama4.pdf,official_daily_result_pdf
201706040404,2017,中山,4,4,4,2017-09-17,https://www.jra.go.jp/datafile/seiseki/report/2017/2017-4nakayama4.pdf,official_daily_result_pdf
201706040405,2017,中山,4,4,5,2017-09-17,https://www.jra.go.jp/datafile/seiseki/report/2017/2017-4nakayama4.pdf,official_daily_result_pdf
201706040406,2017,中山,4,4,6,2017-09-17,https://www.jra.go.jp/datafile/seiseki/report/2017/2017-4nakayama4.pdf,official_daily_result_pdf
201706040407,2017,中山,4,4,7,2017-09-17,https://www.jra.go.jp/datafile/seiseki/report/2017/2017-4nakayama4.pdf,official_daily_result_pdf
201706040408,2017,中山,4,4,8,2017-09-17,https://www.jra.go.jp/datafile/seiseki/report/2017/2017-4nakayama4.pdf,official_daily_result_pdf
201706040409,2017,中山,4,4,9,2017-09-17,https://www.jra.go.jp/datafile/seiseki/report/2017/2017-4nakayama4.pdf,official_daily_result_pdf
201706040410,2017,中山,4,4,10,2017-09-17,https://www.jra.go.jp/datafile/seiseki/report/2017/2017-4nakayama4.pdf,official_daily_result_pdf
201706040411,2017,中山,4,4,11,2017-09-17,https://www.jra.go.jp/datafile/seiseki/report/2017/2017-4nakayama4.pdf,official_daily_result_pdf
201706040412,2017,中山,4,4,12,2017-09-17,https://www.jra.go.jp/datafile/seiseki/report/2017/2017-4nakayama4.pdf,official_daily_result_pdf
201706040501,2017,中山,4,5,1,2017-09-18,https://www.jra.go.jp/datafile/seiseki/report/2017/2017-4nakayama5.pdf,official_daily_result_pdf
201706040502,2017,中山,4,5,2,2017-09-18,https://www.jra.go.jp/datafile/seiseki/report/2017/2017-4nakayama5.pdf,official_daily_result_pdf
201706040503,2017,中山,4,5,3,2017-09-18,https://www.jra.go.jp/datafile/seiseki/report/2017/2017-4nakayama5.pdf,official_daily_result_pdf
201706040504,2017,中山,4,5,4,2017-09-18,https://www.jra.go.jp/datafile/seiseki/report/2017/2017-4nakayama5.pdf,official_daily_result_pdf
201706040505,2017,中山,4,5,5,2017-09-18,https://www.jra.go.jp/datafile/seiseki/report/2017/2017-4nakayama5.pdf,official_daily_result_pdf
201706040506,2017,中山,4,5,6,2017-09-18,https://www.jra.go.jp/datafile/seiseki/report/2017/2017-4nakayama5.pdf,official_daily_result_pdf
201706040507,2017,中山,4,5,7,2017-09-18,https://www.jra.go.jp/datafile/seiseki/report/2017/2017-4nakayama5.pdf,official_daily_result_pdf
201706040508,2017,中山,4,5,8,2017-09-18,https://www.jra.go.jp/datafile/seiseki/report/2017/2017-4nakayama5.pdf,official_daily_result_pdf
201706040509,2017,中山,4,5,9,2017-09-18,https://www.jra.go.jp/datafile/seiseki/report/2017/2017-4nakayama5.pdf,official_daily_result_pdf
201706040510,2017,中山,4,5,10,2017-09-18,https://www.jra.go.jp/datafile/seiseki/report/2017/2017-4nakayama5.pdf,official_daily_result_pdf
201706040511,2017,中山,4,5,11,2017-09-18,https://www.jra.go.jp/datafile/seiseki/report/2017/2017-4nakayama5.pdf,official_daily_result_pdf
201706040512,2017,中山,4,5,12,2017-09-18,https://www.jra.go.jp/datafile/seiseki/report/2017/2017-4nakayama5.pdf,official_daily_result_pdf
201706040601,2017,中山,4,6,1,2017-09-23,https://www.jra.go.jp/datafile/seiseki/report/2017/2017-4nakayama6.pdf,official_daily_result_pdf
201706040602,2017,中山,4,6,2,2017-09-23,https://www.jra.go.jp/datafile/seiseki/report/2017/2017-4nakayama6.pdf,official_daily_result_pdf
201706040603,2017,中山,4,6,3,2017-09-23,https://www.jra.go.jp/datafile/seiseki/report/2017/2017-4nakayama6.pdf,official_daily_result_pdf
201706040604,2017,中山,4,6,4,2017-09-23,https://www.jra.go.jp/datafile/seiseki/report/2017/2017-4nakayama6.pdf,official_daily_result_pdf
201706040605,2017,中山,4,6,5,2017-09-23,https://www.jra.go.jp/datafile/seiseki/report/2017/2017-4nakayama6.pdf,official_daily_result_pdf
201706040606,2017,中山,4,6,6,2017-09-23,https://www.jra.go.jp/datafile/seiseki/report/2017/2017-4nakayama6.pdf,official_daily_result_pdf
201706040607,2017,中山,4,6,7,2017-09-23,https://www.jra.go.jp/datafile/seiseki/report/2017/2017-4nakayama6.pdf,official_daily_result_pdf
201706040608,2017,中山,4,6,8,2017-09-23,https://www.jra.go.jp/datafile/seiseki/report/2017/2017-4nakayama6.pdf,official_daily_result_pdf
201706040609,2017,中山,4,6,9,2017-09-23,https://www.jra.go.jp/datafile/seiseki/report/2017/2017-4nakayama6.pdf,official_daily_result_pdf
201706040610,2017,中山,4,6,10,2017-09-23,https://www.jra.go.jp/datafile/seiseki/report/2017/2017-4nakayama6.pdf,official_daily_result_pdf
201706040611,2017,中山,4,6,11,2017-09-23,https://www.jra.go.jp/datafile/seiseki/report/2017/2017-4nakayama6.pdf,official_daily_result_pdf
201706040612,2017,中山,4,6,12,2017-09-23,https://www.jra.go.jp/datafile/seiseki/report/2017/2017-4nakayama6.pdf,official_daily_result_pdf
201706040701,2017,中山,4,7,1,2017-09-24,https://www.jra.go.jp/datafile/seiseki/report/2017/2017-4nakayama7.pdf,official_daily_result_pdf
201706040702,2017,中山,4,7,2,2017-09-24,https://www.jra.go.jp/datafile/seiseki/report/2017/2017-4nakayama7.pdf,official_daily_result_pdf
201706040703,2017,中山,4,7,3,2017-09-24,https://www.jra.go.jp/datafile/seiseki/report/2017/2017-4nakayama7.pdf,official_daily_result_pdf
201706040704,2017,中山,4,7,4,2017-09-24,https://www.jra.go.jp/datafile/seiseki/report/2017/2017-4nakayama7.pdf,official_daily_result_pdf
201706040705,2017,中山,4,7,5,2017-09-24,https://www.jra.go.jp/datafile/seiseki/report/2017/2017-4nakayama7.pdf,official_daily_result_pdf
201706040706,2017,中山,4,7,6,2017-09-24,https://www.jra.go.jp/datafile/seiseki/report/2017/2017-4nakayama7.pdf,official_daily_result_pdf
201706040707,2017,中山,4,7,7,2017-09-24,https://www.jra.go.jp/datafile/seiseki/report/2017/2017-4nakayama7.pdf,official_daily_result_pdf
201706040708,2017,中山,4,7,8,2017-09-24,https://www.jra.go.jp/datafile/seiseki/report/2017/2017-4nakayama7.pdf,official_daily_result_pdf
201706040709,2017,中山,4,7,9,2017-09-24,https://www.jra.go.jp/datafile/seiseki/report/2017/2017-4nakayama7.pdf,official_daily_result_pdf
201706040710,2017,中山,4,7,10,2017-09-24,https://www.jra.go.jp/datafile/seiseki/report/2017/2017-4nakayama7.pdf,official_daily_result_pdf
201706040711,2017,中山,4,7,11,2017-09-24,https://www.jra.go.jp/datafile/seiseki/report/2017/2017-4nakayama7.pdf,official_daily_result_pdf
201706040712,2017,中山,4,7,12,2017-09-24,https://www.jra.go.jp/datafile/seiseki/report/2017/2017-4nakayama7.pdf,official_daily_result_pdf
201706040801,2017,中山,4,8,1,2017-09-30,https://www.jra.go.jp/datafile/seiseki/report/2017/2017-4nakayama8.pdf,official_daily_result_pdf
201706040802,2017,中山,4,8,2,2017-09-30,https://www.jra.go.jp/datafile/seiseki/report/2017/2017-4nakayama8.pdf,official_daily_result_pdf
201706040803,2017,中山,4,8,3,2017-09-30,https://www.jra.go.jp/datafile/seiseki/report/2017/2017-4nakayama8.pdf,official_daily_result_pdf
201706040804,2017,中山,4,8,4,2017-09-30,https://www.jra.go.jp/datafile/seiseki/report/2017/2017-4nakayama8.pdf,official_daily_result_pdf
201706040805,2017,中山,4,8,5,2017-09-30,https://www.jra.go.jp/datafile/seiseki/report/2017/2017-4nakayama8.pdf,official_daily_result_pdf
201706040806,2017,中山,4,8,6,2017-09-30,https://www.jra.go.jp/datafile/seiseki/report/2017/2017-4nakayama8.pdf,official_daily_result_pdf
201706040807,2017,中山,4,8,7,2017-09-30,https://www.jra.go.jp/datafile/seiseki/report/2017/2017-4nakayama8.pdf,official_daily_result_pdf
201706040808,2017,中山,4,8,8,2017-09-30,https://www.jra.go.jp/datafile/seiseki/report/2017/2017-4nakayama8.pdf,official_daily_result_pdf
201706040809,2017,中山,4,8,9,2017-09-30,https://www.jra.go.jp/datafile/seiseki/report/2017/2017-4nakayama8.pdf,official_daily_result_pdf
201706040810,2017,中山,4,8,10,2017-09-30,https://www.jra.go.jp/datafile/seiseki/report/2017/2017-4nakayama8.pdf,official_daily_result_pdf
201706040811,2017,中山,4,8,11,2017-09-30,https://www.jra.go.jp/datafile/seiseki/report/2017/2017-4nakayama8.pdf,official_daily_result_pdf
201706040812,2017,中山,4,8,12,2017-09-30,https://www.jra.go.jp/datafile/seiseki/report/2017/2017-4nakayama8.pdf,official_daily_result_pdf
201706040901,2017,中山,4,9,1,2017-10-01,https://www.jra.go.jp/datafile/seiseki/report/2017/2017-4nakayama9.pdf,official_daily_result_pdf
201706040902,2017,中山,4,9,2,2017-10-01,https://www.jra.go.jp/datafile/seiseki/report/2017/2017-4nakayama9.pdf,official_daily_result_pdf
201706040903,2017,中山,4,9,3,2017-10-01,https://www.jra.go.jp/datafile/seiseki/report/2017/2017-4nakayama9.pdf,official_daily_result_pdf
201706040904,2017,中山,4,9,4,2017-10-01,https://www.jra.go.jp/datafile/seiseki/report/2017/2017-4nakayama9.pdf,official_daily_result_pdf
201706040905,2017,中山,4,9,5,2017-10-01,https://www.jra.go.jp/datafile/seiseki/report/2017/2017-4nakayama9.pdf,official_daily_result_pdf
201706040906,2017,中山,4,9,6,2017-10-01,https://www.jra.go.jp/datafile/seiseki/report/2017/2017-4nakayama9.pdf,official_daily_result_pdf
201706040907,2017,中山,4,9,7,2017-10-01,https://www.jra.go.jp/datafile/seiseki/report/2017/2017-4nakayama9.pdf,official_daily_result_pdf
201706040908,2017,中山,4,9,8,2017-10-01,https://www.jra.go.jp/datafile/seiseki/report/2017/2017-4nakayama9.pdf,official_daily_result_pdf
201706040909,2017,中山,4,9,9,2017-10-01,https://www.jra.go.jp/datafile/seiseki/report/2017/2017-4nakayama9.pdf,official_daily_result_pdf
201706040910,2017,中山,4,9,10,2017-10-01,https://www.jra.go.jp/datafile/seiseki/report/2017/2017-4nakayama9.pdf,official_daily_result_pdf
201706040911,2017,中山,4,9,11,2017-10-01,https://www.jra.go.jp/datafile/seiseki/report/2017/2017-4nakayama9.pdf,official_daily_result_pdf
201706040912,2017,中山,4,9,12,2017-10-01,https://www.jra.go.jp/datafile/seiseki/report/2017/2017-4nakayama9.pdf,official_daily_result_pdf
201706050101,2017,中山,5,1,1,2017-12-02,https://www.jra.go.jp/datafile/seiseki/report/2017/2017-5nakayama1.pdf,official_daily_result_pdf
201706050102,2017,中山,5,1,2,2017-12-02,https://www.jra.go.jp/datafile/seiseki/report/2017/2017-5nakayama1.pdf,official_daily_result_pdf
201706050103,2017,中山,5,1,3,2017-12-02,https://www.jra.go.jp/datafile/seiseki/report/2017/2017-5nakayama1.pdf,official_daily_result_pdf
201706050104,2017,中山,5,1,4,2017-12-02,https://www.jra.go.jp/datafile/seiseki/report/2017/2017-5nakayama1.pdf,official_daily_result_pdf
201706050105,2017,中山,5,1,5,2017-12-02,https://www.jra.go.jp/datafile/seiseki/report/2017/2017-5nakayama1.pdf,official_daily_result_pdf
201706050106,2017,中山,5,1,6,2017-12-02,https://www.jra.go.jp/datafile/seiseki/report/2017/2017-5nakayama1.pdf,official_daily_result_pdf
201706050107,2017,中山,5,1,7,2017-12-02,https://www.jra.go.jp/datafile/seiseki/report/2017/2017-5nakayama1.pdf,official_daily_result_pdf
201706050108,2017,中山,5,1,8,2017-12-02,https://www.jra.go.jp/datafile/seiseki/report/2017/2017-5nakayama1.pdf,official_daily_result_pdf
201706050109,2017,中山,5,1,9,2017-12-02,https://www.jra.go.jp/datafile/seiseki/report/2017/2017-5nakayama1.pdf,official_daily_result_pdf
201706050110,2017,中山,5,1,10,2017-12-02,https://www.jra.go.jp/datafile/seiseki/report/2017/2017-5nakayama1.pdf,official_daily_result_pdf
201706050111,2017,中山,5,1,11,2017-12-02,https://www.jra.go.jp/datafile/seiseki/report/2017/2017-5nakayama1.pdf,official_daily_result_pdf
201706050112,2017,中山,5,1,12,2017-12-02,https://www.jra.go.jp/datafile/seiseki/report/2017/2017-5nakayama1.pdf,official_daily_result_pdf
201706050201,2017,中山,5,2,1,2017-12-03,https://www.jra.go.jp/datafile/seiseki/report/2017/2017-5nakayama2.pdf,official_daily_result_pdf
201706050202,2017,中山,5,2,2,2017-12-03,https://www.jra.go.jp/datafile/seiseki/report/2017/2017-5nakayama2.pdf,official_daily_result_pdf
201706050203,2017,中山,5,2,3,2017-12-03,https://www.jra.go.jp/datafile/seiseki/report/2017/2017-5nakayama2.pdf,official_daily_result_pdf
201706050204,2017,中山,5,2,4,2017-12-03,https://www.jra.go.jp/datafile/seiseki/report/2017/2017-5nakayama2.pdf,official_daily_result_pdf
201706050205,2017,中山,5,2,5,2017-12-03,https://www.jra.go.jp/datafile/seiseki/report/2017/2017-5nakayama2.pdf,official_daily_result_pdf
201706050206,2017,中山,5,2,6,2017-12-03,https://www.jra.go.jp/datafile/seiseki/report/2017/2017-5nakayama2.pdf,official_daily_result_pdf
201706050207,2017,中山,5,2,7,2017-12-03,https://www.jra.go.jp/datafile/seiseki/report/2017/2017-5nakayama2.pdf,official_daily_result_pdf
201706050208,2017,中山,5,2,8,2017-12-03,https://www.jra.go.jp/datafile/seiseki/report/2017/2017-5nakayama2.pdf,official_daily_result_pdf
201706050209,2017,中山,5,2,9,2017-12-03,https://www.jra.go.jp/datafile/seiseki/report/2017/2017-5nakayama2.pdf,official_daily_result_pdf
201706050210,2017,中山,5,2,10,2017-12-03,https://www.jra.go.jp/datafile/seiseki/report/2017/2017-5nakayama2.pdf,official_daily_result_pdf
201706050211,2017,中山,5,2,11,2017-12-03,https://www.jra.go.jp/datafile/seiseki/report/2017/2017-5nakayama2.pdf,official_daily_result_pdf
201706050212,2017,中山,5,2,12,2017-12-03,https://www.jra.go.jp/datafile/seiseki/report/2017/2017-5nakayama2.pdf,official_daily_result_pdf
201706050301,2017,中山,5,3,1,2017-12-09,https://www.jra.go.jp/datafile/seiseki/report/2017/2017-5nakayama3.pdf,official_daily_result_pdf
201706050302,2017,中山,5,3,2,2017-12-09,https://www.jra.go.jp/datafile/seiseki/report/2017/2017-5nakayama3.pdf,official_daily_result_pdf
201706050303,2017,中山,5,3,3,2017-12-09,https://www.jra.go.jp/datafile/seiseki/report/2017/2017-5nakayama3.pdf,official_daily_result_pdf
201706050304,2017,中山,5,3,4,2017-12-09,https://www.jra.go.jp/datafile/seiseki/report/2017/2017-5nakayama3.pdf,official_daily_result_pdf
201706050305,2017,中山,5,3,5,2017-12-09,https://www.jra.go.jp/datafile/seiseki/report/2017/2017-5nakayama3.pdf,official_daily_result_pdf
201706050306,2017,中山,5,3,6,2017-12-09,https://www.jra.go.jp/datafile/seiseki/report/2017/2017-5nakayama3.pdf,official_daily_result_pdf
201706050307,2017,中山,5,3,7,2017-12-09,https://www.jra.go.jp/datafile/seiseki/report/2017/2017-5nakayama3.pdf,official_daily_result_pdf
201706050308,2017,中山,5,3,8,2017-12-09,https://www.jra.go.jp/datafile/seiseki/report/2017/2017-5nakayama3.pdf,official_daily_result_pdf
201706050309,2017,中山,5,3,9,2017-12-09,https://www.jra.go.jp/datafile/seiseki/report/2017/2017-5nakayama3.pdf,official_daily_result_pdf
201706050310,2017,中山,5,3,10,2017-12-09,https://www.jra.go.jp/datafile/seiseki/report/2017/2017-5nakayama3.pdf,official_daily_result_pdf
201706050311,2017,中山,5,3,11,2017-12-09,https://www.jra.go.jp/datafile/seiseki/report/2017/2017-5nakayama3.pdf,official_daily_result_pdf
201706050312,2017,中山,5,3,12,2017-12-09,https://www.jra.go.jp/datafile/seiseki/report/2017/2017-5nakayama3.pdf,official_daily_result_pdf
201706050401,2017,中山,5,4,1,2017-12-10,https://www.jra.go.jp/datafile/seiseki/report/2017/2017-5nakayama4.pdf,official_daily_result_pdf
201706050402,2017,中山,5,4,2,2017-12-10,https://www.jra.go.jp/datafile/seiseki/report/2017/2017-5nakayama4.pdf,official_daily_result_pdf
201706050403,2017,中山,5,4,3,2017-12-10,https://www.jra.go.jp/datafile/seiseki/report/2017/2017-5nakayama4.pdf,official_daily_result_pdf
201706050404,2017,中山,5,4,4,2017-12-10,https://www.jra.go.jp/datafile/seiseki/report/2017/2017-5nakayama4.pdf,official_daily_result_pdf
201706050405,2017,中山,5,4,5,2017-12-10,https://www.jra.go.jp/datafile/seiseki/report/2017/2017-5nakayama4.pdf,official_daily_result_pdf
201706050406,2017,中山,5,4,6,2017-12-10,https://www.jra.go.jp/datafile/seiseki/report/2017/2017-5nakayama4.pdf,official_daily_result_pdf
201706050407,2017,中山,5,4,7,2017-12-10,https://www.jra.go.jp/datafile/seiseki/report/2017/2017-5nakayama4.pdf,official_daily_result_pdf
201706050408,2017,中山,5,4,8,2017-12-10,https://www.jra.go.jp/datafile/seiseki/report/2017/2017-5nakayama4.pdf,official_daily_result_pdf
201706050409,2017,中山,5,4,9,2017-12-10,https://www.jra.go.jp/datafile/seiseki/report/2017/2017-5nakayama4.pdf,official_daily_result_pdf
201706050410,2017,中山,5,4,10,2017-12-10,https://www.jra.go.jp/datafile/seiseki/report/2017/2017-5nakayama4.pdf,official_daily_result_pdf
201706050411,2017,中山,5,4,11,2017-12-10,https://www.jra.go.jp/datafile/seiseki/report/2017/2017-5nakayama4.pdf,official_daily_result_pdf
201706050412,2017,中山,5,4,12,2017-12-10,https://www.jra.go.jp/datafile/seiseki/report/2017/2017-5nakayama4.pdf,official_daily_result_pdf
201706050501,2017,中山,5,5,1,2017-12-16,https://www.jra.go.jp/datafile/seiseki/report/2017/2017-5nakayama5.pdf,official_daily_result_pdf
201706050502,2017,中山,5,5,2,2017-12-16,https://www.jra.go.jp/datafile/seiseki/report/2017/2017-5nakayama5.pdf,official_daily_result_pdf
201706050503,2017,中山,5,5,3,2017-12-16,https://www.jra.go.jp/datafile/seiseki/report/2017/2017-5nakayama5.pdf,official_daily_result_pdf
201706050504,2017,中山,5,5,4,2017-12-16,https://www.jra.go.jp/datafile/seiseki/report/2017/2017-5nakayama5.pdf,official_daily_result_pdf
201706050505,2017,中山,5,5,5,2017-12-16,https://www.jra.go.jp/datafile/seiseki/report/2017/2017-5nakayama5.pdf,official_daily_result_pdf
201706050506,2017,中山,5,5,6,2017-12-16,https://www.jra.go.jp/datafile/seiseki/report/2017/2017-5nakayama5.pdf,official_daily_result_pdf
201706050507,2017,中山,5,5,7,2017-12-16,https://www.jra.go.jp/datafile/seiseki/report/2017/2017-5nakayama5.pdf,official_daily_result_pdf
201706050508,2017,中山,5,5,8,2017-12-16,https://www.jra.go.jp/datafile/seiseki/report/2017/2017-5nakayama5.pdf,official_daily_result_pdf
201706050509,2017,中山,5,5,9,2017-12-16,https://www.jra.go.jp/datafile/seiseki/report/2017/2017-5nakayama5.pdf,official_daily_result_pdf
201706050510,2017,中山,5,5,10,2017-12-16,https://www.jra.go.jp/datafile/seiseki/report/2017/2017-5nakayama5.pdf,official_daily_result_pdf
201706050511,2017,中山,5,5,11,2017-12-16,https://www.jra.go.jp/datafile/seiseki/report/2017/2017-5nakayama5.pdf,official_daily_result_pdf
201706050512,2017,中山,5,5,12,2017-12-16,https://www.jra.go.jp/datafile/seiseki/report/2017/2017-5nakayama5.pdf,official_daily_result_pdf
201706050601,2017,中山,5,6,1,2017-12-17,https://www.jra.go.jp/datafile/seiseki/report/2017/2017-5nakayama6.pdf,official_daily_result_pdf
201706050602,2017,中山,5,6,2,2017-12-17,https://www.jra.go.jp/datafile/seiseki/report/2017/2017-5nakayama6.pdf,official_daily_result_pdf
201706050603,2017,中山,5,6,3,2017-12-17,https://www.jra.go.jp/datafile/seiseki/report/2017/2017-5nakayama6.pdf,official_daily_result_pdf
201706050604,2017,中山,5,6,4,2017-12-17,https://www.jra.go.jp/datafile/seiseki/report/2017/2017-5nakayama6.pdf,official_daily_result_pdf
201706050605,2017,中山,5,6,5,2017-12-17,https://www.jra.go.jp/datafile/seiseki/report/2017/2017-5nakayama6.pdf,official_daily_result_pdf
201706050606,2017,中山,5,6,6,2017-12-17,https://www.jra.go.jp/datafile/seiseki/report/2017/2017-5nakayama6.pdf,official_daily_result_pdf
201706050607,2017,中山,5,6,7,2017-12-17,https://www.jra.go.jp/datafile/seiseki/report/2017/2017-5nakayama6.pdf,official_daily_result_pdf
201706050608,2017,中山,5,6,8,2017-12-17,https://www.jra.go.jp/datafile/seiseki/report/2017/2017-5nakayama6.pdf,official_daily_result_pdf
201706050609,2017,中山,5,6,9,2017-12-17,https://www.jra.go.jp/datafile/seiseki/report/2017/2017-5nakayama6.pdf,official_daily_result_pdf
201706050610,2017,中山,5,6,10,2017-12-17,https://www.jra.go.jp/datafile/seiseki/report/2017/2017-5nakayama6.pdf,official_daily_result_pdf
201706050611,2017,中山,5,6,11,2017-12-17,https://www.jra.go.jp/datafile/seiseki/report/2017/2017-5nakayama6.pdf,official_daily_result_pdf
201706050612,2017,中山,5,6,12,2017-12-17,https://www.jra.go.jp/datafile/seiseki/report/2017/2017-5nakayama6.pdf,official_daily_result_pdf
201706050701,2017,中山,5,7,1,2017-12-23,https://www.jra.go.jp/datafile/seiseki/report/2017/2017-5nakayama7.pdf,official_daily_result_pdf
201706050702,2017,中山,5,7,2,2017-12-23,https://www.jra.go.jp/datafile/seiseki/report/2017/2017-5nakayama7.pdf,official_daily_result_pdf
201706050703,2017,中山,5,7,3,2017-12-23,https://www.jra.go.jp/datafile/seiseki/report/2017/2017-5nakayama7.pdf,official_daily_result_pdf
201706050704,2017,中山,5,7,4,2017-12-23,https://www.jra.go.jp/datafile/seiseki/report/2017/2017-5nakayama7.pdf,official_daily_result_pdf
201706050705,2017,中山,5,7,5,2017-12-23,https://www.jra.go.jp/datafile/seiseki/report/2017/2017-5nakayama7.pdf,official_daily_result_pdf
201706050706,2017,中山,5,7,6,2017-12-23,https://www.jra.go.jp/datafile/seiseki/report/2017/2017-5nakayama7.pdf,official_daily_result_pdf
201706050707,2017,中山,5,7,7,2017-12-23,https://www.jra.go.jp/datafile/seiseki/report/2017/2017-5nakayama7.pdf,official_daily_result_pdf
201706050708,2017,中山,5,7,8,2017-12-23,https://www.jra.go.jp/datafile/seiseki/report/2017/2017-5nakayama7.pdf,official_daily_result_pdf
201706050709,2017,中山,5,7,9,2017-12-23,https://www.jra.go.jp/datafile/seiseki/report/2017/2017-5nakayama7.pdf,official_daily_result_pdf
201706050710,2017,中山,5,7,10,2017-12-23,https://www.jra.go.jp/datafile/seiseki/report/2017/2017-5nakayama7.pdf,official_daily_result_pdf
201706050711,2017,中山,5,7,11,2017-12-23,https://www.jra.go.jp/datafile/seiseki/report/2017/2017-5nakayama7.pdf,official_daily_result_pdf
201706050712,2017,中山,5,7,12,2017-12-23,https://www.jra.go.jp/datafile/seiseki/report/2017/2017-5nakayama7.pdf,official_daily_result_pdf
201706050801,2017,中山,5,8,1,2017-12-24,https://www.jra.go.jp/datafile/seiseki/report/2017/2017-5nakayama8.pdf,official_daily_result_pdf
201706050802,2017,中山,5,8,2,2017-12-24,https://www.jra.go.jp/datafile/seiseki/report/2017/2017-5nakayama8.pdf,official_daily_result_pdf
201706050803,2017,中山,5,8,3,2017-12-24,https://www.jra.go.jp/datafile/seiseki/report/2017/2017-5nakayama8.pdf,official_daily_result_pdf
201706050804,2017,中山,5,8,4,2017-12-24,https://www.jra.go.jp/datafile/seiseki/report/2017/2017-5nakayama8.pdf,official_daily_result_pdf
201706050805,2017,中山,5,8,5,2017-12-24,https://www.jra.go.jp/datafile/seiseki/report/2017/2017-5nakayama8.pdf,official_daily_result_pdf
201706050806,2017,中山,5,8,6,2017-12-24,https://www.jra.go.jp/datafile/seiseki/report/2017/2017-5nakayama8.pdf,official_daily_result_pdf
201706050807,2017,中山,5,8,7,2017-12-24,https://www.jra.go.jp/datafile/seiseki/report/2017/2017-5nakayama8.pdf,official_daily_result_pdf
201706050808,2017,中山,5,8,8,2017-12-24,https://www.jra.go.jp/datafile/seiseki/report/2017/2017-5nakayama8.pdf,official_daily_result_pdf
201706050809,2017,中山,5,8,9,2017-12-24,https://www.jra.go.jp/datafile/seiseki/report/2017/2017-5nakayama8.pdf,official_daily_result_pdf
201706050810,2017,中山,5,8,10,2017-12-24,https://www.jra.go.jp/datafile/seiseki/report/2017/2017-5nakayama8.pdf,official_daily_result_pdf
201706050811,2017,中山,5,8,11,2017-12-24,https://www.jra.go.jp/datafile/seiseki/report/2017/2017-5nakayama8.pdf,official_daily_result_pdf
201706050812,2017,中山,5,8,12,2017-12-24,https://www.jra.go.jp/datafile/seiseki/report/2017/2017-5nakayama8.pdf,official_daily_result_pdf
201706050901,2017,中山,5,9,1,2017-12-28,https://www.jra.go.jp/datafile/seiseki/report/2017/2017-5nakayama9.pdf,official_daily_result_pdf
201706050902,2017,中山,5,9,2,2017-12-28,https://www.jra.go.jp/datafile/seiseki/report/2017/2017-5nakayama9.pdf,official_daily_result_pdf
201706050903,2017,中山,5,9,3,2017-12-28,https://www.jra.go.jp/datafile/seiseki/report/2017/2017-5nakayama9.pdf,official_daily_result_pdf
201706050904,2017,中山,5,9,4,2017-12-28,https://www.jra.go.jp/datafile/seiseki/report/2017/2017-5nakayama9.pdf,official_daily_result_pdf
201706050905,2017,中山,5,9,5,2017-12-28,https://www.jra.go.jp/datafile/seiseki/report/2017/2017-5nakayama9.pdf,official_daily_result_pdf
201706050906,2017,中山,5,9,6,2017-12-28,https://www.jra.go.jp/datafile/seiseki/report/2017/2017-5nakayama9.pdf,official_daily_result_pdf
201706050907,2017,中山,5,9,7,2017-12-28,https://www.jra.go.jp/datafile/seiseki/report/2017/2017-5nakayama9.pdf,official_daily_result_pdf
201706050908,2017,中山,5,9,8,2017-12-28,https://www.jra.go.jp/datafile/seiseki/report/2017/2017-5nakayama9.pdf,official_daily_result_pdf
201706050909,2017,中山,5,9,9,2017-12-28,https://www.jra.go.jp/datafile/seiseki/report/2017/2017-5nakayama9.pdf,official_daily_result_pdf
201706050910,2017,中山,5,9,10,2017-12-28,https://www.jra.go.jp/datafile/seiseki/report/2017/2017-5nakayama9.pdf,official_daily_result_pdf
201706050911,2017,中山,5,9,11,2017-12-28,https://www.jra.go.jp/datafile/seiseki/report/2017/2017-5nakayama9.pdf,official_daily_result_pdf
201706050912,2017,中山,5,9,12,2017-12-28,https://www.jra.go.jp/datafile/seiseki/report/2017/2017-5nakayama9.pdf,official_daily_result_pdf
201707010101,2017,中京,1,1,1,2017-01-14,https://www.jra.go.jp/datafile/seiseki/report/2017/2017-1chukyo1.pdf,official_daily_result_pdf
201707010102,2017,中京,1,1,2,2017-01-14,https://www.jra.go.jp/datafile/seiseki/report/2017/2017-1chukyo1.pdf,official_daily_result_pdf
201707010103,2017,中京,1,1,3,2017-01-14,https://www.jra.go.jp/datafile/seiseki/report/2017/2017-1chukyo1.pdf,official_daily_result_pdf
201707010104,2017,中京,1,1,4,2017-01-14,https://www.jra.go.jp/datafile/seiseki/report/2017/2017-1chukyo1.pdf,official_daily_result_pdf
201707010105,2017,中京,1,1,5,2017-01-14,https://www.jra.go.jp/datafile/seiseki/report/2017/2017-1chukyo1.pdf,official_daily_result_pdf
201707010106,2017,中京,1,1,6,2017-01-14,https://www.jra.go.jp/datafile/seiseki/report/2017/2017-1chukyo1.pdf,official_daily_result_pdf
201707010107,2017,中京,1,1,7,2017-01-14,https://www.jra.go.jp/datafile/seiseki/report/2017/2017-1chukyo1.pdf,official_daily_result_pdf
201707010108,2017,中京,1,1,8,2017-01-14,https://www.jra.go.jp/datafile/seiseki/report/2017/2017-1chukyo1.pdf,official_daily_result_pdf
201707010109,2017,中京,1,1,9,2017-01-14,https://www.jra.go.jp/datafile/seiseki/report/2017/2017-1chukyo1.pdf,official_daily_result_pdf
201707010110,2017,中京,1,1,10,2017-01-14,https://www.jra.go.jp/datafile/seiseki/report/2017/2017-1chukyo1.pdf,official_daily_result_pdf
201707010111,2017,中京,1,1,11,2017-01-14,https://www.jra.go.jp/datafile/seiseki/report/2017/2017-1chukyo1.pdf,official_daily_result_pdf
201707010112,2017,中京,1,1,12,2017-01-14,https://www.jra.go.jp/datafile/seiseki/report/2017/2017-1chukyo1.pdf,official_daily_result_pdf
201707010201,2017,中京,1,2,1,2017-01-16,https://www.jra.go.jp/datafile/seiseki/report/2017/2017-1chukyo2.pdf,official_daily_result_pdf
201707010202,2017,中京,1,2,2,2017-01-16,https://www.jra.go.jp/datafile/seiseki/report/2017/2017-1chukyo2.pdf,official_daily_result_pdf
201707010203,2017,中京,1,2,3,2017-01-16,https://www.jra.go.jp/datafile/seiseki/report/2017/2017-1chukyo2.pdf,official_daily_result_pdf
201707010204,2017,中京,1,2,4,2017-01-16,https://www.jra.go.jp/datafile/seiseki/report/2017/2017-1chukyo2.pdf,official_daily_result_pdf
201707010205,2017,中京,1,2,5,2017-01-16,https://www.jra.go.jp/datafile/seiseki/report/2017/2017-1chukyo2.pdf,official_daily_result_pdf
201707010206,2017,中京,1,2,6,2017-01-16,https://www.jra.go.jp/datafile/seiseki/report/2017/2017-1chukyo2.pdf,official_daily_result_pdf
201707010207,2017,中京,1,2,7,2017-01-16,https://www.jra.go.jp/datafile/seiseki/report/2017/2017-1chukyo2.pdf,official_daily_result_pdf
201707010208,2017,中京,1,2,8,2017-01-16,https://www.jra.go.jp/datafile/seiseki/report/2017/2017-1chukyo2.pdf,official_daily_result_pdf
201707010209,2017,中京,1,2,9,2017-01-16,https://www.jra.go.jp/datafile/seiseki/report/2017/2017-1chukyo2.pdf,official_daily_result_pdf
201707010210,2017,中京,1,2,10,2017-01-16,https://www.jra.go.jp/datafile/seiseki/report/2017/2017-1chukyo2.pdf,official_daily_result_pdf
201707010211,2017,中京,1,2,11,2017-01-16,https://www.jra.go.jp/datafile/seiseki/report/2017/2017-1chukyo2.pdf,official_daily_result_pdf
201707010212,2017,中京,1,2,12,2017-01-16,https://www.jra.go.jp/datafile/seiseki/report/2017/2017-1chukyo2.pdf,official_daily_result_pdf
201707010301,2017,中京,1,3,1,2017-01-21,https://www.jra.go.jp/datafile/seiseki/report/2017/2017-1chukyo3.pdf,official_daily_result_pdf
201707010302,2017,中京,1,3,2,2017-01-21,https://www.jra.go.jp/datafile/seiseki/report/2017/2017-1chukyo3.pdf,official_daily_result_pdf
201707010303,2017,中京,1,3,3,2017-01-21,https://www.jra.go.jp/datafile/seiseki/report/2017/2017-1chukyo3.pdf,official_daily_result_pdf
201707010304,2017,中京,1,3,4,2017-01-21,https://www.jra.go.jp/datafile/seiseki/report/2017/2017-1chukyo3.pdf,official_daily_result_pdf
201707010305,2017,中京,1,3,5,2017-01-21,https://www.jra.go.jp/datafile/seiseki/report/2017/2017-1chukyo3.pdf,official_daily_result_pdf
201707010306,2017,中京,1,3,6,2017-01-21,https://www.jra.go.jp/datafile/seiseki/report/2017/2017-1chukyo3.pdf,official_daily_result_pdf
201707010307,2017,中京,1,3,7,2017-01-21,https://www.jra.go.jp/datafile/seiseki/report/2017/2017-1chukyo3.pdf,official_daily_result_pdf
201707010308,2017,中京,1,3,8,2017-01-21,https://www.jra.go.jp/datafile/seiseki/report/2017/2017-1chukyo3.pdf,official_daily_result_pdf
201707010309,2017,中京,1,3,9,2017-01-21,https://www.jra.go.jp/datafile/seiseki/report/2017/2017-1chukyo3.pdf,official_daily_result_pdf
201707010310,2017,中京,1,3,10,2017-01-21,https://www.jra.go.jp/datafile/seiseki/report/2017/2017-1chukyo3.pdf,official_daily_result_pdf
201707010311,2017,中京,1,3,11,2017-01-21,https://www.jra.go.jp/datafile/seiseki/report/2017/2017-1chukyo3.pdf,official_daily_result_pdf
201707010312,2017,中京,1,3,12,2017-01-21,https://www.jra.go.jp/datafile/seiseki/report/2017/2017-1chukyo3.pdf,official_daily_result_pdf
201707010401,2017,中京,1,4,1,2017-01-22,https://www.jra.go.jp/datafile/seiseki/report/2017/2017-1chukyo4.pdf,official_daily_result_pdf
201707010402,2017,中京,1,4,2,2017-01-22,https://www.jra.go.jp/datafile/seiseki/report/2017/2017-1chukyo4.pdf,official_daily_result_pdf
201707010403,2017,中京,1,4,3,2017-01-22,https://www.jra.go.jp/datafile/seiseki/report/2017/2017-1chukyo4.pdf,official_daily_result_pdf
201707010404,2017,中京,1,4,4,2017-01-22,https://www.jra.go.jp/datafile/seiseki/report/2017/2017-1chukyo4.pdf,official_daily_result_pdf
201707010405,2017,中京,1,4,5,2017-01-22,https://www.jra.go.jp/datafile/seiseki/report/2017/2017-1chukyo4.pdf,official_daily_result_pdf
201707010406,2017,中京,1,4,6,2017-01-22,https://www.jra.go.jp/datafile/seiseki/report/2017/2017-1chukyo4.pdf,official_daily_result_pdf
201707010407,2017,中京,1,4,7,2017-01-22,https://www.jra.go.jp/datafile/seiseki/report/2017/2017-1chukyo4.pdf,official_daily_result_pdf
201707010408,2017,中京,1,4,8,2017-01-22,https://www.jra.go.jp/datafile/seiseki/report/2017/2017-1chukyo4.pdf,official_daily_result_pdf
201707010409,2017,中京,1,4,9,2017-01-22,https://www.jra.go.jp/datafile/seiseki/report/2017/2017-1chukyo4.pdf,official_daily_result_pdf
201707010410,2017,中京,1,4,10,2017-01-22,https://www.jra.go.jp/datafile/seiseki/report/2017/2017-1chukyo4.pdf,official_daily_result_pdf
201707010411,2017,中京,1,4,11,2017-01-22,https://www.jra.go.jp/datafile/seiseki/report/2017/2017-1chukyo4.pdf,official_daily_result_pdf
201707010412,2017,中京,1,4,12,2017-01-22,https://www.jra.go.jp/datafile/seiseki/report/2017/2017-1chukyo4.pdf,official_daily_result_pdf
201707010501,2017,中京,1,5,1,2017-01-28,https://www.jra.go.jp/datafile/seiseki/report/2017/2017-1chukyo5.pdf,official_daily_result_pdf
201707010502,2017,中京,1,5,2,2017-01-28,https://www.jra.go.jp/datafile/seiseki/report/2017/2017-1chukyo5.pdf,official_daily_result_pdf
201707010503,2017,中京,1,5,3,2017-01-28,https://www.jra.go.jp/datafile/seiseki/report/2017/2017-1chukyo5.pdf,official_daily_result_pdf
201707010504,2017,中京,1,5,4,2017-01-28,https://www.jra.go.jp/datafile/seiseki/report/2017/2017-1chukyo5.pdf,official_daily_result_pdf
201707010505,2017,中京,1,5,5,2017-01-28,https://www.jra.go.jp/datafile/seiseki/report/2017/2017-1chukyo5.pdf,official_daily_result_pdf
201707010506,2017,中京,1,5,6,2017-01-28,https://www.jra.go.jp/datafile/seiseki/report/2017/2017-1chukyo5.pdf,official_daily_result_pdf
201707010507,2017,中京,1,5,7,2017-01-28,https://www.jra.go.jp/datafile/seiseki/report/2017/2017-1chukyo5.pdf,official_daily_result_pdf
201707010508,2017,中京,1,5,8,2017-01-28,https://www.jra.go.jp/datafile/seiseki/report/2017/2017-1chukyo5.pdf,official_daily_result_pdf
201707010509,2017,中京,1,5,9,2017-01-28,https://www.jra.go.jp/datafile/seiseki/report/2017/2017-1chukyo5.pdf,official_daily_result_pdf
201707010510,2017,中京,1,5,10,2017-01-28,https://www.jra.go.jp/datafile/seiseki/report/2017/2017-1chukyo5.pdf,official_daily_result_pdf
201707010511,2017,中京,1,5,11,2017-01-28,https://www.jra.go.jp/datafile/seiseki/report/2017/2017-1chukyo5.pdf,official_daily_result_pdf
201707010512,2017,中京,1,5,12,2017-01-28,https://www.jra.go.jp/datafile/seiseki/report/2017/2017-1chukyo5.pdf,official_daily_result_pdf
201707010601,2017,中京,1,6,1,2017-01-29,https://www.jra.go.jp/datafile/seiseki/report/2017/2017-1chukyo6.pdf,official_daily_result_pdf
201707010602,2017,中京,1,6,2,2017-01-29,https://www.jra.go.jp/datafile/seiseki/report/2017/2017-1chukyo6.pdf,official_daily_result_pdf
201707010603,2017,中京,1,6,3,2017-01-29,https://www.jra.go.jp/datafile/seiseki/report/2017/2017-1chukyo6.pdf,official_daily_result_pdf
201707010604,2017,中京,1,6,4,2017-01-29,https://www.jra.go.jp/datafile/seiseki/report/2017/2017-1chukyo6.pdf,official_daily_result_pdf
201707010605,2017,中京,1,6,5,2017-01-29,https://www.jra.go.jp/datafile/seiseki/report/2017/2017-1chukyo6.pdf,official_daily_result_pdf
201707010606,2017,中京,1,6,6,2017-01-29,https://www.jra.go.jp/datafile/seiseki/report/2017/2017-1chukyo6.pdf,official_daily_result_pdf
201707010607,2017,中京,1,6,7,2017-01-29,https://www.jra.go.jp/datafile/seiseki/report/2017/2017-1chukyo6.pdf,official_daily_result_pdf
201707010608,2017,中京,1,6,8,2017-01-29,https://www.jra.go.jp/datafile/seiseki/report/2017/2017-1chukyo6.pdf,official_daily_result_pdf
201707010609,2017,中京,1,6,9,2017-01-29,https://www.jra.go.jp/datafile/seiseki/report/2017/2017-1chukyo6.pdf,official_daily_result_pdf
201707010610,2017,中京,1,6,10,2017-01-29,https://www.jra.go.jp/datafile/seiseki/report/2017/2017-1chukyo6.pdf,official_daily_result_pdf
201707010611,2017,中京,1,6,11,2017-01-29,https://www.jra.go.jp/datafile/seiseki/report/2017/2017-1chukyo6.pdf,official_daily_result_pdf
201707010612,2017,中京,1,6,12,2017-01-29,https://www.jra.go.jp/datafile/seiseki/report/2017/2017-1chukyo6.pdf,official_daily_result_pdf
201707020101,2017,中京,2,1,1,2017-03-11,https://www.jra.go.jp/datafile/seiseki/report/2017/2017-2chukyo1.pdf,official_daily_result_pdf
201707020102,2017,中京,2,1,2,2017-03-11,https://www.jra.go.jp/datafile/seiseki/report/2017/2017-2chukyo1.pdf,official_daily_result_pdf
201707020103,2017,中京,2,1,3,2017-03-11,https://www.jra.go.jp/datafile/seiseki/report/2017/2017-2chukyo1.pdf,official_daily_result_pdf
201707020104,2017,中京,2,1,4,2017-03-11,https://www.jra.go.jp/datafile/seiseki/report/2017/2017-2chukyo1.pdf,official_daily_result_pdf
201707020105,2017,中京,2,1,5,2017-03-11,https://www.jra.go.jp/datafile/seiseki/report/2017/2017-2chukyo1.pdf,official_daily_result_pdf
201707020106,2017,中京,2,1,6,2017-03-11,https://www.jra.go.jp/datafile/seiseki/report/2017/2017-2chukyo1.pdf,official_daily_result_pdf
201707020107,2017,中京,2,1,7,2017-03-11,https://www.jra.go.jp/datafile/seiseki/report/2017/2017-2chukyo1.pdf,official_daily_result_pdf
201707020108,2017,中京,2,1,8,2017-03-11,https://www.jra.go.jp/datafile/seiseki/report/2017/2017-2chukyo1.pdf,official_daily_result_pdf
201707020109,2017,中京,2,1,9,2017-03-11,https://www.jra.go.jp/datafile/seiseki/report/2017/2017-2chukyo1.pdf,official_daily_result_pdf
201707020110,2017,中京,2,1,10,2017-03-11,https://www.jra.go.jp/datafile/seiseki/report/2017/2017-2chukyo1.pdf,official_daily_result_pdf
201707020111,2017,中京,2,1,11,2017-03-11,https://www.jra.go.jp/datafile/seiseki/report/2017/2017-2chukyo1.pdf,official_daily_result_pdf
201707020112,2017,中京,2,1,12,2017-03-11,https://www.jra.go.jp/datafile/seiseki/report/2017/2017-2chukyo1.pdf,official_daily_result_pdf
201707020201,2017,中京,2,2,1,2017-03-12,https://www.jra.go.jp/datafile/seiseki/report/2017/2017-2chukyo2.pdf,official_daily_result_pdf
201707020202,2017,中京,2,2,2,2017-03-12,https://www.jra.go.jp/datafile/seiseki/report/2017/2017-2chukyo2.pdf,official_daily_result_pdf
201707020203,2017,中京,2,2,3,2017-03-12,https://www.jra.go.jp/datafile/seiseki/report/2017/2017-2chukyo2.pdf,official_daily_result_pdf
201707020204,2017,中京,2,2,4,2017-03-12,https://www.jra.go.jp/datafile/seiseki/report/2017/2017-2chukyo2.pdf,official_daily_result_pdf
201707020205,2017,中京,2,2,5,2017-03-12,https://www.jra.go.jp/datafile/seiseki/report/2017/2017-2chukyo2.pdf,official_daily_result_pdf
201707020206,2017,中京,2,2,6,2017-03-12,https://www.jra.go.jp/datafile/seiseki/report/2017/2017-2chukyo2.pdf,official_daily_result_pdf
201707020207,2017,中京,2,2,7,2017-03-12,https://www.jra.go.jp/datafile/seiseki/report/2017/2017-2chukyo2.pdf,official_daily_result_pdf
201707020208,2017,中京,2,2,8,2017-03-12,https://www.jra.go.jp/datafile/seiseki/report/2017/2017-2chukyo2.pdf,official_daily_result_pdf
201707020209,2017,中京,2,2,9,2017-03-12,https://www.jra.go.jp/datafile/seiseki/report/2017/2017-2chukyo2.pdf,official_daily_result_pdf
201707020210,2017,中京,2,2,10,2017-03-12,https://www.jra.go.jp/datafile/seiseki/report/2017/2017-2chukyo2.pdf,official_daily_result_pdf
201707020211,2017,中京,2,2,11,2017-03-12,https://www.jra.go.jp/datafile/seiseki/report/2017/2017-2chukyo2.pdf,official_daily_result_pdf
201707020212,2017,中京,2,2,12,2017-03-12,https://www.jra.go.jp/datafile/seiseki/report/2017/2017-2chukyo2.pdf,official_daily_result_pdf
201707020301,2017,中京,2,3,1,2017-03-18,https://www.jra.go.jp/datafile/seiseki/report/2017/2017-2chukyo3.pdf,official_daily_result_pdf
201707020302,2017,中京,2,3,2,2017-03-18,https://www.jra.go.jp/datafile/seiseki/report/2017/2017-2chukyo3.pdf,official_daily_result_pdf
201707020303,2017,中京,2,3,3,2017-03-18,https://www.jra.go.jp/datafile/seiseki/report/2017/2017-2chukyo3.pdf,official_daily_result_pdf
201707020304,2017,中京,2,3,4,2017-03-18,https://www.jra.go.jp/datafile/seiseki/report/2017/2017-2chukyo3.pdf,official_daily_result_pdf
201707020305,2017,中京,2,3,5,2017-03-18,https://www.jra.go.jp/datafile/seiseki/report/2017/2017-2chukyo3.pdf,official_daily_result_pdf
201707020306,2017,中京,2,3,6,2017-03-18,https://www.jra.go.jp/datafile/seiseki/report/2017/2017-2chukyo3.pdf,official_daily_result_pdf
201707020307,2017,中京,2,3,7,2017-03-18,https://www.jra.go.jp/datafile/seiseki/report/2017/2017-2chukyo3.pdf,official_daily_result_pdf
201707020308,2017,中京,2,3,8,2017-03-18,https://www.jra.go.jp/datafile/seiseki/report/2017/2017-2chukyo3.pdf,official_daily_result_pdf
201707020309,2017,中京,2,3,9,2017-03-18,https://www.jra.go.jp/datafile/seiseki/report/2017/2017-2chukyo3.pdf,official_daily_result_pdf
201707020310,2017,中京,2,3,10,2017-03-18,https://www.jra.go.jp/datafile/seiseki/report/2017/2017-2chukyo3.pdf,official_daily_result_pdf
201707020311,2017,中京,2,3,11,2017-03-18,https://www.jra.go.jp/datafile/seiseki/report/2017/2017-2chukyo3.pdf,official_daily_result_pdf
201707020312,2017,中京,2,3,12,2017-03-18,https://www.jra.go.jp/datafile/seiseki/report/2017/2017-2chukyo3.pdf,official_daily_result_pdf
201707020401,2017,中京,2,4,1,2017-03-20,https://www.jra.go.jp/datafile/seiseki/report/2017/2017-2chukyo4.pdf,official_daily_result_pdf
201707020402,2017,中京,2,4,2,2017-03-20,https://www.jra.go.jp/datafile/seiseki/report/2017/2017-2chukyo4.pdf,official_daily_result_pdf
201707020403,2017,中京,2,4,3,2017-03-20,https://www.jra.go.jp/datafile/seiseki/report/2017/2017-2chukyo4.pdf,official_daily_result_pdf
201707020404,2017,中京,2,4,4,2017-03-20,https://www.jra.go.jp/datafile/seiseki/report/2017/2017-2chukyo4.pdf,official_daily_result_pdf
201707020405,2017,中京,2,4,5,2017-03-20,https://www.jra.go.jp/datafile/seiseki/report/2017/2017-2chukyo4.pdf,official_daily_result_pdf
201707020406,2017,中京,2,4,6,2017-03-20,https://www.jra.go.jp/datafile/seiseki/report/2017/2017-2chukyo4.pdf,official_daily_result_pdf
201707020407,2017,中京,2,4,7,2017-03-20,https://www.jra.go.jp/datafile/seiseki/report/2017/2017-2chukyo4.pdf,official_daily_result_pdf
201707020408,2017,中京,2,4,8,2017-03-20,https://www.jra.go.jp/datafile/seiseki/report/2017/2017-2chukyo4.pdf,official_daily_result_pdf
201707020409,2017,中京,2,4,9,2017-03-20,https://www.jra.go.jp/datafile/seiseki/report/2017/2017-2chukyo4.pdf,official_daily_result_pdf
201707020410,2017,中京,2,4,10,2017-03-20,https://www.jra.go.jp/datafile/seiseki/report/2017/2017-2chukyo4.pdf,official_daily_result_pdf
201707020411,2017,中京,2,4,11,2017-03-20,https://www.jra.go.jp/datafile/seiseki/report/2017/2017-2chukyo4.pdf,official_daily_result_pdf
201707020412,2017,中京,2,4,12,2017-03-20,https://www.jra.go.jp/datafile/seiseki/report/2017/2017-2chukyo4.pdf,official_daily_result_pdf
201707020501,2017,中京,2,5,1,2017-03-25,https://www.jra.go.jp/datafile/seiseki/report/2017/2017-2chukyo5.pdf,official_daily_result_pdf
201707020502,2017,中京,2,5,2,2017-03-25,https://www.jra.go.jp/datafile/seiseki/report/2017/2017-2chukyo5.pdf,official_daily_result_pdf
201707020503,2017,中京,2,5,3,2017-03-25,https://www.jra.go.jp/datafile/seiseki/report/2017/2017-2chukyo5.pdf,official_daily_result_pdf
201707020504,2017,中京,2,5,4,2017-03-25,https://www.jra.go.jp/datafile/seiseki/report/2017/2017-2chukyo5.pdf,official_daily_result_pdf
201707020505,2017,中京,2,5,5,2017-03-25,https://www.jra.go.jp/datafile/seiseki/report/2017/2017-2chukyo5.pdf,official_daily_result_pdf
201707020506,2017,中京,2,5,6,2017-03-25,https://www.jra.go.jp/datafile/seiseki/report/2017/2017-2chukyo5.pdf,official_daily_result_pdf
201707020507,2017,中京,2,5,7,2017-03-25,https://www.jra.go.jp/datafile/seiseki/report/2017/2017-2chukyo5.pdf,official_daily_result_pdf
201707020508,2017,中京,2,5,8,2017-03-25,https://www.jra.go.jp/datafile/seiseki/report/2017/2017-2chukyo5.pdf,official_daily_result_pdf
201707020509,2017,中京,2,5,9,2017-03-25,https://www.jra.go.jp/datafile/seiseki/report/2017/2017-2chukyo5.pdf,official_daily_result_pdf
201707020510,2017,中京,2,5,10,2017-03-25,https://www.jra.go.jp/datafile/seiseki/report/2017/2017-2chukyo5.pdf,official_daily_result_pdf
201707020511,2017,中京,2,5,11,2017-03-25,https://www.jra.go.jp/datafile/seiseki/report/2017/2017-2chukyo5.pdf,official_daily_result_pdf
201707020512,2017,中京,2,5,12,2017-03-25,https://www.jra.go.jp/datafile/seiseki/report/2017/2017-2chukyo5.pdf,official_daily_result_pdf
201707020601,2017,中京,2,6,1,2017-03-26,https://www.jra.go.jp/datafile/seiseki/report/2017/2017-2chukyo6.pdf,official_daily_result_pdf
201707020602,2017,中京,2,6,2,2017-03-26,https://www.jra.go.jp/datafile/seiseki/report/2017/2017-2chukyo6.pdf,official_daily_result_pdf
201707020603,2017,中京,2,6,3,2017-03-26,https://www.jra.go.jp/datafile/seiseki/report/2017/2017-2chukyo6.pdf,official_daily_result_pdf
201707020604,2017,中京,2,6,4,2017-03-26,https://www.jra.go.jp/datafile/seiseki/report/2017/2017-2chukyo6.pdf,official_daily_result_pdf
201707020605,2017,中京,2,6,5,2017-03-26,https://www.jra.go.jp/datafile/seiseki/report/2017/2017-2chukyo6.pdf,official_daily_result_pdf
201707020606,2017,中京,2,6,6,2017-03-26,https://www.jra.go.jp/datafile/seiseki/report/2017/2017-2chukyo6.pdf,official_daily_result_pdf
201707020607,2017,中京,2,6,7,2017-03-26,https://www.jra.go.jp/datafile/seiseki/report/2017/2017-2chukyo6.pdf,official_daily_result_pdf
201707020608,2017,中京,2,6,8,2017-03-26,https://www.jra.go.jp/datafile/seiseki/report/2017/2017-2chukyo6.pdf,official_daily_result_pdf
201707020609,2017,中京,2,6,9,2017-03-26,https://www.jra.go.jp/datafile/seiseki/report/2017/2017-2chukyo6.pdf,official_daily_result_pdf
201707020610,2017,中京,2,6,10,2017-03-26,https://www.jra.go.jp/datafile/seiseki/report/2017/2017-2chukyo6.pdf,official_daily_result_pdf
201707020611,2017,中京,2,6,11,2017-03-26,https://www.jra.go.jp/datafile/seiseki/report/2017/2017-2chukyo6.pdf,official_daily_result_pdf
201707020612,2017,中京,2,6,12,2017-03-26,https://www.jra.go.jp/datafile/seiseki/report/2017/2017-2chukyo6.pdf,official_daily_result_pdf
201707030101,2017,中京,3,1,1,2017-07-01,https://www.jra.go.jp/datafile/seiseki/report/2017/2017-3chukyo1.pdf,official_daily_result_pdf
201707030102,2017,中京,3,1,2,2017-07-01,https://www.jra.go.jp/datafile/seiseki/report/2017/2017-3chukyo1.pdf,official_daily_result_pdf
201707030103,2017,中京,3,1,3,2017-07-01,https://www.jra.go.jp/datafile/seiseki/report/2017/2017-3chukyo1.pdf,official_daily_result_pdf
201707030104,2017,中京,3,1,4,2017-07-01,https://www.jra.go.jp/datafile/seiseki/report/2017/2017-3chukyo1.pdf,official_daily_result_pdf
201707030105,2017,中京,3,1,5,2017-07-01,https://www.jra.go.jp/datafile/seiseki/report/2017/2017-3chukyo1.pdf,official_daily_result_pdf
201707030106,2017,中京,3,1,6,2017-07-01,https://www.jra.go.jp/datafile/seiseki/report/2017/2017-3chukyo1.pdf,official_daily_result_pdf
201707030107,2017,中京,3,1,7,2017-07-01,https://www.jra.go.jp/datafile/seiseki/report/2017/2017-3chukyo1.pdf,official_daily_result_pdf
201707030108,2017,中京,3,1,8,2017-07-01,https://www.jra.go.jp/datafile/seiseki/report/2017/2017-3chukyo1.pdf,official_daily_result_pdf
201707030109,2017,中京,3,1,9,2017-07-01,https://www.jra.go.jp/datafile/seiseki/report/2017/2017-3chukyo1.pdf,official_daily_result_pdf
201707030110,2017,中京,3,1,10,2017-07-01,https://www.jra.go.jp/datafile/seiseki/report/2017/2017-3chukyo1.pdf,official_daily_result_pdf
201707030111,2017,中京,3,1,11,2017-07-01,https://www.jra.go.jp/datafile/seiseki/report/2017/2017-3chukyo1.pdf,official_daily_result_pdf
201707030112,2017,中京,3,1,12,2017-07-01,https://www.jra.go.jp/datafile/seiseki/report/2017/2017-3chukyo1.pdf,official_daily_result_pdf
201707030201,2017,中京,3,2,1,2017-07-02,https://www.jra.go.jp/datafile/seiseki/report/2017/2017-3chukyo2.pdf,official_daily_result_pdf
201707030202,2017,中京,3,2,2,2017-07-02,https://www.jra.go.jp/datafile/seiseki/report/2017/2017-3chukyo2.pdf,official_daily_result_pdf
201707030203,2017,中京,3,2,3,2017-07-02,https://www.jra.go.jp/datafile/seiseki/report/2017/2017-3chukyo2.pdf,official_daily_result_pdf
201707030204,2017,中京,3,2,4,2017-07-02,https://www.jra.go.jp/datafile/seiseki/report/2017/2017-3chukyo2.pdf,official_daily_result_pdf
201707030205,2017,中京,3,2,5,2017-07-02,https://www.jra.go.jp/datafile/seiseki/report/2017/2017-3chukyo2.pdf,official_daily_result_pdf
201707030206,2017,中京,3,2,6,2017-07-02,https://www.jra.go.jp/datafile/seiseki/report/2017/2017-3chukyo2.pdf,official_daily_result_pdf
201707030207,2017,中京,3,2,7,2017-07-02,https://www.jra.go.jp/datafile/seiseki/report/2017/2017-3chukyo2.pdf,official_daily_result_pdf
201707030208,2017,中京,3,2,8,2017-07-02,https://www.jra.go.jp/datafile/seiseki/report/2017/2017-3chukyo2.pdf,official_daily_result_pdf
201707030209,2017,中京,3,2,9,2017-07-02,https://www.jra.go.jp/datafile/seiseki/report/2017/2017-3chukyo2.pdf,official_daily_result_pdf
201707030210,2017,中京,3,2,10,2017-07-02,https://www.jra.go.jp/datafile/seiseki/report/2017/2017-3chukyo2.pdf,official_daily_result_pdf
201707030211,2017,中京,3,2,11,2017-07-02,https://www.jra.go.jp/datafile/seiseki/report/2017/2017-3chukyo2.pdf,official_daily_result_pdf
201707030212,2017,中京,3,2,12,2017-07-02,https://www.jra.go.jp/datafile/seiseki/report/2017/2017-3chukyo2.pdf,official_daily_result_pdf
201707030301,2017,中京,3,3,1,2017-07-08,https://www.jra.go.jp/datafile/seiseki/report/2017/2017-3chukyo3.pdf,official_daily_result_pdf
201707030302,2017,中京,3,3,2,2017-07-08,https://www.jra.go.jp/datafile/seiseki/report/2017/2017-3chukyo3.pdf,official_daily_result_pdf
201707030303,2017,中京,3,3,3,2017-07-08,https://www.jra.go.jp/datafile/seiseki/report/2017/2017-3chukyo3.pdf,official_daily_result_pdf
201707030304,2017,中京,3,3,4,2017-07-08,https://www.jra.go.jp/datafile/seiseki/report/2017/2017-3chukyo3.pdf,official_daily_result_pdf
201707030305,2017,中京,3,3,5,2017-07-08,https://www.jra.go.jp/datafile/seiseki/report/2017/2017-3chukyo3.pdf,official_daily_result_pdf
201707030306,2017,中京,3,3,6,2017-07-08,https://www.jra.go.jp/datafile/seiseki/report/2017/2017-3chukyo3.pdf,official_daily_result_pdf
201707030307,2017,中京,3,3,7,2017-07-08,https://www.jra.go.jp/datafile/seiseki/report/2017/2017-3chukyo3.pdf,official_daily_result_pdf
201707030308,2017,中京,3,3,8,2017-07-08,https://www.jra.go.jp/datafile/seiseki/report/2017/2017-3chukyo3.pdf,official_daily_result_pdf
201707030309,2017,中京,3,3,9,2017-07-08,https://www.jra.go.jp/datafile/seiseki/report/2017/2017-3chukyo3.pdf,official_daily_result_pdf
201707030310,2017,中京,3,3,10,2017-07-08,https://www.jra.go.jp/datafile/seiseki/report/2017/2017-3chukyo3.pdf,official_daily_result_pdf
201707030311,2017,中京,3,3,11,2017-07-08,https://www.jra.go.jp/datafile/seiseki/report/2017/2017-3chukyo3.pdf,official_daily_result_pdf
201707030312,2017,中京,3,3,12,2017-07-08,https://www.jra.go.jp/datafile/seiseki/report/2017/2017-3chukyo3.pdf,official_daily_result_pdf
201707030401,2017,中京,3,4,1,2017-07-09,https://www.jra.go.jp/datafile/seiseki/report/2017/2017-3chukyo4.pdf,official_daily_result_pdf
201707030402,2017,中京,3,4,2,2017-07-09,https://www.jra.go.jp/datafile/seiseki/report/2017/2017-3chukyo4.pdf,official_daily_result_pdf
201707030403,2017,中京,3,4,3,2017-07-09,https://www.jra.go.jp/datafile/seiseki/report/2017/2017-3chukyo4.pdf,official_daily_result_pdf
201707030404,2017,中京,3,4,4,2017-07-09,https://www.jra.go.jp/datafile/seiseki/report/2017/2017-3chukyo4.pdf,official_daily_result_pdf
201707030405,2017,中京,3,4,5,2017-07-09,https://www.jra.go.jp/datafile/seiseki/report/2017/2017-3chukyo4.pdf,official_daily_result_pdf
201707030406,2017,中京,3,4,6,2017-07-09,https://www.jra.go.jp/datafile/seiseki/report/2017/2017-3chukyo4.pdf,official_daily_result_pdf
201707030407,2017,中京,3,4,7,2017-07-09,https://www.jra.go.jp/datafile/seiseki/report/2017/2017-3chukyo4.pdf,official_daily_result_pdf
201707030408,2017,中京,3,4,8,2017-07-09,https://www.jra.go.jp/datafile/seiseki/report/2017/2017-3chukyo4.pdf,official_daily_result_pdf
201707030409,2017,中京,3,4,9,2017-07-09,https://www.jra.go.jp/datafile/seiseki/report/2017/2017-3chukyo4.pdf,official_daily_result_pdf
201707030410,2017,中京,3,4,10,2017-07-09,https://www.jra.go.jp/datafile/seiseki/report/2017/2017-3chukyo4.pdf,official_daily_result_pdf
201707030411,2017,中京,3,4,11,2017-07-09,https://www.jra.go.jp/datafile/seiseki/report/2017/2017-3chukyo4.pdf,official_daily_result_pdf
201707030412,2017,中京,3,4,12,2017-07-09,https://www.jra.go.jp/datafile/seiseki/report/2017/2017-3chukyo4.pdf,official_daily_result_pdf
201707030501,2017,中京,3,5,1,2017-07-15,https://www.jra.go.jp/datafile/seiseki/report/2017/2017-3chukyo5.pdf,official_daily_result_pdf
201707030502,2017,中京,3,5,2,2017-07-15,https://www.jra.go.jp/datafile/seiseki/report/2017/2017-3chukyo5.pdf,official_daily_result_pdf
201707030503,2017,中京,3,5,3,2017-07-15,https://www.jra.go.jp/datafile/seiseki/report/2017/2017-3chukyo5.pdf,official_daily_result_pdf
201707030504,2017,中京,3,5,4,2017-07-15,https://www.jra.go.jp/datafile/seiseki/report/2017/2017-3chukyo5.pdf,official_daily_result_pdf
201707030505,2017,中京,3,5,5,2017-07-15,https://www.jra.go.jp/datafile/seiseki/report/2017/2017-3chukyo5.pdf,official_daily_result_pdf
201707030506,2017,中京,3,5,6,2017-07-15,https://www.jra.go.jp/datafile/seiseki/report/2017/2017-3chukyo5.pdf,official_daily_result_pdf
201707030507,2017,中京,3,5,7,2017-07-15,https://www.jra.go.jp/datafile/seiseki/report/2017/2017-3chukyo5.pdf,official_daily_result_pdf
201707030508,2017,中京,3,5,8,2017-07-15,https://www.jra.go.jp/datafile/seiseki/report/2017/2017-3chukyo5.pdf,official_daily_result_pdf
201707030509,2017,中京,3,5,9,2017-07-15,https://www.jra.go.jp/datafile/seiseki/report/2017/2017-3chukyo5.pdf,official_daily_result_pdf
201707030510,2017,中京,3,5,10,2017-07-15,https://www.jra.go.jp/datafile/seiseki/report/2017/2017-3chukyo5.pdf,official_daily_result_pdf
201707030511,2017,中京,3,5,11,2017-07-15,https://www.jra.go.jp/datafile/seiseki/report/2017/2017-3chukyo5.pdf,official_daily_result_pdf
201707030512,2017,中京,3,5,12,2017-07-15,https://www.jra.go.jp/datafile/seiseki/report/2017/2017-3chukyo5.pdf,official_daily_result_pdf
201707030601,2017,中京,3,6,1,2017-07-16,https://www.jra.go.jp/datafile/seiseki/report/2017/2017-3chukyo6.pdf,official_daily_result_pdf
201707030602,2017,中京,3,6,2,2017-07-16,https://www.jra.go.jp/datafile/seiseki/report/2017/2017-3chukyo6.pdf,official_daily_result_pdf
201707030603,2017,中京,3,6,3,2017-07-16,https://www.jra.go.jp/datafile/seiseki/report/2017/2017-3chukyo6.pdf,official_daily_result_pdf
201707030604,2017,中京,3,6,4,2017-07-16,https://www.jra.go.jp/datafile/seiseki/report/2017/2017-3chukyo6.pdf,official_daily_result_pdf
201707030605,2017,中京,3,6,5,2017-07-16,https://www.jra.go.jp/datafile/seiseki/report/2017/2017-3chukyo6.pdf,official_daily_result_pdf
201707030606,2017,中京,3,6,6,2017-07-16,https://www.jra.go.jp/datafile/seiseki/report/2017/2017-3chukyo6.pdf,official_daily_result_pdf
201707030607,2017,中京,3,6,7,2017-07-16,https://www.jra.go.jp/datafile/seiseki/report/2017/2017-3chukyo6.pdf,official_daily_result_pdf
201707030608,2017,中京,3,6,8,2017-07-16,https://www.jra.go.jp/datafile/seiseki/report/2017/2017-3chukyo6.pdf,official_daily_result_pdf
201707030609,2017,中京,3,6,9,2017-07-16,https://www.jra.go.jp/datafile/seiseki/report/2017/2017-3chukyo6.pdf,official_daily_result_pdf
201707030610,2017,中京,3,6,10,2017-07-16,https://www.jra.go.jp/datafile/seiseki/report/2017/2017-3chukyo6.pdf,official_daily_result_pdf
201707030611,2017,中京,3,6,11,2017-07-16,https://www.jra.go.jp/datafile/seiseki/report/2017/2017-3chukyo6.pdf,official_daily_result_pdf
201707030612,2017,中京,3,6,12,2017-07-16,https://www.jra.go.jp/datafile/seiseki/report/2017/2017-3chukyo6.pdf,official_daily_result_pdf
201707030701,2017,中京,3,7,1,2017-07-22,https://www.jra.go.jp/datafile/seiseki/report/2017/2017-3chukyo7.pdf,official_daily_result_pdf
201707030702,2017,中京,3,7,2,2017-07-22,https://www.jra.go.jp/datafile/seiseki/report/2017/2017-3chukyo7.pdf,official_daily_result_pdf
201707030703,2017,中京,3,7,3,2017-07-22,https://www.jra.go.jp/datafile/seiseki/report/2017/2017-3chukyo7.pdf,official_daily_result_pdf
201707030704,2017,中京,3,7,4,2017-07-22,https://www.jra.go.jp/datafile/seiseki/report/2017/2017-3chukyo7.pdf,official_daily_result_pdf
201707030705,2017,中京,3,7,5,2017-07-22,https://www.jra.go.jp/datafile/seiseki/report/2017/2017-3chukyo7.pdf,official_daily_result_pdf
201707030706,2017,中京,3,7,6,2017-07-22,https://www.jra.go.jp/datafile/seiseki/report/2017/2017-3chukyo7.pdf,official_daily_result_pdf
201707030707,2017,中京,3,7,7,2017-07-22,https://www.jra.go.jp/datafile/seiseki/report/2017/2017-3chukyo7.pdf,official_daily_result_pdf
201707030708,2017,中京,3,7,8,2017-07-22,https://www.jra.go.jp/datafile/seiseki/report/2017/2017-3chukyo7.pdf,official_daily_result_pdf
201707030709,2017,中京,3,7,9,2017-07-22,https://www.jra.go.jp/datafile/seiseki/report/2017/2017-3chukyo7.pdf,official_daily_result_pdf
201707030710,2017,中京,3,7,10,2017-07-22,https://www.jra.go.jp/datafile/seiseki/report/2017/2017-3chukyo7.pdf,official_daily_result_pdf
201707030711,2017,中京,3,7,11,2017-07-22,https://www.jra.go.jp/datafile/seiseki/report/2017/2017-3chukyo7.pdf,official_daily_result_pdf
201707030712,2017,中京,3,7,12,2017-07-22,https://www.jra.go.jp/datafile/seiseki/report/2017/2017-3chukyo7.pdf,official_daily_result_pdf
201707030801,2017,中京,3,8,1,2017-07-23,https://www.jra.go.jp/datafile/seiseki/report/2017/2017-3chukyo8.pdf,official_daily_result_pdf
201707030802,2017,中京,3,8,2,2017-07-23,https://www.jra.go.jp/datafile/seiseki/report/2017/2017-3chukyo8.pdf,official_daily_result_pdf
201707030803,2017,中京,3,8,3,2017-07-23,https://www.jra.go.jp/datafile/seiseki/report/2017/2017-3chukyo8.pdf,official_daily_result_pdf
201707030804,2017,中京,3,8,4,2017-07-23,https://www.jra.go.jp/datafile/seiseki/report/2017/2017-3chukyo8.pdf,official_daily_result_pdf
201707030805,2017,中京,3,8,5,2017-07-23,https://www.jra.go.jp/datafile/seiseki/report/2017/2017-3chukyo8.pdf,official_daily_result_pdf
201707030806,2017,中京,3,8,6,2017-07-23,https://www.jra.go.jp/datafile/seiseki/report/2017/2017-3chukyo8.pdf,official_daily_result_pdf
201707030807,2017,中京,3,8,7,2017-07-23,https://www.jra.go.jp/datafile/seiseki/report/2017/2017-3chukyo8.pdf,official_daily_result_pdf
201707030808,2017,中京,3,8,8,2017-07-23,https://www.jra.go.jp/datafile/seiseki/report/2017/2017-3chukyo8.pdf,official_daily_result_pdf
201707030809,2017,中京,3,8,9,2017-07-23,https://www.jra.go.jp/datafile/seiseki/report/2017/2017-3chukyo8.pdf,official_daily_result_pdf
201707030810,2017,中京,3,8,10,2017-07-23,https://www.jra.go.jp/datafile/seiseki/report/2017/2017-3chukyo8.pdf,official_daily_result_pdf
201707030811,2017,中京,3,8,11,2017-07-23,https://www.jra.go.jp/datafile/seiseki/report/2017/2017-3chukyo8.pdf,official_daily_result_pdf
201707030812,2017,中京,3,8,12,2017-07-23,https://www.jra.go.jp/datafile/seiseki/report/2017/2017-3chukyo8.pdf,official_daily_result_pdf
201707040101,2017,中京,4,1,1,2017-12-02,https://www.jra.go.jp/datafile/seiseki/report/2017/2017-4chukyo1.pdf,official_daily_result_pdf
201707040102,2017,中京,4,1,2,2017-12-02,https://www.jra.go.jp/datafile/seiseki/report/2017/2017-4chukyo1.pdf,official_daily_result_pdf
201707040103,2017,中京,4,1,3,2017-12-02,https://www.jra.go.jp/datafile/seiseki/report/2017/2017-4chukyo1.pdf,official_daily_result_pdf
201707040104,2017,中京,4,1,4,2017-12-02,https://www.jra.go.jp/datafile/seiseki/report/2017/2017-4chukyo1.pdf,official_daily_result_pdf
201707040105,2017,中京,4,1,5,2017-12-02,https://www.jra.go.jp/datafile/seiseki/report/2017/2017-4chukyo1.pdf,official_daily_result_pdf
201707040106,2017,中京,4,1,6,2017-12-02,https://www.jra.go.jp/datafile/seiseki/report/2017/2017-4chukyo1.pdf,official_daily_result_pdf
201707040107,2017,中京,4,1,7,2017-12-02,https://www.jra.go.jp/datafile/seiseki/report/2017/2017-4chukyo1.pdf,official_daily_result_pdf
201707040108,2017,中京,4,1,8,2017-12-02,https://www.jra.go.jp/datafile/seiseki/report/2017/2017-4chukyo1.pdf,official_daily_result_pdf
201707040109,2017,中京,4,1,9,2017-12-02,https://www.jra.go.jp/datafile/seiseki/report/2017/2017-4chukyo1.pdf,official_daily_result_pdf
201707040110,2017,中京,4,1,10,2017-12-02,https://www.jra.go.jp/datafile/seiseki/report/2017/2017-4chukyo1.pdf,official_daily_result_pdf
201707040111,2017,中京,4,1,11,2017-12-02,https://www.jra.go.jp/datafile/seiseki/report/2017/2017-4chukyo1.pdf,official_daily_result_pdf
201707040112,2017,中京,4,1,12,2017-12-02,https://www.jra.go.jp/datafile/seiseki/report/2017/2017-4chukyo1.pdf,official_daily_result_pdf
201707040201,2017,中京,4,2,1,2017-12-03,https://www.jra.go.jp/datafile/seiseki/report/2017/2017-4chukyo2.pdf,official_daily_result_pdf
201707040202,2017,中京,4,2,2,2017-12-03,https://www.jra.go.jp/datafile/seiseki/report/2017/2017-4chukyo2.pdf,official_daily_result_pdf
201707040203,2017,中京,4,2,3,2017-12-03,https://www.jra.go.jp/datafile/seiseki/report/2017/2017-4chukyo2.pdf,official_daily_result_pdf
201707040204,2017,中京,4,2,4,2017-12-03,https://www.jra.go.jp/datafile/seiseki/report/2017/2017-4chukyo2.pdf,official_daily_result_pdf
201707040205,2017,中京,4,2,5,2017-12-03,https://www.jra.go.jp/datafile/seiseki/report/2017/2017-4chukyo2.pdf,official_daily_result_pdf
201707040206,2017,中京,4,2,6,2017-12-03,https://www.jra.go.jp/datafile/seiseki/report/2017/2017-4chukyo2.pdf,official_daily_result_pdf
201707040207,2017,中京,4,2,7,2017-12-03,https://www.jra.go.jp/datafile/seiseki/report/2017/2017-4chukyo2.pdf,official_daily_result_pdf
201707040208,2017,中京,4,2,8,2017-12-03,https://www.jra.go.jp/datafile/seiseki/report/2017/2017-4chukyo2.pdf,official_daily_result_pdf
201707040209,2017,中京,4,2,9,2017-12-03,https://www.jra.go.jp/datafile/seiseki/report/2017/2017-4chukyo2.pdf,official_daily_result_pdf
201707040210,2017,中京,4,2,10,2017-12-03,https://www.jra.go.jp/datafile/seiseki/report/2017/2017-4chukyo2.pdf,official_daily_result_pdf
201707040211,2017,中京,4,2,11,2017-12-03,https://www.jra.go.jp/datafile/seiseki/report/2017/2017-4chukyo2.pdf,official_daily_result_pdf
201707040212,2017,中京,4,2,12,2017-12-03,https://www.jra.go.jp/datafile/seiseki/report/2017/2017-4chukyo2.pdf,official_daily_result_pdf
201707040301,2017,中京,4,3,1,2017-12-09,https://www.jra.go.jp/datafile/seiseki/report/2017/2017-4chukyo3.pdf,official_daily_result_pdf
201707040302,2017,中京,4,3,2,2017-12-09,https://www.jra.go.jp/datafile/seiseki/report/2017/2017-4chukyo3.pdf,official_daily_result_pdf
201707040303,2017,中京,4,3,3,2017-12-09,https://www.jra.go.jp/datafile/seiseki/report/2017/2017-4chukyo3.pdf,official_daily_result_pdf
201707040304,2017,中京,4,3,4,2017-12-09,https://www.jra.go.jp/datafile/seiseki/report/2017/2017-4chukyo3.pdf,official_daily_result_pdf
201707040305,2017,中京,4,3,5,2017-12-09,https://www.jra.go.jp/datafile/seiseki/report/2017/2017-4chukyo3.pdf,official_daily_result_pdf
201707040306,2017,中京,4,3,6,2017-12-09,https://www.jra.go.jp/datafile/seiseki/report/2017/2017-4chukyo3.pdf,official_daily_result_pdf
201707040307,2017,中京,4,3,7,2017-12-09,https://www.jra.go.jp/datafile/seiseki/report/2017/2017-4chukyo3.pdf,official_daily_result_pdf
201707040308,2017,中京,4,3,8,2017-12-09,https://www.jra.go.jp/datafile/seiseki/report/2017/2017-4chukyo3.pdf,official_daily_result_pdf
201707040309,2017,中京,4,3,9,2017-12-09,https://www.jra.go.jp/datafile/seiseki/report/2017/2017-4chukyo3.pdf,official_daily_result_pdf
201707040310,2017,中京,4,3,10,2017-12-09,https://www.jra.go.jp/datafile/seiseki/report/2017/2017-4chukyo3.pdf,official_daily_result_pdf
201707040311,2017,中京,4,3,11,2017-12-09,https://www.jra.go.jp/datafile/seiseki/report/2017/2017-4chukyo3.pdf,official_daily_result_pdf
201707040312,2017,中京,4,3,12,2017-12-09,https://www.jra.go.jp/datafile/seiseki/report/2017/2017-4chukyo3.pdf,official_daily_result_pdf
201707040401,2017,中京,4,4,1,2017-12-10,https://www.jra.go.jp/datafile/seiseki/report/2017/2017-4chukyo4.pdf,official_daily_result_pdf
201707040402,2017,中京,4,4,2,2017-12-10,https://www.jra.go.jp/datafile/seiseki/report/2017/2017-4chukyo4.pdf,official_daily_result_pdf
201707040403,2017,中京,4,4,3,2017-12-10,https://www.jra.go.jp/datafile/seiseki/report/2017/2017-4chukyo4.pdf,official_daily_result_pdf
201707040404,2017,中京,4,4,4,2017-12-10,https://www.jra.go.jp/datafile/seiseki/report/2017/2017-4chukyo4.pdf,official_daily_result_pdf
201707040405,2017,中京,4,4,5,2017-12-10,https://www.jra.go.jp/datafile/seiseki/report/2017/2017-4chukyo4.pdf,official_daily_result_pdf
201707040406,2017,中京,4,4,6,2017-12-10,https://www.jra.go.jp/datafile/seiseki/report/2017/2017-4chukyo4.pdf,official_daily_result_pdf
201707040407,2017,中京,4,4,7,2017-12-10,https://www.jra.go.jp/datafile/seiseki/report/2017/2017-4chukyo4.pdf,official_daily_result_pdf
201707040408,2017,中京,4,4,8,2017-12-10,https://www.jra.go.jp/datafile/seiseki/report/2017/2017-4chukyo4.pdf,official_daily_result_pdf
201707040409,2017,中京,4,4,9,2017-12-10,https://www.jra.go.jp/datafile/seiseki/report/2017/2017-4chukyo4.pdf,official_daily_result_pdf
201707040410,2017,中京,4,4,10,2017-12-10,https://www.jra.go.jp/datafile/seiseki/report/2017/2017-4chukyo4.pdf,official_daily_result_pdf
201707040411,2017,中京,4,4,11,2017-12-10,https://www.jra.go.jp/datafile/seiseki/report/2017/2017-4chukyo4.pdf,official_daily_result_pdf
201707040412,2017,中京,4,4,12,2017-12-10,https://www.jra.go.jp/datafile/seiseki/report/2017/2017-4chukyo4.pdf,official_daily_result_pdf
201707040501,2017,中京,4,5,1,2017-12-16,https://www.jra.go.jp/datafile/seiseki/report/2017/2017-4chukyo5.pdf,official_daily_result_pdf
201707040502,2017,中京,4,5,2,2017-12-16,https://www.jra.go.jp/datafile/seiseki/report/2017/2017-4chukyo5.pdf,official_daily_result_pdf
201707040503,2017,中京,4,5,3,2017-12-16,https://www.jra.go.jp/datafile/seiseki/report/2017/2017-4chukyo5.pdf,official_daily_result_pdf
201707040504,2017,中京,4,5,4,2017-12-16,https://www.jra.go.jp/datafile/seiseki/report/2017/2017-4chukyo5.pdf,official_daily_result_pdf
201707040505,2017,中京,4,5,5,2017-12-16,https://www.jra.go.jp/datafile/seiseki/report/2017/2017-4chukyo5.pdf,official_daily_result_pdf
201707040506,2017,中京,4,5,6,2017-12-16,https://www.jra.go.jp/datafile/seiseki/report/2017/2017-4chukyo5.pdf,official_daily_result_pdf
201707040507,2017,中京,4,5,7,2017-12-16,https://www.jra.go.jp/datafile/seiseki/report/2017/2017-4chukyo5.pdf,official_daily_result_pdf
201707040508,2017,中京,4,5,8,2017-12-16,https://www.jra.go.jp/datafile/seiseki/report/2017/2017-4chukyo5.pdf,official_daily_result_pdf
201707040509,2017,中京,4,5,9,2017-12-16,https://www.jra.go.jp/datafile/seiseki/report/2017/2017-4chukyo5.pdf,official_daily_result_pdf
201707040510,2017,中京,4,5,10,2017-12-16,https://www.jra.go.jp/datafile/seiseki/report/2017/2017-4chukyo5.pdf,official_daily_result_pdf
201707040511,2017,中京,4,5,11,2017-12-16,https://www.jra.go.jp/datafile/seiseki/report/2017/2017-4chukyo5.pdf,official_daily_result_pdf
201707040512,2017,中京,4,5,12,2017-12-16,https://www.jra.go.jp/datafile/seiseki/report/2017/2017-4chukyo5.pdf,official_daily_result_pdf
201707040601,2017,中京,4,6,1,2017-12-17,https://www.jra.go.jp/datafile/seiseki/report/2017/2017-4chukyo6.pdf,official_daily_result_pdf
201707040602,2017,中京,4,6,2,2017-12-17,https://www.jra.go.jp/datafile/seiseki/report/2017/2017-4chukyo6.pdf,official_daily_result_pdf
201707040603,2017,中京,4,6,3,2017-12-17,https://www.jra.go.jp/datafile/seiseki/report/2017/2017-4chukyo6.pdf,official_daily_result_pdf
201707040604,2017,中京,4,6,4,2017-12-17,https://www.jra.go.jp/datafile/seiseki/report/2017/2017-4chukyo6.pdf,official_daily_result_pdf
201707040605,2017,中京,4,6,5,2017-12-17,https://www.jra.go.jp/datafile/seiseki/report/2017/2017-4chukyo6.pdf,official_daily_result_pdf
201707040606,2017,中京,4,6,6,2017-12-17,https://www.jra.go.jp/datafile/seiseki/report/2017/2017-4chukyo6.pdf,official_daily_result_pdf
201707040607,2017,中京,4,6,7,2017-12-17,https://www.jra.go.jp/datafile/seiseki/report/2017/2017-4chukyo6.pdf,official_daily_result_pdf
201707040608,2017,中京,4,6,8,2017-12-17,https://www.jra.go.jp/datafile/seiseki/report/2017/2017-4chukyo6.pdf,official_daily_result_pdf
201707040609,2017,中京,4,6,9,2017-12-17,https://www.jra.go.jp/datafile/seiseki/report/2017/2017-4chukyo6.pdf,official_daily_result_pdf
201707040610,2017,中京,4,6,10,2017-12-17,https://www.jra.go.jp/datafile/seiseki/report/2017/2017-4chukyo6.pdf,official_daily_result_pdf
201707040611,2017,中京,4,6,11,2017-12-17,https://www.jra.go.jp/datafile/seiseki/report/2017/2017-4chukyo6.pdf,official_daily_result_pdf
201707040612,2017,中京,4,6,12,2017-12-17,https://www.jra.go.jp/datafile/seiseki/report/2017/2017-4chukyo6.pdf,official_daily_result_pdf
201708010101,2017,京都,1,1,1,2017-01-05,https://www.jra.go.jp/datafile/seiseki/report/2017/2017-1kyoto1.pdf,official_daily_result_pdf
201708010102,2017,京都,1,1,2,2017-01-05,https://www.jra.go.jp/datafile/seiseki/report/2017/2017-1kyoto1.pdf,official_daily_result_pdf
201708010103,2017,京都,1,1,3,2017-01-05,https://www.jra.go.jp/datafile/seiseki/report/2017/2017-1kyoto1.pdf,official_daily_result_pdf
201708010104,2017,京都,1,1,4,2017-01-05,https://www.jra.go.jp/datafile/seiseki/report/2017/2017-1kyoto1.pdf,official_daily_result_pdf
201708010105,2017,京都,1,1,5,2017-01-05,https://www.jra.go.jp/datafile/seiseki/report/2017/2017-1kyoto1.pdf,official_daily_result_pdf
201708010106,2017,京都,1,1,6,2017-01-05,https://www.jra.go.jp/datafile/seiseki/report/2017/2017-1kyoto1.pdf,official_daily_result_pdf
201708010107,2017,京都,1,1,7,2017-01-05,https://www.jra.go.jp/datafile/seiseki/report/2017/2017-1kyoto1.pdf,official_daily_result_pdf
201708010108,2017,京都,1,1,8,2017-01-05,https://www.jra.go.jp/datafile/seiseki/report/2017/2017-1kyoto1.pdf,official_daily_result_pdf
201708010109,2017,京都,1,1,9,2017-01-05,https://www.jra.go.jp/datafile/seiseki/report/2017/2017-1kyoto1.pdf,official_daily_result_pdf
201708010110,2017,京都,1,1,10,2017-01-05,https://www.jra.go.jp/datafile/seiseki/report/2017/2017-1kyoto1.pdf,official_daily_result_pdf
201708010111,2017,京都,1,1,11,2017-01-05,https://www.jra.go.jp/datafile/seiseki/report/2017/2017-1kyoto1.pdf,official_daily_result_pdf
201708010112,2017,京都,1,1,12,2017-01-05,https://www.jra.go.jp/datafile/seiseki/report/2017/2017-1kyoto1.pdf,official_daily_result_pdf
201708010201,2017,京都,1,2,1,2017-01-07,https://www.jra.go.jp/datafile/seiseki/report/2017/2017-1kyoto2.pdf,official_daily_result_pdf
201708010202,2017,京都,1,2,2,2017-01-07,https://www.jra.go.jp/datafile/seiseki/report/2017/2017-1kyoto2.pdf,official_daily_result_pdf
201708010203,2017,京都,1,2,3,2017-01-07,https://www.jra.go.jp/datafile/seiseki/report/2017/2017-1kyoto2.pdf,official_daily_result_pdf
201708010204,2017,京都,1,2,4,2017-01-07,https://www.jra.go.jp/datafile/seiseki/report/2017/2017-1kyoto2.pdf,official_daily_result_pdf
201708010205,2017,京都,1,2,5,2017-01-07,https://www.jra.go.jp/datafile/seiseki/report/2017/2017-1kyoto2.pdf,official_daily_result_pdf
201708010206,2017,京都,1,2,6,2017-01-07,https://www.jra.go.jp/datafile/seiseki/report/2017/2017-1kyoto2.pdf,official_daily_result_pdf
201708010207,2017,京都,1,2,7,2017-01-07,https://www.jra.go.jp/datafile/seiseki/report/2017/2017-1kyoto2.pdf,official_daily_result_pdf
201708010208,2017,京都,1,2,8,2017-01-07,https://www.jra.go.jp/datafile/seiseki/report/2017/2017-1kyoto2.pdf,official_daily_result_pdf
201708010209,2017,京都,1,2,9,2017-01-07,https://www.jra.go.jp/datafile/seiseki/report/2017/2017-1kyoto2.pdf,official_daily_result_pdf
201708010210,2017,京都,1,2,10,2017-01-07,https://www.jra.go.jp/datafile/seiseki/report/2017/2017-1kyoto2.pdf,official_daily_result_pdf
201708010211,2017,京都,1,2,11,2017-01-07,https://www.jra.go.jp/datafile/seiseki/report/2017/2017-1kyoto2.pdf,official_daily_result_pdf
201708010212,2017,京都,1,2,12,2017-01-07,https://www.jra.go.jp/datafile/seiseki/report/2017/2017-1kyoto2.pdf,official_daily_result_pdf
201708010301,2017,京都,1,3,1,2017-01-08,https://www.jra.go.jp/datafile/seiseki/report/2017/2017-1kyoto3.pdf,official_daily_result_pdf
201708010302,2017,京都,1,3,2,2017-01-08,https://www.jra.go.jp/datafile/seiseki/report/2017/2017-1kyoto3.pdf,official_daily_result_pdf
201708010303,2017,京都,1,3,3,2017-01-08,https://www.jra.go.jp/datafile/seiseki/report/2017/2017-1kyoto3.pdf,official_daily_result_pdf
201708010304,2017,京都,1,3,4,2017-01-08,https://www.jra.go.jp/datafile/seiseki/report/2017/2017-1kyoto3.pdf,official_daily_result_pdf
201708010305,2017,京都,1,3,5,2017-01-08,https://www.jra.go.jp/datafile/seiseki/report/2017/2017-1kyoto3.pdf,official_daily_result_pdf
201708010306,2017,京都,1,3,6,2017-01-08,https://www.jra.go.jp/datafile/seiseki/report/2017/2017-1kyoto3.pdf,official_daily_result_pdf
201708010307,2017,京都,1,3,7,2017-01-08,https://www.jra.go.jp/datafile/seiseki/report/2017/2017-1kyoto3.pdf,official_daily_result_pdf
201708010308,2017,京都,1,3,8,2017-01-08,https://www.jra.go.jp/datafile/seiseki/report/2017/2017-1kyoto3.pdf,official_daily_result_pdf
201708010309,2017,京都,1,3,9,2017-01-08,https://www.jra.go.jp/datafile/seiseki/report/2017/2017-1kyoto3.pdf,official_daily_result_pdf
201708010310,2017,京都,1,3,10,2017-01-08,https://www.jra.go.jp/datafile/seiseki/report/2017/2017-1kyoto3.pdf,official_daily_result_pdf
201708010311,2017,京都,1,3,11,2017-01-08,https://www.jra.go.jp/datafile/seiseki/report/2017/2017-1kyoto3.pdf,official_daily_result_pdf
201708010312,2017,京都,1,3,12,2017-01-08,https://www.jra.go.jp/datafile/seiseki/report/2017/2017-1kyoto3.pdf,official_daily_result_pdf
201708010401,2017,京都,1,4,1,2017-01-14,https://www.jra.go.jp/datafile/seiseki/report/2017/2017-1kyoto4.pdf,official_daily_result_pdf
201708010402,2017,京都,1,4,2,2017-01-14,https://www.jra.go.jp/datafile/seiseki/report/2017/2017-1kyoto4.pdf,official_daily_result_pdf
201708010403,2017,京都,1,4,3,2017-01-14,https://www.jra.go.jp/datafile/seiseki/report/2017/2017-1kyoto4.pdf,official_daily_result_pdf
201708010404,2017,京都,1,4,4,2017-01-14,https://www.jra.go.jp/datafile/seiseki/report/2017/2017-1kyoto4.pdf,official_daily_result_pdf
201708010405,2017,京都,1,4,5,2017-01-14,https://www.jra.go.jp/datafile/seiseki/report/2017/2017-1kyoto4.pdf,official_daily_result_pdf
201708010406,2017,京都,1,4,6,2017-01-14,https://www.jra.go.jp/datafile/seiseki/report/2017/2017-1kyoto4.pdf,official_daily_result_pdf
201708010407,2017,京都,1,4,7,2017-01-14,https://www.jra.go.jp/datafile/seiseki/report/2017/2017-1kyoto4.pdf,official_daily_result_pdf
201708010408,2017,京都,1,4,8,2017-01-14,https://www.jra.go.jp/datafile/seiseki/report/2017/2017-1kyoto4.pdf,official_daily_result_pdf
201708010409,2017,京都,1,4,9,2017-01-14,https://www.jra.go.jp/datafile/seiseki/report/2017/2017-1kyoto4.pdf,official_daily_result_pdf
201708010410,2017,京都,1,4,10,2017-01-14,https://www.jra.go.jp/datafile/seiseki/report/2017/2017-1kyoto4.pdf,official_daily_result_pdf
201708010411,2017,京都,1,4,11,2017-01-14,https://www.jra.go.jp/datafile/seiseki/report/2017/2017-1kyoto4.pdf,official_daily_result_pdf
201708010412,2017,京都,1,4,12,2017-01-14,https://www.jra.go.jp/datafile/seiseki/report/2017/2017-1kyoto4.pdf,official_daily_result_pdf
201708010501,2017,京都,1,5,1,2017-01-17,https://www.jra.go.jp/datafile/seiseki/report/2017/2017-1kyoto5.pdf,official_daily_result_pdf
201708010502,2017,京都,1,5,2,2017-01-17,https://www.jra.go.jp/datafile/seiseki/report/2017/2017-1kyoto5.pdf,official_daily_result_pdf
201708010503,2017,京都,1,5,3,2017-01-17,https://www.jra.go.jp/datafile/seiseki/report/2017/2017-1kyoto5.pdf,official_daily_result_pdf
201708010504,2017,京都,1,5,4,2017-01-17,https://www.jra.go.jp/datafile/seiseki/report/2017/2017-1kyoto5.pdf,official_daily_result_pdf
201708010505,2017,京都,1,5,5,2017-01-17,https://www.jra.go.jp/datafile/seiseki/report/2017/2017-1kyoto5.pdf,official_daily_result_pdf
201708010506,2017,京都,1,5,6,2017-01-17,https://www.jra.go.jp/datafile/seiseki/report/2017/2017-1kyoto5.pdf,official_daily_result_pdf
201708010507,2017,京都,1,5,7,2017-01-17,https://www.jra.go.jp/datafile/seiseki/report/2017/2017-1kyoto5.pdf,official_daily_result_pdf
201708010508,2017,京都,1,5,8,2017-01-17,https://www.jra.go.jp/datafile/seiseki/report/2017/2017-1kyoto5.pdf,official_daily_result_pdf
201708010509,2017,京都,1,5,9,2017-01-17,https://www.jra.go.jp/datafile/seiseki/report/2017/2017-1kyoto5.pdf,official_daily_result_pdf
201708010510,2017,京都,1,5,10,2017-01-17,https://www.jra.go.jp/datafile/seiseki/report/2017/2017-1kyoto5.pdf,official_daily_result_pdf
201708010511,2017,京都,1,5,11,2017-01-17,https://www.jra.go.jp/datafile/seiseki/report/2017/2017-1kyoto5.pdf,official_daily_result_pdf
201708010512,2017,京都,1,5,12,2017-01-17,https://www.jra.go.jp/datafile/seiseki/report/2017/2017-1kyoto5.pdf,official_daily_result_pdf
201708010601,2017,京都,1,6,1,2017-01-21,https://www.jra.go.jp/datafile/seiseki/report/2017/2017-1kyoto6.pdf,official_daily_result_pdf
201708010602,2017,京都,1,6,2,2017-01-21,https://www.jra.go.jp/datafile/seiseki/report/2017/2017-1kyoto6.pdf,official_daily_result_pdf
201708010603,2017,京都,1,6,3,2017-01-21,https://www.jra.go.jp/datafile/seiseki/report/2017/2017-1kyoto6.pdf,official_daily_result_pdf
201708010604,2017,京都,1,6,4,2017-01-21,https://www.jra.go.jp/datafile/seiseki/report/2017/2017-1kyoto6.pdf,official_daily_result_pdf
201708010605,2017,京都,1,6,5,2017-01-21,https://www.jra.go.jp/datafile/seiseki/report/2017/2017-1kyoto6.pdf,official_daily_result_pdf
201708010606,2017,京都,1,6,6,2017-01-21,https://www.jra.go.jp/datafile/seiseki/report/2017/2017-1kyoto6.pdf,official_daily_result_pdf
201708010607,2017,京都,1,6,7,2017-01-21,https://www.jra.go.jp/datafile/seiseki/report/2017/2017-1kyoto6.pdf,official_daily_result_pdf
201708010608,2017,京都,1,6,8,2017-01-21,https://www.jra.go.jp/datafile/seiseki/report/2017/2017-1kyoto6.pdf,official_daily_result_pdf
201708010609,2017,京都,1,6,9,2017-01-21,https://www.jra.go.jp/datafile/seiseki/report/2017/2017-1kyoto6.pdf,official_daily_result_pdf
201708010610,2017,京都,1,6,10,2017-01-21,https://www.jra.go.jp/datafile/seiseki/report/2017/2017-1kyoto6.pdf,official_daily_result_pdf
201708010611,2017,京都,1,6,11,2017-01-21,https://www.jra.go.jp/datafile/seiseki/report/2017/2017-1kyoto6.pdf,official_daily_result_pdf
201708010612,2017,京都,1,6,12,2017-01-21,https://www.jra.go.jp/datafile/seiseki/report/2017/2017-1kyoto6.pdf,official_daily_result_pdf
201708010701,2017,京都,1,7,1,2017-01-22,https://www.jra.go.jp/datafile/seiseki/report/2017/2017-1kyoto7.pdf,official_daily_result_pdf
201708010702,2017,京都,1,7,2,2017-01-22,https://www.jra.go.jp/datafile/seiseki/report/2017/2017-1kyoto7.pdf,official_daily_result_pdf
201708010703,2017,京都,1,7,3,2017-01-22,https://www.jra.go.jp/datafile/seiseki/report/2017/2017-1kyoto7.pdf,official_daily_result_pdf
201708010704,2017,京都,1,7,4,2017-01-22,https://www.jra.go.jp/datafile/seiseki/report/2017/2017-1kyoto7.pdf,official_daily_result_pdf
201708010705,2017,京都,1,7,5,2017-01-22,https://www.jra.go.jp/datafile/seiseki/report/2017/2017-1kyoto7.pdf,official_daily_result_pdf
201708010706,2017,京都,1,7,6,2017-01-22,https://www.jra.go.jp/datafile/seiseki/report/2017/2017-1kyoto7.pdf,official_daily_result_pdf
201708010707,2017,京都,1,7,7,2017-01-22,https://www.jra.go.jp/datafile/seiseki/report/2017/2017-1kyoto7.pdf,official_daily_result_pdf
201708010708,2017,京都,1,7,8,2017-01-22,https://www.jra.go.jp/datafile/seiseki/report/2017/2017-1kyoto7.pdf,official_daily_result_pdf
201708010709,2017,京都,1,7,9,2017-01-22,https://www.jra.go.jp/datafile/seiseki/report/2017/2017-1kyoto7.pdf,official_daily_result_pdf
201708010710,2017,京都,1,7,10,2017-01-22,https://www.jra.go.jp/datafile/seiseki/report/2017/2017-1kyoto7.pdf,official_daily_result_pdf
201708010711,2017,京都,1,7,11,2017-01-22,https://www.jra.go.jp/datafile/seiseki/report/2017/2017-1kyoto7.pdf,official_daily_result_pdf
201708010712,2017,京都,1,7,12,2017-01-22,https://www.jra.go.jp/datafile/seiseki/report/2017/2017-1kyoto7.pdf,official_daily_result_pdf
201708020101,2017,京都,2,1,1,2017-01-28,https://www.jra.go.jp/datafile/seiseki/report/2017/2017-2kyoto1.pdf,official_daily_result_pdf
201708020102,2017,京都,2,1,2,2017-01-28,https://www.jra.go.jp/datafile/seiseki/report/2017/2017-2kyoto1.pdf,official_daily_result_pdf
201708020103,2017,京都,2,1,3,2017-01-28,https://www.jra.go.jp/datafile/seiseki/report/2017/2017-2kyoto1.pdf,official_daily_result_pdf
201708020104,2017,京都,2,1,4,2017-01-28,https://www.jra.go.jp/datafile/seiseki/report/2017/2017-2kyoto1.pdf,official_daily_result_pdf
201708020105,2017,京都,2,1,5,2017-01-28,https://www.jra.go.jp/datafile/seiseki/report/2017/2017-2kyoto1.pdf,official_daily_result_pdf
201708020106,2017,京都,2,1,6,2017-01-28,https://www.jra.go.jp/datafile/seiseki/report/2017/2017-2kyoto1.pdf,official_daily_result_pdf
201708020107,2017,京都,2,1,7,2017-01-28,https://www.jra.go.jp/datafile/seiseki/report/2017/2017-2kyoto1.pdf,official_daily_result_pdf
201708020108,2017,京都,2,1,8,2017-01-28,https://www.jra.go.jp/datafile/seiseki/report/2017/2017-2kyoto1.pdf,official_daily_result_pdf
201708020109,2017,京都,2,1,9,2017-01-28,https://www.jra.go.jp/datafile/seiseki/report/2017/2017-2kyoto1.pdf,official_daily_result_pdf
201708020110,2017,京都,2,1,10,2017-01-28,https://www.jra.go.jp/datafile/seiseki/report/2017/2017-2kyoto1.pdf,official_daily_result_pdf
201708020111,2017,京都,2,1,11,2017-01-28,https://www.jra.go.jp/datafile/seiseki/report/2017/2017-2kyoto1.pdf,official_daily_result_pdf
201708020112,2017,京都,2,1,12,2017-01-28,https://www.jra.go.jp/datafile/seiseki/report/2017/2017-2kyoto1.pdf,official_daily_result_pdf
201708020201,2017,京都,2,2,1,2017-01-29,https://www.jra.go.jp/datafile/seiseki/report/2017/2017-2kyoto2.pdf,official_daily_result_pdf
201708020202,2017,京都,2,2,2,2017-01-29,https://www.jra.go.jp/datafile/seiseki/report/2017/2017-2kyoto2.pdf,official_daily_result_pdf
201708020203,2017,京都,2,2,3,2017-01-29,https://www.jra.go.jp/datafile/seiseki/report/2017/2017-2kyoto2.pdf,official_daily_result_pdf
201708020204,2017,京都,2,2,4,2017-01-29,https://www.jra.go.jp/datafile/seiseki/report/2017/2017-2kyoto2.pdf,official_daily_result_pdf
201708020205,2017,京都,2,2,5,2017-01-29,https://www.jra.go.jp/datafile/seiseki/report/2017/2017-2kyoto2.pdf,official_daily_result_pdf
201708020206,2017,京都,2,2,6,2017-01-29,https://www.jra.go.jp/datafile/seiseki/report/2017/2017-2kyoto2.pdf,official_daily_result_pdf
201708020207,2017,京都,2,2,7,2017-01-29,https://www.jra.go.jp/datafile/seiseki/report/2017/2017-2kyoto2.pdf,official_daily_result_pdf
201708020208,2017,京都,2,2,8,2017-01-29,https://www.jra.go.jp/datafile/seiseki/report/2017/2017-2kyoto2.pdf,official_daily_result_pdf
201708020209,2017,京都,2,2,9,2017-01-29,https://www.jra.go.jp/datafile/seiseki/report/2017/2017-2kyoto2.pdf,official_daily_result_pdf
201708020210,2017,京都,2,2,10,2017-01-29,https://www.jra.go.jp/datafile/seiseki/report/2017/2017-2kyoto2.pdf,official_daily_result_pdf
201708020211,2017,京都,2,2,11,2017-01-29,https://www.jra.go.jp/datafile/seiseki/report/2017/2017-2kyoto2.pdf,official_daily_result_pdf
201708020212,2017,京都,2,2,12,2017-01-29,https://www.jra.go.jp/datafile/seiseki/report/2017/2017-2kyoto2.pdf,official_daily_result_pdf
201708020301,2017,京都,2,3,1,2017-02-04,https://www.jra.go.jp/datafile/seiseki/report/2017/2017-2kyoto3.pdf,official_daily_result_pdf
201708020302,2017,京都,2,3,2,2017-02-04,https://www.jra.go.jp/datafile/seiseki/report/2017/2017-2kyoto3.pdf,official_daily_result_pdf
201708020303,2017,京都,2,3,3,2017-02-04,https://www.jra.go.jp/datafile/seiseki/report/2017/2017-2kyoto3.pdf,official_daily_result_pdf
201708020304,2017,京都,2,3,4,2017-02-04,https://www.jra.go.jp/datafile/seiseki/report/2017/2017-2kyoto3.pdf,official_daily_result_pdf
201708020305,2017,京都,2,3,5,2017-02-04,https://www.jra.go.jp/datafile/seiseki/report/2017/2017-2kyoto3.pdf,official_daily_result_pdf
201708020306,2017,京都,2,3,6,2017-02-04,https://www.jra.go.jp/datafile/seiseki/report/2017/2017-2kyoto3.pdf,official_daily_result_pdf
201708020307,2017,京都,2,3,7,2017-02-04,https://www.jra.go.jp/datafile/seiseki/report/2017/2017-2kyoto3.pdf,official_daily_result_pdf
201708020308,2017,京都,2,3,8,2017-02-04,https://www.jra.go.jp/datafile/seiseki/report/2017/2017-2kyoto3.pdf,official_daily_result_pdf
201708020309,2017,京都,2,3,9,2017-02-04,https://www.jra.go.jp/datafile/seiseki/report/2017/2017-2kyoto3.pdf,official_daily_result_pdf
201708020310,2017,京都,2,3,10,2017-02-04,https://www.jra.go.jp/datafile/seiseki/report/2017/2017-2kyoto3.pdf,official_daily_result_pdf
201708020311,2017,京都,2,3,11,2017-02-04,https://www.jra.go.jp/datafile/seiseki/report/2017/2017-2kyoto3.pdf,official_daily_result_pdf
201708020312,2017,京都,2,3,12,2017-02-04,https://www.jra.go.jp/datafile/seiseki/report/2017/2017-2kyoto3.pdf,official_daily_result_pdf
201708020401,2017,京都,2,4,1,2017-02-05,https://www.jra.go.jp/datafile/seiseki/report/2017/2017-2kyoto4.pdf,official_daily_result_pdf
201708020402,2017,京都,2,4,2,2017-02-05,https://www.jra.go.jp/datafile/seiseki/report/2017/2017-2kyoto4.pdf,official_daily_result_pdf
201708020403,2017,京都,2,4,3,2017-02-05,https://www.jra.go.jp/datafile/seiseki/report/2017/2017-2kyoto4.pdf,official_daily_result_pdf
201708020404,2017,京都,2,4,4,2017-02-05,https://www.jra.go.jp/datafile/seiseki/report/2017/2017-2kyoto4.pdf,official_daily_result_pdf
201708020405,2017,京都,2,4,5,2017-02-05,https://www.jra.go.jp/datafile/seiseki/report/2017/2017-2kyoto4.pdf,official_daily_result_pdf
201708020406,2017,京都,2,4,6,2017-02-05,https://www.jra.go.jp/datafile/seiseki/report/2017/2017-2kyoto4.pdf,official_daily_result_pdf
201708020407,2017,京都,2,4,7,2017-02-05,https://www.jra.go.jp/datafile/seiseki/report/2017/2017-2kyoto4.pdf,official_daily_result_pdf
201708020408,2017,京都,2,4,8,2017-02-05,https://www.jra.go.jp/datafile/seiseki/report/2017/2017-2kyoto4.pdf,official_daily_result_pdf
201708020409,2017,京都,2,4,9,2017-02-05,https://www.jra.go.jp/datafile/seiseki/report/2017/2017-2kyoto4.pdf,official_daily_result_pdf
201708020410,2017,京都,2,4,10,2017-02-05,https://www.jra.go.jp/datafile/seiseki/report/2017/2017-2kyoto4.pdf,official_daily_result_pdf
201708020411,2017,京都,2,4,11,2017-02-05,https://www.jra.go.jp/datafile/seiseki/report/2017/2017-2kyoto4.pdf,official_daily_result_pdf
201708020412,2017,京都,2,4,12,2017-02-05,https://www.jra.go.jp/datafile/seiseki/report/2017/2017-2kyoto4.pdf,official_daily_result_pdf
201708020501,2017,京都,2,5,1,2017-02-11,https://www.jra.go.jp/datafile/seiseki/report/2017/2017-2kyoto5.pdf,official_daily_result_pdf
201708020502,2017,京都,2,5,2,2017-02-11,https://www.jra.go.jp/datafile/seiseki/report/2017/2017-2kyoto5.pdf,official_daily_result_pdf
201708020503,2017,京都,2,5,3,2017-02-11,https://www.jra.go.jp/datafile/seiseki/report/2017/2017-2kyoto5.pdf,official_daily_result_pdf
201708020504,2017,京都,2,5,4,2017-02-11,https://www.jra.go.jp/datafile/seiseki/report/2017/2017-2kyoto5.pdf,official_daily_result_pdf
201708020505,2017,京都,2,5,5,2017-02-11,https://www.jra.go.jp/datafile/seiseki/report/2017/2017-2kyoto5.pdf,official_daily_result_pdf
201708020506,2017,京都,2,5,6,2017-02-11,https://www.jra.go.jp/datafile/seiseki/report/2017/2017-2kyoto5.pdf,official_daily_result_pdf
201708020507,2017,京都,2,5,7,2017-02-11,https://www.jra.go.jp/datafile/seiseki/report/2017/2017-2kyoto5.pdf,official_daily_result_pdf
201708020508,2017,京都,2,5,8,2017-02-11,https://www.jra.go.jp/datafile/seiseki/report/2017/2017-2kyoto5.pdf,official_daily_result_pdf
201708020509,2017,京都,2,5,9,2017-02-11,https://www.jra.go.jp/datafile/seiseki/report/2017/2017-2kyoto5.pdf,official_daily_result_pdf
201708020510,2017,京都,2,5,10,2017-02-11,https://www.jra.go.jp/datafile/seiseki/report/2017/2017-2kyoto5.pdf,official_daily_result_pdf
201708020511,2017,京都,2,5,11,2017-02-11,https://www.jra.go.jp/datafile/seiseki/report/2017/2017-2kyoto5.pdf,official_daily_result_pdf
201708020512,2017,京都,2,5,12,2017-02-11,https://www.jra.go.jp/datafile/seiseki/report/2017/2017-2kyoto5.pdf,official_daily_result_pdf
201708020601,2017,京都,2,6,1,2017-02-12,https://www.jra.go.jp/datafile/seiseki/report/2017/2017-2kyoto6.pdf,official_daily_result_pdf
201708020602,2017,京都,2,6,2,2017-02-12,https://www.jra.go.jp/datafile/seiseki/report/2017/2017-2kyoto6.pdf,official_daily_result_pdf
201708020603,2017,京都,2,6,3,2017-02-12,https://www.jra.go.jp/datafile/seiseki/report/2017/2017-2kyoto6.pdf,official_daily_result_pdf
201708020604,2017,京都,2,6,4,2017-02-12,https://www.jra.go.jp/datafile/seiseki/report/2017/2017-2kyoto6.pdf,official_daily_result_pdf
201708020605,2017,京都,2,6,5,2017-02-12,https://www.jra.go.jp/datafile/seiseki/report/2017/2017-2kyoto6.pdf,official_daily_result_pdf
201708020606,2017,京都,2,6,6,2017-02-12,https://www.jra.go.jp/datafile/seiseki/report/2017/2017-2kyoto6.pdf,official_daily_result_pdf
201708020607,2017,京都,2,6,7,2017-02-12,https://www.jra.go.jp/datafile/seiseki/report/2017/2017-2kyoto6.pdf,official_daily_result_pdf
201708020608,2017,京都,2,6,8,2017-02-12,https://www.jra.go.jp/datafile/seiseki/report/2017/2017-2kyoto6.pdf,official_daily_result_pdf
201708020609,2017,京都,2,6,9,2017-02-12,https://www.jra.go.jp/datafile/seiseki/report/2017/2017-2kyoto6.pdf,official_daily_result_pdf
201708020610,2017,京都,2,6,10,2017-02-12,https://www.jra.go.jp/datafile/seiseki/report/2017/2017-2kyoto6.pdf,official_daily_result_pdf
201708020611,2017,京都,2,6,11,2017-02-12,https://www.jra.go.jp/datafile/seiseki/report/2017/2017-2kyoto6.pdf,official_daily_result_pdf
201708020612,2017,京都,2,6,12,2017-02-12,https://www.jra.go.jp/datafile/seiseki/report/2017/2017-2kyoto6.pdf,official_daily_result_pdf
201708020701,2017,京都,2,7,1,2017-02-18,https://www.jra.go.jp/datafile/seiseki/report/2017/2017-2kyoto7.pdf,official_daily_result_pdf
201708020702,2017,京都,2,7,2,2017-02-18,https://www.jra.go.jp/datafile/seiseki/report/2017/2017-2kyoto7.pdf,official_daily_result_pdf
201708020703,2017,京都,2,7,3,2017-02-18,https://www.jra.go.jp/datafile/seiseki/report/2017/2017-2kyoto7.pdf,official_daily_result_pdf
201708020704,2017,京都,2,7,4,2017-02-18,https://www.jra.go.jp/datafile/seiseki/report/2017/2017-2kyoto7.pdf,official_daily_result_pdf
201708020705,2017,京都,2,7,5,2017-02-18,https://www.jra.go.jp/datafile/seiseki/report/2017/2017-2kyoto7.pdf,official_daily_result_pdf
201708020706,2017,京都,2,7,6,2017-02-18,https://www.jra.go.jp/datafile/seiseki/report/2017/2017-2kyoto7.pdf,official_daily_result_pdf
201708020707,2017,京都,2,7,7,2017-02-18,https://www.jra.go.jp/datafile/seiseki/report/2017/2017-2kyoto7.pdf,official_daily_result_pdf
201708020708,2017,京都,2,7,8,2017-02-18,https://www.jra.go.jp/datafile/seiseki/report/2017/2017-2kyoto7.pdf,official_daily_result_pdf
201708020709,2017,京都,2,7,9,2017-02-18,https://www.jra.go.jp/datafile/seiseki/report/2017/2017-2kyoto7.pdf,official_daily_result_pdf
201708020710,2017,京都,2,7,10,2017-02-18,https://www.jra.go.jp/datafile/seiseki/report/2017/2017-2kyoto7.pdf,official_daily_result_pdf
201708020711,2017,京都,2,7,11,2017-02-18,https://www.jra.go.jp/datafile/seiseki/report/2017/2017-2kyoto7.pdf,official_daily_result_pdf
201708020712,2017,京都,2,7,12,2017-02-18,https://www.jra.go.jp/datafile/seiseki/report/2017/2017-2kyoto7.pdf,official_daily_result_pdf
201708020801,2017,京都,2,8,1,2017-02-19,https://www.jra.go.jp/datafile/seiseki/report/2017/2017-2kyoto8.pdf,official_daily_result_pdf
201708020802,2017,京都,2,8,2,2017-02-19,https://www.jra.go.jp/datafile/seiseki/report/2017/2017-2kyoto8.pdf,official_daily_result_pdf
201708020803,2017,京都,2,8,3,2017-02-19,https://www.jra.go.jp/datafile/seiseki/report/2017/2017-2kyoto8.pdf,official_daily_result_pdf
201708020804,2017,京都,2,8,4,2017-02-19,https://www.jra.go.jp/datafile/seiseki/report/2017/2017-2kyoto8.pdf,official_daily_result_pdf
201708020805,2017,京都,2,8,5,2017-02-19,https://www.jra.go.jp/datafile/seiseki/report/2017/2017-2kyoto8.pdf,official_daily_result_pdf
201708020806,2017,京都,2,8,6,2017-02-19,https://www.jra.go.jp/datafile/seiseki/report/2017/2017-2kyoto8.pdf,official_daily_result_pdf
201708020807,2017,京都,2,8,7,2017-02-19,https://www.jra.go.jp/datafile/seiseki/report/2017/2017-2kyoto8.pdf,official_daily_result_pdf
201708020808,2017,京都,2,8,8,2017-02-19,https://www.jra.go.jp/datafile/seiseki/report/2017/2017-2kyoto8.pdf,official_daily_result_pdf
201708020809,2017,京都,2,8,9,2017-02-19,https://www.jra.go.jp/datafile/seiseki/report/2017/2017-2kyoto8.pdf,official_daily_result_pdf
201708020810,2017,京都,2,8,10,2017-02-19,https://www.jra.go.jp/datafile/seiseki/report/2017/2017-2kyoto8.pdf,official_daily_result_pdf
201708020811,2017,京都,2,8,11,2017-02-19,https://www.jra.go.jp/datafile/seiseki/report/2017/2017-2kyoto8.pdf,official_daily_result_pdf
201708020812,2017,京都,2,8,12,2017-02-19,https://www.jra.go.jp/datafile/seiseki/report/2017/2017-2kyoto8.pdf,official_daily_result_pdf
201708030101,2017,京都,3,1,1,2017-04-22,https://www.jra.go.jp/datafile/seiseki/report/2017/2017-3kyoto1.pdf,official_daily_result_pdf
201708030102,2017,京都,3,1,2,2017-04-22,https://www.jra.go.jp/datafile/seiseki/report/2017/2017-3kyoto1.pdf,official_daily_result_pdf
201708030103,2017,京都,3,1,3,2017-04-22,https://www.jra.go.jp/datafile/seiseki/report/2017/2017-3kyoto1.pdf,official_daily_result_pdf
201708030104,2017,京都,3,1,4,2017-04-22,https://www.jra.go.jp/datafile/seiseki/report/2017/2017-3kyoto1.pdf,official_daily_result_pdf
201708030105,2017,京都,3,1,5,2017-04-22,https://www.jra.go.jp/datafile/seiseki/report/2017/2017-3kyoto1.pdf,official_daily_result_pdf
201708030106,2017,京都,3,1,6,2017-04-22,https://www.jra.go.jp/datafile/seiseki/report/2017/2017-3kyoto1.pdf,official_daily_result_pdf
201708030107,2017,京都,3,1,7,2017-04-22,https://www.jra.go.jp/datafile/seiseki/report/2017/2017-3kyoto1.pdf,official_daily_result_pdf
201708030108,2017,京都,3,1,8,2017-04-22,https://www.jra.go.jp/datafile/seiseki/report/2017/2017-3kyoto1.pdf,official_daily_result_pdf
201708030109,2017,京都,3,1,9,2017-04-22,https://www.jra.go.jp/datafile/seiseki/report/2017/2017-3kyoto1.pdf,official_daily_result_pdf
201708030110,2017,京都,3,1,10,2017-04-22,https://www.jra.go.jp/datafile/seiseki/report/2017/2017-3kyoto1.pdf,official_daily_result_pdf
201708030111,2017,京都,3,1,11,2017-04-22,https://www.jra.go.jp/datafile/seiseki/report/2017/2017-3kyoto1.pdf,official_daily_result_pdf
201708030112,2017,京都,3,1,12,2017-04-22,https://www.jra.go.jp/datafile/seiseki/report/2017/2017-3kyoto1.pdf,official_daily_result_pdf
201708030201,2017,京都,3,2,1,2017-04-23,https://www.jra.go.jp/datafile/seiseki/report/2017/2017-3kyoto2.pdf,official_daily_result_pdf
201708030202,2017,京都,3,2,2,2017-04-23,https://www.jra.go.jp/datafile/seiseki/report/2017/2017-3kyoto2.pdf,official_daily_result_pdf
201708030203,2017,京都,3,2,3,2017-04-23,https://www.jra.go.jp/datafile/seiseki/report/2017/2017-3kyoto2.pdf,official_daily_result_pdf
201708030204,2017,京都,3,2,4,2017-04-23,https://www.jra.go.jp/datafile/seiseki/report/2017/2017-3kyoto2.pdf,official_daily_result_pdf
201708030205,2017,京都,3,2,5,2017-04-23,https://www.jra.go.jp/datafile/seiseki/report/2017/2017-3kyoto2.pdf,official_daily_result_pdf
201708030206,2017,京都,3,2,6,2017-04-23,https://www.jra.go.jp/datafile/seiseki/report/2017/2017-3kyoto2.pdf,official_daily_result_pdf
201708030207,2017,京都,3,2,7,2017-04-23,https://www.jra.go.jp/datafile/seiseki/report/2017/2017-3kyoto2.pdf,official_daily_result_pdf
201708030208,2017,京都,3,2,8,2017-04-23,https://www.jra.go.jp/datafile/seiseki/report/2017/2017-3kyoto2.pdf,official_daily_result_pdf
201708030209,2017,京都,3,2,9,2017-04-23,https://www.jra.go.jp/datafile/seiseki/report/2017/2017-3kyoto2.pdf,official_daily_result_pdf
201708030210,2017,京都,3,2,10,2017-04-23,https://www.jra.go.jp/datafile/seiseki/report/2017/2017-3kyoto2.pdf,official_daily_result_pdf
201708030211,2017,京都,3,2,11,2017-04-23,https://www.jra.go.jp/datafile/seiseki/report/2017/2017-3kyoto2.pdf,official_daily_result_pdf
201708030212,2017,京都,3,2,12,2017-04-23,https://www.jra.go.jp/datafile/seiseki/report/2017/2017-3kyoto2.pdf,official_daily_result_pdf
201708030301,2017,京都,3,3,1,2017-04-29,https://www.jra.go.jp/datafile/seiseki/report/2017/2017-3kyoto3.pdf,official_daily_result_pdf
201708030302,2017,京都,3,3,2,2017-04-29,https://www.jra.go.jp/datafile/seiseki/report/2017/2017-3kyoto3.pdf,official_daily_result_pdf
201708030303,2017,京都,3,3,3,2017-04-29,https://www.jra.go.jp/datafile/seiseki/report/2017/2017-3kyoto3.pdf,official_daily_result_pdf
201708030304,2017,京都,3,3,4,2017-04-29,https://www.jra.go.jp/datafile/seiseki/report/2017/2017-3kyoto3.pdf,official_daily_result_pdf
201708030305,2017,京都,3,3,5,2017-04-29,https://www.jra.go.jp/datafile/seiseki/report/2017/2017-3kyoto3.pdf,official_daily_result_pdf
201708030306,2017,京都,3,3,6,2017-04-29,https://www.jra.go.jp/datafile/seiseki/report/2017/2017-3kyoto3.pdf,official_daily_result_pdf
201708030307,2017,京都,3,3,7,2017-04-29,https://www.jra.go.jp/datafile/seiseki/report/2017/2017-3kyoto3.pdf,official_daily_result_pdf
201708030308,2017,京都,3,3,8,2017-04-29,https://www.jra.go.jp/datafile/seiseki/report/2017/2017-3kyoto3.pdf,official_daily_result_pdf
201708030309,2017,京都,3,3,9,2017-04-29,https://www.jra.go.jp/datafile/seiseki/report/2017/2017-3kyoto3.pdf,official_daily_result_pdf
201708030310,2017,京都,3,3,10,2017-04-29,https://www.jra.go.jp/datafile/seiseki/report/2017/2017-3kyoto3.pdf,official_daily_result_pdf
201708030311,2017,京都,3,3,11,2017-04-29,https://www.jra.go.jp/datafile/seiseki/report/2017/2017-3kyoto3.pdf,official_daily_result_pdf
201708030312,2017,京都,3,3,12,2017-04-29,https://www.jra.go.jp/datafile/seiseki/report/2017/2017-3kyoto3.pdf,official_daily_result_pdf
201708030401,2017,京都,3,4,1,2017-04-30,https://www.jra.go.jp/datafile/seiseki/report/2017/2017-3kyoto4.pdf,official_daily_result_pdf
201708030402,2017,京都,3,4,2,2017-04-30,https://www.jra.go.jp/datafile/seiseki/report/2017/2017-3kyoto4.pdf,official_daily_result_pdf
201708030403,2017,京都,3,4,3,2017-04-30,https://www.jra.go.jp/datafile/seiseki/report/2017/2017-3kyoto4.pdf,official_daily_result_pdf
201708030404,2017,京都,3,4,4,2017-04-30,https://www.jra.go.jp/datafile/seiseki/report/2017/2017-3kyoto4.pdf,official_daily_result_pdf
201708030405,2017,京都,3,4,5,2017-04-30,https://www.jra.go.jp/datafile/seiseki/report/2017/2017-3kyoto4.pdf,official_daily_result_pdf
201708030406,2017,京都,3,4,6,2017-04-30,https://www.jra.go.jp/datafile/seiseki/report/2017/2017-3kyoto4.pdf,official_daily_result_pdf
201708030407,2017,京都,3,4,7,2017-04-30,https://www.jra.go.jp/datafile/seiseki/report/2017/2017-3kyoto4.pdf,official_daily_result_pdf
201708030408,2017,京都,3,4,8,2017-04-30,https://www.jra.go.jp/datafile/seiseki/report/2017/2017-3kyoto4.pdf,official_daily_result_pdf
201708030409,2017,京都,3,4,9,2017-04-30,https://www.jra.go.jp/datafile/seiseki/report/2017/2017-3kyoto4.pdf,official_daily_result_pdf
201708030410,2017,京都,3,4,10,2017-04-30,https://www.jra.go.jp/datafile/seiseki/report/2017/2017-3kyoto4.pdf,official_daily_result_pdf
201708030411,2017,京都,3,4,11,2017-04-30,https://www.jra.go.jp/datafile/seiseki/report/2017/2017-3kyoto4.pdf,official_daily_result_pdf
201708030412,2017,京都,3,4,12,2017-04-30,https://www.jra.go.jp/datafile/seiseki/report/2017/2017-3kyoto4.pdf,official_daily_result_pdf
201708030501,2017,京都,3,5,1,2017-05-06,https://www.jra.go.jp/datafile/seiseki/report/2017/2017-3kyoto5.pdf,official_daily_result_pdf
201708030502,2017,京都,3,5,2,2017-05-06,https://www.jra.go.jp/datafile/seiseki/report/2017/2017-3kyoto5.pdf,official_daily_result_pdf
201708030503,2017,京都,3,5,3,2017-05-06,https://www.jra.go.jp/datafile/seiseki/report/2017/2017-3kyoto5.pdf,official_daily_result_pdf
201708030504,2017,京都,3,5,4,2017-05-06,https://www.jra.go.jp/datafile/seiseki/report/2017/2017-3kyoto5.pdf,official_daily_result_pdf
201708030505,2017,京都,3,5,5,2017-05-06,https://www.jra.go.jp/datafile/seiseki/report/2017/2017-3kyoto5.pdf,official_daily_result_pdf
201708030506,2017,京都,3,5,6,2017-05-06,https://www.jra.go.jp/datafile/seiseki/report/2017/2017-3kyoto5.pdf,official_daily_result_pdf
201708030507,2017,京都,3,5,7,2017-05-06,https://www.jra.go.jp/datafile/seiseki/report/2017/2017-3kyoto5.pdf,official_daily_result_pdf
201708030508,2017,京都,3,5,8,2017-05-06,https://www.jra.go.jp/datafile/seiseki/report/2017/2017-3kyoto5.pdf,official_daily_result_pdf
201708030509,2017,京都,3,5,9,2017-05-06,https://www.jra.go.jp/datafile/seiseki/report/2017/2017-3kyoto5.pdf,official_daily_result_pdf
201708030510,2017,京都,3,5,10,2017-05-06,https://www.jra.go.jp/datafile/seiseki/report/2017/2017-3kyoto5.pdf,official_daily_result_pdf
201708030511,2017,京都,3,5,11,2017-05-06,https://www.jra.go.jp/datafile/seiseki/report/2017/2017-3kyoto5.pdf,official_daily_result_pdf
201708030512,2017,京都,3,5,12,2017-05-06,https://www.jra.go.jp/datafile/seiseki/report/2017/2017-3kyoto5.pdf,official_daily_result_pdf
201708030601,2017,京都,3,6,1,2017-05-07,https://www.jra.go.jp/datafile/seiseki/report/2017/2017-3kyoto6.pdf,official_daily_result_pdf
201708030602,2017,京都,3,6,2,2017-05-07,https://www.jra.go.jp/datafile/seiseki/report/2017/2017-3kyoto6.pdf,official_daily_result_pdf
201708030603,2017,京都,3,6,3,2017-05-07,https://www.jra.go.jp/datafile/seiseki/report/2017/2017-3kyoto6.pdf,official_daily_result_pdf
201708030604,2017,京都,3,6,4,2017-05-07,https://www.jra.go.jp/datafile/seiseki/report/2017/2017-3kyoto6.pdf,official_daily_result_pdf
201708030605,2017,京都,3,6,5,2017-05-07,https://www.jra.go.jp/datafile/seiseki/report/2017/2017-3kyoto6.pdf,official_daily_result_pdf
201708030606,2017,京都,3,6,6,2017-05-07,https://www.jra.go.jp/datafile/seiseki/report/2017/2017-3kyoto6.pdf,official_daily_result_pdf
201708030607,2017,京都,3,6,7,2017-05-07,https://www.jra.go.jp/datafile/seiseki/report/2017/2017-3kyoto6.pdf,official_daily_result_pdf
201708030608,2017,京都,3,6,8,2017-05-07,https://www.jra.go.jp/datafile/seiseki/report/2017/2017-3kyoto6.pdf,official_daily_result_pdf
201708030609,2017,京都,3,6,9,2017-05-07,https://www.jra.go.jp/datafile/seiseki/report/2017/2017-3kyoto6.pdf,official_daily_result_pdf
201708030610,2017,京都,3,6,10,2017-05-07,https://www.jra.go.jp/datafile/seiseki/report/2017/2017-3kyoto6.pdf,official_daily_result_pdf
201708030611,2017,京都,3,6,11,2017-05-07,https://www.jra.go.jp/datafile/seiseki/report/2017/2017-3kyoto6.pdf,official_daily_result_pdf
201708030612,2017,京都,3,6,12,2017-05-07,https://www.jra.go.jp/datafile/seiseki/report/2017/2017-3kyoto6.pdf,official_daily_result_pdf
201708030701,2017,京都,3,7,1,2017-05-13,https://www.jra.go.jp/datafile/seiseki/report/2017/2017-3kyoto7.pdf,official_daily_result_pdf
201708030702,2017,京都,3,7,2,2017-05-13,https://www.jra.go.jp/datafile/seiseki/report/2017/2017-3kyoto7.pdf,official_daily_result_pdf
201708030703,2017,京都,3,7,3,2017-05-13,https://www.jra.go.jp/datafile/seiseki/report/2017/2017-3kyoto7.pdf,official_daily_result_pdf
201708030704,2017,京都,3,7,4,2017-05-13,https://www.jra.go.jp/datafile/seiseki/report/2017/2017-3kyoto7.pdf,official_daily_result_pdf
201708030705,2017,京都,3,7,5,2017-05-13,https://www.jra.go.jp/datafile/seiseki/report/2017/2017-3kyoto7.pdf,official_daily_result_pdf
201708030706,2017,京都,3,7,6,2017-05-13,https://www.jra.go.jp/datafile/seiseki/report/2017/2017-3kyoto7.pdf,official_daily_result_pdf
201708030707,2017,京都,3,7,7,2017-05-13,https://www.jra.go.jp/datafile/seiseki/report/2017/2017-3kyoto7.pdf,official_daily_result_pdf
201708030708,2017,京都,3,7,8,2017-05-13,https://www.jra.go.jp/datafile/seiseki/report/2017/2017-3kyoto7.pdf,official_daily_result_pdf
201708030709,2017,京都,3,7,9,2017-05-13,https://www.jra.go.jp/datafile/seiseki/report/2017/2017-3kyoto7.pdf,official_daily_result_pdf
201708030710,2017,京都,3,7,10,2017-05-13,https://www.jra.go.jp/datafile/seiseki/report/2017/2017-3kyoto7.pdf,official_daily_result_pdf
201708030711,2017,京都,3,7,11,2017-05-13,https://www.jra.go.jp/datafile/seiseki/report/2017/2017-3kyoto7.pdf,official_daily_result_pdf
201708030712,2017,京都,3,7,12,2017-05-13,https://www.jra.go.jp/datafile/seiseki/report/2017/2017-3kyoto7.pdf,official_daily_result_pdf
201708030801,2017,京都,3,8,1,2017-05-14,https://www.jra.go.jp/datafile/seiseki/report/2017/2017-3kyoto8.pdf,official_daily_result_pdf
201708030802,2017,京都,3,8,2,2017-05-14,https://www.jra.go.jp/datafile/seiseki/report/2017/2017-3kyoto8.pdf,official_daily_result_pdf
201708030803,2017,京都,3,8,3,2017-05-14,https://www.jra.go.jp/datafile/seiseki/report/2017/2017-3kyoto8.pdf,official_daily_result_pdf
201708030804,2017,京都,3,8,4,2017-05-14,https://www.jra.go.jp/datafile/seiseki/report/2017/2017-3kyoto8.pdf,official_daily_result_pdf
201708030805,2017,京都,3,8,5,2017-05-14,https://www.jra.go.jp/datafile/seiseki/report/2017/2017-3kyoto8.pdf,official_daily_result_pdf
201708030806,2017,京都,3,8,6,2017-05-14,https://www.jra.go.jp/datafile/seiseki/report/2017/2017-3kyoto8.pdf,official_daily_result_pdf
201708030807,2017,京都,3,8,7,2017-05-14,https://www.jra.go.jp/datafile/seiseki/report/2017/2017-3kyoto8.pdf,official_daily_result_pdf
201708030808,2017,京都,3,8,8,2017-05-14,https://www.jra.go.jp/datafile/seiseki/report/2017/2017-3kyoto8.pdf,official_daily_result_pdf
201708030809,2017,京都,3,8,9,2017-05-14,https://www.jra.go.jp/datafile/seiseki/report/2017/2017-3kyoto8.pdf,official_daily_result_pdf
201708030810,2017,京都,3,8,10,2017-05-14,https://www.jra.go.jp/datafile/seiseki/report/2017/2017-3kyoto8.pdf,official_daily_result_pdf
201708030811,2017,京都,3,8,11,2017-05-14,https://www.jra.go.jp/datafile/seiseki/report/2017/2017-3kyoto8.pdf,official_daily_result_pdf
201708030812,2017,京都,3,8,12,2017-05-14,https://www.jra.go.jp/datafile/seiseki/report/2017/2017-3kyoto8.pdf,official_daily_result_pdf
201708030901,2017,京都,3,9,1,2017-05-20,https://www.jra.go.jp/datafile/seiseki/report/2017/2017-3kyoto9.pdf,official_daily_result_pdf
201708030902,2017,京都,3,9,2,2017-05-20,https://www.jra.go.jp/datafile/seiseki/report/2017/2017-3kyoto9.pdf,official_daily_result_pdf
201708030903,2017,京都,3,9,3,2017-05-20,https://www.jra.go.jp/datafile/seiseki/report/2017/2017-3kyoto9.pdf,official_daily_result_pdf
201708030904,2017,京都,3,9,4,2017-05-20,https://www.jra.go.jp/datafile/seiseki/report/2017/2017-3kyoto9.pdf,official_daily_result_pdf
201708030905,2017,京都,3,9,5,2017-05-20,https://www.jra.go.jp/datafile/seiseki/report/2017/2017-3kyoto9.pdf,official_daily_result_pdf
201708030906,2017,京都,3,9,6,2017-05-20,https://www.jra.go.jp/datafile/seiseki/report/2017/2017-3kyoto9.pdf,official_daily_result_pdf
201708030907,2017,京都,3,9,7,2017-05-20,https://www.jra.go.jp/datafile/seiseki/report/2017/2017-3kyoto9.pdf,official_daily_result_pdf
201708030908,2017,京都,3,9,8,2017-05-20,https://www.jra.go.jp/datafile/seiseki/report/2017/2017-3kyoto9.pdf,official_daily_result_pdf
201708030909,2017,京都,3,9,9,2017-05-20,https://www.jra.go.jp/datafile/seiseki/report/2017/2017-3kyoto9.pdf,official_daily_result_pdf
201708030910,2017,京都,3,9,10,2017-05-20,https://www.jra.go.jp/datafile/seiseki/report/2017/2017-3kyoto9.pdf,official_daily_result_pdf
201708030911,2017,京都,3,9,11,2017-05-20,https://www.jra.go.jp/datafile/seiseki/report/2017/2017-3kyoto9.pdf,official_daily_result_pdf
201708030912,2017,京都,3,9,12,2017-05-20,https://www.jra.go.jp/datafile/seiseki/report/2017/2017-3kyoto9.pdf,official_daily_result_pdf
201708031001,2017,京都,3,10,1,2017-05-21,https://www.jra.go.jp/datafile/seiseki/report/2017/2017-3kyoto10.pdf,official_daily_result_pdf
201708031002,2017,京都,3,10,2,2017-05-21,https://www.jra.go.jp/datafile/seiseki/report/2017/2017-3kyoto10.pdf,official_daily_result_pdf
201708031003,2017,京都,3,10,3,2017-05-21,https://www.jra.go.jp/datafile/seiseki/report/2017/2017-3kyoto10.pdf,official_daily_result_pdf
201708031004,2017,京都,3,10,4,2017-05-21,https://www.jra.go.jp/datafile/seiseki/report/2017/2017-3kyoto10.pdf,official_daily_result_pdf
201708031005,2017,京都,3,10,5,2017-05-21,https://www.jra.go.jp/datafile/seiseki/report/2017/2017-3kyoto10.pdf,official_daily_result_pdf
201708031006,2017,京都,3,10,6,2017-05-21,https://www.jra.go.jp/datafile/seiseki/report/2017/2017-3kyoto10.pdf,official_daily_result_pdf
201708031007,2017,京都,3,10,7,2017-05-21,https://www.jra.go.jp/datafile/seiseki/report/2017/2017-3kyoto10.pdf,official_daily_result_pdf
201708031008,2017,京都,3,10,8,2017-05-21,https://www.jra.go.jp/datafile/seiseki/report/2017/2017-3kyoto10.pdf,official_daily_result_pdf
201708031009,2017,京都,3,10,9,2017-05-21,https://www.jra.go.jp/datafile/seiseki/report/2017/2017-3kyoto10.pdf,official_daily_result_pdf
201708031010,2017,京都,3,10,10,2017-05-21,https://www.jra.go.jp/datafile/seiseki/report/2017/2017-3kyoto10.pdf,official_daily_result_pdf
201708031011,2017,京都,3,10,11,2017-05-21,https://www.jra.go.jp/datafile/seiseki/report/2017/2017-3kyoto10.pdf,official_daily_result_pdf
201708031012,2017,京都,3,10,12,2017-05-21,https://www.jra.go.jp/datafile/seiseki/report/2017/2017-3kyoto10.pdf,official_daily_result_pdf
201708031101,2017,京都,3,11,1,2017-05-27,https://www.jra.go.jp/datafile/seiseki/report/2017/2017-3kyoto11.pdf,official_daily_result_pdf
201708031102,2017,京都,3,11,2,2017-05-27,https://www.jra.go.jp/datafile/seiseki/report/2017/2017-3kyoto11.pdf,official_daily_result_pdf
201708031103,2017,京都,3,11,3,2017-05-27,https://www.jra.go.jp/datafile/seiseki/report/2017/2017-3kyoto11.pdf,official_daily_result_pdf
201708031104,2017,京都,3,11,4,2017-05-27,https://www.jra.go.jp/datafile/seiseki/report/2017/2017-3kyoto11.pdf,official_daily_result_pdf
201708031105,2017,京都,3,11,5,2017-05-27,https://www.jra.go.jp/datafile/seiseki/report/2017/2017-3kyoto11.pdf,official_daily_result_pdf
201708031106,2017,京都,3,11,6,2017-05-27,https://www.jra.go.jp/datafile/seiseki/report/2017/2017-3kyoto11.pdf,official_daily_result_pdf
201708031107,2017,京都,3,11,7,2017-05-27,https://www.jra.go.jp/datafile/seiseki/report/2017/2017-3kyoto11.pdf,official_daily_result_pdf
201708031108,2017,京都,3,11,8,2017-05-27,https://www.jra.go.jp/datafile/seiseki/report/2017/2017-3kyoto11.pdf,official_daily_result_pdf
201708031109,2017,京都,3,11,9,2017-05-27,https://www.jra.go.jp/datafile/seiseki/report/2017/2017-3kyoto11.pdf,official_daily_result_pdf
201708031110,2017,京都,3,11,10,2017-05-27,https://www.jra.go.jp/datafile/seiseki/report/2017/2017-3kyoto11.pdf,official_daily_result_pdf
201708031111,2017,京都,3,11,11,2017-05-27,https://www.jra.go.jp/datafile/seiseki/report/2017/2017-3kyoto11.pdf,official_daily_result_pdf
201708031112,2017,京都,3,11,12,2017-05-27,https://www.jra.go.jp/datafile/seiseki/report/2017/2017-3kyoto11.pdf,official_daily_result_pdf
201708031201,2017,京都,3,12,1,2017-05-28,https://www.jra.go.jp/datafile/seiseki/report/2017/2017-3kyoto12.pdf,official_daily_result_pdf
201708031202,2017,京都,3,12,2,2017-05-28,https://www.jra.go.jp/datafile/seiseki/report/2017/2017-3kyoto12.pdf,official_daily_result_pdf
201708031203,2017,京都,3,12,3,2017-05-28,https://www.jra.go.jp/datafile/seiseki/report/2017/2017-3kyoto12.pdf,official_daily_result_pdf
201708031204,2017,京都,3,12,4,2017-05-28,https://www.jra.go.jp/datafile/seiseki/report/2017/2017-3kyoto12.pdf,official_daily_result_pdf
201708031205,2017,京都,3,12,5,2017-05-28,https://www.jra.go.jp/datafile/seiseki/report/2017/2017-3kyoto12.pdf,official_daily_result_pdf
201708031206,2017,京都,3,12,6,2017-05-28,https://www.jra.go.jp/datafile/seiseki/report/2017/2017-3kyoto12.pdf,official_daily_result_pdf
201708031207,2017,京都,3,12,7,2017-05-28,https://www.jra.go.jp/datafile/seiseki/report/2017/2017-3kyoto12.pdf,official_daily_result_pdf
201708031208,2017,京都,3,12,8,2017-05-28,https://www.jra.go.jp/datafile/seiseki/report/2017/2017-3kyoto12.pdf,official_daily_result_pdf
201708031209,2017,京都,3,12,9,2017-05-28,https://www.jra.go.jp/datafile/seiseki/report/2017/2017-3kyoto12.pdf,official_daily_result_pdf
201708031210,2017,京都,3,12,10,2017-05-28,https://www.jra.go.jp/datafile/seiseki/report/2017/2017-3kyoto12.pdf,official_daily_result_pdf
201708031211,2017,京都,3,12,11,2017-05-28,https://www.jra.go.jp/datafile/seiseki/report/2017/2017-3kyoto12.pdf,official_daily_result_pdf
201708031212,2017,京都,3,12,12,2017-05-28,https://www.jra.go.jp/datafile/seiseki/report/2017/2017-3kyoto12.pdf,official_daily_result_pdf
201708040101,2017,京都,4,1,1,2017-10-07,https://www.jra.go.jp/datafile/seiseki/report/2017/2017-4kyoto1.pdf,official_daily_result_pdf
201708040102,2017,京都,4,1,2,2017-10-07,https://www.jra.go.jp/datafile/seiseki/report/2017/2017-4kyoto1.pdf,official_daily_result_pdf
201708040103,2017,京都,4,1,3,2017-10-07,https://www.jra.go.jp/datafile/seiseki/report/2017/2017-4kyoto1.pdf,official_daily_result_pdf
201708040104,2017,京都,4,1,4,2017-10-07,https://www.jra.go.jp/datafile/seiseki/report/2017/2017-4kyoto1.pdf,official_daily_result_pdf
201708040105,2017,京都,4,1,5,2017-10-07,https://www.jra.go.jp/datafile/seiseki/report/2017/2017-4kyoto1.pdf,official_daily_result_pdf
201708040106,2017,京都,4,1,6,2017-10-07,https://www.jra.go.jp/datafile/seiseki/report/2017/2017-4kyoto1.pdf,official_daily_result_pdf
201708040107,2017,京都,4,1,7,2017-10-07,https://www.jra.go.jp/datafile/seiseki/report/2017/2017-4kyoto1.pdf,official_daily_result_pdf
201708040108,2017,京都,4,1,8,2017-10-07,https://www.jra.go.jp/datafile/seiseki/report/2017/2017-4kyoto1.pdf,official_daily_result_pdf
201708040109,2017,京都,4,1,9,2017-10-07,https://www.jra.go.jp/datafile/seiseki/report/2017/2017-4kyoto1.pdf,official_daily_result_pdf
201708040110,2017,京都,4,1,10,2017-10-07,https://www.jra.go.jp/datafile/seiseki/report/2017/2017-4kyoto1.pdf,official_daily_result_pdf
201708040111,2017,京都,4,1,11,2017-10-07,https://www.jra.go.jp/datafile/seiseki/report/2017/2017-4kyoto1.pdf,official_daily_result_pdf
201708040112,2017,京都,4,1,12,2017-10-07,https://www.jra.go.jp/datafile/seiseki/report/2017/2017-4kyoto1.pdf,official_daily_result_pdf
201708040201,2017,京都,4,2,1,2017-10-08,https://www.jra.go.jp/datafile/seiseki/report/2017/2017-4kyoto2.pdf,official_daily_result_pdf
201708040202,2017,京都,4,2,2,2017-10-08,https://www.jra.go.jp/datafile/seiseki/report/2017/2017-4kyoto2.pdf,official_daily_result_pdf
201708040203,2017,京都,4,2,3,2017-10-08,https://www.jra.go.jp/datafile/seiseki/report/2017/2017-4kyoto2.pdf,official_daily_result_pdf
201708040204,2017,京都,4,2,4,2017-10-08,https://www.jra.go.jp/datafile/seiseki/report/2017/2017-4kyoto2.pdf,official_daily_result_pdf
201708040205,2017,京都,4,2,5,2017-10-08,https://www.jra.go.jp/datafile/seiseki/report/2017/2017-4kyoto2.pdf,official_daily_result_pdf
201708040206,2017,京都,4,2,6,2017-10-08,https://www.jra.go.jp/datafile/seiseki/report/2017/2017-4kyoto2.pdf,official_daily_result_pdf
201708040207,2017,京都,4,2,7,2017-10-08,https://www.jra.go.jp/datafile/seiseki/report/2017/2017-4kyoto2.pdf,official_daily_result_pdf
201708040208,2017,京都,4,2,8,2017-10-08,https://www.jra.go.jp/datafile/seiseki/report/2017/2017-4kyoto2.pdf,official_daily_result_pdf
201708040209,2017,京都,4,2,9,2017-10-08,https://www.jra.go.jp/datafile/seiseki/report/2017/2017-4kyoto2.pdf,official_daily_result_pdf
201708040210,2017,京都,4,2,10,2017-10-08,https://www.jra.go.jp/datafile/seiseki/report/2017/2017-4kyoto2.pdf,official_daily_result_pdf
201708040211,2017,京都,4,2,11,2017-10-08,https://www.jra.go.jp/datafile/seiseki/report/2017/2017-4kyoto2.pdf,official_daily_result_pdf
201708040212,2017,京都,4,2,12,2017-10-08,https://www.jra.go.jp/datafile/seiseki/report/2017/2017-4kyoto2.pdf,official_daily_result_pdf
201708040301,2017,京都,4,3,1,2017-10-09,https://www.jra.go.jp/datafile/seiseki/report/2017/2017-4kyoto3.pdf,official_daily_result_pdf
201708040302,2017,京都,4,3,2,2017-10-09,https://www.jra.go.jp/datafile/seiseki/report/2017/2017-4kyoto3.pdf,official_daily_result_pdf
201708040303,2017,京都,4,3,3,2017-10-09,https://www.jra.go.jp/datafile/seiseki/report/2017/2017-4kyoto3.pdf,official_daily_result_pdf
201708040304,2017,京都,4,3,4,2017-10-09,https://www.jra.go.jp/datafile/seiseki/report/2017/2017-4kyoto3.pdf,official_daily_result_pdf
201708040305,2017,京都,4,3,5,2017-10-09,https://www.jra.go.jp/datafile/seiseki/report/2017/2017-4kyoto3.pdf,official_daily_result_pdf
201708040306,2017,京都,4,3,6,2017-10-09,https://www.jra.go.jp/datafile/seiseki/report/2017/2017-4kyoto3.pdf,official_daily_result_pdf
201708040307,2017,京都,4,3,7,2017-10-09,https://www.jra.go.jp/datafile/seiseki/report/2017/2017-4kyoto3.pdf,official_daily_result_pdf
201708040308,2017,京都,4,3,8,2017-10-09,https://www.jra.go.jp/datafile/seiseki/report/2017/2017-4kyoto3.pdf,official_daily_result_pdf
201708040309,2017,京都,4,3,9,2017-10-09,https://www.jra.go.jp/datafile/seiseki/report/2017/2017-4kyoto3.pdf,official_daily_result_pdf
201708040310,2017,京都,4,3,10,2017-10-09,https://www.jra.go.jp/datafile/seiseki/report/2017/2017-4kyoto3.pdf,official_daily_result_pdf
201708040311,2017,京都,4,3,11,2017-10-09,https://www.jra.go.jp/datafile/seiseki/report/2017/2017-4kyoto3.pdf,official_daily_result_pdf
201708040312,2017,京都,4,3,12,2017-10-09,https://www.jra.go.jp/datafile/seiseki/report/2017/2017-4kyoto3.pdf,official_daily_result_pdf
201708040401,2017,京都,4,4,1,2017-10-14,https://www.jra.go.jp/datafile/seiseki/report/2017/2017-4kyoto4.pdf,official_daily_result_pdf
201708040402,2017,京都,4,4,2,2017-10-14,https://www.jra.go.jp/datafile/seiseki/report/2017/2017-4kyoto4.pdf,official_daily_result_pdf
201708040403,2017,京都,4,4,3,2017-10-14,https://www.jra.go.jp/datafile/seiseki/report/2017/2017-4kyoto4.pdf,official_daily_result_pdf
201708040404,2017,京都,4,4,4,2017-10-14,https://www.jra.go.jp/datafile/seiseki/report/2017/2017-4kyoto4.pdf,official_daily_result_pdf
201708040405,2017,京都,4,4,5,2017-10-14,https://www.jra.go.jp/datafile/seiseki/report/2017/2017-4kyoto4.pdf,official_daily_result_pdf
201708040406,2017,京都,4,4,6,2017-10-14,https://www.jra.go.jp/datafile/seiseki/report/2017/2017-4kyoto4.pdf,official_daily_result_pdf
201708040407,2017,京都,4,4,7,2017-10-14,https://www.jra.go.jp/datafile/seiseki/report/2017/2017-4kyoto4.pdf,official_daily_result_pdf
201708040408,2017,京都,4,4,8,2017-10-14,https://www.jra.go.jp/datafile/seiseki/report/2017/2017-4kyoto4.pdf,official_daily_result_pdf
201708040409,2017,京都,4,4,9,2017-10-14,https://www.jra.go.jp/datafile/seiseki/report/2017/2017-4kyoto4.pdf,official_daily_result_pdf
201708040410,2017,京都,4,4,10,2017-10-14,https://www.jra.go.jp/datafile/seiseki/report/2017/2017-4kyoto4.pdf,official_daily_result_pdf
201708040411,2017,京都,4,4,11,2017-10-14,https://www.jra.go.jp/datafile/seiseki/report/2017/2017-4kyoto4.pdf,official_daily_result_pdf
201708040412,2017,京都,4,4,12,2017-10-14,https://www.jra.go.jp/datafile/seiseki/report/2017/2017-4kyoto4.pdf,official_daily_result_pdf
201708040501,2017,京都,4,5,1,2017-10-15,https://www.jra.go.jp/datafile/seiseki/report/2017/2017-4kyoto5.pdf,official_daily_result_pdf
201708040502,2017,京都,4,5,2,2017-10-15,https://www.jra.go.jp/datafile/seiseki/report/2017/2017-4kyoto5.pdf,official_daily_result_pdf
201708040503,2017,京都,4,5,3,2017-10-15,https://www.jra.go.jp/datafile/seiseki/report/2017/2017-4kyoto5.pdf,official_daily_result_pdf
201708040504,2017,京都,4,5,4,2017-10-15,https://www.jra.go.jp/datafile/seiseki/report/2017/2017-4kyoto5.pdf,official_daily_result_pdf
201708040505,2017,京都,4,5,5,2017-10-15,https://www.jra.go.jp/datafile/seiseki/report/2017/2017-4kyoto5.pdf,official_daily_result_pdf
201708040506,2017,京都,4,5,6,2017-10-15,https://www.jra.go.jp/datafile/seiseki/report/2017/2017-4kyoto5.pdf,official_daily_result_pdf
201708040507,2017,京都,4,5,7,2017-10-15,https://www.jra.go.jp/datafile/seiseki/report/2017/2017-4kyoto5.pdf,official_daily_result_pdf
201708040508,2017,京都,4,5,8,2017-10-15,https://www.jra.go.jp/datafile/seiseki/report/2017/2017-4kyoto5.pdf,official_daily_result_pdf
201708040509,2017,京都,4,5,9,2017-10-15,https://www.jra.go.jp/datafile/seiseki/report/2017/2017-4kyoto5.pdf,official_daily_result_pdf
201708040510,2017,京都,4,5,10,2017-10-15,https://www.jra.go.jp/datafile/seiseki/report/2017/2017-4kyoto5.pdf,official_daily_result_pdf
201708040511,2017,京都,4,5,11,2017-10-15,https://www.jra.go.jp/datafile/seiseki/report/2017/2017-4kyoto5.pdf,official_daily_result_pdf
201708040512,2017,京都,4,5,12,2017-10-15,https://www.jra.go.jp/datafile/seiseki/report/2017/2017-4kyoto5.pdf,official_daily_result_pdf
201708040601,2017,京都,4,6,1,2017-10-21,https://www.jra.go.jp/datafile/seiseki/report/2017/2017-4kyoto6.pdf,official_daily_result_pdf
201708040602,2017,京都,4,6,2,2017-10-21,https://www.jra.go.jp/datafile/seiseki/report/2017/2017-4kyoto6.pdf,official_daily_result_pdf
201708040603,2017,京都,4,6,3,2017-10-21,https://www.jra.go.jp/datafile/seiseki/report/2017/2017-4kyoto6.pdf,official_daily_result_pdf
201708040604,2017,京都,4,6,4,2017-10-21,https://www.jra.go.jp/datafile/seiseki/report/2017/2017-4kyoto6.pdf,official_daily_result_pdf
201708040605,2017,京都,4,6,5,2017-10-21,https://www.jra.go.jp/datafile/seiseki/report/2017/2017-4kyoto6.pdf,official_daily_result_pdf
201708040606,2017,京都,4,6,6,2017-10-21,https://www.jra.go.jp/datafile/seiseki/report/2017/2017-4kyoto6.pdf,official_daily_result_pdf
201708040607,2017,京都,4,6,7,2017-10-21,https://www.jra.go.jp/datafile/seiseki/report/2017/2017-4kyoto6.pdf,official_daily_result_pdf
201708040608,2017,京都,4,6,8,2017-10-21,https://www.jra.go.jp/datafile/seiseki/report/2017/2017-4kyoto6.pdf,official_daily_result_pdf
201708040609,2017,京都,4,6,9,2017-10-21,https://www.jra.go.jp/datafile/seiseki/report/2017/2017-4kyoto6.pdf,official_daily_result_pdf
201708040610,2017,京都,4,6,10,2017-10-21,https://www.jra.go.jp/datafile/seiseki/report/2017/2017-4kyoto6.pdf,official_daily_result_pdf
201708040611,2017,京都,4,6,11,2017-10-21,https://www.jra.go.jp/datafile/seiseki/report/2017/2017-4kyoto6.pdf,official_daily_result_pdf
201708040612,2017,京都,4,6,12,2017-10-21,https://www.jra.go.jp/datafile/seiseki/report/2017/2017-4kyoto6.pdf,official_daily_result_pdf
201708040701,2017,京都,4,7,1,2017-10-22,https://www.jra.go.jp/datafile/seiseki/report/2017/2017-4kyoto7.pdf,official_daily_result_pdf
201708040702,2017,京都,4,7,2,2017-10-22,https://www.jra.go.jp/datafile/seiseki/report/2017/2017-4kyoto7.pdf,official_daily_result_pdf
201708040703,2017,京都,4,7,3,2017-10-22,https://www.jra.go.jp/datafile/seiseki/report/2017/2017-4kyoto7.pdf,official_daily_result_pdf
201708040704,2017,京都,4,7,4,2017-10-22,https://www.jra.go.jp/datafile/seiseki/report/2017/2017-4kyoto7.pdf,official_daily_result_pdf
201708040705,2017,京都,4,7,5,2017-10-22,https://www.jra.go.jp/datafile/seiseki/report/2017/2017-4kyoto7.pdf,official_daily_result_pdf
201708040706,2017,京都,4,7,6,2017-10-22,https://www.jra.go.jp/datafile/seiseki/report/2017/2017-4kyoto7.pdf,official_daily_result_pdf
201708040707,2017,京都,4,7,7,2017-10-22,https://www.jra.go.jp/datafile/seiseki/report/2017/2017-4kyoto7.pdf,official_daily_result_pdf
201708040708,2017,京都,4,7,8,2017-10-22,https://www.jra.go.jp/datafile/seiseki/report/2017/2017-4kyoto7.pdf,official_daily_result_pdf
201708040709,2017,京都,4,7,9,2017-10-22,https://www.jra.go.jp/datafile/seiseki/report/2017/2017-4kyoto7.pdf,official_daily_result_pdf
201708040710,2017,京都,4,7,10,2017-10-22,https://www.jra.go.jp/datafile/seiseki/report/2017/2017-4kyoto7.pdf,official_daily_result_pdf
201708040711,2017,京都,4,7,11,2017-10-22,https://www.jra.go.jp/datafile/seiseki/report/2017/2017-4kyoto7.pdf,official_daily_result_pdf
201708040712,2017,京都,4,7,12,2017-10-22,https://www.jra.go.jp/datafile/seiseki/report/2017/2017-4kyoto7.pdf,official_daily_result_pdf
201708040801,2017,京都,4,8,1,2017-10-28,https://www.jra.go.jp/datafile/seiseki/report/2017/2017-4kyoto8.pdf,official_daily_result_pdf
201708040802,2017,京都,4,8,2,2017-10-28,https://www.jra.go.jp/datafile/seiseki/report/2017/2017-4kyoto8.pdf,official_daily_result_pdf
201708040803,2017,京都,4,8,3,2017-10-28,https://www.jra.go.jp/datafile/seiseki/report/2017/2017-4kyoto8.pdf,official_daily_result_pdf
201708040804,2017,京都,4,8,4,2017-10-28,https://www.jra.go.jp/datafile/seiseki/report/2017/2017-4kyoto8.pdf,official_daily_result_pdf
201708040805,2017,京都,4,8,5,2017-10-28,https://www.jra.go.jp/datafile/seiseki/report/2017/2017-4kyoto8.pdf,official_daily_result_pdf
201708040806,2017,京都,4,8,6,2017-10-28,https://www.jra.go.jp/datafile/seiseki/report/2017/2017-4kyoto8.pdf,official_daily_result_pdf
201708040807,2017,京都,4,8,7,2017-10-28,https://www.jra.go.jp/datafile/seiseki/report/2017/2017-4kyoto8.pdf,official_daily_result_pdf
201708040808,2017,京都,4,8,8,2017-10-28,https://www.jra.go.jp/datafile/seiseki/report/2017/2017-4kyoto8.pdf,official_daily_result_pdf
201708040809,2017,京都,4,8,9,2017-10-28,https://www.jra.go.jp/datafile/seiseki/report/2017/2017-4kyoto8.pdf,official_daily_result_pdf
201708040810,2017,京都,4,8,10,2017-10-28,https://www.jra.go.jp/datafile/seiseki/report/2017/2017-4kyoto8.pdf,official_daily_result_pdf
201708040811,2017,京都,4,8,11,2017-10-28,https://www.jra.go.jp/datafile/seiseki/report/2017/2017-4kyoto8.pdf,official_daily_result_pdf
201708040812,2017,京都,4,8,12,2017-10-28,https://www.jra.go.jp/datafile/seiseki/report/2017/2017-4kyoto8.pdf,official_daily_result_pdf
201708040901,2017,京都,4,9,1,2017-10-29,https://www.jra.go.jp/datafile/seiseki/report/2017/2017-4kyoto9.pdf,official_daily_result_pdf
201708040902,2017,京都,4,9,2,2017-10-29,https://www.jra.go.jp/datafile/seiseki/report/2017/2017-4kyoto9.pdf,official_daily_result_pdf
201708040903,2017,京都,4,9,3,2017-10-29,https://www.jra.go.jp/datafile/seiseki/report/2017/2017-4kyoto9.pdf,official_daily_result_pdf
201708040904,2017,京都,4,9,4,2017-10-29,https://www.jra.go.jp/datafile/seiseki/report/2017/2017-4kyoto9.pdf,official_daily_result_pdf
201708040905,2017,京都,4,9,5,2017-10-29,https://www.jra.go.jp/datafile/seiseki/report/2017/2017-4kyoto9.pdf,official_daily_result_pdf
201708040906,2017,京都,4,9,6,2017-10-29,https://www.jra.go.jp/datafile/seiseki/report/2017/2017-4kyoto9.pdf,official_daily_result_pdf
201708040907,2017,京都,4,9,7,2017-10-29,https://www.jra.go.jp/datafile/seiseki/report/2017/2017-4kyoto9.pdf,official_daily_result_pdf
201708040908,2017,京都,4,9,8,2017-10-29,https://www.jra.go.jp/datafile/seiseki/report/2017/2017-4kyoto9.pdf,official_daily_result_pdf
201708040909,2017,京都,4,9,9,2017-10-29,https://www.jra.go.jp/datafile/seiseki/report/2017/2017-4kyoto9.pdf,official_daily_result_pdf
201708040910,2017,京都,4,9,10,2017-10-29,https://www.jra.go.jp/datafile/seiseki/report/2017/2017-4kyoto9.pdf,official_daily_result_pdf
201708040911,2017,京都,4,9,11,2017-10-29,https://www.jra.go.jp/datafile/seiseki/report/2017/2017-4kyoto9.pdf,official_daily_result_pdf
201708040912,2017,京都,4,9,12,2017-10-29,https://www.jra.go.jp/datafile/seiseki/report/2017/2017-4kyoto9.pdf,official_daily_result_pdf
201708050101,2017,京都,5,1,1,2017-11-03,https://www.jra.go.jp/datafile/seiseki/report/2017/2017-5kyoto1.pdf,official_daily_result_pdf
201708050102,2017,京都,5,1,2,2017-11-03,https://www.jra.go.jp/datafile/seiseki/report/2017/2017-5kyoto1.pdf,official_daily_result_pdf
201708050103,2017,京都,5,1,3,2017-11-03,https://www.jra.go.jp/datafile/seiseki/report/2017/2017-5kyoto1.pdf,official_daily_result_pdf
201708050104,2017,京都,5,1,4,2017-11-03,https://www.jra.go.jp/datafile/seiseki/report/2017/2017-5kyoto1.pdf,official_daily_result_pdf
201708050105,2017,京都,5,1,5,2017-11-03,https://www.jra.go.jp/datafile/seiseki/report/2017/2017-5kyoto1.pdf,official_daily_result_pdf
201708050106,2017,京都,5,1,6,2017-11-03,https://www.jra.go.jp/datafile/seiseki/report/2017/2017-5kyoto1.pdf,official_daily_result_pdf
201708050107,2017,京都,5,1,7,2017-11-03,https://www.jra.go.jp/datafile/seiseki/report/2017/2017-5kyoto1.pdf,official_daily_result_pdf
201708050108,2017,京都,5,1,8,2017-11-03,https://www.jra.go.jp/datafile/seiseki/report/2017/2017-5kyoto1.pdf,official_daily_result_pdf
201708050109,2017,京都,5,1,9,2017-11-03,https://www.jra.go.jp/datafile/seiseki/report/2017/2017-5kyoto1.pdf,official_daily_result_pdf
201708050110,2017,京都,5,1,10,2017-11-03,https://www.jra.go.jp/datafile/seiseki/report/2017/2017-5kyoto1.pdf,official_daily_result_pdf
201708050111,2017,京都,5,1,11,2017-11-03,https://www.jra.go.jp/datafile/seiseki/report/2017/2017-5kyoto1.pdf,official_daily_result_pdf
201708050112,2017,京都,5,1,12,2017-11-03,https://www.jra.go.jp/datafile/seiseki/report/2017/2017-5kyoto1.pdf,official_daily_result_pdf
201708050201,2017,京都,5,2,1,2017-11-05,https://www.jra.go.jp/datafile/seiseki/report/2017/2017-5kyoto2.pdf,official_daily_result_pdf
201708050202,2017,京都,5,2,2,2017-11-05,https://www.jra.go.jp/datafile/seiseki/report/2017/2017-5kyoto2.pdf,official_daily_result_pdf
201708050203,2017,京都,5,2,3,2017-11-05,https://www.jra.go.jp/datafile/seiseki/report/2017/2017-5kyoto2.pdf,official_daily_result_pdf
201708050204,2017,京都,5,2,4,2017-11-05,https://www.jra.go.jp/datafile/seiseki/report/2017/2017-5kyoto2.pdf,official_daily_result_pdf
201708050205,2017,京都,5,2,5,2017-11-05,https://www.jra.go.jp/datafile/seiseki/report/2017/2017-5kyoto2.pdf,official_daily_result_pdf
201708050206,2017,京都,5,2,6,2017-11-05,https://www.jra.go.jp/datafile/seiseki/report/2017/2017-5kyoto2.pdf,official_daily_result_pdf
201708050207,2017,京都,5,2,7,2017-11-05,https://www.jra.go.jp/datafile/seiseki/report/2017/2017-5kyoto2.pdf,official_daily_result_pdf
201708050208,2017,京都,5,2,8,2017-11-05,https://www.jra.go.jp/datafile/seiseki/report/2017/2017-5kyoto2.pdf,official_daily_result_pdf
201708050209,2017,京都,5,2,9,2017-11-05,https://www.jra.go.jp/datafile/seiseki/report/2017/2017-5kyoto2.pdf,official_daily_result_pdf
201708050210,2017,京都,5,2,10,2017-11-05,https://www.jra.go.jp/datafile/seiseki/report/2017/2017-5kyoto2.pdf,official_daily_result_pdf
201708050211,2017,京都,5,2,11,2017-11-05,https://www.jra.go.jp/datafile/seiseki/report/2017/2017-5kyoto2.pdf,official_daily_result_pdf
201708050212,2017,京都,5,2,12,2017-11-05,https://www.jra.go.jp/datafile/seiseki/report/2017/2017-5kyoto2.pdf,official_daily_result_pdf
201708050301,2017,京都,5,3,1,2017-11-11,https://www.jra.go.jp/datafile/seiseki/report/2017/2017-5kyoto3.pdf,official_daily_result_pdf
201708050302,2017,京都,5,3,2,2017-11-11,https://www.jra.go.jp/datafile/seiseki/report/2017/2017-5kyoto3.pdf,official_daily_result_pdf
201708050303,2017,京都,5,3,3,2017-11-11,https://www.jra.go.jp/datafile/seiseki/report/2017/2017-5kyoto3.pdf,official_daily_result_pdf
201708050304,2017,京都,5,3,4,2017-11-11,https://www.jra.go.jp/datafile/seiseki/report/2017/2017-5kyoto3.pdf,official_daily_result_pdf
201708050305,2017,京都,5,3,5,2017-11-11,https://www.jra.go.jp/datafile/seiseki/report/2017/2017-5kyoto3.pdf,official_daily_result_pdf
201708050306,2017,京都,5,3,6,2017-11-11,https://www.jra.go.jp/datafile/seiseki/report/2017/2017-5kyoto3.pdf,official_daily_result_pdf
201708050307,2017,京都,5,3,7,2017-11-11,https://www.jra.go.jp/datafile/seiseki/report/2017/2017-5kyoto3.pdf,official_daily_result_pdf
201708050308,2017,京都,5,3,8,2017-11-11,https://www.jra.go.jp/datafile/seiseki/report/2017/2017-5kyoto3.pdf,official_daily_result_pdf
201708050309,2017,京都,5,3,9,2017-11-11,https://www.jra.go.jp/datafile/seiseki/report/2017/2017-5kyoto3.pdf,official_daily_result_pdf
201708050310,2017,京都,5,3,10,2017-11-11,https://www.jra.go.jp/datafile/seiseki/report/2017/2017-5kyoto3.pdf,official_daily_result_pdf
201708050311,2017,京都,5,3,11,2017-11-11,https://www.jra.go.jp/datafile/seiseki/report/2017/2017-5kyoto3.pdf,official_daily_result_pdf
201708050312,2017,京都,5,3,12,2017-11-11,https://www.jra.go.jp/datafile/seiseki/report/2017/2017-5kyoto3.pdf,official_daily_result_pdf
201708050401,2017,京都,5,4,1,2017-11-12,https://www.jra.go.jp/datafile/seiseki/report/2017/2017-5kyoto4.pdf,official_daily_result_pdf
201708050402,2017,京都,5,4,2,2017-11-12,https://www.jra.go.jp/datafile/seiseki/report/2017/2017-5kyoto4.pdf,official_daily_result_pdf
201708050403,2017,京都,5,4,3,2017-11-12,https://www.jra.go.jp/datafile/seiseki/report/2017/2017-5kyoto4.pdf,official_daily_result_pdf
201708050404,2017,京都,5,4,4,2017-11-12,https://www.jra.go.jp/datafile/seiseki/report/2017/2017-5kyoto4.pdf,official_daily_result_pdf
201708050405,2017,京都,5,4,5,2017-11-12,https://www.jra.go.jp/datafile/seiseki/report/2017/2017-5kyoto4.pdf,official_daily_result_pdf
201708050406,2017,京都,5,4,6,2017-11-12,https://www.jra.go.jp/datafile/seiseki/report/2017/2017-5kyoto4.pdf,official_daily_result_pdf
201708050407,2017,京都,5,4,7,2017-11-12,https://www.jra.go.jp/datafile/seiseki/report/2017/2017-5kyoto4.pdf,official_daily_result_pdf
201708050408,2017,京都,5,4,8,2017-11-12,https://www.jra.go.jp/datafile/seiseki/report/2017/2017-5kyoto4.pdf,official_daily_result_pdf
201708050409,2017,京都,5,4,9,2017-11-12,https://www.jra.go.jp/datafile/seiseki/report/2017/2017-5kyoto4.pdf,official_daily_result_pdf
201708050410,2017,京都,5,4,10,2017-11-12,https://www.jra.go.jp/datafile/seiseki/report/2017/2017-5kyoto4.pdf,official_daily_result_pdf
201708050411,2017,京都,5,4,11,2017-11-12,https://www.jra.go.jp/datafile/seiseki/report/2017/2017-5kyoto4.pdf,official_daily_result_pdf
201708050412,2017,京都,5,4,12,2017-11-12,https://www.jra.go.jp/datafile/seiseki/report/2017/2017-5kyoto4.pdf,official_daily_result_pdf
201708050501,2017,京都,5,5,1,2017-11-18,https://www.jra.go.jp/datafile/seiseki/report/2017/2017-5kyoto5.pdf,official_daily_result_pdf
201708050502,2017,京都,5,5,2,2017-11-18,https://www.jra.go.jp/datafile/seiseki/report/2017/2017-5kyoto5.pdf,official_daily_result_pdf
201708050503,2017,京都,5,5,3,2017-11-18,https://www.jra.go.jp/datafile/seiseki/report/2017/2017-5kyoto5.pdf,official_daily_result_pdf
201708050504,2017,京都,5,5,4,2017-11-18,https://www.jra.go.jp/datafile/seiseki/report/2017/2017-5kyoto5.pdf,official_daily_result_pdf
201708050505,2017,京都,5,5,5,2017-11-18,https://www.jra.go.jp/datafile/seiseki/report/2017/2017-5kyoto5.pdf,official_daily_result_pdf
201708050506,2017,京都,5,5,6,2017-11-18,https://www.jra.go.jp/datafile/seiseki/report/2017/2017-5kyoto5.pdf,official_daily_result_pdf
201708050507,2017,京都,5,5,7,2017-11-18,https://www.jra.go.jp/datafile/seiseki/report/2017/2017-5kyoto5.pdf,official_daily_result_pdf
201708050508,2017,京都,5,5,8,2017-11-18,https://www.jra.go.jp/datafile/seiseki/report/2017/2017-5kyoto5.pdf,official_daily_result_pdf
201708050509,2017,京都,5,5,9,2017-11-18,https://www.jra.go.jp/datafile/seiseki/report/2017/2017-5kyoto5.pdf,official_daily_result_pdf
201708050510,2017,京都,5,5,10,2017-11-18,https://www.jra.go.jp/datafile/seiseki/report/2017/2017-5kyoto5.pdf,official_daily_result_pdf
201708050511,2017,京都,5,5,11,2017-11-18,https://www.jra.go.jp/datafile/seiseki/report/2017/2017-5kyoto5.pdf,official_daily_result_pdf
201708050512,2017,京都,5,5,12,2017-11-18,https://www.jra.go.jp/datafile/seiseki/report/2017/2017-5kyoto5.pdf,official_daily_result_pdf
201708050601,2017,京都,5,6,1,2017-11-19,https://www.jra.go.jp/datafile/seiseki/report/2017/2017-5kyoto6.pdf,official_daily_result_pdf
201708050602,2017,京都,5,6,2,2017-11-19,https://www.jra.go.jp/datafile/seiseki/report/2017/2017-5kyoto6.pdf,official_daily_result_pdf
201708050603,2017,京都,5,6,3,2017-11-19,https://www.jra.go.jp/datafile/seiseki/report/2017/2017-5kyoto6.pdf,official_daily_result_pdf
201708050604,2017,京都,5,6,4,2017-11-19,https://www.jra.go.jp/datafile/seiseki/report/2017/2017-5kyoto6.pdf,official_daily_result_pdf
201708050605,2017,京都,5,6,5,2017-11-19,https://www.jra.go.jp/datafile/seiseki/report/2017/2017-5kyoto6.pdf,official_daily_result_pdf
201708050606,2017,京都,5,6,6,2017-11-19,https://www.jra.go.jp/datafile/seiseki/report/2017/2017-5kyoto6.pdf,official_daily_result_pdf
201708050607,2017,京都,5,6,7,2017-11-19,https://www.jra.go.jp/datafile/seiseki/report/2017/2017-5kyoto6.pdf,official_daily_result_pdf
201708050608,2017,京都,5,6,8,2017-11-19,https://www.jra.go.jp/datafile/seiseki/report/2017/2017-5kyoto6.pdf,official_daily_result_pdf
201708050609,2017,京都,5,6,9,2017-11-19,https://www.jra.go.jp/datafile/seiseki/report/2017/2017-5kyoto6.pdf,official_daily_result_pdf
201708050610,2017,京都,5,6,10,2017-11-19,https://www.jra.go.jp/datafile/seiseki/report/2017/2017-5kyoto6.pdf,official_daily_result_pdf
201708050611,2017,京都,5,6,11,2017-11-19,https://www.jra.go.jp/datafile/seiseki/report/2017/2017-5kyoto6.pdf,official_daily_result_pdf
201708050612,2017,京都,5,6,12,2017-11-19,https://www.jra.go.jp/datafile/seiseki/report/2017/2017-5kyoto6.pdf,official_daily_result_pdf
201708050701,2017,京都,5,7,1,2017-11-25,https://www.jra.go.jp/datafile/seiseki/report/2017/2017-5kyoto7.pdf,official_daily_result_pdf
201708050702,2017,京都,5,7,2,2017-11-25,https://www.jra.go.jp/datafile/seiseki/report/2017/2017-5kyoto7.pdf,official_daily_result_pdf
201708050703,2017,京都,5,7,3,2017-11-25,https://www.jra.go.jp/datafile/seiseki/report/2017/2017-5kyoto7.pdf,official_daily_result_pdf
201708050704,2017,京都,5,7,4,2017-11-25,https://www.jra.go.jp/datafile/seiseki/report/2017/2017-5kyoto7.pdf,official_daily_result_pdf
201708050705,2017,京都,5,7,5,2017-11-25,https://www.jra.go.jp/datafile/seiseki/report/2017/2017-5kyoto7.pdf,official_daily_result_pdf
201708050706,2017,京都,5,7,6,2017-11-25,https://www.jra.go.jp/datafile/seiseki/report/2017/2017-5kyoto7.pdf,official_daily_result_pdf
201708050707,2017,京都,5,7,7,2017-11-25,https://www.jra.go.jp/datafile/seiseki/report/2017/2017-5kyoto7.pdf,official_daily_result_pdf
201708050708,2017,京都,5,7,8,2017-11-25,https://www.jra.go.jp/datafile/seiseki/report/2017/2017-5kyoto7.pdf,official_daily_result_pdf
201708050709,2017,京都,5,7,9,2017-11-25,https://www.jra.go.jp/datafile/seiseki/report/2017/2017-5kyoto7.pdf,official_daily_result_pdf
201708050710,2017,京都,5,7,10,2017-11-25,https://www.jra.go.jp/datafile/seiseki/report/2017/2017-5kyoto7.pdf,official_daily_result_pdf
201708050711,2017,京都,5,7,11,2017-11-25,https://www.jra.go.jp/datafile/seiseki/report/2017/2017-5kyoto7.pdf,official_daily_result_pdf
201708050712,2017,京都,5,7,12,2017-11-25,https://www.jra.go.jp/datafile/seiseki/report/2017/2017-5kyoto7.pdf,official_daily_result_pdf
201708050801,2017,京都,5,8,1,2017-11-26,https://www.jra.go.jp/datafile/seiseki/report/2017/2017-5kyoto8.pdf,official_daily_result_pdf
201708050802,2017,京都,5,8,2,2017-11-26,https://www.jra.go.jp/datafile/seiseki/report/2017/2017-5kyoto8.pdf,official_daily_result_pdf
201708050803,2017,京都,5,8,3,2017-11-26,https://www.jra.go.jp/datafile/seiseki/report/2017/2017-5kyoto8.pdf,official_daily_result_pdf
201708050804,2017,京都,5,8,4,2017-11-26,https://www.jra.go.jp/datafile/seiseki/report/2017/2017-5kyoto8.pdf,official_daily_result_pdf
201708050805,2017,京都,5,8,5,2017-11-26,https://www.jra.go.jp/datafile/seiseki/report/2017/2017-5kyoto8.pdf,official_daily_result_pdf
201708050806,2017,京都,5,8,6,2017-11-26,https://www.jra.go.jp/datafile/seiseki/report/2017/2017-5kyoto8.pdf,official_daily_result_pdf
201708050807,2017,京都,5,8,7,2017-11-26,https://www.jra.go.jp/datafile/seiseki/report/2017/2017-5kyoto8.pdf,official_daily_result_pdf
201708050808,2017,京都,5,8,8,2017-11-26,https://www.jra.go.jp/datafile/seiseki/report/2017/2017-5kyoto8.pdf,official_daily_result_pdf
201708050809,2017,京都,5,8,9,2017-11-26,https://www.jra.go.jp/datafile/seiseki/report/2017/2017-5kyoto8.pdf,official_daily_result_pdf
201708050810,2017,京都,5,8,10,2017-11-26,https://www.jra.go.jp/datafile/seiseki/report/2017/2017-5kyoto8.pdf,official_daily_result_pdf
201708050811,2017,京都,5,8,11,2017-11-26,https://www.jra.go.jp/datafile/seiseki/report/2017/2017-5kyoto8.pdf,official_daily_result_pdf
201708050812,2017,京都,5,8,12,2017-11-26,https://www.jra.go.jp/datafile/seiseki/report/2017/2017-5kyoto8.pdf,official_daily_result_pdf
201709010101,2017,阪神,1,1,1,2017-02-25,https://www.jra.go.jp/datafile/seiseki/report/2017/2017-1hanshin1.pdf,official_daily_result_pdf
201709010102,2017,阪神,1,1,2,2017-02-25,https://www.jra.go.jp/datafile/seiseki/report/2017/2017-1hanshin1.pdf,official_daily_result_pdf
201709010103,2017,阪神,1,1,3,2017-02-25,https://www.jra.go.jp/datafile/seiseki/report/2017/2017-1hanshin1.pdf,official_daily_result_pdf
201709010104,2017,阪神,1,1,4,2017-02-25,https://www.jra.go.jp/datafile/seiseki/report/2017/2017-1hanshin1.pdf,official_daily_result_pdf
201709010105,2017,阪神,1,1,5,2017-02-25,https://www.jra.go.jp/datafile/seiseki/report/2017/2017-1hanshin1.pdf,official_daily_result_pdf
201709010106,2017,阪神,1,1,6,2017-02-25,https://www.jra.go.jp/datafile/seiseki/report/2017/2017-1hanshin1.pdf,official_daily_result_pdf
201709010107,2017,阪神,1,1,7,2017-02-25,https://www.jra.go.jp/datafile/seiseki/report/2017/2017-1hanshin1.pdf,official_daily_result_pdf
201709010108,2017,阪神,1,1,8,2017-02-25,https://www.jra.go.jp/datafile/seiseki/report/2017/2017-1hanshin1.pdf,official_daily_result_pdf
201709010109,2017,阪神,1,1,9,2017-02-25,https://www.jra.go.jp/datafile/seiseki/report/2017/2017-1hanshin1.pdf,official_daily_result_pdf
201709010110,2017,阪神,1,1,10,2017-02-25,https://www.jra.go.jp/datafile/seiseki/report/2017/2017-1hanshin1.pdf,official_daily_result_pdf
201709010111,2017,阪神,1,1,11,2017-02-25,https://www.jra.go.jp/datafile/seiseki/report/2017/2017-1hanshin1.pdf,official_daily_result_pdf
201709010112,2017,阪神,1,1,12,2017-02-25,https://www.jra.go.jp/datafile/seiseki/report/2017/2017-1hanshin1.pdf,official_daily_result_pdf
201709010201,2017,阪神,1,2,1,2017-02-26,https://www.jra.go.jp/datafile/seiseki/report/2017/2017-1hanshin2.pdf,official_daily_result_pdf
201709010202,2017,阪神,1,2,2,2017-02-26,https://www.jra.go.jp/datafile/seiseki/report/2017/2017-1hanshin2.pdf,official_daily_result_pdf
201709010203,2017,阪神,1,2,3,2017-02-26,https://www.jra.go.jp/datafile/seiseki/report/2017/2017-1hanshin2.pdf,official_daily_result_pdf
201709010204,2017,阪神,1,2,4,2017-02-26,https://www.jra.go.jp/datafile/seiseki/report/2017/2017-1hanshin2.pdf,official_daily_result_pdf
201709010205,2017,阪神,1,2,5,2017-02-26,https://www.jra.go.jp/datafile/seiseki/report/2017/2017-1hanshin2.pdf,official_daily_result_pdf
201709010206,2017,阪神,1,2,6,2017-02-26,https://www.jra.go.jp/datafile/seiseki/report/2017/2017-1hanshin2.pdf,official_daily_result_pdf
201709010207,2017,阪神,1,2,7,2017-02-26,https://www.jra.go.jp/datafile/seiseki/report/2017/2017-1hanshin2.pdf,official_daily_result_pdf
201709010208,2017,阪神,1,2,8,2017-02-26,https://www.jra.go.jp/datafile/seiseki/report/2017/2017-1hanshin2.pdf,official_daily_result_pdf
201709010209,2017,阪神,1,2,9,2017-02-26,https://www.jra.go.jp/datafile/seiseki/report/2017/2017-1hanshin2.pdf,official_daily_result_pdf
201709010210,2017,阪神,1,2,10,2017-02-26,https://www.jra.go.jp/datafile/seiseki/report/2017/2017-1hanshin2.pdf,official_daily_result_pdf
201709010211,2017,阪神,1,2,11,2017-02-26,https://www.jra.go.jp/datafile/seiseki/report/2017/2017-1hanshin2.pdf,official_daily_result_pdf
201709010212,2017,阪神,1,2,12,2017-02-26,https://www.jra.go.jp/datafile/seiseki/report/2017/2017-1hanshin2.pdf,official_daily_result_pdf
201709010301,2017,阪神,1,3,1,2017-03-04,https://www.jra.go.jp/datafile/seiseki/report/2017/2017-1hanshin3.pdf,official_daily_result_pdf
201709010302,2017,阪神,1,3,2,2017-03-04,https://www.jra.go.jp/datafile/seiseki/report/2017/2017-1hanshin3.pdf,official_daily_result_pdf
201709010303,2017,阪神,1,3,3,2017-03-04,https://www.jra.go.jp/datafile/seiseki/report/2017/2017-1hanshin3.pdf,official_daily_result_pdf
201709010304,2017,阪神,1,3,4,2017-03-04,https://www.jra.go.jp/datafile/seiseki/report/2017/2017-1hanshin3.pdf,official_daily_result_pdf
201709010305,2017,阪神,1,3,5,2017-03-04,https://www.jra.go.jp/datafile/seiseki/report/2017/2017-1hanshin3.pdf,official_daily_result_pdf
201709010306,2017,阪神,1,3,6,2017-03-04,https://www.jra.go.jp/datafile/seiseki/report/2017/2017-1hanshin3.pdf,official_daily_result_pdf
201709010307,2017,阪神,1,3,7,2017-03-04,https://www.jra.go.jp/datafile/seiseki/report/2017/2017-1hanshin3.pdf,official_daily_result_pdf
201709010308,2017,阪神,1,3,8,2017-03-04,https://www.jra.go.jp/datafile/seiseki/report/2017/2017-1hanshin3.pdf,official_daily_result_pdf
201709010309,2017,阪神,1,3,9,2017-03-04,https://www.jra.go.jp/datafile/seiseki/report/2017/2017-1hanshin3.pdf,official_daily_result_pdf
201709010310,2017,阪神,1,3,10,2017-03-04,https://www.jra.go.jp/datafile/seiseki/report/2017/2017-1hanshin3.pdf,official_daily_result_pdf
201709010311,2017,阪神,1,3,11,2017-03-04,https://www.jra.go.jp/datafile/seiseki/report/2017/2017-1hanshin3.pdf,official_daily_result_pdf
201709010312,2017,阪神,1,3,12,2017-03-04,https://www.jra.go.jp/datafile/seiseki/report/2017/2017-1hanshin3.pdf,official_daily_result_pdf
201709010401,2017,阪神,1,4,1,2017-03-05,https://www.jra.go.jp/datafile/seiseki/report/2017/2017-1hanshin4.pdf,official_daily_result_pdf
201709010402,2017,阪神,1,4,2,2017-03-05,https://www.jra.go.jp/datafile/seiseki/report/2017/2017-1hanshin4.pdf,official_daily_result_pdf
201709010403,2017,阪神,1,4,3,2017-03-05,https://www.jra.go.jp/datafile/seiseki/report/2017/2017-1hanshin4.pdf,official_daily_result_pdf
201709010404,2017,阪神,1,4,4,2017-03-05,https://www.jra.go.jp/datafile/seiseki/report/2017/2017-1hanshin4.pdf,official_daily_result_pdf
201709010405,2017,阪神,1,4,5,2017-03-05,https://www.jra.go.jp/datafile/seiseki/report/2017/2017-1hanshin4.pdf,official_daily_result_pdf
201709010406,2017,阪神,1,4,6,2017-03-05,https://www.jra.go.jp/datafile/seiseki/report/2017/2017-1hanshin4.pdf,official_daily_result_pdf
201709010407,2017,阪神,1,4,7,2017-03-05,https://www.jra.go.jp/datafile/seiseki/report/2017/2017-1hanshin4.pdf,official_daily_result_pdf
201709010408,2017,阪神,1,4,8,2017-03-05,https://www.jra.go.jp/datafile/seiseki/report/2017/2017-1hanshin4.pdf,official_daily_result_pdf
201709010409,2017,阪神,1,4,9,2017-03-05,https://www.jra.go.jp/datafile/seiseki/report/2017/2017-1hanshin4.pdf,official_daily_result_pdf
201709010410,2017,阪神,1,4,10,2017-03-05,https://www.jra.go.jp/datafile/seiseki/report/2017/2017-1hanshin4.pdf,official_daily_result_pdf
201709010411,2017,阪神,1,4,11,2017-03-05,https://www.jra.go.jp/datafile/seiseki/report/2017/2017-1hanshin4.pdf,official_daily_result_pdf
201709010412,2017,阪神,1,4,12,2017-03-05,https://www.jra.go.jp/datafile/seiseki/report/2017/2017-1hanshin4.pdf,official_daily_result_pdf
201709010501,2017,阪神,1,5,1,2017-03-11,https://www.jra.go.jp/datafile/seiseki/report/2017/2017-1hanshin5.pdf,official_daily_result_pdf
201709010502,2017,阪神,1,5,2,2017-03-11,https://www.jra.go.jp/datafile/seiseki/report/2017/2017-1hanshin5.pdf,official_daily_result_pdf
201709010503,2017,阪神,1,5,3,2017-03-11,https://www.jra.go.jp/datafile/seiseki/report/2017/2017-1hanshin5.pdf,official_daily_result_pdf
201709010504,2017,阪神,1,5,4,2017-03-11,https://www.jra.go.jp/datafile/seiseki/report/2017/2017-1hanshin5.pdf,official_daily_result_pdf
201709010505,2017,阪神,1,5,5,2017-03-11,https://www.jra.go.jp/datafile/seiseki/report/2017/2017-1hanshin5.pdf,official_daily_result_pdf
201709010506,2017,阪神,1,5,6,2017-03-11,https://www.jra.go.jp/datafile/seiseki/report/2017/2017-1hanshin5.pdf,official_daily_result_pdf
201709010507,2017,阪神,1,5,7,2017-03-11,https://www.jra.go.jp/datafile/seiseki/report/2017/2017-1hanshin5.pdf,official_daily_result_pdf
201709010508,2017,阪神,1,5,8,2017-03-11,https://www.jra.go.jp/datafile/seiseki/report/2017/2017-1hanshin5.pdf,official_daily_result_pdf
201709010509,2017,阪神,1,5,9,2017-03-11,https://www.jra.go.jp/datafile/seiseki/report/2017/2017-1hanshin5.pdf,official_daily_result_pdf
201709010510,2017,阪神,1,5,10,2017-03-11,https://www.jra.go.jp/datafile/seiseki/report/2017/2017-1hanshin5.pdf,official_daily_result_pdf
201709010511,2017,阪神,1,5,11,2017-03-11,https://www.jra.go.jp/datafile/seiseki/report/2017/2017-1hanshin5.pdf,official_daily_result_pdf
201709010512,2017,阪神,1,5,12,2017-03-11,https://www.jra.go.jp/datafile/seiseki/report/2017/2017-1hanshin5.pdf,official_daily_result_pdf
201709010601,2017,阪神,1,6,1,2017-03-12,https://www.jra.go.jp/datafile/seiseki/report/2017/2017-1hanshin6.pdf,official_daily_result_pdf
201709010602,2017,阪神,1,6,2,2017-03-12,https://www.jra.go.jp/datafile/seiseki/report/2017/2017-1hanshin6.pdf,official_daily_result_pdf
201709010603,2017,阪神,1,6,3,2017-03-12,https://www.jra.go.jp/datafile/seiseki/report/2017/2017-1hanshin6.pdf,official_daily_result_pdf
201709010604,2017,阪神,1,6,4,2017-03-12,https://www.jra.go.jp/datafile/seiseki/report/2017/2017-1hanshin6.pdf,official_daily_result_pdf
201709010605,2017,阪神,1,6,5,2017-03-12,https://www.jra.go.jp/datafile/seiseki/report/2017/2017-1hanshin6.pdf,official_daily_result_pdf
201709010606,2017,阪神,1,6,6,2017-03-12,https://www.jra.go.jp/datafile/seiseki/report/2017/2017-1hanshin6.pdf,official_daily_result_pdf
201709010607,2017,阪神,1,6,7,2017-03-12,https://www.jra.go.jp/datafile/seiseki/report/2017/2017-1hanshin6.pdf,official_daily_result_pdf
201709010608,2017,阪神,1,6,8,2017-03-12,https://www.jra.go.jp/datafile/seiseki/report/2017/2017-1hanshin6.pdf,official_daily_result_pdf
201709010609,2017,阪神,1,6,9,2017-03-12,https://www.jra.go.jp/datafile/seiseki/report/2017/2017-1hanshin6.pdf,official_daily_result_pdf
201709010610,2017,阪神,1,6,10,2017-03-12,https://www.jra.go.jp/datafile/seiseki/report/2017/2017-1hanshin6.pdf,official_daily_result_pdf
201709010611,2017,阪神,1,6,11,2017-03-12,https://www.jra.go.jp/datafile/seiseki/report/2017/2017-1hanshin6.pdf,official_daily_result_pdf
201709010612,2017,阪神,1,6,12,2017-03-12,https://www.jra.go.jp/datafile/seiseki/report/2017/2017-1hanshin6.pdf,official_daily_result_pdf
201709010701,2017,阪神,1,7,1,2017-03-18,https://www.jra.go.jp/datafile/seiseki/report/2017/2017-1hanshin7.pdf,official_daily_result_pdf
201709010702,2017,阪神,1,7,2,2017-03-18,https://www.jra.go.jp/datafile/seiseki/report/2017/2017-1hanshin7.pdf,official_daily_result_pdf
201709010703,2017,阪神,1,7,3,2017-03-18,https://www.jra.go.jp/datafile/seiseki/report/2017/2017-1hanshin7.pdf,official_daily_result_pdf
201709010704,2017,阪神,1,7,4,2017-03-18,https://www.jra.go.jp/datafile/seiseki/report/2017/2017-1hanshin7.pdf,official_daily_result_pdf
201709010705,2017,阪神,1,7,5,2017-03-18,https://www.jra.go.jp/datafile/seiseki/report/2017/2017-1hanshin7.pdf,official_daily_result_pdf
201709010706,2017,阪神,1,7,6,2017-03-18,https://www.jra.go.jp/datafile/seiseki/report/2017/2017-1hanshin7.pdf,official_daily_result_pdf
201709010707,2017,阪神,1,7,7,2017-03-18,https://www.jra.go.jp/datafile/seiseki/report/2017/2017-1hanshin7.pdf,official_daily_result_pdf
201709010708,2017,阪神,1,7,8,2017-03-18,https://www.jra.go.jp/datafile/seiseki/report/2017/2017-1hanshin7.pdf,official_daily_result_pdf
201709010709,2017,阪神,1,7,9,2017-03-18,https://www.jra.go.jp/datafile/seiseki/report/2017/2017-1hanshin7.pdf,official_daily_result_pdf
201709010710,2017,阪神,1,7,10,2017-03-18,https://www.jra.go.jp/datafile/seiseki/report/2017/2017-1hanshin7.pdf,official_daily_result_pdf
201709010711,2017,阪神,1,7,11,2017-03-18,https://www.jra.go.jp/datafile/seiseki/report/2017/2017-1hanshin7.pdf,official_daily_result_pdf
201709010712,2017,阪神,1,7,12,2017-03-18,https://www.jra.go.jp/datafile/seiseki/report/2017/2017-1hanshin7.pdf,official_daily_result_pdf
201709010801,2017,阪神,1,8,1,2017-03-19,https://www.jra.go.jp/datafile/seiseki/report/2017/2017-1hanshin8.pdf,official_daily_result_pdf
201709010802,2017,阪神,1,8,2,2017-03-19,https://www.jra.go.jp/datafile/seiseki/report/2017/2017-1hanshin8.pdf,official_daily_result_pdf
201709010803,2017,阪神,1,8,3,2017-03-19,https://www.jra.go.jp/datafile/seiseki/report/2017/2017-1hanshin8.pdf,official_daily_result_pdf
201709010804,2017,阪神,1,8,4,2017-03-19,https://www.jra.go.jp/datafile/seiseki/report/2017/2017-1hanshin8.pdf,official_daily_result_pdf
201709010805,2017,阪神,1,8,5,2017-03-19,https://www.jra.go.jp/datafile/seiseki/report/2017/2017-1hanshin8.pdf,official_daily_result_pdf
201709010806,2017,阪神,1,8,6,2017-03-19,https://www.jra.go.jp/datafile/seiseki/report/2017/2017-1hanshin8.pdf,official_daily_result_pdf
201709010807,2017,阪神,1,8,7,2017-03-19,https://www.jra.go.jp/datafile/seiseki/report/2017/2017-1hanshin8.pdf,official_daily_result_pdf
201709010808,2017,阪神,1,8,8,2017-03-19,https://www.jra.go.jp/datafile/seiseki/report/2017/2017-1hanshin8.pdf,official_daily_result_pdf
201709010809,2017,阪神,1,8,9,2017-03-19,https://www.jra.go.jp/datafile/seiseki/report/2017/2017-1hanshin8.pdf,official_daily_result_pdf
201709010810,2017,阪神,1,8,10,2017-03-19,https://www.jra.go.jp/datafile/seiseki/report/2017/2017-1hanshin8.pdf,official_daily_result_pdf
201709010811,2017,阪神,1,8,11,2017-03-19,https://www.jra.go.jp/datafile/seiseki/report/2017/2017-1hanshin8.pdf,official_daily_result_pdf
201709010812,2017,阪神,1,8,12,2017-03-19,https://www.jra.go.jp/datafile/seiseki/report/2017/2017-1hanshin8.pdf,official_daily_result_pdf
201709020101,2017,阪神,2,1,1,2017-03-25,https://www.jra.go.jp/datafile/seiseki/report/2017/2017-2hanshin1.pdf,official_daily_result_pdf
201709020102,2017,阪神,2,1,2,2017-03-25,https://www.jra.go.jp/datafile/seiseki/report/2017/2017-2hanshin1.pdf,official_daily_result_pdf
201709020103,2017,阪神,2,1,3,2017-03-25,https://www.jra.go.jp/datafile/seiseki/report/2017/2017-2hanshin1.pdf,official_daily_result_pdf
201709020104,2017,阪神,2,1,4,2017-03-25,https://www.jra.go.jp/datafile/seiseki/report/2017/2017-2hanshin1.pdf,official_daily_result_pdf
201709020105,2017,阪神,2,1,5,2017-03-25,https://www.jra.go.jp/datafile/seiseki/report/2017/2017-2hanshin1.pdf,official_daily_result_pdf
201709020106,2017,阪神,2,1,6,2017-03-25,https://www.jra.go.jp/datafile/seiseki/report/2017/2017-2hanshin1.pdf,official_daily_result_pdf
201709020107,2017,阪神,2,1,7,2017-03-25,https://www.jra.go.jp/datafile/seiseki/report/2017/2017-2hanshin1.pdf,official_daily_result_pdf
201709020108,2017,阪神,2,1,8,2017-03-25,https://www.jra.go.jp/datafile/seiseki/report/2017/2017-2hanshin1.pdf,official_daily_result_pdf
201709020109,2017,阪神,2,1,9,2017-03-25,https://www.jra.go.jp/datafile/seiseki/report/2017/2017-2hanshin1.pdf,official_daily_result_pdf
201709020110,2017,阪神,2,1,10,2017-03-25,https://www.jra.go.jp/datafile/seiseki/report/2017/2017-2hanshin1.pdf,official_daily_result_pdf
201709020111,2017,阪神,2,1,11,2017-03-25,https://www.jra.go.jp/datafile/seiseki/report/2017/2017-2hanshin1.pdf,official_daily_result_pdf
201709020112,2017,阪神,2,1,12,2017-03-25,https://www.jra.go.jp/datafile/seiseki/report/2017/2017-2hanshin1.pdf,official_daily_result_pdf
201709020201,2017,阪神,2,2,1,2017-03-26,https://www.jra.go.jp/datafile/seiseki/report/2017/2017-2hanshin2.pdf,official_daily_result_pdf
201709020202,2017,阪神,2,2,2,2017-03-26,https://www.jra.go.jp/datafile/seiseki/report/2017/2017-2hanshin2.pdf,official_daily_result_pdf
201709020203,2017,阪神,2,2,3,2017-03-26,https://www.jra.go.jp/datafile/seiseki/report/2017/2017-2hanshin2.pdf,official_daily_result_pdf
201709020204,2017,阪神,2,2,4,2017-03-26,https://www.jra.go.jp/datafile/seiseki/report/2017/2017-2hanshin2.pdf,official_daily_result_pdf
201709020205,2017,阪神,2,2,5,2017-03-26,https://www.jra.go.jp/datafile/seiseki/report/2017/2017-2hanshin2.pdf,official_daily_result_pdf
201709020206,2017,阪神,2,2,6,2017-03-26,https://www.jra.go.jp/datafile/seiseki/report/2017/2017-2hanshin2.pdf,official_daily_result_pdf
201709020207,2017,阪神,2,2,7,2017-03-26,https://www.jra.go.jp/datafile/seiseki/report/2017/2017-2hanshin2.pdf,official_daily_result_pdf
201709020208,2017,阪神,2,2,8,2017-03-26,https://www.jra.go.jp/datafile/seiseki/report/2017/2017-2hanshin2.pdf,official_daily_result_pdf
201709020209,2017,阪神,2,2,9,2017-03-26,https://www.jra.go.jp/datafile/seiseki/report/2017/2017-2hanshin2.pdf,official_daily_result_pdf
201709020210,2017,阪神,2,2,10,2017-03-26,https://www.jra.go.jp/datafile/seiseki/report/2017/2017-2hanshin2.pdf,official_daily_result_pdf
201709020211,2017,阪神,2,2,11,2017-03-26,https://www.jra.go.jp/datafile/seiseki/report/2017/2017-2hanshin2.pdf,official_daily_result_pdf
201709020212,2017,阪神,2,2,12,2017-03-26,https://www.jra.go.jp/datafile/seiseki/report/2017/2017-2hanshin2.pdf,official_daily_result_pdf
201709020301,2017,阪神,2,3,1,2017-04-01,https://www.jra.go.jp/datafile/seiseki/report/2017/2017-2hanshin3.pdf,official_daily_result_pdf
201709020302,2017,阪神,2,3,2,2017-04-01,https://www.jra.go.jp/datafile/seiseki/report/2017/2017-2hanshin3.pdf,official_daily_result_pdf
201709020303,2017,阪神,2,3,3,2017-04-01,https://www.jra.go.jp/datafile/seiseki/report/2017/2017-2hanshin3.pdf,official_daily_result_pdf
201709020304,2017,阪神,2,3,4,2017-04-01,https://www.jra.go.jp/datafile/seiseki/report/2017/2017-2hanshin3.pdf,official_daily_result_pdf
201709020305,2017,阪神,2,3,5,2017-04-01,https://www.jra.go.jp/datafile/seiseki/report/2017/2017-2hanshin3.pdf,official_daily_result_pdf
201709020306,2017,阪神,2,3,6,2017-04-01,https://www.jra.go.jp/datafile/seiseki/report/2017/2017-2hanshin3.pdf,official_daily_result_pdf
201709020307,2017,阪神,2,3,7,2017-04-01,https://www.jra.go.jp/datafile/seiseki/report/2017/2017-2hanshin3.pdf,official_daily_result_pdf
201709020308,2017,阪神,2,3,8,2017-04-01,https://www.jra.go.jp/datafile/seiseki/report/2017/2017-2hanshin3.pdf,official_daily_result_pdf
201709020309,2017,阪神,2,3,9,2017-04-01,https://www.jra.go.jp/datafile/seiseki/report/2017/2017-2hanshin3.pdf,official_daily_result_pdf
201709020310,2017,阪神,2,3,10,2017-04-01,https://www.jra.go.jp/datafile/seiseki/report/2017/2017-2hanshin3.pdf,official_daily_result_pdf
201709020311,2017,阪神,2,3,11,2017-04-01,https://www.jra.go.jp/datafile/seiseki/report/2017/2017-2hanshin3.pdf,official_daily_result_pdf
201709020312,2017,阪神,2,3,12,2017-04-01,https://www.jra.go.jp/datafile/seiseki/report/2017/2017-2hanshin3.pdf,official_daily_result_pdf
201709020401,2017,阪神,2,4,1,2017-04-02,https://www.jra.go.jp/datafile/seiseki/report/2017/2017-2hanshin4.pdf,official_daily_result_pdf
201709020402,2017,阪神,2,4,2,2017-04-02,https://www.jra.go.jp/datafile/seiseki/report/2017/2017-2hanshin4.pdf,official_daily_result_pdf
201709020403,2017,阪神,2,4,3,2017-04-02,https://www.jra.go.jp/datafile/seiseki/report/2017/2017-2hanshin4.pdf,official_daily_result_pdf
201709020404,2017,阪神,2,4,4,2017-04-02,https://www.jra.go.jp/datafile/seiseki/report/2017/2017-2hanshin4.pdf,official_daily_result_pdf
201709020405,2017,阪神,2,4,5,2017-04-02,https://www.jra.go.jp/datafile/seiseki/report/2017/2017-2hanshin4.pdf,official_daily_result_pdf
201709020406,2017,阪神,2,4,6,2017-04-02,https://www.jra.go.jp/datafile/seiseki/report/2017/2017-2hanshin4.pdf,official_daily_result_pdf
201709020407,2017,阪神,2,4,7,2017-04-02,https://www.jra.go.jp/datafile/seiseki/report/2017/2017-2hanshin4.pdf,official_daily_result_pdf
201709020408,2017,阪神,2,4,8,2017-04-02,https://www.jra.go.jp/datafile/seiseki/report/2017/2017-2hanshin4.pdf,official_daily_result_pdf
201709020409,2017,阪神,2,4,9,2017-04-02,https://www.jra.go.jp/datafile/seiseki/report/2017/2017-2hanshin4.pdf,official_daily_result_pdf
201709020410,2017,阪神,2,4,10,2017-04-02,https://www.jra.go.jp/datafile/seiseki/report/2017/2017-2hanshin4.pdf,official_daily_result_pdf
201709020411,2017,阪神,2,4,11,2017-04-02,https://www.jra.go.jp/datafile/seiseki/report/2017/2017-2hanshin4.pdf,official_daily_result_pdf
201709020412,2017,阪神,2,4,12,2017-04-02,https://www.jra.go.jp/datafile/seiseki/report/2017/2017-2hanshin4.pdf,official_daily_result_pdf
201709020501,2017,阪神,2,5,1,2017-04-08,https://www.jra.go.jp/datafile/seiseki/report/2017/2017-2hanshin5.pdf,official_daily_result_pdf
201709020502,2017,阪神,2,5,2,2017-04-08,https://www.jra.go.jp/datafile/seiseki/report/2017/2017-2hanshin5.pdf,official_daily_result_pdf
201709020503,2017,阪神,2,5,3,2017-04-08,https://www.jra.go.jp/datafile/seiseki/report/2017/2017-2hanshin5.pdf,official_daily_result_pdf
201709020504,2017,阪神,2,5,4,2017-04-08,https://www.jra.go.jp/datafile/seiseki/report/2017/2017-2hanshin5.pdf,official_daily_result_pdf
201709020505,2017,阪神,2,5,5,2017-04-08,https://www.jra.go.jp/datafile/seiseki/report/2017/2017-2hanshin5.pdf,official_daily_result_pdf
201709020506,2017,阪神,2,5,6,2017-04-08,https://www.jra.go.jp/datafile/seiseki/report/2017/2017-2hanshin5.pdf,official_daily_result_pdf
201709020507,2017,阪神,2,5,7,2017-04-08,https://www.jra.go.jp/datafile/seiseki/report/2017/2017-2hanshin5.pdf,official_daily_result_pdf
201709020508,2017,阪神,2,5,8,2017-04-08,https://www.jra.go.jp/datafile/seiseki/report/2017/2017-2hanshin5.pdf,official_daily_result_pdf
201709020509,2017,阪神,2,5,9,2017-04-08,https://www.jra.go.jp/datafile/seiseki/report/2017/2017-2hanshin5.pdf,official_daily_result_pdf
201709020510,2017,阪神,2,5,10,2017-04-08,https://www.jra.go.jp/datafile/seiseki/report/2017/2017-2hanshin5.pdf,official_daily_result_pdf
201709020511,2017,阪神,2,5,11,2017-04-08,https://www.jra.go.jp/datafile/seiseki/report/2017/2017-2hanshin5.pdf,official_daily_result_pdf
201709020512,2017,阪神,2,5,12,2017-04-08,https://www.jra.go.jp/datafile/seiseki/report/2017/2017-2hanshin5.pdf,official_daily_result_pdf
201709020601,2017,阪神,2,6,1,2017-04-09,https://www.jra.go.jp/datafile/seiseki/report/2017/2017-2hanshin6.pdf,official_daily_result_pdf
201709020602,2017,阪神,2,6,2,2017-04-09,https://www.jra.go.jp/datafile/seiseki/report/2017/2017-2hanshin6.pdf,official_daily_result_pdf
201709020603,2017,阪神,2,6,3,2017-04-09,https://www.jra.go.jp/datafile/seiseki/report/2017/2017-2hanshin6.pdf,official_daily_result_pdf
201709020604,2017,阪神,2,6,4,2017-04-09,https://www.jra.go.jp/datafile/seiseki/report/2017/2017-2hanshin6.pdf,official_daily_result_pdf
201709020605,2017,阪神,2,6,5,2017-04-09,https://www.jra.go.jp/datafile/seiseki/report/2017/2017-2hanshin6.pdf,official_daily_result_pdf
201709020606,2017,阪神,2,6,6,2017-04-09,https://www.jra.go.jp/datafile/seiseki/report/2017/2017-2hanshin6.pdf,official_daily_result_pdf
201709020607,2017,阪神,2,6,7,2017-04-09,https://www.jra.go.jp/datafile/seiseki/report/2017/2017-2hanshin6.pdf,official_daily_result_pdf
201709020608,2017,阪神,2,6,8,2017-04-09,https://www.jra.go.jp/datafile/seiseki/report/2017/2017-2hanshin6.pdf,official_daily_result_pdf
201709020609,2017,阪神,2,6,9,2017-04-09,https://www.jra.go.jp/datafile/seiseki/report/2017/2017-2hanshin6.pdf,official_daily_result_pdf
201709020610,2017,阪神,2,6,10,2017-04-09,https://www.jra.go.jp/datafile/seiseki/report/2017/2017-2hanshin6.pdf,official_daily_result_pdf
201709020611,2017,阪神,2,6,11,2017-04-09,https://www.jra.go.jp/datafile/seiseki/report/2017/2017-2hanshin6.pdf,official_daily_result_pdf
201709020612,2017,阪神,2,6,12,2017-04-09,https://www.jra.go.jp/datafile/seiseki/report/2017/2017-2hanshin6.pdf,official_daily_result_pdf
201709020701,2017,阪神,2,7,1,2017-04-15,https://www.jra.go.jp/datafile/seiseki/report/2017/2017-2hanshin7.pdf,official_daily_result_pdf
201709020702,2017,阪神,2,7,2,2017-04-15,https://www.jra.go.jp/datafile/seiseki/report/2017/2017-2hanshin7.pdf,official_daily_result_pdf
201709020703,2017,阪神,2,7,3,2017-04-15,https://www.jra.go.jp/datafile/seiseki/report/2017/2017-2hanshin7.pdf,official_daily_result_pdf
201709020704,2017,阪神,2,7,4,2017-04-15,https://www.jra.go.jp/datafile/seiseki/report/2017/2017-2hanshin7.pdf,official_daily_result_pdf
201709020705,2017,阪神,2,7,5,2017-04-15,https://www.jra.go.jp/datafile/seiseki/report/2017/2017-2hanshin7.pdf,official_daily_result_pdf
201709020706,2017,阪神,2,7,6,2017-04-15,https://www.jra.go.jp/datafile/seiseki/report/2017/2017-2hanshin7.pdf,official_daily_result_pdf
201709020707,2017,阪神,2,7,7,2017-04-15,https://www.jra.go.jp/datafile/seiseki/report/2017/2017-2hanshin7.pdf,official_daily_result_pdf
201709020708,2017,阪神,2,7,8,2017-04-15,https://www.jra.go.jp/datafile/seiseki/report/2017/2017-2hanshin7.pdf,official_daily_result_pdf
201709020709,2017,阪神,2,7,9,2017-04-15,https://www.jra.go.jp/datafile/seiseki/report/2017/2017-2hanshin7.pdf,official_daily_result_pdf
201709020710,2017,阪神,2,7,10,2017-04-15,https://www.jra.go.jp/datafile/seiseki/report/2017/2017-2hanshin7.pdf,official_daily_result_pdf
201709020711,2017,阪神,2,7,11,2017-04-15,https://www.jra.go.jp/datafile/seiseki/report/2017/2017-2hanshin7.pdf,official_daily_result_pdf
201709020712,2017,阪神,2,7,12,2017-04-15,https://www.jra.go.jp/datafile/seiseki/report/2017/2017-2hanshin7.pdf,official_daily_result_pdf
201709020801,2017,阪神,2,8,1,2017-04-16,https://www.jra.go.jp/datafile/seiseki/report/2017/2017-2hanshin8.pdf,official_daily_result_pdf
201709020802,2017,阪神,2,8,2,2017-04-16,https://www.jra.go.jp/datafile/seiseki/report/2017/2017-2hanshin8.pdf,official_daily_result_pdf
201709020803,2017,阪神,2,8,3,2017-04-16,https://www.jra.go.jp/datafile/seiseki/report/2017/2017-2hanshin8.pdf,official_daily_result_pdf
201709020804,2017,阪神,2,8,4,2017-04-16,https://www.jra.go.jp/datafile/seiseki/report/2017/2017-2hanshin8.pdf,official_daily_result_pdf
201709020805,2017,阪神,2,8,5,2017-04-16,https://www.jra.go.jp/datafile/seiseki/report/2017/2017-2hanshin8.pdf,official_daily_result_pdf
201709020806,2017,阪神,2,8,6,2017-04-16,https://www.jra.go.jp/datafile/seiseki/report/2017/2017-2hanshin8.pdf,official_daily_result_pdf
201709020807,2017,阪神,2,8,7,2017-04-16,https://www.jra.go.jp/datafile/seiseki/report/2017/2017-2hanshin8.pdf,official_daily_result_pdf
201709020808,2017,阪神,2,8,8,2017-04-16,https://www.jra.go.jp/datafile/seiseki/report/2017/2017-2hanshin8.pdf,official_daily_result_pdf
201709020809,2017,阪神,2,8,9,2017-04-16,https://www.jra.go.jp/datafile/seiseki/report/2017/2017-2hanshin8.pdf,official_daily_result_pdf
201709020810,2017,阪神,2,8,10,2017-04-16,https://www.jra.go.jp/datafile/seiseki/report/2017/2017-2hanshin8.pdf,official_daily_result_pdf
201709020811,2017,阪神,2,8,11,2017-04-16,https://www.jra.go.jp/datafile/seiseki/report/2017/2017-2hanshin8.pdf,official_daily_result_pdf
201709020812,2017,阪神,2,8,12,2017-04-16,https://www.jra.go.jp/datafile/seiseki/report/2017/2017-2hanshin8.pdf,official_daily_result_pdf
201709030101,2017,阪神,3,1,1,2017-06-03,https://www.jra.go.jp/datafile/seiseki/report/2017/2017-3hanshin1.pdf,official_daily_result_pdf
201709030102,2017,阪神,3,1,2,2017-06-03,https://www.jra.go.jp/datafile/seiseki/report/2017/2017-3hanshin1.pdf,official_daily_result_pdf
201709030103,2017,阪神,3,1,3,2017-06-03,https://www.jra.go.jp/datafile/seiseki/report/2017/2017-3hanshin1.pdf,official_daily_result_pdf
201709030104,2017,阪神,3,1,4,2017-06-03,https://www.jra.go.jp/datafile/seiseki/report/2017/2017-3hanshin1.pdf,official_daily_result_pdf
201709030105,2017,阪神,3,1,5,2017-06-03,https://www.jra.go.jp/datafile/seiseki/report/2017/2017-3hanshin1.pdf,official_daily_result_pdf
201709030106,2017,阪神,3,1,6,2017-06-03,https://www.jra.go.jp/datafile/seiseki/report/2017/2017-3hanshin1.pdf,official_daily_result_pdf
201709030107,2017,阪神,3,1,7,2017-06-03,https://www.jra.go.jp/datafile/seiseki/report/2017/2017-3hanshin1.pdf,official_daily_result_pdf
201709030108,2017,阪神,3,1,8,2017-06-03,https://www.jra.go.jp/datafile/seiseki/report/2017/2017-3hanshin1.pdf,official_daily_result_pdf
201709030109,2017,阪神,3,1,9,2017-06-03,https://www.jra.go.jp/datafile/seiseki/report/2017/2017-3hanshin1.pdf,official_daily_result_pdf
201709030110,2017,阪神,3,1,10,2017-06-03,https://www.jra.go.jp/datafile/seiseki/report/2017/2017-3hanshin1.pdf,official_daily_result_pdf
201709030111,2017,阪神,3,1,11,2017-06-03,https://www.jra.go.jp/datafile/seiseki/report/2017/2017-3hanshin1.pdf,official_daily_result_pdf
201709030112,2017,阪神,3,1,12,2017-06-03,https://www.jra.go.jp/datafile/seiseki/report/2017/2017-3hanshin1.pdf,official_daily_result_pdf
201709030201,2017,阪神,3,2,1,2017-06-04,https://www.jra.go.jp/datafile/seiseki/report/2017/2017-3hanshin2.pdf,official_daily_result_pdf
201709030202,2017,阪神,3,2,2,2017-06-04,https://www.jra.go.jp/datafile/seiseki/report/2017/2017-3hanshin2.pdf,official_daily_result_pdf
201709030203,2017,阪神,3,2,3,2017-06-04,https://www.jra.go.jp/datafile/seiseki/report/2017/2017-3hanshin2.pdf,official_daily_result_pdf
201709030204,2017,阪神,3,2,4,2017-06-04,https://www.jra.go.jp/datafile/seiseki/report/2017/2017-3hanshin2.pdf,official_daily_result_pdf
201709030205,2017,阪神,3,2,5,2017-06-04,https://www.jra.go.jp/datafile/seiseki/report/2017/2017-3hanshin2.pdf,official_daily_result_pdf
201709030206,2017,阪神,3,2,6,2017-06-04,https://www.jra.go.jp/datafile/seiseki/report/2017/2017-3hanshin2.pdf,official_daily_result_pdf
201709030207,2017,阪神,3,2,7,2017-06-04,https://www.jra.go.jp/datafile/seiseki/report/2017/2017-3hanshin2.pdf,official_daily_result_pdf
201709030208,2017,阪神,3,2,8,2017-06-04,https://www.jra.go.jp/datafile/seiseki/report/2017/2017-3hanshin2.pdf,official_daily_result_pdf
201709030209,2017,阪神,3,2,9,2017-06-04,https://www.jra.go.jp/datafile/seiseki/report/2017/2017-3hanshin2.pdf,official_daily_result_pdf
201709030210,2017,阪神,3,2,10,2017-06-04,https://www.jra.go.jp/datafile/seiseki/report/2017/2017-3hanshin2.pdf,official_daily_result_pdf
201709030211,2017,阪神,3,2,11,2017-06-04,https://www.jra.go.jp/datafile/seiseki/report/2017/2017-3hanshin2.pdf,official_daily_result_pdf
201709030212,2017,阪神,3,2,12,2017-06-04,https://www.jra.go.jp/datafile/seiseki/report/2017/2017-3hanshin2.pdf,official_daily_result_pdf
201709030301,2017,阪神,3,3,1,2017-06-10,https://www.jra.go.jp/datafile/seiseki/report/2017/2017-3hanshin3.pdf,official_daily_result_pdf
201709030302,2017,阪神,3,3,2,2017-06-10,https://www.jra.go.jp/datafile/seiseki/report/2017/2017-3hanshin3.pdf,official_daily_result_pdf
201709030303,2017,阪神,3,3,3,2017-06-10,https://www.jra.go.jp/datafile/seiseki/report/2017/2017-3hanshin3.pdf,official_daily_result_pdf
201709030304,2017,阪神,3,3,4,2017-06-10,https://www.jra.go.jp/datafile/seiseki/report/2017/2017-3hanshin3.pdf,official_daily_result_pdf
201709030305,2017,阪神,3,3,5,2017-06-10,https://www.jra.go.jp/datafile/seiseki/report/2017/2017-3hanshin3.pdf,official_daily_result_pdf
201709030306,2017,阪神,3,3,6,2017-06-10,https://www.jra.go.jp/datafile/seiseki/report/2017/2017-3hanshin3.pdf,official_daily_result_pdf
201709030307,2017,阪神,3,3,7,2017-06-10,https://www.jra.go.jp/datafile/seiseki/report/2017/2017-3hanshin3.pdf,official_daily_result_pdf
201709030308,2017,阪神,3,3,8,2017-06-10,https://www.jra.go.jp/datafile/seiseki/report/2017/2017-3hanshin3.pdf,official_daily_result_pdf
201709030309,2017,阪神,3,3,9,2017-06-10,https://www.jra.go.jp/datafile/seiseki/report/2017/2017-3hanshin3.pdf,official_daily_result_pdf
201709030310,2017,阪神,3,3,10,2017-06-10,https://www.jra.go.jp/datafile/seiseki/report/2017/2017-3hanshin3.pdf,official_daily_result_pdf
201709030311,2017,阪神,3,3,11,2017-06-10,https://www.jra.go.jp/datafile/seiseki/report/2017/2017-3hanshin3.pdf,official_daily_result_pdf
201709030312,2017,阪神,3,3,12,2017-06-10,https://www.jra.go.jp/datafile/seiseki/report/2017/2017-3hanshin3.pdf,official_daily_result_pdf
201709030401,2017,阪神,3,4,1,2017-06-11,https://www.jra.go.jp/datafile/seiseki/report/2017/2017-3hanshin4.pdf,official_daily_result_pdf
201709030402,2017,阪神,3,4,2,2017-06-11,https://www.jra.go.jp/datafile/seiseki/report/2017/2017-3hanshin4.pdf,official_daily_result_pdf
201709030403,2017,阪神,3,4,3,2017-06-11,https://www.jra.go.jp/datafile/seiseki/report/2017/2017-3hanshin4.pdf,official_daily_result_pdf
201709030404,2017,阪神,3,4,4,2017-06-11,https://www.jra.go.jp/datafile/seiseki/report/2017/2017-3hanshin4.pdf,official_daily_result_pdf
201709030405,2017,阪神,3,4,5,2017-06-11,https://www.jra.go.jp/datafile/seiseki/report/2017/2017-3hanshin4.pdf,official_daily_result_pdf
201709030406,2017,阪神,3,4,6,2017-06-11,https://www.jra.go.jp/datafile/seiseki/report/2017/2017-3hanshin4.pdf,official_daily_result_pdf
201709030407,2017,阪神,3,4,7,2017-06-11,https://www.jra.go.jp/datafile/seiseki/report/2017/2017-3hanshin4.pdf,official_daily_result_pdf
201709030408,2017,阪神,3,4,8,2017-06-11,https://www.jra.go.jp/datafile/seiseki/report/2017/2017-3hanshin4.pdf,official_daily_result_pdf
201709030409,2017,阪神,3,4,9,2017-06-11,https://www.jra.go.jp/datafile/seiseki/report/2017/2017-3hanshin4.pdf,official_daily_result_pdf
201709030410,2017,阪神,3,4,10,2017-06-11,https://www.jra.go.jp/datafile/seiseki/report/2017/2017-3hanshin4.pdf,official_daily_result_pdf
201709030411,2017,阪神,3,4,11,2017-06-11,https://www.jra.go.jp/datafile/seiseki/report/2017/2017-3hanshin4.pdf,official_daily_result_pdf
201709030412,2017,阪神,3,4,12,2017-06-11,https://www.jra.go.jp/datafile/seiseki/report/2017/2017-3hanshin4.pdf,official_daily_result_pdf
201709030501,2017,阪神,3,5,1,2017-06-17,https://www.jra.go.jp/datafile/seiseki/report/2017/2017-3hanshin5.pdf,official_daily_result_pdf
201709030502,2017,阪神,3,5,2,2017-06-17,https://www.jra.go.jp/datafile/seiseki/report/2017/2017-3hanshin5.pdf,official_daily_result_pdf
201709030503,2017,阪神,3,5,3,2017-06-17,https://www.jra.go.jp/datafile/seiseki/report/2017/2017-3hanshin5.pdf,official_daily_result_pdf
201709030504,2017,阪神,3,5,4,2017-06-17,https://www.jra.go.jp/datafile/seiseki/report/2017/2017-3hanshin5.pdf,official_daily_result_pdf
201709030505,2017,阪神,3,5,5,2017-06-17,https://www.jra.go.jp/datafile/seiseki/report/2017/2017-3hanshin5.pdf,official_daily_result_pdf
201709030506,2017,阪神,3,5,6,2017-06-17,https://www.jra.go.jp/datafile/seiseki/report/2017/2017-3hanshin5.pdf,official_daily_result_pdf
201709030507,2017,阪神,3,5,7,2017-06-17,https://www.jra.go.jp/datafile/seiseki/report/2017/2017-3hanshin5.pdf,official_daily_result_pdf
201709030508,2017,阪神,3,5,8,2017-06-17,https://www.jra.go.jp/datafile/seiseki/report/2017/2017-3hanshin5.pdf,official_daily_result_pdf
201709030509,2017,阪神,3,5,9,2017-06-17,https://www.jra.go.jp/datafile/seiseki/report/2017/2017-3hanshin5.pdf,official_daily_result_pdf
201709030510,2017,阪神,3,5,10,2017-06-17,https://www.jra.go.jp/datafile/seiseki/report/2017/2017-3hanshin5.pdf,official_daily_result_pdf
201709030511,2017,阪神,3,5,11,2017-06-17,https://www.jra.go.jp/datafile/seiseki/report/2017/2017-3hanshin5.pdf,official_daily_result_pdf
201709030512,2017,阪神,3,5,12,2017-06-17,https://www.jra.go.jp/datafile/seiseki/report/2017/2017-3hanshin5.pdf,official_daily_result_pdf
201709030601,2017,阪神,3,6,1,2017-06-18,https://www.jra.go.jp/datafile/seiseki/report/2017/2017-3hanshin6.pdf,official_daily_result_pdf
201709030602,2017,阪神,3,6,2,2017-06-18,https://www.jra.go.jp/datafile/seiseki/report/2017/2017-3hanshin6.pdf,official_daily_result_pdf
201709030603,2017,阪神,3,6,3,2017-06-18,https://www.jra.go.jp/datafile/seiseki/report/2017/2017-3hanshin6.pdf,official_daily_result_pdf
201709030604,2017,阪神,3,6,4,2017-06-18,https://www.jra.go.jp/datafile/seiseki/report/2017/2017-3hanshin6.pdf,official_daily_result_pdf
201709030605,2017,阪神,3,6,5,2017-06-18,https://www.jra.go.jp/datafile/seiseki/report/2017/2017-3hanshin6.pdf,official_daily_result_pdf
201709030606,2017,阪神,3,6,6,2017-06-18,https://www.jra.go.jp/datafile/seiseki/report/2017/2017-3hanshin6.pdf,official_daily_result_pdf
201709030607,2017,阪神,3,6,7,2017-06-18,https://www.jra.go.jp/datafile/seiseki/report/2017/2017-3hanshin6.pdf,official_daily_result_pdf
201709030608,2017,阪神,3,6,8,2017-06-18,https://www.jra.go.jp/datafile/seiseki/report/2017/2017-3hanshin6.pdf,official_daily_result_pdf
201709030609,2017,阪神,3,6,9,2017-06-18,https://www.jra.go.jp/datafile/seiseki/report/2017/2017-3hanshin6.pdf,official_daily_result_pdf
201709030610,2017,阪神,3,6,10,2017-06-18,https://www.jra.go.jp/datafile/seiseki/report/2017/2017-3hanshin6.pdf,official_daily_result_pdf
201709030611,2017,阪神,3,6,11,2017-06-18,https://www.jra.go.jp/datafile/seiseki/report/2017/2017-3hanshin6.pdf,official_daily_result_pdf
201709030612,2017,阪神,3,6,12,2017-06-18,https://www.jra.go.jp/datafile/seiseki/report/2017/2017-3hanshin6.pdf,official_daily_result_pdf
201709030701,2017,阪神,3,7,1,2017-06-24,https://www.jra.go.jp/datafile/seiseki/report/2017/2017-3hanshin7.pdf,official_daily_result_pdf
201709030702,2017,阪神,3,7,2,2017-06-24,https://www.jra.go.jp/datafile/seiseki/report/2017/2017-3hanshin7.pdf,official_daily_result_pdf
201709030703,2017,阪神,3,7,3,2017-06-24,https://www.jra.go.jp/datafile/seiseki/report/2017/2017-3hanshin7.pdf,official_daily_result_pdf
201709030704,2017,阪神,3,7,4,2017-06-24,https://www.jra.go.jp/datafile/seiseki/report/2017/2017-3hanshin7.pdf,official_daily_result_pdf
201709030705,2017,阪神,3,7,5,2017-06-24,https://www.jra.go.jp/datafile/seiseki/report/2017/2017-3hanshin7.pdf,official_daily_result_pdf
201709030706,2017,阪神,3,7,6,2017-06-24,https://www.jra.go.jp/datafile/seiseki/report/2017/2017-3hanshin7.pdf,official_daily_result_pdf
201709030707,2017,阪神,3,7,7,2017-06-24,https://www.jra.go.jp/datafile/seiseki/report/2017/2017-3hanshin7.pdf,official_daily_result_pdf
201709030708,2017,阪神,3,7,8,2017-06-24,https://www.jra.go.jp/datafile/seiseki/report/2017/2017-3hanshin7.pdf,official_daily_result_pdf
201709030709,2017,阪神,3,7,9,2017-06-24,https://www.jra.go.jp/datafile/seiseki/report/2017/2017-3hanshin7.pdf,official_daily_result_pdf
201709030710,2017,阪神,3,7,10,2017-06-24,https://www.jra.go.jp/datafile/seiseki/report/2017/2017-3hanshin7.pdf,official_daily_result_pdf
201709030711,2017,阪神,3,7,11,2017-06-24,https://www.jra.go.jp/datafile/seiseki/report/2017/2017-3hanshin7.pdf,official_daily_result_pdf
201709030712,2017,阪神,3,7,12,2017-06-24,https://www.jra.go.jp/datafile/seiseki/report/2017/2017-3hanshin7.pdf,official_daily_result_pdf
201709030801,2017,阪神,3,8,1,2017-06-25,https://www.jra.go.jp/datafile/seiseki/report/2017/2017-3hanshin8.pdf,official_daily_result_pdf
201709030802,2017,阪神,3,8,2,2017-06-25,https://www.jra.go.jp/datafile/seiseki/report/2017/2017-3hanshin8.pdf,official_daily_result_pdf
201709030803,2017,阪神,3,8,3,2017-06-25,https://www.jra.go.jp/datafile/seiseki/report/2017/2017-3hanshin8.pdf,official_daily_result_pdf
201709030804,2017,阪神,3,8,4,2017-06-25,https://www.jra.go.jp/datafile/seiseki/report/2017/2017-3hanshin8.pdf,official_daily_result_pdf
201709030805,2017,阪神,3,8,5,2017-06-25,https://www.jra.go.jp/datafile/seiseki/report/2017/2017-3hanshin8.pdf,official_daily_result_pdf
201709030806,2017,阪神,3,8,6,2017-06-25,https://www.jra.go.jp/datafile/seiseki/report/2017/2017-3hanshin8.pdf,official_daily_result_pdf
201709030807,2017,阪神,3,8,7,2017-06-25,https://www.jra.go.jp/datafile/seiseki/report/2017/2017-3hanshin8.pdf,official_daily_result_pdf
201709030808,2017,阪神,3,8,8,2017-06-25,https://www.jra.go.jp/datafile/seiseki/report/2017/2017-3hanshin8.pdf,official_daily_result_pdf
201709030809,2017,阪神,3,8,9,2017-06-25,https://www.jra.go.jp/datafile/seiseki/report/2017/2017-3hanshin8.pdf,official_daily_result_pdf
201709030810,2017,阪神,3,8,10,2017-06-25,https://www.jra.go.jp/datafile/seiseki/report/2017/2017-3hanshin8.pdf,official_daily_result_pdf
201709030811,2017,阪神,3,8,11,2017-06-25,https://www.jra.go.jp/datafile/seiseki/report/2017/2017-3hanshin8.pdf,official_daily_result_pdf
201709030812,2017,阪神,3,8,12,2017-06-25,https://www.jra.go.jp/datafile/seiseki/report/2017/2017-3hanshin8.pdf,official_daily_result_pdf
201709040101,2017,阪神,4,1,1,2017-09-09,https://www.jra.go.jp/datafile/seiseki/report/2017/2017-4hanshin1.pdf,official_daily_result_pdf
201709040102,2017,阪神,4,1,2,2017-09-09,https://www.jra.go.jp/datafile/seiseki/report/2017/2017-4hanshin1.pdf,official_daily_result_pdf
201709040103,2017,阪神,4,1,3,2017-09-09,https://www.jra.go.jp/datafile/seiseki/report/2017/2017-4hanshin1.pdf,official_daily_result_pdf
201709040104,2017,阪神,4,1,4,2017-09-09,https://www.jra.go.jp/datafile/seiseki/report/2017/2017-4hanshin1.pdf,official_daily_result_pdf
201709040105,2017,阪神,4,1,5,2017-09-09,https://www.jra.go.jp/datafile/seiseki/report/2017/2017-4hanshin1.pdf,official_daily_result_pdf
201709040106,2017,阪神,4,1,6,2017-09-09,https://www.jra.go.jp/datafile/seiseki/report/2017/2017-4hanshin1.pdf,official_daily_result_pdf
201709040107,2017,阪神,4,1,7,2017-09-09,https://www.jra.go.jp/datafile/seiseki/report/2017/2017-4hanshin1.pdf,official_daily_result_pdf
201709040108,2017,阪神,4,1,8,2017-09-09,https://www.jra.go.jp/datafile/seiseki/report/2017/2017-4hanshin1.pdf,official_daily_result_pdf
201709040109,2017,阪神,4,1,9,2017-09-09,https://www.jra.go.jp/datafile/seiseki/report/2017/2017-4hanshin1.pdf,official_daily_result_pdf
201709040110,2017,阪神,4,1,10,2017-09-09,https://www.jra.go.jp/datafile/seiseki/report/2017/2017-4hanshin1.pdf,official_daily_result_pdf
201709040111,2017,阪神,4,1,11,2017-09-09,https://www.jra.go.jp/datafile/seiseki/report/2017/2017-4hanshin1.pdf,official_daily_result_pdf
201709040112,2017,阪神,4,1,12,2017-09-09,https://www.jra.go.jp/datafile/seiseki/report/2017/2017-4hanshin1.pdf,official_daily_result_pdf
201709040201,2017,阪神,4,2,1,2017-09-10,https://www.jra.go.jp/datafile/seiseki/report/2017/2017-4hanshin2.pdf,official_daily_result_pdf
201709040202,2017,阪神,4,2,2,2017-09-10,https://www.jra.go.jp/datafile/seiseki/report/2017/2017-4hanshin2.pdf,official_daily_result_pdf
201709040203,2017,阪神,4,2,3,2017-09-10,https://www.jra.go.jp/datafile/seiseki/report/2017/2017-4hanshin2.pdf,official_daily_result_pdf
201709040204,2017,阪神,4,2,4,2017-09-10,https://www.jra.go.jp/datafile/seiseki/report/2017/2017-4hanshin2.pdf,official_daily_result_pdf
201709040205,2017,阪神,4,2,5,2017-09-10,https://www.jra.go.jp/datafile/seiseki/report/2017/2017-4hanshin2.pdf,official_daily_result_pdf
201709040206,2017,阪神,4,2,6,2017-09-10,https://www.jra.go.jp/datafile/seiseki/report/2017/2017-4hanshin2.pdf,official_daily_result_pdf
201709040207,2017,阪神,4,2,7,2017-09-10,https://www.jra.go.jp/datafile/seiseki/report/2017/2017-4hanshin2.pdf,official_daily_result_pdf
201709040208,2017,阪神,4,2,8,2017-09-10,https://www.jra.go.jp/datafile/seiseki/report/2017/2017-4hanshin2.pdf,official_daily_result_pdf
201709040209,2017,阪神,4,2,9,2017-09-10,https://www.jra.go.jp/datafile/seiseki/report/2017/2017-4hanshin2.pdf,official_daily_result_pdf
201709040210,2017,阪神,4,2,10,2017-09-10,https://www.jra.go.jp/datafile/seiseki/report/2017/2017-4hanshin2.pdf,official_daily_result_pdf
201709040211,2017,阪神,4,2,11,2017-09-10,https://www.jra.go.jp/datafile/seiseki/report/2017/2017-4hanshin2.pdf,official_daily_result_pdf
201709040212,2017,阪神,4,2,12,2017-09-10,https://www.jra.go.jp/datafile/seiseki/report/2017/2017-4hanshin2.pdf,official_daily_result_pdf
201709040301,2017,阪神,4,3,1,2017-09-16,https://www.jra.go.jp/datafile/seiseki/report/2017/2017-4hanshin3.pdf,official_daily_result_pdf
201709040302,2017,阪神,4,3,2,2017-09-16,https://www.jra.go.jp/datafile/seiseki/report/2017/2017-4hanshin3.pdf,official_daily_result_pdf
201709040303,2017,阪神,4,3,3,2017-09-16,https://www.jra.go.jp/datafile/seiseki/report/2017/2017-4hanshin3.pdf,official_daily_result_pdf
201709040304,2017,阪神,4,3,4,2017-09-16,https://www.jra.go.jp/datafile/seiseki/report/2017/2017-4hanshin3.pdf,official_daily_result_pdf
201709040305,2017,阪神,4,3,5,2017-09-16,https://www.jra.go.jp/datafile/seiseki/report/2017/2017-4hanshin3.pdf,official_daily_result_pdf
201709040306,2017,阪神,4,3,6,2017-09-16,https://www.jra.go.jp/datafile/seiseki/report/2017/2017-4hanshin3.pdf,official_daily_result_pdf
201709040307,2017,阪神,4,3,7,2017-09-16,https://www.jra.go.jp/datafile/seiseki/report/2017/2017-4hanshin3.pdf,official_daily_result_pdf
201709040308,2017,阪神,4,3,8,2017-09-16,https://www.jra.go.jp/datafile/seiseki/report/2017/2017-4hanshin3.pdf,official_daily_result_pdf
201709040309,2017,阪神,4,3,9,2017-09-16,https://www.jra.go.jp/datafile/seiseki/report/2017/2017-4hanshin3.pdf,official_daily_result_pdf
201709040310,2017,阪神,4,3,10,2017-09-16,https://www.jra.go.jp/datafile/seiseki/report/2017/2017-4hanshin3.pdf,official_daily_result_pdf
201709040311,2017,阪神,4,3,11,2017-09-16,https://www.jra.go.jp/datafile/seiseki/report/2017/2017-4hanshin3.pdf,official_daily_result_pdf
201709040312,2017,阪神,4,3,12,2017-09-16,https://www.jra.go.jp/datafile/seiseki/report/2017/2017-4hanshin3.pdf,official_daily_result_pdf
201709040401,2017,阪神,4,4,1,2017-09-17,https://www.jra.go.jp/datafile/seiseki/report/2017/2017-4hanshin4.pdf,official_daily_result_pdf
201709040402,2017,阪神,4,4,2,2017-09-17,https://www.jra.go.jp/datafile/seiseki/report/2017/2017-4hanshin4.pdf,official_daily_result_pdf
201709040403,2017,阪神,4,4,3,2017-09-17,https://www.jra.go.jp/datafile/seiseki/report/2017/2017-4hanshin4.pdf,official_daily_result_pdf
201709040404,2017,阪神,4,4,4,2017-09-17,https://www.jra.go.jp/datafile/seiseki/report/2017/2017-4hanshin4.pdf,official_daily_result_pdf
201709040405,2017,阪神,4,4,5,2017-09-17,https://www.jra.go.jp/datafile/seiseki/report/2017/2017-4hanshin4.pdf,official_daily_result_pdf
201709040406,2017,阪神,4,4,6,2017-09-17,https://www.jra.go.jp/datafile/seiseki/report/2017/2017-4hanshin4.pdf,official_daily_result_pdf
201709040407,2017,阪神,4,4,7,2017-09-17,https://www.jra.go.jp/datafile/seiseki/report/2017/2017-4hanshin4.pdf,official_daily_result_pdf
201709040408,2017,阪神,4,4,8,2017-09-17,https://www.jra.go.jp/datafile/seiseki/report/2017/2017-4hanshin4.pdf,official_daily_result_pdf
201709040409,2017,阪神,4,4,9,2017-09-17,https://www.jra.go.jp/datafile/seiseki/report/2017/2017-4hanshin4.pdf,official_daily_result_pdf
201709040410,2017,阪神,4,4,10,2017-09-17,https://www.jra.go.jp/datafile/seiseki/report/2017/2017-4hanshin4.pdf,official_daily_result_pdf
201709040411,2017,阪神,4,4,11,2017-09-17,https://www.jra.go.jp/datafile/seiseki/report/2017/2017-4hanshin4.pdf,official_daily_result_pdf
201709040412,2017,阪神,4,4,12,2017-09-17,https://www.jra.go.jp/datafile/seiseki/report/2017/2017-4hanshin4.pdf,official_daily_result_pdf
201709040501,2017,阪神,4,5,1,2017-09-18,https://www.jra.go.jp/datafile/seiseki/report/2017/2017-4hanshin5.pdf,official_daily_result_pdf
201709040502,2017,阪神,4,5,2,2017-09-18,https://www.jra.go.jp/datafile/seiseki/report/2017/2017-4hanshin5.pdf,official_daily_result_pdf
201709040503,2017,阪神,4,5,3,2017-09-18,https://www.jra.go.jp/datafile/seiseki/report/2017/2017-4hanshin5.pdf,official_daily_result_pdf
201709040504,2017,阪神,4,5,4,2017-09-18,https://www.jra.go.jp/datafile/seiseki/report/2017/2017-4hanshin5.pdf,official_daily_result_pdf
201709040505,2017,阪神,4,5,5,2017-09-18,https://www.jra.go.jp/datafile/seiseki/report/2017/2017-4hanshin5.pdf,official_daily_result_pdf
201709040506,2017,阪神,4,5,6,2017-09-18,https://www.jra.go.jp/datafile/seiseki/report/2017/2017-4hanshin5.pdf,official_daily_result_pdf
201709040507,2017,阪神,4,5,7,2017-09-18,https://www.jra.go.jp/datafile/seiseki/report/2017/2017-4hanshin5.pdf,official_daily_result_pdf
201709040508,2017,阪神,4,5,8,2017-09-18,https://www.jra.go.jp/datafile/seiseki/report/2017/2017-4hanshin5.pdf,official_daily_result_pdf
201709040509,2017,阪神,4,5,9,2017-09-18,https://www.jra.go.jp/datafile/seiseki/report/2017/2017-4hanshin5.pdf,official_daily_result_pdf
201709040510,2017,阪神,4,5,10,2017-09-18,https://www.jra.go.jp/datafile/seiseki/report/2017/2017-4hanshin5.pdf,official_daily_result_pdf
201709040511,2017,阪神,4,5,11,2017-09-18,https://www.jra.go.jp/datafile/seiseki/report/2017/2017-4hanshin5.pdf,official_daily_result_pdf
201709040512,2017,阪神,4,5,12,2017-09-18,https://www.jra.go.jp/datafile/seiseki/report/2017/2017-4hanshin5.pdf,official_daily_result_pdf
201709040601,2017,阪神,4,6,1,2017-09-23,https://www.jra.go.jp/datafile/seiseki/report/2017/2017-4hanshin6.pdf,official_daily_result_pdf
201709040602,2017,阪神,4,6,2,2017-09-23,https://www.jra.go.jp/datafile/seiseki/report/2017/2017-4hanshin6.pdf,official_daily_result_pdf
201709040603,2017,阪神,4,6,3,2017-09-23,https://www.jra.go.jp/datafile/seiseki/report/2017/2017-4hanshin6.pdf,official_daily_result_pdf
201709040604,2017,阪神,4,6,4,2017-09-23,https://www.jra.go.jp/datafile/seiseki/report/2017/2017-4hanshin6.pdf,official_daily_result_pdf
201709040605,2017,阪神,4,6,5,2017-09-23,https://www.jra.go.jp/datafile/seiseki/report/2017/2017-4hanshin6.pdf,official_daily_result_pdf
201709040606,2017,阪神,4,6,6,2017-09-23,https://www.jra.go.jp/datafile/seiseki/report/2017/2017-4hanshin6.pdf,official_daily_result_pdf
201709040607,2017,阪神,4,6,7,2017-09-23,https://www.jra.go.jp/datafile/seiseki/report/2017/2017-4hanshin6.pdf,official_daily_result_pdf
201709040608,2017,阪神,4,6,8,2017-09-23,https://www.jra.go.jp/datafile/seiseki/report/2017/2017-4hanshin6.pdf,official_daily_result_pdf
201709040609,2017,阪神,4,6,9,2017-09-23,https://www.jra.go.jp/datafile/seiseki/report/2017/2017-4hanshin6.pdf,official_daily_result_pdf
201709040610,2017,阪神,4,6,10,2017-09-23,https://www.jra.go.jp/datafile/seiseki/report/2017/2017-4hanshin6.pdf,official_daily_result_pdf
201709040611,2017,阪神,4,6,11,2017-09-23,https://www.jra.go.jp/datafile/seiseki/report/2017/2017-4hanshin6.pdf,official_daily_result_pdf
201709040612,2017,阪神,4,6,12,2017-09-23,https://www.jra.go.jp/datafile/seiseki/report/2017/2017-4hanshin6.pdf,official_daily_result_pdf
201709040701,2017,阪神,4,7,1,2017-09-24,https://www.jra.go.jp/datafile/seiseki/report/2017/2017-4hanshin7.pdf,official_daily_result_pdf
201709040702,2017,阪神,4,7,2,2017-09-24,https://www.jra.go.jp/datafile/seiseki/report/2017/2017-4hanshin7.pdf,official_daily_result_pdf
201709040703,2017,阪神,4,7,3,2017-09-24,https://www.jra.go.jp/datafile/seiseki/report/2017/2017-4hanshin7.pdf,official_daily_result_pdf
201709040704,2017,阪神,4,7,4,2017-09-24,https://www.jra.go.jp/datafile/seiseki/report/2017/2017-4hanshin7.pdf,official_daily_result_pdf
201709040705,2017,阪神,4,7,5,2017-09-24,https://www.jra.go.jp/datafile/seiseki/report/2017/2017-4hanshin7.pdf,official_daily_result_pdf
201709040706,2017,阪神,4,7,6,2017-09-24,https://www.jra.go.jp/datafile/seiseki/report/2017/2017-4hanshin7.pdf,official_daily_result_pdf
201709040707,2017,阪神,4,7,7,2017-09-24,https://www.jra.go.jp/datafile/seiseki/report/2017/2017-4hanshin7.pdf,official_daily_result_pdf
201709040708,2017,阪神,4,7,8,2017-09-24,https://www.jra.go.jp/datafile/seiseki/report/2017/2017-4hanshin7.pdf,official_daily_result_pdf
201709040709,2017,阪神,4,7,9,2017-09-24,https://www.jra.go.jp/datafile/seiseki/report/2017/2017-4hanshin7.pdf,official_daily_result_pdf
201709040710,2017,阪神,4,7,10,2017-09-24,https://www.jra.go.jp/datafile/seiseki/report/2017/2017-4hanshin7.pdf,official_daily_result_pdf
201709040711,2017,阪神,4,7,11,2017-09-24,https://www.jra.go.jp/datafile/seiseki/report/2017/2017-4hanshin7.pdf,official_daily_result_pdf
201709040712,2017,阪神,4,7,12,2017-09-24,https://www.jra.go.jp/datafile/seiseki/report/2017/2017-4hanshin7.pdf,official_daily_result_pdf
201709040801,2017,阪神,4,8,1,2017-09-30,https://www.jra.go.jp/datafile/seiseki/report/2017/2017-4hanshin8.pdf,official_daily_result_pdf
201709040802,2017,阪神,4,8,2,2017-09-30,https://www.jra.go.jp/datafile/seiseki/report/2017/2017-4hanshin8.pdf,official_daily_result_pdf
201709040803,2017,阪神,4,8,3,2017-09-30,https://www.jra.go.jp/datafile/seiseki/report/2017/2017-4hanshin8.pdf,official_daily_result_pdf
201709040804,2017,阪神,4,8,4,2017-09-30,https://www.jra.go.jp/datafile/seiseki/report/2017/2017-4hanshin8.pdf,official_daily_result_pdf
201709040805,2017,阪神,4,8,5,2017-09-30,https://www.jra.go.jp/datafile/seiseki/report/2017/2017-4hanshin8.pdf,official_daily_result_pdf
201709040806,2017,阪神,4,8,6,2017-09-30,https://www.jra.go.jp/datafile/seiseki/report/2017/2017-4hanshin8.pdf,official_daily_result_pdf
201709040807,2017,阪神,4,8,7,2017-09-30,https://www.jra.go.jp/datafile/seiseki/report/2017/2017-4hanshin8.pdf,official_daily_result_pdf
201709040808,2017,阪神,4,8,8,2017-09-30,https://www.jra.go.jp/datafile/seiseki/report/2017/2017-4hanshin8.pdf,official_daily_result_pdf
201709040809,2017,阪神,4,8,9,2017-09-30,https://www.jra.go.jp/datafile/seiseki/report/2017/2017-4hanshin8.pdf,official_daily_result_pdf
201709040810,2017,阪神,4,8,10,2017-09-30,https://www.jra.go.jp/datafile/seiseki/report/2017/2017-4hanshin8.pdf,official_daily_result_pdf
201709040811,2017,阪神,4,8,11,2017-09-30,https://www.jra.go.jp/datafile/seiseki/report/2017/2017-4hanshin8.pdf,official_daily_result_pdf
201709040812,2017,阪神,4,8,12,2017-09-30,https://www.jra.go.jp/datafile/seiseki/report/2017/2017-4hanshin8.pdf,official_daily_result_pdf
201709040901,2017,阪神,4,9,1,2017-10-01,https://www.jra.go.jp/datafile/seiseki/report/2017/2017-4hanshin9.pdf,official_daily_result_pdf
201709040902,2017,阪神,4,9,2,2017-10-01,https://www.jra.go.jp/datafile/seiseki/report/2017/2017-4hanshin9.pdf,official_daily_result_pdf
201709040903,2017,阪神,4,9,3,2017-10-01,https://www.jra.go.jp/datafile/seiseki/report/2017/2017-4hanshin9.pdf,official_daily_result_pdf
201709040904,2017,阪神,4,9,4,2017-10-01,https://www.jra.go.jp/datafile/seiseki/report/2017/2017-4hanshin9.pdf,official_daily_result_pdf
201709040905,2017,阪神,4,9,5,2017-10-01,https://www.jra.go.jp/datafile/seiseki/report/2017/2017-4hanshin9.pdf,official_daily_result_pdf
201709040906,2017,阪神,4,9,6,2017-10-01,https://www.jra.go.jp/datafile/seiseki/report/2017/2017-4hanshin9.pdf,official_daily_result_pdf
201709040907,2017,阪神,4,9,7,2017-10-01,https://www.jra.go.jp/datafile/seiseki/report/2017/2017-4hanshin9.pdf,official_daily_result_pdf
201709040908,2017,阪神,4,9,8,2017-10-01,https://www.jra.go.jp/datafile/seiseki/report/2017/2017-4hanshin9.pdf,official_daily_result_pdf
201709040909,2017,阪神,4,9,9,2017-10-01,https://www.jra.go.jp/datafile/seiseki/report/2017/2017-4hanshin9.pdf,official_daily_result_pdf
201709040910,2017,阪神,4,9,10,2017-10-01,https://www.jra.go.jp/datafile/seiseki/report/2017/2017-4hanshin9.pdf,official_daily_result_pdf
201709040911,2017,阪神,4,9,11,2017-10-01,https://www.jra.go.jp/datafile/seiseki/report/2017/2017-4hanshin9.pdf,official_daily_result_pdf
201709040912,2017,阪神,4,9,12,2017-10-01,https://www.jra.go.jp/datafile/seiseki/report/2017/2017-4hanshin9.pdf,official_daily_result_pdf
201709050101,2017,阪神,5,1,1,2017-12-02,https://www.jra.go.jp/datafile/seiseki/report/2017/2017-5hanshin1.pdf,official_daily_result_pdf
201709050102,2017,阪神,5,1,2,2017-12-02,https://www.jra.go.jp/datafile/seiseki/report/2017/2017-5hanshin1.pdf,official_daily_result_pdf
201709050103,2017,阪神,5,1,3,2017-12-02,https://www.jra.go.jp/datafile/seiseki/report/2017/2017-5hanshin1.pdf,official_daily_result_pdf
201709050104,2017,阪神,5,1,4,2017-12-02,https://www.jra.go.jp/datafile/seiseki/report/2017/2017-5hanshin1.pdf,official_daily_result_pdf
201709050105,2017,阪神,5,1,5,2017-12-02,https://www.jra.go.jp/datafile/seiseki/report/2017/2017-5hanshin1.pdf,official_daily_result_pdf
201709050106,2017,阪神,5,1,6,2017-12-02,https://www.jra.go.jp/datafile/seiseki/report/2017/2017-5hanshin1.pdf,official_daily_result_pdf
201709050107,2017,阪神,5,1,7,2017-12-02,https://www.jra.go.jp/datafile/seiseki/report/2017/2017-5hanshin1.pdf,official_daily_result_pdf
201709050108,2017,阪神,5,1,8,2017-12-02,https://www.jra.go.jp/datafile/seiseki/report/2017/2017-5hanshin1.pdf,official_daily_result_pdf
201709050109,2017,阪神,5,1,9,2017-12-02,https://www.jra.go.jp/datafile/seiseki/report/2017/2017-5hanshin1.pdf,official_daily_result_pdf
201709050110,2017,阪神,5,1,10,2017-12-02,https://www.jra.go.jp/datafile/seiseki/report/2017/2017-5hanshin1.pdf,official_daily_result_pdf
201709050111,2017,阪神,5,1,11,2017-12-02,https://www.jra.go.jp/datafile/seiseki/report/2017/2017-5hanshin1.pdf,official_daily_result_pdf
201709050112,2017,阪神,5,1,12,2017-12-02,https://www.jra.go.jp/datafile/seiseki/report/2017/2017-5hanshin1.pdf,official_daily_result_pdf
201709050201,2017,阪神,5,2,1,2017-12-03,https://www.jra.go.jp/datafile/seiseki/report/2017/2017-5hanshin2.pdf,official_daily_result_pdf
201709050202,2017,阪神,5,2,2,2017-12-03,https://www.jra.go.jp/datafile/seiseki/report/2017/2017-5hanshin2.pdf,official_daily_result_pdf
201709050203,2017,阪神,5,2,3,2017-12-03,https://www.jra.go.jp/datafile/seiseki/report/2017/2017-5hanshin2.pdf,official_daily_result_pdf
201709050204,2017,阪神,5,2,4,2017-12-03,https://www.jra.go.jp/datafile/seiseki/report/2017/2017-5hanshin2.pdf,official_daily_result_pdf
201709050205,2017,阪神,5,2,5,2017-12-03,https://www.jra.go.jp/datafile/seiseki/report/2017/2017-5hanshin2.pdf,official_daily_result_pdf
201709050206,2017,阪神,5,2,6,2017-12-03,https://www.jra.go.jp/datafile/seiseki/report/2017/2017-5hanshin2.pdf,official_daily_result_pdf
201709050207,2017,阪神,5,2,7,2017-12-03,https://www.jra.go.jp/datafile/seiseki/report/2017/2017-5hanshin2.pdf,official_daily_result_pdf
201709050208,2017,阪神,5,2,8,2017-12-03,https://www.jra.go.jp/datafile/seiseki/report/2017/2017-5hanshin2.pdf,official_daily_result_pdf
201709050209,2017,阪神,5,2,9,2017-12-03,https://www.jra.go.jp/datafile/seiseki/report/2017/2017-5hanshin2.pdf,official_daily_result_pdf
201709050210,2017,阪神,5,2,10,2017-12-03,https://www.jra.go.jp/datafile/seiseki/report/2017/2017-5hanshin2.pdf,official_daily_result_pdf
201709050211,2017,阪神,5,2,11,2017-12-03,https://www.jra.go.jp/datafile/seiseki/report/2017/2017-5hanshin2.pdf,official_daily_result_pdf
201709050212,2017,阪神,5,2,12,2017-12-03,https://www.jra.go.jp/datafile/seiseki/report/2017/2017-5hanshin2.pdf,official_daily_result_pdf
201709050301,2017,阪神,5,3,1,2017-12-09,https://www.jra.go.jp/datafile/seiseki/report/2017/2017-5hanshin3.pdf,official_daily_result_pdf
201709050302,2017,阪神,5,3,2,2017-12-09,https://www.jra.go.jp/datafile/seiseki/report/2017/2017-5hanshin3.pdf,official_daily_result_pdf
201709050303,2017,阪神,5,3,3,2017-12-09,https://www.jra.go.jp/datafile/seiseki/report/2017/2017-5hanshin3.pdf,official_daily_result_pdf
201709050304,2017,阪神,5,3,4,2017-12-09,https://www.jra.go.jp/datafile/seiseki/report/2017/2017-5hanshin3.pdf,official_daily_result_pdf
201709050305,2017,阪神,5,3,5,2017-12-09,https://www.jra.go.jp/datafile/seiseki/report/2017/2017-5hanshin3.pdf,official_daily_result_pdf
201709050306,2017,阪神,5,3,6,2017-12-09,https://www.jra.go.jp/datafile/seiseki/report/2017/2017-5hanshin3.pdf,official_daily_result_pdf
201709050307,2017,阪神,5,3,7,2017-12-09,https://www.jra.go.jp/datafile/seiseki/report/2017/2017-5hanshin3.pdf,official_daily_result_pdf
201709050308,2017,阪神,5,3,8,2017-12-09,https://www.jra.go.jp/datafile/seiseki/report/2017/2017-5hanshin3.pdf,official_daily_result_pdf
201709050309,2017,阪神,5,3,9,2017-12-09,https://www.jra.go.jp/datafile/seiseki/report/2017/2017-5hanshin3.pdf,official_daily_result_pdf
201709050310,2017,阪神,5,3,10,2017-12-09,https://www.jra.go.jp/datafile/seiseki/report/2017/2017-5hanshin3.pdf,official_daily_result_pdf
201709050311,2017,阪神,5,3,11,2017-12-09,https://www.jra.go.jp/datafile/seiseki/report/2017/2017-5hanshin3.pdf,official_daily_result_pdf
201709050312,2017,阪神,5,3,12,2017-12-09,https://www.jra.go.jp/datafile/seiseki/report/2017/2017-5hanshin3.pdf,official_daily_result_pdf
201709050401,2017,阪神,5,4,1,2017-12-10,https://www.jra.go.jp/datafile/seiseki/report/2017/2017-5hanshin4.pdf,official_daily_result_pdf
201709050402,2017,阪神,5,4,2,2017-12-10,https://www.jra.go.jp/datafile/seiseki/report/2017/2017-5hanshin4.pdf,official_daily_result_pdf
201709050403,2017,阪神,5,4,3,2017-12-10,https://www.jra.go.jp/datafile/seiseki/report/2017/2017-5hanshin4.pdf,official_daily_result_pdf
201709050404,2017,阪神,5,4,4,2017-12-10,https://www.jra.go.jp/datafile/seiseki/report/2017/2017-5hanshin4.pdf,official_daily_result_pdf
201709050405,2017,阪神,5,4,5,2017-12-10,https://www.jra.go.jp/datafile/seiseki/report/2017/2017-5hanshin4.pdf,official_daily_result_pdf
201709050406,2017,阪神,5,4,6,2017-12-10,https://www.jra.go.jp/datafile/seiseki/report/2017/2017-5hanshin4.pdf,official_daily_result_pdf
201709050407,2017,阪神,5,4,7,2017-12-10,https://www.jra.go.jp/datafile/seiseki/report/2017/2017-5hanshin4.pdf,official_daily_result_pdf
201709050408,2017,阪神,5,4,8,2017-12-10,https://www.jra.go.jp/datafile/seiseki/report/2017/2017-5hanshin4.pdf,official_daily_result_pdf
201709050409,2017,阪神,5,4,9,2017-12-10,https://www.jra.go.jp/datafile/seiseki/report/2017/2017-5hanshin4.pdf,official_daily_result_pdf
201709050410,2017,阪神,5,4,10,2017-12-10,https://www.jra.go.jp/datafile/seiseki/report/2017/2017-5hanshin4.pdf,official_daily_result_pdf
201709050411,2017,阪神,5,4,11,2017-12-10,https://www.jra.go.jp/datafile/seiseki/report/2017/2017-5hanshin4.pdf,official_daily_result_pdf
201709050412,2017,阪神,5,4,12,2017-12-10,https://www.jra.go.jp/datafile/seiseki/report/2017/2017-5hanshin4.pdf,official_daily_result_pdf
201709050501,2017,阪神,5,5,1,2017-12-16,https://www.jra.go.jp/datafile/seiseki/report/2017/2017-5hanshin5.pdf,official_daily_result_pdf
201709050502,2017,阪神,5,5,2,2017-12-16,https://www.jra.go.jp/datafile/seiseki/report/2017/2017-5hanshin5.pdf,official_daily_result_pdf
201709050503,2017,阪神,5,5,3,2017-12-16,https://www.jra.go.jp/datafile/seiseki/report/2017/2017-5hanshin5.pdf,official_daily_result_pdf
201709050504,2017,阪神,5,5,4,2017-12-16,https://www.jra.go.jp/datafile/seiseki/report/2017/2017-5hanshin5.pdf,official_daily_result_pdf
201709050505,2017,阪神,5,5,5,2017-12-16,https://www.jra.go.jp/datafile/seiseki/report/2017/2017-5hanshin5.pdf,official_daily_result_pdf
201709050506,2017,阪神,5,5,6,2017-12-16,https://www.jra.go.jp/datafile/seiseki/report/2017/2017-5hanshin5.pdf,official_daily_result_pdf
201709050507,2017,阪神,5,5,7,2017-12-16,https://www.jra.go.jp/datafile/seiseki/report/2017/2017-5hanshin5.pdf,official_daily_result_pdf
201709050508,2017,阪神,5,5,8,2017-12-16,https://www.jra.go.jp/datafile/seiseki/report/2017/2017-5hanshin5.pdf,official_daily_result_pdf
201709050509,2017,阪神,5,5,9,2017-12-16,https://www.jra.go.jp/datafile/seiseki/report/2017/2017-5hanshin5.pdf,official_daily_result_pdf
201709050510,2017,阪神,5,5,10,2017-12-16,https://www.jra.go.jp/datafile/seiseki/report/2017/2017-5hanshin5.pdf,official_daily_result_pdf
201709050511,2017,阪神,5,5,11,2017-12-16,https://www.jra.go.jp/datafile/seiseki/report/2017/2017-5hanshin5.pdf,official_daily_result_pdf
201709050512,2017,阪神,5,5,12,2017-12-16,https://www.jra.go.jp/datafile/seiseki/report/2017/2017-5hanshin5.pdf,official_daily_result_pdf
201709050601,2017,阪神,5,6,1,2017-12-17,https://www.jra.go.jp/datafile/seiseki/report/2017/2017-5hanshin6.pdf,official_daily_result_pdf
201709050602,2017,阪神,5,6,2,2017-12-17,https://www.jra.go.jp/datafile/seiseki/report/2017/2017-5hanshin6.pdf,official_daily_result_pdf
201709050603,2017,阪神,5,6,3,2017-12-17,https://www.jra.go.jp/datafile/seiseki/report/2017/2017-5hanshin6.pdf,official_daily_result_pdf
201709050604,2017,阪神,5,6,4,2017-12-17,https://www.jra.go.jp/datafile/seiseki/report/2017/2017-5hanshin6.pdf,official_daily_result_pdf
201709050605,2017,阪神,5,6,5,2017-12-17,https://www.jra.go.jp/datafile/seiseki/report/2017/2017-5hanshin6.pdf,official_daily_result_pdf
201709050606,2017,阪神,5,6,6,2017-12-17,https://www.jra.go.jp/datafile/seiseki/report/2017/2017-5hanshin6.pdf,official_daily_result_pdf
201709050607,2017,阪神,5,6,7,2017-12-17,https://www.jra.go.jp/datafile/seiseki/report/2017/2017-5hanshin6.pdf,official_daily_result_pdf
201709050608,2017,阪神,5,6,8,2017-12-17,https://www.jra.go.jp/datafile/seiseki/report/2017/2017-5hanshin6.pdf,official_daily_result_pdf
201709050609,2017,阪神,5,6,9,2017-12-17,https://www.jra.go.jp/datafile/seiseki/report/2017/2017-5hanshin6.pdf,official_daily_result_pdf
201709050610,2017,阪神,5,6,10,2017-12-17,https://www.jra.go.jp/datafile/seiseki/report/2017/2017-5hanshin6.pdf,official_daily_result_pdf
201709050611,2017,阪神,5,6,11,2017-12-17,https://www.jra.go.jp/datafile/seiseki/report/2017/2017-5hanshin6.pdf,official_daily_result_pdf
201709050612,2017,阪神,5,6,12,2017-12-17,https://www.jra.go.jp/datafile/seiseki/report/2017/2017-5hanshin6.pdf,official_daily_result_pdf
201709050701,2017,阪神,5,7,1,2017-12-23,https://www.jra.go.jp/datafile/seiseki/report/2017/2017-5hanshin7.pdf,official_daily_result_pdf
201709050702,2017,阪神,5,7,2,2017-12-23,https://www.jra.go.jp/datafile/seiseki/report/2017/2017-5hanshin7.pdf,official_daily_result_pdf
201709050703,2017,阪神,5,7,3,2017-12-23,https://www.jra.go.jp/datafile/seiseki/report/2017/2017-5hanshin7.pdf,official_daily_result_pdf
201709050704,2017,阪神,5,7,4,2017-12-23,https://www.jra.go.jp/datafile/seiseki/report/2017/2017-5hanshin7.pdf,official_daily_result_pdf
201709050705,2017,阪神,5,7,5,2017-12-23,https://www.jra.go.jp/datafile/seiseki/report/2017/2017-5hanshin7.pdf,official_daily_result_pdf
201709050706,2017,阪神,5,7,6,2017-12-23,https://www.jra.go.jp/datafile/seiseki/report/2017/2017-5hanshin7.pdf,official_daily_result_pdf
201709050707,2017,阪神,5,7,7,2017-12-23,https://www.jra.go.jp/datafile/seiseki/report/2017/2017-5hanshin7.pdf,official_daily_result_pdf
201709050708,2017,阪神,5,7,8,2017-12-23,https://www.jra.go.jp/datafile/seiseki/report/2017/2017-5hanshin7.pdf,official_daily_result_pdf
201709050709,2017,阪神,5,7,9,2017-12-23,https://www.jra.go.jp/datafile/seiseki/report/2017/2017-5hanshin7.pdf,official_daily_result_pdf
201709050710,2017,阪神,5,7,10,2017-12-23,https://www.jra.go.jp/datafile/seiseki/report/2017/2017-5hanshin7.pdf,official_daily_result_pdf
201709050711,2017,阪神,5,7,11,2017-12-23,https://www.jra.go.jp/datafile/seiseki/report/2017/2017-5hanshin7.pdf,official_daily_result_pdf
201709050712,2017,阪神,5,7,12,2017-12-23,https://www.jra.go.jp/datafile/seiseki/report/2017/2017-5hanshin7.pdf,official_daily_result_pdf
201709050801,2017,阪神,5,8,1,2017-12-24,https://www.jra.go.jp/datafile/seiseki/report/2017/2017-5hanshin8.pdf,official_daily_result_pdf
201709050802,2017,阪神,5,8,2,2017-12-24,https://www.jra.go.jp/datafile/seiseki/report/2017/2017-5hanshin8.pdf,official_daily_result_pdf
201709050803,2017,阪神,5,8,3,2017-12-24,https://www.jra.go.jp/datafile/seiseki/report/2017/2017-5hanshin8.pdf,official_daily_result_pdf
201709050804,2017,阪神,5,8,4,2017-12-24,https://www.jra.go.jp/datafile/seiseki/report/2017/2017-5hanshin8.pdf,official_daily_result_pdf
201709050805,2017,阪神,5,8,5,2017-12-24,https://www.jra.go.jp/datafile/seiseki/report/2017/2017-5hanshin8.pdf,official_daily_result_pdf
201709050806,2017,阪神,5,8,6,2017-12-24,https://www.jra.go.jp/datafile/seiseki/report/2017/2017-5hanshin8.pdf,official_daily_result_pdf
201709050807,2017,阪神,5,8,7,2017-12-24,https://www.jra.go.jp/datafile/seiseki/report/2017/2017-5hanshin8.pdf,official_daily_result_pdf
201709050808,2017,阪神,5,8,8,2017-12-24,https://www.jra.go.jp/datafile/seiseki/report/2017/2017-5hanshin8.pdf,official_daily_result_pdf
201709050809,2017,阪神,5,8,9,2017-12-24,https://www.jra.go.jp/datafile/seiseki/report/2017/2017-5hanshin8.pdf,official_daily_result_pdf
201709050810,2017,阪神,5,8,10,2017-12-24,https://www.jra.go.jp/datafile/seiseki/report/2017/2017-5hanshin8.pdf,official_daily_result_pdf
201709050811,2017,阪神,5,8,11,2017-12-24,https://www.jra.go.jp/datafile/seiseki/report/2017/2017-5hanshin8.pdf,official_daily_result_pdf
201709050812,2017,阪神,5,8,12,2017-12-24,https://www.jra.go.jp/datafile/seiseki/report/2017/2017-5hanshin8.pdf,official_daily_result_pdf
201709050901,2017,阪神,5,9,1,2017-12-28,https://www.jra.go.jp/datafile/seiseki/report/2017/2017-5hanshin9.pdf,official_daily_result_pdf
201709050902,2017,阪神,5,9,2,2017-12-28,https://www.jra.go.jp/datafile/seiseki/report/2017/2017-5hanshin9.pdf,official_daily_result_pdf
201709050903,2017,阪神,5,9,3,2017-12-28,https://www.jra.go.jp/datafile/seiseki/report/2017/2017-5hanshin9.pdf,official_daily_result_pdf
201709050904,2017,阪神,5,9,4,2017-12-28,https://www.jra.go.jp/datafile/seiseki/report/2017/2017-5hanshin9.pdf,official_daily_result_pdf
201709050905,2017,阪神,5,9,5,2017-12-28,https://www.jra.go.jp/datafile/seiseki/report/2017/2017-5hanshin9.pdf,official_daily_result_pdf
201709050906,2017,阪神,5,9,6,2017-12-28,https://www.jra.go.jp/datafile/seiseki/report/2017/2017-5hanshin9.pdf,official_daily_result_pdf
201709050907,2017,阪神,5,9,7,2017-12-28,https://www.jra.go.jp/datafile/seiseki/report/2017/2017-5hanshin9.pdf,official_daily_result_pdf
201709050908,2017,阪神,5,9,8,2017-12-28,https://www.jra.go.jp/datafile/seiseki/report/2017/2017-5hanshin9.pdf,official_daily_result_pdf
201709050909,2017,阪神,5,9,9,2017-12-28,https://www.jra.go.jp/datafile/seiseki/report/2017/2017-5hanshin9.pdf,official_daily_result_pdf
201709050910,2017,阪神,5,9,10,2017-12-28,https://www.jra.go.jp/datafile/seiseki/report/2017/2017-5hanshin9.pdf,official_daily_result_pdf
201709050911,2017,阪神,5,9,11,2017-12-28,https://www.jra.go.jp/datafile/seiseki/report/2017/2017-5hanshin9.pdf,official_daily_result_pdf
201709050912,2017,阪神,5,9,12,2017-12-28,https://www.jra.go.jp/datafile/seiseki/report/2017/2017-5hanshin9.pdf,official_daily_result_pdf
201710010101,2017,小倉,1,1,1,2017-02-13,https://www.jra.go.jp/datafile/seiseki/report/2017/2017-1kokura1.pdf,official_daily_result_pdf
201710010102,2017,小倉,1,1,2,2017-02-13,https://www.jra.go.jp/datafile/seiseki/report/2017/2017-1kokura1.pdf,official_daily_result_pdf
201710010103,2017,小倉,1,1,3,2017-02-13,https://www.jra.go.jp/datafile/seiseki/report/2017/2017-1kokura1.pdf,official_daily_result_pdf
201710010104,2017,小倉,1,1,4,2017-02-13,https://www.jra.go.jp/datafile/seiseki/report/2017/2017-1kokura1.pdf,official_daily_result_pdf
201710010105,2017,小倉,1,1,5,2017-02-13,https://www.jra.go.jp/datafile/seiseki/report/2017/2017-1kokura1.pdf,official_daily_result_pdf
201710010106,2017,小倉,1,1,6,2017-02-13,https://www.jra.go.jp/datafile/seiseki/report/2017/2017-1kokura1.pdf,official_daily_result_pdf
201710010107,2017,小倉,1,1,7,2017-02-13,https://www.jra.go.jp/datafile/seiseki/report/2017/2017-1kokura1.pdf,official_daily_result_pdf
201710010108,2017,小倉,1,1,8,2017-02-13,https://www.jra.go.jp/datafile/seiseki/report/2017/2017-1kokura1.pdf,official_daily_result_pdf
201710010109,2017,小倉,1,1,9,2017-02-13,https://www.jra.go.jp/datafile/seiseki/report/2017/2017-1kokura1.pdf,official_daily_result_pdf
201710010110,2017,小倉,1,1,10,2017-02-13,https://www.jra.go.jp/datafile/seiseki/report/2017/2017-1kokura1.pdf,official_daily_result_pdf
201710010111,2017,小倉,1,1,11,2017-02-13,https://www.jra.go.jp/datafile/seiseki/report/2017/2017-1kokura1.pdf,official_daily_result_pdf
201710010112,2017,小倉,1,1,12,2017-02-13,https://www.jra.go.jp/datafile/seiseki/report/2017/2017-1kokura1.pdf,official_daily_result_pdf
201710010201,2017,小倉,1,2,1,2017-02-12,https://www.jra.go.jp/datafile/seiseki/report/2017/2017-1kokura2.pdf,official_daily_result_pdf
201710010202,2017,小倉,1,2,2,2017-02-12,https://www.jra.go.jp/datafile/seiseki/report/2017/2017-1kokura2.pdf,official_daily_result_pdf
201710010203,2017,小倉,1,2,3,2017-02-12,https://www.jra.go.jp/datafile/seiseki/report/2017/2017-1kokura2.pdf,official_daily_result_pdf
201710010204,2017,小倉,1,2,4,2017-02-12,https://www.jra.go.jp/datafile/seiseki/report/2017/2017-1kokura2.pdf,official_daily_result_pdf
201710010205,2017,小倉,1,2,5,2017-02-12,https://www.jra.go.jp/datafile/seiseki/report/2017/2017-1kokura2.pdf,official_daily_result_pdf
201710010206,2017,小倉,1,2,6,2017-02-12,https://www.jra.go.jp/datafile/seiseki/report/2017/2017-1kokura2.pdf,official_daily_result_pdf
201710010207,2017,小倉,1,2,7,2017-02-12,https://www.jra.go.jp/datafile/seiseki/report/2017/2017-1kokura2.pdf,official_daily_result_pdf
201710010208,2017,小倉,1,2,8,2017-02-12,https://www.jra.go.jp/datafile/seiseki/report/2017/2017-1kokura2.pdf,official_daily_result_pdf
201710010209,2017,小倉,1,2,9,2017-02-12,https://www.jra.go.jp/datafile/seiseki/report/2017/2017-1kokura2.pdf,official_daily_result_pdf
201710010210,2017,小倉,1,2,10,2017-02-12,https://www.jra.go.jp/datafile/seiseki/report/2017/2017-1kokura2.pdf,official_daily_result_pdf
201710010211,2017,小倉,1,2,11,2017-02-12,https://www.jra.go.jp/datafile/seiseki/report/2017/2017-1kokura2.pdf,official_daily_result_pdf
201710010212,2017,小倉,1,2,12,2017-02-12,https://www.jra.go.jp/datafile/seiseki/report/2017/2017-1kokura2.pdf,official_daily_result_pdf
201710010301,2017,小倉,1,3,1,2017-02-18,https://www.jra.go.jp/datafile/seiseki/report/2017/2017-1kokura3.pdf,official_daily_result_pdf
201710010302,2017,小倉,1,3,2,2017-02-18,https://www.jra.go.jp/datafile/seiseki/report/2017/2017-1kokura3.pdf,official_daily_result_pdf
201710010303,2017,小倉,1,3,3,2017-02-18,https://www.jra.go.jp/datafile/seiseki/report/2017/2017-1kokura3.pdf,official_daily_result_pdf
201710010304,2017,小倉,1,3,4,2017-02-18,https://www.jra.go.jp/datafile/seiseki/report/2017/2017-1kokura3.pdf,official_daily_result_pdf
201710010305,2017,小倉,1,3,5,2017-02-18,https://www.jra.go.jp/datafile/seiseki/report/2017/2017-1kokura3.pdf,official_daily_result_pdf
201710010306,2017,小倉,1,3,6,2017-02-18,https://www.jra.go.jp/datafile/seiseki/report/2017/2017-1kokura3.pdf,official_daily_result_pdf
201710010307,2017,小倉,1,3,7,2017-02-18,https://www.jra.go.jp/datafile/seiseki/report/2017/2017-1kokura3.pdf,official_daily_result_pdf
201710010308,2017,小倉,1,3,8,2017-02-18,https://www.jra.go.jp/datafile/seiseki/report/2017/2017-1kokura3.pdf,official_daily_result_pdf
201710010309,2017,小倉,1,3,9,2017-02-18,https://www.jra.go.jp/datafile/seiseki/report/2017/2017-1kokura3.pdf,official_daily_result_pdf
201710010310,2017,小倉,1,3,10,2017-02-18,https://www.jra.go.jp/datafile/seiseki/report/2017/2017-1kokura3.pdf,official_daily_result_pdf
201710010311,2017,小倉,1,3,11,2017-02-18,https://www.jra.go.jp/datafile/seiseki/report/2017/2017-1kokura3.pdf,official_daily_result_pdf
201710010312,2017,小倉,1,3,12,2017-02-18,https://www.jra.go.jp/datafile/seiseki/report/2017/2017-1kokura3.pdf,official_daily_result_pdf
201710010401,2017,小倉,1,4,1,2017-02-19,https://www.jra.go.jp/datafile/seiseki/report/2017/2017-1kokura4.pdf,official_daily_result_pdf
201710010402,2017,小倉,1,4,2,2017-02-19,https://www.jra.go.jp/datafile/seiseki/report/2017/2017-1kokura4.pdf,official_daily_result_pdf
201710010403,2017,小倉,1,4,3,2017-02-19,https://www.jra.go.jp/datafile/seiseki/report/2017/2017-1kokura4.pdf,official_daily_result_pdf
201710010404,2017,小倉,1,4,4,2017-02-19,https://www.jra.go.jp/datafile/seiseki/report/2017/2017-1kokura4.pdf,official_daily_result_pdf
201710010405,2017,小倉,1,4,5,2017-02-19,https://www.jra.go.jp/datafile/seiseki/report/2017/2017-1kokura4.pdf,official_daily_result_pdf
201710010406,2017,小倉,1,4,6,2017-02-19,https://www.jra.go.jp/datafile/seiseki/report/2017/2017-1kokura4.pdf,official_daily_result_pdf
201710010407,2017,小倉,1,4,7,2017-02-19,https://www.jra.go.jp/datafile/seiseki/report/2017/2017-1kokura4.pdf,official_daily_result_pdf
201710010408,2017,小倉,1,4,8,2017-02-19,https://www.jra.go.jp/datafile/seiseki/report/2017/2017-1kokura4.pdf,official_daily_result_pdf
201710010409,2017,小倉,1,4,9,2017-02-19,https://www.jra.go.jp/datafile/seiseki/report/2017/2017-1kokura4.pdf,official_daily_result_pdf
201710010410,2017,小倉,1,4,10,2017-02-19,https://www.jra.go.jp/datafile/seiseki/report/2017/2017-1kokura4.pdf,official_daily_result_pdf
201710010411,2017,小倉,1,4,11,2017-02-19,https://www.jra.go.jp/datafile/seiseki/report/2017/2017-1kokura4.pdf,official_daily_result_pdf
201710010412,2017,小倉,1,4,12,2017-02-19,https://www.jra.go.jp/datafile/seiseki/report/2017/2017-1kokura4.pdf,official_daily_result_pdf
201710010501,2017,小倉,1,5,1,2017-02-25,https://www.jra.go.jp/datafile/seiseki/report/2017/2017-1kokura5.pdf,official_daily_result_pdf
201710010502,2017,小倉,1,5,2,2017-02-25,https://www.jra.go.jp/datafile/seiseki/report/2017/2017-1kokura5.pdf,official_daily_result_pdf
201710010503,2017,小倉,1,5,3,2017-02-25,https://www.jra.go.jp/datafile/seiseki/report/2017/2017-1kokura5.pdf,official_daily_result_pdf
201710010504,2017,小倉,1,5,4,2017-02-25,https://www.jra.go.jp/datafile/seiseki/report/2017/2017-1kokura5.pdf,official_daily_result_pdf
201710010505,2017,小倉,1,5,5,2017-02-25,https://www.jra.go.jp/datafile/seiseki/report/2017/2017-1kokura5.pdf,official_daily_result_pdf
201710010506,2017,小倉,1,5,6,2017-02-25,https://www.jra.go.jp/datafile/seiseki/report/2017/2017-1kokura5.pdf,official_daily_result_pdf
201710010507,2017,小倉,1,5,7,2017-02-25,https://www.jra.go.jp/datafile/seiseki/report/2017/2017-1kokura5.pdf,official_daily_result_pdf
201710010508,2017,小倉,1,5,8,2017-02-25,https://www.jra.go.jp/datafile/seiseki/report/2017/2017-1kokura5.pdf,official_daily_result_pdf
201710010509,2017,小倉,1,5,9,2017-02-25,https://www.jra.go.jp/datafile/seiseki/report/2017/2017-1kokura5.pdf,official_daily_result_pdf
201710010510,2017,小倉,1,5,10,2017-02-25,https://www.jra.go.jp/datafile/seiseki/report/2017/2017-1kokura5.pdf,official_daily_result_pdf
201710010511,2017,小倉,1,5,11,2017-02-25,https://www.jra.go.jp/datafile/seiseki/report/2017/2017-1kokura5.pdf,official_daily_result_pdf
201710010512,2017,小倉,1,5,12,2017-02-25,https://www.jra.go.jp/datafile/seiseki/report/2017/2017-1kokura5.pdf,official_daily_result_pdf
201710010601,2017,小倉,1,6,1,2017-02-26,https://www.jra.go.jp/datafile/seiseki/report/2017/2017-1kokura6.pdf,official_daily_result_pdf
201710010602,2017,小倉,1,6,2,2017-02-26,https://www.jra.go.jp/datafile/seiseki/report/2017/2017-1kokura6.pdf,official_daily_result_pdf
201710010603,2017,小倉,1,6,3,2017-02-26,https://www.jra.go.jp/datafile/seiseki/report/2017/2017-1kokura6.pdf,official_daily_result_pdf
201710010604,2017,小倉,1,6,4,2017-02-26,https://www.jra.go.jp/datafile/seiseki/report/2017/2017-1kokura6.pdf,official_daily_result_pdf
201710010605,2017,小倉,1,6,5,2017-02-26,https://www.jra.go.jp/datafile/seiseki/report/2017/2017-1kokura6.pdf,official_daily_result_pdf
201710010606,2017,小倉,1,6,6,2017-02-26,https://www.jra.go.jp/datafile/seiseki/report/2017/2017-1kokura6.pdf,official_daily_result_pdf
201710010607,2017,小倉,1,6,7,2017-02-26,https://www.jra.go.jp/datafile/seiseki/report/2017/2017-1kokura6.pdf,official_daily_result_pdf
201710010608,2017,小倉,1,6,8,2017-02-26,https://www.jra.go.jp/datafile/seiseki/report/2017/2017-1kokura6.pdf,official_daily_result_pdf
201710010609,2017,小倉,1,6,9,2017-02-26,https://www.jra.go.jp/datafile/seiseki/report/2017/2017-1kokura6.pdf,official_daily_result_pdf
201710010610,2017,小倉,1,6,10,2017-02-26,https://www.jra.go.jp/datafile/seiseki/report/2017/2017-1kokura6.pdf,official_daily_result_pdf
201710010611,2017,小倉,1,6,11,2017-02-26,https://www.jra.go.jp/datafile/seiseki/report/2017/2017-1kokura6.pdf,official_daily_result_pdf
201710010612,2017,小倉,1,6,12,2017-02-26,https://www.jra.go.jp/datafile/seiseki/report/2017/2017-1kokura6.pdf,official_daily_result_pdf
201710010701,2017,小倉,1,7,1,2017-03-04,https://www.jra.go.jp/datafile/seiseki/report/2017/2017-1kokura7.pdf,official_daily_result_pdf
201710010702,2017,小倉,1,7,2,2017-03-04,https://www.jra.go.jp/datafile/seiseki/report/2017/2017-1kokura7.pdf,official_daily_result_pdf
201710010703,2017,小倉,1,7,3,2017-03-04,https://www.jra.go.jp/datafile/seiseki/report/2017/2017-1kokura7.pdf,official_daily_result_pdf
201710010704,2017,小倉,1,7,4,2017-03-04,https://www.jra.go.jp/datafile/seiseki/report/2017/2017-1kokura7.pdf,official_daily_result_pdf
201710010705,2017,小倉,1,7,5,2017-03-04,https://www.jra.go.jp/datafile/seiseki/report/2017/2017-1kokura7.pdf,official_daily_result_pdf
201710010706,2017,小倉,1,7,6,2017-03-04,https://www.jra.go.jp/datafile/seiseki/report/2017/2017-1kokura7.pdf,official_daily_result_pdf
201710010707,2017,小倉,1,7,7,2017-03-04,https://www.jra.go.jp/datafile/seiseki/report/2017/2017-1kokura7.pdf,official_daily_result_pdf
201710010708,2017,小倉,1,7,8,2017-03-04,https://www.jra.go.jp/datafile/seiseki/report/2017/2017-1kokura7.pdf,official_daily_result_pdf
201710010709,2017,小倉,1,7,9,2017-03-04,https://www.jra.go.jp/datafile/seiseki/report/2017/2017-1kokura7.pdf,official_daily_result_pdf
201710010710,2017,小倉,1,7,10,2017-03-04,https://www.jra.go.jp/datafile/seiseki/report/2017/2017-1kokura7.pdf,official_daily_result_pdf
201710010711,2017,小倉,1,7,11,2017-03-04,https://www.jra.go.jp/datafile/seiseki/report/2017/2017-1kokura7.pdf,official_daily_result_pdf
201710010712,2017,小倉,1,7,12,2017-03-04,https://www.jra.go.jp/datafile/seiseki/report/2017/2017-1kokura7.pdf,official_daily_result_pdf
201710010801,2017,小倉,1,8,1,2017-03-05,https://www.jra.go.jp/datafile/seiseki/report/2017/2017-1kokura8.pdf,official_daily_result_pdf
201710010802,2017,小倉,1,8,2,2017-03-05,https://www.jra.go.jp/datafile/seiseki/report/2017/2017-1kokura8.pdf,official_daily_result_pdf
201710010803,2017,小倉,1,8,3,2017-03-05,https://www.jra.go.jp/datafile/seiseki/report/2017/2017-1kokura8.pdf,official_daily_result_pdf
201710010804,2017,小倉,1,8,4,2017-03-05,https://www.jra.go.jp/datafile/seiseki/report/2017/2017-1kokura8.pdf,official_daily_result_pdf
201710010805,2017,小倉,1,8,5,2017-03-05,https://www.jra.go.jp/datafile/seiseki/report/2017/2017-1kokura8.pdf,official_daily_result_pdf
201710010806,2017,小倉,1,8,6,2017-03-05,https://www.jra.go.jp/datafile/seiseki/report/2017/2017-1kokura8.pdf,official_daily_result_pdf
201710010807,2017,小倉,1,8,7,2017-03-05,https://www.jra.go.jp/datafile/seiseki/report/2017/2017-1kokura8.pdf,official_daily_result_pdf
201710010808,2017,小倉,1,8,8,2017-03-05,https://www.jra.go.jp/datafile/seiseki/report/2017/2017-1kokura8.pdf,official_daily_result_pdf
201710010809,2017,小倉,1,8,9,2017-03-05,https://www.jra.go.jp/datafile/seiseki/report/2017/2017-1kokura8.pdf,official_daily_result_pdf
201710010810,2017,小倉,1,8,10,2017-03-05,https://www.jra.go.jp/datafile/seiseki/report/2017/2017-1kokura8.pdf,official_daily_result_pdf
201710010811,2017,小倉,1,8,11,2017-03-05,https://www.jra.go.jp/datafile/seiseki/report/2017/2017-1kokura8.pdf,official_daily_result_pdf
201710010812,2017,小倉,1,8,12,2017-03-05,https://www.jra.go.jp/datafile/seiseki/report/2017/2017-1kokura8.pdf,official_daily_result_pdf
201710020101,2017,小倉,2,1,1,2017-07-29,https://www.jra.go.jp/datafile/seiseki/report/2017/2017-2kokura1.pdf,official_daily_result_pdf
201710020102,2017,小倉,2,1,2,2017-07-29,https://www.jra.go.jp/datafile/seiseki/report/2017/2017-2kokura1.pdf,official_daily_result_pdf
201710020103,2017,小倉,2,1,3,2017-07-29,https://www.jra.go.jp/datafile/seiseki/report/2017/2017-2kokura1.pdf,official_daily_result_pdf
201710020104,2017,小倉,2,1,4,2017-07-29,https://www.jra.go.jp/datafile/seiseki/report/2017/2017-2kokura1.pdf,official_daily_result_pdf
201710020105,2017,小倉,2,1,5,2017-07-29,https://www.jra.go.jp/datafile/seiseki/report/2017/2017-2kokura1.pdf,official_daily_result_pdf
201710020106,2017,小倉,2,1,6,2017-07-29,https://www.jra.go.jp/datafile/seiseki/report/2017/2017-2kokura1.pdf,official_daily_result_pdf
201710020107,2017,小倉,2,1,7,2017-07-29,https://www.jra.go.jp/datafile/seiseki/report/2017/2017-2kokura1.pdf,official_daily_result_pdf
201710020108,2017,小倉,2,1,8,2017-07-29,https://www.jra.go.jp/datafile/seiseki/report/2017/2017-2kokura1.pdf,official_daily_result_pdf
201710020109,2017,小倉,2,1,9,2017-07-29,https://www.jra.go.jp/datafile/seiseki/report/2017/2017-2kokura1.pdf,official_daily_result_pdf
201710020110,2017,小倉,2,1,10,2017-07-29,https://www.jra.go.jp/datafile/seiseki/report/2017/2017-2kokura1.pdf,official_daily_result_pdf
201710020111,2017,小倉,2,1,11,2017-07-29,https://www.jra.go.jp/datafile/seiseki/report/2017/2017-2kokura1.pdf,official_daily_result_pdf
201710020112,2017,小倉,2,1,12,2017-07-29,https://www.jra.go.jp/datafile/seiseki/report/2017/2017-2kokura1.pdf,official_daily_result_pdf
201710020201,2017,小倉,2,2,1,2017-07-30,https://www.jra.go.jp/datafile/seiseki/report/2017/2017-2kokura2.pdf,official_daily_result_pdf
201710020202,2017,小倉,2,2,2,2017-07-30,https://www.jra.go.jp/datafile/seiseki/report/2017/2017-2kokura2.pdf,official_daily_result_pdf
201710020203,2017,小倉,2,2,3,2017-07-30,https://www.jra.go.jp/datafile/seiseki/report/2017/2017-2kokura2.pdf,official_daily_result_pdf
201710020204,2017,小倉,2,2,4,2017-07-30,https://www.jra.go.jp/datafile/seiseki/report/2017/2017-2kokura2.pdf,official_daily_result_pdf
201710020205,2017,小倉,2,2,5,2017-07-30,https://www.jra.go.jp/datafile/seiseki/report/2017/2017-2kokura2.pdf,official_daily_result_pdf
201710020206,2017,小倉,2,2,6,2017-07-30,https://www.jra.go.jp/datafile/seiseki/report/2017/2017-2kokura2.pdf,official_daily_result_pdf
201710020207,2017,小倉,2,2,7,2017-07-30,https://www.jra.go.jp/datafile/seiseki/report/2017/2017-2kokura2.pdf,official_daily_result_pdf
201710020208,2017,小倉,2,2,8,2017-07-30,https://www.jra.go.jp/datafile/seiseki/report/2017/2017-2kokura2.pdf,official_daily_result_pdf
201710020209,2017,小倉,2,2,9,2017-07-30,https://www.jra.go.jp/datafile/seiseki/report/2017/2017-2kokura2.pdf,official_daily_result_pdf
201710020210,2017,小倉,2,2,10,2017-07-30,https://www.jra.go.jp/datafile/seiseki/report/2017/2017-2kokura2.pdf,official_daily_result_pdf
201710020211,2017,小倉,2,2,11,2017-07-30,https://www.jra.go.jp/datafile/seiseki/report/2017/2017-2kokura2.pdf,official_daily_result_pdf
201710020212,2017,小倉,2,2,12,2017-07-30,https://www.jra.go.jp/datafile/seiseki/report/2017/2017-2kokura2.pdf,official_daily_result_pdf
201710020301,2017,小倉,2,3,1,2017-08-05,https://www.jra.go.jp/datafile/seiseki/report/2017/2017-2kokura3.pdf,official_daily_result_pdf
201710020302,2017,小倉,2,3,2,2017-08-05,https://www.jra.go.jp/datafile/seiseki/report/2017/2017-2kokura3.pdf,official_daily_result_pdf
201710020303,2017,小倉,2,3,3,2017-08-05,https://www.jra.go.jp/datafile/seiseki/report/2017/2017-2kokura3.pdf,official_daily_result_pdf
201710020304,2017,小倉,2,3,4,2017-08-05,https://www.jra.go.jp/datafile/seiseki/report/2017/2017-2kokura3.pdf,official_daily_result_pdf
201710020305,2017,小倉,2,3,5,2017-08-05,https://www.jra.go.jp/datafile/seiseki/report/2017/2017-2kokura3.pdf,official_daily_result_pdf
201710020306,2017,小倉,2,3,6,2017-08-05,https://www.jra.go.jp/datafile/seiseki/report/2017/2017-2kokura3.pdf,official_daily_result_pdf
201710020307,2017,小倉,2,3,7,2017-08-05,https://www.jra.go.jp/datafile/seiseki/report/2017/2017-2kokura3.pdf,official_daily_result_pdf
201710020308,2017,小倉,2,3,8,2017-08-05,https://www.jra.go.jp/datafile/seiseki/report/2017/2017-2kokura3.pdf,official_daily_result_pdf
201710020309,2017,小倉,2,3,9,2017-08-05,https://www.jra.go.jp/datafile/seiseki/report/2017/2017-2kokura3.pdf,official_daily_result_pdf
201710020310,2017,小倉,2,3,10,2017-08-05,https://www.jra.go.jp/datafile/seiseki/report/2017/2017-2kokura3.pdf,official_daily_result_pdf
201710020311,2017,小倉,2,3,11,2017-08-05,https://www.jra.go.jp/datafile/seiseki/report/2017/2017-2kokura3.pdf,official_daily_result_pdf
201710020312,2017,小倉,2,3,12,2017-08-05,https://www.jra.go.jp/datafile/seiseki/report/2017/2017-2kokura3.pdf,official_daily_result_pdf
201710020401,2017,小倉,2,4,1,2017-08-06,https://www.jra.go.jp/datafile/seiseki/report/2017/2017-2kokura4.pdf,official_daily_result_pdf
201710020402,2017,小倉,2,4,2,2017-08-06,https://www.jra.go.jp/datafile/seiseki/report/2017/2017-2kokura4.pdf,official_daily_result_pdf
201710020403,2017,小倉,2,4,3,2017-08-06,https://www.jra.go.jp/datafile/seiseki/report/2017/2017-2kokura4.pdf,official_daily_result_pdf
201710020404,2017,小倉,2,4,4,2017-08-06,https://www.jra.go.jp/datafile/seiseki/report/2017/2017-2kokura4.pdf,official_daily_result_pdf
201710020405,2017,小倉,2,4,5,2017-08-06,https://www.jra.go.jp/datafile/seiseki/report/2017/2017-2kokura4.pdf,official_daily_result_pdf
201710020406,2017,小倉,2,4,6,2017-08-06,https://www.jra.go.jp/datafile/seiseki/report/2017/2017-2kokura4.pdf,official_daily_result_pdf
201710020407,2017,小倉,2,4,7,2017-08-06,https://www.jra.go.jp/datafile/seiseki/report/2017/2017-2kokura4.pdf,official_daily_result_pdf
201710020408,2017,小倉,2,4,8,2017-08-06,https://www.jra.go.jp/datafile/seiseki/report/2017/2017-2kokura4.pdf,official_daily_result_pdf
201710020409,2017,小倉,2,4,9,2017-08-06,https://www.jra.go.jp/datafile/seiseki/report/2017/2017-2kokura4.pdf,official_daily_result_pdf
201710020410,2017,小倉,2,4,10,2017-08-06,https://www.jra.go.jp/datafile/seiseki/report/2017/2017-2kokura4.pdf,official_daily_result_pdf
201710020411,2017,小倉,2,4,11,2017-08-06,https://www.jra.go.jp/datafile/seiseki/report/2017/2017-2kokura4.pdf,official_daily_result_pdf
201710020412,2017,小倉,2,4,12,2017-08-06,https://www.jra.go.jp/datafile/seiseki/report/2017/2017-2kokura4.pdf,official_daily_result_pdf
201710020501,2017,小倉,2,5,1,2017-08-12,https://www.jra.go.jp/datafile/seiseki/report/2017/2017-2kokura5.pdf,official_daily_result_pdf
201710020502,2017,小倉,2,5,2,2017-08-12,https://www.jra.go.jp/datafile/seiseki/report/2017/2017-2kokura5.pdf,official_daily_result_pdf
201710020503,2017,小倉,2,5,3,2017-08-12,https://www.jra.go.jp/datafile/seiseki/report/2017/2017-2kokura5.pdf,official_daily_result_pdf
201710020504,2017,小倉,2,5,4,2017-08-12,https://www.jra.go.jp/datafile/seiseki/report/2017/2017-2kokura5.pdf,official_daily_result_pdf
201710020505,2017,小倉,2,5,5,2017-08-12,https://www.jra.go.jp/datafile/seiseki/report/2017/2017-2kokura5.pdf,official_daily_result_pdf
201710020506,2017,小倉,2,5,6,2017-08-12,https://www.jra.go.jp/datafile/seiseki/report/2017/2017-2kokura5.pdf,official_daily_result_pdf
201710020507,2017,小倉,2,5,7,2017-08-12,https://www.jra.go.jp/datafile/seiseki/report/2017/2017-2kokura5.pdf,official_daily_result_pdf
201710020508,2017,小倉,2,5,8,2017-08-12,https://www.jra.go.jp/datafile/seiseki/report/2017/2017-2kokura5.pdf,official_daily_result_pdf
201710020509,2017,小倉,2,5,9,2017-08-12,https://www.jra.go.jp/datafile/seiseki/report/2017/2017-2kokura5.pdf,official_daily_result_pdf
201710020510,2017,小倉,2,5,10,2017-08-12,https://www.jra.go.jp/datafile/seiseki/report/2017/2017-2kokura5.pdf,official_daily_result_pdf
201710020511,2017,小倉,2,5,11,2017-08-12,https://www.jra.go.jp/datafile/seiseki/report/2017/2017-2kokura5.pdf,official_daily_result_pdf
201710020512,2017,小倉,2,5,12,2017-08-12,https://www.jra.go.jp/datafile/seiseki/report/2017/2017-2kokura5.pdf,official_daily_result_pdf
201710020601,2017,小倉,2,6,1,2017-08-13,https://www.jra.go.jp/datafile/seiseki/report/2017/2017-2kokura6.pdf,official_daily_result_pdf
201710020602,2017,小倉,2,6,2,2017-08-13,https://www.jra.go.jp/datafile/seiseki/report/2017/2017-2kokura6.pdf,official_daily_result_pdf
201710020603,2017,小倉,2,6,3,2017-08-13,https://www.jra.go.jp/datafile/seiseki/report/2017/2017-2kokura6.pdf,official_daily_result_pdf
201710020604,2017,小倉,2,6,4,2017-08-13,https://www.jra.go.jp/datafile/seiseki/report/2017/2017-2kokura6.pdf,official_daily_result_pdf
201710020605,2017,小倉,2,6,5,2017-08-13,https://www.jra.go.jp/datafile/seiseki/report/2017/2017-2kokura6.pdf,official_daily_result_pdf
201710020606,2017,小倉,2,6,6,2017-08-13,https://www.jra.go.jp/datafile/seiseki/report/2017/2017-2kokura6.pdf,official_daily_result_pdf
201710020607,2017,小倉,2,6,7,2017-08-13,https://www.jra.go.jp/datafile/seiseki/report/2017/2017-2kokura6.pdf,official_daily_result_pdf
201710020608,2017,小倉,2,6,8,2017-08-13,https://www.jra.go.jp/datafile/seiseki/report/2017/2017-2kokura6.pdf,official_daily_result_pdf
201710020609,2017,小倉,2,6,9,2017-08-13,https://www.jra.go.jp/datafile/seiseki/report/2017/2017-2kokura6.pdf,official_daily_result_pdf
201710020610,2017,小倉,2,6,10,2017-08-13,https://www.jra.go.jp/datafile/seiseki/report/2017/2017-2kokura6.pdf,official_daily_result_pdf
201710020611,2017,小倉,2,6,11,2017-08-13,https://www.jra.go.jp/datafile/seiseki/report/2017/2017-2kokura6.pdf,official_daily_result_pdf
201710020612,2017,小倉,2,6,12,2017-08-13,https://www.jra.go.jp/datafile/seiseki/report/2017/2017-2kokura6.pdf,official_daily_result_pdf
201710020701,2017,小倉,2,7,1,2017-08-19,https://www.jra.go.jp/datafile/seiseki/report/2017/2017-2kokura7.pdf,official_daily_result_pdf
201710020702,2017,小倉,2,7,2,2017-08-19,https://www.jra.go.jp/datafile/seiseki/report/2017/2017-2kokura7.pdf,official_daily_result_pdf
201710020703,2017,小倉,2,7,3,2017-08-19,https://www.jra.go.jp/datafile/seiseki/report/2017/2017-2kokura7.pdf,official_daily_result_pdf
201710020704,2017,小倉,2,7,4,2017-08-19,https://www.jra.go.jp/datafile/seiseki/report/2017/2017-2kokura7.pdf,official_daily_result_pdf
201710020705,2017,小倉,2,7,5,2017-08-19,https://www.jra.go.jp/datafile/seiseki/report/2017/2017-2kokura7.pdf,official_daily_result_pdf
201710020706,2017,小倉,2,7,6,2017-08-19,https://www.jra.go.jp/datafile/seiseki/report/2017/2017-2kokura7.pdf,official_daily_result_pdf
201710020707,2017,小倉,2,7,7,2017-08-19,https://www.jra.go.jp/datafile/seiseki/report/2017/2017-2kokura7.pdf,official_daily_result_pdf
201710020708,2017,小倉,2,7,8,2017-08-19,https://www.jra.go.jp/datafile/seiseki/report/2017/2017-2kokura7.pdf,official_daily_result_pdf
201710020709,2017,小倉,2,7,9,2017-08-19,https://www.jra.go.jp/datafile/seiseki/report/2017/2017-2kokura7.pdf,official_daily_result_pdf
201710020710,2017,小倉,2,7,10,2017-08-19,https://www.jra.go.jp/datafile/seiseki/report/2017/2017-2kokura7.pdf,official_daily_result_pdf
201710020711,2017,小倉,2,7,11,2017-08-19,https://www.jra.go.jp/datafile/seiseki/report/2017/2017-2kokura7.pdf,official_daily_result_pdf
201710020712,2017,小倉,2,7,12,2017-08-19,https://www.jra.go.jp/datafile/seiseki/report/2017/2017-2kokura7.pdf,official_daily_result_pdf
201710020801,2017,小倉,2,8,1,2017-08-20,https://www.jra.go.jp/datafile/seiseki/report/2017/2017-2kokura8.pdf,official_daily_result_pdf
201710020802,2017,小倉,2,8,2,2017-08-20,https://www.jra.go.jp/datafile/seiseki/report/2017/2017-2kokura8.pdf,official_daily_result_pdf
201710020803,2017,小倉,2,8,3,2017-08-20,https://www.jra.go.jp/datafile/seiseki/report/2017/2017-2kokura8.pdf,official_daily_result_pdf
201710020804,2017,小倉,2,8,4,2017-08-20,https://www.jra.go.jp/datafile/seiseki/report/2017/2017-2kokura8.pdf,official_daily_result_pdf
201710020805,2017,小倉,2,8,5,2017-08-20,https://www.jra.go.jp/datafile/seiseki/report/2017/2017-2kokura8.pdf,official_daily_result_pdf
201710020806,2017,小倉,2,8,6,2017-08-20,https://www.jra.go.jp/datafile/seiseki/report/2017/2017-2kokura8.pdf,official_daily_result_pdf
201710020807,2017,小倉,2,8,7,2017-08-20,https://www.jra.go.jp/datafile/seiseki/report/2017/2017-2kokura8.pdf,official_daily_result_pdf
201710020808,2017,小倉,2,8,8,2017-08-20,https://www.jra.go.jp/datafile/seiseki/report/2017/2017-2kokura8.pdf,official_daily_result_pdf
201710020809,2017,小倉,2,8,9,2017-08-20,https://www.jra.go.jp/datafile/seiseki/report/2017/2017-2kokura8.pdf,official_daily_result_pdf
201710020810,2017,小倉,2,8,10,2017-08-20,https://www.jra.go.jp/datafile/seiseki/report/2017/2017-2kokura8.pdf,official_daily_result_pdf
201710020811,2017,小倉,2,8,11,2017-08-20,https://www.jra.go.jp/datafile/seiseki/report/2017/2017-2kokura8.pdf,official_daily_result_pdf
201710020812,2017,小倉,2,8,12,2017-08-20,https://www.jra.go.jp/datafile/seiseki/report/2017/2017-2kokura8.pdf,official_daily_result_pdf
201710020901,2017,小倉,2,9,1,2017-08-26,https://www.jra.go.jp/datafile/seiseki/report/2017/2017-2kokura9.pdf,official_daily_result_pdf
201710020902,2017,小倉,2,9,2,2017-08-26,https://www.jra.go.jp/datafile/seiseki/report/2017/2017-2kokura9.pdf,official_daily_result_pdf
201710020903,2017,小倉,2,9,3,2017-08-26,https://www.jra.go.jp/datafile/seiseki/report/2017/2017-2kokura9.pdf,official_daily_result_pdf
201710020904,2017,小倉,2,9,4,2017-08-26,https://www.jra.go.jp/datafile/seiseki/report/2017/2017-2kokura9.pdf,official_daily_result_pdf
201710020905,2017,小倉,2,9,5,2017-08-26,https://www.jra.go.jp/datafile/seiseki/report/2017/2017-2kokura9.pdf,official_daily_result_pdf
201710020906,2017,小倉,2,9,6,2017-08-26,https://www.jra.go.jp/datafile/seiseki/report/2017/2017-2kokura9.pdf,official_daily_result_pdf
201710020907,2017,小倉,2,9,7,2017-08-26,https://www.jra.go.jp/datafile/seiseki/report/2017/2017-2kokura9.pdf,official_daily_result_pdf
201710020908,2017,小倉,2,9,8,2017-08-26,https://www.jra.go.jp/datafile/seiseki/report/2017/2017-2kokura9.pdf,official_daily_result_pdf
201710020909,2017,小倉,2,9,9,2017-08-26,https://www.jra.go.jp/datafile/seiseki/report/2017/2017-2kokura9.pdf,official_daily_result_pdf
201710020910,2017,小倉,2,9,10,2017-08-26,https://www.jra.go.jp/datafile/seiseki/report/2017/2017-2kokura9.pdf,official_daily_result_pdf
201710020911,2017,小倉,2,9,11,2017-08-26,https://www.jra.go.jp/datafile/seiseki/report/2017/2017-2kokura9.pdf,official_daily_result_pdf
201710020912,2017,小倉,2,9,12,2017-08-26,https://www.jra.go.jp/datafile/seiseki/report/2017/2017-2kokura9.pdf,official_daily_result_pdf
201710021001,2017,小倉,2,10,1,2017-08-27,https://www.jra.go.jp/datafile/seiseki/report/2017/2017-2kokura10.pdf,official_daily_result_pdf
201710021002,2017,小倉,2,10,2,2017-08-27,https://www.jra.go.jp/datafile/seiseki/report/2017/2017-2kokura10.pdf,official_daily_result_pdf
201710021003,2017,小倉,2,10,3,2017-08-27,https://www.jra.go.jp/datafile/seiseki/report/2017/2017-2kokura10.pdf,official_daily_result_pdf
201710021004,2017,小倉,2,10,4,2017-08-27,https://www.jra.go.jp/datafile/seiseki/report/2017/2017-2kokura10.pdf,official_daily_result_pdf
201710021005,2017,小倉,2,10,5,2017-08-27,https://www.jra.go.jp/datafile/seiseki/report/2017/2017-2kokura10.pdf,official_daily_result_pdf
201710021006,2017,小倉,2,10,6,2017-08-27,https://www.jra.go.jp/datafile/seiseki/report/2017/2017-2kokura10.pdf,official_daily_result_pdf
201710021007,2017,小倉,2,10,7,2017-08-27,https://www.jra.go.jp/datafile/seiseki/report/2017/2017-2kokura10.pdf,official_daily_result_pdf
201710021008,2017,小倉,2,10,8,2017-08-27,https://www.jra.go.jp/datafile/seiseki/report/2017/2017-2kokura10.pdf,official_daily_result_pdf
201710021009,2017,小倉,2,10,9,2017-08-27,https://www.jra.go.jp/datafile/seiseki/report/2017/2017-2kokura10.pdf,official_daily_result_pdf
201710021010,2017,小倉,2,10,10,2017-08-27,https://www.jra.go.jp/datafile/seiseki/report/2017/2017-2kokura10.pdf,official_daily_result_pdf
201710021011,2017,小倉,2,10,11,2017-08-27,https://www.jra.go.jp/datafile/seiseki/report/2017/2017-2kokura10.pdf,official_daily_result_pdf
201710021012,2017,小倉,2,10,12,2017-08-27,https://www.jra.go.jp/datafile/seiseki/report/2017/2017-2kokura10.pdf,official_daily_result_pdf
201710021101,2017,小倉,2,11,1,2017-09-02,https://www.jra.go.jp/datafile/seiseki/report/2017/2017-2kokura11.pdf,official_daily_result_pdf
201710021102,2017,小倉,2,11,2,2017-09-02,https://www.jra.go.jp/datafile/seiseki/report/2017/2017-2kokura11.pdf,official_daily_result_pdf
201710021103,2017,小倉,2,11,3,2017-09-02,https://www.jra.go.jp/datafile/seiseki/report/2017/2017-2kokura11.pdf,official_daily_result_pdf
201710021104,2017,小倉,2,11,4,2017-09-02,https://www.jra.go.jp/datafile/seiseki/report/2017/2017-2kokura11.pdf,official_daily_result_pdf
201710021105,2017,小倉,2,11,5,2017-09-02,https://www.jra.go.jp/datafile/seiseki/report/2017/2017-2kokura11.pdf,official_daily_result_pdf
201710021106,2017,小倉,2,11,6,2017-09-02,https://www.jra.go.jp/datafile/seiseki/report/2017/2017-2kokura11.pdf,official_daily_result_pdf
201710021107,2017,小倉,2,11,7,2017-09-02,https://www.jra.go.jp/datafile/seiseki/report/2017/2017-2kokura11.pdf,official_daily_result_pdf
201710021108,2017,小倉,2,11,8,2017-09-02,https://www.jra.go.jp/datafile/seiseki/report/2017/2017-2kokura11.pdf,official_daily_result_pdf
201710021109,2017,小倉,2,11,9,2017-09-02,https://www.jra.go.jp/datafile/seiseki/report/2017/2017-2kokura11.pdf,official_daily_result_pdf
201710021110,2017,小倉,2,11,10,2017-09-02,https://www.jra.go.jp/datafile/seiseki/report/2017/2017-2kokura11.pdf,official_daily_result_pdf
201710021111,2017,小倉,2,11,11,2017-09-02,https://www.jra.go.jp/datafile/seiseki/report/2017/2017-2kokura11.pdf,official_daily_result_pdf
201710021112,2017,小倉,2,11,12,2017-09-02,https://www.jra.go.jp/datafile/seiseki/report/2017/2017-2kokura11.pdf,official_daily_result_pdf
201710021201,2017,小倉,2,12,1,2017-09-03,https://www.jra.go.jp/datafile/seiseki/report/2017/2017-2kokura12.pdf,official_daily_result_pdf
201710021202,2017,小倉,2,12,2,2017-09-03,https://www.jra.go.jp/datafile/seiseki/report/2017/2017-2kokura12.pdf,official_daily_result_pdf
201710021203,2017,小倉,2,12,3,2017-09-03,https://www.jra.go.jp/datafile/seiseki/report/2017/2017-2kokura12.pdf,official_daily_result_pdf
201710021204,2017,小倉,2,12,4,2017-09-03,https://www.jra.go.jp/datafile/seiseki/report/2017/2017-2kokura12.pdf,official_daily_result_pdf
201710021205,2017,小倉,2,12,5,2017-09-03,https://www.jra.go.jp/datafile/seiseki/report/2017/2017-2kokura12.pdf,official_daily_result_pdf
201710021206,2017,小倉,2,12,6,2017-09-03,https://www.jra.go.jp/datafile/seiseki/report/2017/2017-2kokura12.pdf,official_daily_result_pdf
201710021207,2017,小倉,2,12,7,2017-09-03,https://www.jra.go.jp/datafile/seiseki/report/2017/2017-2kokura12.pdf,official_daily_result_pdf
201710021208,2017,小倉,2,12,8,2017-09-03,https://www.jra.go.jp/datafile/seiseki/report/2017/2017-2kokura12.pdf,official_daily_result_pdf
201710021209,2017,小倉,2,12,9,2017-09-03,https://www.jra.go.jp/datafile/seiseki/report/2017/2017-2kokura12.pdf,official_daily_result_pdf
201710021210,2017,小倉,2,12,10,2017-09-03,https://www.jra.go.jp/datafile/seiseki/report/2017/2017-2kokura12.pdf,official_daily_result_pdf
201710021211,2017,小倉,2,12,11,2017-09-03,https://www.jra.go.jp/datafile/seiseki/report/2017/2017-2kokura12.pdf,official_daily_result_pdf
201710021212,2017,小倉,2,12,12,2017-09-03,https://www.jra.go.jp/datafile/seiseki/report/2017/2017-2kokura12.pdf,official_daily_result_pdf
201801010101,2018,札幌,1,1,1,2018-07-28,https://www.jra.go.jp/datafile/seiseki/report/2018/2018-1sapporo1.pdf,official_daily_result_pdf
201801010102,2018,札幌,1,1,2,2018-07-28,https://www.jra.go.jp/datafile/seiseki/report/2018/2018-1sapporo1.pdf,official_daily_result_pdf
201801010103,2018,札幌,1,1,3,2018-07-28,https://www.jra.go.jp/datafile/seiseki/report/2018/2018-1sapporo1.pdf,official_daily_result_pdf
201801010104,2018,札幌,1,1,4,2018-07-28,https://www.jra.go.jp/datafile/seiseki/report/2018/2018-1sapporo1.pdf,official_daily_result_pdf
201801010105,2018,札幌,1,1,5,2018-07-28,https://www.jra.go.jp/datafile/seiseki/report/2018/2018-1sapporo1.pdf,official_daily_result_pdf
201801010106,2018,札幌,1,1,6,2018-07-28,https://www.jra.go.jp/datafile/seiseki/report/2018/2018-1sapporo1.pdf,official_daily_result_pdf
201801010107,2018,札幌,1,1,7,2018-07-28,https://www.jra.go.jp/datafile/seiseki/report/2018/2018-1sapporo1.pdf,official_daily_result_pdf
201801010108,2018,札幌,1,1,8,2018-07-28,https://www.jra.go.jp/datafile/seiseki/report/2018/2018-1sapporo1.pdf,official_daily_result_pdf
201801010109,2018,札幌,1,1,9,2018-07-28,https://www.jra.go.jp/datafile/seiseki/report/2018/2018-1sapporo1.pdf,official_daily_result_pdf
201801010110,2018,札幌,1,1,10,2018-07-28,https://www.jra.go.jp/datafile/seiseki/report/2018/2018-1sapporo1.pdf,official_daily_result_pdf
201801010111,2018,札幌,1,1,11,2018-07-28,https://www.jra.go.jp/datafile/seiseki/report/2018/2018-1sapporo1.pdf,official_daily_result_pdf
201801010112,2018,札幌,1,1,12,2018-07-28,https://www.jra.go.jp/datafile/seiseki/report/2018/2018-1sapporo1.pdf,official_daily_result_pdf
201801010201,2018,札幌,1,2,1,2018-07-29,https://www.jra.go.jp/datafile/seiseki/report/2018/2018-1sapporo2.pdf,official_daily_result_pdf
201801010202,2018,札幌,1,2,2,2018-07-29,https://www.jra.go.jp/datafile/seiseki/report/2018/2018-1sapporo2.pdf,official_daily_result_pdf
201801010203,2018,札幌,1,2,3,2018-07-29,https://www.jra.go.jp/datafile/seiseki/report/2018/2018-1sapporo2.pdf,official_daily_result_pdf
201801010204,2018,札幌,1,2,4,2018-07-29,https://www.jra.go.jp/datafile/seiseki/report/2018/2018-1sapporo2.pdf,official_daily_result_pdf
201801010205,2018,札幌,1,2,5,2018-07-29,https://www.jra.go.jp/datafile/seiseki/report/2018/2018-1sapporo2.pdf,official_daily_result_pdf
201801010206,2018,札幌,1,2,6,2018-07-29,https://www.jra.go.jp/datafile/seiseki/report/2018/2018-1sapporo2.pdf,official_daily_result_pdf
201801010207,2018,札幌,1,2,7,2018-07-29,https://www.jra.go.jp/datafile/seiseki/report/2018/2018-1sapporo2.pdf,official_daily_result_pdf
201801010208,2018,札幌,1,2,8,2018-07-29,https://www.jra.go.jp/datafile/seiseki/report/2018/2018-1sapporo2.pdf,official_daily_result_pdf
201801010209,2018,札幌,1,2,9,2018-07-29,https://www.jra.go.jp/datafile/seiseki/report/2018/2018-1sapporo2.pdf,official_daily_result_pdf
201801010210,2018,札幌,1,2,10,2018-07-29,https://www.jra.go.jp/datafile/seiseki/report/2018/2018-1sapporo2.pdf,official_daily_result_pdf
201801010211,2018,札幌,1,2,11,2018-07-29,https://www.jra.go.jp/datafile/seiseki/report/2018/2018-1sapporo2.pdf,official_daily_result_pdf
201801010212,2018,札幌,1,2,12,2018-07-29,https://www.jra.go.jp/datafile/seiseki/report/2018/2018-1sapporo2.pdf,official_daily_result_pdf
201801010301,2018,札幌,1,3,1,2018-08-04,https://www.jra.go.jp/datafile/seiseki/report/2018/2018-1sapporo3.pdf,official_daily_result_pdf
201801010302,2018,札幌,1,3,2,2018-08-04,https://www.jra.go.jp/datafile/seiseki/report/2018/2018-1sapporo3.pdf,official_daily_result_pdf
201801010303,2018,札幌,1,3,3,2018-08-04,https://www.jra.go.jp/datafile/seiseki/report/2018/2018-1sapporo3.pdf,official_daily_result_pdf
201801010304,2018,札幌,1,3,4,2018-08-04,https://www.jra.go.jp/datafile/seiseki/report/2018/2018-1sapporo3.pdf,official_daily_result_pdf
201801010305,2018,札幌,1,3,5,2018-08-04,https://www.jra.go.jp/datafile/seiseki/report/2018/2018-1sapporo3.pdf,official_daily_result_pdf
201801010306,2018,札幌,1,3,6,2018-08-04,https://www.jra.go.jp/datafile/seiseki/report/2018/2018-1sapporo3.pdf,official_daily_result_pdf
201801010307,2018,札幌,1,3,7,2018-08-04,https://www.jra.go.jp/datafile/seiseki/report/2018/2018-1sapporo3.pdf,official_daily_result_pdf
201801010308,2018,札幌,1,3,8,2018-08-04,https://www.jra.go.jp/datafile/seiseki/report/2018/2018-1sapporo3.pdf,official_daily_result_pdf
201801010309,2018,札幌,1,3,9,2018-08-04,https://www.jra.go.jp/datafile/seiseki/report/2018/2018-1sapporo3.pdf,official_daily_result_pdf
201801010310,2018,札幌,1,3,10,2018-08-04,https://www.jra.go.jp/datafile/seiseki/report/2018/2018-1sapporo3.pdf,official_daily_result_pdf
201801010311,2018,札幌,1,3,11,2018-08-04,https://www.jra.go.jp/datafile/seiseki/report/2018/2018-1sapporo3.pdf,official_daily_result_pdf
201801010312,2018,札幌,1,3,12,2018-08-04,https://www.jra.go.jp/datafile/seiseki/report/2018/2018-1sapporo3.pdf,official_daily_result_pdf
201801010401,2018,札幌,1,4,1,2018-08-05,https://www.jra.go.jp/datafile/seiseki/report/2018/2018-1sapporo4.pdf,official_daily_result_pdf
201801010402,2018,札幌,1,4,2,2018-08-05,https://www.jra.go.jp/datafile/seiseki/report/2018/2018-1sapporo4.pdf,official_daily_result_pdf
201801010403,2018,札幌,1,4,3,2018-08-05,https://www.jra.go.jp/datafile/seiseki/report/2018/2018-1sapporo4.pdf,official_daily_result_pdf
201801010404,2018,札幌,1,4,4,2018-08-05,https://www.jra.go.jp/datafile/seiseki/report/2018/2018-1sapporo4.pdf,official_daily_result_pdf
201801010405,2018,札幌,1,4,5,2018-08-05,https://www.jra.go.jp/datafile/seiseki/report/2018/2018-1sapporo4.pdf,official_daily_result_pdf
201801010406,2018,札幌,1,4,6,2018-08-05,https://www.jra.go.jp/datafile/seiseki/report/2018/2018-1sapporo4.pdf,official_daily_result_pdf
201801010407,2018,札幌,1,4,7,2018-08-05,https://www.jra.go.jp/datafile/seiseki/report/2018/2018-1sapporo4.pdf,official_daily_result_pdf
201801010408,2018,札幌,1,4,8,2018-08-05,https://www.jra.go.jp/datafile/seiseki/report/2018/2018-1sapporo4.pdf,official_daily_result_pdf
201801010409,2018,札幌,1,4,9,2018-08-05,https://www.jra.go.jp/datafile/seiseki/report/2018/2018-1sapporo4.pdf,official_daily_result_pdf
201801010410,2018,札幌,1,4,10,2018-08-05,https://www.jra.go.jp/datafile/seiseki/report/2018/2018-1sapporo4.pdf,official_daily_result_pdf
201801010411,2018,札幌,1,4,11,2018-08-05,https://www.jra.go.jp/datafile/seiseki/report/2018/2018-1sapporo4.pdf,official_daily_result_pdf
201801010412,2018,札幌,1,4,12,2018-08-05,https://www.jra.go.jp/datafile/seiseki/report/2018/2018-1sapporo4.pdf,official_daily_result_pdf
201801010501,2018,札幌,1,5,1,2018-08-11,https://www.jra.go.jp/datafile/seiseki/report/2018/2018-1sapporo5.pdf,official_daily_result_pdf
201801010502,2018,札幌,1,5,2,2018-08-11,https://www.jra.go.jp/datafile/seiseki/report/2018/2018-1sapporo5.pdf,official_daily_result_pdf
201801010503,2018,札幌,1,5,3,2018-08-11,https://www.jra.go.jp/datafile/seiseki/report/2018/2018-1sapporo5.pdf,official_daily_result_pdf
201801010504,2018,札幌,1,5,4,2018-08-11,https://www.jra.go.jp/datafile/seiseki/report/2018/2018-1sapporo5.pdf,official_daily_result_pdf
201801010505,2018,札幌,1,5,5,2018-08-11,https://www.jra.go.jp/datafile/seiseki/report/2018/2018-1sapporo5.pdf,official_daily_result_pdf
201801010506,2018,札幌,1,5,6,2018-08-11,https://www.jra.go.jp/datafile/seiseki/report/2018/2018-1sapporo5.pdf,official_daily_result_pdf
201801010507,2018,札幌,1,5,7,2018-08-11,https://www.jra.go.jp/datafile/seiseki/report/2018/2018-1sapporo5.pdf,official_daily_result_pdf
201801010508,2018,札幌,1,5,8,2018-08-11,https://www.jra.go.jp/datafile/seiseki/report/2018/2018-1sapporo5.pdf,official_daily_result_pdf
201801010509,2018,札幌,1,5,9,2018-08-11,https://www.jra.go.jp/datafile/seiseki/report/2018/2018-1sapporo5.pdf,official_daily_result_pdf
201801010510,2018,札幌,1,5,10,2018-08-11,https://www.jra.go.jp/datafile/seiseki/report/2018/2018-1sapporo5.pdf,official_daily_result_pdf
201801010511,2018,札幌,1,5,11,2018-08-11,https://www.jra.go.jp/datafile/seiseki/report/2018/2018-1sapporo5.pdf,official_daily_result_pdf
201801010512,2018,札幌,1,5,12,2018-08-11,https://www.jra.go.jp/datafile/seiseki/report/2018/2018-1sapporo5.pdf,official_daily_result_pdf
201801010601,2018,札幌,1,6,1,2018-08-12,https://www.jra.go.jp/datafile/seiseki/report/2018/2018-1sapporo6.pdf,official_daily_result_pdf
201801010602,2018,札幌,1,6,2,2018-08-12,https://www.jra.go.jp/datafile/seiseki/report/2018/2018-1sapporo6.pdf,official_daily_result_pdf
201801010603,2018,札幌,1,6,3,2018-08-12,https://www.jra.go.jp/datafile/seiseki/report/2018/2018-1sapporo6.pdf,official_daily_result_pdf
201801010604,2018,札幌,1,6,4,2018-08-12,https://www.jra.go.jp/datafile/seiseki/report/2018/2018-1sapporo6.pdf,official_daily_result_pdf
201801010605,2018,札幌,1,6,5,2018-08-12,https://www.jra.go.jp/datafile/seiseki/report/2018/2018-1sapporo6.pdf,official_daily_result_pdf
201801010606,2018,札幌,1,6,6,2018-08-12,https://www.jra.go.jp/datafile/seiseki/report/2018/2018-1sapporo6.pdf,official_daily_result_pdf
201801010607,2018,札幌,1,6,7,2018-08-12,https://www.jra.go.jp/datafile/seiseki/report/2018/2018-1sapporo6.pdf,official_daily_result_pdf
201801010608,2018,札幌,1,6,8,2018-08-12,https://www.jra.go.jp/datafile/seiseki/report/2018/2018-1sapporo6.pdf,official_daily_result_pdf
201801010609,2018,札幌,1,6,9,2018-08-12,https://www.jra.go.jp/datafile/seiseki/report/2018/2018-1sapporo6.pdf,official_daily_result_pdf
201801010610,2018,札幌,1,6,10,2018-08-12,https://www.jra.go.jp/datafile/seiseki/report/2018/2018-1sapporo6.pdf,official_daily_result_pdf
201801010611,2018,札幌,1,6,11,2018-08-12,https://www.jra.go.jp/datafile/seiseki/report/2018/2018-1sapporo6.pdf,official_daily_result_pdf
201801010612,2018,札幌,1,6,12,2018-08-12,https://www.jra.go.jp/datafile/seiseki/report/2018/2018-1sapporo6.pdf,official_daily_result_pdf
201801020101,2018,札幌,2,1,1,2018-08-18,https://www.jra.go.jp/datafile/seiseki/report/2018/2018-2sapporo1.pdf,official_daily_result_pdf
201801020102,2018,札幌,2,1,2,2018-08-18,https://www.jra.go.jp/datafile/seiseki/report/2018/2018-2sapporo1.pdf,official_daily_result_pdf
201801020103,2018,札幌,2,1,3,2018-08-18,https://www.jra.go.jp/datafile/seiseki/report/2018/2018-2sapporo1.pdf,official_daily_result_pdf
201801020104,2018,札幌,2,1,4,2018-08-18,https://www.jra.go.jp/datafile/seiseki/report/2018/2018-2sapporo1.pdf,official_daily_result_pdf
201801020105,2018,札幌,2,1,5,2018-08-18,https://www.jra.go.jp/datafile/seiseki/report/2018/2018-2sapporo1.pdf,official_daily_result_pdf
201801020106,2018,札幌,2,1,6,2018-08-18,https://www.jra.go.jp/datafile/seiseki/report/2018/2018-2sapporo1.pdf,official_daily_result_pdf
201801020107,2018,札幌,2,1,7,2018-08-18,https://www.jra.go.jp/datafile/seiseki/report/2018/2018-2sapporo1.pdf,official_daily_result_pdf
201801020108,2018,札幌,2,1,8,2018-08-18,https://www.jra.go.jp/datafile/seiseki/report/2018/2018-2sapporo1.pdf,official_daily_result_pdf
201801020109,2018,札幌,2,1,9,2018-08-18,https://www.jra.go.jp/datafile/seiseki/report/2018/2018-2sapporo1.pdf,official_daily_result_pdf
201801020110,2018,札幌,2,1,10,2018-08-18,https://www.jra.go.jp/datafile/seiseki/report/2018/2018-2sapporo1.pdf,official_daily_result_pdf
201801020111,2018,札幌,2,1,11,2018-08-18,https://www.jra.go.jp/datafile/seiseki/report/2018/2018-2sapporo1.pdf,official_daily_result_pdf
201801020112,2018,札幌,2,1,12,2018-08-18,https://www.jra.go.jp/datafile/seiseki/report/2018/2018-2sapporo1.pdf,official_daily_result_pdf
201801020201,2018,札幌,2,2,1,2018-08-19,https://www.jra.go.jp/datafile/seiseki/report/2018/2018-2sapporo2.pdf,official_daily_result_pdf
201801020202,2018,札幌,2,2,2,2018-08-19,https://www.jra.go.jp/datafile/seiseki/report/2018/2018-2sapporo2.pdf,official_daily_result_pdf
201801020203,2018,札幌,2,2,3,2018-08-19,https://www.jra.go.jp/datafile/seiseki/report/2018/2018-2sapporo2.pdf,official_daily_result_pdf
201801020204,2018,札幌,2,2,4,2018-08-19,https://www.jra.go.jp/datafile/seiseki/report/2018/2018-2sapporo2.pdf,official_daily_result_pdf
201801020205,2018,札幌,2,2,5,2018-08-19,https://www.jra.go.jp/datafile/seiseki/report/2018/2018-2sapporo2.pdf,official_daily_result_pdf
201801020206,2018,札幌,2,2,6,2018-08-19,https://www.jra.go.jp/datafile/seiseki/report/2018/2018-2sapporo2.pdf,official_daily_result_pdf
201801020207,2018,札幌,2,2,7,2018-08-19,https://www.jra.go.jp/datafile/seiseki/report/2018/2018-2sapporo2.pdf,official_daily_result_pdf
201801020208,2018,札幌,2,2,8,2018-08-19,https://www.jra.go.jp/datafile/seiseki/report/2018/2018-2sapporo2.pdf,official_daily_result_pdf
201801020209,2018,札幌,2,2,9,2018-08-19,https://www.jra.go.jp/datafile/seiseki/report/2018/2018-2sapporo2.pdf,official_daily_result_pdf
201801020210,2018,札幌,2,2,10,2018-08-19,https://www.jra.go.jp/datafile/seiseki/report/2018/2018-2sapporo2.pdf,official_daily_result_pdf
201801020211,2018,札幌,2,2,11,2018-08-19,https://www.jra.go.jp/datafile/seiseki/report/2018/2018-2sapporo2.pdf,official_daily_result_pdf
201801020212,2018,札幌,2,2,12,2018-08-19,https://www.jra.go.jp/datafile/seiseki/report/2018/2018-2sapporo2.pdf,official_daily_result_pdf
201801020301,2018,札幌,2,3,1,2018-08-25,https://www.jra.go.jp/datafile/seiseki/report/2018/2018-2sapporo3.pdf,official_daily_result_pdf
201801020302,2018,札幌,2,3,2,2018-08-25,https://www.jra.go.jp/datafile/seiseki/report/2018/2018-2sapporo3.pdf,official_daily_result_pdf
201801020303,2018,札幌,2,3,3,2018-08-25,https://www.jra.go.jp/datafile/seiseki/report/2018/2018-2sapporo3.pdf,official_daily_result_pdf
201801020304,2018,札幌,2,3,4,2018-08-25,https://www.jra.go.jp/datafile/seiseki/report/2018/2018-2sapporo3.pdf,official_daily_result_pdf
201801020305,2018,札幌,2,3,5,2018-08-25,https://www.jra.go.jp/datafile/seiseki/report/2018/2018-2sapporo3.pdf,official_daily_result_pdf
201801020306,2018,札幌,2,3,6,2018-08-25,https://www.jra.go.jp/datafile/seiseki/report/2018/2018-2sapporo3.pdf,official_daily_result_pdf
201801020307,2018,札幌,2,3,7,2018-08-25,https://www.jra.go.jp/datafile/seiseki/report/2018/2018-2sapporo3.pdf,official_daily_result_pdf
201801020308,2018,札幌,2,3,8,2018-08-25,https://www.jra.go.jp/datafile/seiseki/report/2018/2018-2sapporo3.pdf,official_daily_result_pdf
201801020309,2018,札幌,2,3,9,2018-08-25,https://www.jra.go.jp/datafile/seiseki/report/2018/2018-2sapporo3.pdf,official_daily_result_pdf
201801020310,2018,札幌,2,3,10,2018-08-25,https://www.jra.go.jp/datafile/seiseki/report/2018/2018-2sapporo3.pdf,official_daily_result_pdf
201801020311,2018,札幌,2,3,11,2018-08-25,https://www.jra.go.jp/datafile/seiseki/report/2018/2018-2sapporo3.pdf,official_daily_result_pdf
201801020312,2018,札幌,2,3,12,2018-08-25,https://www.jra.go.jp/datafile/seiseki/report/2018/2018-2sapporo3.pdf,official_daily_result_pdf
201801020401,2018,札幌,2,4,1,2018-08-26,https://www.jra.go.jp/datafile/seiseki/report/2018/2018-2sapporo4.pdf,official_daily_result_pdf
201801020402,2018,札幌,2,4,2,2018-08-26,https://www.jra.go.jp/datafile/seiseki/report/2018/2018-2sapporo4.pdf,official_daily_result_pdf
201801020403,2018,札幌,2,4,3,2018-08-26,https://www.jra.go.jp/datafile/seiseki/report/2018/2018-2sapporo4.pdf,official_daily_result_pdf
201801020404,2018,札幌,2,4,4,2018-08-26,https://www.jra.go.jp/datafile/seiseki/report/2018/2018-2sapporo4.pdf,official_daily_result_pdf
201801020405,2018,札幌,2,4,5,2018-08-26,https://www.jra.go.jp/datafile/seiseki/report/2018/2018-2sapporo4.pdf,official_daily_result_pdf
201801020406,2018,札幌,2,4,6,2018-08-26,https://www.jra.go.jp/datafile/seiseki/report/2018/2018-2sapporo4.pdf,official_daily_result_pdf
201801020407,2018,札幌,2,4,7,2018-08-26,https://www.jra.go.jp/datafile/seiseki/report/2018/2018-2sapporo4.pdf,official_daily_result_pdf
201801020408,2018,札幌,2,4,8,2018-08-26,https://www.jra.go.jp/datafile/seiseki/report/2018/2018-2sapporo4.pdf,official_daily_result_pdf
201801020409,2018,札幌,2,4,9,2018-08-26,https://www.jra.go.jp/datafile/seiseki/report/2018/2018-2sapporo4.pdf,official_daily_result_pdf
201801020410,2018,札幌,2,4,10,2018-08-26,https://www.jra.go.jp/datafile/seiseki/report/2018/2018-2sapporo4.pdf,official_daily_result_pdf
201801020411,2018,札幌,2,4,11,2018-08-26,https://www.jra.go.jp/datafile/seiseki/report/2018/2018-2sapporo4.pdf,official_daily_result_pdf
201801020412,2018,札幌,2,4,12,2018-08-26,https://www.jra.go.jp/datafile/seiseki/report/2018/2018-2sapporo4.pdf,official_daily_result_pdf
201801020501,2018,札幌,2,5,1,2018-09-01,https://www.jra.go.jp/datafile/seiseki/report/2018/2018-2sapporo5.pdf,official_daily_result_pdf
201801020502,2018,札幌,2,5,2,2018-09-01,https://www.jra.go.jp/datafile/seiseki/report/2018/2018-2sapporo5.pdf,official_daily_result_pdf
201801020503,2018,札幌,2,5,3,2018-09-01,https://www.jra.go.jp/datafile/seiseki/report/2018/2018-2sapporo5.pdf,official_daily_result_pdf
201801020504,2018,札幌,2,5,4,2018-09-01,https://www.jra.go.jp/datafile/seiseki/report/2018/2018-2sapporo5.pdf,official_daily_result_pdf
201801020505,2018,札幌,2,5,5,2018-09-01,https://www.jra.go.jp/datafile/seiseki/report/2018/2018-2sapporo5.pdf,official_daily_result_pdf
201801020506,2018,札幌,2,5,6,2018-09-01,https://www.jra.go.jp/datafile/seiseki/report/2018/2018-2sapporo5.pdf,official_daily_result_pdf
201801020507,2018,札幌,2,5,7,2018-09-01,https://www.jra.go.jp/datafile/seiseki/report/2018/2018-2sapporo5.pdf,official_daily_result_pdf
201801020508,2018,札幌,2,5,8,2018-09-01,https://www.jra.go.jp/datafile/seiseki/report/2018/2018-2sapporo5.pdf,official_daily_result_pdf
201801020509,2018,札幌,2,5,9,2018-09-01,https://www.jra.go.jp/datafile/seiseki/report/2018/2018-2sapporo5.pdf,official_daily_result_pdf
201801020510,2018,札幌,2,5,10,2018-09-01,https://www.jra.go.jp/datafile/seiseki/report/2018/2018-2sapporo5.pdf,official_daily_result_pdf
201801020511,2018,札幌,2,5,11,2018-09-01,https://www.jra.go.jp/datafile/seiseki/report/2018/2018-2sapporo5.pdf,official_daily_result_pdf
201801020512,2018,札幌,2,5,12,2018-09-01,https://www.jra.go.jp/datafile/seiseki/report/2018/2018-2sapporo5.pdf,official_daily_result_pdf
201801020601,2018,札幌,2,6,1,2018-09-02,https://www.jra.go.jp/datafile/seiseki/report/2018/2018-2sapporo6.pdf,official_daily_result_pdf
201801020602,2018,札幌,2,6,2,2018-09-02,https://www.jra.go.jp/datafile/seiseki/report/2018/2018-2sapporo6.pdf,official_daily_result_pdf
201801020603,2018,札幌,2,6,3,2018-09-02,https://www.jra.go.jp/datafile/seiseki/report/2018/2018-2sapporo6.pdf,official_daily_result_pdf
201801020604,2018,札幌,2,6,4,2018-09-02,https://www.jra.go.jp/datafile/seiseki/report/2018/2018-2sapporo6.pdf,official_daily_result_pdf
201801020605,2018,札幌,2,6,5,2018-09-02,https://www.jra.go.jp/datafile/seiseki/report/2018/2018-2sapporo6.pdf,official_daily_result_pdf
201801020606,2018,札幌,2,6,6,2018-09-02,https://www.jra.go.jp/datafile/seiseki/report/2018/2018-2sapporo6.pdf,official_daily_result_pdf
201801020607,2018,札幌,2,6,7,2018-09-02,https://www.jra.go.jp/datafile/seiseki/report/2018/2018-2sapporo6.pdf,official_daily_result_pdf
201801020608,2018,札幌,2,6,8,2018-09-02,https://www.jra.go.jp/datafile/seiseki/report/2018/2018-2sapporo6.pdf,official_daily_result_pdf
201801020609,2018,札幌,2,6,9,2018-09-02,https://www.jra.go.jp/datafile/seiseki/report/2018/2018-2sapporo6.pdf,official_daily_result_pdf
201801020610,2018,札幌,2,6,10,2018-09-02,https://www.jra.go.jp/datafile/seiseki/report/2018/2018-2sapporo6.pdf,official_daily_result_pdf
201801020611,2018,札幌,2,6,11,2018-09-02,https://www.jra.go.jp/datafile/seiseki/report/2018/2018-2sapporo6.pdf,official_daily_result_pdf
201801020612,2018,札幌,2,6,12,2018-09-02,https://www.jra.go.jp/datafile/seiseki/report/2018/2018-2sapporo6.pdf,official_daily_result_pdf
201802010101,2018,函館,1,1,1,2018-06-16,https://www.jra.go.jp/datafile/seiseki/report/2018/2018-1hakodate1.pdf,official_daily_result_pdf
201802010102,2018,函館,1,1,2,2018-06-16,https://www.jra.go.jp/datafile/seiseki/report/2018/2018-1hakodate1.pdf,official_daily_result_pdf
201802010103,2018,函館,1,1,3,2018-06-16,https://www.jra.go.jp/datafile/seiseki/report/2018/2018-1hakodate1.pdf,official_daily_result_pdf
201802010104,2018,函館,1,1,4,2018-06-16,https://www.jra.go.jp/datafile/seiseki/report/2018/2018-1hakodate1.pdf,official_daily_result_pdf
201802010105,2018,函館,1,1,5,2018-06-16,https://www.jra.go.jp/datafile/seiseki/report/2018/2018-1hakodate1.pdf,official_daily_result_pdf
201802010106,2018,函館,1,1,6,2018-06-16,https://www.jra.go.jp/datafile/seiseki/report/2018/2018-1hakodate1.pdf,official_daily_result_pdf
201802010107,2018,函館,1,1,7,2018-06-16,https://www.jra.go.jp/datafile/seiseki/report/2018/2018-1hakodate1.pdf,official_daily_result_pdf
201802010108,2018,函館,1,1,8,2018-06-16,https://www.jra.go.jp/datafile/seiseki/report/2018/2018-1hakodate1.pdf,official_daily_result_pdf
201802010109,2018,函館,1,1,9,2018-06-16,https://www.jra.go.jp/datafile/seiseki/report/2018/2018-1hakodate1.pdf,official_daily_result_pdf
201802010110,2018,函館,1,1,10,2018-06-16,https://www.jra.go.jp/datafile/seiseki/report/2018/2018-1hakodate1.pdf,official_daily_result_pdf
201802010111,2018,函館,1,1,11,2018-06-16,https://www.jra.go.jp/datafile/seiseki/report/2018/2018-1hakodate1.pdf,official_daily_result_pdf
201802010112,2018,函館,1,1,12,2018-06-16,https://www.jra.go.jp/datafile/seiseki/report/2018/2018-1hakodate1.pdf,official_daily_result_pdf
201802010201,2018,函館,1,2,1,2018-06-17,https://www.jra.go.jp/datafile/seiseki/report/2018/2018-1hakodate2.pdf,official_daily_result_pdf
201802010202,2018,函館,1,2,2,2018-06-17,https://www.jra.go.jp/datafile/seiseki/report/2018/2018-1hakodate2.pdf,official_daily_result_pdf
201802010203,2018,函館,1,2,3,2018-06-17,https://www.jra.go.jp/datafile/seiseki/report/2018/2018-1hakodate2.pdf,official_daily_result_pdf
201802010204,2018,函館,1,2,4,2018-06-17,https://www.jra.go.jp/datafile/seiseki/report/2018/2018-1hakodate2.pdf,official_daily_result_pdf
201802010205,2018,函館,1,2,5,2018-06-17,https://www.jra.go.jp/datafile/seiseki/report/2018/2018-1hakodate2.pdf,official_daily_result_pdf
201802010206,2018,函館,1,2,6,2018-06-17,https://www.jra.go.jp/datafile/seiseki/report/2018/2018-1hakodate2.pdf,official_daily_result_pdf
201802010207,2018,函館,1,2,7,2018-06-17,https://www.jra.go.jp/datafile/seiseki/report/2018/2018-1hakodate2.pdf,official_daily_result_pdf
201802010208,2018,函館,1,2,8,2018-06-17,https://www.jra.go.jp/datafile/seiseki/report/2018/2018-1hakodate2.pdf,official_daily_result_pdf
201802010209,2018,函館,1,2,9,2018-06-17,https://www.jra.go.jp/datafile/seiseki/report/2018/2018-1hakodate2.pdf,official_daily_result_pdf
201802010210,2018,函館,1,2,10,2018-06-17,https://www.jra.go.jp/datafile/seiseki/report/2018/2018-1hakodate2.pdf,official_daily_result_pdf
201802010211,2018,函館,1,2,11,2018-06-17,https://www.jra.go.jp/datafile/seiseki/report/2018/2018-1hakodate2.pdf,official_daily_result_pdf
201802010212,2018,函館,1,2,12,2018-06-17,https://www.jra.go.jp/datafile/seiseki/report/2018/2018-1hakodate2.pdf,official_daily_result_pdf
201802010301,2018,函館,1,3,1,2018-06-23,https://www.jra.go.jp/datafile/seiseki/report/2018/2018-1hakodate3.pdf,official_daily_result_pdf
201802010302,2018,函館,1,3,2,2018-06-23,https://www.jra.go.jp/datafile/seiseki/report/2018/2018-1hakodate3.pdf,official_daily_result_pdf
201802010303,2018,函館,1,3,3,2018-06-23,https://www.jra.go.jp/datafile/seiseki/report/2018/2018-1hakodate3.pdf,official_daily_result_pdf
201802010304,2018,函館,1,3,4,2018-06-23,https://www.jra.go.jp/datafile/seiseki/report/2018/2018-1hakodate3.pdf,official_daily_result_pdf
201802010305,2018,函館,1,3,5,2018-06-23,https://www.jra.go.jp/datafile/seiseki/report/2018/2018-1hakodate3.pdf,official_daily_result_pdf
201802010306,2018,函館,1,3,6,2018-06-23,https://www.jra.go.jp/datafile/seiseki/report/2018/2018-1hakodate3.pdf,official_daily_result_pdf
201802010307,2018,函館,1,3,7,2018-06-23,https://www.jra.go.jp/datafile/seiseki/report/2018/2018-1hakodate3.pdf,official_daily_result_pdf
201802010308,2018,函館,1,3,8,2018-06-23,https://www.jra.go.jp/datafile/seiseki/report/2018/2018-1hakodate3.pdf,official_daily_result_pdf
201802010309,2018,函館,1,3,9,2018-06-23,https://www.jra.go.jp/datafile/seiseki/report/2018/2018-1hakodate3.pdf,official_daily_result_pdf
201802010310,2018,函館,1,3,10,2018-06-23,https://www.jra.go.jp/datafile/seiseki/report/2018/2018-1hakodate3.pdf,official_daily_result_pdf
201802010311,2018,函館,1,3,11,2018-06-23,https://www.jra.go.jp/datafile/seiseki/report/2018/2018-1hakodate3.pdf,official_daily_result_pdf
201802010312,2018,函館,1,3,12,2018-06-23,https://www.jra.go.jp/datafile/seiseki/report/2018/2018-1hakodate3.pdf,official_daily_result_pdf
201802010401,2018,函館,1,4,1,2018-06-24,https://www.jra.go.jp/datafile/seiseki/report/2018/2018-1hakodate4.pdf,official_daily_result_pdf
201802010402,2018,函館,1,4,2,2018-06-24,https://www.jra.go.jp/datafile/seiseki/report/2018/2018-1hakodate4.pdf,official_daily_result_pdf
201802010403,2018,函館,1,4,3,2018-06-24,https://www.jra.go.jp/datafile/seiseki/report/2018/2018-1hakodate4.pdf,official_daily_result_pdf
201802010404,2018,函館,1,4,4,2018-06-24,https://www.jra.go.jp/datafile/seiseki/report/2018/2018-1hakodate4.pdf,official_daily_result_pdf
201802010405,2018,函館,1,4,5,2018-06-24,https://www.jra.go.jp/datafile/seiseki/report/2018/2018-1hakodate4.pdf,official_daily_result_pdf
201802010406,2018,函館,1,4,6,2018-06-24,https://www.jra.go.jp/datafile/seiseki/report/2018/2018-1hakodate4.pdf,official_daily_result_pdf
201802010407,2018,函館,1,4,7,2018-06-24,https://www.jra.go.jp/datafile/seiseki/report/2018/2018-1hakodate4.pdf,official_daily_result_pdf
201802010408,2018,函館,1,4,8,2018-06-24,https://www.jra.go.jp/datafile/seiseki/report/2018/2018-1hakodate4.pdf,official_daily_result_pdf
201802010409,2018,函館,1,4,9,2018-06-24,https://www.jra.go.jp/datafile/seiseki/report/2018/2018-1hakodate4.pdf,official_daily_result_pdf
201802010410,2018,函館,1,4,10,2018-06-24,https://www.jra.go.jp/datafile/seiseki/report/2018/2018-1hakodate4.pdf,official_daily_result_pdf
201802010411,2018,函館,1,4,11,2018-06-24,https://www.jra.go.jp/datafile/seiseki/report/2018/2018-1hakodate4.pdf,official_daily_result_pdf
201802010412,2018,函館,1,4,12,2018-06-24,https://www.jra.go.jp/datafile/seiseki/report/2018/2018-1hakodate4.pdf,official_daily_result_pdf
201802010501,2018,函館,1,5,1,2018-06-30,https://www.jra.go.jp/datafile/seiseki/report/2018/2018-1hakodate5.pdf,official_daily_result_pdf
201802010502,2018,函館,1,5,2,2018-06-30,https://www.jra.go.jp/datafile/seiseki/report/2018/2018-1hakodate5.pdf,official_daily_result_pdf
201802010503,2018,函館,1,5,3,2018-06-30,https://www.jra.go.jp/datafile/seiseki/report/2018/2018-1hakodate5.pdf,official_daily_result_pdf
201802010504,2018,函館,1,5,4,2018-06-30,https://www.jra.go.jp/datafile/seiseki/report/2018/2018-1hakodate5.pdf,official_daily_result_pdf
201802010505,2018,函館,1,5,5,2018-06-30,https://www.jra.go.jp/datafile/seiseki/report/2018/2018-1hakodate5.pdf,official_daily_result_pdf
201802010506,2018,函館,1,5,6,2018-06-30,https://www.jra.go.jp/datafile/seiseki/report/2018/2018-1hakodate5.pdf,official_daily_result_pdf
201802010507,2018,函館,1,5,7,2018-06-30,https://www.jra.go.jp/datafile/seiseki/report/2018/2018-1hakodate5.pdf,official_daily_result_pdf
201802010508,2018,函館,1,5,8,2018-06-30,https://www.jra.go.jp/datafile/seiseki/report/2018/2018-1hakodate5.pdf,official_daily_result_pdf
201802010509,2018,函館,1,5,9,2018-06-30,https://www.jra.go.jp/datafile/seiseki/report/2018/2018-1hakodate5.pdf,official_daily_result_pdf
201802010510,2018,函館,1,5,10,2018-06-30,https://www.jra.go.jp/datafile/seiseki/report/2018/2018-1hakodate5.pdf,official_daily_result_pdf
201802010511,2018,函館,1,5,11,2018-06-30,https://www.jra.go.jp/datafile/seiseki/report/2018/2018-1hakodate5.pdf,official_daily_result_pdf
201802010512,2018,函館,1,5,12,2018-06-30,https://www.jra.go.jp/datafile/seiseki/report/2018/2018-1hakodate5.pdf,official_daily_result_pdf
201802010601,2018,函館,1,6,1,2018-07-01,https://www.jra.go.jp/datafile/seiseki/report/2018/2018-1hakodate6.pdf,official_daily_result_pdf
201802010602,2018,函館,1,6,2,2018-07-01,https://www.jra.go.jp/datafile/seiseki/report/2018/2018-1hakodate6.pdf,official_daily_result_pdf
201802010603,2018,函館,1,6,3,2018-07-01,https://www.jra.go.jp/datafile/seiseki/report/2018/2018-1hakodate6.pdf,official_daily_result_pdf
201802010604,2018,函館,1,6,4,2018-07-01,https://www.jra.go.jp/datafile/seiseki/report/2018/2018-1hakodate6.pdf,official_daily_result_pdf
201802010605,2018,函館,1,6,5,2018-07-01,https://www.jra.go.jp/datafile/seiseki/report/2018/2018-1hakodate6.pdf,official_daily_result_pdf
201802010606,2018,函館,1,6,6,2018-07-01,https://www.jra.go.jp/datafile/seiseki/report/2018/2018-1hakodate6.pdf,official_daily_result_pdf
201802010607,2018,函館,1,6,7,2018-07-01,https://www.jra.go.jp/datafile/seiseki/report/2018/2018-1hakodate6.pdf,official_daily_result_pdf
201802010608,2018,函館,1,6,8,2018-07-01,https://www.jra.go.jp/datafile/seiseki/report/2018/2018-1hakodate6.pdf,official_daily_result_pdf
201802010609,2018,函館,1,6,9,2018-07-01,https://www.jra.go.jp/datafile/seiseki/report/2018/2018-1hakodate6.pdf,official_daily_result_pdf
201802010610,2018,函館,1,6,10,2018-07-01,https://www.jra.go.jp/datafile/seiseki/report/2018/2018-1hakodate6.pdf,official_daily_result_pdf
201802010611,2018,函館,1,6,11,2018-07-01,https://www.jra.go.jp/datafile/seiseki/report/2018/2018-1hakodate6.pdf,official_daily_result_pdf
201802010612,2018,函館,1,6,12,2018-07-01,https://www.jra.go.jp/datafile/seiseki/report/2018/2018-1hakodate6.pdf,official_daily_result_pdf
201802020101,2018,函館,2,1,1,2018-07-07,https://www.jra.go.jp/datafile/seiseki/report/2018/2018-2hakodate1.pdf,official_daily_result_pdf
201802020102,2018,函館,2,1,2,2018-07-07,https://www.jra.go.jp/datafile/seiseki/report/2018/2018-2hakodate1.pdf,official_daily_result_pdf
201802020103,2018,函館,2,1,3,2018-07-07,https://www.jra.go.jp/datafile/seiseki/report/2018/2018-2hakodate1.pdf,official_daily_result_pdf
201802020104,2018,函館,2,1,4,2018-07-07,https://www.jra.go.jp/datafile/seiseki/report/2018/2018-2hakodate1.pdf,official_daily_result_pdf
201802020105,2018,函館,2,1,5,2018-07-07,https://www.jra.go.jp/datafile/seiseki/report/2018/2018-2hakodate1.pdf,official_daily_result_pdf
201802020106,2018,函館,2,1,6,2018-07-07,https://www.jra.go.jp/datafile/seiseki/report/2018/2018-2hakodate1.pdf,official_daily_result_pdf
201802020107,2018,函館,2,1,7,2018-07-07,https://www.jra.go.jp/datafile/seiseki/report/2018/2018-2hakodate1.pdf,official_daily_result_pdf
201802020108,2018,函館,2,1,8,2018-07-07,https://www.jra.go.jp/datafile/seiseki/report/2018/2018-2hakodate1.pdf,official_daily_result_pdf
201802020109,2018,函館,2,1,9,2018-07-07,https://www.jra.go.jp/datafile/seiseki/report/2018/2018-2hakodate1.pdf,official_daily_result_pdf
201802020110,2018,函館,2,1,10,2018-07-07,https://www.jra.go.jp/datafile/seiseki/report/2018/2018-2hakodate1.pdf,official_daily_result_pdf
201802020111,2018,函館,2,1,11,2018-07-07,https://www.jra.go.jp/datafile/seiseki/report/2018/2018-2hakodate1.pdf,official_daily_result_pdf
201802020112,2018,函館,2,1,12,2018-07-07,https://www.jra.go.jp/datafile/seiseki/report/2018/2018-2hakodate1.pdf,official_daily_result_pdf
201802020201,2018,函館,2,2,1,2018-07-08,https://www.jra.go.jp/datafile/seiseki/report/2018/2018-2hakodate2.pdf,official_daily_result_pdf
201802020202,2018,函館,2,2,2,2018-07-08,https://www.jra.go.jp/datafile/seiseki/report/2018/2018-2hakodate2.pdf,official_daily_result_pdf
201802020203,2018,函館,2,2,3,2018-07-08,https://www.jra.go.jp/datafile/seiseki/report/2018/2018-2hakodate2.pdf,official_daily_result_pdf
201802020204,2018,函館,2,2,4,2018-07-08,https://www.jra.go.jp/datafile/seiseki/report/2018/2018-2hakodate2.pdf,official_daily_result_pdf
201802020205,2018,函館,2,2,5,2018-07-08,https://www.jra.go.jp/datafile/seiseki/report/2018/2018-2hakodate2.pdf,official_daily_result_pdf
201802020206,2018,函館,2,2,6,2018-07-08,https://www.jra.go.jp/datafile/seiseki/report/2018/2018-2hakodate2.pdf,official_daily_result_pdf
201802020207,2018,函館,2,2,7,2018-07-08,https://www.jra.go.jp/datafile/seiseki/report/2018/2018-2hakodate2.pdf,official_daily_result_pdf
201802020208,2018,函館,2,2,8,2018-07-08,https://www.jra.go.jp/datafile/seiseki/report/2018/2018-2hakodate2.pdf,official_daily_result_pdf
201802020209,2018,函館,2,2,9,2018-07-08,https://www.jra.go.jp/datafile/seiseki/report/2018/2018-2hakodate2.pdf,official_daily_result_pdf
201802020210,2018,函館,2,2,10,2018-07-08,https://www.jra.go.jp/datafile/seiseki/report/2018/2018-2hakodate2.pdf,official_daily_result_pdf
201802020211,2018,函館,2,2,11,2018-07-08,https://www.jra.go.jp/datafile/seiseki/report/2018/2018-2hakodate2.pdf,official_daily_result_pdf
201802020212,2018,函館,2,2,12,2018-07-08,https://www.jra.go.jp/datafile/seiseki/report/2018/2018-2hakodate2.pdf,official_daily_result_pdf
201802020301,2018,函館,2,3,1,2018-07-14,https://www.jra.go.jp/datafile/seiseki/report/2018/2018-2hakodate3.pdf,official_daily_result_pdf
201802020302,2018,函館,2,3,2,2018-07-14,https://www.jra.go.jp/datafile/seiseki/report/2018/2018-2hakodate3.pdf,official_daily_result_pdf
201802020303,2018,函館,2,3,3,2018-07-14,https://www.jra.go.jp/datafile/seiseki/report/2018/2018-2hakodate3.pdf,official_daily_result_pdf
201802020304,2018,函館,2,3,4,2018-07-14,https://www.jra.go.jp/datafile/seiseki/report/2018/2018-2hakodate3.pdf,official_daily_result_pdf
201802020305,2018,函館,2,3,5,2018-07-14,https://www.jra.go.jp/datafile/seiseki/report/2018/2018-2hakodate3.pdf,official_daily_result_pdf
201802020306,2018,函館,2,3,6,2018-07-14,https://www.jra.go.jp/datafile/seiseki/report/2018/2018-2hakodate3.pdf,official_daily_result_pdf
201802020307,2018,函館,2,3,7,2018-07-14,https://www.jra.go.jp/datafile/seiseki/report/2018/2018-2hakodate3.pdf,official_daily_result_pdf
201802020308,2018,函館,2,3,8,2018-07-14,https://www.jra.go.jp/datafile/seiseki/report/2018/2018-2hakodate3.pdf,official_daily_result_pdf
201802020309,2018,函館,2,3,9,2018-07-14,https://www.jra.go.jp/datafile/seiseki/report/2018/2018-2hakodate3.pdf,official_daily_result_pdf
201802020310,2018,函館,2,3,10,2018-07-14,https://www.jra.go.jp/datafile/seiseki/report/2018/2018-2hakodate3.pdf,official_daily_result_pdf
201802020311,2018,函館,2,3,11,2018-07-14,https://www.jra.go.jp/datafile/seiseki/report/2018/2018-2hakodate3.pdf,official_daily_result_pdf
201802020312,2018,函館,2,3,12,2018-07-14,https://www.jra.go.jp/datafile/seiseki/report/2018/2018-2hakodate3.pdf,official_daily_result_pdf
201802020401,2018,函館,2,4,1,2018-07-15,https://www.jra.go.jp/datafile/seiseki/report/2018/2018-2hakodate4.pdf,official_daily_result_pdf
201802020402,2018,函館,2,4,2,2018-07-15,https://www.jra.go.jp/datafile/seiseki/report/2018/2018-2hakodate4.pdf,official_daily_result_pdf
201802020403,2018,函館,2,4,3,2018-07-15,https://www.jra.go.jp/datafile/seiseki/report/2018/2018-2hakodate4.pdf,official_daily_result_pdf
201802020404,2018,函館,2,4,4,2018-07-15,https://www.jra.go.jp/datafile/seiseki/report/2018/2018-2hakodate4.pdf,official_daily_result_pdf
201802020405,2018,函館,2,4,5,2018-07-15,https://www.jra.go.jp/datafile/seiseki/report/2018/2018-2hakodate4.pdf,official_daily_result_pdf
201802020406,2018,函館,2,4,6,2018-07-15,https://www.jra.go.jp/datafile/seiseki/report/2018/2018-2hakodate4.pdf,official_daily_result_pdf
201802020407,2018,函館,2,4,7,2018-07-15,https://www.jra.go.jp/datafile/seiseki/report/2018/2018-2hakodate4.pdf,official_daily_result_pdf
201802020408,2018,函館,2,4,8,2018-07-15,https://www.jra.go.jp/datafile/seiseki/report/2018/2018-2hakodate4.pdf,official_daily_result_pdf
201802020409,2018,函館,2,4,9,2018-07-15,https://www.jra.go.jp/datafile/seiseki/report/2018/2018-2hakodate4.pdf,official_daily_result_pdf
201802020410,2018,函館,2,4,10,2018-07-15,https://www.jra.go.jp/datafile/seiseki/report/2018/2018-2hakodate4.pdf,official_daily_result_pdf
201802020411,2018,函館,2,4,11,2018-07-15,https://www.jra.go.jp/datafile/seiseki/report/2018/2018-2hakodate4.pdf,official_daily_result_pdf
201802020412,2018,函館,2,4,12,2018-07-15,https://www.jra.go.jp/datafile/seiseki/report/2018/2018-2hakodate4.pdf,official_daily_result_pdf
201802020501,2018,函館,2,5,1,2018-07-21,https://www.jra.go.jp/datafile/seiseki/report/2018/2018-2hakodate5.pdf,official_daily_result_pdf
201802020502,2018,函館,2,5,2,2018-07-21,https://www.jra.go.jp/datafile/seiseki/report/2018/2018-2hakodate5.pdf,official_daily_result_pdf
201802020503,2018,函館,2,5,3,2018-07-21,https://www.jra.go.jp/datafile/seiseki/report/2018/2018-2hakodate5.pdf,official_daily_result_pdf
201802020504,2018,函館,2,5,4,2018-07-21,https://www.jra.go.jp/datafile/seiseki/report/2018/2018-2hakodate5.pdf,official_daily_result_pdf
201802020505,2018,函館,2,5,5,2018-07-21,https://www.jra.go.jp/datafile/seiseki/report/2018/2018-2hakodate5.pdf,official_daily_result_pdf
201802020506,2018,函館,2,5,6,2018-07-21,https://www.jra.go.jp/datafile/seiseki/report/2018/2018-2hakodate5.pdf,official_daily_result_pdf
201802020507,2018,函館,2,5,7,2018-07-21,https://www.jra.go.jp/datafile/seiseki/report/2018/2018-2hakodate5.pdf,official_daily_result_pdf
201802020508,2018,函館,2,5,8,2018-07-21,https://www.jra.go.jp/datafile/seiseki/report/2018/2018-2hakodate5.pdf,official_daily_result_pdf
201802020509,2018,函館,2,5,9,2018-07-21,https://www.jra.go.jp/datafile/seiseki/report/2018/2018-2hakodate5.pdf,official_daily_result_pdf
201802020510,2018,函館,2,5,10,2018-07-21,https://www.jra.go.jp/datafile/seiseki/report/2018/2018-2hakodate5.pdf,official_daily_result_pdf
201802020511,2018,函館,2,5,11,2018-07-21,https://www.jra.go.jp/datafile/seiseki/report/2018/2018-2hakodate5.pdf,official_daily_result_pdf
201802020512,2018,函館,2,5,12,2018-07-21,https://www.jra.go.jp/datafile/seiseki/report/2018/2018-2hakodate5.pdf,official_daily_result_pdf
201802020601,2018,函館,2,6,1,2018-07-22,https://www.jra.go.jp/datafile/seiseki/report/2018/2018-2hakodate6.pdf,official_daily_result_pdf
201802020602,2018,函館,2,6,2,2018-07-22,https://www.jra.go.jp/datafile/seiseki/report/2018/2018-2hakodate6.pdf,official_daily_result_pdf
201802020603,2018,函館,2,6,3,2018-07-22,https://www.jra.go.jp/datafile/seiseki/report/2018/2018-2hakodate6.pdf,official_daily_result_pdf
201802020604,2018,函館,2,6,4,2018-07-22,https://www.jra.go.jp/datafile/seiseki/report/2018/2018-2hakodate6.pdf,official_daily_result_pdf
201802020605,2018,函館,2,6,5,2018-07-22,https://www.jra.go.jp/datafile/seiseki/report/2018/2018-2hakodate6.pdf,official_daily_result_pdf
201802020606,2018,函館,2,6,6,2018-07-22,https://www.jra.go.jp/datafile/seiseki/report/2018/2018-2hakodate6.pdf,official_daily_result_pdf
201802020607,2018,函館,2,6,7,2018-07-22,https://www.jra.go.jp/datafile/seiseki/report/2018/2018-2hakodate6.pdf,official_daily_result_pdf
201802020608,2018,函館,2,6,8,2018-07-22,https://www.jra.go.jp/datafile/seiseki/report/2018/2018-2hakodate6.pdf,official_daily_result_pdf
201802020609,2018,函館,2,6,9,2018-07-22,https://www.jra.go.jp/datafile/seiseki/report/2018/2018-2hakodate6.pdf,official_daily_result_pdf
201802020610,2018,函館,2,6,10,2018-07-22,https://www.jra.go.jp/datafile/seiseki/report/2018/2018-2hakodate6.pdf,official_daily_result_pdf
201802020611,2018,函館,2,6,11,2018-07-22,https://www.jra.go.jp/datafile/seiseki/report/2018/2018-2hakodate6.pdf,official_daily_result_pdf
201802020612,2018,函館,2,6,12,2018-07-22,https://www.jra.go.jp/datafile/seiseki/report/2018/2018-2hakodate6.pdf,official_daily_result_pdf
201803010101,2018,福島,1,1,1,2018-04-07,https://www.jra.go.jp/datafile/seiseki/report/2018/2018-1fukushima1.pdf,official_daily_result_pdf
201803010102,2018,福島,1,1,2,2018-04-07,https://www.jra.go.jp/datafile/seiseki/report/2018/2018-1fukushima1.pdf,official_daily_result_pdf
201803010103,2018,福島,1,1,3,2018-04-07,https://www.jra.go.jp/datafile/seiseki/report/2018/2018-1fukushima1.pdf,official_daily_result_pdf
201803010104,2018,福島,1,1,4,2018-04-07,https://www.jra.go.jp/datafile/seiseki/report/2018/2018-1fukushima1.pdf,official_daily_result_pdf
201803010105,2018,福島,1,1,5,2018-04-07,https://www.jra.go.jp/datafile/seiseki/report/2018/2018-1fukushima1.pdf,official_daily_result_pdf
201803010106,2018,福島,1,1,6,2018-04-07,https://www.jra.go.jp/datafile/seiseki/report/2018/2018-1fukushima1.pdf,official_daily_result_pdf
201803010107,2018,福島,1,1,7,2018-04-07,https://www.jra.go.jp/datafile/seiseki/report/2018/2018-1fukushima1.pdf,official_daily_result_pdf
201803010108,2018,福島,1,1,8,2018-04-07,https://www.jra.go.jp/datafile/seiseki/report/2018/2018-1fukushima1.pdf,official_daily_result_pdf
201803010109,2018,福島,1,1,9,2018-04-07,https://www.jra.go.jp/datafile/seiseki/report/2018/2018-1fukushima1.pdf,official_daily_result_pdf
201803010110,2018,福島,1,1,10,2018-04-07,https://www.jra.go.jp/datafile/seiseki/report/2018/2018-1fukushima1.pdf,official_daily_result_pdf
201803010111,2018,福島,1,1,11,2018-04-07,https://www.jra.go.jp/datafile/seiseki/report/2018/2018-1fukushima1.pdf,official_daily_result_pdf
201803010112,2018,福島,1,1,12,2018-04-07,https://www.jra.go.jp/datafile/seiseki/report/2018/2018-1fukushima1.pdf,official_daily_result_pdf
201803010201,2018,福島,1,2,1,2018-04-08,https://www.jra.go.jp/datafile/seiseki/report/2018/2018-1fukushima2.pdf,official_daily_result_pdf
201803010202,2018,福島,1,2,2,2018-04-08,https://www.jra.go.jp/datafile/seiseki/report/2018/2018-1fukushima2.pdf,official_daily_result_pdf
201803010203,2018,福島,1,2,3,2018-04-08,https://www.jra.go.jp/datafile/seiseki/report/2018/2018-1fukushima2.pdf,official_daily_result_pdf
201803010204,2018,福島,1,2,4,2018-04-08,https://www.jra.go.jp/datafile/seiseki/report/2018/2018-1fukushima2.pdf,official_daily_result_pdf
201803010205,2018,福島,1,2,5,2018-04-08,https://www.jra.go.jp/datafile/seiseki/report/2018/2018-1fukushima2.pdf,official_daily_result_pdf
201803010206,2018,福島,1,2,6,2018-04-08,https://www.jra.go.jp/datafile/seiseki/report/2018/2018-1fukushima2.pdf,official_daily_result_pdf
201803010207,2018,福島,1,2,7,2018-04-08,https://www.jra.go.jp/datafile/seiseki/report/2018/2018-1fukushima2.pdf,official_daily_result_pdf
201803010208,2018,福島,1,2,8,2018-04-08,https://www.jra.go.jp/datafile/seiseki/report/2018/2018-1fukushima2.pdf,official_daily_result_pdf
201803010209,2018,福島,1,2,9,2018-04-08,https://www.jra.go.jp/datafile/seiseki/report/2018/2018-1fukushima2.pdf,official_daily_result_pdf
201803010210,2018,福島,1,2,10,2018-04-08,https://www.jra.go.jp/datafile/seiseki/report/2018/2018-1fukushima2.pdf,official_daily_result_pdf
201803010211,2018,福島,1,2,11,2018-04-08,https://www.jra.go.jp/datafile/seiseki/report/2018/2018-1fukushima2.pdf,official_daily_result_pdf
201803010212,2018,福島,1,2,12,2018-04-08,https://www.jra.go.jp/datafile/seiseki/report/2018/2018-1fukushima2.pdf,official_daily_result_pdf
201803010301,2018,福島,1,3,1,2018-04-14,https://www.jra.go.jp/datafile/seiseki/report/2018/2018-1fukushima3.pdf,official_daily_result_pdf
201803010302,2018,福島,1,3,2,2018-04-14,https://www.jra.go.jp/datafile/seiseki/report/2018/2018-1fukushima3.pdf,official_daily_result_pdf
201803010303,2018,福島,1,3,3,2018-04-14,https://www.jra.go.jp/datafile/seiseki/report/2018/2018-1fukushima3.pdf,official_daily_result_pdf
201803010304,2018,福島,1,3,4,2018-04-14,https://www.jra.go.jp/datafile/seiseki/report/2018/2018-1fukushima3.pdf,official_daily_result_pdf
201803010305,2018,福島,1,3,5,2018-04-14,https://www.jra.go.jp/datafile/seiseki/report/2018/2018-1fukushima3.pdf,official_daily_result_pdf
201803010306,2018,福島,1,3,6,2018-04-14,https://www.jra.go.jp/datafile/seiseki/report/2018/2018-1fukushima3.pdf,official_daily_result_pdf
201803010307,2018,福島,1,3,7,2018-04-14,https://www.jra.go.jp/datafile/seiseki/report/2018/2018-1fukushima3.pdf,official_daily_result_pdf
201803010308,2018,福島,1,3,8,2018-04-14,https://www.jra.go.jp/datafile/seiseki/report/2018/2018-1fukushima3.pdf,official_daily_result_pdf
201803010309,2018,福島,1,3,9,2018-04-14,https://www.jra.go.jp/datafile/seiseki/report/2018/2018-1fukushima3.pdf,official_daily_result_pdf
201803010310,2018,福島,1,3,10,2018-04-14,https://www.jra.go.jp/datafile/seiseki/report/2018/2018-1fukushima3.pdf,official_daily_result_pdf
201803010311,2018,福島,1,3,11,2018-04-14,https://www.jra.go.jp/datafile/seiseki/report/2018/2018-1fukushima3.pdf,official_daily_result_pdf
201803010312,2018,福島,1,3,12,2018-04-14,https://www.jra.go.jp/datafile/seiseki/report/2018/2018-1fukushima3.pdf,official_daily_result_pdf
201803010401,2018,福島,1,4,1,2018-04-15,https://www.jra.go.jp/datafile/seiseki/report/2018/2018-1fukushima4.pdf,official_daily_result_pdf
201803010402,2018,福島,1,4,2,2018-04-15,https://www.jra.go.jp/datafile/seiseki/report/2018/2018-1fukushima4.pdf,official_daily_result_pdf
201803010403,2018,福島,1,4,3,2018-04-15,https://www.jra.go.jp/datafile/seiseki/report/2018/2018-1fukushima4.pdf,official_daily_result_pdf
201803010404,2018,福島,1,4,4,2018-04-15,https://www.jra.go.jp/datafile/seiseki/report/2018/2018-1fukushima4.pdf,official_daily_result_pdf
201803010405,2018,福島,1,4,5,2018-04-15,https://www.jra.go.jp/datafile/seiseki/report/2018/2018-1fukushima4.pdf,official_daily_result_pdf
201803010406,2018,福島,1,4,6,2018-04-15,https://www.jra.go.jp/datafile/seiseki/report/2018/2018-1fukushima4.pdf,official_daily_result_pdf
201803010407,2018,福島,1,4,7,2018-04-15,https://www.jra.go.jp/datafile/seiseki/report/2018/2018-1fukushima4.pdf,official_daily_result_pdf
201803010408,2018,福島,1,4,8,2018-04-15,https://www.jra.go.jp/datafile/seiseki/report/2018/2018-1fukushima4.pdf,official_daily_result_pdf
201803010409,2018,福島,1,4,9,2018-04-15,https://www.jra.go.jp/datafile/seiseki/report/2018/2018-1fukushima4.pdf,official_daily_result_pdf
201803010410,2018,福島,1,4,10,2018-04-15,https://www.jra.go.jp/datafile/seiseki/report/2018/2018-1fukushima4.pdf,official_daily_result_pdf
201803010411,2018,福島,1,4,11,2018-04-15,https://www.jra.go.jp/datafile/seiseki/report/2018/2018-1fukushima4.pdf,official_daily_result_pdf
201803010412,2018,福島,1,4,12,2018-04-15,https://www.jra.go.jp/datafile/seiseki/report/2018/2018-1fukushima4.pdf,official_daily_result_pdf
201803010501,2018,福島,1,5,1,2018-04-21,https://www.jra.go.jp/datafile/seiseki/report/2018/2018-1fukushima5.pdf,official_daily_result_pdf
201803010502,2018,福島,1,5,2,2018-04-21,https://www.jra.go.jp/datafile/seiseki/report/2018/2018-1fukushima5.pdf,official_daily_result_pdf
201803010503,2018,福島,1,5,3,2018-04-21,https://www.jra.go.jp/datafile/seiseki/report/2018/2018-1fukushima5.pdf,official_daily_result_pdf
201803010504,2018,福島,1,5,4,2018-04-21,https://www.jra.go.jp/datafile/seiseki/report/2018/2018-1fukushima5.pdf,official_daily_result_pdf
201803010505,2018,福島,1,5,5,2018-04-21,https://www.jra.go.jp/datafile/seiseki/report/2018/2018-1fukushima5.pdf,official_daily_result_pdf
201803010506,2018,福島,1,5,6,2018-04-21,https://www.jra.go.jp/datafile/seiseki/report/2018/2018-1fukushima5.pdf,official_daily_result_pdf
201803010507,2018,福島,1,5,7,2018-04-21,https://www.jra.go.jp/datafile/seiseki/report/2018/2018-1fukushima5.pdf,official_daily_result_pdf
201803010508,2018,福島,1,5,8,2018-04-21,https://www.jra.go.jp/datafile/seiseki/report/2018/2018-1fukushima5.pdf,official_daily_result_pdf
201803010509,2018,福島,1,5,9,2018-04-21,https://www.jra.go.jp/datafile/seiseki/report/2018/2018-1fukushima5.pdf,official_daily_result_pdf
201803010510,2018,福島,1,5,10,2018-04-21,https://www.jra.go.jp/datafile/seiseki/report/2018/2018-1fukushima5.pdf,official_daily_result_pdf
201803010511,2018,福島,1,5,11,2018-04-21,https://www.jra.go.jp/datafile/seiseki/report/2018/2018-1fukushima5.pdf,official_daily_result_pdf
201803010512,2018,福島,1,5,12,2018-04-21,https://www.jra.go.jp/datafile/seiseki/report/2018/2018-1fukushima5.pdf,official_daily_result_pdf
201803010601,2018,福島,1,6,1,2018-04-22,https://www.jra.go.jp/datafile/seiseki/report/2018/2018-1fukushima6.pdf,official_daily_result_pdf
201803010602,2018,福島,1,6,2,2018-04-22,https://www.jra.go.jp/datafile/seiseki/report/2018/2018-1fukushima6.pdf,official_daily_result_pdf
201803010603,2018,福島,1,6,3,2018-04-22,https://www.jra.go.jp/datafile/seiseki/report/2018/2018-1fukushima6.pdf,official_daily_result_pdf
201803010604,2018,福島,1,6,4,2018-04-22,https://www.jra.go.jp/datafile/seiseki/report/2018/2018-1fukushima6.pdf,official_daily_result_pdf
201803010605,2018,福島,1,6,5,2018-04-22,https://www.jra.go.jp/datafile/seiseki/report/2018/2018-1fukushima6.pdf,official_daily_result_pdf
201803010606,2018,福島,1,6,6,2018-04-22,https://www.jra.go.jp/datafile/seiseki/report/2018/2018-1fukushima6.pdf,official_daily_result_pdf
201803010607,2018,福島,1,6,7,2018-04-22,https://www.jra.go.jp/datafile/seiseki/report/2018/2018-1fukushima6.pdf,official_daily_result_pdf
201803010608,2018,福島,1,6,8,2018-04-22,https://www.jra.go.jp/datafile/seiseki/report/2018/2018-1fukushima6.pdf,official_daily_result_pdf
201803010609,2018,福島,1,6,9,2018-04-22,https://www.jra.go.jp/datafile/seiseki/report/2018/2018-1fukushima6.pdf,official_daily_result_pdf
201803010610,2018,福島,1,6,10,2018-04-22,https://www.jra.go.jp/datafile/seiseki/report/2018/2018-1fukushima6.pdf,official_daily_result_pdf
201803010611,2018,福島,1,6,11,2018-04-22,https://www.jra.go.jp/datafile/seiseki/report/2018/2018-1fukushima6.pdf,official_daily_result_pdf
201803010612,2018,福島,1,6,12,2018-04-22,https://www.jra.go.jp/datafile/seiseki/report/2018/2018-1fukushima6.pdf,official_daily_result_pdf
201803020101,2018,福島,2,1,1,2018-06-30,https://www.jra.go.jp/datafile/seiseki/report/2018/2018-2fukushima1.pdf,official_daily_result_pdf
201803020102,2018,福島,2,1,2,2018-06-30,https://www.jra.go.jp/datafile/seiseki/report/2018/2018-2fukushima1.pdf,official_daily_result_pdf
201803020103,2018,福島,2,1,3,2018-06-30,https://www.jra.go.jp/datafile/seiseki/report/2018/2018-2fukushima1.pdf,official_daily_result_pdf
201803020104,2018,福島,2,1,4,2018-06-30,https://www.jra.go.jp/datafile/seiseki/report/2018/2018-2fukushima1.pdf,official_daily_result_pdf
201803020105,2018,福島,2,1,5,2018-06-30,https://www.jra.go.jp/datafile/seiseki/report/2018/2018-2fukushima1.pdf,official_daily_result_pdf
201803020106,2018,福島,2,1,6,2018-06-30,https://www.jra.go.jp/datafile/seiseki/report/2018/2018-2fukushima1.pdf,official_daily_result_pdf
201803020107,2018,福島,2,1,7,2018-06-30,https://www.jra.go.jp/datafile/seiseki/report/2018/2018-2fukushima1.pdf,official_daily_result_pdf
201803020108,2018,福島,2,1,8,2018-06-30,https://www.jra.go.jp/datafile/seiseki/report/2018/2018-2fukushima1.pdf,official_daily_result_pdf
201803020109,2018,福島,2,1,9,2018-06-30,https://www.jra.go.jp/datafile/seiseki/report/2018/2018-2fukushima1.pdf,official_daily_result_pdf
201803020110,2018,福島,2,1,10,2018-06-30,https://www.jra.go.jp/datafile/seiseki/report/2018/2018-2fukushima1.pdf,official_daily_result_pdf
201803020111,2018,福島,2,1,11,2018-06-30,https://www.jra.go.jp/datafile/seiseki/report/2018/2018-2fukushima1.pdf,official_daily_result_pdf
201803020112,2018,福島,2,1,12,2018-06-30,https://www.jra.go.jp/datafile/seiseki/report/2018/2018-2fukushima1.pdf,official_daily_result_pdf
201803020201,2018,福島,2,2,1,2018-07-01,https://www.jra.go.jp/datafile/seiseki/report/2018/2018-2fukushima2.pdf,official_daily_result_pdf
201803020202,2018,福島,2,2,2,2018-07-01,https://www.jra.go.jp/datafile/seiseki/report/2018/2018-2fukushima2.pdf,official_daily_result_pdf
201803020203,2018,福島,2,2,3,2018-07-01,https://www.jra.go.jp/datafile/seiseki/report/2018/2018-2fukushima2.pdf,official_daily_result_pdf
201803020204,2018,福島,2,2,4,2018-07-01,https://www.jra.go.jp/datafile/seiseki/report/2018/2018-2fukushima2.pdf,official_daily_result_pdf
201803020205,2018,福島,2,2,5,2018-07-01,https://www.jra.go.jp/datafile/seiseki/report/2018/2018-2fukushima2.pdf,official_daily_result_pdf
201803020206,2018,福島,2,2,6,2018-07-01,https://www.jra.go.jp/datafile/seiseki/report/2018/2018-2fukushima2.pdf,official_daily_result_pdf
201803020207,2018,福島,2,2,7,2018-07-01,https://www.jra.go.jp/datafile/seiseki/report/2018/2018-2fukushima2.pdf,official_daily_result_pdf
201803020208,2018,福島,2,2,8,2018-07-01,https://www.jra.go.jp/datafile/seiseki/report/2018/2018-2fukushima2.pdf,official_daily_result_pdf
201803020209,2018,福島,2,2,9,2018-07-01,https://www.jra.go.jp/datafile/seiseki/report/2018/2018-2fukushima2.pdf,official_daily_result_pdf
201803020210,2018,福島,2,2,10,2018-07-01,https://www.jra.go.jp/datafile/seiseki/report/2018/2018-2fukushima2.pdf,official_daily_result_pdf
201803020211,2018,福島,2,2,11,2018-07-01,https://www.jra.go.jp/datafile/seiseki/report/2018/2018-2fukushima2.pdf,official_daily_result_pdf
201803020212,2018,福島,2,2,12,2018-07-01,https://www.jra.go.jp/datafile/seiseki/report/2018/2018-2fukushima2.pdf,official_daily_result_pdf
201803020301,2018,福島,2,3,1,2018-07-07,https://www.jra.go.jp/datafile/seiseki/report/2018/2018-2fukushima3.pdf,official_daily_result_pdf
201803020302,2018,福島,2,3,2,2018-07-07,https://www.jra.go.jp/datafile/seiseki/report/2018/2018-2fukushima3.pdf,official_daily_result_pdf
201803020303,2018,福島,2,3,3,2018-07-07,https://www.jra.go.jp/datafile/seiseki/report/2018/2018-2fukushima3.pdf,official_daily_result_pdf
201803020304,2018,福島,2,3,4,2018-07-07,https://www.jra.go.jp/datafile/seiseki/report/2018/2018-2fukushima3.pdf,official_daily_result_pdf
201803020305,2018,福島,2,3,5,2018-07-07,https://www.jra.go.jp/datafile/seiseki/report/2018/2018-2fukushima3.pdf,official_daily_result_pdf
201803020306,2018,福島,2,3,6,2018-07-07,https://www.jra.go.jp/datafile/seiseki/report/2018/2018-2fukushima3.pdf,official_daily_result_pdf
201803020307,2018,福島,2,3,7,2018-07-07,https://www.jra.go.jp/datafile/seiseki/report/2018/2018-2fukushima3.pdf,official_daily_result_pdf
201803020308,2018,福島,2,3,8,2018-07-07,https://www.jra.go.jp/datafile/seiseki/report/2018/2018-2fukushima3.pdf,official_daily_result_pdf
201803020309,2018,福島,2,3,9,2018-07-07,https://www.jra.go.jp/datafile/seiseki/report/2018/2018-2fukushima3.pdf,official_daily_result_pdf
201803020310,2018,福島,2,3,10,2018-07-07,https://www.jra.go.jp/datafile/seiseki/report/2018/2018-2fukushima3.pdf,official_daily_result_pdf
201803020311,2018,福島,2,3,11,2018-07-07,https://www.jra.go.jp/datafile/seiseki/report/2018/2018-2fukushima3.pdf,official_daily_result_pdf
201803020312,2018,福島,2,3,12,2018-07-07,https://www.jra.go.jp/datafile/seiseki/report/2018/2018-2fukushima3.pdf,official_daily_result_pdf
201803020401,2018,福島,2,4,1,2018-07-08,https://www.jra.go.jp/datafile/seiseki/report/2018/2018-2fukushima4.pdf,official_daily_result_pdf
201803020402,2018,福島,2,4,2,2018-07-08,https://www.jra.go.jp/datafile/seiseki/report/2018/2018-2fukushima4.pdf,official_daily_result_pdf
201803020403,2018,福島,2,4,3,2018-07-08,https://www.jra.go.jp/datafile/seiseki/report/2018/2018-2fukushima4.pdf,official_daily_result_pdf
201803020404,2018,福島,2,4,4,2018-07-08,https://www.jra.go.jp/datafile/seiseki/report/2018/2018-2fukushima4.pdf,official_daily_result_pdf
201803020405,2018,福島,2,4,5,2018-07-08,https://www.jra.go.jp/datafile/seiseki/report/2018/2018-2fukushima4.pdf,official_daily_result_pdf
201803020406,2018,福島,2,4,6,2018-07-08,https://www.jra.go.jp/datafile/seiseki/report/2018/2018-2fukushima4.pdf,official_daily_result_pdf
201803020407,2018,福島,2,4,7,2018-07-08,https://www.jra.go.jp/datafile/seiseki/report/2018/2018-2fukushima4.pdf,official_daily_result_pdf
201803020408,2018,福島,2,4,8,2018-07-08,https://www.jra.go.jp/datafile/seiseki/report/2018/2018-2fukushima4.pdf,official_daily_result_pdf
201803020409,2018,福島,2,4,9,2018-07-08,https://www.jra.go.jp/datafile/seiseki/report/2018/2018-2fukushima4.pdf,official_daily_result_pdf
201803020410,2018,福島,2,4,10,2018-07-08,https://www.jra.go.jp/datafile/seiseki/report/2018/2018-2fukushima4.pdf,official_daily_result_pdf
201803020411,2018,福島,2,4,11,2018-07-08,https://www.jra.go.jp/datafile/seiseki/report/2018/2018-2fukushima4.pdf,official_daily_result_pdf
201803020412,2018,福島,2,4,12,2018-07-08,https://www.jra.go.jp/datafile/seiseki/report/2018/2018-2fukushima4.pdf,official_daily_result_pdf
201803020501,2018,福島,2,5,1,2018-07-14,https://www.jra.go.jp/datafile/seiseki/report/2018/2018-2fukushima5.pdf,official_daily_result_pdf
201803020502,2018,福島,2,5,2,2018-07-14,https://www.jra.go.jp/datafile/seiseki/report/2018/2018-2fukushima5.pdf,official_daily_result_pdf
201803020503,2018,福島,2,5,3,2018-07-14,https://www.jra.go.jp/datafile/seiseki/report/2018/2018-2fukushima5.pdf,official_daily_result_pdf
201803020504,2018,福島,2,5,4,2018-07-14,https://www.jra.go.jp/datafile/seiseki/report/2018/2018-2fukushima5.pdf,official_daily_result_pdf
201803020505,2018,福島,2,5,5,2018-07-14,https://www.jra.go.jp/datafile/seiseki/report/2018/2018-2fukushima5.pdf,official_daily_result_pdf
201803020506,2018,福島,2,5,6,2018-07-14,https://www.jra.go.jp/datafile/seiseki/report/2018/2018-2fukushima5.pdf,official_daily_result_pdf
201803020507,2018,福島,2,5,7,2018-07-14,https://www.jra.go.jp/datafile/seiseki/report/2018/2018-2fukushima5.pdf,official_daily_result_pdf
201803020508,2018,福島,2,5,8,2018-07-14,https://www.jra.go.jp/datafile/seiseki/report/2018/2018-2fukushima5.pdf,official_daily_result_pdf
201803020509,2018,福島,2,5,9,2018-07-14,https://www.jra.go.jp/datafile/seiseki/report/2018/2018-2fukushima5.pdf,official_daily_result_pdf
201803020510,2018,福島,2,5,10,2018-07-14,https://www.jra.go.jp/datafile/seiseki/report/2018/2018-2fukushima5.pdf,official_daily_result_pdf
201803020511,2018,福島,2,5,11,2018-07-14,https://www.jra.go.jp/datafile/seiseki/report/2018/2018-2fukushima5.pdf,official_daily_result_pdf
201803020512,2018,福島,2,5,12,2018-07-14,https://www.jra.go.jp/datafile/seiseki/report/2018/2018-2fukushima5.pdf,official_daily_result_pdf
201803020601,2018,福島,2,6,1,2018-07-15,https://www.jra.go.jp/datafile/seiseki/report/2018/2018-2fukushima6.pdf,official_daily_result_pdf
201803020602,2018,福島,2,6,2,2018-07-15,https://www.jra.go.jp/datafile/seiseki/report/2018/2018-2fukushima6.pdf,official_daily_result_pdf
201803020603,2018,福島,2,6,3,2018-07-15,https://www.jra.go.jp/datafile/seiseki/report/2018/2018-2fukushima6.pdf,official_daily_result_pdf
201803020604,2018,福島,2,6,4,2018-07-15,https://www.jra.go.jp/datafile/seiseki/report/2018/2018-2fukushima6.pdf,official_daily_result_pdf
201803020605,2018,福島,2,6,5,2018-07-15,https://www.jra.go.jp/datafile/seiseki/report/2018/2018-2fukushima6.pdf,official_daily_result_pdf
201803020606,2018,福島,2,6,6,2018-07-15,https://www.jra.go.jp/datafile/seiseki/report/2018/2018-2fukushima6.pdf,official_daily_result_pdf
201803020607,2018,福島,2,6,7,2018-07-15,https://www.jra.go.jp/datafile/seiseki/report/2018/2018-2fukushima6.pdf,official_daily_result_pdf
201803020608,2018,福島,2,6,8,2018-07-15,https://www.jra.go.jp/datafile/seiseki/report/2018/2018-2fukushima6.pdf,official_daily_result_pdf
201803020609,2018,福島,2,6,9,2018-07-15,https://www.jra.go.jp/datafile/seiseki/report/2018/2018-2fukushima6.pdf,official_daily_result_pdf
201803020610,2018,福島,2,6,10,2018-07-15,https://www.jra.go.jp/datafile/seiseki/report/2018/2018-2fukushima6.pdf,official_daily_result_pdf
201803020611,2018,福島,2,6,11,2018-07-15,https://www.jra.go.jp/datafile/seiseki/report/2018/2018-2fukushima6.pdf,official_daily_result_pdf
201803020612,2018,福島,2,6,12,2018-07-15,https://www.jra.go.jp/datafile/seiseki/report/2018/2018-2fukushima6.pdf,official_daily_result_pdf
201803020701,2018,福島,2,7,1,2018-07-21,https://www.jra.go.jp/datafile/seiseki/report/2018/2018-2fukushima7.pdf,official_daily_result_pdf
201803020702,2018,福島,2,7,2,2018-07-21,https://www.jra.go.jp/datafile/seiseki/report/2018/2018-2fukushima7.pdf,official_daily_result_pdf
201803020703,2018,福島,2,7,3,2018-07-21,https://www.jra.go.jp/datafile/seiseki/report/2018/2018-2fukushima7.pdf,official_daily_result_pdf
201803020704,2018,福島,2,7,4,2018-07-21,https://www.jra.go.jp/datafile/seiseki/report/2018/2018-2fukushima7.pdf,official_daily_result_pdf
201803020705,2018,福島,2,7,5,2018-07-21,https://www.jra.go.jp/datafile/seiseki/report/2018/2018-2fukushima7.pdf,official_daily_result_pdf
201803020706,2018,福島,2,7,6,2018-07-21,https://www.jra.go.jp/datafile/seiseki/report/2018/2018-2fukushima7.pdf,official_daily_result_pdf
201803020707,2018,福島,2,7,7,2018-07-21,https://www.jra.go.jp/datafile/seiseki/report/2018/2018-2fukushima7.pdf,official_daily_result_pdf
201803020708,2018,福島,2,7,8,2018-07-21,https://www.jra.go.jp/datafile/seiseki/report/2018/2018-2fukushima7.pdf,official_daily_result_pdf
201803020709,2018,福島,2,7,9,2018-07-21,https://www.jra.go.jp/datafile/seiseki/report/2018/2018-2fukushima7.pdf,official_daily_result_pdf
201803020710,2018,福島,2,7,10,2018-07-21,https://www.jra.go.jp/datafile/seiseki/report/2018/2018-2fukushima7.pdf,official_daily_result_pdf
201803020711,2018,福島,2,7,11,2018-07-21,https://www.jra.go.jp/datafile/seiseki/report/2018/2018-2fukushima7.pdf,official_daily_result_pdf
201803020712,2018,福島,2,7,12,2018-07-21,https://www.jra.go.jp/datafile/seiseki/report/2018/2018-2fukushima7.pdf,official_daily_result_pdf
201803020801,2018,福島,2,8,1,2018-07-22,https://www.jra.go.jp/datafile/seiseki/report/2018/2018-2fukushima8.pdf,official_daily_result_pdf
201803020802,2018,福島,2,8,2,2018-07-22,https://www.jra.go.jp/datafile/seiseki/report/2018/2018-2fukushima8.pdf,official_daily_result_pdf
201803020803,2018,福島,2,8,3,2018-07-22,https://www.jra.go.jp/datafile/seiseki/report/2018/2018-2fukushima8.pdf,official_daily_result_pdf
201803020804,2018,福島,2,8,4,2018-07-22,https://www.jra.go.jp/datafile/seiseki/report/2018/2018-2fukushima8.pdf,official_daily_result_pdf
201803020805,2018,福島,2,8,5,2018-07-22,https://www.jra.go.jp/datafile/seiseki/report/2018/2018-2fukushima8.pdf,official_daily_result_pdf
201803020806,2018,福島,2,8,6,2018-07-22,https://www.jra.go.jp/datafile/seiseki/report/2018/2018-2fukushima8.pdf,official_daily_result_pdf
201803020807,2018,福島,2,8,7,2018-07-22,https://www.jra.go.jp/datafile/seiseki/report/2018/2018-2fukushima8.pdf,official_daily_result_pdf
201803020808,2018,福島,2,8,8,2018-07-22,https://www.jra.go.jp/datafile/seiseki/report/2018/2018-2fukushima8.pdf,official_daily_result_pdf
201803020809,2018,福島,2,8,9,2018-07-22,https://www.jra.go.jp/datafile/seiseki/report/2018/2018-2fukushima8.pdf,official_daily_result_pdf
201803020810,2018,福島,2,8,10,2018-07-22,https://www.jra.go.jp/datafile/seiseki/report/2018/2018-2fukushima8.pdf,official_daily_result_pdf
201803020811,2018,福島,2,8,11,2018-07-22,https://www.jra.go.jp/datafile/seiseki/report/2018/2018-2fukushima8.pdf,official_daily_result_pdf
201803020812,2018,福島,2,8,12,2018-07-22,https://www.jra.go.jp/datafile/seiseki/report/2018/2018-2fukushima8.pdf,official_daily_result_pdf
201803030101,2018,福島,3,1,1,2018-11-03,https://www.jra.go.jp/datafile/seiseki/report/2018/2018-3fukushima1.pdf,official_daily_result_pdf
201803030102,2018,福島,3,1,2,2018-11-03,https://www.jra.go.jp/datafile/seiseki/report/2018/2018-3fukushima1.pdf,official_daily_result_pdf
201803030103,2018,福島,3,1,3,2018-11-03,https://www.jra.go.jp/datafile/seiseki/report/2018/2018-3fukushima1.pdf,official_daily_result_pdf
201803030104,2018,福島,3,1,4,2018-11-03,https://www.jra.go.jp/datafile/seiseki/report/2018/2018-3fukushima1.pdf,official_daily_result_pdf
201803030105,2018,福島,3,1,5,2018-11-03,https://www.jra.go.jp/datafile/seiseki/report/2018/2018-3fukushima1.pdf,official_daily_result_pdf
201803030106,2018,福島,3,1,6,2018-11-03,https://www.jra.go.jp/datafile/seiseki/report/2018/2018-3fukushima1.pdf,official_daily_result_pdf
201803030107,2018,福島,3,1,7,2018-11-03,https://www.jra.go.jp/datafile/seiseki/report/2018/2018-3fukushima1.pdf,official_daily_result_pdf
201803030108,2018,福島,3,1,8,2018-11-03,https://www.jra.go.jp/datafile/seiseki/report/2018/2018-3fukushima1.pdf,official_daily_result_pdf
201803030109,2018,福島,3,1,9,2018-11-03,https://www.jra.go.jp/datafile/seiseki/report/2018/2018-3fukushima1.pdf,official_daily_result_pdf
201803030110,2018,福島,3,1,10,2018-11-03,https://www.jra.go.jp/datafile/seiseki/report/2018/2018-3fukushima1.pdf,official_daily_result_pdf
201803030111,2018,福島,3,1,11,2018-11-03,https://www.jra.go.jp/datafile/seiseki/report/2018/2018-3fukushima1.pdf,official_daily_result_pdf
201803030112,2018,福島,3,1,12,2018-11-03,https://www.jra.go.jp/datafile/seiseki/report/2018/2018-3fukushima1.pdf,official_daily_result_pdf
201803030201,2018,福島,3,2,1,2018-11-04,https://www.jra.go.jp/datafile/seiseki/report/2018/2018-3fukushima2.pdf,official_daily_result_pdf
201803030202,2018,福島,3,2,2,2018-11-04,https://www.jra.go.jp/datafile/seiseki/report/2018/2018-3fukushima2.pdf,official_daily_result_pdf
201803030203,2018,福島,3,2,3,2018-11-04,https://www.jra.go.jp/datafile/seiseki/report/2018/2018-3fukushima2.pdf,official_daily_result_pdf
201803030204,2018,福島,3,2,4,2018-11-04,https://www.jra.go.jp/datafile/seiseki/report/2018/2018-3fukushima2.pdf,official_daily_result_pdf
201803030205,2018,福島,3,2,5,2018-11-04,https://www.jra.go.jp/datafile/seiseki/report/2018/2018-3fukushima2.pdf,official_daily_result_pdf
201803030206,2018,福島,3,2,6,2018-11-04,https://www.jra.go.jp/datafile/seiseki/report/2018/2018-3fukushima2.pdf,official_daily_result_pdf
201803030207,2018,福島,3,2,7,2018-11-04,https://www.jra.go.jp/datafile/seiseki/report/2018/2018-3fukushima2.pdf,official_daily_result_pdf
201803030208,2018,福島,3,2,8,2018-11-04,https://www.jra.go.jp/datafile/seiseki/report/2018/2018-3fukushima2.pdf,official_daily_result_pdf
201803030209,2018,福島,3,2,9,2018-11-04,https://www.jra.go.jp/datafile/seiseki/report/2018/2018-3fukushima2.pdf,official_daily_result_pdf
201803030210,2018,福島,3,2,10,2018-11-04,https://www.jra.go.jp/datafile/seiseki/report/2018/2018-3fukushima2.pdf,official_daily_result_pdf
201803030211,2018,福島,3,2,11,2018-11-04,https://www.jra.go.jp/datafile/seiseki/report/2018/2018-3fukushima2.pdf,official_daily_result_pdf
201803030212,2018,福島,3,2,12,2018-11-04,https://www.jra.go.jp/datafile/seiseki/report/2018/2018-3fukushima2.pdf,official_daily_result_pdf
201803030301,2018,福島,3,3,1,2018-11-10,https://www.jra.go.jp/datafile/seiseki/report/2018/2018-3fukushima3.pdf,official_daily_result_pdf
201803030302,2018,福島,3,3,2,2018-11-10,https://www.jra.go.jp/datafile/seiseki/report/2018/2018-3fukushima3.pdf,official_daily_result_pdf
201803030303,2018,福島,3,3,3,2018-11-10,https://www.jra.go.jp/datafile/seiseki/report/2018/2018-3fukushima3.pdf,official_daily_result_pdf
201803030304,2018,福島,3,3,4,2018-11-10,https://www.jra.go.jp/datafile/seiseki/report/2018/2018-3fukushima3.pdf,official_daily_result_pdf
201803030305,2018,福島,3,3,5,2018-11-10,https://www.jra.go.jp/datafile/seiseki/report/2018/2018-3fukushima3.pdf,official_daily_result_pdf
201803030306,2018,福島,3,3,6,2018-11-10,https://www.jra.go.jp/datafile/seiseki/report/2018/2018-3fukushima3.pdf,official_daily_result_pdf
201803030307,2018,福島,3,3,7,2018-11-10,https://www.jra.go.jp/datafile/seiseki/report/2018/2018-3fukushima3.pdf,official_daily_result_pdf
201803030308,2018,福島,3,3,8,2018-11-10,https://www.jra.go.jp/datafile/seiseki/report/2018/2018-3fukushima3.pdf,official_daily_result_pdf
201803030309,2018,福島,3,3,9,2018-11-10,https://www.jra.go.jp/datafile/seiseki/report/2018/2018-3fukushima3.pdf,official_daily_result_pdf
201803030310,2018,福島,3,3,10,2018-11-10,https://www.jra.go.jp/datafile/seiseki/report/2018/2018-3fukushima3.pdf,official_daily_result_pdf
201803030311,2018,福島,3,3,11,2018-11-10,https://www.jra.go.jp/datafile/seiseki/report/2018/2018-3fukushima3.pdf,official_daily_result_pdf
201803030312,2018,福島,3,3,12,2018-11-10,https://www.jra.go.jp/datafile/seiseki/report/2018/2018-3fukushima3.pdf,official_daily_result_pdf
201803030401,2018,福島,3,4,1,2018-11-11,https://www.jra.go.jp/datafile/seiseki/report/2018/2018-3fukushima4.pdf,official_daily_result_pdf
201803030402,2018,福島,3,4,2,2018-11-11,https://www.jra.go.jp/datafile/seiseki/report/2018/2018-3fukushima4.pdf,official_daily_result_pdf
201803030403,2018,福島,3,4,3,2018-11-11,https://www.jra.go.jp/datafile/seiseki/report/2018/2018-3fukushima4.pdf,official_daily_result_pdf
201803030404,2018,福島,3,4,4,2018-11-11,https://www.jra.go.jp/datafile/seiseki/report/2018/2018-3fukushima4.pdf,official_daily_result_pdf
201803030405,2018,福島,3,4,5,2018-11-11,https://www.jra.go.jp/datafile/seiseki/report/2018/2018-3fukushima4.pdf,official_daily_result_pdf
201803030406,2018,福島,3,4,6,2018-11-11,https://www.jra.go.jp/datafile/seiseki/report/2018/2018-3fukushima4.pdf,official_daily_result_pdf
201803030407,2018,福島,3,4,7,2018-11-11,https://www.jra.go.jp/datafile/seiseki/report/2018/2018-3fukushima4.pdf,official_daily_result_pdf
201803030408,2018,福島,3,4,8,2018-11-11,https://www.jra.go.jp/datafile/seiseki/report/2018/2018-3fukushima4.pdf,official_daily_result_pdf
201803030409,2018,福島,3,4,9,2018-11-11,https://www.jra.go.jp/datafile/seiseki/report/2018/2018-3fukushima4.pdf,official_daily_result_pdf
201803030410,2018,福島,3,4,10,2018-11-11,https://www.jra.go.jp/datafile/seiseki/report/2018/2018-3fukushima4.pdf,official_daily_result_pdf
201803030411,2018,福島,3,4,11,2018-11-11,https://www.jra.go.jp/datafile/seiseki/report/2018/2018-3fukushima4.pdf,official_daily_result_pdf
201803030412,2018,福島,3,4,12,2018-11-11,https://www.jra.go.jp/datafile/seiseki/report/2018/2018-3fukushima4.pdf,official_daily_result_pdf
201803030501,2018,福島,3,5,1,2018-11-17,https://www.jra.go.jp/datafile/seiseki/report/2018/2018-3fukushima5.pdf,official_daily_result_pdf
201803030502,2018,福島,3,5,2,2018-11-17,https://www.jra.go.jp/datafile/seiseki/report/2018/2018-3fukushima5.pdf,official_daily_result_pdf
201803030503,2018,福島,3,5,3,2018-11-17,https://www.jra.go.jp/datafile/seiseki/report/2018/2018-3fukushima5.pdf,official_daily_result_pdf
201803030504,2018,福島,3,5,4,2018-11-17,https://www.jra.go.jp/datafile/seiseki/report/2018/2018-3fukushima5.pdf,official_daily_result_pdf
201803030505,2018,福島,3,5,5,2018-11-17,https://www.jra.go.jp/datafile/seiseki/report/2018/2018-3fukushima5.pdf,official_daily_result_pdf
201803030506,2018,福島,3,5,6,2018-11-17,https://www.jra.go.jp/datafile/seiseki/report/2018/2018-3fukushima5.pdf,official_daily_result_pdf
201803030507,2018,福島,3,5,7,2018-11-17,https://www.jra.go.jp/datafile/seiseki/report/2018/2018-3fukushima5.pdf,official_daily_result_pdf
201803030508,2018,福島,3,5,8,2018-11-17,https://www.jra.go.jp/datafile/seiseki/report/2018/2018-3fukushima5.pdf,official_daily_result_pdf
201803030509,2018,福島,3,5,9,2018-11-17,https://www.jra.go.jp/datafile/seiseki/report/2018/2018-3fukushima5.pdf,official_daily_result_pdf
201803030510,2018,福島,3,5,10,2018-11-17,https://www.jra.go.jp/datafile/seiseki/report/2018/2018-3fukushima5.pdf,official_daily_result_pdf
201803030511,2018,福島,3,5,11,2018-11-17,https://www.jra.go.jp/datafile/seiseki/report/2018/2018-3fukushima5.pdf,official_daily_result_pdf
201803030512,2018,福島,3,5,12,2018-11-17,https://www.jra.go.jp/datafile/seiseki/report/2018/2018-3fukushima5.pdf,official_daily_result_pdf
201803030601,2018,福島,3,6,1,2018-11-18,https://www.jra.go.jp/datafile/seiseki/report/2018/2018-3fukushima6.pdf,official_daily_result_pdf
201803030602,2018,福島,3,6,2,2018-11-18,https://www.jra.go.jp/datafile/seiseki/report/2018/2018-3fukushima6.pdf,official_daily_result_pdf
201803030603,2018,福島,3,6,3,2018-11-18,https://www.jra.go.jp/datafile/seiseki/report/2018/2018-3fukushima6.pdf,official_daily_result_pdf
201803030604,2018,福島,3,6,4,2018-11-18,https://www.jra.go.jp/datafile/seiseki/report/2018/2018-3fukushima6.pdf,official_daily_result_pdf
201803030605,2018,福島,3,6,5,2018-11-18,https://www.jra.go.jp/datafile/seiseki/report/2018/2018-3fukushima6.pdf,official_daily_result_pdf
201803030606,2018,福島,3,6,6,2018-11-18,https://www.jra.go.jp/datafile/seiseki/report/2018/2018-3fukushima6.pdf,official_daily_result_pdf
201803030607,2018,福島,3,6,7,2018-11-18,https://www.jra.go.jp/datafile/seiseki/report/2018/2018-3fukushima6.pdf,official_daily_result_pdf
201803030608,2018,福島,3,6,8,2018-11-18,https://www.jra.go.jp/datafile/seiseki/report/2018/2018-3fukushima6.pdf,official_daily_result_pdf
201803030609,2018,福島,3,6,9,2018-11-18,https://www.jra.go.jp/datafile/seiseki/report/2018/2018-3fukushima6.pdf,official_daily_result_pdf
201803030610,2018,福島,3,6,10,2018-11-18,https://www.jra.go.jp/datafile/seiseki/report/2018/2018-3fukushima6.pdf,official_daily_result_pdf
201803030611,2018,福島,3,6,11,2018-11-18,https://www.jra.go.jp/datafile/seiseki/report/2018/2018-3fukushima6.pdf,official_daily_result_pdf
201803030612,2018,福島,3,6,12,2018-11-18,https://www.jra.go.jp/datafile/seiseki/report/2018/2018-3fukushima6.pdf,official_daily_result_pdf
201804010101,2018,新潟,1,1,1,2018-04-28,https://www.jra.go.jp/datafile/seiseki/report/2018/2018-1niigata1.pdf,official_daily_result_pdf
201804010102,2018,新潟,1,1,2,2018-04-28,https://www.jra.go.jp/datafile/seiseki/report/2018/2018-1niigata1.pdf,official_daily_result_pdf
201804010103,2018,新潟,1,1,3,2018-04-28,https://www.jra.go.jp/datafile/seiseki/report/2018/2018-1niigata1.pdf,official_daily_result_pdf
201804010104,2018,新潟,1,1,4,2018-04-28,https://www.jra.go.jp/datafile/seiseki/report/2018/2018-1niigata1.pdf,official_daily_result_pdf
201804010105,2018,新潟,1,1,5,2018-04-28,https://www.jra.go.jp/datafile/seiseki/report/2018/2018-1niigata1.pdf,official_daily_result_pdf
201804010106,2018,新潟,1,1,6,2018-04-28,https://www.jra.go.jp/datafile/seiseki/report/2018/2018-1niigata1.pdf,official_daily_result_pdf
201804010107,2018,新潟,1,1,7,2018-04-28,https://www.jra.go.jp/datafile/seiseki/report/2018/2018-1niigata1.pdf,official_daily_result_pdf
201804010108,2018,新潟,1,1,8,2018-04-28,https://www.jra.go.jp/datafile/seiseki/report/2018/2018-1niigata1.pdf,official_daily_result_pdf
201804010109,2018,新潟,1,1,9,2018-04-28,https://www.jra.go.jp/datafile/seiseki/report/2018/2018-1niigata1.pdf,official_daily_result_pdf
201804010110,2018,新潟,1,1,10,2018-04-28,https://www.jra.go.jp/datafile/seiseki/report/2018/2018-1niigata1.pdf,official_daily_result_pdf
201804010111,2018,新潟,1,1,11,2018-04-28,https://www.jra.go.jp/datafile/seiseki/report/2018/2018-1niigata1.pdf,official_daily_result_pdf
201804010112,2018,新潟,1,1,12,2018-04-28,https://www.jra.go.jp/datafile/seiseki/report/2018/2018-1niigata1.pdf,official_daily_result_pdf
201804010201,2018,新潟,1,2,1,2018-04-29,https://www.jra.go.jp/datafile/seiseki/report/2018/2018-1niigata2.pdf,official_daily_result_pdf
201804010202,2018,新潟,1,2,2,2018-04-29,https://www.jra.go.jp/datafile/seiseki/report/2018/2018-1niigata2.pdf,official_daily_result_pdf
201804010203,2018,新潟,1,2,3,2018-04-29,https://www.jra.go.jp/datafile/seiseki/report/2018/2018-1niigata2.pdf,official_daily_result_pdf
201804010204,2018,新潟,1,2,4,2018-04-29,https://www.jra.go.jp/datafile/seiseki/report/2018/2018-1niigata2.pdf,official_daily_result_pdf
201804010205,2018,新潟,1,2,5,2018-04-29,https://www.jra.go.jp/datafile/seiseki/report/2018/2018-1niigata2.pdf,official_daily_result_pdf
201804010206,2018,新潟,1,2,6,2018-04-29,https://www.jra.go.jp/datafile/seiseki/report/2018/2018-1niigata2.pdf,official_daily_result_pdf
201804010207,2018,新潟,1,2,7,2018-04-29,https://www.jra.go.jp/datafile/seiseki/report/2018/2018-1niigata2.pdf,official_daily_result_pdf
201804010208,2018,新潟,1,2,8,2018-04-29,https://www.jra.go.jp/datafile/seiseki/report/2018/2018-1niigata2.pdf,official_daily_result_pdf
201804010209,2018,新潟,1,2,9,2018-04-29,https://www.jra.go.jp/datafile/seiseki/report/2018/2018-1niigata2.pdf,official_daily_result_pdf
201804010210,2018,新潟,1,2,10,2018-04-29,https://www.jra.go.jp/datafile/seiseki/report/2018/2018-1niigata2.pdf,official_daily_result_pdf
201804010211,2018,新潟,1,2,11,2018-04-29,https://www.jra.go.jp/datafile/seiseki/report/2018/2018-1niigata2.pdf,official_daily_result_pdf
201804010212,2018,新潟,1,2,12,2018-04-29,https://www.jra.go.jp/datafile/seiseki/report/2018/2018-1niigata2.pdf,official_daily_result_pdf
201804010301,2018,新潟,1,3,1,2018-05-05,https://www.jra.go.jp/datafile/seiseki/report/2018/2018-1niigata3.pdf,official_daily_result_pdf
201804010302,2018,新潟,1,3,2,2018-05-05,https://www.jra.go.jp/datafile/seiseki/report/2018/2018-1niigata3.pdf,official_daily_result_pdf
201804010303,2018,新潟,1,3,3,2018-05-05,https://www.jra.go.jp/datafile/seiseki/report/2018/2018-1niigata3.pdf,official_daily_result_pdf
201804010304,2018,新潟,1,3,4,2018-05-05,https://www.jra.go.jp/datafile/seiseki/report/2018/2018-1niigata3.pdf,official_daily_result_pdf
201804010305,2018,新潟,1,3,5,2018-05-05,https://www.jra.go.jp/datafile/seiseki/report/2018/2018-1niigata3.pdf,official_daily_result_pdf
201804010306,2018,新潟,1,3,6,2018-05-05,https://www.jra.go.jp/datafile/seiseki/report/2018/2018-1niigata3.pdf,official_daily_result_pdf
201804010307,2018,新潟,1,3,7,2018-05-05,https://www.jra.go.jp/datafile/seiseki/report/2018/2018-1niigata3.pdf,official_daily_result_pdf
201804010308,2018,新潟,1,3,8,2018-05-05,https://www.jra.go.jp/datafile/seiseki/report/2018/2018-1niigata3.pdf,official_daily_result_pdf
201804010309,2018,新潟,1,3,9,2018-05-05,https://www.jra.go.jp/datafile/seiseki/report/2018/2018-1niigata3.pdf,official_daily_result_pdf
201804010310,2018,新潟,1,3,10,2018-05-05,https://www.jra.go.jp/datafile/seiseki/report/2018/2018-1niigata3.pdf,official_daily_result_pdf
201804010311,2018,新潟,1,3,11,2018-05-05,https://www.jra.go.jp/datafile/seiseki/report/2018/2018-1niigata3.pdf,official_daily_result_pdf
201804010312,2018,新潟,1,3,12,2018-05-05,https://www.jra.go.jp/datafile/seiseki/report/2018/2018-1niigata3.pdf,official_daily_result_pdf
201804010401,2018,新潟,1,4,1,2018-05-06,https://www.jra.go.jp/datafile/seiseki/report/2018/2018-1niigata4.pdf,official_daily_result_pdf
201804010402,2018,新潟,1,4,2,2018-05-06,https://www.jra.go.jp/datafile/seiseki/report/2018/2018-1niigata4.pdf,official_daily_result_pdf
201804010403,2018,新潟,1,4,3,2018-05-06,https://www.jra.go.jp/datafile/seiseki/report/2018/2018-1niigata4.pdf,official_daily_result_pdf
201804010404,2018,新潟,1,4,4,2018-05-06,https://www.jra.go.jp/datafile/seiseki/report/2018/2018-1niigata4.pdf,official_daily_result_pdf
201804010405,2018,新潟,1,4,5,2018-05-06,https://www.jra.go.jp/datafile/seiseki/report/2018/2018-1niigata4.pdf,official_daily_result_pdf
201804010406,2018,新潟,1,4,6,2018-05-06,https://www.jra.go.jp/datafile/seiseki/report/2018/2018-1niigata4.pdf,official_daily_result_pdf
201804010407,2018,新潟,1,4,7,2018-05-06,https://www.jra.go.jp/datafile/seiseki/report/2018/2018-1niigata4.pdf,official_daily_result_pdf
201804010408,2018,新潟,1,4,8,2018-05-06,https://www.jra.go.jp/datafile/seiseki/report/2018/2018-1niigata4.pdf,official_daily_result_pdf
201804010409,2018,新潟,1,4,9,2018-05-06,https://www.jra.go.jp/datafile/seiseki/report/2018/2018-1niigata4.pdf,official_daily_result_pdf
201804010410,2018,新潟,1,4,10,2018-05-06,https://www.jra.go.jp/datafile/seiseki/report/2018/2018-1niigata4.pdf,official_daily_result_pdf
201804010411,2018,新潟,1,4,11,2018-05-06,https://www.jra.go.jp/datafile/seiseki/report/2018/2018-1niigata4.pdf,official_daily_result_pdf
201804010412,2018,新潟,1,4,12,2018-05-06,https://www.jra.go.jp/datafile/seiseki/report/2018/2018-1niigata4.pdf,official_daily_result_pdf
201804010501,2018,新潟,1,5,1,2018-05-12,https://www.jra.go.jp/datafile/seiseki/report/2018/2018-1niigata5.pdf,official_daily_result_pdf
201804010502,2018,新潟,1,5,2,2018-05-12,https://www.jra.go.jp/datafile/seiseki/report/2018/2018-1niigata5.pdf,official_daily_result_pdf
201804010503,2018,新潟,1,5,3,2018-05-12,https://www.jra.go.jp/datafile/seiseki/report/2018/2018-1niigata5.pdf,official_daily_result_pdf
201804010504,2018,新潟,1,5,4,2018-05-12,https://www.jra.go.jp/datafile/seiseki/report/2018/2018-1niigata5.pdf,official_daily_result_pdf
201804010505,2018,新潟,1,5,5,2018-05-12,https://www.jra.go.jp/datafile/seiseki/report/2018/2018-1niigata5.pdf,official_daily_result_pdf
201804010506,2018,新潟,1,5,6,2018-05-12,https://www.jra.go.jp/datafile/seiseki/report/2018/2018-1niigata5.pdf,official_daily_result_pdf
201804010507,2018,新潟,1,5,7,2018-05-12,https://www.jra.go.jp/datafile/seiseki/report/2018/2018-1niigata5.pdf,official_daily_result_pdf
201804010508,2018,新潟,1,5,8,2018-05-12,https://www.jra.go.jp/datafile/seiseki/report/2018/2018-1niigata5.pdf,official_daily_result_pdf
201804010509,2018,新潟,1,5,9,2018-05-12,https://www.jra.go.jp/datafile/seiseki/report/2018/2018-1niigata5.pdf,official_daily_result_pdf
201804010510,2018,新潟,1,5,10,2018-05-12,https://www.jra.go.jp/datafile/seiseki/report/2018/2018-1niigata5.pdf,official_daily_result_pdf
201804010511,2018,新潟,1,5,11,2018-05-12,https://www.jra.go.jp/datafile/seiseki/report/2018/2018-1niigata5.pdf,official_daily_result_pdf
201804010512,2018,新潟,1,5,12,2018-05-12,https://www.jra.go.jp/datafile/seiseki/report/2018/2018-1niigata5.pdf,official_daily_result_pdf
201804010601,2018,新潟,1,6,1,2018-05-13,https://www.jra.go.jp/datafile/seiseki/report/2018/2018-1niigata6.pdf,official_daily_result_pdf
201804010602,2018,新潟,1,6,2,2018-05-13,https://www.jra.go.jp/datafile/seiseki/report/2018/2018-1niigata6.pdf,official_daily_result_pdf
201804010603,2018,新潟,1,6,3,2018-05-13,https://www.jra.go.jp/datafile/seiseki/report/2018/2018-1niigata6.pdf,official_daily_result_pdf
201804010604,2018,新潟,1,6,4,2018-05-13,https://www.jra.go.jp/datafile/seiseki/report/2018/2018-1niigata6.pdf,official_daily_result_pdf
201804010605,2018,新潟,1,6,5,2018-05-13,https://www.jra.go.jp/datafile/seiseki/report/2018/2018-1niigata6.pdf,official_daily_result_pdf
201804010606,2018,新潟,1,6,6,2018-05-13,https://www.jra.go.jp/datafile/seiseki/report/2018/2018-1niigata6.pdf,official_daily_result_pdf
201804010607,2018,新潟,1,6,7,2018-05-13,https://www.jra.go.jp/datafile/seiseki/report/2018/2018-1niigata6.pdf,official_daily_result_pdf
201804010608,2018,新潟,1,6,8,2018-05-13,https://www.jra.go.jp/datafile/seiseki/report/2018/2018-1niigata6.pdf,official_daily_result_pdf
201804010609,2018,新潟,1,6,9,2018-05-13,https://www.jra.go.jp/datafile/seiseki/report/2018/2018-1niigata6.pdf,official_daily_result_pdf
201804010610,2018,新潟,1,6,10,2018-05-13,https://www.jra.go.jp/datafile/seiseki/report/2018/2018-1niigata6.pdf,official_daily_result_pdf
201804010611,2018,新潟,1,6,11,2018-05-13,https://www.jra.go.jp/datafile/seiseki/report/2018/2018-1niigata6.pdf,official_daily_result_pdf
201804010612,2018,新潟,1,6,12,2018-05-13,https://www.jra.go.jp/datafile/seiseki/report/2018/2018-1niigata6.pdf,official_daily_result_pdf
201804010701,2018,新潟,1,7,1,2018-05-19,https://www.jra.go.jp/datafile/seiseki/report/2018/2018-1niigata7.pdf,official_daily_result_pdf
201804010702,2018,新潟,1,7,2,2018-05-19,https://www.jra.go.jp/datafile/seiseki/report/2018/2018-1niigata7.pdf,official_daily_result_pdf
201804010703,2018,新潟,1,7,3,2018-05-19,https://www.jra.go.jp/datafile/seiseki/report/2018/2018-1niigata7.pdf,official_daily_result_pdf
201804010704,2018,新潟,1,7,4,2018-05-19,https://www.jra.go.jp/datafile/seiseki/report/2018/2018-1niigata7.pdf,official_daily_result_pdf
201804010705,2018,新潟,1,7,5,2018-05-19,https://www.jra.go.jp/datafile/seiseki/report/2018/2018-1niigata7.pdf,official_daily_result_pdf
201804010706,2018,新潟,1,7,6,2018-05-19,https://www.jra.go.jp/datafile/seiseki/report/2018/2018-1niigata7.pdf,official_daily_result_pdf
201804010707,2018,新潟,1,7,7,2018-05-19,https://www.jra.go.jp/datafile/seiseki/report/2018/2018-1niigata7.pdf,official_daily_result_pdf
201804010708,2018,新潟,1,7,8,2018-05-19,https://www.jra.go.jp/datafile/seiseki/report/2018/2018-1niigata7.pdf,official_daily_result_pdf
201804010709,2018,新潟,1,7,9,2018-05-19,https://www.jra.go.jp/datafile/seiseki/report/2018/2018-1niigata7.pdf,official_daily_result_pdf
201804010710,2018,新潟,1,7,10,2018-05-19,https://www.jra.go.jp/datafile/seiseki/report/2018/2018-1niigata7.pdf,official_daily_result_pdf
201804010711,2018,新潟,1,7,11,2018-05-19,https://www.jra.go.jp/datafile/seiseki/report/2018/2018-1niigata7.pdf,official_daily_result_pdf
201804010712,2018,新潟,1,7,12,2018-05-19,https://www.jra.go.jp/datafile/seiseki/report/2018/2018-1niigata7.pdf,official_daily_result_pdf
201804010801,2018,新潟,1,8,1,2018-05-20,https://www.jra.go.jp/datafile/seiseki/report/2018/2018-1niigata8.pdf,official_daily_result_pdf
201804010802,2018,新潟,1,8,2,2018-05-20,https://www.jra.go.jp/datafile/seiseki/report/2018/2018-1niigata8.pdf,official_daily_result_pdf
201804010803,2018,新潟,1,8,3,2018-05-20,https://www.jra.go.jp/datafile/seiseki/report/2018/2018-1niigata8.pdf,official_daily_result_pdf
201804010804,2018,新潟,1,8,4,2018-05-20,https://www.jra.go.jp/datafile/seiseki/report/2018/2018-1niigata8.pdf,official_daily_result_pdf
201804010805,2018,新潟,1,8,5,2018-05-20,https://www.jra.go.jp/datafile/seiseki/report/2018/2018-1niigata8.pdf,official_daily_result_pdf
201804010806,2018,新潟,1,8,6,2018-05-20,https://www.jra.go.jp/datafile/seiseki/report/2018/2018-1niigata8.pdf,official_daily_result_pdf
201804010807,2018,新潟,1,8,7,2018-05-20,https://www.jra.go.jp/datafile/seiseki/report/2018/2018-1niigata8.pdf,official_daily_result_pdf
201804010808,2018,新潟,1,8,8,2018-05-20,https://www.jra.go.jp/datafile/seiseki/report/2018/2018-1niigata8.pdf,official_daily_result_pdf
201804010809,2018,新潟,1,8,9,2018-05-20,https://www.jra.go.jp/datafile/seiseki/report/2018/2018-1niigata8.pdf,official_daily_result_pdf
201804010810,2018,新潟,1,8,10,2018-05-20,https://www.jra.go.jp/datafile/seiseki/report/2018/2018-1niigata8.pdf,official_daily_result_pdf
201804010811,2018,新潟,1,8,11,2018-05-20,https://www.jra.go.jp/datafile/seiseki/report/2018/2018-1niigata8.pdf,official_daily_result_pdf
201804010812,2018,新潟,1,8,12,2018-05-20,https://www.jra.go.jp/datafile/seiseki/report/2018/2018-1niigata8.pdf,official_daily_result_pdf
201804020101,2018,新潟,2,1,1,2018-07-28,https://www.jra.go.jp/datafile/seiseki/report/2018/2018-2niigata1.pdf,official_daily_result_pdf
201804020102,2018,新潟,2,1,2,2018-07-28,https://www.jra.go.jp/datafile/seiseki/report/2018/2018-2niigata1.pdf,official_daily_result_pdf
201804020103,2018,新潟,2,1,3,2018-07-28,https://www.jra.go.jp/datafile/seiseki/report/2018/2018-2niigata1.pdf,official_daily_result_pdf
201804020104,2018,新潟,2,1,4,2018-07-28,https://www.jra.go.jp/datafile/seiseki/report/2018/2018-2niigata1.pdf,official_daily_result_pdf
201804020105,2018,新潟,2,1,5,2018-07-28,https://www.jra.go.jp/datafile/seiseki/report/2018/2018-2niigata1.pdf,official_daily_result_pdf
201804020106,2018,新潟,2,1,6,2018-07-28,https://www.jra.go.jp/datafile/seiseki/report/2018/2018-2niigata1.pdf,official_daily_result_pdf
201804020107,2018,新潟,2,1,7,2018-07-28,https://www.jra.go.jp/datafile/seiseki/report/2018/2018-2niigata1.pdf,official_daily_result_pdf
201804020108,2018,新潟,2,1,8,2018-07-28,https://www.jra.go.jp/datafile/seiseki/report/2018/2018-2niigata1.pdf,official_daily_result_pdf
201804020109,2018,新潟,2,1,9,2018-07-28,https://www.jra.go.jp/datafile/seiseki/report/2018/2018-2niigata1.pdf,official_daily_result_pdf
201804020110,2018,新潟,2,1,10,2018-07-28,https://www.jra.go.jp/datafile/seiseki/report/2018/2018-2niigata1.pdf,official_daily_result_pdf
201804020111,2018,新潟,2,1,11,2018-07-28,https://www.jra.go.jp/datafile/seiseki/report/2018/2018-2niigata1.pdf,official_daily_result_pdf
201804020112,2018,新潟,2,1,12,2018-07-28,https://www.jra.go.jp/datafile/seiseki/report/2018/2018-2niigata1.pdf,official_daily_result_pdf
201804020201,2018,新潟,2,2,1,2018-07-29,https://www.jra.go.jp/datafile/seiseki/report/2018/2018-2niigata2.pdf,official_daily_result_pdf
201804020202,2018,新潟,2,2,2,2018-07-29,https://www.jra.go.jp/datafile/seiseki/report/2018/2018-2niigata2.pdf,official_daily_result_pdf
201804020203,2018,新潟,2,2,3,2018-07-29,https://www.jra.go.jp/datafile/seiseki/report/2018/2018-2niigata2.pdf,official_daily_result_pdf
201804020204,2018,新潟,2,2,4,2018-07-29,https://www.jra.go.jp/datafile/seiseki/report/2018/2018-2niigata2.pdf,official_daily_result_pdf
201804020205,2018,新潟,2,2,5,2018-07-29,https://www.jra.go.jp/datafile/seiseki/report/2018/2018-2niigata2.pdf,official_daily_result_pdf
201804020206,2018,新潟,2,2,6,2018-07-29,https://www.jra.go.jp/datafile/seiseki/report/2018/2018-2niigata2.pdf,official_daily_result_pdf
201804020207,2018,新潟,2,2,7,2018-07-29,https://www.jra.go.jp/datafile/seiseki/report/2018/2018-2niigata2.pdf,official_daily_result_pdf
201804020208,2018,新潟,2,2,8,2018-07-29,https://www.jra.go.jp/datafile/seiseki/report/2018/2018-2niigata2.pdf,official_daily_result_pdf
201804020209,2018,新潟,2,2,9,2018-07-29,https://www.jra.go.jp/datafile/seiseki/report/2018/2018-2niigata2.pdf,official_daily_result_pdf
201804020210,2018,新潟,2,2,10,2018-07-29,https://www.jra.go.jp/datafile/seiseki/report/2018/2018-2niigata2.pdf,official_daily_result_pdf
201804020211,2018,新潟,2,2,11,2018-07-29,https://www.jra.go.jp/datafile/seiseki/report/2018/2018-2niigata2.pdf,official_daily_result_pdf
201804020212,2018,新潟,2,2,12,2018-07-29,https://www.jra.go.jp/datafile/seiseki/report/2018/2018-2niigata2.pdf,official_daily_result_pdf
201804020301,2018,新潟,2,3,1,2018-08-04,https://www.jra.go.jp/datafile/seiseki/report/2018/2018-2niigata3.pdf,official_daily_result_pdf
201804020302,2018,新潟,2,3,2,2018-08-04,https://www.jra.go.jp/datafile/seiseki/report/2018/2018-2niigata3.pdf,official_daily_result_pdf
201804020303,2018,新潟,2,3,3,2018-08-04,https://www.jra.go.jp/datafile/seiseki/report/2018/2018-2niigata3.pdf,official_daily_result_pdf
201804020304,2018,新潟,2,3,4,2018-08-04,https://www.jra.go.jp/datafile/seiseki/report/2018/2018-2niigata3.pdf,official_daily_result_pdf
201804020305,2018,新潟,2,3,5,2018-08-04,https://www.jra.go.jp/datafile/seiseki/report/2018/2018-2niigata3.pdf,official_daily_result_pdf
201804020306,2018,新潟,2,3,6,2018-08-04,https://www.jra.go.jp/datafile/seiseki/report/2018/2018-2niigata3.pdf,official_daily_result_pdf
201804020307,2018,新潟,2,3,7,2018-08-04,https://www.jra.go.jp/datafile/seiseki/report/2018/2018-2niigata3.pdf,official_daily_result_pdf
201804020308,2018,新潟,2,3,8,2018-08-04,https://www.jra.go.jp/datafile/seiseki/report/2018/2018-2niigata3.pdf,official_daily_result_pdf
201804020309,2018,新潟,2,3,9,2018-08-04,https://www.jra.go.jp/datafile/seiseki/report/2018/2018-2niigata3.pdf,official_daily_result_pdf
201804020310,2018,新潟,2,3,10,2018-08-04,https://www.jra.go.jp/datafile/seiseki/report/2018/2018-2niigata3.pdf,official_daily_result_pdf
201804020311,2018,新潟,2,3,11,2018-08-04,https://www.jra.go.jp/datafile/seiseki/report/2018/2018-2niigata3.pdf,official_daily_result_pdf
201804020312,2018,新潟,2,3,12,2018-08-04,https://www.jra.go.jp/datafile/seiseki/report/2018/2018-2niigata3.pdf,official_daily_result_pdf
201804020401,2018,新潟,2,4,1,2018-08-05,https://www.jra.go.jp/datafile/seiseki/report/2018/2018-2niigata4.pdf,official_daily_result_pdf
201804020402,2018,新潟,2,4,2,2018-08-05,https://www.jra.go.jp/datafile/seiseki/report/2018/2018-2niigata4.pdf,official_daily_result_pdf
201804020403,2018,新潟,2,4,3,2018-08-05,https://www.jra.go.jp/datafile/seiseki/report/2018/2018-2niigata4.pdf,official_daily_result_pdf
201804020404,2018,新潟,2,4,4,2018-08-05,https://www.jra.go.jp/datafile/seiseki/report/2018/2018-2niigata4.pdf,official_daily_result_pdf
201804020405,2018,新潟,2,4,5,2018-08-05,https://www.jra.go.jp/datafile/seiseki/report/2018/2018-2niigata4.pdf,official_daily_result_pdf
201804020406,2018,新潟,2,4,6,2018-08-05,https://www.jra.go.jp/datafile/seiseki/report/2018/2018-2niigata4.pdf,official_daily_result_pdf
201804020407,2018,新潟,2,4,7,2018-08-05,https://www.jra.go.jp/datafile/seiseki/report/2018/2018-2niigata4.pdf,official_daily_result_pdf
201804020408,2018,新潟,2,4,8,2018-08-05,https://www.jra.go.jp/datafile/seiseki/report/2018/2018-2niigata4.pdf,official_daily_result_pdf
201804020409,2018,新潟,2,4,9,2018-08-05,https://www.jra.go.jp/datafile/seiseki/report/2018/2018-2niigata4.pdf,official_daily_result_pdf
201804020410,2018,新潟,2,4,10,2018-08-05,https://www.jra.go.jp/datafile/seiseki/report/2018/2018-2niigata4.pdf,official_daily_result_pdf
201804020411,2018,新潟,2,4,11,2018-08-05,https://www.jra.go.jp/datafile/seiseki/report/2018/2018-2niigata4.pdf,official_daily_result_pdf
201804020412,2018,新潟,2,4,12,2018-08-05,https://www.jra.go.jp/datafile/seiseki/report/2018/2018-2niigata4.pdf,official_daily_result_pdf
201804020501,2018,新潟,2,5,1,2018-08-11,https://www.jra.go.jp/datafile/seiseki/report/2018/2018-2niigata5.pdf,official_daily_result_pdf
201804020502,2018,新潟,2,5,2,2018-08-11,https://www.jra.go.jp/datafile/seiseki/report/2018/2018-2niigata5.pdf,official_daily_result_pdf
201804020503,2018,新潟,2,5,3,2018-08-11,https://www.jra.go.jp/datafile/seiseki/report/2018/2018-2niigata5.pdf,official_daily_result_pdf
201804020504,2018,新潟,2,5,4,2018-08-11,https://www.jra.go.jp/datafile/seiseki/report/2018/2018-2niigata5.pdf,official_daily_result_pdf
201804020505,2018,新潟,2,5,5,2018-08-11,https://www.jra.go.jp/datafile/seiseki/report/2018/2018-2niigata5.pdf,official_daily_result_pdf
201804020506,2018,新潟,2,5,6,2018-08-11,https://www.jra.go.jp/datafile/seiseki/report/2018/2018-2niigata5.pdf,official_daily_result_pdf
201804020507,2018,新潟,2,5,7,2018-08-11,https://www.jra.go.jp/datafile/seiseki/report/2018/2018-2niigata5.pdf,official_daily_result_pdf
201804020508,2018,新潟,2,5,8,2018-08-11,https://www.jra.go.jp/datafile/seiseki/report/2018/2018-2niigata5.pdf,official_daily_result_pdf
201804020509,2018,新潟,2,5,9,2018-08-11,https://www.jra.go.jp/datafile/seiseki/report/2018/2018-2niigata5.pdf,official_daily_result_pdf
201804020510,2018,新潟,2,5,10,2018-08-11,https://www.jra.go.jp/datafile/seiseki/report/2018/2018-2niigata5.pdf,official_daily_result_pdf
201804020511,2018,新潟,2,5,11,2018-08-11,https://www.jra.go.jp/datafile/seiseki/report/2018/2018-2niigata5.pdf,official_daily_result_pdf
201804020512,2018,新潟,2,5,12,2018-08-11,https://www.jra.go.jp/datafile/seiseki/report/2018/2018-2niigata5.pdf,official_daily_result_pdf
201804020601,2018,新潟,2,6,1,2018-08-12,https://www.jra.go.jp/datafile/seiseki/report/2018/2018-2niigata6.pdf,official_daily_result_pdf
201804020602,2018,新潟,2,6,2,2018-08-12,https://www.jra.go.jp/datafile/seiseki/report/2018/2018-2niigata6.pdf,official_daily_result_pdf
201804020603,2018,新潟,2,6,3,2018-08-12,https://www.jra.go.jp/datafile/seiseki/report/2018/2018-2niigata6.pdf,official_daily_result_pdf
201804020604,2018,新潟,2,6,4,2018-08-12,https://www.jra.go.jp/datafile/seiseki/report/2018/2018-2niigata6.pdf,official_daily_result_pdf
201804020605,2018,新潟,2,6,5,2018-08-12,https://www.jra.go.jp/datafile/seiseki/report/2018/2018-2niigata6.pdf,official_daily_result_pdf
201804020606,2018,新潟,2,6,6,2018-08-12,https://www.jra.go.jp/datafile/seiseki/report/2018/2018-2niigata6.pdf,official_daily_result_pdf
201804020607,2018,新潟,2,6,7,2018-08-12,https://www.jra.go.jp/datafile/seiseki/report/2018/2018-2niigata6.pdf,official_daily_result_pdf
201804020608,2018,新潟,2,6,8,2018-08-12,https://www.jra.go.jp/datafile/seiseki/report/2018/2018-2niigata6.pdf,official_daily_result_pdf
201804020609,2018,新潟,2,6,9,2018-08-12,https://www.jra.go.jp/datafile/seiseki/report/2018/2018-2niigata6.pdf,official_daily_result_pdf
201804020610,2018,新潟,2,6,10,2018-08-12,https://www.jra.go.jp/datafile/seiseki/report/2018/2018-2niigata6.pdf,official_daily_result_pdf
201804020611,2018,新潟,2,6,11,2018-08-12,https://www.jra.go.jp/datafile/seiseki/report/2018/2018-2niigata6.pdf,official_daily_result_pdf
201804020612,2018,新潟,2,6,12,2018-08-12,https://www.jra.go.jp/datafile/seiseki/report/2018/2018-2niigata6.pdf,official_daily_result_pdf
201804020701,2018,新潟,2,7,1,2018-08-18,https://www.jra.go.jp/datafile/seiseki/report/2018/2018-2niigata7.pdf,official_daily_result_pdf
201804020702,2018,新潟,2,7,2,2018-08-18,https://www.jra.go.jp/datafile/seiseki/report/2018/2018-2niigata7.pdf,official_daily_result_pdf
201804020703,2018,新潟,2,7,3,2018-08-18,https://www.jra.go.jp/datafile/seiseki/report/2018/2018-2niigata7.pdf,official_daily_result_pdf
201804020704,2018,新潟,2,7,4,2018-08-18,https://www.jra.go.jp/datafile/seiseki/report/2018/2018-2niigata7.pdf,official_daily_result_pdf
201804020705,2018,新潟,2,7,5,2018-08-18,https://www.jra.go.jp/datafile/seiseki/report/2018/2018-2niigata7.pdf,official_daily_result_pdf
201804020706,2018,新潟,2,7,6,2018-08-18,https://www.jra.go.jp/datafile/seiseki/report/2018/2018-2niigata7.pdf,official_daily_result_pdf
201804020707,2018,新潟,2,7,7,2018-08-18,https://www.jra.go.jp/datafile/seiseki/report/2018/2018-2niigata7.pdf,official_daily_result_pdf
201804020708,2018,新潟,2,7,8,2018-08-18,https://www.jra.go.jp/datafile/seiseki/report/2018/2018-2niigata7.pdf,official_daily_result_pdf
201804020709,2018,新潟,2,7,9,2018-08-18,https://www.jra.go.jp/datafile/seiseki/report/2018/2018-2niigata7.pdf,official_daily_result_pdf
201804020710,2018,新潟,2,7,10,2018-08-18,https://www.jra.go.jp/datafile/seiseki/report/2018/2018-2niigata7.pdf,official_daily_result_pdf
201804020711,2018,新潟,2,7,11,2018-08-18,https://www.jra.go.jp/datafile/seiseki/report/2018/2018-2niigata7.pdf,official_daily_result_pdf
201804020712,2018,新潟,2,7,12,2018-08-18,https://www.jra.go.jp/datafile/seiseki/report/2018/2018-2niigata7.pdf,official_daily_result_pdf
201804020801,2018,新潟,2,8,1,2018-08-19,https://www.jra.go.jp/datafile/seiseki/report/2018/2018-2niigata8.pdf,official_daily_result_pdf
201804020802,2018,新潟,2,8,2,2018-08-19,https://www.jra.go.jp/datafile/seiseki/report/2018/2018-2niigata8.pdf,official_daily_result_pdf
201804020803,2018,新潟,2,8,3,2018-08-19,https://www.jra.go.jp/datafile/seiseki/report/2018/2018-2niigata8.pdf,official_daily_result_pdf
201804020804,2018,新潟,2,8,4,2018-08-19,https://www.jra.go.jp/datafile/seiseki/report/2018/2018-2niigata8.pdf,official_daily_result_pdf
201804020805,2018,新潟,2,8,5,2018-08-19,https://www.jra.go.jp/datafile/seiseki/report/2018/2018-2niigata8.pdf,official_daily_result_pdf
201804020806,2018,新潟,2,8,6,2018-08-19,https://www.jra.go.jp/datafile/seiseki/report/2018/2018-2niigata8.pdf,official_daily_result_pdf
201804020807,2018,新潟,2,8,7,2018-08-19,https://www.jra.go.jp/datafile/seiseki/report/2018/2018-2niigata8.pdf,official_daily_result_pdf
201804020808,2018,新潟,2,8,8,2018-08-19,https://www.jra.go.jp/datafile/seiseki/report/2018/2018-2niigata8.pdf,official_daily_result_pdf
201804020809,2018,新潟,2,8,9,2018-08-19,https://www.jra.go.jp/datafile/seiseki/report/2018/2018-2niigata8.pdf,official_daily_result_pdf
201804020810,2018,新潟,2,8,10,2018-08-19,https://www.jra.go.jp/datafile/seiseki/report/2018/2018-2niigata8.pdf,official_daily_result_pdf
201804020811,2018,新潟,2,8,11,2018-08-19,https://www.jra.go.jp/datafile/seiseki/report/2018/2018-2niigata8.pdf,official_daily_result_pdf
201804020812,2018,新潟,2,8,12,2018-08-19,https://www.jra.go.jp/datafile/seiseki/report/2018/2018-2niigata8.pdf,official_daily_result_pdf
201804020901,2018,新潟,2,9,1,2018-08-25,https://www.jra.go.jp/datafile/seiseki/report/2018/2018-2niigata9.pdf,official_daily_result_pdf
201804020902,2018,新潟,2,9,2,2018-08-25,https://www.jra.go.jp/datafile/seiseki/report/2018/2018-2niigata9.pdf,official_daily_result_pdf
201804020903,2018,新潟,2,9,3,2018-08-25,https://www.jra.go.jp/datafile/seiseki/report/2018/2018-2niigata9.pdf,official_daily_result_pdf
201804020904,2018,新潟,2,9,4,2018-08-25,https://www.jra.go.jp/datafile/seiseki/report/2018/2018-2niigata9.pdf,official_daily_result_pdf
201804020905,2018,新潟,2,9,5,2018-08-25,https://www.jra.go.jp/datafile/seiseki/report/2018/2018-2niigata9.pdf,official_daily_result_pdf
201804020906,2018,新潟,2,9,6,2018-08-25,https://www.jra.go.jp/datafile/seiseki/report/2018/2018-2niigata9.pdf,official_daily_result_pdf
201804020907,2018,新潟,2,9,7,2018-08-25,https://www.jra.go.jp/datafile/seiseki/report/2018/2018-2niigata9.pdf,official_daily_result_pdf
201804020908,2018,新潟,2,9,8,2018-08-25,https://www.jra.go.jp/datafile/seiseki/report/2018/2018-2niigata9.pdf,official_daily_result_pdf
201804020909,2018,新潟,2,9,9,2018-08-25,https://www.jra.go.jp/datafile/seiseki/report/2018/2018-2niigata9.pdf,official_daily_result_pdf
201804020910,2018,新潟,2,9,10,2018-08-25,https://www.jra.go.jp/datafile/seiseki/report/2018/2018-2niigata9.pdf,official_daily_result_pdf
201804020911,2018,新潟,2,9,11,2018-08-25,https://www.jra.go.jp/datafile/seiseki/report/2018/2018-2niigata9.pdf,official_daily_result_pdf
201804020912,2018,新潟,2,9,12,2018-08-25,https://www.jra.go.jp/datafile/seiseki/report/2018/2018-2niigata9.pdf,official_daily_result_pdf
201804021001,2018,新潟,2,10,1,2018-08-26,https://www.jra.go.jp/datafile/seiseki/report/2018/2018-2niigata10.pdf,official_daily_result_pdf
201804021002,2018,新潟,2,10,2,2018-08-26,https://www.jra.go.jp/datafile/seiseki/report/2018/2018-2niigata10.pdf,official_daily_result_pdf
201804021003,2018,新潟,2,10,3,2018-08-26,https://www.jra.go.jp/datafile/seiseki/report/2018/2018-2niigata10.pdf,official_daily_result_pdf
201804021004,2018,新潟,2,10,4,2018-08-26,https://www.jra.go.jp/datafile/seiseki/report/2018/2018-2niigata10.pdf,official_daily_result_pdf
201804021005,2018,新潟,2,10,5,2018-08-26,https://www.jra.go.jp/datafile/seiseki/report/2018/2018-2niigata10.pdf,official_daily_result_pdf
201804021006,2018,新潟,2,10,6,2018-08-26,https://www.jra.go.jp/datafile/seiseki/report/2018/2018-2niigata10.pdf,official_daily_result_pdf
201804021007,2018,新潟,2,10,7,2018-08-26,https://www.jra.go.jp/datafile/seiseki/report/2018/2018-2niigata10.pdf,official_daily_result_pdf
201804021008,2018,新潟,2,10,8,2018-08-26,https://www.jra.go.jp/datafile/seiseki/report/2018/2018-2niigata10.pdf,official_daily_result_pdf
201804021009,2018,新潟,2,10,9,2018-08-26,https://www.jra.go.jp/datafile/seiseki/report/2018/2018-2niigata10.pdf,official_daily_result_pdf
201804021010,2018,新潟,2,10,10,2018-08-26,https://www.jra.go.jp/datafile/seiseki/report/2018/2018-2niigata10.pdf,official_daily_result_pdf
201804021011,2018,新潟,2,10,11,2018-08-26,https://www.jra.go.jp/datafile/seiseki/report/2018/2018-2niigata10.pdf,official_daily_result_pdf
201804021012,2018,新潟,2,10,12,2018-08-26,https://www.jra.go.jp/datafile/seiseki/report/2018/2018-2niigata10.pdf,official_daily_result_pdf
201804021101,2018,新潟,2,11,1,2018-09-01,https://www.jra.go.jp/datafile/seiseki/report/2018/2018-2niigata11.pdf,official_daily_result_pdf
201804021102,2018,新潟,2,11,2,2018-09-01,https://www.jra.go.jp/datafile/seiseki/report/2018/2018-2niigata11.pdf,official_daily_result_pdf
201804021103,2018,新潟,2,11,3,2018-09-01,https://www.jra.go.jp/datafile/seiseki/report/2018/2018-2niigata11.pdf,official_daily_result_pdf
201804021104,2018,新潟,2,11,4,2018-09-01,https://www.jra.go.jp/datafile/seiseki/report/2018/2018-2niigata11.pdf,official_daily_result_pdf
201804021105,2018,新潟,2,11,5,2018-09-01,https://www.jra.go.jp/datafile/seiseki/report/2018/2018-2niigata11.pdf,official_daily_result_pdf
201804021106,2018,新潟,2,11,6,2018-09-01,https://www.jra.go.jp/datafile/seiseki/report/2018/2018-2niigata11.pdf,official_daily_result_pdf
201804021107,2018,新潟,2,11,7,2018-09-01,https://www.jra.go.jp/datafile/seiseki/report/2018/2018-2niigata11.pdf,official_daily_result_pdf
201804021108,2018,新潟,2,11,8,2018-09-01,https://www.jra.go.jp/datafile/seiseki/report/2018/2018-2niigata11.pdf,official_daily_result_pdf
201804021109,2018,新潟,2,11,9,2018-09-01,https://www.jra.go.jp/datafile/seiseki/report/2018/2018-2niigata11.pdf,official_daily_result_pdf
201804021110,2018,新潟,2,11,10,2018-09-01,https://www.jra.go.jp/datafile/seiseki/report/2018/2018-2niigata11.pdf,official_daily_result_pdf
201804021111,2018,新潟,2,11,11,2018-09-01,https://www.jra.go.jp/datafile/seiseki/report/2018/2018-2niigata11.pdf,official_daily_result_pdf
201804021112,2018,新潟,2,11,12,2018-09-01,https://www.jra.go.jp/datafile/seiseki/report/2018/2018-2niigata11.pdf,official_daily_result_pdf
201804021201,2018,新潟,2,12,1,2018-09-02,https://www.jra.go.jp/datafile/seiseki/report/2018/2018-2niigata12.pdf,official_daily_result_pdf
201804021202,2018,新潟,2,12,2,2018-09-02,https://www.jra.go.jp/datafile/seiseki/report/2018/2018-2niigata12.pdf,official_daily_result_pdf
201804021203,2018,新潟,2,12,3,2018-09-02,https://www.jra.go.jp/datafile/seiseki/report/2018/2018-2niigata12.pdf,official_daily_result_pdf
201804021204,2018,新潟,2,12,4,2018-09-02,https://www.jra.go.jp/datafile/seiseki/report/2018/2018-2niigata12.pdf,official_daily_result_pdf
201804021205,2018,新潟,2,12,5,2018-09-02,https://www.jra.go.jp/datafile/seiseki/report/2018/2018-2niigata12.pdf,official_daily_result_pdf
201804021206,2018,新潟,2,12,6,2018-09-02,https://www.jra.go.jp/datafile/seiseki/report/2018/2018-2niigata12.pdf,official_daily_result_pdf
201804021207,2018,新潟,2,12,7,2018-09-02,https://www.jra.go.jp/datafile/seiseki/report/2018/2018-2niigata12.pdf,official_daily_result_pdf
201804021208,2018,新潟,2,12,8,2018-09-02,https://www.jra.go.jp/datafile/seiseki/report/2018/2018-2niigata12.pdf,official_daily_result_pdf
201804021209,2018,新潟,2,12,9,2018-09-02,https://www.jra.go.jp/datafile/seiseki/report/2018/2018-2niigata12.pdf,official_daily_result_pdf
201804021210,2018,新潟,2,12,10,2018-09-02,https://www.jra.go.jp/datafile/seiseki/report/2018/2018-2niigata12.pdf,official_daily_result_pdf
201804021211,2018,新潟,2,12,11,2018-09-02,https://www.jra.go.jp/datafile/seiseki/report/2018/2018-2niigata12.pdf,official_daily_result_pdf
201804021212,2018,新潟,2,12,12,2018-09-02,https://www.jra.go.jp/datafile/seiseki/report/2018/2018-2niigata12.pdf,official_daily_result_pdf
201804030101,2018,新潟,3,1,1,2018-10-13,https://www.jra.go.jp/datafile/seiseki/report/2018/2018-3niigata1.pdf,official_daily_result_pdf
201804030102,2018,新潟,3,1,2,2018-10-13,https://www.jra.go.jp/datafile/seiseki/report/2018/2018-3niigata1.pdf,official_daily_result_pdf
201804030103,2018,新潟,3,1,3,2018-10-13,https://www.jra.go.jp/datafile/seiseki/report/2018/2018-3niigata1.pdf,official_daily_result_pdf
201804030104,2018,新潟,3,1,4,2018-10-13,https://www.jra.go.jp/datafile/seiseki/report/2018/2018-3niigata1.pdf,official_daily_result_pdf
201804030105,2018,新潟,3,1,5,2018-10-13,https://www.jra.go.jp/datafile/seiseki/report/2018/2018-3niigata1.pdf,official_daily_result_pdf
201804030106,2018,新潟,3,1,6,2018-10-13,https://www.jra.go.jp/datafile/seiseki/report/2018/2018-3niigata1.pdf,official_daily_result_pdf
201804030107,2018,新潟,3,1,7,2018-10-13,https://www.jra.go.jp/datafile/seiseki/report/2018/2018-3niigata1.pdf,official_daily_result_pdf
201804030108,2018,新潟,3,1,8,2018-10-13,https://www.jra.go.jp/datafile/seiseki/report/2018/2018-3niigata1.pdf,official_daily_result_pdf
201804030109,2018,新潟,3,1,9,2018-10-13,https://www.jra.go.jp/datafile/seiseki/report/2018/2018-3niigata1.pdf,official_daily_result_pdf
201804030110,2018,新潟,3,1,10,2018-10-13,https://www.jra.go.jp/datafile/seiseki/report/2018/2018-3niigata1.pdf,official_daily_result_pdf
201804030111,2018,新潟,3,1,11,2018-10-13,https://www.jra.go.jp/datafile/seiseki/report/2018/2018-3niigata1.pdf,official_daily_result_pdf
201804030112,2018,新潟,3,1,12,2018-10-13,https://www.jra.go.jp/datafile/seiseki/report/2018/2018-3niigata1.pdf,official_daily_result_pdf
201804030201,2018,新潟,3,2,1,2018-10-14,https://www.jra.go.jp/datafile/seiseki/report/2018/2018-3niigata2.pdf,official_daily_result_pdf
201804030202,2018,新潟,3,2,2,2018-10-14,https://www.jra.go.jp/datafile/seiseki/report/2018/2018-3niigata2.pdf,official_daily_result_pdf
201804030203,2018,新潟,3,2,3,2018-10-14,https://www.jra.go.jp/datafile/seiseki/report/2018/2018-3niigata2.pdf,official_daily_result_pdf
201804030204,2018,新潟,3,2,4,2018-10-14,https://www.jra.go.jp/datafile/seiseki/report/2018/2018-3niigata2.pdf,official_daily_result_pdf
201804030205,2018,新潟,3,2,5,2018-10-14,https://www.jra.go.jp/datafile/seiseki/report/2018/2018-3niigata2.pdf,official_daily_result_pdf
201804030206,2018,新潟,3,2,6,2018-10-14,https://www.jra.go.jp/datafile/seiseki/report/2018/2018-3niigata2.pdf,official_daily_result_pdf
201804030207,2018,新潟,3,2,7,2018-10-14,https://www.jra.go.jp/datafile/seiseki/report/2018/2018-3niigata2.pdf,official_daily_result_pdf
201804030208,2018,新潟,3,2,8,2018-10-14,https://www.jra.go.jp/datafile/seiseki/report/2018/2018-3niigata2.pdf,official_daily_result_pdf
201804030209,2018,新潟,3,2,9,2018-10-14,https://www.jra.go.jp/datafile/seiseki/report/2018/2018-3niigata2.pdf,official_daily_result_pdf
201804030210,2018,新潟,3,2,10,2018-10-14,https://www.jra.go.jp/datafile/seiseki/report/2018/2018-3niigata2.pdf,official_daily_result_pdf
201804030211,2018,新潟,3,2,11,2018-10-14,https://www.jra.go.jp/datafile/seiseki/report/2018/2018-3niigata2.pdf,official_daily_result_pdf
201804030212,2018,新潟,3,2,12,2018-10-14,https://www.jra.go.jp/datafile/seiseki/report/2018/2018-3niigata2.pdf,official_daily_result_pdf
201804030301,2018,新潟,3,3,1,2018-10-20,https://www.jra.go.jp/datafile/seiseki/report/2018/2018-3niigata3.pdf,official_daily_result_pdf
201804030302,2018,新潟,3,3,2,2018-10-20,https://www.jra.go.jp/datafile/seiseki/report/2018/2018-3niigata3.pdf,official_daily_result_pdf
201804030303,2018,新潟,3,3,3,2018-10-20,https://www.jra.go.jp/datafile/seiseki/report/2018/2018-3niigata3.pdf,official_daily_result_pdf
201804030304,2018,新潟,3,3,4,2018-10-20,https://www.jra.go.jp/datafile/seiseki/report/2018/2018-3niigata3.pdf,official_daily_result_pdf
201804030305,2018,新潟,3,3,5,2018-10-20,https://www.jra.go.jp/datafile/seiseki/report/2018/2018-3niigata3.pdf,official_daily_result_pdf
201804030306,2018,新潟,3,3,6,2018-10-20,https://www.jra.go.jp/datafile/seiseki/report/2018/2018-3niigata3.pdf,official_daily_result_pdf
201804030307,2018,新潟,3,3,7,2018-10-20,https://www.jra.go.jp/datafile/seiseki/report/2018/2018-3niigata3.pdf,official_daily_result_pdf
201804030308,2018,新潟,3,3,8,2018-10-20,https://www.jra.go.jp/datafile/seiseki/report/2018/2018-3niigata3.pdf,official_daily_result_pdf
201804030309,2018,新潟,3,3,9,2018-10-20,https://www.jra.go.jp/datafile/seiseki/report/2018/2018-3niigata3.pdf,official_daily_result_pdf
201804030310,2018,新潟,3,3,10,2018-10-20,https://www.jra.go.jp/datafile/seiseki/report/2018/2018-3niigata3.pdf,official_daily_result_pdf
201804030311,2018,新潟,3,3,11,2018-10-20,https://www.jra.go.jp/datafile/seiseki/report/2018/2018-3niigata3.pdf,official_daily_result_pdf
201804030312,2018,新潟,3,3,12,2018-10-20,https://www.jra.go.jp/datafile/seiseki/report/2018/2018-3niigata3.pdf,official_daily_result_pdf
201804030401,2018,新潟,3,4,1,2018-10-21,https://www.jra.go.jp/datafile/seiseki/report/2018/2018-3niigata4.pdf,official_daily_result_pdf
201804030402,2018,新潟,3,4,2,2018-10-21,https://www.jra.go.jp/datafile/seiseki/report/2018/2018-3niigata4.pdf,official_daily_result_pdf
201804030403,2018,新潟,3,4,3,2018-10-21,https://www.jra.go.jp/datafile/seiseki/report/2018/2018-3niigata4.pdf,official_daily_result_pdf
201804030404,2018,新潟,3,4,4,2018-10-21,https://www.jra.go.jp/datafile/seiseki/report/2018/2018-3niigata4.pdf,official_daily_result_pdf
201804030405,2018,新潟,3,4,5,2018-10-21,https://www.jra.go.jp/datafile/seiseki/report/2018/2018-3niigata4.pdf,official_daily_result_pdf
201804030406,2018,新潟,3,4,6,2018-10-21,https://www.jra.go.jp/datafile/seiseki/report/2018/2018-3niigata4.pdf,official_daily_result_pdf
201804030407,2018,新潟,3,4,7,2018-10-21,https://www.jra.go.jp/datafile/seiseki/report/2018/2018-3niigata4.pdf,official_daily_result_pdf
201804030408,2018,新潟,3,4,8,2018-10-21,https://www.jra.go.jp/datafile/seiseki/report/2018/2018-3niigata4.pdf,official_daily_result_pdf
201804030409,2018,新潟,3,4,9,2018-10-21,https://www.jra.go.jp/datafile/seiseki/report/2018/2018-3niigata4.pdf,official_daily_result_pdf
201804030410,2018,新潟,3,4,10,2018-10-21,https://www.jra.go.jp/datafile/seiseki/report/2018/2018-3niigata4.pdf,official_daily_result_pdf
201804030411,2018,新潟,3,4,11,2018-10-21,https://www.jra.go.jp/datafile/seiseki/report/2018/2018-3niigata4.pdf,official_daily_result_pdf
201804030412,2018,新潟,3,4,12,2018-10-21,https://www.jra.go.jp/datafile/seiseki/report/2018/2018-3niigata4.pdf,official_daily_result_pdf
201804030501,2018,新潟,3,5,1,2018-10-27,https://www.jra.go.jp/datafile/seiseki/report/2018/2018-3niigata5.pdf,official_daily_result_pdf
201804030502,2018,新潟,3,5,2,2018-10-27,https://www.jra.go.jp/datafile/seiseki/report/2018/2018-3niigata5.pdf,official_daily_result_pdf
201804030503,2018,新潟,3,5,3,2018-10-27,https://www.jra.go.jp/datafile/seiseki/report/2018/2018-3niigata5.pdf,official_daily_result_pdf
201804030504,2018,新潟,3,5,4,2018-10-27,https://www.jra.go.jp/datafile/seiseki/report/2018/2018-3niigata5.pdf,official_daily_result_pdf
201804030505,2018,新潟,3,5,5,2018-10-27,https://www.jra.go.jp/datafile/seiseki/report/2018/2018-3niigata5.pdf,official_daily_result_pdf
201804030506,2018,新潟,3,5,6,2018-10-27,https://www.jra.go.jp/datafile/seiseki/report/2018/2018-3niigata5.pdf,official_daily_result_pdf
201804030507,2018,新潟,3,5,7,2018-10-27,https://www.jra.go.jp/datafile/seiseki/report/2018/2018-3niigata5.pdf,official_daily_result_pdf
201804030508,2018,新潟,3,5,8,2018-10-27,https://www.jra.go.jp/datafile/seiseki/report/2018/2018-3niigata5.pdf,official_daily_result_pdf
201804030509,2018,新潟,3,5,9,2018-10-27,https://www.jra.go.jp/datafile/seiseki/report/2018/2018-3niigata5.pdf,official_daily_result_pdf
201804030510,2018,新潟,3,5,10,2018-10-27,https://www.jra.go.jp/datafile/seiseki/report/2018/2018-3niigata5.pdf,official_daily_result_pdf
201804030511,2018,新潟,3,5,11,2018-10-27,https://www.jra.go.jp/datafile/seiseki/report/2018/2018-3niigata5.pdf,official_daily_result_pdf
201804030512,2018,新潟,3,5,12,2018-10-27,https://www.jra.go.jp/datafile/seiseki/report/2018/2018-3niigata5.pdf,official_daily_result_pdf
201804030601,2018,新潟,3,6,1,2018-10-28,https://www.jra.go.jp/datafile/seiseki/report/2018/2018-3niigata6.pdf,official_daily_result_pdf
201804030602,2018,新潟,3,6,2,2018-10-28,https://www.jra.go.jp/datafile/seiseki/report/2018/2018-3niigata6.pdf,official_daily_result_pdf
201804030603,2018,新潟,3,6,3,2018-10-28,https://www.jra.go.jp/datafile/seiseki/report/2018/2018-3niigata6.pdf,official_daily_result_pdf
201804030604,2018,新潟,3,6,4,2018-10-28,https://www.jra.go.jp/datafile/seiseki/report/2018/2018-3niigata6.pdf,official_daily_result_pdf
201804030605,2018,新潟,3,6,5,2018-10-28,https://www.jra.go.jp/datafile/seiseki/report/2018/2018-3niigata6.pdf,official_daily_result_pdf
201804030606,2018,新潟,3,6,6,2018-10-28,https://www.jra.go.jp/datafile/seiseki/report/2018/2018-3niigata6.pdf,official_daily_result_pdf
201804030607,2018,新潟,3,6,7,2018-10-28,https://www.jra.go.jp/datafile/seiseki/report/2018/2018-3niigata6.pdf,official_daily_result_pdf
201804030608,2018,新潟,3,6,8,2018-10-28,https://www.jra.go.jp/datafile/seiseki/report/2018/2018-3niigata6.pdf,official_daily_result_pdf
201804030609,2018,新潟,3,6,9,2018-10-28,https://www.jra.go.jp/datafile/seiseki/report/2018/2018-3niigata6.pdf,official_daily_result_pdf
201804030610,2018,新潟,3,6,10,2018-10-28,https://www.jra.go.jp/datafile/seiseki/report/2018/2018-3niigata6.pdf,official_daily_result_pdf
201804030611,2018,新潟,3,6,11,2018-10-28,https://www.jra.go.jp/datafile/seiseki/report/2018/2018-3niigata6.pdf,official_daily_result_pdf
201804030612,2018,新潟,3,6,12,2018-10-28,https://www.jra.go.jp/datafile/seiseki/report/2018/2018-3niigata6.pdf,official_daily_result_pdf
201805010101,2018,東京,1,1,1,2018-01-27,https://www.jra.go.jp/datafile/seiseki/report/2018/2018-1tokyo1.pdf,official_daily_result_pdf
201805010102,2018,東京,1,1,2,2018-01-27,https://www.jra.go.jp/datafile/seiseki/report/2018/2018-1tokyo1.pdf,official_daily_result_pdf
201805010103,2018,東京,1,1,3,2018-01-27,https://www.jra.go.jp/datafile/seiseki/report/2018/2018-1tokyo1.pdf,official_daily_result_pdf
201805010104,2018,東京,1,1,4,2018-01-27,https://www.jra.go.jp/datafile/seiseki/report/2018/2018-1tokyo1.pdf,official_daily_result_pdf
201805010105,2018,東京,1,1,5,2018-01-27,https://www.jra.go.jp/datafile/seiseki/report/2018/2018-1tokyo1.pdf,official_daily_result_pdf
201805010106,2018,東京,1,1,6,2018-01-27,https://www.jra.go.jp/datafile/seiseki/report/2018/2018-1tokyo1.pdf,official_daily_result_pdf
201805010107,2018,東京,1,1,7,2018-01-27,https://www.jra.go.jp/datafile/seiseki/report/2018/2018-1tokyo1.pdf,official_daily_result_pdf
201805010108,2018,東京,1,1,8,2018-01-27,https://www.jra.go.jp/datafile/seiseki/report/2018/2018-1tokyo1.pdf,official_daily_result_pdf
201805010109,2018,東京,1,1,9,2018-01-27,https://www.jra.go.jp/datafile/seiseki/report/2018/2018-1tokyo1.pdf,official_daily_result_pdf
201805010110,2018,東京,1,1,10,2018-01-27,https://www.jra.go.jp/datafile/seiseki/report/2018/2018-1tokyo1.pdf,official_daily_result_pdf
201805010111,2018,東京,1,1,11,2018-01-27,https://www.jra.go.jp/datafile/seiseki/report/2018/2018-1tokyo1.pdf,official_daily_result_pdf
201805010112,2018,東京,1,1,12,2018-01-27,https://www.jra.go.jp/datafile/seiseki/report/2018/2018-1tokyo1.pdf,official_daily_result_pdf
201805010201,2018,東京,1,2,1,2018-01-28,https://www.jra.go.jp/datafile/seiseki/report/2018/2018-1tokyo2.pdf,official_daily_result_pdf
201805010202,2018,東京,1,2,2,2018-01-28,https://www.jra.go.jp/datafile/seiseki/report/2018/2018-1tokyo2.pdf,official_daily_result_pdf
201805010203,2018,東京,1,2,3,2018-01-28,https://www.jra.go.jp/datafile/seiseki/report/2018/2018-1tokyo2.pdf,official_daily_result_pdf
201805010204,2018,東京,1,2,4,2018-01-28,https://www.jra.go.jp/datafile/seiseki/report/2018/2018-1tokyo2.pdf,official_daily_result_pdf
201805010205,2018,東京,1,2,5,2018-01-28,https://www.jra.go.jp/datafile/seiseki/report/2018/2018-1tokyo2.pdf,official_daily_result_pdf
201805010206,2018,東京,1,2,6,2018-01-28,https://www.jra.go.jp/datafile/seiseki/report/2018/2018-1tokyo2.pdf,official_daily_result_pdf
201805010207,2018,東京,1,2,7,2018-01-28,https://www.jra.go.jp/datafile/seiseki/report/2018/2018-1tokyo2.pdf,official_daily_result_pdf
201805010208,2018,東京,1,2,8,2018-01-28,https://www.jra.go.jp/datafile/seiseki/report/2018/2018-1tokyo2.pdf,official_daily_result_pdf
201805010209,2018,東京,1,2,9,2018-01-28,https://www.jra.go.jp/datafile/seiseki/report/2018/2018-1tokyo2.pdf,official_daily_result_pdf
201805010210,2018,東京,1,2,10,2018-01-28,https://www.jra.go.jp/datafile/seiseki/report/2018/2018-1tokyo2.pdf,official_daily_result_pdf
201805010211,2018,東京,1,2,11,2018-01-28,https://www.jra.go.jp/datafile/seiseki/report/2018/2018-1tokyo2.pdf,official_daily_result_pdf
201805010212,2018,東京,1,2,12,2018-01-28,https://www.jra.go.jp/datafile/seiseki/report/2018/2018-1tokyo2.pdf,official_daily_result_pdf
201805010301,2018,東京,1,3,1,2018-02-03,https://www.jra.go.jp/datafile/seiseki/report/2018/2018-1tokyo3.pdf,official_daily_result_pdf
201805010302,2018,東京,1,3,2,2018-02-03,https://www.jra.go.jp/datafile/seiseki/report/2018/2018-1tokyo3.pdf,official_daily_result_pdf
201805010303,2018,東京,1,3,3,2018-02-03,https://www.jra.go.jp/datafile/seiseki/report/2018/2018-1tokyo3.pdf,official_daily_result_pdf
201805010305,2018,東京,1,3,5,2018-02-03,https://www.jra.go.jp/datafile/seiseki/report/2018/2018-1tokyo3.pdf,official_daily_result_pdf
201805010306,2018,東京,1,3,6,2018-02-03,https://www.jra.go.jp/datafile/seiseki/report/2018/2018-1tokyo3.pdf,official_daily_result_pdf
201805010307,2018,東京,1,3,7,2018-02-03,https://www.jra.go.jp/datafile/seiseki/report/2018/2018-1tokyo3.pdf,official_daily_result_pdf
201805010308,2018,東京,1,3,8,2018-02-03,https://www.jra.go.jp/datafile/seiseki/report/2018/2018-1tokyo3.pdf,official_daily_result_pdf
201805010309,2018,東京,1,3,9,2018-02-03,https://www.jra.go.jp/datafile/seiseki/report/2018/2018-1tokyo3.pdf,official_daily_result_pdf
201805010310,2018,東京,1,3,10,2018-02-03,https://www.jra.go.jp/datafile/seiseki/report/2018/2018-1tokyo3.pdf,official_daily_result_pdf
201805010311,2018,東京,1,3,11,2018-02-03,https://www.jra.go.jp/datafile/seiseki/report/2018/2018-1tokyo3.pdf,official_daily_result_pdf
201805010312,2018,東京,1,3,12,2018-02-03,https://www.jra.go.jp/datafile/seiseki/report/2018/2018-1tokyo3.pdf,official_daily_result_pdf
201805010401,2018,東京,1,4,1,2018-02-04,https://www.jra.go.jp/datafile/seiseki/report/2018/2018-1tokyo4.pdf,official_daily_result_pdf
201805010402,2018,東京,1,4,2,2018-02-04,https://www.jra.go.jp/datafile/seiseki/report/2018/2018-1tokyo4.pdf,official_daily_result_pdf
201805010403,2018,東京,1,4,3,2018-02-04,https://www.jra.go.jp/datafile/seiseki/report/2018/2018-1tokyo4.pdf,official_daily_result_pdf
201805010404,2018,東京,1,4,4,2018-02-04,https://www.jra.go.jp/datafile/seiseki/report/2018/2018-1tokyo4.pdf,official_daily_result_pdf
201805010405,2018,東京,1,4,5,2018-02-04,https://www.jra.go.jp/datafile/seiseki/report/2018/2018-1tokyo4.pdf,official_daily_result_pdf
201805010406,2018,東京,1,4,6,2018-02-04,https://www.jra.go.jp/datafile/seiseki/report/2018/2018-1tokyo4.pdf,official_daily_result_pdf
201805010407,2018,東京,1,4,7,2018-02-04,https://www.jra.go.jp/datafile/seiseki/report/2018/2018-1tokyo4.pdf,official_daily_result_pdf
201805010408,2018,東京,1,4,8,2018-02-04,https://www.jra.go.jp/datafile/seiseki/report/2018/2018-1tokyo4.pdf,official_daily_result_pdf
201805010409,2018,東京,1,4,9,2018-02-04,https://www.jra.go.jp/datafile/seiseki/report/2018/2018-1tokyo4.pdf,official_daily_result_pdf
201805010410,2018,東京,1,4,10,2018-02-04,https://www.jra.go.jp/datafile/seiseki/report/2018/2018-1tokyo4.pdf,official_daily_result_pdf
201805010411,2018,東京,1,4,11,2018-02-04,https://www.jra.go.jp/datafile/seiseki/report/2018/2018-1tokyo4.pdf,official_daily_result_pdf
201805010412,2018,東京,1,4,12,2018-02-04,https://www.jra.go.jp/datafile/seiseki/report/2018/2018-1tokyo4.pdf,official_daily_result_pdf
201805010501,2018,東京,1,5,1,2018-02-11,https://www.jra.go.jp/datafile/seiseki/report/2018/2018-1tokyo5.pdf,official_daily_result_pdf
201805010502,2018,東京,1,5,2,2018-02-11,https://www.jra.go.jp/datafile/seiseki/report/2018/2018-1tokyo5.pdf,official_daily_result_pdf
201805010503,2018,東京,1,5,3,2018-02-11,https://www.jra.go.jp/datafile/seiseki/report/2018/2018-1tokyo5.pdf,official_daily_result_pdf
201805010504,2018,東京,1,5,4,2018-02-11,https://www.jra.go.jp/datafile/seiseki/report/2018/2018-1tokyo5.pdf,official_daily_result_pdf
201805010505,2018,東京,1,5,5,2018-02-11,https://www.jra.go.jp/datafile/seiseki/report/2018/2018-1tokyo5.pdf,official_daily_result_pdf
201805010506,2018,東京,1,5,6,2018-02-11,https://www.jra.go.jp/datafile/seiseki/report/2018/2018-1tokyo5.pdf,official_daily_result_pdf
201805010507,2018,東京,1,5,7,2018-02-11,https://www.jra.go.jp/datafile/seiseki/report/2018/2018-1tokyo5.pdf,official_daily_result_pdf
201805010508,2018,東京,1,5,8,2018-02-11,https://www.jra.go.jp/datafile/seiseki/report/2018/2018-1tokyo5.pdf,official_daily_result_pdf
201805010509,2018,東京,1,5,9,2018-02-11,https://www.jra.go.jp/datafile/seiseki/report/2018/2018-1tokyo5.pdf,official_daily_result_pdf
201805010510,2018,東京,1,5,10,2018-02-11,https://www.jra.go.jp/datafile/seiseki/report/2018/2018-1tokyo5.pdf,official_daily_result_pdf
201805010511,2018,東京,1,5,11,2018-02-11,https://www.jra.go.jp/datafile/seiseki/report/2018/2018-1tokyo5.pdf,official_daily_result_pdf
201805010512,2018,東京,1,5,12,2018-02-11,https://www.jra.go.jp/datafile/seiseki/report/2018/2018-1tokyo5.pdf,official_daily_result_pdf
201805010601,2018,東京,1,6,1,2018-02-12,https://www.jra.go.jp/datafile/seiseki/report/2018/2018-1tokyo6.pdf,official_daily_result_pdf
201805010602,2018,東京,1,6,2,2018-02-12,https://www.jra.go.jp/datafile/seiseki/report/2018/2018-1tokyo6.pdf,official_daily_result_pdf
201805010603,2018,東京,1,6,3,2018-02-12,https://www.jra.go.jp/datafile/seiseki/report/2018/2018-1tokyo6.pdf,official_daily_result_pdf
201805010604,2018,東京,1,6,4,2018-02-12,https://www.jra.go.jp/datafile/seiseki/report/2018/2018-1tokyo6.pdf,official_daily_result_pdf
201805010605,2018,東京,1,6,5,2018-02-12,https://www.jra.go.jp/datafile/seiseki/report/2018/2018-1tokyo6.pdf,official_daily_result_pdf
201805010606,2018,東京,1,6,6,2018-02-12,https://www.jra.go.jp/datafile/seiseki/report/2018/2018-1tokyo6.pdf,official_daily_result_pdf
201805010607,2018,東京,1,6,7,2018-02-12,https://www.jra.go.jp/datafile/seiseki/report/2018/2018-1tokyo6.pdf,official_daily_result_pdf
201805010608,2018,東京,1,6,8,2018-02-12,https://www.jra.go.jp/datafile/seiseki/report/2018/2018-1tokyo6.pdf,official_daily_result_pdf
201805010609,2018,東京,1,6,9,2018-02-12,https://www.jra.go.jp/datafile/seiseki/report/2018/2018-1tokyo6.pdf,official_daily_result_pdf
201805010610,2018,東京,1,6,10,2018-02-12,https://www.jra.go.jp/datafile/seiseki/report/2018/2018-1tokyo6.pdf,official_daily_result_pdf
201805010611,2018,東京,1,6,11,2018-02-12,https://www.jra.go.jp/datafile/seiseki/report/2018/2018-1tokyo6.pdf,official_daily_result_pdf
201805010612,2018,東京,1,6,12,2018-02-12,https://www.jra.go.jp/datafile/seiseki/report/2018/2018-1tokyo6.pdf,official_daily_result_pdf
201805010701,2018,東京,1,7,1,2018-02-17,https://www.jra.go.jp/datafile/seiseki/report/2018/2018-1tokyo7.pdf,official_daily_result_pdf
201805010702,2018,東京,1,7,2,2018-02-17,https://www.jra.go.jp/datafile/seiseki/report/2018/2018-1tokyo7.pdf,official_daily_result_pdf
201805010703,2018,東京,1,7,3,2018-02-17,https://www.jra.go.jp/datafile/seiseki/report/2018/2018-1tokyo7.pdf,official_daily_result_pdf
201805010704,2018,東京,1,7,4,2018-02-17,https://www.jra.go.jp/datafile/seiseki/report/2018/2018-1tokyo7.pdf,official_daily_result_pdf
201805010705,2018,東京,1,7,5,2018-02-17,https://www.jra.go.jp/datafile/seiseki/report/2018/2018-1tokyo7.pdf,official_daily_result_pdf
201805010706,2018,東京,1,7,6,2018-02-17,https://www.jra.go.jp/datafile/seiseki/report/2018/2018-1tokyo7.pdf,official_daily_result_pdf
201805010707,2018,東京,1,7,7,2018-02-17,https://www.jra.go.jp/datafile/seiseki/report/2018/2018-1tokyo7.pdf,official_daily_result_pdf
201805010708,2018,東京,1,7,8,2018-02-17,https://www.jra.go.jp/datafile/seiseki/report/2018/2018-1tokyo7.pdf,official_daily_result_pdf
201805010709,2018,東京,1,7,9,2018-02-17,https://www.jra.go.jp/datafile/seiseki/report/2018/2018-1tokyo7.pdf,official_daily_result_pdf
201805010710,2018,東京,1,7,10,2018-02-17,https://www.jra.go.jp/datafile/seiseki/report/2018/2018-1tokyo7.pdf,official_daily_result_pdf
201805010711,2018,東京,1,7,11,2018-02-17,https://www.jra.go.jp/datafile/seiseki/report/2018/2018-1tokyo7.pdf,official_daily_result_pdf
201805010712,2018,東京,1,7,12,2018-02-17,https://www.jra.go.jp/datafile/seiseki/report/2018/2018-1tokyo7.pdf,official_daily_result_pdf
201805010801,2018,東京,1,8,1,2018-02-18,https://www.jra.go.jp/datafile/seiseki/report/2018/2018-1tokyo8.pdf,official_daily_result_pdf
201805010802,2018,東京,1,8,2,2018-02-18,https://www.jra.go.jp/datafile/seiseki/report/2018/2018-1tokyo8.pdf,official_daily_result_pdf
201805010803,2018,東京,1,8,3,2018-02-18,https://www.jra.go.jp/datafile/seiseki/report/2018/2018-1tokyo8.pdf,official_daily_result_pdf
201805010804,2018,東京,1,8,4,2018-02-18,https://www.jra.go.jp/datafile/seiseki/report/2018/2018-1tokyo8.pdf,official_daily_result_pdf
201805010805,2018,東京,1,8,5,2018-02-18,https://www.jra.go.jp/datafile/seiseki/report/2018/2018-1tokyo8.pdf,official_daily_result_pdf
201805010806,2018,東京,1,8,6,2018-02-18,https://www.jra.go.jp/datafile/seiseki/report/2018/2018-1tokyo8.pdf,official_daily_result_pdf
201805010807,2018,東京,1,8,7,2018-02-18,https://www.jra.go.jp/datafile/seiseki/report/2018/2018-1tokyo8.pdf,official_daily_result_pdf
201805010808,2018,東京,1,8,8,2018-02-18,https://www.jra.go.jp/datafile/seiseki/report/2018/2018-1tokyo8.pdf,official_daily_result_pdf
201805010809,2018,東京,1,8,9,2018-02-18,https://www.jra.go.jp/datafile/seiseki/report/2018/2018-1tokyo8.pdf,official_daily_result_pdf
201805010810,2018,東京,1,8,10,2018-02-18,https://www.jra.go.jp/datafile/seiseki/report/2018/2018-1tokyo8.pdf,official_daily_result_pdf
201805010811,2018,東京,1,8,11,2018-02-18,https://www.jra.go.jp/datafile/seiseki/report/2018/2018-1tokyo8.pdf,official_daily_result_pdf
201805010812,2018,東京,1,8,12,2018-02-18,https://www.jra.go.jp/datafile/seiseki/report/2018/2018-1tokyo8.pdf,official_daily_result_pdf
201805020101,2018,東京,2,1,1,2018-04-21,https://www.jra.go.jp/datafile/seiseki/report/2018/2018-2tokyo1.pdf,official_daily_result_pdf
201805020102,2018,東京,2,1,2,2018-04-21,https://www.jra.go.jp/datafile/seiseki/report/2018/2018-2tokyo1.pdf,official_daily_result_pdf
201805020103,2018,東京,2,1,3,2018-04-21,https://www.jra.go.jp/datafile/seiseki/report/2018/2018-2tokyo1.pdf,official_daily_result_pdf
201805020104,2018,東京,2,1,4,2018-04-21,https://www.jra.go.jp/datafile/seiseki/report/2018/2018-2tokyo1.pdf,official_daily_result_pdf
201805020105,2018,東京,2,1,5,2018-04-21,https://www.jra.go.jp/datafile/seiseki/report/2018/2018-2tokyo1.pdf,official_daily_result_pdf
201805020106,2018,東京,2,1,6,2018-04-21,https://www.jra.go.jp/datafile/seiseki/report/2018/2018-2tokyo1.pdf,official_daily_result_pdf
201805020107,2018,東京,2,1,7,2018-04-21,https://www.jra.go.jp/datafile/seiseki/report/2018/2018-2tokyo1.pdf,official_daily_result_pdf
201805020108,2018,東京,2,1,8,2018-04-21,https://www.jra.go.jp/datafile/seiseki/report/2018/2018-2tokyo1.pdf,official_daily_result_pdf
201805020109,2018,東京,2,1,9,2018-04-21,https://www.jra.go.jp/datafile/seiseki/report/2018/2018-2tokyo1.pdf,official_daily_result_pdf
201805020110,2018,東京,2,1,10,2018-04-21,https://www.jra.go.jp/datafile/seiseki/report/2018/2018-2tokyo1.pdf,official_daily_result_pdf
201805020111,2018,東京,2,1,11,2018-04-21,https://www.jra.go.jp/datafile/seiseki/report/2018/2018-2tokyo1.pdf,official_daily_result_pdf
201805020112,2018,東京,2,1,12,2018-04-21,https://www.jra.go.jp/datafile/seiseki/report/2018/2018-2tokyo1.pdf,official_daily_result_pdf
201805020201,2018,東京,2,2,1,2018-04-22,https://www.jra.go.jp/datafile/seiseki/report/2018/2018-2tokyo2.pdf,official_daily_result_pdf
201805020202,2018,東京,2,2,2,2018-04-22,https://www.jra.go.jp/datafile/seiseki/report/2018/2018-2tokyo2.pdf,official_daily_result_pdf
201805020203,2018,東京,2,2,3,2018-04-22,https://www.jra.go.jp/datafile/seiseki/report/2018/2018-2tokyo2.pdf,official_daily_result_pdf
201805020204,2018,東京,2,2,4,2018-04-22,https://www.jra.go.jp/datafile/seiseki/report/2018/2018-2tokyo2.pdf,official_daily_result_pdf
201805020205,2018,東京,2,2,5,2018-04-22,https://www.jra.go.jp/datafile/seiseki/report/2018/2018-2tokyo2.pdf,official_daily_result_pdf
201805020206,2018,東京,2,2,6,2018-04-22,https://www.jra.go.jp/datafile/seiseki/report/2018/2018-2tokyo2.pdf,official_daily_result_pdf
201805020207,2018,東京,2,2,7,2018-04-22,https://www.jra.go.jp/datafile/seiseki/report/2018/2018-2tokyo2.pdf,official_daily_result_pdf
201805020208,2018,東京,2,2,8,2018-04-22,https://www.jra.go.jp/datafile/seiseki/report/2018/2018-2tokyo2.pdf,official_daily_result_pdf
201805020209,2018,東京,2,2,9,2018-04-22,https://www.jra.go.jp/datafile/seiseki/report/2018/2018-2tokyo2.pdf,official_daily_result_pdf
201805020210,2018,東京,2,2,10,2018-04-22,https://www.jra.go.jp/datafile/seiseki/report/2018/2018-2tokyo2.pdf,official_daily_result_pdf
201805020211,2018,東京,2,2,11,2018-04-22,https://www.jra.go.jp/datafile/seiseki/report/2018/2018-2tokyo2.pdf,official_daily_result_pdf
201805020212,2018,東京,2,2,12,2018-04-22,https://www.jra.go.jp/datafile/seiseki/report/2018/2018-2tokyo2.pdf,official_daily_result_pdf
201805020301,2018,東京,2,3,1,2018-04-28,https://www.jra.go.jp/datafile/seiseki/report/2018/2018-2tokyo3.pdf,official_daily_result_pdf
201805020302,2018,東京,2,3,2,2018-04-28,https://www.jra.go.jp/datafile/seiseki/report/2018/2018-2tokyo3.pdf,official_daily_result_pdf
201805020303,2018,東京,2,3,3,2018-04-28,https://www.jra.go.jp/datafile/seiseki/report/2018/2018-2tokyo3.pdf,official_daily_result_pdf
201805020304,2018,東京,2,3,4,2018-04-28,https://www.jra.go.jp/datafile/seiseki/report/2018/2018-2tokyo3.pdf,official_daily_result_pdf
201805020305,2018,東京,2,3,5,2018-04-28,https://www.jra.go.jp/datafile/seiseki/report/2018/2018-2tokyo3.pdf,official_daily_result_pdf
201805020306,2018,東京,2,3,6,2018-04-28,https://www.jra.go.jp/datafile/seiseki/report/2018/2018-2tokyo3.pdf,official_daily_result_pdf
201805020307,2018,東京,2,3,7,2018-04-28,https://www.jra.go.jp/datafile/seiseki/report/2018/2018-2tokyo3.pdf,official_daily_result_pdf
201805020308,2018,東京,2,3,8,2018-04-28,https://www.jra.go.jp/datafile/seiseki/report/2018/2018-2tokyo3.pdf,official_daily_result_pdf
201805020309,2018,東京,2,3,9,2018-04-28,https://www.jra.go.jp/datafile/seiseki/report/2018/2018-2tokyo3.pdf,official_daily_result_pdf
201805020310,2018,東京,2,3,10,2018-04-28,https://www.jra.go.jp/datafile/seiseki/report/2018/2018-2tokyo3.pdf,official_daily_result_pdf
201805020311,2018,東京,2,3,11,2018-04-28,https://www.jra.go.jp/datafile/seiseki/report/2018/2018-2tokyo3.pdf,official_daily_result_pdf
201805020312,2018,東京,2,3,12,2018-04-28,https://www.jra.go.jp/datafile/seiseki/report/2018/2018-2tokyo3.pdf,official_daily_result_pdf
201805020401,2018,東京,2,4,1,2018-04-29,https://www.jra.go.jp/datafile/seiseki/report/2018/2018-2tokyo4.pdf,official_daily_result_pdf
201805020402,2018,東京,2,4,2,2018-04-29,https://www.jra.go.jp/datafile/seiseki/report/2018/2018-2tokyo4.pdf,official_daily_result_pdf
201805020403,2018,東京,2,4,3,2018-04-29,https://www.jra.go.jp/datafile/seiseki/report/2018/2018-2tokyo4.pdf,official_daily_result_pdf
201805020404,2018,東京,2,4,4,2018-04-29,https://www.jra.go.jp/datafile/seiseki/report/2018/2018-2tokyo4.pdf,official_daily_result_pdf
201805020405,2018,東京,2,4,5,2018-04-29,https://www.jra.go.jp/datafile/seiseki/report/2018/2018-2tokyo4.pdf,official_daily_result_pdf
201805020406,2018,東京,2,4,6,2018-04-29,https://www.jra.go.jp/datafile/seiseki/report/2018/2018-2tokyo4.pdf,official_daily_result_pdf
201805020407,2018,東京,2,4,7,2018-04-29,https://www.jra.go.jp/datafile/seiseki/report/2018/2018-2tokyo4.pdf,official_daily_result_pdf
201805020408,2018,東京,2,4,8,2018-04-29,https://www.jra.go.jp/datafile/seiseki/report/2018/2018-2tokyo4.pdf,official_daily_result_pdf
201805020409,2018,東京,2,4,9,2018-04-29,https://www.jra.go.jp/datafile/seiseki/report/2018/2018-2tokyo4.pdf,official_daily_result_pdf
201805020410,2018,東京,2,4,10,2018-04-29,https://www.jra.go.jp/datafile/seiseki/report/2018/2018-2tokyo4.pdf,official_daily_result_pdf
201805020411,2018,東京,2,4,11,2018-04-29,https://www.jra.go.jp/datafile/seiseki/report/2018/2018-2tokyo4.pdf,official_daily_result_pdf
201805020412,2018,東京,2,4,12,2018-04-29,https://www.jra.go.jp/datafile/seiseki/report/2018/2018-2tokyo4.pdf,official_daily_result_pdf
201805020501,2018,東京,2,5,1,2018-05-05,https://www.jra.go.jp/datafile/seiseki/report/2018/2018-2tokyo5.pdf,official_daily_result_pdf
201805020502,2018,東京,2,5,2,2018-05-05,https://www.jra.go.jp/datafile/seiseki/report/2018/2018-2tokyo5.pdf,official_daily_result_pdf
201805020503,2018,東京,2,5,3,2018-05-05,https://www.jra.go.jp/datafile/seiseki/report/2018/2018-2tokyo5.pdf,official_daily_result_pdf
201805020504,2018,東京,2,5,4,2018-05-05,https://www.jra.go.jp/datafile/seiseki/report/2018/2018-2tokyo5.pdf,official_daily_result_pdf
201805020505,2018,東京,2,5,5,2018-05-05,https://www.jra.go.jp/datafile/seiseki/report/2018/2018-2tokyo5.pdf,official_daily_result_pdf
201805020506,2018,東京,2,5,6,2018-05-05,https://www.jra.go.jp/datafile/seiseki/report/2018/2018-2tokyo5.pdf,official_daily_result_pdf
201805020507,2018,東京,2,5,7,2018-05-05,https://www.jra.go.jp/datafile/seiseki/report/2018/2018-2tokyo5.pdf,official_daily_result_pdf
201805020508,2018,東京,2,5,8,2018-05-05,https://www.jra.go.jp/datafile/seiseki/report/2018/2018-2tokyo5.pdf,official_daily_result_pdf
201805020509,2018,東京,2,5,9,2018-05-05,https://www.jra.go.jp/datafile/seiseki/report/2018/2018-2tokyo5.pdf,official_daily_result_pdf
201805020510,2018,東京,2,5,10,2018-05-05,https://www.jra.go.jp/datafile/seiseki/report/2018/2018-2tokyo5.pdf,official_daily_result_pdf
201805020511,2018,東京,2,5,11,2018-05-05,https://www.jra.go.jp/datafile/seiseki/report/2018/2018-2tokyo5.pdf,official_daily_result_pdf
201805020512,2018,東京,2,5,12,2018-05-05,https://www.jra.go.jp/datafile/seiseki/report/2018/2018-2tokyo5.pdf,official_daily_result_pdf
201805020601,2018,東京,2,6,1,2018-05-06,https://www.jra.go.jp/datafile/seiseki/report/2018/2018-2tokyo6.pdf,official_daily_result_pdf
201805020602,2018,東京,2,6,2,2018-05-06,https://www.jra.go.jp/datafile/seiseki/report/2018/2018-2tokyo6.pdf,official_daily_result_pdf
201805020603,2018,東京,2,6,3,2018-05-06,https://www.jra.go.jp/datafile/seiseki/report/2018/2018-2tokyo6.pdf,official_daily_result_pdf
201805020604,2018,東京,2,6,4,2018-05-06,https://www.jra.go.jp/datafile/seiseki/report/2018/2018-2tokyo6.pdf,official_daily_result_pdf
201805020605,2018,東京,2,6,5,2018-05-06,https://www.jra.go.jp/datafile/seiseki/report/2018/2018-2tokyo6.pdf,official_daily_result_pdf
201805020606,2018,東京,2,6,6,2018-05-06,https://www.jra.go.jp/datafile/seiseki/report/2018/2018-2tokyo6.pdf,official_daily_result_pdf
201805020607,2018,東京,2,6,7,2018-05-06,https://www.jra.go.jp/datafile/seiseki/report/2018/2018-2tokyo6.pdf,official_daily_result_pdf
201805020608,2018,東京,2,6,8,2018-05-06,https://www.jra.go.jp/datafile/seiseki/report/2018/2018-2tokyo6.pdf,official_daily_result_pdf
201805020609,2018,東京,2,6,9,2018-05-06,https://www.jra.go.jp/datafile/seiseki/report/2018/2018-2tokyo6.pdf,official_daily_result_pdf
201805020610,2018,東京,2,6,10,2018-05-06,https://www.jra.go.jp/datafile/seiseki/report/2018/2018-2tokyo6.pdf,official_daily_result_pdf
201805020611,2018,東京,2,6,11,2018-05-06,https://www.jra.go.jp/datafile/seiseki/report/2018/2018-2tokyo6.pdf,official_daily_result_pdf
201805020612,2018,東京,2,6,12,2018-05-06,https://www.jra.go.jp/datafile/seiseki/report/2018/2018-2tokyo6.pdf,official_daily_result_pdf
201805020701,2018,東京,2,7,1,2018-05-12,https://www.jra.go.jp/datafile/seiseki/report/2018/2018-2tokyo7.pdf,official_daily_result_pdf
201805020702,2018,東京,2,7,2,2018-05-12,https://www.jra.go.jp/datafile/seiseki/report/2018/2018-2tokyo7.pdf,official_daily_result_pdf
201805020703,2018,東京,2,7,3,2018-05-12,https://www.jra.go.jp/datafile/seiseki/report/2018/2018-2tokyo7.pdf,official_daily_result_pdf
201805020704,2018,東京,2,7,4,2018-05-12,https://www.jra.go.jp/datafile/seiseki/report/2018/2018-2tokyo7.pdf,official_daily_result_pdf
201805020705,2018,東京,2,7,5,2018-05-12,https://www.jra.go.jp/datafile/seiseki/report/2018/2018-2tokyo7.pdf,official_daily_result_pdf
201805020706,2018,東京,2,7,6,2018-05-12,https://www.jra.go.jp/datafile/seiseki/report/2018/2018-2tokyo7.pdf,official_daily_result_pdf
201805020707,2018,東京,2,7,7,2018-05-12,https://www.jra.go.jp/datafile/seiseki/report/2018/2018-2tokyo7.pdf,official_daily_result_pdf
201805020708,2018,東京,2,7,8,2018-05-12,https://www.jra.go.jp/datafile/seiseki/report/2018/2018-2tokyo7.pdf,official_daily_result_pdf
201805020709,2018,東京,2,7,9,2018-05-12,https://www.jra.go.jp/datafile/seiseki/report/2018/2018-2tokyo7.pdf,official_daily_result_pdf
201805020710,2018,東京,2,7,10,2018-05-12,https://www.jra.go.jp/datafile/seiseki/report/2018/2018-2tokyo7.pdf,official_daily_result_pdf
201805020711,2018,東京,2,7,11,2018-05-12,https://www.jra.go.jp/datafile/seiseki/report/2018/2018-2tokyo7.pdf,official_daily_result_pdf
201805020712,2018,東京,2,7,12,2018-05-12,https://www.jra.go.jp/datafile/seiseki/report/2018/2018-2tokyo7.pdf,official_daily_result_pdf
201805020801,2018,東京,2,8,1,2018-05-13,https://www.jra.go.jp/datafile/seiseki/report/2018/2018-2tokyo8.pdf,official_daily_result_pdf
201805020802,2018,東京,2,8,2,2018-05-13,https://www.jra.go.jp/datafile/seiseki/report/2018/2018-2tokyo8.pdf,official_daily_result_pdf
201805020803,2018,東京,2,8,3,2018-05-13,https://www.jra.go.jp/datafile/seiseki/report/2018/2018-2tokyo8.pdf,official_daily_result_pdf
201805020804,2018,東京,2,8,4,2018-05-13,https://www.jra.go.jp/datafile/seiseki/report/2018/2018-2tokyo8.pdf,official_daily_result_pdf
201805020805,2018,東京,2,8,5,2018-05-13,https://www.jra.go.jp/datafile/seiseki/report/2018/2018-2tokyo8.pdf,official_daily_result_pdf
201805020806,2018,東京,2,8,6,2018-05-13,https://www.jra.go.jp/datafile/seiseki/report/2018/2018-2tokyo8.pdf,official_daily_result_pdf
201805020807,2018,東京,2,8,7,2018-05-13,https://www.jra.go.jp/datafile/seiseki/report/2018/2018-2tokyo8.pdf,official_daily_result_pdf
201805020808,2018,東京,2,8,8,2018-05-13,https://www.jra.go.jp/datafile/seiseki/report/2018/2018-2tokyo8.pdf,official_daily_result_pdf
201805020809,2018,東京,2,8,9,2018-05-13,https://www.jra.go.jp/datafile/seiseki/report/2018/2018-2tokyo8.pdf,official_daily_result_pdf
201805020810,2018,東京,2,8,10,2018-05-13,https://www.jra.go.jp/datafile/seiseki/report/2018/2018-2tokyo8.pdf,official_daily_result_pdf
201805020811,2018,東京,2,8,11,2018-05-13,https://www.jra.go.jp/datafile/seiseki/report/2018/2018-2tokyo8.pdf,official_daily_result_pdf
201805020812,2018,東京,2,8,12,2018-05-13,https://www.jra.go.jp/datafile/seiseki/report/2018/2018-2tokyo8.pdf,official_daily_result_pdf
201805020901,2018,東京,2,9,1,2018-05-19,https://www.jra.go.jp/datafile/seiseki/report/2018/2018-2tokyo9.pdf,official_daily_result_pdf
201805020902,2018,東京,2,9,2,2018-05-19,https://www.jra.go.jp/datafile/seiseki/report/2018/2018-2tokyo9.pdf,official_daily_result_pdf
201805020903,2018,東京,2,9,3,2018-05-19,https://www.jra.go.jp/datafile/seiseki/report/2018/2018-2tokyo9.pdf,official_daily_result_pdf
201805020904,2018,東京,2,9,4,2018-05-19,https://www.jra.go.jp/datafile/seiseki/report/2018/2018-2tokyo9.pdf,official_daily_result_pdf
201805020905,2018,東京,2,9,5,2018-05-19,https://www.jra.go.jp/datafile/seiseki/report/2018/2018-2tokyo9.pdf,official_daily_result_pdf
201805020906,2018,東京,2,9,6,2018-05-19,https://www.jra.go.jp/datafile/seiseki/report/2018/2018-2tokyo9.pdf,official_daily_result_pdf
201805020907,2018,東京,2,9,7,2018-05-19,https://www.jra.go.jp/datafile/seiseki/report/2018/2018-2tokyo9.pdf,official_daily_result_pdf
201805020908,2018,東京,2,9,8,2018-05-19,https://www.jra.go.jp/datafile/seiseki/report/2018/2018-2tokyo9.pdf,official_daily_result_pdf
201805020909,2018,東京,2,9,9,2018-05-19,https://www.jra.go.jp/datafile/seiseki/report/2018/2018-2tokyo9.pdf,official_daily_result_pdf
201805020910,2018,東京,2,9,10,2018-05-19,https://www.jra.go.jp/datafile/seiseki/report/2018/2018-2tokyo9.pdf,official_daily_result_pdf
201805020911,2018,東京,2,9,11,2018-05-19,https://www.jra.go.jp/datafile/seiseki/report/2018/2018-2tokyo9.pdf,official_daily_result_pdf
201805020912,2018,東京,2,9,12,2018-05-19,https://www.jra.go.jp/datafile/seiseki/report/2018/2018-2tokyo9.pdf,official_daily_result_pdf
201805021001,2018,東京,2,10,1,2018-05-20,https://www.jra.go.jp/datafile/seiseki/report/2018/2018-2tokyo10.pdf,official_daily_result_pdf
201805021002,2018,東京,2,10,2,2018-05-20,https://www.jra.go.jp/datafile/seiseki/report/2018/2018-2tokyo10.pdf,official_daily_result_pdf
201805021003,2018,東京,2,10,3,2018-05-20,https://www.jra.go.jp/datafile/seiseki/report/2018/2018-2tokyo10.pdf,official_daily_result_pdf
201805021004,2018,東京,2,10,4,2018-05-20,https://www.jra.go.jp/datafile/seiseki/report/2018/2018-2tokyo10.pdf,official_daily_result_pdf
201805021005,2018,東京,2,10,5,2018-05-20,https://www.jra.go.jp/datafile/seiseki/report/2018/2018-2tokyo10.pdf,official_daily_result_pdf
201805021006,2018,東京,2,10,6,2018-05-20,https://www.jra.go.jp/datafile/seiseki/report/2018/2018-2tokyo10.pdf,official_daily_result_pdf
201805021007,2018,東京,2,10,7,2018-05-20,https://www.jra.go.jp/datafile/seiseki/report/2018/2018-2tokyo10.pdf,official_daily_result_pdf
201805021008,2018,東京,2,10,8,2018-05-20,https://www.jra.go.jp/datafile/seiseki/report/2018/2018-2tokyo10.pdf,official_daily_result_pdf
201805021009,2018,東京,2,10,9,2018-05-20,https://www.jra.go.jp/datafile/seiseki/report/2018/2018-2tokyo10.pdf,official_daily_result_pdf
201805021010,2018,東京,2,10,10,2018-05-20,https://www.jra.go.jp/datafile/seiseki/report/2018/2018-2tokyo10.pdf,official_daily_result_pdf
201805021011,2018,東京,2,10,11,2018-05-20,https://www.jra.go.jp/datafile/seiseki/report/2018/2018-2tokyo10.pdf,official_daily_result_pdf
201805021012,2018,東京,2,10,12,2018-05-20,https://www.jra.go.jp/datafile/seiseki/report/2018/2018-2tokyo10.pdf,official_daily_result_pdf
201805021101,2018,東京,2,11,1,2018-05-26,https://www.jra.go.jp/datafile/seiseki/report/2018/2018-2tokyo11.pdf,official_daily_result_pdf
201805021102,2018,東京,2,11,2,2018-05-26,https://www.jra.go.jp/datafile/seiseki/report/2018/2018-2tokyo11.pdf,official_daily_result_pdf
201805021103,2018,東京,2,11,3,2018-05-26,https://www.jra.go.jp/datafile/seiseki/report/2018/2018-2tokyo11.pdf,official_daily_result_pdf
201805021104,2018,東京,2,11,4,2018-05-26,https://www.jra.go.jp/datafile/seiseki/report/2018/2018-2tokyo11.pdf,official_daily_result_pdf
201805021105,2018,東京,2,11,5,2018-05-26,https://www.jra.go.jp/datafile/seiseki/report/2018/2018-2tokyo11.pdf,official_daily_result_pdf
201805021106,2018,東京,2,11,6,2018-05-26,https://www.jra.go.jp/datafile/seiseki/report/2018/2018-2tokyo11.pdf,official_daily_result_pdf
201805021107,2018,東京,2,11,7,2018-05-26,https://www.jra.go.jp/datafile/seiseki/report/2018/2018-2tokyo11.pdf,official_daily_result_pdf
201805021108,2018,東京,2,11,8,2018-05-26,https://www.jra.go.jp/datafile/seiseki/report/2018/2018-2tokyo11.pdf,official_daily_result_pdf
201805021109,2018,東京,2,11,9,2018-05-26,https://www.jra.go.jp/datafile/seiseki/report/2018/2018-2tokyo11.pdf,official_daily_result_pdf
201805021110,2018,東京,2,11,10,2018-05-26,https://www.jra.go.jp/datafile/seiseki/report/2018/2018-2tokyo11.pdf,official_daily_result_pdf
201805021111,2018,東京,2,11,11,2018-05-26,https://www.jra.go.jp/datafile/seiseki/report/2018/2018-2tokyo11.pdf,official_daily_result_pdf
201805021112,2018,東京,2,11,12,2018-05-26,https://www.jra.go.jp/datafile/seiseki/report/2018/2018-2tokyo11.pdf,official_daily_result_pdf
201805021201,2018,東京,2,12,1,2018-05-27,https://www.jra.go.jp/datafile/seiseki/report/2018/2018-2tokyo12.pdf,official_daily_result_pdf
201805021202,2018,東京,2,12,2,2018-05-27,https://www.jra.go.jp/datafile/seiseki/report/2018/2018-2tokyo12.pdf,official_daily_result_pdf
201805021203,2018,東京,2,12,3,2018-05-27,https://www.jra.go.jp/datafile/seiseki/report/2018/2018-2tokyo12.pdf,official_daily_result_pdf
201805021204,2018,東京,2,12,4,2018-05-27,https://www.jra.go.jp/datafile/seiseki/report/2018/2018-2tokyo12.pdf,official_daily_result_pdf
201805021205,2018,東京,2,12,5,2018-05-27,https://www.jra.go.jp/datafile/seiseki/report/2018/2018-2tokyo12.pdf,official_daily_result_pdf
201805021206,2018,東京,2,12,6,2018-05-27,https://www.jra.go.jp/datafile/seiseki/report/2018/2018-2tokyo12.pdf,official_daily_result_pdf
201805021207,2018,東京,2,12,7,2018-05-27,https://www.jra.go.jp/datafile/seiseki/report/2018/2018-2tokyo12.pdf,official_daily_result_pdf
201805021208,2018,東京,2,12,8,2018-05-27,https://www.jra.go.jp/datafile/seiseki/report/2018/2018-2tokyo12.pdf,official_daily_result_pdf
201805021209,2018,東京,2,12,9,2018-05-27,https://www.jra.go.jp/datafile/seiseki/report/2018/2018-2tokyo12.pdf,official_daily_result_pdf
201805021210,2018,東京,2,12,10,2018-05-27,https://www.jra.go.jp/datafile/seiseki/report/2018/2018-2tokyo12.pdf,official_daily_result_pdf
201805021211,2018,東京,2,12,11,2018-05-27,https://www.jra.go.jp/datafile/seiseki/report/2018/2018-2tokyo12.pdf,official_daily_result_pdf
201805021212,2018,東京,2,12,12,2018-05-27,https://www.jra.go.jp/datafile/seiseki/report/2018/2018-2tokyo12.pdf,official_daily_result_pdf
201805030101,2018,東京,3,1,1,2018-06-02,https://www.jra.go.jp/datafile/seiseki/report/2018/2018-3tokyo1.pdf,official_daily_result_pdf
201805030102,2018,東京,3,1,2,2018-06-02,https://www.jra.go.jp/datafile/seiseki/report/2018/2018-3tokyo1.pdf,official_daily_result_pdf
201805030103,2018,東京,3,1,3,2018-06-02,https://www.jra.go.jp/datafile/seiseki/report/2018/2018-3tokyo1.pdf,official_daily_result_pdf
201805030104,2018,東京,3,1,4,2018-06-02,https://www.jra.go.jp/datafile/seiseki/report/2018/2018-3tokyo1.pdf,official_daily_result_pdf
201805030105,2018,東京,3,1,5,2018-06-02,https://www.jra.go.jp/datafile/seiseki/report/2018/2018-3tokyo1.pdf,official_daily_result_pdf
201805030106,2018,東京,3,1,6,2018-06-02,https://www.jra.go.jp/datafile/seiseki/report/2018/2018-3tokyo1.pdf,official_daily_result_pdf
201805030107,2018,東京,3,1,7,2018-06-02,https://www.jra.go.jp/datafile/seiseki/report/2018/2018-3tokyo1.pdf,official_daily_result_pdf
201805030108,2018,東京,3,1,8,2018-06-02,https://www.jra.go.jp/datafile/seiseki/report/2018/2018-3tokyo1.pdf,official_daily_result_pdf
201805030109,2018,東京,3,1,9,2018-06-02,https://www.jra.go.jp/datafile/seiseki/report/2018/2018-3tokyo1.pdf,official_daily_result_pdf
201805030110,2018,東京,3,1,10,2018-06-02,https://www.jra.go.jp/datafile/seiseki/report/2018/2018-3tokyo1.pdf,official_daily_result_pdf
201805030111,2018,東京,3,1,11,2018-06-02,https://www.jra.go.jp/datafile/seiseki/report/2018/2018-3tokyo1.pdf,official_daily_result_pdf
201805030112,2018,東京,3,1,12,2018-06-02,https://www.jra.go.jp/datafile/seiseki/report/2018/2018-3tokyo1.pdf,official_daily_result_pdf
201805030201,2018,東京,3,2,1,2018-06-03,https://www.jra.go.jp/datafile/seiseki/report/2018/2018-3tokyo2.pdf,official_daily_result_pdf
201805030202,2018,東京,3,2,2,2018-06-03,https://www.jra.go.jp/datafile/seiseki/report/2018/2018-3tokyo2.pdf,official_daily_result_pdf
201805030203,2018,東京,3,2,3,2018-06-03,https://www.jra.go.jp/datafile/seiseki/report/2018/2018-3tokyo2.pdf,official_daily_result_pdf
201805030204,2018,東京,3,2,4,2018-06-03,https://www.jra.go.jp/datafile/seiseki/report/2018/2018-3tokyo2.pdf,official_daily_result_pdf
201805030205,2018,東京,3,2,5,2018-06-03,https://www.jra.go.jp/datafile/seiseki/report/2018/2018-3tokyo2.pdf,official_daily_result_pdf
201805030206,2018,東京,3,2,6,2018-06-03,https://www.jra.go.jp/datafile/seiseki/report/2018/2018-3tokyo2.pdf,official_daily_result_pdf
201805030207,2018,東京,3,2,7,2018-06-03,https://www.jra.go.jp/datafile/seiseki/report/2018/2018-3tokyo2.pdf,official_daily_result_pdf
201805030208,2018,東京,3,2,8,2018-06-03,https://www.jra.go.jp/datafile/seiseki/report/2018/2018-3tokyo2.pdf,official_daily_result_pdf
201805030209,2018,東京,3,2,9,2018-06-03,https://www.jra.go.jp/datafile/seiseki/report/2018/2018-3tokyo2.pdf,official_daily_result_pdf
201805030210,2018,東京,3,2,10,2018-06-03,https://www.jra.go.jp/datafile/seiseki/report/2018/2018-3tokyo2.pdf,official_daily_result_pdf
201805030211,2018,東京,3,2,11,2018-06-03,https://www.jra.go.jp/datafile/seiseki/report/2018/2018-3tokyo2.pdf,official_daily_result_pdf
201805030212,2018,東京,3,2,12,2018-06-03,https://www.jra.go.jp/datafile/seiseki/report/2018/2018-3tokyo2.pdf,official_daily_result_pdf
201805030301,2018,東京,3,3,1,2018-06-09,https://www.jra.go.jp/datafile/seiseki/report/2018/2018-3tokyo3.pdf,official_daily_result_pdf
201805030302,2018,東京,3,3,2,2018-06-09,https://www.jra.go.jp/datafile/seiseki/report/2018/2018-3tokyo3.pdf,official_daily_result_pdf
201805030303,2018,東京,3,3,3,2018-06-09,https://www.jra.go.jp/datafile/seiseki/report/2018/2018-3tokyo3.pdf,official_daily_result_pdf
201805030304,2018,東京,3,3,4,2018-06-09,https://www.jra.go.jp/datafile/seiseki/report/2018/2018-3tokyo3.pdf,official_daily_result_pdf
201805030305,2018,東京,3,3,5,2018-06-09,https://www.jra.go.jp/datafile/seiseki/report/2018/2018-3tokyo3.pdf,official_daily_result_pdf
201805030306,2018,東京,3,3,6,2018-06-09,https://www.jra.go.jp/datafile/seiseki/report/2018/2018-3tokyo3.pdf,official_daily_result_pdf
201805030307,2018,東京,3,3,7,2018-06-09,https://www.jra.go.jp/datafile/seiseki/report/2018/2018-3tokyo3.pdf,official_daily_result_pdf
201805030308,2018,東京,3,3,8,2018-06-09,https://www.jra.go.jp/datafile/seiseki/report/2018/2018-3tokyo3.pdf,official_daily_result_pdf
201805030309,2018,東京,3,3,9,2018-06-09,https://www.jra.go.jp/datafile/seiseki/report/2018/2018-3tokyo3.pdf,official_daily_result_pdf
201805030310,2018,東京,3,3,10,2018-06-09,https://www.jra.go.jp/datafile/seiseki/report/2018/2018-3tokyo3.pdf,official_daily_result_pdf
201805030311,2018,東京,3,3,11,2018-06-09,https://www.jra.go.jp/datafile/seiseki/report/2018/2018-3tokyo3.pdf,official_daily_result_pdf
201805030312,2018,東京,3,3,12,2018-06-09,https://www.jra.go.jp/datafile/seiseki/report/2018/2018-3tokyo3.pdf,official_daily_result_pdf
201805030401,2018,東京,3,4,1,2018-06-10,https://www.jra.go.jp/datafile/seiseki/report/2018/2018-3tokyo4.pdf,official_daily_result_pdf
201805030402,2018,東京,3,4,2,2018-06-10,https://www.jra.go.jp/datafile/seiseki/report/2018/2018-3tokyo4.pdf,official_daily_result_pdf
201805030403,2018,東京,3,4,3,2018-06-10,https://www.jra.go.jp/datafile/seiseki/report/2018/2018-3tokyo4.pdf,official_daily_result_pdf
201805030404,2018,東京,3,4,4,2018-06-10,https://www.jra.go.jp/datafile/seiseki/report/2018/2018-3tokyo4.pdf,official_daily_result_pdf
201805030405,2018,東京,3,4,5,2018-06-10,https://www.jra.go.jp/datafile/seiseki/report/2018/2018-3tokyo4.pdf,official_daily_result_pdf
201805030406,2018,東京,3,4,6,2018-06-10,https://www.jra.go.jp/datafile/seiseki/report/2018/2018-3tokyo4.pdf,official_daily_result_pdf
201805030407,2018,東京,3,4,7,2018-06-10,https://www.jra.go.jp/datafile/seiseki/report/2018/2018-3tokyo4.pdf,official_daily_result_pdf
201805030408,2018,東京,3,4,8,2018-06-10,https://www.jra.go.jp/datafile/seiseki/report/2018/2018-3tokyo4.pdf,official_daily_result_pdf
201805030409,2018,東京,3,4,9,2018-06-10,https://www.jra.go.jp/datafile/seiseki/report/2018/2018-3tokyo4.pdf,official_daily_result_pdf
201805030410,2018,東京,3,4,10,2018-06-10,https://www.jra.go.jp/datafile/seiseki/report/2018/2018-3tokyo4.pdf,official_daily_result_pdf
201805030411,2018,東京,3,4,11,2018-06-10,https://www.jra.go.jp/datafile/seiseki/report/2018/2018-3tokyo4.pdf,official_daily_result_pdf
201805030412,2018,東京,3,4,12,2018-06-10,https://www.jra.go.jp/datafile/seiseki/report/2018/2018-3tokyo4.pdf,official_daily_result_pdf
201805030501,2018,東京,3,5,1,2018-06-16,https://www.jra.go.jp/datafile/seiseki/report/2018/2018-3tokyo5.pdf,official_daily_result_pdf
201805030502,2018,東京,3,5,2,2018-06-16,https://www.jra.go.jp/datafile/seiseki/report/2018/2018-3tokyo5.pdf,official_daily_result_pdf
201805030503,2018,東京,3,5,3,2018-06-16,https://www.jra.go.jp/datafile/seiseki/report/2018/2018-3tokyo5.pdf,official_daily_result_pdf
201805030504,2018,東京,3,5,4,2018-06-16,https://www.jra.go.jp/datafile/seiseki/report/2018/2018-3tokyo5.pdf,official_daily_result_pdf
201805030505,2018,東京,3,5,5,2018-06-16,https://www.jra.go.jp/datafile/seiseki/report/2018/2018-3tokyo5.pdf,official_daily_result_pdf
201805030506,2018,東京,3,5,6,2018-06-16,https://www.jra.go.jp/datafile/seiseki/report/2018/2018-3tokyo5.pdf,official_daily_result_pdf
201805030507,2018,東京,3,5,7,2018-06-16,https://www.jra.go.jp/datafile/seiseki/report/2018/2018-3tokyo5.pdf,official_daily_result_pdf
201805030508,2018,東京,3,5,8,2018-06-16,https://www.jra.go.jp/datafile/seiseki/report/2018/2018-3tokyo5.pdf,official_daily_result_pdf
201805030509,2018,東京,3,5,9,2018-06-16,https://www.jra.go.jp/datafile/seiseki/report/2018/2018-3tokyo5.pdf,official_daily_result_pdf
201805030510,2018,東京,3,5,10,2018-06-16,https://www.jra.go.jp/datafile/seiseki/report/2018/2018-3tokyo5.pdf,official_daily_result_pdf
201805030511,2018,東京,3,5,11,2018-06-16,https://www.jra.go.jp/datafile/seiseki/report/2018/2018-3tokyo5.pdf,official_daily_result_pdf
201805030512,2018,東京,3,5,12,2018-06-16,https://www.jra.go.jp/datafile/seiseki/report/2018/2018-3tokyo5.pdf,official_daily_result_pdf
201805030601,2018,東京,3,6,1,2018-06-17,https://www.jra.go.jp/datafile/seiseki/report/2018/2018-3tokyo6.pdf,official_daily_result_pdf
201805030602,2018,東京,3,6,2,2018-06-17,https://www.jra.go.jp/datafile/seiseki/report/2018/2018-3tokyo6.pdf,official_daily_result_pdf
201805030603,2018,東京,3,6,3,2018-06-17,https://www.jra.go.jp/datafile/seiseki/report/2018/2018-3tokyo6.pdf,official_daily_result_pdf
201805030604,2018,東京,3,6,4,2018-06-17,https://www.jra.go.jp/datafile/seiseki/report/2018/2018-3tokyo6.pdf,official_daily_result_pdf
201805030605,2018,東京,3,6,5,2018-06-17,https://www.jra.go.jp/datafile/seiseki/report/2018/2018-3tokyo6.pdf,official_daily_result_pdf
201805030606,2018,東京,3,6,6,2018-06-17,https://www.jra.go.jp/datafile/seiseki/report/2018/2018-3tokyo6.pdf,official_daily_result_pdf
201805030607,2018,東京,3,6,7,2018-06-17,https://www.jra.go.jp/datafile/seiseki/report/2018/2018-3tokyo6.pdf,official_daily_result_pdf
201805030608,2018,東京,3,6,8,2018-06-17,https://www.jra.go.jp/datafile/seiseki/report/2018/2018-3tokyo6.pdf,official_daily_result_pdf
201805030609,2018,東京,3,6,9,2018-06-17,https://www.jra.go.jp/datafile/seiseki/report/2018/2018-3tokyo6.pdf,official_daily_result_pdf
201805030610,2018,東京,3,6,10,2018-06-17,https://www.jra.go.jp/datafile/seiseki/report/2018/2018-3tokyo6.pdf,official_daily_result_pdf
201805030611,2018,東京,3,6,11,2018-06-17,https://www.jra.go.jp/datafile/seiseki/report/2018/2018-3tokyo6.pdf,official_daily_result_pdf
201805030612,2018,東京,3,6,12,2018-06-17,https://www.jra.go.jp/datafile/seiseki/report/2018/2018-3tokyo6.pdf,official_daily_result_pdf
201805030701,2018,東京,3,7,1,2018-06-23,https://www.jra.go.jp/datafile/seiseki/report/2018/2018-3tokyo7.pdf,official_daily_result_pdf
201805030702,2018,東京,3,7,2,2018-06-23,https://www.jra.go.jp/datafile/seiseki/report/2018/2018-3tokyo7.pdf,official_daily_result_pdf
201805030703,2018,東京,3,7,3,2018-06-23,https://www.jra.go.jp/datafile/seiseki/report/2018/2018-3tokyo7.pdf,official_daily_result_pdf
201805030704,2018,東京,3,7,4,2018-06-23,https://www.jra.go.jp/datafile/seiseki/report/2018/2018-3tokyo7.pdf,official_daily_result_pdf
201805030705,2018,東京,3,7,5,2018-06-23,https://www.jra.go.jp/datafile/seiseki/report/2018/2018-3tokyo7.pdf,official_daily_result_pdf
201805030706,2018,東京,3,7,6,2018-06-23,https://www.jra.go.jp/datafile/seiseki/report/2018/2018-3tokyo7.pdf,official_daily_result_pdf
201805030707,2018,東京,3,7,7,2018-06-23,https://www.jra.go.jp/datafile/seiseki/report/2018/2018-3tokyo7.pdf,official_daily_result_pdf
201805030708,2018,東京,3,7,8,2018-06-23,https://www.jra.go.jp/datafile/seiseki/report/2018/2018-3tokyo7.pdf,official_daily_result_pdf
201805030709,2018,東京,3,7,9,2018-06-23,https://www.jra.go.jp/datafile/seiseki/report/2018/2018-3tokyo7.pdf,official_daily_result_pdf
201805030710,2018,東京,3,7,10,2018-06-23,https://www.jra.go.jp/datafile/seiseki/report/2018/2018-3tokyo7.pdf,official_daily_result_pdf
201805030711,2018,東京,3,7,11,2018-06-23,https://www.jra.go.jp/datafile/seiseki/report/2018/2018-3tokyo7.pdf,official_daily_result_pdf
201805030712,2018,東京,3,7,12,2018-06-23,https://www.jra.go.jp/datafile/seiseki/report/2018/2018-3tokyo7.pdf,official_daily_result_pdf
201805030801,2018,東京,3,8,1,2018-06-24,https://www.jra.go.jp/datafile/seiseki/report/2018/2018-3tokyo8.pdf,official_daily_result_pdf
201805030802,2018,東京,3,8,2,2018-06-24,https://www.jra.go.jp/datafile/seiseki/report/2018/2018-3tokyo8.pdf,official_daily_result_pdf
201805030803,2018,東京,3,8,3,2018-06-24,https://www.jra.go.jp/datafile/seiseki/report/2018/2018-3tokyo8.pdf,official_daily_result_pdf
201805030804,2018,東京,3,8,4,2018-06-24,https://www.jra.go.jp/datafile/seiseki/report/2018/2018-3tokyo8.pdf,official_daily_result_pdf
201805030805,2018,東京,3,8,5,2018-06-24,https://www.jra.go.jp/datafile/seiseki/report/2018/2018-3tokyo8.pdf,official_daily_result_pdf
201805030806,2018,東京,3,8,6,2018-06-24,https://www.jra.go.jp/datafile/seiseki/report/2018/2018-3tokyo8.pdf,official_daily_result_pdf
201805030807,2018,東京,3,8,7,2018-06-24,https://www.jra.go.jp/datafile/seiseki/report/2018/2018-3tokyo8.pdf,official_daily_result_pdf
201805030808,2018,東京,3,8,8,2018-06-24,https://www.jra.go.jp/datafile/seiseki/report/2018/2018-3tokyo8.pdf,official_daily_result_pdf
201805030809,2018,東京,3,8,9,2018-06-24,https://www.jra.go.jp/datafile/seiseki/report/2018/2018-3tokyo8.pdf,official_daily_result_pdf
201805030810,2018,東京,3,8,10,2018-06-24,https://www.jra.go.jp/datafile/seiseki/report/2018/2018-3tokyo8.pdf,official_daily_result_pdf
201805030811,2018,東京,3,8,11,2018-06-24,https://www.jra.go.jp/datafile/seiseki/report/2018/2018-3tokyo8.pdf,official_daily_result_pdf
201805030812,2018,東京,3,8,12,2018-06-24,https://www.jra.go.jp/datafile/seiseki/report/2018/2018-3tokyo8.pdf,official_daily_result_pdf
201805040101,2018,東京,4,1,1,2018-10-06,https://www.jra.go.jp/datafile/seiseki/report/2018/2018-4tokyo1.pdf,official_daily_result_pdf
201805040102,2018,東京,4,1,2,2018-10-06,https://www.jra.go.jp/datafile/seiseki/report/2018/2018-4tokyo1.pdf,official_daily_result_pdf
201805040103,2018,東京,4,1,3,2018-10-06,https://www.jra.go.jp/datafile/seiseki/report/2018/2018-4tokyo1.pdf,official_daily_result_pdf
201805040104,2018,東京,4,1,4,2018-10-06,https://www.jra.go.jp/datafile/seiseki/report/2018/2018-4tokyo1.pdf,official_daily_result_pdf
201805040105,2018,東京,4,1,5,2018-10-06,https://www.jra.go.jp/datafile/seiseki/report/2018/2018-4tokyo1.pdf,official_daily_result_pdf
201805040106,2018,東京,4,1,6,2018-10-06,https://www.jra.go.jp/datafile/seiseki/report/2018/2018-4tokyo1.pdf,official_daily_result_pdf
201805040107,2018,東京,4,1,7,2018-10-06,https://www.jra.go.jp/datafile/seiseki/report/2018/2018-4tokyo1.pdf,official_daily_result_pdf
201805040108,2018,東京,4,1,8,2018-10-06,https://www.jra.go.jp/datafile/seiseki/report/2018/2018-4tokyo1.pdf,official_daily_result_pdf
201805040109,2018,東京,4,1,9,2018-10-06,https://www.jra.go.jp/datafile/seiseki/report/2018/2018-4tokyo1.pdf,official_daily_result_pdf
201805040110,2018,東京,4,1,10,2018-10-06,https://www.jra.go.jp/datafile/seiseki/report/2018/2018-4tokyo1.pdf,official_daily_result_pdf
201805040111,2018,東京,4,1,11,2018-10-06,https://www.jra.go.jp/datafile/seiseki/report/2018/2018-4tokyo1.pdf,official_daily_result_pdf
201805040112,2018,東京,4,1,12,2018-10-06,https://www.jra.go.jp/datafile/seiseki/report/2018/2018-4tokyo1.pdf,official_daily_result_pdf
201805040201,2018,東京,4,2,1,2018-10-07,https://www.jra.go.jp/datafile/seiseki/report/2018/2018-4tokyo2.pdf,official_daily_result_pdf
201805040202,2018,東京,4,2,2,2018-10-07,https://www.jra.go.jp/datafile/seiseki/report/2018/2018-4tokyo2.pdf,official_daily_result_pdf
201805040203,2018,東京,4,2,3,2018-10-07,https://www.jra.go.jp/datafile/seiseki/report/2018/2018-4tokyo2.pdf,official_daily_result_pdf
201805040204,2018,東京,4,2,4,2018-10-07,https://www.jra.go.jp/datafile/seiseki/report/2018/2018-4tokyo2.pdf,official_daily_result_pdf
201805040205,2018,東京,4,2,5,2018-10-07,https://www.jra.go.jp/datafile/seiseki/report/2018/2018-4tokyo2.pdf,official_daily_result_pdf
201805040206,2018,東京,4,2,6,2018-10-07,https://www.jra.go.jp/datafile/seiseki/report/2018/2018-4tokyo2.pdf,official_daily_result_pdf
201805040207,2018,東京,4,2,7,2018-10-07,https://www.jra.go.jp/datafile/seiseki/report/2018/2018-4tokyo2.pdf,official_daily_result_pdf
201805040208,2018,東京,4,2,8,2018-10-07,https://www.jra.go.jp/datafile/seiseki/report/2018/2018-4tokyo2.pdf,official_daily_result_pdf
201805040209,2018,東京,4,2,9,2018-10-07,https://www.jra.go.jp/datafile/seiseki/report/2018/2018-4tokyo2.pdf,official_daily_result_pdf
201805040210,2018,東京,4,2,10,2018-10-07,https://www.jra.go.jp/datafile/seiseki/report/2018/2018-4tokyo2.pdf,official_daily_result_pdf
201805040211,2018,東京,4,2,11,2018-10-07,https://www.jra.go.jp/datafile/seiseki/report/2018/2018-4tokyo2.pdf,official_daily_result_pdf
201805040212,2018,東京,4,2,12,2018-10-07,https://www.jra.go.jp/datafile/seiseki/report/2018/2018-4tokyo2.pdf,official_daily_result_pdf
201805040301,2018,東京,4,3,1,2018-10-08,https://www.jra.go.jp/datafile/seiseki/report/2018/2018-4tokyo3.pdf,official_daily_result_pdf
201805040302,2018,東京,4,3,2,2018-10-08,https://www.jra.go.jp/datafile/seiseki/report/2018/2018-4tokyo3.pdf,official_daily_result_pdf
201805040303,2018,東京,4,3,3,2018-10-08,https://www.jra.go.jp/datafile/seiseki/report/2018/2018-4tokyo3.pdf,official_daily_result_pdf
201805040304,2018,東京,4,3,4,2018-10-08,https://www.jra.go.jp/datafile/seiseki/report/2018/2018-4tokyo3.pdf,official_daily_result_pdf
201805040305,2018,東京,4,3,5,2018-10-08,https://www.jra.go.jp/datafile/seiseki/report/2018/2018-4tokyo3.pdf,official_daily_result_pdf
201805040306,2018,東京,4,3,6,2018-10-08,https://www.jra.go.jp/datafile/seiseki/report/2018/2018-4tokyo3.pdf,official_daily_result_pdf
201805040307,2018,東京,4,3,7,2018-10-08,https://www.jra.go.jp/datafile/seiseki/report/2018/2018-4tokyo3.pdf,official_daily_result_pdf
201805040308,2018,東京,4,3,8,2018-10-08,https://www.jra.go.jp/datafile/seiseki/report/2018/2018-4tokyo3.pdf,official_daily_result_pdf
201805040309,2018,東京,4,3,9,2018-10-08,https://www.jra.go.jp/datafile/seiseki/report/2018/2018-4tokyo3.pdf,official_daily_result_pdf
201805040310,2018,東京,4,3,10,2018-10-08,https://www.jra.go.jp/datafile/seiseki/report/2018/2018-4tokyo3.pdf,official_daily_result_pdf
201805040311,2018,東京,4,3,11,2018-10-08,https://www.jra.go.jp/datafile/seiseki/report/2018/2018-4tokyo3.pdf,official_daily_result_pdf
201805040312,2018,東京,4,3,12,2018-10-08,https://www.jra.go.jp/datafile/seiseki/report/2018/2018-4tokyo3.pdf,official_daily_result_pdf
201805040401,2018,東京,4,4,1,2018-10-13,https://www.jra.go.jp/datafile/seiseki/report/2018/2018-4tokyo4.pdf,official_daily_result_pdf
201805040402,2018,東京,4,4,2,2018-10-13,https://www.jra.go.jp/datafile/seiseki/report/2018/2018-4tokyo4.pdf,official_daily_result_pdf
201805040403,2018,東京,4,4,3,2018-10-13,https://www.jra.go.jp/datafile/seiseki/report/2018/2018-4tokyo4.pdf,official_daily_result_pdf
201805040404,2018,東京,4,4,4,2018-10-13,https://www.jra.go.jp/datafile/seiseki/report/2018/2018-4tokyo4.pdf,official_daily_result_pdf
201805040405,2018,東京,4,4,5,2018-10-13,https://www.jra.go.jp/datafile/seiseki/report/2018/2018-4tokyo4.pdf,official_daily_result_pdf
201805040406,2018,東京,4,4,6,2018-10-13,https://www.jra.go.jp/datafile/seiseki/report/2018/2018-4tokyo4.pdf,official_daily_result_pdf
201805040407,2018,東京,4,4,7,2018-10-13,https://www.jra.go.jp/datafile/seiseki/report/2018/2018-4tokyo4.pdf,official_daily_result_pdf
201805040408,2018,東京,4,4,8,2018-10-13,https://www.jra.go.jp/datafile/seiseki/report/2018/2018-4tokyo4.pdf,official_daily_result_pdf
201805040409,2018,東京,4,4,9,2018-10-13,https://www.jra.go.jp/datafile/seiseki/report/2018/2018-4tokyo4.pdf,official_daily_result_pdf
201805040410,2018,東京,4,4,10,2018-10-13,https://www.jra.go.jp/datafile/seiseki/report/2018/2018-4tokyo4.pdf,official_daily_result_pdf
201805040411,2018,東京,4,4,11,2018-10-13,https://www.jra.go.jp/datafile/seiseki/report/2018/2018-4tokyo4.pdf,official_daily_result_pdf
201805040412,2018,東京,4,4,12,2018-10-13,https://www.jra.go.jp/datafile/seiseki/report/2018/2018-4tokyo4.pdf,official_daily_result_pdf
201805040501,2018,東京,4,5,1,2018-10-14,https://www.jra.go.jp/datafile/seiseki/report/2018/2018-4tokyo5.pdf,official_daily_result_pdf
201805040502,2018,東京,4,5,2,2018-10-14,https://www.jra.go.jp/datafile/seiseki/report/2018/2018-4tokyo5.pdf,official_daily_result_pdf
201805040503,2018,東京,4,5,3,2018-10-14,https://www.jra.go.jp/datafile/seiseki/report/2018/2018-4tokyo5.pdf,official_daily_result_pdf
201805040504,2018,東京,4,5,4,2018-10-14,https://www.jra.go.jp/datafile/seiseki/report/2018/2018-4tokyo5.pdf,official_daily_result_pdf
201805040505,2018,東京,4,5,5,2018-10-14,https://www.jra.go.jp/datafile/seiseki/report/2018/2018-4tokyo5.pdf,official_daily_result_pdf
201805040506,2018,東京,4,5,6,2018-10-14,https://www.jra.go.jp/datafile/seiseki/report/2018/2018-4tokyo5.pdf,official_daily_result_pdf
201805040507,2018,東京,4,5,7,2018-10-14,https://www.jra.go.jp/datafile/seiseki/report/2018/2018-4tokyo5.pdf,official_daily_result_pdf
201805040508,2018,東京,4,5,8,2018-10-14,https://www.jra.go.jp/datafile/seiseki/report/2018/2018-4tokyo5.pdf,official_daily_result_pdf
201805040509,2018,東京,4,5,9,2018-10-14,https://www.jra.go.jp/datafile/seiseki/report/2018/2018-4tokyo5.pdf,official_daily_result_pdf
201805040510,2018,東京,4,5,10,2018-10-14,https://www.jra.go.jp/datafile/seiseki/report/2018/2018-4tokyo5.pdf,official_daily_result_pdf
201805040511,2018,東京,4,5,11,2018-10-14,https://www.jra.go.jp/datafile/seiseki/report/2018/2018-4tokyo5.pdf,official_daily_result_pdf
201805040512,2018,東京,4,5,12,2018-10-14,https://www.jra.go.jp/datafile/seiseki/report/2018/2018-4tokyo5.pdf,official_daily_result_pdf
201805040601,2018,東京,4,6,1,2018-10-20,https://www.jra.go.jp/datafile/seiseki/report/2018/2018-4tokyo6.pdf,official_daily_result_pdf
201805040602,2018,東京,4,6,2,2018-10-20,https://www.jra.go.jp/datafile/seiseki/report/2018/2018-4tokyo6.pdf,official_daily_result_pdf
201805040603,2018,東京,4,6,3,2018-10-20,https://www.jra.go.jp/datafile/seiseki/report/2018/2018-4tokyo6.pdf,official_daily_result_pdf
201805040604,2018,東京,4,6,4,2018-10-20,https://www.jra.go.jp/datafile/seiseki/report/2018/2018-4tokyo6.pdf,official_daily_result_pdf
201805040605,2018,東京,4,6,5,2018-10-20,https://www.jra.go.jp/datafile/seiseki/report/2018/2018-4tokyo6.pdf,official_daily_result_pdf
201805040606,2018,東京,4,6,6,2018-10-20,https://www.jra.go.jp/datafile/seiseki/report/2018/2018-4tokyo6.pdf,official_daily_result_pdf
201805040607,2018,東京,4,6,7,2018-10-20,https://www.jra.go.jp/datafile/seiseki/report/2018/2018-4tokyo6.pdf,official_daily_result_pdf
201805040608,2018,東京,4,6,8,2018-10-20,https://www.jra.go.jp/datafile/seiseki/report/2018/2018-4tokyo6.pdf,official_daily_result_pdf
201805040609,2018,東京,4,6,9,2018-10-20,https://www.jra.go.jp/datafile/seiseki/report/2018/2018-4tokyo6.pdf,official_daily_result_pdf
201805040610,2018,東京,4,6,10,2018-10-20,https://www.jra.go.jp/datafile/seiseki/report/2018/2018-4tokyo6.pdf,official_daily_result_pdf
201805040611,2018,東京,4,6,11,2018-10-20,https://www.jra.go.jp/datafile/seiseki/report/2018/2018-4tokyo6.pdf,official_daily_result_pdf
201805040612,2018,東京,4,6,12,2018-10-20,https://www.jra.go.jp/datafile/seiseki/report/2018/2018-4tokyo6.pdf,official_daily_result_pdf
201805040701,2018,東京,4,7,1,2018-10-21,https://www.jra.go.jp/datafile/seiseki/report/2018/2018-4tokyo7.pdf,official_daily_result_pdf
201805040702,2018,東京,4,7,2,2018-10-21,https://www.jra.go.jp/datafile/seiseki/report/2018/2018-4tokyo7.pdf,official_daily_result_pdf
201805040703,2018,東京,4,7,3,2018-10-21,https://www.jra.go.jp/datafile/seiseki/report/2018/2018-4tokyo7.pdf,official_daily_result_pdf
201805040704,2018,東京,4,7,4,2018-10-21,https://www.jra.go.jp/datafile/seiseki/report/2018/2018-4tokyo7.pdf,official_daily_result_pdf
201805040705,2018,東京,4,7,5,2018-10-21,https://www.jra.go.jp/datafile/seiseki/report/2018/2018-4tokyo7.pdf,official_daily_result_pdf
201805040706,2018,東京,4,7,6,2018-10-21,https://www.jra.go.jp/datafile/seiseki/report/2018/2018-4tokyo7.pdf,official_daily_result_pdf
201805040707,2018,東京,4,7,7,2018-10-21,https://www.jra.go.jp/datafile/seiseki/report/2018/2018-4tokyo7.pdf,official_daily_result_pdf
201805040708,2018,東京,4,7,8,2018-10-21,https://www.jra.go.jp/datafile/seiseki/report/2018/2018-4tokyo7.pdf,official_daily_result_pdf
201805040709,2018,東京,4,7,9,2018-10-21,https://www.jra.go.jp/datafile/seiseki/report/2018/2018-4tokyo7.pdf,official_daily_result_pdf
201805040710,2018,東京,4,7,10,2018-10-21,https://www.jra.go.jp/datafile/seiseki/report/2018/2018-4tokyo7.pdf,official_daily_result_pdf
201805040711,2018,東京,4,7,11,2018-10-21,https://www.jra.go.jp/datafile/seiseki/report/2018/2018-4tokyo7.pdf,official_daily_result_pdf
201805040712,2018,東京,4,7,12,2018-10-21,https://www.jra.go.jp/datafile/seiseki/report/2018/2018-4tokyo7.pdf,official_daily_result_pdf
201805040801,2018,東京,4,8,1,2018-10-27,https://www.jra.go.jp/datafile/seiseki/report/2018/2018-4tokyo8.pdf,official_daily_result_pdf
201805040802,2018,東京,4,8,2,2018-10-27,https://www.jra.go.jp/datafile/seiseki/report/2018/2018-4tokyo8.pdf,official_daily_result_pdf
201805040803,2018,東京,4,8,3,2018-10-27,https://www.jra.go.jp/datafile/seiseki/report/2018/2018-4tokyo8.pdf,official_daily_result_pdf
201805040804,2018,東京,4,8,4,2018-10-27,https://www.jra.go.jp/datafile/seiseki/report/2018/2018-4tokyo8.pdf,official_daily_result_pdf
201805040805,2018,東京,4,8,5,2018-10-27,https://www.jra.go.jp/datafile/seiseki/report/2018/2018-4tokyo8.pdf,official_daily_result_pdf
201805040806,2018,東京,4,8,6,2018-10-27,https://www.jra.go.jp/datafile/seiseki/report/2018/2018-4tokyo8.pdf,official_daily_result_pdf
201805040807,2018,東京,4,8,7,2018-10-27,https://www.jra.go.jp/datafile/seiseki/report/2018/2018-4tokyo8.pdf,official_daily_result_pdf
201805040808,2018,東京,4,8,8,2018-10-27,https://www.jra.go.jp/datafile/seiseki/report/2018/2018-4tokyo8.pdf,official_daily_result_pdf
201805040809,2018,東京,4,8,9,2018-10-27,https://www.jra.go.jp/datafile/seiseki/report/2018/2018-4tokyo8.pdf,official_daily_result_pdf
201805040810,2018,東京,4,8,10,2018-10-27,https://www.jra.go.jp/datafile/seiseki/report/2018/2018-4tokyo8.pdf,official_daily_result_pdf
201805040811,2018,東京,4,8,11,2018-10-27,https://www.jra.go.jp/datafile/seiseki/report/2018/2018-4tokyo8.pdf,official_daily_result_pdf
201805040812,2018,東京,4,8,12,2018-10-27,https://www.jra.go.jp/datafile/seiseki/report/2018/2018-4tokyo8.pdf,official_daily_result_pdf
201805040901,2018,東京,4,9,1,2018-10-28,https://www.jra.go.jp/datafile/seiseki/report/2018/2018-4tokyo9.pdf,official_daily_result_pdf
201805040902,2018,東京,4,9,2,2018-10-28,https://www.jra.go.jp/datafile/seiseki/report/2018/2018-4tokyo9.pdf,official_daily_result_pdf
201805040903,2018,東京,4,9,3,2018-10-28,https://www.jra.go.jp/datafile/seiseki/report/2018/2018-4tokyo9.pdf,official_daily_result_pdf
201805040904,2018,東京,4,9,4,2018-10-28,https://www.jra.go.jp/datafile/seiseki/report/2018/2018-4tokyo9.pdf,official_daily_result_pdf
201805040905,2018,東京,4,9,5,2018-10-28,https://www.jra.go.jp/datafile/seiseki/report/2018/2018-4tokyo9.pdf,official_daily_result_pdf
201805040906,2018,東京,4,9,6,2018-10-28,https://www.jra.go.jp/datafile/seiseki/report/2018/2018-4tokyo9.pdf,official_daily_result_pdf
201805040907,2018,東京,4,9,7,2018-10-28,https://www.jra.go.jp/datafile/seiseki/report/2018/2018-4tokyo9.pdf,official_daily_result_pdf
201805040908,2018,東京,4,9,8,2018-10-28,https://www.jra.go.jp/datafile/seiseki/report/2018/2018-4tokyo9.pdf,official_daily_result_pdf
201805040909,2018,東京,4,9,9,2018-10-28,https://www.jra.go.jp/datafile/seiseki/report/2018/2018-4tokyo9.pdf,official_daily_result_pdf
201805040910,2018,東京,4,9,10,2018-10-28,https://www.jra.go.jp/datafile/seiseki/report/2018/2018-4tokyo9.pdf,official_daily_result_pdf
201805040911,2018,東京,4,9,11,2018-10-28,https://www.jra.go.jp/datafile/seiseki/report/2018/2018-4tokyo9.pdf,official_daily_result_pdf
201805040912,2018,東京,4,9,12,2018-10-28,https://www.jra.go.jp/datafile/seiseki/report/2018/2018-4tokyo9.pdf,official_daily_result_pdf
201805050101,2018,東京,5,1,1,2018-11-03,https://www.jra.go.jp/datafile/seiseki/report/2018/2018-5tokyo1.pdf,official_daily_result_pdf
201805050102,2018,東京,5,1,2,2018-11-03,https://www.jra.go.jp/datafile/seiseki/report/2018/2018-5tokyo1.pdf,official_daily_result_pdf
201805050103,2018,東京,5,1,3,2018-11-03,https://www.jra.go.jp/datafile/seiseki/report/2018/2018-5tokyo1.pdf,official_daily_result_pdf
201805050104,2018,東京,5,1,4,2018-11-03,https://www.jra.go.jp/datafile/seiseki/report/2018/2018-5tokyo1.pdf,official_daily_result_pdf
201805050105,2018,東京,5,1,5,2018-11-03,https://www.jra.go.jp/datafile/seiseki/report/2018/2018-5tokyo1.pdf,official_daily_result_pdf
201805050106,2018,東京,5,1,6,2018-11-03,https://www.jra.go.jp/datafile/seiseki/report/2018/2018-5tokyo1.pdf,official_daily_result_pdf
201805050107,2018,東京,5,1,7,2018-11-03,https://www.jra.go.jp/datafile/seiseki/report/2018/2018-5tokyo1.pdf,official_daily_result_pdf
201805050108,2018,東京,5,1,8,2018-11-03,https://www.jra.go.jp/datafile/seiseki/report/2018/2018-5tokyo1.pdf,official_daily_result_pdf
201805050109,2018,東京,5,1,9,2018-11-03,https://www.jra.go.jp/datafile/seiseki/report/2018/2018-5tokyo1.pdf,official_daily_result_pdf
201805050110,2018,東京,5,1,10,2018-11-03,https://www.jra.go.jp/datafile/seiseki/report/2018/2018-5tokyo1.pdf,official_daily_result_pdf
201805050111,2018,東京,5,1,11,2018-11-03,https://www.jra.go.jp/datafile/seiseki/report/2018/2018-5tokyo1.pdf,official_daily_result_pdf
201805050112,2018,東京,5,1,12,2018-11-03,https://www.jra.go.jp/datafile/seiseki/report/2018/2018-5tokyo1.pdf,official_daily_result_pdf
201805050201,2018,東京,5,2,1,2018-11-04,https://www.jra.go.jp/datafile/seiseki/report/2018/2018-5tokyo2.pdf,official_daily_result_pdf
201805050202,2018,東京,5,2,2,2018-11-04,https://www.jra.go.jp/datafile/seiseki/report/2018/2018-5tokyo2.pdf,official_daily_result_pdf
201805050203,2018,東京,5,2,3,2018-11-04,https://www.jra.go.jp/datafile/seiseki/report/2018/2018-5tokyo2.pdf,official_daily_result_pdf
201805050204,2018,東京,5,2,4,2018-11-04,https://www.jra.go.jp/datafile/seiseki/report/2018/2018-5tokyo2.pdf,official_daily_result_pdf
201805050205,2018,東京,5,2,5,2018-11-04,https://www.jra.go.jp/datafile/seiseki/report/2018/2018-5tokyo2.pdf,official_daily_result_pdf
201805050206,2018,東京,5,2,6,2018-11-04,https://www.jra.go.jp/datafile/seiseki/report/2018/2018-5tokyo2.pdf,official_daily_result_pdf
201805050207,2018,東京,5,2,7,2018-11-04,https://www.jra.go.jp/datafile/seiseki/report/2018/2018-5tokyo2.pdf,official_daily_result_pdf
201805050208,2018,東京,5,2,8,2018-11-04,https://www.jra.go.jp/datafile/seiseki/report/2018/2018-5tokyo2.pdf,official_daily_result_pdf
201805050209,2018,東京,5,2,9,2018-11-04,https://www.jra.go.jp/datafile/seiseki/report/2018/2018-5tokyo2.pdf,official_daily_result_pdf
201805050210,2018,東京,5,2,10,2018-11-04,https://www.jra.go.jp/datafile/seiseki/report/2018/2018-5tokyo2.pdf,official_daily_result_pdf
201805050211,2018,東京,5,2,11,2018-11-04,https://www.jra.go.jp/datafile/seiseki/report/2018/2018-5tokyo2.pdf,official_daily_result_pdf
201805050212,2018,東京,5,2,12,2018-11-04,https://www.jra.go.jp/datafile/seiseki/report/2018/2018-5tokyo2.pdf,official_daily_result_pdf
201805050301,2018,東京,5,3,1,2018-11-10,https://www.jra.go.jp/datafile/seiseki/report/2018/2018-5tokyo3.pdf,official_daily_result_pdf
201805050302,2018,東京,5,3,2,2018-11-10,https://www.jra.go.jp/datafile/seiseki/report/2018/2018-5tokyo3.pdf,official_daily_result_pdf
201805050303,2018,東京,5,3,3,2018-11-10,https://www.jra.go.jp/datafile/seiseki/report/2018/2018-5tokyo3.pdf,official_daily_result_pdf
201805050304,2018,東京,5,3,4,2018-11-10,https://www.jra.go.jp/datafile/seiseki/report/2018/2018-5tokyo3.pdf,official_daily_result_pdf
201805050305,2018,東京,5,3,5,2018-11-10,https://www.jra.go.jp/datafile/seiseki/report/2018/2018-5tokyo3.pdf,official_daily_result_pdf
201805050306,2018,東京,5,3,6,2018-11-10,https://www.jra.go.jp/datafile/seiseki/report/2018/2018-5tokyo3.pdf,official_daily_result_pdf
201805050307,2018,東京,5,3,7,2018-11-10,https://www.jra.go.jp/datafile/seiseki/report/2018/2018-5tokyo3.pdf,official_daily_result_pdf
201805050308,2018,東京,5,3,8,2018-11-10,https://www.jra.go.jp/datafile/seiseki/report/2018/2018-5tokyo3.pdf,official_daily_result_pdf
201805050309,2018,東京,5,3,9,2018-11-10,https://www.jra.go.jp/datafile/seiseki/report/2018/2018-5tokyo3.pdf,official_daily_result_pdf
201805050310,2018,東京,5,3,10,2018-11-10,https://www.jra.go.jp/datafile/seiseki/report/2018/2018-5tokyo3.pdf,official_daily_result_pdf
201805050311,2018,東京,5,3,11,2018-11-10,https://www.jra.go.jp/datafile/seiseki/report/2018/2018-5tokyo3.pdf,official_daily_result_pdf
201805050312,2018,東京,5,3,12,2018-11-10,https://www.jra.go.jp/datafile/seiseki/report/2018/2018-5tokyo3.pdf,official_daily_result_pdf
201805050401,2018,東京,5,4,1,2018-11-11,https://www.jra.go.jp/datafile/seiseki/report/2018/2018-5tokyo4.pdf,official_daily_result_pdf
201805050402,2018,東京,5,4,2,2018-11-11,https://www.jra.go.jp/datafile/seiseki/report/2018/2018-5tokyo4.pdf,official_daily_result_pdf
201805050403,2018,東京,5,4,3,2018-11-11,https://www.jra.go.jp/datafile/seiseki/report/2018/2018-5tokyo4.pdf,official_daily_result_pdf
201805050404,2018,東京,5,4,4,2018-11-11,https://www.jra.go.jp/datafile/seiseki/report/2018/2018-5tokyo4.pdf,official_daily_result_pdf
201805050405,2018,東京,5,4,5,2018-11-11,https://www.jra.go.jp/datafile/seiseki/report/2018/2018-5tokyo4.pdf,official_daily_result_pdf
201805050406,2018,東京,5,4,6,2018-11-11,https://www.jra.go.jp/datafile/seiseki/report/2018/2018-5tokyo4.pdf,official_daily_result_pdf
201805050407,2018,東京,5,4,7,2018-11-11,https://www.jra.go.jp/datafile/seiseki/report/2018/2018-5tokyo4.pdf,official_daily_result_pdf
201805050408,2018,東京,5,4,8,2018-11-11,https://www.jra.go.jp/datafile/seiseki/report/2018/2018-5tokyo4.pdf,official_daily_result_pdf
201805050409,2018,東京,5,4,9,2018-11-11,https://www.jra.go.jp/datafile/seiseki/report/2018/2018-5tokyo4.pdf,official_daily_result_pdf
201805050410,2018,東京,5,4,10,2018-11-11,https://www.jra.go.jp/datafile/seiseki/report/2018/2018-5tokyo4.pdf,official_daily_result_pdf
201805050411,2018,東京,5,4,11,2018-11-11,https://www.jra.go.jp/datafile/seiseki/report/2018/2018-5tokyo4.pdf,official_daily_result_pdf
201805050412,2018,東京,5,4,12,2018-11-11,https://www.jra.go.jp/datafile/seiseki/report/2018/2018-5tokyo4.pdf,official_daily_result_pdf
201805050501,2018,東京,5,5,1,2018-11-17,https://www.jra.go.jp/datafile/seiseki/report/2018/2018-5tokyo5.pdf,official_daily_result_pdf
201805050502,2018,東京,5,5,2,2018-11-17,https://www.jra.go.jp/datafile/seiseki/report/2018/2018-5tokyo5.pdf,official_daily_result_pdf
201805050503,2018,東京,5,5,3,2018-11-17,https://www.jra.go.jp/datafile/seiseki/report/2018/2018-5tokyo5.pdf,official_daily_result_pdf
201805050504,2018,東京,5,5,4,2018-11-17,https://www.jra.go.jp/datafile/seiseki/report/2018/2018-5tokyo5.pdf,official_daily_result_pdf
201805050505,2018,東京,5,5,5,2018-11-17,https://www.jra.go.jp/datafile/seiseki/report/2018/2018-5tokyo5.pdf,official_daily_result_pdf
201805050506,2018,東京,5,5,6,2018-11-17,https://www.jra.go.jp/datafile/seiseki/report/2018/2018-5tokyo5.pdf,official_daily_result_pdf
201805050507,2018,東京,5,5,7,2018-11-17,https://www.jra.go.jp/datafile/seiseki/report/2018/2018-5tokyo5.pdf,official_daily_result_pdf
201805050508,2018,東京,5,5,8,2018-11-17,https://www.jra.go.jp/datafile/seiseki/report/2018/2018-5tokyo5.pdf,official_daily_result_pdf
201805050509,2018,東京,5,5,9,2018-11-17,https://www.jra.go.jp/datafile/seiseki/report/2018/2018-5tokyo5.pdf,official_daily_result_pdf
201805050510,2018,東京,5,5,10,2018-11-17,https://www.jra.go.jp/datafile/seiseki/report/2018/2018-5tokyo5.pdf,official_daily_result_pdf
201805050511,2018,東京,5,5,11,2018-11-17,https://www.jra.go.jp/datafile/seiseki/report/2018/2018-5tokyo5.pdf,official_daily_result_pdf
201805050512,2018,東京,5,5,12,2018-11-17,https://www.jra.go.jp/datafile/seiseki/report/2018/2018-5tokyo5.pdf,official_daily_result_pdf
201805050601,2018,東京,5,6,1,2018-11-18,https://www.jra.go.jp/datafile/seiseki/report/2018/2018-5tokyo6.pdf,official_daily_result_pdf
201805050602,2018,東京,5,6,2,2018-11-18,https://www.jra.go.jp/datafile/seiseki/report/2018/2018-5tokyo6.pdf,official_daily_result_pdf
201805050603,2018,東京,5,6,3,2018-11-18,https://www.jra.go.jp/datafile/seiseki/report/2018/2018-5tokyo6.pdf,official_daily_result_pdf
201805050604,2018,東京,5,6,4,2018-11-18,https://www.jra.go.jp/datafile/seiseki/report/2018/2018-5tokyo6.pdf,official_daily_result_pdf
201805050605,2018,東京,5,6,5,2018-11-18,https://www.jra.go.jp/datafile/seiseki/report/2018/2018-5tokyo6.pdf,official_daily_result_pdf
201805050606,2018,東京,5,6,6,2018-11-18,https://www.jra.go.jp/datafile/seiseki/report/2018/2018-5tokyo6.pdf,official_daily_result_pdf
201805050607,2018,東京,5,6,7,2018-11-18,https://www.jra.go.jp/datafile/seiseki/report/2018/2018-5tokyo6.pdf,official_daily_result_pdf
201805050608,2018,東京,5,6,8,2018-11-18,https://www.jra.go.jp/datafile/seiseki/report/2018/2018-5tokyo6.pdf,official_daily_result_pdf
201805050609,2018,東京,5,6,9,2018-11-18,https://www.jra.go.jp/datafile/seiseki/report/2018/2018-5tokyo6.pdf,official_daily_result_pdf
201805050610,2018,東京,5,6,10,2018-11-18,https://www.jra.go.jp/datafile/seiseki/report/2018/2018-5tokyo6.pdf,official_daily_result_pdf
201805050611,2018,東京,5,6,11,2018-11-18,https://www.jra.go.jp/datafile/seiseki/report/2018/2018-5tokyo6.pdf,official_daily_result_pdf
201805050612,2018,東京,5,6,12,2018-11-18,https://www.jra.go.jp/datafile/seiseki/report/2018/2018-5tokyo6.pdf,official_daily_result_pdf
201805050701,2018,東京,5,7,1,2018-11-24,https://www.jra.go.jp/datafile/seiseki/report/2018/2018-5tokyo7.pdf,official_daily_result_pdf
201805050702,2018,東京,5,7,2,2018-11-24,https://www.jra.go.jp/datafile/seiseki/report/2018/2018-5tokyo7.pdf,official_daily_result_pdf
201805050703,2018,東京,5,7,3,2018-11-24,https://www.jra.go.jp/datafile/seiseki/report/2018/2018-5tokyo7.pdf,official_daily_result_pdf
201805050704,2018,東京,5,7,4,2018-11-24,https://www.jra.go.jp/datafile/seiseki/report/2018/2018-5tokyo7.pdf,official_daily_result_pdf
201805050705,2018,東京,5,7,5,2018-11-24,https://www.jra.go.jp/datafile/seiseki/report/2018/2018-5tokyo7.pdf,official_daily_result_pdf
201805050706,2018,東京,5,7,6,2018-11-24,https://www.jra.go.jp/datafile/seiseki/report/2018/2018-5tokyo7.pdf,official_daily_result_pdf
201805050707,2018,東京,5,7,7,2018-11-24,https://www.jra.go.jp/datafile/seiseki/report/2018/2018-5tokyo7.pdf,official_daily_result_pdf
201805050708,2018,東京,5,7,8,2018-11-24,https://www.jra.go.jp/datafile/seiseki/report/2018/2018-5tokyo7.pdf,official_daily_result_pdf
201805050709,2018,東京,5,7,9,2018-11-24,https://www.jra.go.jp/datafile/seiseki/report/2018/2018-5tokyo7.pdf,official_daily_result_pdf
201805050710,2018,東京,5,7,10,2018-11-24,https://www.jra.go.jp/datafile/seiseki/report/2018/2018-5tokyo7.pdf,official_daily_result_pdf
201805050711,2018,東京,5,7,11,2018-11-24,https://www.jra.go.jp/datafile/seiseki/report/2018/2018-5tokyo7.pdf,official_daily_result_pdf
201805050712,2018,東京,5,7,12,2018-11-24,https://www.jra.go.jp/datafile/seiseki/report/2018/2018-5tokyo7.pdf,official_daily_result_pdf
201805050801,2018,東京,5,8,1,2018-11-25,https://www.jra.go.jp/datafile/seiseki/report/2018/2018-5tokyo8.pdf,official_daily_result_pdf
201805050802,2018,東京,5,8,2,2018-11-25,https://www.jra.go.jp/datafile/seiseki/report/2018/2018-5tokyo8.pdf,official_daily_result_pdf
201805050803,2018,東京,5,8,3,2018-11-25,https://www.jra.go.jp/datafile/seiseki/report/2018/2018-5tokyo8.pdf,official_daily_result_pdf
201805050804,2018,東京,5,8,4,2018-11-25,https://www.jra.go.jp/datafile/seiseki/report/2018/2018-5tokyo8.pdf,official_daily_result_pdf
201805050805,2018,東京,5,8,5,2018-11-25,https://www.jra.go.jp/datafile/seiseki/report/2018/2018-5tokyo8.pdf,official_daily_result_pdf
201805050806,2018,東京,5,8,6,2018-11-25,https://www.jra.go.jp/datafile/seiseki/report/2018/2018-5tokyo8.pdf,official_daily_result_pdf
201805050807,2018,東京,5,8,7,2018-11-25,https://www.jra.go.jp/datafile/seiseki/report/2018/2018-5tokyo8.pdf,official_daily_result_pdf
201805050808,2018,東京,5,8,8,2018-11-25,https://www.jra.go.jp/datafile/seiseki/report/2018/2018-5tokyo8.pdf,official_daily_result_pdf
201805050809,2018,東京,5,8,9,2018-11-25,https://www.jra.go.jp/datafile/seiseki/report/2018/2018-5tokyo8.pdf,official_daily_result_pdf
201805050810,2018,東京,5,8,10,2018-11-25,https://www.jra.go.jp/datafile/seiseki/report/2018/2018-5tokyo8.pdf,official_daily_result_pdf
201805050811,2018,東京,5,8,11,2018-11-25,https://www.jra.go.jp/datafile/seiseki/report/2018/2018-5tokyo8.pdf,official_daily_result_pdf
201806010101,2018,中山,1,1,1,2018-01-06,https://www.jra.go.jp/datafile/seiseki/report/2018/2018-1nakayama1.pdf,official_daily_result_pdf
201806010102,2018,中山,1,1,2,2018-01-06,https://www.jra.go.jp/datafile/seiseki/report/2018/2018-1nakayama1.pdf,official_daily_result_pdf
201806010103,2018,中山,1,1,3,2018-01-06,https://www.jra.go.jp/datafile/seiseki/report/2018/2018-1nakayama1.pdf,official_daily_result_pdf
201806010104,2018,中山,1,1,4,2018-01-06,https://www.jra.go.jp/datafile/seiseki/report/2018/2018-1nakayama1.pdf,official_daily_result_pdf
201806010105,2018,中山,1,1,5,2018-01-06,https://www.jra.go.jp/datafile/seiseki/report/2018/2018-1nakayama1.pdf,official_daily_result_pdf
201806010106,2018,中山,1,1,6,2018-01-06,https://www.jra.go.jp/datafile/seiseki/report/2018/2018-1nakayama1.pdf,official_daily_result_pdf
201806010107,2018,中山,1,1,7,2018-01-06,https://www.jra.go.jp/datafile/seiseki/report/2018/2018-1nakayama1.pdf,official_daily_result_pdf
201806010108,2018,中山,1,1,8,2018-01-06,https://www.jra.go.jp/datafile/seiseki/report/2018/2018-1nakayama1.pdf,official_daily_result_pdf
201806010109,2018,中山,1,1,9,2018-01-06,https://www.jra.go.jp/datafile/seiseki/report/2018/2018-1nakayama1.pdf,official_daily_result_pdf
201806010110,2018,中山,1,1,10,2018-01-06,https://www.jra.go.jp/datafile/seiseki/report/2018/2018-1nakayama1.pdf,official_daily_result_pdf
201806010111,2018,中山,1,1,11,2018-01-06,https://www.jra.go.jp/datafile/seiseki/report/2018/2018-1nakayama1.pdf,official_daily_result_pdf
201806010112,2018,中山,1,1,12,2018-01-06,https://www.jra.go.jp/datafile/seiseki/report/2018/2018-1nakayama1.pdf,official_daily_result_pdf
201806010201,2018,中山,1,2,1,2018-01-07,https://www.jra.go.jp/datafile/seiseki/report/2018/2018-1nakayama2.pdf,official_daily_result_pdf
201806010202,2018,中山,1,2,2,2018-01-07,https://www.jra.go.jp/datafile/seiseki/report/2018/2018-1nakayama2.pdf,official_daily_result_pdf
201806010203,2018,中山,1,2,3,2018-01-07,https://www.jra.go.jp/datafile/seiseki/report/2018/2018-1nakayama2.pdf,official_daily_result_pdf
201806010204,2018,中山,1,2,4,2018-01-07,https://www.jra.go.jp/datafile/seiseki/report/2018/2018-1nakayama2.pdf,official_daily_result_pdf
201806010205,2018,中山,1,2,5,2018-01-07,https://www.jra.go.jp/datafile/seiseki/report/2018/2018-1nakayama2.pdf,official_daily_result_pdf
201806010206,2018,中山,1,2,6,2018-01-07,https://www.jra.go.jp/datafile/seiseki/report/2018/2018-1nakayama2.pdf,official_daily_result_pdf
201806010207,2018,中山,1,2,7,2018-01-07,https://www.jra.go.jp/datafile/seiseki/report/2018/2018-1nakayama2.pdf,official_daily_result_pdf
201806010208,2018,中山,1,2,8,2018-01-07,https://www.jra.go.jp/datafile/seiseki/report/2018/2018-1nakayama2.pdf,official_daily_result_pdf
201806010209,2018,中山,1,2,9,2018-01-07,https://www.jra.go.jp/datafile/seiseki/report/2018/2018-1nakayama2.pdf,official_daily_result_pdf
201806010210,2018,中山,1,2,10,2018-01-07,https://www.jra.go.jp/datafile/seiseki/report/2018/2018-1nakayama2.pdf,official_daily_result_pdf
201806010211,2018,中山,1,2,11,2018-01-07,https://www.jra.go.jp/datafile/seiseki/report/2018/2018-1nakayama2.pdf,official_daily_result_pdf
201806010212,2018,中山,1,2,12,2018-01-07,https://www.jra.go.jp/datafile/seiseki/report/2018/2018-1nakayama2.pdf,official_daily_result_pdf
201806010301,2018,中山,1,3,1,2018-01-08,https://www.jra.go.jp/datafile/seiseki/report/2018/2018-1nakayama3.pdf,official_daily_result_pdf
201806010302,2018,中山,1,3,2,2018-01-08,https://www.jra.go.jp/datafile/seiseki/report/2018/2018-1nakayama3.pdf,official_daily_result_pdf
201806010303,2018,中山,1,3,3,2018-01-08,https://www.jra.go.jp/datafile/seiseki/report/2018/2018-1nakayama3.pdf,official_daily_result_pdf
201806010304,2018,中山,1,3,4,2018-01-08,https://www.jra.go.jp/datafile/seiseki/report/2018/2018-1nakayama3.pdf,official_daily_result_pdf
201806010305,2018,中山,1,3,5,2018-01-08,https://www.jra.go.jp/datafile/seiseki/report/2018/2018-1nakayama3.pdf,official_daily_result_pdf
201806010306,2018,中山,1,3,6,2018-01-08,https://www.jra.go.jp/datafile/seiseki/report/2018/2018-1nakayama3.pdf,official_daily_result_pdf
201806010307,2018,中山,1,3,7,2018-01-08,https://www.jra.go.jp/datafile/seiseki/report/2018/2018-1nakayama3.pdf,official_daily_result_pdf
201806010308,2018,中山,1,3,8,2018-01-08,https://www.jra.go.jp/datafile/seiseki/report/2018/2018-1nakayama3.pdf,official_daily_result_pdf
201806010309,2018,中山,1,3,9,2018-01-08,https://www.jra.go.jp/datafile/seiseki/report/2018/2018-1nakayama3.pdf,official_daily_result_pdf
201806010310,2018,中山,1,3,10,2018-01-08,https://www.jra.go.jp/datafile/seiseki/report/2018/2018-1nakayama3.pdf,official_daily_result_pdf
201806010311,2018,中山,1,3,11,2018-01-08,https://www.jra.go.jp/datafile/seiseki/report/2018/2018-1nakayama3.pdf,official_daily_result_pdf
201806010312,2018,中山,1,3,12,2018-01-08,https://www.jra.go.jp/datafile/seiseki/report/2018/2018-1nakayama3.pdf,official_daily_result_pdf
201806010401,2018,中山,1,4,1,2018-01-13,https://www.jra.go.jp/datafile/seiseki/report/2018/2018-1nakayama4.pdf,official_daily_result_pdf
201806010402,2018,中山,1,4,2,2018-01-13,https://www.jra.go.jp/datafile/seiseki/report/2018/2018-1nakayama4.pdf,official_daily_result_pdf
201806010403,2018,中山,1,4,3,2018-01-13,https://www.jra.go.jp/datafile/seiseki/report/2018/2018-1nakayama4.pdf,official_daily_result_pdf
201806010404,2018,中山,1,4,4,2018-01-13,https://www.jra.go.jp/datafile/seiseki/report/2018/2018-1nakayama4.pdf,official_daily_result_pdf
201806010405,2018,中山,1,4,5,2018-01-13,https://www.jra.go.jp/datafile/seiseki/report/2018/2018-1nakayama4.pdf,official_daily_result_pdf
201806010406,2018,中山,1,4,6,2018-01-13,https://www.jra.go.jp/datafile/seiseki/report/2018/2018-1nakayama4.pdf,official_daily_result_pdf
201806010407,2018,中山,1,4,7,2018-01-13,https://www.jra.go.jp/datafile/seiseki/report/2018/2018-1nakayama4.pdf,official_daily_result_pdf
201806010408,2018,中山,1,4,8,2018-01-13,https://www.jra.go.jp/datafile/seiseki/report/2018/2018-1nakayama4.pdf,official_daily_result_pdf
201806010409,2018,中山,1,4,9,2018-01-13,https://www.jra.go.jp/datafile/seiseki/report/2018/2018-1nakayama4.pdf,official_daily_result_pdf
201806010410,2018,中山,1,4,10,2018-01-13,https://www.jra.go.jp/datafile/seiseki/report/2018/2018-1nakayama4.pdf,official_daily_result_pdf
201806010411,2018,中山,1,4,11,2018-01-13,https://www.jra.go.jp/datafile/seiseki/report/2018/2018-1nakayama4.pdf,official_daily_result_pdf
201806010412,2018,中山,1,4,12,2018-01-13,https://www.jra.go.jp/datafile/seiseki/report/2018/2018-1nakayama4.pdf,official_daily_result_pdf
201806010501,2018,中山,1,5,1,2018-01-14,https://www.jra.go.jp/datafile/seiseki/report/2018/2018-1nakayama5.pdf,official_daily_result_pdf
201806010502,2018,中山,1,5,2,2018-01-14,https://www.jra.go.jp/datafile/seiseki/report/2018/2018-1nakayama5.pdf,official_daily_result_pdf
201806010503,2018,中山,1,5,3,2018-01-14,https://www.jra.go.jp/datafile/seiseki/report/2018/2018-1nakayama5.pdf,official_daily_result_pdf
201806010504,2018,中山,1,5,4,2018-01-14,https://www.jra.go.jp/datafile/seiseki/report/2018/2018-1nakayama5.pdf,official_daily_result_pdf
201806010505,2018,中山,1,5,5,2018-01-14,https://www.jra.go.jp/datafile/seiseki/report/2018/2018-1nakayama5.pdf,official_daily_result_pdf
201806010506,2018,中山,1,5,6,2018-01-14,https://www.jra.go.jp/datafile/seiseki/report/2018/2018-1nakayama5.pdf,official_daily_result_pdf
201806010507,2018,中山,1,5,7,2018-01-14,https://www.jra.go.jp/datafile/seiseki/report/2018/2018-1nakayama5.pdf,official_daily_result_pdf
201806010508,2018,中山,1,5,8,2018-01-14,https://www.jra.go.jp/datafile/seiseki/report/2018/2018-1nakayama5.pdf,official_daily_result_pdf
201806010509,2018,中山,1,5,9,2018-01-14,https://www.jra.go.jp/datafile/seiseki/report/2018/2018-1nakayama5.pdf,official_daily_result_pdf
201806010510,2018,中山,1,5,10,2018-01-14,https://www.jra.go.jp/datafile/seiseki/report/2018/2018-1nakayama5.pdf,official_daily_result_pdf
201806010511,2018,中山,1,5,11,2018-01-14,https://www.jra.go.jp/datafile/seiseki/report/2018/2018-1nakayama5.pdf,official_daily_result_pdf
201806010512,2018,中山,1,5,12,2018-01-14,https://www.jra.go.jp/datafile/seiseki/report/2018/2018-1nakayama5.pdf,official_daily_result_pdf
201806010601,2018,中山,1,6,1,2018-01-20,https://www.jra.go.jp/datafile/seiseki/report/2018/2018-1nakayama6.pdf,official_daily_result_pdf
201806010602,2018,中山,1,6,2,2018-01-20,https://www.jra.go.jp/datafile/seiseki/report/2018/2018-1nakayama6.pdf,official_daily_result_pdf
201806010603,2018,中山,1,6,3,2018-01-20,https://www.jra.go.jp/datafile/seiseki/report/2018/2018-1nakayama6.pdf,official_daily_result_pdf
201806010604,2018,中山,1,6,4,2018-01-20,https://www.jra.go.jp/datafile/seiseki/report/2018/2018-1nakayama6.pdf,official_daily_result_pdf
201806010605,2018,中山,1,6,5,2018-01-20,https://www.jra.go.jp/datafile/seiseki/report/2018/2018-1nakayama6.pdf,official_daily_result_pdf
201806010606,2018,中山,1,6,6,2018-01-20,https://www.jra.go.jp/datafile/seiseki/report/2018/2018-1nakayama6.pdf,official_daily_result_pdf
201806010607,2018,中山,1,6,7,2018-01-20,https://www.jra.go.jp/datafile/seiseki/report/2018/2018-1nakayama6.pdf,official_daily_result_pdf
201806010608,2018,中山,1,6,8,2018-01-20,https://www.jra.go.jp/datafile/seiseki/report/2018/2018-1nakayama6.pdf,official_daily_result_pdf
201806010609,2018,中山,1,6,9,2018-01-20,https://www.jra.go.jp/datafile/seiseki/report/2018/2018-1nakayama6.pdf,official_daily_result_pdf
201806010610,2018,中山,1,6,10,2018-01-20,https://www.jra.go.jp/datafile/seiseki/report/2018/2018-1nakayama6.pdf,official_daily_result_pdf
201806010611,2018,中山,1,6,11,2018-01-20,https://www.jra.go.jp/datafile/seiseki/report/2018/2018-1nakayama6.pdf,official_daily_result_pdf
201806010612,2018,中山,1,6,12,2018-01-20,https://www.jra.go.jp/datafile/seiseki/report/2018/2018-1nakayama6.pdf,official_daily_result_pdf
201806010701,2018,中山,1,7,1,2018-01-21,https://www.jra.go.jp/datafile/seiseki/report/2018/2018-1nakayama7.pdf,official_daily_result_pdf
201806010702,2018,中山,1,7,2,2018-01-21,https://www.jra.go.jp/datafile/seiseki/report/2018/2018-1nakayama7.pdf,official_daily_result_pdf
201806010703,2018,中山,1,7,3,2018-01-21,https://www.jra.go.jp/datafile/seiseki/report/2018/2018-1nakayama7.pdf,official_daily_result_pdf
201806010704,2018,中山,1,7,4,2018-01-21,https://www.jra.go.jp/datafile/seiseki/report/2018/2018-1nakayama7.pdf,official_daily_result_pdf
201806010705,2018,中山,1,7,5,2018-01-21,https://www.jra.go.jp/datafile/seiseki/report/2018/2018-1nakayama7.pdf,official_daily_result_pdf
201806010706,2018,中山,1,7,6,2018-01-21,https://www.jra.go.jp/datafile/seiseki/report/2018/2018-1nakayama7.pdf,official_daily_result_pdf
201806010707,2018,中山,1,7,7,2018-01-21,https://www.jra.go.jp/datafile/seiseki/report/2018/2018-1nakayama7.pdf,official_daily_result_pdf
201806010708,2018,中山,1,7,8,2018-01-21,https://www.jra.go.jp/datafile/seiseki/report/2018/2018-1nakayama7.pdf,official_daily_result_pdf
201806010709,2018,中山,1,7,9,2018-01-21,https://www.jra.go.jp/datafile/seiseki/report/2018/2018-1nakayama7.pdf,official_daily_result_pdf
201806010710,2018,中山,1,7,10,2018-01-21,https://www.jra.go.jp/datafile/seiseki/report/2018/2018-1nakayama7.pdf,official_daily_result_pdf
201806010711,2018,中山,1,7,11,2018-01-21,https://www.jra.go.jp/datafile/seiseki/report/2018/2018-1nakayama7.pdf,official_daily_result_pdf
201806010712,2018,中山,1,7,12,2018-01-21,https://www.jra.go.jp/datafile/seiseki/report/2018/2018-1nakayama7.pdf,official_daily_result_pdf
201806020101,2018,中山,2,1,1,2018-02-24,https://www.jra.go.jp/datafile/seiseki/report/2018/2018-2nakayama1.pdf,official_daily_result_pdf
201806020102,2018,中山,2,1,2,2018-02-24,https://www.jra.go.jp/datafile/seiseki/report/2018/2018-2nakayama1.pdf,official_daily_result_pdf
201806020103,2018,中山,2,1,3,2018-02-24,https://www.jra.go.jp/datafile/seiseki/report/2018/2018-2nakayama1.pdf,official_daily_result_pdf
201806020104,2018,中山,2,1,4,2018-02-24,https://www.jra.go.jp/datafile/seiseki/report/2018/2018-2nakayama1.pdf,official_daily_result_pdf
201806020105,2018,中山,2,1,5,2018-02-24,https://www.jra.go.jp/datafile/seiseki/report/2018/2018-2nakayama1.pdf,official_daily_result_pdf
201806020106,2018,中山,2,1,6,2018-02-24,https://www.jra.go.jp/datafile/seiseki/report/2018/2018-2nakayama1.pdf,official_daily_result_pdf
201806020107,2018,中山,2,1,7,2018-02-24,https://www.jra.go.jp/datafile/seiseki/report/2018/2018-2nakayama1.pdf,official_daily_result_pdf
201806020108,2018,中山,2,1,8,2018-02-24,https://www.jra.go.jp/datafile/seiseki/report/2018/2018-2nakayama1.pdf,official_daily_result_pdf
201806020109,2018,中山,2,1,9,2018-02-24,https://www.jra.go.jp/datafile/seiseki/report/2018/2018-2nakayama1.pdf,official_daily_result_pdf
201806020110,2018,中山,2,1,10,2018-02-24,https://www.jra.go.jp/datafile/seiseki/report/2018/2018-2nakayama1.pdf,official_daily_result_pdf
201806020111,2018,中山,2,1,11,2018-02-24,https://www.jra.go.jp/datafile/seiseki/report/2018/2018-2nakayama1.pdf,official_daily_result_pdf
201806020112,2018,中山,2,1,12,2018-02-24,https://www.jra.go.jp/datafile/seiseki/report/2018/2018-2nakayama1.pdf,official_daily_result_pdf
201806020201,2018,中山,2,2,1,2018-02-25,https://www.jra.go.jp/datafile/seiseki/report/2018/2018-2nakayama2.pdf,official_daily_result_pdf
201806020202,2018,中山,2,2,2,2018-02-25,https://www.jra.go.jp/datafile/seiseki/report/2018/2018-2nakayama2.pdf,official_daily_result_pdf
201806020203,2018,中山,2,2,3,2018-02-25,https://www.jra.go.jp/datafile/seiseki/report/2018/2018-2nakayama2.pdf,official_daily_result_pdf
201806020204,2018,中山,2,2,4,2018-02-25,https://www.jra.go.jp/datafile/seiseki/report/2018/2018-2nakayama2.pdf,official_daily_result_pdf
201806020205,2018,中山,2,2,5,2018-02-25,https://www.jra.go.jp/datafile/seiseki/report/2018/2018-2nakayama2.pdf,official_daily_result_pdf
201806020206,2018,中山,2,2,6,2018-02-25,https://www.jra.go.jp/datafile/seiseki/report/2018/2018-2nakayama2.pdf,official_daily_result_pdf
201806020207,2018,中山,2,2,7,2018-02-25,https://www.jra.go.jp/datafile/seiseki/report/2018/2018-2nakayama2.pdf,official_daily_result_pdf
201806020208,2018,中山,2,2,8,2018-02-25,https://www.jra.go.jp/datafile/seiseki/report/2018/2018-2nakayama2.pdf,official_daily_result_pdf
201806020209,2018,中山,2,2,9,2018-02-25,https://www.jra.go.jp/datafile/seiseki/report/2018/2018-2nakayama2.pdf,official_daily_result_pdf
201806020210,2018,中山,2,2,10,2018-02-25,https://www.jra.go.jp/datafile/seiseki/report/2018/2018-2nakayama2.pdf,official_daily_result_pdf
201806020211,2018,中山,2,2,11,2018-02-25,https://www.jra.go.jp/datafile/seiseki/report/2018/2018-2nakayama2.pdf,official_daily_result_pdf
201806020212,2018,中山,2,2,12,2018-02-25,https://www.jra.go.jp/datafile/seiseki/report/2018/2018-2nakayama2.pdf,official_daily_result_pdf
201806020301,2018,中山,2,3,1,2018-03-03,https://www.jra.go.jp/datafile/seiseki/report/2018/2018-2nakayama3.pdf,official_daily_result_pdf
201806020302,2018,中山,2,3,2,2018-03-03,https://www.jra.go.jp/datafile/seiseki/report/2018/2018-2nakayama3.pdf,official_daily_result_pdf
201806020303,2018,中山,2,3,3,2018-03-03,https://www.jra.go.jp/datafile/seiseki/report/2018/2018-2nakayama3.pdf,official_daily_result_pdf
201806020304,2018,中山,2,3,4,2018-03-03,https://www.jra.go.jp/datafile/seiseki/report/2018/2018-2nakayama3.pdf,official_daily_result_pdf
201806020305,2018,中山,2,3,5,2018-03-03,https://www.jra.go.jp/datafile/seiseki/report/2018/2018-2nakayama3.pdf,official_daily_result_pdf
201806020306,2018,中山,2,3,6,2018-03-03,https://www.jra.go.jp/datafile/seiseki/report/2018/2018-2nakayama3.pdf,official_daily_result_pdf
201806020307,2018,中山,2,3,7,2018-03-03,https://www.jra.go.jp/datafile/seiseki/report/2018/2018-2nakayama3.pdf,official_daily_result_pdf
201806020308,2018,中山,2,3,8,2018-03-03,https://www.jra.go.jp/datafile/seiseki/report/2018/2018-2nakayama3.pdf,official_daily_result_pdf
201806020309,2018,中山,2,3,9,2018-03-03,https://www.jra.go.jp/datafile/seiseki/report/2018/2018-2nakayama3.pdf,official_daily_result_pdf
201806020310,2018,中山,2,3,10,2018-03-03,https://www.jra.go.jp/datafile/seiseki/report/2018/2018-2nakayama3.pdf,official_daily_result_pdf
201806020311,2018,中山,2,3,11,2018-03-03,https://www.jra.go.jp/datafile/seiseki/report/2018/2018-2nakayama3.pdf,official_daily_result_pdf
201806020312,2018,中山,2,3,12,2018-03-03,https://www.jra.go.jp/datafile/seiseki/report/2018/2018-2nakayama3.pdf,official_daily_result_pdf
201806020401,2018,中山,2,4,1,2018-03-04,https://www.jra.go.jp/datafile/seiseki/report/2018/2018-2nakayama4.pdf,official_daily_result_pdf
201806020402,2018,中山,2,4,2,2018-03-04,https://www.jra.go.jp/datafile/seiseki/report/2018/2018-2nakayama4.pdf,official_daily_result_pdf
201806020403,2018,中山,2,4,3,2018-03-04,https://www.jra.go.jp/datafile/seiseki/report/2018/2018-2nakayama4.pdf,official_daily_result_pdf
201806020404,2018,中山,2,4,4,2018-03-04,https://www.jra.go.jp/datafile/seiseki/report/2018/2018-2nakayama4.pdf,official_daily_result_pdf
201806020405,2018,中山,2,4,5,2018-03-04,https://www.jra.go.jp/datafile/seiseki/report/2018/2018-2nakayama4.pdf,official_daily_result_pdf
201806020406,2018,中山,2,4,6,2018-03-04,https://www.jra.go.jp/datafile/seiseki/report/2018/2018-2nakayama4.pdf,official_daily_result_pdf
201806020407,2018,中山,2,4,7,2018-03-04,https://www.jra.go.jp/datafile/seiseki/report/2018/2018-2nakayama4.pdf,official_daily_result_pdf
201806020408,2018,中山,2,4,8,2018-03-04,https://www.jra.go.jp/datafile/seiseki/report/2018/2018-2nakayama4.pdf,official_daily_result_pdf
201806020409,2018,中山,2,4,9,2018-03-04,https://www.jra.go.jp/datafile/seiseki/report/2018/2018-2nakayama4.pdf,official_daily_result_pdf
201806020410,2018,中山,2,4,10,2018-03-04,https://www.jra.go.jp/datafile/seiseki/report/2018/2018-2nakayama4.pdf,official_daily_result_pdf
201806020411,2018,中山,2,4,11,2018-03-04,https://www.jra.go.jp/datafile/seiseki/report/2018/2018-2nakayama4.pdf,official_daily_result_pdf
201806020412,2018,中山,2,4,12,2018-03-04,https://www.jra.go.jp/datafile/seiseki/report/2018/2018-2nakayama4.pdf,official_daily_result_pdf
201806020501,2018,中山,2,5,1,2018-03-10,https://www.jra.go.jp/datafile/seiseki/report/2018/2018-2nakayama5.pdf,official_daily_result_pdf
201806020502,2018,中山,2,5,2,2018-03-10,https://www.jra.go.jp/datafile/seiseki/report/2018/2018-2nakayama5.pdf,official_daily_result_pdf
201806020503,2018,中山,2,5,3,2018-03-10,https://www.jra.go.jp/datafile/seiseki/report/2018/2018-2nakayama5.pdf,official_daily_result_pdf
201806020504,2018,中山,2,5,4,2018-03-10,https://www.jra.go.jp/datafile/seiseki/report/2018/2018-2nakayama5.pdf,official_daily_result_pdf
201806020505,2018,中山,2,5,5,2018-03-10,https://www.jra.go.jp/datafile/seiseki/report/2018/2018-2nakayama5.pdf,official_daily_result_pdf
201806020506,2018,中山,2,5,6,2018-03-10,https://www.jra.go.jp/datafile/seiseki/report/2018/2018-2nakayama5.pdf,official_daily_result_pdf
201806020507,2018,中山,2,5,7,2018-03-10,https://www.jra.go.jp/datafile/seiseki/report/2018/2018-2nakayama5.pdf,official_daily_result_pdf
201806020508,2018,中山,2,5,8,2018-03-10,https://www.jra.go.jp/datafile/seiseki/report/2018/2018-2nakayama5.pdf,official_daily_result_pdf
201806020509,2018,中山,2,5,9,2018-03-10,https://www.jra.go.jp/datafile/seiseki/report/2018/2018-2nakayama5.pdf,official_daily_result_pdf
201806020510,2018,中山,2,5,10,2018-03-10,https://www.jra.go.jp/datafile/seiseki/report/2018/2018-2nakayama5.pdf,official_daily_result_pdf
201806020511,2018,中山,2,5,11,2018-03-10,https://www.jra.go.jp/datafile/seiseki/report/2018/2018-2nakayama5.pdf,official_daily_result_pdf
201806020512,2018,中山,2,5,12,2018-03-10,https://www.jra.go.jp/datafile/seiseki/report/2018/2018-2nakayama5.pdf,official_daily_result_pdf
201806020601,2018,中山,2,6,1,2018-03-11,https://www.jra.go.jp/datafile/seiseki/report/2018/2018-2nakayama6.pdf,official_daily_result_pdf
201806020602,2018,中山,2,6,2,2018-03-11,https://www.jra.go.jp/datafile/seiseki/report/2018/2018-2nakayama6.pdf,official_daily_result_pdf
201806020603,2018,中山,2,6,3,2018-03-11,https://www.jra.go.jp/datafile/seiseki/report/2018/2018-2nakayama6.pdf,official_daily_result_pdf
201806020604,2018,中山,2,6,4,2018-03-11,https://www.jra.go.jp/datafile/seiseki/report/2018/2018-2nakayama6.pdf,official_daily_result_pdf
201806020605,2018,中山,2,6,5,2018-03-11,https://www.jra.go.jp/datafile/seiseki/report/2018/2018-2nakayama6.pdf,official_daily_result_pdf
201806020606,2018,中山,2,6,6,2018-03-11,https://www.jra.go.jp/datafile/seiseki/report/2018/2018-2nakayama6.pdf,official_daily_result_pdf
201806020607,2018,中山,2,6,7,2018-03-11,https://www.jra.go.jp/datafile/seiseki/report/2018/2018-2nakayama6.pdf,official_daily_result_pdf
201806020608,2018,中山,2,6,8,2018-03-11,https://www.jra.go.jp/datafile/seiseki/report/2018/2018-2nakayama6.pdf,official_daily_result_pdf
201806020609,2018,中山,2,6,9,2018-03-11,https://www.jra.go.jp/datafile/seiseki/report/2018/2018-2nakayama6.pdf,official_daily_result_pdf
201806020610,2018,中山,2,6,10,2018-03-11,https://www.jra.go.jp/datafile/seiseki/report/2018/2018-2nakayama6.pdf,official_daily_result_pdf
201806020611,2018,中山,2,6,11,2018-03-11,https://www.jra.go.jp/datafile/seiseki/report/2018/2018-2nakayama6.pdf,official_daily_result_pdf
201806020612,2018,中山,2,6,12,2018-03-11,https://www.jra.go.jp/datafile/seiseki/report/2018/2018-2nakayama6.pdf,official_daily_result_pdf
201806020701,2018,中山,2,7,1,2018-03-17,https://www.jra.go.jp/datafile/seiseki/report/2018/2018-2nakayama7.pdf,official_daily_result_pdf
201806020702,2018,中山,2,7,2,2018-03-17,https://www.jra.go.jp/datafile/seiseki/report/2018/2018-2nakayama7.pdf,official_daily_result_pdf
201806020703,2018,中山,2,7,3,2018-03-17,https://www.jra.go.jp/datafile/seiseki/report/2018/2018-2nakayama7.pdf,official_daily_result_pdf
201806020704,2018,中山,2,7,4,2018-03-17,https://www.jra.go.jp/datafile/seiseki/report/2018/2018-2nakayama7.pdf,official_daily_result_pdf
201806020705,2018,中山,2,7,5,2018-03-17,https://www.jra.go.jp/datafile/seiseki/report/2018/2018-2nakayama7.pdf,official_daily_result_pdf
201806020706,2018,中山,2,7,6,2018-03-17,https://www.jra.go.jp/datafile/seiseki/report/2018/2018-2nakayama7.pdf,official_daily_result_pdf
201806020707,2018,中山,2,7,7,2018-03-17,https://www.jra.go.jp/datafile/seiseki/report/2018/2018-2nakayama7.pdf,official_daily_result_pdf
201806020708,2018,中山,2,7,8,2018-03-17,https://www.jra.go.jp/datafile/seiseki/report/2018/2018-2nakayama7.pdf,official_daily_result_pdf
201806020709,2018,中山,2,7,9,2018-03-17,https://www.jra.go.jp/datafile/seiseki/report/2018/2018-2nakayama7.pdf,official_daily_result_pdf
201806020710,2018,中山,2,7,10,2018-03-17,https://www.jra.go.jp/datafile/seiseki/report/2018/2018-2nakayama7.pdf,official_daily_result_pdf
201806020711,2018,中山,2,7,11,2018-03-17,https://www.jra.go.jp/datafile/seiseki/report/2018/2018-2nakayama7.pdf,official_daily_result_pdf
201806020712,2018,中山,2,7,12,2018-03-17,https://www.jra.go.jp/datafile/seiseki/report/2018/2018-2nakayama7.pdf,official_daily_result_pdf
201806020801,2018,中山,2,8,1,2018-03-18,https://www.jra.go.jp/datafile/seiseki/report/2018/2018-2nakayama8.pdf,official_daily_result_pdf
201806020802,2018,中山,2,8,2,2018-03-18,https://www.jra.go.jp/datafile/seiseki/report/2018/2018-2nakayama8.pdf,official_daily_result_pdf
201806020803,2018,中山,2,8,3,2018-03-18,https://www.jra.go.jp/datafile/seiseki/report/2018/2018-2nakayama8.pdf,official_daily_result_pdf
201806020804,2018,中山,2,8,4,2018-03-18,https://www.jra.go.jp/datafile/seiseki/report/2018/2018-2nakayama8.pdf,official_daily_result_pdf
201806020805,2018,中山,2,8,5,2018-03-18,https://www.jra.go.jp/datafile/seiseki/report/2018/2018-2nakayama8.pdf,official_daily_result_pdf
201806020806,2018,中山,2,8,6,2018-03-18,https://www.jra.go.jp/datafile/seiseki/report/2018/2018-2nakayama8.pdf,official_daily_result_pdf
201806020807,2018,中山,2,8,7,2018-03-18,https://www.jra.go.jp/datafile/seiseki/report/2018/2018-2nakayama8.pdf,official_daily_result_pdf
201806020808,2018,中山,2,8,8,2018-03-18,https://www.jra.go.jp/datafile/seiseki/report/2018/2018-2nakayama8.pdf,official_daily_result_pdf
201806020809,2018,中山,2,8,9,2018-03-18,https://www.jra.go.jp/datafile/seiseki/report/2018/2018-2nakayama8.pdf,official_daily_result_pdf
201806020810,2018,中山,2,8,10,2018-03-18,https://www.jra.go.jp/datafile/seiseki/report/2018/2018-2nakayama8.pdf,official_daily_result_pdf
201806020811,2018,中山,2,8,11,2018-03-18,https://www.jra.go.jp/datafile/seiseki/report/2018/2018-2nakayama8.pdf,official_daily_result_pdf
201806020812,2018,中山,2,8,12,2018-03-18,https://www.jra.go.jp/datafile/seiseki/report/2018/2018-2nakayama8.pdf,official_daily_result_pdf
201806030101,2018,中山,3,1,1,2018-03-24,https://www.jra.go.jp/datafile/seiseki/report/2018/2018-3nakayama1.pdf,official_daily_result_pdf
201806030102,2018,中山,3,1,2,2018-03-24,https://www.jra.go.jp/datafile/seiseki/report/2018/2018-3nakayama1.pdf,official_daily_result_pdf
201806030103,2018,中山,3,1,3,2018-03-24,https://www.jra.go.jp/datafile/seiseki/report/2018/2018-3nakayama1.pdf,official_daily_result_pdf
201806030104,2018,中山,3,1,4,2018-03-24,https://www.jra.go.jp/datafile/seiseki/report/2018/2018-3nakayama1.pdf,official_daily_result_pdf
201806030105,2018,中山,3,1,5,2018-03-24,https://www.jra.go.jp/datafile/seiseki/report/2018/2018-3nakayama1.pdf,official_daily_result_pdf
201806030106,2018,中山,3,1,6,2018-03-24,https://www.jra.go.jp/datafile/seiseki/report/2018/2018-3nakayama1.pdf,official_daily_result_pdf
201806030107,2018,中山,3,1,7,2018-03-24,https://www.jra.go.jp/datafile/seiseki/report/2018/2018-3nakayama1.pdf,official_daily_result_pdf
201806030108,2018,中山,3,1,8,2018-03-24,https://www.jra.go.jp/datafile/seiseki/report/2018/2018-3nakayama1.pdf,official_daily_result_pdf
201806030109,2018,中山,3,1,9,2018-03-24,https://www.jra.go.jp/datafile/seiseki/report/2018/2018-3nakayama1.pdf,official_daily_result_pdf
201806030110,2018,中山,3,1,10,2018-03-24,https://www.jra.go.jp/datafile/seiseki/report/2018/2018-3nakayama1.pdf,official_daily_result_pdf
201806030111,2018,中山,3,1,11,2018-03-24,https://www.jra.go.jp/datafile/seiseki/report/2018/2018-3nakayama1.pdf,official_daily_result_pdf
201806030112,2018,中山,3,1,12,2018-03-24,https://www.jra.go.jp/datafile/seiseki/report/2018/2018-3nakayama1.pdf,official_daily_result_pdf
201806030201,2018,中山,3,2,1,2018-03-25,https://www.jra.go.jp/datafile/seiseki/report/2018/2018-3nakayama2.pdf,official_daily_result_pdf
201806030202,2018,中山,3,2,2,2018-03-25,https://www.jra.go.jp/datafile/seiseki/report/2018/2018-3nakayama2.pdf,official_daily_result_pdf
201806030203,2018,中山,3,2,3,2018-03-25,https://www.jra.go.jp/datafile/seiseki/report/2018/2018-3nakayama2.pdf,official_daily_result_pdf
201806030204,2018,中山,3,2,4,2018-03-25,https://www.jra.go.jp/datafile/seiseki/report/2018/2018-3nakayama2.pdf,official_daily_result_pdf
201806030205,2018,中山,3,2,5,2018-03-25,https://www.jra.go.jp/datafile/seiseki/report/2018/2018-3nakayama2.pdf,official_daily_result_pdf
201806030206,2018,中山,3,2,6,2018-03-25,https://www.jra.go.jp/datafile/seiseki/report/2018/2018-3nakayama2.pdf,official_daily_result_pdf
201806030207,2018,中山,3,2,7,2018-03-25,https://www.jra.go.jp/datafile/seiseki/report/2018/2018-3nakayama2.pdf,official_daily_result_pdf
201806030208,2018,中山,3,2,8,2018-03-25,https://www.jra.go.jp/datafile/seiseki/report/2018/2018-3nakayama2.pdf,official_daily_result_pdf
201806030209,2018,中山,3,2,9,2018-03-25,https://www.jra.go.jp/datafile/seiseki/report/2018/2018-3nakayama2.pdf,official_daily_result_pdf
201806030210,2018,中山,3,2,10,2018-03-25,https://www.jra.go.jp/datafile/seiseki/report/2018/2018-3nakayama2.pdf,official_daily_result_pdf
201806030211,2018,中山,3,2,11,2018-03-25,https://www.jra.go.jp/datafile/seiseki/report/2018/2018-3nakayama2.pdf,official_daily_result_pdf
201806030212,2018,中山,3,2,12,2018-03-25,https://www.jra.go.jp/datafile/seiseki/report/2018/2018-3nakayama2.pdf,official_daily_result_pdf
201806030301,2018,中山,3,3,1,2018-03-31,https://www.jra.go.jp/datafile/seiseki/report/2018/2018-3nakayama3.pdf,official_daily_result_pdf
201806030302,2018,中山,3,3,2,2018-03-31,https://www.jra.go.jp/datafile/seiseki/report/2018/2018-3nakayama3.pdf,official_daily_result_pdf
201806030303,2018,中山,3,3,3,2018-03-31,https://www.jra.go.jp/datafile/seiseki/report/2018/2018-3nakayama3.pdf,official_daily_result_pdf
201806030304,2018,中山,3,3,4,2018-03-31,https://www.jra.go.jp/datafile/seiseki/report/2018/2018-3nakayama3.pdf,official_daily_result_pdf
201806030305,2018,中山,3,3,5,2018-03-31,https://www.jra.go.jp/datafile/seiseki/report/2018/2018-3nakayama3.pdf,official_daily_result_pdf
201806030306,2018,中山,3,3,6,2018-03-31,https://www.jra.go.jp/datafile/seiseki/report/2018/2018-3nakayama3.pdf,official_daily_result_pdf
201806030307,2018,中山,3,3,7,2018-03-31,https://www.jra.go.jp/datafile/seiseki/report/2018/2018-3nakayama3.pdf,official_daily_result_pdf
201806030308,2018,中山,3,3,8,2018-03-31,https://www.jra.go.jp/datafile/seiseki/report/2018/2018-3nakayama3.pdf,official_daily_result_pdf
201806030309,2018,中山,3,3,9,2018-03-31,https://www.jra.go.jp/datafile/seiseki/report/2018/2018-3nakayama3.pdf,official_daily_result_pdf
201806030310,2018,中山,3,3,10,2018-03-31,https://www.jra.go.jp/datafile/seiseki/report/2018/2018-3nakayama3.pdf,official_daily_result_pdf
201806030311,2018,中山,3,3,11,2018-03-31,https://www.jra.go.jp/datafile/seiseki/report/2018/2018-3nakayama3.pdf,official_daily_result_pdf
201806030312,2018,中山,3,3,12,2018-03-31,https://www.jra.go.jp/datafile/seiseki/report/2018/2018-3nakayama3.pdf,official_daily_result_pdf
201806030401,2018,中山,3,4,1,2018-04-01,https://www.jra.go.jp/datafile/seiseki/report/2018/2018-3nakayama4.pdf,official_daily_result_pdf
201806030402,2018,中山,3,4,2,2018-04-01,https://www.jra.go.jp/datafile/seiseki/report/2018/2018-3nakayama4.pdf,official_daily_result_pdf
201806030403,2018,中山,3,4,3,2018-04-01,https://www.jra.go.jp/datafile/seiseki/report/2018/2018-3nakayama4.pdf,official_daily_result_pdf
201806030404,2018,中山,3,4,4,2018-04-01,https://www.jra.go.jp/datafile/seiseki/report/2018/2018-3nakayama4.pdf,official_daily_result_pdf
201806030405,2018,中山,3,4,5,2018-04-01,https://www.jra.go.jp/datafile/seiseki/report/2018/2018-3nakayama4.pdf,official_daily_result_pdf
201806030406,2018,中山,3,4,6,2018-04-01,https://www.jra.go.jp/datafile/seiseki/report/2018/2018-3nakayama4.pdf,official_daily_result_pdf
201806030407,2018,中山,3,4,7,2018-04-01,https://www.jra.go.jp/datafile/seiseki/report/2018/2018-3nakayama4.pdf,official_daily_result_pdf
201806030408,2018,中山,3,4,8,2018-04-01,https://www.jra.go.jp/datafile/seiseki/report/2018/2018-3nakayama4.pdf,official_daily_result_pdf
201806030409,2018,中山,3,4,9,2018-04-01,https://www.jra.go.jp/datafile/seiseki/report/2018/2018-3nakayama4.pdf,official_daily_result_pdf
201806030410,2018,中山,3,4,10,2018-04-01,https://www.jra.go.jp/datafile/seiseki/report/2018/2018-3nakayama4.pdf,official_daily_result_pdf
201806030411,2018,中山,3,4,11,2018-04-01,https://www.jra.go.jp/datafile/seiseki/report/2018/2018-3nakayama4.pdf,official_daily_result_pdf
201806030412,2018,中山,3,4,12,2018-04-01,https://www.jra.go.jp/datafile/seiseki/report/2018/2018-3nakayama4.pdf,official_daily_result_pdf
201806030501,2018,中山,3,5,1,2018-04-07,https://www.jra.go.jp/datafile/seiseki/report/2018/2018-3nakayama5.pdf,official_daily_result_pdf
201806030502,2018,中山,3,5,2,2018-04-07,https://www.jra.go.jp/datafile/seiseki/report/2018/2018-3nakayama5.pdf,official_daily_result_pdf
201806030503,2018,中山,3,5,3,2018-04-07,https://www.jra.go.jp/datafile/seiseki/report/2018/2018-3nakayama5.pdf,official_daily_result_pdf
201806030504,2018,中山,3,5,4,2018-04-07,https://www.jra.go.jp/datafile/seiseki/report/2018/2018-3nakayama5.pdf,official_daily_result_pdf
201806030505,2018,中山,3,5,5,2018-04-07,https://www.jra.go.jp/datafile/seiseki/report/2018/2018-3nakayama5.pdf,official_daily_result_pdf
201806030506,2018,中山,3,5,6,2018-04-07,https://www.jra.go.jp/datafile/seiseki/report/2018/2018-3nakayama5.pdf,official_daily_result_pdf
201806030507,2018,中山,3,5,7,2018-04-07,https://www.jra.go.jp/datafile/seiseki/report/2018/2018-3nakayama5.pdf,official_daily_result_pdf
201806030508,2018,中山,3,5,8,2018-04-07,https://www.jra.go.jp/datafile/seiseki/report/2018/2018-3nakayama5.pdf,official_daily_result_pdf
201806030509,2018,中山,3,5,9,2018-04-07,https://www.jra.go.jp/datafile/seiseki/report/2018/2018-3nakayama5.pdf,official_daily_result_pdf
201806030510,2018,中山,3,5,10,2018-04-07,https://www.jra.go.jp/datafile/seiseki/report/2018/2018-3nakayama5.pdf,official_daily_result_pdf
201806030511,2018,中山,3,5,11,2018-04-07,https://www.jra.go.jp/datafile/seiseki/report/2018/2018-3nakayama5.pdf,official_daily_result_pdf
201806030512,2018,中山,3,5,12,2018-04-07,https://www.jra.go.jp/datafile/seiseki/report/2018/2018-3nakayama5.pdf,official_daily_result_pdf
201806030601,2018,中山,3,6,1,2018-04-08,https://www.jra.go.jp/datafile/seiseki/report/2018/2018-3nakayama6.pdf,official_daily_result_pdf
201806030602,2018,中山,3,6,2,2018-04-08,https://www.jra.go.jp/datafile/seiseki/report/2018/2018-3nakayama6.pdf,official_daily_result_pdf
201806030603,2018,中山,3,6,3,2018-04-08,https://www.jra.go.jp/datafile/seiseki/report/2018/2018-3nakayama6.pdf,official_daily_result_pdf
201806030604,2018,中山,3,6,4,2018-04-08,https://www.jra.go.jp/datafile/seiseki/report/2018/2018-3nakayama6.pdf,official_daily_result_pdf
201806030605,2018,中山,3,6,5,2018-04-08,https://www.jra.go.jp/datafile/seiseki/report/2018/2018-3nakayama6.pdf,official_daily_result_pdf
201806030606,2018,中山,3,6,6,2018-04-08,https://www.jra.go.jp/datafile/seiseki/report/2018/2018-3nakayama6.pdf,official_daily_result_pdf
201806030607,2018,中山,3,6,7,2018-04-08,https://www.jra.go.jp/datafile/seiseki/report/2018/2018-3nakayama6.pdf,official_daily_result_pdf
201806030608,2018,中山,3,6,8,2018-04-08,https://www.jra.go.jp/datafile/seiseki/report/2018/2018-3nakayama6.pdf,official_daily_result_pdf
201806030609,2018,中山,3,6,9,2018-04-08,https://www.jra.go.jp/datafile/seiseki/report/2018/2018-3nakayama6.pdf,official_daily_result_pdf
201806030610,2018,中山,3,6,10,2018-04-08,https://www.jra.go.jp/datafile/seiseki/report/2018/2018-3nakayama6.pdf,official_daily_result_pdf
201806030611,2018,中山,3,6,11,2018-04-08,https://www.jra.go.jp/datafile/seiseki/report/2018/2018-3nakayama6.pdf,official_daily_result_pdf
201806030612,2018,中山,3,6,12,2018-04-08,https://www.jra.go.jp/datafile/seiseki/report/2018/2018-3nakayama6.pdf,official_daily_result_pdf
201806030701,2018,中山,3,7,1,2018-04-14,https://www.jra.go.jp/datafile/seiseki/report/2018/2018-3nakayama7.pdf,official_daily_result_pdf
201806030702,2018,中山,3,7,2,2018-04-14,https://www.jra.go.jp/datafile/seiseki/report/2018/2018-3nakayama7.pdf,official_daily_result_pdf
201806030703,2018,中山,3,7,3,2018-04-14,https://www.jra.go.jp/datafile/seiseki/report/2018/2018-3nakayama7.pdf,official_daily_result_pdf
201806030704,2018,中山,3,7,4,2018-04-14,https://www.jra.go.jp/datafile/seiseki/report/2018/2018-3nakayama7.pdf,official_daily_result_pdf
201806030705,2018,中山,3,7,5,2018-04-14,https://www.jra.go.jp/datafile/seiseki/report/2018/2018-3nakayama7.pdf,official_daily_result_pdf
201806030706,2018,中山,3,7,6,2018-04-14,https://www.jra.go.jp/datafile/seiseki/report/2018/2018-3nakayama7.pdf,official_daily_result_pdf
201806030707,2018,中山,3,7,7,2018-04-14,https://www.jra.go.jp/datafile/seiseki/report/2018/2018-3nakayama7.pdf,official_daily_result_pdf
201806030708,2018,中山,3,7,8,2018-04-14,https://www.jra.go.jp/datafile/seiseki/report/2018/2018-3nakayama7.pdf,official_daily_result_pdf
201806030709,2018,中山,3,7,9,2018-04-14,https://www.jra.go.jp/datafile/seiseki/report/2018/2018-3nakayama7.pdf,official_daily_result_pdf
201806030710,2018,中山,3,7,10,2018-04-14,https://www.jra.go.jp/datafile/seiseki/report/2018/2018-3nakayama7.pdf,official_daily_result_pdf
201806030711,2018,中山,3,7,11,2018-04-14,https://www.jra.go.jp/datafile/seiseki/report/2018/2018-3nakayama7.pdf,official_daily_result_pdf
201806030712,2018,中山,3,7,12,2018-04-14,https://www.jra.go.jp/datafile/seiseki/report/2018/2018-3nakayama7.pdf,official_daily_result_pdf
201806030801,2018,中山,3,8,1,2018-04-15,https://www.jra.go.jp/datafile/seiseki/report/2018/2018-3nakayama8.pdf,official_daily_result_pdf
201806030802,2018,中山,3,8,2,2018-04-15,https://www.jra.go.jp/datafile/seiseki/report/2018/2018-3nakayama8.pdf,official_daily_result_pdf
201806030803,2018,中山,3,8,3,2018-04-15,https://www.jra.go.jp/datafile/seiseki/report/2018/2018-3nakayama8.pdf,official_daily_result_pdf
201806030804,2018,中山,3,8,4,2018-04-15,https://www.jra.go.jp/datafile/seiseki/report/2018/2018-3nakayama8.pdf,official_daily_result_pdf
201806030805,2018,中山,3,8,5,2018-04-15,https://www.jra.go.jp/datafile/seiseki/report/2018/2018-3nakayama8.pdf,official_daily_result_pdf
201806030806,2018,中山,3,8,6,2018-04-15,https://www.jra.go.jp/datafile/seiseki/report/2018/2018-3nakayama8.pdf,official_daily_result_pdf
201806030807,2018,中山,3,8,7,2018-04-15,https://www.jra.go.jp/datafile/seiseki/report/2018/2018-3nakayama8.pdf,official_daily_result_pdf
201806030808,2018,中山,3,8,8,2018-04-15,https://www.jra.go.jp/datafile/seiseki/report/2018/2018-3nakayama8.pdf,official_daily_result_pdf
201806030809,2018,中山,3,8,9,2018-04-15,https://www.jra.go.jp/datafile/seiseki/report/2018/2018-3nakayama8.pdf,official_daily_result_pdf
201806030810,2018,中山,3,8,10,2018-04-15,https://www.jra.go.jp/datafile/seiseki/report/2018/2018-3nakayama8.pdf,official_daily_result_pdf
201806030811,2018,中山,3,8,11,2018-04-15,https://www.jra.go.jp/datafile/seiseki/report/2018/2018-3nakayama8.pdf,official_daily_result_pdf
201806030812,2018,中山,3,8,12,2018-04-15,https://www.jra.go.jp/datafile/seiseki/report/2018/2018-3nakayama8.pdf,official_daily_result_pdf
201806040101,2018,中山,4,1,1,2018-09-08,https://www.jra.go.jp/datafile/seiseki/report/2018/2018-4nakayama1.pdf,official_daily_result_pdf
201806040102,2018,中山,4,1,2,2018-09-08,https://www.jra.go.jp/datafile/seiseki/report/2018/2018-4nakayama1.pdf,official_daily_result_pdf
201806040103,2018,中山,4,1,3,2018-09-08,https://www.jra.go.jp/datafile/seiseki/report/2018/2018-4nakayama1.pdf,official_daily_result_pdf
201806040104,2018,中山,4,1,4,2018-09-08,https://www.jra.go.jp/datafile/seiseki/report/2018/2018-4nakayama1.pdf,official_daily_result_pdf
201806040105,2018,中山,4,1,5,2018-09-08,https://www.jra.go.jp/datafile/seiseki/report/2018/2018-4nakayama1.pdf,official_daily_result_pdf
201806040106,2018,中山,4,1,6,2018-09-08,https://www.jra.go.jp/datafile/seiseki/report/2018/2018-4nakayama1.pdf,official_daily_result_pdf
201806040107,2018,中山,4,1,7,2018-09-08,https://www.jra.go.jp/datafile/seiseki/report/2018/2018-4nakayama1.pdf,official_daily_result_pdf
201806040108,2018,中山,4,1,8,2018-09-08,https://www.jra.go.jp/datafile/seiseki/report/2018/2018-4nakayama1.pdf,official_daily_result_pdf
201806040109,2018,中山,4,1,9,2018-09-08,https://www.jra.go.jp/datafile/seiseki/report/2018/2018-4nakayama1.pdf,official_daily_result_pdf
201806040110,2018,中山,4,1,10,2018-09-08,https://www.jra.go.jp/datafile/seiseki/report/2018/2018-4nakayama1.pdf,official_daily_result_pdf
201806040111,2018,中山,4,1,11,2018-09-08,https://www.jra.go.jp/datafile/seiseki/report/2018/2018-4nakayama1.pdf,official_daily_result_pdf
201806040112,2018,中山,4,1,12,2018-09-08,https://www.jra.go.jp/datafile/seiseki/report/2018/2018-4nakayama1.pdf,official_daily_result_pdf
201806040201,2018,中山,4,2,1,2018-09-09,https://www.jra.go.jp/datafile/seiseki/report/2018/2018-4nakayama2.pdf,official_daily_result_pdf
201806040202,2018,中山,4,2,2,2018-09-09,https://www.jra.go.jp/datafile/seiseki/report/2018/2018-4nakayama2.pdf,official_daily_result_pdf
201806040203,2018,中山,4,2,3,2018-09-09,https://www.jra.go.jp/datafile/seiseki/report/2018/2018-4nakayama2.pdf,official_daily_result_pdf
201806040204,2018,中山,4,2,4,2018-09-09,https://www.jra.go.jp/datafile/seiseki/report/2018/2018-4nakayama2.pdf,official_daily_result_pdf
201806040205,2018,中山,4,2,5,2018-09-09,https://www.jra.go.jp/datafile/seiseki/report/2018/2018-4nakayama2.pdf,official_daily_result_pdf
201806040206,2018,中山,4,2,6,2018-09-09,https://www.jra.go.jp/datafile/seiseki/report/2018/2018-4nakayama2.pdf,official_daily_result_pdf
201806040207,2018,中山,4,2,7,2018-09-09,https://www.jra.go.jp/datafile/seiseki/report/2018/2018-4nakayama2.pdf,official_daily_result_pdf
201806040208,2018,中山,4,2,8,2018-09-09,https://www.jra.go.jp/datafile/seiseki/report/2018/2018-4nakayama2.pdf,official_daily_result_pdf
201806040209,2018,中山,4,2,9,2018-09-09,https://www.jra.go.jp/datafile/seiseki/report/2018/2018-4nakayama2.pdf,official_daily_result_pdf
201806040210,2018,中山,4,2,10,2018-09-09,https://www.jra.go.jp/datafile/seiseki/report/2018/2018-4nakayama2.pdf,official_daily_result_pdf
201806040211,2018,中山,4,2,11,2018-09-09,https://www.jra.go.jp/datafile/seiseki/report/2018/2018-4nakayama2.pdf,official_daily_result_pdf
201806040212,2018,中山,4,2,12,2018-09-09,https://www.jra.go.jp/datafile/seiseki/report/2018/2018-4nakayama2.pdf,official_daily_result_pdf
201806040301,2018,中山,4,3,1,2018-09-15,https://www.jra.go.jp/datafile/seiseki/report/2018/2018-4nakayama3.pdf,official_daily_result_pdf
201806040302,2018,中山,4,3,2,2018-09-15,https://www.jra.go.jp/datafile/seiseki/report/2018/2018-4nakayama3.pdf,official_daily_result_pdf
201806040303,2018,中山,4,3,3,2018-09-15,https://www.jra.go.jp/datafile/seiseki/report/2018/2018-4nakayama3.pdf,official_daily_result_pdf
201806040304,2018,中山,4,3,4,2018-09-15,https://www.jra.go.jp/datafile/seiseki/report/2018/2018-4nakayama3.pdf,official_daily_result_pdf
201806040305,2018,中山,4,3,5,2018-09-15,https://www.jra.go.jp/datafile/seiseki/report/2018/2018-4nakayama3.pdf,official_daily_result_pdf
201806040306,2018,中山,4,3,6,2018-09-15,https://www.jra.go.jp/datafile/seiseki/report/2018/2018-4nakayama3.pdf,official_daily_result_pdf
201806040307,2018,中山,4,3,7,2018-09-15,https://www.jra.go.jp/datafile/seiseki/report/2018/2018-4nakayama3.pdf,official_daily_result_pdf
201806040308,2018,中山,4,3,8,2018-09-15,https://www.jra.go.jp/datafile/seiseki/report/2018/2018-4nakayama3.pdf,official_daily_result_pdf
201806040309,2018,中山,4,3,9,2018-09-15,https://www.jra.go.jp/datafile/seiseki/report/2018/2018-4nakayama3.pdf,official_daily_result_pdf
201806040310,2018,中山,4,3,10,2018-09-15,https://www.jra.go.jp/datafile/seiseki/report/2018/2018-4nakayama3.pdf,official_daily_result_pdf
201806040311,2018,中山,4,3,11,2018-09-15,https://www.jra.go.jp/datafile/seiseki/report/2018/2018-4nakayama3.pdf,official_daily_result_pdf
201806040312,2018,中山,4,3,12,2018-09-15,https://www.jra.go.jp/datafile/seiseki/report/2018/2018-4nakayama3.pdf,official_daily_result_pdf
201806040401,2018,中山,4,4,1,2018-09-16,https://www.jra.go.jp/datafile/seiseki/report/2018/2018-4nakayama4.pdf,official_daily_result_pdf
201806040402,2018,中山,4,4,2,2018-09-16,https://www.jra.go.jp/datafile/seiseki/report/2018/2018-4nakayama4.pdf,official_daily_result_pdf
201806040403,2018,中山,4,4,3,2018-09-16,https://www.jra.go.jp/datafile/seiseki/report/2018/2018-4nakayama4.pdf,official_daily_result_pdf
201806040404,2018,中山,4,4,4,2018-09-16,https://www.jra.go.jp/datafile/seiseki/report/2018/2018-4nakayama4.pdf,official_daily_result_pdf
201806040405,2018,中山,4,4,5,2018-09-16,https://www.jra.go.jp/datafile/seiseki/report/2018/2018-4nakayama4.pdf,official_daily_result_pdf
201806040406,2018,中山,4,4,6,2018-09-16,https://www.jra.go.jp/datafile/seiseki/report/2018/2018-4nakayama4.pdf,official_daily_result_pdf
201806040407,2018,中山,4,4,7,2018-09-16,https://www.jra.go.jp/datafile/seiseki/report/2018/2018-4nakayama4.pdf,official_daily_result_pdf
201806040408,2018,中山,4,4,8,2018-09-16,https://www.jra.go.jp/datafile/seiseki/report/2018/2018-4nakayama4.pdf,official_daily_result_pdf
201806040409,2018,中山,4,4,9,2018-09-16,https://www.jra.go.jp/datafile/seiseki/report/2018/2018-4nakayama4.pdf,official_daily_result_pdf
201806040410,2018,中山,4,4,10,2018-09-16,https://www.jra.go.jp/datafile/seiseki/report/2018/2018-4nakayama4.pdf,official_daily_result_pdf
201806040411,2018,中山,4,4,11,2018-09-16,https://www.jra.go.jp/datafile/seiseki/report/2018/2018-4nakayama4.pdf,official_daily_result_pdf
201806040412,2018,中山,4,4,12,2018-09-16,https://www.jra.go.jp/datafile/seiseki/report/2018/2018-4nakayama4.pdf,official_daily_result_pdf
201806040501,2018,中山,4,5,1,2018-09-17,https://www.jra.go.jp/datafile/seiseki/report/2018/2018-4nakayama5.pdf,official_daily_result_pdf
201806040502,2018,中山,4,5,2,2018-09-17,https://www.jra.go.jp/datafile/seiseki/report/2018/2018-4nakayama5.pdf,official_daily_result_pdf
201806040503,2018,中山,4,5,3,2018-09-17,https://www.jra.go.jp/datafile/seiseki/report/2018/2018-4nakayama5.pdf,official_daily_result_pdf
201806040504,2018,中山,4,5,4,2018-09-17,https://www.jra.go.jp/datafile/seiseki/report/2018/2018-4nakayama5.pdf,official_daily_result_pdf
201806040505,2018,中山,4,5,5,2018-09-17,https://www.jra.go.jp/datafile/seiseki/report/2018/2018-4nakayama5.pdf,official_daily_result_pdf
201806040506,2018,中山,4,5,6,2018-09-17,https://www.jra.go.jp/datafile/seiseki/report/2018/2018-4nakayama5.pdf,official_daily_result_pdf
201806040507,2018,中山,4,5,7,2018-09-17,https://www.jra.go.jp/datafile/seiseki/report/2018/2018-4nakayama5.pdf,official_daily_result_pdf
201806040508,2018,中山,4,5,8,2018-09-17,https://www.jra.go.jp/datafile/seiseki/report/2018/2018-4nakayama5.pdf,official_daily_result_pdf
201806040509,2018,中山,4,5,9,2018-09-17,https://www.jra.go.jp/datafile/seiseki/report/2018/2018-4nakayama5.pdf,official_daily_result_pdf
201806040510,2018,中山,4,5,10,2018-09-17,https://www.jra.go.jp/datafile/seiseki/report/2018/2018-4nakayama5.pdf,official_daily_result_pdf
201806040511,2018,中山,4,5,11,2018-09-17,https://www.jra.go.jp/datafile/seiseki/report/2018/2018-4nakayama5.pdf,official_daily_result_pdf
201806040512,2018,中山,4,5,12,2018-09-17,https://www.jra.go.jp/datafile/seiseki/report/2018/2018-4nakayama5.pdf,official_daily_result_pdf
201806040601,2018,中山,4,6,1,2018-09-22,https://www.jra.go.jp/datafile/seiseki/report/2018/2018-4nakayama6.pdf,official_daily_result_pdf
201806040602,2018,中山,4,6,2,2018-09-22,https://www.jra.go.jp/datafile/seiseki/report/2018/2018-4nakayama6.pdf,official_daily_result_pdf
201806040603,2018,中山,4,6,3,2018-09-22,https://www.jra.go.jp/datafile/seiseki/report/2018/2018-4nakayama6.pdf,official_daily_result_pdf
201806040604,2018,中山,4,6,4,2018-09-22,https://www.jra.go.jp/datafile/seiseki/report/2018/2018-4nakayama6.pdf,official_daily_result_pdf
201806040605,2018,中山,4,6,5,2018-09-22,https://www.jra.go.jp/datafile/seiseki/report/2018/2018-4nakayama6.pdf,official_daily_result_pdf
201806040606,2018,中山,4,6,6,2018-09-22,https://www.jra.go.jp/datafile/seiseki/report/2018/2018-4nakayama6.pdf,official_daily_result_pdf
201806040607,2018,中山,4,6,7,2018-09-22,https://www.jra.go.jp/datafile/seiseki/report/2018/2018-4nakayama6.pdf,official_daily_result_pdf
201806040608,2018,中山,4,6,8,2018-09-22,https://www.jra.go.jp/datafile/seiseki/report/2018/2018-4nakayama6.pdf,official_daily_result_pdf
201806040609,2018,中山,4,6,9,2018-09-22,https://www.jra.go.jp/datafile/seiseki/report/2018/2018-4nakayama6.pdf,official_daily_result_pdf
201806040610,2018,中山,4,6,10,2018-09-22,https://www.jra.go.jp/datafile/seiseki/report/2018/2018-4nakayama6.pdf,official_daily_result_pdf
201806040611,2018,中山,4,6,11,2018-09-22,https://www.jra.go.jp/datafile/seiseki/report/2018/2018-4nakayama6.pdf,official_daily_result_pdf
201806040612,2018,中山,4,6,12,2018-09-22,https://www.jra.go.jp/datafile/seiseki/report/2018/2018-4nakayama6.pdf,official_daily_result_pdf
201806040701,2018,中山,4,7,1,2018-09-23,https://www.jra.go.jp/datafile/seiseki/report/2018/2018-4nakayama7.pdf,official_daily_result_pdf
201806040702,2018,中山,4,7,2,2018-09-23,https://www.jra.go.jp/datafile/seiseki/report/2018/2018-4nakayama7.pdf,official_daily_result_pdf
201806040703,2018,中山,4,7,3,2018-09-23,https://www.jra.go.jp/datafile/seiseki/report/2018/2018-4nakayama7.pdf,official_daily_result_pdf
201806040704,2018,中山,4,7,4,2018-09-23,https://www.jra.go.jp/datafile/seiseki/report/2018/2018-4nakayama7.pdf,official_daily_result_pdf
201806040705,2018,中山,4,7,5,2018-09-23,https://www.jra.go.jp/datafile/seiseki/report/2018/2018-4nakayama7.pdf,official_daily_result_pdf
201806040706,2018,中山,4,7,6,2018-09-23,https://www.jra.go.jp/datafile/seiseki/report/2018/2018-4nakayama7.pdf,official_daily_result_pdf
201806040707,2018,中山,4,7,7,2018-09-23,https://www.jra.go.jp/datafile/seiseki/report/2018/2018-4nakayama7.pdf,official_daily_result_pdf
201806040708,2018,中山,4,7,8,2018-09-23,https://www.jra.go.jp/datafile/seiseki/report/2018/2018-4nakayama7.pdf,official_daily_result_pdf
201806040709,2018,中山,4,7,9,2018-09-23,https://www.jra.go.jp/datafile/seiseki/report/2018/2018-4nakayama7.pdf,official_daily_result_pdf
201806040710,2018,中山,4,7,10,2018-09-23,https://www.jra.go.jp/datafile/seiseki/report/2018/2018-4nakayama7.pdf,official_daily_result_pdf
201806040711,2018,中山,4,7,11,2018-09-23,https://www.jra.go.jp/datafile/seiseki/report/2018/2018-4nakayama7.pdf,official_daily_result_pdf
201806040712,2018,中山,4,7,12,2018-09-23,https://www.jra.go.jp/datafile/seiseki/report/2018/2018-4nakayama7.pdf,official_daily_result_pdf
201806040801,2018,中山,4,8,1,2018-09-29,https://www.jra.go.jp/datafile/seiseki/report/2018/2018-4nakayama8.pdf,official_daily_result_pdf
201806040802,2018,中山,4,8,2,2018-09-29,https://www.jra.go.jp/datafile/seiseki/report/2018/2018-4nakayama8.pdf,official_daily_result_pdf
201806040803,2018,中山,4,8,3,2018-09-29,https://www.jra.go.jp/datafile/seiseki/report/2018/2018-4nakayama8.pdf,official_daily_result_pdf
201806040804,2018,中山,4,8,4,2018-09-29,https://www.jra.go.jp/datafile/seiseki/report/2018/2018-4nakayama8.pdf,official_daily_result_pdf
201806040805,2018,中山,4,8,5,2018-09-29,https://www.jra.go.jp/datafile/seiseki/report/2018/2018-4nakayama8.pdf,official_daily_result_pdf
201806040806,2018,中山,4,8,6,2018-09-29,https://www.jra.go.jp/datafile/seiseki/report/2018/2018-4nakayama8.pdf,official_daily_result_pdf
201806040807,2018,中山,4,8,7,2018-09-29,https://www.jra.go.jp/datafile/seiseki/report/2018/2018-4nakayama8.pdf,official_daily_result_pdf
201806040808,2018,中山,4,8,8,2018-09-29,https://www.jra.go.jp/datafile/seiseki/report/2018/2018-4nakayama8.pdf,official_daily_result_pdf
201806040809,2018,中山,4,8,9,2018-09-29,https://www.jra.go.jp/datafile/seiseki/report/2018/2018-4nakayama8.pdf,official_daily_result_pdf
201806040810,2018,中山,4,8,10,2018-09-29,https://www.jra.go.jp/datafile/seiseki/report/2018/2018-4nakayama8.pdf,official_daily_result_pdf
201806040811,2018,中山,4,8,11,2018-09-29,https://www.jra.go.jp/datafile/seiseki/report/2018/2018-4nakayama8.pdf,official_daily_result_pdf
201806040812,2018,中山,4,8,12,2018-09-29,https://www.jra.go.jp/datafile/seiseki/report/2018/2018-4nakayama8.pdf,official_daily_result_pdf
201806040901,2018,中山,4,9,1,2018-09-30,https://www.jra.go.jp/datafile/seiseki/report/2018/2018-4nakayama9.pdf,official_daily_result_pdf
201806040902,2018,中山,4,9,2,2018-09-30,https://www.jra.go.jp/datafile/seiseki/report/2018/2018-4nakayama9.pdf,official_daily_result_pdf
201806040903,2018,中山,4,9,3,2018-09-30,https://www.jra.go.jp/datafile/seiseki/report/2018/2018-4nakayama9.pdf,official_daily_result_pdf
201806040904,2018,中山,4,9,4,2018-09-30,https://www.jra.go.jp/datafile/seiseki/report/2018/2018-4nakayama9.pdf,official_daily_result_pdf
201806040905,2018,中山,4,9,5,2018-09-30,https://www.jra.go.jp/datafile/seiseki/report/2018/2018-4nakayama9.pdf,official_daily_result_pdf
201806040906,2018,中山,4,9,6,2018-09-30,https://www.jra.go.jp/datafile/seiseki/report/2018/2018-4nakayama9.pdf,official_daily_result_pdf
201806040907,2018,中山,4,9,7,2018-09-30,https://www.jra.go.jp/datafile/seiseki/report/2018/2018-4nakayama9.pdf,official_daily_result_pdf
201806040908,2018,中山,4,9,8,2018-09-30,https://www.jra.go.jp/datafile/seiseki/report/2018/2018-4nakayama9.pdf,official_daily_result_pdf
201806040909,2018,中山,4,9,9,2018-09-30,https://www.jra.go.jp/datafile/seiseki/report/2018/2018-4nakayama9.pdf,official_daily_result_pdf
201806040910,2018,中山,4,9,10,2018-09-30,https://www.jra.go.jp/datafile/seiseki/report/2018/2018-4nakayama9.pdf,official_daily_result_pdf
201806040911,2018,中山,4,9,11,2018-09-30,https://www.jra.go.jp/datafile/seiseki/report/2018/2018-4nakayama9.pdf,official_daily_result_pdf
201806040912,2018,中山,4,9,12,2018-09-30,https://www.jra.go.jp/datafile/seiseki/report/2018/2018-4nakayama9.pdf,official_daily_result_pdf
201806050101,2018,中山,5,1,1,2018-12-01,https://www.jra.go.jp/datafile/seiseki/report/2018/2018-5nakayama1.pdf,official_daily_result_pdf
201806050102,2018,中山,5,1,2,2018-12-01,https://www.jra.go.jp/datafile/seiseki/report/2018/2018-5nakayama1.pdf,official_daily_result_pdf
201806050103,2018,中山,5,1,3,2018-12-01,https://www.jra.go.jp/datafile/seiseki/report/2018/2018-5nakayama1.pdf,official_daily_result_pdf
201806050104,2018,中山,5,1,4,2018-12-01,https://www.jra.go.jp/datafile/seiseki/report/2018/2018-5nakayama1.pdf,official_daily_result_pdf
201806050105,2018,中山,5,1,5,2018-12-01,https://www.jra.go.jp/datafile/seiseki/report/2018/2018-5nakayama1.pdf,official_daily_result_pdf
201806050106,2018,中山,5,1,6,2018-12-01,https://www.jra.go.jp/datafile/seiseki/report/2018/2018-5nakayama1.pdf,official_daily_result_pdf
201806050107,2018,中山,5,1,7,2018-12-01,https://www.jra.go.jp/datafile/seiseki/report/2018/2018-5nakayama1.pdf,official_daily_result_pdf
201806050108,2018,中山,5,1,8,2018-12-01,https://www.jra.go.jp/datafile/seiseki/report/2018/2018-5nakayama1.pdf,official_daily_result_pdf
201806050109,2018,中山,5,1,9,2018-12-01,https://www.jra.go.jp/datafile/seiseki/report/2018/2018-5nakayama1.pdf,official_daily_result_pdf
201806050110,2018,中山,5,1,10,2018-12-01,https://www.jra.go.jp/datafile/seiseki/report/2018/2018-5nakayama1.pdf,official_daily_result_pdf
201806050111,2018,中山,5,1,11,2018-12-01,https://www.jra.go.jp/datafile/seiseki/report/2018/2018-5nakayama1.pdf,official_daily_result_pdf
201806050112,2018,中山,5,1,12,2018-12-01,https://www.jra.go.jp/datafile/seiseki/report/2018/2018-5nakayama1.pdf,official_daily_result_pdf
201806050201,2018,中山,5,2,1,2018-12-02,https://www.jra.go.jp/datafile/seiseki/report/2018/2018-5nakayama2.pdf,official_daily_result_pdf
201806050202,2018,中山,5,2,2,2018-12-02,https://www.jra.go.jp/datafile/seiseki/report/2018/2018-5nakayama2.pdf,official_daily_result_pdf
201806050203,2018,中山,5,2,3,2018-12-02,https://www.jra.go.jp/datafile/seiseki/report/2018/2018-5nakayama2.pdf,official_daily_result_pdf
201806050204,2018,中山,5,2,4,2018-12-02,https://www.jra.go.jp/datafile/seiseki/report/2018/2018-5nakayama2.pdf,official_daily_result_pdf
201806050205,2018,中山,5,2,5,2018-12-02,https://www.jra.go.jp/datafile/seiseki/report/2018/2018-5nakayama2.pdf,official_daily_result_pdf
201806050206,2018,中山,5,2,6,2018-12-02,https://www.jra.go.jp/datafile/seiseki/report/2018/2018-5nakayama2.pdf,official_daily_result_pdf
201806050207,2018,中山,5,2,7,2018-12-02,https://www.jra.go.jp/datafile/seiseki/report/2018/2018-5nakayama2.pdf,official_daily_result_pdf
201806050208,2018,中山,5,2,8,2018-12-02,https://www.jra.go.jp/datafile/seiseki/report/2018/2018-5nakayama2.pdf,official_daily_result_pdf
201806050209,2018,中山,5,2,9,2018-12-02,https://www.jra.go.jp/datafile/seiseki/report/2018/2018-5nakayama2.pdf,official_daily_result_pdf
201806050210,2018,中山,5,2,10,2018-12-02,https://www.jra.go.jp/datafile/seiseki/report/2018/2018-5nakayama2.pdf,official_daily_result_pdf
201806050211,2018,中山,5,2,11,2018-12-02,https://www.jra.go.jp/datafile/seiseki/report/2018/2018-5nakayama2.pdf,official_daily_result_pdf
201806050212,2018,中山,5,2,12,2018-12-02,https://www.jra.go.jp/datafile/seiseki/report/2018/2018-5nakayama2.pdf,official_daily_result_pdf
201806050301,2018,中山,5,3,1,2018-12-08,https://www.jra.go.jp/datafile/seiseki/report/2018/2018-5nakayama3.pdf,official_daily_result_pdf
201806050302,2018,中山,5,3,2,2018-12-08,https://www.jra.go.jp/datafile/seiseki/report/2018/2018-5nakayama3.pdf,official_daily_result_pdf
201806050303,2018,中山,5,3,3,2018-12-08,https://www.jra.go.jp/datafile/seiseki/report/2018/2018-5nakayama3.pdf,official_daily_result_pdf
201806050304,2018,中山,5,3,4,2018-12-08,https://www.jra.go.jp/datafile/seiseki/report/2018/2018-5nakayama3.pdf,official_daily_result_pdf
201806050305,2018,中山,5,3,5,2018-12-08,https://www.jra.go.jp/datafile/seiseki/report/2018/2018-5nakayama3.pdf,official_daily_result_pdf
201806050306,2018,中山,5,3,6,2018-12-08,https://www.jra.go.jp/datafile/seiseki/report/2018/2018-5nakayama3.pdf,official_daily_result_pdf
201806050307,2018,中山,5,3,7,2018-12-08,https://www.jra.go.jp/datafile/seiseki/report/2018/2018-5nakayama3.pdf,official_daily_result_pdf
201806050308,2018,中山,5,3,8,2018-12-08,https://www.jra.go.jp/datafile/seiseki/report/2018/2018-5nakayama3.pdf,official_daily_result_pdf
201806050309,2018,中山,5,3,9,2018-12-08,https://www.jra.go.jp/datafile/seiseki/report/2018/2018-5nakayama3.pdf,official_daily_result_pdf
201806050310,2018,中山,5,3,10,2018-12-08,https://www.jra.go.jp/datafile/seiseki/report/2018/2018-5nakayama3.pdf,official_daily_result_pdf
201806050311,2018,中山,5,3,11,2018-12-08,https://www.jra.go.jp/datafile/seiseki/report/2018/2018-5nakayama3.pdf,official_daily_result_pdf
201806050312,2018,中山,5,3,12,2018-12-08,https://www.jra.go.jp/datafile/seiseki/report/2018/2018-5nakayama3.pdf,official_daily_result_pdf
201806050401,2018,中山,5,4,1,2018-12-09,https://www.jra.go.jp/datafile/seiseki/report/2018/2018-5nakayama4.pdf,official_daily_result_pdf
201806050402,2018,中山,5,4,2,2018-12-09,https://www.jra.go.jp/datafile/seiseki/report/2018/2018-5nakayama4.pdf,official_daily_result_pdf
201806050403,2018,中山,5,4,3,2018-12-09,https://www.jra.go.jp/datafile/seiseki/report/2018/2018-5nakayama4.pdf,official_daily_result_pdf
201806050404,2018,中山,5,4,4,2018-12-09,https://www.jra.go.jp/datafile/seiseki/report/2018/2018-5nakayama4.pdf,official_daily_result_pdf
201806050405,2018,中山,5,4,5,2018-12-09,https://www.jra.go.jp/datafile/seiseki/report/2018/2018-5nakayama4.pdf,official_daily_result_pdf
201806050406,2018,中山,5,4,6,2018-12-09,https://www.jra.go.jp/datafile/seiseki/report/2018/2018-5nakayama4.pdf,official_daily_result_pdf
201806050407,2018,中山,5,4,7,2018-12-09,https://www.jra.go.jp/datafile/seiseki/report/2018/2018-5nakayama4.pdf,official_daily_result_pdf
201806050408,2018,中山,5,4,8,2018-12-09,https://www.jra.go.jp/datafile/seiseki/report/2018/2018-5nakayama4.pdf,official_daily_result_pdf
201806050409,2018,中山,5,4,9,2018-12-09,https://www.jra.go.jp/datafile/seiseki/report/2018/2018-5nakayama4.pdf,official_daily_result_pdf
201806050410,2018,中山,5,4,10,2018-12-09,https://www.jra.go.jp/datafile/seiseki/report/2018/2018-5nakayama4.pdf,official_daily_result_pdf
201806050411,2018,中山,5,4,11,2018-12-09,https://www.jra.go.jp/datafile/seiseki/report/2018/2018-5nakayama4.pdf,official_daily_result_pdf
201806050412,2018,中山,5,4,12,2018-12-09,https://www.jra.go.jp/datafile/seiseki/report/2018/2018-5nakayama4.pdf,official_daily_result_pdf
201806050501,2018,中山,5,5,1,2018-12-15,https://www.jra.go.jp/datafile/seiseki/report/2018/2018-5nakayama5.pdf,official_daily_result_pdf
201806050502,2018,中山,5,5,2,2018-12-15,https://www.jra.go.jp/datafile/seiseki/report/2018/2018-5nakayama5.pdf,official_daily_result_pdf
201806050503,2018,中山,5,5,3,2018-12-15,https://www.jra.go.jp/datafile/seiseki/report/2018/2018-5nakayama5.pdf,official_daily_result_pdf
201806050504,2018,中山,5,5,4,2018-12-15,https://www.jra.go.jp/datafile/seiseki/report/2018/2018-5nakayama5.pdf,official_daily_result_pdf
201806050505,2018,中山,5,5,5,2018-12-15,https://www.jra.go.jp/datafile/seiseki/report/2018/2018-5nakayama5.pdf,official_daily_result_pdf
201806050506,2018,中山,5,5,6,2018-12-15,https://www.jra.go.jp/datafile/seiseki/report/2018/2018-5nakayama5.pdf,official_daily_result_pdf
201806050507,2018,中山,5,5,7,2018-12-15,https://www.jra.go.jp/datafile/seiseki/report/2018/2018-5nakayama5.pdf,official_daily_result_pdf
201806050508,2018,中山,5,5,8,2018-12-15,https://www.jra.go.jp/datafile/seiseki/report/2018/2018-5nakayama5.pdf,official_daily_result_pdf
201806050509,2018,中山,5,5,9,2018-12-15,https://www.jra.go.jp/datafile/seiseki/report/2018/2018-5nakayama5.pdf,official_daily_result_pdf
201806050510,2018,中山,5,5,10,2018-12-15,https://www.jra.go.jp/datafile/seiseki/report/2018/2018-5nakayama5.pdf,official_daily_result_pdf
201806050511,2018,中山,5,5,11,2018-12-15,https://www.jra.go.jp/datafile/seiseki/report/2018/2018-5nakayama5.pdf,official_daily_result_pdf
201806050512,2018,中山,5,5,12,2018-12-15,https://www.jra.go.jp/datafile/seiseki/report/2018/2018-5nakayama5.pdf,official_daily_result_pdf
201806050601,2018,中山,5,6,1,2018-12-16,https://www.jra.go.jp/datafile/seiseki/report/2018/2018-5nakayama6.pdf,official_daily_result_pdf
201806050602,2018,中山,5,6,2,2018-12-16,https://www.jra.go.jp/datafile/seiseki/report/2018/2018-5nakayama6.pdf,official_daily_result_pdf
201806050603,2018,中山,5,6,3,2018-12-16,https://www.jra.go.jp/datafile/seiseki/report/2018/2018-5nakayama6.pdf,official_daily_result_pdf
201806050604,2018,中山,5,6,4,2018-12-16,https://www.jra.go.jp/datafile/seiseki/report/2018/2018-5nakayama6.pdf,official_daily_result_pdf
201806050605,2018,中山,5,6,5,2018-12-16,https://www.jra.go.jp/datafile/seiseki/report/2018/2018-5nakayama6.pdf,official_daily_result_pdf
201806050606,2018,中山,5,6,6,2018-12-16,https://www.jra.go.jp/datafile/seiseki/report/2018/2018-5nakayama6.pdf,official_daily_result_pdf
201806050607,2018,中山,5,6,7,2018-12-16,https://www.jra.go.jp/datafile/seiseki/report/2018/2018-5nakayama6.pdf,official_daily_result_pdf
201806050608,2018,中山,5,6,8,2018-12-16,https://www.jra.go.jp/datafile/seiseki/report/2018/2018-5nakayama6.pdf,official_daily_result_pdf
201806050609,2018,中山,5,6,9,2018-12-16,https://www.jra.go.jp/datafile/seiseki/report/2018/2018-5nakayama6.pdf,official_daily_result_pdf
201806050610,2018,中山,5,6,10,2018-12-16,https://www.jra.go.jp/datafile/seiseki/report/2018/2018-5nakayama6.pdf,official_daily_result_pdf
201806050611,2018,中山,5,6,11,2018-12-16,https://www.jra.go.jp/datafile/seiseki/report/2018/2018-5nakayama6.pdf,official_daily_result_pdf
201806050612,2018,中山,5,6,12,2018-12-16,https://www.jra.go.jp/datafile/seiseki/report/2018/2018-5nakayama6.pdf,official_daily_result_pdf
201806050701,2018,中山,5,7,1,2018-12-22,https://www.jra.go.jp/datafile/seiseki/report/2018/2018-5nakayama7.pdf,official_daily_result_pdf
201806050702,2018,中山,5,7,2,2018-12-22,https://www.jra.go.jp/datafile/seiseki/report/2018/2018-5nakayama7.pdf,official_daily_result_pdf
201806050703,2018,中山,5,7,3,2018-12-22,https://www.jra.go.jp/datafile/seiseki/report/2018/2018-5nakayama7.pdf,official_daily_result_pdf
201806050704,2018,中山,5,7,4,2018-12-22,https://www.jra.go.jp/datafile/seiseki/report/2018/2018-5nakayama7.pdf,official_daily_result_pdf
201806050705,2018,中山,5,7,5,2018-12-22,https://www.jra.go.jp/datafile/seiseki/report/2018/2018-5nakayama7.pdf,official_daily_result_pdf
201806050706,2018,中山,5,7,6,2018-12-22,https://www.jra.go.jp/datafile/seiseki/report/2018/2018-5nakayama7.pdf,official_daily_result_pdf
201806050707,2018,中山,5,7,7,2018-12-22,https://www.jra.go.jp/datafile/seiseki/report/2018/2018-5nakayama7.pdf,official_daily_result_pdf
201806050708,2018,中山,5,7,8,2018-12-22,https://www.jra.go.jp/datafile/seiseki/report/2018/2018-5nakayama7.pdf,official_daily_result_pdf
201806050709,2018,中山,5,7,9,2018-12-22,https://www.jra.go.jp/datafile/seiseki/report/2018/2018-5nakayama7.pdf,official_daily_result_pdf
201806050710,2018,中山,5,7,10,2018-12-22,https://www.jra.go.jp/datafile/seiseki/report/2018/2018-5nakayama7.pdf,official_daily_result_pdf
201806050711,2018,中山,5,7,11,2018-12-22,https://www.jra.go.jp/datafile/seiseki/report/2018/2018-5nakayama7.pdf,official_daily_result_pdf
201806050712,2018,中山,5,7,12,2018-12-22,https://www.jra.go.jp/datafile/seiseki/report/2018/2018-5nakayama7.pdf,official_daily_result_pdf
201806050801,2018,中山,5,8,1,2018-12-23,https://www.jra.go.jp/datafile/seiseki/report/2018/2018-5nakayama8.pdf,official_daily_result_pdf
201806050802,2018,中山,5,8,2,2018-12-23,https://www.jra.go.jp/datafile/seiseki/report/2018/2018-5nakayama8.pdf,official_daily_result_pdf
201806050803,2018,中山,5,8,3,2018-12-23,https://www.jra.go.jp/datafile/seiseki/report/2018/2018-5nakayama8.pdf,official_daily_result_pdf
201806050804,2018,中山,5,8,4,2018-12-23,https://www.jra.go.jp/datafile/seiseki/report/2018/2018-5nakayama8.pdf,official_daily_result_pdf
201806050805,2018,中山,5,8,5,2018-12-23,https://www.jra.go.jp/datafile/seiseki/report/2018/2018-5nakayama8.pdf,official_daily_result_pdf
201806050806,2018,中山,5,8,6,2018-12-23,https://www.jra.go.jp/datafile/seiseki/report/2018/2018-5nakayama8.pdf,official_daily_result_pdf
201806050807,2018,中山,5,8,7,2018-12-23,https://www.jra.go.jp/datafile/seiseki/report/2018/2018-5nakayama8.pdf,official_daily_result_pdf
201806050808,2018,中山,5,8,8,2018-12-23,https://www.jra.go.jp/datafile/seiseki/report/2018/2018-5nakayama8.pdf,official_daily_result_pdf
201806050809,2018,中山,5,8,9,2018-12-23,https://www.jra.go.jp/datafile/seiseki/report/2018/2018-5nakayama8.pdf,official_daily_result_pdf
201806050810,2018,中山,5,8,10,2018-12-23,https://www.jra.go.jp/datafile/seiseki/report/2018/2018-5nakayama8.pdf,official_daily_result_pdf
201806050811,2018,中山,5,8,11,2018-12-23,https://www.jra.go.jp/datafile/seiseki/report/2018/2018-5nakayama8.pdf,official_daily_result_pdf
201806050812,2018,中山,5,8,12,2018-12-23,https://www.jra.go.jp/datafile/seiseki/report/2018/2018-5nakayama8.pdf,official_daily_result_pdf
201806050901,2018,中山,5,9,1,2018-12-28,https://www.jra.go.jp/datafile/seiseki/report/2018/2018-5nakayama9.pdf,official_daily_result_pdf
201806050902,2018,中山,5,9,2,2018-12-28,https://www.jra.go.jp/datafile/seiseki/report/2018/2018-5nakayama9.pdf,official_daily_result_pdf
201806050903,2018,中山,5,9,3,2018-12-28,https://www.jra.go.jp/datafile/seiseki/report/2018/2018-5nakayama9.pdf,official_daily_result_pdf
201806050904,2018,中山,5,9,4,2018-12-28,https://www.jra.go.jp/datafile/seiseki/report/2018/2018-5nakayama9.pdf,official_daily_result_pdf
201806050905,2018,中山,5,9,5,2018-12-28,https://www.jra.go.jp/datafile/seiseki/report/2018/2018-5nakayama9.pdf,official_daily_result_pdf
201806050906,2018,中山,5,9,6,2018-12-28,https://www.jra.go.jp/datafile/seiseki/report/2018/2018-5nakayama9.pdf,official_daily_result_pdf
201806050907,2018,中山,5,9,7,2018-12-28,https://www.jra.go.jp/datafile/seiseki/report/2018/2018-5nakayama9.pdf,official_daily_result_pdf
201806050908,2018,中山,5,9,8,2018-12-28,https://www.jra.go.jp/datafile/seiseki/report/2018/2018-5nakayama9.pdf,official_daily_result_pdf
201806050909,2018,中山,5,9,9,2018-12-28,https://www.jra.go.jp/datafile/seiseki/report/2018/2018-5nakayama9.pdf,official_daily_result_pdf
201806050910,2018,中山,5,9,10,2018-12-28,https://www.jra.go.jp/datafile/seiseki/report/2018/2018-5nakayama9.pdf,official_daily_result_pdf
201806050911,2018,中山,5,9,11,2018-12-28,https://www.jra.go.jp/datafile/seiseki/report/2018/2018-5nakayama9.pdf,official_daily_result_pdf
201806050912,2018,中山,5,9,12,2018-12-28,https://www.jra.go.jp/datafile/seiseki/report/2018/2018-5nakayama9.pdf,official_daily_result_pdf
201807010101,2018,中京,1,1,1,2018-01-13,https://www.jra.go.jp/datafile/seiseki/report/2018/2018-1chukyo1.pdf,official_daily_result_pdf
201807010102,2018,中京,1,1,2,2018-01-13,https://www.jra.go.jp/datafile/seiseki/report/2018/2018-1chukyo1.pdf,official_daily_result_pdf
201807010103,2018,中京,1,1,3,2018-01-13,https://www.jra.go.jp/datafile/seiseki/report/2018/2018-1chukyo1.pdf,official_daily_result_pdf
201807010104,2018,中京,1,1,4,2018-01-13,https://www.jra.go.jp/datafile/seiseki/report/2018/2018-1chukyo1.pdf,official_daily_result_pdf
201807010105,2018,中京,1,1,5,2018-01-13,https://www.jra.go.jp/datafile/seiseki/report/2018/2018-1chukyo1.pdf,official_daily_result_pdf
201807010106,2018,中京,1,1,6,2018-01-13,https://www.jra.go.jp/datafile/seiseki/report/2018/2018-1chukyo1.pdf,official_daily_result_pdf
201807010107,2018,中京,1,1,7,2018-01-13,https://www.jra.go.jp/datafile/seiseki/report/2018/2018-1chukyo1.pdf,official_daily_result_pdf
201807010108,2018,中京,1,1,8,2018-01-13,https://www.jra.go.jp/datafile/seiseki/report/2018/2018-1chukyo1.pdf,official_daily_result_pdf
201807010109,2018,中京,1,1,9,2018-01-13,https://www.jra.go.jp/datafile/seiseki/report/2018/2018-1chukyo1.pdf,official_daily_result_pdf
201807010110,2018,中京,1,1,10,2018-01-13,https://www.jra.go.jp/datafile/seiseki/report/2018/2018-1chukyo1.pdf,official_daily_result_pdf
201807010111,2018,中京,1,1,11,2018-01-13,https://www.jra.go.jp/datafile/seiseki/report/2018/2018-1chukyo1.pdf,official_daily_result_pdf
201807010112,2018,中京,1,1,12,2018-01-13,https://www.jra.go.jp/datafile/seiseki/report/2018/2018-1chukyo1.pdf,official_daily_result_pdf
201807010201,2018,中京,1,2,1,2018-01-14,https://www.jra.go.jp/datafile/seiseki/report/2018/2018-1chukyo2.pdf,official_daily_result_pdf
201807010202,2018,中京,1,2,2,2018-01-14,https://www.jra.go.jp/datafile/seiseki/report/2018/2018-1chukyo2.pdf,official_daily_result_pdf
201807010203,2018,中京,1,2,3,2018-01-14,https://www.jra.go.jp/datafile/seiseki/report/2018/2018-1chukyo2.pdf,official_daily_result_pdf
201807010204,2018,中京,1,2,4,2018-01-14,https://www.jra.go.jp/datafile/seiseki/report/2018/2018-1chukyo2.pdf,official_daily_result_pdf
201807010205,2018,中京,1,2,5,2018-01-14,https://www.jra.go.jp/datafile/seiseki/report/2018/2018-1chukyo2.pdf,official_daily_result_pdf
201807010206,2018,中京,1,2,6,2018-01-14,https://www.jra.go.jp/datafile/seiseki/report/2018/2018-1chukyo2.pdf,official_daily_result_pdf
201807010207,2018,中京,1,2,7,2018-01-14,https://www.jra.go.jp/datafile/seiseki/report/2018/2018-1chukyo2.pdf,official_daily_result_pdf
201807010208,2018,中京,1,2,8,2018-01-14,https://www.jra.go.jp/datafile/seiseki/report/2018/2018-1chukyo2.pdf,official_daily_result_pdf
201807010209,2018,中京,1,2,9,2018-01-14,https://www.jra.go.jp/datafile/seiseki/report/2018/2018-1chukyo2.pdf,official_daily_result_pdf
201807010210,2018,中京,1,2,10,2018-01-14,https://www.jra.go.jp/datafile/seiseki/report/2018/2018-1chukyo2.pdf,official_daily_result_pdf
201807010211,2018,中京,1,2,11,2018-01-14,https://www.jra.go.jp/datafile/seiseki/report/2018/2018-1chukyo2.pdf,official_daily_result_pdf
201807010212,2018,中京,1,2,12,2018-01-14,https://www.jra.go.jp/datafile/seiseki/report/2018/2018-1chukyo2.pdf,official_daily_result_pdf
201807010301,2018,中京,1,3,1,2018-01-20,https://www.jra.go.jp/datafile/seiseki/report/2018/2018-1chukyo3.pdf,official_daily_result_pdf
201807010302,2018,中京,1,3,2,2018-01-20,https://www.jra.go.jp/datafile/seiseki/report/2018/2018-1chukyo3.pdf,official_daily_result_pdf
201807010303,2018,中京,1,3,3,2018-01-20,https://www.jra.go.jp/datafile/seiseki/report/2018/2018-1chukyo3.pdf,official_daily_result_pdf
201807010304,2018,中京,1,3,4,2018-01-20,https://www.jra.go.jp/datafile/seiseki/report/2018/2018-1chukyo3.pdf,official_daily_result_pdf
201807010305,2018,中京,1,3,5,2018-01-20,https://www.jra.go.jp/datafile/seiseki/report/2018/2018-1chukyo3.pdf,official_daily_result_pdf
201807010306,2018,中京,1,3,6,2018-01-20,https://www.jra.go.jp/datafile/seiseki/report/2018/2018-1chukyo3.pdf,official_daily_result_pdf
201807010307,2018,中京,1,3,7,2018-01-20,https://www.jra.go.jp/datafile/seiseki/report/2018/2018-1chukyo3.pdf,official_daily_result_pdf
201807010308,2018,中京,1,3,8,2018-01-20,https://www.jra.go.jp/datafile/seiseki/report/2018/2018-1chukyo3.pdf,official_daily_result_pdf
201807010309,2018,中京,1,3,9,2018-01-20,https://www.jra.go.jp/datafile/seiseki/report/2018/2018-1chukyo3.pdf,official_daily_result_pdf
201807010310,2018,中京,1,3,10,2018-01-20,https://www.jra.go.jp/datafile/seiseki/report/2018/2018-1chukyo3.pdf,official_daily_result_pdf
201807010311,2018,中京,1,3,11,2018-01-20,https://www.jra.go.jp/datafile/seiseki/report/2018/2018-1chukyo3.pdf,official_daily_result_pdf
201807010312,2018,中京,1,3,12,2018-01-20,https://www.jra.go.jp/datafile/seiseki/report/2018/2018-1chukyo3.pdf,official_daily_result_pdf
201807010401,2018,中京,1,4,1,2018-01-21,https://www.jra.go.jp/datafile/seiseki/report/2018/2018-1chukyo4.pdf,official_daily_result_pdf
201807010402,2018,中京,1,4,2,2018-01-21,https://www.jra.go.jp/datafile/seiseki/report/2018/2018-1chukyo4.pdf,official_daily_result_pdf
201807010403,2018,中京,1,4,3,2018-01-21,https://www.jra.go.jp/datafile/seiseki/report/2018/2018-1chukyo4.pdf,official_daily_result_pdf
201807010404,2018,中京,1,4,4,2018-01-21,https://www.jra.go.jp/datafile/seiseki/report/2018/2018-1chukyo4.pdf,official_daily_result_pdf
201807010405,2018,中京,1,4,5,2018-01-21,https://www.jra.go.jp/datafile/seiseki/report/2018/2018-1chukyo4.pdf,official_daily_result_pdf
201807010406,2018,中京,1,4,6,2018-01-21,https://www.jra.go.jp/datafile/seiseki/report/2018/2018-1chukyo4.pdf,official_daily_result_pdf
201807010407,2018,中京,1,4,7,2018-01-21,https://www.jra.go.jp/datafile/seiseki/report/2018/2018-1chukyo4.pdf,official_daily_result_pdf
201807010408,2018,中京,1,4,8,2018-01-21,https://www.jra.go.jp/datafile/seiseki/report/2018/2018-1chukyo4.pdf,official_daily_result_pdf
201807010409,2018,中京,1,4,9,2018-01-21,https://www.jra.go.jp/datafile/seiseki/report/2018/2018-1chukyo4.pdf,official_daily_result_pdf
201807010410,2018,中京,1,4,10,2018-01-21,https://www.jra.go.jp/datafile/seiseki/report/2018/2018-1chukyo4.pdf,official_daily_result_pdf
201807010411,2018,中京,1,4,11,2018-01-21,https://www.jra.go.jp/datafile/seiseki/report/2018/2018-1chukyo4.pdf,official_daily_result_pdf
201807010412,2018,中京,1,4,12,2018-01-21,https://www.jra.go.jp/datafile/seiseki/report/2018/2018-1chukyo4.pdf,official_daily_result_pdf
201807010501,2018,中京,1,5,1,2018-01-27,https://www.jra.go.jp/datafile/seiseki/report/2018/2018-1chukyo5.pdf,official_daily_result_pdf
201807010502,2018,中京,1,5,2,2018-01-27,https://www.jra.go.jp/datafile/seiseki/report/2018/2018-1chukyo5.pdf,official_daily_result_pdf
201807010503,2018,中京,1,5,3,2018-01-27,https://www.jra.go.jp/datafile/seiseki/report/2018/2018-1chukyo5.pdf,official_daily_result_pdf
201807010504,2018,中京,1,5,4,2018-01-27,https://www.jra.go.jp/datafile/seiseki/report/2018/2018-1chukyo5.pdf,official_daily_result_pdf
201807010505,2018,中京,1,5,5,2018-01-27,https://www.jra.go.jp/datafile/seiseki/report/2018/2018-1chukyo5.pdf,official_daily_result_pdf
201807010506,2018,中京,1,5,6,2018-01-27,https://www.jra.go.jp/datafile/seiseki/report/2018/2018-1chukyo5.pdf,official_daily_result_pdf
201807010507,2018,中京,1,5,7,2018-01-27,https://www.jra.go.jp/datafile/seiseki/report/2018/2018-1chukyo5.pdf,official_daily_result_pdf
201807010508,2018,中京,1,5,8,2018-01-27,https://www.jra.go.jp/datafile/seiseki/report/2018/2018-1chukyo5.pdf,official_daily_result_pdf
201807010509,2018,中京,1,5,9,2018-01-27,https://www.jra.go.jp/datafile/seiseki/report/2018/2018-1chukyo5.pdf,official_daily_result_pdf
201807010510,2018,中京,1,5,10,2018-01-27,https://www.jra.go.jp/datafile/seiseki/report/2018/2018-1chukyo5.pdf,official_daily_result_pdf
201807010511,2018,中京,1,5,11,2018-01-27,https://www.jra.go.jp/datafile/seiseki/report/2018/2018-1chukyo5.pdf,official_daily_result_pdf
201807010512,2018,中京,1,5,12,2018-01-27,https://www.jra.go.jp/datafile/seiseki/report/2018/2018-1chukyo5.pdf,official_daily_result_pdf
201807010601,2018,中京,1,6,1,2018-01-28,https://www.jra.go.jp/datafile/seiseki/report/2018/2018-1chukyo6.pdf,official_daily_result_pdf
201807010602,2018,中京,1,6,2,2018-01-28,https://www.jra.go.jp/datafile/seiseki/report/2018/2018-1chukyo6.pdf,official_daily_result_pdf
201807010603,2018,中京,1,6,3,2018-01-28,https://www.jra.go.jp/datafile/seiseki/report/2018/2018-1chukyo6.pdf,official_daily_result_pdf
201807010604,2018,中京,1,6,4,2018-01-28,https://www.jra.go.jp/datafile/seiseki/report/2018/2018-1chukyo6.pdf,official_daily_result_pdf
201807010605,2018,中京,1,6,5,2018-01-28,https://www.jra.go.jp/datafile/seiseki/report/2018/2018-1chukyo6.pdf,official_daily_result_pdf
201807010606,2018,中京,1,6,6,2018-01-28,https://www.jra.go.jp/datafile/seiseki/report/2018/2018-1chukyo6.pdf,official_daily_result_pdf
201807010607,2018,中京,1,6,7,2018-01-28,https://www.jra.go.jp/datafile/seiseki/report/2018/2018-1chukyo6.pdf,official_daily_result_pdf
201807010608,2018,中京,1,6,8,2018-01-28,https://www.jra.go.jp/datafile/seiseki/report/2018/2018-1chukyo6.pdf,official_daily_result_pdf
201807010609,2018,中京,1,6,9,2018-01-28,https://www.jra.go.jp/datafile/seiseki/report/2018/2018-1chukyo6.pdf,official_daily_result_pdf
201807010610,2018,中京,1,6,10,2018-01-28,https://www.jra.go.jp/datafile/seiseki/report/2018/2018-1chukyo6.pdf,official_daily_result_pdf
201807010611,2018,中京,1,6,11,2018-01-28,https://www.jra.go.jp/datafile/seiseki/report/2018/2018-1chukyo6.pdf,official_daily_result_pdf
201807010612,2018,中京,1,6,12,2018-01-28,https://www.jra.go.jp/datafile/seiseki/report/2018/2018-1chukyo6.pdf,official_daily_result_pdf
201807020101,2018,中京,2,1,1,2018-03-10,https://www.jra.go.jp/datafile/seiseki/report/2018/2018-2chukyo1.pdf,official_daily_result_pdf
201807020102,2018,中京,2,1,2,2018-03-10,https://www.jra.go.jp/datafile/seiseki/report/2018/2018-2chukyo1.pdf,official_daily_result_pdf
201807020103,2018,中京,2,1,3,2018-03-10,https://www.jra.go.jp/datafile/seiseki/report/2018/2018-2chukyo1.pdf,official_daily_result_pdf
201807020104,2018,中京,2,1,4,2018-03-10,https://www.jra.go.jp/datafile/seiseki/report/2018/2018-2chukyo1.pdf,official_daily_result_pdf
201807020105,2018,中京,2,1,5,2018-03-10,https://www.jra.go.jp/datafile/seiseki/report/2018/2018-2chukyo1.pdf,official_daily_result_pdf
201807020106,2018,中京,2,1,6,2018-03-10,https://www.jra.go.jp/datafile/seiseki/report/2018/2018-2chukyo1.pdf,official_daily_result_pdf
201807020107,2018,中京,2,1,7,2018-03-10,https://www.jra.go.jp/datafile/seiseki/report/2018/2018-2chukyo1.pdf,official_daily_result_pdf
201807020108,2018,中京,2,1,8,2018-03-10,https://www.jra.go.jp/datafile/seiseki/report/2018/2018-2chukyo1.pdf,official_daily_result_pdf
201807020109,2018,中京,2,1,9,2018-03-10,https://www.jra.go.jp/datafile/seiseki/report/2018/2018-2chukyo1.pdf,official_daily_result_pdf
201807020110,2018,中京,2,1,10,2018-03-10,https://www.jra.go.jp/datafile/seiseki/report/2018/2018-2chukyo1.pdf,official_daily_result_pdf
201807020111,2018,中京,2,1,11,2018-03-10,https://www.jra.go.jp/datafile/seiseki/report/2018/2018-2chukyo1.pdf,official_daily_result_pdf
201807020112,2018,中京,2,1,12,2018-03-10,https://www.jra.go.jp/datafile/seiseki/report/2018/2018-2chukyo1.pdf,official_daily_result_pdf
201807020201,2018,中京,2,2,1,2018-03-11,https://www.jra.go.jp/datafile/seiseki/report/2018/2018-2chukyo2.pdf,official_daily_result_pdf
201807020202,2018,中京,2,2,2,2018-03-11,https://www.jra.go.jp/datafile/seiseki/report/2018/2018-2chukyo2.pdf,official_daily_result_pdf
201807020203,2018,中京,2,2,3,2018-03-11,https://www.jra.go.jp/datafile/seiseki/report/2018/2018-2chukyo2.pdf,official_daily_result_pdf
201807020204,2018,中京,2,2,4,2018-03-11,https://www.jra.go.jp/datafile/seiseki/report/2018/2018-2chukyo2.pdf,official_daily_result_pdf
201807020205,2018,中京,2,2,5,2018-03-11,https://www.jra.go.jp/datafile/seiseki/report/2018/2018-2chukyo2.pdf,official_daily_result_pdf
201807020206,2018,中京,2,2,6,2018-03-11,https://www.jra.go.jp/datafile/seiseki/report/2018/2018-2chukyo2.pdf,official_daily_result_pdf
201807020207,2018,中京,2,2,7,2018-03-11,https://www.jra.go.jp/datafile/seiseki/report/2018/2018-2chukyo2.pdf,official_daily_result_pdf
201807020208,2018,中京,2,2,8,2018-03-11,https://www.jra.go.jp/datafile/seiseki/report/2018/2018-2chukyo2.pdf,official_daily_result_pdf
201807020209,2018,中京,2,2,9,2018-03-11,https://www.jra.go.jp/datafile/seiseki/report/2018/2018-2chukyo2.pdf,official_daily_result_pdf
201807020210,2018,中京,2,2,10,2018-03-11,https://www.jra.go.jp/datafile/seiseki/report/2018/2018-2chukyo2.pdf,official_daily_result_pdf
201807020211,2018,中京,2,2,11,2018-03-11,https://www.jra.go.jp/datafile/seiseki/report/2018/2018-2chukyo2.pdf,official_daily_result_pdf
201807020212,2018,中京,2,2,12,2018-03-11,https://www.jra.go.jp/datafile/seiseki/report/2018/2018-2chukyo2.pdf,official_daily_result_pdf
201807020301,2018,中京,2,3,1,2018-03-17,https://www.jra.go.jp/datafile/seiseki/report/2018/2018-2chukyo3.pdf,official_daily_result_pdf
201807020302,2018,中京,2,3,2,2018-03-17,https://www.jra.go.jp/datafile/seiseki/report/2018/2018-2chukyo3.pdf,official_daily_result_pdf
201807020303,2018,中京,2,3,3,2018-03-17,https://www.jra.go.jp/datafile/seiseki/report/2018/2018-2chukyo3.pdf,official_daily_result_pdf
201807020304,2018,中京,2,3,4,2018-03-17,https://www.jra.go.jp/datafile/seiseki/report/2018/2018-2chukyo3.pdf,official_daily_result_pdf
201807020305,2018,中京,2,3,5,2018-03-17,https://www.jra.go.jp/datafile/seiseki/report/2018/2018-2chukyo3.pdf,official_daily_result_pdf
201807020306,2018,中京,2,3,6,2018-03-17,https://www.jra.go.jp/datafile/seiseki/report/2018/2018-2chukyo3.pdf,official_daily_result_pdf
201807020307,2018,中京,2,3,7,2018-03-17,https://www.jra.go.jp/datafile/seiseki/report/2018/2018-2chukyo3.pdf,official_daily_result_pdf
201807020308,2018,中京,2,3,8,2018-03-17,https://www.jra.go.jp/datafile/seiseki/report/2018/2018-2chukyo3.pdf,official_daily_result_pdf
201807020309,2018,中京,2,3,9,2018-03-17,https://www.jra.go.jp/datafile/seiseki/report/2018/2018-2chukyo3.pdf,official_daily_result_pdf
201807020310,2018,中京,2,3,10,2018-03-17,https://www.jra.go.jp/datafile/seiseki/report/2018/2018-2chukyo3.pdf,official_daily_result_pdf
201807020311,2018,中京,2,3,11,2018-03-17,https://www.jra.go.jp/datafile/seiseki/report/2018/2018-2chukyo3.pdf,official_daily_result_pdf
201807020312,2018,中京,2,3,12,2018-03-17,https://www.jra.go.jp/datafile/seiseki/report/2018/2018-2chukyo3.pdf,official_daily_result_pdf
201807020401,2018,中京,2,4,1,2018-03-18,https://www.jra.go.jp/datafile/seiseki/report/2018/2018-2chukyo4.pdf,official_daily_result_pdf
201807020402,2018,中京,2,4,2,2018-03-18,https://www.jra.go.jp/datafile/seiseki/report/2018/2018-2chukyo4.pdf,official_daily_result_pdf
201807020403,2018,中京,2,4,3,2018-03-18,https://www.jra.go.jp/datafile/seiseki/report/2018/2018-2chukyo4.pdf,official_daily_result_pdf
201807020404,2018,中京,2,4,4,2018-03-18,https://www.jra.go.jp/datafile/seiseki/report/2018/2018-2chukyo4.pdf,official_daily_result_pdf
201807020405,2018,中京,2,4,5,2018-03-18,https://www.jra.go.jp/datafile/seiseki/report/2018/2018-2chukyo4.pdf,official_daily_result_pdf
201807020406,2018,中京,2,4,6,2018-03-18,https://www.jra.go.jp/datafile/seiseki/report/2018/2018-2chukyo4.pdf,official_daily_result_pdf
201807020407,2018,中京,2,4,7,2018-03-18,https://www.jra.go.jp/datafile/seiseki/report/2018/2018-2chukyo4.pdf,official_daily_result_pdf
201807020408,2018,中京,2,4,8,2018-03-18,https://www.jra.go.jp/datafile/seiseki/report/2018/2018-2chukyo4.pdf,official_daily_result_pdf
201807020409,2018,中京,2,4,9,2018-03-18,https://www.jra.go.jp/datafile/seiseki/report/2018/2018-2chukyo4.pdf,official_daily_result_pdf
201807020410,2018,中京,2,4,10,2018-03-18,https://www.jra.go.jp/datafile/seiseki/report/2018/2018-2chukyo4.pdf,official_daily_result_pdf
201807020411,2018,中京,2,4,11,2018-03-18,https://www.jra.go.jp/datafile/seiseki/report/2018/2018-2chukyo4.pdf,official_daily_result_pdf
201807020412,2018,中京,2,4,12,2018-03-18,https://www.jra.go.jp/datafile/seiseki/report/2018/2018-2chukyo4.pdf,official_daily_result_pdf
201807020501,2018,中京,2,5,1,2018-03-24,https://www.jra.go.jp/datafile/seiseki/report/2018/2018-2chukyo5.pdf,official_daily_result_pdf
201807020502,2018,中京,2,5,2,2018-03-24,https://www.jra.go.jp/datafile/seiseki/report/2018/2018-2chukyo5.pdf,official_daily_result_pdf
201807020503,2018,中京,2,5,3,2018-03-24,https://www.jra.go.jp/datafile/seiseki/report/2018/2018-2chukyo5.pdf,official_daily_result_pdf
201807020504,2018,中京,2,5,4,2018-03-24,https://www.jra.go.jp/datafile/seiseki/report/2018/2018-2chukyo5.pdf,official_daily_result_pdf
201807020505,2018,中京,2,5,5,2018-03-24,https://www.jra.go.jp/datafile/seiseki/report/2018/2018-2chukyo5.pdf,official_daily_result_pdf
201807020506,2018,中京,2,5,6,2018-03-24,https://www.jra.go.jp/datafile/seiseki/report/2018/2018-2chukyo5.pdf,official_daily_result_pdf
201807020507,2018,中京,2,5,7,2018-03-24,https://www.jra.go.jp/datafile/seiseki/report/2018/2018-2chukyo5.pdf,official_daily_result_pdf
201807020508,2018,中京,2,5,8,2018-03-24,https://www.jra.go.jp/datafile/seiseki/report/2018/2018-2chukyo5.pdf,official_daily_result_pdf
201807020509,2018,中京,2,5,9,2018-03-24,https://www.jra.go.jp/datafile/seiseki/report/2018/2018-2chukyo5.pdf,official_daily_result_pdf
201807020510,2018,中京,2,5,10,2018-03-24,https://www.jra.go.jp/datafile/seiseki/report/2018/2018-2chukyo5.pdf,official_daily_result_pdf
201807020511,2018,中京,2,5,11,2018-03-24,https://www.jra.go.jp/datafile/seiseki/report/2018/2018-2chukyo5.pdf,official_daily_result_pdf
201807020512,2018,中京,2,5,12,2018-03-24,https://www.jra.go.jp/datafile/seiseki/report/2018/2018-2chukyo5.pdf,official_daily_result_pdf
201807020601,2018,中京,2,6,1,2018-03-25,https://www.jra.go.jp/datafile/seiseki/report/2018/2018-2chukyo6.pdf,official_daily_result_pdf
201807020602,2018,中京,2,6,2,2018-03-25,https://www.jra.go.jp/datafile/seiseki/report/2018/2018-2chukyo6.pdf,official_daily_result_pdf
201807020603,2018,中京,2,6,3,2018-03-25,https://www.jra.go.jp/datafile/seiseki/report/2018/2018-2chukyo6.pdf,official_daily_result_pdf
201807020604,2018,中京,2,6,4,2018-03-25,https://www.jra.go.jp/datafile/seiseki/report/2018/2018-2chukyo6.pdf,official_daily_result_pdf
201807020605,2018,中京,2,6,5,2018-03-25,https://www.jra.go.jp/datafile/seiseki/report/2018/2018-2chukyo6.pdf,official_daily_result_pdf
201807020606,2018,中京,2,6,6,2018-03-25,https://www.jra.go.jp/datafile/seiseki/report/2018/2018-2chukyo6.pdf,official_daily_result_pdf
201807020607,2018,中京,2,6,7,2018-03-25,https://www.jra.go.jp/datafile/seiseki/report/2018/2018-2chukyo6.pdf,official_daily_result_pdf
201807020608,2018,中京,2,6,8,2018-03-25,https://www.jra.go.jp/datafile/seiseki/report/2018/2018-2chukyo6.pdf,official_daily_result_pdf
201807020609,2018,中京,2,6,9,2018-03-25,https://www.jra.go.jp/datafile/seiseki/report/2018/2018-2chukyo6.pdf,official_daily_result_pdf
201807020610,2018,中京,2,6,10,2018-03-25,https://www.jra.go.jp/datafile/seiseki/report/2018/2018-2chukyo6.pdf,official_daily_result_pdf
201807020611,2018,中京,2,6,11,2018-03-25,https://www.jra.go.jp/datafile/seiseki/report/2018/2018-2chukyo6.pdf,official_daily_result_pdf
201807020612,2018,中京,2,6,12,2018-03-25,https://www.jra.go.jp/datafile/seiseki/report/2018/2018-2chukyo6.pdf,official_daily_result_pdf
201807030101,2018,中京,3,1,1,2018-06-30,https://www.jra.go.jp/datafile/seiseki/report/2018/2018-3chukyo1.pdf,official_daily_result_pdf
201807030102,2018,中京,3,1,2,2018-06-30,https://www.jra.go.jp/datafile/seiseki/report/2018/2018-3chukyo1.pdf,official_daily_result_pdf
201807030103,2018,中京,3,1,3,2018-06-30,https://www.jra.go.jp/datafile/seiseki/report/2018/2018-3chukyo1.pdf,official_daily_result_pdf
201807030104,2018,中京,3,1,4,2018-06-30,https://www.jra.go.jp/datafile/seiseki/report/2018/2018-3chukyo1.pdf,official_daily_result_pdf
201807030105,2018,中京,3,1,5,2018-06-30,https://www.jra.go.jp/datafile/seiseki/report/2018/2018-3chukyo1.pdf,official_daily_result_pdf
201807030106,2018,中京,3,1,6,2018-06-30,https://www.jra.go.jp/datafile/seiseki/report/2018/2018-3chukyo1.pdf,official_daily_result_pdf
201807030107,2018,中京,3,1,7,2018-06-30,https://www.jra.go.jp/datafile/seiseki/report/2018/2018-3chukyo1.pdf,official_daily_result_pdf
201807030108,2018,中京,3,1,8,2018-06-30,https://www.jra.go.jp/datafile/seiseki/report/2018/2018-3chukyo1.pdf,official_daily_result_pdf
201807030109,2018,中京,3,1,9,2018-06-30,https://www.jra.go.jp/datafile/seiseki/report/2018/2018-3chukyo1.pdf,official_daily_result_pdf
201807030110,2018,中京,3,1,10,2018-06-30,https://www.jra.go.jp/datafile/seiseki/report/2018/2018-3chukyo1.pdf,official_daily_result_pdf
201807030111,2018,中京,3,1,11,2018-06-30,https://www.jra.go.jp/datafile/seiseki/report/2018/2018-3chukyo1.pdf,official_daily_result_pdf
201807030112,2018,中京,3,1,12,2018-06-30,https://www.jra.go.jp/datafile/seiseki/report/2018/2018-3chukyo1.pdf,official_daily_result_pdf
201807030201,2018,中京,3,2,1,2018-07-01,https://www.jra.go.jp/datafile/seiseki/report/2018/2018-3chukyo2.pdf,official_daily_result_pdf
201807030202,2018,中京,3,2,2,2018-07-01,https://www.jra.go.jp/datafile/seiseki/report/2018/2018-3chukyo2.pdf,official_daily_result_pdf
201807030203,2018,中京,3,2,3,2018-07-01,https://www.jra.go.jp/datafile/seiseki/report/2018/2018-3chukyo2.pdf,official_daily_result_pdf
201807030204,2018,中京,3,2,4,2018-07-01,https://www.jra.go.jp/datafile/seiseki/report/2018/2018-3chukyo2.pdf,official_daily_result_pdf
201807030205,2018,中京,3,2,5,2018-07-01,https://www.jra.go.jp/datafile/seiseki/report/2018/2018-3chukyo2.pdf,official_daily_result_pdf
201807030206,2018,中京,3,2,6,2018-07-01,https://www.jra.go.jp/datafile/seiseki/report/2018/2018-3chukyo2.pdf,official_daily_result_pdf
201807030207,2018,中京,3,2,7,2018-07-01,https://www.jra.go.jp/datafile/seiseki/report/2018/2018-3chukyo2.pdf,official_daily_result_pdf
201807030208,2018,中京,3,2,8,2018-07-01,https://www.jra.go.jp/datafile/seiseki/report/2018/2018-3chukyo2.pdf,official_daily_result_pdf
201807030209,2018,中京,3,2,9,2018-07-01,https://www.jra.go.jp/datafile/seiseki/report/2018/2018-3chukyo2.pdf,official_daily_result_pdf
201807030210,2018,中京,3,2,10,2018-07-01,https://www.jra.go.jp/datafile/seiseki/report/2018/2018-3chukyo2.pdf,official_daily_result_pdf
201807030211,2018,中京,3,2,11,2018-07-01,https://www.jra.go.jp/datafile/seiseki/report/2018/2018-3chukyo2.pdf,official_daily_result_pdf
201807030212,2018,中京,3,2,12,2018-07-01,https://www.jra.go.jp/datafile/seiseki/report/2018/2018-3chukyo2.pdf,official_daily_result_pdf
201807030301,2018,中京,3,3,1,2018-07-07,https://www.jra.go.jp/datafile/seiseki/report/2018/2018-3chukyo3.pdf,official_daily_result_pdf
201807030302,2018,中京,3,3,2,2018-07-07,https://www.jra.go.jp/datafile/seiseki/report/2018/2018-3chukyo3.pdf,official_daily_result_pdf
201807030303,2018,中京,3,3,3,2018-07-07,https://www.jra.go.jp/datafile/seiseki/report/2018/2018-3chukyo3.pdf,official_daily_result_pdf
201807030304,2018,中京,3,3,4,2018-07-07,https://www.jra.go.jp/datafile/seiseki/report/2018/2018-3chukyo3.pdf,official_daily_result_pdf
201807030305,2018,中京,3,3,5,2018-07-07,https://www.jra.go.jp/datafile/seiseki/report/2018/2018-3chukyo3.pdf,official_daily_result_pdf
201807030306,2018,中京,3,3,6,2018-07-07,https://www.jra.go.jp/datafile/seiseki/report/2018/2018-3chukyo3.pdf,official_daily_result_pdf
201807030307,2018,中京,3,3,7,2018-07-07,https://www.jra.go.jp/datafile/seiseki/report/2018/2018-3chukyo3.pdf,official_daily_result_pdf
201807030308,2018,中京,3,3,8,2018-07-07,https://www.jra.go.jp/datafile/seiseki/report/2018/2018-3chukyo3.pdf,official_daily_result_pdf
201807030309,2018,中京,3,3,9,2018-07-07,https://www.jra.go.jp/datafile/seiseki/report/2018/2018-3chukyo3.pdf,official_daily_result_pdf
201807030310,2018,中京,3,3,10,2018-07-07,https://www.jra.go.jp/datafile/seiseki/report/2018/2018-3chukyo3.pdf,official_daily_result_pdf
201807030311,2018,中京,3,3,11,2018-07-07,https://www.jra.go.jp/datafile/seiseki/report/2018/2018-3chukyo3.pdf,official_daily_result_pdf
201807030312,2018,中京,3,3,12,2018-07-07,https://www.jra.go.jp/datafile/seiseki/report/2018/2018-3chukyo3.pdf,official_daily_result_pdf
201807030401,2018,中京,3,4,1,2018-07-08,https://www.jra.go.jp/datafile/seiseki/report/2018/2018-3chukyo4.pdf,official_daily_result_pdf
201807030402,2018,中京,3,4,2,2018-07-08,https://www.jra.go.jp/datafile/seiseki/report/2018/2018-3chukyo4.pdf,official_daily_result_pdf
201807030403,2018,中京,3,4,3,2018-07-08,https://www.jra.go.jp/datafile/seiseki/report/2018/2018-3chukyo4.pdf,official_daily_result_pdf
201807030404,2018,中京,3,4,4,2018-07-08,https://www.jra.go.jp/datafile/seiseki/report/2018/2018-3chukyo4.pdf,official_daily_result_pdf
201807030405,2018,中京,3,4,5,2018-07-08,https://www.jra.go.jp/datafile/seiseki/report/2018/2018-3chukyo4.pdf,official_daily_result_pdf
201807030406,2018,中京,3,4,6,2018-07-08,https://www.jra.go.jp/datafile/seiseki/report/2018/2018-3chukyo4.pdf,official_daily_result_pdf
201807030407,2018,中京,3,4,7,2018-07-08,https://www.jra.go.jp/datafile/seiseki/report/2018/2018-3chukyo4.pdf,official_daily_result_pdf
201807030408,2018,中京,3,4,8,2018-07-08,https://www.jra.go.jp/datafile/seiseki/report/2018/2018-3chukyo4.pdf,official_daily_result_pdf
201807030409,2018,中京,3,4,9,2018-07-08,https://www.jra.go.jp/datafile/seiseki/report/2018/2018-3chukyo4.pdf,official_daily_result_pdf
201807030410,2018,中京,3,4,10,2018-07-08,https://www.jra.go.jp/datafile/seiseki/report/2018/2018-3chukyo4.pdf,official_daily_result_pdf
201807030411,2018,中京,3,4,11,2018-07-08,https://www.jra.go.jp/datafile/seiseki/report/2018/2018-3chukyo4.pdf,official_daily_result_pdf
201807030412,2018,中京,3,4,12,2018-07-08,https://www.jra.go.jp/datafile/seiseki/report/2018/2018-3chukyo4.pdf,official_daily_result_pdf
201807030501,2018,中京,3,5,1,2018-07-14,https://www.jra.go.jp/datafile/seiseki/report/2018/2018-3chukyo5.pdf,official_daily_result_pdf
201807030502,2018,中京,3,5,2,2018-07-14,https://www.jra.go.jp/datafile/seiseki/report/2018/2018-3chukyo5.pdf,official_daily_result_pdf
201807030503,2018,中京,3,5,3,2018-07-14,https://www.jra.go.jp/datafile/seiseki/report/2018/2018-3chukyo5.pdf,official_daily_result_pdf
201807030504,2018,中京,3,5,4,2018-07-14,https://www.jra.go.jp/datafile/seiseki/report/2018/2018-3chukyo5.pdf,official_daily_result_pdf
201807030505,2018,中京,3,5,5,2018-07-14,https://www.jra.go.jp/datafile/seiseki/report/2018/2018-3chukyo5.pdf,official_daily_result_pdf
201807030506,2018,中京,3,5,6,2018-07-14,https://www.jra.go.jp/datafile/seiseki/report/2018/2018-3chukyo5.pdf,official_daily_result_pdf
201807030507,2018,中京,3,5,7,2018-07-14,https://www.jra.go.jp/datafile/seiseki/report/2018/2018-3chukyo5.pdf,official_daily_result_pdf
201807030508,2018,中京,3,5,8,2018-07-14,https://www.jra.go.jp/datafile/seiseki/report/2018/2018-3chukyo5.pdf,official_daily_result_pdf
201807030509,2018,中京,3,5,9,2018-07-14,https://www.jra.go.jp/datafile/seiseki/report/2018/2018-3chukyo5.pdf,official_daily_result_pdf
201807030510,2018,中京,3,5,10,2018-07-14,https://www.jra.go.jp/datafile/seiseki/report/2018/2018-3chukyo5.pdf,official_daily_result_pdf
201807030511,2018,中京,3,5,11,2018-07-14,https://www.jra.go.jp/datafile/seiseki/report/2018/2018-3chukyo5.pdf,official_daily_result_pdf
201807030512,2018,中京,3,5,12,2018-07-14,https://www.jra.go.jp/datafile/seiseki/report/2018/2018-3chukyo5.pdf,official_daily_result_pdf
201807030601,2018,中京,3,6,1,2018-07-15,https://www.jra.go.jp/datafile/seiseki/report/2018/2018-3chukyo6.pdf,official_daily_result_pdf
201807030602,2018,中京,3,6,2,2018-07-15,https://www.jra.go.jp/datafile/seiseki/report/2018/2018-3chukyo6.pdf,official_daily_result_pdf
201807030603,2018,中京,3,6,3,2018-07-15,https://www.jra.go.jp/datafile/seiseki/report/2018/2018-3chukyo6.pdf,official_daily_result_pdf
201807030604,2018,中京,3,6,4,2018-07-15,https://www.jra.go.jp/datafile/seiseki/report/2018/2018-3chukyo6.pdf,official_daily_result_pdf
201807030605,2018,中京,3,6,5,2018-07-15,https://www.jra.go.jp/datafile/seiseki/report/2018/2018-3chukyo6.pdf,official_daily_result_pdf
201807030606,2018,中京,3,6,6,2018-07-15,https://www.jra.go.jp/datafile/seiseki/report/2018/2018-3chukyo6.pdf,official_daily_result_pdf
201807030607,2018,中京,3,6,7,2018-07-15,https://www.jra.go.jp/datafile/seiseki/report/2018/2018-3chukyo6.pdf,official_daily_result_pdf
201807030608,2018,中京,3,6,8,2018-07-15,https://www.jra.go.jp/datafile/seiseki/report/2018/2018-3chukyo6.pdf,official_daily_result_pdf
201807030609,2018,中京,3,6,9,2018-07-15,https://www.jra.go.jp/datafile/seiseki/report/2018/2018-3chukyo6.pdf,official_daily_result_pdf
201807030610,2018,中京,3,6,10,2018-07-15,https://www.jra.go.jp/datafile/seiseki/report/2018/2018-3chukyo6.pdf,official_daily_result_pdf
201807030611,2018,中京,3,6,11,2018-07-15,https://www.jra.go.jp/datafile/seiseki/report/2018/2018-3chukyo6.pdf,official_daily_result_pdf
201807030612,2018,中京,3,6,12,2018-07-15,https://www.jra.go.jp/datafile/seiseki/report/2018/2018-3chukyo6.pdf,official_daily_result_pdf
201807030701,2018,中京,3,7,1,2018-07-21,https://www.jra.go.jp/datafile/seiseki/report/2018/2018-3chukyo7.pdf,official_daily_result_pdf
201807030702,2018,中京,3,7,2,2018-07-21,https://www.jra.go.jp/datafile/seiseki/report/2018/2018-3chukyo7.pdf,official_daily_result_pdf
201807030703,2018,中京,3,7,3,2018-07-21,https://www.jra.go.jp/datafile/seiseki/report/2018/2018-3chukyo7.pdf,official_daily_result_pdf
201807030704,2018,中京,3,7,4,2018-07-21,https://www.jra.go.jp/datafile/seiseki/report/2018/2018-3chukyo7.pdf,official_daily_result_pdf
201807030705,2018,中京,3,7,5,2018-07-21,https://www.jra.go.jp/datafile/seiseki/report/2018/2018-3chukyo7.pdf,official_daily_result_pdf
201807030706,2018,中京,3,7,6,2018-07-21,https://www.jra.go.jp/datafile/seiseki/report/2018/2018-3chukyo7.pdf,official_daily_result_pdf
201807030707,2018,中京,3,7,7,2018-07-21,https://www.jra.go.jp/datafile/seiseki/report/2018/2018-3chukyo7.pdf,official_daily_result_pdf
201807030708,2018,中京,3,7,8,2018-07-21,https://www.jra.go.jp/datafile/seiseki/report/2018/2018-3chukyo7.pdf,official_daily_result_pdf
201807030709,2018,中京,3,7,9,2018-07-21,https://www.jra.go.jp/datafile/seiseki/report/2018/2018-3chukyo7.pdf,official_daily_result_pdf
201807030710,2018,中京,3,7,10,2018-07-21,https://www.jra.go.jp/datafile/seiseki/report/2018/2018-3chukyo7.pdf,official_daily_result_pdf
201807030711,2018,中京,3,7,11,2018-07-21,https://www.jra.go.jp/datafile/seiseki/report/2018/2018-3chukyo7.pdf,official_daily_result_pdf
201807030712,2018,中京,3,7,12,2018-07-21,https://www.jra.go.jp/datafile/seiseki/report/2018/2018-3chukyo7.pdf,official_daily_result_pdf
201807030801,2018,中京,3,8,1,2018-07-22,https://www.jra.go.jp/datafile/seiseki/report/2018/2018-3chukyo8.pdf,official_daily_result_pdf
201807030802,2018,中京,3,8,2,2018-07-22,https://www.jra.go.jp/datafile/seiseki/report/2018/2018-3chukyo8.pdf,official_daily_result_pdf
201807030803,2018,中京,3,8,3,2018-07-22,https://www.jra.go.jp/datafile/seiseki/report/2018/2018-3chukyo8.pdf,official_daily_result_pdf
201807030804,2018,中京,3,8,4,2018-07-22,https://www.jra.go.jp/datafile/seiseki/report/2018/2018-3chukyo8.pdf,official_daily_result_pdf
201807030805,2018,中京,3,8,5,2018-07-22,https://www.jra.go.jp/datafile/seiseki/report/2018/2018-3chukyo8.pdf,official_daily_result_pdf
201807030806,2018,中京,3,8,6,2018-07-22,https://www.jra.go.jp/datafile/seiseki/report/2018/2018-3chukyo8.pdf,official_daily_result_pdf
201807030807,2018,中京,3,8,7,2018-07-22,https://www.jra.go.jp/datafile/seiseki/report/2018/2018-3chukyo8.pdf,official_daily_result_pdf
201807030808,2018,中京,3,8,8,2018-07-22,https://www.jra.go.jp/datafile/seiseki/report/2018/2018-3chukyo8.pdf,official_daily_result_pdf
201807030809,2018,中京,3,8,9,2018-07-22,https://www.jra.go.jp/datafile/seiseki/report/2018/2018-3chukyo8.pdf,official_daily_result_pdf
201807030810,2018,中京,3,8,10,2018-07-22,https://www.jra.go.jp/datafile/seiseki/report/2018/2018-3chukyo8.pdf,official_daily_result_pdf
201807030811,2018,中京,3,8,11,2018-07-22,https://www.jra.go.jp/datafile/seiseki/report/2018/2018-3chukyo8.pdf,official_daily_result_pdf
201807030812,2018,中京,3,8,12,2018-07-22,https://www.jra.go.jp/datafile/seiseki/report/2018/2018-3chukyo8.pdf,official_daily_result_pdf
201807040101,2018,中京,4,1,1,2018-12-01,https://www.jra.go.jp/datafile/seiseki/report/2018/2018-4chukyo1.pdf,official_daily_result_pdf
201807040102,2018,中京,4,1,2,2018-12-01,https://www.jra.go.jp/datafile/seiseki/report/2018/2018-4chukyo1.pdf,official_daily_result_pdf
201807040103,2018,中京,4,1,3,2018-12-01,https://www.jra.go.jp/datafile/seiseki/report/2018/2018-4chukyo1.pdf,official_daily_result_pdf
201807040104,2018,中京,4,1,4,2018-12-01,https://www.jra.go.jp/datafile/seiseki/report/2018/2018-4chukyo1.pdf,official_daily_result_pdf
201807040105,2018,中京,4,1,5,2018-12-01,https://www.jra.go.jp/datafile/seiseki/report/2018/2018-4chukyo1.pdf,official_daily_result_pdf
201807040106,2018,中京,4,1,6,2018-12-01,https://www.jra.go.jp/datafile/seiseki/report/2018/2018-4chukyo1.pdf,official_daily_result_pdf
201807040107,2018,中京,4,1,7,2018-12-01,https://www.jra.go.jp/datafile/seiseki/report/2018/2018-4chukyo1.pdf,official_daily_result_pdf
201807040108,2018,中京,4,1,8,2018-12-01,https://www.jra.go.jp/datafile/seiseki/report/2018/2018-4chukyo1.pdf,official_daily_result_pdf
201807040109,2018,中京,4,1,9,2018-12-01,https://www.jra.go.jp/datafile/seiseki/report/2018/2018-4chukyo1.pdf,official_daily_result_pdf
201807040110,2018,中京,4,1,10,2018-12-01,https://www.jra.go.jp/datafile/seiseki/report/2018/2018-4chukyo1.pdf,official_daily_result_pdf
201807040111,2018,中京,4,1,11,2018-12-01,https://www.jra.go.jp/datafile/seiseki/report/2018/2018-4chukyo1.pdf,official_daily_result_pdf
201807040112,2018,中京,4,1,12,2018-12-01,https://www.jra.go.jp/datafile/seiseki/report/2018/2018-4chukyo1.pdf,official_daily_result_pdf
201807040201,2018,中京,4,2,1,2018-12-02,https://www.jra.go.jp/datafile/seiseki/report/2018/2018-4chukyo2.pdf,official_daily_result_pdf
201807040202,2018,中京,4,2,2,2018-12-02,https://www.jra.go.jp/datafile/seiseki/report/2018/2018-4chukyo2.pdf,official_daily_result_pdf
201807040203,2018,中京,4,2,3,2018-12-02,https://www.jra.go.jp/datafile/seiseki/report/2018/2018-4chukyo2.pdf,official_daily_result_pdf
201807040204,2018,中京,4,2,4,2018-12-02,https://www.jra.go.jp/datafile/seiseki/report/2018/2018-4chukyo2.pdf,official_daily_result_pdf
201807040205,2018,中京,4,2,5,2018-12-02,https://www.jra.go.jp/datafile/seiseki/report/2018/2018-4chukyo2.pdf,official_daily_result_pdf
201807040206,2018,中京,4,2,6,2018-12-02,https://www.jra.go.jp/datafile/seiseki/report/2018/2018-4chukyo2.pdf,official_daily_result_pdf
201807040207,2018,中京,4,2,7,2018-12-02,https://www.jra.go.jp/datafile/seiseki/report/2018/2018-4chukyo2.pdf,official_daily_result_pdf
201807040208,2018,中京,4,2,8,2018-12-02,https://www.jra.go.jp/datafile/seiseki/report/2018/2018-4chukyo2.pdf,official_daily_result_pdf
201807040209,2018,中京,4,2,9,2018-12-02,https://www.jra.go.jp/datafile/seiseki/report/2018/2018-4chukyo2.pdf,official_daily_result_pdf
201807040210,2018,中京,4,2,10,2018-12-02,https://www.jra.go.jp/datafile/seiseki/report/2018/2018-4chukyo2.pdf,official_daily_result_pdf
201807040211,2018,中京,4,2,11,2018-12-02,https://www.jra.go.jp/datafile/seiseki/report/2018/2018-4chukyo2.pdf,official_daily_result_pdf
201807040212,2018,中京,4,2,12,2018-12-02,https://www.jra.go.jp/datafile/seiseki/report/2018/2018-4chukyo2.pdf,official_daily_result_pdf
201807040301,2018,中京,4,3,1,2018-12-08,https://www.jra.go.jp/datafile/seiseki/report/2018/2018-4chukyo3.pdf,official_daily_result_pdf
201807040302,2018,中京,4,3,2,2018-12-08,https://www.jra.go.jp/datafile/seiseki/report/2018/2018-4chukyo3.pdf,official_daily_result_pdf
201807040303,2018,中京,4,3,3,2018-12-08,https://www.jra.go.jp/datafile/seiseki/report/2018/2018-4chukyo3.pdf,official_daily_result_pdf
201807040304,2018,中京,4,3,4,2018-12-08,https://www.jra.go.jp/datafile/seiseki/report/2018/2018-4chukyo3.pdf,official_daily_result_pdf
201807040305,2018,中京,4,3,5,2018-12-08,https://www.jra.go.jp/datafile/seiseki/report/2018/2018-4chukyo3.pdf,official_daily_result_pdf
201807040306,2018,中京,4,3,6,2018-12-08,https://www.jra.go.jp/datafile/seiseki/report/2018/2018-4chukyo3.pdf,official_daily_result_pdf
201807040307,2018,中京,4,3,7,2018-12-08,https://www.jra.go.jp/datafile/seiseki/report/2018/2018-4chukyo3.pdf,official_daily_result_pdf
201807040308,2018,中京,4,3,8,2018-12-08,https://www.jra.go.jp/datafile/seiseki/report/2018/2018-4chukyo3.pdf,official_daily_result_pdf
201807040309,2018,中京,4,3,9,2018-12-08,https://www.jra.go.jp/datafile/seiseki/report/2018/2018-4chukyo3.pdf,official_daily_result_pdf
201807040310,2018,中京,4,3,10,2018-12-08,https://www.jra.go.jp/datafile/seiseki/report/2018/2018-4chukyo3.pdf,official_daily_result_pdf
201807040311,2018,中京,4,3,11,2018-12-08,https://www.jra.go.jp/datafile/seiseki/report/2018/2018-4chukyo3.pdf,official_daily_result_pdf
201807040312,2018,中京,4,3,12,2018-12-08,https://www.jra.go.jp/datafile/seiseki/report/2018/2018-4chukyo3.pdf,official_daily_result_pdf
201807040401,2018,中京,4,4,1,2018-12-09,https://www.jra.go.jp/datafile/seiseki/report/2018/2018-4chukyo4.pdf,official_daily_result_pdf
201807040402,2018,中京,4,4,2,2018-12-09,https://www.jra.go.jp/datafile/seiseki/report/2018/2018-4chukyo4.pdf,official_daily_result_pdf
201807040403,2018,中京,4,4,3,2018-12-09,https://www.jra.go.jp/datafile/seiseki/report/2018/2018-4chukyo4.pdf,official_daily_result_pdf
201807040404,2018,中京,4,4,4,2018-12-09,https://www.jra.go.jp/datafile/seiseki/report/2018/2018-4chukyo4.pdf,official_daily_result_pdf
201807040405,2018,中京,4,4,5,2018-12-09,https://www.jra.go.jp/datafile/seiseki/report/2018/2018-4chukyo4.pdf,official_daily_result_pdf
201807040406,2018,中京,4,4,6,2018-12-09,https://www.jra.go.jp/datafile/seiseki/report/2018/2018-4chukyo4.pdf,official_daily_result_pdf
201807040407,2018,中京,4,4,7,2018-12-09,https://www.jra.go.jp/datafile/seiseki/report/2018/2018-4chukyo4.pdf,official_daily_result_pdf
201807040408,2018,中京,4,4,8,2018-12-09,https://www.jra.go.jp/datafile/seiseki/report/2018/2018-4chukyo4.pdf,official_daily_result_pdf
201807040409,2018,中京,4,4,9,2018-12-09,https://www.jra.go.jp/datafile/seiseki/report/2018/2018-4chukyo4.pdf,official_daily_result_pdf
201807040410,2018,中京,4,4,10,2018-12-09,https://www.jra.go.jp/datafile/seiseki/report/2018/2018-4chukyo4.pdf,official_daily_result_pdf
201807040411,2018,中京,4,4,11,2018-12-09,https://www.jra.go.jp/datafile/seiseki/report/2018/2018-4chukyo4.pdf,official_daily_result_pdf
201807040412,2018,中京,4,4,12,2018-12-09,https://www.jra.go.jp/datafile/seiseki/report/2018/2018-4chukyo4.pdf,official_daily_result_pdf
201807040501,2018,中京,4,5,1,2018-12-15,https://www.jra.go.jp/datafile/seiseki/report/2018/2018-4chukyo5.pdf,official_daily_result_pdf
201807040502,2018,中京,4,5,2,2018-12-15,https://www.jra.go.jp/datafile/seiseki/report/2018/2018-4chukyo5.pdf,official_daily_result_pdf
201807040503,2018,中京,4,5,3,2018-12-15,https://www.jra.go.jp/datafile/seiseki/report/2018/2018-4chukyo5.pdf,official_daily_result_pdf
201807040504,2018,中京,4,5,4,2018-12-15,https://www.jra.go.jp/datafile/seiseki/report/2018/2018-4chukyo5.pdf,official_daily_result_pdf
201807040505,2018,中京,4,5,5,2018-12-15,https://www.jra.go.jp/datafile/seiseki/report/2018/2018-4chukyo5.pdf,official_daily_result_pdf
201807040506,2018,中京,4,5,6,2018-12-15,https://www.jra.go.jp/datafile/seiseki/report/2018/2018-4chukyo5.pdf,official_daily_result_pdf
201807040507,2018,中京,4,5,7,2018-12-15,https://www.jra.go.jp/datafile/seiseki/report/2018/2018-4chukyo5.pdf,official_daily_result_pdf
201807040508,2018,中京,4,5,8,2018-12-15,https://www.jra.go.jp/datafile/seiseki/report/2018/2018-4chukyo5.pdf,official_daily_result_pdf
201807040509,2018,中京,4,5,9,2018-12-15,https://www.jra.go.jp/datafile/seiseki/report/2018/2018-4chukyo5.pdf,official_daily_result_pdf
201807040510,2018,中京,4,5,10,2018-12-15,https://www.jra.go.jp/datafile/seiseki/report/2018/2018-4chukyo5.pdf,official_daily_result_pdf
201807040511,2018,中京,4,5,11,2018-12-15,https://www.jra.go.jp/datafile/seiseki/report/2018/2018-4chukyo5.pdf,official_daily_result_pdf
201807040512,2018,中京,4,5,12,2018-12-15,https://www.jra.go.jp/datafile/seiseki/report/2018/2018-4chukyo5.pdf,official_daily_result_pdf
201807040601,2018,中京,4,6,1,2018-12-16,https://www.jra.go.jp/datafile/seiseki/report/2018/2018-4chukyo6.pdf,official_daily_result_pdf
201807040602,2018,中京,4,6,2,2018-12-16,https://www.jra.go.jp/datafile/seiseki/report/2018/2018-4chukyo6.pdf,official_daily_result_pdf
201807040603,2018,中京,4,6,3,2018-12-16,https://www.jra.go.jp/datafile/seiseki/report/2018/2018-4chukyo6.pdf,official_daily_result_pdf
201807040604,2018,中京,4,6,4,2018-12-16,https://www.jra.go.jp/datafile/seiseki/report/2018/2018-4chukyo6.pdf,official_daily_result_pdf
201807040605,2018,中京,4,6,5,2018-12-16,https://www.jra.go.jp/datafile/seiseki/report/2018/2018-4chukyo6.pdf,official_daily_result_pdf
201807040606,2018,中京,4,6,6,2018-12-16,https://www.jra.go.jp/datafile/seiseki/report/2018/2018-4chukyo6.pdf,official_daily_result_pdf
201807040607,2018,中京,4,6,7,2018-12-16,https://www.jra.go.jp/datafile/seiseki/report/2018/2018-4chukyo6.pdf,official_daily_result_pdf
201807040608,2018,中京,4,6,8,2018-12-16,https://www.jra.go.jp/datafile/seiseki/report/2018/2018-4chukyo6.pdf,official_daily_result_pdf
201807040609,2018,中京,4,6,9,2018-12-16,https://www.jra.go.jp/datafile/seiseki/report/2018/2018-4chukyo6.pdf,official_daily_result_pdf
201807040610,2018,中京,4,6,10,2018-12-16,https://www.jra.go.jp/datafile/seiseki/report/2018/2018-4chukyo6.pdf,official_daily_result_pdf
201807040611,2018,中京,4,6,11,2018-12-16,https://www.jra.go.jp/datafile/seiseki/report/2018/2018-4chukyo6.pdf,official_daily_result_pdf
201807040612,2018,中京,4,6,12,2018-12-16,https://www.jra.go.jp/datafile/seiseki/report/2018/2018-4chukyo6.pdf,official_daily_result_pdf
201808010101,2018,京都,1,1,1,2018-01-06,https://www.jra.go.jp/datafile/seiseki/report/2018/2018-1kyoto1.pdf,official_daily_result_pdf
201808010102,2018,京都,1,1,2,2018-01-06,https://www.jra.go.jp/datafile/seiseki/report/2018/2018-1kyoto1.pdf,official_daily_result_pdf
201808010103,2018,京都,1,1,3,2018-01-06,https://www.jra.go.jp/datafile/seiseki/report/2018/2018-1kyoto1.pdf,official_daily_result_pdf
201808010104,2018,京都,1,1,4,2018-01-06,https://www.jra.go.jp/datafile/seiseki/report/2018/2018-1kyoto1.pdf,official_daily_result_pdf
201808010105,2018,京都,1,1,5,2018-01-06,https://www.jra.go.jp/datafile/seiseki/report/2018/2018-1kyoto1.pdf,official_daily_result_pdf
201808010106,2018,京都,1,1,6,2018-01-06,https://www.jra.go.jp/datafile/seiseki/report/2018/2018-1kyoto1.pdf,official_daily_result_pdf
201808010107,2018,京都,1,1,7,2018-01-06,https://www.jra.go.jp/datafile/seiseki/report/2018/2018-1kyoto1.pdf,official_daily_result_pdf
201808010108,2018,京都,1,1,8,2018-01-06,https://www.jra.go.jp/datafile/seiseki/report/2018/2018-1kyoto1.pdf,official_daily_result_pdf
201808010109,2018,京都,1,1,9,2018-01-06,https://www.jra.go.jp/datafile/seiseki/report/2018/2018-1kyoto1.pdf,official_daily_result_pdf
201808010110,2018,京都,1,1,10,2018-01-06,https://www.jra.go.jp/datafile/seiseki/report/2018/2018-1kyoto1.pdf,official_daily_result_pdf
201808010111,2018,京都,1,1,11,2018-01-06,https://www.jra.go.jp/datafile/seiseki/report/2018/2018-1kyoto1.pdf,official_daily_result_pdf
201808010112,2018,京都,1,1,12,2018-01-06,https://www.jra.go.jp/datafile/seiseki/report/2018/2018-1kyoto1.pdf,official_daily_result_pdf
201808010201,2018,京都,1,2,1,2018-01-07,https://www.jra.go.jp/datafile/seiseki/report/2018/2018-1kyoto2.pdf,official_daily_result_pdf
201808010202,2018,京都,1,2,2,2018-01-07,https://www.jra.go.jp/datafile/seiseki/report/2018/2018-1kyoto2.pdf,official_daily_result_pdf
201808010203,2018,京都,1,2,3,2018-01-07,https://www.jra.go.jp/datafile/seiseki/report/2018/2018-1kyoto2.pdf,official_daily_result_pdf
201808010204,2018,京都,1,2,4,2018-01-07,https://www.jra.go.jp/datafile/seiseki/report/2018/2018-1kyoto2.pdf,official_daily_result_pdf
201808010205,2018,京都,1,2,5,2018-01-07,https://www.jra.go.jp/datafile/seiseki/report/2018/2018-1kyoto2.pdf,official_daily_result_pdf
201808010206,2018,京都,1,2,6,2018-01-07,https://www.jra.go.jp/datafile/seiseki/report/2018/2018-1kyoto2.pdf,official_daily_result_pdf
201808010207,2018,京都,1,2,7,2018-01-07,https://www.jra.go.jp/datafile/seiseki/report/2018/2018-1kyoto2.pdf,official_daily_result_pdf
201808010208,2018,京都,1,2,8,2018-01-07,https://www.jra.go.jp/datafile/seiseki/report/2018/2018-1kyoto2.pdf,official_daily_result_pdf
201808010209,2018,京都,1,2,9,2018-01-07,https://www.jra.go.jp/datafile/seiseki/report/2018/2018-1kyoto2.pdf,official_daily_result_pdf
201808010210,2018,京都,1,2,10,2018-01-07,https://www.jra.go.jp/datafile/seiseki/report/2018/2018-1kyoto2.pdf,official_daily_result_pdf
201808010211,2018,京都,1,2,11,2018-01-07,https://www.jra.go.jp/datafile/seiseki/report/2018/2018-1kyoto2.pdf,official_daily_result_pdf
201808010212,2018,京都,1,2,12,2018-01-07,https://www.jra.go.jp/datafile/seiseki/report/2018/2018-1kyoto2.pdf,official_daily_result_pdf
201808010301,2018,京都,1,3,1,2018-01-08,https://www.jra.go.jp/datafile/seiseki/report/2018/2018-1kyoto3.pdf,official_daily_result_pdf
201808010302,2018,京都,1,3,2,2018-01-08,https://www.jra.go.jp/datafile/seiseki/report/2018/2018-1kyoto3.pdf,official_daily_result_pdf
201808010303,2018,京都,1,3,3,2018-01-08,https://www.jra.go.jp/datafile/seiseki/report/2018/2018-1kyoto3.pdf,official_daily_result_pdf
201808010304,2018,京都,1,3,4,2018-01-08,https://www.jra.go.jp/datafile/seiseki/report/2018/2018-1kyoto3.pdf,official_daily_result_pdf
201808010305,2018,京都,1,3,5,2018-01-08,https://www.jra.go.jp/datafile/seiseki/report/2018/2018-1kyoto3.pdf,official_daily_result_pdf
201808010306,2018,京都,1,3,6,2018-01-08,https://www.jra.go.jp/datafile/seiseki/report/2018/2018-1kyoto3.pdf,official_daily_result_pdf
201808010307,2018,京都,1,3,7,2018-01-08,https://www.jra.go.jp/datafile/seiseki/report/2018/2018-1kyoto3.pdf,official_daily_result_pdf
201808010308,2018,京都,1,3,8,2018-01-08,https://www.jra.go.jp/datafile/seiseki/report/2018/2018-1kyoto3.pdf,official_daily_result_pdf
201808010309,2018,京都,1,3,9,2018-01-08,https://www.jra.go.jp/datafile/seiseki/report/2018/2018-1kyoto3.pdf,official_daily_result_pdf
201808010310,2018,京都,1,3,10,2018-01-08,https://www.jra.go.jp/datafile/seiseki/report/2018/2018-1kyoto3.pdf,official_daily_result_pdf
201808010311,2018,京都,1,3,11,2018-01-08,https://www.jra.go.jp/datafile/seiseki/report/2018/2018-1kyoto3.pdf,official_daily_result_pdf
201808010312,2018,京都,1,3,12,2018-01-08,https://www.jra.go.jp/datafile/seiseki/report/2018/2018-1kyoto3.pdf,official_daily_result_pdf
201808010401,2018,京都,1,4,1,2018-01-13,https://www.jra.go.jp/datafile/seiseki/report/2018/2018-1kyoto4.pdf,official_daily_result_pdf
201808010402,2018,京都,1,4,2,2018-01-13,https://www.jra.go.jp/datafile/seiseki/report/2018/2018-1kyoto4.pdf,official_daily_result_pdf
201808010403,2018,京都,1,4,3,2018-01-13,https://www.jra.go.jp/datafile/seiseki/report/2018/2018-1kyoto4.pdf,official_daily_result_pdf
201808010404,2018,京都,1,4,4,2018-01-13,https://www.jra.go.jp/datafile/seiseki/report/2018/2018-1kyoto4.pdf,official_daily_result_pdf
201808010405,2018,京都,1,4,5,2018-01-13,https://www.jra.go.jp/datafile/seiseki/report/2018/2018-1kyoto4.pdf,official_daily_result_pdf
201808010406,2018,京都,1,4,6,2018-01-13,https://www.jra.go.jp/datafile/seiseki/report/2018/2018-1kyoto4.pdf,official_daily_result_pdf
201808010407,2018,京都,1,4,7,2018-01-13,https://www.jra.go.jp/datafile/seiseki/report/2018/2018-1kyoto4.pdf,official_daily_result_pdf
201808010408,2018,京都,1,4,8,2018-01-13,https://www.jra.go.jp/datafile/seiseki/report/2018/2018-1kyoto4.pdf,official_daily_result_pdf
201808010409,2018,京都,1,4,9,2018-01-13,https://www.jra.go.jp/datafile/seiseki/report/2018/2018-1kyoto4.pdf,official_daily_result_pdf
201808010410,2018,京都,1,4,10,2018-01-13,https://www.jra.go.jp/datafile/seiseki/report/2018/2018-1kyoto4.pdf,official_daily_result_pdf
201808010411,2018,京都,1,4,11,2018-01-13,https://www.jra.go.jp/datafile/seiseki/report/2018/2018-1kyoto4.pdf,official_daily_result_pdf
201808010412,2018,京都,1,4,12,2018-01-13,https://www.jra.go.jp/datafile/seiseki/report/2018/2018-1kyoto4.pdf,official_daily_result_pdf
201808010501,2018,京都,1,5,1,2018-01-14,https://www.jra.go.jp/datafile/seiseki/report/2018/2018-1kyoto5.pdf,official_daily_result_pdf
201808010502,2018,京都,1,5,2,2018-01-14,https://www.jra.go.jp/datafile/seiseki/report/2018/2018-1kyoto5.pdf,official_daily_result_pdf
201808010503,2018,京都,1,5,3,2018-01-14,https://www.jra.go.jp/datafile/seiseki/report/2018/2018-1kyoto5.pdf,official_daily_result_pdf
201808010504,2018,京都,1,5,4,2018-01-14,https://www.jra.go.jp/datafile/seiseki/report/2018/2018-1kyoto5.pdf,official_daily_result_pdf
201808010505,2018,京都,1,5,5,2018-01-14,https://www.jra.go.jp/datafile/seiseki/report/2018/2018-1kyoto5.pdf,official_daily_result_pdf
201808010506,2018,京都,1,5,6,2018-01-14,https://www.jra.go.jp/datafile/seiseki/report/2018/2018-1kyoto5.pdf,official_daily_result_pdf
201808010507,2018,京都,1,5,7,2018-01-14,https://www.jra.go.jp/datafile/seiseki/report/2018/2018-1kyoto5.pdf,official_daily_result_pdf
201808010508,2018,京都,1,5,8,2018-01-14,https://www.jra.go.jp/datafile/seiseki/report/2018/2018-1kyoto5.pdf,official_daily_result_pdf
201808010509,2018,京都,1,5,9,2018-01-14,https://www.jra.go.jp/datafile/seiseki/report/2018/2018-1kyoto5.pdf,official_daily_result_pdf
201808010510,2018,京都,1,5,10,2018-01-14,https://www.jra.go.jp/datafile/seiseki/report/2018/2018-1kyoto5.pdf,official_daily_result_pdf
201808010511,2018,京都,1,5,11,2018-01-14,https://www.jra.go.jp/datafile/seiseki/report/2018/2018-1kyoto5.pdf,official_daily_result_pdf
201808010512,2018,京都,1,5,12,2018-01-14,https://www.jra.go.jp/datafile/seiseki/report/2018/2018-1kyoto5.pdf,official_daily_result_pdf
201808010601,2018,京都,1,6,1,2018-01-20,https://www.jra.go.jp/datafile/seiseki/report/2018/2018-1kyoto6.pdf,official_daily_result_pdf
201808010602,2018,京都,1,6,2,2018-01-20,https://www.jra.go.jp/datafile/seiseki/report/2018/2018-1kyoto6.pdf,official_daily_result_pdf
201808010603,2018,京都,1,6,3,2018-01-20,https://www.jra.go.jp/datafile/seiseki/report/2018/2018-1kyoto6.pdf,official_daily_result_pdf
201808010604,2018,京都,1,6,4,2018-01-20,https://www.jra.go.jp/datafile/seiseki/report/2018/2018-1kyoto6.pdf,official_daily_result_pdf
201808010605,2018,京都,1,6,5,2018-01-20,https://www.jra.go.jp/datafile/seiseki/report/2018/2018-1kyoto6.pdf,official_daily_result_pdf
201808010606,2018,京都,1,6,6,2018-01-20,https://www.jra.go.jp/datafile/seiseki/report/2018/2018-1kyoto6.pdf,official_daily_result_pdf
201808010607,2018,京都,1,6,7,2018-01-20,https://www.jra.go.jp/datafile/seiseki/report/2018/2018-1kyoto6.pdf,official_daily_result_pdf
201808010608,2018,京都,1,6,8,2018-01-20,https://www.jra.go.jp/datafile/seiseki/report/2018/2018-1kyoto6.pdf,official_daily_result_pdf
201808010609,2018,京都,1,6,9,2018-01-20,https://www.jra.go.jp/datafile/seiseki/report/2018/2018-1kyoto6.pdf,official_daily_result_pdf
201808010610,2018,京都,1,6,10,2018-01-20,https://www.jra.go.jp/datafile/seiseki/report/2018/2018-1kyoto6.pdf,official_daily_result_pdf
201808010611,2018,京都,1,6,11,2018-01-20,https://www.jra.go.jp/datafile/seiseki/report/2018/2018-1kyoto6.pdf,official_daily_result_pdf
201808010612,2018,京都,1,6,12,2018-01-20,https://www.jra.go.jp/datafile/seiseki/report/2018/2018-1kyoto6.pdf,official_daily_result_pdf
201808010701,2018,京都,1,7,1,2018-01-21,https://www.jra.go.jp/datafile/seiseki/report/2018/2018-1kyoto7.pdf,official_daily_result_pdf
201808010702,2018,京都,1,7,2,2018-01-21,https://www.jra.go.jp/datafile/seiseki/report/2018/2018-1kyoto7.pdf,official_daily_result_pdf
201808010703,2018,京都,1,7,3,2018-01-21,https://www.jra.go.jp/datafile/seiseki/report/2018/2018-1kyoto7.pdf,official_daily_result_pdf
201808010704,2018,京都,1,7,4,2018-01-21,https://www.jra.go.jp/datafile/seiseki/report/2018/2018-1kyoto7.pdf,official_daily_result_pdf
201808010705,2018,京都,1,7,5,2018-01-21,https://www.jra.go.jp/datafile/seiseki/report/2018/2018-1kyoto7.pdf,official_daily_result_pdf
201808010706,2018,京都,1,7,6,2018-01-21,https://www.jra.go.jp/datafile/seiseki/report/2018/2018-1kyoto7.pdf,official_daily_result_pdf
201808010707,2018,京都,1,7,7,2018-01-21,https://www.jra.go.jp/datafile/seiseki/report/2018/2018-1kyoto7.pdf,official_daily_result_pdf
201808010708,2018,京都,1,7,8,2018-01-21,https://www.jra.go.jp/datafile/seiseki/report/2018/2018-1kyoto7.pdf,official_daily_result_pdf
201808010709,2018,京都,1,7,9,2018-01-21,https://www.jra.go.jp/datafile/seiseki/report/2018/2018-1kyoto7.pdf,official_daily_result_pdf
201808010710,2018,京都,1,7,10,2018-01-21,https://www.jra.go.jp/datafile/seiseki/report/2018/2018-1kyoto7.pdf,official_daily_result_pdf
201808010711,2018,京都,1,7,11,2018-01-21,https://www.jra.go.jp/datafile/seiseki/report/2018/2018-1kyoto7.pdf,official_daily_result_pdf
201808010712,2018,京都,1,7,12,2018-01-21,https://www.jra.go.jp/datafile/seiseki/report/2018/2018-1kyoto7.pdf,official_daily_result_pdf
201808020101,2018,京都,2,1,1,2018-01-27,https://www.jra.go.jp/datafile/seiseki/report/2018/2018-2kyoto1.pdf,official_daily_result_pdf
201808020102,2018,京都,2,1,2,2018-01-27,https://www.jra.go.jp/datafile/seiseki/report/2018/2018-2kyoto1.pdf,official_daily_result_pdf
201808020103,2018,京都,2,1,3,2018-01-27,https://www.jra.go.jp/datafile/seiseki/report/2018/2018-2kyoto1.pdf,official_daily_result_pdf
201808020104,2018,京都,2,1,4,2018-01-27,https://www.jra.go.jp/datafile/seiseki/report/2018/2018-2kyoto1.pdf,official_daily_result_pdf
201808020105,2018,京都,2,1,5,2018-01-27,https://www.jra.go.jp/datafile/seiseki/report/2018/2018-2kyoto1.pdf,official_daily_result_pdf
201808020106,2018,京都,2,1,6,2018-01-27,https://www.jra.go.jp/datafile/seiseki/report/2018/2018-2kyoto1.pdf,official_daily_result_pdf
201808020107,2018,京都,2,1,7,2018-01-27,https://www.jra.go.jp/datafile/seiseki/report/2018/2018-2kyoto1.pdf,official_daily_result_pdf
201808020108,2018,京都,2,1,8,2018-01-27,https://www.jra.go.jp/datafile/seiseki/report/2018/2018-2kyoto1.pdf,official_daily_result_pdf
201808020109,2018,京都,2,1,9,2018-01-27,https://www.jra.go.jp/datafile/seiseki/report/2018/2018-2kyoto1.pdf,official_daily_result_pdf
201808020110,2018,京都,2,1,10,2018-01-27,https://www.jra.go.jp/datafile/seiseki/report/2018/2018-2kyoto1.pdf,official_daily_result_pdf
201808020111,2018,京都,2,1,11,2018-01-27,https://www.jra.go.jp/datafile/seiseki/report/2018/2018-2kyoto1.pdf,official_daily_result_pdf
201808020112,2018,京都,2,1,12,2018-01-27,https://www.jra.go.jp/datafile/seiseki/report/2018/2018-2kyoto1.pdf,official_daily_result_pdf
201808020201,2018,京都,2,2,1,2018-01-28,https://www.jra.go.jp/datafile/seiseki/report/2018/2018-2kyoto2.pdf,official_daily_result_pdf
201808020202,2018,京都,2,2,2,2018-01-28,https://www.jra.go.jp/datafile/seiseki/report/2018/2018-2kyoto2.pdf,official_daily_result_pdf
201808020203,2018,京都,2,2,3,2018-01-28,https://www.jra.go.jp/datafile/seiseki/report/2018/2018-2kyoto2.pdf,official_daily_result_pdf
201808020204,2018,京都,2,2,4,2018-01-28,https://www.jra.go.jp/datafile/seiseki/report/2018/2018-2kyoto2.pdf,official_daily_result_pdf
201808020205,2018,京都,2,2,5,2018-01-28,https://www.jra.go.jp/datafile/seiseki/report/2018/2018-2kyoto2.pdf,official_daily_result_pdf
201808020206,2018,京都,2,2,6,2018-01-28,https://www.jra.go.jp/datafile/seiseki/report/2018/2018-2kyoto2.pdf,official_daily_result_pdf
201808020207,2018,京都,2,2,7,2018-01-28,https://www.jra.go.jp/datafile/seiseki/report/2018/2018-2kyoto2.pdf,official_daily_result_pdf
201808020208,2018,京都,2,2,8,2018-01-28,https://www.jra.go.jp/datafile/seiseki/report/2018/2018-2kyoto2.pdf,official_daily_result_pdf
201808020209,2018,京都,2,2,9,2018-01-28,https://www.jra.go.jp/datafile/seiseki/report/2018/2018-2kyoto2.pdf,official_daily_result_pdf
201808020210,2018,京都,2,2,10,2018-01-28,https://www.jra.go.jp/datafile/seiseki/report/2018/2018-2kyoto2.pdf,official_daily_result_pdf
201808020211,2018,京都,2,2,11,2018-01-28,https://www.jra.go.jp/datafile/seiseki/report/2018/2018-2kyoto2.pdf,official_daily_result_pdf
201808020212,2018,京都,2,2,12,2018-01-28,https://www.jra.go.jp/datafile/seiseki/report/2018/2018-2kyoto2.pdf,official_daily_result_pdf
201808020301,2018,京都,2,3,1,2018-02-03,https://www.jra.go.jp/datafile/seiseki/report/2018/2018-2kyoto3.pdf,official_daily_result_pdf
201808020302,2018,京都,2,3,2,2018-02-03,https://www.jra.go.jp/datafile/seiseki/report/2018/2018-2kyoto3.pdf,official_daily_result_pdf
201808020303,2018,京都,2,3,3,2018-02-03,https://www.jra.go.jp/datafile/seiseki/report/2018/2018-2kyoto3.pdf,official_daily_result_pdf
201808020304,2018,京都,2,3,4,2018-02-03,https://www.jra.go.jp/datafile/seiseki/report/2018/2018-2kyoto3.pdf,official_daily_result_pdf
201808020305,2018,京都,2,3,5,2018-02-03,https://www.jra.go.jp/datafile/seiseki/report/2018/2018-2kyoto3.pdf,official_daily_result_pdf
201808020306,2018,京都,2,3,6,2018-02-03,https://www.jra.go.jp/datafile/seiseki/report/2018/2018-2kyoto3.pdf,official_daily_result_pdf
201808020307,2018,京都,2,3,7,2018-02-03,https://www.jra.go.jp/datafile/seiseki/report/2018/2018-2kyoto3.pdf,official_daily_result_pdf
201808020308,2018,京都,2,3,8,2018-02-03,https://www.jra.go.jp/datafile/seiseki/report/2018/2018-2kyoto3.pdf,official_daily_result_pdf
201808020309,2018,京都,2,3,9,2018-02-03,https://www.jra.go.jp/datafile/seiseki/report/2018/2018-2kyoto3.pdf,official_daily_result_pdf
201808020310,2018,京都,2,3,10,2018-02-03,https://www.jra.go.jp/datafile/seiseki/report/2018/2018-2kyoto3.pdf,official_daily_result_pdf
201808020311,2018,京都,2,3,11,2018-02-03,https://www.jra.go.jp/datafile/seiseki/report/2018/2018-2kyoto3.pdf,official_daily_result_pdf
201808020312,2018,京都,2,3,12,2018-02-03,https://www.jra.go.jp/datafile/seiseki/report/2018/2018-2kyoto3.pdf,official_daily_result_pdf
201808020401,2018,京都,2,4,1,2018-02-04,https://www.jra.go.jp/datafile/seiseki/report/2018/2018-2kyoto4.pdf,official_daily_result_pdf
201808020402,2018,京都,2,4,2,2018-02-04,https://www.jra.go.jp/datafile/seiseki/report/2018/2018-2kyoto4.pdf,official_daily_result_pdf
201808020403,2018,京都,2,4,3,2018-02-04,https://www.jra.go.jp/datafile/seiseki/report/2018/2018-2kyoto4.pdf,official_daily_result_pdf
201808020404,2018,京都,2,4,4,2018-02-04,https://www.jra.go.jp/datafile/seiseki/report/2018/2018-2kyoto4.pdf,official_daily_result_pdf
201808020405,2018,京都,2,4,5,2018-02-04,https://www.jra.go.jp/datafile/seiseki/report/2018/2018-2kyoto4.pdf,official_daily_result_pdf
201808020406,2018,京都,2,4,6,2018-02-04,https://www.jra.go.jp/datafile/seiseki/report/2018/2018-2kyoto4.pdf,official_daily_result_pdf
201808020407,2018,京都,2,4,7,2018-02-04,https://www.jra.go.jp/datafile/seiseki/report/2018/2018-2kyoto4.pdf,official_daily_result_pdf
201808020408,2018,京都,2,4,8,2018-02-04,https://www.jra.go.jp/datafile/seiseki/report/2018/2018-2kyoto4.pdf,official_daily_result_pdf
201808020409,2018,京都,2,4,9,2018-02-04,https://www.jra.go.jp/datafile/seiseki/report/2018/2018-2kyoto4.pdf,official_daily_result_pdf
201808020410,2018,京都,2,4,10,2018-02-04,https://www.jra.go.jp/datafile/seiseki/report/2018/2018-2kyoto4.pdf,official_daily_result_pdf
201808020411,2018,京都,2,4,11,2018-02-04,https://www.jra.go.jp/datafile/seiseki/report/2018/2018-2kyoto4.pdf,official_daily_result_pdf
201808020412,2018,京都,2,4,12,2018-02-04,https://www.jra.go.jp/datafile/seiseki/report/2018/2018-2kyoto4.pdf,official_daily_result_pdf
201808020501,2018,京都,2,5,1,2018-02-10,https://www.jra.go.jp/datafile/seiseki/report/2018/2018-2kyoto5.pdf,official_daily_result_pdf
201808020502,2018,京都,2,5,2,2018-02-10,https://www.jra.go.jp/datafile/seiseki/report/2018/2018-2kyoto5.pdf,official_daily_result_pdf
201808020503,2018,京都,2,5,3,2018-02-10,https://www.jra.go.jp/datafile/seiseki/report/2018/2018-2kyoto5.pdf,official_daily_result_pdf
201808020504,2018,京都,2,5,4,2018-02-10,https://www.jra.go.jp/datafile/seiseki/report/2018/2018-2kyoto5.pdf,official_daily_result_pdf
201808020505,2018,京都,2,5,5,2018-02-10,https://www.jra.go.jp/datafile/seiseki/report/2018/2018-2kyoto5.pdf,official_daily_result_pdf
201808020506,2018,京都,2,5,6,2018-02-10,https://www.jra.go.jp/datafile/seiseki/report/2018/2018-2kyoto5.pdf,official_daily_result_pdf
201808020507,2018,京都,2,5,7,2018-02-10,https://www.jra.go.jp/datafile/seiseki/report/2018/2018-2kyoto5.pdf,official_daily_result_pdf
201808020508,2018,京都,2,5,8,2018-02-10,https://www.jra.go.jp/datafile/seiseki/report/2018/2018-2kyoto5.pdf,official_daily_result_pdf
201808020509,2018,京都,2,5,9,2018-02-10,https://www.jra.go.jp/datafile/seiseki/report/2018/2018-2kyoto5.pdf,official_daily_result_pdf
201808020510,2018,京都,2,5,10,2018-02-10,https://www.jra.go.jp/datafile/seiseki/report/2018/2018-2kyoto5.pdf,official_daily_result_pdf
201808020511,2018,京都,2,5,11,2018-02-10,https://www.jra.go.jp/datafile/seiseki/report/2018/2018-2kyoto5.pdf,official_daily_result_pdf
201808020512,2018,京都,2,5,12,2018-02-10,https://www.jra.go.jp/datafile/seiseki/report/2018/2018-2kyoto5.pdf,official_daily_result_pdf
201808020601,2018,京都,2,6,1,2018-02-11,https://www.jra.go.jp/datafile/seiseki/report/2018/2018-2kyoto6.pdf,official_daily_result_pdf
201808020602,2018,京都,2,6,2,2018-02-11,https://www.jra.go.jp/datafile/seiseki/report/2018/2018-2kyoto6.pdf,official_daily_result_pdf
201808020603,2018,京都,2,6,3,2018-02-11,https://www.jra.go.jp/datafile/seiseki/report/2018/2018-2kyoto6.pdf,official_daily_result_pdf
201808020604,2018,京都,2,6,4,2018-02-11,https://www.jra.go.jp/datafile/seiseki/report/2018/2018-2kyoto6.pdf,official_daily_result_pdf
201808020605,2018,京都,2,6,5,2018-02-11,https://www.jra.go.jp/datafile/seiseki/report/2018/2018-2kyoto6.pdf,official_daily_result_pdf
201808020606,2018,京都,2,6,6,2018-02-11,https://www.jra.go.jp/datafile/seiseki/report/2018/2018-2kyoto6.pdf,official_daily_result_pdf
201808020607,2018,京都,2,6,7,2018-02-11,https://www.jra.go.jp/datafile/seiseki/report/2018/2018-2kyoto6.pdf,official_daily_result_pdf
201808020608,2018,京都,2,6,8,2018-02-11,https://www.jra.go.jp/datafile/seiseki/report/2018/2018-2kyoto6.pdf,official_daily_result_pdf
201808020609,2018,京都,2,6,9,2018-02-11,https://www.jra.go.jp/datafile/seiseki/report/2018/2018-2kyoto6.pdf,official_daily_result_pdf
201808020610,2018,京都,2,6,10,2018-02-11,https://www.jra.go.jp/datafile/seiseki/report/2018/2018-2kyoto6.pdf,official_daily_result_pdf
201808020611,2018,京都,2,6,11,2018-02-11,https://www.jra.go.jp/datafile/seiseki/report/2018/2018-2kyoto6.pdf,official_daily_result_pdf
201808020612,2018,京都,2,6,12,2018-02-11,https://www.jra.go.jp/datafile/seiseki/report/2018/2018-2kyoto6.pdf,official_daily_result_pdf
201808020701,2018,京都,2,7,1,2018-02-17,https://www.jra.go.jp/datafile/seiseki/report/2018/2018-2kyoto7.pdf,official_daily_result_pdf
201808020702,2018,京都,2,7,2,2018-02-17,https://www.jra.go.jp/datafile/seiseki/report/2018/2018-2kyoto7.pdf,official_daily_result_pdf
201808020703,2018,京都,2,7,3,2018-02-17,https://www.jra.go.jp/datafile/seiseki/report/2018/2018-2kyoto7.pdf,official_daily_result_pdf
201808020704,2018,京都,2,7,4,2018-02-17,https://www.jra.go.jp/datafile/seiseki/report/2018/2018-2kyoto7.pdf,official_daily_result_pdf
201808020705,2018,京都,2,7,5,2018-02-17,https://www.jra.go.jp/datafile/seiseki/report/2018/2018-2kyoto7.pdf,official_daily_result_pdf
201808020706,2018,京都,2,7,6,2018-02-17,https://www.jra.go.jp/datafile/seiseki/report/2018/2018-2kyoto7.pdf,official_daily_result_pdf
201808020707,2018,京都,2,7,7,2018-02-17,https://www.jra.go.jp/datafile/seiseki/report/2018/2018-2kyoto7.pdf,official_daily_result_pdf
201808020708,2018,京都,2,7,8,2018-02-17,https://www.jra.go.jp/datafile/seiseki/report/2018/2018-2kyoto7.pdf,official_daily_result_pdf
201808020709,2018,京都,2,7,9,2018-02-17,https://www.jra.go.jp/datafile/seiseki/report/2018/2018-2kyoto7.pdf,official_daily_result_pdf
201808020710,2018,京都,2,7,10,2018-02-17,https://www.jra.go.jp/datafile/seiseki/report/2018/2018-2kyoto7.pdf,official_daily_result_pdf
201808020711,2018,京都,2,7,11,2018-02-17,https://www.jra.go.jp/datafile/seiseki/report/2018/2018-2kyoto7.pdf,official_daily_result_pdf
201808020712,2018,京都,2,7,12,2018-02-17,https://www.jra.go.jp/datafile/seiseki/report/2018/2018-2kyoto7.pdf,official_daily_result_pdf
201808020801,2018,京都,2,8,1,2018-02-18,https://www.jra.go.jp/datafile/seiseki/report/2018/2018-2kyoto8.pdf,official_daily_result_pdf
201808020802,2018,京都,2,8,2,2018-02-18,https://www.jra.go.jp/datafile/seiseki/report/2018/2018-2kyoto8.pdf,official_daily_result_pdf
201808020803,2018,京都,2,8,3,2018-02-18,https://www.jra.go.jp/datafile/seiseki/report/2018/2018-2kyoto8.pdf,official_daily_result_pdf
201808020804,2018,京都,2,8,4,2018-02-18,https://www.jra.go.jp/datafile/seiseki/report/2018/2018-2kyoto8.pdf,official_daily_result_pdf
201808020805,2018,京都,2,8,5,2018-02-18,https://www.jra.go.jp/datafile/seiseki/report/2018/2018-2kyoto8.pdf,official_daily_result_pdf
201808020806,2018,京都,2,8,6,2018-02-18,https://www.jra.go.jp/datafile/seiseki/report/2018/2018-2kyoto8.pdf,official_daily_result_pdf
201808020807,2018,京都,2,8,7,2018-02-18,https://www.jra.go.jp/datafile/seiseki/report/2018/2018-2kyoto8.pdf,official_daily_result_pdf
201808020808,2018,京都,2,8,8,2018-02-18,https://www.jra.go.jp/datafile/seiseki/report/2018/2018-2kyoto8.pdf,official_daily_result_pdf
201808020809,2018,京都,2,8,9,2018-02-18,https://www.jra.go.jp/datafile/seiseki/report/2018/2018-2kyoto8.pdf,official_daily_result_pdf
201808020810,2018,京都,2,8,10,2018-02-18,https://www.jra.go.jp/datafile/seiseki/report/2018/2018-2kyoto8.pdf,official_daily_result_pdf
201808020811,2018,京都,2,8,11,2018-02-18,https://www.jra.go.jp/datafile/seiseki/report/2018/2018-2kyoto8.pdf,official_daily_result_pdf
201808020812,2018,京都,2,8,12,2018-02-18,https://www.jra.go.jp/datafile/seiseki/report/2018/2018-2kyoto8.pdf,official_daily_result_pdf
201808030101,2018,京都,3,1,1,2018-04-21,https://www.jra.go.jp/datafile/seiseki/report/2018/2018-3kyoto1.pdf,official_daily_result_pdf
201808030102,2018,京都,3,1,2,2018-04-21,https://www.jra.go.jp/datafile/seiseki/report/2018/2018-3kyoto1.pdf,official_daily_result_pdf
201808030103,2018,京都,3,1,3,2018-04-21,https://www.jra.go.jp/datafile/seiseki/report/2018/2018-3kyoto1.pdf,official_daily_result_pdf
201808030104,2018,京都,3,1,4,2018-04-21,https://www.jra.go.jp/datafile/seiseki/report/2018/2018-3kyoto1.pdf,official_daily_result_pdf
201808030105,2018,京都,3,1,5,2018-04-21,https://www.jra.go.jp/datafile/seiseki/report/2018/2018-3kyoto1.pdf,official_daily_result_pdf
201808030106,2018,京都,3,1,6,2018-04-21,https://www.jra.go.jp/datafile/seiseki/report/2018/2018-3kyoto1.pdf,official_daily_result_pdf
201808030107,2018,京都,3,1,7,2018-04-21,https://www.jra.go.jp/datafile/seiseki/report/2018/2018-3kyoto1.pdf,official_daily_result_pdf
201808030108,2018,京都,3,1,8,2018-04-21,https://www.jra.go.jp/datafile/seiseki/report/2018/2018-3kyoto1.pdf,official_daily_result_pdf
201808030109,2018,京都,3,1,9,2018-04-21,https://www.jra.go.jp/datafile/seiseki/report/2018/2018-3kyoto1.pdf,official_daily_result_pdf
201808030110,2018,京都,3,1,10,2018-04-21,https://www.jra.go.jp/datafile/seiseki/report/2018/2018-3kyoto1.pdf,official_daily_result_pdf
201808030111,2018,京都,3,1,11,2018-04-21,https://www.jra.go.jp/datafile/seiseki/report/2018/2018-3kyoto1.pdf,official_daily_result_pdf
201808030112,2018,京都,3,1,12,2018-04-21,https://www.jra.go.jp/datafile/seiseki/report/2018/2018-3kyoto1.pdf,official_daily_result_pdf
201808030201,2018,京都,3,2,1,2018-04-22,https://www.jra.go.jp/datafile/seiseki/report/2018/2018-3kyoto2.pdf,official_daily_result_pdf
201808030202,2018,京都,3,2,2,2018-04-22,https://www.jra.go.jp/datafile/seiseki/report/2018/2018-3kyoto2.pdf,official_daily_result_pdf
201808030203,2018,京都,3,2,3,2018-04-22,https://www.jra.go.jp/datafile/seiseki/report/2018/2018-3kyoto2.pdf,official_daily_result_pdf
201808030204,2018,京都,3,2,4,2018-04-22,https://www.jra.go.jp/datafile/seiseki/report/2018/2018-3kyoto2.pdf,official_daily_result_pdf
201808030205,2018,京都,3,2,5,2018-04-22,https://www.jra.go.jp/datafile/seiseki/report/2018/2018-3kyoto2.pdf,official_daily_result_pdf
201808030206,2018,京都,3,2,6,2018-04-22,https://www.jra.go.jp/datafile/seiseki/report/2018/2018-3kyoto2.pdf,official_daily_result_pdf
201808030207,2018,京都,3,2,7,2018-04-22,https://www.jra.go.jp/datafile/seiseki/report/2018/2018-3kyoto2.pdf,official_daily_result_pdf
201808030208,2018,京都,3,2,8,2018-04-22,https://www.jra.go.jp/datafile/seiseki/report/2018/2018-3kyoto2.pdf,official_daily_result_pdf
201808030209,2018,京都,3,2,9,2018-04-22,https://www.jra.go.jp/datafile/seiseki/report/2018/2018-3kyoto2.pdf,official_daily_result_pdf
201808030210,2018,京都,3,2,10,2018-04-22,https://www.jra.go.jp/datafile/seiseki/report/2018/2018-3kyoto2.pdf,official_daily_result_pdf
201808030211,2018,京都,3,2,11,2018-04-22,https://www.jra.go.jp/datafile/seiseki/report/2018/2018-3kyoto2.pdf,official_daily_result_pdf
201808030212,2018,京都,3,2,12,2018-04-22,https://www.jra.go.jp/datafile/seiseki/report/2018/2018-3kyoto2.pdf,official_daily_result_pdf
201808030301,2018,京都,3,3,1,2018-04-28,https://www.jra.go.jp/datafile/seiseki/report/2018/2018-3kyoto3.pdf,official_daily_result_pdf
201808030302,2018,京都,3,3,2,2018-04-28,https://www.jra.go.jp/datafile/seiseki/report/2018/2018-3kyoto3.pdf,official_daily_result_pdf
201808030303,2018,京都,3,3,3,2018-04-28,https://www.jra.go.jp/datafile/seiseki/report/2018/2018-3kyoto3.pdf,official_daily_result_pdf
201808030304,2018,京都,3,3,4,2018-04-28,https://www.jra.go.jp/datafile/seiseki/report/2018/2018-3kyoto3.pdf,official_daily_result_pdf
201808030305,2018,京都,3,3,5,2018-04-28,https://www.jra.go.jp/datafile/seiseki/report/2018/2018-3kyoto3.pdf,official_daily_result_pdf
201808030306,2018,京都,3,3,6,2018-04-28,https://www.jra.go.jp/datafile/seiseki/report/2018/2018-3kyoto3.pdf,official_daily_result_pdf
201808030307,2018,京都,3,3,7,2018-04-28,https://www.jra.go.jp/datafile/seiseki/report/2018/2018-3kyoto3.pdf,official_daily_result_pdf
201808030308,2018,京都,3,3,8,2018-04-28,https://www.jra.go.jp/datafile/seiseki/report/2018/2018-3kyoto3.pdf,official_daily_result_pdf
201808030309,2018,京都,3,3,9,2018-04-28,https://www.jra.go.jp/datafile/seiseki/report/2018/2018-3kyoto3.pdf,official_daily_result_pdf
201808030310,2018,京都,3,3,10,2018-04-28,https://www.jra.go.jp/datafile/seiseki/report/2018/2018-3kyoto3.pdf,official_daily_result_pdf
201808030311,2018,京都,3,3,11,2018-04-28,https://www.jra.go.jp/datafile/seiseki/report/2018/2018-3kyoto3.pdf,official_daily_result_pdf
201808030312,2018,京都,3,3,12,2018-04-28,https://www.jra.go.jp/datafile/seiseki/report/2018/2018-3kyoto3.pdf,official_daily_result_pdf
201808030401,2018,京都,3,4,1,2018-04-29,https://www.jra.go.jp/datafile/seiseki/report/2018/2018-3kyoto4.pdf,official_daily_result_pdf
201808030402,2018,京都,3,4,2,2018-04-29,https://www.jra.go.jp/datafile/seiseki/report/2018/2018-3kyoto4.pdf,official_daily_result_pdf
201808030403,2018,京都,3,4,3,2018-04-29,https://www.jra.go.jp/datafile/seiseki/report/2018/2018-3kyoto4.pdf,official_daily_result_pdf
201808030404,2018,京都,3,4,4,2018-04-29,https://www.jra.go.jp/datafile/seiseki/report/2018/2018-3kyoto4.pdf,official_daily_result_pdf
201808030405,2018,京都,3,4,5,2018-04-29,https://www.jra.go.jp/datafile/seiseki/report/2018/2018-3kyoto4.pdf,official_daily_result_pdf
201808030406,2018,京都,3,4,6,2018-04-29,https://www.jra.go.jp/datafile/seiseki/report/2018/2018-3kyoto4.pdf,official_daily_result_pdf
201808030407,2018,京都,3,4,7,2018-04-29,https://www.jra.go.jp/datafile/seiseki/report/2018/2018-3kyoto4.pdf,official_daily_result_pdf
201808030408,2018,京都,3,4,8,2018-04-29,https://www.jra.go.jp/datafile/seiseki/report/2018/2018-3kyoto4.pdf,official_daily_result_pdf
201808030409,2018,京都,3,4,9,2018-04-29,https://www.jra.go.jp/datafile/seiseki/report/2018/2018-3kyoto4.pdf,official_daily_result_pdf
201808030410,2018,京都,3,4,10,2018-04-29,https://www.jra.go.jp/datafile/seiseki/report/2018/2018-3kyoto4.pdf,official_daily_result_pdf
201808030411,2018,京都,3,4,11,2018-04-29,https://www.jra.go.jp/datafile/seiseki/report/2018/2018-3kyoto4.pdf,official_daily_result_pdf
201808030412,2018,京都,3,4,12,2018-04-29,https://www.jra.go.jp/datafile/seiseki/report/2018/2018-3kyoto4.pdf,official_daily_result_pdf
201808030501,2018,京都,3,5,1,2018-05-05,https://www.jra.go.jp/datafile/seiseki/report/2018/2018-3kyoto5.pdf,official_daily_result_pdf
201808030502,2018,京都,3,5,2,2018-05-05,https://www.jra.go.jp/datafile/seiseki/report/2018/2018-3kyoto5.pdf,official_daily_result_pdf
201808030503,2018,京都,3,5,3,2018-05-05,https://www.jra.go.jp/datafile/seiseki/report/2018/2018-3kyoto5.pdf,official_daily_result_pdf
201808030504,2018,京都,3,5,4,2018-05-05,https://www.jra.go.jp/datafile/seiseki/report/2018/2018-3kyoto5.pdf,official_daily_result_pdf
201808030505,2018,京都,3,5,5,2018-05-05,https://www.jra.go.jp/datafile/seiseki/report/2018/2018-3kyoto5.pdf,official_daily_result_pdf
201808030506,2018,京都,3,5,6,2018-05-05,https://www.jra.go.jp/datafile/seiseki/report/2018/2018-3kyoto5.pdf,official_daily_result_pdf
201808030507,2018,京都,3,5,7,2018-05-05,https://www.jra.go.jp/datafile/seiseki/report/2018/2018-3kyoto5.pdf,official_daily_result_pdf
201808030508,2018,京都,3,5,8,2018-05-05,https://www.jra.go.jp/datafile/seiseki/report/2018/2018-3kyoto5.pdf,official_daily_result_pdf
201808030509,2018,京都,3,5,9,2018-05-05,https://www.jra.go.jp/datafile/seiseki/report/2018/2018-3kyoto5.pdf,official_daily_result_pdf
201808030510,2018,京都,3,5,10,2018-05-05,https://www.jra.go.jp/datafile/seiseki/report/2018/2018-3kyoto5.pdf,official_daily_result_pdf
201808030511,2018,京都,3,5,11,2018-05-05,https://www.jra.go.jp/datafile/seiseki/report/2018/2018-3kyoto5.pdf,official_daily_result_pdf
201808030512,2018,京都,3,5,12,2018-05-05,https://www.jra.go.jp/datafile/seiseki/report/2018/2018-3kyoto5.pdf,official_daily_result_pdf
201808030601,2018,京都,3,6,1,2018-05-06,https://www.jra.go.jp/datafile/seiseki/report/2018/2018-3kyoto6.pdf,official_daily_result_pdf
201808030602,2018,京都,3,6,2,2018-05-06,https://www.jra.go.jp/datafile/seiseki/report/2018/2018-3kyoto6.pdf,official_daily_result_pdf
201808030603,2018,京都,3,6,3,2018-05-06,https://www.jra.go.jp/datafile/seiseki/report/2018/2018-3kyoto6.pdf,official_daily_result_pdf
201808030604,2018,京都,3,6,4,2018-05-06,https://www.jra.go.jp/datafile/seiseki/report/2018/2018-3kyoto6.pdf,official_daily_result_pdf
201808030605,2018,京都,3,6,5,2018-05-06,https://www.jra.go.jp/datafile/seiseki/report/2018/2018-3kyoto6.pdf,official_daily_result_pdf
201808030606,2018,京都,3,6,6,2018-05-06,https://www.jra.go.jp/datafile/seiseki/report/2018/2018-3kyoto6.pdf,official_daily_result_pdf
201808030607,2018,京都,3,6,7,2018-05-06,https://www.jra.go.jp/datafile/seiseki/report/2018/2018-3kyoto6.pdf,official_daily_result_pdf
201808030608,2018,京都,3,6,8,2018-05-06,https://www.jra.go.jp/datafile/seiseki/report/2018/2018-3kyoto6.pdf,official_daily_result_pdf
201808030609,2018,京都,3,6,9,2018-05-06,https://www.jra.go.jp/datafile/seiseki/report/2018/2018-3kyoto6.pdf,official_daily_result_pdf
201808030610,2018,京都,3,6,10,2018-05-06,https://www.jra.go.jp/datafile/seiseki/report/2018/2018-3kyoto6.pdf,official_daily_result_pdf
201808030611,2018,京都,3,6,11,2018-05-06,https://www.jra.go.jp/datafile/seiseki/report/2018/2018-3kyoto6.pdf,official_daily_result_pdf
201808030612,2018,京都,3,6,12,2018-05-06,https://www.jra.go.jp/datafile/seiseki/report/2018/2018-3kyoto6.pdf,official_daily_result_pdf
201808030701,2018,京都,3,7,1,2018-05-12,https://www.jra.go.jp/datafile/seiseki/report/2018/2018-3kyoto7.pdf,official_daily_result_pdf
201808030702,2018,京都,3,7,2,2018-05-12,https://www.jra.go.jp/datafile/seiseki/report/2018/2018-3kyoto7.pdf,official_daily_result_pdf
201808030703,2018,京都,3,7,3,2018-05-12,https://www.jra.go.jp/datafile/seiseki/report/2018/2018-3kyoto7.pdf,official_daily_result_pdf
201808030704,2018,京都,3,7,4,2018-05-12,https://www.jra.go.jp/datafile/seiseki/report/2018/2018-3kyoto7.pdf,official_daily_result_pdf
201808030705,2018,京都,3,7,5,2018-05-12,https://www.jra.go.jp/datafile/seiseki/report/2018/2018-3kyoto7.pdf,official_daily_result_pdf
201808030706,2018,京都,3,7,6,2018-05-12,https://www.jra.go.jp/datafile/seiseki/report/2018/2018-3kyoto7.pdf,official_daily_result_pdf
201808030707,2018,京都,3,7,7,2018-05-12,https://www.jra.go.jp/datafile/seiseki/report/2018/2018-3kyoto7.pdf,official_daily_result_pdf
201808030708,2018,京都,3,7,8,2018-05-12,https://www.jra.go.jp/datafile/seiseki/report/2018/2018-3kyoto7.pdf,official_daily_result_pdf
201808030709,2018,京都,3,7,9,2018-05-12,https://www.jra.go.jp/datafile/seiseki/report/2018/2018-3kyoto7.pdf,official_daily_result_pdf
201808030710,2018,京都,3,7,10,2018-05-12,https://www.jra.go.jp/datafile/seiseki/report/2018/2018-3kyoto7.pdf,official_daily_result_pdf
201808030711,2018,京都,3,7,11,2018-05-12,https://www.jra.go.jp/datafile/seiseki/report/2018/2018-3kyoto7.pdf,official_daily_result_pdf
201808030712,2018,京都,3,7,12,2018-05-12,https://www.jra.go.jp/datafile/seiseki/report/2018/2018-3kyoto7.pdf,official_daily_result_pdf
201808030801,2018,京都,3,8,1,2018-05-13,https://www.jra.go.jp/datafile/seiseki/report/2018/2018-3kyoto8.pdf,official_daily_result_pdf
201808030802,2018,京都,3,8,2,2018-05-13,https://www.jra.go.jp/datafile/seiseki/report/2018/2018-3kyoto8.pdf,official_daily_result_pdf
201808030803,2018,京都,3,8,3,2018-05-13,https://www.jra.go.jp/datafile/seiseki/report/2018/2018-3kyoto8.pdf,official_daily_result_pdf
201808030804,2018,京都,3,8,4,2018-05-13,https://www.jra.go.jp/datafile/seiseki/report/2018/2018-3kyoto8.pdf,official_daily_result_pdf
201808030805,2018,京都,3,8,5,2018-05-13,https://www.jra.go.jp/datafile/seiseki/report/2018/2018-3kyoto8.pdf,official_daily_result_pdf
201808030806,2018,京都,3,8,6,2018-05-13,https://www.jra.go.jp/datafile/seiseki/report/2018/2018-3kyoto8.pdf,official_daily_result_pdf
201808030807,2018,京都,3,8,7,2018-05-13,https://www.jra.go.jp/datafile/seiseki/report/2018/2018-3kyoto8.pdf,official_daily_result_pdf
201808030808,2018,京都,3,8,8,2018-05-13,https://www.jra.go.jp/datafile/seiseki/report/2018/2018-3kyoto8.pdf,official_daily_result_pdf
201808030809,2018,京都,3,8,9,2018-05-13,https://www.jra.go.jp/datafile/seiseki/report/2018/2018-3kyoto8.pdf,official_daily_result_pdf
201808030810,2018,京都,3,8,10,2018-05-13,https://www.jra.go.jp/datafile/seiseki/report/2018/2018-3kyoto8.pdf,official_daily_result_pdf
201808030811,2018,京都,3,8,11,2018-05-13,https://www.jra.go.jp/datafile/seiseki/report/2018/2018-3kyoto8.pdf,official_daily_result_pdf
201808030812,2018,京都,3,8,12,2018-05-13,https://www.jra.go.jp/datafile/seiseki/report/2018/2018-3kyoto8.pdf,official_daily_result_pdf
201808030901,2018,京都,3,9,1,2018-05-19,https://www.jra.go.jp/datafile/seiseki/report/2018/2018-3kyoto9.pdf,official_daily_result_pdf
201808030902,2018,京都,3,9,2,2018-05-19,https://www.jra.go.jp/datafile/seiseki/report/2018/2018-3kyoto9.pdf,official_daily_result_pdf
201808030903,2018,京都,3,9,3,2018-05-19,https://www.jra.go.jp/datafile/seiseki/report/2018/2018-3kyoto9.pdf,official_daily_result_pdf
201808030904,2018,京都,3,9,4,2018-05-19,https://www.jra.go.jp/datafile/seiseki/report/2018/2018-3kyoto9.pdf,official_daily_result_pdf
201808030905,2018,京都,3,9,5,2018-05-19,https://www.jra.go.jp/datafile/seiseki/report/2018/2018-3kyoto9.pdf,official_daily_result_pdf
201808030906,2018,京都,3,9,6,2018-05-19,https://www.jra.go.jp/datafile/seiseki/report/2018/2018-3kyoto9.pdf,official_daily_result_pdf
201808030907,2018,京都,3,9,7,2018-05-19,https://www.jra.go.jp/datafile/seiseki/report/2018/2018-3kyoto9.pdf,official_daily_result_pdf
201808030908,2018,京都,3,9,8,2018-05-19,https://www.jra.go.jp/datafile/seiseki/report/2018/2018-3kyoto9.pdf,official_daily_result_pdf
201808030909,2018,京都,3,9,9,2018-05-19,https://www.jra.go.jp/datafile/seiseki/report/2018/2018-3kyoto9.pdf,official_daily_result_pdf
201808030910,2018,京都,3,9,10,2018-05-19,https://www.jra.go.jp/datafile/seiseki/report/2018/2018-3kyoto9.pdf,official_daily_result_pdf
201808030911,2018,京都,3,9,11,2018-05-19,https://www.jra.go.jp/datafile/seiseki/report/2018/2018-3kyoto9.pdf,official_daily_result_pdf
201808030912,2018,京都,3,9,12,2018-05-19,https://www.jra.go.jp/datafile/seiseki/report/2018/2018-3kyoto9.pdf,official_daily_result_pdf
201808031001,2018,京都,3,10,1,2018-05-20,https://www.jra.go.jp/datafile/seiseki/report/2018/2018-3kyoto10.pdf,official_daily_result_pdf
201808031002,2018,京都,3,10,2,2018-05-20,https://www.jra.go.jp/datafile/seiseki/report/2018/2018-3kyoto10.pdf,official_daily_result_pdf
201808031003,2018,京都,3,10,3,2018-05-20,https://www.jra.go.jp/datafile/seiseki/report/2018/2018-3kyoto10.pdf,official_daily_result_pdf
201808031004,2018,京都,3,10,4,2018-05-20,https://www.jra.go.jp/datafile/seiseki/report/2018/2018-3kyoto10.pdf,official_daily_result_pdf
201808031005,2018,京都,3,10,5,2018-05-20,https://www.jra.go.jp/datafile/seiseki/report/2018/2018-3kyoto10.pdf,official_daily_result_pdf
201808031006,2018,京都,3,10,6,2018-05-20,https://www.jra.go.jp/datafile/seiseki/report/2018/2018-3kyoto10.pdf,official_daily_result_pdf
201808031007,2018,京都,3,10,7,2018-05-20,https://www.jra.go.jp/datafile/seiseki/report/2018/2018-3kyoto10.pdf,official_daily_result_pdf
201808031008,2018,京都,3,10,8,2018-05-20,https://www.jra.go.jp/datafile/seiseki/report/2018/2018-3kyoto10.pdf,official_daily_result_pdf
201808031009,2018,京都,3,10,9,2018-05-20,https://www.jra.go.jp/datafile/seiseki/report/2018/2018-3kyoto10.pdf,official_daily_result_pdf
201808031010,2018,京都,3,10,10,2018-05-20,https://www.jra.go.jp/datafile/seiseki/report/2018/2018-3kyoto10.pdf,official_daily_result_pdf
201808031011,2018,京都,3,10,11,2018-05-20,https://www.jra.go.jp/datafile/seiseki/report/2018/2018-3kyoto10.pdf,official_daily_result_pdf
201808031012,2018,京都,3,10,12,2018-05-20,https://www.jra.go.jp/datafile/seiseki/report/2018/2018-3kyoto10.pdf,official_daily_result_pdf
201808031101,2018,京都,3,11,1,2018-05-26,https://www.jra.go.jp/datafile/seiseki/report/2018/2018-3kyoto11.pdf,official_daily_result_pdf
201808031102,2018,京都,3,11,2,2018-05-26,https://www.jra.go.jp/datafile/seiseki/report/2018/2018-3kyoto11.pdf,official_daily_result_pdf
201808031103,2018,京都,3,11,3,2018-05-26,https://www.jra.go.jp/datafile/seiseki/report/2018/2018-3kyoto11.pdf,official_daily_result_pdf
201808031104,2018,京都,3,11,4,2018-05-26,https://www.jra.go.jp/datafile/seiseki/report/2018/2018-3kyoto11.pdf,official_daily_result_pdf
201808031105,2018,京都,3,11,5,2018-05-26,https://www.jra.go.jp/datafile/seiseki/report/2018/2018-3kyoto11.pdf,official_daily_result_pdf
201808031106,2018,京都,3,11,6,2018-05-26,https://www.jra.go.jp/datafile/seiseki/report/2018/2018-3kyoto11.pdf,official_daily_result_pdf
201808031107,2018,京都,3,11,7,2018-05-26,https://www.jra.go.jp/datafile/seiseki/report/2018/2018-3kyoto11.pdf,official_daily_result_pdf
201808031108,2018,京都,3,11,8,2018-05-26,https://www.jra.go.jp/datafile/seiseki/report/2018/2018-3kyoto11.pdf,official_daily_result_pdf
201808031109,2018,京都,3,11,9,2018-05-26,https://www.jra.go.jp/datafile/seiseki/report/2018/2018-3kyoto11.pdf,official_daily_result_pdf
201808031110,2018,京都,3,11,10,2018-05-26,https://www.jra.go.jp/datafile/seiseki/report/2018/2018-3kyoto11.pdf,official_daily_result_pdf
201808031111,2018,京都,3,11,11,2018-05-26,https://www.jra.go.jp/datafile/seiseki/report/2018/2018-3kyoto11.pdf,official_daily_result_pdf
201808031112,2018,京都,3,11,12,2018-05-26,https://www.jra.go.jp/datafile/seiseki/report/2018/2018-3kyoto11.pdf,official_daily_result_pdf
201808031201,2018,京都,3,12,1,2018-05-27,https://www.jra.go.jp/datafile/seiseki/report/2018/2018-3kyoto12.pdf,official_daily_result_pdf
201808031202,2018,京都,3,12,2,2018-05-27,https://www.jra.go.jp/datafile/seiseki/report/2018/2018-3kyoto12.pdf,official_daily_result_pdf
201808031203,2018,京都,3,12,3,2018-05-27,https://www.jra.go.jp/datafile/seiseki/report/2018/2018-3kyoto12.pdf,official_daily_result_pdf
201808031204,2018,京都,3,12,4,2018-05-27,https://www.jra.go.jp/datafile/seiseki/report/2018/2018-3kyoto12.pdf,official_daily_result_pdf
201808031205,2018,京都,3,12,5,2018-05-27,https://www.jra.go.jp/datafile/seiseki/report/2018/2018-3kyoto12.pdf,official_daily_result_pdf
201808031206,2018,京都,3,12,6,2018-05-27,https://www.jra.go.jp/datafile/seiseki/report/2018/2018-3kyoto12.pdf,official_daily_result_pdf
201808031207,2018,京都,3,12,7,2018-05-27,https://www.jra.go.jp/datafile/seiseki/report/2018/2018-3kyoto12.pdf,official_daily_result_pdf
201808031208,2018,京都,3,12,8,2018-05-27,https://www.jra.go.jp/datafile/seiseki/report/2018/2018-3kyoto12.pdf,official_daily_result_pdf
201808031209,2018,京都,3,12,9,2018-05-27,https://www.jra.go.jp/datafile/seiseki/report/2018/2018-3kyoto12.pdf,official_daily_result_pdf
201808031210,2018,京都,3,12,10,2018-05-27,https://www.jra.go.jp/datafile/seiseki/report/2018/2018-3kyoto12.pdf,official_daily_result_pdf
201808031211,2018,京都,3,12,11,2018-05-27,https://www.jra.go.jp/datafile/seiseki/report/2018/2018-3kyoto12.pdf,official_daily_result_pdf
201808031212,2018,京都,3,12,12,2018-05-27,https://www.jra.go.jp/datafile/seiseki/report/2018/2018-3kyoto12.pdf,official_daily_result_pdf
201808040101,2018,京都,4,1,1,2018-10-06,https://www.jra.go.jp/datafile/seiseki/report/2018/2018-4kyoto1.pdf,official_daily_result_pdf
201808040102,2018,京都,4,1,2,2018-10-06,https://www.jra.go.jp/datafile/seiseki/report/2018/2018-4kyoto1.pdf,official_daily_result_pdf
201808040103,2018,京都,4,1,3,2018-10-06,https://www.jra.go.jp/datafile/seiseki/report/2018/2018-4kyoto1.pdf,official_daily_result_pdf
201808040104,2018,京都,4,1,4,2018-10-06,https://www.jra.go.jp/datafile/seiseki/report/2018/2018-4kyoto1.pdf,official_daily_result_pdf
201808040105,2018,京都,4,1,5,2018-10-06,https://www.jra.go.jp/datafile/seiseki/report/2018/2018-4kyoto1.pdf,official_daily_result_pdf
201808040106,2018,京都,4,1,6,2018-10-06,https://www.jra.go.jp/datafile/seiseki/report/2018/2018-4kyoto1.pdf,official_daily_result_pdf
201808040107,2018,京都,4,1,7,2018-10-06,https://www.jra.go.jp/datafile/seiseki/report/2018/2018-4kyoto1.pdf,official_daily_result_pdf
201808040108,2018,京都,4,1,8,2018-10-06,https://www.jra.go.jp/datafile/seiseki/report/2018/2018-4kyoto1.pdf,official_daily_result_pdf
201808040109,2018,京都,4,1,9,2018-10-06,https://www.jra.go.jp/datafile/seiseki/report/2018/2018-4kyoto1.pdf,official_daily_result_pdf
201808040110,2018,京都,4,1,10,2018-10-06,https://www.jra.go.jp/datafile/seiseki/report/2018/2018-4kyoto1.pdf,official_daily_result_pdf
201808040111,2018,京都,4,1,11,2018-10-06,https://www.jra.go.jp/datafile/seiseki/report/2018/2018-4kyoto1.pdf,official_daily_result_pdf
201808040112,2018,京都,4,1,12,2018-10-06,https://www.jra.go.jp/datafile/seiseki/report/2018/2018-4kyoto1.pdf,official_daily_result_pdf
201808040201,2018,京都,4,2,1,2018-10-07,https://www.jra.go.jp/datafile/seiseki/report/2018/2018-4kyoto2.pdf,official_daily_result_pdf
201808040202,2018,京都,4,2,2,2018-10-07,https://www.jra.go.jp/datafile/seiseki/report/2018/2018-4kyoto2.pdf,official_daily_result_pdf
201808040203,2018,京都,4,2,3,2018-10-07,https://www.jra.go.jp/datafile/seiseki/report/2018/2018-4kyoto2.pdf,official_daily_result_pdf
201808040204,2018,京都,4,2,4,2018-10-07,https://www.jra.go.jp/datafile/seiseki/report/2018/2018-4kyoto2.pdf,official_daily_result_pdf
201808040205,2018,京都,4,2,5,2018-10-07,https://www.jra.go.jp/datafile/seiseki/report/2018/2018-4kyoto2.pdf,official_daily_result_pdf
201808040206,2018,京都,4,2,6,2018-10-07,https://www.jra.go.jp/datafile/seiseki/report/2018/2018-4kyoto2.pdf,official_daily_result_pdf
201808040207,2018,京都,4,2,7,2018-10-07,https://www.jra.go.jp/datafile/seiseki/report/2018/2018-4kyoto2.pdf,official_daily_result_pdf
201808040208,2018,京都,4,2,8,2018-10-07,https://www.jra.go.jp/datafile/seiseki/report/2018/2018-4kyoto2.pdf,official_daily_result_pdf
201808040209,2018,京都,4,2,9,2018-10-07,https://www.jra.go.jp/datafile/seiseki/report/2018/2018-4kyoto2.pdf,official_daily_result_pdf
201808040210,2018,京都,4,2,10,2018-10-07,https://www.jra.go.jp/datafile/seiseki/report/2018/2018-4kyoto2.pdf,official_daily_result_pdf
201808040211,2018,京都,4,2,11,2018-10-07,https://www.jra.go.jp/datafile/seiseki/report/2018/2018-4kyoto2.pdf,official_daily_result_pdf
201808040212,2018,京都,4,2,12,2018-10-07,https://www.jra.go.jp/datafile/seiseki/report/2018/2018-4kyoto2.pdf,official_daily_result_pdf
201808040301,2018,京都,4,3,1,2018-10-08,https://www.jra.go.jp/datafile/seiseki/report/2018/2018-4kyoto3.pdf,official_daily_result_pdf
201808040302,2018,京都,4,3,2,2018-10-08,https://www.jra.go.jp/datafile/seiseki/report/2018/2018-4kyoto3.pdf,official_daily_result_pdf
201808040303,2018,京都,4,3,3,2018-10-08,https://www.jra.go.jp/datafile/seiseki/report/2018/2018-4kyoto3.pdf,official_daily_result_pdf
201808040304,2018,京都,4,3,4,2018-10-08,https://www.jra.go.jp/datafile/seiseki/report/2018/2018-4kyoto3.pdf,official_daily_result_pdf
201808040305,2018,京都,4,3,5,2018-10-08,https://www.jra.go.jp/datafile/seiseki/report/2018/2018-4kyoto3.pdf,official_daily_result_pdf
201808040306,2018,京都,4,3,6,2018-10-08,https://www.jra.go.jp/datafile/seiseki/report/2018/2018-4kyoto3.pdf,official_daily_result_pdf
201808040307,2018,京都,4,3,7,2018-10-08,https://www.jra.go.jp/datafile/seiseki/report/2018/2018-4kyoto3.pdf,official_daily_result_pdf
201808040308,2018,京都,4,3,8,2018-10-08,https://www.jra.go.jp/datafile/seiseki/report/2018/2018-4kyoto3.pdf,official_daily_result_pdf
201808040309,2018,京都,4,3,9,2018-10-08,https://www.jra.go.jp/datafile/seiseki/report/2018/2018-4kyoto3.pdf,official_daily_result_pdf
201808040310,2018,京都,4,3,10,2018-10-08,https://www.jra.go.jp/datafile/seiseki/report/2018/2018-4kyoto3.pdf,official_daily_result_pdf
201808040311,2018,京都,4,3,11,2018-10-08,https://www.jra.go.jp/datafile/seiseki/report/2018/2018-4kyoto3.pdf,official_daily_result_pdf
201808040312,2018,京都,4,3,12,2018-10-08,https://www.jra.go.jp/datafile/seiseki/report/2018/2018-4kyoto3.pdf,official_daily_result_pdf
201808040401,2018,京都,4,4,1,2018-10-13,https://www.jra.go.jp/datafile/seiseki/report/2018/2018-4kyoto4.pdf,official_daily_result_pdf
201808040402,2018,京都,4,4,2,2018-10-13,https://www.jra.go.jp/datafile/seiseki/report/2018/2018-4kyoto4.pdf,official_daily_result_pdf
201808040403,2018,京都,4,4,3,2018-10-13,https://www.jra.go.jp/datafile/seiseki/report/2018/2018-4kyoto4.pdf,official_daily_result_pdf
201808040404,2018,京都,4,4,4,2018-10-13,https://www.jra.go.jp/datafile/seiseki/report/2018/2018-4kyoto4.pdf,official_daily_result_pdf
201808040405,2018,京都,4,4,5,2018-10-13,https://www.jra.go.jp/datafile/seiseki/report/2018/2018-4kyoto4.pdf,official_daily_result_pdf
201808040406,2018,京都,4,4,6,2018-10-13,https://www.jra.go.jp/datafile/seiseki/report/2018/2018-4kyoto4.pdf,official_daily_result_pdf
201808040407,2018,京都,4,4,7,2018-10-13,https://www.jra.go.jp/datafile/seiseki/report/2018/2018-4kyoto4.pdf,official_daily_result_pdf
201808040408,2018,京都,4,4,8,2018-10-13,https://www.jra.go.jp/datafile/seiseki/report/2018/2018-4kyoto4.pdf,official_daily_result_pdf
201808040409,2018,京都,4,4,9,2018-10-13,https://www.jra.go.jp/datafile/seiseki/report/2018/2018-4kyoto4.pdf,official_daily_result_pdf
201808040410,2018,京都,4,4,10,2018-10-13,https://www.jra.go.jp/datafile/seiseki/report/2018/2018-4kyoto4.pdf,official_daily_result_pdf
201808040411,2018,京都,4,4,11,2018-10-13,https://www.jra.go.jp/datafile/seiseki/report/2018/2018-4kyoto4.pdf,official_daily_result_pdf
201808040412,2018,京都,4,4,12,2018-10-13,https://www.jra.go.jp/datafile/seiseki/report/2018/2018-4kyoto4.pdf,official_daily_result_pdf
201808040501,2018,京都,4,5,1,2018-10-14,https://www.jra.go.jp/datafile/seiseki/report/2018/2018-4kyoto5.pdf,official_daily_result_pdf
201808040502,2018,京都,4,5,2,2018-10-14,https://www.jra.go.jp/datafile/seiseki/report/2018/2018-4kyoto5.pdf,official_daily_result_pdf
201808040503,2018,京都,4,5,3,2018-10-14,https://www.jra.go.jp/datafile/seiseki/report/2018/2018-4kyoto5.pdf,official_daily_result_pdf
201808040504,2018,京都,4,5,4,2018-10-14,https://www.jra.go.jp/datafile/seiseki/report/2018/2018-4kyoto5.pdf,official_daily_result_pdf
201808040505,2018,京都,4,5,5,2018-10-14,https://www.jra.go.jp/datafile/seiseki/report/2018/2018-4kyoto5.pdf,official_daily_result_pdf
201808040506,2018,京都,4,5,6,2018-10-14,https://www.jra.go.jp/datafile/seiseki/report/2018/2018-4kyoto5.pdf,official_daily_result_pdf
201808040507,2018,京都,4,5,7,2018-10-14,https://www.jra.go.jp/datafile/seiseki/report/2018/2018-4kyoto5.pdf,official_daily_result_pdf
201808040508,2018,京都,4,5,8,2018-10-14,https://www.jra.go.jp/datafile/seiseki/report/2018/2018-4kyoto5.pdf,official_daily_result_pdf
201808040509,2018,京都,4,5,9,2018-10-14,https://www.jra.go.jp/datafile/seiseki/report/2018/2018-4kyoto5.pdf,official_daily_result_pdf
201808040510,2018,京都,4,5,10,2018-10-14,https://www.jra.go.jp/datafile/seiseki/report/2018/2018-4kyoto5.pdf,official_daily_result_pdf
201808040511,2018,京都,4,5,11,2018-10-14,https://www.jra.go.jp/datafile/seiseki/report/2018/2018-4kyoto5.pdf,official_daily_result_pdf
201808040512,2018,京都,4,5,12,2018-10-14,https://www.jra.go.jp/datafile/seiseki/report/2018/2018-4kyoto5.pdf,official_daily_result_pdf
201808040601,2018,京都,4,6,1,2018-10-20,https://www.jra.go.jp/datafile/seiseki/report/2018/2018-4kyoto6.pdf,official_daily_result_pdf
201808040602,2018,京都,4,6,2,2018-10-20,https://www.jra.go.jp/datafile/seiseki/report/2018/2018-4kyoto6.pdf,official_daily_result_pdf
201808040603,2018,京都,4,6,3,2018-10-20,https://www.jra.go.jp/datafile/seiseki/report/2018/2018-4kyoto6.pdf,official_daily_result_pdf
201808040604,2018,京都,4,6,4,2018-10-20,https://www.jra.go.jp/datafile/seiseki/report/2018/2018-4kyoto6.pdf,official_daily_result_pdf
201808040605,2018,京都,4,6,5,2018-10-20,https://www.jra.go.jp/datafile/seiseki/report/2018/2018-4kyoto6.pdf,official_daily_result_pdf
201808040606,2018,京都,4,6,6,2018-10-20,https://www.jra.go.jp/datafile/seiseki/report/2018/2018-4kyoto6.pdf,official_daily_result_pdf
201808040607,2018,京都,4,6,7,2018-10-20,https://www.jra.go.jp/datafile/seiseki/report/2018/2018-4kyoto6.pdf,official_daily_result_pdf
201808040608,2018,京都,4,6,8,2018-10-20,https://www.jra.go.jp/datafile/seiseki/report/2018/2018-4kyoto6.pdf,official_daily_result_pdf
201808040609,2018,京都,4,6,9,2018-10-20,https://www.jra.go.jp/datafile/seiseki/report/2018/2018-4kyoto6.pdf,official_daily_result_pdf
201808040610,2018,京都,4,6,10,2018-10-20,https://www.jra.go.jp/datafile/seiseki/report/2018/2018-4kyoto6.pdf,official_daily_result_pdf
201808040611,2018,京都,4,6,11,2018-10-20,https://www.jra.go.jp/datafile/seiseki/report/2018/2018-4kyoto6.pdf,official_daily_result_pdf
201808040612,2018,京都,4,6,12,2018-10-20,https://www.jra.go.jp/datafile/seiseki/report/2018/2018-4kyoto6.pdf,official_daily_result_pdf
201808040701,2018,京都,4,7,1,2018-10-21,https://www.jra.go.jp/datafile/seiseki/report/2018/2018-4kyoto7.pdf,official_daily_result_pdf
201808040702,2018,京都,4,7,2,2018-10-21,https://www.jra.go.jp/datafile/seiseki/report/2018/2018-4kyoto7.pdf,official_daily_result_pdf
201808040703,2018,京都,4,7,3,2018-10-21,https://www.jra.go.jp/datafile/seiseki/report/2018/2018-4kyoto7.pdf,official_daily_result_pdf
201808040704,2018,京都,4,7,4,2018-10-21,https://www.jra.go.jp/datafile/seiseki/report/2018/2018-4kyoto7.pdf,official_daily_result_pdf
201808040705,2018,京都,4,7,5,2018-10-21,https://www.jra.go.jp/datafile/seiseki/report/2018/2018-4kyoto7.pdf,official_daily_result_pdf
201808040706,2018,京都,4,7,6,2018-10-21,https://www.jra.go.jp/datafile/seiseki/report/2018/2018-4kyoto7.pdf,official_daily_result_pdf
201808040707,2018,京都,4,7,7,2018-10-21,https://www.jra.go.jp/datafile/seiseki/report/2018/2018-4kyoto7.pdf,official_daily_result_pdf
201808040708,2018,京都,4,7,8,2018-10-21,https://www.jra.go.jp/datafile/seiseki/report/2018/2018-4kyoto7.pdf,official_daily_result_pdf
201808040709,2018,京都,4,7,9,2018-10-21,https://www.jra.go.jp/datafile/seiseki/report/2018/2018-4kyoto7.pdf,official_daily_result_pdf
201808040710,2018,京都,4,7,10,2018-10-21,https://www.jra.go.jp/datafile/seiseki/report/2018/2018-4kyoto7.pdf,official_daily_result_pdf
201808040711,2018,京都,4,7,11,2018-10-21,https://www.jra.go.jp/datafile/seiseki/report/2018/2018-4kyoto7.pdf,official_daily_result_pdf
201808040712,2018,京都,4,7,12,2018-10-21,https://www.jra.go.jp/datafile/seiseki/report/2018/2018-4kyoto7.pdf,official_daily_result_pdf
201808040801,2018,京都,4,8,1,2018-10-27,https://www.jra.go.jp/datafile/seiseki/report/2018/2018-4kyoto8.pdf,official_daily_result_pdf
201808040802,2018,京都,4,8,2,2018-10-27,https://www.jra.go.jp/datafile/seiseki/report/2018/2018-4kyoto8.pdf,official_daily_result_pdf
201808040803,2018,京都,4,8,3,2018-10-27,https://www.jra.go.jp/datafile/seiseki/report/2018/2018-4kyoto8.pdf,official_daily_result_pdf
201808040804,2018,京都,4,8,4,2018-10-27,https://www.jra.go.jp/datafile/seiseki/report/2018/2018-4kyoto8.pdf,official_daily_result_pdf
201808040805,2018,京都,4,8,5,2018-10-27,https://www.jra.go.jp/datafile/seiseki/report/2018/2018-4kyoto8.pdf,official_daily_result_pdf
201808040806,2018,京都,4,8,6,2018-10-27,https://www.jra.go.jp/datafile/seiseki/report/2018/2018-4kyoto8.pdf,official_daily_result_pdf
201808040807,2018,京都,4,8,7,2018-10-27,https://www.jra.go.jp/datafile/seiseki/report/2018/2018-4kyoto8.pdf,official_daily_result_pdf
201808040808,2018,京都,4,8,8,2018-10-27,https://www.jra.go.jp/datafile/seiseki/report/2018/2018-4kyoto8.pdf,official_daily_result_pdf
201808040809,2018,京都,4,8,9,2018-10-27,https://www.jra.go.jp/datafile/seiseki/report/2018/2018-4kyoto8.pdf,official_daily_result_pdf
201808040810,2018,京都,4,8,10,2018-10-27,https://www.jra.go.jp/datafile/seiseki/report/2018/2018-4kyoto8.pdf,official_daily_result_pdf
201808040811,2018,京都,4,8,11,2018-10-27,https://www.jra.go.jp/datafile/seiseki/report/2018/2018-4kyoto8.pdf,official_daily_result_pdf
201808040812,2018,京都,4,8,12,2018-10-27,https://www.jra.go.jp/datafile/seiseki/report/2018/2018-4kyoto8.pdf,official_daily_result_pdf
201808040901,2018,京都,4,9,1,2018-10-28,https://www.jra.go.jp/datafile/seiseki/report/2018/2018-4kyoto9.pdf,official_daily_result_pdf
201808040902,2018,京都,4,9,2,2018-10-28,https://www.jra.go.jp/datafile/seiseki/report/2018/2018-4kyoto9.pdf,official_daily_result_pdf
201808040903,2018,京都,4,9,3,2018-10-28,https://www.jra.go.jp/datafile/seiseki/report/2018/2018-4kyoto9.pdf,official_daily_result_pdf
201808040904,2018,京都,4,9,4,2018-10-28,https://www.jra.go.jp/datafile/seiseki/report/2018/2018-4kyoto9.pdf,official_daily_result_pdf
201808040905,2018,京都,4,9,5,2018-10-28,https://www.jra.go.jp/datafile/seiseki/report/2018/2018-4kyoto9.pdf,official_daily_result_pdf
201808040906,2018,京都,4,9,6,2018-10-28,https://www.jra.go.jp/datafile/seiseki/report/2018/2018-4kyoto9.pdf,official_daily_result_pdf
201808040907,2018,京都,4,9,7,2018-10-28,https://www.jra.go.jp/datafile/seiseki/report/2018/2018-4kyoto9.pdf,official_daily_result_pdf
201808040908,2018,京都,4,9,8,2018-10-28,https://www.jra.go.jp/datafile/seiseki/report/2018/2018-4kyoto9.pdf,official_daily_result_pdf
201808040909,2018,京都,4,9,9,2018-10-28,https://www.jra.go.jp/datafile/seiseki/report/2018/2018-4kyoto9.pdf,official_daily_result_pdf
201808040910,2018,京都,4,9,10,2018-10-28,https://www.jra.go.jp/datafile/seiseki/report/2018/2018-4kyoto9.pdf,official_daily_result_pdf
201808040911,2018,京都,4,9,11,2018-10-28,https://www.jra.go.jp/datafile/seiseki/report/2018/2018-4kyoto9.pdf,official_daily_result_pdf
201808040912,2018,京都,4,9,12,2018-10-28,https://www.jra.go.jp/datafile/seiseki/report/2018/2018-4kyoto9.pdf,official_daily_result_pdf
201808050101,2018,京都,5,1,1,2018-11-03,https://www.jra.go.jp/datafile/seiseki/report/2018/2018-5kyoto1.pdf,official_daily_result_pdf
201808050102,2018,京都,5,1,2,2018-11-03,https://www.jra.go.jp/datafile/seiseki/report/2018/2018-5kyoto1.pdf,official_daily_result_pdf
201808050103,2018,京都,5,1,3,2018-11-03,https://www.jra.go.jp/datafile/seiseki/report/2018/2018-5kyoto1.pdf,official_daily_result_pdf
201808050104,2018,京都,5,1,4,2018-11-03,https://www.jra.go.jp/datafile/seiseki/report/2018/2018-5kyoto1.pdf,official_daily_result_pdf
201808050105,2018,京都,5,1,5,2018-11-03,https://www.jra.go.jp/datafile/seiseki/report/2018/2018-5kyoto1.pdf,official_daily_result_pdf
201808050106,2018,京都,5,1,6,2018-11-03,https://www.jra.go.jp/datafile/seiseki/report/2018/2018-5kyoto1.pdf,official_daily_result_pdf
201808050107,2018,京都,5,1,7,2018-11-03,https://www.jra.go.jp/datafile/seiseki/report/2018/2018-5kyoto1.pdf,official_daily_result_pdf
201808050108,2018,京都,5,1,8,2018-11-03,https://www.jra.go.jp/datafile/seiseki/report/2018/2018-5kyoto1.pdf,official_daily_result_pdf
201808050109,2018,京都,5,1,9,2018-11-03,https://www.jra.go.jp/datafile/seiseki/report/2018/2018-5kyoto1.pdf,official_daily_result_pdf
201808050110,2018,京都,5,1,10,2018-11-03,https://www.jra.go.jp/datafile/seiseki/report/2018/2018-5kyoto1.pdf,official_daily_result_pdf
201808050111,2018,京都,5,1,11,2018-11-03,https://www.jra.go.jp/datafile/seiseki/report/2018/2018-5kyoto1.pdf,official_daily_result_pdf
201808050112,2018,京都,5,1,12,2018-11-03,https://www.jra.go.jp/datafile/seiseki/report/2018/2018-5kyoto1.pdf,official_daily_result_pdf
201808050201,2018,京都,5,2,1,2018-11-04,https://www.jra.go.jp/datafile/seiseki/report/2018/2018-5kyoto2.pdf,official_daily_result_pdf
201808050202,2018,京都,5,2,2,2018-11-04,https://www.jra.go.jp/datafile/seiseki/report/2018/2018-5kyoto2.pdf,official_daily_result_pdf
201808050203,2018,京都,5,2,3,2018-11-04,https://www.jra.go.jp/datafile/seiseki/report/2018/2018-5kyoto2.pdf,official_daily_result_pdf
201808050204,2018,京都,5,2,4,2018-11-04,https://www.jra.go.jp/datafile/seiseki/report/2018/2018-5kyoto2.pdf,official_daily_result_pdf
201808050205,2018,京都,5,2,5,2018-11-04,https://www.jra.go.jp/datafile/seiseki/report/2018/2018-5kyoto2.pdf,official_daily_result_pdf
201808050206,2018,京都,5,2,6,2018-11-04,https://www.jra.go.jp/datafile/seiseki/report/2018/2018-5kyoto2.pdf,official_daily_result_pdf
201808050207,2018,京都,5,2,7,2018-11-04,https://www.jra.go.jp/datafile/seiseki/report/2018/2018-5kyoto2.pdf,official_daily_result_pdf
201808050208,2018,京都,5,2,8,2018-11-04,https://www.jra.go.jp/datafile/seiseki/report/2018/2018-5kyoto2.pdf,official_daily_result_pdf
201808050209,2018,京都,5,2,9,2018-11-04,https://www.jra.go.jp/datafile/seiseki/report/2018/2018-5kyoto2.pdf,official_daily_result_pdf
201808050210,2018,京都,5,2,10,2018-11-04,https://www.jra.go.jp/datafile/seiseki/report/2018/2018-5kyoto2.pdf,official_daily_result_pdf
201808050211,2018,京都,5,2,11,2018-11-04,https://www.jra.go.jp/datafile/seiseki/report/2018/2018-5kyoto2.pdf,official_daily_result_pdf
201808050212,2018,京都,5,2,12,2018-11-04,https://www.jra.go.jp/datafile/seiseki/report/2018/2018-5kyoto2.pdf,official_daily_result_pdf
201808050301,2018,京都,5,3,1,2018-11-10,https://www.jra.go.jp/datafile/seiseki/report/2018/2018-5kyoto3.pdf,official_daily_result_pdf
201808050302,2018,京都,5,3,2,2018-11-10,https://www.jra.go.jp/datafile/seiseki/report/2018/2018-5kyoto3.pdf,official_daily_result_pdf
201808050303,2018,京都,5,3,3,2018-11-10,https://www.jra.go.jp/datafile/seiseki/report/2018/2018-5kyoto3.pdf,official_daily_result_pdf
201808050304,2018,京都,5,3,4,2018-11-10,https://www.jra.go.jp/datafile/seiseki/report/2018/2018-5kyoto3.pdf,official_daily_result_pdf
201808050305,2018,京都,5,3,5,2018-11-10,https://www.jra.go.jp/datafile/seiseki/report/2018/2018-5kyoto3.pdf,official_daily_result_pdf
201808050306,2018,京都,5,3,6,2018-11-10,https://www.jra.go.jp/datafile/seiseki/report/2018/2018-5kyoto3.pdf,official_daily_result_pdf
201808050307,2018,京都,5,3,7,2018-11-10,https://www.jra.go.jp/datafile/seiseki/report/2018/2018-5kyoto3.pdf,official_daily_result_pdf
201808050308,2018,京都,5,3,8,2018-11-10,https://www.jra.go.jp/datafile/seiseki/report/2018/2018-5kyoto3.pdf,official_daily_result_pdf
201808050309,2018,京都,5,3,9,2018-11-10,https://www.jra.go.jp/datafile/seiseki/report/2018/2018-5kyoto3.pdf,official_daily_result_pdf
201808050310,2018,京都,5,3,10,2018-11-10,https://www.jra.go.jp/datafile/seiseki/report/2018/2018-5kyoto3.pdf,official_daily_result_pdf
201808050311,2018,京都,5,3,11,2018-11-10,https://www.jra.go.jp/datafile/seiseki/report/2018/2018-5kyoto3.pdf,official_daily_result_pdf
201808050312,2018,京都,5,3,12,2018-11-10,https://www.jra.go.jp/datafile/seiseki/report/2018/2018-5kyoto3.pdf,official_daily_result_pdf
201808050401,2018,京都,5,4,1,2018-11-11,https://www.jra.go.jp/datafile/seiseki/report/2018/2018-5kyoto4.pdf,official_daily_result_pdf
201808050402,2018,京都,5,4,2,2018-11-11,https://www.jra.go.jp/datafile/seiseki/report/2018/2018-5kyoto4.pdf,official_daily_result_pdf
201808050403,2018,京都,5,4,3,2018-11-11,https://www.jra.go.jp/datafile/seiseki/report/2018/2018-5kyoto4.pdf,official_daily_result_pdf
201808050404,2018,京都,5,4,4,2018-11-11,https://www.jra.go.jp/datafile/seiseki/report/2018/2018-5kyoto4.pdf,official_daily_result_pdf
201808050405,2018,京都,5,4,5,2018-11-11,https://www.jra.go.jp/datafile/seiseki/report/2018/2018-5kyoto4.pdf,official_daily_result_pdf
201808050406,2018,京都,5,4,6,2018-11-11,https://www.jra.go.jp/datafile/seiseki/report/2018/2018-5kyoto4.pdf,official_daily_result_pdf
201808050407,2018,京都,5,4,7,2018-11-11,https://www.jra.go.jp/datafile/seiseki/report/2018/2018-5kyoto4.pdf,official_daily_result_pdf
201808050408,2018,京都,5,4,8,2018-11-11,https://www.jra.go.jp/datafile/seiseki/report/2018/2018-5kyoto4.pdf,official_daily_result_pdf
201808050409,2018,京都,5,4,9,2018-11-11,https://www.jra.go.jp/datafile/seiseki/report/2018/2018-5kyoto4.pdf,official_daily_result_pdf
201808050410,2018,京都,5,4,10,2018-11-11,https://www.jra.go.jp/datafile/seiseki/report/2018/2018-5kyoto4.pdf,official_daily_result_pdf
201808050411,2018,京都,5,4,11,2018-11-11,https://www.jra.go.jp/datafile/seiseki/report/2018/2018-5kyoto4.pdf,official_daily_result_pdf
201808050412,2018,京都,5,4,12,2018-11-11,https://www.jra.go.jp/datafile/seiseki/report/2018/2018-5kyoto4.pdf,official_daily_result_pdf
201808050501,2018,京都,5,5,1,2018-11-17,https://www.jra.go.jp/datafile/seiseki/report/2018/2018-5kyoto5.pdf,official_daily_result_pdf
201808050502,2018,京都,5,5,2,2018-11-17,https://www.jra.go.jp/datafile/seiseki/report/2018/2018-5kyoto5.pdf,official_daily_result_pdf
201808050503,2018,京都,5,5,3,2018-11-17,https://www.jra.go.jp/datafile/seiseki/report/2018/2018-5kyoto5.pdf,official_daily_result_pdf
201808050504,2018,京都,5,5,4,2018-11-17,https://www.jra.go.jp/datafile/seiseki/report/2018/2018-5kyoto5.pdf,official_daily_result_pdf
201808050505,2018,京都,5,5,5,2018-11-17,https://www.jra.go.jp/datafile/seiseki/report/2018/2018-5kyoto5.pdf,official_daily_result_pdf
201808050506,2018,京都,5,5,6,2018-11-17,https://www.jra.go.jp/datafile/seiseki/report/2018/2018-5kyoto5.pdf,official_daily_result_pdf
201808050507,2018,京都,5,5,7,2018-11-17,https://www.jra.go.jp/datafile/seiseki/report/2018/2018-5kyoto5.pdf,official_daily_result_pdf
201808050508,2018,京都,5,5,8,2018-11-17,https://www.jra.go.jp/datafile/seiseki/report/2018/2018-5kyoto5.pdf,official_daily_result_pdf
201808050509,2018,京都,5,5,9,2018-11-17,https://www.jra.go.jp/datafile/seiseki/report/2018/2018-5kyoto5.pdf,official_daily_result_pdf
201808050510,2018,京都,5,5,10,2018-11-17,https://www.jra.go.jp/datafile/seiseki/report/2018/2018-5kyoto5.pdf,official_daily_result_pdf
201808050511,2018,京都,5,5,11,2018-11-17,https://www.jra.go.jp/datafile/seiseki/report/2018/2018-5kyoto5.pdf,official_daily_result_pdf
201808050512,2018,京都,5,5,12,2018-11-17,https://www.jra.go.jp/datafile/seiseki/report/2018/2018-5kyoto5.pdf,official_daily_result_pdf
201808050601,2018,京都,5,6,1,2018-11-18,https://www.jra.go.jp/datafile/seiseki/report/2018/2018-5kyoto6.pdf,official_daily_result_pdf
201808050602,2018,京都,5,6,2,2018-11-18,https://www.jra.go.jp/datafile/seiseki/report/2018/2018-5kyoto6.pdf,official_daily_result_pdf
201808050603,2018,京都,5,6,3,2018-11-18,https://www.jra.go.jp/datafile/seiseki/report/2018/2018-5kyoto6.pdf,official_daily_result_pdf
201808050604,2018,京都,5,6,4,2018-11-18,https://www.jra.go.jp/datafile/seiseki/report/2018/2018-5kyoto6.pdf,official_daily_result_pdf
201808050605,2018,京都,5,6,5,2018-11-18,https://www.jra.go.jp/datafile/seiseki/report/2018/2018-5kyoto6.pdf,official_daily_result_pdf
201808050606,2018,京都,5,6,6,2018-11-18,https://www.jra.go.jp/datafile/seiseki/report/2018/2018-5kyoto6.pdf,official_daily_result_pdf
201808050607,2018,京都,5,6,7,2018-11-18,https://www.jra.go.jp/datafile/seiseki/report/2018/2018-5kyoto6.pdf,official_daily_result_pdf
201808050608,2018,京都,5,6,8,2018-11-18,https://www.jra.go.jp/datafile/seiseki/report/2018/2018-5kyoto6.pdf,official_daily_result_pdf
201808050609,2018,京都,5,6,9,2018-11-18,https://www.jra.go.jp/datafile/seiseki/report/2018/2018-5kyoto6.pdf,official_daily_result_pdf
201808050610,2018,京都,5,6,10,2018-11-18,https://www.jra.go.jp/datafile/seiseki/report/2018/2018-5kyoto6.pdf,official_daily_result_pdf
201808050611,2018,京都,5,6,11,2018-11-18,https://www.jra.go.jp/datafile/seiseki/report/2018/2018-5kyoto6.pdf,official_daily_result_pdf
201808050612,2018,京都,5,6,12,2018-11-18,https://www.jra.go.jp/datafile/seiseki/report/2018/2018-5kyoto6.pdf,official_daily_result_pdf
201808050701,2018,京都,5,7,1,2018-11-24,https://www.jra.go.jp/datafile/seiseki/report/2018/2018-5kyoto7.pdf,official_daily_result_pdf
201808050702,2018,京都,5,7,2,2018-11-24,https://www.jra.go.jp/datafile/seiseki/report/2018/2018-5kyoto7.pdf,official_daily_result_pdf
201808050703,2018,京都,5,7,3,2018-11-24,https://www.jra.go.jp/datafile/seiseki/report/2018/2018-5kyoto7.pdf,official_daily_result_pdf
201808050704,2018,京都,5,7,4,2018-11-24,https://www.jra.go.jp/datafile/seiseki/report/2018/2018-5kyoto7.pdf,official_daily_result_pdf
201808050705,2018,京都,5,7,5,2018-11-24,https://www.jra.go.jp/datafile/seiseki/report/2018/2018-5kyoto7.pdf,official_daily_result_pdf
201808050706,2018,京都,5,7,6,2018-11-24,https://www.jra.go.jp/datafile/seiseki/report/2018/2018-5kyoto7.pdf,official_daily_result_pdf
201808050707,2018,京都,5,7,7,2018-11-24,https://www.jra.go.jp/datafile/seiseki/report/2018/2018-5kyoto7.pdf,official_daily_result_pdf
201808050708,2018,京都,5,7,8,2018-11-24,https://www.jra.go.jp/datafile/seiseki/report/2018/2018-5kyoto7.pdf,official_daily_result_pdf
201808050709,2018,京都,5,7,9,2018-11-24,https://www.jra.go.jp/datafile/seiseki/report/2018/2018-5kyoto7.pdf,official_daily_result_pdf
201808050710,2018,京都,5,7,10,2018-11-24,https://www.jra.go.jp/datafile/seiseki/report/2018/2018-5kyoto7.pdf,official_daily_result_pdf
201808050711,2018,京都,5,7,11,2018-11-24,https://www.jra.go.jp/datafile/seiseki/report/2018/2018-5kyoto7.pdf,official_daily_result_pdf
201808050712,2018,京都,5,7,12,2018-11-24,https://www.jra.go.jp/datafile/seiseki/report/2018/2018-5kyoto7.pdf,official_daily_result_pdf
201808050801,2018,京都,5,8,1,2018-11-25,https://www.jra.go.jp/datafile/seiseki/report/2018/2018-5kyoto8.pdf,official_daily_result_pdf
201808050802,2018,京都,5,8,2,2018-11-25,https://www.jra.go.jp/datafile/seiseki/report/2018/2018-5kyoto8.pdf,official_daily_result_pdf
201808050803,2018,京都,5,8,3,2018-11-25,https://www.jra.go.jp/datafile/seiseki/report/2018/2018-5kyoto8.pdf,official_daily_result_pdf
201808050804,2018,京都,5,8,4,2018-11-25,https://www.jra.go.jp/datafile/seiseki/report/2018/2018-5kyoto8.pdf,official_daily_result_pdf
201808050805,2018,京都,5,8,5,2018-11-25,https://www.jra.go.jp/datafile/seiseki/report/2018/2018-5kyoto8.pdf,official_daily_result_pdf
201808050806,2018,京都,5,8,6,2018-11-25,https://www.jra.go.jp/datafile/seiseki/report/2018/2018-5kyoto8.pdf,official_daily_result_pdf
201808050807,2018,京都,5,8,7,2018-11-25,https://www.jra.go.jp/datafile/seiseki/report/2018/2018-5kyoto8.pdf,official_daily_result_pdf
201808050808,2018,京都,5,8,8,2018-11-25,https://www.jra.go.jp/datafile/seiseki/report/2018/2018-5kyoto8.pdf,official_daily_result_pdf
201808050809,2018,京都,5,8,9,2018-11-25,https://www.jra.go.jp/datafile/seiseki/report/2018/2018-5kyoto8.pdf,official_daily_result_pdf
201808050810,2018,京都,5,8,10,2018-11-25,https://www.jra.go.jp/datafile/seiseki/report/2018/2018-5kyoto8.pdf,official_daily_result_pdf
201808050811,2018,京都,5,8,11,2018-11-25,https://www.jra.go.jp/datafile/seiseki/report/2018/2018-5kyoto8.pdf,official_daily_result_pdf
201808050812,2018,京都,5,8,12,2018-11-25,https://www.jra.go.jp/datafile/seiseki/report/2018/2018-5kyoto8.pdf,official_daily_result_pdf
201809010101,2018,阪神,1,1,1,2018-02-24,https://www.jra.go.jp/datafile/seiseki/report/2018/2018-1hanshin1.pdf,official_daily_result_pdf
201809010102,2018,阪神,1,1,2,2018-02-24,https://www.jra.go.jp/datafile/seiseki/report/2018/2018-1hanshin1.pdf,official_daily_result_pdf
201809010103,2018,阪神,1,1,3,2018-02-24,https://www.jra.go.jp/datafile/seiseki/report/2018/2018-1hanshin1.pdf,official_daily_result_pdf
201809010104,2018,阪神,1,1,4,2018-02-24,https://www.jra.go.jp/datafile/seiseki/report/2018/2018-1hanshin1.pdf,official_daily_result_pdf
201809010105,2018,阪神,1,1,5,2018-02-24,https://www.jra.go.jp/datafile/seiseki/report/2018/2018-1hanshin1.pdf,official_daily_result_pdf
201809010106,2018,阪神,1,1,6,2018-02-24,https://www.jra.go.jp/datafile/seiseki/report/2018/2018-1hanshin1.pdf,official_daily_result_pdf
201809010107,2018,阪神,1,1,7,2018-02-24,https://www.jra.go.jp/datafile/seiseki/report/2018/2018-1hanshin1.pdf,official_daily_result_pdf
201809010108,2018,阪神,1,1,8,2018-02-24,https://www.jra.go.jp/datafile/seiseki/report/2018/2018-1hanshin1.pdf,official_daily_result_pdf
201809010109,2018,阪神,1,1,9,2018-02-24,https://www.jra.go.jp/datafile/seiseki/report/2018/2018-1hanshin1.pdf,official_daily_result_pdf
201809010110,2018,阪神,1,1,10,2018-02-24,https://www.jra.go.jp/datafile/seiseki/report/2018/2018-1hanshin1.pdf,official_daily_result_pdf
201809010111,2018,阪神,1,1,11,2018-02-24,https://www.jra.go.jp/datafile/seiseki/report/2018/2018-1hanshin1.pdf,official_daily_result_pdf
201809010112,2018,阪神,1,1,12,2018-02-24,https://www.jra.go.jp/datafile/seiseki/report/2018/2018-1hanshin1.pdf,official_daily_result_pdf
201809010201,2018,阪神,1,2,1,2018-02-25,https://www.jra.go.jp/datafile/seiseki/report/2018/2018-1hanshin2.pdf,official_daily_result_pdf
201809010202,2018,阪神,1,2,2,2018-02-25,https://www.jra.go.jp/datafile/seiseki/report/2018/2018-1hanshin2.pdf,official_daily_result_pdf
201809010203,2018,阪神,1,2,3,2018-02-25,https://www.jra.go.jp/datafile/seiseki/report/2018/2018-1hanshin2.pdf,official_daily_result_pdf
201809010204,2018,阪神,1,2,4,2018-02-25,https://www.jra.go.jp/datafile/seiseki/report/2018/2018-1hanshin2.pdf,official_daily_result_pdf
201809010205,2018,阪神,1,2,5,2018-02-25,https://www.jra.go.jp/datafile/seiseki/report/2018/2018-1hanshin2.pdf,official_daily_result_pdf
201809010206,2018,阪神,1,2,6,2018-02-25,https://www.jra.go.jp/datafile/seiseki/report/2018/2018-1hanshin2.pdf,official_daily_result_pdf
201809010207,2018,阪神,1,2,7,2018-02-25,https://www.jra.go.jp/datafile/seiseki/report/2018/2018-1hanshin2.pdf,official_daily_result_pdf
201809010208,2018,阪神,1,2,8,2018-02-25,https://www.jra.go.jp/datafile/seiseki/report/2018/2018-1hanshin2.pdf,official_daily_result_pdf
201809010209,2018,阪神,1,2,9,2018-02-25,https://www.jra.go.jp/datafile/seiseki/report/2018/2018-1hanshin2.pdf,official_daily_result_pdf
201809010210,2018,阪神,1,2,10,2018-02-25,https://www.jra.go.jp/datafile/seiseki/report/2018/2018-1hanshin2.pdf,official_daily_result_pdf
201809010211,2018,阪神,1,2,11,2018-02-25,https://www.jra.go.jp/datafile/seiseki/report/2018/2018-1hanshin2.pdf,official_daily_result_pdf
201809010212,2018,阪神,1,2,12,2018-02-25,https://www.jra.go.jp/datafile/seiseki/report/2018/2018-1hanshin2.pdf,official_daily_result_pdf
201809010301,2018,阪神,1,3,1,2018-03-03,https://www.jra.go.jp/datafile/seiseki/report/2018/2018-1hanshin3.pdf,official_daily_result_pdf
201809010302,2018,阪神,1,3,2,2018-03-03,https://www.jra.go.jp/datafile/seiseki/report/2018/2018-1hanshin3.pdf,official_daily_result_pdf
201809010303,2018,阪神,1,3,3,2018-03-03,https://www.jra.go.jp/datafile/seiseki/report/2018/2018-1hanshin3.pdf,official_daily_result_pdf
201809010304,2018,阪神,1,3,4,2018-03-03,https://www.jra.go.jp/datafile/seiseki/report/2018/2018-1hanshin3.pdf,official_daily_result_pdf
201809010305,2018,阪神,1,3,5,2018-03-03,https://www.jra.go.jp/datafile/seiseki/report/2018/2018-1hanshin3.pdf,official_daily_result_pdf
201809010306,2018,阪神,1,3,6,2018-03-03,https://www.jra.go.jp/datafile/seiseki/report/2018/2018-1hanshin3.pdf,official_daily_result_pdf
201809010307,2018,阪神,1,3,7,2018-03-03,https://www.jra.go.jp/datafile/seiseki/report/2018/2018-1hanshin3.pdf,official_daily_result_pdf
201809010308,2018,阪神,1,3,8,2018-03-03,https://www.jra.go.jp/datafile/seiseki/report/2018/2018-1hanshin3.pdf,official_daily_result_pdf
201809010309,2018,阪神,1,3,9,2018-03-03,https://www.jra.go.jp/datafile/seiseki/report/2018/2018-1hanshin3.pdf,official_daily_result_pdf
201809010310,2018,阪神,1,3,10,2018-03-03,https://www.jra.go.jp/datafile/seiseki/report/2018/2018-1hanshin3.pdf,official_daily_result_pdf
201809010311,2018,阪神,1,3,11,2018-03-03,https://www.jra.go.jp/datafile/seiseki/report/2018/2018-1hanshin3.pdf,official_daily_result_pdf
201809010312,2018,阪神,1,3,12,2018-03-03,https://www.jra.go.jp/datafile/seiseki/report/2018/2018-1hanshin3.pdf,official_daily_result_pdf
201809010401,2018,阪神,1,4,1,2018-03-04,https://www.jra.go.jp/datafile/seiseki/report/2018/2018-1hanshin4.pdf,official_daily_result_pdf
201809010402,2018,阪神,1,4,2,2018-03-04,https://www.jra.go.jp/datafile/seiseki/report/2018/2018-1hanshin4.pdf,official_daily_result_pdf
201809010403,2018,阪神,1,4,3,2018-03-04,https://www.jra.go.jp/datafile/seiseki/report/2018/2018-1hanshin4.pdf,official_daily_result_pdf
201809010404,2018,阪神,1,4,4,2018-03-04,https://www.jra.go.jp/datafile/seiseki/report/2018/2018-1hanshin4.pdf,official_daily_result_pdf
201809010405,2018,阪神,1,4,5,2018-03-04,https://www.jra.go.jp/datafile/seiseki/report/2018/2018-1hanshin4.pdf,official_daily_result_pdf
201809010406,2018,阪神,1,4,6,2018-03-04,https://www.jra.go.jp/datafile/seiseki/report/2018/2018-1hanshin4.pdf,official_daily_result_pdf
201809010407,2018,阪神,1,4,7,2018-03-04,https://www.jra.go.jp/datafile/seiseki/report/2018/2018-1hanshin4.pdf,official_daily_result_pdf
201809010408,2018,阪神,1,4,8,2018-03-04,https://www.jra.go.jp/datafile/seiseki/report/2018/2018-1hanshin4.pdf,official_daily_result_pdf
201809010409,2018,阪神,1,4,9,2018-03-04,https://www.jra.go.jp/datafile/seiseki/report/2018/2018-1hanshin4.pdf,official_daily_result_pdf
201809010410,2018,阪神,1,4,10,2018-03-04,https://www.jra.go.jp/datafile/seiseki/report/2018/2018-1hanshin4.pdf,official_daily_result_pdf
201809010411,2018,阪神,1,4,11,2018-03-04,https://www.jra.go.jp/datafile/seiseki/report/2018/2018-1hanshin4.pdf,official_daily_result_pdf
201809010412,2018,阪神,1,4,12,2018-03-04,https://www.jra.go.jp/datafile/seiseki/report/2018/2018-1hanshin4.pdf,official_daily_result_pdf
201809010501,2018,阪神,1,5,1,2018-03-10,https://www.jra.go.jp/datafile/seiseki/report/2018/2018-1hanshin5.pdf,official_daily_result_pdf
201809010502,2018,阪神,1,5,2,2018-03-10,https://www.jra.go.jp/datafile/seiseki/report/2018/2018-1hanshin5.pdf,official_daily_result_pdf
201809010503,2018,阪神,1,5,3,2018-03-10,https://www.jra.go.jp/datafile/seiseki/report/2018/2018-1hanshin5.pdf,official_daily_result_pdf
201809010504,2018,阪神,1,5,4,2018-03-10,https://www.jra.go.jp/datafile/seiseki/report/2018/2018-1hanshin5.pdf,official_daily_result_pdf
201809010505,2018,阪神,1,5,5,2018-03-10,https://www.jra.go.jp/datafile/seiseki/report/2018/2018-1hanshin5.pdf,official_daily_result_pdf
201809010506,2018,阪神,1,5,6,2018-03-10,https://www.jra.go.jp/datafile/seiseki/report/2018/2018-1hanshin5.pdf,official_daily_result_pdf
201809010507,2018,阪神,1,5,7,2018-03-10,https://www.jra.go.jp/datafile/seiseki/report/2018/2018-1hanshin5.pdf,official_daily_result_pdf
201809010508,2018,阪神,1,5,8,2018-03-10,https://www.jra.go.jp/datafile/seiseki/report/2018/2018-1hanshin5.pdf,official_daily_result_pdf
201809010509,2018,阪神,1,5,9,2018-03-10,https://www.jra.go.jp/datafile/seiseki/report/2018/2018-1hanshin5.pdf,official_daily_result_pdf
201809010510,2018,阪神,1,5,10,2018-03-10,https://www.jra.go.jp/datafile/seiseki/report/2018/2018-1hanshin5.pdf,official_daily_result_pdf
201809010511,2018,阪神,1,5,11,2018-03-10,https://www.jra.go.jp/datafile/seiseki/report/2018/2018-1hanshin5.pdf,official_daily_result_pdf
201809010512,2018,阪神,1,5,12,2018-03-10,https://www.jra.go.jp/datafile/seiseki/report/2018/2018-1hanshin5.pdf,official_daily_result_pdf
201809010601,2018,阪神,1,6,1,2018-03-11,https://www.jra.go.jp/datafile/seiseki/report/2018/2018-1hanshin6.pdf,official_daily_result_pdf
201809010602,2018,阪神,1,6,2,2018-03-11,https://www.jra.go.jp/datafile/seiseki/report/2018/2018-1hanshin6.pdf,official_daily_result_pdf
201809010603,2018,阪神,1,6,3,2018-03-11,https://www.jra.go.jp/datafile/seiseki/report/2018/2018-1hanshin6.pdf,official_daily_result_pdf
201809010604,2018,阪神,1,6,4,2018-03-11,https://www.jra.go.jp/datafile/seiseki/report/2018/2018-1hanshin6.pdf,official_daily_result_pdf
201809010605,2018,阪神,1,6,5,2018-03-11,https://www.jra.go.jp/datafile/seiseki/report/2018/2018-1hanshin6.pdf,official_daily_result_pdf
201809010606,2018,阪神,1,6,6,2018-03-11,https://www.jra.go.jp/datafile/seiseki/report/2018/2018-1hanshin6.pdf,official_daily_result_pdf
201809010607,2018,阪神,1,6,7,2018-03-11,https://www.jra.go.jp/datafile/seiseki/report/2018/2018-1hanshin6.pdf,official_daily_result_pdf
201809010608,2018,阪神,1,6,8,2018-03-11,https://www.jra.go.jp/datafile/seiseki/report/2018/2018-1hanshin6.pdf,official_daily_result_pdf
201809010609,2018,阪神,1,6,9,2018-03-11,https://www.jra.go.jp/datafile/seiseki/report/2018/2018-1hanshin6.pdf,official_daily_result_pdf
201809010610,2018,阪神,1,6,10,2018-03-11,https://www.jra.go.jp/datafile/seiseki/report/2018/2018-1hanshin6.pdf,official_daily_result_pdf
201809010611,2018,阪神,1,6,11,2018-03-11,https://www.jra.go.jp/datafile/seiseki/report/2018/2018-1hanshin6.pdf,official_daily_result_pdf
201809010612,2018,阪神,1,6,12,2018-03-11,https://www.jra.go.jp/datafile/seiseki/report/2018/2018-1hanshin6.pdf,official_daily_result_pdf
201809010701,2018,阪神,1,7,1,2018-03-17,https://www.jra.go.jp/datafile/seiseki/report/2018/2018-1hanshin7.pdf,official_daily_result_pdf
201809010702,2018,阪神,1,7,2,2018-03-17,https://www.jra.go.jp/datafile/seiseki/report/2018/2018-1hanshin7.pdf,official_daily_result_pdf
201809010703,2018,阪神,1,7,3,2018-03-17,https://www.jra.go.jp/datafile/seiseki/report/2018/2018-1hanshin7.pdf,official_daily_result_pdf
201809010704,2018,阪神,1,7,4,2018-03-17,https://www.jra.go.jp/datafile/seiseki/report/2018/2018-1hanshin7.pdf,official_daily_result_pdf
201809010705,2018,阪神,1,7,5,2018-03-17,https://www.jra.go.jp/datafile/seiseki/report/2018/2018-1hanshin7.pdf,official_daily_result_pdf
201809010706,2018,阪神,1,7,6,2018-03-17,https://www.jra.go.jp/datafile/seiseki/report/2018/2018-1hanshin7.pdf,official_daily_result_pdf
201809010707,2018,阪神,1,7,7,2018-03-17,https://www.jra.go.jp/datafile/seiseki/report/2018/2018-1hanshin7.pdf,official_daily_result_pdf
201809010708,2018,阪神,1,7,8,2018-03-17,https://www.jra.go.jp/datafile/seiseki/report/2018/2018-1hanshin7.pdf,official_daily_result_pdf
201809010709,2018,阪神,1,7,9,2018-03-17,https://www.jra.go.jp/datafile/seiseki/report/2018/2018-1hanshin7.pdf,official_daily_result_pdf
201809010710,2018,阪神,1,7,10,2018-03-17,https://www.jra.go.jp/datafile/seiseki/report/2018/2018-1hanshin7.pdf,official_daily_result_pdf
201809010711,2018,阪神,1,7,11,2018-03-17,https://www.jra.go.jp/datafile/seiseki/report/2018/2018-1hanshin7.pdf,official_daily_result_pdf
201809010712,2018,阪神,1,7,12,2018-03-17,https://www.jra.go.jp/datafile/seiseki/report/2018/2018-1hanshin7.pdf,official_daily_result_pdf
201809010801,2018,阪神,1,8,1,2018-03-18,https://www.jra.go.jp/datafile/seiseki/report/2018/2018-1hanshin8.pdf,official_daily_result_pdf
201809010802,2018,阪神,1,8,2,2018-03-18,https://www.jra.go.jp/datafile/seiseki/report/2018/2018-1hanshin8.pdf,official_daily_result_pdf
201809010803,2018,阪神,1,8,3,2018-03-18,https://www.jra.go.jp/datafile/seiseki/report/2018/2018-1hanshin8.pdf,official_daily_result_pdf
201809010804,2018,阪神,1,8,4,2018-03-18,https://www.jra.go.jp/datafile/seiseki/report/2018/2018-1hanshin8.pdf,official_daily_result_pdf
201809010805,2018,阪神,1,8,5,2018-03-18,https://www.jra.go.jp/datafile/seiseki/report/2018/2018-1hanshin8.pdf,official_daily_result_pdf
201809010806,2018,阪神,1,8,6,2018-03-18,https://www.jra.go.jp/datafile/seiseki/report/2018/2018-1hanshin8.pdf,official_daily_result_pdf
201809010807,2018,阪神,1,8,7,2018-03-18,https://www.jra.go.jp/datafile/seiseki/report/2018/2018-1hanshin8.pdf,official_daily_result_pdf
201809010808,2018,阪神,1,8,8,2018-03-18,https://www.jra.go.jp/datafile/seiseki/report/2018/2018-1hanshin8.pdf,official_daily_result_pdf
201809010809,2018,阪神,1,8,9,2018-03-18,https://www.jra.go.jp/datafile/seiseki/report/2018/2018-1hanshin8.pdf,official_daily_result_pdf
201809010810,2018,阪神,1,8,10,2018-03-18,https://www.jra.go.jp/datafile/seiseki/report/2018/2018-1hanshin8.pdf,official_daily_result_pdf
201809010811,2018,阪神,1,8,11,2018-03-18,https://www.jra.go.jp/datafile/seiseki/report/2018/2018-1hanshin8.pdf,official_daily_result_pdf
201809010812,2018,阪神,1,8,12,2018-03-18,https://www.jra.go.jp/datafile/seiseki/report/2018/2018-1hanshin8.pdf,official_daily_result_pdf
201809020101,2018,阪神,2,1,1,2018-03-24,https://www.jra.go.jp/datafile/seiseki/report/2018/2018-2hanshin1.pdf,official_daily_result_pdf
201809020102,2018,阪神,2,1,2,2018-03-24,https://www.jra.go.jp/datafile/seiseki/report/2018/2018-2hanshin1.pdf,official_daily_result_pdf
201809020103,2018,阪神,2,1,3,2018-03-24,https://www.jra.go.jp/datafile/seiseki/report/2018/2018-2hanshin1.pdf,official_daily_result_pdf
201809020104,2018,阪神,2,1,4,2018-03-24,https://www.jra.go.jp/datafile/seiseki/report/2018/2018-2hanshin1.pdf,official_daily_result_pdf
201809020105,2018,阪神,2,1,5,2018-03-24,https://www.jra.go.jp/datafile/seiseki/report/2018/2018-2hanshin1.pdf,official_daily_result_pdf
201809020106,2018,阪神,2,1,6,2018-03-24,https://www.jra.go.jp/datafile/seiseki/report/2018/2018-2hanshin1.pdf,official_daily_result_pdf
201809020107,2018,阪神,2,1,7,2018-03-24,https://www.jra.go.jp/datafile/seiseki/report/2018/2018-2hanshin1.pdf,official_daily_result_pdf
201809020108,2018,阪神,2,1,8,2018-03-24,https://www.jra.go.jp/datafile/seiseki/report/2018/2018-2hanshin1.pdf,official_daily_result_pdf
201809020109,2018,阪神,2,1,9,2018-03-24,https://www.jra.go.jp/datafile/seiseki/report/2018/2018-2hanshin1.pdf,official_daily_result_pdf
201809020110,2018,阪神,2,1,10,2018-03-24,https://www.jra.go.jp/datafile/seiseki/report/2018/2018-2hanshin1.pdf,official_daily_result_pdf
201809020111,2018,阪神,2,1,11,2018-03-24,https://www.jra.go.jp/datafile/seiseki/report/2018/2018-2hanshin1.pdf,official_daily_result_pdf
201809020112,2018,阪神,2,1,12,2018-03-24,https://www.jra.go.jp/datafile/seiseki/report/2018/2018-2hanshin1.pdf,official_daily_result_pdf
201809020201,2018,阪神,2,2,1,2018-03-25,https://www.jra.go.jp/datafile/seiseki/report/2018/2018-2hanshin2.pdf,official_daily_result_pdf
201809020202,2018,阪神,2,2,2,2018-03-25,https://www.jra.go.jp/datafile/seiseki/report/2018/2018-2hanshin2.pdf,official_daily_result_pdf
201809020203,2018,阪神,2,2,3,2018-03-25,https://www.jra.go.jp/datafile/seiseki/report/2018/2018-2hanshin2.pdf,official_daily_result_pdf
201809020204,2018,阪神,2,2,4,2018-03-25,https://www.jra.go.jp/datafile/seiseki/report/2018/2018-2hanshin2.pdf,official_daily_result_pdf
201809020205,2018,阪神,2,2,5,2018-03-25,https://www.jra.go.jp/datafile/seiseki/report/2018/2018-2hanshin2.pdf,official_daily_result_pdf
201809020206,2018,阪神,2,2,6,2018-03-25,https://www.jra.go.jp/datafile/seiseki/report/2018/2018-2hanshin2.pdf,official_daily_result_pdf
201809020207,2018,阪神,2,2,7,2018-03-25,https://www.jra.go.jp/datafile/seiseki/report/2018/2018-2hanshin2.pdf,official_daily_result_pdf
201809020208,2018,阪神,2,2,8,2018-03-25,https://www.jra.go.jp/datafile/seiseki/report/2018/2018-2hanshin2.pdf,official_daily_result_pdf
201809020209,2018,阪神,2,2,9,2018-03-25,https://www.jra.go.jp/datafile/seiseki/report/2018/2018-2hanshin2.pdf,official_daily_result_pdf
201809020210,2018,阪神,2,2,10,2018-03-25,https://www.jra.go.jp/datafile/seiseki/report/2018/2018-2hanshin2.pdf,official_daily_result_pdf
201809020211,2018,阪神,2,2,11,2018-03-25,https://www.jra.go.jp/datafile/seiseki/report/2018/2018-2hanshin2.pdf,official_daily_result_pdf
201809020212,2018,阪神,2,2,12,2018-03-25,https://www.jra.go.jp/datafile/seiseki/report/2018/2018-2hanshin2.pdf,official_daily_result_pdf
201809020301,2018,阪神,2,3,1,2018-03-31,https://www.jra.go.jp/datafile/seiseki/report/2018/2018-2hanshin3.pdf,official_daily_result_pdf
201809020302,2018,阪神,2,3,2,2018-03-31,https://www.jra.go.jp/datafile/seiseki/report/2018/2018-2hanshin3.pdf,official_daily_result_pdf
201809020303,2018,阪神,2,3,3,2018-03-31,https://www.jra.go.jp/datafile/seiseki/report/2018/2018-2hanshin3.pdf,official_daily_result_pdf
201809020304,2018,阪神,2,3,4,2018-03-31,https://www.jra.go.jp/datafile/seiseki/report/2018/2018-2hanshin3.pdf,official_daily_result_pdf
201809020305,2018,阪神,2,3,5,2018-03-31,https://www.jra.go.jp/datafile/seiseki/report/2018/2018-2hanshin3.pdf,official_daily_result_pdf
201809020306,2018,阪神,2,3,6,2018-03-31,https://www.jra.go.jp/datafile/seiseki/report/2018/2018-2hanshin3.pdf,official_daily_result_pdf
201809020307,2018,阪神,2,3,7,2018-03-31,https://www.jra.go.jp/datafile/seiseki/report/2018/2018-2hanshin3.pdf,official_daily_result_pdf
201809020308,2018,阪神,2,3,8,2018-03-31,https://www.jra.go.jp/datafile/seiseki/report/2018/2018-2hanshin3.pdf,official_daily_result_pdf
201809020309,2018,阪神,2,3,9,2018-03-31,https://www.jra.go.jp/datafile/seiseki/report/2018/2018-2hanshin3.pdf,official_daily_result_pdf
201809020310,2018,阪神,2,3,10,2018-03-31,https://www.jra.go.jp/datafile/seiseki/report/2018/2018-2hanshin3.pdf,official_daily_result_pdf
201809020311,2018,阪神,2,3,11,2018-03-31,https://www.jra.go.jp/datafile/seiseki/report/2018/2018-2hanshin3.pdf,official_daily_result_pdf
201809020312,2018,阪神,2,3,12,2018-03-31,https://www.jra.go.jp/datafile/seiseki/report/2018/2018-2hanshin3.pdf,official_daily_result_pdf
201809020401,2018,阪神,2,4,1,2018-04-01,https://www.jra.go.jp/datafile/seiseki/report/2018/2018-2hanshin4.pdf,official_daily_result_pdf
201809020402,2018,阪神,2,4,2,2018-04-01,https://www.jra.go.jp/datafile/seiseki/report/2018/2018-2hanshin4.pdf,official_daily_result_pdf
201809020403,2018,阪神,2,4,3,2018-04-01,https://www.jra.go.jp/datafile/seiseki/report/2018/2018-2hanshin4.pdf,official_daily_result_pdf
201809020404,2018,阪神,2,4,4,2018-04-01,https://www.jra.go.jp/datafile/seiseki/report/2018/2018-2hanshin4.pdf,official_daily_result_pdf
201809020405,2018,阪神,2,4,5,2018-04-01,https://www.jra.go.jp/datafile/seiseki/report/2018/2018-2hanshin4.pdf,official_daily_result_pdf
201809020406,2018,阪神,2,4,6,2018-04-01,https://www.jra.go.jp/datafile/seiseki/report/2018/2018-2hanshin4.pdf,official_daily_result_pdf
201809020407,2018,阪神,2,4,7,2018-04-01,https://www.jra.go.jp/datafile/seiseki/report/2018/2018-2hanshin4.pdf,official_daily_result_pdf
201809020408,2018,阪神,2,4,8,2018-04-01,https://www.jra.go.jp/datafile/seiseki/report/2018/2018-2hanshin4.pdf,official_daily_result_pdf
201809020409,2018,阪神,2,4,9,2018-04-01,https://www.jra.go.jp/datafile/seiseki/report/2018/2018-2hanshin4.pdf,official_daily_result_pdf
201809020410,2018,阪神,2,4,10,2018-04-01,https://www.jra.go.jp/datafile/seiseki/report/2018/2018-2hanshin4.pdf,official_daily_result_pdf
201809020411,2018,阪神,2,4,11,2018-04-01,https://www.jra.go.jp/datafile/seiseki/report/2018/2018-2hanshin4.pdf,official_daily_result_pdf
201809020412,2018,阪神,2,4,12,2018-04-01,https://www.jra.go.jp/datafile/seiseki/report/2018/2018-2hanshin4.pdf,official_daily_result_pdf
201809020501,2018,阪神,2,5,1,2018-04-07,https://www.jra.go.jp/datafile/seiseki/report/2018/2018-2hanshin5.pdf,official_daily_result_pdf
201809020502,2018,阪神,2,5,2,2018-04-07,https://www.jra.go.jp/datafile/seiseki/report/2018/2018-2hanshin5.pdf,official_daily_result_pdf
201809020503,2018,阪神,2,5,3,2018-04-07,https://www.jra.go.jp/datafile/seiseki/report/2018/2018-2hanshin5.pdf,official_daily_result_pdf
201809020504,2018,阪神,2,5,4,2018-04-07,https://www.jra.go.jp/datafile/seiseki/report/2018/2018-2hanshin5.pdf,official_daily_result_pdf
201809020505,2018,阪神,2,5,5,2018-04-07,https://www.jra.go.jp/datafile/seiseki/report/2018/2018-2hanshin5.pdf,official_daily_result_pdf
201809020506,2018,阪神,2,5,6,2018-04-07,https://www.jra.go.jp/datafile/seiseki/report/2018/2018-2hanshin5.pdf,official_daily_result_pdf
201809020507,2018,阪神,2,5,7,2018-04-07,https://www.jra.go.jp/datafile/seiseki/report/2018/2018-2hanshin5.pdf,official_daily_result_pdf
201809020508,2018,阪神,2,5,8,2018-04-07,https://www.jra.go.jp/datafile/seiseki/report/2018/2018-2hanshin5.pdf,official_daily_result_pdf
201809020509,2018,阪神,2,5,9,2018-04-07,https://www.jra.go.jp/datafile/seiseki/report/2018/2018-2hanshin5.pdf,official_daily_result_pdf
201809020510,2018,阪神,2,5,10,2018-04-07,https://www.jra.go.jp/datafile/seiseki/report/2018/2018-2hanshin5.pdf,official_daily_result_pdf
201809020511,2018,阪神,2,5,11,2018-04-07,https://www.jra.go.jp/datafile/seiseki/report/2018/2018-2hanshin5.pdf,official_daily_result_pdf
201809020512,2018,阪神,2,5,12,2018-04-07,https://www.jra.go.jp/datafile/seiseki/report/2018/2018-2hanshin5.pdf,official_daily_result_pdf
201809020601,2018,阪神,2,6,1,2018-04-08,https://www.jra.go.jp/datafile/seiseki/report/2018/2018-2hanshin6.pdf,official_daily_result_pdf
201809020602,2018,阪神,2,6,2,2018-04-08,https://www.jra.go.jp/datafile/seiseki/report/2018/2018-2hanshin6.pdf,official_daily_result_pdf
201809020603,2018,阪神,2,6,3,2018-04-08,https://www.jra.go.jp/datafile/seiseki/report/2018/2018-2hanshin6.pdf,official_daily_result_pdf
201809020604,2018,阪神,2,6,4,2018-04-08,https://www.jra.go.jp/datafile/seiseki/report/2018/2018-2hanshin6.pdf,official_daily_result_pdf
201809020605,2018,阪神,2,6,5,2018-04-08,https://www.jra.go.jp/datafile/seiseki/report/2018/2018-2hanshin6.pdf,official_daily_result_pdf
201809020606,2018,阪神,2,6,6,2018-04-08,https://www.jra.go.jp/datafile/seiseki/report/2018/2018-2hanshin6.pdf,official_daily_result_pdf
201809020607,2018,阪神,2,6,7,2018-04-08,https://www.jra.go.jp/datafile/seiseki/report/2018/2018-2hanshin6.pdf,official_daily_result_pdf
201809020608,2018,阪神,2,6,8,2018-04-08,https://www.jra.go.jp/datafile/seiseki/report/2018/2018-2hanshin6.pdf,official_daily_result_pdf
201809020609,2018,阪神,2,6,9,2018-04-08,https://www.jra.go.jp/datafile/seiseki/report/2018/2018-2hanshin6.pdf,official_daily_result_pdf
201809020610,2018,阪神,2,6,10,2018-04-08,https://www.jra.go.jp/datafile/seiseki/report/2018/2018-2hanshin6.pdf,official_daily_result_pdf
201809020611,2018,阪神,2,6,11,2018-04-08,https://www.jra.go.jp/datafile/seiseki/report/2018/2018-2hanshin6.pdf,official_daily_result_pdf
201809020612,2018,阪神,2,6,12,2018-04-08,https://www.jra.go.jp/datafile/seiseki/report/2018/2018-2hanshin6.pdf,official_daily_result_pdf
201809020701,2018,阪神,2,7,1,2018-04-14,https://www.jra.go.jp/datafile/seiseki/report/2018/2018-2hanshin7.pdf,official_daily_result_pdf
201809020702,2018,阪神,2,7,2,2018-04-14,https://www.jra.go.jp/datafile/seiseki/report/2018/2018-2hanshin7.pdf,official_daily_result_pdf
201809020703,2018,阪神,2,7,3,2018-04-14,https://www.jra.go.jp/datafile/seiseki/report/2018/2018-2hanshin7.pdf,official_daily_result_pdf
201809020704,2018,阪神,2,7,4,2018-04-14,https://www.jra.go.jp/datafile/seiseki/report/2018/2018-2hanshin7.pdf,official_daily_result_pdf
201809020705,2018,阪神,2,7,5,2018-04-14,https://www.jra.go.jp/datafile/seiseki/report/2018/2018-2hanshin7.pdf,official_daily_result_pdf
201809020706,2018,阪神,2,7,6,2018-04-14,https://www.jra.go.jp/datafile/seiseki/report/2018/2018-2hanshin7.pdf,official_daily_result_pdf
201809020707,2018,阪神,2,7,7,2018-04-14,https://www.jra.go.jp/datafile/seiseki/report/2018/2018-2hanshin7.pdf,official_daily_result_pdf
201809020708,2018,阪神,2,7,8,2018-04-14,https://www.jra.go.jp/datafile/seiseki/report/2018/2018-2hanshin7.pdf,official_daily_result_pdf
201809020709,2018,阪神,2,7,9,2018-04-14,https://www.jra.go.jp/datafile/seiseki/report/2018/2018-2hanshin7.pdf,official_daily_result_pdf
201809020710,2018,阪神,2,7,10,2018-04-14,https://www.jra.go.jp/datafile/seiseki/report/2018/2018-2hanshin7.pdf,official_daily_result_pdf
201809020711,2018,阪神,2,7,11,2018-04-14,https://www.jra.go.jp/datafile/seiseki/report/2018/2018-2hanshin7.pdf,official_daily_result_pdf
201809020712,2018,阪神,2,7,12,2018-04-14,https://www.jra.go.jp/datafile/seiseki/report/2018/2018-2hanshin7.pdf,official_daily_result_pdf
201809020801,2018,阪神,2,8,1,2018-04-15,https://www.jra.go.jp/datafile/seiseki/report/2018/2018-2hanshin8.pdf,official_daily_result_pdf
201809020802,2018,阪神,2,8,2,2018-04-15,https://www.jra.go.jp/datafile/seiseki/report/2018/2018-2hanshin8.pdf,official_daily_result_pdf
201809020803,2018,阪神,2,8,3,2018-04-15,https://www.jra.go.jp/datafile/seiseki/report/2018/2018-2hanshin8.pdf,official_daily_result_pdf
201809020804,2018,阪神,2,8,4,2018-04-15,https://www.jra.go.jp/datafile/seiseki/report/2018/2018-2hanshin8.pdf,official_daily_result_pdf
201809020805,2018,阪神,2,8,5,2018-04-15,https://www.jra.go.jp/datafile/seiseki/report/2018/2018-2hanshin8.pdf,official_daily_result_pdf
201809020806,2018,阪神,2,8,6,2018-04-15,https://www.jra.go.jp/datafile/seiseki/report/2018/2018-2hanshin8.pdf,official_daily_result_pdf
201809020807,2018,阪神,2,8,7,2018-04-15,https://www.jra.go.jp/datafile/seiseki/report/2018/2018-2hanshin8.pdf,official_daily_result_pdf
201809020808,2018,阪神,2,8,8,2018-04-15,https://www.jra.go.jp/datafile/seiseki/report/2018/2018-2hanshin8.pdf,official_daily_result_pdf
201809020809,2018,阪神,2,8,9,2018-04-15,https://www.jra.go.jp/datafile/seiseki/report/2018/2018-2hanshin8.pdf,official_daily_result_pdf
201809020810,2018,阪神,2,8,10,2018-04-15,https://www.jra.go.jp/datafile/seiseki/report/2018/2018-2hanshin8.pdf,official_daily_result_pdf
201809020811,2018,阪神,2,8,11,2018-04-15,https://www.jra.go.jp/datafile/seiseki/report/2018/2018-2hanshin8.pdf,official_daily_result_pdf
201809020812,2018,阪神,2,8,12,2018-04-15,https://www.jra.go.jp/datafile/seiseki/report/2018/2018-2hanshin8.pdf,official_daily_result_pdf
201809030101,2018,阪神,3,1,1,2018-06-02,https://www.jra.go.jp/datafile/seiseki/report/2018/2018-3hanshin1.pdf,official_daily_result_pdf
201809030102,2018,阪神,3,1,2,2018-06-02,https://www.jra.go.jp/datafile/seiseki/report/2018/2018-3hanshin1.pdf,official_daily_result_pdf
201809030103,2018,阪神,3,1,3,2018-06-02,https://www.jra.go.jp/datafile/seiseki/report/2018/2018-3hanshin1.pdf,official_daily_result_pdf
201809030104,2018,阪神,3,1,4,2018-06-02,https://www.jra.go.jp/datafile/seiseki/report/2018/2018-3hanshin1.pdf,official_daily_result_pdf
201809030105,2018,阪神,3,1,5,2018-06-02,https://www.jra.go.jp/datafile/seiseki/report/2018/2018-3hanshin1.pdf,official_daily_result_pdf
201809030106,2018,阪神,3,1,6,2018-06-02,https://www.jra.go.jp/datafile/seiseki/report/2018/2018-3hanshin1.pdf,official_daily_result_pdf
201809030107,2018,阪神,3,1,7,2018-06-02,https://www.jra.go.jp/datafile/seiseki/report/2018/2018-3hanshin1.pdf,official_daily_result_pdf
201809030108,2018,阪神,3,1,8,2018-06-02,https://www.jra.go.jp/datafile/seiseki/report/2018/2018-3hanshin1.pdf,official_daily_result_pdf
201809030109,2018,阪神,3,1,9,2018-06-02,https://www.jra.go.jp/datafile/seiseki/report/2018/2018-3hanshin1.pdf,official_daily_result_pdf
201809030110,2018,阪神,3,1,10,2018-06-02,https://www.jra.go.jp/datafile/seiseki/report/2018/2018-3hanshin1.pdf,official_daily_result_pdf
201809030111,2018,阪神,3,1,11,2018-06-02,https://www.jra.go.jp/datafile/seiseki/report/2018/2018-3hanshin1.pdf,official_daily_result_pdf
201809030112,2018,阪神,3,1,12,2018-06-02,https://www.jra.go.jp/datafile/seiseki/report/2018/2018-3hanshin1.pdf,official_daily_result_pdf
201809030201,2018,阪神,3,2,1,2018-06-03,https://www.jra.go.jp/datafile/seiseki/report/2018/2018-3hanshin2.pdf,official_daily_result_pdf
201809030202,2018,阪神,3,2,2,2018-06-03,https://www.jra.go.jp/datafile/seiseki/report/2018/2018-3hanshin2.pdf,official_daily_result_pdf
201809030203,2018,阪神,3,2,3,2018-06-03,https://www.jra.go.jp/datafile/seiseki/report/2018/2018-3hanshin2.pdf,official_daily_result_pdf
201809030204,2018,阪神,3,2,4,2018-06-03,https://www.jra.go.jp/datafile/seiseki/report/2018/2018-3hanshin2.pdf,official_daily_result_pdf
201809030205,2018,阪神,3,2,5,2018-06-03,https://www.jra.go.jp/datafile/seiseki/report/2018/2018-3hanshin2.pdf,official_daily_result_pdf
201809030206,2018,阪神,3,2,6,2018-06-03,https://www.jra.go.jp/datafile/seiseki/report/2018/2018-3hanshin2.pdf,official_daily_result_pdf
201809030207,2018,阪神,3,2,7,2018-06-03,https://www.jra.go.jp/datafile/seiseki/report/2018/2018-3hanshin2.pdf,official_daily_result_pdf
201809030208,2018,阪神,3,2,8,2018-06-03,https://www.jra.go.jp/datafile/seiseki/report/2018/2018-3hanshin2.pdf,official_daily_result_pdf
201809030209,2018,阪神,3,2,9,2018-06-03,https://www.jra.go.jp/datafile/seiseki/report/2018/2018-3hanshin2.pdf,official_daily_result_pdf
201809030210,2018,阪神,3,2,10,2018-06-03,https://www.jra.go.jp/datafile/seiseki/report/2018/2018-3hanshin2.pdf,official_daily_result_pdf
201809030211,2018,阪神,3,2,11,2018-06-03,https://www.jra.go.jp/datafile/seiseki/report/2018/2018-3hanshin2.pdf,official_daily_result_pdf
201809030212,2018,阪神,3,2,12,2018-06-03,https://www.jra.go.jp/datafile/seiseki/report/2018/2018-3hanshin2.pdf,official_daily_result_pdf
201809030301,2018,阪神,3,3,1,2018-06-09,https://www.jra.go.jp/datafile/seiseki/report/2018/2018-3hanshin3.pdf,official_daily_result_pdf
201809030302,2018,阪神,3,3,2,2018-06-09,https://www.jra.go.jp/datafile/seiseki/report/2018/2018-3hanshin3.pdf,official_daily_result_pdf
201809030303,2018,阪神,3,3,3,2018-06-09,https://www.jra.go.jp/datafile/seiseki/report/2018/2018-3hanshin3.pdf,official_daily_result_pdf
201809030304,2018,阪神,3,3,4,2018-06-09,https://www.jra.go.jp/datafile/seiseki/report/2018/2018-3hanshin3.pdf,official_daily_result_pdf
201809030305,2018,阪神,3,3,5,2018-06-09,https://www.jra.go.jp/datafile/seiseki/report/2018/2018-3hanshin3.pdf,official_daily_result_pdf
201809030306,2018,阪神,3,3,6,2018-06-09,https://www.jra.go.jp/datafile/seiseki/report/2018/2018-3hanshin3.pdf,official_daily_result_pdf
201809030307,2018,阪神,3,3,7,2018-06-09,https://www.jra.go.jp/datafile/seiseki/report/2018/2018-3hanshin3.pdf,official_daily_result_pdf
201809030308,2018,阪神,3,3,8,2018-06-09,https://www.jra.go.jp/datafile/seiseki/report/2018/2018-3hanshin3.pdf,official_daily_result_pdf
201809030309,2018,阪神,3,3,9,2018-06-09,https://www.jra.go.jp/datafile/seiseki/report/2018/2018-3hanshin3.pdf,official_daily_result_pdf
201809030310,2018,阪神,3,3,10,2018-06-09,https://www.jra.go.jp/datafile/seiseki/report/2018/2018-3hanshin3.pdf,official_daily_result_pdf
201809030311,2018,阪神,3,3,11,2018-06-09,https://www.jra.go.jp/datafile/seiseki/report/2018/2018-3hanshin3.pdf,official_daily_result_pdf
201809030312,2018,阪神,3,3,12,2018-06-09,https://www.jra.go.jp/datafile/seiseki/report/2018/2018-3hanshin3.pdf,official_daily_result_pdf
201809030401,2018,阪神,3,4,1,2018-06-10,https://www.jra.go.jp/datafile/seiseki/report/2018/2018-3hanshin4.pdf,official_daily_result_pdf
201809030402,2018,阪神,3,4,2,2018-06-10,https://www.jra.go.jp/datafile/seiseki/report/2018/2018-3hanshin4.pdf,official_daily_result_pdf
201809030403,2018,阪神,3,4,3,2018-06-10,https://www.jra.go.jp/datafile/seiseki/report/2018/2018-3hanshin4.pdf,official_daily_result_pdf
201809030404,2018,阪神,3,4,4,2018-06-10,https://www.jra.go.jp/datafile/seiseki/report/2018/2018-3hanshin4.pdf,official_daily_result_pdf
201809030405,2018,阪神,3,4,5,2018-06-10,https://www.jra.go.jp/datafile/seiseki/report/2018/2018-3hanshin4.pdf,official_daily_result_pdf
201809030406,2018,阪神,3,4,6,2018-06-10,https://www.jra.go.jp/datafile/seiseki/report/2018/2018-3hanshin4.pdf,official_daily_result_pdf
201809030407,2018,阪神,3,4,7,2018-06-10,https://www.jra.go.jp/datafile/seiseki/report/2018/2018-3hanshin4.pdf,official_daily_result_pdf
201809030408,2018,阪神,3,4,8,2018-06-10,https://www.jra.go.jp/datafile/seiseki/report/2018/2018-3hanshin4.pdf,official_daily_result_pdf
201809030409,2018,阪神,3,4,9,2018-06-10,https://www.jra.go.jp/datafile/seiseki/report/2018/2018-3hanshin4.pdf,official_daily_result_pdf
201809030410,2018,阪神,3,4,10,2018-06-10,https://www.jra.go.jp/datafile/seiseki/report/2018/2018-3hanshin4.pdf,official_daily_result_pdf
201809030411,2018,阪神,3,4,11,2018-06-10,https://www.jra.go.jp/datafile/seiseki/report/2018/2018-3hanshin4.pdf,official_daily_result_pdf
201809030412,2018,阪神,3,4,12,2018-06-10,https://www.jra.go.jp/datafile/seiseki/report/2018/2018-3hanshin4.pdf,official_daily_result_pdf
201809030501,2018,阪神,3,5,1,2018-06-16,https://www.jra.go.jp/datafile/seiseki/report/2018/2018-3hanshin5.pdf,official_daily_result_pdf
201809030502,2018,阪神,3,5,2,2018-06-16,https://www.jra.go.jp/datafile/seiseki/report/2018/2018-3hanshin5.pdf,official_daily_result_pdf
201809030503,2018,阪神,3,5,3,2018-06-16,https://www.jra.go.jp/datafile/seiseki/report/2018/2018-3hanshin5.pdf,official_daily_result_pdf
201809030504,2018,阪神,3,5,4,2018-06-16,https://www.jra.go.jp/datafile/seiseki/report/2018/2018-3hanshin5.pdf,official_daily_result_pdf
201809030505,2018,阪神,3,5,5,2018-06-16,https://www.jra.go.jp/datafile/seiseki/report/2018/2018-3hanshin5.pdf,official_daily_result_pdf
201809030506,2018,阪神,3,5,6,2018-06-16,https://www.jra.go.jp/datafile/seiseki/report/2018/2018-3hanshin5.pdf,official_daily_result_pdf
201809030507,2018,阪神,3,5,7,2018-06-16,https://www.jra.go.jp/datafile/seiseki/report/2018/2018-3hanshin5.pdf,official_daily_result_pdf
201809030508,2018,阪神,3,5,8,2018-06-16,https://www.jra.go.jp/datafile/seiseki/report/2018/2018-3hanshin5.pdf,official_daily_result_pdf
201809030509,2018,阪神,3,5,9,2018-06-16,https://www.jra.go.jp/datafile/seiseki/report/2018/2018-3hanshin5.pdf,official_daily_result_pdf
201809030510,2018,阪神,3,5,10,2018-06-16,https://www.jra.go.jp/datafile/seiseki/report/2018/2018-3hanshin5.pdf,official_daily_result_pdf
201809030511,2018,阪神,3,5,11,2018-06-16,https://www.jra.go.jp/datafile/seiseki/report/2018/2018-3hanshin5.pdf,official_daily_result_pdf
201809030512,2018,阪神,3,5,12,2018-06-16,https://www.jra.go.jp/datafile/seiseki/report/2018/2018-3hanshin5.pdf,official_daily_result_pdf
201809030601,2018,阪神,3,6,1,2018-06-17,https://www.jra.go.jp/datafile/seiseki/report/2018/2018-3hanshin6.pdf,official_daily_result_pdf
201809030602,2018,阪神,3,6,2,2018-06-17,https://www.jra.go.jp/datafile/seiseki/report/2018/2018-3hanshin6.pdf,official_daily_result_pdf
201809030603,2018,阪神,3,6,3,2018-06-17,https://www.jra.go.jp/datafile/seiseki/report/2018/2018-3hanshin6.pdf,official_daily_result_pdf
201809030604,2018,阪神,3,6,4,2018-06-17,https://www.jra.go.jp/datafile/seiseki/report/2018/2018-3hanshin6.pdf,official_daily_result_pdf
201809030605,2018,阪神,3,6,5,2018-06-17,https://www.jra.go.jp/datafile/seiseki/report/2018/2018-3hanshin6.pdf,official_daily_result_pdf
201809030606,2018,阪神,3,6,6,2018-06-17,https://www.jra.go.jp/datafile/seiseki/report/2018/2018-3hanshin6.pdf,official_daily_result_pdf
201809030607,2018,阪神,3,6,7,2018-06-17,https://www.jra.go.jp/datafile/seiseki/report/2018/2018-3hanshin6.pdf,official_daily_result_pdf
201809030608,2018,阪神,3,6,8,2018-06-17,https://www.jra.go.jp/datafile/seiseki/report/2018/2018-3hanshin6.pdf,official_daily_result_pdf
201809030609,2018,阪神,3,6,9,2018-06-17,https://www.jra.go.jp/datafile/seiseki/report/2018/2018-3hanshin6.pdf,official_daily_result_pdf
201809030610,2018,阪神,3,6,10,2018-06-17,https://www.jra.go.jp/datafile/seiseki/report/2018/2018-3hanshin6.pdf,official_daily_result_pdf
201809030611,2018,阪神,3,6,11,2018-06-17,https://www.jra.go.jp/datafile/seiseki/report/2018/2018-3hanshin6.pdf,official_daily_result_pdf
201809030612,2018,阪神,3,6,12,2018-06-17,https://www.jra.go.jp/datafile/seiseki/report/2018/2018-3hanshin6.pdf,official_daily_result_pdf
201809030701,2018,阪神,3,7,1,2018-06-23,https://www.jra.go.jp/datafile/seiseki/report/2018/2018-3hanshin7.pdf,official_daily_result_pdf
201809030702,2018,阪神,3,7,2,2018-06-23,https://www.jra.go.jp/datafile/seiseki/report/2018/2018-3hanshin7.pdf,official_daily_result_pdf
201809030703,2018,阪神,3,7,3,2018-06-23,https://www.jra.go.jp/datafile/seiseki/report/2018/2018-3hanshin7.pdf,official_daily_result_pdf
201809030704,2018,阪神,3,7,4,2018-06-23,https://www.jra.go.jp/datafile/seiseki/report/2018/2018-3hanshin7.pdf,official_daily_result_pdf
201809030705,2018,阪神,3,7,5,2018-06-23,https://www.jra.go.jp/datafile/seiseki/report/2018/2018-3hanshin7.pdf,official_daily_result_pdf
201809030706,2018,阪神,3,7,6,2018-06-23,https://www.jra.go.jp/datafile/seiseki/report/2018/2018-3hanshin7.pdf,official_daily_result_pdf
201809030707,2018,阪神,3,7,7,2018-06-23,https://www.jra.go.jp/datafile/seiseki/report/2018/2018-3hanshin7.pdf,official_daily_result_pdf
201809030708,2018,阪神,3,7,8,2018-06-23,https://www.jra.go.jp/datafile/seiseki/report/2018/2018-3hanshin7.pdf,official_daily_result_pdf
201809030709,2018,阪神,3,7,9,2018-06-23,https://www.jra.go.jp/datafile/seiseki/report/2018/2018-3hanshin7.pdf,official_daily_result_pdf
201809030710,2018,阪神,3,7,10,2018-06-23,https://www.jra.go.jp/datafile/seiseki/report/2018/2018-3hanshin7.pdf,official_daily_result_pdf
201809030711,2018,阪神,3,7,11,2018-06-23,https://www.jra.go.jp/datafile/seiseki/report/2018/2018-3hanshin7.pdf,official_daily_result_pdf
201809030712,2018,阪神,3,7,12,2018-06-23,https://www.jra.go.jp/datafile/seiseki/report/2018/2018-3hanshin7.pdf,official_daily_result_pdf
201809030801,2018,阪神,3,8,1,2018-06-24,https://www.jra.go.jp/datafile/seiseki/report/2018/2018-3hanshin8.pdf,official_daily_result_pdf
201809030802,2018,阪神,3,8,2,2018-06-24,https://www.jra.go.jp/datafile/seiseki/report/2018/2018-3hanshin8.pdf,official_daily_result_pdf
201809030803,2018,阪神,3,8,3,2018-06-24,https://www.jra.go.jp/datafile/seiseki/report/2018/2018-3hanshin8.pdf,official_daily_result_pdf
201809030804,2018,阪神,3,8,4,2018-06-24,https://www.jra.go.jp/datafile/seiseki/report/2018/2018-3hanshin8.pdf,official_daily_result_pdf
201809030805,2018,阪神,3,8,5,2018-06-24,https://www.jra.go.jp/datafile/seiseki/report/2018/2018-3hanshin8.pdf,official_daily_result_pdf
201809030806,2018,阪神,3,8,6,2018-06-24,https://www.jra.go.jp/datafile/seiseki/report/2018/2018-3hanshin8.pdf,official_daily_result_pdf
201809030807,2018,阪神,3,8,7,2018-06-24,https://www.jra.go.jp/datafile/seiseki/report/2018/2018-3hanshin8.pdf,official_daily_result_pdf
201809030808,2018,阪神,3,8,8,2018-06-24,https://www.jra.go.jp/datafile/seiseki/report/2018/2018-3hanshin8.pdf,official_daily_result_pdf
201809030809,2018,阪神,3,8,9,2018-06-24,https://www.jra.go.jp/datafile/seiseki/report/2018/2018-3hanshin8.pdf,official_daily_result_pdf
201809030810,2018,阪神,3,8,10,2018-06-24,https://www.jra.go.jp/datafile/seiseki/report/2018/2018-3hanshin8.pdf,official_daily_result_pdf
201809030811,2018,阪神,3,8,11,2018-06-24,https://www.jra.go.jp/datafile/seiseki/report/2018/2018-3hanshin8.pdf,official_daily_result_pdf
201809030812,2018,阪神,3,8,12,2018-06-24,https://www.jra.go.jp/datafile/seiseki/report/2018/2018-3hanshin8.pdf,official_daily_result_pdf
201809040101,2018,阪神,4,1,1,2018-09-08,https://www.jra.go.jp/datafile/seiseki/report/2018/2018-4hanshin1.pdf,official_daily_result_pdf
201809040102,2018,阪神,4,1,2,2018-09-08,https://www.jra.go.jp/datafile/seiseki/report/2018/2018-4hanshin1.pdf,official_daily_result_pdf
201809040103,2018,阪神,4,1,3,2018-09-08,https://www.jra.go.jp/datafile/seiseki/report/2018/2018-4hanshin1.pdf,official_daily_result_pdf
201809040104,2018,阪神,4,1,4,2018-09-08,https://www.jra.go.jp/datafile/seiseki/report/2018/2018-4hanshin1.pdf,official_daily_result_pdf
201809040105,2018,阪神,4,1,5,2018-09-08,https://www.jra.go.jp/datafile/seiseki/report/2018/2018-4hanshin1.pdf,official_daily_result_pdf
201809040106,2018,阪神,4,1,6,2018-09-08,https://www.jra.go.jp/datafile/seiseki/report/2018/2018-4hanshin1.pdf,official_daily_result_pdf
201809040107,2018,阪神,4,1,7,2018-09-08,https://www.jra.go.jp/datafile/seiseki/report/2018/2018-4hanshin1.pdf,official_daily_result_pdf
201809040108,2018,阪神,4,1,8,2018-09-08,https://www.jra.go.jp/datafile/seiseki/report/2018/2018-4hanshin1.pdf,official_daily_result_pdf
201809040109,2018,阪神,4,1,9,2018-09-08,https://www.jra.go.jp/datafile/seiseki/report/2018/2018-4hanshin1.pdf,official_daily_result_pdf
201809040110,2018,阪神,4,1,10,2018-09-08,https://www.jra.go.jp/datafile/seiseki/report/2018/2018-4hanshin1.pdf,official_daily_result_pdf
201809040111,2018,阪神,4,1,11,2018-09-08,https://www.jra.go.jp/datafile/seiseki/report/2018/2018-4hanshin1.pdf,official_daily_result_pdf
201809040112,2018,阪神,4,1,12,2018-09-08,https://www.jra.go.jp/datafile/seiseki/report/2018/2018-4hanshin1.pdf,official_daily_result_pdf
201809040201,2018,阪神,4,2,1,2018-09-09,https://www.jra.go.jp/datafile/seiseki/report/2018/2018-4hanshin2.pdf,official_daily_result_pdf
201809040202,2018,阪神,4,2,2,2018-09-09,https://www.jra.go.jp/datafile/seiseki/report/2018/2018-4hanshin2.pdf,official_daily_result_pdf
201809040203,2018,阪神,4,2,3,2018-09-09,https://www.jra.go.jp/datafile/seiseki/report/2018/2018-4hanshin2.pdf,official_daily_result_pdf
201809040204,2018,阪神,4,2,4,2018-09-09,https://www.jra.go.jp/datafile/seiseki/report/2018/2018-4hanshin2.pdf,official_daily_result_pdf
201809040205,2018,阪神,4,2,5,2018-09-09,https://www.jra.go.jp/datafile/seiseki/report/2018/2018-4hanshin2.pdf,official_daily_result_pdf
201809040206,2018,阪神,4,2,6,2018-09-09,https://www.jra.go.jp/datafile/seiseki/report/2018/2018-4hanshin2.pdf,official_daily_result_pdf
201809040207,2018,阪神,4,2,7,2018-09-09,https://www.jra.go.jp/datafile/seiseki/report/2018/2018-4hanshin2.pdf,official_daily_result_pdf
201809040208,2018,阪神,4,2,8,2018-09-09,https://www.jra.go.jp/datafile/seiseki/report/2018/2018-4hanshin2.pdf,official_daily_result_pdf
201809040209,2018,阪神,4,2,9,2018-09-09,https://www.jra.go.jp/datafile/seiseki/report/2018/2018-4hanshin2.pdf,official_daily_result_pdf
201809040210,2018,阪神,4,2,10,2018-09-09,https://www.jra.go.jp/datafile/seiseki/report/2018/2018-4hanshin2.pdf,official_daily_result_pdf
201809040211,2018,阪神,4,2,11,2018-09-09,https://www.jra.go.jp/datafile/seiseki/report/2018/2018-4hanshin2.pdf,official_daily_result_pdf
201809040212,2018,阪神,4,2,12,2018-09-09,https://www.jra.go.jp/datafile/seiseki/report/2018/2018-4hanshin2.pdf,official_daily_result_pdf
201809040301,2018,阪神,4,3,1,2018-09-15,https://www.jra.go.jp/datafile/seiseki/report/2018/2018-4hanshin3.pdf,official_daily_result_pdf
201809040302,2018,阪神,4,3,2,2018-09-15,https://www.jra.go.jp/datafile/seiseki/report/2018/2018-4hanshin3.pdf,official_daily_result_pdf
201809040303,2018,阪神,4,3,3,2018-09-15,https://www.jra.go.jp/datafile/seiseki/report/2018/2018-4hanshin3.pdf,official_daily_result_pdf
201809040304,2018,阪神,4,3,4,2018-09-15,https://www.jra.go.jp/datafile/seiseki/report/2018/2018-4hanshin3.pdf,official_daily_result_pdf
201809040305,2018,阪神,4,3,5,2018-09-15,https://www.jra.go.jp/datafile/seiseki/report/2018/2018-4hanshin3.pdf,official_daily_result_pdf
201809040306,2018,阪神,4,3,6,2018-09-15,https://www.jra.go.jp/datafile/seiseki/report/2018/2018-4hanshin3.pdf,official_daily_result_pdf
201809040307,2018,阪神,4,3,7,2018-09-15,https://www.jra.go.jp/datafile/seiseki/report/2018/2018-4hanshin3.pdf,official_daily_result_pdf
201809040308,2018,阪神,4,3,8,2018-09-15,https://www.jra.go.jp/datafile/seiseki/report/2018/2018-4hanshin3.pdf,official_daily_result_pdf
201809040309,2018,阪神,4,3,9,2018-09-15,https://www.jra.go.jp/datafile/seiseki/report/2018/2018-4hanshin3.pdf,official_daily_result_pdf
201809040310,2018,阪神,4,3,10,2018-09-15,https://www.jra.go.jp/datafile/seiseki/report/2018/2018-4hanshin3.pdf,official_daily_result_pdf
201809040311,2018,阪神,4,3,11,2018-09-15,https://www.jra.go.jp/datafile/seiseki/report/2018/2018-4hanshin3.pdf,official_daily_result_pdf
201809040312,2018,阪神,4,3,12,2018-09-15,https://www.jra.go.jp/datafile/seiseki/report/2018/2018-4hanshin3.pdf,official_daily_result_pdf
201809040401,2018,阪神,4,4,1,2018-09-16,https://www.jra.go.jp/datafile/seiseki/report/2018/2018-4hanshin4.pdf,official_daily_result_pdf
201809040402,2018,阪神,4,4,2,2018-09-16,https://www.jra.go.jp/datafile/seiseki/report/2018/2018-4hanshin4.pdf,official_daily_result_pdf
201809040403,2018,阪神,4,4,3,2018-09-16,https://www.jra.go.jp/datafile/seiseki/report/2018/2018-4hanshin4.pdf,official_daily_result_pdf
201809040404,2018,阪神,4,4,4,2018-09-16,https://www.jra.go.jp/datafile/seiseki/report/2018/2018-4hanshin4.pdf,official_daily_result_pdf
201809040405,2018,阪神,4,4,5,2018-09-16,https://www.jra.go.jp/datafile/seiseki/report/2018/2018-4hanshin4.pdf,official_daily_result_pdf
201809040406,2018,阪神,4,4,6,2018-09-16,https://www.jra.go.jp/datafile/seiseki/report/2018/2018-4hanshin4.pdf,official_daily_result_pdf
201809040407,2018,阪神,4,4,7,2018-09-16,https://www.jra.go.jp/datafile/seiseki/report/2018/2018-4hanshin4.pdf,official_daily_result_pdf
201809040408,2018,阪神,4,4,8,2018-09-16,https://www.jra.go.jp/datafile/seiseki/report/2018/2018-4hanshin4.pdf,official_daily_result_pdf
201809040409,2018,阪神,4,4,9,2018-09-16,https://www.jra.go.jp/datafile/seiseki/report/2018/2018-4hanshin4.pdf,official_daily_result_pdf
201809040410,2018,阪神,4,4,10,2018-09-16,https://www.jra.go.jp/datafile/seiseki/report/2018/2018-4hanshin4.pdf,official_daily_result_pdf
201809040411,2018,阪神,4,4,11,2018-09-16,https://www.jra.go.jp/datafile/seiseki/report/2018/2018-4hanshin4.pdf,official_daily_result_pdf
201809040412,2018,阪神,4,4,12,2018-09-16,https://www.jra.go.jp/datafile/seiseki/report/2018/2018-4hanshin4.pdf,official_daily_result_pdf
201809040501,2018,阪神,4,5,1,2018-09-17,https://www.jra.go.jp/datafile/seiseki/report/2018/2018-4hanshin5.pdf,official_daily_result_pdf
201809040502,2018,阪神,4,5,2,2018-09-17,https://www.jra.go.jp/datafile/seiseki/report/2018/2018-4hanshin5.pdf,official_daily_result_pdf
201809040503,2018,阪神,4,5,3,2018-09-17,https://www.jra.go.jp/datafile/seiseki/report/2018/2018-4hanshin5.pdf,official_daily_result_pdf
201809040504,2018,阪神,4,5,4,2018-09-17,https://www.jra.go.jp/datafile/seiseki/report/2018/2018-4hanshin5.pdf,official_daily_result_pdf
201809040505,2018,阪神,4,5,5,2018-09-17,https://www.jra.go.jp/datafile/seiseki/report/2018/2018-4hanshin5.pdf,official_daily_result_pdf
201809040506,2018,阪神,4,5,6,2018-09-17,https://www.jra.go.jp/datafile/seiseki/report/2018/2018-4hanshin5.pdf,official_daily_result_pdf
201809040507,2018,阪神,4,5,7,2018-09-17,https://www.jra.go.jp/datafile/seiseki/report/2018/2018-4hanshin5.pdf,official_daily_result_pdf
201809040508,2018,阪神,4,5,8,2018-09-17,https://www.jra.go.jp/datafile/seiseki/report/2018/2018-4hanshin5.pdf,official_daily_result_pdf
201809040509,2018,阪神,4,5,9,2018-09-17,https://www.jra.go.jp/datafile/seiseki/report/2018/2018-4hanshin5.pdf,official_daily_result_pdf
201809040510,2018,阪神,4,5,10,2018-09-17,https://www.jra.go.jp/datafile/seiseki/report/2018/2018-4hanshin5.pdf,official_daily_result_pdf
201809040511,2018,阪神,4,5,11,2018-09-17,https://www.jra.go.jp/datafile/seiseki/report/2018/2018-4hanshin5.pdf,official_daily_result_pdf
201809040512,2018,阪神,4,5,12,2018-09-17,https://www.jra.go.jp/datafile/seiseki/report/2018/2018-4hanshin5.pdf,official_daily_result_pdf
201809040601,2018,阪神,4,6,1,2018-09-22,https://www.jra.go.jp/datafile/seiseki/report/2018/2018-4hanshin6.pdf,official_daily_result_pdf
201809040602,2018,阪神,4,6,2,2018-09-22,https://www.jra.go.jp/datafile/seiseki/report/2018/2018-4hanshin6.pdf,official_daily_result_pdf
201809040603,2018,阪神,4,6,3,2018-09-22,https://www.jra.go.jp/datafile/seiseki/report/2018/2018-4hanshin6.pdf,official_daily_result_pdf
201809040604,2018,阪神,4,6,4,2018-09-22,https://www.jra.go.jp/datafile/seiseki/report/2018/2018-4hanshin6.pdf,official_daily_result_pdf
201809040605,2018,阪神,4,6,5,2018-09-22,https://www.jra.go.jp/datafile/seiseki/report/2018/2018-4hanshin6.pdf,official_daily_result_pdf
201809040606,2018,阪神,4,6,6,2018-09-22,https://www.jra.go.jp/datafile/seiseki/report/2018/2018-4hanshin6.pdf,official_daily_result_pdf
201809040607,2018,阪神,4,6,7,2018-09-22,https://www.jra.go.jp/datafile/seiseki/report/2018/2018-4hanshin6.pdf,official_daily_result_pdf
201809040608,2018,阪神,4,6,8,2018-09-22,https://www.jra.go.jp/datafile/seiseki/report/2018/2018-4hanshin6.pdf,official_daily_result_pdf
201809040609,2018,阪神,4,6,9,2018-09-22,https://www.jra.go.jp/datafile/seiseki/report/2018/2018-4hanshin6.pdf,official_daily_result_pdf
201809040610,2018,阪神,4,6,10,2018-09-22,https://www.jra.go.jp/datafile/seiseki/report/2018/2018-4hanshin6.pdf,official_daily_result_pdf
201809040611,2018,阪神,4,6,11,2018-09-22,https://www.jra.go.jp/datafile/seiseki/report/2018/2018-4hanshin6.pdf,official_daily_result_pdf
201809040612,2018,阪神,4,6,12,2018-09-22,https://www.jra.go.jp/datafile/seiseki/report/2018/2018-4hanshin6.pdf,official_daily_result_pdf
201809040701,2018,阪神,4,7,1,2018-09-23,https://www.jra.go.jp/datafile/seiseki/report/2018/2018-4hanshin7.pdf,official_daily_result_pdf
201809040702,2018,阪神,4,7,2,2018-09-23,https://www.jra.go.jp/datafile/seiseki/report/2018/2018-4hanshin7.pdf,official_daily_result_pdf
201809040703,2018,阪神,4,7,3,2018-09-23,https://www.jra.go.jp/datafile/seiseki/report/2018/2018-4hanshin7.pdf,official_daily_result_pdf
201809040704,2018,阪神,4,7,4,2018-09-23,https://www.jra.go.jp/datafile/seiseki/report/2018/2018-4hanshin7.pdf,official_daily_result_pdf
201809040705,2018,阪神,4,7,5,2018-09-23,https://www.jra.go.jp/datafile/seiseki/report/2018/2018-4hanshin7.pdf,official_daily_result_pdf
201809040706,2018,阪神,4,7,6,2018-09-23,https://www.jra.go.jp/datafile/seiseki/report/2018/2018-4hanshin7.pdf,official_daily_result_pdf
201809040707,2018,阪神,4,7,7,2018-09-23,https://www.jra.go.jp/datafile/seiseki/report/2018/2018-4hanshin7.pdf,official_daily_result_pdf
201809040708,2018,阪神,4,7,8,2018-09-23,https://www.jra.go.jp/datafile/seiseki/report/2018/2018-4hanshin7.pdf,official_daily_result_pdf
201809040709,2018,阪神,4,7,9,2018-09-23,https://www.jra.go.jp/datafile/seiseki/report/2018/2018-4hanshin7.pdf,official_daily_result_pdf
201809040710,2018,阪神,4,7,10,2018-09-23,https://www.jra.go.jp/datafile/seiseki/report/2018/2018-4hanshin7.pdf,official_daily_result_pdf
201809040711,2018,阪神,4,7,11,2018-09-23,https://www.jra.go.jp/datafile/seiseki/report/2018/2018-4hanshin7.pdf,official_daily_result_pdf
201809040712,2018,阪神,4,7,12,2018-09-23,https://www.jra.go.jp/datafile/seiseki/report/2018/2018-4hanshin7.pdf,official_daily_result_pdf
201809040801,2018,阪神,4,8,1,2018-09-29,https://www.jra.go.jp/datafile/seiseki/report/2018/2018-4hanshin8.pdf,official_daily_result_pdf
201809040802,2018,阪神,4,8,2,2018-09-29,https://www.jra.go.jp/datafile/seiseki/report/2018/2018-4hanshin8.pdf,official_daily_result_pdf
201809040803,2018,阪神,4,8,3,2018-09-29,https://www.jra.go.jp/datafile/seiseki/report/2018/2018-4hanshin8.pdf,official_daily_result_pdf
201809040804,2018,阪神,4,8,4,2018-09-29,https://www.jra.go.jp/datafile/seiseki/report/2018/2018-4hanshin8.pdf,official_daily_result_pdf
201809040805,2018,阪神,4,8,5,2018-09-29,https://www.jra.go.jp/datafile/seiseki/report/2018/2018-4hanshin8.pdf,official_daily_result_pdf
201809040806,2018,阪神,4,8,6,2018-09-29,https://www.jra.go.jp/datafile/seiseki/report/2018/2018-4hanshin8.pdf,official_daily_result_pdf
201809040807,2018,阪神,4,8,7,2018-09-29,https://www.jra.go.jp/datafile/seiseki/report/2018/2018-4hanshin8.pdf,official_daily_result_pdf
201809040808,2018,阪神,4,8,8,2018-09-29,https://www.jra.go.jp/datafile/seiseki/report/2018/2018-4hanshin8.pdf,official_daily_result_pdf
201809040809,2018,阪神,4,8,9,2018-09-29,https://www.jra.go.jp/datafile/seiseki/report/2018/2018-4hanshin8.pdf,official_daily_result_pdf
201809040810,2018,阪神,4,8,10,2018-09-29,https://www.jra.go.jp/datafile/seiseki/report/2018/2018-4hanshin8.pdf,official_daily_result_pdf
201809040811,2018,阪神,4,8,11,2018-09-29,https://www.jra.go.jp/datafile/seiseki/report/2018/2018-4hanshin8.pdf,official_daily_result_pdf
201809040812,2018,阪神,4,8,12,2018-09-29,https://www.jra.go.jp/datafile/seiseki/report/2018/2018-4hanshin8.pdf,official_daily_result_pdf
201809040901,2018,阪神,4,9,1,2018-10-02,https://www.jra.go.jp/datafile/seiseki/report/2018/2018-4hanshin9.pdf,official_daily_result_pdf
201809040902,2018,阪神,4,9,2,2018-10-02,https://www.jra.go.jp/datafile/seiseki/report/2018/2018-4hanshin9.pdf,official_daily_result_pdf
201809040903,2018,阪神,4,9,3,2018-10-02,https://www.jra.go.jp/datafile/seiseki/report/2018/2018-4hanshin9.pdf,official_daily_result_pdf
201809040904,2018,阪神,4,9,4,2018-10-02,https://www.jra.go.jp/datafile/seiseki/report/2018/2018-4hanshin9.pdf,official_daily_result_pdf
201809040905,2018,阪神,4,9,5,2018-10-02,https://www.jra.go.jp/datafile/seiseki/report/2018/2018-4hanshin9.pdf,official_daily_result_pdf
201809040906,2018,阪神,4,9,6,2018-10-02,https://www.jra.go.jp/datafile/seiseki/report/2018/2018-4hanshin9.pdf,official_daily_result_pdf
201809040907,2018,阪神,4,9,7,2018-10-02,https://www.jra.go.jp/datafile/seiseki/report/2018/2018-4hanshin9.pdf,official_daily_result_pdf
201809040908,2018,阪神,4,9,8,2018-10-02,https://www.jra.go.jp/datafile/seiseki/report/2018/2018-4hanshin9.pdf,official_daily_result_pdf
201809040909,2018,阪神,4,9,9,2018-10-02,https://www.jra.go.jp/datafile/seiseki/report/2018/2018-4hanshin9.pdf,official_daily_result_pdf
201809040910,2018,阪神,4,9,10,2018-10-02,https://www.jra.go.jp/datafile/seiseki/report/2018/2018-4hanshin9.pdf,official_daily_result_pdf
201809040911,2018,阪神,4,9,11,2018-10-02,https://www.jra.go.jp/datafile/seiseki/report/2018/2018-4hanshin9.pdf,official_daily_result_pdf
201809040912,2018,阪神,4,9,12,2018-10-02,https://www.jra.go.jp/datafile/seiseki/report/2018/2018-4hanshin9.pdf,official_daily_result_pdf
201809050101,2018,阪神,5,1,1,2018-12-01,https://www.jra.go.jp/datafile/seiseki/report/2018/2018-5hanshin1.pdf,official_daily_result_pdf
201809050102,2018,阪神,5,1,2,2018-12-01,https://www.jra.go.jp/datafile/seiseki/report/2018/2018-5hanshin1.pdf,official_daily_result_pdf
201809050103,2018,阪神,5,1,3,2018-12-01,https://www.jra.go.jp/datafile/seiseki/report/2018/2018-5hanshin1.pdf,official_daily_result_pdf
201809050104,2018,阪神,5,1,4,2018-12-01,https://www.jra.go.jp/datafile/seiseki/report/2018/2018-5hanshin1.pdf,official_daily_result_pdf
201809050105,2018,阪神,5,1,5,2018-12-01,https://www.jra.go.jp/datafile/seiseki/report/2018/2018-5hanshin1.pdf,official_daily_result_pdf
201809050106,2018,阪神,5,1,6,2018-12-01,https://www.jra.go.jp/datafile/seiseki/report/2018/2018-5hanshin1.pdf,official_daily_result_pdf
201809050107,2018,阪神,5,1,7,2018-12-01,https://www.jra.go.jp/datafile/seiseki/report/2018/2018-5hanshin1.pdf,official_daily_result_pdf
201809050108,2018,阪神,5,1,8,2018-12-01,https://www.jra.go.jp/datafile/seiseki/report/2018/2018-5hanshin1.pdf,official_daily_result_pdf
201809050109,2018,阪神,5,1,9,2018-12-01,https://www.jra.go.jp/datafile/seiseki/report/2018/2018-5hanshin1.pdf,official_daily_result_pdf
201809050110,2018,阪神,5,1,10,2018-12-01,https://www.jra.go.jp/datafile/seiseki/report/2018/2018-5hanshin1.pdf,official_daily_result_pdf
201809050111,2018,阪神,5,1,11,2018-12-01,https://www.jra.go.jp/datafile/seiseki/report/2018/2018-5hanshin1.pdf,official_daily_result_pdf
201809050112,2018,阪神,5,1,12,2018-12-01,https://www.jra.go.jp/datafile/seiseki/report/2018/2018-5hanshin1.pdf,official_daily_result_pdf
201809050201,2018,阪神,5,2,1,2018-12-02,https://www.jra.go.jp/datafile/seiseki/report/2018/2018-5hanshin2.pdf,official_daily_result_pdf
201809050202,2018,阪神,5,2,2,2018-12-02,https://www.jra.go.jp/datafile/seiseki/report/2018/2018-5hanshin2.pdf,official_daily_result_pdf
201809050203,2018,阪神,5,2,3,2018-12-02,https://www.jra.go.jp/datafile/seiseki/report/2018/2018-5hanshin2.pdf,official_daily_result_pdf
201809050204,2018,阪神,5,2,4,2018-12-02,https://www.jra.go.jp/datafile/seiseki/report/2018/2018-5hanshin2.pdf,official_daily_result_pdf
201809050205,2018,阪神,5,2,5,2018-12-02,https://www.jra.go.jp/datafile/seiseki/report/2018/2018-5hanshin2.pdf,official_daily_result_pdf
201809050206,2018,阪神,5,2,6,2018-12-02,https://www.jra.go.jp/datafile/seiseki/report/2018/2018-5hanshin2.pdf,official_daily_result_pdf
201809050207,2018,阪神,5,2,7,2018-12-02,https://www.jra.go.jp/datafile/seiseki/report/2018/2018-5hanshin2.pdf,official_daily_result_pdf
201809050208,2018,阪神,5,2,8,2018-12-02,https://www.jra.go.jp/datafile/seiseki/report/2018/2018-5hanshin2.pdf,official_daily_result_pdf
201809050209,2018,阪神,5,2,9,2018-12-02,https://www.jra.go.jp/datafile/seiseki/report/2018/2018-5hanshin2.pdf,official_daily_result_pdf
201809050210,2018,阪神,5,2,10,2018-12-02,https://www.jra.go.jp/datafile/seiseki/report/2018/2018-5hanshin2.pdf,official_daily_result_pdf
201809050211,2018,阪神,5,2,11,2018-12-02,https://www.jra.go.jp/datafile/seiseki/report/2018/2018-5hanshin2.pdf,official_daily_result_pdf
201809050212,2018,阪神,5,2,12,2018-12-02,https://www.jra.go.jp/datafile/seiseki/report/2018/2018-5hanshin2.pdf,official_daily_result_pdf
201809050301,2018,阪神,5,3,1,2018-12-08,https://www.jra.go.jp/datafile/seiseki/report/2018/2018-5hanshin3.pdf,official_daily_result_pdf
201809050302,2018,阪神,5,3,2,2018-12-08,https://www.jra.go.jp/datafile/seiseki/report/2018/2018-5hanshin3.pdf,official_daily_result_pdf
201809050303,2018,阪神,5,3,3,2018-12-08,https://www.jra.go.jp/datafile/seiseki/report/2018/2018-5hanshin3.pdf,official_daily_result_pdf
201809050304,2018,阪神,5,3,4,2018-12-08,https://www.jra.go.jp/datafile/seiseki/report/2018/2018-5hanshin3.pdf,official_daily_result_pdf
201809050305,2018,阪神,5,3,5,2018-12-08,https://www.jra.go.jp/datafile/seiseki/report/2018/2018-5hanshin3.pdf,official_daily_result_pdf
201809050306,2018,阪神,5,3,6,2018-12-08,https://www.jra.go.jp/datafile/seiseki/report/2018/2018-5hanshin3.pdf,official_daily_result_pdf
201809050307,2018,阪神,5,3,7,2018-12-08,https://www.jra.go.jp/datafile/seiseki/report/2018/2018-5hanshin3.pdf,official_daily_result_pdf
201809050308,2018,阪神,5,3,8,2018-12-08,https://www.jra.go.jp/datafile/seiseki/report/2018/2018-5hanshin3.pdf,official_daily_result_pdf
201809050309,2018,阪神,5,3,9,2018-12-08,https://www.jra.go.jp/datafile/seiseki/report/2018/2018-5hanshin3.pdf,official_daily_result_pdf
201809050310,2018,阪神,5,3,10,2018-12-08,https://www.jra.go.jp/datafile/seiseki/report/2018/2018-5hanshin3.pdf,official_daily_result_pdf
201809050311,2018,阪神,5,3,11,2018-12-08,https://www.jra.go.jp/datafile/seiseki/report/2018/2018-5hanshin3.pdf,official_daily_result_pdf
201809050312,2018,阪神,5,3,12,2018-12-08,https://www.jra.go.jp/datafile/seiseki/report/2018/2018-5hanshin3.pdf,official_daily_result_pdf
201809050401,2018,阪神,5,4,1,2018-12-09,https://www.jra.go.jp/datafile/seiseki/report/2018/2018-5hanshin4.pdf,official_daily_result_pdf
201809050402,2018,阪神,5,4,2,2018-12-09,https://www.jra.go.jp/datafile/seiseki/report/2018/2018-5hanshin4.pdf,official_daily_result_pdf
201809050403,2018,阪神,5,4,3,2018-12-09,https://www.jra.go.jp/datafile/seiseki/report/2018/2018-5hanshin4.pdf,official_daily_result_pdf
201809050404,2018,阪神,5,4,4,2018-12-09,https://www.jra.go.jp/datafile/seiseki/report/2018/2018-5hanshin4.pdf,official_daily_result_pdf
201809050405,2018,阪神,5,4,5,2018-12-09,https://www.jra.go.jp/datafile/seiseki/report/2018/2018-5hanshin4.pdf,official_daily_result_pdf
201809050406,2018,阪神,5,4,6,2018-12-09,https://www.jra.go.jp/datafile/seiseki/report/2018/2018-5hanshin4.pdf,official_daily_result_pdf
201809050407,2018,阪神,5,4,7,2018-12-09,https://www.jra.go.jp/datafile/seiseki/report/2018/2018-5hanshin4.pdf,official_daily_result_pdf
201809050408,2018,阪神,5,4,8,2018-12-09,https://www.jra.go.jp/datafile/seiseki/report/2018/2018-5hanshin4.pdf,official_daily_result_pdf
201809050409,2018,阪神,5,4,9,2018-12-09,https://www.jra.go.jp/datafile/seiseki/report/2018/2018-5hanshin4.pdf,official_daily_result_pdf
201809050410,2018,阪神,5,4,10,2018-12-09,https://www.jra.go.jp/datafile/seiseki/report/2018/2018-5hanshin4.pdf,official_daily_result_pdf
201809050411,2018,阪神,5,4,11,2018-12-09,https://www.jra.go.jp/datafile/seiseki/report/2018/2018-5hanshin4.pdf,official_daily_result_pdf
201809050412,2018,阪神,5,4,12,2018-12-09,https://www.jra.go.jp/datafile/seiseki/report/2018/2018-5hanshin4.pdf,official_daily_result_pdf
201809050501,2018,阪神,5,5,1,2018-12-15,https://www.jra.go.jp/datafile/seiseki/report/2018/2018-5hanshin5.pdf,official_daily_result_pdf
201809050502,2018,阪神,5,5,2,2018-12-15,https://www.jra.go.jp/datafile/seiseki/report/2018/2018-5hanshin5.pdf,official_daily_result_pdf
201809050503,2018,阪神,5,5,3,2018-12-15,https://www.jra.go.jp/datafile/seiseki/report/2018/2018-5hanshin5.pdf,official_daily_result_pdf
201809050504,2018,阪神,5,5,4,2018-12-15,https://www.jra.go.jp/datafile/seiseki/report/2018/2018-5hanshin5.pdf,official_daily_result_pdf
201809050505,2018,阪神,5,5,5,2018-12-15,https://www.jra.go.jp/datafile/seiseki/report/2018/2018-5hanshin5.pdf,official_daily_result_pdf
201809050506,2018,阪神,5,5,6,2018-12-15,https://www.jra.go.jp/datafile/seiseki/report/2018/2018-5hanshin5.pdf,official_daily_result_pdf
201809050507,2018,阪神,5,5,7,2018-12-15,https://www.jra.go.jp/datafile/seiseki/report/2018/2018-5hanshin5.pdf,official_daily_result_pdf
201809050508,2018,阪神,5,5,8,2018-12-15,https://www.jra.go.jp/datafile/seiseki/report/2018/2018-5hanshin5.pdf,official_daily_result_pdf
201809050509,2018,阪神,5,5,9,2018-12-15,https://www.jra.go.jp/datafile/seiseki/report/2018/2018-5hanshin5.pdf,official_daily_result_pdf
201809050510,2018,阪神,5,5,10,2018-12-15,https://www.jra.go.jp/datafile/seiseki/report/2018/2018-5hanshin5.pdf,official_daily_result_pdf
201809050511,2018,阪神,5,5,11,2018-12-15,https://www.jra.go.jp/datafile/seiseki/report/2018/2018-5hanshin5.pdf,official_daily_result_pdf
201809050512,2018,阪神,5,5,12,2018-12-15,https://www.jra.go.jp/datafile/seiseki/report/2018/2018-5hanshin5.pdf,official_daily_result_pdf
201809050601,2018,阪神,5,6,1,2018-12-16,https://www.jra.go.jp/datafile/seiseki/report/2018/2018-5hanshin6.pdf,official_daily_result_pdf
201809050602,2018,阪神,5,6,2,2018-12-16,https://www.jra.go.jp/datafile/seiseki/report/2018/2018-5hanshin6.pdf,official_daily_result_pdf
201809050603,2018,阪神,5,6,3,2018-12-16,https://www.jra.go.jp/datafile/seiseki/report/2018/2018-5hanshin6.pdf,official_daily_result_pdf
201809050604,2018,阪神,5,6,4,2018-12-16,https://www.jra.go.jp/datafile/seiseki/report/2018/2018-5hanshin6.pdf,official_daily_result_pdf
201809050605,2018,阪神,5,6,5,2018-12-16,https://www.jra.go.jp/datafile/seiseki/report/2018/2018-5hanshin6.pdf,official_daily_result_pdf
201809050606,2018,阪神,5,6,6,2018-12-16,https://www.jra.go.jp/datafile/seiseki/report/2018/2018-5hanshin6.pdf,official_daily_result_pdf
201809050607,2018,阪神,5,6,7,2018-12-16,https://www.jra.go.jp/datafile/seiseki/report/2018/2018-5hanshin6.pdf,official_daily_result_pdf
201809050608,2018,阪神,5,6,8,2018-12-16,https://www.jra.go.jp/datafile/seiseki/report/2018/2018-5hanshin6.pdf,official_daily_result_pdf
201809050609,2018,阪神,5,6,9,2018-12-16,https://www.jra.go.jp/datafile/seiseki/report/2018/2018-5hanshin6.pdf,official_daily_result_pdf
201809050610,2018,阪神,5,6,10,2018-12-16,https://www.jra.go.jp/datafile/seiseki/report/2018/2018-5hanshin6.pdf,official_daily_result_pdf
201809050611,2018,阪神,5,6,11,2018-12-16,https://www.jra.go.jp/datafile/seiseki/report/2018/2018-5hanshin6.pdf,official_daily_result_pdf
201809050612,2018,阪神,5,6,12,2018-12-16,https://www.jra.go.jp/datafile/seiseki/report/2018/2018-5hanshin6.pdf,official_daily_result_pdf
201809050701,2018,阪神,5,7,1,2018-12-22,https://www.jra.go.jp/datafile/seiseki/report/2018/2018-5hanshin7.pdf,official_daily_result_pdf
201809050702,2018,阪神,5,7,2,2018-12-22,https://www.jra.go.jp/datafile/seiseki/report/2018/2018-5hanshin7.pdf,official_daily_result_pdf
201809050703,2018,阪神,5,7,3,2018-12-22,https://www.jra.go.jp/datafile/seiseki/report/2018/2018-5hanshin7.pdf,official_daily_result_pdf
201809050704,2018,阪神,5,7,4,2018-12-22,https://www.jra.go.jp/datafile/seiseki/report/2018/2018-5hanshin7.pdf,official_daily_result_pdf
201809050705,2018,阪神,5,7,5,2018-12-22,https://www.jra.go.jp/datafile/seiseki/report/2018/2018-5hanshin7.pdf,official_daily_result_pdf
201809050706,2018,阪神,5,7,6,2018-12-22,https://www.jra.go.jp/datafile/seiseki/report/2018/2018-5hanshin7.pdf,official_daily_result_pdf
201809050707,2018,阪神,5,7,7,2018-12-22,https://www.jra.go.jp/datafile/seiseki/report/2018/2018-5hanshin7.pdf,official_daily_result_pdf
201809050708,2018,阪神,5,7,8,2018-12-22,https://www.jra.go.jp/datafile/seiseki/report/2018/2018-5hanshin7.pdf,official_daily_result_pdf
201809050709,2018,阪神,5,7,9,2018-12-22,https://www.jra.go.jp/datafile/seiseki/report/2018/2018-5hanshin7.pdf,official_daily_result_pdf
201809050710,2018,阪神,5,7,10,2018-12-22,https://www.jra.go.jp/datafile/seiseki/report/2018/2018-5hanshin7.pdf,official_daily_result_pdf
201809050711,2018,阪神,5,7,11,2018-12-22,https://www.jra.go.jp/datafile/seiseki/report/2018/2018-5hanshin7.pdf,official_daily_result_pdf
201809050712,2018,阪神,5,7,12,2018-12-22,https://www.jra.go.jp/datafile/seiseki/report/2018/2018-5hanshin7.pdf,official_daily_result_pdf
201809050801,2018,阪神,5,8,1,2018-12-23,https://www.jra.go.jp/datafile/seiseki/report/2018/2018-5hanshin8.pdf,official_daily_result_pdf
201809050802,2018,阪神,5,8,2,2018-12-23,https://www.jra.go.jp/datafile/seiseki/report/2018/2018-5hanshin8.pdf,official_daily_result_pdf
201809050803,2018,阪神,5,8,3,2018-12-23,https://www.jra.go.jp/datafile/seiseki/report/2018/2018-5hanshin8.pdf,official_daily_result_pdf
201809050804,2018,阪神,5,8,4,2018-12-23,https://www.jra.go.jp/datafile/seiseki/report/2018/2018-5hanshin8.pdf,official_daily_result_pdf
201809050805,2018,阪神,5,8,5,2018-12-23,https://www.jra.go.jp/datafile/seiseki/report/2018/2018-5hanshin8.pdf,official_daily_result_pdf
201809050806,2018,阪神,5,8,6,2018-12-23,https://www.jra.go.jp/datafile/seiseki/report/2018/2018-5hanshin8.pdf,official_daily_result_pdf
201809050807,2018,阪神,5,8,7,2018-12-23,https://www.jra.go.jp/datafile/seiseki/report/2018/2018-5hanshin8.pdf,official_daily_result_pdf
201809050808,2018,阪神,5,8,8,2018-12-23,https://www.jra.go.jp/datafile/seiseki/report/2018/2018-5hanshin8.pdf,official_daily_result_pdf
201809050809,2018,阪神,5,8,9,2018-12-23,https://www.jra.go.jp/datafile/seiseki/report/2018/2018-5hanshin8.pdf,official_daily_result_pdf
201809050810,2018,阪神,5,8,10,2018-12-23,https://www.jra.go.jp/datafile/seiseki/report/2018/2018-5hanshin8.pdf,official_daily_result_pdf
201809050811,2018,阪神,5,8,11,2018-12-23,https://www.jra.go.jp/datafile/seiseki/report/2018/2018-5hanshin8.pdf,official_daily_result_pdf
201809050812,2018,阪神,5,8,12,2018-12-23,https://www.jra.go.jp/datafile/seiseki/report/2018/2018-5hanshin8.pdf,official_daily_result_pdf
201809050901,2018,阪神,5,9,1,2018-12-28,https://www.jra.go.jp/datafile/seiseki/report/2018/2018-5hanshin9.pdf,official_daily_result_pdf
201809050902,2018,阪神,5,9,2,2018-12-28,https://www.jra.go.jp/datafile/seiseki/report/2018/2018-5hanshin9.pdf,official_daily_result_pdf
201809050903,2018,阪神,5,9,3,2018-12-28,https://www.jra.go.jp/datafile/seiseki/report/2018/2018-5hanshin9.pdf,official_daily_result_pdf
201809050904,2018,阪神,5,9,4,2018-12-28,https://www.jra.go.jp/datafile/seiseki/report/2018/2018-5hanshin9.pdf,official_daily_result_pdf
201809050905,2018,阪神,5,9,5,2018-12-28,https://www.jra.go.jp/datafile/seiseki/report/2018/2018-5hanshin9.pdf,official_daily_result_pdf
201809050906,2018,阪神,5,9,6,2018-12-28,https://www.jra.go.jp/datafile/seiseki/report/2018/2018-5hanshin9.pdf,official_daily_result_pdf
201809050907,2018,阪神,5,9,7,2018-12-28,https://www.jra.go.jp/datafile/seiseki/report/2018/2018-5hanshin9.pdf,official_daily_result_pdf
201809050908,2018,阪神,5,9,8,2018-12-28,https://www.jra.go.jp/datafile/seiseki/report/2018/2018-5hanshin9.pdf,official_daily_result_pdf
201809050909,2018,阪神,5,9,9,2018-12-28,https://www.jra.go.jp/datafile/seiseki/report/2018/2018-5hanshin9.pdf,official_daily_result_pdf
201809050910,2018,阪神,5,9,10,2018-12-28,https://www.jra.go.jp/datafile/seiseki/report/2018/2018-5hanshin9.pdf,official_daily_result_pdf
201809050911,2018,阪神,5,9,11,2018-12-28,https://www.jra.go.jp/datafile/seiseki/report/2018/2018-5hanshin9.pdf,official_daily_result_pdf
201809050912,2018,阪神,5,9,12,2018-12-28,https://www.jra.go.jp/datafile/seiseki/report/2018/2018-5hanshin9.pdf,official_daily_result_pdf
201810010101,2018,小倉,1,1,1,2018-02-10,https://www.jra.go.jp/datafile/seiseki/report/2018/2018-1kokura1.pdf,official_daily_result_pdf
201810010102,2018,小倉,1,1,2,2018-02-10,https://www.jra.go.jp/datafile/seiseki/report/2018/2018-1kokura1.pdf,official_daily_result_pdf
201810010103,2018,小倉,1,1,3,2018-02-10,https://www.jra.go.jp/datafile/seiseki/report/2018/2018-1kokura1.pdf,official_daily_result_pdf
201810010104,2018,小倉,1,1,4,2018-02-10,https://www.jra.go.jp/datafile/seiseki/report/2018/2018-1kokura1.pdf,official_daily_result_pdf
201810010105,2018,小倉,1,1,5,2018-02-10,https://www.jra.go.jp/datafile/seiseki/report/2018/2018-1kokura1.pdf,official_daily_result_pdf
201810010106,2018,小倉,1,1,6,2018-02-10,https://www.jra.go.jp/datafile/seiseki/report/2018/2018-1kokura1.pdf,official_daily_result_pdf
201810010107,2018,小倉,1,1,7,2018-02-10,https://www.jra.go.jp/datafile/seiseki/report/2018/2018-1kokura1.pdf,official_daily_result_pdf
201810010108,2018,小倉,1,1,8,2018-02-10,https://www.jra.go.jp/datafile/seiseki/report/2018/2018-1kokura1.pdf,official_daily_result_pdf
201810010109,2018,小倉,1,1,9,2018-02-10,https://www.jra.go.jp/datafile/seiseki/report/2018/2018-1kokura1.pdf,official_daily_result_pdf
201810010110,2018,小倉,1,1,10,2018-02-10,https://www.jra.go.jp/datafile/seiseki/report/2018/2018-1kokura1.pdf,official_daily_result_pdf
201810010111,2018,小倉,1,1,11,2018-02-10,https://www.jra.go.jp/datafile/seiseki/report/2018/2018-1kokura1.pdf,official_daily_result_pdf
201810010112,2018,小倉,1,1,12,2018-02-10,https://www.jra.go.jp/datafile/seiseki/report/2018/2018-1kokura1.pdf,official_daily_result_pdf
201810010201,2018,小倉,1,2,1,2018-02-13,https://www.jra.go.jp/datafile/seiseki/report/2018/2018-1kokura2.pdf,official_daily_result_pdf
201810010202,2018,小倉,1,2,2,2018-02-13,https://www.jra.go.jp/datafile/seiseki/report/2018/2018-1kokura2.pdf,official_daily_result_pdf
201810010203,2018,小倉,1,2,3,2018-02-13,https://www.jra.go.jp/datafile/seiseki/report/2018/2018-1kokura2.pdf,official_daily_result_pdf
201810010204,2018,小倉,1,2,4,2018-02-13,https://www.jra.go.jp/datafile/seiseki/report/2018/2018-1kokura2.pdf,official_daily_result_pdf
201810010205,2018,小倉,1,2,5,2018-02-13,https://www.jra.go.jp/datafile/seiseki/report/2018/2018-1kokura2.pdf,official_daily_result_pdf
201810010206,2018,小倉,1,2,6,2018-02-13,https://www.jra.go.jp/datafile/seiseki/report/2018/2018-1kokura2.pdf,official_daily_result_pdf
201810010207,2018,小倉,1,2,7,2018-02-13,https://www.jra.go.jp/datafile/seiseki/report/2018/2018-1kokura2.pdf,official_daily_result_pdf
201810010208,2018,小倉,1,2,8,2018-02-13,https://www.jra.go.jp/datafile/seiseki/report/2018/2018-1kokura2.pdf,official_daily_result_pdf
201810010209,2018,小倉,1,2,9,2018-02-13,https://www.jra.go.jp/datafile/seiseki/report/2018/2018-1kokura2.pdf,official_daily_result_pdf
201810010210,2018,小倉,1,2,10,2018-02-13,https://www.jra.go.jp/datafile/seiseki/report/2018/2018-1kokura2.pdf,official_daily_result_pdf
201810010211,2018,小倉,1,2,11,2018-02-13,https://www.jra.go.jp/datafile/seiseki/report/2018/2018-1kokura2.pdf,official_daily_result_pdf
201810010212,2018,小倉,1,2,12,2018-02-13,https://www.jra.go.jp/datafile/seiseki/report/2018/2018-1kokura2.pdf,official_daily_result_pdf
201810010301,2018,小倉,1,3,1,2018-02-17,https://www.jra.go.jp/datafile/seiseki/report/2018/2018-1kokura3.pdf,official_daily_result_pdf
201810010302,2018,小倉,1,3,2,2018-02-17,https://www.jra.go.jp/datafile/seiseki/report/2018/2018-1kokura3.pdf,official_daily_result_pdf
201810010303,2018,小倉,1,3,3,2018-02-17,https://www.jra.go.jp/datafile/seiseki/report/2018/2018-1kokura3.pdf,official_daily_result_pdf
201810010304,2018,小倉,1,3,4,2018-02-17,https://www.jra.go.jp/datafile/seiseki/report/2018/2018-1kokura3.pdf,official_daily_result_pdf
201810010305,2018,小倉,1,3,5,2018-02-17,https://www.jra.go.jp/datafile/seiseki/report/2018/2018-1kokura3.pdf,official_daily_result_pdf
201810010306,2018,小倉,1,3,6,2018-02-17,https://www.jra.go.jp/datafile/seiseki/report/2018/2018-1kokura3.pdf,official_daily_result_pdf
201810010307,2018,小倉,1,3,7,2018-02-17,https://www.jra.go.jp/datafile/seiseki/report/2018/2018-1kokura3.pdf,official_daily_result_pdf
201810010308,2018,小倉,1,3,8,2018-02-17,https://www.jra.go.jp/datafile/seiseki/report/2018/2018-1kokura3.pdf,official_daily_result_pdf
201810010309,2018,小倉,1,3,9,2018-02-17,https://www.jra.go.jp/datafile/seiseki/report/2018/2018-1kokura3.pdf,official_daily_result_pdf
201810010310,2018,小倉,1,3,10,2018-02-17,https://www.jra.go.jp/datafile/seiseki/report/2018/2018-1kokura3.pdf,official_daily_result_pdf
201810010311,2018,小倉,1,3,11,2018-02-17,https://www.jra.go.jp/datafile/seiseki/report/2018/2018-1kokura3.pdf,official_daily_result_pdf
201810010312,2018,小倉,1,3,12,2018-02-17,https://www.jra.go.jp/datafile/seiseki/report/2018/2018-1kokura3.pdf,official_daily_result_pdf
201810010401,2018,小倉,1,4,1,2018-02-18,https://www.jra.go.jp/datafile/seiseki/report/2018/2018-1kokura4.pdf,official_daily_result_pdf
201810010402,2018,小倉,1,4,2,2018-02-18,https://www.jra.go.jp/datafile/seiseki/report/2018/2018-1kokura4.pdf,official_daily_result_pdf
201810010403,2018,小倉,1,4,3,2018-02-18,https://www.jra.go.jp/datafile/seiseki/report/2018/2018-1kokura4.pdf,official_daily_result_pdf
201810010404,2018,小倉,1,4,4,2018-02-18,https://www.jra.go.jp/datafile/seiseki/report/2018/2018-1kokura4.pdf,official_daily_result_pdf
201810010405,2018,小倉,1,4,5,2018-02-18,https://www.jra.go.jp/datafile/seiseki/report/2018/2018-1kokura4.pdf,official_daily_result_pdf
201810010406,2018,小倉,1,4,6,2018-02-18,https://www.jra.go.jp/datafile/seiseki/report/2018/2018-1kokura4.pdf,official_daily_result_pdf
201810010407,2018,小倉,1,4,7,2018-02-18,https://www.jra.go.jp/datafile/seiseki/report/2018/2018-1kokura4.pdf,official_daily_result_pdf
201810010408,2018,小倉,1,4,8,2018-02-18,https://www.jra.go.jp/datafile/seiseki/report/2018/2018-1kokura4.pdf,official_daily_result_pdf
201810010409,2018,小倉,1,4,9,2018-02-18,https://www.jra.go.jp/datafile/seiseki/report/2018/2018-1kokura4.pdf,official_daily_result_pdf
201810010410,2018,小倉,1,4,10,2018-02-18,https://www.jra.go.jp/datafile/seiseki/report/2018/2018-1kokura4.pdf,official_daily_result_pdf
201810010411,2018,小倉,1,4,11,2018-02-18,https://www.jra.go.jp/datafile/seiseki/report/2018/2018-1kokura4.pdf,official_daily_result_pdf
201810010412,2018,小倉,1,4,12,2018-02-18,https://www.jra.go.jp/datafile/seiseki/report/2018/2018-1kokura4.pdf,official_daily_result_pdf
201810010501,2018,小倉,1,5,1,2018-02-24,https://www.jra.go.jp/datafile/seiseki/report/2018/2018-1kokura5.pdf,official_daily_result_pdf
201810010502,2018,小倉,1,5,2,2018-02-24,https://www.jra.go.jp/datafile/seiseki/report/2018/2018-1kokura5.pdf,official_daily_result_pdf
201810010503,2018,小倉,1,5,3,2018-02-24,https://www.jra.go.jp/datafile/seiseki/report/2018/2018-1kokura5.pdf,official_daily_result_pdf
201810010504,2018,小倉,1,5,4,2018-02-24,https://www.jra.go.jp/datafile/seiseki/report/2018/2018-1kokura5.pdf,official_daily_result_pdf
201810010505,2018,小倉,1,5,5,2018-02-24,https://www.jra.go.jp/datafile/seiseki/report/2018/2018-1kokura5.pdf,official_daily_result_pdf
201810010506,2018,小倉,1,5,6,2018-02-24,https://www.jra.go.jp/datafile/seiseki/report/2018/2018-1kokura5.pdf,official_daily_result_pdf
201810010507,2018,小倉,1,5,7,2018-02-24,https://www.jra.go.jp/datafile/seiseki/report/2018/2018-1kokura5.pdf,official_daily_result_pdf
201810010508,2018,小倉,1,5,8,2018-02-24,https://www.jra.go.jp/datafile/seiseki/report/2018/2018-1kokura5.pdf,official_daily_result_pdf
201810010509,2018,小倉,1,5,9,2018-02-24,https://www.jra.go.jp/datafile/seiseki/report/2018/2018-1kokura5.pdf,official_daily_result_pdf
201810010510,2018,小倉,1,5,10,2018-02-24,https://www.jra.go.jp/datafile/seiseki/report/2018/2018-1kokura5.pdf,official_daily_result_pdf
201810010511,2018,小倉,1,5,11,2018-02-24,https://www.jra.go.jp/datafile/seiseki/report/2018/2018-1kokura5.pdf,official_daily_result_pdf
201810010512,2018,小倉,1,5,12,2018-02-24,https://www.jra.go.jp/datafile/seiseki/report/2018/2018-1kokura5.pdf,official_daily_result_pdf
201810010601,2018,小倉,1,6,1,2018-02-25,https://www.jra.go.jp/datafile/seiseki/report/2018/2018-1kokura6.pdf,official_daily_result_pdf
201810010602,2018,小倉,1,6,2,2018-02-25,https://www.jra.go.jp/datafile/seiseki/report/2018/2018-1kokura6.pdf,official_daily_result_pdf
201810010603,2018,小倉,1,6,3,2018-02-25,https://www.jra.go.jp/datafile/seiseki/report/2018/2018-1kokura6.pdf,official_daily_result_pdf
201810010604,2018,小倉,1,6,4,2018-02-25,https://www.jra.go.jp/datafile/seiseki/report/2018/2018-1kokura6.pdf,official_daily_result_pdf
201810010605,2018,小倉,1,6,5,2018-02-25,https://www.jra.go.jp/datafile/seiseki/report/2018/2018-1kokura6.pdf,official_daily_result_pdf
201810010606,2018,小倉,1,6,6,2018-02-25,https://www.jra.go.jp/datafile/seiseki/report/2018/2018-1kokura6.pdf,official_daily_result_pdf
201810010607,2018,小倉,1,6,7,2018-02-25,https://www.jra.go.jp/datafile/seiseki/report/2018/2018-1kokura6.pdf,official_daily_result_pdf
201810010608,2018,小倉,1,6,8,2018-02-25,https://www.jra.go.jp/datafile/seiseki/report/2018/2018-1kokura6.pdf,official_daily_result_pdf
201810010609,2018,小倉,1,6,9,2018-02-25,https://www.jra.go.jp/datafile/seiseki/report/2018/2018-1kokura6.pdf,official_daily_result_pdf
201810010610,2018,小倉,1,6,10,2018-02-25,https://www.jra.go.jp/datafile/seiseki/report/2018/2018-1kokura6.pdf,official_daily_result_pdf
201810010611,2018,小倉,1,6,11,2018-02-25,https://www.jra.go.jp/datafile/seiseki/report/2018/2018-1kokura6.pdf,official_daily_result_pdf
201810010612,2018,小倉,1,6,12,2018-02-25,https://www.jra.go.jp/datafile/seiseki/report/2018/2018-1kokura6.pdf,official_daily_result_pdf
201810010701,2018,小倉,1,7,1,2018-03-03,https://www.jra.go.jp/datafile/seiseki/report/2018/2018-1kokura7.pdf,official_daily_result_pdf
201810010702,2018,小倉,1,7,2,2018-03-03,https://www.jra.go.jp/datafile/seiseki/report/2018/2018-1kokura7.pdf,official_daily_result_pdf
201810010703,2018,小倉,1,7,3,2018-03-03,https://www.jra.go.jp/datafile/seiseki/report/2018/2018-1kokura7.pdf,official_daily_result_pdf
201810010704,2018,小倉,1,7,4,2018-03-03,https://www.jra.go.jp/datafile/seiseki/report/2018/2018-1kokura7.pdf,official_daily_result_pdf
201810010705,2018,小倉,1,7,5,2018-03-03,https://www.jra.go.jp/datafile/seiseki/report/2018/2018-1kokura7.pdf,official_daily_result_pdf
201810010706,2018,小倉,1,7,6,2018-03-03,https://www.jra.go.jp/datafile/seiseki/report/2018/2018-1kokura7.pdf,official_daily_result_pdf
201810010707,2018,小倉,1,7,7,2018-03-03,https://www.jra.go.jp/datafile/seiseki/report/2018/2018-1kokura7.pdf,official_daily_result_pdf
201810010708,2018,小倉,1,7,8,2018-03-03,https://www.jra.go.jp/datafile/seiseki/report/2018/2018-1kokura7.pdf,official_daily_result_pdf
201810010709,2018,小倉,1,7,9,2018-03-03,https://www.jra.go.jp/datafile/seiseki/report/2018/2018-1kokura7.pdf,official_daily_result_pdf
201810010710,2018,小倉,1,7,10,2018-03-03,https://www.jra.go.jp/datafile/seiseki/report/2018/2018-1kokura7.pdf,official_daily_result_pdf
201810010711,2018,小倉,1,7,11,2018-03-03,https://www.jra.go.jp/datafile/seiseki/report/2018/2018-1kokura7.pdf,official_daily_result_pdf
201810010712,2018,小倉,1,7,12,2018-03-03,https://www.jra.go.jp/datafile/seiseki/report/2018/2018-1kokura7.pdf,official_daily_result_pdf
201810010801,2018,小倉,1,8,1,2018-03-04,https://www.jra.go.jp/datafile/seiseki/report/2018/2018-1kokura8.pdf,official_daily_result_pdf
201810010802,2018,小倉,1,8,2,2018-03-04,https://www.jra.go.jp/datafile/seiseki/report/2018/2018-1kokura8.pdf,official_daily_result_pdf
201810010803,2018,小倉,1,8,3,2018-03-04,https://www.jra.go.jp/datafile/seiseki/report/2018/2018-1kokura8.pdf,official_daily_result_pdf
201810010804,2018,小倉,1,8,4,2018-03-04,https://www.jra.go.jp/datafile/seiseki/report/2018/2018-1kokura8.pdf,official_daily_result_pdf
201810010805,2018,小倉,1,8,5,2018-03-04,https://www.jra.go.jp/datafile/seiseki/report/2018/2018-1kokura8.pdf,official_daily_result_pdf
201810010806,2018,小倉,1,8,6,2018-03-04,https://www.jra.go.jp/datafile/seiseki/report/2018/2018-1kokura8.pdf,official_daily_result_pdf
201810010807,2018,小倉,1,8,7,2018-03-04,https://www.jra.go.jp/datafile/seiseki/report/2018/2018-1kokura8.pdf,official_daily_result_pdf
201810010808,2018,小倉,1,8,8,2018-03-04,https://www.jra.go.jp/datafile/seiseki/report/2018/2018-1kokura8.pdf,official_daily_result_pdf
201810010809,2018,小倉,1,8,9,2018-03-04,https://www.jra.go.jp/datafile/seiseki/report/2018/2018-1kokura8.pdf,official_daily_result_pdf
201810010810,2018,小倉,1,8,10,2018-03-04,https://www.jra.go.jp/datafile/seiseki/report/2018/2018-1kokura8.pdf,official_daily_result_pdf
201810010811,2018,小倉,1,8,11,2018-03-04,https://www.jra.go.jp/datafile/seiseki/report/2018/2018-1kokura8.pdf,official_daily_result_pdf
201810010812,2018,小倉,1,8,12,2018-03-04,https://www.jra.go.jp/datafile/seiseki/report/2018/2018-1kokura8.pdf,official_daily_result_pdf
201810020101,2018,小倉,2,1,1,2018-07-28,https://www.jra.go.jp/datafile/seiseki/report/2018/2018-2kokura1.pdf,official_daily_result_pdf
201810020102,2018,小倉,2,1,2,2018-07-28,https://www.jra.go.jp/datafile/seiseki/report/2018/2018-2kokura1.pdf,official_daily_result_pdf
201810020103,2018,小倉,2,1,3,2018-07-28,https://www.jra.go.jp/datafile/seiseki/report/2018/2018-2kokura1.pdf,official_daily_result_pdf
201810020104,2018,小倉,2,1,4,2018-07-28,https://www.jra.go.jp/datafile/seiseki/report/2018/2018-2kokura1.pdf,official_daily_result_pdf
201810020105,2018,小倉,2,1,5,2018-07-28,https://www.jra.go.jp/datafile/seiseki/report/2018/2018-2kokura1.pdf,official_daily_result_pdf
201810020106,2018,小倉,2,1,6,2018-07-28,https://www.jra.go.jp/datafile/seiseki/report/2018/2018-2kokura1.pdf,official_daily_result_pdf
201810020107,2018,小倉,2,1,7,2018-07-28,https://www.jra.go.jp/datafile/seiseki/report/2018/2018-2kokura1.pdf,official_daily_result_pdf
201810020108,2018,小倉,2,1,8,2018-07-28,https://www.jra.go.jp/datafile/seiseki/report/2018/2018-2kokura1.pdf,official_daily_result_pdf
201810020109,2018,小倉,2,1,9,2018-07-28,https://www.jra.go.jp/datafile/seiseki/report/2018/2018-2kokura1.pdf,official_daily_result_pdf
201810020110,2018,小倉,2,1,10,2018-07-28,https://www.jra.go.jp/datafile/seiseki/report/2018/2018-2kokura1.pdf,official_daily_result_pdf
201810020111,2018,小倉,2,1,11,2018-07-28,https://www.jra.go.jp/datafile/seiseki/report/2018/2018-2kokura1.pdf,official_daily_result_pdf
201810020112,2018,小倉,2,1,12,2018-07-28,https://www.jra.go.jp/datafile/seiseki/report/2018/2018-2kokura1.pdf,official_daily_result_pdf
201810020201,2018,小倉,2,2,1,2018-07-29,https://www.jra.go.jp/datafile/seiseki/report/2018/2018-2kokura2.pdf,official_daily_result_pdf
201810020202,2018,小倉,2,2,2,2018-07-29,https://www.jra.go.jp/datafile/seiseki/report/2018/2018-2kokura2.pdf,official_daily_result_pdf
201810020203,2018,小倉,2,2,3,2018-07-29,https://www.jra.go.jp/datafile/seiseki/report/2018/2018-2kokura2.pdf,official_daily_result_pdf
201810020204,2018,小倉,2,2,4,2018-07-29,https://www.jra.go.jp/datafile/seiseki/report/2018/2018-2kokura2.pdf,official_daily_result_pdf
201810020205,2018,小倉,2,2,5,2018-07-29,https://www.jra.go.jp/datafile/seiseki/report/2018/2018-2kokura2.pdf,official_daily_result_pdf
201810020206,2018,小倉,2,2,6,2018-07-29,https://www.jra.go.jp/datafile/seiseki/report/2018/2018-2kokura2.pdf,official_daily_result_pdf
201810020207,2018,小倉,2,2,7,2018-07-29,https://www.jra.go.jp/datafile/seiseki/report/2018/2018-2kokura2.pdf,official_daily_result_pdf
201810020208,2018,小倉,2,2,8,2018-07-29,https://www.jra.go.jp/datafile/seiseki/report/2018/2018-2kokura2.pdf,official_daily_result_pdf
201810020209,2018,小倉,2,2,9,2018-07-29,https://www.jra.go.jp/datafile/seiseki/report/2018/2018-2kokura2.pdf,official_daily_result_pdf
201810020210,2018,小倉,2,2,10,2018-07-29,https://www.jra.go.jp/datafile/seiseki/report/2018/2018-2kokura2.pdf,official_daily_result_pdf
201810020211,2018,小倉,2,2,11,2018-07-29,https://www.jra.go.jp/datafile/seiseki/report/2018/2018-2kokura2.pdf,official_daily_result_pdf
201810020212,2018,小倉,2,2,12,2018-07-29,https://www.jra.go.jp/datafile/seiseki/report/2018/2018-2kokura2.pdf,official_daily_result_pdf
201810020301,2018,小倉,2,3,1,2018-08-04,https://www.jra.go.jp/datafile/seiseki/report/2018/2018-2kokura3.pdf,official_daily_result_pdf
201810020302,2018,小倉,2,3,2,2018-08-04,https://www.jra.go.jp/datafile/seiseki/report/2018/2018-2kokura3.pdf,official_daily_result_pdf
201810020303,2018,小倉,2,3,3,2018-08-04,https://www.jra.go.jp/datafile/seiseki/report/2018/2018-2kokura3.pdf,official_daily_result_pdf
201810020304,2018,小倉,2,3,4,2018-08-04,https://www.jra.go.jp/datafile/seiseki/report/2018/2018-2kokura3.pdf,official_daily_result_pdf
201810020305,2018,小倉,2,3,5,2018-08-04,https://www.jra.go.jp/datafile/seiseki/report/2018/2018-2kokura3.pdf,official_daily_result_pdf
201810020306,2018,小倉,2,3,6,2018-08-04,https://www.jra.go.jp/datafile/seiseki/report/2018/2018-2kokura3.pdf,official_daily_result_pdf
201810020307,2018,小倉,2,3,7,2018-08-04,https://www.jra.go.jp/datafile/seiseki/report/2018/2018-2kokura3.pdf,official_daily_result_pdf
201810020308,2018,小倉,2,3,8,2018-08-04,https://www.jra.go.jp/datafile/seiseki/report/2018/2018-2kokura3.pdf,official_daily_result_pdf
201810020309,2018,小倉,2,3,9,2018-08-04,https://www.jra.go.jp/datafile/seiseki/report/2018/2018-2kokura3.pdf,official_daily_result_pdf
201810020310,2018,小倉,2,3,10,2018-08-04,https://www.jra.go.jp/datafile/seiseki/report/2018/2018-2kokura3.pdf,official_daily_result_pdf
201810020311,2018,小倉,2,3,11,2018-08-04,https://www.jra.go.jp/datafile/seiseki/report/2018/2018-2kokura3.pdf,official_daily_result_pdf
201810020312,2018,小倉,2,3,12,2018-08-04,https://www.jra.go.jp/datafile/seiseki/report/2018/2018-2kokura3.pdf,official_daily_result_pdf
201810020401,2018,小倉,2,4,1,2018-08-05,https://www.jra.go.jp/datafile/seiseki/report/2018/2018-2kokura4.pdf,official_daily_result_pdf
201810020402,2018,小倉,2,4,2,2018-08-05,https://www.jra.go.jp/datafile/seiseki/report/2018/2018-2kokura4.pdf,official_daily_result_pdf
201810020403,2018,小倉,2,4,3,2018-08-05,https://www.jra.go.jp/datafile/seiseki/report/2018/2018-2kokura4.pdf,official_daily_result_pdf
201810020404,2018,小倉,2,4,4,2018-08-05,https://www.jra.go.jp/datafile/seiseki/report/2018/2018-2kokura4.pdf,official_daily_result_pdf
201810020405,2018,小倉,2,4,5,2018-08-05,https://www.jra.go.jp/datafile/seiseki/report/2018/2018-2kokura4.pdf,official_daily_result_pdf
201810020406,2018,小倉,2,4,6,2018-08-05,https://www.jra.go.jp/datafile/seiseki/report/2018/2018-2kokura4.pdf,official_daily_result_pdf
201810020407,2018,小倉,2,4,7,2018-08-05,https://www.jra.go.jp/datafile/seiseki/report/2018/2018-2kokura4.pdf,official_daily_result_pdf
201810020408,2018,小倉,2,4,8,2018-08-05,https://www.jra.go.jp/datafile/seiseki/report/2018/2018-2kokura4.pdf,official_daily_result_pdf
201810020409,2018,小倉,2,4,9,2018-08-05,https://www.jra.go.jp/datafile/seiseki/report/2018/2018-2kokura4.pdf,official_daily_result_pdf
201810020410,2018,小倉,2,4,10,2018-08-05,https://www.jra.go.jp/datafile/seiseki/report/2018/2018-2kokura4.pdf,official_daily_result_pdf
201810020411,2018,小倉,2,4,11,2018-08-05,https://www.jra.go.jp/datafile/seiseki/report/2018/2018-2kokura4.pdf,official_daily_result_pdf
201810020412,2018,小倉,2,4,12,2018-08-05,https://www.jra.go.jp/datafile/seiseki/report/2018/2018-2kokura4.pdf,official_daily_result_pdf
201810020501,2018,小倉,2,5,1,2018-08-11,https://www.jra.go.jp/datafile/seiseki/report/2018/2018-2kokura5.pdf,official_daily_result_pdf
201810020502,2018,小倉,2,5,2,2018-08-11,https://www.jra.go.jp/datafile/seiseki/report/2018/2018-2kokura5.pdf,official_daily_result_pdf
201810020503,2018,小倉,2,5,3,2018-08-11,https://www.jra.go.jp/datafile/seiseki/report/2018/2018-2kokura5.pdf,official_daily_result_pdf
201810020504,2018,小倉,2,5,4,2018-08-11,https://www.jra.go.jp/datafile/seiseki/report/2018/2018-2kokura5.pdf,official_daily_result_pdf
201810020505,2018,小倉,2,5,5,2018-08-11,https://www.jra.go.jp/datafile/seiseki/report/2018/2018-2kokura5.pdf,official_daily_result_pdf
201810020506,2018,小倉,2,5,6,2018-08-11,https://www.jra.go.jp/datafile/seiseki/report/2018/2018-2kokura5.pdf,official_daily_result_pdf
201810020507,2018,小倉,2,5,7,2018-08-11,https://www.jra.go.jp/datafile/seiseki/report/2018/2018-2kokura5.pdf,official_daily_result_pdf
201810020508,2018,小倉,2,5,8,2018-08-11,https://www.jra.go.jp/datafile/seiseki/report/2018/2018-2kokura5.pdf,official_daily_result_pdf
201810020509,2018,小倉,2,5,9,2018-08-11,https://www.jra.go.jp/datafile/seiseki/report/2018/2018-2kokura5.pdf,official_daily_result_pdf
201810020510,2018,小倉,2,5,10,2018-08-11,https://www.jra.go.jp/datafile/seiseki/report/2018/2018-2kokura5.pdf,official_daily_result_pdf
201810020511,2018,小倉,2,5,11,2018-08-11,https://www.jra.go.jp/datafile/seiseki/report/2018/2018-2kokura5.pdf,official_daily_result_pdf
201810020512,2018,小倉,2,5,12,2018-08-11,https://www.jra.go.jp/datafile/seiseki/report/2018/2018-2kokura5.pdf,official_daily_result_pdf
201810020601,2018,小倉,2,6,1,2018-08-12,https://www.jra.go.jp/datafile/seiseki/report/2018/2018-2kokura6.pdf,official_daily_result_pdf
201810020602,2018,小倉,2,6,2,2018-08-12,https://www.jra.go.jp/datafile/seiseki/report/2018/2018-2kokura6.pdf,official_daily_result_pdf
201810020603,2018,小倉,2,6,3,2018-08-12,https://www.jra.go.jp/datafile/seiseki/report/2018/2018-2kokura6.pdf,official_daily_result_pdf
201810020604,2018,小倉,2,6,4,2018-08-12,https://www.jra.go.jp/datafile/seiseki/report/2018/2018-2kokura6.pdf,official_daily_result_pdf
201810020605,2018,小倉,2,6,5,2018-08-12,https://www.jra.go.jp/datafile/seiseki/report/2018/2018-2kokura6.pdf,official_daily_result_pdf
201810020606,2018,小倉,2,6,6,2018-08-12,https://www.jra.go.jp/datafile/seiseki/report/2018/2018-2kokura6.pdf,official_daily_result_pdf
201810020607,2018,小倉,2,6,7,2018-08-12,https://www.jra.go.jp/datafile/seiseki/report/2018/2018-2kokura6.pdf,official_daily_result_pdf
201810020608,2018,小倉,2,6,8,2018-08-12,https://www.jra.go.jp/datafile/seiseki/report/2018/2018-2kokura6.pdf,official_daily_result_pdf
201810020609,2018,小倉,2,6,9,2018-08-12,https://www.jra.go.jp/datafile/seiseki/report/2018/2018-2kokura6.pdf,official_daily_result_pdf
201810020610,2018,小倉,2,6,10,2018-08-12,https://www.jra.go.jp/datafile/seiseki/report/2018/2018-2kokura6.pdf,official_daily_result_pdf
201810020611,2018,小倉,2,6,11,2018-08-12,https://www.jra.go.jp/datafile/seiseki/report/2018/2018-2kokura6.pdf,official_daily_result_pdf
201810020612,2018,小倉,2,6,12,2018-08-12,https://www.jra.go.jp/datafile/seiseki/report/2018/2018-2kokura6.pdf,official_daily_result_pdf
201810020701,2018,小倉,2,7,1,2018-08-18,https://www.jra.go.jp/datafile/seiseki/report/2018/2018-2kokura7.pdf,official_daily_result_pdf
201810020702,2018,小倉,2,7,2,2018-08-18,https://www.jra.go.jp/datafile/seiseki/report/2018/2018-2kokura7.pdf,official_daily_result_pdf
201810020703,2018,小倉,2,7,3,2018-08-18,https://www.jra.go.jp/datafile/seiseki/report/2018/2018-2kokura7.pdf,official_daily_result_pdf
201810020704,2018,小倉,2,7,4,2018-08-18,https://www.jra.go.jp/datafile/seiseki/report/2018/2018-2kokura7.pdf,official_daily_result_pdf
201810020705,2018,小倉,2,7,5,2018-08-18,https://www.jra.go.jp/datafile/seiseki/report/2018/2018-2kokura7.pdf,official_daily_result_pdf
201810020706,2018,小倉,2,7,6,2018-08-18,https://www.jra.go.jp/datafile/seiseki/report/2018/2018-2kokura7.pdf,official_daily_result_pdf
201810020707,2018,小倉,2,7,7,2018-08-18,https://www.jra.go.jp/datafile/seiseki/report/2018/2018-2kokura7.pdf,official_daily_result_pdf
201810020708,2018,小倉,2,7,8,2018-08-18,https://www.jra.go.jp/datafile/seiseki/report/2018/2018-2kokura7.pdf,official_daily_result_pdf
201810020709,2018,小倉,2,7,9,2018-08-18,https://www.jra.go.jp/datafile/seiseki/report/2018/2018-2kokura7.pdf,official_daily_result_pdf
201810020710,2018,小倉,2,7,10,2018-08-18,https://www.jra.go.jp/datafile/seiseki/report/2018/2018-2kokura7.pdf,official_daily_result_pdf
201810020711,2018,小倉,2,7,11,2018-08-18,https://www.jra.go.jp/datafile/seiseki/report/2018/2018-2kokura7.pdf,official_daily_result_pdf
201810020712,2018,小倉,2,7,12,2018-08-18,https://www.jra.go.jp/datafile/seiseki/report/2018/2018-2kokura7.pdf,official_daily_result_pdf
201810020801,2018,小倉,2,8,1,2018-08-19,https://www.jra.go.jp/datafile/seiseki/report/2018/2018-2kokura8.pdf,official_daily_result_pdf
201810020802,2018,小倉,2,8,2,2018-08-19,https://www.jra.go.jp/datafile/seiseki/report/2018/2018-2kokura8.pdf,official_daily_result_pdf
201810020803,2018,小倉,2,8,3,2018-08-19,https://www.jra.go.jp/datafile/seiseki/report/2018/2018-2kokura8.pdf,official_daily_result_pdf
201810020804,2018,小倉,2,8,4,2018-08-19,https://www.jra.go.jp/datafile/seiseki/report/2018/2018-2kokura8.pdf,official_daily_result_pdf
201810020805,2018,小倉,2,8,5,2018-08-19,https://www.jra.go.jp/datafile/seiseki/report/2018/2018-2kokura8.pdf,official_daily_result_pdf
201810020806,2018,小倉,2,8,6,2018-08-19,https://www.jra.go.jp/datafile/seiseki/report/2018/2018-2kokura8.pdf,official_daily_result_pdf
201810020807,2018,小倉,2,8,7,2018-08-19,https://www.jra.go.jp/datafile/seiseki/report/2018/2018-2kokura8.pdf,official_daily_result_pdf
201810020808,2018,小倉,2,8,8,2018-08-19,https://www.jra.go.jp/datafile/seiseki/report/2018/2018-2kokura8.pdf,official_daily_result_pdf
201810020809,2018,小倉,2,8,9,2018-08-19,https://www.jra.go.jp/datafile/seiseki/report/2018/2018-2kokura8.pdf,official_daily_result_pdf
201810020810,2018,小倉,2,8,10,2018-08-19,https://www.jra.go.jp/datafile/seiseki/report/2018/2018-2kokura8.pdf,official_daily_result_pdf
201810020811,2018,小倉,2,8,11,2018-08-19,https://www.jra.go.jp/datafile/seiseki/report/2018/2018-2kokura8.pdf,official_daily_result_pdf
201810020812,2018,小倉,2,8,12,2018-08-19,https://www.jra.go.jp/datafile/seiseki/report/2018/2018-2kokura8.pdf,official_daily_result_pdf
201810020901,2018,小倉,2,9,1,2018-08-25,https://www.jra.go.jp/datafile/seiseki/report/2018/2018-2kokura9.pdf,official_daily_result_pdf
201810020902,2018,小倉,2,9,2,2018-08-25,https://www.jra.go.jp/datafile/seiseki/report/2018/2018-2kokura9.pdf,official_daily_result_pdf
201810020903,2018,小倉,2,9,3,2018-08-25,https://www.jra.go.jp/datafile/seiseki/report/2018/2018-2kokura9.pdf,official_daily_result_pdf
201810020904,2018,小倉,2,9,4,2018-08-25,https://www.jra.go.jp/datafile/seiseki/report/2018/2018-2kokura9.pdf,official_daily_result_pdf
201810020905,2018,小倉,2,9,5,2018-08-25,https://www.jra.go.jp/datafile/seiseki/report/2018/2018-2kokura9.pdf,official_daily_result_pdf
201810020906,2018,小倉,2,9,6,2018-08-25,https://www.jra.go.jp/datafile/seiseki/report/2018/2018-2kokura9.pdf,official_daily_result_pdf
201810020907,2018,小倉,2,9,7,2018-08-25,https://www.jra.go.jp/datafile/seiseki/report/2018/2018-2kokura9.pdf,official_daily_result_pdf
201810020908,2018,小倉,2,9,8,2018-08-25,https://www.jra.go.jp/datafile/seiseki/report/2018/2018-2kokura9.pdf,official_daily_result_pdf
201810020909,2018,小倉,2,9,9,2018-08-25,https://www.jra.go.jp/datafile/seiseki/report/2018/2018-2kokura9.pdf,official_daily_result_pdf
201810020910,2018,小倉,2,9,10,2018-08-25,https://www.jra.go.jp/datafile/seiseki/report/2018/2018-2kokura9.pdf,official_daily_result_pdf
201810020911,2018,小倉,2,9,11,2018-08-25,https://www.jra.go.jp/datafile/seiseki/report/2018/2018-2kokura9.pdf,official_daily_result_pdf
201810020912,2018,小倉,2,9,12,2018-08-25,https://www.jra.go.jp/datafile/seiseki/report/2018/2018-2kokura9.pdf,official_daily_result_pdf
201810021001,2018,小倉,2,10,1,2018-08-26,https://www.jra.go.jp/datafile/seiseki/report/2018/2018-2kokura10.pdf,official_daily_result_pdf
201810021002,2018,小倉,2,10,2,2018-08-26,https://www.jra.go.jp/datafile/seiseki/report/2018/2018-2kokura10.pdf,official_daily_result_pdf
201810021003,2018,小倉,2,10,3,2018-08-26,https://www.jra.go.jp/datafile/seiseki/report/2018/2018-2kokura10.pdf,official_daily_result_pdf
201810021004,2018,小倉,2,10,4,2018-08-26,https://www.jra.go.jp/datafile/seiseki/report/2018/2018-2kokura10.pdf,official_daily_result_pdf
201810021005,2018,小倉,2,10,5,2018-08-26,https://www.jra.go.jp/datafile/seiseki/report/2018/2018-2kokura10.pdf,official_daily_result_pdf
201810021006,2018,小倉,2,10,6,2018-08-26,https://www.jra.go.jp/datafile/seiseki/report/2018/2018-2kokura10.pdf,official_daily_result_pdf
201810021007,2018,小倉,2,10,7,2018-08-26,https://www.jra.go.jp/datafile/seiseki/report/2018/2018-2kokura10.pdf,official_daily_result_pdf
201810021008,2018,小倉,2,10,8,2018-08-26,https://www.jra.go.jp/datafile/seiseki/report/2018/2018-2kokura10.pdf,official_daily_result_pdf
201810021009,2018,小倉,2,10,9,2018-08-26,https://www.jra.go.jp/datafile/seiseki/report/2018/2018-2kokura10.pdf,official_daily_result_pdf
201810021010,2018,小倉,2,10,10,2018-08-26,https://www.jra.go.jp/datafile/seiseki/report/2018/2018-2kokura10.pdf,official_daily_result_pdf
201810021011,2018,小倉,2,10,11,2018-08-26,https://www.jra.go.jp/datafile/seiseki/report/2018/2018-2kokura10.pdf,official_daily_result_pdf
201810021012,2018,小倉,2,10,12,2018-08-26,https://www.jra.go.jp/datafile/seiseki/report/2018/2018-2kokura10.pdf,official_daily_result_pdf
201810021101,2018,小倉,2,11,1,2018-09-01,https://www.jra.go.jp/datafile/seiseki/report/2018/2018-2kokura11.pdf,official_daily_result_pdf
201810021102,2018,小倉,2,11,2,2018-09-01,https://www.jra.go.jp/datafile/seiseki/report/2018/2018-2kokura11.pdf,official_daily_result_pdf
201810021103,2018,小倉,2,11,3,2018-09-01,https://www.jra.go.jp/datafile/seiseki/report/2018/2018-2kokura11.pdf,official_daily_result_pdf
201810021104,2018,小倉,2,11,4,2018-09-01,https://www.jra.go.jp/datafile/seiseki/report/2018/2018-2kokura11.pdf,official_daily_result_pdf
201810021105,2018,小倉,2,11,5,2018-09-01,https://www.jra.go.jp/datafile/seiseki/report/2018/2018-2kokura11.pdf,official_daily_result_pdf
201810021106,2018,小倉,2,11,6,2018-09-01,https://www.jra.go.jp/datafile/seiseki/report/2018/2018-2kokura11.pdf,official_daily_result_pdf
201810021107,2018,小倉,2,11,7,2018-09-01,https://www.jra.go.jp/datafile/seiseki/report/2018/2018-2kokura11.pdf,official_daily_result_pdf
201810021108,2018,小倉,2,11,8,2018-09-01,https://www.jra.go.jp/datafile/seiseki/report/2018/2018-2kokura11.pdf,official_daily_result_pdf
201810021109,2018,小倉,2,11,9,2018-09-01,https://www.jra.go.jp/datafile/seiseki/report/2018/2018-2kokura11.pdf,official_daily_result_pdf
201810021110,2018,小倉,2,11,10,2018-09-01,https://www.jra.go.jp/datafile/seiseki/report/2018/2018-2kokura11.pdf,official_daily_result_pdf
201810021111,2018,小倉,2,11,11,2018-09-01,https://www.jra.go.jp/datafile/seiseki/report/2018/2018-2kokura11.pdf,official_daily_result_pdf
201810021112,2018,小倉,2,11,12,2018-09-01,https://www.jra.go.jp/datafile/seiseki/report/2018/2018-2kokura11.pdf,official_daily_result_pdf
201810021201,2018,小倉,2,12,1,2018-09-02,https://www.jra.go.jp/datafile/seiseki/report/2018/2018-2kokura12.pdf,official_daily_result_pdf
201810021202,2018,小倉,2,12,2,2018-09-02,https://www.jra.go.jp/datafile/seiseki/report/2018/2018-2kokura12.pdf,official_daily_result_pdf
201810021203,2018,小倉,2,12,3,2018-09-02,https://www.jra.go.jp/datafile/seiseki/report/2018/2018-2kokura12.pdf,official_daily_result_pdf
201810021204,2018,小倉,2,12,4,2018-09-02,https://www.jra.go.jp/datafile/seiseki/report/2018/2018-2kokura12.pdf,official_daily_result_pdf
201810021205,2018,小倉,2,12,5,2018-09-02,https://www.jra.go.jp/datafile/seiseki/report/2018/2018-2kokura12.pdf,official_daily_result_pdf
201810021206,2018,小倉,2,12,6,2018-09-02,https://www.jra.go.jp/datafile/seiseki/report/2018/2018-2kokura12.pdf,official_daily_result_pdf
201810021207,2018,小倉,2,12,7,2018-09-02,https://www.jra.go.jp/datafile/seiseki/report/2018/2018-2kokura12.pdf,official_daily_result_pdf
201810021208,2018,小倉,2,12,8,2018-09-02,https://www.jra.go.jp/datafile/seiseki/report/2018/2018-2kokura12.pdf,official_daily_result_pdf
201810021209,2018,小倉,2,12,9,2018-09-02,https://www.jra.go.jp/datafile/seiseki/report/2018/2018-2kokura12.pdf,official_daily_result_pdf
201810021210,2018,小倉,2,12,10,2018-09-02,https://www.jra.go.jp/datafile/seiseki/report/2018/2018-2kokura12.pdf,official_daily_result_pdf
201810021211,2018,小倉,2,12,11,2018-09-02,https://www.jra.go.jp/datafile/seiseki/report/2018/2018-2kokura12.pdf,official_daily_result_pdf
201810021212,2018,小倉,2,12,12,2018-09-02,https://www.jra.go.jp/datafile/seiseki/report/2018/2018-2kokura12.pdf,official_daily_result_pdf
201901010101,2019,札幌,1,1,1,2019-07-27,https://www.jra.go.jp/datafile/seiseki/report/2019/2019-1sapporo1.pdf,official_daily_result_pdf
201901010102,2019,札幌,1,1,2,2019-07-27,https://www.jra.go.jp/datafile/seiseki/report/2019/2019-1sapporo1.pdf,official_daily_result_pdf
201901010103,2019,札幌,1,1,3,2019-07-27,https://www.jra.go.jp/datafile/seiseki/report/2019/2019-1sapporo1.pdf,official_daily_result_pdf
201901010104,2019,札幌,1,1,4,2019-07-27,https://www.jra.go.jp/datafile/seiseki/report/2019/2019-1sapporo1.pdf,official_daily_result_pdf
201901010105,2019,札幌,1,1,5,2019-07-27,https://www.jra.go.jp/datafile/seiseki/report/2019/2019-1sapporo1.pdf,official_daily_result_pdf
201901010106,2019,札幌,1,1,6,2019-07-27,https://www.jra.go.jp/datafile/seiseki/report/2019/2019-1sapporo1.pdf,official_daily_result_pdf
201901010107,2019,札幌,1,1,7,2019-07-27,https://www.jra.go.jp/datafile/seiseki/report/2019/2019-1sapporo1.pdf,official_daily_result_pdf
201901010108,2019,札幌,1,1,8,2019-07-27,https://www.jra.go.jp/datafile/seiseki/report/2019/2019-1sapporo1.pdf,official_daily_result_pdf
201901010109,2019,札幌,1,1,9,2019-07-27,https://www.jra.go.jp/datafile/seiseki/report/2019/2019-1sapporo1.pdf,official_daily_result_pdf
201901010110,2019,札幌,1,1,10,2019-07-27,https://www.jra.go.jp/datafile/seiseki/report/2019/2019-1sapporo1.pdf,official_daily_result_pdf
201901010111,2019,札幌,1,1,11,2019-07-27,https://www.jra.go.jp/datafile/seiseki/report/2019/2019-1sapporo1.pdf,official_daily_result_pdf
201901010112,2019,札幌,1,1,12,2019-07-27,https://www.jra.go.jp/datafile/seiseki/report/2019/2019-1sapporo1.pdf,official_daily_result_pdf
201901010201,2019,札幌,1,2,1,2019-07-28,https://www.jra.go.jp/datafile/seiseki/report/2019/2019-1sapporo2.pdf,official_daily_result_pdf
201901010202,2019,札幌,1,2,2,2019-07-28,https://www.jra.go.jp/datafile/seiseki/report/2019/2019-1sapporo2.pdf,official_daily_result_pdf
201901010203,2019,札幌,1,2,3,2019-07-28,https://www.jra.go.jp/datafile/seiseki/report/2019/2019-1sapporo2.pdf,official_daily_result_pdf
201901010204,2019,札幌,1,2,4,2019-07-28,https://www.jra.go.jp/datafile/seiseki/report/2019/2019-1sapporo2.pdf,official_daily_result_pdf
201901010205,2019,札幌,1,2,5,2019-07-28,https://www.jra.go.jp/datafile/seiseki/report/2019/2019-1sapporo2.pdf,official_daily_result_pdf
201901010206,2019,札幌,1,2,6,2019-07-28,https://www.jra.go.jp/datafile/seiseki/report/2019/2019-1sapporo2.pdf,official_daily_result_pdf
201901010207,2019,札幌,1,2,7,2019-07-28,https://www.jra.go.jp/datafile/seiseki/report/2019/2019-1sapporo2.pdf,official_daily_result_pdf
201901010208,2019,札幌,1,2,8,2019-07-28,https://www.jra.go.jp/datafile/seiseki/report/2019/2019-1sapporo2.pdf,official_daily_result_pdf
201901010209,2019,札幌,1,2,9,2019-07-28,https://www.jra.go.jp/datafile/seiseki/report/2019/2019-1sapporo2.pdf,official_daily_result_pdf
201901010210,2019,札幌,1,2,10,2019-07-28,https://www.jra.go.jp/datafile/seiseki/report/2019/2019-1sapporo2.pdf,official_daily_result_pdf
201901010211,2019,札幌,1,2,11,2019-07-28,https://www.jra.go.jp/datafile/seiseki/report/2019/2019-1sapporo2.pdf,official_daily_result_pdf
201901010212,2019,札幌,1,2,12,2019-07-28,https://www.jra.go.jp/datafile/seiseki/report/2019/2019-1sapporo2.pdf,official_daily_result_pdf
201901010301,2019,札幌,1,3,1,2019-08-03,https://www.jra.go.jp/datafile/seiseki/report/2019/2019-1sapporo3.pdf,official_daily_result_pdf
201901010302,2019,札幌,1,3,2,2019-08-03,https://www.jra.go.jp/datafile/seiseki/report/2019/2019-1sapporo3.pdf,official_daily_result_pdf
201901010303,2019,札幌,1,3,3,2019-08-03,https://www.jra.go.jp/datafile/seiseki/report/2019/2019-1sapporo3.pdf,official_daily_result_pdf
201901010304,2019,札幌,1,3,4,2019-08-03,https://www.jra.go.jp/datafile/seiseki/report/2019/2019-1sapporo3.pdf,official_daily_result_pdf
201901010305,2019,札幌,1,3,5,2019-08-03,https://www.jra.go.jp/datafile/seiseki/report/2019/2019-1sapporo3.pdf,official_daily_result_pdf
201901010306,2019,札幌,1,3,6,2019-08-03,https://www.jra.go.jp/datafile/seiseki/report/2019/2019-1sapporo3.pdf,official_daily_result_pdf
201901010307,2019,札幌,1,3,7,2019-08-03,https://www.jra.go.jp/datafile/seiseki/report/2019/2019-1sapporo3.pdf,official_daily_result_pdf
201901010308,2019,札幌,1,3,8,2019-08-03,https://www.jra.go.jp/datafile/seiseki/report/2019/2019-1sapporo3.pdf,official_daily_result_pdf
201901010309,2019,札幌,1,3,9,2019-08-03,https://www.jra.go.jp/datafile/seiseki/report/2019/2019-1sapporo3.pdf,official_daily_result_pdf
201901010310,2019,札幌,1,3,10,2019-08-03,https://www.jra.go.jp/datafile/seiseki/report/2019/2019-1sapporo3.pdf,official_daily_result_pdf
201901010311,2019,札幌,1,3,11,2019-08-03,https://www.jra.go.jp/datafile/seiseki/report/2019/2019-1sapporo3.pdf,official_daily_result_pdf
201901010312,2019,札幌,1,3,12,2019-08-03,https://www.jra.go.jp/datafile/seiseki/report/2019/2019-1sapporo3.pdf,official_daily_result_pdf
201901010401,2019,札幌,1,4,1,2019-08-04,https://www.jra.go.jp/datafile/seiseki/report/2019/2019-1sapporo4.pdf,official_daily_result_pdf
201901010402,2019,札幌,1,4,2,2019-08-04,https://www.jra.go.jp/datafile/seiseki/report/2019/2019-1sapporo4.pdf,official_daily_result_pdf
201901010403,2019,札幌,1,4,3,2019-08-04,https://www.jra.go.jp/datafile/seiseki/report/2019/2019-1sapporo4.pdf,official_daily_result_pdf
201901010404,2019,札幌,1,4,4,2019-08-04,https://www.jra.go.jp/datafile/seiseki/report/2019/2019-1sapporo4.pdf,official_daily_result_pdf
201901010405,2019,札幌,1,4,5,2019-08-04,https://www.jra.go.jp/datafile/seiseki/report/2019/2019-1sapporo4.pdf,official_daily_result_pdf
201901010406,2019,札幌,1,4,6,2019-08-04,https://www.jra.go.jp/datafile/seiseki/report/2019/2019-1sapporo4.pdf,official_daily_result_pdf
201901010407,2019,札幌,1,4,7,2019-08-04,https://www.jra.go.jp/datafile/seiseki/report/2019/2019-1sapporo4.pdf,official_daily_result_pdf
201901010408,2019,札幌,1,4,8,2019-08-04,https://www.jra.go.jp/datafile/seiseki/report/2019/2019-1sapporo4.pdf,official_daily_result_pdf
201901010409,2019,札幌,1,4,9,2019-08-04,https://www.jra.go.jp/datafile/seiseki/report/2019/2019-1sapporo4.pdf,official_daily_result_pdf
201901010410,2019,札幌,1,4,10,2019-08-04,https://www.jra.go.jp/datafile/seiseki/report/2019/2019-1sapporo4.pdf,official_daily_result_pdf
201901010411,2019,札幌,1,4,11,2019-08-04,https://www.jra.go.jp/datafile/seiseki/report/2019/2019-1sapporo4.pdf,official_daily_result_pdf
201901010412,2019,札幌,1,4,12,2019-08-04,https://www.jra.go.jp/datafile/seiseki/report/2019/2019-1sapporo4.pdf,official_daily_result_pdf
201901010501,2019,札幌,1,5,1,2019-08-10,https://www.jra.go.jp/datafile/seiseki/report/2019/2019-1sapporo5.pdf,official_daily_result_pdf
201901010502,2019,札幌,1,5,2,2019-08-10,https://www.jra.go.jp/datafile/seiseki/report/2019/2019-1sapporo5.pdf,official_daily_result_pdf
201901010503,2019,札幌,1,5,3,2019-08-10,https://www.jra.go.jp/datafile/seiseki/report/2019/2019-1sapporo5.pdf,official_daily_result_pdf
201901010504,2019,札幌,1,5,4,2019-08-10,https://www.jra.go.jp/datafile/seiseki/report/2019/2019-1sapporo5.pdf,official_daily_result_pdf
201901010505,2019,札幌,1,5,5,2019-08-10,https://www.jra.go.jp/datafile/seiseki/report/2019/2019-1sapporo5.pdf,official_daily_result_pdf
201901010506,2019,札幌,1,5,6,2019-08-10,https://www.jra.go.jp/datafile/seiseki/report/2019/2019-1sapporo5.pdf,official_daily_result_pdf
201901010507,2019,札幌,1,5,7,2019-08-10,https://www.jra.go.jp/datafile/seiseki/report/2019/2019-1sapporo5.pdf,official_daily_result_pdf
201901010508,2019,札幌,1,5,8,2019-08-10,https://www.jra.go.jp/datafile/seiseki/report/2019/2019-1sapporo5.pdf,official_daily_result_pdf
201901010509,2019,札幌,1,5,9,2019-08-10,https://www.jra.go.jp/datafile/seiseki/report/2019/2019-1sapporo5.pdf,official_daily_result_pdf
201901010510,2019,札幌,1,5,10,2019-08-10,https://www.jra.go.jp/datafile/seiseki/report/2019/2019-1sapporo5.pdf,official_daily_result_pdf
201901010511,2019,札幌,1,5,11,2019-08-10,https://www.jra.go.jp/datafile/seiseki/report/2019/2019-1sapporo5.pdf,official_daily_result_pdf
201901010512,2019,札幌,1,5,12,2019-08-10,https://www.jra.go.jp/datafile/seiseki/report/2019/2019-1sapporo5.pdf,official_daily_result_pdf
201901010601,2019,札幌,1,6,1,2019-08-11,https://www.jra.go.jp/datafile/seiseki/report/2019/2019-1sapporo6.pdf,official_daily_result_pdf
201901010602,2019,札幌,1,6,2,2019-08-11,https://www.jra.go.jp/datafile/seiseki/report/2019/2019-1sapporo6.pdf,official_daily_result_pdf
201901010603,2019,札幌,1,6,3,2019-08-11,https://www.jra.go.jp/datafile/seiseki/report/2019/2019-1sapporo6.pdf,official_daily_result_pdf
201901010604,2019,札幌,1,6,4,2019-08-11,https://www.jra.go.jp/datafile/seiseki/report/2019/2019-1sapporo6.pdf,official_daily_result_pdf
201901010605,2019,札幌,1,6,5,2019-08-11,https://www.jra.go.jp/datafile/seiseki/report/2019/2019-1sapporo6.pdf,official_daily_result_pdf
201901010606,2019,札幌,1,6,6,2019-08-11,https://www.jra.go.jp/datafile/seiseki/report/2019/2019-1sapporo6.pdf,official_daily_result_pdf
201901010607,2019,札幌,1,6,7,2019-08-11,https://www.jra.go.jp/datafile/seiseki/report/2019/2019-1sapporo6.pdf,official_daily_result_pdf
201901010608,2019,札幌,1,6,8,2019-08-11,https://www.jra.go.jp/datafile/seiseki/report/2019/2019-1sapporo6.pdf,official_daily_result_pdf
201901010609,2019,札幌,1,6,9,2019-08-11,https://www.jra.go.jp/datafile/seiseki/report/2019/2019-1sapporo6.pdf,official_daily_result_pdf
201901010610,2019,札幌,1,6,10,2019-08-11,https://www.jra.go.jp/datafile/seiseki/report/2019/2019-1sapporo6.pdf,official_daily_result_pdf
201901010611,2019,札幌,1,6,11,2019-08-11,https://www.jra.go.jp/datafile/seiseki/report/2019/2019-1sapporo6.pdf,official_daily_result_pdf
201901010612,2019,札幌,1,6,12,2019-08-11,https://www.jra.go.jp/datafile/seiseki/report/2019/2019-1sapporo6.pdf,official_daily_result_pdf
201901020101,2019,札幌,2,1,1,2019-08-17,https://www.jra.go.jp/datafile/seiseki/report/2019/2019-2sapporo1.pdf,official_daily_result_pdf
201901020102,2019,札幌,2,1,2,2019-08-17,https://www.jra.go.jp/datafile/seiseki/report/2019/2019-2sapporo1.pdf,official_daily_result_pdf
201901020103,2019,札幌,2,1,3,2019-08-17,https://www.jra.go.jp/datafile/seiseki/report/2019/2019-2sapporo1.pdf,official_daily_result_pdf
201901020104,2019,札幌,2,1,4,2019-08-17,https://www.jra.go.jp/datafile/seiseki/report/2019/2019-2sapporo1.pdf,official_daily_result_pdf
201901020105,2019,札幌,2,1,5,2019-08-17,https://www.jra.go.jp/datafile/seiseki/report/2019/2019-2sapporo1.pdf,official_daily_result_pdf
201901020106,2019,札幌,2,1,6,2019-08-17,https://www.jra.go.jp/datafile/seiseki/report/2019/2019-2sapporo1.pdf,official_daily_result_pdf
201901020107,2019,札幌,2,1,7,2019-08-17,https://www.jra.go.jp/datafile/seiseki/report/2019/2019-2sapporo1.pdf,official_daily_result_pdf
201901020108,2019,札幌,2,1,8,2019-08-17,https://www.jra.go.jp/datafile/seiseki/report/2019/2019-2sapporo1.pdf,official_daily_result_pdf
201901020109,2019,札幌,2,1,9,2019-08-17,https://www.jra.go.jp/datafile/seiseki/report/2019/2019-2sapporo1.pdf,official_daily_result_pdf
201901020110,2019,札幌,2,1,10,2019-08-17,https://www.jra.go.jp/datafile/seiseki/report/2019/2019-2sapporo1.pdf,official_daily_result_pdf
201901020111,2019,札幌,2,1,11,2019-08-17,https://www.jra.go.jp/datafile/seiseki/report/2019/2019-2sapporo1.pdf,official_daily_result_pdf
201901020112,2019,札幌,2,1,12,2019-08-17,https://www.jra.go.jp/datafile/seiseki/report/2019/2019-2sapporo1.pdf,official_daily_result_pdf
201901020201,2019,札幌,2,2,1,2019-08-18,https://www.jra.go.jp/datafile/seiseki/report/2019/2019-2sapporo2.pdf,official_daily_result_pdf
201901020202,2019,札幌,2,2,2,2019-08-18,https://www.jra.go.jp/datafile/seiseki/report/2019/2019-2sapporo2.pdf,official_daily_result_pdf
201901020203,2019,札幌,2,2,3,2019-08-18,https://www.jra.go.jp/datafile/seiseki/report/2019/2019-2sapporo2.pdf,official_daily_result_pdf
201901020204,2019,札幌,2,2,4,2019-08-18,https://www.jra.go.jp/datafile/seiseki/report/2019/2019-2sapporo2.pdf,official_daily_result_pdf
201901020205,2019,札幌,2,2,5,2019-08-18,https://www.jra.go.jp/datafile/seiseki/report/2019/2019-2sapporo2.pdf,official_daily_result_pdf
201901020206,2019,札幌,2,2,6,2019-08-18,https://www.jra.go.jp/datafile/seiseki/report/2019/2019-2sapporo2.pdf,official_daily_result_pdf
201901020207,2019,札幌,2,2,7,2019-08-18,https://www.jra.go.jp/datafile/seiseki/report/2019/2019-2sapporo2.pdf,official_daily_result_pdf
201901020208,2019,札幌,2,2,8,2019-08-18,https://www.jra.go.jp/datafile/seiseki/report/2019/2019-2sapporo2.pdf,official_daily_result_pdf
201901020209,2019,札幌,2,2,9,2019-08-18,https://www.jra.go.jp/datafile/seiseki/report/2019/2019-2sapporo2.pdf,official_daily_result_pdf
201901020210,2019,札幌,2,2,10,2019-08-18,https://www.jra.go.jp/datafile/seiseki/report/2019/2019-2sapporo2.pdf,official_daily_result_pdf
201901020211,2019,札幌,2,2,11,2019-08-18,https://www.jra.go.jp/datafile/seiseki/report/2019/2019-2sapporo2.pdf,official_daily_result_pdf
201901020212,2019,札幌,2,2,12,2019-08-18,https://www.jra.go.jp/datafile/seiseki/report/2019/2019-2sapporo2.pdf,official_daily_result_pdf
201901020301,2019,札幌,2,3,1,2019-08-24,https://www.jra.go.jp/datafile/seiseki/report/2019/2019-2sapporo3.pdf,official_daily_result_pdf
201901020302,2019,札幌,2,3,2,2019-08-24,https://www.jra.go.jp/datafile/seiseki/report/2019/2019-2sapporo3.pdf,official_daily_result_pdf
201901020303,2019,札幌,2,3,3,2019-08-24,https://www.jra.go.jp/datafile/seiseki/report/2019/2019-2sapporo3.pdf,official_daily_result_pdf
201901020304,2019,札幌,2,3,4,2019-08-24,https://www.jra.go.jp/datafile/seiseki/report/2019/2019-2sapporo3.pdf,official_daily_result_pdf
201901020305,2019,札幌,2,3,5,2019-08-24,https://www.jra.go.jp/datafile/seiseki/report/2019/2019-2sapporo3.pdf,official_daily_result_pdf
201901020306,2019,札幌,2,3,6,2019-08-24,https://www.jra.go.jp/datafile/seiseki/report/2019/2019-2sapporo3.pdf,official_daily_result_pdf
201901020307,2019,札幌,2,3,7,2019-08-24,https://www.jra.go.jp/datafile/seiseki/report/2019/2019-2sapporo3.pdf,official_daily_result_pdf
201901020308,2019,札幌,2,3,8,2019-08-24,https://www.jra.go.jp/datafile/seiseki/report/2019/2019-2sapporo3.pdf,official_daily_result_pdf
201901020309,2019,札幌,2,3,9,2019-08-24,https://www.jra.go.jp/datafile/seiseki/report/2019/2019-2sapporo3.pdf,official_daily_result_pdf
201901020310,2019,札幌,2,3,10,2019-08-24,https://www.jra.go.jp/datafile/seiseki/report/2019/2019-2sapporo3.pdf,official_daily_result_pdf
201901020311,2019,札幌,2,3,11,2019-08-24,https://www.jra.go.jp/datafile/seiseki/report/2019/2019-2sapporo3.pdf,official_daily_result_pdf
201901020312,2019,札幌,2,3,12,2019-08-24,https://www.jra.go.jp/datafile/seiseki/report/2019/2019-2sapporo3.pdf,official_daily_result_pdf
201901020401,2019,札幌,2,4,1,2019-08-25,https://www.jra.go.jp/datafile/seiseki/report/2019/2019-2sapporo4.pdf,official_daily_result_pdf
201901020402,2019,札幌,2,4,2,2019-08-25,https://www.jra.go.jp/datafile/seiseki/report/2019/2019-2sapporo4.pdf,official_daily_result_pdf
201901020403,2019,札幌,2,4,3,2019-08-25,https://www.jra.go.jp/datafile/seiseki/report/2019/2019-2sapporo4.pdf,official_daily_result_pdf
201901020404,2019,札幌,2,4,4,2019-08-25,https://www.jra.go.jp/datafile/seiseki/report/2019/2019-2sapporo4.pdf,official_daily_result_pdf
201901020405,2019,札幌,2,4,5,2019-08-25,https://www.jra.go.jp/datafile/seiseki/report/2019/2019-2sapporo4.pdf,official_daily_result_pdf
201901020406,2019,札幌,2,4,6,2019-08-25,https://www.jra.go.jp/datafile/seiseki/report/2019/2019-2sapporo4.pdf,official_daily_result_pdf
201901020407,2019,札幌,2,4,7,2019-08-25,https://www.jra.go.jp/datafile/seiseki/report/2019/2019-2sapporo4.pdf,official_daily_result_pdf
201901020408,2019,札幌,2,4,8,2019-08-25,https://www.jra.go.jp/datafile/seiseki/report/2019/2019-2sapporo4.pdf,official_daily_result_pdf
201901020409,2019,札幌,2,4,9,2019-08-25,https://www.jra.go.jp/datafile/seiseki/report/2019/2019-2sapporo4.pdf,official_daily_result_pdf
201901020410,2019,札幌,2,4,10,2019-08-25,https://www.jra.go.jp/datafile/seiseki/report/2019/2019-2sapporo4.pdf,official_daily_result_pdf
201901020411,2019,札幌,2,4,11,2019-08-25,https://www.jra.go.jp/datafile/seiseki/report/2019/2019-2sapporo4.pdf,official_daily_result_pdf
201901020412,2019,札幌,2,4,12,2019-08-25,https://www.jra.go.jp/datafile/seiseki/report/2019/2019-2sapporo4.pdf,official_daily_result_pdf
201901020501,2019,札幌,2,5,1,2019-08-31,https://www.jra.go.jp/datafile/seiseki/report/2019/2019-2sapporo5.pdf,official_daily_result_pdf
201901020502,2019,札幌,2,5,2,2019-08-31,https://www.jra.go.jp/datafile/seiseki/report/2019/2019-2sapporo5.pdf,official_daily_result_pdf
201901020503,2019,札幌,2,5,3,2019-08-31,https://www.jra.go.jp/datafile/seiseki/report/2019/2019-2sapporo5.pdf,official_daily_result_pdf
201901020504,2019,札幌,2,5,4,2019-08-31,https://www.jra.go.jp/datafile/seiseki/report/2019/2019-2sapporo5.pdf,official_daily_result_pdf
201901020505,2019,札幌,2,5,5,2019-08-31,https://www.jra.go.jp/datafile/seiseki/report/2019/2019-2sapporo5.pdf,official_daily_result_pdf
201901020506,2019,札幌,2,5,6,2019-08-31,https://www.jra.go.jp/datafile/seiseki/report/2019/2019-2sapporo5.pdf,official_daily_result_pdf
201901020507,2019,札幌,2,5,7,2019-08-31,https://www.jra.go.jp/datafile/seiseki/report/2019/2019-2sapporo5.pdf,official_daily_result_pdf
201901020508,2019,札幌,2,5,8,2019-08-31,https://www.jra.go.jp/datafile/seiseki/report/2019/2019-2sapporo5.pdf,official_daily_result_pdf
201901020509,2019,札幌,2,5,9,2019-08-31,https://www.jra.go.jp/datafile/seiseki/report/2019/2019-2sapporo5.pdf,official_daily_result_pdf
201901020510,2019,札幌,2,5,10,2019-08-31,https://www.jra.go.jp/datafile/seiseki/report/2019/2019-2sapporo5.pdf,official_daily_result_pdf
201901020511,2019,札幌,2,5,11,2019-08-31,https://www.jra.go.jp/datafile/seiseki/report/2019/2019-2sapporo5.pdf,official_daily_result_pdf
201901020512,2019,札幌,2,5,12,2019-08-31,https://www.jra.go.jp/datafile/seiseki/report/2019/2019-2sapporo5.pdf,official_daily_result_pdf
201901020601,2019,札幌,2,6,1,2019-09-01,https://www.jra.go.jp/datafile/seiseki/report/2019/2019-2sapporo6.pdf,official_daily_result_pdf
201901020602,2019,札幌,2,6,2,2019-09-01,https://www.jra.go.jp/datafile/seiseki/report/2019/2019-2sapporo6.pdf,official_daily_result_pdf
201901020603,2019,札幌,2,6,3,2019-09-01,https://www.jra.go.jp/datafile/seiseki/report/2019/2019-2sapporo6.pdf,official_daily_result_pdf
201901020604,2019,札幌,2,6,4,2019-09-01,https://www.jra.go.jp/datafile/seiseki/report/2019/2019-2sapporo6.pdf,official_daily_result_pdf
201901020605,2019,札幌,2,6,5,2019-09-01,https://www.jra.go.jp/datafile/seiseki/report/2019/2019-2sapporo6.pdf,official_daily_result_pdf
201901020606,2019,札幌,2,6,6,2019-09-01,https://www.jra.go.jp/datafile/seiseki/report/2019/2019-2sapporo6.pdf,official_daily_result_pdf
201901020607,2019,札幌,2,6,7,2019-09-01,https://www.jra.go.jp/datafile/seiseki/report/2019/2019-2sapporo6.pdf,official_daily_result_pdf
201901020608,2019,札幌,2,6,8,2019-09-01,https://www.jra.go.jp/datafile/seiseki/report/2019/2019-2sapporo6.pdf,official_daily_result_pdf
201901020609,2019,札幌,2,6,9,2019-09-01,https://www.jra.go.jp/datafile/seiseki/report/2019/2019-2sapporo6.pdf,official_daily_result_pdf
201901020610,2019,札幌,2,6,10,2019-09-01,https://www.jra.go.jp/datafile/seiseki/report/2019/2019-2sapporo6.pdf,official_daily_result_pdf
201901020611,2019,札幌,2,6,11,2019-09-01,https://www.jra.go.jp/datafile/seiseki/report/2019/2019-2sapporo6.pdf,official_daily_result_pdf
201901020612,2019,札幌,2,6,12,2019-09-01,https://www.jra.go.jp/datafile/seiseki/report/2019/2019-2sapporo6.pdf,official_daily_result_pdf
201902010101,2019,函館,1,1,1,2019-06-15,https://www.jra.go.jp/datafile/seiseki/report/2019/2019-1hakodate1.pdf,official_daily_result_pdf
201902010102,2019,函館,1,1,2,2019-06-15,https://www.jra.go.jp/datafile/seiseki/report/2019/2019-1hakodate1.pdf,official_daily_result_pdf
201902010103,2019,函館,1,1,3,2019-06-15,https://www.jra.go.jp/datafile/seiseki/report/2019/2019-1hakodate1.pdf,official_daily_result_pdf
201902010104,2019,函館,1,1,4,2019-06-15,https://www.jra.go.jp/datafile/seiseki/report/2019/2019-1hakodate1.pdf,official_daily_result_pdf
201902010105,2019,函館,1,1,5,2019-06-15,https://www.jra.go.jp/datafile/seiseki/report/2019/2019-1hakodate1.pdf,official_daily_result_pdf
201902010106,2019,函館,1,1,6,2019-06-15,https://www.jra.go.jp/datafile/seiseki/report/2019/2019-1hakodate1.pdf,official_daily_result_pdf
201902010107,2019,函館,1,1,7,2019-06-15,https://www.jra.go.jp/datafile/seiseki/report/2019/2019-1hakodate1.pdf,official_daily_result_pdf
201902010108,2019,函館,1,1,8,2019-06-15,https://www.jra.go.jp/datafile/seiseki/report/2019/2019-1hakodate1.pdf,official_daily_result_pdf
201902010109,2019,函館,1,1,9,2019-06-15,https://www.jra.go.jp/datafile/seiseki/report/2019/2019-1hakodate1.pdf,official_daily_result_pdf
201902010110,2019,函館,1,1,10,2019-06-15,https://www.jra.go.jp/datafile/seiseki/report/2019/2019-1hakodate1.pdf,official_daily_result_pdf
201902010111,2019,函館,1,1,11,2019-06-15,https://www.jra.go.jp/datafile/seiseki/report/2019/2019-1hakodate1.pdf,official_daily_result_pdf
201902010112,2019,函館,1,1,12,2019-06-15,https://www.jra.go.jp/datafile/seiseki/report/2019/2019-1hakodate1.pdf,official_daily_result_pdf
201902010201,2019,函館,1,2,1,2019-06-16,https://www.jra.go.jp/datafile/seiseki/report/2019/2019-1hakodate2.pdf,official_daily_result_pdf
201902010202,2019,函館,1,2,2,2019-06-16,https://www.jra.go.jp/datafile/seiseki/report/2019/2019-1hakodate2.pdf,official_daily_result_pdf
201902010203,2019,函館,1,2,3,2019-06-16,https://www.jra.go.jp/datafile/seiseki/report/2019/2019-1hakodate2.pdf,official_daily_result_pdf
201902010204,2019,函館,1,2,4,2019-06-16,https://www.jra.go.jp/datafile/seiseki/report/2019/2019-1hakodate2.pdf,official_daily_result_pdf
201902010205,2019,函館,1,2,5,2019-06-16,https://www.jra.go.jp/datafile/seiseki/report/2019/2019-1hakodate2.pdf,official_daily_result_pdf
201902010206,2019,函館,1,2,6,2019-06-16,https://www.jra.go.jp/datafile/seiseki/report/2019/2019-1hakodate2.pdf,official_daily_result_pdf
201902010207,2019,函館,1,2,7,2019-06-16,https://www.jra.go.jp/datafile/seiseki/report/2019/2019-1hakodate2.pdf,official_daily_result_pdf
201902010208,2019,函館,1,2,8,2019-06-16,https://www.jra.go.jp/datafile/seiseki/report/2019/2019-1hakodate2.pdf,official_daily_result_pdf
201902010209,2019,函館,1,2,9,2019-06-16,https://www.jra.go.jp/datafile/seiseki/report/2019/2019-1hakodate2.pdf,official_daily_result_pdf
201902010210,2019,函館,1,2,10,2019-06-16,https://www.jra.go.jp/datafile/seiseki/report/2019/2019-1hakodate2.pdf,official_daily_result_pdf
201902010211,2019,函館,1,2,11,2019-06-16,https://www.jra.go.jp/datafile/seiseki/report/2019/2019-1hakodate2.pdf,official_daily_result_pdf
201902010212,2019,函館,1,2,12,2019-06-16,https://www.jra.go.jp/datafile/seiseki/report/2019/2019-1hakodate2.pdf,official_daily_result_pdf
201902010301,2019,函館,1,3,1,2019-06-22,https://www.jra.go.jp/datafile/seiseki/report/2019/2019-1hakodate3.pdf,official_daily_result_pdf
201902010302,2019,函館,1,3,2,2019-06-22,https://www.jra.go.jp/datafile/seiseki/report/2019/2019-1hakodate3.pdf,official_daily_result_pdf
201902010303,2019,函館,1,3,3,2019-06-22,https://www.jra.go.jp/datafile/seiseki/report/2019/2019-1hakodate3.pdf,official_daily_result_pdf
201902010304,2019,函館,1,3,4,2019-06-22,https://www.jra.go.jp/datafile/seiseki/report/2019/2019-1hakodate3.pdf,official_daily_result_pdf
201902010305,2019,函館,1,3,5,2019-06-22,https://www.jra.go.jp/datafile/seiseki/report/2019/2019-1hakodate3.pdf,official_daily_result_pdf
201902010306,2019,函館,1,3,6,2019-06-22,https://www.jra.go.jp/datafile/seiseki/report/2019/2019-1hakodate3.pdf,official_daily_result_pdf
201902010307,2019,函館,1,3,7,2019-06-22,https://www.jra.go.jp/datafile/seiseki/report/2019/2019-1hakodate3.pdf,official_daily_result_pdf
201902010308,2019,函館,1,3,8,2019-06-22,https://www.jra.go.jp/datafile/seiseki/report/2019/2019-1hakodate3.pdf,official_daily_result_pdf
201902010309,2019,函館,1,3,9,2019-06-22,https://www.jra.go.jp/datafile/seiseki/report/2019/2019-1hakodate3.pdf,official_daily_result_pdf
201902010310,2019,函館,1,3,10,2019-06-22,https://www.jra.go.jp/datafile/seiseki/report/2019/2019-1hakodate3.pdf,official_daily_result_pdf
201902010311,2019,函館,1,3,11,2019-06-22,https://www.jra.go.jp/datafile/seiseki/report/2019/2019-1hakodate3.pdf,official_daily_result_pdf
201902010312,2019,函館,1,3,12,2019-06-22,https://www.jra.go.jp/datafile/seiseki/report/2019/2019-1hakodate3.pdf,official_daily_result_pdf
201902010401,2019,函館,1,4,1,2019-06-23,https://www.jra.go.jp/datafile/seiseki/report/2019/2019-1hakodate4.pdf,official_daily_result_pdf
201902010402,2019,函館,1,4,2,2019-06-23,https://www.jra.go.jp/datafile/seiseki/report/2019/2019-1hakodate4.pdf,official_daily_result_pdf
201902010403,2019,函館,1,4,3,2019-06-23,https://www.jra.go.jp/datafile/seiseki/report/2019/2019-1hakodate4.pdf,official_daily_result_pdf
201902010404,2019,函館,1,4,4,2019-06-23,https://www.jra.go.jp/datafile/seiseki/report/2019/2019-1hakodate4.pdf,official_daily_result_pdf
201902010405,2019,函館,1,4,5,2019-06-23,https://www.jra.go.jp/datafile/seiseki/report/2019/2019-1hakodate4.pdf,official_daily_result_pdf
201902010406,2019,函館,1,4,6,2019-06-23,https://www.jra.go.jp/datafile/seiseki/report/2019/2019-1hakodate4.pdf,official_daily_result_pdf
201902010407,2019,函館,1,4,7,2019-06-23,https://www.jra.go.jp/datafile/seiseki/report/2019/2019-1hakodate4.pdf,official_daily_result_pdf
201902010408,2019,函館,1,4,8,2019-06-23,https://www.jra.go.jp/datafile/seiseki/report/2019/2019-1hakodate4.pdf,official_daily_result_pdf
201902010409,2019,函館,1,4,9,2019-06-23,https://www.jra.go.jp/datafile/seiseki/report/2019/2019-1hakodate4.pdf,official_daily_result_pdf
201902010410,2019,函館,1,4,10,2019-06-23,https://www.jra.go.jp/datafile/seiseki/report/2019/2019-1hakodate4.pdf,official_daily_result_pdf
201902010411,2019,函館,1,4,11,2019-06-23,https://www.jra.go.jp/datafile/seiseki/report/2019/2019-1hakodate4.pdf,official_daily_result_pdf
201902010412,2019,函館,1,4,12,2019-06-23,https://www.jra.go.jp/datafile/seiseki/report/2019/2019-1hakodate4.pdf,official_daily_result_pdf
201902010501,2019,函館,1,5,1,2019-06-29,https://www.jra.go.jp/datafile/seiseki/report/2019/2019-1hakodate5.pdf,official_daily_result_pdf
201902010502,2019,函館,1,5,2,2019-06-29,https://www.jra.go.jp/datafile/seiseki/report/2019/2019-1hakodate5.pdf,official_daily_result_pdf
201902010503,2019,函館,1,5,3,2019-06-29,https://www.jra.go.jp/datafile/seiseki/report/2019/2019-1hakodate5.pdf,official_daily_result_pdf
201902010504,2019,函館,1,5,4,2019-06-29,https://www.jra.go.jp/datafile/seiseki/report/2019/2019-1hakodate5.pdf,official_daily_result_pdf
201902010505,2019,函館,1,5,5,2019-06-29,https://www.jra.go.jp/datafile/seiseki/report/2019/2019-1hakodate5.pdf,official_daily_result_pdf
201902010506,2019,函館,1,5,6,2019-06-29,https://www.jra.go.jp/datafile/seiseki/report/2019/2019-1hakodate5.pdf,official_daily_result_pdf
201902010507,2019,函館,1,5,7,2019-06-29,https://www.jra.go.jp/datafile/seiseki/report/2019/2019-1hakodate5.pdf,official_daily_result_pdf
201902010508,2019,函館,1,5,8,2019-06-29,https://www.jra.go.jp/datafile/seiseki/report/2019/2019-1hakodate5.pdf,official_daily_result_pdf
201902010509,2019,函館,1,5,9,2019-06-29,https://www.jra.go.jp/datafile/seiseki/report/2019/2019-1hakodate5.pdf,official_daily_result_pdf
201902010510,2019,函館,1,5,10,2019-06-29,https://www.jra.go.jp/datafile/seiseki/report/2019/2019-1hakodate5.pdf,official_daily_result_pdf
201902010511,2019,函館,1,5,11,2019-06-29,https://www.jra.go.jp/datafile/seiseki/report/2019/2019-1hakodate5.pdf,official_daily_result_pdf
201902010512,2019,函館,1,5,12,2019-06-29,https://www.jra.go.jp/datafile/seiseki/report/2019/2019-1hakodate5.pdf,official_daily_result_pdf
201902010601,2019,函館,1,6,1,2019-06-30,https://www.jra.go.jp/datafile/seiseki/report/2019/2019-1hakodate6.pdf,official_daily_result_pdf
201902010602,2019,函館,1,6,2,2019-06-30,https://www.jra.go.jp/datafile/seiseki/report/2019/2019-1hakodate6.pdf,official_daily_result_pdf
201902010603,2019,函館,1,6,3,2019-06-30,https://www.jra.go.jp/datafile/seiseki/report/2019/2019-1hakodate6.pdf,official_daily_result_pdf
201902010604,2019,函館,1,6,4,2019-06-30,https://www.jra.go.jp/datafile/seiseki/report/2019/2019-1hakodate6.pdf,official_daily_result_pdf
201902010605,2019,函館,1,6,5,2019-06-30,https://www.jra.go.jp/datafile/seiseki/report/2019/2019-1hakodate6.pdf,official_daily_result_pdf
201902010606,2019,函館,1,6,6,2019-06-30,https://www.jra.go.jp/datafile/seiseki/report/2019/2019-1hakodate6.pdf,official_daily_result_pdf
201902010607,2019,函館,1,6,7,2019-06-30,https://www.jra.go.jp/datafile/seiseki/report/2019/2019-1hakodate6.pdf,official_daily_result_pdf
201902010608,2019,函館,1,6,8,2019-06-30,https://www.jra.go.jp/datafile/seiseki/report/2019/2019-1hakodate6.pdf,official_daily_result_pdf
201902010609,2019,函館,1,6,9,2019-06-30,https://www.jra.go.jp/datafile/seiseki/report/2019/2019-1hakodate6.pdf,official_daily_result_pdf
201902010610,2019,函館,1,6,10,2019-06-30,https://www.jra.go.jp/datafile/seiseki/report/2019/2019-1hakodate6.pdf,official_daily_result_pdf
201902010611,2019,函館,1,6,11,2019-06-30,https://www.jra.go.jp/datafile/seiseki/report/2019/2019-1hakodate6.pdf,official_daily_result_pdf
201902010612,2019,函館,1,6,12,2019-06-30,https://www.jra.go.jp/datafile/seiseki/report/2019/2019-1hakodate6.pdf,official_daily_result_pdf
201902020101,2019,函館,2,1,1,2019-07-06,https://www.jra.go.jp/datafile/seiseki/report/2019/2019-2hakodate1.pdf,official_daily_result_pdf
201902020102,2019,函館,2,1,2,2019-07-06,https://www.jra.go.jp/datafile/seiseki/report/2019/2019-2hakodate1.pdf,official_daily_result_pdf
201902020103,2019,函館,2,1,3,2019-07-06,https://www.jra.go.jp/datafile/seiseki/report/2019/2019-2hakodate1.pdf,official_daily_result_pdf
201902020104,2019,函館,2,1,4,2019-07-06,https://www.jra.go.jp/datafile/seiseki/report/2019/2019-2hakodate1.pdf,official_daily_result_pdf
201902020105,2019,函館,2,1,5,2019-07-06,https://www.jra.go.jp/datafile/seiseki/report/2019/2019-2hakodate1.pdf,official_daily_result_pdf
201902020106,2019,函館,2,1,6,2019-07-06,https://www.jra.go.jp/datafile/seiseki/report/2019/2019-2hakodate1.pdf,official_daily_result_pdf
201902020107,2019,函館,2,1,7,2019-07-06,https://www.jra.go.jp/datafile/seiseki/report/2019/2019-2hakodate1.pdf,official_daily_result_pdf
201902020108,2019,函館,2,1,8,2019-07-06,https://www.jra.go.jp/datafile/seiseki/report/2019/2019-2hakodate1.pdf,official_daily_result_pdf
201902020109,2019,函館,2,1,9,2019-07-06,https://www.jra.go.jp/datafile/seiseki/report/2019/2019-2hakodate1.pdf,official_daily_result_pdf
201902020110,2019,函館,2,1,10,2019-07-06,https://www.jra.go.jp/datafile/seiseki/report/2019/2019-2hakodate1.pdf,official_daily_result_pdf
201902020111,2019,函館,2,1,11,2019-07-06,https://www.jra.go.jp/datafile/seiseki/report/2019/2019-2hakodate1.pdf,official_daily_result_pdf
201902020112,2019,函館,2,1,12,2019-07-06,https://www.jra.go.jp/datafile/seiseki/report/2019/2019-2hakodate1.pdf,official_daily_result_pdf
201902020201,2019,函館,2,2,1,2019-07-07,https://www.jra.go.jp/datafile/seiseki/report/2019/2019-2hakodate2.pdf,official_daily_result_pdf
201902020202,2019,函館,2,2,2,2019-07-07,https://www.jra.go.jp/datafile/seiseki/report/2019/2019-2hakodate2.pdf,official_daily_result_pdf
201902020203,2019,函館,2,2,3,2019-07-07,https://www.jra.go.jp/datafile/seiseki/report/2019/2019-2hakodate2.pdf,official_daily_result_pdf
201902020204,2019,函館,2,2,4,2019-07-07,https://www.jra.go.jp/datafile/seiseki/report/2019/2019-2hakodate2.pdf,official_daily_result_pdf
201902020205,2019,函館,2,2,5,2019-07-07,https://www.jra.go.jp/datafile/seiseki/report/2019/2019-2hakodate2.pdf,official_daily_result_pdf
201902020206,2019,函館,2,2,6,2019-07-07,https://www.jra.go.jp/datafile/seiseki/report/2019/2019-2hakodate2.pdf,official_daily_result_pdf
201902020207,2019,函館,2,2,7,2019-07-07,https://www.jra.go.jp/datafile/seiseki/report/2019/2019-2hakodate2.pdf,official_daily_result_pdf
201902020208,2019,函館,2,2,8,2019-07-07,https://www.jra.go.jp/datafile/seiseki/report/2019/2019-2hakodate2.pdf,official_daily_result_pdf
201902020209,2019,函館,2,2,9,2019-07-07,https://www.jra.go.jp/datafile/seiseki/report/2019/2019-2hakodate2.pdf,official_daily_result_pdf
201902020210,2019,函館,2,2,10,2019-07-07,https://www.jra.go.jp/datafile/seiseki/report/2019/2019-2hakodate2.pdf,official_daily_result_pdf
201902020211,2019,函館,2,2,11,2019-07-07,https://www.jra.go.jp/datafile/seiseki/report/2019/2019-2hakodate2.pdf,official_daily_result_pdf
201902020212,2019,函館,2,2,12,2019-07-07,https://www.jra.go.jp/datafile/seiseki/report/2019/2019-2hakodate2.pdf,official_daily_result_pdf
201902020301,2019,函館,2,3,1,2019-07-13,https://www.jra.go.jp/datafile/seiseki/report/2019/2019-2hakodate3.pdf,official_daily_result_pdf
201902020302,2019,函館,2,3,2,2019-07-13,https://www.jra.go.jp/datafile/seiseki/report/2019/2019-2hakodate3.pdf,official_daily_result_pdf
201902020303,2019,函館,2,3,3,2019-07-13,https://www.jra.go.jp/datafile/seiseki/report/2019/2019-2hakodate3.pdf,official_daily_result_pdf
201902020304,2019,函館,2,3,4,2019-07-13,https://www.jra.go.jp/datafile/seiseki/report/2019/2019-2hakodate3.pdf,official_daily_result_pdf
201902020305,2019,函館,2,3,5,2019-07-13,https://www.jra.go.jp/datafile/seiseki/report/2019/2019-2hakodate3.pdf,official_daily_result_pdf
201902020306,2019,函館,2,3,6,2019-07-13,https://www.jra.go.jp/datafile/seiseki/report/2019/2019-2hakodate3.pdf,official_daily_result_pdf
201902020307,2019,函館,2,3,7,2019-07-13,https://www.jra.go.jp/datafile/seiseki/report/2019/2019-2hakodate3.pdf,official_daily_result_pdf
201902020308,2019,函館,2,3,8,2019-07-13,https://www.jra.go.jp/datafile/seiseki/report/2019/2019-2hakodate3.pdf,official_daily_result_pdf
201902020309,2019,函館,2,3,9,2019-07-13,https://www.jra.go.jp/datafile/seiseki/report/2019/2019-2hakodate3.pdf,official_daily_result_pdf
201902020310,2019,函館,2,3,10,2019-07-13,https://www.jra.go.jp/datafile/seiseki/report/2019/2019-2hakodate3.pdf,official_daily_result_pdf
201902020311,2019,函館,2,3,11,2019-07-13,https://www.jra.go.jp/datafile/seiseki/report/2019/2019-2hakodate3.pdf,official_daily_result_pdf
201902020312,2019,函館,2,3,12,2019-07-13,https://www.jra.go.jp/datafile/seiseki/report/2019/2019-2hakodate3.pdf,official_daily_result_pdf
201902020401,2019,函館,2,4,1,2019-07-14,https://www.jra.go.jp/datafile/seiseki/report/2019/2019-2hakodate4.pdf,official_daily_result_pdf
201902020402,2019,函館,2,4,2,2019-07-14,https://www.jra.go.jp/datafile/seiseki/report/2019/2019-2hakodate4.pdf,official_daily_result_pdf
201902020403,2019,函館,2,4,3,2019-07-14,https://www.jra.go.jp/datafile/seiseki/report/2019/2019-2hakodate4.pdf,official_daily_result_pdf
201902020404,2019,函館,2,4,4,2019-07-14,https://www.jra.go.jp/datafile/seiseki/report/2019/2019-2hakodate4.pdf,official_daily_result_pdf
201902020405,2019,函館,2,4,5,2019-07-14,https://www.jra.go.jp/datafile/seiseki/report/2019/2019-2hakodate4.pdf,official_daily_result_pdf
201902020406,2019,函館,2,4,6,2019-07-14,https://www.jra.go.jp/datafile/seiseki/report/2019/2019-2hakodate4.pdf,official_daily_result_pdf
201902020407,2019,函館,2,4,7,2019-07-14,https://www.jra.go.jp/datafile/seiseki/report/2019/2019-2hakodate4.pdf,official_daily_result_pdf
201902020408,2019,函館,2,4,8,2019-07-14,https://www.jra.go.jp/datafile/seiseki/report/2019/2019-2hakodate4.pdf,official_daily_result_pdf
201902020409,2019,函館,2,4,9,2019-07-14,https://www.jra.go.jp/datafile/seiseki/report/2019/2019-2hakodate4.pdf,official_daily_result_pdf
201902020410,2019,函館,2,4,10,2019-07-14,https://www.jra.go.jp/datafile/seiseki/report/2019/2019-2hakodate4.pdf,official_daily_result_pdf
201902020411,2019,函館,2,4,11,2019-07-14,https://www.jra.go.jp/datafile/seiseki/report/2019/2019-2hakodate4.pdf,official_daily_result_pdf
201902020412,2019,函館,2,4,12,2019-07-14,https://www.jra.go.jp/datafile/seiseki/report/2019/2019-2hakodate4.pdf,official_daily_result_pdf
201902020501,2019,函館,2,5,1,2019-07-20,https://www.jra.go.jp/datafile/seiseki/report/2019/2019-2hakodate5.pdf,official_daily_result_pdf
201902020502,2019,函館,2,5,2,2019-07-20,https://www.jra.go.jp/datafile/seiseki/report/2019/2019-2hakodate5.pdf,official_daily_result_pdf
201902020503,2019,函館,2,5,3,2019-07-20,https://www.jra.go.jp/datafile/seiseki/report/2019/2019-2hakodate5.pdf,official_daily_result_pdf
201902020504,2019,函館,2,5,4,2019-07-20,https://www.jra.go.jp/datafile/seiseki/report/2019/2019-2hakodate5.pdf,official_daily_result_pdf
201902020505,2019,函館,2,5,5,2019-07-20,https://www.jra.go.jp/datafile/seiseki/report/2019/2019-2hakodate5.pdf,official_daily_result_pdf
201902020506,2019,函館,2,5,6,2019-07-20,https://www.jra.go.jp/datafile/seiseki/report/2019/2019-2hakodate5.pdf,official_daily_result_pdf
201902020507,2019,函館,2,5,7,2019-07-20,https://www.jra.go.jp/datafile/seiseki/report/2019/2019-2hakodate5.pdf,official_daily_result_pdf
201902020508,2019,函館,2,5,8,2019-07-20,https://www.jra.go.jp/datafile/seiseki/report/2019/2019-2hakodate5.pdf,official_daily_result_pdf
201902020509,2019,函館,2,5,9,2019-07-20,https://www.jra.go.jp/datafile/seiseki/report/2019/2019-2hakodate5.pdf,official_daily_result_pdf
201902020510,2019,函館,2,5,10,2019-07-20,https://www.jra.go.jp/datafile/seiseki/report/2019/2019-2hakodate5.pdf,official_daily_result_pdf
201902020511,2019,函館,2,5,11,2019-07-20,https://www.jra.go.jp/datafile/seiseki/report/2019/2019-2hakodate5.pdf,official_daily_result_pdf
201902020512,2019,函館,2,5,12,2019-07-20,https://www.jra.go.jp/datafile/seiseki/report/2019/2019-2hakodate5.pdf,official_daily_result_pdf
201902020601,2019,函館,2,6,1,2019-07-21,https://www.jra.go.jp/datafile/seiseki/report/2019/2019-2hakodate6.pdf,official_daily_result_pdf
201902020602,2019,函館,2,6,2,2019-07-21,https://www.jra.go.jp/datafile/seiseki/report/2019/2019-2hakodate6.pdf,official_daily_result_pdf
201902020603,2019,函館,2,6,3,2019-07-21,https://www.jra.go.jp/datafile/seiseki/report/2019/2019-2hakodate6.pdf,official_daily_result_pdf
201902020604,2019,函館,2,6,4,2019-07-21,https://www.jra.go.jp/datafile/seiseki/report/2019/2019-2hakodate6.pdf,official_daily_result_pdf
201902020605,2019,函館,2,6,5,2019-07-21,https://www.jra.go.jp/datafile/seiseki/report/2019/2019-2hakodate6.pdf,official_daily_result_pdf
201902020606,2019,函館,2,6,6,2019-07-21,https://www.jra.go.jp/datafile/seiseki/report/2019/2019-2hakodate6.pdf,official_daily_result_pdf
201902020607,2019,函館,2,6,7,2019-07-21,https://www.jra.go.jp/datafile/seiseki/report/2019/2019-2hakodate6.pdf,official_daily_result_pdf
201902020608,2019,函館,2,6,8,2019-07-21,https://www.jra.go.jp/datafile/seiseki/report/2019/2019-2hakodate6.pdf,official_daily_result_pdf
201902020609,2019,函館,2,6,9,2019-07-21,https://www.jra.go.jp/datafile/seiseki/report/2019/2019-2hakodate6.pdf,official_daily_result_pdf
201902020610,2019,函館,2,6,10,2019-07-21,https://www.jra.go.jp/datafile/seiseki/report/2019/2019-2hakodate6.pdf,official_daily_result_pdf
201902020611,2019,函館,2,6,11,2019-07-21,https://www.jra.go.jp/datafile/seiseki/report/2019/2019-2hakodate6.pdf,official_daily_result_pdf
201902020612,2019,函館,2,6,12,2019-07-21,https://www.jra.go.jp/datafile/seiseki/report/2019/2019-2hakodate6.pdf,official_daily_result_pdf
201903010101,2019,福島,1,1,1,2019-04-06,https://www.jra.go.jp/datafile/seiseki/report/2019/2019-1fukushima1.pdf,official_daily_result_pdf
201903010102,2019,福島,1,1,2,2019-04-06,https://www.jra.go.jp/datafile/seiseki/report/2019/2019-1fukushima1.pdf,official_daily_result_pdf
201903010103,2019,福島,1,1,3,2019-04-06,https://www.jra.go.jp/datafile/seiseki/report/2019/2019-1fukushima1.pdf,official_daily_result_pdf
201903010104,2019,福島,1,1,4,2019-04-06,https://www.jra.go.jp/datafile/seiseki/report/2019/2019-1fukushima1.pdf,official_daily_result_pdf
201903010105,2019,福島,1,1,5,2019-04-06,https://www.jra.go.jp/datafile/seiseki/report/2019/2019-1fukushima1.pdf,official_daily_result_pdf
201903010106,2019,福島,1,1,6,2019-04-06,https://www.jra.go.jp/datafile/seiseki/report/2019/2019-1fukushima1.pdf,official_daily_result_pdf
201903010107,2019,福島,1,1,7,2019-04-06,https://www.jra.go.jp/datafile/seiseki/report/2019/2019-1fukushima1.pdf,official_daily_result_pdf
201903010108,2019,福島,1,1,8,2019-04-06,https://www.jra.go.jp/datafile/seiseki/report/2019/2019-1fukushima1.pdf,official_daily_result_pdf
201903010109,2019,福島,1,1,9,2019-04-06,https://www.jra.go.jp/datafile/seiseki/report/2019/2019-1fukushima1.pdf,official_daily_result_pdf
201903010110,2019,福島,1,1,10,2019-04-06,https://www.jra.go.jp/datafile/seiseki/report/2019/2019-1fukushima1.pdf,official_daily_result_pdf
201903010111,2019,福島,1,1,11,2019-04-06,https://www.jra.go.jp/datafile/seiseki/report/2019/2019-1fukushima1.pdf,official_daily_result_pdf
201903010112,2019,福島,1,1,12,2019-04-06,https://www.jra.go.jp/datafile/seiseki/report/2019/2019-1fukushima1.pdf,official_daily_result_pdf
201903010201,2019,福島,1,2,1,2019-04-07,https://www.jra.go.jp/datafile/seiseki/report/2019/2019-1fukushima2.pdf,official_daily_result_pdf
201903010202,2019,福島,1,2,2,2019-04-07,https://www.jra.go.jp/datafile/seiseki/report/2019/2019-1fukushima2.pdf,official_daily_result_pdf
201903010203,2019,福島,1,2,3,2019-04-07,https://www.jra.go.jp/datafile/seiseki/report/2019/2019-1fukushima2.pdf,official_daily_result_pdf
201903010204,2019,福島,1,2,4,2019-04-07,https://www.jra.go.jp/datafile/seiseki/report/2019/2019-1fukushima2.pdf,official_daily_result_pdf
201903010205,2019,福島,1,2,5,2019-04-07,https://www.jra.go.jp/datafile/seiseki/report/2019/2019-1fukushima2.pdf,official_daily_result_pdf
201903010206,2019,福島,1,2,6,2019-04-07,https://www.jra.go.jp/datafile/seiseki/report/2019/2019-1fukushima2.pdf,official_daily_result_pdf
201903010207,2019,福島,1,2,7,2019-04-07,https://www.jra.go.jp/datafile/seiseki/report/2019/2019-1fukushima2.pdf,official_daily_result_pdf
201903010208,2019,福島,1,2,8,2019-04-07,https://www.jra.go.jp/datafile/seiseki/report/2019/2019-1fukushima2.pdf,official_daily_result_pdf
201903010209,2019,福島,1,2,9,2019-04-07,https://www.jra.go.jp/datafile/seiseki/report/2019/2019-1fukushima2.pdf,official_daily_result_pdf
201903010210,2019,福島,1,2,10,2019-04-07,https://www.jra.go.jp/datafile/seiseki/report/2019/2019-1fukushima2.pdf,official_daily_result_pdf
201903010211,2019,福島,1,2,11,2019-04-07,https://www.jra.go.jp/datafile/seiseki/report/2019/2019-1fukushima2.pdf,official_daily_result_pdf
201903010212,2019,福島,1,2,12,2019-04-07,https://www.jra.go.jp/datafile/seiseki/report/2019/2019-1fukushima2.pdf,official_daily_result_pdf
201903010301,2019,福島,1,3,1,2019-04-13,https://www.jra.go.jp/datafile/seiseki/report/2019/2019-1fukushima3.pdf,official_daily_result_pdf
201903010302,2019,福島,1,3,2,2019-04-13,https://www.jra.go.jp/datafile/seiseki/report/2019/2019-1fukushima3.pdf,official_daily_result_pdf
201903010303,2019,福島,1,3,3,2019-04-13,https://www.jra.go.jp/datafile/seiseki/report/2019/2019-1fukushima3.pdf,official_daily_result_pdf
201903010304,2019,福島,1,3,4,2019-04-13,https://www.jra.go.jp/datafile/seiseki/report/2019/2019-1fukushima3.pdf,official_daily_result_pdf
201903010305,2019,福島,1,3,5,2019-04-13,https://www.jra.go.jp/datafile/seiseki/report/2019/2019-1fukushima3.pdf,official_daily_result_pdf
201903010306,2019,福島,1,3,6,2019-04-13,https://www.jra.go.jp/datafile/seiseki/report/2019/2019-1fukushima3.pdf,official_daily_result_pdf
201903010307,2019,福島,1,3,7,2019-04-13,https://www.jra.go.jp/datafile/seiseki/report/2019/2019-1fukushima3.pdf,official_daily_result_pdf
201903010308,2019,福島,1,3,8,2019-04-13,https://www.jra.go.jp/datafile/seiseki/report/2019/2019-1fukushima3.pdf,official_daily_result_pdf
201903010309,2019,福島,1,3,9,2019-04-13,https://www.jra.go.jp/datafile/seiseki/report/2019/2019-1fukushima3.pdf,official_daily_result_pdf
201903010310,2019,福島,1,3,10,2019-04-13,https://www.jra.go.jp/datafile/seiseki/report/2019/2019-1fukushima3.pdf,official_daily_result_pdf
201903010311,2019,福島,1,3,11,2019-04-13,https://www.jra.go.jp/datafile/seiseki/report/2019/2019-1fukushima3.pdf,official_daily_result_pdf
201903010312,2019,福島,1,3,12,2019-04-13,https://www.jra.go.jp/datafile/seiseki/report/2019/2019-1fukushima3.pdf,official_daily_result_pdf
201903010401,2019,福島,1,4,1,2019-04-14,https://www.jra.go.jp/datafile/seiseki/report/2019/2019-1fukushima4.pdf,official_daily_result_pdf
201903010402,2019,福島,1,4,2,2019-04-14,https://www.jra.go.jp/datafile/seiseki/report/2019/2019-1fukushima4.pdf,official_daily_result_pdf
201903010403,2019,福島,1,4,3,2019-04-14,https://www.jra.go.jp/datafile/seiseki/report/2019/2019-1fukushima4.pdf,official_daily_result_pdf
201903010404,2019,福島,1,4,4,2019-04-14,https://www.jra.go.jp/datafile/seiseki/report/2019/2019-1fukushima4.pdf,official_daily_result_pdf
201903010405,2019,福島,1,4,5,2019-04-14,https://www.jra.go.jp/datafile/seiseki/report/2019/2019-1fukushima4.pdf,official_daily_result_pdf
201903010406,2019,福島,1,4,6,2019-04-14,https://www.jra.go.jp/datafile/seiseki/report/2019/2019-1fukushima4.pdf,official_daily_result_pdf
201903010407,2019,福島,1,4,7,2019-04-14,https://www.jra.go.jp/datafile/seiseki/report/2019/2019-1fukushima4.pdf,official_daily_result_pdf
201903010408,2019,福島,1,4,8,2019-04-14,https://www.jra.go.jp/datafile/seiseki/report/2019/2019-1fukushima4.pdf,official_daily_result_pdf
201903010409,2019,福島,1,4,9,2019-04-14,https://www.jra.go.jp/datafile/seiseki/report/2019/2019-1fukushima4.pdf,official_daily_result_pdf
201903010410,2019,福島,1,4,10,2019-04-14,https://www.jra.go.jp/datafile/seiseki/report/2019/2019-1fukushima4.pdf,official_daily_result_pdf
201903010411,2019,福島,1,4,11,2019-04-14,https://www.jra.go.jp/datafile/seiseki/report/2019/2019-1fukushima4.pdf,official_daily_result_pdf
201903010412,2019,福島,1,4,12,2019-04-14,https://www.jra.go.jp/datafile/seiseki/report/2019/2019-1fukushima4.pdf,official_daily_result_pdf
201903010501,2019,福島,1,5,1,2019-04-20,https://www.jra.go.jp/datafile/seiseki/report/2019/2019-1fukushima5.pdf,official_daily_result_pdf
201903010502,2019,福島,1,5,2,2019-04-20,https://www.jra.go.jp/datafile/seiseki/report/2019/2019-1fukushima5.pdf,official_daily_result_pdf
201903010503,2019,福島,1,5,3,2019-04-20,https://www.jra.go.jp/datafile/seiseki/report/2019/2019-1fukushima5.pdf,official_daily_result_pdf
201903010504,2019,福島,1,5,4,2019-04-20,https://www.jra.go.jp/datafile/seiseki/report/2019/2019-1fukushima5.pdf,official_daily_result_pdf
201903010505,2019,福島,1,5,5,2019-04-20,https://www.jra.go.jp/datafile/seiseki/report/2019/2019-1fukushima5.pdf,official_daily_result_pdf
201903010506,2019,福島,1,5,6,2019-04-20,https://www.jra.go.jp/datafile/seiseki/report/2019/2019-1fukushima5.pdf,official_daily_result_pdf
201903010507,2019,福島,1,5,7,2019-04-20,https://www.jra.go.jp/datafile/seiseki/report/2019/2019-1fukushima5.pdf,official_daily_result_pdf
201903010508,2019,福島,1,5,8,2019-04-20,https://www.jra.go.jp/datafile/seiseki/report/2019/2019-1fukushima5.pdf,official_daily_result_pdf
201903010509,2019,福島,1,5,9,2019-04-20,https://www.jra.go.jp/datafile/seiseki/report/2019/2019-1fukushima5.pdf,official_daily_result_pdf
201903010510,2019,福島,1,5,10,2019-04-20,https://www.jra.go.jp/datafile/seiseki/report/2019/2019-1fukushima5.pdf,official_daily_result_pdf
201903010511,2019,福島,1,5,11,2019-04-20,https://www.jra.go.jp/datafile/seiseki/report/2019/2019-1fukushima5.pdf,official_daily_result_pdf
201903010512,2019,福島,1,5,12,2019-04-20,https://www.jra.go.jp/datafile/seiseki/report/2019/2019-1fukushima5.pdf,official_daily_result_pdf
201903010601,2019,福島,1,6,1,2019-04-21,https://www.jra.go.jp/datafile/seiseki/report/2019/2019-1fukushima6.pdf,official_daily_result_pdf
201903010602,2019,福島,1,6,2,2019-04-21,https://www.jra.go.jp/datafile/seiseki/report/2019/2019-1fukushima6.pdf,official_daily_result_pdf
201903010603,2019,福島,1,6,3,2019-04-21,https://www.jra.go.jp/datafile/seiseki/report/2019/2019-1fukushima6.pdf,official_daily_result_pdf
201903010604,2019,福島,1,6,4,2019-04-21,https://www.jra.go.jp/datafile/seiseki/report/2019/2019-1fukushima6.pdf,official_daily_result_pdf
201903010605,2019,福島,1,6,5,2019-04-21,https://www.jra.go.jp/datafile/seiseki/report/2019/2019-1fukushima6.pdf,official_daily_result_pdf
201903010606,2019,福島,1,6,6,2019-04-21,https://www.jra.go.jp/datafile/seiseki/report/2019/2019-1fukushima6.pdf,official_daily_result_pdf
201903010607,2019,福島,1,6,7,2019-04-21,https://www.jra.go.jp/datafile/seiseki/report/2019/2019-1fukushima6.pdf,official_daily_result_pdf
201903010608,2019,福島,1,6,8,2019-04-21,https://www.jra.go.jp/datafile/seiseki/report/2019/2019-1fukushima6.pdf,official_daily_result_pdf
201903010609,2019,福島,1,6,9,2019-04-21,https://www.jra.go.jp/datafile/seiseki/report/2019/2019-1fukushima6.pdf,official_daily_result_pdf
201903010610,2019,福島,1,6,10,2019-04-21,https://www.jra.go.jp/datafile/seiseki/report/2019/2019-1fukushima6.pdf,official_daily_result_pdf
201903010611,2019,福島,1,6,11,2019-04-21,https://www.jra.go.jp/datafile/seiseki/report/2019/2019-1fukushima6.pdf,official_daily_result_pdf
201903010612,2019,福島,1,6,12,2019-04-21,https://www.jra.go.jp/datafile/seiseki/report/2019/2019-1fukushima6.pdf,official_daily_result_pdf
201903020101,2019,福島,2,1,1,2019-06-29,https://www.jra.go.jp/datafile/seiseki/report/2019/2019-2fukushima1.pdf,official_daily_result_pdf
201903020102,2019,福島,2,1,2,2019-06-29,https://www.jra.go.jp/datafile/seiseki/report/2019/2019-2fukushima1.pdf,official_daily_result_pdf
201903020103,2019,福島,2,1,3,2019-06-29,https://www.jra.go.jp/datafile/seiseki/report/2019/2019-2fukushima1.pdf,official_daily_result_pdf
201903020104,2019,福島,2,1,4,2019-06-29,https://www.jra.go.jp/datafile/seiseki/report/2019/2019-2fukushima1.pdf,official_daily_result_pdf
201903020105,2019,福島,2,1,5,2019-06-29,https://www.jra.go.jp/datafile/seiseki/report/2019/2019-2fukushima1.pdf,official_daily_result_pdf
201903020106,2019,福島,2,1,6,2019-06-29,https://www.jra.go.jp/datafile/seiseki/report/2019/2019-2fukushima1.pdf,official_daily_result_pdf
201903020107,2019,福島,2,1,7,2019-06-29,https://www.jra.go.jp/datafile/seiseki/report/2019/2019-2fukushima1.pdf,official_daily_result_pdf
201903020108,2019,福島,2,1,8,2019-06-29,https://www.jra.go.jp/datafile/seiseki/report/2019/2019-2fukushima1.pdf,official_daily_result_pdf
201903020109,2019,福島,2,1,9,2019-06-29,https://www.jra.go.jp/datafile/seiseki/report/2019/2019-2fukushima1.pdf,official_daily_result_pdf
201903020110,2019,福島,2,1,10,2019-06-29,https://www.jra.go.jp/datafile/seiseki/report/2019/2019-2fukushima1.pdf,official_daily_result_pdf
201903020111,2019,福島,2,1,11,2019-06-29,https://www.jra.go.jp/datafile/seiseki/report/2019/2019-2fukushima1.pdf,official_daily_result_pdf
201903020112,2019,福島,2,1,12,2019-06-29,https://www.jra.go.jp/datafile/seiseki/report/2019/2019-2fukushima1.pdf,official_daily_result_pdf
201903020201,2019,福島,2,2,1,2019-06-30,https://www.jra.go.jp/datafile/seiseki/report/2019/2019-2fukushima2.pdf,official_daily_result_pdf
201903020202,2019,福島,2,2,2,2019-06-30,https://www.jra.go.jp/datafile/seiseki/report/2019/2019-2fukushima2.pdf,official_daily_result_pdf
201903020203,2019,福島,2,2,3,2019-06-30,https://www.jra.go.jp/datafile/seiseki/report/2019/2019-2fukushima2.pdf,official_daily_result_pdf
201903020204,2019,福島,2,2,4,2019-06-30,https://www.jra.go.jp/datafile/seiseki/report/2019/2019-2fukushima2.pdf,official_daily_result_pdf
201903020205,2019,福島,2,2,5,2019-06-30,https://www.jra.go.jp/datafile/seiseki/report/2019/2019-2fukushima2.pdf,official_daily_result_pdf
201903020206,2019,福島,2,2,6,2019-06-30,https://www.jra.go.jp/datafile/seiseki/report/2019/2019-2fukushima2.pdf,official_daily_result_pdf
201903020207,2019,福島,2,2,7,2019-06-30,https://www.jra.go.jp/datafile/seiseki/report/2019/2019-2fukushima2.pdf,official_daily_result_pdf
201903020208,2019,福島,2,2,8,2019-06-30,https://www.jra.go.jp/datafile/seiseki/report/2019/2019-2fukushima2.pdf,official_daily_result_pdf
201903020209,2019,福島,2,2,9,2019-06-30,https://www.jra.go.jp/datafile/seiseki/report/2019/2019-2fukushima2.pdf,official_daily_result_pdf
201903020210,2019,福島,2,2,10,2019-06-30,https://www.jra.go.jp/datafile/seiseki/report/2019/2019-2fukushima2.pdf,official_daily_result_pdf
201903020211,2019,福島,2,2,11,2019-06-30,https://www.jra.go.jp/datafile/seiseki/report/2019/2019-2fukushima2.pdf,official_daily_result_pdf
201903020212,2019,福島,2,2,12,2019-06-30,https://www.jra.go.jp/datafile/seiseki/report/2019/2019-2fukushima2.pdf,official_daily_result_pdf
201903020301,2019,福島,2,3,1,2019-07-06,https://www.jra.go.jp/datafile/seiseki/report/2019/2019-2fukushima3.pdf,official_daily_result_pdf
201903020302,2019,福島,2,3,2,2019-07-06,https://www.jra.go.jp/datafile/seiseki/report/2019/2019-2fukushima3.pdf,official_daily_result_pdf
201903020303,2019,福島,2,3,3,2019-07-06,https://www.jra.go.jp/datafile/seiseki/report/2019/2019-2fukushima3.pdf,official_daily_result_pdf
201903020304,2019,福島,2,3,4,2019-07-06,https://www.jra.go.jp/datafile/seiseki/report/2019/2019-2fukushima3.pdf,official_daily_result_pdf
201903020305,2019,福島,2,3,5,2019-07-06,https://www.jra.go.jp/datafile/seiseki/report/2019/2019-2fukushima3.pdf,official_daily_result_pdf
201903020306,2019,福島,2,3,6,2019-07-06,https://www.jra.go.jp/datafile/seiseki/report/2019/2019-2fukushima3.pdf,official_daily_result_pdf
201903020307,2019,福島,2,3,7,2019-07-06,https://www.jra.go.jp/datafile/seiseki/report/2019/2019-2fukushima3.pdf,official_daily_result_pdf
201903020308,2019,福島,2,3,8,2019-07-06,https://www.jra.go.jp/datafile/seiseki/report/2019/2019-2fukushima3.pdf,official_daily_result_pdf
201903020309,2019,福島,2,3,9,2019-07-06,https://www.jra.go.jp/datafile/seiseki/report/2019/2019-2fukushima3.pdf,official_daily_result_pdf
201903020310,2019,福島,2,3,10,2019-07-06,https://www.jra.go.jp/datafile/seiseki/report/2019/2019-2fukushima3.pdf,official_daily_result_pdf
201903020311,2019,福島,2,3,11,2019-07-06,https://www.jra.go.jp/datafile/seiseki/report/2019/2019-2fukushima3.pdf,official_daily_result_pdf
201903020312,2019,福島,2,3,12,2019-07-06,https://www.jra.go.jp/datafile/seiseki/report/2019/2019-2fukushima3.pdf,official_daily_result_pdf
201903020401,2019,福島,2,4,1,2019-07-07,https://www.jra.go.jp/datafile/seiseki/report/2019/2019-2fukushima4.pdf,official_daily_result_pdf
201903020402,2019,福島,2,4,2,2019-07-07,https://www.jra.go.jp/datafile/seiseki/report/2019/2019-2fukushima4.pdf,official_daily_result_pdf
201903020403,2019,福島,2,4,3,2019-07-07,https://www.jra.go.jp/datafile/seiseki/report/2019/2019-2fukushima4.pdf,official_daily_result_pdf
201903020404,2019,福島,2,4,4,2019-07-07,https://www.jra.go.jp/datafile/seiseki/report/2019/2019-2fukushima4.pdf,official_daily_result_pdf
201903020405,2019,福島,2,4,5,2019-07-07,https://www.jra.go.jp/datafile/seiseki/report/2019/2019-2fukushima4.pdf,official_daily_result_pdf
201903020406,2019,福島,2,4,6,2019-07-07,https://www.jra.go.jp/datafile/seiseki/report/2019/2019-2fukushima4.pdf,official_daily_result_pdf
201903020407,2019,福島,2,4,7,2019-07-07,https://www.jra.go.jp/datafile/seiseki/report/2019/2019-2fukushima4.pdf,official_daily_result_pdf
201903020408,2019,福島,2,4,8,2019-07-07,https://www.jra.go.jp/datafile/seiseki/report/2019/2019-2fukushima4.pdf,official_daily_result_pdf
201903020409,2019,福島,2,4,9,2019-07-07,https://www.jra.go.jp/datafile/seiseki/report/2019/2019-2fukushima4.pdf,official_daily_result_pdf
201903020410,2019,福島,2,4,10,2019-07-07,https://www.jra.go.jp/datafile/seiseki/report/2019/2019-2fukushima4.pdf,official_daily_result_pdf
201903020411,2019,福島,2,4,11,2019-07-07,https://www.jra.go.jp/datafile/seiseki/report/2019/2019-2fukushima4.pdf,official_daily_result_pdf
201903020412,2019,福島,2,4,12,2019-07-07,https://www.jra.go.jp/datafile/seiseki/report/2019/2019-2fukushima4.pdf,official_daily_result_pdf
201903020501,2019,福島,2,5,1,2019-07-13,https://www.jra.go.jp/datafile/seiseki/report/2019/2019-2fukushima5.pdf,official_daily_result_pdf
201903020502,2019,福島,2,5,2,2019-07-13,https://www.jra.go.jp/datafile/seiseki/report/2019/2019-2fukushima5.pdf,official_daily_result_pdf
201903020503,2019,福島,2,5,3,2019-07-13,https://www.jra.go.jp/datafile/seiseki/report/2019/2019-2fukushima5.pdf,official_daily_result_pdf
201903020504,2019,福島,2,5,4,2019-07-13,https://www.jra.go.jp/datafile/seiseki/report/2019/2019-2fukushima5.pdf,official_daily_result_pdf
201903020505,2019,福島,2,5,5,2019-07-13,https://www.jra.go.jp/datafile/seiseki/report/2019/2019-2fukushima5.pdf,official_daily_result_pdf
201903020506,2019,福島,2,5,6,2019-07-13,https://www.jra.go.jp/datafile/seiseki/report/2019/2019-2fukushima5.pdf,official_daily_result_pdf
201903020507,2019,福島,2,5,7,2019-07-13,https://www.jra.go.jp/datafile/seiseki/report/2019/2019-2fukushima5.pdf,official_daily_result_pdf
201903020508,2019,福島,2,5,8,2019-07-13,https://www.jra.go.jp/datafile/seiseki/report/2019/2019-2fukushima5.pdf,official_daily_result_pdf
201903020509,2019,福島,2,5,9,2019-07-13,https://www.jra.go.jp/datafile/seiseki/report/2019/2019-2fukushima5.pdf,official_daily_result_pdf
201903020510,2019,福島,2,5,10,2019-07-13,https://www.jra.go.jp/datafile/seiseki/report/2019/2019-2fukushima5.pdf,official_daily_result_pdf
201903020511,2019,福島,2,5,11,2019-07-13,https://www.jra.go.jp/datafile/seiseki/report/2019/2019-2fukushima5.pdf,official_daily_result_pdf
201903020512,2019,福島,2,5,12,2019-07-13,https://www.jra.go.jp/datafile/seiseki/report/2019/2019-2fukushima5.pdf,official_daily_result_pdf
201903020601,2019,福島,2,6,1,2019-07-14,https://www.jra.go.jp/datafile/seiseki/report/2019/2019-2fukushima6.pdf,official_daily_result_pdf
201903020602,2019,福島,2,6,2,2019-07-14,https://www.jra.go.jp/datafile/seiseki/report/2019/2019-2fukushima6.pdf,official_daily_result_pdf
201903020603,2019,福島,2,6,3,2019-07-14,https://www.jra.go.jp/datafile/seiseki/report/2019/2019-2fukushima6.pdf,official_daily_result_pdf
201903020604,2019,福島,2,6,4,2019-07-14,https://www.jra.go.jp/datafile/seiseki/report/2019/2019-2fukushima6.pdf,official_daily_result_pdf
201903020605,2019,福島,2,6,5,2019-07-14,https://www.jra.go.jp/datafile/seiseki/report/2019/2019-2fukushima6.pdf,official_daily_result_pdf
201903020606,2019,福島,2,6,6,2019-07-14,https://www.jra.go.jp/datafile/seiseki/report/2019/2019-2fukushima6.pdf,official_daily_result_pdf
201903020607,2019,福島,2,6,7,2019-07-14,https://www.jra.go.jp/datafile/seiseki/report/2019/2019-2fukushima6.pdf,official_daily_result_pdf
201903020608,2019,福島,2,6,8,2019-07-14,https://www.jra.go.jp/datafile/seiseki/report/2019/2019-2fukushima6.pdf,official_daily_result_pdf
201903020609,2019,福島,2,6,9,2019-07-14,https://www.jra.go.jp/datafile/seiseki/report/2019/2019-2fukushima6.pdf,official_daily_result_pdf
201903020610,2019,福島,2,6,10,2019-07-14,https://www.jra.go.jp/datafile/seiseki/report/2019/2019-2fukushima6.pdf,official_daily_result_pdf
201903020611,2019,福島,2,6,11,2019-07-14,https://www.jra.go.jp/datafile/seiseki/report/2019/2019-2fukushima6.pdf,official_daily_result_pdf
201903020612,2019,福島,2,6,12,2019-07-14,https://www.jra.go.jp/datafile/seiseki/report/2019/2019-2fukushima6.pdf,official_daily_result_pdf
201903020701,2019,福島,2,7,1,2019-07-20,https://www.jra.go.jp/datafile/seiseki/report/2019/2019-2fukushima7.pdf,official_daily_result_pdf
201903020702,2019,福島,2,7,2,2019-07-20,https://www.jra.go.jp/datafile/seiseki/report/2019/2019-2fukushima7.pdf,official_daily_result_pdf
201903020703,2019,福島,2,7,3,2019-07-20,https://www.jra.go.jp/datafile/seiseki/report/2019/2019-2fukushima7.pdf,official_daily_result_pdf
201903020704,2019,福島,2,7,4,2019-07-20,https://www.jra.go.jp/datafile/seiseki/report/2019/2019-2fukushima7.pdf,official_daily_result_pdf
201903020705,2019,福島,2,7,5,2019-07-20,https://www.jra.go.jp/datafile/seiseki/report/2019/2019-2fukushima7.pdf,official_daily_result_pdf
201903020706,2019,福島,2,7,6,2019-07-20,https://www.jra.go.jp/datafile/seiseki/report/2019/2019-2fukushima7.pdf,official_daily_result_pdf
201903020707,2019,福島,2,7,7,2019-07-20,https://www.jra.go.jp/datafile/seiseki/report/2019/2019-2fukushima7.pdf,official_daily_result_pdf
201903020708,2019,福島,2,7,8,2019-07-20,https://www.jra.go.jp/datafile/seiseki/report/2019/2019-2fukushima7.pdf,official_daily_result_pdf
201903020709,2019,福島,2,7,9,2019-07-20,https://www.jra.go.jp/datafile/seiseki/report/2019/2019-2fukushima7.pdf,official_daily_result_pdf
201903020710,2019,福島,2,7,10,2019-07-20,https://www.jra.go.jp/datafile/seiseki/report/2019/2019-2fukushima7.pdf,official_daily_result_pdf
201903020711,2019,福島,2,7,11,2019-07-20,https://www.jra.go.jp/datafile/seiseki/report/2019/2019-2fukushima7.pdf,official_daily_result_pdf
201903020712,2019,福島,2,7,12,2019-07-20,https://www.jra.go.jp/datafile/seiseki/report/2019/2019-2fukushima7.pdf,official_daily_result_pdf
201903020801,2019,福島,2,8,1,2019-07-21,https://www.jra.go.jp/datafile/seiseki/report/2019/2019-2fukushima8.pdf,official_daily_result_pdf
201903020802,2019,福島,2,8,2,2019-07-21,https://www.jra.go.jp/datafile/seiseki/report/2019/2019-2fukushima8.pdf,official_daily_result_pdf
201903020803,2019,福島,2,8,3,2019-07-21,https://www.jra.go.jp/datafile/seiseki/report/2019/2019-2fukushima8.pdf,official_daily_result_pdf
201903020804,2019,福島,2,8,4,2019-07-21,https://www.jra.go.jp/datafile/seiseki/report/2019/2019-2fukushima8.pdf,official_daily_result_pdf
201903020805,2019,福島,2,8,5,2019-07-21,https://www.jra.go.jp/datafile/seiseki/report/2019/2019-2fukushima8.pdf,official_daily_result_pdf
201903020806,2019,福島,2,8,6,2019-07-21,https://www.jra.go.jp/datafile/seiseki/report/2019/2019-2fukushima8.pdf,official_daily_result_pdf
201903020807,2019,福島,2,8,7,2019-07-21,https://www.jra.go.jp/datafile/seiseki/report/2019/2019-2fukushima8.pdf,official_daily_result_pdf
201903020808,2019,福島,2,8,8,2019-07-21,https://www.jra.go.jp/datafile/seiseki/report/2019/2019-2fukushima8.pdf,official_daily_result_pdf
201903020809,2019,福島,2,8,9,2019-07-21,https://www.jra.go.jp/datafile/seiseki/report/2019/2019-2fukushima8.pdf,official_daily_result_pdf
201903020810,2019,福島,2,8,10,2019-07-21,https://www.jra.go.jp/datafile/seiseki/report/2019/2019-2fukushima8.pdf,official_daily_result_pdf
201903020811,2019,福島,2,8,11,2019-07-21,https://www.jra.go.jp/datafile/seiseki/report/2019/2019-2fukushima8.pdf,official_daily_result_pdf
201903020812,2019,福島,2,8,12,2019-07-21,https://www.jra.go.jp/datafile/seiseki/report/2019/2019-2fukushima8.pdf,official_daily_result_pdf
201903030101,2019,福島,3,1,1,2019-11-02,https://www.jra.go.jp/datafile/seiseki/report/2019/2019-3fukushima1.pdf,official_daily_result_pdf
201903030102,2019,福島,3,1,2,2019-11-02,https://www.jra.go.jp/datafile/seiseki/report/2019/2019-3fukushima1.pdf,official_daily_result_pdf
201903030103,2019,福島,3,1,3,2019-11-02,https://www.jra.go.jp/datafile/seiseki/report/2019/2019-3fukushima1.pdf,official_daily_result_pdf
201903030104,2019,福島,3,1,4,2019-11-02,https://www.jra.go.jp/datafile/seiseki/report/2019/2019-3fukushima1.pdf,official_daily_result_pdf
201903030105,2019,福島,3,1,5,2019-11-02,https://www.jra.go.jp/datafile/seiseki/report/2019/2019-3fukushima1.pdf,official_daily_result_pdf
201903030106,2019,福島,3,1,6,2019-11-02,https://www.jra.go.jp/datafile/seiseki/report/2019/2019-3fukushima1.pdf,official_daily_result_pdf
201903030107,2019,福島,3,1,7,2019-11-02,https://www.jra.go.jp/datafile/seiseki/report/2019/2019-3fukushima1.pdf,official_daily_result_pdf
201903030108,2019,福島,3,1,8,2019-11-02,https://www.jra.go.jp/datafile/seiseki/report/2019/2019-3fukushima1.pdf,official_daily_result_pdf
201903030109,2019,福島,3,1,9,2019-11-02,https://www.jra.go.jp/datafile/seiseki/report/2019/2019-3fukushima1.pdf,official_daily_result_pdf
201903030110,2019,福島,3,1,10,2019-11-02,https://www.jra.go.jp/datafile/seiseki/report/2019/2019-3fukushima1.pdf,official_daily_result_pdf
201903030111,2019,福島,3,1,11,2019-11-02,https://www.jra.go.jp/datafile/seiseki/report/2019/2019-3fukushima1.pdf,official_daily_result_pdf
201903030112,2019,福島,3,1,12,2019-11-02,https://www.jra.go.jp/datafile/seiseki/report/2019/2019-3fukushima1.pdf,official_daily_result_pdf
201903030201,2019,福島,3,2,1,2019-11-03,https://www.jra.go.jp/datafile/seiseki/report/2019/2019-3fukushima2.pdf,official_daily_result_pdf
201903030202,2019,福島,3,2,2,2019-11-03,https://www.jra.go.jp/datafile/seiseki/report/2019/2019-3fukushima2.pdf,official_daily_result_pdf
201903030203,2019,福島,3,2,3,2019-11-03,https://www.jra.go.jp/datafile/seiseki/report/2019/2019-3fukushima2.pdf,official_daily_result_pdf
201903030204,2019,福島,3,2,4,2019-11-03,https://www.jra.go.jp/datafile/seiseki/report/2019/2019-3fukushima2.pdf,official_daily_result_pdf
201903030205,2019,福島,3,2,5,2019-11-03,https://www.jra.go.jp/datafile/seiseki/report/2019/2019-3fukushima2.pdf,official_daily_result_pdf
201903030206,2019,福島,3,2,6,2019-11-03,https://www.jra.go.jp/datafile/seiseki/report/2019/2019-3fukushima2.pdf,official_daily_result_pdf
201903030207,2019,福島,3,2,7,2019-11-03,https://www.jra.go.jp/datafile/seiseki/report/2019/2019-3fukushima2.pdf,official_daily_result_pdf
201903030208,2019,福島,3,2,8,2019-11-03,https://www.jra.go.jp/datafile/seiseki/report/2019/2019-3fukushima2.pdf,official_daily_result_pdf
201903030209,2019,福島,3,2,9,2019-11-03,https://www.jra.go.jp/datafile/seiseki/report/2019/2019-3fukushima2.pdf,official_daily_result_pdf
201903030210,2019,福島,3,2,10,2019-11-03,https://www.jra.go.jp/datafile/seiseki/report/2019/2019-3fukushima2.pdf,official_daily_result_pdf
201903030211,2019,福島,3,2,11,2019-11-03,https://www.jra.go.jp/datafile/seiseki/report/2019/2019-3fukushima2.pdf,official_daily_result_pdf
201903030212,2019,福島,3,2,12,2019-11-03,https://www.jra.go.jp/datafile/seiseki/report/2019/2019-3fukushima2.pdf,official_daily_result_pdf
201903030301,2019,福島,3,3,1,2019-11-09,https://www.jra.go.jp/datafile/seiseki/report/2019/2019-3fukushima3.pdf,official_daily_result_pdf
201903030302,2019,福島,3,3,2,2019-11-09,https://www.jra.go.jp/datafile/seiseki/report/2019/2019-3fukushima3.pdf,official_daily_result_pdf
201903030303,2019,福島,3,3,3,2019-11-09,https://www.jra.go.jp/datafile/seiseki/report/2019/2019-3fukushima3.pdf,official_daily_result_pdf
201903030304,2019,福島,3,3,4,2019-11-09,https://www.jra.go.jp/datafile/seiseki/report/2019/2019-3fukushima3.pdf,official_daily_result_pdf
201903030305,2019,福島,3,3,5,2019-11-09,https://www.jra.go.jp/datafile/seiseki/report/2019/2019-3fukushima3.pdf,official_daily_result_pdf
201903030306,2019,福島,3,3,6,2019-11-09,https://www.jra.go.jp/datafile/seiseki/report/2019/2019-3fukushima3.pdf,official_daily_result_pdf
201903030307,2019,福島,3,3,7,2019-11-09,https://www.jra.go.jp/datafile/seiseki/report/2019/2019-3fukushima3.pdf,official_daily_result_pdf
201903030308,2019,福島,3,3,8,2019-11-09,https://www.jra.go.jp/datafile/seiseki/report/2019/2019-3fukushima3.pdf,official_daily_result_pdf
201903030309,2019,福島,3,3,9,2019-11-09,https://www.jra.go.jp/datafile/seiseki/report/2019/2019-3fukushima3.pdf,official_daily_result_pdf
201903030310,2019,福島,3,3,10,2019-11-09,https://www.jra.go.jp/datafile/seiseki/report/2019/2019-3fukushima3.pdf,official_daily_result_pdf
201903030311,2019,福島,3,3,11,2019-11-09,https://www.jra.go.jp/datafile/seiseki/report/2019/2019-3fukushima3.pdf,official_daily_result_pdf
201903030312,2019,福島,3,3,12,2019-11-09,https://www.jra.go.jp/datafile/seiseki/report/2019/2019-3fukushima3.pdf,official_daily_result_pdf
201903030401,2019,福島,3,4,1,2019-11-10,https://www.jra.go.jp/datafile/seiseki/report/2019/2019-3fukushima4.pdf,official_daily_result_pdf
201903030402,2019,福島,3,4,2,2019-11-10,https://www.jra.go.jp/datafile/seiseki/report/2019/2019-3fukushima4.pdf,official_daily_result_pdf
201903030403,2019,福島,3,4,3,2019-11-10,https://www.jra.go.jp/datafile/seiseki/report/2019/2019-3fukushima4.pdf,official_daily_result_pdf
201903030404,2019,福島,3,4,4,2019-11-10,https://www.jra.go.jp/datafile/seiseki/report/2019/2019-3fukushima4.pdf,official_daily_result_pdf
201903030405,2019,福島,3,4,5,2019-11-10,https://www.jra.go.jp/datafile/seiseki/report/2019/2019-3fukushima4.pdf,official_daily_result_pdf
201903030406,2019,福島,3,4,6,2019-11-10,https://www.jra.go.jp/datafile/seiseki/report/2019/2019-3fukushima4.pdf,official_daily_result_pdf
201903030407,2019,福島,3,4,7,2019-11-10,https://www.jra.go.jp/datafile/seiseki/report/2019/2019-3fukushima4.pdf,official_daily_result_pdf
201903030408,2019,福島,3,4,8,2019-11-10,https://www.jra.go.jp/datafile/seiseki/report/2019/2019-3fukushima4.pdf,official_daily_result_pdf
201903030409,2019,福島,3,4,9,2019-11-10,https://www.jra.go.jp/datafile/seiseki/report/2019/2019-3fukushima4.pdf,official_daily_result_pdf
201903030410,2019,福島,3,4,10,2019-11-10,https://www.jra.go.jp/datafile/seiseki/report/2019/2019-3fukushima4.pdf,official_daily_result_pdf
201903030411,2019,福島,3,4,11,2019-11-10,https://www.jra.go.jp/datafile/seiseki/report/2019/2019-3fukushima4.pdf,official_daily_result_pdf
201903030412,2019,福島,3,4,12,2019-11-10,https://www.jra.go.jp/datafile/seiseki/report/2019/2019-3fukushima4.pdf,official_daily_result_pdf
201903030501,2019,福島,3,5,1,2019-11-16,https://www.jra.go.jp/datafile/seiseki/report/2019/2019-3fukushima5.pdf,official_daily_result_pdf
201903030502,2019,福島,3,5,2,2019-11-16,https://www.jra.go.jp/datafile/seiseki/report/2019/2019-3fukushima5.pdf,official_daily_result_pdf
201903030503,2019,福島,3,5,3,2019-11-16,https://www.jra.go.jp/datafile/seiseki/report/2019/2019-3fukushima5.pdf,official_daily_result_pdf
201903030504,2019,福島,3,5,4,2019-11-16,https://www.jra.go.jp/datafile/seiseki/report/2019/2019-3fukushima5.pdf,official_daily_result_pdf
201903030505,2019,福島,3,5,5,2019-11-16,https://www.jra.go.jp/datafile/seiseki/report/2019/2019-3fukushima5.pdf,official_daily_result_pdf
201903030506,2019,福島,3,5,6,2019-11-16,https://www.jra.go.jp/datafile/seiseki/report/2019/2019-3fukushima5.pdf,official_daily_result_pdf
201903030507,2019,福島,3,5,7,2019-11-16,https://www.jra.go.jp/datafile/seiseki/report/2019/2019-3fukushima5.pdf,official_daily_result_pdf
201903030508,2019,福島,3,5,8,2019-11-16,https://www.jra.go.jp/datafile/seiseki/report/2019/2019-3fukushima5.pdf,official_daily_result_pdf
201903030509,2019,福島,3,5,9,2019-11-16,https://www.jra.go.jp/datafile/seiseki/report/2019/2019-3fukushima5.pdf,official_daily_result_pdf
201903030510,2019,福島,3,5,10,2019-11-16,https://www.jra.go.jp/datafile/seiseki/report/2019/2019-3fukushima5.pdf,official_daily_result_pdf
201903030511,2019,福島,3,5,11,2019-11-16,https://www.jra.go.jp/datafile/seiseki/report/2019/2019-3fukushima5.pdf,official_daily_result_pdf
201903030512,2019,福島,3,5,12,2019-11-16,https://www.jra.go.jp/datafile/seiseki/report/2019/2019-3fukushima5.pdf,official_daily_result_pdf
201903030601,2019,福島,3,6,1,2019-11-17,https://www.jra.go.jp/datafile/seiseki/report/2019/2019-3fukushima6.pdf,official_daily_result_pdf
201903030602,2019,福島,3,6,2,2019-11-17,https://www.jra.go.jp/datafile/seiseki/report/2019/2019-3fukushima6.pdf,official_daily_result_pdf
201903030603,2019,福島,3,6,3,2019-11-17,https://www.jra.go.jp/datafile/seiseki/report/2019/2019-3fukushima6.pdf,official_daily_result_pdf
201903030604,2019,福島,3,6,4,2019-11-17,https://www.jra.go.jp/datafile/seiseki/report/2019/2019-3fukushima6.pdf,official_daily_result_pdf
201903030605,2019,福島,3,6,5,2019-11-17,https://www.jra.go.jp/datafile/seiseki/report/2019/2019-3fukushima6.pdf,official_daily_result_pdf
201903030606,2019,福島,3,6,6,2019-11-17,https://www.jra.go.jp/datafile/seiseki/report/2019/2019-3fukushima6.pdf,official_daily_result_pdf
201903030607,2019,福島,3,6,7,2019-11-17,https://www.jra.go.jp/datafile/seiseki/report/2019/2019-3fukushima6.pdf,official_daily_result_pdf
201903030608,2019,福島,3,6,8,2019-11-17,https://www.jra.go.jp/datafile/seiseki/report/2019/2019-3fukushima6.pdf,official_daily_result_pdf
201903030609,2019,福島,3,6,9,2019-11-17,https://www.jra.go.jp/datafile/seiseki/report/2019/2019-3fukushima6.pdf,official_daily_result_pdf
201903030610,2019,福島,3,6,10,2019-11-17,https://www.jra.go.jp/datafile/seiseki/report/2019/2019-3fukushima6.pdf,official_daily_result_pdf
201903030611,2019,福島,3,6,11,2019-11-17,https://www.jra.go.jp/datafile/seiseki/report/2019/2019-3fukushima6.pdf,official_daily_result_pdf
201903030612,2019,福島,3,6,12,2019-11-17,https://www.jra.go.jp/datafile/seiseki/report/2019/2019-3fukushima6.pdf,official_daily_result_pdf
201904010101,2019,新潟,1,1,1,2019-04-27,https://www.jra.go.jp/datafile/seiseki/report/2019/2019-1niigata1.pdf,official_daily_result_pdf
201904010102,2019,新潟,1,1,2,2019-04-27,https://www.jra.go.jp/datafile/seiseki/report/2019/2019-1niigata1.pdf,official_daily_result_pdf
201904010103,2019,新潟,1,1,3,2019-04-27,https://www.jra.go.jp/datafile/seiseki/report/2019/2019-1niigata1.pdf,official_daily_result_pdf
201904010104,2019,新潟,1,1,4,2019-04-27,https://www.jra.go.jp/datafile/seiseki/report/2019/2019-1niigata1.pdf,official_daily_result_pdf
201904010105,2019,新潟,1,1,5,2019-04-27,https://www.jra.go.jp/datafile/seiseki/report/2019/2019-1niigata1.pdf,official_daily_result_pdf
201904010106,2019,新潟,1,1,6,2019-04-27,https://www.jra.go.jp/datafile/seiseki/report/2019/2019-1niigata1.pdf,official_daily_result_pdf
201904010107,2019,新潟,1,1,7,2019-04-27,https://www.jra.go.jp/datafile/seiseki/report/2019/2019-1niigata1.pdf,official_daily_result_pdf
201904010108,2019,新潟,1,1,8,2019-04-27,https://www.jra.go.jp/datafile/seiseki/report/2019/2019-1niigata1.pdf,official_daily_result_pdf
201904010109,2019,新潟,1,1,9,2019-04-27,https://www.jra.go.jp/datafile/seiseki/report/2019/2019-1niigata1.pdf,official_daily_result_pdf
201904010110,2019,新潟,1,1,10,2019-04-27,https://www.jra.go.jp/datafile/seiseki/report/2019/2019-1niigata1.pdf,official_daily_result_pdf
201904010111,2019,新潟,1,1,11,2019-04-27,https://www.jra.go.jp/datafile/seiseki/report/2019/2019-1niigata1.pdf,official_daily_result_pdf
201904010112,2019,新潟,1,1,12,2019-04-27,https://www.jra.go.jp/datafile/seiseki/report/2019/2019-1niigata1.pdf,official_daily_result_pdf
201904010201,2019,新潟,1,2,1,2019-04-29,https://www.jra.go.jp/datafile/seiseki/report/2019/2019-1niigata2.pdf,official_daily_result_pdf
201904010202,2019,新潟,1,2,2,2019-04-29,https://www.jra.go.jp/datafile/seiseki/report/2019/2019-1niigata2.pdf,official_daily_result_pdf
201904010203,2019,新潟,1,2,3,2019-04-29,https://www.jra.go.jp/datafile/seiseki/report/2019/2019-1niigata2.pdf,official_daily_result_pdf
201904010204,2019,新潟,1,2,4,2019-04-29,https://www.jra.go.jp/datafile/seiseki/report/2019/2019-1niigata2.pdf,official_daily_result_pdf
201904010205,2019,新潟,1,2,5,2019-04-29,https://www.jra.go.jp/datafile/seiseki/report/2019/2019-1niigata2.pdf,official_daily_result_pdf
201904010206,2019,新潟,1,2,6,2019-04-29,https://www.jra.go.jp/datafile/seiseki/report/2019/2019-1niigata2.pdf,official_daily_result_pdf
201904010207,2019,新潟,1,2,7,2019-04-29,https://www.jra.go.jp/datafile/seiseki/report/2019/2019-1niigata2.pdf,official_daily_result_pdf
201904010208,2019,新潟,1,2,8,2019-04-29,https://www.jra.go.jp/datafile/seiseki/report/2019/2019-1niigata2.pdf,official_daily_result_pdf
201904010209,2019,新潟,1,2,9,2019-04-29,https://www.jra.go.jp/datafile/seiseki/report/2019/2019-1niigata2.pdf,official_daily_result_pdf
201904010210,2019,新潟,1,2,10,2019-04-29,https://www.jra.go.jp/datafile/seiseki/report/2019/2019-1niigata2.pdf,official_daily_result_pdf
201904010211,2019,新潟,1,2,11,2019-04-29,https://www.jra.go.jp/datafile/seiseki/report/2019/2019-1niigata2.pdf,official_daily_result_pdf
201904010212,2019,新潟,1,2,12,2019-04-29,https://www.jra.go.jp/datafile/seiseki/report/2019/2019-1niigata2.pdf,official_daily_result_pdf
201904010301,2019,新潟,1,3,1,2019-05-04,https://www.jra.go.jp/datafile/seiseki/report/2019/2019-1niigata3.pdf,official_daily_result_pdf
201904010302,2019,新潟,1,3,2,2019-05-04,https://www.jra.go.jp/datafile/seiseki/report/2019/2019-1niigata3.pdf,official_daily_result_pdf
201904010303,2019,新潟,1,3,3,2019-05-04,https://www.jra.go.jp/datafile/seiseki/report/2019/2019-1niigata3.pdf,official_daily_result_pdf
201904010304,2019,新潟,1,3,4,2019-05-04,https://www.jra.go.jp/datafile/seiseki/report/2019/2019-1niigata3.pdf,official_daily_result_pdf
201904010305,2019,新潟,1,3,5,2019-05-04,https://www.jra.go.jp/datafile/seiseki/report/2019/2019-1niigata3.pdf,official_daily_result_pdf
201904010306,2019,新潟,1,3,6,2019-05-04,https://www.jra.go.jp/datafile/seiseki/report/2019/2019-1niigata3.pdf,official_daily_result_pdf
201904010307,2019,新潟,1,3,7,2019-05-04,https://www.jra.go.jp/datafile/seiseki/report/2019/2019-1niigata3.pdf,official_daily_result_pdf
201904010308,2019,新潟,1,3,8,2019-05-04,https://www.jra.go.jp/datafile/seiseki/report/2019/2019-1niigata3.pdf,official_daily_result_pdf
201904010309,2019,新潟,1,3,9,2019-05-04,https://www.jra.go.jp/datafile/seiseki/report/2019/2019-1niigata3.pdf,official_daily_result_pdf
201904010310,2019,新潟,1,3,10,2019-05-04,https://www.jra.go.jp/datafile/seiseki/report/2019/2019-1niigata3.pdf,official_daily_result_pdf
201904010311,2019,新潟,1,3,11,2019-05-04,https://www.jra.go.jp/datafile/seiseki/report/2019/2019-1niigata3.pdf,official_daily_result_pdf
201904010312,2019,新潟,1,3,12,2019-05-04,https://www.jra.go.jp/datafile/seiseki/report/2019/2019-1niigata3.pdf,official_daily_result_pdf
201904010401,2019,新潟,1,4,1,2019-05-05,https://www.jra.go.jp/datafile/seiseki/report/2019/2019-1niigata4.pdf,official_daily_result_pdf
201904010402,2019,新潟,1,4,2,2019-05-05,https://www.jra.go.jp/datafile/seiseki/report/2019/2019-1niigata4.pdf,official_daily_result_pdf
201904010403,2019,新潟,1,4,3,2019-05-05,https://www.jra.go.jp/datafile/seiseki/report/2019/2019-1niigata4.pdf,official_daily_result_pdf
201904010404,2019,新潟,1,4,4,2019-05-05,https://www.jra.go.jp/datafile/seiseki/report/2019/2019-1niigata4.pdf,official_daily_result_pdf
201904010405,2019,新潟,1,4,5,2019-05-05,https://www.jra.go.jp/datafile/seiseki/report/2019/2019-1niigata4.pdf,official_daily_result_pdf
201904010406,2019,新潟,1,4,6,2019-05-05,https://www.jra.go.jp/datafile/seiseki/report/2019/2019-1niigata4.pdf,official_daily_result_pdf
201904010407,2019,新潟,1,4,7,2019-05-05,https://www.jra.go.jp/datafile/seiseki/report/2019/2019-1niigata4.pdf,official_daily_result_pdf
201904010408,2019,新潟,1,4,8,2019-05-05,https://www.jra.go.jp/datafile/seiseki/report/2019/2019-1niigata4.pdf,official_daily_result_pdf
201904010409,2019,新潟,1,4,9,2019-05-05,https://www.jra.go.jp/datafile/seiseki/report/2019/2019-1niigata4.pdf,official_daily_result_pdf
201904010410,2019,新潟,1,4,10,2019-05-05,https://www.jra.go.jp/datafile/seiseki/report/2019/2019-1niigata4.pdf,official_daily_result_pdf
201904010411,2019,新潟,1,4,11,2019-05-05,https://www.jra.go.jp/datafile/seiseki/report/2019/2019-1niigata4.pdf,official_daily_result_pdf
201904010412,2019,新潟,1,4,12,2019-05-05,https://www.jra.go.jp/datafile/seiseki/report/2019/2019-1niigata4.pdf,official_daily_result_pdf
201904010501,2019,新潟,1,5,1,2019-05-11,https://www.jra.go.jp/datafile/seiseki/report/2019/2019-1niigata5.pdf,official_daily_result_pdf
201904010502,2019,新潟,1,5,2,2019-05-11,https://www.jra.go.jp/datafile/seiseki/report/2019/2019-1niigata5.pdf,official_daily_result_pdf
201904010503,2019,新潟,1,5,3,2019-05-11,https://www.jra.go.jp/datafile/seiseki/report/2019/2019-1niigata5.pdf,official_daily_result_pdf
201904010504,2019,新潟,1,5,4,2019-05-11,https://www.jra.go.jp/datafile/seiseki/report/2019/2019-1niigata5.pdf,official_daily_result_pdf
201904010505,2019,新潟,1,5,5,2019-05-11,https://www.jra.go.jp/datafile/seiseki/report/2019/2019-1niigata5.pdf,official_daily_result_pdf
201904010506,2019,新潟,1,5,6,2019-05-11,https://www.jra.go.jp/datafile/seiseki/report/2019/2019-1niigata5.pdf,official_daily_result_pdf
201904010507,2019,新潟,1,5,7,2019-05-11,https://www.jra.go.jp/datafile/seiseki/report/2019/2019-1niigata5.pdf,official_daily_result_pdf
201904010508,2019,新潟,1,5,8,2019-05-11,https://www.jra.go.jp/datafile/seiseki/report/2019/2019-1niigata5.pdf,official_daily_result_pdf
201904010509,2019,新潟,1,5,9,2019-05-11,https://www.jra.go.jp/datafile/seiseki/report/2019/2019-1niigata5.pdf,official_daily_result_pdf
201904010510,2019,新潟,1,5,10,2019-05-11,https://www.jra.go.jp/datafile/seiseki/report/2019/2019-1niigata5.pdf,official_daily_result_pdf
201904010511,2019,新潟,1,5,11,2019-05-11,https://www.jra.go.jp/datafile/seiseki/report/2019/2019-1niigata5.pdf,official_daily_result_pdf
201904010512,2019,新潟,1,5,12,2019-05-11,https://www.jra.go.jp/datafile/seiseki/report/2019/2019-1niigata5.pdf,official_daily_result_pdf
201904010601,2019,新潟,1,6,1,2019-05-12,https://www.jra.go.jp/datafile/seiseki/report/2019/2019-1niigata6.pdf,official_daily_result_pdf
201904010602,2019,新潟,1,6,2,2019-05-12,https://www.jra.go.jp/datafile/seiseki/report/2019/2019-1niigata6.pdf,official_daily_result_pdf
201904010603,2019,新潟,1,6,3,2019-05-12,https://www.jra.go.jp/datafile/seiseki/report/2019/2019-1niigata6.pdf,official_daily_result_pdf
201904010604,2019,新潟,1,6,4,2019-05-12,https://www.jra.go.jp/datafile/seiseki/report/2019/2019-1niigata6.pdf,official_daily_result_pdf
201904010605,2019,新潟,1,6,5,2019-05-12,https://www.jra.go.jp/datafile/seiseki/report/2019/2019-1niigata6.pdf,official_daily_result_pdf
201904010606,2019,新潟,1,6,6,2019-05-12,https://www.jra.go.jp/datafile/seiseki/report/2019/2019-1niigata6.pdf,official_daily_result_pdf
201904010607,2019,新潟,1,6,7,2019-05-12,https://www.jra.go.jp/datafile/seiseki/report/2019/2019-1niigata6.pdf,official_daily_result_pdf
201904010608,2019,新潟,1,6,8,2019-05-12,https://www.jra.go.jp/datafile/seiseki/report/2019/2019-1niigata6.pdf,official_daily_result_pdf
201904010609,2019,新潟,1,6,9,2019-05-12,https://www.jra.go.jp/datafile/seiseki/report/2019/2019-1niigata6.pdf,official_daily_result_pdf
201904010610,2019,新潟,1,6,10,2019-05-12,https://www.jra.go.jp/datafile/seiseki/report/2019/2019-1niigata6.pdf,official_daily_result_pdf
201904010611,2019,新潟,1,6,11,2019-05-12,https://www.jra.go.jp/datafile/seiseki/report/2019/2019-1niigata6.pdf,official_daily_result_pdf
201904010612,2019,新潟,1,6,12,2019-05-12,https://www.jra.go.jp/datafile/seiseki/report/2019/2019-1niigata6.pdf,official_daily_result_pdf
201904010701,2019,新潟,1,7,1,2019-05-18,https://www.jra.go.jp/datafile/seiseki/report/2019/2019-1niigata7.pdf,official_daily_result_pdf
201904010702,2019,新潟,1,7,2,2019-05-18,https://www.jra.go.jp/datafile/seiseki/report/2019/2019-1niigata7.pdf,official_daily_result_pdf
201904010703,2019,新潟,1,7,3,2019-05-18,https://www.jra.go.jp/datafile/seiseki/report/2019/2019-1niigata7.pdf,official_daily_result_pdf
201904010704,2019,新潟,1,7,4,2019-05-18,https://www.jra.go.jp/datafile/seiseki/report/2019/2019-1niigata7.pdf,official_daily_result_pdf
201904010705,2019,新潟,1,7,5,2019-05-18,https://www.jra.go.jp/datafile/seiseki/report/2019/2019-1niigata7.pdf,official_daily_result_pdf
201904010706,2019,新潟,1,7,6,2019-05-18,https://www.jra.go.jp/datafile/seiseki/report/2019/2019-1niigata7.pdf,official_daily_result_pdf
201904010707,2019,新潟,1,7,7,2019-05-18,https://www.jra.go.jp/datafile/seiseki/report/2019/2019-1niigata7.pdf,official_daily_result_pdf
201904010708,2019,新潟,1,7,8,2019-05-18,https://www.jra.go.jp/datafile/seiseki/report/2019/2019-1niigata7.pdf,official_daily_result_pdf
201904010709,2019,新潟,1,7,9,2019-05-18,https://www.jra.go.jp/datafile/seiseki/report/2019/2019-1niigata7.pdf,official_daily_result_pdf
201904010710,2019,新潟,1,7,10,2019-05-18,https://www.jra.go.jp/datafile/seiseki/report/2019/2019-1niigata7.pdf,official_daily_result_pdf
201904010711,2019,新潟,1,7,11,2019-05-18,https://www.jra.go.jp/datafile/seiseki/report/2019/2019-1niigata7.pdf,official_daily_result_pdf
201904010712,2019,新潟,1,7,12,2019-05-18,https://www.jra.go.jp/datafile/seiseki/report/2019/2019-1niigata7.pdf,official_daily_result_pdf
201904010801,2019,新潟,1,8,1,2019-05-19,https://www.jra.go.jp/datafile/seiseki/report/2019/2019-1niigata8.pdf,official_daily_result_pdf
201904010802,2019,新潟,1,8,2,2019-05-19,https://www.jra.go.jp/datafile/seiseki/report/2019/2019-1niigata8.pdf,official_daily_result_pdf
201904010803,2019,新潟,1,8,3,2019-05-19,https://www.jra.go.jp/datafile/seiseki/report/2019/2019-1niigata8.pdf,official_daily_result_pdf
201904010804,2019,新潟,1,8,4,2019-05-19,https://www.jra.go.jp/datafile/seiseki/report/2019/2019-1niigata8.pdf,official_daily_result_pdf
201904010805,2019,新潟,1,8,5,2019-05-19,https://www.jra.go.jp/datafile/seiseki/report/2019/2019-1niigata8.pdf,official_daily_result_pdf
201904010806,2019,新潟,1,8,6,2019-05-19,https://www.jra.go.jp/datafile/seiseki/report/2019/2019-1niigata8.pdf,official_daily_result_pdf
201904010807,2019,新潟,1,8,7,2019-05-19,https://www.jra.go.jp/datafile/seiseki/report/2019/2019-1niigata8.pdf,official_daily_result_pdf
201904010808,2019,新潟,1,8,8,2019-05-19,https://www.jra.go.jp/datafile/seiseki/report/2019/2019-1niigata8.pdf,official_daily_result_pdf
201904010809,2019,新潟,1,8,9,2019-05-19,https://www.jra.go.jp/datafile/seiseki/report/2019/2019-1niigata8.pdf,official_daily_result_pdf
201904010810,2019,新潟,1,8,10,2019-05-19,https://www.jra.go.jp/datafile/seiseki/report/2019/2019-1niigata8.pdf,official_daily_result_pdf
201904010811,2019,新潟,1,8,11,2019-05-19,https://www.jra.go.jp/datafile/seiseki/report/2019/2019-1niigata8.pdf,official_daily_result_pdf
201904010812,2019,新潟,1,8,12,2019-05-19,https://www.jra.go.jp/datafile/seiseki/report/2019/2019-1niigata8.pdf,official_daily_result_pdf
201904020101,2019,新潟,2,1,1,2019-07-27,https://www.jra.go.jp/datafile/seiseki/report/2019/2019-2niigata1.pdf,official_daily_result_pdf
201904020102,2019,新潟,2,1,2,2019-07-27,https://www.jra.go.jp/datafile/seiseki/report/2019/2019-2niigata1.pdf,official_daily_result_pdf
201904020103,2019,新潟,2,1,3,2019-07-27,https://www.jra.go.jp/datafile/seiseki/report/2019/2019-2niigata1.pdf,official_daily_result_pdf
201904020104,2019,新潟,2,1,4,2019-07-27,https://www.jra.go.jp/datafile/seiseki/report/2019/2019-2niigata1.pdf,official_daily_result_pdf
201904020105,2019,新潟,2,1,5,2019-07-27,https://www.jra.go.jp/datafile/seiseki/report/2019/2019-2niigata1.pdf,official_daily_result_pdf
201904020106,2019,新潟,2,1,6,2019-07-27,https://www.jra.go.jp/datafile/seiseki/report/2019/2019-2niigata1.pdf,official_daily_result_pdf
201904020107,2019,新潟,2,1,7,2019-07-27,https://www.jra.go.jp/datafile/seiseki/report/2019/2019-2niigata1.pdf,official_daily_result_pdf
201904020108,2019,新潟,2,1,8,2019-07-27,https://www.jra.go.jp/datafile/seiseki/report/2019/2019-2niigata1.pdf,official_daily_result_pdf
201904020109,2019,新潟,2,1,9,2019-07-27,https://www.jra.go.jp/datafile/seiseki/report/2019/2019-2niigata1.pdf,official_daily_result_pdf
201904020110,2019,新潟,2,1,10,2019-07-27,https://www.jra.go.jp/datafile/seiseki/report/2019/2019-2niigata1.pdf,official_daily_result_pdf
201904020111,2019,新潟,2,1,11,2019-07-27,https://www.jra.go.jp/datafile/seiseki/report/2019/2019-2niigata1.pdf,official_daily_result_pdf
201904020112,2019,新潟,2,1,12,2019-07-27,https://www.jra.go.jp/datafile/seiseki/report/2019/2019-2niigata1.pdf,official_daily_result_pdf
201904020201,2019,新潟,2,2,1,2019-07-28,https://www.jra.go.jp/datafile/seiseki/report/2019/2019-2niigata2.pdf,official_daily_result_pdf
201904020202,2019,新潟,2,2,2,2019-07-28,https://www.jra.go.jp/datafile/seiseki/report/2019/2019-2niigata2.pdf,official_daily_result_pdf
201904020203,2019,新潟,2,2,3,2019-07-28,https://www.jra.go.jp/datafile/seiseki/report/2019/2019-2niigata2.pdf,official_daily_result_pdf
201904020204,2019,新潟,2,2,4,2019-07-28,https://www.jra.go.jp/datafile/seiseki/report/2019/2019-2niigata2.pdf,official_daily_result_pdf
201904020205,2019,新潟,2,2,5,2019-07-28,https://www.jra.go.jp/datafile/seiseki/report/2019/2019-2niigata2.pdf,official_daily_result_pdf
201904020206,2019,新潟,2,2,6,2019-07-28,https://www.jra.go.jp/datafile/seiseki/report/2019/2019-2niigata2.pdf,official_daily_result_pdf
201904020207,2019,新潟,2,2,7,2019-07-28,https://www.jra.go.jp/datafile/seiseki/report/2019/2019-2niigata2.pdf,official_daily_result_pdf
201904020208,2019,新潟,2,2,8,2019-07-28,https://www.jra.go.jp/datafile/seiseki/report/2019/2019-2niigata2.pdf,official_daily_result_pdf
201904020209,2019,新潟,2,2,9,2019-07-28,https://www.jra.go.jp/datafile/seiseki/report/2019/2019-2niigata2.pdf,official_daily_result_pdf
201904020210,2019,新潟,2,2,10,2019-07-28,https://www.jra.go.jp/datafile/seiseki/report/2019/2019-2niigata2.pdf,official_daily_result_pdf
201904020211,2019,新潟,2,2,11,2019-07-28,https://www.jra.go.jp/datafile/seiseki/report/2019/2019-2niigata2.pdf,official_daily_result_pdf
201904020212,2019,新潟,2,2,12,2019-07-28,https://www.jra.go.jp/datafile/seiseki/report/2019/2019-2niigata2.pdf,official_daily_result_pdf
201904020301,2019,新潟,2,3,1,2019-08-03,https://www.jra.go.jp/datafile/seiseki/report/2019/2019-2niigata3.pdf,official_daily_result_pdf
201904020302,2019,新潟,2,3,2,2019-08-03,https://www.jra.go.jp/datafile/seiseki/report/2019/2019-2niigata3.pdf,official_daily_result_pdf
201904020303,2019,新潟,2,3,3,2019-08-03,https://www.jra.go.jp/datafile/seiseki/report/2019/2019-2niigata3.pdf,official_daily_result_pdf
201904020304,2019,新潟,2,3,4,2019-08-03,https://www.jra.go.jp/datafile/seiseki/report/2019/2019-2niigata3.pdf,official_daily_result_pdf
201904020305,2019,新潟,2,3,5,2019-08-03,https://www.jra.go.jp/datafile/seiseki/report/2019/2019-2niigata3.pdf,official_daily_result_pdf
201904020306,2019,新潟,2,3,6,2019-08-03,https://www.jra.go.jp/datafile/seiseki/report/2019/2019-2niigata3.pdf,official_daily_result_pdf
201904020307,2019,新潟,2,3,7,2019-08-03,https://www.jra.go.jp/datafile/seiseki/report/2019/2019-2niigata3.pdf,official_daily_result_pdf
201904020308,2019,新潟,2,3,8,2019-08-03,https://www.jra.go.jp/datafile/seiseki/report/2019/2019-2niigata3.pdf,official_daily_result_pdf
201904020309,2019,新潟,2,3,9,2019-08-03,https://www.jra.go.jp/datafile/seiseki/report/2019/2019-2niigata3.pdf,official_daily_result_pdf
201904020310,2019,新潟,2,3,10,2019-08-03,https://www.jra.go.jp/datafile/seiseki/report/2019/2019-2niigata3.pdf,official_daily_result_pdf
201904020311,2019,新潟,2,3,11,2019-08-03,https://www.jra.go.jp/datafile/seiseki/report/2019/2019-2niigata3.pdf,official_daily_result_pdf
201904020312,2019,新潟,2,3,12,2019-08-03,https://www.jra.go.jp/datafile/seiseki/report/2019/2019-2niigata3.pdf,official_daily_result_pdf
201904020401,2019,新潟,2,4,1,2019-08-04,https://www.jra.go.jp/datafile/seiseki/report/2019/2019-2niigata4.pdf,official_daily_result_pdf
201904020402,2019,新潟,2,4,2,2019-08-04,https://www.jra.go.jp/datafile/seiseki/report/2019/2019-2niigata4.pdf,official_daily_result_pdf
201904020403,2019,新潟,2,4,3,2019-08-04,https://www.jra.go.jp/datafile/seiseki/report/2019/2019-2niigata4.pdf,official_daily_result_pdf
201904020404,2019,新潟,2,4,4,2019-08-04,https://www.jra.go.jp/datafile/seiseki/report/2019/2019-2niigata4.pdf,official_daily_result_pdf
201904020405,2019,新潟,2,4,5,2019-08-04,https://www.jra.go.jp/datafile/seiseki/report/2019/2019-2niigata4.pdf,official_daily_result_pdf
201904020406,2019,新潟,2,4,6,2019-08-04,https://www.jra.go.jp/datafile/seiseki/report/2019/2019-2niigata4.pdf,official_daily_result_pdf
201904020407,2019,新潟,2,4,7,2019-08-04,https://www.jra.go.jp/datafile/seiseki/report/2019/2019-2niigata4.pdf,official_daily_result_pdf
201904020408,2019,新潟,2,4,8,2019-08-04,https://www.jra.go.jp/datafile/seiseki/report/2019/2019-2niigata4.pdf,official_daily_result_pdf
201904020409,2019,新潟,2,4,9,2019-08-04,https://www.jra.go.jp/datafile/seiseki/report/2019/2019-2niigata4.pdf,official_daily_result_pdf
201904020410,2019,新潟,2,4,10,2019-08-04,https://www.jra.go.jp/datafile/seiseki/report/2019/2019-2niigata4.pdf,official_daily_result_pdf
201904020411,2019,新潟,2,4,11,2019-08-04,https://www.jra.go.jp/datafile/seiseki/report/2019/2019-2niigata4.pdf,official_daily_result_pdf
201904020412,2019,新潟,2,4,12,2019-08-04,https://www.jra.go.jp/datafile/seiseki/report/2019/2019-2niigata4.pdf,official_daily_result_pdf
201904020501,2019,新潟,2,5,1,2019-08-10,https://www.jra.go.jp/datafile/seiseki/report/2019/2019-2niigata5.pdf,official_daily_result_pdf
201904020502,2019,新潟,2,5,2,2019-08-10,https://www.jra.go.jp/datafile/seiseki/report/2019/2019-2niigata5.pdf,official_daily_result_pdf
201904020503,2019,新潟,2,5,3,2019-08-10,https://www.jra.go.jp/datafile/seiseki/report/2019/2019-2niigata5.pdf,official_daily_result_pdf
201904020504,2019,新潟,2,5,4,2019-08-10,https://www.jra.go.jp/datafile/seiseki/report/2019/2019-2niigata5.pdf,official_daily_result_pdf
201904020505,2019,新潟,2,5,5,2019-08-10,https://www.jra.go.jp/datafile/seiseki/report/2019/2019-2niigata5.pdf,official_daily_result_pdf
201904020506,2019,新潟,2,5,6,2019-08-10,https://www.jra.go.jp/datafile/seiseki/report/2019/2019-2niigata5.pdf,official_daily_result_pdf
201904020507,2019,新潟,2,5,7,2019-08-10,https://www.jra.go.jp/datafile/seiseki/report/2019/2019-2niigata5.pdf,official_daily_result_pdf
201904020508,2019,新潟,2,5,8,2019-08-10,https://www.jra.go.jp/datafile/seiseki/report/2019/2019-2niigata5.pdf,official_daily_result_pdf
201904020509,2019,新潟,2,5,9,2019-08-10,https://www.jra.go.jp/datafile/seiseki/report/2019/2019-2niigata5.pdf,official_daily_result_pdf
201904020510,2019,新潟,2,5,10,2019-08-10,https://www.jra.go.jp/datafile/seiseki/report/2019/2019-2niigata5.pdf,official_daily_result_pdf
201904020511,2019,新潟,2,5,11,2019-08-10,https://www.jra.go.jp/datafile/seiseki/report/2019/2019-2niigata5.pdf,official_daily_result_pdf
201904020512,2019,新潟,2,5,12,2019-08-10,https://www.jra.go.jp/datafile/seiseki/report/2019/2019-2niigata5.pdf,official_daily_result_pdf
201904020601,2019,新潟,2,6,1,2019-08-11,https://www.jra.go.jp/datafile/seiseki/report/2019/2019-2niigata6.pdf,official_daily_result_pdf
201904020602,2019,新潟,2,6,2,2019-08-11,https://www.jra.go.jp/datafile/seiseki/report/2019/2019-2niigata6.pdf,official_daily_result_pdf
201904020603,2019,新潟,2,6,3,2019-08-11,https://www.jra.go.jp/datafile/seiseki/report/2019/2019-2niigata6.pdf,official_daily_result_pdf
201904020604,2019,新潟,2,6,4,2019-08-11,https://www.jra.go.jp/datafile/seiseki/report/2019/2019-2niigata6.pdf,official_daily_result_pdf
201904020605,2019,新潟,2,6,5,2019-08-11,https://www.jra.go.jp/datafile/seiseki/report/2019/2019-2niigata6.pdf,official_daily_result_pdf
201904020606,2019,新潟,2,6,6,2019-08-11,https://www.jra.go.jp/datafile/seiseki/report/2019/2019-2niigata6.pdf,official_daily_result_pdf
201904020607,2019,新潟,2,6,7,2019-08-11,https://www.jra.go.jp/datafile/seiseki/report/2019/2019-2niigata6.pdf,official_daily_result_pdf
201904020608,2019,新潟,2,6,8,2019-08-11,https://www.jra.go.jp/datafile/seiseki/report/2019/2019-2niigata6.pdf,official_daily_result_pdf
201904020609,2019,新潟,2,6,9,2019-08-11,https://www.jra.go.jp/datafile/seiseki/report/2019/2019-2niigata6.pdf,official_daily_result_pdf
201904020610,2019,新潟,2,6,10,2019-08-11,https://www.jra.go.jp/datafile/seiseki/report/2019/2019-2niigata6.pdf,official_daily_result_pdf
201904020611,2019,新潟,2,6,11,2019-08-11,https://www.jra.go.jp/datafile/seiseki/report/2019/2019-2niigata6.pdf,official_daily_result_pdf
201904020612,2019,新潟,2,6,12,2019-08-11,https://www.jra.go.jp/datafile/seiseki/report/2019/2019-2niigata6.pdf,official_daily_result_pdf
201904020701,2019,新潟,2,7,1,2019-08-17,https://www.jra.go.jp/datafile/seiseki/report/2019/2019-2niigata7.pdf,official_daily_result_pdf
201904020702,2019,新潟,2,7,2,2019-08-17,https://www.jra.go.jp/datafile/seiseki/report/2019/2019-2niigata7.pdf,official_daily_result_pdf
201904020703,2019,新潟,2,7,3,2019-08-17,https://www.jra.go.jp/datafile/seiseki/report/2019/2019-2niigata7.pdf,official_daily_result_pdf
201904020704,2019,新潟,2,7,4,2019-08-17,https://www.jra.go.jp/datafile/seiseki/report/2019/2019-2niigata7.pdf,official_daily_result_pdf
201904020705,2019,新潟,2,7,5,2019-08-17,https://www.jra.go.jp/datafile/seiseki/report/2019/2019-2niigata7.pdf,official_daily_result_pdf
201904020706,2019,新潟,2,7,6,2019-08-17,https://www.jra.go.jp/datafile/seiseki/report/2019/2019-2niigata7.pdf,official_daily_result_pdf
201904020707,2019,新潟,2,7,7,2019-08-17,https://www.jra.go.jp/datafile/seiseki/report/2019/2019-2niigata7.pdf,official_daily_result_pdf
201904020708,2019,新潟,2,7,8,2019-08-17,https://www.jra.go.jp/datafile/seiseki/report/2019/2019-2niigata7.pdf,official_daily_result_pdf
201904020709,2019,新潟,2,7,9,2019-08-17,https://www.jra.go.jp/datafile/seiseki/report/2019/2019-2niigata7.pdf,official_daily_result_pdf
201904020710,2019,新潟,2,7,10,2019-08-17,https://www.jra.go.jp/datafile/seiseki/report/2019/2019-2niigata7.pdf,official_daily_result_pdf
201904020711,2019,新潟,2,7,11,2019-08-17,https://www.jra.go.jp/datafile/seiseki/report/2019/2019-2niigata7.pdf,official_daily_result_pdf
201904020712,2019,新潟,2,7,12,2019-08-17,https://www.jra.go.jp/datafile/seiseki/report/2019/2019-2niigata7.pdf,official_daily_result_pdf
201904020801,2019,新潟,2,8,1,2019-08-18,https://www.jra.go.jp/datafile/seiseki/report/2019/2019-2niigata8.pdf,official_daily_result_pdf
201904020802,2019,新潟,2,8,2,2019-08-18,https://www.jra.go.jp/datafile/seiseki/report/2019/2019-2niigata8.pdf,official_daily_result_pdf
201904020803,2019,新潟,2,8,3,2019-08-18,https://www.jra.go.jp/datafile/seiseki/report/2019/2019-2niigata8.pdf,official_daily_result_pdf
201904020804,2019,新潟,2,8,4,2019-08-18,https://www.jra.go.jp/datafile/seiseki/report/2019/2019-2niigata8.pdf,official_daily_result_pdf
201904020805,2019,新潟,2,8,5,2019-08-18,https://www.jra.go.jp/datafile/seiseki/report/2019/2019-2niigata8.pdf,official_daily_result_pdf
201904020806,2019,新潟,2,8,6,2019-08-18,https://www.jra.go.jp/datafile/seiseki/report/2019/2019-2niigata8.pdf,official_daily_result_pdf
201904020807,2019,新潟,2,8,7,2019-08-18,https://www.jra.go.jp/datafile/seiseki/report/2019/2019-2niigata8.pdf,official_daily_result_pdf
201904020808,2019,新潟,2,8,8,2019-08-18,https://www.jra.go.jp/datafile/seiseki/report/2019/2019-2niigata8.pdf,official_daily_result_pdf
201904020809,2019,新潟,2,8,9,2019-08-18,https://www.jra.go.jp/datafile/seiseki/report/2019/2019-2niigata8.pdf,official_daily_result_pdf
201904020810,2019,新潟,2,8,10,2019-08-18,https://www.jra.go.jp/datafile/seiseki/report/2019/2019-2niigata8.pdf,official_daily_result_pdf
201904020811,2019,新潟,2,8,11,2019-08-18,https://www.jra.go.jp/datafile/seiseki/report/2019/2019-2niigata8.pdf,official_daily_result_pdf
201904020812,2019,新潟,2,8,12,2019-08-18,https://www.jra.go.jp/datafile/seiseki/report/2019/2019-2niigata8.pdf,official_daily_result_pdf
201904020901,2019,新潟,2,9,1,2019-08-24,https://www.jra.go.jp/datafile/seiseki/report/2019/2019-2niigata9.pdf,official_daily_result_pdf
201904020902,2019,新潟,2,9,2,2019-08-24,https://www.jra.go.jp/datafile/seiseki/report/2019/2019-2niigata9.pdf,official_daily_result_pdf
201904020903,2019,新潟,2,9,3,2019-08-24,https://www.jra.go.jp/datafile/seiseki/report/2019/2019-2niigata9.pdf,official_daily_result_pdf
201904020904,2019,新潟,2,9,4,2019-08-24,https://www.jra.go.jp/datafile/seiseki/report/2019/2019-2niigata9.pdf,official_daily_result_pdf
201904020905,2019,新潟,2,9,5,2019-08-24,https://www.jra.go.jp/datafile/seiseki/report/2019/2019-2niigata9.pdf,official_daily_result_pdf
201904020906,2019,新潟,2,9,6,2019-08-24,https://www.jra.go.jp/datafile/seiseki/report/2019/2019-2niigata9.pdf,official_daily_result_pdf
201904020907,2019,新潟,2,9,7,2019-08-24,https://www.jra.go.jp/datafile/seiseki/report/2019/2019-2niigata9.pdf,official_daily_result_pdf
201904020908,2019,新潟,2,9,8,2019-08-24,https://www.jra.go.jp/datafile/seiseki/report/2019/2019-2niigata9.pdf,official_daily_result_pdf
201904020909,2019,新潟,2,9,9,2019-08-24,https://www.jra.go.jp/datafile/seiseki/report/2019/2019-2niigata9.pdf,official_daily_result_pdf
201904020910,2019,新潟,2,9,10,2019-08-24,https://www.jra.go.jp/datafile/seiseki/report/2019/2019-2niigata9.pdf,official_daily_result_pdf
201904020911,2019,新潟,2,9,11,2019-08-24,https://www.jra.go.jp/datafile/seiseki/report/2019/2019-2niigata9.pdf,official_daily_result_pdf
201904020912,2019,新潟,2,9,12,2019-08-24,https://www.jra.go.jp/datafile/seiseki/report/2019/2019-2niigata9.pdf,official_daily_result_pdf
201904021001,2019,新潟,2,10,1,2019-08-25,https://www.jra.go.jp/datafile/seiseki/report/2019/2019-2niigata10.pdf,official_daily_result_pdf
201904021002,2019,新潟,2,10,2,2019-08-25,https://www.jra.go.jp/datafile/seiseki/report/2019/2019-2niigata10.pdf,official_daily_result_pdf
201904021003,2019,新潟,2,10,3,2019-08-25,https://www.jra.go.jp/datafile/seiseki/report/2019/2019-2niigata10.pdf,official_daily_result_pdf
201904021004,2019,新潟,2,10,4,2019-08-25,https://www.jra.go.jp/datafile/seiseki/report/2019/2019-2niigata10.pdf,official_daily_result_pdf
201904021005,2019,新潟,2,10,5,2019-08-25,https://www.jra.go.jp/datafile/seiseki/report/2019/2019-2niigata10.pdf,official_daily_result_pdf
201904021006,2019,新潟,2,10,6,2019-08-25,https://www.jra.go.jp/datafile/seiseki/report/2019/2019-2niigata10.pdf,official_daily_result_pdf
201904021007,2019,新潟,2,10,7,2019-08-25,https://www.jra.go.jp/datafile/seiseki/report/2019/2019-2niigata10.pdf,official_daily_result_pdf
201904021008,2019,新潟,2,10,8,2019-08-25,https://www.jra.go.jp/datafile/seiseki/report/2019/2019-2niigata10.pdf,official_daily_result_pdf
201904021009,2019,新潟,2,10,9,2019-08-25,https://www.jra.go.jp/datafile/seiseki/report/2019/2019-2niigata10.pdf,official_daily_result_pdf
201904021010,2019,新潟,2,10,10,2019-08-25,https://www.jra.go.jp/datafile/seiseki/report/2019/2019-2niigata10.pdf,official_daily_result_pdf
201904021011,2019,新潟,2,10,11,2019-08-25,https://www.jra.go.jp/datafile/seiseki/report/2019/2019-2niigata10.pdf,official_daily_result_pdf
201904021012,2019,新潟,2,10,12,2019-08-25,https://www.jra.go.jp/datafile/seiseki/report/2019/2019-2niigata10.pdf,official_daily_result_pdf
201904021101,2019,新潟,2,11,1,2019-08-31,https://www.jra.go.jp/datafile/seiseki/report/2019/2019-2niigata11.pdf,official_daily_result_pdf
201904021102,2019,新潟,2,11,2,2019-08-31,https://www.jra.go.jp/datafile/seiseki/report/2019/2019-2niigata11.pdf,official_daily_result_pdf
201904021103,2019,新潟,2,11,3,2019-08-31,https://www.jra.go.jp/datafile/seiseki/report/2019/2019-2niigata11.pdf,official_daily_result_pdf
201904021104,2019,新潟,2,11,4,2019-08-31,https://www.jra.go.jp/datafile/seiseki/report/2019/2019-2niigata11.pdf,official_daily_result_pdf
201904021105,2019,新潟,2,11,5,2019-08-31,https://www.jra.go.jp/datafile/seiseki/report/2019/2019-2niigata11.pdf,official_daily_result_pdf
201904021106,2019,新潟,2,11,6,2019-08-31,https://www.jra.go.jp/datafile/seiseki/report/2019/2019-2niigata11.pdf,official_daily_result_pdf
201904021107,2019,新潟,2,11,7,2019-08-31,https://www.jra.go.jp/datafile/seiseki/report/2019/2019-2niigata11.pdf,official_daily_result_pdf
201904021108,2019,新潟,2,11,8,2019-08-31,https://www.jra.go.jp/datafile/seiseki/report/2019/2019-2niigata11.pdf,official_daily_result_pdf
201904021109,2019,新潟,2,11,9,2019-08-31,https://www.jra.go.jp/datafile/seiseki/report/2019/2019-2niigata11.pdf,official_daily_result_pdf
201904021110,2019,新潟,2,11,10,2019-08-31,https://www.jra.go.jp/datafile/seiseki/report/2019/2019-2niigata11.pdf,official_daily_result_pdf
201904021111,2019,新潟,2,11,11,2019-08-31,https://www.jra.go.jp/datafile/seiseki/report/2019/2019-2niigata11.pdf,official_daily_result_pdf
201904021112,2019,新潟,2,11,12,2019-08-31,https://www.jra.go.jp/datafile/seiseki/report/2019/2019-2niigata11.pdf,official_daily_result_pdf
201904021201,2019,新潟,2,12,1,2019-09-01,https://www.jra.go.jp/datafile/seiseki/report/2019/2019-2niigata12.pdf,official_daily_result_pdf
201904021202,2019,新潟,2,12,2,2019-09-01,https://www.jra.go.jp/datafile/seiseki/report/2019/2019-2niigata12.pdf,official_daily_result_pdf
201904021203,2019,新潟,2,12,3,2019-09-01,https://www.jra.go.jp/datafile/seiseki/report/2019/2019-2niigata12.pdf,official_daily_result_pdf
201904021204,2019,新潟,2,12,4,2019-09-01,https://www.jra.go.jp/datafile/seiseki/report/2019/2019-2niigata12.pdf,official_daily_result_pdf
201904021205,2019,新潟,2,12,5,2019-09-01,https://www.jra.go.jp/datafile/seiseki/report/2019/2019-2niigata12.pdf,official_daily_result_pdf
201904021206,2019,新潟,2,12,6,2019-09-01,https://www.jra.go.jp/datafile/seiseki/report/2019/2019-2niigata12.pdf,official_daily_result_pdf
201904021207,2019,新潟,2,12,7,2019-09-01,https://www.jra.go.jp/datafile/seiseki/report/2019/2019-2niigata12.pdf,official_daily_result_pdf
201904021208,2019,新潟,2,12,8,2019-09-01,https://www.jra.go.jp/datafile/seiseki/report/2019/2019-2niigata12.pdf,official_daily_result_pdf
201904021209,2019,新潟,2,12,9,2019-09-01,https://www.jra.go.jp/datafile/seiseki/report/2019/2019-2niigata12.pdf,official_daily_result_pdf
201904021210,2019,新潟,2,12,10,2019-09-01,https://www.jra.go.jp/datafile/seiseki/report/2019/2019-2niigata12.pdf,official_daily_result_pdf
201904021211,2019,新潟,2,12,11,2019-09-01,https://www.jra.go.jp/datafile/seiseki/report/2019/2019-2niigata12.pdf,official_daily_result_pdf
201904021212,2019,新潟,2,12,12,2019-09-01,https://www.jra.go.jp/datafile/seiseki/report/2019/2019-2niigata12.pdf,official_daily_result_pdf
201904030101,2019,新潟,3,1,1,2019-10-05,https://www.jra.go.jp/datafile/seiseki/report/2019/2019-3niigata1.pdf,official_daily_result_pdf
201904030102,2019,新潟,3,1,2,2019-10-05,https://www.jra.go.jp/datafile/seiseki/report/2019/2019-3niigata1.pdf,official_daily_result_pdf
201904030103,2019,新潟,3,1,3,2019-10-05,https://www.jra.go.jp/datafile/seiseki/report/2019/2019-3niigata1.pdf,official_daily_result_pdf
201904030104,2019,新潟,3,1,4,2019-10-05,https://www.jra.go.jp/datafile/seiseki/report/2019/2019-3niigata1.pdf,official_daily_result_pdf
201904030105,2019,新潟,3,1,5,2019-10-05,https://www.jra.go.jp/datafile/seiseki/report/2019/2019-3niigata1.pdf,official_daily_result_pdf
201904030106,2019,新潟,3,1,6,2019-10-05,https://www.jra.go.jp/datafile/seiseki/report/2019/2019-3niigata1.pdf,official_daily_result_pdf
201904030107,2019,新潟,3,1,7,2019-10-05,https://www.jra.go.jp/datafile/seiseki/report/2019/2019-3niigata1.pdf,official_daily_result_pdf
201904030108,2019,新潟,3,1,8,2019-10-05,https://www.jra.go.jp/datafile/seiseki/report/2019/2019-3niigata1.pdf,official_daily_result_pdf
201904030109,2019,新潟,3,1,9,2019-10-05,https://www.jra.go.jp/datafile/seiseki/report/2019/2019-3niigata1.pdf,official_daily_result_pdf
201904030110,2019,新潟,3,1,10,2019-10-05,https://www.jra.go.jp/datafile/seiseki/report/2019/2019-3niigata1.pdf,official_daily_result_pdf
201904030111,2019,新潟,3,1,11,2019-10-05,https://www.jra.go.jp/datafile/seiseki/report/2019/2019-3niigata1.pdf,official_daily_result_pdf
201904030112,2019,新潟,3,1,12,2019-10-05,https://www.jra.go.jp/datafile/seiseki/report/2019/2019-3niigata1.pdf,official_daily_result_pdf
201904030201,2019,新潟,3,2,1,2019-10-06,https://www.jra.go.jp/datafile/seiseki/report/2019/2019-3niigata2.pdf,official_daily_result_pdf
201904030202,2019,新潟,3,2,2,2019-10-06,https://www.jra.go.jp/datafile/seiseki/report/2019/2019-3niigata2.pdf,official_daily_result_pdf
201904030203,2019,新潟,3,2,3,2019-10-06,https://www.jra.go.jp/datafile/seiseki/report/2019/2019-3niigata2.pdf,official_daily_result_pdf
201904030204,2019,新潟,3,2,4,2019-10-06,https://www.jra.go.jp/datafile/seiseki/report/2019/2019-3niigata2.pdf,official_daily_result_pdf
201904030205,2019,新潟,3,2,5,2019-10-06,https://www.jra.go.jp/datafile/seiseki/report/2019/2019-3niigata2.pdf,official_daily_result_pdf
201904030206,2019,新潟,3,2,6,2019-10-06,https://www.jra.go.jp/datafile/seiseki/report/2019/2019-3niigata2.pdf,official_daily_result_pdf
201904030207,2019,新潟,3,2,7,2019-10-06,https://www.jra.go.jp/datafile/seiseki/report/2019/2019-3niigata2.pdf,official_daily_result_pdf
201904030208,2019,新潟,3,2,8,2019-10-06,https://www.jra.go.jp/datafile/seiseki/report/2019/2019-3niigata2.pdf,official_daily_result_pdf
201904030209,2019,新潟,3,2,9,2019-10-06,https://www.jra.go.jp/datafile/seiseki/report/2019/2019-3niigata2.pdf,official_daily_result_pdf
201904030210,2019,新潟,3,2,10,2019-10-06,https://www.jra.go.jp/datafile/seiseki/report/2019/2019-3niigata2.pdf,official_daily_result_pdf
201904030211,2019,新潟,3,2,11,2019-10-06,https://www.jra.go.jp/datafile/seiseki/report/2019/2019-3niigata2.pdf,official_daily_result_pdf
201904030212,2019,新潟,3,2,12,2019-10-06,https://www.jra.go.jp/datafile/seiseki/report/2019/2019-3niigata2.pdf,official_daily_result_pdf
201904030301,2019,新潟,3,3,1,2019-10-19,https://www.jra.go.jp/datafile/seiseki/report/2019/2019-3niigata3.pdf,official_daily_result_pdf
201904030302,2019,新潟,3,3,2,2019-10-19,https://www.jra.go.jp/datafile/seiseki/report/2019/2019-3niigata3.pdf,official_daily_result_pdf
201904030303,2019,新潟,3,3,3,2019-10-19,https://www.jra.go.jp/datafile/seiseki/report/2019/2019-3niigata3.pdf,official_daily_result_pdf
201904030304,2019,新潟,3,3,4,2019-10-19,https://www.jra.go.jp/datafile/seiseki/report/2019/2019-3niigata3.pdf,official_daily_result_pdf
201904030305,2019,新潟,3,3,5,2019-10-19,https://www.jra.go.jp/datafile/seiseki/report/2019/2019-3niigata3.pdf,official_daily_result_pdf
201904030306,2019,新潟,3,3,6,2019-10-19,https://www.jra.go.jp/datafile/seiseki/report/2019/2019-3niigata3.pdf,official_daily_result_pdf
201904030307,2019,新潟,3,3,7,2019-10-19,https://www.jra.go.jp/datafile/seiseki/report/2019/2019-3niigata3.pdf,official_daily_result_pdf
201904030308,2019,新潟,3,3,8,2019-10-19,https://www.jra.go.jp/datafile/seiseki/report/2019/2019-3niigata3.pdf,official_daily_result_pdf
201904030309,2019,新潟,3,3,9,2019-10-19,https://www.jra.go.jp/datafile/seiseki/report/2019/2019-3niigata3.pdf,official_daily_result_pdf
201904030310,2019,新潟,3,3,10,2019-10-19,https://www.jra.go.jp/datafile/seiseki/report/2019/2019-3niigata3.pdf,official_daily_result_pdf
201904030311,2019,新潟,3,3,11,2019-10-19,https://www.jra.go.jp/datafile/seiseki/report/2019/2019-3niigata3.pdf,official_daily_result_pdf
201904030312,2019,新潟,3,3,12,2019-10-19,https://www.jra.go.jp/datafile/seiseki/report/2019/2019-3niigata3.pdf,official_daily_result_pdf
201904030401,2019,新潟,3,4,1,2019-10-20,https://www.jra.go.jp/datafile/seiseki/report/2019/2019-3niigata4.pdf,official_daily_result_pdf
201904030402,2019,新潟,3,4,2,2019-10-20,https://www.jra.go.jp/datafile/seiseki/report/2019/2019-3niigata4.pdf,official_daily_result_pdf
201904030403,2019,新潟,3,4,3,2019-10-20,https://www.jra.go.jp/datafile/seiseki/report/2019/2019-3niigata4.pdf,official_daily_result_pdf
201904030404,2019,新潟,3,4,4,2019-10-20,https://www.jra.go.jp/datafile/seiseki/report/2019/2019-3niigata4.pdf,official_daily_result_pdf
201904030405,2019,新潟,3,4,5,2019-10-20,https://www.jra.go.jp/datafile/seiseki/report/2019/2019-3niigata4.pdf,official_daily_result_pdf
201904030406,2019,新潟,3,4,6,2019-10-20,https://www.jra.go.jp/datafile/seiseki/report/2019/2019-3niigata4.pdf,official_daily_result_pdf
201904030407,2019,新潟,3,4,7,2019-10-20,https://www.jra.go.jp/datafile/seiseki/report/2019/2019-3niigata4.pdf,official_daily_result_pdf
201904030408,2019,新潟,3,4,8,2019-10-20,https://www.jra.go.jp/datafile/seiseki/report/2019/2019-3niigata4.pdf,official_daily_result_pdf
201904030409,2019,新潟,3,4,9,2019-10-20,https://www.jra.go.jp/datafile/seiseki/report/2019/2019-3niigata4.pdf,official_daily_result_pdf
201904030410,2019,新潟,3,4,10,2019-10-20,https://www.jra.go.jp/datafile/seiseki/report/2019/2019-3niigata4.pdf,official_daily_result_pdf
201904030411,2019,新潟,3,4,11,2019-10-20,https://www.jra.go.jp/datafile/seiseki/report/2019/2019-3niigata4.pdf,official_daily_result_pdf
201904030412,2019,新潟,3,4,12,2019-10-20,https://www.jra.go.jp/datafile/seiseki/report/2019/2019-3niigata4.pdf,official_daily_result_pdf
201904030501,2019,新潟,3,5,1,2019-10-26,https://www.jra.go.jp/datafile/seiseki/report/2019/2019-3niigata5.pdf,official_daily_result_pdf
201904030502,2019,新潟,3,5,2,2019-10-26,https://www.jra.go.jp/datafile/seiseki/report/2019/2019-3niigata5.pdf,official_daily_result_pdf
201904030503,2019,新潟,3,5,3,2019-10-26,https://www.jra.go.jp/datafile/seiseki/report/2019/2019-3niigata5.pdf,official_daily_result_pdf
201904030504,2019,新潟,3,5,4,2019-10-26,https://www.jra.go.jp/datafile/seiseki/report/2019/2019-3niigata5.pdf,official_daily_result_pdf
201904030505,2019,新潟,3,5,5,2019-10-26,https://www.jra.go.jp/datafile/seiseki/report/2019/2019-3niigata5.pdf,official_daily_result_pdf
201904030506,2019,新潟,3,5,6,2019-10-26,https://www.jra.go.jp/datafile/seiseki/report/2019/2019-3niigata5.pdf,official_daily_result_pdf
201904030507,2019,新潟,3,5,7,2019-10-26,https://www.jra.go.jp/datafile/seiseki/report/2019/2019-3niigata5.pdf,official_daily_result_pdf
201904030508,2019,新潟,3,5,8,2019-10-26,https://www.jra.go.jp/datafile/seiseki/report/2019/2019-3niigata5.pdf,official_daily_result_pdf
201904030509,2019,新潟,3,5,9,2019-10-26,https://www.jra.go.jp/datafile/seiseki/report/2019/2019-3niigata5.pdf,official_daily_result_pdf
201904030510,2019,新潟,3,5,10,2019-10-26,https://www.jra.go.jp/datafile/seiseki/report/2019/2019-3niigata5.pdf,official_daily_result_pdf
201904030511,2019,新潟,3,5,11,2019-10-26,https://www.jra.go.jp/datafile/seiseki/report/2019/2019-3niigata5.pdf,official_daily_result_pdf
201904030512,2019,新潟,3,5,12,2019-10-26,https://www.jra.go.jp/datafile/seiseki/report/2019/2019-3niigata5.pdf,official_daily_result_pdf
201904030601,2019,新潟,3,6,1,2019-10-27,https://www.jra.go.jp/datafile/seiseki/report/2019/2019-3niigata6.pdf,official_daily_result_pdf
201904030602,2019,新潟,3,6,2,2019-10-27,https://www.jra.go.jp/datafile/seiseki/report/2019/2019-3niigata6.pdf,official_daily_result_pdf
201904030603,2019,新潟,3,6,3,2019-10-27,https://www.jra.go.jp/datafile/seiseki/report/2019/2019-3niigata6.pdf,official_daily_result_pdf
201904030604,2019,新潟,3,6,4,2019-10-27,https://www.jra.go.jp/datafile/seiseki/report/2019/2019-3niigata6.pdf,official_daily_result_pdf
201904030605,2019,新潟,3,6,5,2019-10-27,https://www.jra.go.jp/datafile/seiseki/report/2019/2019-3niigata6.pdf,official_daily_result_pdf
201904030606,2019,新潟,3,6,6,2019-10-27,https://www.jra.go.jp/datafile/seiseki/report/2019/2019-3niigata6.pdf,official_daily_result_pdf
201904030607,2019,新潟,3,6,7,2019-10-27,https://www.jra.go.jp/datafile/seiseki/report/2019/2019-3niigata6.pdf,official_daily_result_pdf
201904030608,2019,新潟,3,6,8,2019-10-27,https://www.jra.go.jp/datafile/seiseki/report/2019/2019-3niigata6.pdf,official_daily_result_pdf
201904030609,2019,新潟,3,6,9,2019-10-27,https://www.jra.go.jp/datafile/seiseki/report/2019/2019-3niigata6.pdf,official_daily_result_pdf
201904030610,2019,新潟,3,6,10,2019-10-27,https://www.jra.go.jp/datafile/seiseki/report/2019/2019-3niigata6.pdf,official_daily_result_pdf
201904030611,2019,新潟,3,6,11,2019-10-27,https://www.jra.go.jp/datafile/seiseki/report/2019/2019-3niigata6.pdf,official_daily_result_pdf
201904030612,2019,新潟,3,6,12,2019-10-27,https://www.jra.go.jp/datafile/seiseki/report/2019/2019-3niigata6.pdf,official_daily_result_pdf
201905010101,2019,東京,1,1,1,2019-01-26,https://www.jra.go.jp/datafile/seiseki/report/2019/2019-1tokyo1.pdf,official_daily_result_pdf
201905010102,2019,東京,1,1,2,2019-01-26,https://www.jra.go.jp/datafile/seiseki/report/2019/2019-1tokyo1.pdf,official_daily_result_pdf
201905010103,2019,東京,1,1,3,2019-01-26,https://www.jra.go.jp/datafile/seiseki/report/2019/2019-1tokyo1.pdf,official_daily_result_pdf
201905010104,2019,東京,1,1,4,2019-01-26,https://www.jra.go.jp/datafile/seiseki/report/2019/2019-1tokyo1.pdf,official_daily_result_pdf
201905010105,2019,東京,1,1,5,2019-01-26,https://www.jra.go.jp/datafile/seiseki/report/2019/2019-1tokyo1.pdf,official_daily_result_pdf
201905010106,2019,東京,1,1,6,2019-01-26,https://www.jra.go.jp/datafile/seiseki/report/2019/2019-1tokyo1.pdf,official_daily_result_pdf
201905010107,2019,東京,1,1,7,2019-01-26,https://www.jra.go.jp/datafile/seiseki/report/2019/2019-1tokyo1.pdf,official_daily_result_pdf
201905010108,2019,東京,1,1,8,2019-01-26,https://www.jra.go.jp/datafile/seiseki/report/2019/2019-1tokyo1.pdf,official_daily_result_pdf
201905010109,2019,東京,1,1,9,2019-01-26,https://www.jra.go.jp/datafile/seiseki/report/2019/2019-1tokyo1.pdf,official_daily_result_pdf
201905010110,2019,東京,1,1,10,2019-01-26,https://www.jra.go.jp/datafile/seiseki/report/2019/2019-1tokyo1.pdf,official_daily_result_pdf
201905010111,2019,東京,1,1,11,2019-01-26,https://www.jra.go.jp/datafile/seiseki/report/2019/2019-1tokyo1.pdf,official_daily_result_pdf
201905010112,2019,東京,1,1,12,2019-01-26,https://www.jra.go.jp/datafile/seiseki/report/2019/2019-1tokyo1.pdf,official_daily_result_pdf
201905010201,2019,東京,1,2,1,2019-01-27,https://www.jra.go.jp/datafile/seiseki/report/2019/2019-1tokyo2.pdf,official_daily_result_pdf
201905010202,2019,東京,1,2,2,2019-01-27,https://www.jra.go.jp/datafile/seiseki/report/2019/2019-1tokyo2.pdf,official_daily_result_pdf
201905010203,2019,東京,1,2,3,2019-01-27,https://www.jra.go.jp/datafile/seiseki/report/2019/2019-1tokyo2.pdf,official_daily_result_pdf
201905010204,2019,東京,1,2,4,2019-01-27,https://www.jra.go.jp/datafile/seiseki/report/2019/2019-1tokyo2.pdf,official_daily_result_pdf
201905010205,2019,東京,1,2,5,2019-01-27,https://www.jra.go.jp/datafile/seiseki/report/2019/2019-1tokyo2.pdf,official_daily_result_pdf
201905010206,2019,東京,1,2,6,2019-01-27,https://www.jra.go.jp/datafile/seiseki/report/2019/2019-1tokyo2.pdf,official_daily_result_pdf
201905010207,2019,東京,1,2,7,2019-01-27,https://www.jra.go.jp/datafile/seiseki/report/2019/2019-1tokyo2.pdf,official_daily_result_pdf
201905010208,2019,東京,1,2,8,2019-01-27,https://www.jra.go.jp/datafile/seiseki/report/2019/2019-1tokyo2.pdf,official_daily_result_pdf
201905010209,2019,東京,1,2,9,2019-01-27,https://www.jra.go.jp/datafile/seiseki/report/2019/2019-1tokyo2.pdf,official_daily_result_pdf
201905010210,2019,東京,1,2,10,2019-01-27,https://www.jra.go.jp/datafile/seiseki/report/2019/2019-1tokyo2.pdf,official_daily_result_pdf
201905010211,2019,東京,1,2,11,2019-01-27,https://www.jra.go.jp/datafile/seiseki/report/2019/2019-1tokyo2.pdf,official_daily_result_pdf
201905010212,2019,東京,1,2,12,2019-01-27,https://www.jra.go.jp/datafile/seiseki/report/2019/2019-1tokyo2.pdf,official_daily_result_pdf
201905010301,2019,東京,1,3,1,2019-02-02,https://www.jra.go.jp/datafile/seiseki/report/2019/2019-1tokyo3.pdf,official_daily_result_pdf
201905010302,2019,東京,1,3,2,2019-02-02,https://www.jra.go.jp/datafile/seiseki/report/2019/2019-1tokyo3.pdf,official_daily_result_pdf
201905010303,2019,東京,1,3,3,2019-02-02,https://www.jra.go.jp/datafile/seiseki/report/2019/2019-1tokyo3.pdf,official_daily_result_pdf
201905010304,2019,東京,1,3,4,2019-02-02,https://www.jra.go.jp/datafile/seiseki/report/2019/2019-1tokyo3.pdf,official_daily_result_pdf
201905010305,2019,東京,1,3,5,2019-02-02,https://www.jra.go.jp/datafile/seiseki/report/2019/2019-1tokyo3.pdf,official_daily_result_pdf
201905010306,2019,東京,1,3,6,2019-02-02,https://www.jra.go.jp/datafile/seiseki/report/2019/2019-1tokyo3.pdf,official_daily_result_pdf
201905010307,2019,東京,1,3,7,2019-02-02,https://www.jra.go.jp/datafile/seiseki/report/2019/2019-1tokyo3.pdf,official_daily_result_pdf
201905010308,2019,東京,1,3,8,2019-02-02,https://www.jra.go.jp/datafile/seiseki/report/2019/2019-1tokyo3.pdf,official_daily_result_pdf
201905010309,2019,東京,1,3,9,2019-02-02,https://www.jra.go.jp/datafile/seiseki/report/2019/2019-1tokyo3.pdf,official_daily_result_pdf
201905010310,2019,東京,1,3,10,2019-02-02,https://www.jra.go.jp/datafile/seiseki/report/2019/2019-1tokyo3.pdf,official_daily_result_pdf
201905010311,2019,東京,1,3,11,2019-02-02,https://www.jra.go.jp/datafile/seiseki/report/2019/2019-1tokyo3.pdf,official_daily_result_pdf
201905010312,2019,東京,1,3,12,2019-02-02,https://www.jra.go.jp/datafile/seiseki/report/2019/2019-1tokyo3.pdf,official_daily_result_pdf
201905010401,2019,東京,1,4,1,2019-02-03,https://www.jra.go.jp/datafile/seiseki/report/2019/2019-1tokyo4.pdf,official_daily_result_pdf
201905010402,2019,東京,1,4,2,2019-02-03,https://www.jra.go.jp/datafile/seiseki/report/2019/2019-1tokyo4.pdf,official_daily_result_pdf
201905010403,2019,東京,1,4,3,2019-02-03,https://www.jra.go.jp/datafile/seiseki/report/2019/2019-1tokyo4.pdf,official_daily_result_pdf
201905010404,2019,東京,1,4,4,2019-02-03,https://www.jra.go.jp/datafile/seiseki/report/2019/2019-1tokyo4.pdf,official_daily_result_pdf
201905010405,2019,東京,1,4,5,2019-02-03,https://www.jra.go.jp/datafile/seiseki/report/2019/2019-1tokyo4.pdf,official_daily_result_pdf
201905010406,2019,東京,1,4,6,2019-02-03,https://www.jra.go.jp/datafile/seiseki/report/2019/2019-1tokyo4.pdf,official_daily_result_pdf
201905010407,2019,東京,1,4,7,2019-02-03,https://www.jra.go.jp/datafile/seiseki/report/2019/2019-1tokyo4.pdf,official_daily_result_pdf
201905010408,2019,東京,1,4,8,2019-02-03,https://www.jra.go.jp/datafile/seiseki/report/2019/2019-1tokyo4.pdf,official_daily_result_pdf
201905010409,2019,東京,1,4,9,2019-02-03,https://www.jra.go.jp/datafile/seiseki/report/2019/2019-1tokyo4.pdf,official_daily_result_pdf
201905010410,2019,東京,1,4,10,2019-02-03,https://www.jra.go.jp/datafile/seiseki/report/2019/2019-1tokyo4.pdf,official_daily_result_pdf
201905010411,2019,東京,1,4,11,2019-02-03,https://www.jra.go.jp/datafile/seiseki/report/2019/2019-1tokyo4.pdf,official_daily_result_pdf
201905010412,2019,東京,1,4,12,2019-02-03,https://www.jra.go.jp/datafile/seiseki/report/2019/2019-1tokyo4.pdf,official_daily_result_pdf
201905010501,2019,東京,1,5,1,2019-02-11,https://www.jra.go.jp/datafile/seiseki/report/2019/2019-1tokyo5.pdf,official_daily_result_pdf
201905010502,2019,東京,1,5,2,2019-02-11,https://www.jra.go.jp/datafile/seiseki/report/2019/2019-1tokyo5.pdf,official_daily_result_pdf
201905010503,2019,東京,1,5,3,2019-02-11,https://www.jra.go.jp/datafile/seiseki/report/2019/2019-1tokyo5.pdf,official_daily_result_pdf
201905010504,2019,東京,1,5,4,2019-02-11,https://www.jra.go.jp/datafile/seiseki/report/2019/2019-1tokyo5.pdf,official_daily_result_pdf
201905010505,2019,東京,1,5,5,2019-02-11,https://www.jra.go.jp/datafile/seiseki/report/2019/2019-1tokyo5.pdf,official_daily_result_pdf
201905010506,2019,東京,1,5,6,2019-02-11,https://www.jra.go.jp/datafile/seiseki/report/2019/2019-1tokyo5.pdf,official_daily_result_pdf
201905010507,2019,東京,1,5,7,2019-02-11,https://www.jra.go.jp/datafile/seiseki/report/2019/2019-1tokyo5.pdf,official_daily_result_pdf
201905010508,2019,東京,1,5,8,2019-02-11,https://www.jra.go.jp/datafile/seiseki/report/2019/2019-1tokyo5.pdf,official_daily_result_pdf
201905010509,2019,東京,1,5,9,2019-02-11,https://www.jra.go.jp/datafile/seiseki/report/2019/2019-1tokyo5.pdf,official_daily_result_pdf
201905010510,2019,東京,1,5,10,2019-02-11,https://www.jra.go.jp/datafile/seiseki/report/2019/2019-1tokyo5.pdf,official_daily_result_pdf
201905010511,2019,東京,1,5,11,2019-02-11,https://www.jra.go.jp/datafile/seiseki/report/2019/2019-1tokyo5.pdf,official_daily_result_pdf
201905010512,2019,東京,1,5,12,2019-02-11,https://www.jra.go.jp/datafile/seiseki/report/2019/2019-1tokyo5.pdf,official_daily_result_pdf
201905010601,2019,東京,1,6,1,2019-02-10,https://www.jra.go.jp/datafile/seiseki/report/2019/2019-1tokyo6.pdf,official_daily_result_pdf
201905010602,2019,東京,1,6,2,2019-02-10,https://www.jra.go.jp/datafile/seiseki/report/2019/2019-1tokyo6.pdf,official_daily_result_pdf
201905010603,2019,東京,1,6,3,2019-02-10,https://www.jra.go.jp/datafile/seiseki/report/2019/2019-1tokyo6.pdf,official_daily_result_pdf
201905010604,2019,東京,1,6,4,2019-02-10,https://www.jra.go.jp/datafile/seiseki/report/2019/2019-1tokyo6.pdf,official_daily_result_pdf
201905010605,2019,東京,1,6,5,2019-02-10,https://www.jra.go.jp/datafile/seiseki/report/2019/2019-1tokyo6.pdf,official_daily_result_pdf
201905010606,2019,東京,1,6,6,2019-02-10,https://www.jra.go.jp/datafile/seiseki/report/2019/2019-1tokyo6.pdf,official_daily_result_pdf
201905010607,2019,東京,1,6,7,2019-02-10,https://www.jra.go.jp/datafile/seiseki/report/2019/2019-1tokyo6.pdf,official_daily_result_pdf
201905010608,2019,東京,1,6,8,2019-02-10,https://www.jra.go.jp/datafile/seiseki/report/2019/2019-1tokyo6.pdf,official_daily_result_pdf
201905010609,2019,東京,1,6,9,2019-02-10,https://www.jra.go.jp/datafile/seiseki/report/2019/2019-1tokyo6.pdf,official_daily_result_pdf
201905010610,2019,東京,1,6,10,2019-02-10,https://www.jra.go.jp/datafile/seiseki/report/2019/2019-1tokyo6.pdf,official_daily_result_pdf
201905010611,2019,東京,1,6,11,2019-02-10,https://www.jra.go.jp/datafile/seiseki/report/2019/2019-1tokyo6.pdf,official_daily_result_pdf
201905010612,2019,東京,1,6,12,2019-02-10,https://www.jra.go.jp/datafile/seiseki/report/2019/2019-1tokyo6.pdf,official_daily_result_pdf
201905010701,2019,東京,1,7,1,2019-02-16,https://www.jra.go.jp/datafile/seiseki/report/2019/2019-1tokyo7.pdf,official_daily_result_pdf
201905010702,2019,東京,1,7,2,2019-02-16,https://www.jra.go.jp/datafile/seiseki/report/2019/2019-1tokyo7.pdf,official_daily_result_pdf
201905010703,2019,東京,1,7,3,2019-02-16,https://www.jra.go.jp/datafile/seiseki/report/2019/2019-1tokyo7.pdf,official_daily_result_pdf
201905010704,2019,東京,1,7,4,2019-02-16,https://www.jra.go.jp/datafile/seiseki/report/2019/2019-1tokyo7.pdf,official_daily_result_pdf
201905010705,2019,東京,1,7,5,2019-02-16,https://www.jra.go.jp/datafile/seiseki/report/2019/2019-1tokyo7.pdf,official_daily_result_pdf
201905010706,2019,東京,1,7,6,2019-02-16,https://www.jra.go.jp/datafile/seiseki/report/2019/2019-1tokyo7.pdf,official_daily_result_pdf
201905010707,2019,東京,1,7,7,2019-02-16,https://www.jra.go.jp/datafile/seiseki/report/2019/2019-1tokyo7.pdf,official_daily_result_pdf
201905010708,2019,東京,1,7,8,2019-02-16,https://www.jra.go.jp/datafile/seiseki/report/2019/2019-1tokyo7.pdf,official_daily_result_pdf
201905010709,2019,東京,1,7,9,2019-02-16,https://www.jra.go.jp/datafile/seiseki/report/2019/2019-1tokyo7.pdf,official_daily_result_pdf
201905010710,2019,東京,1,7,10,2019-02-16,https://www.jra.go.jp/datafile/seiseki/report/2019/2019-1tokyo7.pdf,official_daily_result_pdf
201905010711,2019,東京,1,7,11,2019-02-16,https://www.jra.go.jp/datafile/seiseki/report/2019/2019-1tokyo7.pdf,official_daily_result_pdf
201905010712,2019,東京,1,7,12,2019-02-16,https://www.jra.go.jp/datafile/seiseki/report/2019/2019-1tokyo7.pdf,official_daily_result_pdf
201905010801,2019,東京,1,8,1,2019-02-17,https://www.jra.go.jp/datafile/seiseki/report/2019/2019-1tokyo8.pdf,official_daily_result_pdf
201905010802,2019,東京,1,8,2,2019-02-17,https://www.jra.go.jp/datafile/seiseki/report/2019/2019-1tokyo8.pdf,official_daily_result_pdf
201905010803,2019,東京,1,8,3,2019-02-17,https://www.jra.go.jp/datafile/seiseki/report/2019/2019-1tokyo8.pdf,official_daily_result_pdf
201905010804,2019,東京,1,8,4,2019-02-17,https://www.jra.go.jp/datafile/seiseki/report/2019/2019-1tokyo8.pdf,official_daily_result_pdf
201905010805,2019,東京,1,8,5,2019-02-17,https://www.jra.go.jp/datafile/seiseki/report/2019/2019-1tokyo8.pdf,official_daily_result_pdf
201905010806,2019,東京,1,8,6,2019-02-17,https://www.jra.go.jp/datafile/seiseki/report/2019/2019-1tokyo8.pdf,official_daily_result_pdf
201905010807,2019,東京,1,8,7,2019-02-17,https://www.jra.go.jp/datafile/seiseki/report/2019/2019-1tokyo8.pdf,official_daily_result_pdf
201905010808,2019,東京,1,8,8,2019-02-17,https://www.jra.go.jp/datafile/seiseki/report/2019/2019-1tokyo8.pdf,official_daily_result_pdf
201905010809,2019,東京,1,8,9,2019-02-17,https://www.jra.go.jp/datafile/seiseki/report/2019/2019-1tokyo8.pdf,official_daily_result_pdf
201905010810,2019,東京,1,8,10,2019-02-17,https://www.jra.go.jp/datafile/seiseki/report/2019/2019-1tokyo8.pdf,official_daily_result_pdf
201905010811,2019,東京,1,8,11,2019-02-17,https://www.jra.go.jp/datafile/seiseki/report/2019/2019-1tokyo8.pdf,official_daily_result_pdf
201905010812,2019,東京,1,8,12,2019-02-17,https://www.jra.go.jp/datafile/seiseki/report/2019/2019-1tokyo8.pdf,official_daily_result_pdf
201905020101,2019,東京,2,1,1,2019-04-20,https://www.jra.go.jp/datafile/seiseki/report/2019/2019-2tokyo1.pdf,official_daily_result_pdf
201905020102,2019,東京,2,1,2,2019-04-20,https://www.jra.go.jp/datafile/seiseki/report/2019/2019-2tokyo1.pdf,official_daily_result_pdf
201905020103,2019,東京,2,1,3,2019-04-20,https://www.jra.go.jp/datafile/seiseki/report/2019/2019-2tokyo1.pdf,official_daily_result_pdf
201905020104,2019,東京,2,1,4,2019-04-20,https://www.jra.go.jp/datafile/seiseki/report/2019/2019-2tokyo1.pdf,official_daily_result_pdf
201905020105,2019,東京,2,1,5,2019-04-20,https://www.jra.go.jp/datafile/seiseki/report/2019/2019-2tokyo1.pdf,official_daily_result_pdf
201905020106,2019,東京,2,1,6,2019-04-20,https://www.jra.go.jp/datafile/seiseki/report/2019/2019-2tokyo1.pdf,official_daily_result_pdf
201905020107,2019,東京,2,1,7,2019-04-20,https://www.jra.go.jp/datafile/seiseki/report/2019/2019-2tokyo1.pdf,official_daily_result_pdf
201905020108,2019,東京,2,1,8,2019-04-20,https://www.jra.go.jp/datafile/seiseki/report/2019/2019-2tokyo1.pdf,official_daily_result_pdf
201905020109,2019,東京,2,1,9,2019-04-20,https://www.jra.go.jp/datafile/seiseki/report/2019/2019-2tokyo1.pdf,official_daily_result_pdf
201905020110,2019,東京,2,1,10,2019-04-20,https://www.jra.go.jp/datafile/seiseki/report/2019/2019-2tokyo1.pdf,official_daily_result_pdf
201905020111,2019,東京,2,1,11,2019-04-20,https://www.jra.go.jp/datafile/seiseki/report/2019/2019-2tokyo1.pdf,official_daily_result_pdf
201905020112,2019,東京,2,1,12,2019-04-20,https://www.jra.go.jp/datafile/seiseki/report/2019/2019-2tokyo1.pdf,official_daily_result_pdf
201905020201,2019,東京,2,2,1,2019-04-21,https://www.jra.go.jp/datafile/seiseki/report/2019/2019-2tokyo2.pdf,official_daily_result_pdf
201905020202,2019,東京,2,2,2,2019-04-21,https://www.jra.go.jp/datafile/seiseki/report/2019/2019-2tokyo2.pdf,official_daily_result_pdf
201905020203,2019,東京,2,2,3,2019-04-21,https://www.jra.go.jp/datafile/seiseki/report/2019/2019-2tokyo2.pdf,official_daily_result_pdf
201905020204,2019,東京,2,2,4,2019-04-21,https://www.jra.go.jp/datafile/seiseki/report/2019/2019-2tokyo2.pdf,official_daily_result_pdf
201905020205,2019,東京,2,2,5,2019-04-21,https://www.jra.go.jp/datafile/seiseki/report/2019/2019-2tokyo2.pdf,official_daily_result_pdf
201905020206,2019,東京,2,2,6,2019-04-21,https://www.jra.go.jp/datafile/seiseki/report/2019/2019-2tokyo2.pdf,official_daily_result_pdf
201905020207,2019,東京,2,2,7,2019-04-21,https://www.jra.go.jp/datafile/seiseki/report/2019/2019-2tokyo2.pdf,official_daily_result_pdf
201905020208,2019,東京,2,2,8,2019-04-21,https://www.jra.go.jp/datafile/seiseki/report/2019/2019-2tokyo2.pdf,official_daily_result_pdf
201905020209,2019,東京,2,2,9,2019-04-21,https://www.jra.go.jp/datafile/seiseki/report/2019/2019-2tokyo2.pdf,official_daily_result_pdf
201905020210,2019,東京,2,2,10,2019-04-21,https://www.jra.go.jp/datafile/seiseki/report/2019/2019-2tokyo2.pdf,official_daily_result_pdf
201905020211,2019,東京,2,2,11,2019-04-21,https://www.jra.go.jp/datafile/seiseki/report/2019/2019-2tokyo2.pdf,official_daily_result_pdf
201905020212,2019,東京,2,2,12,2019-04-21,https://www.jra.go.jp/datafile/seiseki/report/2019/2019-2tokyo2.pdf,official_daily_result_pdf
201905020301,2019,東京,2,3,1,2019-04-27,https://www.jra.go.jp/datafile/seiseki/report/2019/2019-2tokyo3.pdf,official_daily_result_pdf
201905020302,2019,東京,2,3,2,2019-04-27,https://www.jra.go.jp/datafile/seiseki/report/2019/2019-2tokyo3.pdf,official_daily_result_pdf
201905020303,2019,東京,2,3,3,2019-04-27,https://www.jra.go.jp/datafile/seiseki/report/2019/2019-2tokyo3.pdf,official_daily_result_pdf
201905020304,2019,東京,2,3,4,2019-04-27,https://www.jra.go.jp/datafile/seiseki/report/2019/2019-2tokyo3.pdf,official_daily_result_pdf
201905020305,2019,東京,2,3,5,2019-04-27,https://www.jra.go.jp/datafile/seiseki/report/2019/2019-2tokyo3.pdf,official_daily_result_pdf
201905020306,2019,東京,2,3,6,2019-04-27,https://www.jra.go.jp/datafile/seiseki/report/2019/2019-2tokyo3.pdf,official_daily_result_pdf
201905020307,2019,東京,2,3,7,2019-04-27,https://www.jra.go.jp/datafile/seiseki/report/2019/2019-2tokyo3.pdf,official_daily_result_pdf
201905020308,2019,東京,2,3,8,2019-04-27,https://www.jra.go.jp/datafile/seiseki/report/2019/2019-2tokyo3.pdf,official_daily_result_pdf
201905020309,2019,東京,2,3,9,2019-04-27,https://www.jra.go.jp/datafile/seiseki/report/2019/2019-2tokyo3.pdf,official_daily_result_pdf
201905020310,2019,東京,2,3,10,2019-04-27,https://www.jra.go.jp/datafile/seiseki/report/2019/2019-2tokyo3.pdf,official_daily_result_pdf
201905020311,2019,東京,2,3,11,2019-04-27,https://www.jra.go.jp/datafile/seiseki/report/2019/2019-2tokyo3.pdf,official_daily_result_pdf
201905020312,2019,東京,2,3,12,2019-04-27,https://www.jra.go.jp/datafile/seiseki/report/2019/2019-2tokyo3.pdf,official_daily_result_pdf
201905020401,2019,東京,2,4,1,2019-04-28,https://www.jra.go.jp/datafile/seiseki/report/2019/2019-2tokyo4.pdf,official_daily_result_pdf
201905020402,2019,東京,2,4,2,2019-04-28,https://www.jra.go.jp/datafile/seiseki/report/2019/2019-2tokyo4.pdf,official_daily_result_pdf
201905020403,2019,東京,2,4,3,2019-04-28,https://www.jra.go.jp/datafile/seiseki/report/2019/2019-2tokyo4.pdf,official_daily_result_pdf
201905020404,2019,東京,2,4,4,2019-04-28,https://www.jra.go.jp/datafile/seiseki/report/2019/2019-2tokyo4.pdf,official_daily_result_pdf
201905020405,2019,東京,2,4,5,2019-04-28,https://www.jra.go.jp/datafile/seiseki/report/2019/2019-2tokyo4.pdf,official_daily_result_pdf
201905020406,2019,東京,2,4,6,2019-04-28,https://www.jra.go.jp/datafile/seiseki/report/2019/2019-2tokyo4.pdf,official_daily_result_pdf
201905020407,2019,東京,2,4,7,2019-04-28,https://www.jra.go.jp/datafile/seiseki/report/2019/2019-2tokyo4.pdf,official_daily_result_pdf
201905020408,2019,東京,2,4,8,2019-04-28,https://www.jra.go.jp/datafile/seiseki/report/2019/2019-2tokyo4.pdf,official_daily_result_pdf
201905020409,2019,東京,2,4,9,2019-04-28,https://www.jra.go.jp/datafile/seiseki/report/2019/2019-2tokyo4.pdf,official_daily_result_pdf
201905020410,2019,東京,2,4,10,2019-04-28,https://www.jra.go.jp/datafile/seiseki/report/2019/2019-2tokyo4.pdf,official_daily_result_pdf
201905020411,2019,東京,2,4,11,2019-04-28,https://www.jra.go.jp/datafile/seiseki/report/2019/2019-2tokyo4.pdf,official_daily_result_pdf
201905020412,2019,東京,2,4,12,2019-04-28,https://www.jra.go.jp/datafile/seiseki/report/2019/2019-2tokyo4.pdf,official_daily_result_pdf
201905020501,2019,東京,2,5,1,2019-05-04,https://www.jra.go.jp/datafile/seiseki/report/2019/2019-2tokyo5.pdf,official_daily_result_pdf
201905020502,2019,東京,2,5,2,2019-05-04,https://www.jra.go.jp/datafile/seiseki/report/2019/2019-2tokyo5.pdf,official_daily_result_pdf
201905020503,2019,東京,2,5,3,2019-05-04,https://www.jra.go.jp/datafile/seiseki/report/2019/2019-2tokyo5.pdf,official_daily_result_pdf
201905020504,2019,東京,2,5,4,2019-05-04,https://www.jra.go.jp/datafile/seiseki/report/2019/2019-2tokyo5.pdf,official_daily_result_pdf
201905020505,2019,東京,2,5,5,2019-05-04,https://www.jra.go.jp/datafile/seiseki/report/2019/2019-2tokyo5.pdf,official_daily_result_pdf
201905020506,2019,東京,2,5,6,2019-05-04,https://www.jra.go.jp/datafile/seiseki/report/2019/2019-2tokyo5.pdf,official_daily_result_pdf
201905020507,2019,東京,2,5,7,2019-05-04,https://www.jra.go.jp/datafile/seiseki/report/2019/2019-2tokyo5.pdf,official_daily_result_pdf
201905020508,2019,東京,2,5,8,2019-05-04,https://www.jra.go.jp/datafile/seiseki/report/2019/2019-2tokyo5.pdf,official_daily_result_pdf
201905020509,2019,東京,2,5,9,2019-05-04,https://www.jra.go.jp/datafile/seiseki/report/2019/2019-2tokyo5.pdf,official_daily_result_pdf
201905020601,2019,東京,2,6,1,2019-05-05,https://www.jra.go.jp/datafile/seiseki/report/2019/2019-2tokyo6.pdf,official_daily_result_pdf
201905020602,2019,東京,2,6,2,2019-05-05,https://www.jra.go.jp/datafile/seiseki/report/2019/2019-2tokyo6.pdf,official_daily_result_pdf
201905020603,2019,東京,2,6,3,2019-05-05,https://www.jra.go.jp/datafile/seiseki/report/2019/2019-2tokyo6.pdf,official_daily_result_pdf
201905020604,2019,東京,2,6,4,2019-05-05,https://www.jra.go.jp/datafile/seiseki/report/2019/2019-2tokyo6.pdf,official_daily_result_pdf
201905020605,2019,東京,2,6,5,2019-05-05,https://www.jra.go.jp/datafile/seiseki/report/2019/2019-2tokyo6.pdf,official_daily_result_pdf
201905020606,2019,東京,2,6,6,2019-05-05,https://www.jra.go.jp/datafile/seiseki/report/2019/2019-2tokyo6.pdf,official_daily_result_pdf
201905020607,2019,東京,2,6,7,2019-05-05,https://www.jra.go.jp/datafile/seiseki/report/2019/2019-2tokyo6.pdf,official_daily_result_pdf
201905020608,2019,東京,2,6,8,2019-05-05,https://www.jra.go.jp/datafile/seiseki/report/2019/2019-2tokyo6.pdf,official_daily_result_pdf
201905020609,2019,東京,2,6,9,2019-05-05,https://www.jra.go.jp/datafile/seiseki/report/2019/2019-2tokyo6.pdf,official_daily_result_pdf
201905020610,2019,東京,2,6,10,2019-05-05,https://www.jra.go.jp/datafile/seiseki/report/2019/2019-2tokyo6.pdf,official_daily_result_pdf
201905020611,2019,東京,2,6,11,2019-05-05,https://www.jra.go.jp/datafile/seiseki/report/2019/2019-2tokyo6.pdf,official_daily_result_pdf
201905020612,2019,東京,2,6,12,2019-05-05,https://www.jra.go.jp/datafile/seiseki/report/2019/2019-2tokyo6.pdf,official_daily_result_pdf
201905020701,2019,東京,2,7,1,2019-05-11,https://www.jra.go.jp/datafile/seiseki/report/2019/2019-2tokyo7.pdf,official_daily_result_pdf
201905020702,2019,東京,2,7,2,2019-05-11,https://www.jra.go.jp/datafile/seiseki/report/2019/2019-2tokyo7.pdf,official_daily_result_pdf
201905020703,2019,東京,2,7,3,2019-05-11,https://www.jra.go.jp/datafile/seiseki/report/2019/2019-2tokyo7.pdf,official_daily_result_pdf
201905020704,2019,東京,2,7,4,2019-05-11,https://www.jra.go.jp/datafile/seiseki/report/2019/2019-2tokyo7.pdf,official_daily_result_pdf
201905020705,2019,東京,2,7,5,2019-05-11,https://www.jra.go.jp/datafile/seiseki/report/2019/2019-2tokyo7.pdf,official_daily_result_pdf
201905020706,2019,東京,2,7,6,2019-05-11,https://www.jra.go.jp/datafile/seiseki/report/2019/2019-2tokyo7.pdf,official_daily_result_pdf
201905020707,2019,東京,2,7,7,2019-05-11,https://www.jra.go.jp/datafile/seiseki/report/2019/2019-2tokyo7.pdf,official_daily_result_pdf
201905020708,2019,東京,2,7,8,2019-05-11,https://www.jra.go.jp/datafile/seiseki/report/2019/2019-2tokyo7.pdf,official_daily_result_pdf
201905020709,2019,東京,2,7,9,2019-05-11,https://www.jra.go.jp/datafile/seiseki/report/2019/2019-2tokyo7.pdf,official_daily_result_pdf
201905020710,2019,東京,2,7,10,2019-05-11,https://www.jra.go.jp/datafile/seiseki/report/2019/2019-2tokyo7.pdf,official_daily_result_pdf
201905020711,2019,東京,2,7,11,2019-05-11,https://www.jra.go.jp/datafile/seiseki/report/2019/2019-2tokyo7.pdf,official_daily_result_pdf
201905020712,2019,東京,2,7,12,2019-05-11,https://www.jra.go.jp/datafile/seiseki/report/2019/2019-2tokyo7.pdf,official_daily_result_pdf
201905020801,2019,東京,2,8,1,2019-05-12,https://www.jra.go.jp/datafile/seiseki/report/2019/2019-2tokyo8.pdf,official_daily_result_pdf
201905020802,2019,東京,2,8,2,2019-05-12,https://www.jra.go.jp/datafile/seiseki/report/2019/2019-2tokyo8.pdf,official_daily_result_pdf
201905020803,2019,東京,2,8,3,2019-05-12,https://www.jra.go.jp/datafile/seiseki/report/2019/2019-2tokyo8.pdf,official_daily_result_pdf
201905020804,2019,東京,2,8,4,2019-05-12,https://www.jra.go.jp/datafile/seiseki/report/2019/2019-2tokyo8.pdf,official_daily_result_pdf
201905020805,2019,東京,2,8,5,2019-05-12,https://www.jra.go.jp/datafile/seiseki/report/2019/2019-2tokyo8.pdf,official_daily_result_pdf
201905020806,2019,東京,2,8,6,2019-05-12,https://www.jra.go.jp/datafile/seiseki/report/2019/2019-2tokyo8.pdf,official_daily_result_pdf
201905020807,2019,東京,2,8,7,2019-05-12,https://www.jra.go.jp/datafile/seiseki/report/2019/2019-2tokyo8.pdf,official_daily_result_pdf
201905020808,2019,東京,2,8,8,2019-05-12,https://www.jra.go.jp/datafile/seiseki/report/2019/2019-2tokyo8.pdf,official_daily_result_pdf
201905020809,2019,東京,2,8,9,2019-05-12,https://www.jra.go.jp/datafile/seiseki/report/2019/2019-2tokyo8.pdf,official_daily_result_pdf
201905020810,2019,東京,2,8,10,2019-05-12,https://www.jra.go.jp/datafile/seiseki/report/2019/2019-2tokyo8.pdf,official_daily_result_pdf
201905020811,2019,東京,2,8,11,2019-05-12,https://www.jra.go.jp/datafile/seiseki/report/2019/2019-2tokyo8.pdf,official_daily_result_pdf
201905020812,2019,東京,2,8,12,2019-05-12,https://www.jra.go.jp/datafile/seiseki/report/2019/2019-2tokyo8.pdf,official_daily_result_pdf
201905020901,2019,東京,2,9,1,2019-05-18,https://www.jra.go.jp/datafile/seiseki/report/2019/2019-2tokyo9.pdf,official_daily_result_pdf
201905020902,2019,東京,2,9,2,2019-05-18,https://www.jra.go.jp/datafile/seiseki/report/2019/2019-2tokyo9.pdf,official_daily_result_pdf
201905020903,2019,東京,2,9,3,2019-05-18,https://www.jra.go.jp/datafile/seiseki/report/2019/2019-2tokyo9.pdf,official_daily_result_pdf
201905020904,2019,東京,2,9,4,2019-05-18,https://www.jra.go.jp/datafile/seiseki/report/2019/2019-2tokyo9.pdf,official_daily_result_pdf
201905020905,2019,東京,2,9,5,2019-05-18,https://www.jra.go.jp/datafile/seiseki/report/2019/2019-2tokyo9.pdf,official_daily_result_pdf
201905020906,2019,東京,2,9,6,2019-05-18,https://www.jra.go.jp/datafile/seiseki/report/2019/2019-2tokyo9.pdf,official_daily_result_pdf
201905020907,2019,東京,2,9,7,2019-05-18,https://www.jra.go.jp/datafile/seiseki/report/2019/2019-2tokyo9.pdf,official_daily_result_pdf
201905020908,2019,東京,2,9,8,2019-05-18,https://www.jra.go.jp/datafile/seiseki/report/2019/2019-2tokyo9.pdf,official_daily_result_pdf
201905020909,2019,東京,2,9,9,2019-05-18,https://www.jra.go.jp/datafile/seiseki/report/2019/2019-2tokyo9.pdf,official_daily_result_pdf
201905020910,2019,東京,2,9,10,2019-05-18,https://www.jra.go.jp/datafile/seiseki/report/2019/2019-2tokyo9.pdf,official_daily_result_pdf
201905020911,2019,東京,2,9,11,2019-05-18,https://www.jra.go.jp/datafile/seiseki/report/2019/2019-2tokyo9.pdf,official_daily_result_pdf
201905020912,2019,東京,2,9,12,2019-05-18,https://www.jra.go.jp/datafile/seiseki/report/2019/2019-2tokyo9.pdf,official_daily_result_pdf
201905021001,2019,東京,2,10,1,2019-05-19,https://www.jra.go.jp/datafile/seiseki/report/2019/2019-2tokyo10.pdf,official_daily_result_pdf
201905021002,2019,東京,2,10,2,2019-05-19,https://www.jra.go.jp/datafile/seiseki/report/2019/2019-2tokyo10.pdf,official_daily_result_pdf
201905021003,2019,東京,2,10,3,2019-05-19,https://www.jra.go.jp/datafile/seiseki/report/2019/2019-2tokyo10.pdf,official_daily_result_pdf
201905021004,2019,東京,2,10,4,2019-05-19,https://www.jra.go.jp/datafile/seiseki/report/2019/2019-2tokyo10.pdf,official_daily_result_pdf
201905021005,2019,東京,2,10,5,2019-05-19,https://www.jra.go.jp/datafile/seiseki/report/2019/2019-2tokyo10.pdf,official_daily_result_pdf
201905021006,2019,東京,2,10,6,2019-05-19,https://www.jra.go.jp/datafile/seiseki/report/2019/2019-2tokyo10.pdf,official_daily_result_pdf
201905021007,2019,東京,2,10,7,2019-05-19,https://www.jra.go.jp/datafile/seiseki/report/2019/2019-2tokyo10.pdf,official_daily_result_pdf
201905021008,2019,東京,2,10,8,2019-05-19,https://www.jra.go.jp/datafile/seiseki/report/2019/2019-2tokyo10.pdf,official_daily_result_pdf
201905021009,2019,東京,2,10,9,2019-05-19,https://www.jra.go.jp/datafile/seiseki/report/2019/2019-2tokyo10.pdf,official_daily_result_pdf
201905021010,2019,東京,2,10,10,2019-05-19,https://www.jra.go.jp/datafile/seiseki/report/2019/2019-2tokyo10.pdf,official_daily_result_pdf
201905021011,2019,東京,2,10,11,2019-05-19,https://www.jra.go.jp/datafile/seiseki/report/2019/2019-2tokyo10.pdf,official_daily_result_pdf
201905021012,2019,東京,2,10,12,2019-05-19,https://www.jra.go.jp/datafile/seiseki/report/2019/2019-2tokyo10.pdf,official_daily_result_pdf
201905021101,2019,東京,2,11,1,2019-05-25,https://www.jra.go.jp/datafile/seiseki/report/2019/2019-2tokyo11.pdf,official_daily_result_pdf
201905021102,2019,東京,2,11,2,2019-05-25,https://www.jra.go.jp/datafile/seiseki/report/2019/2019-2tokyo11.pdf,official_daily_result_pdf
201905021103,2019,東京,2,11,3,2019-05-25,https://www.jra.go.jp/datafile/seiseki/report/2019/2019-2tokyo11.pdf,official_daily_result_pdf
201905021104,2019,東京,2,11,4,2019-05-25,https://www.jra.go.jp/datafile/seiseki/report/2019/2019-2tokyo11.pdf,official_daily_result_pdf
201905021105,2019,東京,2,11,5,2019-05-25,https://www.jra.go.jp/datafile/seiseki/report/2019/2019-2tokyo11.pdf,official_daily_result_pdf
201905021106,2019,東京,2,11,6,2019-05-25,https://www.jra.go.jp/datafile/seiseki/report/2019/2019-2tokyo11.pdf,official_daily_result_pdf
201905021107,2019,東京,2,11,7,2019-05-25,https://www.jra.go.jp/datafile/seiseki/report/2019/2019-2tokyo11.pdf,official_daily_result_pdf
201905021108,2019,東京,2,11,8,2019-05-25,https://www.jra.go.jp/datafile/seiseki/report/2019/2019-2tokyo11.pdf,official_daily_result_pdf
201905021109,2019,東京,2,11,9,2019-05-25,https://www.jra.go.jp/datafile/seiseki/report/2019/2019-2tokyo11.pdf,official_daily_result_pdf
201905021110,2019,東京,2,11,10,2019-05-25,https://www.jra.go.jp/datafile/seiseki/report/2019/2019-2tokyo11.pdf,official_daily_result_pdf
201905021111,2019,東京,2,11,11,2019-05-25,https://www.jra.go.jp/datafile/seiseki/report/2019/2019-2tokyo11.pdf,official_daily_result_pdf
201905021112,2019,東京,2,11,12,2019-05-25,https://www.jra.go.jp/datafile/seiseki/report/2019/2019-2tokyo11.pdf,official_daily_result_pdf
201905021201,2019,東京,2,12,1,2019-05-26,https://www.jra.go.jp/datafile/seiseki/report/2019/2019-2tokyo12.pdf,official_daily_result_pdf
201905021202,2019,東京,2,12,2,2019-05-26,https://www.jra.go.jp/datafile/seiseki/report/2019/2019-2tokyo12.pdf,official_daily_result_pdf
201905021203,2019,東京,2,12,3,2019-05-26,https://www.jra.go.jp/datafile/seiseki/report/2019/2019-2tokyo12.pdf,official_daily_result_pdf
201905021204,2019,東京,2,12,4,2019-05-26,https://www.jra.go.jp/datafile/seiseki/report/2019/2019-2tokyo12.pdf,official_daily_result_pdf
201905021205,2019,東京,2,12,5,2019-05-26,https://www.jra.go.jp/datafile/seiseki/report/2019/2019-2tokyo12.pdf,official_daily_result_pdf
201905021206,2019,東京,2,12,6,2019-05-26,https://www.jra.go.jp/datafile/seiseki/report/2019/2019-2tokyo12.pdf,official_daily_result_pdf
201905021207,2019,東京,2,12,7,2019-05-26,https://www.jra.go.jp/datafile/seiseki/report/2019/2019-2tokyo12.pdf,official_daily_result_pdf
201905021208,2019,東京,2,12,8,2019-05-26,https://www.jra.go.jp/datafile/seiseki/report/2019/2019-2tokyo12.pdf,official_daily_result_pdf
201905021209,2019,東京,2,12,9,2019-05-26,https://www.jra.go.jp/datafile/seiseki/report/2019/2019-2tokyo12.pdf,official_daily_result_pdf
201905021210,2019,東京,2,12,10,2019-05-26,https://www.jra.go.jp/datafile/seiseki/report/2019/2019-2tokyo12.pdf,official_daily_result_pdf
201905021211,2019,東京,2,12,11,2019-05-26,https://www.jra.go.jp/datafile/seiseki/report/2019/2019-2tokyo12.pdf,official_daily_result_pdf
201905021212,2019,東京,2,12,12,2019-05-26,https://www.jra.go.jp/datafile/seiseki/report/2019/2019-2tokyo12.pdf,official_daily_result_pdf
201905030101,2019,東京,3,1,1,2019-06-01,https://www.jra.go.jp/datafile/seiseki/report/2019/2019-3tokyo1.pdf,official_daily_result_pdf
201905030102,2019,東京,3,1,2,2019-06-01,https://www.jra.go.jp/datafile/seiseki/report/2019/2019-3tokyo1.pdf,official_daily_result_pdf
201905030103,2019,東京,3,1,3,2019-06-01,https://www.jra.go.jp/datafile/seiseki/report/2019/2019-3tokyo1.pdf,official_daily_result_pdf
201905030104,2019,東京,3,1,4,2019-06-01,https://www.jra.go.jp/datafile/seiseki/report/2019/2019-3tokyo1.pdf,official_daily_result_pdf
201905030105,2019,東京,3,1,5,2019-06-01,https://www.jra.go.jp/datafile/seiseki/report/2019/2019-3tokyo1.pdf,official_daily_result_pdf
201905030106,2019,東京,3,1,6,2019-06-01,https://www.jra.go.jp/datafile/seiseki/report/2019/2019-3tokyo1.pdf,official_daily_result_pdf
201905030107,2019,東京,3,1,7,2019-06-01,https://www.jra.go.jp/datafile/seiseki/report/2019/2019-3tokyo1.pdf,official_daily_result_pdf
201905030108,2019,東京,3,1,8,2019-06-01,https://www.jra.go.jp/datafile/seiseki/report/2019/2019-3tokyo1.pdf,official_daily_result_pdf
201905030109,2019,東京,3,1,9,2019-06-01,https://www.jra.go.jp/datafile/seiseki/report/2019/2019-3tokyo1.pdf,official_daily_result_pdf
201905030110,2019,東京,3,1,10,2019-06-01,https://www.jra.go.jp/datafile/seiseki/report/2019/2019-3tokyo1.pdf,official_daily_result_pdf
201905030111,2019,東京,3,1,11,2019-06-01,https://www.jra.go.jp/datafile/seiseki/report/2019/2019-3tokyo1.pdf,official_daily_result_pdf
201905030112,2019,東京,3,1,12,2019-06-01,https://www.jra.go.jp/datafile/seiseki/report/2019/2019-3tokyo1.pdf,official_daily_result_pdf
201905030201,2019,東京,3,2,1,2019-06-02,https://www.jra.go.jp/datafile/seiseki/report/2019/2019-3tokyo2.pdf,official_daily_result_pdf
201905030202,2019,東京,3,2,2,2019-06-02,https://www.jra.go.jp/datafile/seiseki/report/2019/2019-3tokyo2.pdf,official_daily_result_pdf
201905030203,2019,東京,3,2,3,2019-06-02,https://www.jra.go.jp/datafile/seiseki/report/2019/2019-3tokyo2.pdf,official_daily_result_pdf
201905030204,2019,東京,3,2,4,2019-06-02,https://www.jra.go.jp/datafile/seiseki/report/2019/2019-3tokyo2.pdf,official_daily_result_pdf
201905030205,2019,東京,3,2,5,2019-06-02,https://www.jra.go.jp/datafile/seiseki/report/2019/2019-3tokyo2.pdf,official_daily_result_pdf
201905030206,2019,東京,3,2,6,2019-06-02,https://www.jra.go.jp/datafile/seiseki/report/2019/2019-3tokyo2.pdf,official_daily_result_pdf
201905030207,2019,東京,3,2,7,2019-06-02,https://www.jra.go.jp/datafile/seiseki/report/2019/2019-3tokyo2.pdf,official_daily_result_pdf
201905030208,2019,東京,3,2,8,2019-06-02,https://www.jra.go.jp/datafile/seiseki/report/2019/2019-3tokyo2.pdf,official_daily_result_pdf
201905030209,2019,東京,3,2,9,2019-06-02,https://www.jra.go.jp/datafile/seiseki/report/2019/2019-3tokyo2.pdf,official_daily_result_pdf
201905030210,2019,東京,3,2,10,2019-06-02,https://www.jra.go.jp/datafile/seiseki/report/2019/2019-3tokyo2.pdf,official_daily_result_pdf
201905030211,2019,東京,3,2,11,2019-06-02,https://www.jra.go.jp/datafile/seiseki/report/2019/2019-3tokyo2.pdf,official_daily_result_pdf
201905030212,2019,東京,3,2,12,2019-06-02,https://www.jra.go.jp/datafile/seiseki/report/2019/2019-3tokyo2.pdf,official_daily_result_pdf
201905030301,2019,東京,3,3,1,2019-06-08,https://www.jra.go.jp/datafile/seiseki/report/2019/2019-3tokyo3.pdf,official_daily_result_pdf
201905030302,2019,東京,3,3,2,2019-06-08,https://www.jra.go.jp/datafile/seiseki/report/2019/2019-3tokyo3.pdf,official_daily_result_pdf
201905030303,2019,東京,3,3,3,2019-06-08,https://www.jra.go.jp/datafile/seiseki/report/2019/2019-3tokyo3.pdf,official_daily_result_pdf
201905030304,2019,東京,3,3,4,2019-06-08,https://www.jra.go.jp/datafile/seiseki/report/2019/2019-3tokyo3.pdf,official_daily_result_pdf
201905030305,2019,東京,3,3,5,2019-06-08,https://www.jra.go.jp/datafile/seiseki/report/2019/2019-3tokyo3.pdf,official_daily_result_pdf
201905030306,2019,東京,3,3,6,2019-06-08,https://www.jra.go.jp/datafile/seiseki/report/2019/2019-3tokyo3.pdf,official_daily_result_pdf
201905030307,2019,東京,3,3,7,2019-06-08,https://www.jra.go.jp/datafile/seiseki/report/2019/2019-3tokyo3.pdf,official_daily_result_pdf
201905030308,2019,東京,3,3,8,2019-06-08,https://www.jra.go.jp/datafile/seiseki/report/2019/2019-3tokyo3.pdf,official_daily_result_pdf
201905030309,2019,東京,3,3,9,2019-06-08,https://www.jra.go.jp/datafile/seiseki/report/2019/2019-3tokyo3.pdf,official_daily_result_pdf
201905030310,2019,東京,3,3,10,2019-06-08,https://www.jra.go.jp/datafile/seiseki/report/2019/2019-3tokyo3.pdf,official_daily_result_pdf
201905030311,2019,東京,3,3,11,2019-06-08,https://www.jra.go.jp/datafile/seiseki/report/2019/2019-3tokyo3.pdf,official_daily_result_pdf
201905030312,2019,東京,3,3,12,2019-06-08,https://www.jra.go.jp/datafile/seiseki/report/2019/2019-3tokyo3.pdf,official_daily_result_pdf
201905030401,2019,東京,3,4,1,2019-06-09,https://www.jra.go.jp/datafile/seiseki/report/2019/2019-3tokyo4.pdf,official_daily_result_pdf
201905030402,2019,東京,3,4,2,2019-06-09,https://www.jra.go.jp/datafile/seiseki/report/2019/2019-3tokyo4.pdf,official_daily_result_pdf
201905030403,2019,東京,3,4,3,2019-06-09,https://www.jra.go.jp/datafile/seiseki/report/2019/2019-3tokyo4.pdf,official_daily_result_pdf
201905030404,2019,東京,3,4,4,2019-06-09,https://www.jra.go.jp/datafile/seiseki/report/2019/2019-3tokyo4.pdf,official_daily_result_pdf
201905030405,2019,東京,3,4,5,2019-06-09,https://www.jra.go.jp/datafile/seiseki/report/2019/2019-3tokyo4.pdf,official_daily_result_pdf
201905030406,2019,東京,3,4,6,2019-06-09,https://www.jra.go.jp/datafile/seiseki/report/2019/2019-3tokyo4.pdf,official_daily_result_pdf
201905030407,2019,東京,3,4,7,2019-06-09,https://www.jra.go.jp/datafile/seiseki/report/2019/2019-3tokyo4.pdf,official_daily_result_pdf
201905030408,2019,東京,3,4,8,2019-06-09,https://www.jra.go.jp/datafile/seiseki/report/2019/2019-3tokyo4.pdf,official_daily_result_pdf
201905030409,2019,東京,3,4,9,2019-06-09,https://www.jra.go.jp/datafile/seiseki/report/2019/2019-3tokyo4.pdf,official_daily_result_pdf
201905030410,2019,東京,3,4,10,2019-06-09,https://www.jra.go.jp/datafile/seiseki/report/2019/2019-3tokyo4.pdf,official_daily_result_pdf
201905030411,2019,東京,3,4,11,2019-06-09,https://www.jra.go.jp/datafile/seiseki/report/2019/2019-3tokyo4.pdf,official_daily_result_pdf
201905030412,2019,東京,3,4,12,2019-06-09,https://www.jra.go.jp/datafile/seiseki/report/2019/2019-3tokyo4.pdf,official_daily_result_pdf
201905030501,2019,東京,3,5,1,2019-06-15,https://www.jra.go.jp/datafile/seiseki/report/2019/2019-3tokyo5.pdf,official_daily_result_pdf
201905030502,2019,東京,3,5,2,2019-06-15,https://www.jra.go.jp/datafile/seiseki/report/2019/2019-3tokyo5.pdf,official_daily_result_pdf
201905030503,2019,東京,3,5,3,2019-06-15,https://www.jra.go.jp/datafile/seiseki/report/2019/2019-3tokyo5.pdf,official_daily_result_pdf
201905030504,2019,東京,3,5,4,2019-06-15,https://www.jra.go.jp/datafile/seiseki/report/2019/2019-3tokyo5.pdf,official_daily_result_pdf
201905030505,2019,東京,3,5,5,2019-06-15,https://www.jra.go.jp/datafile/seiseki/report/2019/2019-3tokyo5.pdf,official_daily_result_pdf
201905030506,2019,東京,3,5,6,2019-06-15,https://www.jra.go.jp/datafile/seiseki/report/2019/2019-3tokyo5.pdf,official_daily_result_pdf
201905030507,2019,東京,3,5,7,2019-06-15,https://www.jra.go.jp/datafile/seiseki/report/2019/2019-3tokyo5.pdf,official_daily_result_pdf
201905030508,2019,東京,3,5,8,2019-06-15,https://www.jra.go.jp/datafile/seiseki/report/2019/2019-3tokyo5.pdf,official_daily_result_pdf
201905030509,2019,東京,3,5,9,2019-06-15,https://www.jra.go.jp/datafile/seiseki/report/2019/2019-3tokyo5.pdf,official_daily_result_pdf
201905030510,2019,東京,3,5,10,2019-06-15,https://www.jra.go.jp/datafile/seiseki/report/2019/2019-3tokyo5.pdf,official_daily_result_pdf
201905030511,2019,東京,3,5,11,2019-06-15,https://www.jra.go.jp/datafile/seiseki/report/2019/2019-3tokyo5.pdf,official_daily_result_pdf
201905030512,2019,東京,3,5,12,2019-06-15,https://www.jra.go.jp/datafile/seiseki/report/2019/2019-3tokyo5.pdf,official_daily_result_pdf
201905030601,2019,東京,3,6,1,2019-06-16,https://www.jra.go.jp/datafile/seiseki/report/2019/2019-3tokyo6.pdf,official_daily_result_pdf
201905030602,2019,東京,3,6,2,2019-06-16,https://www.jra.go.jp/datafile/seiseki/report/2019/2019-3tokyo6.pdf,official_daily_result_pdf
201905030603,2019,東京,3,6,3,2019-06-16,https://www.jra.go.jp/datafile/seiseki/report/2019/2019-3tokyo6.pdf,official_daily_result_pdf
201905030604,2019,東京,3,6,4,2019-06-16,https://www.jra.go.jp/datafile/seiseki/report/2019/2019-3tokyo6.pdf,official_daily_result_pdf
201905030605,2019,東京,3,6,5,2019-06-16,https://www.jra.go.jp/datafile/seiseki/report/2019/2019-3tokyo6.pdf,official_daily_result_pdf
201905030606,2019,東京,3,6,6,2019-06-16,https://www.jra.go.jp/datafile/seiseki/report/2019/2019-3tokyo6.pdf,official_daily_result_pdf
201905030607,2019,東京,3,6,7,2019-06-16,https://www.jra.go.jp/datafile/seiseki/report/2019/2019-3tokyo6.pdf,official_daily_result_pdf
201905030608,2019,東京,3,6,8,2019-06-16,https://www.jra.go.jp/datafile/seiseki/report/2019/2019-3tokyo6.pdf,official_daily_result_pdf
201905030609,2019,東京,3,6,9,2019-06-16,https://www.jra.go.jp/datafile/seiseki/report/2019/2019-3tokyo6.pdf,official_daily_result_pdf
201905030610,2019,東京,3,6,10,2019-06-16,https://www.jra.go.jp/datafile/seiseki/report/2019/2019-3tokyo6.pdf,official_daily_result_pdf
201905030611,2019,東京,3,6,11,2019-06-16,https://www.jra.go.jp/datafile/seiseki/report/2019/2019-3tokyo6.pdf,official_daily_result_pdf
201905030612,2019,東京,3,6,12,2019-06-16,https://www.jra.go.jp/datafile/seiseki/report/2019/2019-3tokyo6.pdf,official_daily_result_pdf
201905030701,2019,東京,3,7,1,2019-06-22,https://www.jra.go.jp/datafile/seiseki/report/2019/2019-3tokyo7.pdf,official_daily_result_pdf
201905030702,2019,東京,3,7,2,2019-06-22,https://www.jra.go.jp/datafile/seiseki/report/2019/2019-3tokyo7.pdf,official_daily_result_pdf
201905030703,2019,東京,3,7,3,2019-06-22,https://www.jra.go.jp/datafile/seiseki/report/2019/2019-3tokyo7.pdf,official_daily_result_pdf
201905030704,2019,東京,3,7,4,2019-06-22,https://www.jra.go.jp/datafile/seiseki/report/2019/2019-3tokyo7.pdf,official_daily_result_pdf
201905030705,2019,東京,3,7,5,2019-06-22,https://www.jra.go.jp/datafile/seiseki/report/2019/2019-3tokyo7.pdf,official_daily_result_pdf
201905030706,2019,東京,3,7,6,2019-06-22,https://www.jra.go.jp/datafile/seiseki/report/2019/2019-3tokyo7.pdf,official_daily_result_pdf
201905030707,2019,東京,3,7,7,2019-06-22,https://www.jra.go.jp/datafile/seiseki/report/2019/2019-3tokyo7.pdf,official_daily_result_pdf
201905030708,2019,東京,3,7,8,2019-06-22,https://www.jra.go.jp/datafile/seiseki/report/2019/2019-3tokyo7.pdf,official_daily_result_pdf
201905030709,2019,東京,3,7,9,2019-06-22,https://www.jra.go.jp/datafile/seiseki/report/2019/2019-3tokyo7.pdf,official_daily_result_pdf
201905030710,2019,東京,3,7,10,2019-06-22,https://www.jra.go.jp/datafile/seiseki/report/2019/2019-3tokyo7.pdf,official_daily_result_pdf
201905030711,2019,東京,3,7,11,2019-06-22,https://www.jra.go.jp/datafile/seiseki/report/2019/2019-3tokyo7.pdf,official_daily_result_pdf
201905030712,2019,東京,3,7,12,2019-06-22,https://www.jra.go.jp/datafile/seiseki/report/2019/2019-3tokyo7.pdf,official_daily_result_pdf
201905030801,2019,東京,3,8,1,2019-06-23,https://www.jra.go.jp/datafile/seiseki/report/2019/2019-3tokyo8.pdf,official_daily_result_pdf
201905030802,2019,東京,3,8,2,2019-06-23,https://www.jra.go.jp/datafile/seiseki/report/2019/2019-3tokyo8.pdf,official_daily_result_pdf
201905030803,2019,東京,3,8,3,2019-06-23,https://www.jra.go.jp/datafile/seiseki/report/2019/2019-3tokyo8.pdf,official_daily_result_pdf
201905030804,2019,東京,3,8,4,2019-06-23,https://www.jra.go.jp/datafile/seiseki/report/2019/2019-3tokyo8.pdf,official_daily_result_pdf
201905030805,2019,東京,3,8,5,2019-06-23,https://www.jra.go.jp/datafile/seiseki/report/2019/2019-3tokyo8.pdf,official_daily_result_pdf
201905030806,2019,東京,3,8,6,2019-06-23,https://www.jra.go.jp/datafile/seiseki/report/2019/2019-3tokyo8.pdf,official_daily_result_pdf
201905030807,2019,東京,3,8,7,2019-06-23,https://www.jra.go.jp/datafile/seiseki/report/2019/2019-3tokyo8.pdf,official_daily_result_pdf
201905030808,2019,東京,3,8,8,2019-06-23,https://www.jra.go.jp/datafile/seiseki/report/2019/2019-3tokyo8.pdf,official_daily_result_pdf
201905030809,2019,東京,3,8,9,2019-06-23,https://www.jra.go.jp/datafile/seiseki/report/2019/2019-3tokyo8.pdf,official_daily_result_pdf
201905030810,2019,東京,3,8,10,2019-06-23,https://www.jra.go.jp/datafile/seiseki/report/2019/2019-3tokyo8.pdf,official_daily_result_pdf
201905030811,2019,東京,3,8,11,2019-06-23,https://www.jra.go.jp/datafile/seiseki/report/2019/2019-3tokyo8.pdf,official_daily_result_pdf
201905030812,2019,東京,3,8,12,2019-06-23,https://www.jra.go.jp/datafile/seiseki/report/2019/2019-3tokyo8.pdf,official_daily_result_pdf
201905040101,2019,東京,4,1,1,2019-10-05,https://www.jra.go.jp/datafile/seiseki/report/2019/2019-4tokyo1.pdf,official_daily_result_pdf
201905040102,2019,東京,4,1,2,2019-10-05,https://www.jra.go.jp/datafile/seiseki/report/2019/2019-4tokyo1.pdf,official_daily_result_pdf
201905040103,2019,東京,4,1,3,2019-10-05,https://www.jra.go.jp/datafile/seiseki/report/2019/2019-4tokyo1.pdf,official_daily_result_pdf
201905040104,2019,東京,4,1,4,2019-10-05,https://www.jra.go.jp/datafile/seiseki/report/2019/2019-4tokyo1.pdf,official_daily_result_pdf
201905040105,2019,東京,4,1,5,2019-10-05,https://www.jra.go.jp/datafile/seiseki/report/2019/2019-4tokyo1.pdf,official_daily_result_pdf
201905040106,2019,東京,4,1,6,2019-10-05,https://www.jra.go.jp/datafile/seiseki/report/2019/2019-4tokyo1.pdf,official_daily_result_pdf
201905040107,2019,東京,4,1,7,2019-10-05,https://www.jra.go.jp/datafile/seiseki/report/2019/2019-4tokyo1.pdf,official_daily_result_pdf
201905040108,2019,東京,4,1,8,2019-10-05,https://www.jra.go.jp/datafile/seiseki/report/2019/2019-4tokyo1.pdf,official_daily_result_pdf
201905040109,2019,東京,4,1,9,2019-10-05,https://www.jra.go.jp/datafile/seiseki/report/2019/2019-4tokyo1.pdf,official_daily_result_pdf
201905040110,2019,東京,4,1,10,2019-10-05,https://www.jra.go.jp/datafile/seiseki/report/2019/2019-4tokyo1.pdf,official_daily_result_pdf
201905040111,2019,東京,4,1,11,2019-10-05,https://www.jra.go.jp/datafile/seiseki/report/2019/2019-4tokyo1.pdf,official_daily_result_pdf
201905040112,2019,東京,4,1,12,2019-10-05,https://www.jra.go.jp/datafile/seiseki/report/2019/2019-4tokyo1.pdf,official_daily_result_pdf
201905040201,2019,東京,4,2,1,2019-10-06,https://www.jra.go.jp/datafile/seiseki/report/2019/2019-4tokyo2.pdf,official_daily_result_pdf
201905040202,2019,東京,4,2,2,2019-10-06,https://www.jra.go.jp/datafile/seiseki/report/2019/2019-4tokyo2.pdf,official_daily_result_pdf
201905040203,2019,東京,4,2,3,2019-10-06,https://www.jra.go.jp/datafile/seiseki/report/2019/2019-4tokyo2.pdf,official_daily_result_pdf
201905040204,2019,東京,4,2,4,2019-10-06,https://www.jra.go.jp/datafile/seiseki/report/2019/2019-4tokyo2.pdf,official_daily_result_pdf
201905040205,2019,東京,4,2,5,2019-10-06,https://www.jra.go.jp/datafile/seiseki/report/2019/2019-4tokyo2.pdf,official_daily_result_pdf
201905040206,2019,東京,4,2,6,2019-10-06,https://www.jra.go.jp/datafile/seiseki/report/2019/2019-4tokyo2.pdf,official_daily_result_pdf
201905040207,2019,東京,4,2,7,2019-10-06,https://www.jra.go.jp/datafile/seiseki/report/2019/2019-4tokyo2.pdf,official_daily_result_pdf
201905040208,2019,東京,4,2,8,2019-10-06,https://www.jra.go.jp/datafile/seiseki/report/2019/2019-4tokyo2.pdf,official_daily_result_pdf
201905040209,2019,東京,4,2,9,2019-10-06,https://www.jra.go.jp/datafile/seiseki/report/2019/2019-4tokyo2.pdf,official_daily_result_pdf
201905040210,2019,東京,4,2,10,2019-10-06,https://www.jra.go.jp/datafile/seiseki/report/2019/2019-4tokyo2.pdf,official_daily_result_pdf
201905040211,2019,東京,4,2,11,2019-10-06,https://www.jra.go.jp/datafile/seiseki/report/2019/2019-4tokyo2.pdf,official_daily_result_pdf
201905040212,2019,東京,4,2,12,2019-10-06,https://www.jra.go.jp/datafile/seiseki/report/2019/2019-4tokyo2.pdf,official_daily_result_pdf
201905040301,2019,東京,4,3,1,2019-10-15,https://www.jra.go.jp/datafile/seiseki/report/2019/2019-4tokyo3.pdf,official_daily_result_pdf
201905040302,2019,東京,4,3,2,2019-10-15,https://www.jra.go.jp/datafile/seiseki/report/2019/2019-4tokyo3.pdf,official_daily_result_pdf
201905040303,2019,東京,4,3,3,2019-10-15,https://www.jra.go.jp/datafile/seiseki/report/2019/2019-4tokyo3.pdf,official_daily_result_pdf
201905040304,2019,東京,4,3,4,2019-10-15,https://www.jra.go.jp/datafile/seiseki/report/2019/2019-4tokyo3.pdf,official_daily_result_pdf
201905040305,2019,東京,4,3,5,2019-10-15,https://www.jra.go.jp/datafile/seiseki/report/2019/2019-4tokyo3.pdf,official_daily_result_pdf
201905040306,2019,東京,4,3,6,2019-10-15,https://www.jra.go.jp/datafile/seiseki/report/2019/2019-4tokyo3.pdf,official_daily_result_pdf
201905040307,2019,東京,4,3,7,2019-10-15,https://www.jra.go.jp/datafile/seiseki/report/2019/2019-4tokyo3.pdf,official_daily_result_pdf
201905040308,2019,東京,4,3,8,2019-10-15,https://www.jra.go.jp/datafile/seiseki/report/2019/2019-4tokyo3.pdf,official_daily_result_pdf
201905040309,2019,東京,4,3,9,2019-10-15,https://www.jra.go.jp/datafile/seiseki/report/2019/2019-4tokyo3.pdf,official_daily_result_pdf
201905040310,2019,東京,4,3,10,2019-10-15,https://www.jra.go.jp/datafile/seiseki/report/2019/2019-4tokyo3.pdf,official_daily_result_pdf
201905040311,2019,東京,4,3,11,2019-10-15,https://www.jra.go.jp/datafile/seiseki/report/2019/2019-4tokyo3.pdf,official_daily_result_pdf
201905040312,2019,東京,4,3,12,2019-10-15,https://www.jra.go.jp/datafile/seiseki/report/2019/2019-4tokyo3.pdf,official_daily_result_pdf
201905040401,2019,東京,4,4,1,2019-10-21,https://www.jra.go.jp/datafile/seiseki/report/2019/2019-4tokyo4.pdf,official_daily_result_pdf
201905040402,2019,東京,4,4,2,2019-10-21,https://www.jra.go.jp/datafile/seiseki/report/2019/2019-4tokyo4.pdf,official_daily_result_pdf
201905040403,2019,東京,4,4,3,2019-10-21,https://www.jra.go.jp/datafile/seiseki/report/2019/2019-4tokyo4.pdf,official_daily_result_pdf
201905040404,2019,東京,4,4,4,2019-10-21,https://www.jra.go.jp/datafile/seiseki/report/2019/2019-4tokyo4.pdf,official_daily_result_pdf
201905040405,2019,東京,4,4,5,2019-10-21,https://www.jra.go.jp/datafile/seiseki/report/2019/2019-4tokyo4.pdf,official_daily_result_pdf
201905040406,2019,東京,4,4,6,2019-10-21,https://www.jra.go.jp/datafile/seiseki/report/2019/2019-4tokyo4.pdf,official_daily_result_pdf
201905040407,2019,東京,4,4,7,2019-10-21,https://www.jra.go.jp/datafile/seiseki/report/2019/2019-4tokyo4.pdf,official_daily_result_pdf
201905040408,2019,東京,4,4,8,2019-10-21,https://www.jra.go.jp/datafile/seiseki/report/2019/2019-4tokyo4.pdf,official_daily_result_pdf
201905040409,2019,東京,4,4,9,2019-10-21,https://www.jra.go.jp/datafile/seiseki/report/2019/2019-4tokyo4.pdf,official_daily_result_pdf
201905040410,2019,東京,4,4,10,2019-10-21,https://www.jra.go.jp/datafile/seiseki/report/2019/2019-4tokyo4.pdf,official_daily_result_pdf
201905040411,2019,東京,4,4,11,2019-10-21,https://www.jra.go.jp/datafile/seiseki/report/2019/2019-4tokyo4.pdf,official_daily_result_pdf
201905040412,2019,東京,4,4,12,2019-10-21,https://www.jra.go.jp/datafile/seiseki/report/2019/2019-4tokyo4.pdf,official_daily_result_pdf
201905040501,2019,東京,4,5,1,2019-10-14,https://www.jra.go.jp/datafile/seiseki/report/2019/2019-4tokyo5.pdf,official_daily_result_pdf
201905040502,2019,東京,4,5,2,2019-10-14,https://www.jra.go.jp/datafile/seiseki/report/2019/2019-4tokyo5.pdf,official_daily_result_pdf
201905040503,2019,東京,4,5,3,2019-10-14,https://www.jra.go.jp/datafile/seiseki/report/2019/2019-4tokyo5.pdf,official_daily_result_pdf
201905040504,2019,東京,4,5,4,2019-10-14,https://www.jra.go.jp/datafile/seiseki/report/2019/2019-4tokyo5.pdf,official_daily_result_pdf
201905040505,2019,東京,4,5,5,2019-10-14,https://www.jra.go.jp/datafile/seiseki/report/2019/2019-4tokyo5.pdf,official_daily_result_pdf
201905040506,2019,東京,4,5,6,2019-10-14,https://www.jra.go.jp/datafile/seiseki/report/2019/2019-4tokyo5.pdf,official_daily_result_pdf
201905040507,2019,東京,4,5,7,2019-10-14,https://www.jra.go.jp/datafile/seiseki/report/2019/2019-4tokyo5.pdf,official_daily_result_pdf
201905040508,2019,東京,4,5,8,2019-10-14,https://www.jra.go.jp/datafile/seiseki/report/2019/2019-4tokyo5.pdf,official_daily_result_pdf
201905040509,2019,東京,4,5,9,2019-10-14,https://www.jra.go.jp/datafile/seiseki/report/2019/2019-4tokyo5.pdf,official_daily_result_pdf
201905040510,2019,東京,4,5,10,2019-10-14,https://www.jra.go.jp/datafile/seiseki/report/2019/2019-4tokyo5.pdf,official_daily_result_pdf
201905040511,2019,東京,4,5,11,2019-10-14,https://www.jra.go.jp/datafile/seiseki/report/2019/2019-4tokyo5.pdf,official_daily_result_pdf
201905040512,2019,東京,4,5,12,2019-10-14,https://www.jra.go.jp/datafile/seiseki/report/2019/2019-4tokyo5.pdf,official_daily_result_pdf
201905040601,2019,東京,4,6,1,2019-10-19,https://www.jra.go.jp/datafile/seiseki/report/2019/2019-4tokyo6.pdf,official_daily_result_pdf
201905040602,2019,東京,4,6,2,2019-10-19,https://www.jra.go.jp/datafile/seiseki/report/2019/2019-4tokyo6.pdf,official_daily_result_pdf
201905040603,2019,東京,4,6,3,2019-10-19,https://www.jra.go.jp/datafile/seiseki/report/2019/2019-4tokyo6.pdf,official_daily_result_pdf
201905040604,2019,東京,4,6,4,2019-10-19,https://www.jra.go.jp/datafile/seiseki/report/2019/2019-4tokyo6.pdf,official_daily_result_pdf
201905040605,2019,東京,4,6,5,2019-10-19,https://www.jra.go.jp/datafile/seiseki/report/2019/2019-4tokyo6.pdf,official_daily_result_pdf
201905040606,2019,東京,4,6,6,2019-10-19,https://www.jra.go.jp/datafile/seiseki/report/2019/2019-4tokyo6.pdf,official_daily_result_pdf
201905040607,2019,東京,4,6,7,2019-10-19,https://www.jra.go.jp/datafile/seiseki/report/2019/2019-4tokyo6.pdf,official_daily_result_pdf
201905040608,2019,東京,4,6,8,2019-10-19,https://www.jra.go.jp/datafile/seiseki/report/2019/2019-4tokyo6.pdf,official_daily_result_pdf
201905040609,2019,東京,4,6,9,2019-10-19,https://www.jra.go.jp/datafile/seiseki/report/2019/2019-4tokyo6.pdf,official_daily_result_pdf
201905040610,2019,東京,4,6,10,2019-10-19,https://www.jra.go.jp/datafile/seiseki/report/2019/2019-4tokyo6.pdf,official_daily_result_pdf
201905040611,2019,東京,4,6,11,2019-10-19,https://www.jra.go.jp/datafile/seiseki/report/2019/2019-4tokyo6.pdf,official_daily_result_pdf
201905040612,2019,東京,4,6,12,2019-10-19,https://www.jra.go.jp/datafile/seiseki/report/2019/2019-4tokyo6.pdf,official_daily_result_pdf
201905040701,2019,東京,4,7,1,2019-10-20,https://www.jra.go.jp/datafile/seiseki/report/2019/2019-4tokyo7.pdf,official_daily_result_pdf
201905040702,2019,東京,4,7,2,2019-10-20,https://www.jra.go.jp/datafile/seiseki/report/2019/2019-4tokyo7.pdf,official_daily_result_pdf
201905040703,2019,東京,4,7,3,2019-10-20,https://www.jra.go.jp/datafile/seiseki/report/2019/2019-4tokyo7.pdf,official_daily_result_pdf
201905040704,2019,東京,4,7,4,2019-10-20,https://www.jra.go.jp/datafile/seiseki/report/2019/2019-4tokyo7.pdf,official_daily_result_pdf
201905040705,2019,東京,4,7,5,2019-10-20,https://www.jra.go.jp/datafile/seiseki/report/2019/2019-4tokyo7.pdf,official_daily_result_pdf
201905040706,2019,東京,4,7,6,2019-10-20,https://www.jra.go.jp/datafile/seiseki/report/2019/2019-4tokyo7.pdf,official_daily_result_pdf
201905040707,2019,東京,4,7,7,2019-10-20,https://www.jra.go.jp/datafile/seiseki/report/2019/2019-4tokyo7.pdf,official_daily_result_pdf
201905040708,2019,東京,4,7,8,2019-10-20,https://www.jra.go.jp/datafile/seiseki/report/2019/2019-4tokyo7.pdf,official_daily_result_pdf
201905040709,2019,東京,4,7,9,2019-10-20,https://www.jra.go.jp/datafile/seiseki/report/2019/2019-4tokyo7.pdf,official_daily_result_pdf
201905040710,2019,東京,4,7,10,2019-10-20,https://www.jra.go.jp/datafile/seiseki/report/2019/2019-4tokyo7.pdf,official_daily_result_pdf
201905040711,2019,東京,4,7,11,2019-10-20,https://www.jra.go.jp/datafile/seiseki/report/2019/2019-4tokyo7.pdf,official_daily_result_pdf
201905040712,2019,東京,4,7,12,2019-10-20,https://www.jra.go.jp/datafile/seiseki/report/2019/2019-4tokyo7.pdf,official_daily_result_pdf
201905040801,2019,東京,4,8,1,2019-10-26,https://www.jra.go.jp/datafile/seiseki/report/2019/2019-4tokyo8.pdf,official_daily_result_pdf
201905040802,2019,東京,4,8,2,2019-10-26,https://www.jra.go.jp/datafile/seiseki/report/2019/2019-4tokyo8.pdf,official_daily_result_pdf
201905040803,2019,東京,4,8,3,2019-10-26,https://www.jra.go.jp/datafile/seiseki/report/2019/2019-4tokyo8.pdf,official_daily_result_pdf
201905040804,2019,東京,4,8,4,2019-10-26,https://www.jra.go.jp/datafile/seiseki/report/2019/2019-4tokyo8.pdf,official_daily_result_pdf
201905040805,2019,東京,4,8,5,2019-10-26,https://www.jra.go.jp/datafile/seiseki/report/2019/2019-4tokyo8.pdf,official_daily_result_pdf
201905040806,2019,東京,4,8,6,2019-10-26,https://www.jra.go.jp/datafile/seiseki/report/2019/2019-4tokyo8.pdf,official_daily_result_pdf
201905040807,2019,東京,4,8,7,2019-10-26,https://www.jra.go.jp/datafile/seiseki/report/2019/2019-4tokyo8.pdf,official_daily_result_pdf
201905040808,2019,東京,4,8,8,2019-10-26,https://www.jra.go.jp/datafile/seiseki/report/2019/2019-4tokyo8.pdf,official_daily_result_pdf
201905040809,2019,東京,4,8,9,2019-10-26,https://www.jra.go.jp/datafile/seiseki/report/2019/2019-4tokyo8.pdf,official_daily_result_pdf
201905040810,2019,東京,4,8,10,2019-10-26,https://www.jra.go.jp/datafile/seiseki/report/2019/2019-4tokyo8.pdf,official_daily_result_pdf
201905040811,2019,東京,4,8,11,2019-10-26,https://www.jra.go.jp/datafile/seiseki/report/2019/2019-4tokyo8.pdf,official_daily_result_pdf
201905040812,2019,東京,4,8,12,2019-10-26,https://www.jra.go.jp/datafile/seiseki/report/2019/2019-4tokyo8.pdf,official_daily_result_pdf
201905040901,2019,東京,4,9,1,2019-10-27,https://www.jra.go.jp/datafile/seiseki/report/2019/2019-4tokyo9.pdf,official_daily_result_pdf
201905040902,2019,東京,4,9,2,2019-10-27,https://www.jra.go.jp/datafile/seiseki/report/2019/2019-4tokyo9.pdf,official_daily_result_pdf
201905040903,2019,東京,4,9,3,2019-10-27,https://www.jra.go.jp/datafile/seiseki/report/2019/2019-4tokyo9.pdf,official_daily_result_pdf
201905040904,2019,東京,4,9,4,2019-10-27,https://www.jra.go.jp/datafile/seiseki/report/2019/2019-4tokyo9.pdf,official_daily_result_pdf
201905040905,2019,東京,4,9,5,2019-10-27,https://www.jra.go.jp/datafile/seiseki/report/2019/2019-4tokyo9.pdf,official_daily_result_pdf
201905040906,2019,東京,4,9,6,2019-10-27,https://www.jra.go.jp/datafile/seiseki/report/2019/2019-4tokyo9.pdf,official_daily_result_pdf
201905040907,2019,東京,4,9,7,2019-10-27,https://www.jra.go.jp/datafile/seiseki/report/2019/2019-4tokyo9.pdf,official_daily_result_pdf
201905040908,2019,東京,4,9,8,2019-10-27,https://www.jra.go.jp/datafile/seiseki/report/2019/2019-4tokyo9.pdf,official_daily_result_pdf
201905040909,2019,東京,4,9,9,2019-10-27,https://www.jra.go.jp/datafile/seiseki/report/2019/2019-4tokyo9.pdf,official_daily_result_pdf
201905040910,2019,東京,4,9,10,2019-10-27,https://www.jra.go.jp/datafile/seiseki/report/2019/2019-4tokyo9.pdf,official_daily_result_pdf
201905040911,2019,東京,4,9,11,2019-10-27,https://www.jra.go.jp/datafile/seiseki/report/2019/2019-4tokyo9.pdf,official_daily_result_pdf
201905040912,2019,東京,4,9,12,2019-10-27,https://www.jra.go.jp/datafile/seiseki/report/2019/2019-4tokyo9.pdf,official_daily_result_pdf
201905050101,2019,東京,5,1,1,2019-11-02,https://www.jra.go.jp/datafile/seiseki/report/2019/2019-5tokyo1.pdf,official_daily_result_pdf
201905050102,2019,東京,5,1,2,2019-11-02,https://www.jra.go.jp/datafile/seiseki/report/2019/2019-5tokyo1.pdf,official_daily_result_pdf
201905050103,2019,東京,5,1,3,2019-11-02,https://www.jra.go.jp/datafile/seiseki/report/2019/2019-5tokyo1.pdf,official_daily_result_pdf
201905050104,2019,東京,5,1,4,2019-11-02,https://www.jra.go.jp/datafile/seiseki/report/2019/2019-5tokyo1.pdf,official_daily_result_pdf
201905050105,2019,東京,5,1,5,2019-11-02,https://www.jra.go.jp/datafile/seiseki/report/2019/2019-5tokyo1.pdf,official_daily_result_pdf
201905050106,2019,東京,5,1,6,2019-11-02,https://www.jra.go.jp/datafile/seiseki/report/2019/2019-5tokyo1.pdf,official_daily_result_pdf
201905050107,2019,東京,5,1,7,2019-11-02,https://www.jra.go.jp/datafile/seiseki/report/2019/2019-5tokyo1.pdf,official_daily_result_pdf
201905050108,2019,東京,5,1,8,2019-11-02,https://www.jra.go.jp/datafile/seiseki/report/2019/2019-5tokyo1.pdf,official_daily_result_pdf
201905050109,2019,東京,5,1,9,2019-11-02,https://www.jra.go.jp/datafile/seiseki/report/2019/2019-5tokyo1.pdf,official_daily_result_pdf
201905050110,2019,東京,5,1,10,2019-11-02,https://www.jra.go.jp/datafile/seiseki/report/2019/2019-5tokyo1.pdf,official_daily_result_pdf
201905050111,2019,東京,5,1,11,2019-11-02,https://www.jra.go.jp/datafile/seiseki/report/2019/2019-5tokyo1.pdf,official_daily_result_pdf
201905050112,2019,東京,5,1,12,2019-11-02,https://www.jra.go.jp/datafile/seiseki/report/2019/2019-5tokyo1.pdf,official_daily_result_pdf
201905050201,2019,東京,5,2,1,2019-11-03,https://www.jra.go.jp/datafile/seiseki/report/2019/2019-5tokyo2.pdf,official_daily_result_pdf
201905050202,2019,東京,5,2,2,2019-11-03,https://www.jra.go.jp/datafile/seiseki/report/2019/2019-5tokyo2.pdf,official_daily_result_pdf
201905050203,2019,東京,5,2,3,2019-11-03,https://www.jra.go.jp/datafile/seiseki/report/2019/2019-5tokyo2.pdf,official_daily_result_pdf
201905050204,2019,東京,5,2,4,2019-11-03,https://www.jra.go.jp/datafile/seiseki/report/2019/2019-5tokyo2.pdf,official_daily_result_pdf
201905050205,2019,東京,5,2,5,2019-11-03,https://www.jra.go.jp/datafile/seiseki/report/2019/2019-5tokyo2.pdf,official_daily_result_pdf
201905050206,2019,東京,5,2,6,2019-11-03,https://www.jra.go.jp/datafile/seiseki/report/2019/2019-5tokyo2.pdf,official_daily_result_pdf
201905050207,2019,東京,5,2,7,2019-11-03,https://www.jra.go.jp/datafile/seiseki/report/2019/2019-5tokyo2.pdf,official_daily_result_pdf
201905050208,2019,東京,5,2,8,2019-11-03,https://www.jra.go.jp/datafile/seiseki/report/2019/2019-5tokyo2.pdf,official_daily_result_pdf
201905050209,2019,東京,5,2,9,2019-11-03,https://www.jra.go.jp/datafile/seiseki/report/2019/2019-5tokyo2.pdf,official_daily_result_pdf
201905050210,2019,東京,5,2,10,2019-11-03,https://www.jra.go.jp/datafile/seiseki/report/2019/2019-5tokyo2.pdf,official_daily_result_pdf
201905050211,2019,東京,5,2,11,2019-11-03,https://www.jra.go.jp/datafile/seiseki/report/2019/2019-5tokyo2.pdf,official_daily_result_pdf
201905050212,2019,東京,5,2,12,2019-11-03,https://www.jra.go.jp/datafile/seiseki/report/2019/2019-5tokyo2.pdf,official_daily_result_pdf
201905050301,2019,東京,5,3,1,2019-11-09,https://www.jra.go.jp/datafile/seiseki/report/2019/2019-5tokyo3.pdf,official_daily_result_pdf
201905050302,2019,東京,5,3,2,2019-11-09,https://www.jra.go.jp/datafile/seiseki/report/2019/2019-5tokyo3.pdf,official_daily_result_pdf
201905050303,2019,東京,5,3,3,2019-11-09,https://www.jra.go.jp/datafile/seiseki/report/2019/2019-5tokyo3.pdf,official_daily_result_pdf
201905050304,2019,東京,5,3,4,2019-11-09,https://www.jra.go.jp/datafile/seiseki/report/2019/2019-5tokyo3.pdf,official_daily_result_pdf
201905050305,2019,東京,5,3,5,2019-11-09,https://www.jra.go.jp/datafile/seiseki/report/2019/2019-5tokyo3.pdf,official_daily_result_pdf
201905050306,2019,東京,5,3,6,2019-11-09,https://www.jra.go.jp/datafile/seiseki/report/2019/2019-5tokyo3.pdf,official_daily_result_pdf
201905050307,2019,東京,5,3,7,2019-11-09,https://www.jra.go.jp/datafile/seiseki/report/2019/2019-5tokyo3.pdf,official_daily_result_pdf
201905050308,2019,東京,5,3,8,2019-11-09,https://www.jra.go.jp/datafile/seiseki/report/2019/2019-5tokyo3.pdf,official_daily_result_pdf
201905050309,2019,東京,5,3,9,2019-11-09,https://www.jra.go.jp/datafile/seiseki/report/2019/2019-5tokyo3.pdf,official_daily_result_pdf
201905050310,2019,東京,5,3,10,2019-11-09,https://www.jra.go.jp/datafile/seiseki/report/2019/2019-5tokyo3.pdf,official_daily_result_pdf
201905050311,2019,東京,5,3,11,2019-11-09,https://www.jra.go.jp/datafile/seiseki/report/2019/2019-5tokyo3.pdf,official_daily_result_pdf
201905050312,2019,東京,5,3,12,2019-11-09,https://www.jra.go.jp/datafile/seiseki/report/2019/2019-5tokyo3.pdf,official_daily_result_pdf
201905050401,2019,東京,5,4,1,2019-11-10,https://www.jra.go.jp/datafile/seiseki/report/2019/2019-5tokyo4.pdf,official_daily_result_pdf
201905050402,2019,東京,5,4,2,2019-11-10,https://www.jra.go.jp/datafile/seiseki/report/2019/2019-5tokyo4.pdf,official_daily_result_pdf
201905050403,2019,東京,5,4,3,2019-11-10,https://www.jra.go.jp/datafile/seiseki/report/2019/2019-5tokyo4.pdf,official_daily_result_pdf
201905050404,2019,東京,5,4,4,2019-11-10,https://www.jra.go.jp/datafile/seiseki/report/2019/2019-5tokyo4.pdf,official_daily_result_pdf
201905050405,2019,東京,5,4,5,2019-11-10,https://www.jra.go.jp/datafile/seiseki/report/2019/2019-5tokyo4.pdf,official_daily_result_pdf
201905050406,2019,東京,5,4,6,2019-11-10,https://www.jra.go.jp/datafile/seiseki/report/2019/2019-5tokyo4.pdf,official_daily_result_pdf
201905050407,2019,東京,5,4,7,2019-11-10,https://www.jra.go.jp/datafile/seiseki/report/2019/2019-5tokyo4.pdf,official_daily_result_pdf
201905050408,2019,東京,5,4,8,2019-11-10,https://www.jra.go.jp/datafile/seiseki/report/2019/2019-5tokyo4.pdf,official_daily_result_pdf
201905050409,2019,東京,5,4,9,2019-11-10,https://www.jra.go.jp/datafile/seiseki/report/2019/2019-5tokyo4.pdf,official_daily_result_pdf
201905050410,2019,東京,5,4,10,2019-11-10,https://www.jra.go.jp/datafile/seiseki/report/2019/2019-5tokyo4.pdf,official_daily_result_pdf
201905050411,2019,東京,5,4,11,2019-11-10,https://www.jra.go.jp/datafile/seiseki/report/2019/2019-5tokyo4.pdf,official_daily_result_pdf
201905050412,2019,東京,5,4,12,2019-11-10,https://www.jra.go.jp/datafile/seiseki/report/2019/2019-5tokyo4.pdf,official_daily_result_pdf
201905050501,2019,東京,5,5,1,2019-11-16,https://www.jra.go.jp/datafile/seiseki/report/2019/2019-5tokyo5.pdf,official_daily_result_pdf
201905050502,2019,東京,5,5,2,2019-11-16,https://www.jra.go.jp/datafile/seiseki/report/2019/2019-5tokyo5.pdf,official_daily_result_pdf
201905050503,2019,東京,5,5,3,2019-11-16,https://www.jra.go.jp/datafile/seiseki/report/2019/2019-5tokyo5.pdf,official_daily_result_pdf
201905050504,2019,東京,5,5,4,2019-11-16,https://www.jra.go.jp/datafile/seiseki/report/2019/2019-5tokyo5.pdf,official_daily_result_pdf
201905050505,2019,東京,5,5,5,2019-11-16,https://www.jra.go.jp/datafile/seiseki/report/2019/2019-5tokyo5.pdf,official_daily_result_pdf
201905050506,2019,東京,5,5,6,2019-11-16,https://www.jra.go.jp/datafile/seiseki/report/2019/2019-5tokyo5.pdf,official_daily_result_pdf
201905050507,2019,東京,5,5,7,2019-11-16,https://www.jra.go.jp/datafile/seiseki/report/2019/2019-5tokyo5.pdf,official_daily_result_pdf
201905050508,2019,東京,5,5,8,2019-11-16,https://www.jra.go.jp/datafile/seiseki/report/2019/2019-5tokyo5.pdf,official_daily_result_pdf
201905050509,2019,東京,5,5,9,2019-11-16,https://www.jra.go.jp/datafile/seiseki/report/2019/2019-5tokyo5.pdf,official_daily_result_pdf
201905050510,2019,東京,5,5,10,2019-11-16,https://www.jra.go.jp/datafile/seiseki/report/2019/2019-5tokyo5.pdf,official_daily_result_pdf
201905050511,2019,東京,5,5,11,2019-11-16,https://www.jra.go.jp/datafile/seiseki/report/2019/2019-5tokyo5.pdf,official_daily_result_pdf
201905050512,2019,東京,5,5,12,2019-11-16,https://www.jra.go.jp/datafile/seiseki/report/2019/2019-5tokyo5.pdf,official_daily_result_pdf
201905050601,2019,東京,5,6,1,2019-11-17,https://www.jra.go.jp/datafile/seiseki/report/2019/2019-5tokyo6.pdf,official_daily_result_pdf
201905050602,2019,東京,5,6,2,2019-11-17,https://www.jra.go.jp/datafile/seiseki/report/2019/2019-5tokyo6.pdf,official_daily_result_pdf
201905050603,2019,東京,5,6,3,2019-11-17,https://www.jra.go.jp/datafile/seiseki/report/2019/2019-5tokyo6.pdf,official_daily_result_pdf
201905050604,2019,東京,5,6,4,2019-11-17,https://www.jra.go.jp/datafile/seiseki/report/2019/2019-5tokyo6.pdf,official_daily_result_pdf
201905050605,2019,東京,5,6,5,2019-11-17,https://www.jra.go.jp/datafile/seiseki/report/2019/2019-5tokyo6.pdf,official_daily_result_pdf
201905050606,2019,東京,5,6,6,2019-11-17,https://www.jra.go.jp/datafile/seiseki/report/2019/2019-5tokyo6.pdf,official_daily_result_pdf
201905050607,2019,東京,5,6,7,2019-11-17,https://www.jra.go.jp/datafile/seiseki/report/2019/2019-5tokyo6.pdf,official_daily_result_pdf
201905050608,2019,東京,5,6,8,2019-11-17,https://www.jra.go.jp/datafile/seiseki/report/2019/2019-5tokyo6.pdf,official_daily_result_pdf
201905050609,2019,東京,5,6,9,2019-11-17,https://www.jra.go.jp/datafile/seiseki/report/2019/2019-5tokyo6.pdf,official_daily_result_pdf
201905050610,2019,東京,5,6,10,2019-11-17,https://www.jra.go.jp/datafile/seiseki/report/2019/2019-5tokyo6.pdf,official_daily_result_pdf
201905050611,2019,東京,5,6,11,2019-11-17,https://www.jra.go.jp/datafile/seiseki/report/2019/2019-5tokyo6.pdf,official_daily_result_pdf
201905050612,2019,東京,5,6,12,2019-11-17,https://www.jra.go.jp/datafile/seiseki/report/2019/2019-5tokyo6.pdf,official_daily_result_pdf
201905050701,2019,東京,5,7,1,2019-11-23,https://www.jra.go.jp/datafile/seiseki/report/2019/2019-5tokyo7.pdf,official_daily_result_pdf
201905050702,2019,東京,5,7,2,2019-11-23,https://www.jra.go.jp/datafile/seiseki/report/2019/2019-5tokyo7.pdf,official_daily_result_pdf
201905050703,2019,東京,5,7,3,2019-11-23,https://www.jra.go.jp/datafile/seiseki/report/2019/2019-5tokyo7.pdf,official_daily_result_pdf
201905050704,2019,東京,5,7,4,2019-11-23,https://www.jra.go.jp/datafile/seiseki/report/2019/2019-5tokyo7.pdf,official_daily_result_pdf
201905050705,2019,東京,5,7,5,2019-11-23,https://www.jra.go.jp/datafile/seiseki/report/2019/2019-5tokyo7.pdf,official_daily_result_pdf
201905050706,2019,東京,5,7,6,2019-11-23,https://www.jra.go.jp/datafile/seiseki/report/2019/2019-5tokyo7.pdf,official_daily_result_pdf
201905050707,2019,東京,5,7,7,2019-11-23,https://www.jra.go.jp/datafile/seiseki/report/2019/2019-5tokyo7.pdf,official_daily_result_pdf
201905050708,2019,東京,5,7,8,2019-11-23,https://www.jra.go.jp/datafile/seiseki/report/2019/2019-5tokyo7.pdf,official_daily_result_pdf
201905050709,2019,東京,5,7,9,2019-11-23,https://www.jra.go.jp/datafile/seiseki/report/2019/2019-5tokyo7.pdf,official_daily_result_pdf
201905050710,2019,東京,5,7,10,2019-11-23,https://www.jra.go.jp/datafile/seiseki/report/2019/2019-5tokyo7.pdf,official_daily_result_pdf
201905050711,2019,東京,5,7,11,2019-11-23,https://www.jra.go.jp/datafile/seiseki/report/2019/2019-5tokyo7.pdf,official_daily_result_pdf
201905050712,2019,東京,5,7,12,2019-11-23,https://www.jra.go.jp/datafile/seiseki/report/2019/2019-5tokyo7.pdf,official_daily_result_pdf
201905050801,2019,東京,5,8,1,2019-11-24,https://www.jra.go.jp/datafile/seiseki/report/2019/2019-5tokyo8.pdf,official_daily_result_pdf
201905050802,2019,東京,5,8,2,2019-11-24,https://www.jra.go.jp/datafile/seiseki/report/2019/2019-5tokyo8.pdf,official_daily_result_pdf
201905050803,2019,東京,5,8,3,2019-11-24,https://www.jra.go.jp/datafile/seiseki/report/2019/2019-5tokyo8.pdf,official_daily_result_pdf
201905050804,2019,東京,5,8,4,2019-11-24,https://www.jra.go.jp/datafile/seiseki/report/2019/2019-5tokyo8.pdf,official_daily_result_pdf
201905050805,2019,東京,5,8,5,2019-11-24,https://www.jra.go.jp/datafile/seiseki/report/2019/2019-5tokyo8.pdf,official_daily_result_pdf
201905050806,2019,東京,5,8,6,2019-11-24,https://www.jra.go.jp/datafile/seiseki/report/2019/2019-5tokyo8.pdf,official_daily_result_pdf
201905050807,2019,東京,5,8,7,2019-11-24,https://www.jra.go.jp/datafile/seiseki/report/2019/2019-5tokyo8.pdf,official_daily_result_pdf
201905050808,2019,東京,5,8,8,2019-11-24,https://www.jra.go.jp/datafile/seiseki/report/2019/2019-5tokyo8.pdf,official_daily_result_pdf
201905050809,2019,東京,5,8,9,2019-11-24,https://www.jra.go.jp/datafile/seiseki/report/2019/2019-5tokyo8.pdf,official_daily_result_pdf
201905050810,2019,東京,5,8,10,2019-11-24,https://www.jra.go.jp/datafile/seiseki/report/2019/2019-5tokyo8.pdf,official_daily_result_pdf
201905050811,2019,東京,5,8,11,2019-11-24,https://www.jra.go.jp/datafile/seiseki/report/2019/2019-5tokyo8.pdf,official_daily_result_pdf
201906010101,2019,中山,1,1,1,2019-01-05,https://www.jra.go.jp/datafile/seiseki/report/2019/2019-1nakayama1.pdf,official_daily_result_pdf
201906010102,2019,中山,1,1,2,2019-01-05,https://www.jra.go.jp/datafile/seiseki/report/2019/2019-1nakayama1.pdf,official_daily_result_pdf
201906010103,2019,中山,1,1,3,2019-01-05,https://www.jra.go.jp/datafile/seiseki/report/2019/2019-1nakayama1.pdf,official_daily_result_pdf
201906010104,2019,中山,1,1,4,2019-01-05,https://www.jra.go.jp/datafile/seiseki/report/2019/2019-1nakayama1.pdf,official_daily_result_pdf
201906010105,2019,中山,1,1,5,2019-01-05,https://www.jra.go.jp/datafile/seiseki/report/2019/2019-1nakayama1.pdf,official_daily_result_pdf
201906010106,2019,中山,1,1,6,2019-01-05,https://www.jra.go.jp/datafile/seiseki/report/2019/2019-1nakayama1.pdf,official_daily_result_pdf
201906010107,2019,中山,1,1,7,2019-01-05,https://www.jra.go.jp/datafile/seiseki/report/2019/2019-1nakayama1.pdf,official_daily_result_pdf
201906010108,2019,中山,1,1,8,2019-01-05,https://www.jra.go.jp/datafile/seiseki/report/2019/2019-1nakayama1.pdf,official_daily_result_pdf
201906010109,2019,中山,1,1,9,2019-01-05,https://www.jra.go.jp/datafile/seiseki/report/2019/2019-1nakayama1.pdf,official_daily_result_pdf
201906010110,2019,中山,1,1,10,2019-01-05,https://www.jra.go.jp/datafile/seiseki/report/2019/2019-1nakayama1.pdf,official_daily_result_pdf
201906010111,2019,中山,1,1,11,2019-01-05,https://www.jra.go.jp/datafile/seiseki/report/2019/2019-1nakayama1.pdf,official_daily_result_pdf
201906010112,2019,中山,1,1,12,2019-01-05,https://www.jra.go.jp/datafile/seiseki/report/2019/2019-1nakayama1.pdf,official_daily_result_pdf
201906010201,2019,中山,1,2,1,2019-01-06,https://www.jra.go.jp/datafile/seiseki/report/2019/2019-1nakayama2.pdf,official_daily_result_pdf
201906010202,2019,中山,1,2,2,2019-01-06,https://www.jra.go.jp/datafile/seiseki/report/2019/2019-1nakayama2.pdf,official_daily_result_pdf
201906010203,2019,中山,1,2,3,2019-01-06,https://www.jra.go.jp/datafile/seiseki/report/2019/2019-1nakayama2.pdf,official_daily_result_pdf
201906010204,2019,中山,1,2,4,2019-01-06,https://www.jra.go.jp/datafile/seiseki/report/2019/2019-1nakayama2.pdf,official_daily_result_pdf
201906010205,2019,中山,1,2,5,2019-01-06,https://www.jra.go.jp/datafile/seiseki/report/2019/2019-1nakayama2.pdf,official_daily_result_pdf
201906010206,2019,中山,1,2,6,2019-01-06,https://www.jra.go.jp/datafile/seiseki/report/2019/2019-1nakayama2.pdf,official_daily_result_pdf
201906010207,2019,中山,1,2,7,2019-01-06,https://www.jra.go.jp/datafile/seiseki/report/2019/2019-1nakayama2.pdf,official_daily_result_pdf
201906010208,2019,中山,1,2,8,2019-01-06,https://www.jra.go.jp/datafile/seiseki/report/2019/2019-1nakayama2.pdf,official_daily_result_pdf
201906010209,2019,中山,1,2,9,2019-01-06,https://www.jra.go.jp/datafile/seiseki/report/2019/2019-1nakayama2.pdf,official_daily_result_pdf
201906010210,2019,中山,1,2,10,2019-01-06,https://www.jra.go.jp/datafile/seiseki/report/2019/2019-1nakayama2.pdf,official_daily_result_pdf
201906010211,2019,中山,1,2,11,2019-01-06,https://www.jra.go.jp/datafile/seiseki/report/2019/2019-1nakayama2.pdf,official_daily_result_pdf
201906010212,2019,中山,1,2,12,2019-01-06,https://www.jra.go.jp/datafile/seiseki/report/2019/2019-1nakayama2.pdf,official_daily_result_pdf
201906010301,2019,中山,1,3,1,2019-01-12,https://www.jra.go.jp/datafile/seiseki/report/2019/2019-1nakayama3.pdf,official_daily_result_pdf
201906010302,2019,中山,1,3,2,2019-01-12,https://www.jra.go.jp/datafile/seiseki/report/2019/2019-1nakayama3.pdf,official_daily_result_pdf
201906010303,2019,中山,1,3,3,2019-01-12,https://www.jra.go.jp/datafile/seiseki/report/2019/2019-1nakayama3.pdf,official_daily_result_pdf
201906010304,2019,中山,1,3,4,2019-01-12,https://www.jra.go.jp/datafile/seiseki/report/2019/2019-1nakayama3.pdf,official_daily_result_pdf
201906010305,2019,中山,1,3,5,2019-01-12,https://www.jra.go.jp/datafile/seiseki/report/2019/2019-1nakayama3.pdf,official_daily_result_pdf
201906010306,2019,中山,1,3,6,2019-01-12,https://www.jra.go.jp/datafile/seiseki/report/2019/2019-1nakayama3.pdf,official_daily_result_pdf
201906010307,2019,中山,1,3,7,2019-01-12,https://www.jra.go.jp/datafile/seiseki/report/2019/2019-1nakayama3.pdf,official_daily_result_pdf
201906010308,2019,中山,1,3,8,2019-01-12,https://www.jra.go.jp/datafile/seiseki/report/2019/2019-1nakayama3.pdf,official_daily_result_pdf
201906010309,2019,中山,1,3,9,2019-01-12,https://www.jra.go.jp/datafile/seiseki/report/2019/2019-1nakayama3.pdf,official_daily_result_pdf
201906010310,2019,中山,1,3,10,2019-01-12,https://www.jra.go.jp/datafile/seiseki/report/2019/2019-1nakayama3.pdf,official_daily_result_pdf
201906010311,2019,中山,1,3,11,2019-01-12,https://www.jra.go.jp/datafile/seiseki/report/2019/2019-1nakayama3.pdf,official_daily_result_pdf
201906010312,2019,中山,1,3,12,2019-01-12,https://www.jra.go.jp/datafile/seiseki/report/2019/2019-1nakayama3.pdf,official_daily_result_pdf
201906010401,2019,中山,1,4,1,2019-01-13,https://www.jra.go.jp/datafile/seiseki/report/2019/2019-1nakayama4.pdf,official_daily_result_pdf
201906010402,2019,中山,1,4,2,2019-01-13,https://www.jra.go.jp/datafile/seiseki/report/2019/2019-1nakayama4.pdf,official_daily_result_pdf
201906010403,2019,中山,1,4,3,2019-01-13,https://www.jra.go.jp/datafile/seiseki/report/2019/2019-1nakayama4.pdf,official_daily_result_pdf
201906010404,2019,中山,1,4,4,2019-01-13,https://www.jra.go.jp/datafile/seiseki/report/2019/2019-1nakayama4.pdf,official_daily_result_pdf
201906010405,2019,中山,1,4,5,2019-01-13,https://www.jra.go.jp/datafile/seiseki/report/2019/2019-1nakayama4.pdf,official_daily_result_pdf
201906010406,2019,中山,1,4,6,2019-01-13,https://www.jra.go.jp/datafile/seiseki/report/2019/2019-1nakayama4.pdf,official_daily_result_pdf
201906010407,2019,中山,1,4,7,2019-01-13,https://www.jra.go.jp/datafile/seiseki/report/2019/2019-1nakayama4.pdf,official_daily_result_pdf
201906010408,2019,中山,1,4,8,2019-01-13,https://www.jra.go.jp/datafile/seiseki/report/2019/2019-1nakayama4.pdf,official_daily_result_pdf
201906010409,2019,中山,1,4,9,2019-01-13,https://www.jra.go.jp/datafile/seiseki/report/2019/2019-1nakayama4.pdf,official_daily_result_pdf
201906010410,2019,中山,1,4,10,2019-01-13,https://www.jra.go.jp/datafile/seiseki/report/2019/2019-1nakayama4.pdf,official_daily_result_pdf
201906010411,2019,中山,1,4,11,2019-01-13,https://www.jra.go.jp/datafile/seiseki/report/2019/2019-1nakayama4.pdf,official_daily_result_pdf
201906010412,2019,中山,1,4,12,2019-01-13,https://www.jra.go.jp/datafile/seiseki/report/2019/2019-1nakayama4.pdf,official_daily_result_pdf
201906010501,2019,中山,1,5,1,2019-01-14,https://www.jra.go.jp/datafile/seiseki/report/2019/2019-1nakayama5.pdf,official_daily_result_pdf
201906010502,2019,中山,1,5,2,2019-01-14,https://www.jra.go.jp/datafile/seiseki/report/2019/2019-1nakayama5.pdf,official_daily_result_pdf
201906010503,2019,中山,1,5,3,2019-01-14,https://www.jra.go.jp/datafile/seiseki/report/2019/2019-1nakayama5.pdf,official_daily_result_pdf
201906010504,2019,中山,1,5,4,2019-01-14,https://www.jra.go.jp/datafile/seiseki/report/2019/2019-1nakayama5.pdf,official_daily_result_pdf
201906010505,2019,中山,1,5,5,2019-01-14,https://www.jra.go.jp/datafile/seiseki/report/2019/2019-1nakayama5.pdf,official_daily_result_pdf
201906010506,2019,中山,1,5,6,2019-01-14,https://www.jra.go.jp/datafile/seiseki/report/2019/2019-1nakayama5.pdf,official_daily_result_pdf
201906010507,2019,中山,1,5,7,2019-01-14,https://www.jra.go.jp/datafile/seiseki/report/2019/2019-1nakayama5.pdf,official_daily_result_pdf
201906010508,2019,中山,1,5,8,2019-01-14,https://www.jra.go.jp/datafile/seiseki/report/2019/2019-1nakayama5.pdf,official_daily_result_pdf
201906010509,2019,中山,1,5,9,2019-01-14,https://www.jra.go.jp/datafile/seiseki/report/2019/2019-1nakayama5.pdf,official_daily_result_pdf
201906010510,2019,中山,1,5,10,2019-01-14,https://www.jra.go.jp/datafile/seiseki/report/2019/2019-1nakayama5.pdf,official_daily_result_pdf
201906010511,2019,中山,1,5,11,2019-01-14,https://www.jra.go.jp/datafile/seiseki/report/2019/2019-1nakayama5.pdf,official_daily_result_pdf
201906010512,2019,中山,1,5,12,2019-01-14,https://www.jra.go.jp/datafile/seiseki/report/2019/2019-1nakayama5.pdf,official_daily_result_pdf
201906010601,2019,中山,1,6,1,2019-01-19,https://www.jra.go.jp/datafile/seiseki/report/2019/2019-1nakayama6.pdf,official_daily_result_pdf
201906010602,2019,中山,1,6,2,2019-01-19,https://www.jra.go.jp/datafile/seiseki/report/2019/2019-1nakayama6.pdf,official_daily_result_pdf
201906010603,2019,中山,1,6,3,2019-01-19,https://www.jra.go.jp/datafile/seiseki/report/2019/2019-1nakayama6.pdf,official_daily_result_pdf
201906010604,2019,中山,1,6,4,2019-01-19,https://www.jra.go.jp/datafile/seiseki/report/2019/2019-1nakayama6.pdf,official_daily_result_pdf
201906010605,2019,中山,1,6,5,2019-01-19,https://www.jra.go.jp/datafile/seiseki/report/2019/2019-1nakayama6.pdf,official_daily_result_pdf
201906010606,2019,中山,1,6,6,2019-01-19,https://www.jra.go.jp/datafile/seiseki/report/2019/2019-1nakayama6.pdf,official_daily_result_pdf
201906010607,2019,中山,1,6,7,2019-01-19,https://www.jra.go.jp/datafile/seiseki/report/2019/2019-1nakayama6.pdf,official_daily_result_pdf
201906010608,2019,中山,1,6,8,2019-01-19,https://www.jra.go.jp/datafile/seiseki/report/2019/2019-1nakayama6.pdf,official_daily_result_pdf
201906010609,2019,中山,1,6,9,2019-01-19,https://www.jra.go.jp/datafile/seiseki/report/2019/2019-1nakayama6.pdf,official_daily_result_pdf
201906010610,2019,中山,1,6,10,2019-01-19,https://www.jra.go.jp/datafile/seiseki/report/2019/2019-1nakayama6.pdf,official_daily_result_pdf
201906010611,2019,中山,1,6,11,2019-01-19,https://www.jra.go.jp/datafile/seiseki/report/2019/2019-1nakayama6.pdf,official_daily_result_pdf
201906010612,2019,中山,1,6,12,2019-01-19,https://www.jra.go.jp/datafile/seiseki/report/2019/2019-1nakayama6.pdf,official_daily_result_pdf
201906010701,2019,中山,1,7,1,2019-01-20,https://www.jra.go.jp/datafile/seiseki/report/2019/2019-1nakayama7.pdf,official_daily_result_pdf
201906010702,2019,中山,1,7,2,2019-01-20,https://www.jra.go.jp/datafile/seiseki/report/2019/2019-1nakayama7.pdf,official_daily_result_pdf
201906010703,2019,中山,1,7,3,2019-01-20,https://www.jra.go.jp/datafile/seiseki/report/2019/2019-1nakayama7.pdf,official_daily_result_pdf
201906010704,2019,中山,1,7,4,2019-01-20,https://www.jra.go.jp/datafile/seiseki/report/2019/2019-1nakayama7.pdf,official_daily_result_pdf
201906010705,2019,中山,1,7,5,2019-01-20,https://www.jra.go.jp/datafile/seiseki/report/2019/2019-1nakayama7.pdf,official_daily_result_pdf
201906010706,2019,中山,1,7,6,2019-01-20,https://www.jra.go.jp/datafile/seiseki/report/2019/2019-1nakayama7.pdf,official_daily_result_pdf
201906010707,2019,中山,1,7,7,2019-01-20,https://www.jra.go.jp/datafile/seiseki/report/2019/2019-1nakayama7.pdf,official_daily_result_pdf
201906010708,2019,中山,1,7,8,2019-01-20,https://www.jra.go.jp/datafile/seiseki/report/2019/2019-1nakayama7.pdf,official_daily_result_pdf
201906010709,2019,中山,1,7,9,2019-01-20,https://www.jra.go.jp/datafile/seiseki/report/2019/2019-1nakayama7.pdf,official_daily_result_pdf
201906010710,2019,中山,1,7,10,2019-01-20,https://www.jra.go.jp/datafile/seiseki/report/2019/2019-1nakayama7.pdf,official_daily_result_pdf
201906010711,2019,中山,1,7,11,2019-01-20,https://www.jra.go.jp/datafile/seiseki/report/2019/2019-1nakayama7.pdf,official_daily_result_pdf
201906010712,2019,中山,1,7,12,2019-01-20,https://www.jra.go.jp/datafile/seiseki/report/2019/2019-1nakayama7.pdf,official_daily_result_pdf
201906020101,2019,中山,2,1,1,2019-02-23,https://www.jra.go.jp/datafile/seiseki/report/2019/2019-2nakayama1.pdf,official_daily_result_pdf
201906020102,2019,中山,2,1,2,2019-02-23,https://www.jra.go.jp/datafile/seiseki/report/2019/2019-2nakayama1.pdf,official_daily_result_pdf
201906020103,2019,中山,2,1,3,2019-02-23,https://www.jra.go.jp/datafile/seiseki/report/2019/2019-2nakayama1.pdf,official_daily_result_pdf
201906020104,2019,中山,2,1,4,2019-02-23,https://www.jra.go.jp/datafile/seiseki/report/2019/2019-2nakayama1.pdf,official_daily_result_pdf
201906020105,2019,中山,2,1,5,2019-02-23,https://www.jra.go.jp/datafile/seiseki/report/2019/2019-2nakayama1.pdf,official_daily_result_pdf
201906020106,2019,中山,2,1,6,2019-02-23,https://www.jra.go.jp/datafile/seiseki/report/2019/2019-2nakayama1.pdf,official_daily_result_pdf
201906020107,2019,中山,2,1,7,2019-02-23,https://www.jra.go.jp/datafile/seiseki/report/2019/2019-2nakayama1.pdf,official_daily_result_pdf
201906020108,2019,中山,2,1,8,2019-02-23,https://www.jra.go.jp/datafile/seiseki/report/2019/2019-2nakayama1.pdf,official_daily_result_pdf
201906020109,2019,中山,2,1,9,2019-02-23,https://www.jra.go.jp/datafile/seiseki/report/2019/2019-2nakayama1.pdf,official_daily_result_pdf
201906020110,2019,中山,2,1,10,2019-02-23,https://www.jra.go.jp/datafile/seiseki/report/2019/2019-2nakayama1.pdf,official_daily_result_pdf
201906020111,2019,中山,2,1,11,2019-02-23,https://www.jra.go.jp/datafile/seiseki/report/2019/2019-2nakayama1.pdf,official_daily_result_pdf
201906020112,2019,中山,2,1,12,2019-02-23,https://www.jra.go.jp/datafile/seiseki/report/2019/2019-2nakayama1.pdf,official_daily_result_pdf
201906020201,2019,中山,2,2,1,2019-02-24,https://www.jra.go.jp/datafile/seiseki/report/2019/2019-2nakayama2.pdf,official_daily_result_pdf
201906020202,2019,中山,2,2,2,2019-02-24,https://www.jra.go.jp/datafile/seiseki/report/2019/2019-2nakayama2.pdf,official_daily_result_pdf
201906020203,2019,中山,2,2,3,2019-02-24,https://www.jra.go.jp/datafile/seiseki/report/2019/2019-2nakayama2.pdf,official_daily_result_pdf
201906020204,2019,中山,2,2,4,2019-02-24,https://www.jra.go.jp/datafile/seiseki/report/2019/2019-2nakayama2.pdf,official_daily_result_pdf
201906020205,2019,中山,2,2,5,2019-02-24,https://www.jra.go.jp/datafile/seiseki/report/2019/2019-2nakayama2.pdf,official_daily_result_pdf
201906020206,2019,中山,2,2,6,2019-02-24,https://www.jra.go.jp/datafile/seiseki/report/2019/2019-2nakayama2.pdf,official_daily_result_pdf
201906020207,2019,中山,2,2,7,2019-02-24,https://www.jra.go.jp/datafile/seiseki/report/2019/2019-2nakayama2.pdf,official_daily_result_pdf
201906020208,2019,中山,2,2,8,2019-02-24,https://www.jra.go.jp/datafile/seiseki/report/2019/2019-2nakayama2.pdf,official_daily_result_pdf
201906020209,2019,中山,2,2,9,2019-02-24,https://www.jra.go.jp/datafile/seiseki/report/2019/2019-2nakayama2.pdf,official_daily_result_pdf
201906020210,2019,中山,2,2,10,2019-02-24,https://www.jra.go.jp/datafile/seiseki/report/2019/2019-2nakayama2.pdf,official_daily_result_pdf
201906020211,2019,中山,2,2,11,2019-02-24,https://www.jra.go.jp/datafile/seiseki/report/2019/2019-2nakayama2.pdf,official_daily_result_pdf
201906020212,2019,中山,2,2,12,2019-02-24,https://www.jra.go.jp/datafile/seiseki/report/2019/2019-2nakayama2.pdf,official_daily_result_pdf
201906020301,2019,中山,2,3,1,2019-03-02,https://www.jra.go.jp/datafile/seiseki/report/2019/2019-2nakayama3.pdf,official_daily_result_pdf
201906020302,2019,中山,2,3,2,2019-03-02,https://www.jra.go.jp/datafile/seiseki/report/2019/2019-2nakayama3.pdf,official_daily_result_pdf
201906020303,2019,中山,2,3,3,2019-03-02,https://www.jra.go.jp/datafile/seiseki/report/2019/2019-2nakayama3.pdf,official_daily_result_pdf
201906020304,2019,中山,2,3,4,2019-03-02,https://www.jra.go.jp/datafile/seiseki/report/2019/2019-2nakayama3.pdf,official_daily_result_pdf
201906020305,2019,中山,2,3,5,2019-03-02,https://www.jra.go.jp/datafile/seiseki/report/2019/2019-2nakayama3.pdf,official_daily_result_pdf
201906020306,2019,中山,2,3,6,2019-03-02,https://www.jra.go.jp/datafile/seiseki/report/2019/2019-2nakayama3.pdf,official_daily_result_pdf
201906020307,2019,中山,2,3,7,2019-03-02,https://www.jra.go.jp/datafile/seiseki/report/2019/2019-2nakayama3.pdf,official_daily_result_pdf
201906020308,2019,中山,2,3,8,2019-03-02,https://www.jra.go.jp/datafile/seiseki/report/2019/2019-2nakayama3.pdf,official_daily_result_pdf
201906020309,2019,中山,2,3,9,2019-03-02,https://www.jra.go.jp/datafile/seiseki/report/2019/2019-2nakayama3.pdf,official_daily_result_pdf
201906020310,2019,中山,2,3,10,2019-03-02,https://www.jra.go.jp/datafile/seiseki/report/2019/2019-2nakayama3.pdf,official_daily_result_pdf
201906020311,2019,中山,2,3,11,2019-03-02,https://www.jra.go.jp/datafile/seiseki/report/2019/2019-2nakayama3.pdf,official_daily_result_pdf
201906020312,2019,中山,2,3,12,2019-03-02,https://www.jra.go.jp/datafile/seiseki/report/2019/2019-2nakayama3.pdf,official_daily_result_pdf
201906020401,2019,中山,2,4,1,2019-03-03,https://www.jra.go.jp/datafile/seiseki/report/2019/2019-2nakayama4.pdf,official_daily_result_pdf
201906020402,2019,中山,2,4,2,2019-03-03,https://www.jra.go.jp/datafile/seiseki/report/2019/2019-2nakayama4.pdf,official_daily_result_pdf
201906020403,2019,中山,2,4,3,2019-03-03,https://www.jra.go.jp/datafile/seiseki/report/2019/2019-2nakayama4.pdf,official_daily_result_pdf
201906020404,2019,中山,2,4,4,2019-03-03,https://www.jra.go.jp/datafile/seiseki/report/2019/2019-2nakayama4.pdf,official_daily_result_pdf
201906020405,2019,中山,2,4,5,2019-03-03,https://www.jra.go.jp/datafile/seiseki/report/2019/2019-2nakayama4.pdf,official_daily_result_pdf
201906020406,2019,中山,2,4,6,2019-03-03,https://www.jra.go.jp/datafile/seiseki/report/2019/2019-2nakayama4.pdf,official_daily_result_pdf
201906020407,2019,中山,2,4,7,2019-03-03,https://www.jra.go.jp/datafile/seiseki/report/2019/2019-2nakayama4.pdf,official_daily_result_pdf
201906020408,2019,中山,2,4,8,2019-03-03,https://www.jra.go.jp/datafile/seiseki/report/2019/2019-2nakayama4.pdf,official_daily_result_pdf
201906020409,2019,中山,2,4,9,2019-03-03,https://www.jra.go.jp/datafile/seiseki/report/2019/2019-2nakayama4.pdf,official_daily_result_pdf
201906020410,2019,中山,2,4,10,2019-03-03,https://www.jra.go.jp/datafile/seiseki/report/2019/2019-2nakayama4.pdf,official_daily_result_pdf
201906020411,2019,中山,2,4,11,2019-03-03,https://www.jra.go.jp/datafile/seiseki/report/2019/2019-2nakayama4.pdf,official_daily_result_pdf
201906020412,2019,中山,2,4,12,2019-03-03,https://www.jra.go.jp/datafile/seiseki/report/2019/2019-2nakayama4.pdf,official_daily_result_pdf
201906020501,2019,中山,2,5,1,2019-03-09,https://www.jra.go.jp/datafile/seiseki/report/2019/2019-2nakayama5.pdf,official_daily_result_pdf
201906020502,2019,中山,2,5,2,2019-03-09,https://www.jra.go.jp/datafile/seiseki/report/2019/2019-2nakayama5.pdf,official_daily_result_pdf
201906020503,2019,中山,2,5,3,2019-03-09,https://www.jra.go.jp/datafile/seiseki/report/2019/2019-2nakayama5.pdf,official_daily_result_pdf
201906020504,2019,中山,2,5,4,2019-03-09,https://www.jra.go.jp/datafile/seiseki/report/2019/2019-2nakayama5.pdf,official_daily_result_pdf
201906020505,2019,中山,2,5,5,2019-03-09,https://www.jra.go.jp/datafile/seiseki/report/2019/2019-2nakayama5.pdf,official_daily_result_pdf
201906020506,2019,中山,2,5,6,2019-03-09,https://www.jra.go.jp/datafile/seiseki/report/2019/2019-2nakayama5.pdf,official_daily_result_pdf
201906020507,2019,中山,2,5,7,2019-03-09,https://www.jra.go.jp/datafile/seiseki/report/2019/2019-2nakayama5.pdf,official_daily_result_pdf
201906020508,2019,中山,2,5,8,2019-03-09,https://www.jra.go.jp/datafile/seiseki/report/2019/2019-2nakayama5.pdf,official_daily_result_pdf
201906020509,2019,中山,2,5,9,2019-03-09,https://www.jra.go.jp/datafile/seiseki/report/2019/2019-2nakayama5.pdf,official_daily_result_pdf
201906020510,2019,中山,2,5,10,2019-03-09,https://www.jra.go.jp/datafile/seiseki/report/2019/2019-2nakayama5.pdf,official_daily_result_pdf
201906020511,2019,中山,2,5,11,2019-03-09,https://www.jra.go.jp/datafile/seiseki/report/2019/2019-2nakayama5.pdf,official_daily_result_pdf
201906020512,2019,中山,2,5,12,2019-03-09,https://www.jra.go.jp/datafile/seiseki/report/2019/2019-2nakayama5.pdf,official_daily_result_pdf
201906020601,2019,中山,2,6,1,2019-03-10,https://www.jra.go.jp/datafile/seiseki/report/2019/2019-2nakayama6.pdf,official_daily_result_pdf
201906020602,2019,中山,2,6,2,2019-03-10,https://www.jra.go.jp/datafile/seiseki/report/2019/2019-2nakayama6.pdf,official_daily_result_pdf
201906020603,2019,中山,2,6,3,2019-03-10,https://www.jra.go.jp/datafile/seiseki/report/2019/2019-2nakayama6.pdf,official_daily_result_pdf
201906020604,2019,中山,2,6,4,2019-03-10,https://www.jra.go.jp/datafile/seiseki/report/2019/2019-2nakayama6.pdf,official_daily_result_pdf
201906020605,2019,中山,2,6,5,2019-03-10,https://www.jra.go.jp/datafile/seiseki/report/2019/2019-2nakayama6.pdf,official_daily_result_pdf
201906020606,2019,中山,2,6,6,2019-03-10,https://www.jra.go.jp/datafile/seiseki/report/2019/2019-2nakayama6.pdf,official_daily_result_pdf
201906020607,2019,中山,2,6,7,2019-03-10,https://www.jra.go.jp/datafile/seiseki/report/2019/2019-2nakayama6.pdf,official_daily_result_pdf
201906020608,2019,中山,2,6,8,2019-03-10,https://www.jra.go.jp/datafile/seiseki/report/2019/2019-2nakayama6.pdf,official_daily_result_pdf
201906020609,2019,中山,2,6,9,2019-03-10,https://www.jra.go.jp/datafile/seiseki/report/2019/2019-2nakayama6.pdf,official_daily_result_pdf
201906020610,2019,中山,2,6,10,2019-03-10,https://www.jra.go.jp/datafile/seiseki/report/2019/2019-2nakayama6.pdf,official_daily_result_pdf
201906020611,2019,中山,2,6,11,2019-03-10,https://www.jra.go.jp/datafile/seiseki/report/2019/2019-2nakayama6.pdf,official_daily_result_pdf
201906020612,2019,中山,2,6,12,2019-03-10,https://www.jra.go.jp/datafile/seiseki/report/2019/2019-2nakayama6.pdf,official_daily_result_pdf
201906020701,2019,中山,2,7,1,2019-03-16,https://www.jra.go.jp/datafile/seiseki/report/2019/2019-2nakayama7.pdf,official_daily_result_pdf
201906020702,2019,中山,2,7,2,2019-03-16,https://www.jra.go.jp/datafile/seiseki/report/2019/2019-2nakayama7.pdf,official_daily_result_pdf
201906020703,2019,中山,2,7,3,2019-03-16,https://www.jra.go.jp/datafile/seiseki/report/2019/2019-2nakayama7.pdf,official_daily_result_pdf
201906020704,2019,中山,2,7,4,2019-03-16,https://www.jra.go.jp/datafile/seiseki/report/2019/2019-2nakayama7.pdf,official_daily_result_pdf
201906020705,2019,中山,2,7,5,2019-03-16,https://www.jra.go.jp/datafile/seiseki/report/2019/2019-2nakayama7.pdf,official_daily_result_pdf
201906020706,2019,中山,2,7,6,2019-03-16,https://www.jra.go.jp/datafile/seiseki/report/2019/2019-2nakayama7.pdf,official_daily_result_pdf
201906020707,2019,中山,2,7,7,2019-03-16,https://www.jra.go.jp/datafile/seiseki/report/2019/2019-2nakayama7.pdf,official_daily_result_pdf
201906020708,2019,中山,2,7,8,2019-03-16,https://www.jra.go.jp/datafile/seiseki/report/2019/2019-2nakayama7.pdf,official_daily_result_pdf
201906020709,2019,中山,2,7,9,2019-03-16,https://www.jra.go.jp/datafile/seiseki/report/2019/2019-2nakayama7.pdf,official_daily_result_pdf
201906020710,2019,中山,2,7,10,2019-03-16,https://www.jra.go.jp/datafile/seiseki/report/2019/2019-2nakayama7.pdf,official_daily_result_pdf
201906020711,2019,中山,2,7,11,2019-03-16,https://www.jra.go.jp/datafile/seiseki/report/2019/2019-2nakayama7.pdf,official_daily_result_pdf
201906020712,2019,中山,2,7,12,2019-03-16,https://www.jra.go.jp/datafile/seiseki/report/2019/2019-2nakayama7.pdf,official_daily_result_pdf
201906020801,2019,中山,2,8,1,2019-03-17,https://www.jra.go.jp/datafile/seiseki/report/2019/2019-2nakayama8.pdf,official_daily_result_pdf
201906020802,2019,中山,2,8,2,2019-03-17,https://www.jra.go.jp/datafile/seiseki/report/2019/2019-2nakayama8.pdf,official_daily_result_pdf
201906020803,2019,中山,2,8,3,2019-03-17,https://www.jra.go.jp/datafile/seiseki/report/2019/2019-2nakayama8.pdf,official_daily_result_pdf
201906020804,2019,中山,2,8,4,2019-03-17,https://www.jra.go.jp/datafile/seiseki/report/2019/2019-2nakayama8.pdf,official_daily_result_pdf
201906020805,2019,中山,2,8,5,2019-03-17,https://www.jra.go.jp/datafile/seiseki/report/2019/2019-2nakayama8.pdf,official_daily_result_pdf
201906020806,2019,中山,2,8,6,2019-03-17,https://www.jra.go.jp/datafile/seiseki/report/2019/2019-2nakayama8.pdf,official_daily_result_pdf
201906020807,2019,中山,2,8,7,2019-03-17,https://www.jra.go.jp/datafile/seiseki/report/2019/2019-2nakayama8.pdf,official_daily_result_pdf
201906020808,2019,中山,2,8,8,2019-03-17,https://www.jra.go.jp/datafile/seiseki/report/2019/2019-2nakayama8.pdf,official_daily_result_pdf
201906020809,2019,中山,2,8,9,2019-03-17,https://www.jra.go.jp/datafile/seiseki/report/2019/2019-2nakayama8.pdf,official_daily_result_pdf
201906020810,2019,中山,2,8,10,2019-03-17,https://www.jra.go.jp/datafile/seiseki/report/2019/2019-2nakayama8.pdf,official_daily_result_pdf
201906020811,2019,中山,2,8,11,2019-03-17,https://www.jra.go.jp/datafile/seiseki/report/2019/2019-2nakayama8.pdf,official_daily_result_pdf
201906020812,2019,中山,2,8,12,2019-03-17,https://www.jra.go.jp/datafile/seiseki/report/2019/2019-2nakayama8.pdf,official_daily_result_pdf
201906030101,2019,中山,3,1,1,2019-03-23,https://www.jra.go.jp/datafile/seiseki/report/2019/2019-3nakayama1.pdf,official_daily_result_pdf
201906030102,2019,中山,3,1,2,2019-03-23,https://www.jra.go.jp/datafile/seiseki/report/2019/2019-3nakayama1.pdf,official_daily_result_pdf
201906030103,2019,中山,3,1,3,2019-03-23,https://www.jra.go.jp/datafile/seiseki/report/2019/2019-3nakayama1.pdf,official_daily_result_pdf
201906030104,2019,中山,3,1,4,2019-03-23,https://www.jra.go.jp/datafile/seiseki/report/2019/2019-3nakayama1.pdf,official_daily_result_pdf
201906030105,2019,中山,3,1,5,2019-03-23,https://www.jra.go.jp/datafile/seiseki/report/2019/2019-3nakayama1.pdf,official_daily_result_pdf
201906030106,2019,中山,3,1,6,2019-03-23,https://www.jra.go.jp/datafile/seiseki/report/2019/2019-3nakayama1.pdf,official_daily_result_pdf
201906030107,2019,中山,3,1,7,2019-03-23,https://www.jra.go.jp/datafile/seiseki/report/2019/2019-3nakayama1.pdf,official_daily_result_pdf
201906030108,2019,中山,3,1,8,2019-03-23,https://www.jra.go.jp/datafile/seiseki/report/2019/2019-3nakayama1.pdf,official_daily_result_pdf
201906030109,2019,中山,3,1,9,2019-03-23,https://www.jra.go.jp/datafile/seiseki/report/2019/2019-3nakayama1.pdf,official_daily_result_pdf
201906030110,2019,中山,3,1,10,2019-03-23,https://www.jra.go.jp/datafile/seiseki/report/2019/2019-3nakayama1.pdf,official_daily_result_pdf
201906030111,2019,中山,3,1,11,2019-03-23,https://www.jra.go.jp/datafile/seiseki/report/2019/2019-3nakayama1.pdf,official_daily_result_pdf
201906030112,2019,中山,3,1,12,2019-03-23,https://www.jra.go.jp/datafile/seiseki/report/2019/2019-3nakayama1.pdf,official_daily_result_pdf
201906030201,2019,中山,3,2,1,2019-03-24,https://www.jra.go.jp/datafile/seiseki/report/2019/2019-3nakayama2.pdf,official_daily_result_pdf
201906030202,2019,中山,3,2,2,2019-03-24,https://www.jra.go.jp/datafile/seiseki/report/2019/2019-3nakayama2.pdf,official_daily_result_pdf
201906030203,2019,中山,3,2,3,2019-03-24,https://www.jra.go.jp/datafile/seiseki/report/2019/2019-3nakayama2.pdf,official_daily_result_pdf
201906030204,2019,中山,3,2,4,2019-03-24,https://www.jra.go.jp/datafile/seiseki/report/2019/2019-3nakayama2.pdf,official_daily_result_pdf
201906030205,2019,中山,3,2,5,2019-03-24,https://www.jra.go.jp/datafile/seiseki/report/2019/2019-3nakayama2.pdf,official_daily_result_pdf
201906030206,2019,中山,3,2,6,2019-03-24,https://www.jra.go.jp/datafile/seiseki/report/2019/2019-3nakayama2.pdf,official_daily_result_pdf
201906030207,2019,中山,3,2,7,2019-03-24,https://www.jra.go.jp/datafile/seiseki/report/2019/2019-3nakayama2.pdf,official_daily_result_pdf
201906030208,2019,中山,3,2,8,2019-03-24,https://www.jra.go.jp/datafile/seiseki/report/2019/2019-3nakayama2.pdf,official_daily_result_pdf
201906030209,2019,中山,3,2,9,2019-03-24,https://www.jra.go.jp/datafile/seiseki/report/2019/2019-3nakayama2.pdf,official_daily_result_pdf
201906030210,2019,中山,3,2,10,2019-03-24,https://www.jra.go.jp/datafile/seiseki/report/2019/2019-3nakayama2.pdf,official_daily_result_pdf
201906030211,2019,中山,3,2,11,2019-03-24,https://www.jra.go.jp/datafile/seiseki/report/2019/2019-3nakayama2.pdf,official_daily_result_pdf
201906030212,2019,中山,3,2,12,2019-03-24,https://www.jra.go.jp/datafile/seiseki/report/2019/2019-3nakayama2.pdf,official_daily_result_pdf
201906030301,2019,中山,3,3,1,2019-03-30,https://www.jra.go.jp/datafile/seiseki/report/2019/2019-3nakayama3.pdf,official_daily_result_pdf
201906030302,2019,中山,3,3,2,2019-03-30,https://www.jra.go.jp/datafile/seiseki/report/2019/2019-3nakayama3.pdf,official_daily_result_pdf
201906030303,2019,中山,3,3,3,2019-03-30,https://www.jra.go.jp/datafile/seiseki/report/2019/2019-3nakayama3.pdf,official_daily_result_pdf
201906030304,2019,中山,3,3,4,2019-03-30,https://www.jra.go.jp/datafile/seiseki/report/2019/2019-3nakayama3.pdf,official_daily_result_pdf
201906030305,2019,中山,3,3,5,2019-03-30,https://www.jra.go.jp/datafile/seiseki/report/2019/2019-3nakayama3.pdf,official_daily_result_pdf
201906030306,2019,中山,3,3,6,2019-03-30,https://www.jra.go.jp/datafile/seiseki/report/2019/2019-3nakayama3.pdf,official_daily_result_pdf
201906030307,2019,中山,3,3,7,2019-03-30,https://www.jra.go.jp/datafile/seiseki/report/2019/2019-3nakayama3.pdf,official_daily_result_pdf
201906030308,2019,中山,3,3,8,2019-03-30,https://www.jra.go.jp/datafile/seiseki/report/2019/2019-3nakayama3.pdf,official_daily_result_pdf
201906030309,2019,中山,3,3,9,2019-03-30,https://www.jra.go.jp/datafile/seiseki/report/2019/2019-3nakayama3.pdf,official_daily_result_pdf
201906030310,2019,中山,3,3,10,2019-03-30,https://www.jra.go.jp/datafile/seiseki/report/2019/2019-3nakayama3.pdf,official_daily_result_pdf
201906030311,2019,中山,3,3,11,2019-03-30,https://www.jra.go.jp/datafile/seiseki/report/2019/2019-3nakayama3.pdf,official_daily_result_pdf
201906030312,2019,中山,3,3,12,2019-03-30,https://www.jra.go.jp/datafile/seiseki/report/2019/2019-3nakayama3.pdf,official_daily_result_pdf
201906030401,2019,中山,3,4,1,2019-03-31,https://www.jra.go.jp/datafile/seiseki/report/2019/2019-3nakayama4.pdf,official_daily_result_pdf
201906030402,2019,中山,3,4,2,2019-03-31,https://www.jra.go.jp/datafile/seiseki/report/2019/2019-3nakayama4.pdf,official_daily_result_pdf
201906030403,2019,中山,3,4,3,2019-03-31,https://www.jra.go.jp/datafile/seiseki/report/2019/2019-3nakayama4.pdf,official_daily_result_pdf
201906030404,2019,中山,3,4,4,2019-03-31,https://www.jra.go.jp/datafile/seiseki/report/2019/2019-3nakayama4.pdf,official_daily_result_pdf
201906030405,2019,中山,3,4,5,2019-03-31,https://www.jra.go.jp/datafile/seiseki/report/2019/2019-3nakayama4.pdf,official_daily_result_pdf
201906030406,2019,中山,3,4,6,2019-03-31,https://www.jra.go.jp/datafile/seiseki/report/2019/2019-3nakayama4.pdf,official_daily_result_pdf
201906030407,2019,中山,3,4,7,2019-03-31,https://www.jra.go.jp/datafile/seiseki/report/2019/2019-3nakayama4.pdf,official_daily_result_pdf
201906030408,2019,中山,3,4,8,2019-03-31,https://www.jra.go.jp/datafile/seiseki/report/2019/2019-3nakayama4.pdf,official_daily_result_pdf
201906030409,2019,中山,3,4,9,2019-03-31,https://www.jra.go.jp/datafile/seiseki/report/2019/2019-3nakayama4.pdf,official_daily_result_pdf
201906030410,2019,中山,3,4,10,2019-03-31,https://www.jra.go.jp/datafile/seiseki/report/2019/2019-3nakayama4.pdf,official_daily_result_pdf
201906030411,2019,中山,3,4,11,2019-03-31,https://www.jra.go.jp/datafile/seiseki/report/2019/2019-3nakayama4.pdf,official_daily_result_pdf
201906030412,2019,中山,3,4,12,2019-03-31,https://www.jra.go.jp/datafile/seiseki/report/2019/2019-3nakayama4.pdf,official_daily_result_pdf
201906030501,2019,中山,3,5,1,2019-04-06,https://www.jra.go.jp/datafile/seiseki/report/2019/2019-3nakayama5.pdf,official_daily_result_pdf
201906030502,2019,中山,3,5,2,2019-04-06,https://www.jra.go.jp/datafile/seiseki/report/2019/2019-3nakayama5.pdf,official_daily_result_pdf
201906030503,2019,中山,3,5,3,2019-04-06,https://www.jra.go.jp/datafile/seiseki/report/2019/2019-3nakayama5.pdf,official_daily_result_pdf
201906030504,2019,中山,3,5,4,2019-04-06,https://www.jra.go.jp/datafile/seiseki/report/2019/2019-3nakayama5.pdf,official_daily_result_pdf
201906030505,2019,中山,3,5,5,2019-04-06,https://www.jra.go.jp/datafile/seiseki/report/2019/2019-3nakayama5.pdf,official_daily_result_pdf
201906030506,2019,中山,3,5,6,2019-04-06,https://www.jra.go.jp/datafile/seiseki/report/2019/2019-3nakayama5.pdf,official_daily_result_pdf
201906030507,2019,中山,3,5,7,2019-04-06,https://www.jra.go.jp/datafile/seiseki/report/2019/2019-3nakayama5.pdf,official_daily_result_pdf
201906030508,2019,中山,3,5,8,2019-04-06,https://www.jra.go.jp/datafile/seiseki/report/2019/2019-3nakayama5.pdf,official_daily_result_pdf
201906030509,2019,中山,3,5,9,2019-04-06,https://www.jra.go.jp/datafile/seiseki/report/2019/2019-3nakayama5.pdf,official_daily_result_pdf
201906030510,2019,中山,3,5,10,2019-04-06,https://www.jra.go.jp/datafile/seiseki/report/2019/2019-3nakayama5.pdf,official_daily_result_pdf
201906030511,2019,中山,3,5,11,2019-04-06,https://www.jra.go.jp/datafile/seiseki/report/2019/2019-3nakayama5.pdf,official_daily_result_pdf
201906030512,2019,中山,3,5,12,2019-04-06,https://www.jra.go.jp/datafile/seiseki/report/2019/2019-3nakayama5.pdf,official_daily_result_pdf
201906030601,2019,中山,3,6,1,2019-04-07,https://www.jra.go.jp/datafile/seiseki/report/2019/2019-3nakayama6.pdf,official_daily_result_pdf
201906030602,2019,中山,3,6,2,2019-04-07,https://www.jra.go.jp/datafile/seiseki/report/2019/2019-3nakayama6.pdf,official_daily_result_pdf
201906030603,2019,中山,3,6,3,2019-04-07,https://www.jra.go.jp/datafile/seiseki/report/2019/2019-3nakayama6.pdf,official_daily_result_pdf
201906030604,2019,中山,3,6,4,2019-04-07,https://www.jra.go.jp/datafile/seiseki/report/2019/2019-3nakayama6.pdf,official_daily_result_pdf
201906030605,2019,中山,3,6,5,2019-04-07,https://www.jra.go.jp/datafile/seiseki/report/2019/2019-3nakayama6.pdf,official_daily_result_pdf
201906030606,2019,中山,3,6,6,2019-04-07,https://www.jra.go.jp/datafile/seiseki/report/2019/2019-3nakayama6.pdf,official_daily_result_pdf
201906030607,2019,中山,3,6,7,2019-04-07,https://www.jra.go.jp/datafile/seiseki/report/2019/2019-3nakayama6.pdf,official_daily_result_pdf
201906030608,2019,中山,3,6,8,2019-04-07,https://www.jra.go.jp/datafile/seiseki/report/2019/2019-3nakayama6.pdf,official_daily_result_pdf
201906030609,2019,中山,3,6,9,2019-04-07,https://www.jra.go.jp/datafile/seiseki/report/2019/2019-3nakayama6.pdf,official_daily_result_pdf
201906030610,2019,中山,3,6,10,2019-04-07,https://www.jra.go.jp/datafile/seiseki/report/2019/2019-3nakayama6.pdf,official_daily_result_pdf
201906030611,2019,中山,3,6,11,2019-04-07,https://www.jra.go.jp/datafile/seiseki/report/2019/2019-3nakayama6.pdf,official_daily_result_pdf
201906030612,2019,中山,3,6,12,2019-04-07,https://www.jra.go.jp/datafile/seiseki/report/2019/2019-3nakayama6.pdf,official_daily_result_pdf
201906030701,2019,中山,3,7,1,2019-04-13,https://www.jra.go.jp/datafile/seiseki/report/2019/2019-3nakayama7.pdf,official_daily_result_pdf
201906030702,2019,中山,3,7,2,2019-04-13,https://www.jra.go.jp/datafile/seiseki/report/2019/2019-3nakayama7.pdf,official_daily_result_pdf
201906030703,2019,中山,3,7,3,2019-04-13,https://www.jra.go.jp/datafile/seiseki/report/2019/2019-3nakayama7.pdf,official_daily_result_pdf
201906030704,2019,中山,3,7,4,2019-04-13,https://www.jra.go.jp/datafile/seiseki/report/2019/2019-3nakayama7.pdf,official_daily_result_pdf
201906030705,2019,中山,3,7,5,2019-04-13,https://www.jra.go.jp/datafile/seiseki/report/2019/2019-3nakayama7.pdf,official_daily_result_pdf
201906030706,2019,中山,3,7,6,2019-04-13,https://www.jra.go.jp/datafile/seiseki/report/2019/2019-3nakayama7.pdf,official_daily_result_pdf
201906030707,2019,中山,3,7,7,2019-04-13,https://www.jra.go.jp/datafile/seiseki/report/2019/2019-3nakayama7.pdf,official_daily_result_pdf
201906030708,2019,中山,3,7,8,2019-04-13,https://www.jra.go.jp/datafile/seiseki/report/2019/2019-3nakayama7.pdf,official_daily_result_pdf
201906030709,2019,中山,3,7,9,2019-04-13,https://www.jra.go.jp/datafile/seiseki/report/2019/2019-3nakayama7.pdf,official_daily_result_pdf
201906030710,2019,中山,3,7,10,2019-04-13,https://www.jra.go.jp/datafile/seiseki/report/2019/2019-3nakayama7.pdf,official_daily_result_pdf
201906030711,2019,中山,3,7,11,2019-04-13,https://www.jra.go.jp/datafile/seiseki/report/2019/2019-3nakayama7.pdf,official_daily_result_pdf
201906030712,2019,中山,3,7,12,2019-04-13,https://www.jra.go.jp/datafile/seiseki/report/2019/2019-3nakayama7.pdf,official_daily_result_pdf
201906030801,2019,中山,3,8,1,2019-04-14,https://www.jra.go.jp/datafile/seiseki/report/2019/2019-3nakayama8.pdf,official_daily_result_pdf
201906030802,2019,中山,3,8,2,2019-04-14,https://www.jra.go.jp/datafile/seiseki/report/2019/2019-3nakayama8.pdf,official_daily_result_pdf
201906030803,2019,中山,3,8,3,2019-04-14,https://www.jra.go.jp/datafile/seiseki/report/2019/2019-3nakayama8.pdf,official_daily_result_pdf
201906030804,2019,中山,3,8,4,2019-04-14,https://www.jra.go.jp/datafile/seiseki/report/2019/2019-3nakayama8.pdf,official_daily_result_pdf
201906030805,2019,中山,3,8,5,2019-04-14,https://www.jra.go.jp/datafile/seiseki/report/2019/2019-3nakayama8.pdf,official_daily_result_pdf
201906030806,2019,中山,3,8,6,2019-04-14,https://www.jra.go.jp/datafile/seiseki/report/2019/2019-3nakayama8.pdf,official_daily_result_pdf
201906030807,2019,中山,3,8,7,2019-04-14,https://www.jra.go.jp/datafile/seiseki/report/2019/2019-3nakayama8.pdf,official_daily_result_pdf
201906030808,2019,中山,3,8,8,2019-04-14,https://www.jra.go.jp/datafile/seiseki/report/2019/2019-3nakayama8.pdf,official_daily_result_pdf
201906030809,2019,中山,3,8,9,2019-04-14,https://www.jra.go.jp/datafile/seiseki/report/2019/2019-3nakayama8.pdf,official_daily_result_pdf
201906030810,2019,中山,3,8,10,2019-04-14,https://www.jra.go.jp/datafile/seiseki/report/2019/2019-3nakayama8.pdf,official_daily_result_pdf
201906030811,2019,中山,3,8,11,2019-04-14,https://www.jra.go.jp/datafile/seiseki/report/2019/2019-3nakayama8.pdf,official_daily_result_pdf
201906030812,2019,中山,3,8,12,2019-04-14,https://www.jra.go.jp/datafile/seiseki/report/2019/2019-3nakayama8.pdf,official_daily_result_pdf
201906040101,2019,中山,4,1,1,2019-09-07,https://www.jra.go.jp/datafile/seiseki/report/2019/2019-4nakayama1.pdf,official_daily_result_pdf
201906040102,2019,中山,4,1,2,2019-09-07,https://www.jra.go.jp/datafile/seiseki/report/2019/2019-4nakayama1.pdf,official_daily_result_pdf
201906040103,2019,中山,4,1,3,2019-09-07,https://www.jra.go.jp/datafile/seiseki/report/2019/2019-4nakayama1.pdf,official_daily_result_pdf
201906040104,2019,中山,4,1,4,2019-09-07,https://www.jra.go.jp/datafile/seiseki/report/2019/2019-4nakayama1.pdf,official_daily_result_pdf
201906040105,2019,中山,4,1,5,2019-09-07,https://www.jra.go.jp/datafile/seiseki/report/2019/2019-4nakayama1.pdf,official_daily_result_pdf
201906040106,2019,中山,4,1,6,2019-09-07,https://www.jra.go.jp/datafile/seiseki/report/2019/2019-4nakayama1.pdf,official_daily_result_pdf
201906040107,2019,中山,4,1,7,2019-09-07,https://www.jra.go.jp/datafile/seiseki/report/2019/2019-4nakayama1.pdf,official_daily_result_pdf
201906040108,2019,中山,4,1,8,2019-09-07,https://www.jra.go.jp/datafile/seiseki/report/2019/2019-4nakayama1.pdf,official_daily_result_pdf
201906040109,2019,中山,4,1,9,2019-09-07,https://www.jra.go.jp/datafile/seiseki/report/2019/2019-4nakayama1.pdf,official_daily_result_pdf
201906040110,2019,中山,4,1,10,2019-09-07,https://www.jra.go.jp/datafile/seiseki/report/2019/2019-4nakayama1.pdf,official_daily_result_pdf
201906040111,2019,中山,4,1,11,2019-09-07,https://www.jra.go.jp/datafile/seiseki/report/2019/2019-4nakayama1.pdf,official_daily_result_pdf
201906040112,2019,中山,4,1,12,2019-09-07,https://www.jra.go.jp/datafile/seiseki/report/2019/2019-4nakayama1.pdf,official_daily_result_pdf
201906040201,2019,中山,4,2,1,2019-09-08,https://www.jra.go.jp/datafile/seiseki/report/2019/2019-4nakayama2.pdf,official_daily_result_pdf
201906040202,2019,中山,4,2,2,2019-09-08,https://www.jra.go.jp/datafile/seiseki/report/2019/2019-4nakayama2.pdf,official_daily_result_pdf
201906040203,2019,中山,4,2,3,2019-09-08,https://www.jra.go.jp/datafile/seiseki/report/2019/2019-4nakayama2.pdf,official_daily_result_pdf
201906040204,2019,中山,4,2,4,2019-09-08,https://www.jra.go.jp/datafile/seiseki/report/2019/2019-4nakayama2.pdf,official_daily_result_pdf
201906040205,2019,中山,4,2,5,2019-09-08,https://www.jra.go.jp/datafile/seiseki/report/2019/2019-4nakayama2.pdf,official_daily_result_pdf
201906040206,2019,中山,4,2,6,2019-09-08,https://www.jra.go.jp/datafile/seiseki/report/2019/2019-4nakayama2.pdf,official_daily_result_pdf
201906040207,2019,中山,4,2,7,2019-09-08,https://www.jra.go.jp/datafile/seiseki/report/2019/2019-4nakayama2.pdf,official_daily_result_pdf
201906040208,2019,中山,4,2,8,2019-09-08,https://www.jra.go.jp/datafile/seiseki/report/2019/2019-4nakayama2.pdf,official_daily_result_pdf
201906040209,2019,中山,4,2,9,2019-09-08,https://www.jra.go.jp/datafile/seiseki/report/2019/2019-4nakayama2.pdf,official_daily_result_pdf
201906040210,2019,中山,4,2,10,2019-09-08,https://www.jra.go.jp/datafile/seiseki/report/2019/2019-4nakayama2.pdf,official_daily_result_pdf
201906040211,2019,中山,4,2,11,2019-09-08,https://www.jra.go.jp/datafile/seiseki/report/2019/2019-4nakayama2.pdf,official_daily_result_pdf
201906040212,2019,中山,4,2,12,2019-09-08,https://www.jra.go.jp/datafile/seiseki/report/2019/2019-4nakayama2.pdf,official_daily_result_pdf
201906040301,2019,中山,4,3,1,2019-09-14,https://www.jra.go.jp/datafile/seiseki/report/2019/2019-4nakayama3.pdf,official_daily_result_pdf
201906040302,2019,中山,4,3,2,2019-09-14,https://www.jra.go.jp/datafile/seiseki/report/2019/2019-4nakayama3.pdf,official_daily_result_pdf
201906040303,2019,中山,4,3,3,2019-09-14,https://www.jra.go.jp/datafile/seiseki/report/2019/2019-4nakayama3.pdf,official_daily_result_pdf
201906040304,2019,中山,4,3,4,2019-09-14,https://www.jra.go.jp/datafile/seiseki/report/2019/2019-4nakayama3.pdf,official_daily_result_pdf
201906040305,2019,中山,4,3,5,2019-09-14,https://www.jra.go.jp/datafile/seiseki/report/2019/2019-4nakayama3.pdf,official_daily_result_pdf
201906040306,2019,中山,4,3,6,2019-09-14,https://www.jra.go.jp/datafile/seiseki/report/2019/2019-4nakayama3.pdf,official_daily_result_pdf
201906040307,2019,中山,4,3,7,2019-09-14,https://www.jra.go.jp/datafile/seiseki/report/2019/2019-4nakayama3.pdf,official_daily_result_pdf
201906040308,2019,中山,4,3,8,2019-09-14,https://www.jra.go.jp/datafile/seiseki/report/2019/2019-4nakayama3.pdf,official_daily_result_pdf
201906040309,2019,中山,4,3,9,2019-09-14,https://www.jra.go.jp/datafile/seiseki/report/2019/2019-4nakayama3.pdf,official_daily_result_pdf
201906040310,2019,中山,4,3,10,2019-09-14,https://www.jra.go.jp/datafile/seiseki/report/2019/2019-4nakayama3.pdf,official_daily_result_pdf
201906040311,2019,中山,4,3,11,2019-09-14,https://www.jra.go.jp/datafile/seiseki/report/2019/2019-4nakayama3.pdf,official_daily_result_pdf
201906040312,2019,中山,4,3,12,2019-09-14,https://www.jra.go.jp/datafile/seiseki/report/2019/2019-4nakayama3.pdf,official_daily_result_pdf
201906040401,2019,中山,4,4,1,2019-09-15,https://www.jra.go.jp/datafile/seiseki/report/2019/2019-4nakayama4.pdf,official_daily_result_pdf
201906040402,2019,中山,4,4,2,2019-09-15,https://www.jra.go.jp/datafile/seiseki/report/2019/2019-4nakayama4.pdf,official_daily_result_pdf
201906040403,2019,中山,4,4,3,2019-09-15,https://www.jra.go.jp/datafile/seiseki/report/2019/2019-4nakayama4.pdf,official_daily_result_pdf
201906040404,2019,中山,4,4,4,2019-09-15,https://www.jra.go.jp/datafile/seiseki/report/2019/2019-4nakayama4.pdf,official_daily_result_pdf
201906040405,2019,中山,4,4,5,2019-09-15,https://www.jra.go.jp/datafile/seiseki/report/2019/2019-4nakayama4.pdf,official_daily_result_pdf
201906040406,2019,中山,4,4,6,2019-09-15,https://www.jra.go.jp/datafile/seiseki/report/2019/2019-4nakayama4.pdf,official_daily_result_pdf
201906040407,2019,中山,4,4,7,2019-09-15,https://www.jra.go.jp/datafile/seiseki/report/2019/2019-4nakayama4.pdf,official_daily_result_pdf
201906040408,2019,中山,4,4,8,2019-09-15,https://www.jra.go.jp/datafile/seiseki/report/2019/2019-4nakayama4.pdf,official_daily_result_pdf
201906040409,2019,中山,4,4,9,2019-09-15,https://www.jra.go.jp/datafile/seiseki/report/2019/2019-4nakayama4.pdf,official_daily_result_pdf
201906040410,2019,中山,4,4,10,2019-09-15,https://www.jra.go.jp/datafile/seiseki/report/2019/2019-4nakayama4.pdf,official_daily_result_pdf
201906040411,2019,中山,4,4,11,2019-09-15,https://www.jra.go.jp/datafile/seiseki/report/2019/2019-4nakayama4.pdf,official_daily_result_pdf
201906040412,2019,中山,4,4,12,2019-09-15,https://www.jra.go.jp/datafile/seiseki/report/2019/2019-4nakayama4.pdf,official_daily_result_pdf
201906040501,2019,中山,4,5,1,2019-09-16,https://www.jra.go.jp/datafile/seiseki/report/2019/2019-4nakayama5.pdf,official_daily_result_pdf
201906040502,2019,中山,4,5,2,2019-09-16,https://www.jra.go.jp/datafile/seiseki/report/2019/2019-4nakayama5.pdf,official_daily_result_pdf
201906040503,2019,中山,4,5,3,2019-09-16,https://www.jra.go.jp/datafile/seiseki/report/2019/2019-4nakayama5.pdf,official_daily_result_pdf
201906040504,2019,中山,4,5,4,2019-09-16,https://www.jra.go.jp/datafile/seiseki/report/2019/2019-4nakayama5.pdf,official_daily_result_pdf
201906040505,2019,中山,4,5,5,2019-09-16,https://www.jra.go.jp/datafile/seiseki/report/2019/2019-4nakayama5.pdf,official_daily_result_pdf
201906040506,2019,中山,4,5,6,2019-09-16,https://www.jra.go.jp/datafile/seiseki/report/2019/2019-4nakayama5.pdf,official_daily_result_pdf
201906040507,2019,中山,4,5,7,2019-09-16,https://www.jra.go.jp/datafile/seiseki/report/2019/2019-4nakayama5.pdf,official_daily_result_pdf
201906040508,2019,中山,4,5,8,2019-09-16,https://www.jra.go.jp/datafile/seiseki/report/2019/2019-4nakayama5.pdf,official_daily_result_pdf
201906040509,2019,中山,4,5,9,2019-09-16,https://www.jra.go.jp/datafile/seiseki/report/2019/2019-4nakayama5.pdf,official_daily_result_pdf
201906040510,2019,中山,4,5,10,2019-09-16,https://www.jra.go.jp/datafile/seiseki/report/2019/2019-4nakayama5.pdf,official_daily_result_pdf
201906040511,2019,中山,4,5,11,2019-09-16,https://www.jra.go.jp/datafile/seiseki/report/2019/2019-4nakayama5.pdf,official_daily_result_pdf
201906040512,2019,中山,4,5,12,2019-09-16,https://www.jra.go.jp/datafile/seiseki/report/2019/2019-4nakayama5.pdf,official_daily_result_pdf
201906040601,2019,中山,4,6,1,2019-09-21,https://www.jra.go.jp/datafile/seiseki/report/2019/2019-4nakayama6.pdf,official_daily_result_pdf
201906040602,2019,中山,4,6,2,2019-09-21,https://www.jra.go.jp/datafile/seiseki/report/2019/2019-4nakayama6.pdf,official_daily_result_pdf
201906040603,2019,中山,4,6,3,2019-09-21,https://www.jra.go.jp/datafile/seiseki/report/2019/2019-4nakayama6.pdf,official_daily_result_pdf
201906040604,2019,中山,4,6,4,2019-09-21,https://www.jra.go.jp/datafile/seiseki/report/2019/2019-4nakayama6.pdf,official_daily_result_pdf
201906040605,2019,中山,4,6,5,2019-09-21,https://www.jra.go.jp/datafile/seiseki/report/2019/2019-4nakayama6.pdf,official_daily_result_pdf
201906040606,2019,中山,4,6,6,2019-09-21,https://www.jra.go.jp/datafile/seiseki/report/2019/2019-4nakayama6.pdf,official_daily_result_pdf
201906040607,2019,中山,4,6,7,2019-09-21,https://www.jra.go.jp/datafile/seiseki/report/2019/2019-4nakayama6.pdf,official_daily_result_pdf
201906040608,2019,中山,4,6,8,2019-09-21,https://www.jra.go.jp/datafile/seiseki/report/2019/2019-4nakayama6.pdf,official_daily_result_pdf
201906040609,2019,中山,4,6,9,2019-09-21,https://www.jra.go.jp/datafile/seiseki/report/2019/2019-4nakayama6.pdf,official_daily_result_pdf
201906040610,2019,中山,4,6,10,2019-09-21,https://www.jra.go.jp/datafile/seiseki/report/2019/2019-4nakayama6.pdf,official_daily_result_pdf
201906040611,2019,中山,4,6,11,2019-09-21,https://www.jra.go.jp/datafile/seiseki/report/2019/2019-4nakayama6.pdf,official_daily_result_pdf
201906040612,2019,中山,4,6,12,2019-09-21,https://www.jra.go.jp/datafile/seiseki/report/2019/2019-4nakayama6.pdf,official_daily_result_pdf
201906040701,2019,中山,4,7,1,2019-09-22,https://www.jra.go.jp/datafile/seiseki/report/2019/2019-4nakayama7.pdf,official_daily_result_pdf
201906040702,2019,中山,4,7,2,2019-09-22,https://www.jra.go.jp/datafile/seiseki/report/2019/2019-4nakayama7.pdf,official_daily_result_pdf
201906040703,2019,中山,4,7,3,2019-09-22,https://www.jra.go.jp/datafile/seiseki/report/2019/2019-4nakayama7.pdf,official_daily_result_pdf
201906040704,2019,中山,4,7,4,2019-09-22,https://www.jra.go.jp/datafile/seiseki/report/2019/2019-4nakayama7.pdf,official_daily_result_pdf
201906040705,2019,中山,4,7,5,2019-09-22,https://www.jra.go.jp/datafile/seiseki/report/2019/2019-4nakayama7.pdf,official_daily_result_pdf
201906040706,2019,中山,4,7,6,2019-09-22,https://www.jra.go.jp/datafile/seiseki/report/2019/2019-4nakayama7.pdf,official_daily_result_pdf
201906040707,2019,中山,4,7,7,2019-09-22,https://www.jra.go.jp/datafile/seiseki/report/2019/2019-4nakayama7.pdf,official_daily_result_pdf
201906040708,2019,中山,4,7,8,2019-09-22,https://www.jra.go.jp/datafile/seiseki/report/2019/2019-4nakayama7.pdf,official_daily_result_pdf
201906040709,2019,中山,4,7,9,2019-09-22,https://www.jra.go.jp/datafile/seiseki/report/2019/2019-4nakayama7.pdf,official_daily_result_pdf
201906040710,2019,中山,4,7,10,2019-09-22,https://www.jra.go.jp/datafile/seiseki/report/2019/2019-4nakayama7.pdf,official_daily_result_pdf
201906040711,2019,中山,4,7,11,2019-09-22,https://www.jra.go.jp/datafile/seiseki/report/2019/2019-4nakayama7.pdf,official_daily_result_pdf
201906040712,2019,中山,4,7,12,2019-09-22,https://www.jra.go.jp/datafile/seiseki/report/2019/2019-4nakayama7.pdf,official_daily_result_pdf
201906040801,2019,中山,4,8,1,2019-09-28,https://www.jra.go.jp/datafile/seiseki/report/2019/2019-4nakayama8.pdf,official_daily_result_pdf
201906040802,2019,中山,4,8,2,2019-09-28,https://www.jra.go.jp/datafile/seiseki/report/2019/2019-4nakayama8.pdf,official_daily_result_pdf
201906040803,2019,中山,4,8,3,2019-09-28,https://www.jra.go.jp/datafile/seiseki/report/2019/2019-4nakayama8.pdf,official_daily_result_pdf
201906040804,2019,中山,4,8,4,2019-09-28,https://www.jra.go.jp/datafile/seiseki/report/2019/2019-4nakayama8.pdf,official_daily_result_pdf
201906040805,2019,中山,4,8,5,2019-09-28,https://www.jra.go.jp/datafile/seiseki/report/2019/2019-4nakayama8.pdf,official_daily_result_pdf
201906040806,2019,中山,4,8,6,2019-09-28,https://www.jra.go.jp/datafile/seiseki/report/2019/2019-4nakayama8.pdf,official_daily_result_pdf
201906040807,2019,中山,4,8,7,2019-09-28,https://www.jra.go.jp/datafile/seiseki/report/2019/2019-4nakayama8.pdf,official_daily_result_pdf
201906040808,2019,中山,4,8,8,2019-09-28,https://www.jra.go.jp/datafile/seiseki/report/2019/2019-4nakayama8.pdf,official_daily_result_pdf
201906040809,2019,中山,4,8,9,2019-09-28,https://www.jra.go.jp/datafile/seiseki/report/2019/2019-4nakayama8.pdf,official_daily_result_pdf
201906040810,2019,中山,4,8,10,2019-09-28,https://www.jra.go.jp/datafile/seiseki/report/2019/2019-4nakayama8.pdf,official_daily_result_pdf
201906040811,2019,中山,4,8,11,2019-09-28,https://www.jra.go.jp/datafile/seiseki/report/2019/2019-4nakayama8.pdf,official_daily_result_pdf
201906040812,2019,中山,4,8,12,2019-09-28,https://www.jra.go.jp/datafile/seiseki/report/2019/2019-4nakayama8.pdf,official_daily_result_pdf
201906040901,2019,中山,4,9,1,2019-09-29,https://www.jra.go.jp/datafile/seiseki/report/2019/2019-4nakayama9.pdf,official_daily_result_pdf
201906040902,2019,中山,4,9,2,2019-09-29,https://www.jra.go.jp/datafile/seiseki/report/2019/2019-4nakayama9.pdf,official_daily_result_pdf
201906040903,2019,中山,4,9,3,2019-09-29,https://www.jra.go.jp/datafile/seiseki/report/2019/2019-4nakayama9.pdf,official_daily_result_pdf
201906040904,2019,中山,4,9,4,2019-09-29,https://www.jra.go.jp/datafile/seiseki/report/2019/2019-4nakayama9.pdf,official_daily_result_pdf
201906040905,2019,中山,4,9,5,2019-09-29,https://www.jra.go.jp/datafile/seiseki/report/2019/2019-4nakayama9.pdf,official_daily_result_pdf
201906040906,2019,中山,4,9,6,2019-09-29,https://www.jra.go.jp/datafile/seiseki/report/2019/2019-4nakayama9.pdf,official_daily_result_pdf
201906040907,2019,中山,4,9,7,2019-09-29,https://www.jra.go.jp/datafile/seiseki/report/2019/2019-4nakayama9.pdf,official_daily_result_pdf
201906040908,2019,中山,4,9,8,2019-09-29,https://www.jra.go.jp/datafile/seiseki/report/2019/2019-4nakayama9.pdf,official_daily_result_pdf
201906040909,2019,中山,4,9,9,2019-09-29,https://www.jra.go.jp/datafile/seiseki/report/2019/2019-4nakayama9.pdf,official_daily_result_pdf
201906040910,2019,中山,4,9,10,2019-09-29,https://www.jra.go.jp/datafile/seiseki/report/2019/2019-4nakayama9.pdf,official_daily_result_pdf
201906040911,2019,中山,4,9,11,2019-09-29,https://www.jra.go.jp/datafile/seiseki/report/2019/2019-4nakayama9.pdf,official_daily_result_pdf
201906040912,2019,中山,4,9,12,2019-09-29,https://www.jra.go.jp/datafile/seiseki/report/2019/2019-4nakayama9.pdf,official_daily_result_pdf
201906050101,2019,中山,5,1,1,2019-11-30,https://www.jra.go.jp/datafile/seiseki/report/2019/2019-5nakayama1.pdf,official_daily_result_pdf
201906050102,2019,中山,5,1,2,2019-11-30,https://www.jra.go.jp/datafile/seiseki/report/2019/2019-5nakayama1.pdf,official_daily_result_pdf
201906050103,2019,中山,5,1,3,2019-11-30,https://www.jra.go.jp/datafile/seiseki/report/2019/2019-5nakayama1.pdf,official_daily_result_pdf
201906050104,2019,中山,5,1,4,2019-11-30,https://www.jra.go.jp/datafile/seiseki/report/2019/2019-5nakayama1.pdf,official_daily_result_pdf
201906050105,2019,中山,5,1,5,2019-11-30,https://www.jra.go.jp/datafile/seiseki/report/2019/2019-5nakayama1.pdf,official_daily_result_pdf
201906050106,2019,中山,5,1,6,2019-11-30,https://www.jra.go.jp/datafile/seiseki/report/2019/2019-5nakayama1.pdf,official_daily_result_pdf
201906050107,2019,中山,5,1,7,2019-11-30,https://www.jra.go.jp/datafile/seiseki/report/2019/2019-5nakayama1.pdf,official_daily_result_pdf
201906050108,2019,中山,5,1,8,2019-11-30,https://www.jra.go.jp/datafile/seiseki/report/2019/2019-5nakayama1.pdf,official_daily_result_pdf
201906050109,2019,中山,5,1,9,2019-11-30,https://www.jra.go.jp/datafile/seiseki/report/2019/2019-5nakayama1.pdf,official_daily_result_pdf
201906050110,2019,中山,5,1,10,2019-11-30,https://www.jra.go.jp/datafile/seiseki/report/2019/2019-5nakayama1.pdf,official_daily_result_pdf
201906050111,2019,中山,5,1,11,2019-11-30,https://www.jra.go.jp/datafile/seiseki/report/2019/2019-5nakayama1.pdf,official_daily_result_pdf
201906050112,2019,中山,5,1,12,2019-11-30,https://www.jra.go.jp/datafile/seiseki/report/2019/2019-5nakayama1.pdf,official_daily_result_pdf
201906050201,2019,中山,5,2,1,2019-12-01,https://www.jra.go.jp/datafile/seiseki/report/2019/2019-5nakayama2.pdf,official_daily_result_pdf
201906050202,2019,中山,5,2,2,2019-12-01,https://www.jra.go.jp/datafile/seiseki/report/2019/2019-5nakayama2.pdf,official_daily_result_pdf
201906050203,2019,中山,5,2,3,2019-12-01,https://www.jra.go.jp/datafile/seiseki/report/2019/2019-5nakayama2.pdf,official_daily_result_pdf
201906050204,2019,中山,5,2,4,2019-12-01,https://www.jra.go.jp/datafile/seiseki/report/2019/2019-5nakayama2.pdf,official_daily_result_pdf
201906050205,2019,中山,5,2,5,2019-12-01,https://www.jra.go.jp/datafile/seiseki/report/2019/2019-5nakayama2.pdf,official_daily_result_pdf
201906050206,2019,中山,5,2,6,2019-12-01,https://www.jra.go.jp/datafile/seiseki/report/2019/2019-5nakayama2.pdf,official_daily_result_pdf
201906050207,2019,中山,5,2,7,2019-12-01,https://www.jra.go.jp/datafile/seiseki/report/2019/2019-5nakayama2.pdf,official_daily_result_pdf
201906050208,2019,中山,5,2,8,2019-12-01,https://www.jra.go.jp/datafile/seiseki/report/2019/2019-5nakayama2.pdf,official_daily_result_pdf
201906050209,2019,中山,5,2,9,2019-12-01,https://www.jra.go.jp/datafile/seiseki/report/2019/2019-5nakayama2.pdf,official_daily_result_pdf
201906050210,2019,中山,5,2,10,2019-12-01,https://www.jra.go.jp/datafile/seiseki/report/2019/2019-5nakayama2.pdf,official_daily_result_pdf
201906050211,2019,中山,5,2,11,2019-12-01,https://www.jra.go.jp/datafile/seiseki/report/2019/2019-5nakayama2.pdf,official_daily_result_pdf
201906050212,2019,中山,5,2,12,2019-12-01,https://www.jra.go.jp/datafile/seiseki/report/2019/2019-5nakayama2.pdf,official_daily_result_pdf
201906050301,2019,中山,5,3,1,2019-12-07,https://www.jra.go.jp/datafile/seiseki/report/2019/2019-5nakayama3.pdf,official_daily_result_pdf
201906050302,2019,中山,5,3,2,2019-12-07,https://www.jra.go.jp/datafile/seiseki/report/2019/2019-5nakayama3.pdf,official_daily_result_pdf
201906050303,2019,中山,5,3,3,2019-12-07,https://www.jra.go.jp/datafile/seiseki/report/2019/2019-5nakayama3.pdf,official_daily_result_pdf
201906050304,2019,中山,5,3,4,2019-12-07,https://www.jra.go.jp/datafile/seiseki/report/2019/2019-5nakayama3.pdf,official_daily_result_pdf
201906050305,2019,中山,5,3,5,2019-12-07,https://www.jra.go.jp/datafile/seiseki/report/2019/2019-5nakayama3.pdf,official_daily_result_pdf
201906050306,2019,中山,5,3,6,2019-12-07,https://www.jra.go.jp/datafile/seiseki/report/2019/2019-5nakayama3.pdf,official_daily_result_pdf
201906050307,2019,中山,5,3,7,2019-12-07,https://www.jra.go.jp/datafile/seiseki/report/2019/2019-5nakayama3.pdf,official_daily_result_pdf
201906050308,2019,中山,5,3,8,2019-12-07,https://www.jra.go.jp/datafile/seiseki/report/2019/2019-5nakayama3.pdf,official_daily_result_pdf
201906050309,2019,中山,5,3,9,2019-12-07,https://www.jra.go.jp/datafile/seiseki/report/2019/2019-5nakayama3.pdf,official_daily_result_pdf
201906050310,2019,中山,5,3,10,2019-12-07,https://www.jra.go.jp/datafile/seiseki/report/2019/2019-5nakayama3.pdf,official_daily_result_pdf
201906050311,2019,中山,5,3,11,2019-12-07,https://www.jra.go.jp/datafile/seiseki/report/2019/2019-5nakayama3.pdf,official_daily_result_pdf
201906050312,2019,中山,5,3,12,2019-12-07,https://www.jra.go.jp/datafile/seiseki/report/2019/2019-5nakayama3.pdf,official_daily_result_pdf
201906050401,2019,中山,5,4,1,2019-12-08,https://www.jra.go.jp/datafile/seiseki/report/2019/2019-5nakayama4.pdf,official_daily_result_pdf
201906050402,2019,中山,5,4,2,2019-12-08,https://www.jra.go.jp/datafile/seiseki/report/2019/2019-5nakayama4.pdf,official_daily_result_pdf
201906050403,2019,中山,5,4,3,2019-12-08,https://www.jra.go.jp/datafile/seiseki/report/2019/2019-5nakayama4.pdf,official_daily_result_pdf
201906050404,2019,中山,5,4,4,2019-12-08,https://www.jra.go.jp/datafile/seiseki/report/2019/2019-5nakayama4.pdf,official_daily_result_pdf
201906050405,2019,中山,5,4,5,2019-12-08,https://www.jra.go.jp/datafile/seiseki/report/2019/2019-5nakayama4.pdf,official_daily_result_pdf
201906050406,2019,中山,5,4,6,2019-12-08,https://www.jra.go.jp/datafile/seiseki/report/2019/2019-5nakayama4.pdf,official_daily_result_pdf
201906050407,2019,中山,5,4,7,2019-12-08,https://www.jra.go.jp/datafile/seiseki/report/2019/2019-5nakayama4.pdf,official_daily_result_pdf
201906050408,2019,中山,5,4,8,2019-12-08,https://www.jra.go.jp/datafile/seiseki/report/2019/2019-5nakayama4.pdf,official_daily_result_pdf
201906050409,2019,中山,5,4,9,2019-12-08,https://www.jra.go.jp/datafile/seiseki/report/2019/2019-5nakayama4.pdf,official_daily_result_pdf
201906050410,2019,中山,5,4,10,2019-12-08,https://www.jra.go.jp/datafile/seiseki/report/2019/2019-5nakayama4.pdf,official_daily_result_pdf
201906050411,2019,中山,5,4,11,2019-12-08,https://www.jra.go.jp/datafile/seiseki/report/2019/2019-5nakayama4.pdf,official_daily_result_pdf
201906050412,2019,中山,5,4,12,2019-12-08,https://www.jra.go.jp/datafile/seiseki/report/2019/2019-5nakayama4.pdf,official_daily_result_pdf
201906050501,2019,中山,5,5,1,2019-12-14,https://www.jra.go.jp/datafile/seiseki/report/2019/2019-5nakayama5.pdf,official_daily_result_pdf
201906050502,2019,中山,5,5,2,2019-12-14,https://www.jra.go.jp/datafile/seiseki/report/2019/2019-5nakayama5.pdf,official_daily_result_pdf
201906050503,2019,中山,5,5,3,2019-12-14,https://www.jra.go.jp/datafile/seiseki/report/2019/2019-5nakayama5.pdf,official_daily_result_pdf
201906050504,2019,中山,5,5,4,2019-12-14,https://www.jra.go.jp/datafile/seiseki/report/2019/2019-5nakayama5.pdf,official_daily_result_pdf
201906050505,2019,中山,5,5,5,2019-12-14,https://www.jra.go.jp/datafile/seiseki/report/2019/2019-5nakayama5.pdf,official_daily_result_pdf
201906050506,2019,中山,5,5,6,2019-12-14,https://www.jra.go.jp/datafile/seiseki/report/2019/2019-5nakayama5.pdf,official_daily_result_pdf
201906050507,2019,中山,5,5,7,2019-12-14,https://www.jra.go.jp/datafile/seiseki/report/2019/2019-5nakayama5.pdf,official_daily_result_pdf
201906050508,2019,中山,5,5,8,2019-12-14,https://www.jra.go.jp/datafile/seiseki/report/2019/2019-5nakayama5.pdf,official_daily_result_pdf
201906050509,2019,中山,5,5,9,2019-12-14,https://www.jra.go.jp/datafile/seiseki/report/2019/2019-5nakayama5.pdf,official_daily_result_pdf
201906050510,2019,中山,5,5,10,2019-12-14,https://www.jra.go.jp/datafile/seiseki/report/2019/2019-5nakayama5.pdf,official_daily_result_pdf
201906050511,2019,中山,5,5,11,2019-12-14,https://www.jra.go.jp/datafile/seiseki/report/2019/2019-5nakayama5.pdf,official_daily_result_pdf
201906050512,2019,中山,5,5,12,2019-12-14,https://www.jra.go.jp/datafile/seiseki/report/2019/2019-5nakayama5.pdf,official_daily_result_pdf
201906050601,2019,中山,5,6,1,2019-12-15,https://www.jra.go.jp/datafile/seiseki/report/2019/2019-5nakayama6.pdf,official_daily_result_pdf
201906050602,2019,中山,5,6,2,2019-12-15,https://www.jra.go.jp/datafile/seiseki/report/2019/2019-5nakayama6.pdf,official_daily_result_pdf
201906050603,2019,中山,5,6,3,2019-12-15,https://www.jra.go.jp/datafile/seiseki/report/2019/2019-5nakayama6.pdf,official_daily_result_pdf
201906050604,2019,中山,5,6,4,2019-12-15,https://www.jra.go.jp/datafile/seiseki/report/2019/2019-5nakayama6.pdf,official_daily_result_pdf
201906050605,2019,中山,5,6,5,2019-12-15,https://www.jra.go.jp/datafile/seiseki/report/2019/2019-5nakayama6.pdf,official_daily_result_pdf
201906050606,2019,中山,5,6,6,2019-12-15,https://www.jra.go.jp/datafile/seiseki/report/2019/2019-5nakayama6.pdf,official_daily_result_pdf
201906050607,2019,中山,5,6,7,2019-12-15,https://www.jra.go.jp/datafile/seiseki/report/2019/2019-5nakayama6.pdf,official_daily_result_pdf
201906050608,2019,中山,5,6,8,2019-12-15,https://www.jra.go.jp/datafile/seiseki/report/2019/2019-5nakayama6.pdf,official_daily_result_pdf
201906050609,2019,中山,5,6,9,2019-12-15,https://www.jra.go.jp/datafile/seiseki/report/2019/2019-5nakayama6.pdf,official_daily_result_pdf
201906050610,2019,中山,5,6,10,2019-12-15,https://www.jra.go.jp/datafile/seiseki/report/2019/2019-5nakayama6.pdf,official_daily_result_pdf
201906050611,2019,中山,5,6,11,2019-12-15,https://www.jra.go.jp/datafile/seiseki/report/2019/2019-5nakayama6.pdf,official_daily_result_pdf
201906050612,2019,中山,5,6,12,2019-12-15,https://www.jra.go.jp/datafile/seiseki/report/2019/2019-5nakayama6.pdf,official_daily_result_pdf
201906050701,2019,中山,5,7,1,2019-12-21,https://www.jra.go.jp/datafile/seiseki/report/2019/2019-5nakayama7.pdf,official_daily_result_pdf
201906050702,2019,中山,5,7,2,2019-12-21,https://www.jra.go.jp/datafile/seiseki/report/2019/2019-5nakayama7.pdf,official_daily_result_pdf
201906050703,2019,中山,5,7,3,2019-12-21,https://www.jra.go.jp/datafile/seiseki/report/2019/2019-5nakayama7.pdf,official_daily_result_pdf
201906050704,2019,中山,5,7,4,2019-12-21,https://www.jra.go.jp/datafile/seiseki/report/2019/2019-5nakayama7.pdf,official_daily_result_pdf
201906050705,2019,中山,5,7,5,2019-12-21,https://www.jra.go.jp/datafile/seiseki/report/2019/2019-5nakayama7.pdf,official_daily_result_pdf
201906050706,2019,中山,5,7,6,2019-12-21,https://www.jra.go.jp/datafile/seiseki/report/2019/2019-5nakayama7.pdf,official_daily_result_pdf
201906050707,2019,中山,5,7,7,2019-12-21,https://www.jra.go.jp/datafile/seiseki/report/2019/2019-5nakayama7.pdf,official_daily_result_pdf
201906050708,2019,中山,5,7,8,2019-12-21,https://www.jra.go.jp/datafile/seiseki/report/2019/2019-5nakayama7.pdf,official_daily_result_pdf
201906050709,2019,中山,5,7,9,2019-12-21,https://www.jra.go.jp/datafile/seiseki/report/2019/2019-5nakayama7.pdf,official_daily_result_pdf
201906050710,2019,中山,5,7,10,2019-12-21,https://www.jra.go.jp/datafile/seiseki/report/2019/2019-5nakayama7.pdf,official_daily_result_pdf
201906050711,2019,中山,5,7,11,2019-12-21,https://www.jra.go.jp/datafile/seiseki/report/2019/2019-5nakayama7.pdf,official_daily_result_pdf
201906050712,2019,中山,5,7,12,2019-12-21,https://www.jra.go.jp/datafile/seiseki/report/2019/2019-5nakayama7.pdf,official_daily_result_pdf
201906050801,2019,中山,5,8,1,2019-12-22,https://www.jra.go.jp/datafile/seiseki/report/2019/2019-5nakayama8.pdf,official_daily_result_pdf
201906050802,2019,中山,5,8,2,2019-12-22,https://www.jra.go.jp/datafile/seiseki/report/2019/2019-5nakayama8.pdf,official_daily_result_pdf
201906050803,2019,中山,5,8,3,2019-12-22,https://www.jra.go.jp/datafile/seiseki/report/2019/2019-5nakayama8.pdf,official_daily_result_pdf
201906050804,2019,中山,5,8,4,2019-12-22,https://www.jra.go.jp/datafile/seiseki/report/2019/2019-5nakayama8.pdf,official_daily_result_pdf
201906050805,2019,中山,5,8,5,2019-12-22,https://www.jra.go.jp/datafile/seiseki/report/2019/2019-5nakayama8.pdf,official_daily_result_pdf
201906050806,2019,中山,5,8,6,2019-12-22,https://www.jra.go.jp/datafile/seiseki/report/2019/2019-5nakayama8.pdf,official_daily_result_pdf
201906050807,2019,中山,5,8,7,2019-12-22,https://www.jra.go.jp/datafile/seiseki/report/2019/2019-5nakayama8.pdf,official_daily_result_pdf
201906050808,2019,中山,5,8,8,2019-12-22,https://www.jra.go.jp/datafile/seiseki/report/2019/2019-5nakayama8.pdf,official_daily_result_pdf
201906050809,2019,中山,5,8,9,2019-12-22,https://www.jra.go.jp/datafile/seiseki/report/2019/2019-5nakayama8.pdf,official_daily_result_pdf
201906050810,2019,中山,5,8,10,2019-12-22,https://www.jra.go.jp/datafile/seiseki/report/2019/2019-5nakayama8.pdf,official_daily_result_pdf
201906050811,2019,中山,5,8,11,2019-12-22,https://www.jra.go.jp/datafile/seiseki/report/2019/2019-5nakayama8.pdf,official_daily_result_pdf
201906050812,2019,中山,5,8,12,2019-12-22,https://www.jra.go.jp/datafile/seiseki/report/2019/2019-5nakayama8.pdf,official_daily_result_pdf
201906050901,2019,中山,5,9,1,2019-12-28,https://www.jra.go.jp/datafile/seiseki/report/2019/2019-5nakayama9.pdf,official_daily_result_pdf
201906050902,2019,中山,5,9,2,2019-12-28,https://www.jra.go.jp/datafile/seiseki/report/2019/2019-5nakayama9.pdf,official_daily_result_pdf
201906050903,2019,中山,5,9,3,2019-12-28,https://www.jra.go.jp/datafile/seiseki/report/2019/2019-5nakayama9.pdf,official_daily_result_pdf
201906050904,2019,中山,5,9,4,2019-12-28,https://www.jra.go.jp/datafile/seiseki/report/2019/2019-5nakayama9.pdf,official_daily_result_pdf
201906050905,2019,中山,5,9,5,2019-12-28,https://www.jra.go.jp/datafile/seiseki/report/2019/2019-5nakayama9.pdf,official_daily_result_pdf
201906050906,2019,中山,5,9,6,2019-12-28,https://www.jra.go.jp/datafile/seiseki/report/2019/2019-5nakayama9.pdf,official_daily_result_pdf
201906050907,2019,中山,5,9,7,2019-12-28,https://www.jra.go.jp/datafile/seiseki/report/2019/2019-5nakayama9.pdf,official_daily_result_pdf
201906050908,2019,中山,5,9,8,2019-12-28,https://www.jra.go.jp/datafile/seiseki/report/2019/2019-5nakayama9.pdf,official_daily_result_pdf
201906050909,2019,中山,5,9,9,2019-12-28,https://www.jra.go.jp/datafile/seiseki/report/2019/2019-5nakayama9.pdf,official_daily_result_pdf
201906050910,2019,中山,5,9,10,2019-12-28,https://www.jra.go.jp/datafile/seiseki/report/2019/2019-5nakayama9.pdf,official_daily_result_pdf
201906050911,2019,中山,5,9,11,2019-12-28,https://www.jra.go.jp/datafile/seiseki/report/2019/2019-5nakayama9.pdf,official_daily_result_pdf
201906050912,2019,中山,5,9,12,2019-12-28,https://www.jra.go.jp/datafile/seiseki/report/2019/2019-5nakayama9.pdf,official_daily_result_pdf
201907010101,2019,中京,1,1,1,2019-01-19,https://www.jra.go.jp/datafile/seiseki/report/2019/2019-1chukyo1.pdf,official_daily_result_pdf
201907010102,2019,中京,1,1,2,2019-01-19,https://www.jra.go.jp/datafile/seiseki/report/2019/2019-1chukyo1.pdf,official_daily_result_pdf
201907010103,2019,中京,1,1,3,2019-01-19,https://www.jra.go.jp/datafile/seiseki/report/2019/2019-1chukyo1.pdf,official_daily_result_pdf
201907010104,2019,中京,1,1,4,2019-01-19,https://www.jra.go.jp/datafile/seiseki/report/2019/2019-1chukyo1.pdf,official_daily_result_pdf
201907010105,2019,中京,1,1,5,2019-01-19,https://www.jra.go.jp/datafile/seiseki/report/2019/2019-1chukyo1.pdf,official_daily_result_pdf
201907010106,2019,中京,1,1,6,2019-01-19,https://www.jra.go.jp/datafile/seiseki/report/2019/2019-1chukyo1.pdf,official_daily_result_pdf
201907010107,2019,中京,1,1,7,2019-01-19,https://www.jra.go.jp/datafile/seiseki/report/2019/2019-1chukyo1.pdf,official_daily_result_pdf
201907010108,2019,中京,1,1,8,2019-01-19,https://www.jra.go.jp/datafile/seiseki/report/2019/2019-1chukyo1.pdf,official_daily_result_pdf
201907010109,2019,中京,1,1,9,2019-01-19,https://www.jra.go.jp/datafile/seiseki/report/2019/2019-1chukyo1.pdf,official_daily_result_pdf
201907010110,2019,中京,1,1,10,2019-01-19,https://www.jra.go.jp/datafile/seiseki/report/2019/2019-1chukyo1.pdf,official_daily_result_pdf
201907010111,2019,中京,1,1,11,2019-01-19,https://www.jra.go.jp/datafile/seiseki/report/2019/2019-1chukyo1.pdf,official_daily_result_pdf
201907010112,2019,中京,1,1,12,2019-01-19,https://www.jra.go.jp/datafile/seiseki/report/2019/2019-1chukyo1.pdf,official_daily_result_pdf
201907010201,2019,中京,1,2,1,2019-01-20,https://www.jra.go.jp/datafile/seiseki/report/2019/2019-1chukyo2.pdf,official_daily_result_pdf
201907010202,2019,中京,1,2,2,2019-01-20,https://www.jra.go.jp/datafile/seiseki/report/2019/2019-1chukyo2.pdf,official_daily_result_pdf
201907010203,2019,中京,1,2,3,2019-01-20,https://www.jra.go.jp/datafile/seiseki/report/2019/2019-1chukyo2.pdf,official_daily_result_pdf
201907010204,2019,中京,1,2,4,2019-01-20,https://www.jra.go.jp/datafile/seiseki/report/2019/2019-1chukyo2.pdf,official_daily_result_pdf
201907010205,2019,中京,1,2,5,2019-01-20,https://www.jra.go.jp/datafile/seiseki/report/2019/2019-1chukyo2.pdf,official_daily_result_pdf
201907010206,2019,中京,1,2,6,2019-01-20,https://www.jra.go.jp/datafile/seiseki/report/2019/2019-1chukyo2.pdf,official_daily_result_pdf
201907010207,2019,中京,1,2,7,2019-01-20,https://www.jra.go.jp/datafile/seiseki/report/2019/2019-1chukyo2.pdf,official_daily_result_pdf
201907010208,2019,中京,1,2,8,2019-01-20,https://www.jra.go.jp/datafile/seiseki/report/2019/2019-1chukyo2.pdf,official_daily_result_pdf
201907010209,2019,中京,1,2,9,2019-01-20,https://www.jra.go.jp/datafile/seiseki/report/2019/2019-1chukyo2.pdf,official_daily_result_pdf
201907010210,2019,中京,1,2,10,2019-01-20,https://www.jra.go.jp/datafile/seiseki/report/2019/2019-1chukyo2.pdf,official_daily_result_pdf
201907010211,2019,中京,1,2,11,2019-01-20,https://www.jra.go.jp/datafile/seiseki/report/2019/2019-1chukyo2.pdf,official_daily_result_pdf
201907010212,2019,中京,1,2,12,2019-01-20,https://www.jra.go.jp/datafile/seiseki/report/2019/2019-1chukyo2.pdf,official_daily_result_pdf
201907010301,2019,中京,1,3,1,2019-01-26,https://www.jra.go.jp/datafile/seiseki/report/2019/2019-1chukyo3.pdf,official_daily_result_pdf
201907010302,2019,中京,1,3,2,2019-01-26,https://www.jra.go.jp/datafile/seiseki/report/2019/2019-1chukyo3.pdf,official_daily_result_pdf
201907010303,2019,中京,1,3,3,2019-01-26,https://www.jra.go.jp/datafile/seiseki/report/2019/2019-1chukyo3.pdf,official_daily_result_pdf
201907010304,2019,中京,1,3,4,2019-01-26,https://www.jra.go.jp/datafile/seiseki/report/2019/2019-1chukyo3.pdf,official_daily_result_pdf
201907010305,2019,中京,1,3,5,2019-01-26,https://www.jra.go.jp/datafile/seiseki/report/2019/2019-1chukyo3.pdf,official_daily_result_pdf
201907010306,2019,中京,1,3,6,2019-01-26,https://www.jra.go.jp/datafile/seiseki/report/2019/2019-1chukyo3.pdf,official_daily_result_pdf
201907010307,2019,中京,1,3,7,2019-01-26,https://www.jra.go.jp/datafile/seiseki/report/2019/2019-1chukyo3.pdf,official_daily_result_pdf
201907010308,2019,中京,1,3,8,2019-01-26,https://www.jra.go.jp/datafile/seiseki/report/2019/2019-1chukyo3.pdf,official_daily_result_pdf
201907010309,2019,中京,1,3,9,2019-01-26,https://www.jra.go.jp/datafile/seiseki/report/2019/2019-1chukyo3.pdf,official_daily_result_pdf
201907010310,2019,中京,1,3,10,2019-01-26,https://www.jra.go.jp/datafile/seiseki/report/2019/2019-1chukyo3.pdf,official_daily_result_pdf
201907010311,2019,中京,1,3,11,2019-01-26,https://www.jra.go.jp/datafile/seiseki/report/2019/2019-1chukyo3.pdf,official_daily_result_pdf
201907010312,2019,中京,1,3,12,2019-01-26,https://www.jra.go.jp/datafile/seiseki/report/2019/2019-1chukyo3.pdf,official_daily_result_pdf
201907010401,2019,中京,1,4,1,2019-01-27,https://www.jra.go.jp/datafile/seiseki/report/2019/2019-1chukyo4.pdf,official_daily_result_pdf
201907010402,2019,中京,1,4,2,2019-01-27,https://www.jra.go.jp/datafile/seiseki/report/2019/2019-1chukyo4.pdf,official_daily_result_pdf
201907010403,2019,中京,1,4,3,2019-01-27,https://www.jra.go.jp/datafile/seiseki/report/2019/2019-1chukyo4.pdf,official_daily_result_pdf
201907010404,2019,中京,1,4,4,2019-01-27,https://www.jra.go.jp/datafile/seiseki/report/2019/2019-1chukyo4.pdf,official_daily_result_pdf
201907010405,2019,中京,1,4,5,2019-01-27,https://www.jra.go.jp/datafile/seiseki/report/2019/2019-1chukyo4.pdf,official_daily_result_pdf
201907010406,2019,中京,1,4,6,2019-01-27,https://www.jra.go.jp/datafile/seiseki/report/2019/2019-1chukyo4.pdf,official_daily_result_pdf
201907010407,2019,中京,1,4,7,2019-01-27,https://www.jra.go.jp/datafile/seiseki/report/2019/2019-1chukyo4.pdf,official_daily_result_pdf
201907010408,2019,中京,1,4,8,2019-01-27,https://www.jra.go.jp/datafile/seiseki/report/2019/2019-1chukyo4.pdf,official_daily_result_pdf
201907010409,2019,中京,1,4,9,2019-01-27,https://www.jra.go.jp/datafile/seiseki/report/2019/2019-1chukyo4.pdf,official_daily_result_pdf
201907010410,2019,中京,1,4,10,2019-01-27,https://www.jra.go.jp/datafile/seiseki/report/2019/2019-1chukyo4.pdf,official_daily_result_pdf
201907010411,2019,中京,1,4,11,2019-01-27,https://www.jra.go.jp/datafile/seiseki/report/2019/2019-1chukyo4.pdf,official_daily_result_pdf
201907010412,2019,中京,1,4,12,2019-01-27,https://www.jra.go.jp/datafile/seiseki/report/2019/2019-1chukyo4.pdf,official_daily_result_pdf
201907010501,2019,中京,1,5,1,2019-02-02,https://www.jra.go.jp/datafile/seiseki/report/2019/2019-1chukyo5.pdf,official_daily_result_pdf
201907010502,2019,中京,1,5,2,2019-02-02,https://www.jra.go.jp/datafile/seiseki/report/2019/2019-1chukyo5.pdf,official_daily_result_pdf
201907010503,2019,中京,1,5,3,2019-02-02,https://www.jra.go.jp/datafile/seiseki/report/2019/2019-1chukyo5.pdf,official_daily_result_pdf
201907010504,2019,中京,1,5,4,2019-02-02,https://www.jra.go.jp/datafile/seiseki/report/2019/2019-1chukyo5.pdf,official_daily_result_pdf
201907010505,2019,中京,1,5,5,2019-02-02,https://www.jra.go.jp/datafile/seiseki/report/2019/2019-1chukyo5.pdf,official_daily_result_pdf
201907010506,2019,中京,1,5,6,2019-02-02,https://www.jra.go.jp/datafile/seiseki/report/2019/2019-1chukyo5.pdf,official_daily_result_pdf
201907010507,2019,中京,1,5,7,2019-02-02,https://www.jra.go.jp/datafile/seiseki/report/2019/2019-1chukyo5.pdf,official_daily_result_pdf
201907010508,2019,中京,1,5,8,2019-02-02,https://www.jra.go.jp/datafile/seiseki/report/2019/2019-1chukyo5.pdf,official_daily_result_pdf
201907010509,2019,中京,1,5,9,2019-02-02,https://www.jra.go.jp/datafile/seiseki/report/2019/2019-1chukyo5.pdf,official_daily_result_pdf
201907010510,2019,中京,1,5,10,2019-02-02,https://www.jra.go.jp/datafile/seiseki/report/2019/2019-1chukyo5.pdf,official_daily_result_pdf
201907010511,2019,中京,1,5,11,2019-02-02,https://www.jra.go.jp/datafile/seiseki/report/2019/2019-1chukyo5.pdf,official_daily_result_pdf
201907010512,2019,中京,1,5,12,2019-02-02,https://www.jra.go.jp/datafile/seiseki/report/2019/2019-1chukyo5.pdf,official_daily_result_pdf
201907010601,2019,中京,1,6,1,2019-02-03,https://www.jra.go.jp/datafile/seiseki/report/2019/2019-1chukyo6.pdf,official_daily_result_pdf
201907010602,2019,中京,1,6,2,2019-02-03,https://www.jra.go.jp/datafile/seiseki/report/2019/2019-1chukyo6.pdf,official_daily_result_pdf
201907010603,2019,中京,1,6,3,2019-02-03,https://www.jra.go.jp/datafile/seiseki/report/2019/2019-1chukyo6.pdf,official_daily_result_pdf
201907010604,2019,中京,1,6,4,2019-02-03,https://www.jra.go.jp/datafile/seiseki/report/2019/2019-1chukyo6.pdf,official_daily_result_pdf
201907010605,2019,中京,1,6,5,2019-02-03,https://www.jra.go.jp/datafile/seiseki/report/2019/2019-1chukyo6.pdf,official_daily_result_pdf
201907010606,2019,中京,1,6,6,2019-02-03,https://www.jra.go.jp/datafile/seiseki/report/2019/2019-1chukyo6.pdf,official_daily_result_pdf
201907010607,2019,中京,1,6,7,2019-02-03,https://www.jra.go.jp/datafile/seiseki/report/2019/2019-1chukyo6.pdf,official_daily_result_pdf
201907010608,2019,中京,1,6,8,2019-02-03,https://www.jra.go.jp/datafile/seiseki/report/2019/2019-1chukyo6.pdf,official_daily_result_pdf
201907010609,2019,中京,1,6,9,2019-02-03,https://www.jra.go.jp/datafile/seiseki/report/2019/2019-1chukyo6.pdf,official_daily_result_pdf
201907010610,2019,中京,1,6,10,2019-02-03,https://www.jra.go.jp/datafile/seiseki/report/2019/2019-1chukyo6.pdf,official_daily_result_pdf
201907010611,2019,中京,1,6,11,2019-02-03,https://www.jra.go.jp/datafile/seiseki/report/2019/2019-1chukyo6.pdf,official_daily_result_pdf
201907010612,2019,中京,1,6,12,2019-02-03,https://www.jra.go.jp/datafile/seiseki/report/2019/2019-1chukyo6.pdf,official_daily_result_pdf
201907020101,2019,中京,2,1,1,2019-03-09,https://www.jra.go.jp/datafile/seiseki/report/2019/2019-2chukyo1.pdf,official_daily_result_pdf
201907020102,2019,中京,2,1,2,2019-03-09,https://www.jra.go.jp/datafile/seiseki/report/2019/2019-2chukyo1.pdf,official_daily_result_pdf
201907020103,2019,中京,2,1,3,2019-03-09,https://www.jra.go.jp/datafile/seiseki/report/2019/2019-2chukyo1.pdf,official_daily_result_pdf
201907020104,2019,中京,2,1,4,2019-03-09,https://www.jra.go.jp/datafile/seiseki/report/2019/2019-2chukyo1.pdf,official_daily_result_pdf
201907020105,2019,中京,2,1,5,2019-03-09,https://www.jra.go.jp/datafile/seiseki/report/2019/2019-2chukyo1.pdf,official_daily_result_pdf
201907020106,2019,中京,2,1,6,2019-03-09,https://www.jra.go.jp/datafile/seiseki/report/2019/2019-2chukyo1.pdf,official_daily_result_pdf
201907020107,2019,中京,2,1,7,2019-03-09,https://www.jra.go.jp/datafile/seiseki/report/2019/2019-2chukyo1.pdf,official_daily_result_pdf
201907020108,2019,中京,2,1,8,2019-03-09,https://www.jra.go.jp/datafile/seiseki/report/2019/2019-2chukyo1.pdf,official_daily_result_pdf
201907020109,2019,中京,2,1,9,2019-03-09,https://www.jra.go.jp/datafile/seiseki/report/2019/2019-2chukyo1.pdf,official_daily_result_pdf
201907020110,2019,中京,2,1,10,2019-03-09,https://www.jra.go.jp/datafile/seiseki/report/2019/2019-2chukyo1.pdf,official_daily_result_pdf
201907020111,2019,中京,2,1,11,2019-03-09,https://www.jra.go.jp/datafile/seiseki/report/2019/2019-2chukyo1.pdf,official_daily_result_pdf
201907020112,2019,中京,2,1,12,2019-03-09,https://www.jra.go.jp/datafile/seiseki/report/2019/2019-2chukyo1.pdf,official_daily_result_pdf
201907020201,2019,中京,2,2,1,2019-03-10,https://www.jra.go.jp/datafile/seiseki/report/2019/2019-2chukyo2.pdf,official_daily_result_pdf
201907020202,2019,中京,2,2,2,2019-03-10,https://www.jra.go.jp/datafile/seiseki/report/2019/2019-2chukyo2.pdf,official_daily_result_pdf
201907020203,2019,中京,2,2,3,2019-03-10,https://www.jra.go.jp/datafile/seiseki/report/2019/2019-2chukyo2.pdf,official_daily_result_pdf
201907020204,2019,中京,2,2,4,2019-03-10,https://www.jra.go.jp/datafile/seiseki/report/2019/2019-2chukyo2.pdf,official_daily_result_pdf
201907020205,2019,中京,2,2,5,2019-03-10,https://www.jra.go.jp/datafile/seiseki/report/2019/2019-2chukyo2.pdf,official_daily_result_pdf
201907020206,2019,中京,2,2,6,2019-03-10,https://www.jra.go.jp/datafile/seiseki/report/2019/2019-2chukyo2.pdf,official_daily_result_pdf
201907020207,2019,中京,2,2,7,2019-03-10,https://www.jra.go.jp/datafile/seiseki/report/2019/2019-2chukyo2.pdf,official_daily_result_pdf
201907020208,2019,中京,2,2,8,2019-03-10,https://www.jra.go.jp/datafile/seiseki/report/2019/2019-2chukyo2.pdf,official_daily_result_pdf
201907020209,2019,中京,2,2,9,2019-03-10,https://www.jra.go.jp/datafile/seiseki/report/2019/2019-2chukyo2.pdf,official_daily_result_pdf
201907020210,2019,中京,2,2,10,2019-03-10,https://www.jra.go.jp/datafile/seiseki/report/2019/2019-2chukyo2.pdf,official_daily_result_pdf
201907020211,2019,中京,2,2,11,2019-03-10,https://www.jra.go.jp/datafile/seiseki/report/2019/2019-2chukyo2.pdf,official_daily_result_pdf
201907020212,2019,中京,2,2,12,2019-03-10,https://www.jra.go.jp/datafile/seiseki/report/2019/2019-2chukyo2.pdf,official_daily_result_pdf
201907020301,2019,中京,2,3,1,2019-03-16,https://www.jra.go.jp/datafile/seiseki/report/2019/2019-2chukyo3.pdf,official_daily_result_pdf
201907020302,2019,中京,2,3,2,2019-03-16,https://www.jra.go.jp/datafile/seiseki/report/2019/2019-2chukyo3.pdf,official_daily_result_pdf
201907020303,2019,中京,2,3,3,2019-03-16,https://www.jra.go.jp/datafile/seiseki/report/2019/2019-2chukyo3.pdf,official_daily_result_pdf
201907020304,2019,中京,2,3,4,2019-03-16,https://www.jra.go.jp/datafile/seiseki/report/2019/2019-2chukyo3.pdf,official_daily_result_pdf
201907020305,2019,中京,2,3,5,2019-03-16,https://www.jra.go.jp/datafile/seiseki/report/2019/2019-2chukyo3.pdf,official_daily_result_pdf
201907020306,2019,中京,2,3,6,2019-03-16,https://www.jra.go.jp/datafile/seiseki/report/2019/2019-2chukyo3.pdf,official_daily_result_pdf
201907020307,2019,中京,2,3,7,2019-03-16,https://www.jra.go.jp/datafile/seiseki/report/2019/2019-2chukyo3.pdf,official_daily_result_pdf
201907020308,2019,中京,2,3,8,2019-03-16,https://www.jra.go.jp/datafile/seiseki/report/2019/2019-2chukyo3.pdf,official_daily_result_pdf
201907020309,2019,中京,2,3,9,2019-03-16,https://www.jra.go.jp/datafile/seiseki/report/2019/2019-2chukyo3.pdf,official_daily_result_pdf
201907020310,2019,中京,2,3,10,2019-03-16,https://www.jra.go.jp/datafile/seiseki/report/2019/2019-2chukyo3.pdf,official_daily_result_pdf
201907020311,2019,中京,2,3,11,2019-03-16,https://www.jra.go.jp/datafile/seiseki/report/2019/2019-2chukyo3.pdf,official_daily_result_pdf
201907020312,2019,中京,2,3,12,2019-03-16,https://www.jra.go.jp/datafile/seiseki/report/2019/2019-2chukyo3.pdf,official_daily_result_pdf
201907020401,2019,中京,2,4,1,2019-03-17,https://www.jra.go.jp/datafile/seiseki/report/2019/2019-2chukyo4.pdf,official_daily_result_pdf
201907020402,2019,中京,2,4,2,2019-03-17,https://www.jra.go.jp/datafile/seiseki/report/2019/2019-2chukyo4.pdf,official_daily_result_pdf
201907020403,2019,中京,2,4,3,2019-03-17,https://www.jra.go.jp/datafile/seiseki/report/2019/2019-2chukyo4.pdf,official_daily_result_pdf
201907020404,2019,中京,2,4,4,2019-03-17,https://www.jra.go.jp/datafile/seiseki/report/2019/2019-2chukyo4.pdf,official_daily_result_pdf
201907020405,2019,中京,2,4,5,2019-03-17,https://www.jra.go.jp/datafile/seiseki/report/2019/2019-2chukyo4.pdf,official_daily_result_pdf
201907020406,2019,中京,2,4,6,2019-03-17,https://www.jra.go.jp/datafile/seiseki/report/2019/2019-2chukyo4.pdf,official_daily_result_pdf
201907020407,2019,中京,2,4,7,2019-03-17,https://www.jra.go.jp/datafile/seiseki/report/2019/2019-2chukyo4.pdf,official_daily_result_pdf
201907020408,2019,中京,2,4,8,2019-03-17,https://www.jra.go.jp/datafile/seiseki/report/2019/2019-2chukyo4.pdf,official_daily_result_pdf
201907020409,2019,中京,2,4,9,2019-03-17,https://www.jra.go.jp/datafile/seiseki/report/2019/2019-2chukyo4.pdf,official_daily_result_pdf
201907020410,2019,中京,2,4,10,2019-03-17,https://www.jra.go.jp/datafile/seiseki/report/2019/2019-2chukyo4.pdf,official_daily_result_pdf
201907020411,2019,中京,2,4,11,2019-03-17,https://www.jra.go.jp/datafile/seiseki/report/2019/2019-2chukyo4.pdf,official_daily_result_pdf
201907020412,2019,中京,2,4,12,2019-03-17,https://www.jra.go.jp/datafile/seiseki/report/2019/2019-2chukyo4.pdf,official_daily_result_pdf
201907020501,2019,中京,2,5,1,2019-03-23,https://www.jra.go.jp/datafile/seiseki/report/2019/2019-2chukyo5.pdf,official_daily_result_pdf
201907020502,2019,中京,2,5,2,2019-03-23,https://www.jra.go.jp/datafile/seiseki/report/2019/2019-2chukyo5.pdf,official_daily_result_pdf
201907020503,2019,中京,2,5,3,2019-03-23,https://www.jra.go.jp/datafile/seiseki/report/2019/2019-2chukyo5.pdf,official_daily_result_pdf
201907020504,2019,中京,2,5,4,2019-03-23,https://www.jra.go.jp/datafile/seiseki/report/2019/2019-2chukyo5.pdf,official_daily_result_pdf
201907020505,2019,中京,2,5,5,2019-03-23,https://www.jra.go.jp/datafile/seiseki/report/2019/2019-2chukyo5.pdf,official_daily_result_pdf
201907020506,2019,中京,2,5,6,2019-03-23,https://www.jra.go.jp/datafile/seiseki/report/2019/2019-2chukyo5.pdf,official_daily_result_pdf
201907020507,2019,中京,2,5,7,2019-03-23,https://www.jra.go.jp/datafile/seiseki/report/2019/2019-2chukyo5.pdf,official_daily_result_pdf
201907020508,2019,中京,2,5,8,2019-03-23,https://www.jra.go.jp/datafile/seiseki/report/2019/2019-2chukyo5.pdf,official_daily_result_pdf
201907020509,2019,中京,2,5,9,2019-03-23,https://www.jra.go.jp/datafile/seiseki/report/2019/2019-2chukyo5.pdf,official_daily_result_pdf
201907020510,2019,中京,2,5,10,2019-03-23,https://www.jra.go.jp/datafile/seiseki/report/2019/2019-2chukyo5.pdf,official_daily_result_pdf
201907020511,2019,中京,2,5,11,2019-03-23,https://www.jra.go.jp/datafile/seiseki/report/2019/2019-2chukyo5.pdf,official_daily_result_pdf
201907020512,2019,中京,2,5,12,2019-03-23,https://www.jra.go.jp/datafile/seiseki/report/2019/2019-2chukyo5.pdf,official_daily_result_pdf
201907020601,2019,中京,2,6,1,2019-03-24,https://www.jra.go.jp/datafile/seiseki/report/2019/2019-2chukyo6.pdf,official_daily_result_pdf
201907020602,2019,中京,2,6,2,2019-03-24,https://www.jra.go.jp/datafile/seiseki/report/2019/2019-2chukyo6.pdf,official_daily_result_pdf
201907020603,2019,中京,2,6,3,2019-03-24,https://www.jra.go.jp/datafile/seiseki/report/2019/2019-2chukyo6.pdf,official_daily_result_pdf
201907020604,2019,中京,2,6,4,2019-03-24,https://www.jra.go.jp/datafile/seiseki/report/2019/2019-2chukyo6.pdf,official_daily_result_pdf
201907020605,2019,中京,2,6,5,2019-03-24,https://www.jra.go.jp/datafile/seiseki/report/2019/2019-2chukyo6.pdf,official_daily_result_pdf
201907020606,2019,中京,2,6,6,2019-03-24,https://www.jra.go.jp/datafile/seiseki/report/2019/2019-2chukyo6.pdf,official_daily_result_pdf
201907020607,2019,中京,2,6,7,2019-03-24,https://www.jra.go.jp/datafile/seiseki/report/2019/2019-2chukyo6.pdf,official_daily_result_pdf
201907020608,2019,中京,2,6,8,2019-03-24,https://www.jra.go.jp/datafile/seiseki/report/2019/2019-2chukyo6.pdf,official_daily_result_pdf
201907020609,2019,中京,2,6,9,2019-03-24,https://www.jra.go.jp/datafile/seiseki/report/2019/2019-2chukyo6.pdf,official_daily_result_pdf
201907020610,2019,中京,2,6,10,2019-03-24,https://www.jra.go.jp/datafile/seiseki/report/2019/2019-2chukyo6.pdf,official_daily_result_pdf
201907020611,2019,中京,2,6,11,2019-03-24,https://www.jra.go.jp/datafile/seiseki/report/2019/2019-2chukyo6.pdf,official_daily_result_pdf
201907020612,2019,中京,2,6,12,2019-03-24,https://www.jra.go.jp/datafile/seiseki/report/2019/2019-2chukyo6.pdf,official_daily_result_pdf
201907030101,2019,中京,3,1,1,2019-06-29,https://www.jra.go.jp/datafile/seiseki/report/2019/2019-3chukyo1.pdf,official_daily_result_pdf
201907030102,2019,中京,3,1,2,2019-06-29,https://www.jra.go.jp/datafile/seiseki/report/2019/2019-3chukyo1.pdf,official_daily_result_pdf
201907030103,2019,中京,3,1,3,2019-06-29,https://www.jra.go.jp/datafile/seiseki/report/2019/2019-3chukyo1.pdf,official_daily_result_pdf
201907030104,2019,中京,3,1,4,2019-06-29,https://www.jra.go.jp/datafile/seiseki/report/2019/2019-3chukyo1.pdf,official_daily_result_pdf
201907030105,2019,中京,3,1,5,2019-06-29,https://www.jra.go.jp/datafile/seiseki/report/2019/2019-3chukyo1.pdf,official_daily_result_pdf
201907030106,2019,中京,3,1,6,2019-06-29,https://www.jra.go.jp/datafile/seiseki/report/2019/2019-3chukyo1.pdf,official_daily_result_pdf
201907030107,2019,中京,3,1,7,2019-06-29,https://www.jra.go.jp/datafile/seiseki/report/2019/2019-3chukyo1.pdf,official_daily_result_pdf
201907030108,2019,中京,3,1,8,2019-06-29,https://www.jra.go.jp/datafile/seiseki/report/2019/2019-3chukyo1.pdf,official_daily_result_pdf
201907030109,2019,中京,3,1,9,2019-06-29,https://www.jra.go.jp/datafile/seiseki/report/2019/2019-3chukyo1.pdf,official_daily_result_pdf
201907030110,2019,中京,3,1,10,2019-06-29,https://www.jra.go.jp/datafile/seiseki/report/2019/2019-3chukyo1.pdf,official_daily_result_pdf
201907030111,2019,中京,3,1,11,2019-06-29,https://www.jra.go.jp/datafile/seiseki/report/2019/2019-3chukyo1.pdf,official_daily_result_pdf
201907030112,2019,中京,3,1,12,2019-06-29,https://www.jra.go.jp/datafile/seiseki/report/2019/2019-3chukyo1.pdf,official_daily_result_pdf
201907030201,2019,中京,3,2,1,2019-06-30,https://www.jra.go.jp/datafile/seiseki/report/2019/2019-3chukyo2.pdf,official_daily_result_pdf
201907030202,2019,中京,3,2,2,2019-06-30,https://www.jra.go.jp/datafile/seiseki/report/2019/2019-3chukyo2.pdf,official_daily_result_pdf
201907030203,2019,中京,3,2,3,2019-06-30,https://www.jra.go.jp/datafile/seiseki/report/2019/2019-3chukyo2.pdf,official_daily_result_pdf
201907030204,2019,中京,3,2,4,2019-06-30,https://www.jra.go.jp/datafile/seiseki/report/2019/2019-3chukyo2.pdf,official_daily_result_pdf
201907030205,2019,中京,3,2,5,2019-06-30,https://www.jra.go.jp/datafile/seiseki/report/2019/2019-3chukyo2.pdf,official_daily_result_pdf
201907030206,2019,中京,3,2,6,2019-06-30,https://www.jra.go.jp/datafile/seiseki/report/2019/2019-3chukyo2.pdf,official_daily_result_pdf
201907030207,2019,中京,3,2,7,2019-06-30,https://www.jra.go.jp/datafile/seiseki/report/2019/2019-3chukyo2.pdf,official_daily_result_pdf
201907030208,2019,中京,3,2,8,2019-06-30,https://www.jra.go.jp/datafile/seiseki/report/2019/2019-3chukyo2.pdf,official_daily_result_pdf
201907030209,2019,中京,3,2,9,2019-06-30,https://www.jra.go.jp/datafile/seiseki/report/2019/2019-3chukyo2.pdf,official_daily_result_pdf
201907030210,2019,中京,3,2,10,2019-06-30,https://www.jra.go.jp/datafile/seiseki/report/2019/2019-3chukyo2.pdf,official_daily_result_pdf
201907030211,2019,中京,3,2,11,2019-06-30,https://www.jra.go.jp/datafile/seiseki/report/2019/2019-3chukyo2.pdf,official_daily_result_pdf
201907030212,2019,中京,3,2,12,2019-06-30,https://www.jra.go.jp/datafile/seiseki/report/2019/2019-3chukyo2.pdf,official_daily_result_pdf
201907030301,2019,中京,3,3,1,2019-07-06,https://www.jra.go.jp/datafile/seiseki/report/2019/2019-3chukyo3.pdf,official_daily_result_pdf
201907030302,2019,中京,3,3,2,2019-07-06,https://www.jra.go.jp/datafile/seiseki/report/2019/2019-3chukyo3.pdf,official_daily_result_pdf
201907030303,2019,中京,3,3,3,2019-07-06,https://www.jra.go.jp/datafile/seiseki/report/2019/2019-3chukyo3.pdf,official_daily_result_pdf
201907030304,2019,中京,3,3,4,2019-07-06,https://www.jra.go.jp/datafile/seiseki/report/2019/2019-3chukyo3.pdf,official_daily_result_pdf
201907030305,2019,中京,3,3,5,2019-07-06,https://www.jra.go.jp/datafile/seiseki/report/2019/2019-3chukyo3.pdf,official_daily_result_pdf
201907030306,2019,中京,3,3,6,2019-07-06,https://www.jra.go.jp/datafile/seiseki/report/2019/2019-3chukyo3.pdf,official_daily_result_pdf
201907030307,2019,中京,3,3,7,2019-07-06,https://www.jra.go.jp/datafile/seiseki/report/2019/2019-3chukyo3.pdf,official_daily_result_pdf
201907030308,2019,中京,3,3,8,2019-07-06,https://www.jra.go.jp/datafile/seiseki/report/2019/2019-3chukyo3.pdf,official_daily_result_pdf
201907030309,2019,中京,3,3,9,2019-07-06,https://www.jra.go.jp/datafile/seiseki/report/2019/2019-3chukyo3.pdf,official_daily_result_pdf
201907030310,2019,中京,3,3,10,2019-07-06,https://www.jra.go.jp/datafile/seiseki/report/2019/2019-3chukyo3.pdf,official_daily_result_pdf
201907030311,2019,中京,3,3,11,2019-07-06,https://www.jra.go.jp/datafile/seiseki/report/2019/2019-3chukyo3.pdf,official_daily_result_pdf
201907030312,2019,中京,3,3,12,2019-07-06,https://www.jra.go.jp/datafile/seiseki/report/2019/2019-3chukyo3.pdf,official_daily_result_pdf
201907030401,2019,中京,3,4,1,2019-07-07,https://www.jra.go.jp/datafile/seiseki/report/2019/2019-3chukyo4.pdf,official_daily_result_pdf
201907030402,2019,中京,3,4,2,2019-07-07,https://www.jra.go.jp/datafile/seiseki/report/2019/2019-3chukyo4.pdf,official_daily_result_pdf
201907030403,2019,中京,3,4,3,2019-07-07,https://www.jra.go.jp/datafile/seiseki/report/2019/2019-3chukyo4.pdf,official_daily_result_pdf
201907030404,2019,中京,3,4,4,2019-07-07,https://www.jra.go.jp/datafile/seiseki/report/2019/2019-3chukyo4.pdf,official_daily_result_pdf
201907030405,2019,中京,3,4,5,2019-07-07,https://www.jra.go.jp/datafile/seiseki/report/2019/2019-3chukyo4.pdf,official_daily_result_pdf
201907030406,2019,中京,3,4,6,2019-07-07,https://www.jra.go.jp/datafile/seiseki/report/2019/2019-3chukyo4.pdf,official_daily_result_pdf
201907030407,2019,中京,3,4,7,2019-07-07,https://www.jra.go.jp/datafile/seiseki/report/2019/2019-3chukyo4.pdf,official_daily_result_pdf
201907030408,2019,中京,3,4,8,2019-07-07,https://www.jra.go.jp/datafile/seiseki/report/2019/2019-3chukyo4.pdf,official_daily_result_pdf
201907030409,2019,中京,3,4,9,2019-07-07,https://www.jra.go.jp/datafile/seiseki/report/2019/2019-3chukyo4.pdf,official_daily_result_pdf
201907030410,2019,中京,3,4,10,2019-07-07,https://www.jra.go.jp/datafile/seiseki/report/2019/2019-3chukyo4.pdf,official_daily_result_pdf
201907030411,2019,中京,3,4,11,2019-07-07,https://www.jra.go.jp/datafile/seiseki/report/2019/2019-3chukyo4.pdf,official_daily_result_pdf
201907030412,2019,中京,3,4,12,2019-07-07,https://www.jra.go.jp/datafile/seiseki/report/2019/2019-3chukyo4.pdf,official_daily_result_pdf
201907030501,2019,中京,3,5,1,2019-07-13,https://www.jra.go.jp/datafile/seiseki/report/2019/2019-3chukyo5.pdf,official_daily_result_pdf
201907030502,2019,中京,3,5,2,2019-07-13,https://www.jra.go.jp/datafile/seiseki/report/2019/2019-3chukyo5.pdf,official_daily_result_pdf
201907030503,2019,中京,3,5,3,2019-07-13,https://www.jra.go.jp/datafile/seiseki/report/2019/2019-3chukyo5.pdf,official_daily_result_pdf
201907030504,2019,中京,3,5,4,2019-07-13,https://www.jra.go.jp/datafile/seiseki/report/2019/2019-3chukyo5.pdf,official_daily_result_pdf
201907030505,2019,中京,3,5,5,2019-07-13,https://www.jra.go.jp/datafile/seiseki/report/2019/2019-3chukyo5.pdf,official_daily_result_pdf
201907030506,2019,中京,3,5,6,2019-07-13,https://www.jra.go.jp/datafile/seiseki/report/2019/2019-3chukyo5.pdf,official_daily_result_pdf
201907030507,2019,中京,3,5,7,2019-07-13,https://www.jra.go.jp/datafile/seiseki/report/2019/2019-3chukyo5.pdf,official_daily_result_pdf
201907030508,2019,中京,3,5,8,2019-07-13,https://www.jra.go.jp/datafile/seiseki/report/2019/2019-3chukyo5.pdf,official_daily_result_pdf
201907030509,2019,中京,3,5,9,2019-07-13,https://www.jra.go.jp/datafile/seiseki/report/2019/2019-3chukyo5.pdf,official_daily_result_pdf
201907030510,2019,中京,3,5,10,2019-07-13,https://www.jra.go.jp/datafile/seiseki/report/2019/2019-3chukyo5.pdf,official_daily_result_pdf
201907030511,2019,中京,3,5,11,2019-07-13,https://www.jra.go.jp/datafile/seiseki/report/2019/2019-3chukyo5.pdf,official_daily_result_pdf
201907030512,2019,中京,3,5,12,2019-07-13,https://www.jra.go.jp/datafile/seiseki/report/2019/2019-3chukyo5.pdf,official_daily_result_pdf
201907030601,2019,中京,3,6,1,2019-07-14,https://www.jra.go.jp/datafile/seiseki/report/2019/2019-3chukyo6.pdf,official_daily_result_pdf
201907030602,2019,中京,3,6,2,2019-07-14,https://www.jra.go.jp/datafile/seiseki/report/2019/2019-3chukyo6.pdf,official_daily_result_pdf
201907030603,2019,中京,3,6,3,2019-07-14,https://www.jra.go.jp/datafile/seiseki/report/2019/2019-3chukyo6.pdf,official_daily_result_pdf
201907030604,2019,中京,3,6,4,2019-07-14,https://www.jra.go.jp/datafile/seiseki/report/2019/2019-3chukyo6.pdf,official_daily_result_pdf
201907030605,2019,中京,3,6,5,2019-07-14,https://www.jra.go.jp/datafile/seiseki/report/2019/2019-3chukyo6.pdf,official_daily_result_pdf
201907030606,2019,中京,3,6,6,2019-07-14,https://www.jra.go.jp/datafile/seiseki/report/2019/2019-3chukyo6.pdf,official_daily_result_pdf
201907030607,2019,中京,3,6,7,2019-07-14,https://www.jra.go.jp/datafile/seiseki/report/2019/2019-3chukyo6.pdf,official_daily_result_pdf
201907030608,2019,中京,3,6,8,2019-07-14,https://www.jra.go.jp/datafile/seiseki/report/2019/2019-3chukyo6.pdf,official_daily_result_pdf
201907030609,2019,中京,3,6,9,2019-07-14,https://www.jra.go.jp/datafile/seiseki/report/2019/2019-3chukyo6.pdf,official_daily_result_pdf
201907030610,2019,中京,3,6,10,2019-07-14,https://www.jra.go.jp/datafile/seiseki/report/2019/2019-3chukyo6.pdf,official_daily_result_pdf
201907030611,2019,中京,3,6,11,2019-07-14,https://www.jra.go.jp/datafile/seiseki/report/2019/2019-3chukyo6.pdf,official_daily_result_pdf
201907030612,2019,中京,3,6,12,2019-07-14,https://www.jra.go.jp/datafile/seiseki/report/2019/2019-3chukyo6.pdf,official_daily_result_pdf
201907030701,2019,中京,3,7,1,2019-07-20,https://www.jra.go.jp/datafile/seiseki/report/2019/2019-3chukyo7.pdf,official_daily_result_pdf
201907030702,2019,中京,3,7,2,2019-07-20,https://www.jra.go.jp/datafile/seiseki/report/2019/2019-3chukyo7.pdf,official_daily_result_pdf
201907030703,2019,中京,3,7,3,2019-07-20,https://www.jra.go.jp/datafile/seiseki/report/2019/2019-3chukyo7.pdf,official_daily_result_pdf
201907030704,2019,中京,3,7,4,2019-07-20,https://www.jra.go.jp/datafile/seiseki/report/2019/2019-3chukyo7.pdf,official_daily_result_pdf
201907030705,2019,中京,3,7,5,2019-07-20,https://www.jra.go.jp/datafile/seiseki/report/2019/2019-3chukyo7.pdf,official_daily_result_pdf
201907030706,2019,中京,3,7,6,2019-07-20,https://www.jra.go.jp/datafile/seiseki/report/2019/2019-3chukyo7.pdf,official_daily_result_pdf
201907030707,2019,中京,3,7,7,2019-07-20,https://www.jra.go.jp/datafile/seiseki/report/2019/2019-3chukyo7.pdf,official_daily_result_pdf
201907030708,2019,中京,3,7,8,2019-07-20,https://www.jra.go.jp/datafile/seiseki/report/2019/2019-3chukyo7.pdf,official_daily_result_pdf
201907030709,2019,中京,3,7,9,2019-07-20,https://www.jra.go.jp/datafile/seiseki/report/2019/2019-3chukyo7.pdf,official_daily_result_pdf
201907030710,2019,中京,3,7,10,2019-07-20,https://www.jra.go.jp/datafile/seiseki/report/2019/2019-3chukyo7.pdf,official_daily_result_pdf
201907030711,2019,中京,3,7,11,2019-07-20,https://www.jra.go.jp/datafile/seiseki/report/2019/2019-3chukyo7.pdf,official_daily_result_pdf
201907030712,2019,中京,3,7,12,2019-07-20,https://www.jra.go.jp/datafile/seiseki/report/2019/2019-3chukyo7.pdf,official_daily_result_pdf
201907030801,2019,中京,3,8,1,2019-07-21,https://www.jra.go.jp/datafile/seiseki/report/2019/2019-3chukyo8.pdf,official_daily_result_pdf
201907030802,2019,中京,3,8,2,2019-07-21,https://www.jra.go.jp/datafile/seiseki/report/2019/2019-3chukyo8.pdf,official_daily_result_pdf
201907030803,2019,中京,3,8,3,2019-07-21,https://www.jra.go.jp/datafile/seiseki/report/2019/2019-3chukyo8.pdf,official_daily_result_pdf
201907030804,2019,中京,3,8,4,2019-07-21,https://www.jra.go.jp/datafile/seiseki/report/2019/2019-3chukyo8.pdf,official_daily_result_pdf
201907030805,2019,中京,3,8,5,2019-07-21,https://www.jra.go.jp/datafile/seiseki/report/2019/2019-3chukyo8.pdf,official_daily_result_pdf
201907030806,2019,中京,3,8,6,2019-07-21,https://www.jra.go.jp/datafile/seiseki/report/2019/2019-3chukyo8.pdf,official_daily_result_pdf
201907030807,2019,中京,3,8,7,2019-07-21,https://www.jra.go.jp/datafile/seiseki/report/2019/2019-3chukyo8.pdf,official_daily_result_pdf
201907030808,2019,中京,3,8,8,2019-07-21,https://www.jra.go.jp/datafile/seiseki/report/2019/2019-3chukyo8.pdf,official_daily_result_pdf
201907030809,2019,中京,3,8,9,2019-07-21,https://www.jra.go.jp/datafile/seiseki/report/2019/2019-3chukyo8.pdf,official_daily_result_pdf
201907030810,2019,中京,3,8,10,2019-07-21,https://www.jra.go.jp/datafile/seiseki/report/2019/2019-3chukyo8.pdf,official_daily_result_pdf
201907030811,2019,中京,3,8,11,2019-07-21,https://www.jra.go.jp/datafile/seiseki/report/2019/2019-3chukyo8.pdf,official_daily_result_pdf
201907030812,2019,中京,3,8,12,2019-07-21,https://www.jra.go.jp/datafile/seiseki/report/2019/2019-3chukyo8.pdf,official_daily_result_pdf
201907040101,2019,中京,4,1,1,2019-11-30,https://www.jra.go.jp/datafile/seiseki/report/2019/2019-4chukyo1.pdf,official_daily_result_pdf
201907040102,2019,中京,4,1,2,2019-11-30,https://www.jra.go.jp/datafile/seiseki/report/2019/2019-4chukyo1.pdf,official_daily_result_pdf
201907040103,2019,中京,4,1,3,2019-11-30,https://www.jra.go.jp/datafile/seiseki/report/2019/2019-4chukyo1.pdf,official_daily_result_pdf
201907040104,2019,中京,4,1,4,2019-11-30,https://www.jra.go.jp/datafile/seiseki/report/2019/2019-4chukyo1.pdf,official_daily_result_pdf
201907040105,2019,中京,4,1,5,2019-11-30,https://www.jra.go.jp/datafile/seiseki/report/2019/2019-4chukyo1.pdf,official_daily_result_pdf
201907040106,2019,中京,4,1,6,2019-11-30,https://www.jra.go.jp/datafile/seiseki/report/2019/2019-4chukyo1.pdf,official_daily_result_pdf
201907040107,2019,中京,4,1,7,2019-11-30,https://www.jra.go.jp/datafile/seiseki/report/2019/2019-4chukyo1.pdf,official_daily_result_pdf
201907040108,2019,中京,4,1,8,2019-11-30,https://www.jra.go.jp/datafile/seiseki/report/2019/2019-4chukyo1.pdf,official_daily_result_pdf
201907040109,2019,中京,4,1,9,2019-11-30,https://www.jra.go.jp/datafile/seiseki/report/2019/2019-4chukyo1.pdf,official_daily_result_pdf
201907040110,2019,中京,4,1,10,2019-11-30,https://www.jra.go.jp/datafile/seiseki/report/2019/2019-4chukyo1.pdf,official_daily_result_pdf
201907040111,2019,中京,4,1,11,2019-11-30,https://www.jra.go.jp/datafile/seiseki/report/2019/2019-4chukyo1.pdf,official_daily_result_pdf
201907040112,2019,中京,4,1,12,2019-11-30,https://www.jra.go.jp/datafile/seiseki/report/2019/2019-4chukyo1.pdf,official_daily_result_pdf
201907040201,2019,中京,4,2,1,2019-12-01,https://www.jra.go.jp/datafile/seiseki/report/2019/2019-4chukyo2.pdf,official_daily_result_pdf
201907040202,2019,中京,4,2,2,2019-12-01,https://www.jra.go.jp/datafile/seiseki/report/2019/2019-4chukyo2.pdf,official_daily_result_pdf
201907040203,2019,中京,4,2,3,2019-12-01,https://www.jra.go.jp/datafile/seiseki/report/2019/2019-4chukyo2.pdf,official_daily_result_pdf
201907040204,2019,中京,4,2,4,2019-12-01,https://www.jra.go.jp/datafile/seiseki/report/2019/2019-4chukyo2.pdf,official_daily_result_pdf
201907040205,2019,中京,4,2,5,2019-12-01,https://www.jra.go.jp/datafile/seiseki/report/2019/2019-4chukyo2.pdf,official_daily_result_pdf
201907040206,2019,中京,4,2,6,2019-12-01,https://www.jra.go.jp/datafile/seiseki/report/2019/2019-4chukyo2.pdf,official_daily_result_pdf
201907040207,2019,中京,4,2,7,2019-12-01,https://www.jra.go.jp/datafile/seiseki/report/2019/2019-4chukyo2.pdf,official_daily_result_pdf
201907040208,2019,中京,4,2,8,2019-12-01,https://www.jra.go.jp/datafile/seiseki/report/2019/2019-4chukyo2.pdf,official_daily_result_pdf
201907040209,2019,中京,4,2,9,2019-12-01,https://www.jra.go.jp/datafile/seiseki/report/2019/2019-4chukyo2.pdf,official_daily_result_pdf
201907040210,2019,中京,4,2,10,2019-12-01,https://www.jra.go.jp/datafile/seiseki/report/2019/2019-4chukyo2.pdf,official_daily_result_pdf
201907040211,2019,中京,4,2,11,2019-12-01,https://www.jra.go.jp/datafile/seiseki/report/2019/2019-4chukyo2.pdf,official_daily_result_pdf
201907040212,2019,中京,4,2,12,2019-12-01,https://www.jra.go.jp/datafile/seiseki/report/2019/2019-4chukyo2.pdf,official_daily_result_pdf
201907040301,2019,中京,4,3,1,2019-12-07,https://www.jra.go.jp/datafile/seiseki/report/2019/2019-4chukyo3.pdf,official_daily_result_pdf
201907040302,2019,中京,4,3,2,2019-12-07,https://www.jra.go.jp/datafile/seiseki/report/2019/2019-4chukyo3.pdf,official_daily_result_pdf
201907040303,2019,中京,4,3,3,2019-12-07,https://www.jra.go.jp/datafile/seiseki/report/2019/2019-4chukyo3.pdf,official_daily_result_pdf
201907040304,2019,中京,4,3,4,2019-12-07,https://www.jra.go.jp/datafile/seiseki/report/2019/2019-4chukyo3.pdf,official_daily_result_pdf
201907040305,2019,中京,4,3,5,2019-12-07,https://www.jra.go.jp/datafile/seiseki/report/2019/2019-4chukyo3.pdf,official_daily_result_pdf
201907040306,2019,中京,4,3,6,2019-12-07,https://www.jra.go.jp/datafile/seiseki/report/2019/2019-4chukyo3.pdf,official_daily_result_pdf
201907040307,2019,中京,4,3,7,2019-12-07,https://www.jra.go.jp/datafile/seiseki/report/2019/2019-4chukyo3.pdf,official_daily_result_pdf
201907040308,2019,中京,4,3,8,2019-12-07,https://www.jra.go.jp/datafile/seiseki/report/2019/2019-4chukyo3.pdf,official_daily_result_pdf
201907040309,2019,中京,4,3,9,2019-12-07,https://www.jra.go.jp/datafile/seiseki/report/2019/2019-4chukyo3.pdf,official_daily_result_pdf
201907040310,2019,中京,4,3,10,2019-12-07,https://www.jra.go.jp/datafile/seiseki/report/2019/2019-4chukyo3.pdf,official_daily_result_pdf
201907040311,2019,中京,4,3,11,2019-12-07,https://www.jra.go.jp/datafile/seiseki/report/2019/2019-4chukyo3.pdf,official_daily_result_pdf
201907040312,2019,中京,4,3,12,2019-12-07,https://www.jra.go.jp/datafile/seiseki/report/2019/2019-4chukyo3.pdf,official_daily_result_pdf
201907040401,2019,中京,4,4,1,2019-12-08,https://www.jra.go.jp/datafile/seiseki/report/2019/2019-4chukyo4.pdf,official_daily_result_pdf
201907040402,2019,中京,4,4,2,2019-12-08,https://www.jra.go.jp/datafile/seiseki/report/2019/2019-4chukyo4.pdf,official_daily_result_pdf
201907040403,2019,中京,4,4,3,2019-12-08,https://www.jra.go.jp/datafile/seiseki/report/2019/2019-4chukyo4.pdf,official_daily_result_pdf
201907040404,2019,中京,4,4,4,2019-12-08,https://www.jra.go.jp/datafile/seiseki/report/2019/2019-4chukyo4.pdf,official_daily_result_pdf
201907040405,2019,中京,4,4,5,2019-12-08,https://www.jra.go.jp/datafile/seiseki/report/2019/2019-4chukyo4.pdf,official_daily_result_pdf
201907040406,2019,中京,4,4,6,2019-12-08,https://www.jra.go.jp/datafile/seiseki/report/2019/2019-4chukyo4.pdf,official_daily_result_pdf
201907040407,2019,中京,4,4,7,2019-12-08,https://www.jra.go.jp/datafile/seiseki/report/2019/2019-4chukyo4.pdf,official_daily_result_pdf
201907040408,2019,中京,4,4,8,2019-12-08,https://www.jra.go.jp/datafile/seiseki/report/2019/2019-4chukyo4.pdf,official_daily_result_pdf
201907040409,2019,中京,4,4,9,2019-12-08,https://www.jra.go.jp/datafile/seiseki/report/2019/2019-4chukyo4.pdf,official_daily_result_pdf
201907040410,2019,中京,4,4,10,2019-12-08,https://www.jra.go.jp/datafile/seiseki/report/2019/2019-4chukyo4.pdf,official_daily_result_pdf
201907040411,2019,中京,4,4,11,2019-12-08,https://www.jra.go.jp/datafile/seiseki/report/2019/2019-4chukyo4.pdf,official_daily_result_pdf
201907040412,2019,中京,4,4,12,2019-12-08,https://www.jra.go.jp/datafile/seiseki/report/2019/2019-4chukyo4.pdf,official_daily_result_pdf
201907040501,2019,中京,4,5,1,2019-12-14,https://www.jra.go.jp/datafile/seiseki/report/2019/2019-4chukyo5.pdf,official_daily_result_pdf
201907040502,2019,中京,4,5,2,2019-12-14,https://www.jra.go.jp/datafile/seiseki/report/2019/2019-4chukyo5.pdf,official_daily_result_pdf
201907040503,2019,中京,4,5,3,2019-12-14,https://www.jra.go.jp/datafile/seiseki/report/2019/2019-4chukyo5.pdf,official_daily_result_pdf
201907040504,2019,中京,4,5,4,2019-12-14,https://www.jra.go.jp/datafile/seiseki/report/2019/2019-4chukyo5.pdf,official_daily_result_pdf
201907040505,2019,中京,4,5,5,2019-12-14,https://www.jra.go.jp/datafile/seiseki/report/2019/2019-4chukyo5.pdf,official_daily_result_pdf
201907040506,2019,中京,4,5,6,2019-12-14,https://www.jra.go.jp/datafile/seiseki/report/2019/2019-4chukyo5.pdf,official_daily_result_pdf
201907040507,2019,中京,4,5,7,2019-12-14,https://www.jra.go.jp/datafile/seiseki/report/2019/2019-4chukyo5.pdf,official_daily_result_pdf
201907040508,2019,中京,4,5,8,2019-12-14,https://www.jra.go.jp/datafile/seiseki/report/2019/2019-4chukyo5.pdf,official_daily_result_pdf
201907040509,2019,中京,4,5,9,2019-12-14,https://www.jra.go.jp/datafile/seiseki/report/2019/2019-4chukyo5.pdf,official_daily_result_pdf
201907040510,2019,中京,4,5,10,2019-12-14,https://www.jra.go.jp/datafile/seiseki/report/2019/2019-4chukyo5.pdf,official_daily_result_pdf
201907040511,2019,中京,4,5,11,2019-12-14,https://www.jra.go.jp/datafile/seiseki/report/2019/2019-4chukyo5.pdf,official_daily_result_pdf
201907040512,2019,中京,4,5,12,2019-12-14,https://www.jra.go.jp/datafile/seiseki/report/2019/2019-4chukyo5.pdf,official_daily_result_pdf
201907040601,2019,中京,4,6,1,2019-12-15,https://www.jra.go.jp/datafile/seiseki/report/2019/2019-4chukyo6.pdf,official_daily_result_pdf
201907040602,2019,中京,4,6,2,2019-12-15,https://www.jra.go.jp/datafile/seiseki/report/2019/2019-4chukyo6.pdf,official_daily_result_pdf
201907040603,2019,中京,4,6,3,2019-12-15,https://www.jra.go.jp/datafile/seiseki/report/2019/2019-4chukyo6.pdf,official_daily_result_pdf
201907040604,2019,中京,4,6,4,2019-12-15,https://www.jra.go.jp/datafile/seiseki/report/2019/2019-4chukyo6.pdf,official_daily_result_pdf
201907040605,2019,中京,4,6,5,2019-12-15,https://www.jra.go.jp/datafile/seiseki/report/2019/2019-4chukyo6.pdf,official_daily_result_pdf
201907040606,2019,中京,4,6,6,2019-12-15,https://www.jra.go.jp/datafile/seiseki/report/2019/2019-4chukyo6.pdf,official_daily_result_pdf
201907040607,2019,中京,4,6,7,2019-12-15,https://www.jra.go.jp/datafile/seiseki/report/2019/2019-4chukyo6.pdf,official_daily_result_pdf
201907040608,2019,中京,4,6,8,2019-12-15,https://www.jra.go.jp/datafile/seiseki/report/2019/2019-4chukyo6.pdf,official_daily_result_pdf
201907040609,2019,中京,4,6,9,2019-12-15,https://www.jra.go.jp/datafile/seiseki/report/2019/2019-4chukyo6.pdf,official_daily_result_pdf
201907040610,2019,中京,4,6,10,2019-12-15,https://www.jra.go.jp/datafile/seiseki/report/2019/2019-4chukyo6.pdf,official_daily_result_pdf
201907040611,2019,中京,4,6,11,2019-12-15,https://www.jra.go.jp/datafile/seiseki/report/2019/2019-4chukyo6.pdf,official_daily_result_pdf
201907040612,2019,中京,4,6,12,2019-12-15,https://www.jra.go.jp/datafile/seiseki/report/2019/2019-4chukyo6.pdf,official_daily_result_pdf
201908010101,2019,京都,1,1,1,2019-01-05,https://www.jra.go.jp/datafile/seiseki/report/2019/2019-1kyoto1.pdf,official_daily_result_pdf
201908010102,2019,京都,1,1,2,2019-01-05,https://www.jra.go.jp/datafile/seiseki/report/2019/2019-1kyoto1.pdf,official_daily_result_pdf
201908010103,2019,京都,1,1,3,2019-01-05,https://www.jra.go.jp/datafile/seiseki/report/2019/2019-1kyoto1.pdf,official_daily_result_pdf
201908010104,2019,京都,1,1,4,2019-01-05,https://www.jra.go.jp/datafile/seiseki/report/2019/2019-1kyoto1.pdf,official_daily_result_pdf
201908010105,2019,京都,1,1,5,2019-01-05,https://www.jra.go.jp/datafile/seiseki/report/2019/2019-1kyoto1.pdf,official_daily_result_pdf
201908010106,2019,京都,1,1,6,2019-01-05,https://www.jra.go.jp/datafile/seiseki/report/2019/2019-1kyoto1.pdf,official_daily_result_pdf
201908010107,2019,京都,1,1,7,2019-01-05,https://www.jra.go.jp/datafile/seiseki/report/2019/2019-1kyoto1.pdf,official_daily_result_pdf
201908010108,2019,京都,1,1,8,2019-01-05,https://www.jra.go.jp/datafile/seiseki/report/2019/2019-1kyoto1.pdf,official_daily_result_pdf
201908010109,2019,京都,1,1,9,2019-01-05,https://www.jra.go.jp/datafile/seiseki/report/2019/2019-1kyoto1.pdf,official_daily_result_pdf
201908010110,2019,京都,1,1,10,2019-01-05,https://www.jra.go.jp/datafile/seiseki/report/2019/2019-1kyoto1.pdf,official_daily_result_pdf
201908010111,2019,京都,1,1,11,2019-01-05,https://www.jra.go.jp/datafile/seiseki/report/2019/2019-1kyoto1.pdf,official_daily_result_pdf
201908010112,2019,京都,1,1,12,2019-01-05,https://www.jra.go.jp/datafile/seiseki/report/2019/2019-1kyoto1.pdf,official_daily_result_pdf
201908010201,2019,京都,1,2,1,2019-01-06,https://www.jra.go.jp/datafile/seiseki/report/2019/2019-1kyoto2.pdf,official_daily_result_pdf
201908010202,2019,京都,1,2,2,2019-01-06,https://www.jra.go.jp/datafile/seiseki/report/2019/2019-1kyoto2.pdf,official_daily_result_pdf
201908010203,2019,京都,1,2,3,2019-01-06,https://www.jra.go.jp/datafile/seiseki/report/2019/2019-1kyoto2.pdf,official_daily_result_pdf
201908010204,2019,京都,1,2,4,2019-01-06,https://www.jra.go.jp/datafile/seiseki/report/2019/2019-1kyoto2.pdf,official_daily_result_pdf
201908010205,2019,京都,1,2,5,2019-01-06,https://www.jra.go.jp/datafile/seiseki/report/2019/2019-1kyoto2.pdf,official_daily_result_pdf
201908010206,2019,京都,1,2,6,2019-01-06,https://www.jra.go.jp/datafile/seiseki/report/2019/2019-1kyoto2.pdf,official_daily_result_pdf
201908010207,2019,京都,1,2,7,2019-01-06,https://www.jra.go.jp/datafile/seiseki/report/2019/2019-1kyoto2.pdf,official_daily_result_pdf
201908010208,2019,京都,1,2,8,2019-01-06,https://www.jra.go.jp/datafile/seiseki/report/2019/2019-1kyoto2.pdf,official_daily_result_pdf
201908010209,2019,京都,1,2,9,2019-01-06,https://www.jra.go.jp/datafile/seiseki/report/2019/2019-1kyoto2.pdf,official_daily_result_pdf
201908010210,2019,京都,1,2,10,2019-01-06,https://www.jra.go.jp/datafile/seiseki/report/2019/2019-1kyoto2.pdf,official_daily_result_pdf
201908010211,2019,京都,1,2,11,2019-01-06,https://www.jra.go.jp/datafile/seiseki/report/2019/2019-1kyoto2.pdf,official_daily_result_pdf
201908010212,2019,京都,1,2,12,2019-01-06,https://www.jra.go.jp/datafile/seiseki/report/2019/2019-1kyoto2.pdf,official_daily_result_pdf
201908010301,2019,京都,1,3,1,2019-01-12,https://www.jra.go.jp/datafile/seiseki/report/2019/2019-1kyoto3.pdf,official_daily_result_pdf
201908010302,2019,京都,1,3,2,2019-01-12,https://www.jra.go.jp/datafile/seiseki/report/2019/2019-1kyoto3.pdf,official_daily_result_pdf
201908010303,2019,京都,1,3,3,2019-01-12,https://www.jra.go.jp/datafile/seiseki/report/2019/2019-1kyoto3.pdf,official_daily_result_pdf
201908010304,2019,京都,1,3,4,2019-01-12,https://www.jra.go.jp/datafile/seiseki/report/2019/2019-1kyoto3.pdf,official_daily_result_pdf
201908010305,2019,京都,1,3,5,2019-01-12,https://www.jra.go.jp/datafile/seiseki/report/2019/2019-1kyoto3.pdf,official_daily_result_pdf
201908010306,2019,京都,1,3,6,2019-01-12,https://www.jra.go.jp/datafile/seiseki/report/2019/2019-1kyoto3.pdf,official_daily_result_pdf
201908010307,2019,京都,1,3,7,2019-01-12,https://www.jra.go.jp/datafile/seiseki/report/2019/2019-1kyoto3.pdf,official_daily_result_pdf
201908010308,2019,京都,1,3,8,2019-01-12,https://www.jra.go.jp/datafile/seiseki/report/2019/2019-1kyoto3.pdf,official_daily_result_pdf
201908010309,2019,京都,1,3,9,2019-01-12,https://www.jra.go.jp/datafile/seiseki/report/2019/2019-1kyoto3.pdf,official_daily_result_pdf
201908010310,2019,京都,1,3,10,2019-01-12,https://www.jra.go.jp/datafile/seiseki/report/2019/2019-1kyoto3.pdf,official_daily_result_pdf
201908010311,2019,京都,1,3,11,2019-01-12,https://www.jra.go.jp/datafile/seiseki/report/2019/2019-1kyoto3.pdf,official_daily_result_pdf
201908010312,2019,京都,1,3,12,2019-01-12,https://www.jra.go.jp/datafile/seiseki/report/2019/2019-1kyoto3.pdf,official_daily_result_pdf
201908010401,2019,京都,1,4,1,2019-01-13,https://www.jra.go.jp/datafile/seiseki/report/2019/2019-1kyoto4.pdf,official_daily_result_pdf
201908010402,2019,京都,1,4,2,2019-01-13,https://www.jra.go.jp/datafile/seiseki/report/2019/2019-1kyoto4.pdf,official_daily_result_pdf
201908010403,2019,京都,1,4,3,2019-01-13,https://www.jra.go.jp/datafile/seiseki/report/2019/2019-1kyoto4.pdf,official_daily_result_pdf
201908010404,2019,京都,1,4,4,2019-01-13,https://www.jra.go.jp/datafile/seiseki/report/2019/2019-1kyoto4.pdf,official_daily_result_pdf
201908010405,2019,京都,1,4,5,2019-01-13,https://www.jra.go.jp/datafile/seiseki/report/2019/2019-1kyoto4.pdf,official_daily_result_pdf
201908010406,2019,京都,1,4,6,2019-01-13,https://www.jra.go.jp/datafile/seiseki/report/2019/2019-1kyoto4.pdf,official_daily_result_pdf
201908010407,2019,京都,1,4,7,2019-01-13,https://www.jra.go.jp/datafile/seiseki/report/2019/2019-1kyoto4.pdf,official_daily_result_pdf
201908010408,2019,京都,1,4,8,2019-01-13,https://www.jra.go.jp/datafile/seiseki/report/2019/2019-1kyoto4.pdf,official_daily_result_pdf
201908010409,2019,京都,1,4,9,2019-01-13,https://www.jra.go.jp/datafile/seiseki/report/2019/2019-1kyoto4.pdf,official_daily_result_pdf
201908010410,2019,京都,1,4,10,2019-01-13,https://www.jra.go.jp/datafile/seiseki/report/2019/2019-1kyoto4.pdf,official_daily_result_pdf
201908010411,2019,京都,1,4,11,2019-01-13,https://www.jra.go.jp/datafile/seiseki/report/2019/2019-1kyoto4.pdf,official_daily_result_pdf
201908010412,2019,京都,1,4,12,2019-01-13,https://www.jra.go.jp/datafile/seiseki/report/2019/2019-1kyoto4.pdf,official_daily_result_pdf
201908010501,2019,京都,1,5,1,2019-01-14,https://www.jra.go.jp/datafile/seiseki/report/2019/2019-1kyoto5.pdf,official_daily_result_pdf
201908010502,2019,京都,1,5,2,2019-01-14,https://www.jra.go.jp/datafile/seiseki/report/2019/2019-1kyoto5.pdf,official_daily_result_pdf
201908010503,2019,京都,1,5,3,2019-01-14,https://www.jra.go.jp/datafile/seiseki/report/2019/2019-1kyoto5.pdf,official_daily_result_pdf
201908010504,2019,京都,1,5,4,2019-01-14,https://www.jra.go.jp/datafile/seiseki/report/2019/2019-1kyoto5.pdf,official_daily_result_pdf
201908010505,2019,京都,1,5,5,2019-01-14,https://www.jra.go.jp/datafile/seiseki/report/2019/2019-1kyoto5.pdf,official_daily_result_pdf
201908010506,2019,京都,1,5,6,2019-01-14,https://www.jra.go.jp/datafile/seiseki/report/2019/2019-1kyoto5.pdf,official_daily_result_pdf
201908010507,2019,京都,1,5,7,2019-01-14,https://www.jra.go.jp/datafile/seiseki/report/2019/2019-1kyoto5.pdf,official_daily_result_pdf
201908010508,2019,京都,1,5,8,2019-01-14,https://www.jra.go.jp/datafile/seiseki/report/2019/2019-1kyoto5.pdf,official_daily_result_pdf
201908010509,2019,京都,1,5,9,2019-01-14,https://www.jra.go.jp/datafile/seiseki/report/2019/2019-1kyoto5.pdf,official_daily_result_pdf
201908010510,2019,京都,1,5,10,2019-01-14,https://www.jra.go.jp/datafile/seiseki/report/2019/2019-1kyoto5.pdf,official_daily_result_pdf
201908010511,2019,京都,1,5,11,2019-01-14,https://www.jra.go.jp/datafile/seiseki/report/2019/2019-1kyoto5.pdf,official_daily_result_pdf
201908010512,2019,京都,1,5,12,2019-01-14,https://www.jra.go.jp/datafile/seiseki/report/2019/2019-1kyoto5.pdf,official_daily_result_pdf
201908010601,2019,京都,1,6,1,2019-01-19,https://www.jra.go.jp/datafile/seiseki/report/2019/2019-1kyoto6.pdf,official_daily_result_pdf
201908010602,2019,京都,1,6,2,2019-01-19,https://www.jra.go.jp/datafile/seiseki/report/2019/2019-1kyoto6.pdf,official_daily_result_pdf
201908010603,2019,京都,1,6,3,2019-01-19,https://www.jra.go.jp/datafile/seiseki/report/2019/2019-1kyoto6.pdf,official_daily_result_pdf
201908010604,2019,京都,1,6,4,2019-01-19,https://www.jra.go.jp/datafile/seiseki/report/2019/2019-1kyoto6.pdf,official_daily_result_pdf
201908010605,2019,京都,1,6,5,2019-01-19,https://www.jra.go.jp/datafile/seiseki/report/2019/2019-1kyoto6.pdf,official_daily_result_pdf
201908010606,2019,京都,1,6,6,2019-01-19,https://www.jra.go.jp/datafile/seiseki/report/2019/2019-1kyoto6.pdf,official_daily_result_pdf
201908010607,2019,京都,1,6,7,2019-01-19,https://www.jra.go.jp/datafile/seiseki/report/2019/2019-1kyoto6.pdf,official_daily_result_pdf
201908010608,2019,京都,1,6,8,2019-01-19,https://www.jra.go.jp/datafile/seiseki/report/2019/2019-1kyoto6.pdf,official_daily_result_pdf
201908010609,2019,京都,1,6,9,2019-01-19,https://www.jra.go.jp/datafile/seiseki/report/2019/2019-1kyoto6.pdf,official_daily_result_pdf
201908010610,2019,京都,1,6,10,2019-01-19,https://www.jra.go.jp/datafile/seiseki/report/2019/2019-1kyoto6.pdf,official_daily_result_pdf
201908010611,2019,京都,1,6,11,2019-01-19,https://www.jra.go.jp/datafile/seiseki/report/2019/2019-1kyoto6.pdf,official_daily_result_pdf
201908010612,2019,京都,1,6,12,2019-01-19,https://www.jra.go.jp/datafile/seiseki/report/2019/2019-1kyoto6.pdf,official_daily_result_pdf
201908010701,2019,京都,1,7,1,2019-01-20,https://www.jra.go.jp/datafile/seiseki/report/2019/2019-1kyoto7.pdf,official_daily_result_pdf
201908010702,2019,京都,1,7,2,2019-01-20,https://www.jra.go.jp/datafile/seiseki/report/2019/2019-1kyoto7.pdf,official_daily_result_pdf
201908010703,2019,京都,1,7,3,2019-01-20,https://www.jra.go.jp/datafile/seiseki/report/2019/2019-1kyoto7.pdf,official_daily_result_pdf
201908010704,2019,京都,1,7,4,2019-01-20,https://www.jra.go.jp/datafile/seiseki/report/2019/2019-1kyoto7.pdf,official_daily_result_pdf
201908010705,2019,京都,1,7,5,2019-01-20,https://www.jra.go.jp/datafile/seiseki/report/2019/2019-1kyoto7.pdf,official_daily_result_pdf
201908010706,2019,京都,1,7,6,2019-01-20,https://www.jra.go.jp/datafile/seiseki/report/2019/2019-1kyoto7.pdf,official_daily_result_pdf
201908010707,2019,京都,1,7,7,2019-01-20,https://www.jra.go.jp/datafile/seiseki/report/2019/2019-1kyoto7.pdf,official_daily_result_pdf
201908010708,2019,京都,1,7,8,2019-01-20,https://www.jra.go.jp/datafile/seiseki/report/2019/2019-1kyoto7.pdf,official_daily_result_pdf
201908010709,2019,京都,1,7,9,2019-01-20,https://www.jra.go.jp/datafile/seiseki/report/2019/2019-1kyoto7.pdf,official_daily_result_pdf
201908010710,2019,京都,1,7,10,2019-01-20,https://www.jra.go.jp/datafile/seiseki/report/2019/2019-1kyoto7.pdf,official_daily_result_pdf
201908010711,2019,京都,1,7,11,2019-01-20,https://www.jra.go.jp/datafile/seiseki/report/2019/2019-1kyoto7.pdf,official_daily_result_pdf
201908010712,2019,京都,1,7,12,2019-01-20,https://www.jra.go.jp/datafile/seiseki/report/2019/2019-1kyoto7.pdf,official_daily_result_pdf
201908020101,2019,京都,2,1,1,2019-01-26,https://www.jra.go.jp/datafile/seiseki/report/2019/2019-2kyoto1.pdf,official_daily_result_pdf
201908020102,2019,京都,2,1,2,2019-01-26,https://www.jra.go.jp/datafile/seiseki/report/2019/2019-2kyoto1.pdf,official_daily_result_pdf
201908020103,2019,京都,2,1,3,2019-01-26,https://www.jra.go.jp/datafile/seiseki/report/2019/2019-2kyoto1.pdf,official_daily_result_pdf
201908020104,2019,京都,2,1,4,2019-01-26,https://www.jra.go.jp/datafile/seiseki/report/2019/2019-2kyoto1.pdf,official_daily_result_pdf
201908020105,2019,京都,2,1,5,2019-01-26,https://www.jra.go.jp/datafile/seiseki/report/2019/2019-2kyoto1.pdf,official_daily_result_pdf
201908020106,2019,京都,2,1,6,2019-01-26,https://www.jra.go.jp/datafile/seiseki/report/2019/2019-2kyoto1.pdf,official_daily_result_pdf
201908020107,2019,京都,2,1,7,2019-01-26,https://www.jra.go.jp/datafile/seiseki/report/2019/2019-2kyoto1.pdf,official_daily_result_pdf
201908020108,2019,京都,2,1,8,2019-01-26,https://www.jra.go.jp/datafile/seiseki/report/2019/2019-2kyoto1.pdf,official_daily_result_pdf
201908020109,2019,京都,2,1,9,2019-01-26,https://www.jra.go.jp/datafile/seiseki/report/2019/2019-2kyoto1.pdf,official_daily_result_pdf
201908020110,2019,京都,2,1,10,2019-01-26,https://www.jra.go.jp/datafile/seiseki/report/2019/2019-2kyoto1.pdf,official_daily_result_pdf
201908020111,2019,京都,2,1,11,2019-01-26,https://www.jra.go.jp/datafile/seiseki/report/2019/2019-2kyoto1.pdf,official_daily_result_pdf
201908020112,2019,京都,2,1,12,2019-01-26,https://www.jra.go.jp/datafile/seiseki/report/2019/2019-2kyoto1.pdf,official_daily_result_pdf
201908020201,2019,京都,2,2,1,2019-01-27,https://www.jra.go.jp/datafile/seiseki/report/2019/2019-2kyoto2.pdf,official_daily_result_pdf
201908020202,2019,京都,2,2,2,2019-01-27,https://www.jra.go.jp/datafile/seiseki/report/2019/2019-2kyoto2.pdf,official_daily_result_pdf
201908020203,2019,京都,2,2,3,2019-01-27,https://www.jra.go.jp/datafile/seiseki/report/2019/2019-2kyoto2.pdf,official_daily_result_pdf
201908020204,2019,京都,2,2,4,2019-01-27,https://www.jra.go.jp/datafile/seiseki/report/2019/2019-2kyoto2.pdf,official_daily_result_pdf
201908020205,2019,京都,2,2,5,2019-01-27,https://www.jra.go.jp/datafile/seiseki/report/2019/2019-2kyoto2.pdf,official_daily_result_pdf
201908020206,2019,京都,2,2,6,2019-01-27,https://www.jra.go.jp/datafile/seiseki/report/2019/2019-2kyoto2.pdf,official_daily_result_pdf
201908020207,2019,京都,2,2,7,2019-01-27,https://www.jra.go.jp/datafile/seiseki/report/2019/2019-2kyoto2.pdf,official_daily_result_pdf
201908020208,2019,京都,2,2,8,2019-01-27,https://www.jra.go.jp/datafile/seiseki/report/2019/2019-2kyoto2.pdf,official_daily_result_pdf
201908020209,2019,京都,2,2,9,2019-01-27,https://www.jra.go.jp/datafile/seiseki/report/2019/2019-2kyoto2.pdf,official_daily_result_pdf
201908020210,2019,京都,2,2,10,2019-01-27,https://www.jra.go.jp/datafile/seiseki/report/2019/2019-2kyoto2.pdf,official_daily_result_pdf
201908020211,2019,京都,2,2,11,2019-01-27,https://www.jra.go.jp/datafile/seiseki/report/2019/2019-2kyoto2.pdf,official_daily_result_pdf
201908020212,2019,京都,2,2,12,2019-01-27,https://www.jra.go.jp/datafile/seiseki/report/2019/2019-2kyoto2.pdf,official_daily_result_pdf
201908020301,2019,京都,2,3,1,2019-02-02,https://www.jra.go.jp/datafile/seiseki/report/2019/2019-2kyoto3.pdf,official_daily_result_pdf
201908020302,2019,京都,2,3,2,2019-02-02,https://www.jra.go.jp/datafile/seiseki/report/2019/2019-2kyoto3.pdf,official_daily_result_pdf
201908020303,2019,京都,2,3,3,2019-02-02,https://www.jra.go.jp/datafile/seiseki/report/2019/2019-2kyoto3.pdf,official_daily_result_pdf
201908020304,2019,京都,2,3,4,2019-02-02,https://www.jra.go.jp/datafile/seiseki/report/2019/2019-2kyoto3.pdf,official_daily_result_pdf
201908020305,2019,京都,2,3,5,2019-02-02,https://www.jra.go.jp/datafile/seiseki/report/2019/2019-2kyoto3.pdf,official_daily_result_pdf
201908020306,2019,京都,2,3,6,2019-02-02,https://www.jra.go.jp/datafile/seiseki/report/2019/2019-2kyoto3.pdf,official_daily_result_pdf
201908020307,2019,京都,2,3,7,2019-02-02,https://www.jra.go.jp/datafile/seiseki/report/2019/2019-2kyoto3.pdf,official_daily_result_pdf
201908020308,2019,京都,2,3,8,2019-02-02,https://www.jra.go.jp/datafile/seiseki/report/2019/2019-2kyoto3.pdf,official_daily_result_pdf
201908020309,2019,京都,2,3,9,2019-02-02,https://www.jra.go.jp/datafile/seiseki/report/2019/2019-2kyoto3.pdf,official_daily_result_pdf
201908020310,2019,京都,2,3,10,2019-02-02,https://www.jra.go.jp/datafile/seiseki/report/2019/2019-2kyoto3.pdf,official_daily_result_pdf
201908020311,2019,京都,2,3,11,2019-02-02,https://www.jra.go.jp/datafile/seiseki/report/2019/2019-2kyoto3.pdf,official_daily_result_pdf
201908020312,2019,京都,2,3,12,2019-02-02,https://www.jra.go.jp/datafile/seiseki/report/2019/2019-2kyoto3.pdf,official_daily_result_pdf
201908020401,2019,京都,2,4,1,2019-02-03,https://www.jra.go.jp/datafile/seiseki/report/2019/2019-2kyoto4.pdf,official_daily_result_pdf
201908020402,2019,京都,2,4,2,2019-02-03,https://www.jra.go.jp/datafile/seiseki/report/2019/2019-2kyoto4.pdf,official_daily_result_pdf
201908020403,2019,京都,2,4,3,2019-02-03,https://www.jra.go.jp/datafile/seiseki/report/2019/2019-2kyoto4.pdf,official_daily_result_pdf
201908020404,2019,京都,2,4,4,2019-02-03,https://www.jra.go.jp/datafile/seiseki/report/2019/2019-2kyoto4.pdf,official_daily_result_pdf
201908020405,2019,京都,2,4,5,2019-02-03,https://www.jra.go.jp/datafile/seiseki/report/2019/2019-2kyoto4.pdf,official_daily_result_pdf
201908020406,2019,京都,2,4,6,2019-02-03,https://www.jra.go.jp/datafile/seiseki/report/2019/2019-2kyoto4.pdf,official_daily_result_pdf
201908020407,2019,京都,2,4,7,2019-02-03,https://www.jra.go.jp/datafile/seiseki/report/2019/2019-2kyoto4.pdf,official_daily_result_pdf
201908020408,2019,京都,2,4,8,2019-02-03,https://www.jra.go.jp/datafile/seiseki/report/2019/2019-2kyoto4.pdf,official_daily_result_pdf
201908020409,2019,京都,2,4,9,2019-02-03,https://www.jra.go.jp/datafile/seiseki/report/2019/2019-2kyoto4.pdf,official_daily_result_pdf
201908020410,2019,京都,2,4,10,2019-02-03,https://www.jra.go.jp/datafile/seiseki/report/2019/2019-2kyoto4.pdf,official_daily_result_pdf
201908020411,2019,京都,2,4,11,2019-02-03,https://www.jra.go.jp/datafile/seiseki/report/2019/2019-2kyoto4.pdf,official_daily_result_pdf
201908020412,2019,京都,2,4,12,2019-02-03,https://www.jra.go.jp/datafile/seiseki/report/2019/2019-2kyoto4.pdf,official_daily_result_pdf
201908020501,2019,京都,2,5,1,2019-02-09,https://www.jra.go.jp/datafile/seiseki/report/2019/2019-2kyoto5.pdf,official_daily_result_pdf
201908020502,2019,京都,2,5,2,2019-02-09,https://www.jra.go.jp/datafile/seiseki/report/2019/2019-2kyoto5.pdf,official_daily_result_pdf
201908020503,2019,京都,2,5,3,2019-02-09,https://www.jra.go.jp/datafile/seiseki/report/2019/2019-2kyoto5.pdf,official_daily_result_pdf
201908020504,2019,京都,2,5,4,2019-02-09,https://www.jra.go.jp/datafile/seiseki/report/2019/2019-2kyoto5.pdf,official_daily_result_pdf
201908020505,2019,京都,2,5,5,2019-02-09,https://www.jra.go.jp/datafile/seiseki/report/2019/2019-2kyoto5.pdf,official_daily_result_pdf
201908020506,2019,京都,2,5,6,2019-02-09,https://www.jra.go.jp/datafile/seiseki/report/2019/2019-2kyoto5.pdf,official_daily_result_pdf
201908020507,2019,京都,2,5,7,2019-02-09,https://www.jra.go.jp/datafile/seiseki/report/2019/2019-2kyoto5.pdf,official_daily_result_pdf
201908020508,2019,京都,2,5,8,2019-02-09,https://www.jra.go.jp/datafile/seiseki/report/2019/2019-2kyoto5.pdf,official_daily_result_pdf
201908020509,2019,京都,2,5,9,2019-02-09,https://www.jra.go.jp/datafile/seiseki/report/2019/2019-2kyoto5.pdf,official_daily_result_pdf
201908020510,2019,京都,2,5,10,2019-02-09,https://www.jra.go.jp/datafile/seiseki/report/2019/2019-2kyoto5.pdf,official_daily_result_pdf
201908020511,2019,京都,2,5,11,2019-02-09,https://www.jra.go.jp/datafile/seiseki/report/2019/2019-2kyoto5.pdf,official_daily_result_pdf
201908020512,2019,京都,2,5,12,2019-02-09,https://www.jra.go.jp/datafile/seiseki/report/2019/2019-2kyoto5.pdf,official_daily_result_pdf
201908020601,2019,京都,2,6,1,2019-02-10,https://www.jra.go.jp/datafile/seiseki/report/2019/2019-2kyoto6.pdf,official_daily_result_pdf
201908020602,2019,京都,2,6,2,2019-02-10,https://www.jra.go.jp/datafile/seiseki/report/2019/2019-2kyoto6.pdf,official_daily_result_pdf
201908020603,2019,京都,2,6,3,2019-02-10,https://www.jra.go.jp/datafile/seiseki/report/2019/2019-2kyoto6.pdf,official_daily_result_pdf
201908020604,2019,京都,2,6,4,2019-02-10,https://www.jra.go.jp/datafile/seiseki/report/2019/2019-2kyoto6.pdf,official_daily_result_pdf
201908020605,2019,京都,2,6,5,2019-02-10,https://www.jra.go.jp/datafile/seiseki/report/2019/2019-2kyoto6.pdf,official_daily_result_pdf
201908020606,2019,京都,2,6,6,2019-02-10,https://www.jra.go.jp/datafile/seiseki/report/2019/2019-2kyoto6.pdf,official_daily_result_pdf
201908020607,2019,京都,2,6,7,2019-02-10,https://www.jra.go.jp/datafile/seiseki/report/2019/2019-2kyoto6.pdf,official_daily_result_pdf
201908020608,2019,京都,2,6,8,2019-02-10,https://www.jra.go.jp/datafile/seiseki/report/2019/2019-2kyoto6.pdf,official_daily_result_pdf
201908020609,2019,京都,2,6,9,2019-02-10,https://www.jra.go.jp/datafile/seiseki/report/2019/2019-2kyoto6.pdf,official_daily_result_pdf
201908020610,2019,京都,2,6,10,2019-02-10,https://www.jra.go.jp/datafile/seiseki/report/2019/2019-2kyoto6.pdf,official_daily_result_pdf
201908020611,2019,京都,2,6,11,2019-02-10,https://www.jra.go.jp/datafile/seiseki/report/2019/2019-2kyoto6.pdf,official_daily_result_pdf
201908020612,2019,京都,2,6,12,2019-02-10,https://www.jra.go.jp/datafile/seiseki/report/2019/2019-2kyoto6.pdf,official_daily_result_pdf
201908020701,2019,京都,2,7,1,2019-02-16,https://www.jra.go.jp/datafile/seiseki/report/2019/2019-2kyoto7.pdf,official_daily_result_pdf
201908020702,2019,京都,2,7,2,2019-02-16,https://www.jra.go.jp/datafile/seiseki/report/2019/2019-2kyoto7.pdf,official_daily_result_pdf
201908020703,2019,京都,2,7,3,2019-02-16,https://www.jra.go.jp/datafile/seiseki/report/2019/2019-2kyoto7.pdf,official_daily_result_pdf
201908020704,2019,京都,2,7,4,2019-02-16,https://www.jra.go.jp/datafile/seiseki/report/2019/2019-2kyoto7.pdf,official_daily_result_pdf
201908020705,2019,京都,2,7,5,2019-02-16,https://www.jra.go.jp/datafile/seiseki/report/2019/2019-2kyoto7.pdf,official_daily_result_pdf
201908020706,2019,京都,2,7,6,2019-02-16,https://www.jra.go.jp/datafile/seiseki/report/2019/2019-2kyoto7.pdf,official_daily_result_pdf
201908020707,2019,京都,2,7,7,2019-02-16,https://www.jra.go.jp/datafile/seiseki/report/2019/2019-2kyoto7.pdf,official_daily_result_pdf
201908020708,2019,京都,2,7,8,2019-02-16,https://www.jra.go.jp/datafile/seiseki/report/2019/2019-2kyoto7.pdf,official_daily_result_pdf
201908020709,2019,京都,2,7,9,2019-02-16,https://www.jra.go.jp/datafile/seiseki/report/2019/2019-2kyoto7.pdf,official_daily_result_pdf
201908020710,2019,京都,2,7,10,2019-02-16,https://www.jra.go.jp/datafile/seiseki/report/2019/2019-2kyoto7.pdf,official_daily_result_pdf
201908020711,2019,京都,2,7,11,2019-02-16,https://www.jra.go.jp/datafile/seiseki/report/2019/2019-2kyoto7.pdf,official_daily_result_pdf
201908020712,2019,京都,2,7,12,2019-02-16,https://www.jra.go.jp/datafile/seiseki/report/2019/2019-2kyoto7.pdf,official_daily_result_pdf
201908020801,2019,京都,2,8,1,2019-02-17,https://www.jra.go.jp/datafile/seiseki/report/2019/2019-2kyoto8.pdf,official_daily_result_pdf
201908020802,2019,京都,2,8,2,2019-02-17,https://www.jra.go.jp/datafile/seiseki/report/2019/2019-2kyoto8.pdf,official_daily_result_pdf
201908020803,2019,京都,2,8,3,2019-02-17,https://www.jra.go.jp/datafile/seiseki/report/2019/2019-2kyoto8.pdf,official_daily_result_pdf
201908020804,2019,京都,2,8,4,2019-02-17,https://www.jra.go.jp/datafile/seiseki/report/2019/2019-2kyoto8.pdf,official_daily_result_pdf
201908020805,2019,京都,2,8,5,2019-02-17,https://www.jra.go.jp/datafile/seiseki/report/2019/2019-2kyoto8.pdf,official_daily_result_pdf
201908020806,2019,京都,2,8,6,2019-02-17,https://www.jra.go.jp/datafile/seiseki/report/2019/2019-2kyoto8.pdf,official_daily_result_pdf
201908020807,2019,京都,2,8,7,2019-02-17,https://www.jra.go.jp/datafile/seiseki/report/2019/2019-2kyoto8.pdf,official_daily_result_pdf
201908020808,2019,京都,2,8,8,2019-02-17,https://www.jra.go.jp/datafile/seiseki/report/2019/2019-2kyoto8.pdf,official_daily_result_pdf
201908020809,2019,京都,2,8,9,2019-02-17,https://www.jra.go.jp/datafile/seiseki/report/2019/2019-2kyoto8.pdf,official_daily_result_pdf
201908020810,2019,京都,2,8,10,2019-02-17,https://www.jra.go.jp/datafile/seiseki/report/2019/2019-2kyoto8.pdf,official_daily_result_pdf
201908020811,2019,京都,2,8,11,2019-02-17,https://www.jra.go.jp/datafile/seiseki/report/2019/2019-2kyoto8.pdf,official_daily_result_pdf
201908020812,2019,京都,2,8,12,2019-02-17,https://www.jra.go.jp/datafile/seiseki/report/2019/2019-2kyoto8.pdf,official_daily_result_pdf
201908030101,2019,京都,3,1,1,2019-04-20,https://www.jra.go.jp/datafile/seiseki/report/2019/2019-3kyoto1.pdf,official_daily_result_pdf
201908030102,2019,京都,3,1,2,2019-04-20,https://www.jra.go.jp/datafile/seiseki/report/2019/2019-3kyoto1.pdf,official_daily_result_pdf
201908030103,2019,京都,3,1,3,2019-04-20,https://www.jra.go.jp/datafile/seiseki/report/2019/2019-3kyoto1.pdf,official_daily_result_pdf
201908030104,2019,京都,3,1,4,2019-04-20,https://www.jra.go.jp/datafile/seiseki/report/2019/2019-3kyoto1.pdf,official_daily_result_pdf
201908030105,2019,京都,3,1,5,2019-04-20,https://www.jra.go.jp/datafile/seiseki/report/2019/2019-3kyoto1.pdf,official_daily_result_pdf
201908030106,2019,京都,3,1,6,2019-04-20,https://www.jra.go.jp/datafile/seiseki/report/2019/2019-3kyoto1.pdf,official_daily_result_pdf
201908030107,2019,京都,3,1,7,2019-04-20,https://www.jra.go.jp/datafile/seiseki/report/2019/2019-3kyoto1.pdf,official_daily_result_pdf
201908030108,2019,京都,3,1,8,2019-04-20,https://www.jra.go.jp/datafile/seiseki/report/2019/2019-3kyoto1.pdf,official_daily_result_pdf
201908030109,2019,京都,3,1,9,2019-04-20,https://www.jra.go.jp/datafile/seiseki/report/2019/2019-3kyoto1.pdf,official_daily_result_pdf
201908030110,2019,京都,3,1,10,2019-04-20,https://www.jra.go.jp/datafile/seiseki/report/2019/2019-3kyoto1.pdf,official_daily_result_pdf
201908030111,2019,京都,3,1,11,2019-04-20,https://www.jra.go.jp/datafile/seiseki/report/2019/2019-3kyoto1.pdf,official_daily_result_pdf
201908030112,2019,京都,3,1,12,2019-04-20,https://www.jra.go.jp/datafile/seiseki/report/2019/2019-3kyoto1.pdf,official_daily_result_pdf
201908030201,2019,京都,3,2,1,2019-04-21,https://www.jra.go.jp/datafile/seiseki/report/2019/2019-3kyoto2.pdf,official_daily_result_pdf
201908030202,2019,京都,3,2,2,2019-04-21,https://www.jra.go.jp/datafile/seiseki/report/2019/2019-3kyoto2.pdf,official_daily_result_pdf
201908030203,2019,京都,3,2,3,2019-04-21,https://www.jra.go.jp/datafile/seiseki/report/2019/2019-3kyoto2.pdf,official_daily_result_pdf
201908030204,2019,京都,3,2,4,2019-04-21,https://www.jra.go.jp/datafile/seiseki/report/2019/2019-3kyoto2.pdf,official_daily_result_pdf
201908030205,2019,京都,3,2,5,2019-04-21,https://www.jra.go.jp/datafile/seiseki/report/2019/2019-3kyoto2.pdf,official_daily_result_pdf
201908030206,2019,京都,3,2,6,2019-04-21,https://www.jra.go.jp/datafile/seiseki/report/2019/2019-3kyoto2.pdf,official_daily_result_pdf
201908030207,2019,京都,3,2,7,2019-04-21,https://www.jra.go.jp/datafile/seiseki/report/2019/2019-3kyoto2.pdf,official_daily_result_pdf
201908030208,2019,京都,3,2,8,2019-04-21,https://www.jra.go.jp/datafile/seiseki/report/2019/2019-3kyoto2.pdf,official_daily_result_pdf
201908030209,2019,京都,3,2,9,2019-04-21,https://www.jra.go.jp/datafile/seiseki/report/2019/2019-3kyoto2.pdf,official_daily_result_pdf
201908030210,2019,京都,3,2,10,2019-04-21,https://www.jra.go.jp/datafile/seiseki/report/2019/2019-3kyoto2.pdf,official_daily_result_pdf
201908030211,2019,京都,3,2,11,2019-04-21,https://www.jra.go.jp/datafile/seiseki/report/2019/2019-3kyoto2.pdf,official_daily_result_pdf
201908030212,2019,京都,3,2,12,2019-04-21,https://www.jra.go.jp/datafile/seiseki/report/2019/2019-3kyoto2.pdf,official_daily_result_pdf
201908030301,2019,京都,3,3,1,2019-04-28,https://www.jra.go.jp/datafile/seiseki/report/2019/2019-3kyoto3.pdf,official_daily_result_pdf
201908030302,2019,京都,3,3,2,2019-04-28,https://www.jra.go.jp/datafile/seiseki/report/2019/2019-3kyoto3.pdf,official_daily_result_pdf
201908030303,2019,京都,3,3,3,2019-04-28,https://www.jra.go.jp/datafile/seiseki/report/2019/2019-3kyoto3.pdf,official_daily_result_pdf
201908030304,2019,京都,3,3,4,2019-04-28,https://www.jra.go.jp/datafile/seiseki/report/2019/2019-3kyoto3.pdf,official_daily_result_pdf
201908030305,2019,京都,3,3,5,2019-04-28,https://www.jra.go.jp/datafile/seiseki/report/2019/2019-3kyoto3.pdf,official_daily_result_pdf
201908030306,2019,京都,3,3,6,2019-04-28,https://www.jra.go.jp/datafile/seiseki/report/2019/2019-3kyoto3.pdf,official_daily_result_pdf
201908030307,2019,京都,3,3,7,2019-04-28,https://www.jra.go.jp/datafile/seiseki/report/2019/2019-3kyoto3.pdf,official_daily_result_pdf
201908030308,2019,京都,3,3,8,2019-04-28,https://www.jra.go.jp/datafile/seiseki/report/2019/2019-3kyoto3.pdf,official_daily_result_pdf
201908030309,2019,京都,3,3,9,2019-04-28,https://www.jra.go.jp/datafile/seiseki/report/2019/2019-3kyoto3.pdf,official_daily_result_pdf
201908030310,2019,京都,3,3,10,2019-04-28,https://www.jra.go.jp/datafile/seiseki/report/2019/2019-3kyoto3.pdf,official_daily_result_pdf
201908030311,2019,京都,3,3,11,2019-04-28,https://www.jra.go.jp/datafile/seiseki/report/2019/2019-3kyoto3.pdf,official_daily_result_pdf
201908030312,2019,京都,3,3,12,2019-04-28,https://www.jra.go.jp/datafile/seiseki/report/2019/2019-3kyoto3.pdf,official_daily_result_pdf
201908030401,2019,京都,3,4,1,2019-04-29,https://www.jra.go.jp/datafile/seiseki/report/2019/2019-3kyoto4.pdf,official_daily_result_pdf
201908030402,2019,京都,3,4,2,2019-04-29,https://www.jra.go.jp/datafile/seiseki/report/2019/2019-3kyoto4.pdf,official_daily_result_pdf
201908030403,2019,京都,3,4,3,2019-04-29,https://www.jra.go.jp/datafile/seiseki/report/2019/2019-3kyoto4.pdf,official_daily_result_pdf
201908030404,2019,京都,3,4,4,2019-04-29,https://www.jra.go.jp/datafile/seiseki/report/2019/2019-3kyoto4.pdf,official_daily_result_pdf
201908030405,2019,京都,3,4,5,2019-04-29,https://www.jra.go.jp/datafile/seiseki/report/2019/2019-3kyoto4.pdf,official_daily_result_pdf
201908030406,2019,京都,3,4,6,2019-04-29,https://www.jra.go.jp/datafile/seiseki/report/2019/2019-3kyoto4.pdf,official_daily_result_pdf
201908030407,2019,京都,3,4,7,2019-04-29,https://www.jra.go.jp/datafile/seiseki/report/2019/2019-3kyoto4.pdf,official_daily_result_pdf
201908030408,2019,京都,3,4,8,2019-04-29,https://www.jra.go.jp/datafile/seiseki/report/2019/2019-3kyoto4.pdf,official_daily_result_pdf
201908030409,2019,京都,3,4,9,2019-04-29,https://www.jra.go.jp/datafile/seiseki/report/2019/2019-3kyoto4.pdf,official_daily_result_pdf
201908030410,2019,京都,3,4,10,2019-04-29,https://www.jra.go.jp/datafile/seiseki/report/2019/2019-3kyoto4.pdf,official_daily_result_pdf
201908030411,2019,京都,3,4,11,2019-04-29,https://www.jra.go.jp/datafile/seiseki/report/2019/2019-3kyoto4.pdf,official_daily_result_pdf
201908030412,2019,京都,3,4,12,2019-04-29,https://www.jra.go.jp/datafile/seiseki/report/2019/2019-3kyoto4.pdf,official_daily_result_pdf
201908030501,2019,京都,3,5,1,2019-05-04,https://www.jra.go.jp/datafile/seiseki/report/2019/2019-3kyoto5.pdf,official_daily_result_pdf
201908030502,2019,京都,3,5,2,2019-05-04,https://www.jra.go.jp/datafile/seiseki/report/2019/2019-3kyoto5.pdf,official_daily_result_pdf
201908030503,2019,京都,3,5,3,2019-05-04,https://www.jra.go.jp/datafile/seiseki/report/2019/2019-3kyoto5.pdf,official_daily_result_pdf
201908030504,2019,京都,3,5,4,2019-05-04,https://www.jra.go.jp/datafile/seiseki/report/2019/2019-3kyoto5.pdf,official_daily_result_pdf
201908030505,2019,京都,3,5,5,2019-05-04,https://www.jra.go.jp/datafile/seiseki/report/2019/2019-3kyoto5.pdf,official_daily_result_pdf
201908030506,2019,京都,3,5,6,2019-05-04,https://www.jra.go.jp/datafile/seiseki/report/2019/2019-3kyoto5.pdf,official_daily_result_pdf
201908030507,2019,京都,3,5,7,2019-05-04,https://www.jra.go.jp/datafile/seiseki/report/2019/2019-3kyoto5.pdf,official_daily_result_pdf
201908030508,2019,京都,3,5,8,2019-05-04,https://www.jra.go.jp/datafile/seiseki/report/2019/2019-3kyoto5.pdf,official_daily_result_pdf
201908030509,2019,京都,3,5,9,2019-05-04,https://www.jra.go.jp/datafile/seiseki/report/2019/2019-3kyoto5.pdf,official_daily_result_pdf
201908030510,2019,京都,3,5,10,2019-05-04,https://www.jra.go.jp/datafile/seiseki/report/2019/2019-3kyoto5.pdf,official_daily_result_pdf
201908030511,2019,京都,3,5,11,2019-05-04,https://www.jra.go.jp/datafile/seiseki/report/2019/2019-3kyoto5.pdf,official_daily_result_pdf
201908030512,2019,京都,3,5,12,2019-05-04,https://www.jra.go.jp/datafile/seiseki/report/2019/2019-3kyoto5.pdf,official_daily_result_pdf
201908030601,2019,京都,3,6,1,2019-05-05,https://www.jra.go.jp/datafile/seiseki/report/2019/2019-3kyoto6.pdf,official_daily_result_pdf
201908030602,2019,京都,3,6,2,2019-05-05,https://www.jra.go.jp/datafile/seiseki/report/2019/2019-3kyoto6.pdf,official_daily_result_pdf
201908030603,2019,京都,3,6,3,2019-05-05,https://www.jra.go.jp/datafile/seiseki/report/2019/2019-3kyoto6.pdf,official_daily_result_pdf
201908030604,2019,京都,3,6,4,2019-05-05,https://www.jra.go.jp/datafile/seiseki/report/2019/2019-3kyoto6.pdf,official_daily_result_pdf
201908030605,2019,京都,3,6,5,2019-05-05,https://www.jra.go.jp/datafile/seiseki/report/2019/2019-3kyoto6.pdf,official_daily_result_pdf
201908030606,2019,京都,3,6,6,2019-05-05,https://www.jra.go.jp/datafile/seiseki/report/2019/2019-3kyoto6.pdf,official_daily_result_pdf
201908030607,2019,京都,3,6,7,2019-05-05,https://www.jra.go.jp/datafile/seiseki/report/2019/2019-3kyoto6.pdf,official_daily_result_pdf
201908030608,2019,京都,3,6,8,2019-05-05,https://www.jra.go.jp/datafile/seiseki/report/2019/2019-3kyoto6.pdf,official_daily_result_pdf
201908030609,2019,京都,3,6,9,2019-05-05,https://www.jra.go.jp/datafile/seiseki/report/2019/2019-3kyoto6.pdf,official_daily_result_pdf
201908030610,2019,京都,3,6,10,2019-05-05,https://www.jra.go.jp/datafile/seiseki/report/2019/2019-3kyoto6.pdf,official_daily_result_pdf
201908030611,2019,京都,3,6,11,2019-05-05,https://www.jra.go.jp/datafile/seiseki/report/2019/2019-3kyoto6.pdf,official_daily_result_pdf
201908030612,2019,京都,3,6,12,2019-05-05,https://www.jra.go.jp/datafile/seiseki/report/2019/2019-3kyoto6.pdf,official_daily_result_pdf
201908030701,2019,京都,3,7,1,2019-05-11,https://www.jra.go.jp/datafile/seiseki/report/2019/2019-3kyoto7.pdf,official_daily_result_pdf
201908030702,2019,京都,3,7,2,2019-05-11,https://www.jra.go.jp/datafile/seiseki/report/2019/2019-3kyoto7.pdf,official_daily_result_pdf
201908030703,2019,京都,3,7,3,2019-05-11,https://www.jra.go.jp/datafile/seiseki/report/2019/2019-3kyoto7.pdf,official_daily_result_pdf
201908030704,2019,京都,3,7,4,2019-05-11,https://www.jra.go.jp/datafile/seiseki/report/2019/2019-3kyoto7.pdf,official_daily_result_pdf
201908030705,2019,京都,3,7,5,2019-05-11,https://www.jra.go.jp/datafile/seiseki/report/2019/2019-3kyoto7.pdf,official_daily_result_pdf
201908030706,2019,京都,3,7,6,2019-05-11,https://www.jra.go.jp/datafile/seiseki/report/2019/2019-3kyoto7.pdf,official_daily_result_pdf
201908030707,2019,京都,3,7,7,2019-05-11,https://www.jra.go.jp/datafile/seiseki/report/2019/2019-3kyoto7.pdf,official_daily_result_pdf
201908030708,2019,京都,3,7,8,2019-05-11,https://www.jra.go.jp/datafile/seiseki/report/2019/2019-3kyoto7.pdf,official_daily_result_pdf
201908030709,2019,京都,3,7,9,2019-05-11,https://www.jra.go.jp/datafile/seiseki/report/2019/2019-3kyoto7.pdf,official_daily_result_pdf
201908030710,2019,京都,3,7,10,2019-05-11,https://www.jra.go.jp/datafile/seiseki/report/2019/2019-3kyoto7.pdf,official_daily_result_pdf
201908030711,2019,京都,3,7,11,2019-05-11,https://www.jra.go.jp/datafile/seiseki/report/2019/2019-3kyoto7.pdf,official_daily_result_pdf
201908030712,2019,京都,3,7,12,2019-05-11,https://www.jra.go.jp/datafile/seiseki/report/2019/2019-3kyoto7.pdf,official_daily_result_pdf
201908030801,2019,京都,3,8,1,2019-05-12,https://www.jra.go.jp/datafile/seiseki/report/2019/2019-3kyoto8.pdf,official_daily_result_pdf
201908030802,2019,京都,3,8,2,2019-05-12,https://www.jra.go.jp/datafile/seiseki/report/2019/2019-3kyoto8.pdf,official_daily_result_pdf
201908030803,2019,京都,3,8,3,2019-05-12,https://www.jra.go.jp/datafile/seiseki/report/2019/2019-3kyoto8.pdf,official_daily_result_pdf
201908030804,2019,京都,3,8,4,2019-05-12,https://www.jra.go.jp/datafile/seiseki/report/2019/2019-3kyoto8.pdf,official_daily_result_pdf
201908030805,2019,京都,3,8,5,2019-05-12,https://www.jra.go.jp/datafile/seiseki/report/2019/2019-3kyoto8.pdf,official_daily_result_pdf
201908030806,2019,京都,3,8,6,2019-05-12,https://www.jra.go.jp/datafile/seiseki/report/2019/2019-3kyoto8.pdf,official_daily_result_pdf
201908030807,2019,京都,3,8,7,2019-05-12,https://www.jra.go.jp/datafile/seiseki/report/2019/2019-3kyoto8.pdf,official_daily_result_pdf
201908030808,2019,京都,3,8,8,2019-05-12,https://www.jra.go.jp/datafile/seiseki/report/2019/2019-3kyoto8.pdf,official_daily_result_pdf
201908030809,2019,京都,3,8,9,2019-05-12,https://www.jra.go.jp/datafile/seiseki/report/2019/2019-3kyoto8.pdf,official_daily_result_pdf
201908030810,2019,京都,3,8,10,2019-05-12,https://www.jra.go.jp/datafile/seiseki/report/2019/2019-3kyoto8.pdf,official_daily_result_pdf
201908030811,2019,京都,3,8,11,2019-05-12,https://www.jra.go.jp/datafile/seiseki/report/2019/2019-3kyoto8.pdf,official_daily_result_pdf
201908030812,2019,京都,3,8,12,2019-05-12,https://www.jra.go.jp/datafile/seiseki/report/2019/2019-3kyoto8.pdf,official_daily_result_pdf
201908030901,2019,京都,3,9,1,2019-05-18,https://www.jra.go.jp/datafile/seiseki/report/2019/2019-3kyoto9.pdf,official_daily_result_pdf
201908030902,2019,京都,3,9,2,2019-05-18,https://www.jra.go.jp/datafile/seiseki/report/2019/2019-3kyoto9.pdf,official_daily_result_pdf
201908030903,2019,京都,3,9,3,2019-05-18,https://www.jra.go.jp/datafile/seiseki/report/2019/2019-3kyoto9.pdf,official_daily_result_pdf
201908030904,2019,京都,3,9,4,2019-05-18,https://www.jra.go.jp/datafile/seiseki/report/2019/2019-3kyoto9.pdf,official_daily_result_pdf
201908030905,2019,京都,3,9,5,2019-05-18,https://www.jra.go.jp/datafile/seiseki/report/2019/2019-3kyoto9.pdf,official_daily_result_pdf
201908030906,2019,京都,3,9,6,2019-05-18,https://www.jra.go.jp/datafile/seiseki/report/2019/2019-3kyoto9.pdf,official_daily_result_pdf
201908030907,2019,京都,3,9,7,2019-05-18,https://www.jra.go.jp/datafile/seiseki/report/2019/2019-3kyoto9.pdf,official_daily_result_pdf
201908030908,2019,京都,3,9,8,2019-05-18,https://www.jra.go.jp/datafile/seiseki/report/2019/2019-3kyoto9.pdf,official_daily_result_pdf
201908030909,2019,京都,3,9,9,2019-05-18,https://www.jra.go.jp/datafile/seiseki/report/2019/2019-3kyoto9.pdf,official_daily_result_pdf
201908030910,2019,京都,3,9,10,2019-05-18,https://www.jra.go.jp/datafile/seiseki/report/2019/2019-3kyoto9.pdf,official_daily_result_pdf
201908030911,2019,京都,3,9,11,2019-05-18,https://www.jra.go.jp/datafile/seiseki/report/2019/2019-3kyoto9.pdf,official_daily_result_pdf
201908030912,2019,京都,3,9,12,2019-05-18,https://www.jra.go.jp/datafile/seiseki/report/2019/2019-3kyoto9.pdf,official_daily_result_pdf
201908031001,2019,京都,3,10,1,2019-05-19,https://www.jra.go.jp/datafile/seiseki/report/2019/2019-3kyoto10.pdf,official_daily_result_pdf
201908031002,2019,京都,3,10,2,2019-05-19,https://www.jra.go.jp/datafile/seiseki/report/2019/2019-3kyoto10.pdf,official_daily_result_pdf
201908031003,2019,京都,3,10,3,2019-05-19,https://www.jra.go.jp/datafile/seiseki/report/2019/2019-3kyoto10.pdf,official_daily_result_pdf
201908031004,2019,京都,3,10,4,2019-05-19,https://www.jra.go.jp/datafile/seiseki/report/2019/2019-3kyoto10.pdf,official_daily_result_pdf
201908031005,2019,京都,3,10,5,2019-05-19,https://www.jra.go.jp/datafile/seiseki/report/2019/2019-3kyoto10.pdf,official_daily_result_pdf
201908031006,2019,京都,3,10,6,2019-05-19,https://www.jra.go.jp/datafile/seiseki/report/2019/2019-3kyoto10.pdf,official_daily_result_pdf
201908031007,2019,京都,3,10,7,2019-05-19,https://www.jra.go.jp/datafile/seiseki/report/2019/2019-3kyoto10.pdf,official_daily_result_pdf
201908031008,2019,京都,3,10,8,2019-05-19,https://www.jra.go.jp/datafile/seiseki/report/2019/2019-3kyoto10.pdf,official_daily_result_pdf
201908031009,2019,京都,3,10,9,2019-05-19,https://www.jra.go.jp/datafile/seiseki/report/2019/2019-3kyoto10.pdf,official_daily_result_pdf
201908031010,2019,京都,3,10,10,2019-05-19,https://www.jra.go.jp/datafile/seiseki/report/2019/2019-3kyoto10.pdf,official_daily_result_pdf
201908031011,2019,京都,3,10,11,2019-05-19,https://www.jra.go.jp/datafile/seiseki/report/2019/2019-3kyoto10.pdf,official_daily_result_pdf
201908031012,2019,京都,3,10,12,2019-05-19,https://www.jra.go.jp/datafile/seiseki/report/2019/2019-3kyoto10.pdf,official_daily_result_pdf
201908031101,2019,京都,3,11,1,2019-05-25,https://www.jra.go.jp/datafile/seiseki/report/2019/2019-3kyoto11.pdf,official_daily_result_pdf
201908031102,2019,京都,3,11,2,2019-05-25,https://www.jra.go.jp/datafile/seiseki/report/2019/2019-3kyoto11.pdf,official_daily_result_pdf
201908031103,2019,京都,3,11,3,2019-05-25,https://www.jra.go.jp/datafile/seiseki/report/2019/2019-3kyoto11.pdf,official_daily_result_pdf
201908031104,2019,京都,3,11,4,2019-05-25,https://www.jra.go.jp/datafile/seiseki/report/2019/2019-3kyoto11.pdf,official_daily_result_pdf
201908031105,2019,京都,3,11,5,2019-05-25,https://www.jra.go.jp/datafile/seiseki/report/2019/2019-3kyoto11.pdf,official_daily_result_pdf
201908031106,2019,京都,3,11,6,2019-05-25,https://www.jra.go.jp/datafile/seiseki/report/2019/2019-3kyoto11.pdf,official_daily_result_pdf
201908031107,2019,京都,3,11,7,2019-05-25,https://www.jra.go.jp/datafile/seiseki/report/2019/2019-3kyoto11.pdf,official_daily_result_pdf
201908031108,2019,京都,3,11,8,2019-05-25,https://www.jra.go.jp/datafile/seiseki/report/2019/2019-3kyoto11.pdf,official_daily_result_pdf
201908031109,2019,京都,3,11,9,2019-05-25,https://www.jra.go.jp/datafile/seiseki/report/2019/2019-3kyoto11.pdf,official_daily_result_pdf
201908031110,2019,京都,3,11,10,2019-05-25,https://www.jra.go.jp/datafile/seiseki/report/2019/2019-3kyoto11.pdf,official_daily_result_pdf
201908031111,2019,京都,3,11,11,2019-05-25,https://www.jra.go.jp/datafile/seiseki/report/2019/2019-3kyoto11.pdf,official_daily_result_pdf
201908031112,2019,京都,3,11,12,2019-05-25,https://www.jra.go.jp/datafile/seiseki/report/2019/2019-3kyoto11.pdf,official_daily_result_pdf
201908031201,2019,京都,3,12,1,2019-05-26,https://www.jra.go.jp/datafile/seiseki/report/2019/2019-3kyoto12.pdf,official_daily_result_pdf
201908031202,2019,京都,3,12,2,2019-05-26,https://www.jra.go.jp/datafile/seiseki/report/2019/2019-3kyoto12.pdf,official_daily_result_pdf
201908031203,2019,京都,3,12,3,2019-05-26,https://www.jra.go.jp/datafile/seiseki/report/2019/2019-3kyoto12.pdf,official_daily_result_pdf
201908031204,2019,京都,3,12,4,2019-05-26,https://www.jra.go.jp/datafile/seiseki/report/2019/2019-3kyoto12.pdf,official_daily_result_pdf
201908031205,2019,京都,3,12,5,2019-05-26,https://www.jra.go.jp/datafile/seiseki/report/2019/2019-3kyoto12.pdf,official_daily_result_pdf
201908031206,2019,京都,3,12,6,2019-05-26,https://www.jra.go.jp/datafile/seiseki/report/2019/2019-3kyoto12.pdf,official_daily_result_pdf
201908031207,2019,京都,3,12,7,2019-05-26,https://www.jra.go.jp/datafile/seiseki/report/2019/2019-3kyoto12.pdf,official_daily_result_pdf
201908031208,2019,京都,3,12,8,2019-05-26,https://www.jra.go.jp/datafile/seiseki/report/2019/2019-3kyoto12.pdf,official_daily_result_pdf
201908031209,2019,京都,3,12,9,2019-05-26,https://www.jra.go.jp/datafile/seiseki/report/2019/2019-3kyoto12.pdf,official_daily_result_pdf
201908031210,2019,京都,3,12,10,2019-05-26,https://www.jra.go.jp/datafile/seiseki/report/2019/2019-3kyoto12.pdf,official_daily_result_pdf
201908031211,2019,京都,3,12,11,2019-05-26,https://www.jra.go.jp/datafile/seiseki/report/2019/2019-3kyoto12.pdf,official_daily_result_pdf
201908031212,2019,京都,3,12,12,2019-05-26,https://www.jra.go.jp/datafile/seiseki/report/2019/2019-3kyoto12.pdf,official_daily_result_pdf
201908040101,2019,京都,4,1,1,2019-10-05,https://www.jra.go.jp/datafile/seiseki/report/2019/2019-4kyoto1.pdf,official_daily_result_pdf
201908040102,2019,京都,4,1,2,2019-10-05,https://www.jra.go.jp/datafile/seiseki/report/2019/2019-4kyoto1.pdf,official_daily_result_pdf
201908040103,2019,京都,4,1,3,2019-10-05,https://www.jra.go.jp/datafile/seiseki/report/2019/2019-4kyoto1.pdf,official_daily_result_pdf
201908040104,2019,京都,4,1,4,2019-10-05,https://www.jra.go.jp/datafile/seiseki/report/2019/2019-4kyoto1.pdf,official_daily_result_pdf
201908040105,2019,京都,4,1,5,2019-10-05,https://www.jra.go.jp/datafile/seiseki/report/2019/2019-4kyoto1.pdf,official_daily_result_pdf
201908040106,2019,京都,4,1,6,2019-10-05,https://www.jra.go.jp/datafile/seiseki/report/2019/2019-4kyoto1.pdf,official_daily_result_pdf
201908040107,2019,京都,4,1,7,2019-10-05,https://www.jra.go.jp/datafile/seiseki/report/2019/2019-4kyoto1.pdf,official_daily_result_pdf
201908040108,2019,京都,4,1,8,2019-10-05,https://www.jra.go.jp/datafile/seiseki/report/2019/2019-4kyoto1.pdf,official_daily_result_pdf
201908040109,2019,京都,4,1,9,2019-10-05,https://www.jra.go.jp/datafile/seiseki/report/2019/2019-4kyoto1.pdf,official_daily_result_pdf
201908040110,2019,京都,4,1,10,2019-10-05,https://www.jra.go.jp/datafile/seiseki/report/2019/2019-4kyoto1.pdf,official_daily_result_pdf
201908040111,2019,京都,4,1,11,2019-10-05,https://www.jra.go.jp/datafile/seiseki/report/2019/2019-4kyoto1.pdf,official_daily_result_pdf
201908040112,2019,京都,4,1,12,2019-10-05,https://www.jra.go.jp/datafile/seiseki/report/2019/2019-4kyoto1.pdf,official_daily_result_pdf
201908040201,2019,京都,4,2,1,2019-10-06,https://www.jra.go.jp/datafile/seiseki/report/2019/2019-4kyoto2.pdf,official_daily_result_pdf
201908040202,2019,京都,4,2,2,2019-10-06,https://www.jra.go.jp/datafile/seiseki/report/2019/2019-4kyoto2.pdf,official_daily_result_pdf
201908040203,2019,京都,4,2,3,2019-10-06,https://www.jra.go.jp/datafile/seiseki/report/2019/2019-4kyoto2.pdf,official_daily_result_pdf
201908040204,2019,京都,4,2,4,2019-10-06,https://www.jra.go.jp/datafile/seiseki/report/2019/2019-4kyoto2.pdf,official_daily_result_pdf
201908040205,2019,京都,4,2,5,2019-10-06,https://www.jra.go.jp/datafile/seiseki/report/2019/2019-4kyoto2.pdf,official_daily_result_pdf
201908040206,2019,京都,4,2,6,2019-10-06,https://www.jra.go.jp/datafile/seiseki/report/2019/2019-4kyoto2.pdf,official_daily_result_pdf
201908040207,2019,京都,4,2,7,2019-10-06,https://www.jra.go.jp/datafile/seiseki/report/2019/2019-4kyoto2.pdf,official_daily_result_pdf
201908040208,2019,京都,4,2,8,2019-10-06,https://www.jra.go.jp/datafile/seiseki/report/2019/2019-4kyoto2.pdf,official_daily_result_pdf
201908040209,2019,京都,4,2,9,2019-10-06,https://www.jra.go.jp/datafile/seiseki/report/2019/2019-4kyoto2.pdf,official_daily_result_pdf
201908040210,2019,京都,4,2,10,2019-10-06,https://www.jra.go.jp/datafile/seiseki/report/2019/2019-4kyoto2.pdf,official_daily_result_pdf
201908040211,2019,京都,4,2,11,2019-10-06,https://www.jra.go.jp/datafile/seiseki/report/2019/2019-4kyoto2.pdf,official_daily_result_pdf
201908040212,2019,京都,4,2,12,2019-10-06,https://www.jra.go.jp/datafile/seiseki/report/2019/2019-4kyoto2.pdf,official_daily_result_pdf
201908040301,2019,京都,4,3,1,2019-10-12,https://www.jra.go.jp/datafile/seiseki/report/2019/2019-4kyoto3.pdf,official_daily_result_pdf
201908040302,2019,京都,4,3,2,2019-10-12,https://www.jra.go.jp/datafile/seiseki/report/2019/2019-4kyoto3.pdf,official_daily_result_pdf
201908040303,2019,京都,4,3,3,2019-10-12,https://www.jra.go.jp/datafile/seiseki/report/2019/2019-4kyoto3.pdf,official_daily_result_pdf
201908040304,2019,京都,4,3,4,2019-10-12,https://www.jra.go.jp/datafile/seiseki/report/2019/2019-4kyoto3.pdf,official_daily_result_pdf
201908040305,2019,京都,4,3,5,2019-10-12,https://www.jra.go.jp/datafile/seiseki/report/2019/2019-4kyoto3.pdf,official_daily_result_pdf
201908040306,2019,京都,4,3,6,2019-10-12,https://www.jra.go.jp/datafile/seiseki/report/2019/2019-4kyoto3.pdf,official_daily_result_pdf
201908040307,2019,京都,4,3,7,2019-10-12,https://www.jra.go.jp/datafile/seiseki/report/2019/2019-4kyoto3.pdf,official_daily_result_pdf
201908040308,2019,京都,4,3,8,2019-10-12,https://www.jra.go.jp/datafile/seiseki/report/2019/2019-4kyoto3.pdf,official_daily_result_pdf
201908040309,2019,京都,4,3,9,2019-10-12,https://www.jra.go.jp/datafile/seiseki/report/2019/2019-4kyoto3.pdf,official_daily_result_pdf
201908040310,2019,京都,4,3,10,2019-10-12,https://www.jra.go.jp/datafile/seiseki/report/2019/2019-4kyoto3.pdf,official_daily_result_pdf
201908040311,2019,京都,4,3,11,2019-10-12,https://www.jra.go.jp/datafile/seiseki/report/2019/2019-4kyoto3.pdf,official_daily_result_pdf
201908040312,2019,京都,4,3,12,2019-10-12,https://www.jra.go.jp/datafile/seiseki/report/2019/2019-4kyoto3.pdf,official_daily_result_pdf
201908040401,2019,京都,4,4,1,2019-10-13,https://www.jra.go.jp/datafile/seiseki/report/2019/2019-4kyoto4.pdf,official_daily_result_pdf
201908040402,2019,京都,4,4,2,2019-10-13,https://www.jra.go.jp/datafile/seiseki/report/2019/2019-4kyoto4.pdf,official_daily_result_pdf
201908040403,2019,京都,4,4,3,2019-10-13,https://www.jra.go.jp/datafile/seiseki/report/2019/2019-4kyoto4.pdf,official_daily_result_pdf
201908040404,2019,京都,4,4,4,2019-10-13,https://www.jra.go.jp/datafile/seiseki/report/2019/2019-4kyoto4.pdf,official_daily_result_pdf
201908040405,2019,京都,4,4,5,2019-10-13,https://www.jra.go.jp/datafile/seiseki/report/2019/2019-4kyoto4.pdf,official_daily_result_pdf
201908040406,2019,京都,4,4,6,2019-10-13,https://www.jra.go.jp/datafile/seiseki/report/2019/2019-4kyoto4.pdf,official_daily_result_pdf
201908040407,2019,京都,4,4,7,2019-10-13,https://www.jra.go.jp/datafile/seiseki/report/2019/2019-4kyoto4.pdf,official_daily_result_pdf
201908040408,2019,京都,4,4,8,2019-10-13,https://www.jra.go.jp/datafile/seiseki/report/2019/2019-4kyoto4.pdf,official_daily_result_pdf
201908040409,2019,京都,4,4,9,2019-10-13,https://www.jra.go.jp/datafile/seiseki/report/2019/2019-4kyoto4.pdf,official_daily_result_pdf
201908040410,2019,京都,4,4,10,2019-10-13,https://www.jra.go.jp/datafile/seiseki/report/2019/2019-4kyoto4.pdf,official_daily_result_pdf
201908040411,2019,京都,4,4,11,2019-10-13,https://www.jra.go.jp/datafile/seiseki/report/2019/2019-4kyoto4.pdf,official_daily_result_pdf
201908040412,2019,京都,4,4,12,2019-10-13,https://www.jra.go.jp/datafile/seiseki/report/2019/2019-4kyoto4.pdf,official_daily_result_pdf
201908040501,2019,京都,4,5,1,2019-10-14,https://www.jra.go.jp/datafile/seiseki/report/2019/2019-4kyoto5.pdf,official_daily_result_pdf
201908040502,2019,京都,4,5,2,2019-10-14,https://www.jra.go.jp/datafile/seiseki/report/2019/2019-4kyoto5.pdf,official_daily_result_pdf
201908040503,2019,京都,4,5,3,2019-10-14,https://www.jra.go.jp/datafile/seiseki/report/2019/2019-4kyoto5.pdf,official_daily_result_pdf
201908040504,2019,京都,4,5,4,2019-10-14,https://www.jra.go.jp/datafile/seiseki/report/2019/2019-4kyoto5.pdf,official_daily_result_pdf
201908040505,2019,京都,4,5,5,2019-10-14,https://www.jra.go.jp/datafile/seiseki/report/2019/2019-4kyoto5.pdf,official_daily_result_pdf
201908040506,2019,京都,4,5,6,2019-10-14,https://www.jra.go.jp/datafile/seiseki/report/2019/2019-4kyoto5.pdf,official_daily_result_pdf
201908040507,2019,京都,4,5,7,2019-10-14,https://www.jra.go.jp/datafile/seiseki/report/2019/2019-4kyoto5.pdf,official_daily_result_pdf
201908040508,2019,京都,4,5,8,2019-10-14,https://www.jra.go.jp/datafile/seiseki/report/2019/2019-4kyoto5.pdf,official_daily_result_pdf
201908040509,2019,京都,4,5,9,2019-10-14,https://www.jra.go.jp/datafile/seiseki/report/2019/2019-4kyoto5.pdf,official_daily_result_pdf
201908040510,2019,京都,4,5,10,2019-10-14,https://www.jra.go.jp/datafile/seiseki/report/2019/2019-4kyoto5.pdf,official_daily_result_pdf
201908040511,2019,京都,4,5,11,2019-10-14,https://www.jra.go.jp/datafile/seiseki/report/2019/2019-4kyoto5.pdf,official_daily_result_pdf
201908040512,2019,京都,4,5,12,2019-10-14,https://www.jra.go.jp/datafile/seiseki/report/2019/2019-4kyoto5.pdf,official_daily_result_pdf
201908040601,2019,京都,4,6,1,2019-10-19,https://www.jra.go.jp/datafile/seiseki/report/2019/2019-4kyoto6.pdf,official_daily_result_pdf
201908040602,2019,京都,4,6,2,2019-10-19,https://www.jra.go.jp/datafile/seiseki/report/2019/2019-4kyoto6.pdf,official_daily_result_pdf
201908040603,2019,京都,4,6,3,2019-10-19,https://www.jra.go.jp/datafile/seiseki/report/2019/2019-4kyoto6.pdf,official_daily_result_pdf
201908040604,2019,京都,4,6,4,2019-10-19,https://www.jra.go.jp/datafile/seiseki/report/2019/2019-4kyoto6.pdf,official_daily_result_pdf
201908040605,2019,京都,4,6,5,2019-10-19,https://www.jra.go.jp/datafile/seiseki/report/2019/2019-4kyoto6.pdf,official_daily_result_pdf
201908040606,2019,京都,4,6,6,2019-10-19,https://www.jra.go.jp/datafile/seiseki/report/2019/2019-4kyoto6.pdf,official_daily_result_pdf
201908040607,2019,京都,4,6,7,2019-10-19,https://www.jra.go.jp/datafile/seiseki/report/2019/2019-4kyoto6.pdf,official_daily_result_pdf
201908040608,2019,京都,4,6,8,2019-10-19,https://www.jra.go.jp/datafile/seiseki/report/2019/2019-4kyoto6.pdf,official_daily_result_pdf
201908040609,2019,京都,4,6,9,2019-10-19,https://www.jra.go.jp/datafile/seiseki/report/2019/2019-4kyoto6.pdf,official_daily_result_pdf
201908040610,2019,京都,4,6,10,2019-10-19,https://www.jra.go.jp/datafile/seiseki/report/2019/2019-4kyoto6.pdf,official_daily_result_pdf
201908040611,2019,京都,4,6,11,2019-10-19,https://www.jra.go.jp/datafile/seiseki/report/2019/2019-4kyoto6.pdf,official_daily_result_pdf
201908040612,2019,京都,4,6,12,2019-10-19,https://www.jra.go.jp/datafile/seiseki/report/2019/2019-4kyoto6.pdf,official_daily_result_pdf
201908040701,2019,京都,4,7,1,2019-10-20,https://www.jra.go.jp/datafile/seiseki/report/2019/2019-4kyoto7.pdf,official_daily_result_pdf
201908040702,2019,京都,4,7,2,2019-10-20,https://www.jra.go.jp/datafile/seiseki/report/2019/2019-4kyoto7.pdf,official_daily_result_pdf
201908040703,2019,京都,4,7,3,2019-10-20,https://www.jra.go.jp/datafile/seiseki/report/2019/2019-4kyoto7.pdf,official_daily_result_pdf
201908040704,2019,京都,4,7,4,2019-10-20,https://www.jra.go.jp/datafile/seiseki/report/2019/2019-4kyoto7.pdf,official_daily_result_pdf
201908040705,2019,京都,4,7,5,2019-10-20,https://www.jra.go.jp/datafile/seiseki/report/2019/2019-4kyoto7.pdf,official_daily_result_pdf
201908040706,2019,京都,4,7,6,2019-10-20,https://www.jra.go.jp/datafile/seiseki/report/2019/2019-4kyoto7.pdf,official_daily_result_pdf
201908040707,2019,京都,4,7,7,2019-10-20,https://www.jra.go.jp/datafile/seiseki/report/2019/2019-4kyoto7.pdf,official_daily_result_pdf
201908040708,2019,京都,4,7,8,2019-10-20,https://www.jra.go.jp/datafile/seiseki/report/2019/2019-4kyoto7.pdf,official_daily_result_pdf
201908040709,2019,京都,4,7,9,2019-10-20,https://www.jra.go.jp/datafile/seiseki/report/2019/2019-4kyoto7.pdf,official_daily_result_pdf
201908040710,2019,京都,4,7,10,2019-10-20,https://www.jra.go.jp/datafile/seiseki/report/2019/2019-4kyoto7.pdf,official_daily_result_pdf
201908040711,2019,京都,4,7,11,2019-10-20,https://www.jra.go.jp/datafile/seiseki/report/2019/2019-4kyoto7.pdf,official_daily_result_pdf
201908040712,2019,京都,4,7,12,2019-10-20,https://www.jra.go.jp/datafile/seiseki/report/2019/2019-4kyoto7.pdf,official_daily_result_pdf
201908040801,2019,京都,4,8,1,2019-10-26,https://www.jra.go.jp/datafile/seiseki/report/2019/2019-4kyoto8.pdf,official_daily_result_pdf
201908040802,2019,京都,4,8,2,2019-10-26,https://www.jra.go.jp/datafile/seiseki/report/2019/2019-4kyoto8.pdf,official_daily_result_pdf
201908040803,2019,京都,4,8,3,2019-10-26,https://www.jra.go.jp/datafile/seiseki/report/2019/2019-4kyoto8.pdf,official_daily_result_pdf
201908040804,2019,京都,4,8,4,2019-10-26,https://www.jra.go.jp/datafile/seiseki/report/2019/2019-4kyoto8.pdf,official_daily_result_pdf
201908040805,2019,京都,4,8,5,2019-10-26,https://www.jra.go.jp/datafile/seiseki/report/2019/2019-4kyoto8.pdf,official_daily_result_pdf
201908040806,2019,京都,4,8,6,2019-10-26,https://www.jra.go.jp/datafile/seiseki/report/2019/2019-4kyoto8.pdf,official_daily_result_pdf
201908040807,2019,京都,4,8,7,2019-10-26,https://www.jra.go.jp/datafile/seiseki/report/2019/2019-4kyoto8.pdf,official_daily_result_pdf
201908040808,2019,京都,4,8,8,2019-10-26,https://www.jra.go.jp/datafile/seiseki/report/2019/2019-4kyoto8.pdf,official_daily_result_pdf
201908040809,2019,京都,4,8,9,2019-10-26,https://www.jra.go.jp/datafile/seiseki/report/2019/2019-4kyoto8.pdf,official_daily_result_pdf
201908040810,2019,京都,4,8,10,2019-10-26,https://www.jra.go.jp/datafile/seiseki/report/2019/2019-4kyoto8.pdf,official_daily_result_pdf
201908040811,2019,京都,4,8,11,2019-10-26,https://www.jra.go.jp/datafile/seiseki/report/2019/2019-4kyoto8.pdf,official_daily_result_pdf
201908040812,2019,京都,4,8,12,2019-10-26,https://www.jra.go.jp/datafile/seiseki/report/2019/2019-4kyoto8.pdf,official_daily_result_pdf
201908040901,2019,京都,4,9,1,2019-10-27,https://www.jra.go.jp/datafile/seiseki/report/2019/2019-4kyoto9.pdf,official_daily_result_pdf
201908040902,2019,京都,4,9,2,2019-10-27,https://www.jra.go.jp/datafile/seiseki/report/2019/2019-4kyoto9.pdf,official_daily_result_pdf
201908040903,2019,京都,4,9,3,2019-10-27,https://www.jra.go.jp/datafile/seiseki/report/2019/2019-4kyoto9.pdf,official_daily_result_pdf
201908040904,2019,京都,4,9,4,2019-10-27,https://www.jra.go.jp/datafile/seiseki/report/2019/2019-4kyoto9.pdf,official_daily_result_pdf
201908040905,2019,京都,4,9,5,2019-10-27,https://www.jra.go.jp/datafile/seiseki/report/2019/2019-4kyoto9.pdf,official_daily_result_pdf
201908040906,2019,京都,4,9,6,2019-10-27,https://www.jra.go.jp/datafile/seiseki/report/2019/2019-4kyoto9.pdf,official_daily_result_pdf
201908040907,2019,京都,4,9,7,2019-10-27,https://www.jra.go.jp/datafile/seiseki/report/2019/2019-4kyoto9.pdf,official_daily_result_pdf
201908040908,2019,京都,4,9,8,2019-10-27,https://www.jra.go.jp/datafile/seiseki/report/2019/2019-4kyoto9.pdf,official_daily_result_pdf
201908040909,2019,京都,4,9,9,2019-10-27,https://www.jra.go.jp/datafile/seiseki/report/2019/2019-4kyoto9.pdf,official_daily_result_pdf
201908040910,2019,京都,4,9,10,2019-10-27,https://www.jra.go.jp/datafile/seiseki/report/2019/2019-4kyoto9.pdf,official_daily_result_pdf
201908040911,2019,京都,4,9,11,2019-10-27,https://www.jra.go.jp/datafile/seiseki/report/2019/2019-4kyoto9.pdf,official_daily_result_pdf
201908040912,2019,京都,4,9,12,2019-10-27,https://www.jra.go.jp/datafile/seiseki/report/2019/2019-4kyoto9.pdf,official_daily_result_pdf
201908050101,2019,京都,5,1,1,2019-11-02,https://www.jra.go.jp/datafile/seiseki/report/2019/2019-5kyoto1.pdf,official_daily_result_pdf
201908050102,2019,京都,5,1,2,2019-11-02,https://www.jra.go.jp/datafile/seiseki/report/2019/2019-5kyoto1.pdf,official_daily_result_pdf
201908050103,2019,京都,5,1,3,2019-11-02,https://www.jra.go.jp/datafile/seiseki/report/2019/2019-5kyoto1.pdf,official_daily_result_pdf
201908050104,2019,京都,5,1,4,2019-11-02,https://www.jra.go.jp/datafile/seiseki/report/2019/2019-5kyoto1.pdf,official_daily_result_pdf
201908050105,2019,京都,5,1,5,2019-11-02,https://www.jra.go.jp/datafile/seiseki/report/2019/2019-5kyoto1.pdf,official_daily_result_pdf
201908050106,2019,京都,5,1,6,2019-11-02,https://www.jra.go.jp/datafile/seiseki/report/2019/2019-5kyoto1.pdf,official_daily_result_pdf
201908050107,2019,京都,5,1,7,2019-11-02,https://www.jra.go.jp/datafile/seiseki/report/2019/2019-5kyoto1.pdf,official_daily_result_pdf
201908050108,2019,京都,5,1,8,2019-11-02,https://www.jra.go.jp/datafile/seiseki/report/2019/2019-5kyoto1.pdf,official_daily_result_pdf
201908050109,2019,京都,5,1,9,2019-11-02,https://www.jra.go.jp/datafile/seiseki/report/2019/2019-5kyoto1.pdf,official_daily_result_pdf
201908050110,2019,京都,5,1,10,2019-11-02,https://www.jra.go.jp/datafile/seiseki/report/2019/2019-5kyoto1.pdf,official_daily_result_pdf
201908050111,2019,京都,5,1,11,2019-11-02,https://www.jra.go.jp/datafile/seiseki/report/2019/2019-5kyoto1.pdf,official_daily_result_pdf
201908050112,2019,京都,5,1,12,2019-11-02,https://www.jra.go.jp/datafile/seiseki/report/2019/2019-5kyoto1.pdf,official_daily_result_pdf
201908050201,2019,京都,5,2,1,2019-11-03,https://www.jra.go.jp/datafile/seiseki/report/2019/2019-5kyoto2.pdf,official_daily_result_pdf
201908050202,2019,京都,5,2,2,2019-11-03,https://www.jra.go.jp/datafile/seiseki/report/2019/2019-5kyoto2.pdf,official_daily_result_pdf
201908050203,2019,京都,5,2,3,2019-11-03,https://www.jra.go.jp/datafile/seiseki/report/2019/2019-5kyoto2.pdf,official_daily_result_pdf
201908050204,2019,京都,5,2,4,2019-11-03,https://www.jra.go.jp/datafile/seiseki/report/2019/2019-5kyoto2.pdf,official_daily_result_pdf
201908050205,2019,京都,5,2,5,2019-11-03,https://www.jra.go.jp/datafile/seiseki/report/2019/2019-5kyoto2.pdf,official_daily_result_pdf
201908050206,2019,京都,5,2,6,2019-11-03,https://www.jra.go.jp/datafile/seiseki/report/2019/2019-5kyoto2.pdf,official_daily_result_pdf
201908050207,2019,京都,5,2,7,2019-11-03,https://www.jra.go.jp/datafile/seiseki/report/2019/2019-5kyoto2.pdf,official_daily_result_pdf
201908050208,2019,京都,5,2,8,2019-11-03,https://www.jra.go.jp/datafile/seiseki/report/2019/2019-5kyoto2.pdf,official_daily_result_pdf
201908050209,2019,京都,5,2,9,2019-11-03,https://www.jra.go.jp/datafile/seiseki/report/2019/2019-5kyoto2.pdf,official_daily_result_pdf
201908050210,2019,京都,5,2,10,2019-11-03,https://www.jra.go.jp/datafile/seiseki/report/2019/2019-5kyoto2.pdf,official_daily_result_pdf
201908050211,2019,京都,5,2,11,2019-11-03,https://www.jra.go.jp/datafile/seiseki/report/2019/2019-5kyoto2.pdf,official_daily_result_pdf
201908050212,2019,京都,5,2,12,2019-11-03,https://www.jra.go.jp/datafile/seiseki/report/2019/2019-5kyoto2.pdf,official_daily_result_pdf
201908050301,2019,京都,5,3,1,2019-11-09,https://www.jra.go.jp/datafile/seiseki/report/2019/2019-5kyoto3.pdf,official_daily_result_pdf
201908050302,2019,京都,5,3,2,2019-11-09,https://www.jra.go.jp/datafile/seiseki/report/2019/2019-5kyoto3.pdf,official_daily_result_pdf
201908050303,2019,京都,5,3,3,2019-11-09,https://www.jra.go.jp/datafile/seiseki/report/2019/2019-5kyoto3.pdf,official_daily_result_pdf
201908050304,2019,京都,5,3,4,2019-11-09,https://www.jra.go.jp/datafile/seiseki/report/2019/2019-5kyoto3.pdf,official_daily_result_pdf
201908050305,2019,京都,5,3,5,2019-11-09,https://www.jra.go.jp/datafile/seiseki/report/2019/2019-5kyoto3.pdf,official_daily_result_pdf
201908050306,2019,京都,5,3,6,2019-11-09,https://www.jra.go.jp/datafile/seiseki/report/2019/2019-5kyoto3.pdf,official_daily_result_pdf
201908050307,2019,京都,5,3,7,2019-11-09,https://www.jra.go.jp/datafile/seiseki/report/2019/2019-5kyoto3.pdf,official_daily_result_pdf
201908050308,2019,京都,5,3,8,2019-11-09,https://www.jra.go.jp/datafile/seiseki/report/2019/2019-5kyoto3.pdf,official_daily_result_pdf
201908050309,2019,京都,5,3,9,2019-11-09,https://www.jra.go.jp/datafile/seiseki/report/2019/2019-5kyoto3.pdf,official_daily_result_pdf
201908050310,2019,京都,5,3,10,2019-11-09,https://www.jra.go.jp/datafile/seiseki/report/2019/2019-5kyoto3.pdf,official_daily_result_pdf
201908050311,2019,京都,5,3,11,2019-11-09,https://www.jra.go.jp/datafile/seiseki/report/2019/2019-5kyoto3.pdf,official_daily_result_pdf
201908050312,2019,京都,5,3,12,2019-11-09,https://www.jra.go.jp/datafile/seiseki/report/2019/2019-5kyoto3.pdf,official_daily_result_pdf
201908050401,2019,京都,5,4,1,2019-11-10,https://www.jra.go.jp/datafile/seiseki/report/2019/2019-5kyoto4.pdf,official_daily_result_pdf
201908050402,2019,京都,5,4,2,2019-11-10,https://www.jra.go.jp/datafile/seiseki/report/2019/2019-5kyoto4.pdf,official_daily_result_pdf
201908050403,2019,京都,5,4,3,2019-11-10,https://www.jra.go.jp/datafile/seiseki/report/2019/2019-5kyoto4.pdf,official_daily_result_pdf
201908050404,2019,京都,5,4,4,2019-11-10,https://www.jra.go.jp/datafile/seiseki/report/2019/2019-5kyoto4.pdf,official_daily_result_pdf
201908050405,2019,京都,5,4,5,2019-11-10,https://www.jra.go.jp/datafile/seiseki/report/2019/2019-5kyoto4.pdf,official_daily_result_pdf
201908050406,2019,京都,5,4,6,2019-11-10,https://www.jra.go.jp/datafile/seiseki/report/2019/2019-5kyoto4.pdf,official_daily_result_pdf
201908050407,2019,京都,5,4,7,2019-11-10,https://www.jra.go.jp/datafile/seiseki/report/2019/2019-5kyoto4.pdf,official_daily_result_pdf
201908050408,2019,京都,5,4,8,2019-11-10,https://www.jra.go.jp/datafile/seiseki/report/2019/2019-5kyoto4.pdf,official_daily_result_pdf
201908050409,2019,京都,5,4,9,2019-11-10,https://www.jra.go.jp/datafile/seiseki/report/2019/2019-5kyoto4.pdf,official_daily_result_pdf
201908050410,2019,京都,5,4,10,2019-11-10,https://www.jra.go.jp/datafile/seiseki/report/2019/2019-5kyoto4.pdf,official_daily_result_pdf
201908050411,2019,京都,5,4,11,2019-11-10,https://www.jra.go.jp/datafile/seiseki/report/2019/2019-5kyoto4.pdf,official_daily_result_pdf
201908050412,2019,京都,5,4,12,2019-11-10,https://www.jra.go.jp/datafile/seiseki/report/2019/2019-5kyoto4.pdf,official_daily_result_pdf
201908050501,2019,京都,5,5,1,2019-11-16,https://www.jra.go.jp/datafile/seiseki/report/2019/2019-5kyoto5.pdf,official_daily_result_pdf
201908050502,2019,京都,5,5,2,2019-11-16,https://www.jra.go.jp/datafile/seiseki/report/2019/2019-5kyoto5.pdf,official_daily_result_pdf
201908050503,2019,京都,5,5,3,2019-11-16,https://www.jra.go.jp/datafile/seiseki/report/2019/2019-5kyoto5.pdf,official_daily_result_pdf
201908050504,2019,京都,5,5,4,2019-11-16,https://www.jra.go.jp/datafile/seiseki/report/2019/2019-5kyoto5.pdf,official_daily_result_pdf
201908050505,2019,京都,5,5,5,2019-11-16,https://www.jra.go.jp/datafile/seiseki/report/2019/2019-5kyoto5.pdf,official_daily_result_pdf
201908050506,2019,京都,5,5,6,2019-11-16,https://www.jra.go.jp/datafile/seiseki/report/2019/2019-5kyoto5.pdf,official_daily_result_pdf
201908050507,2019,京都,5,5,7,2019-11-16,https://www.jra.go.jp/datafile/seiseki/report/2019/2019-5kyoto5.pdf,official_daily_result_pdf
201908050508,2019,京都,5,5,8,2019-11-16,https://www.jra.go.jp/datafile/seiseki/report/2019/2019-5kyoto5.pdf,official_daily_result_pdf
201908050509,2019,京都,5,5,9,2019-11-16,https://www.jra.go.jp/datafile/seiseki/report/2019/2019-5kyoto5.pdf,official_daily_result_pdf
201908050510,2019,京都,5,5,10,2019-11-16,https://www.jra.go.jp/datafile/seiseki/report/2019/2019-5kyoto5.pdf,official_daily_result_pdf
201908050511,2019,京都,5,5,11,2019-11-16,https://www.jra.go.jp/datafile/seiseki/report/2019/2019-5kyoto5.pdf,official_daily_result_pdf
201908050512,2019,京都,5,5,12,2019-11-16,https://www.jra.go.jp/datafile/seiseki/report/2019/2019-5kyoto5.pdf,official_daily_result_pdf
201908050601,2019,京都,5,6,1,2019-11-17,https://www.jra.go.jp/datafile/seiseki/report/2019/2019-5kyoto6.pdf,official_daily_result_pdf
201908050602,2019,京都,5,6,2,2019-11-17,https://www.jra.go.jp/datafile/seiseki/report/2019/2019-5kyoto6.pdf,official_daily_result_pdf
201908050603,2019,京都,5,6,3,2019-11-17,https://www.jra.go.jp/datafile/seiseki/report/2019/2019-5kyoto6.pdf,official_daily_result_pdf
201908050604,2019,京都,5,6,4,2019-11-17,https://www.jra.go.jp/datafile/seiseki/report/2019/2019-5kyoto6.pdf,official_daily_result_pdf
201908050605,2019,京都,5,6,5,2019-11-17,https://www.jra.go.jp/datafile/seiseki/report/2019/2019-5kyoto6.pdf,official_daily_result_pdf
201908050606,2019,京都,5,6,6,2019-11-17,https://www.jra.go.jp/datafile/seiseki/report/2019/2019-5kyoto6.pdf,official_daily_result_pdf
201908050607,2019,京都,5,6,7,2019-11-17,https://www.jra.go.jp/datafile/seiseki/report/2019/2019-5kyoto6.pdf,official_daily_result_pdf
201908050608,2019,京都,5,6,8,2019-11-17,https://www.jra.go.jp/datafile/seiseki/report/2019/2019-5kyoto6.pdf,official_daily_result_pdf
201908050609,2019,京都,5,6,9,2019-11-17,https://www.jra.go.jp/datafile/seiseki/report/2019/2019-5kyoto6.pdf,official_daily_result_pdf
201908050610,2019,京都,5,6,10,2019-11-17,https://www.jra.go.jp/datafile/seiseki/report/2019/2019-5kyoto6.pdf,official_daily_result_pdf
201908050611,2019,京都,5,6,11,2019-11-17,https://www.jra.go.jp/datafile/seiseki/report/2019/2019-5kyoto6.pdf,official_daily_result_pdf
201908050612,2019,京都,5,6,12,2019-11-17,https://www.jra.go.jp/datafile/seiseki/report/2019/2019-5kyoto6.pdf,official_daily_result_pdf
201908050701,2019,京都,5,7,1,2019-11-23,https://www.jra.go.jp/datafile/seiseki/report/2019/2019-5kyoto7.pdf,official_daily_result_pdf
201908050702,2019,京都,5,7,2,2019-11-23,https://www.jra.go.jp/datafile/seiseki/report/2019/2019-5kyoto7.pdf,official_daily_result_pdf
201908050703,2019,京都,5,7,3,2019-11-23,https://www.jra.go.jp/datafile/seiseki/report/2019/2019-5kyoto7.pdf,official_daily_result_pdf
201908050704,2019,京都,5,7,4,2019-11-23,https://www.jra.go.jp/datafile/seiseki/report/2019/2019-5kyoto7.pdf,official_daily_result_pdf
201908050705,2019,京都,5,7,5,2019-11-23,https://www.jra.go.jp/datafile/seiseki/report/2019/2019-5kyoto7.pdf,official_daily_result_pdf
201908050706,2019,京都,5,7,6,2019-11-23,https://www.jra.go.jp/datafile/seiseki/report/2019/2019-5kyoto7.pdf,official_daily_result_pdf
201908050707,2019,京都,5,7,7,2019-11-23,https://www.jra.go.jp/datafile/seiseki/report/2019/2019-5kyoto7.pdf,official_daily_result_pdf
201908050708,2019,京都,5,7,8,2019-11-23,https://www.jra.go.jp/datafile/seiseki/report/2019/2019-5kyoto7.pdf,official_daily_result_pdf
201908050709,2019,京都,5,7,9,2019-11-23,https://www.jra.go.jp/datafile/seiseki/report/2019/2019-5kyoto7.pdf,official_daily_result_pdf
201908050710,2019,京都,5,7,10,2019-11-23,https://www.jra.go.jp/datafile/seiseki/report/2019/2019-5kyoto7.pdf,official_daily_result_pdf
201908050711,2019,京都,5,7,11,2019-11-23,https://www.jra.go.jp/datafile/seiseki/report/2019/2019-5kyoto7.pdf,official_daily_result_pdf
201908050712,2019,京都,5,7,12,2019-11-23,https://www.jra.go.jp/datafile/seiseki/report/2019/2019-5kyoto7.pdf,official_daily_result_pdf
201908050801,2019,京都,5,8,1,2019-11-24,https://www.jra.go.jp/datafile/seiseki/report/2019/2019-5kyoto8.pdf,official_daily_result_pdf
201908050802,2019,京都,5,8,2,2019-11-24,https://www.jra.go.jp/datafile/seiseki/report/2019/2019-5kyoto8.pdf,official_daily_result_pdf
201908050803,2019,京都,5,8,3,2019-11-24,https://www.jra.go.jp/datafile/seiseki/report/2019/2019-5kyoto8.pdf,official_daily_result_pdf
201908050804,2019,京都,5,8,4,2019-11-24,https://www.jra.go.jp/datafile/seiseki/report/2019/2019-5kyoto8.pdf,official_daily_result_pdf
201908050805,2019,京都,5,8,5,2019-11-24,https://www.jra.go.jp/datafile/seiseki/report/2019/2019-5kyoto8.pdf,official_daily_result_pdf
201908050806,2019,京都,5,8,6,2019-11-24,https://www.jra.go.jp/datafile/seiseki/report/2019/2019-5kyoto8.pdf,official_daily_result_pdf
201908050807,2019,京都,5,8,7,2019-11-24,https://www.jra.go.jp/datafile/seiseki/report/2019/2019-5kyoto8.pdf,official_daily_result_pdf
201908050808,2019,京都,5,8,8,2019-11-24,https://www.jra.go.jp/datafile/seiseki/report/2019/2019-5kyoto8.pdf,official_daily_result_pdf
201908050809,2019,京都,5,8,9,2019-11-24,https://www.jra.go.jp/datafile/seiseki/report/2019/2019-5kyoto8.pdf,official_daily_result_pdf
201908050810,2019,京都,5,8,10,2019-11-24,https://www.jra.go.jp/datafile/seiseki/report/2019/2019-5kyoto8.pdf,official_daily_result_pdf
201908050811,2019,京都,5,8,11,2019-11-24,https://www.jra.go.jp/datafile/seiseki/report/2019/2019-5kyoto8.pdf,official_daily_result_pdf
201908050812,2019,京都,5,8,12,2019-11-24,https://www.jra.go.jp/datafile/seiseki/report/2019/2019-5kyoto8.pdf,official_daily_result_pdf
201909010101,2019,阪神,1,1,1,2019-02-23,https://www.jra.go.jp/datafile/seiseki/report/2019/2019-1hanshin1.pdf,official_daily_result_pdf
201909010102,2019,阪神,1,1,2,2019-02-23,https://www.jra.go.jp/datafile/seiseki/report/2019/2019-1hanshin1.pdf,official_daily_result_pdf
201909010103,2019,阪神,1,1,3,2019-02-23,https://www.jra.go.jp/datafile/seiseki/report/2019/2019-1hanshin1.pdf,official_daily_result_pdf
201909010104,2019,阪神,1,1,4,2019-02-23,https://www.jra.go.jp/datafile/seiseki/report/2019/2019-1hanshin1.pdf,official_daily_result_pdf
201909010105,2019,阪神,1,1,5,2019-02-23,https://www.jra.go.jp/datafile/seiseki/report/2019/2019-1hanshin1.pdf,official_daily_result_pdf
201909010106,2019,阪神,1,1,6,2019-02-23,https://www.jra.go.jp/datafile/seiseki/report/2019/2019-1hanshin1.pdf,official_daily_result_pdf
201909010107,2019,阪神,1,1,7,2019-02-23,https://www.jra.go.jp/datafile/seiseki/report/2019/2019-1hanshin1.pdf,official_daily_result_pdf
201909010108,2019,阪神,1,1,8,2019-02-23,https://www.jra.go.jp/datafile/seiseki/report/2019/2019-1hanshin1.pdf,official_daily_result_pdf
201909010109,2019,阪神,1,1,9,2019-02-23,https://www.jra.go.jp/datafile/seiseki/report/2019/2019-1hanshin1.pdf,official_daily_result_pdf
201909010110,2019,阪神,1,1,10,2019-02-23,https://www.jra.go.jp/datafile/seiseki/report/2019/2019-1hanshin1.pdf,official_daily_result_pdf
201909010111,2019,阪神,1,1,11,2019-02-23,https://www.jra.go.jp/datafile/seiseki/report/2019/2019-1hanshin1.pdf,official_daily_result_pdf
201909010112,2019,阪神,1,1,12,2019-02-23,https://www.jra.go.jp/datafile/seiseki/report/2019/2019-1hanshin1.pdf,official_daily_result_pdf
201909010201,2019,阪神,1,2,1,2019-02-24,https://www.jra.go.jp/datafile/seiseki/report/2019/2019-1hanshin2.pdf,official_daily_result_pdf
201909010202,2019,阪神,1,2,2,2019-02-24,https://www.jra.go.jp/datafile/seiseki/report/2019/2019-1hanshin2.pdf,official_daily_result_pdf
201909010203,2019,阪神,1,2,3,2019-02-24,https://www.jra.go.jp/datafile/seiseki/report/2019/2019-1hanshin2.pdf,official_daily_result_pdf
201909010204,2019,阪神,1,2,4,2019-02-24,https://www.jra.go.jp/datafile/seiseki/report/2019/2019-1hanshin2.pdf,official_daily_result_pdf
201909010205,2019,阪神,1,2,5,2019-02-24,https://www.jra.go.jp/datafile/seiseki/report/2019/2019-1hanshin2.pdf,official_daily_result_pdf
201909010206,2019,阪神,1,2,6,2019-02-24,https://www.jra.go.jp/datafile/seiseki/report/2019/2019-1hanshin2.pdf,official_daily_result_pdf
201909010207,2019,阪神,1,2,7,2019-02-24,https://www.jra.go.jp/datafile/seiseki/report/2019/2019-1hanshin2.pdf,official_daily_result_pdf
201909010208,2019,阪神,1,2,8,2019-02-24,https://www.jra.go.jp/datafile/seiseki/report/2019/2019-1hanshin2.pdf,official_daily_result_pdf
201909010209,2019,阪神,1,2,9,2019-02-24,https://www.jra.go.jp/datafile/seiseki/report/2019/2019-1hanshin2.pdf,official_daily_result_pdf
201909010210,2019,阪神,1,2,10,2019-02-24,https://www.jra.go.jp/datafile/seiseki/report/2019/2019-1hanshin2.pdf,official_daily_result_pdf
201909010211,2019,阪神,1,2,11,2019-02-24,https://www.jra.go.jp/datafile/seiseki/report/2019/2019-1hanshin2.pdf,official_daily_result_pdf
201909010212,2019,阪神,1,2,12,2019-02-24,https://www.jra.go.jp/datafile/seiseki/report/2019/2019-1hanshin2.pdf,official_daily_result_pdf
201909010301,2019,阪神,1,3,1,2019-03-02,https://www.jra.go.jp/datafile/seiseki/report/2019/2019-1hanshin3.pdf,official_daily_result_pdf
201909010302,2019,阪神,1,3,2,2019-03-02,https://www.jra.go.jp/datafile/seiseki/report/2019/2019-1hanshin3.pdf,official_daily_result_pdf
201909010303,2019,阪神,1,3,3,2019-03-02,https://www.jra.go.jp/datafile/seiseki/report/2019/2019-1hanshin3.pdf,official_daily_result_pdf
201909010304,2019,阪神,1,3,4,2019-03-02,https://www.jra.go.jp/datafile/seiseki/report/2019/2019-1hanshin3.pdf,official_daily_result_pdf
201909010305,2019,阪神,1,3,5,2019-03-02,https://www.jra.go.jp/datafile/seiseki/report/2019/2019-1hanshin3.pdf,official_daily_result_pdf
201909010306,2019,阪神,1,3,6,2019-03-02,https://www.jra.go.jp/datafile/seiseki/report/2019/2019-1hanshin3.pdf,official_daily_result_pdf
201909010307,2019,阪神,1,3,7,2019-03-02,https://www.jra.go.jp/datafile/seiseki/report/2019/2019-1hanshin3.pdf,official_daily_result_pdf
201909010308,2019,阪神,1,3,8,2019-03-02,https://www.jra.go.jp/datafile/seiseki/report/2019/2019-1hanshin3.pdf,official_daily_result_pdf
201909010309,2019,阪神,1,3,9,2019-03-02,https://www.jra.go.jp/datafile/seiseki/report/2019/2019-1hanshin3.pdf,official_daily_result_pdf
201909010310,2019,阪神,1,3,10,2019-03-02,https://www.jra.go.jp/datafile/seiseki/report/2019/2019-1hanshin3.pdf,official_daily_result_pdf
201909010311,2019,阪神,1,3,11,2019-03-02,https://www.jra.go.jp/datafile/seiseki/report/2019/2019-1hanshin3.pdf,official_daily_result_pdf
201909010312,2019,阪神,1,3,12,2019-03-02,https://www.jra.go.jp/datafile/seiseki/report/2019/2019-1hanshin3.pdf,official_daily_result_pdf
201909010401,2019,阪神,1,4,1,2019-03-03,https://www.jra.go.jp/datafile/seiseki/report/2019/2019-1hanshin4.pdf,official_daily_result_pdf
201909010402,2019,阪神,1,4,2,2019-03-03,https://www.jra.go.jp/datafile/seiseki/report/2019/2019-1hanshin4.pdf,official_daily_result_pdf
201909010403,2019,阪神,1,4,3,2019-03-03,https://www.jra.go.jp/datafile/seiseki/report/2019/2019-1hanshin4.pdf,official_daily_result_pdf
201909010404,2019,阪神,1,4,4,2019-03-03,https://www.jra.go.jp/datafile/seiseki/report/2019/2019-1hanshin4.pdf,official_daily_result_pdf
201909010405,2019,阪神,1,4,5,2019-03-03,https://www.jra.go.jp/datafile/seiseki/report/2019/2019-1hanshin4.pdf,official_daily_result_pdf
201909010406,2019,阪神,1,4,6,2019-03-03,https://www.jra.go.jp/datafile/seiseki/report/2019/2019-1hanshin4.pdf,official_daily_result_pdf
201909010407,2019,阪神,1,4,7,2019-03-03,https://www.jra.go.jp/datafile/seiseki/report/2019/2019-1hanshin4.pdf,official_daily_result_pdf
201909010408,2019,阪神,1,4,8,2019-03-03,https://www.jra.go.jp/datafile/seiseki/report/2019/2019-1hanshin4.pdf,official_daily_result_pdf
201909010409,2019,阪神,1,4,9,2019-03-03,https://www.jra.go.jp/datafile/seiseki/report/2019/2019-1hanshin4.pdf,official_daily_result_pdf
201909010410,2019,阪神,1,4,10,2019-03-03,https://www.jra.go.jp/datafile/seiseki/report/2019/2019-1hanshin4.pdf,official_daily_result_pdf
201909010411,2019,阪神,1,4,11,2019-03-03,https://www.jra.go.jp/datafile/seiseki/report/2019/2019-1hanshin4.pdf,official_daily_result_pdf
201909010412,2019,阪神,1,4,12,2019-03-03,https://www.jra.go.jp/datafile/seiseki/report/2019/2019-1hanshin4.pdf,official_daily_result_pdf
201909010501,2019,阪神,1,5,1,2019-03-09,https://www.jra.go.jp/datafile/seiseki/report/2019/2019-1hanshin5.pdf,official_daily_result_pdf
201909010502,2019,阪神,1,5,2,2019-03-09,https://www.jra.go.jp/datafile/seiseki/report/2019/2019-1hanshin5.pdf,official_daily_result_pdf
201909010503,2019,阪神,1,5,3,2019-03-09,https://www.jra.go.jp/datafile/seiseki/report/2019/2019-1hanshin5.pdf,official_daily_result_pdf
201909010504,2019,阪神,1,5,4,2019-03-09,https://www.jra.go.jp/datafile/seiseki/report/2019/2019-1hanshin5.pdf,official_daily_result_pdf
201909010505,2019,阪神,1,5,5,2019-03-09,https://www.jra.go.jp/datafile/seiseki/report/2019/2019-1hanshin5.pdf,official_daily_result_pdf
201909010506,2019,阪神,1,5,6,2019-03-09,https://www.jra.go.jp/datafile/seiseki/report/2019/2019-1hanshin5.pdf,official_daily_result_pdf
201909010507,2019,阪神,1,5,7,2019-03-09,https://www.jra.go.jp/datafile/seiseki/report/2019/2019-1hanshin5.pdf,official_daily_result_pdf
201909010508,2019,阪神,1,5,8,2019-03-09,https://www.jra.go.jp/datafile/seiseki/report/2019/2019-1hanshin5.pdf,official_daily_result_pdf
201909010509,2019,阪神,1,5,9,2019-03-09,https://www.jra.go.jp/datafile/seiseki/report/2019/2019-1hanshin5.pdf,official_daily_result_pdf
201909010510,2019,阪神,1,5,10,2019-03-09,https://www.jra.go.jp/datafile/seiseki/report/2019/2019-1hanshin5.pdf,official_daily_result_pdf
201909010511,2019,阪神,1,5,11,2019-03-09,https://www.jra.go.jp/datafile/seiseki/report/2019/2019-1hanshin5.pdf,official_daily_result_pdf
201909010512,2019,阪神,1,5,12,2019-03-09,https://www.jra.go.jp/datafile/seiseki/report/2019/2019-1hanshin5.pdf,official_daily_result_pdf
201909010601,2019,阪神,1,6,1,2019-03-10,https://www.jra.go.jp/datafile/seiseki/report/2019/2019-1hanshin6.pdf,official_daily_result_pdf
201909010602,2019,阪神,1,6,2,2019-03-10,https://www.jra.go.jp/datafile/seiseki/report/2019/2019-1hanshin6.pdf,official_daily_result_pdf
201909010603,2019,阪神,1,6,3,2019-03-10,https://www.jra.go.jp/datafile/seiseki/report/2019/2019-1hanshin6.pdf,official_daily_result_pdf
201909010604,2019,阪神,1,6,4,2019-03-10,https://www.jra.go.jp/datafile/seiseki/report/2019/2019-1hanshin6.pdf,official_daily_result_pdf
201909010605,2019,阪神,1,6,5,2019-03-10,https://www.jra.go.jp/datafile/seiseki/report/2019/2019-1hanshin6.pdf,official_daily_result_pdf
201909010606,2019,阪神,1,6,6,2019-03-10,https://www.jra.go.jp/datafile/seiseki/report/2019/2019-1hanshin6.pdf,official_daily_result_pdf
201909010607,2019,阪神,1,6,7,2019-03-10,https://www.jra.go.jp/datafile/seiseki/report/2019/2019-1hanshin6.pdf,official_daily_result_pdf
201909010608,2019,阪神,1,6,8,2019-03-10,https://www.jra.go.jp/datafile/seiseki/report/2019/2019-1hanshin6.pdf,official_daily_result_pdf
201909010609,2019,阪神,1,6,9,2019-03-10,https://www.jra.go.jp/datafile/seiseki/report/2019/2019-1hanshin6.pdf,official_daily_result_pdf
201909010610,2019,阪神,1,6,10,2019-03-10,https://www.jra.go.jp/datafile/seiseki/report/2019/2019-1hanshin6.pdf,official_daily_result_pdf
201909010611,2019,阪神,1,6,11,2019-03-10,https://www.jra.go.jp/datafile/seiseki/report/2019/2019-1hanshin6.pdf,official_daily_result_pdf
201909010612,2019,阪神,1,6,12,2019-03-10,https://www.jra.go.jp/datafile/seiseki/report/2019/2019-1hanshin6.pdf,official_daily_result_pdf
201909010701,2019,阪神,1,7,1,2019-03-16,https://www.jra.go.jp/datafile/seiseki/report/2019/2019-1hanshin7.pdf,official_daily_result_pdf
201909010702,2019,阪神,1,7,2,2019-03-16,https://www.jra.go.jp/datafile/seiseki/report/2019/2019-1hanshin7.pdf,official_daily_result_pdf
201909010703,2019,阪神,1,7,3,2019-03-16,https://www.jra.go.jp/datafile/seiseki/report/2019/2019-1hanshin7.pdf,official_daily_result_pdf
201909010704,2019,阪神,1,7,4,2019-03-16,https://www.jra.go.jp/datafile/seiseki/report/2019/2019-1hanshin7.pdf,official_daily_result_pdf
201909010705,2019,阪神,1,7,5,2019-03-16,https://www.jra.go.jp/datafile/seiseki/report/2019/2019-1hanshin7.pdf,official_daily_result_pdf
201909010706,2019,阪神,1,7,6,2019-03-16,https://www.jra.go.jp/datafile/seiseki/report/2019/2019-1hanshin7.pdf,official_daily_result_pdf
201909010707,2019,阪神,1,7,7,2019-03-16,https://www.jra.go.jp/datafile/seiseki/report/2019/2019-1hanshin7.pdf,official_daily_result_pdf
201909010708,2019,阪神,1,7,8,2019-03-16,https://www.jra.go.jp/datafile/seiseki/report/2019/2019-1hanshin7.pdf,official_daily_result_pdf
201909010709,2019,阪神,1,7,9,2019-03-16,https://www.jra.go.jp/datafile/seiseki/report/2019/2019-1hanshin7.pdf,official_daily_result_pdf
201909010710,2019,阪神,1,7,10,2019-03-16,https://www.jra.go.jp/datafile/seiseki/report/2019/2019-1hanshin7.pdf,official_daily_result_pdf
201909010711,2019,阪神,1,7,11,2019-03-16,https://www.jra.go.jp/datafile/seiseki/report/2019/2019-1hanshin7.pdf,official_daily_result_pdf
201909010712,2019,阪神,1,7,12,2019-03-16,https://www.jra.go.jp/datafile/seiseki/report/2019/2019-1hanshin7.pdf,official_daily_result_pdf
201909010801,2019,阪神,1,8,1,2019-03-17,https://www.jra.go.jp/datafile/seiseki/report/2019/2019-1hanshin8.pdf,official_daily_result_pdf
201909010802,2019,阪神,1,8,2,2019-03-17,https://www.jra.go.jp/datafile/seiseki/report/2019/2019-1hanshin8.pdf,official_daily_result_pdf
201909010803,2019,阪神,1,8,3,2019-03-17,https://www.jra.go.jp/datafile/seiseki/report/2019/2019-1hanshin8.pdf,official_daily_result_pdf
201909010804,2019,阪神,1,8,4,2019-03-17,https://www.jra.go.jp/datafile/seiseki/report/2019/2019-1hanshin8.pdf,official_daily_result_pdf
201909010805,2019,阪神,1,8,5,2019-03-17,https://www.jra.go.jp/datafile/seiseki/report/2019/2019-1hanshin8.pdf,official_daily_result_pdf
201909010806,2019,阪神,1,8,6,2019-03-17,https://www.jra.go.jp/datafile/seiseki/report/2019/2019-1hanshin8.pdf,official_daily_result_pdf
201909010807,2019,阪神,1,8,7,2019-03-17,https://www.jra.go.jp/datafile/seiseki/report/2019/2019-1hanshin8.pdf,official_daily_result_pdf
201909010808,2019,阪神,1,8,8,2019-03-17,https://www.jra.go.jp/datafile/seiseki/report/2019/2019-1hanshin8.pdf,official_daily_result_pdf
201909010809,2019,阪神,1,8,9,2019-03-17,https://www.jra.go.jp/datafile/seiseki/report/2019/2019-1hanshin8.pdf,official_daily_result_pdf
201909010810,2019,阪神,1,8,10,2019-03-17,https://www.jra.go.jp/datafile/seiseki/report/2019/2019-1hanshin8.pdf,official_daily_result_pdf
201909010811,2019,阪神,1,8,11,2019-03-17,https://www.jra.go.jp/datafile/seiseki/report/2019/2019-1hanshin8.pdf,official_daily_result_pdf
201909010812,2019,阪神,1,8,12,2019-03-17,https://www.jra.go.jp/datafile/seiseki/report/2019/2019-1hanshin8.pdf,official_daily_result_pdf
201909020101,2019,阪神,2,1,1,2019-03-23,https://www.jra.go.jp/datafile/seiseki/report/2019/2019-2hanshin1.pdf,official_daily_result_pdf
201909020102,2019,阪神,2,1,2,2019-03-23,https://www.jra.go.jp/datafile/seiseki/report/2019/2019-2hanshin1.pdf,official_daily_result_pdf
201909020103,2019,阪神,2,1,3,2019-03-23,https://www.jra.go.jp/datafile/seiseki/report/2019/2019-2hanshin1.pdf,official_daily_result_pdf
201909020104,2019,阪神,2,1,4,2019-03-23,https://www.jra.go.jp/datafile/seiseki/report/2019/2019-2hanshin1.pdf,official_daily_result_pdf
201909020105,2019,阪神,2,1,5,2019-03-23,https://www.jra.go.jp/datafile/seiseki/report/2019/2019-2hanshin1.pdf,official_daily_result_pdf
201909020106,2019,阪神,2,1,6,2019-03-23,https://www.jra.go.jp/datafile/seiseki/report/2019/2019-2hanshin1.pdf,official_daily_result_pdf
201909020107,2019,阪神,2,1,7,2019-03-23,https://www.jra.go.jp/datafile/seiseki/report/2019/2019-2hanshin1.pdf,official_daily_result_pdf
201909020108,2019,阪神,2,1,8,2019-03-23,https://www.jra.go.jp/datafile/seiseki/report/2019/2019-2hanshin1.pdf,official_daily_result_pdf
201909020109,2019,阪神,2,1,9,2019-03-23,https://www.jra.go.jp/datafile/seiseki/report/2019/2019-2hanshin1.pdf,official_daily_result_pdf
201909020110,2019,阪神,2,1,10,2019-03-23,https://www.jra.go.jp/datafile/seiseki/report/2019/2019-2hanshin1.pdf,official_daily_result_pdf
201909020111,2019,阪神,2,1,11,2019-03-23,https://www.jra.go.jp/datafile/seiseki/report/2019/2019-2hanshin1.pdf,official_daily_result_pdf
201909020112,2019,阪神,2,1,12,2019-03-23,https://www.jra.go.jp/datafile/seiseki/report/2019/2019-2hanshin1.pdf,official_daily_result_pdf
201909020201,2019,阪神,2,2,1,2019-03-24,https://www.jra.go.jp/datafile/seiseki/report/2019/2019-2hanshin2.pdf,official_daily_result_pdf
201909020202,2019,阪神,2,2,2,2019-03-24,https://www.jra.go.jp/datafile/seiseki/report/2019/2019-2hanshin2.pdf,official_daily_result_pdf
201909020203,2019,阪神,2,2,3,2019-03-24,https://www.jra.go.jp/datafile/seiseki/report/2019/2019-2hanshin2.pdf,official_daily_result_pdf
201909020204,2019,阪神,2,2,4,2019-03-24,https://www.jra.go.jp/datafile/seiseki/report/2019/2019-2hanshin2.pdf,official_daily_result_pdf
201909020205,2019,阪神,2,2,5,2019-03-24,https://www.jra.go.jp/datafile/seiseki/report/2019/2019-2hanshin2.pdf,official_daily_result_pdf
201909020206,2019,阪神,2,2,6,2019-03-24,https://www.jra.go.jp/datafile/seiseki/report/2019/2019-2hanshin2.pdf,official_daily_result_pdf
201909020207,2019,阪神,2,2,7,2019-03-24,https://www.jra.go.jp/datafile/seiseki/report/2019/2019-2hanshin2.pdf,official_daily_result_pdf
201909020208,2019,阪神,2,2,8,2019-03-24,https://www.jra.go.jp/datafile/seiseki/report/2019/2019-2hanshin2.pdf,official_daily_result_pdf
201909020209,2019,阪神,2,2,9,2019-03-24,https://www.jra.go.jp/datafile/seiseki/report/2019/2019-2hanshin2.pdf,official_daily_result_pdf
201909020210,2019,阪神,2,2,10,2019-03-24,https://www.jra.go.jp/datafile/seiseki/report/2019/2019-2hanshin2.pdf,official_daily_result_pdf
201909020211,2019,阪神,2,2,11,2019-03-24,https://www.jra.go.jp/datafile/seiseki/report/2019/2019-2hanshin2.pdf,official_daily_result_pdf
201909020212,2019,阪神,2,2,12,2019-03-24,https://www.jra.go.jp/datafile/seiseki/report/2019/2019-2hanshin2.pdf,official_daily_result_pdf
201909020301,2019,阪神,2,3,1,2019-03-30,https://www.jra.go.jp/datafile/seiseki/report/2019/2019-2hanshin3.pdf,official_daily_result_pdf
201909020302,2019,阪神,2,3,2,2019-03-30,https://www.jra.go.jp/datafile/seiseki/report/2019/2019-2hanshin3.pdf,official_daily_result_pdf
201909020303,2019,阪神,2,3,3,2019-03-30,https://www.jra.go.jp/datafile/seiseki/report/2019/2019-2hanshin3.pdf,official_daily_result_pdf
201909020304,2019,阪神,2,3,4,2019-03-30,https://www.jra.go.jp/datafile/seiseki/report/2019/2019-2hanshin3.pdf,official_daily_result_pdf
201909020305,2019,阪神,2,3,5,2019-03-30,https://www.jra.go.jp/datafile/seiseki/report/2019/2019-2hanshin3.pdf,official_daily_result_pdf
201909020306,2019,阪神,2,3,6,2019-03-30,https://www.jra.go.jp/datafile/seiseki/report/2019/2019-2hanshin3.pdf,official_daily_result_pdf
201909020307,2019,阪神,2,3,7,2019-03-30,https://www.jra.go.jp/datafile/seiseki/report/2019/2019-2hanshin3.pdf,official_daily_result_pdf
201909020308,2019,阪神,2,3,8,2019-03-30,https://www.jra.go.jp/datafile/seiseki/report/2019/2019-2hanshin3.pdf,official_daily_result_pdf
201909020309,2019,阪神,2,3,9,2019-03-30,https://www.jra.go.jp/datafile/seiseki/report/2019/2019-2hanshin3.pdf,official_daily_result_pdf
201909020310,2019,阪神,2,3,10,2019-03-30,https://www.jra.go.jp/datafile/seiseki/report/2019/2019-2hanshin3.pdf,official_daily_result_pdf
201909020311,2019,阪神,2,3,11,2019-03-30,https://www.jra.go.jp/datafile/seiseki/report/2019/2019-2hanshin3.pdf,official_daily_result_pdf
201909020312,2019,阪神,2,3,12,2019-03-30,https://www.jra.go.jp/datafile/seiseki/report/2019/2019-2hanshin3.pdf,official_daily_result_pdf
201909020401,2019,阪神,2,4,1,2019-03-31,https://www.jra.go.jp/datafile/seiseki/report/2019/2019-2hanshin4.pdf,official_daily_result_pdf
201909020402,2019,阪神,2,4,2,2019-03-31,https://www.jra.go.jp/datafile/seiseki/report/2019/2019-2hanshin4.pdf,official_daily_result_pdf
201909020403,2019,阪神,2,4,3,2019-03-31,https://www.jra.go.jp/datafile/seiseki/report/2019/2019-2hanshin4.pdf,official_daily_result_pdf
201909020404,2019,阪神,2,4,4,2019-03-31,https://www.jra.go.jp/datafile/seiseki/report/2019/2019-2hanshin4.pdf,official_daily_result_pdf
201909020405,2019,阪神,2,4,5,2019-03-31,https://www.jra.go.jp/datafile/seiseki/report/2019/2019-2hanshin4.pdf,official_daily_result_pdf
201909020406,2019,阪神,2,4,6,2019-03-31,https://www.jra.go.jp/datafile/seiseki/report/2019/2019-2hanshin4.pdf,official_daily_result_pdf
201909020407,2019,阪神,2,4,7,2019-03-31,https://www.jra.go.jp/datafile/seiseki/report/2019/2019-2hanshin4.pdf,official_daily_result_pdf
201909020408,2019,阪神,2,4,8,2019-03-31,https://www.jra.go.jp/datafile/seiseki/report/2019/2019-2hanshin4.pdf,official_daily_result_pdf
201909020409,2019,阪神,2,4,9,2019-03-31,https://www.jra.go.jp/datafile/seiseki/report/2019/2019-2hanshin4.pdf,official_daily_result_pdf
201909020410,2019,阪神,2,4,10,2019-03-31,https://www.jra.go.jp/datafile/seiseki/report/2019/2019-2hanshin4.pdf,official_daily_result_pdf
201909020411,2019,阪神,2,4,11,2019-03-31,https://www.jra.go.jp/datafile/seiseki/report/2019/2019-2hanshin4.pdf,official_daily_result_pdf
201909020412,2019,阪神,2,4,12,2019-03-31,https://www.jra.go.jp/datafile/seiseki/report/2019/2019-2hanshin4.pdf,official_daily_result_pdf
201909020501,2019,阪神,2,5,1,2019-04-06,https://www.jra.go.jp/datafile/seiseki/report/2019/2019-2hanshin5.pdf,official_daily_result_pdf
201909020502,2019,阪神,2,5,2,2019-04-06,https://www.jra.go.jp/datafile/seiseki/report/2019/2019-2hanshin5.pdf,official_daily_result_pdf
201909020503,2019,阪神,2,5,3,2019-04-06,https://www.jra.go.jp/datafile/seiseki/report/2019/2019-2hanshin5.pdf,official_daily_result_pdf
201909020504,2019,阪神,2,5,4,2019-04-06,https://www.jra.go.jp/datafile/seiseki/report/2019/2019-2hanshin5.pdf,official_daily_result_pdf
201909020505,2019,阪神,2,5,5,2019-04-06,https://www.jra.go.jp/datafile/seiseki/report/2019/2019-2hanshin5.pdf,official_daily_result_pdf
201909020506,2019,阪神,2,5,6,2019-04-06,https://www.jra.go.jp/datafile/seiseki/report/2019/2019-2hanshin5.pdf,official_daily_result_pdf
201909020507,2019,阪神,2,5,7,2019-04-06,https://www.jra.go.jp/datafile/seiseki/report/2019/2019-2hanshin5.pdf,official_daily_result_pdf
201909020508,2019,阪神,2,5,8,2019-04-06,https://www.jra.go.jp/datafile/seiseki/report/2019/2019-2hanshin5.pdf,official_daily_result_pdf
201909020509,2019,阪神,2,5,9,2019-04-06,https://www.jra.go.jp/datafile/seiseki/report/2019/2019-2hanshin5.pdf,official_daily_result_pdf
201909020510,2019,阪神,2,5,10,2019-04-06,https://www.jra.go.jp/datafile/seiseki/report/2019/2019-2hanshin5.pdf,official_daily_result_pdf
201909020511,2019,阪神,2,5,11,2019-04-06,https://www.jra.go.jp/datafile/seiseki/report/2019/2019-2hanshin5.pdf,official_daily_result_pdf
201909020512,2019,阪神,2,5,12,2019-04-06,https://www.jra.go.jp/datafile/seiseki/report/2019/2019-2hanshin5.pdf,official_daily_result_pdf
201909020601,2019,阪神,2,6,1,2019-04-07,https://www.jra.go.jp/datafile/seiseki/report/2019/2019-2hanshin6.pdf,official_daily_result_pdf
201909020602,2019,阪神,2,6,2,2019-04-07,https://www.jra.go.jp/datafile/seiseki/report/2019/2019-2hanshin6.pdf,official_daily_result_pdf
201909020603,2019,阪神,2,6,3,2019-04-07,https://www.jra.go.jp/datafile/seiseki/report/2019/2019-2hanshin6.pdf,official_daily_result_pdf
201909020604,2019,阪神,2,6,4,2019-04-07,https://www.jra.go.jp/datafile/seiseki/report/2019/2019-2hanshin6.pdf,official_daily_result_pdf
201909020605,2019,阪神,2,6,5,2019-04-07,https://www.jra.go.jp/datafile/seiseki/report/2019/2019-2hanshin6.pdf,official_daily_result_pdf
201909020606,2019,阪神,2,6,6,2019-04-07,https://www.jra.go.jp/datafile/seiseki/report/2019/2019-2hanshin6.pdf,official_daily_result_pdf
201909020607,2019,阪神,2,6,7,2019-04-07,https://www.jra.go.jp/datafile/seiseki/report/2019/2019-2hanshin6.pdf,official_daily_result_pdf
201909020608,2019,阪神,2,6,8,2019-04-07,https://www.jra.go.jp/datafile/seiseki/report/2019/2019-2hanshin6.pdf,official_daily_result_pdf
201909020609,2019,阪神,2,6,9,2019-04-07,https://www.jra.go.jp/datafile/seiseki/report/2019/2019-2hanshin6.pdf,official_daily_result_pdf
201909020610,2019,阪神,2,6,10,2019-04-07,https://www.jra.go.jp/datafile/seiseki/report/2019/2019-2hanshin6.pdf,official_daily_result_pdf
201909020611,2019,阪神,2,6,11,2019-04-07,https://www.jra.go.jp/datafile/seiseki/report/2019/2019-2hanshin6.pdf,official_daily_result_pdf
201909020612,2019,阪神,2,6,12,2019-04-07,https://www.jra.go.jp/datafile/seiseki/report/2019/2019-2hanshin6.pdf,official_daily_result_pdf
201909020701,2019,阪神,2,7,1,2019-04-13,https://www.jra.go.jp/datafile/seiseki/report/2019/2019-2hanshin7.pdf,official_daily_result_pdf
201909020702,2019,阪神,2,7,2,2019-04-13,https://www.jra.go.jp/datafile/seiseki/report/2019/2019-2hanshin7.pdf,official_daily_result_pdf
201909020703,2019,阪神,2,7,3,2019-04-13,https://www.jra.go.jp/datafile/seiseki/report/2019/2019-2hanshin7.pdf,official_daily_result_pdf
201909020704,2019,阪神,2,7,4,2019-04-13,https://www.jra.go.jp/datafile/seiseki/report/2019/2019-2hanshin7.pdf,official_daily_result_pdf
201909020705,2019,阪神,2,7,5,2019-04-13,https://www.jra.go.jp/datafile/seiseki/report/2019/2019-2hanshin7.pdf,official_daily_result_pdf
201909020706,2019,阪神,2,7,6,2019-04-13,https://www.jra.go.jp/datafile/seiseki/report/2019/2019-2hanshin7.pdf,official_daily_result_pdf
201909020707,2019,阪神,2,7,7,2019-04-13,https://www.jra.go.jp/datafile/seiseki/report/2019/2019-2hanshin7.pdf,official_daily_result_pdf
201909020708,2019,阪神,2,7,8,2019-04-13,https://www.jra.go.jp/datafile/seiseki/report/2019/2019-2hanshin7.pdf,official_daily_result_pdf
201909020709,2019,阪神,2,7,9,2019-04-13,https://www.jra.go.jp/datafile/seiseki/report/2019/2019-2hanshin7.pdf,official_daily_result_pdf
201909020710,2019,阪神,2,7,10,2019-04-13,https://www.jra.go.jp/datafile/seiseki/report/2019/2019-2hanshin7.pdf,official_daily_result_pdf
201909020711,2019,阪神,2,7,11,2019-04-13,https://www.jra.go.jp/datafile/seiseki/report/2019/2019-2hanshin7.pdf,official_daily_result_pdf
201909020712,2019,阪神,2,7,12,2019-04-13,https://www.jra.go.jp/datafile/seiseki/report/2019/2019-2hanshin7.pdf,official_daily_result_pdf
201909020801,2019,阪神,2,8,1,2019-04-14,https://www.jra.go.jp/datafile/seiseki/report/2019/2019-2hanshin8.pdf,official_daily_result_pdf
201909020802,2019,阪神,2,8,2,2019-04-14,https://www.jra.go.jp/datafile/seiseki/report/2019/2019-2hanshin8.pdf,official_daily_result_pdf
201909020803,2019,阪神,2,8,3,2019-04-14,https://www.jra.go.jp/datafile/seiseki/report/2019/2019-2hanshin8.pdf,official_daily_result_pdf
201909020804,2019,阪神,2,8,4,2019-04-14,https://www.jra.go.jp/datafile/seiseki/report/2019/2019-2hanshin8.pdf,official_daily_result_pdf
201909020805,2019,阪神,2,8,5,2019-04-14,https://www.jra.go.jp/datafile/seiseki/report/2019/2019-2hanshin8.pdf,official_daily_result_pdf
201909020806,2019,阪神,2,8,6,2019-04-14,https://www.jra.go.jp/datafile/seiseki/report/2019/2019-2hanshin8.pdf,official_daily_result_pdf
201909020807,2019,阪神,2,8,7,2019-04-14,https://www.jra.go.jp/datafile/seiseki/report/2019/2019-2hanshin8.pdf,official_daily_result_pdf
201909020808,2019,阪神,2,8,8,2019-04-14,https://www.jra.go.jp/datafile/seiseki/report/2019/2019-2hanshin8.pdf,official_daily_result_pdf
201909020809,2019,阪神,2,8,9,2019-04-14,https://www.jra.go.jp/datafile/seiseki/report/2019/2019-2hanshin8.pdf,official_daily_result_pdf
201909020810,2019,阪神,2,8,10,2019-04-14,https://www.jra.go.jp/datafile/seiseki/report/2019/2019-2hanshin8.pdf,official_daily_result_pdf
201909020811,2019,阪神,2,8,11,2019-04-14,https://www.jra.go.jp/datafile/seiseki/report/2019/2019-2hanshin8.pdf,official_daily_result_pdf
201909020812,2019,阪神,2,8,12,2019-04-14,https://www.jra.go.jp/datafile/seiseki/report/2019/2019-2hanshin8.pdf,official_daily_result_pdf
201909030101,2019,阪神,3,1,1,2019-06-01,https://www.jra.go.jp/datafile/seiseki/report/2019/2019-3hanshin1.pdf,official_daily_result_pdf
201909030102,2019,阪神,3,1,2,2019-06-01,https://www.jra.go.jp/datafile/seiseki/report/2019/2019-3hanshin1.pdf,official_daily_result_pdf
201909030103,2019,阪神,3,1,3,2019-06-01,https://www.jra.go.jp/datafile/seiseki/report/2019/2019-3hanshin1.pdf,official_daily_result_pdf
201909030104,2019,阪神,3,1,4,2019-06-01,https://www.jra.go.jp/datafile/seiseki/report/2019/2019-3hanshin1.pdf,official_daily_result_pdf
201909030105,2019,阪神,3,1,5,2019-06-01,https://www.jra.go.jp/datafile/seiseki/report/2019/2019-3hanshin1.pdf,official_daily_result_pdf
201909030106,2019,阪神,3,1,6,2019-06-01,https://www.jra.go.jp/datafile/seiseki/report/2019/2019-3hanshin1.pdf,official_daily_result_pdf
201909030107,2019,阪神,3,1,7,2019-06-01,https://www.jra.go.jp/datafile/seiseki/report/2019/2019-3hanshin1.pdf,official_daily_result_pdf
201909030108,2019,阪神,3,1,8,2019-06-01,https://www.jra.go.jp/datafile/seiseki/report/2019/2019-3hanshin1.pdf,official_daily_result_pdf
201909030109,2019,阪神,3,1,9,2019-06-01,https://www.jra.go.jp/datafile/seiseki/report/2019/2019-3hanshin1.pdf,official_daily_result_pdf
201909030110,2019,阪神,3,1,10,2019-06-01,https://www.jra.go.jp/datafile/seiseki/report/2019/2019-3hanshin1.pdf,official_daily_result_pdf
201909030111,2019,阪神,3,1,11,2019-06-01,https://www.jra.go.jp/datafile/seiseki/report/2019/2019-3hanshin1.pdf,official_daily_result_pdf
201909030112,2019,阪神,3,1,12,2019-06-01,https://www.jra.go.jp/datafile/seiseki/report/2019/2019-3hanshin1.pdf,official_daily_result_pdf
201909030201,2019,阪神,3,2,1,2019-06-02,https://www.jra.go.jp/datafile/seiseki/report/2019/2019-3hanshin2.pdf,official_daily_result_pdf
201909030202,2019,阪神,3,2,2,2019-06-02,https://www.jra.go.jp/datafile/seiseki/report/2019/2019-3hanshin2.pdf,official_daily_result_pdf
201909030203,2019,阪神,3,2,3,2019-06-02,https://www.jra.go.jp/datafile/seiseki/report/2019/2019-3hanshin2.pdf,official_daily_result_pdf
201909030204,2019,阪神,3,2,4,2019-06-02,https://www.jra.go.jp/datafile/seiseki/report/2019/2019-3hanshin2.pdf,official_daily_result_pdf
201909030205,2019,阪神,3,2,5,2019-06-02,https://www.jra.go.jp/datafile/seiseki/report/2019/2019-3hanshin2.pdf,official_daily_result_pdf
201909030206,2019,阪神,3,2,6,2019-06-02,https://www.jra.go.jp/datafile/seiseki/report/2019/2019-3hanshin2.pdf,official_daily_result_pdf
201909030207,2019,阪神,3,2,7,2019-06-02,https://www.jra.go.jp/datafile/seiseki/report/2019/2019-3hanshin2.pdf,official_daily_result_pdf
201909030208,2019,阪神,3,2,8,2019-06-02,https://www.jra.go.jp/datafile/seiseki/report/2019/2019-3hanshin2.pdf,official_daily_result_pdf
201909030209,2019,阪神,3,2,9,2019-06-02,https://www.jra.go.jp/datafile/seiseki/report/2019/2019-3hanshin2.pdf,official_daily_result_pdf
201909030210,2019,阪神,3,2,10,2019-06-02,https://www.jra.go.jp/datafile/seiseki/report/2019/2019-3hanshin2.pdf,official_daily_result_pdf
201909030211,2019,阪神,3,2,11,2019-06-02,https://www.jra.go.jp/datafile/seiseki/report/2019/2019-3hanshin2.pdf,official_daily_result_pdf
201909030212,2019,阪神,3,2,12,2019-06-02,https://www.jra.go.jp/datafile/seiseki/report/2019/2019-3hanshin2.pdf,official_daily_result_pdf
201909030301,2019,阪神,3,3,1,2019-06-08,https://www.jra.go.jp/datafile/seiseki/report/2019/2019-3hanshin3.pdf,official_daily_result_pdf
201909030302,2019,阪神,3,3,2,2019-06-08,https://www.jra.go.jp/datafile/seiseki/report/2019/2019-3hanshin3.pdf,official_daily_result_pdf
201909030303,2019,阪神,3,3,3,2019-06-08,https://www.jra.go.jp/datafile/seiseki/report/2019/2019-3hanshin3.pdf,official_daily_result_pdf
201909030304,2019,阪神,3,3,4,2019-06-08,https://www.jra.go.jp/datafile/seiseki/report/2019/2019-3hanshin3.pdf,official_daily_result_pdf
201909030305,2019,阪神,3,3,5,2019-06-08,https://www.jra.go.jp/datafile/seiseki/report/2019/2019-3hanshin3.pdf,official_daily_result_pdf
201909030306,2019,阪神,3,3,6,2019-06-08,https://www.jra.go.jp/datafile/seiseki/report/2019/2019-3hanshin3.pdf,official_daily_result_pdf
201909030307,2019,阪神,3,3,7,2019-06-08,https://www.jra.go.jp/datafile/seiseki/report/2019/2019-3hanshin3.pdf,official_daily_result_pdf
201909030308,2019,阪神,3,3,8,2019-06-08,https://www.jra.go.jp/datafile/seiseki/report/2019/2019-3hanshin3.pdf,official_daily_result_pdf
201909030309,2019,阪神,3,3,9,2019-06-08,https://www.jra.go.jp/datafile/seiseki/report/2019/2019-3hanshin3.pdf,official_daily_result_pdf
201909030310,2019,阪神,3,3,10,2019-06-08,https://www.jra.go.jp/datafile/seiseki/report/2019/2019-3hanshin3.pdf,official_daily_result_pdf
201909030311,2019,阪神,3,3,11,2019-06-08,https://www.jra.go.jp/datafile/seiseki/report/2019/2019-3hanshin3.pdf,official_daily_result_pdf
201909030312,2019,阪神,3,3,12,2019-06-08,https://www.jra.go.jp/datafile/seiseki/report/2019/2019-3hanshin3.pdf,official_daily_result_pdf
201909030401,2019,阪神,3,4,1,2019-06-09,https://www.jra.go.jp/datafile/seiseki/report/2019/2019-3hanshin4.pdf,official_daily_result_pdf
201909030402,2019,阪神,3,4,2,2019-06-09,https://www.jra.go.jp/datafile/seiseki/report/2019/2019-3hanshin4.pdf,official_daily_result_pdf
201909030403,2019,阪神,3,4,3,2019-06-09,https://www.jra.go.jp/datafile/seiseki/report/2019/2019-3hanshin4.pdf,official_daily_result_pdf
201909030404,2019,阪神,3,4,4,2019-06-09,https://www.jra.go.jp/datafile/seiseki/report/2019/2019-3hanshin4.pdf,official_daily_result_pdf
201909030405,2019,阪神,3,4,5,2019-06-09,https://www.jra.go.jp/datafile/seiseki/report/2019/2019-3hanshin4.pdf,official_daily_result_pdf
201909030406,2019,阪神,3,4,6,2019-06-09,https://www.jra.go.jp/datafile/seiseki/report/2019/2019-3hanshin4.pdf,official_daily_result_pdf
201909030407,2019,阪神,3,4,7,2019-06-09,https://www.jra.go.jp/datafile/seiseki/report/2019/2019-3hanshin4.pdf,official_daily_result_pdf
201909030408,2019,阪神,3,4,8,2019-06-09,https://www.jra.go.jp/datafile/seiseki/report/2019/2019-3hanshin4.pdf,official_daily_result_pdf
201909030409,2019,阪神,3,4,9,2019-06-09,https://www.jra.go.jp/datafile/seiseki/report/2019/2019-3hanshin4.pdf,official_daily_result_pdf
201909030410,2019,阪神,3,4,10,2019-06-09,https://www.jra.go.jp/datafile/seiseki/report/2019/2019-3hanshin4.pdf,official_daily_result_pdf
201909030411,2019,阪神,3,4,11,2019-06-09,https://www.jra.go.jp/datafile/seiseki/report/2019/2019-3hanshin4.pdf,official_daily_result_pdf
201909030412,2019,阪神,3,4,12,2019-06-09,https://www.jra.go.jp/datafile/seiseki/report/2019/2019-3hanshin4.pdf,official_daily_result_pdf
201909030501,2019,阪神,3,5,1,2019-06-15,https://www.jra.go.jp/datafile/seiseki/report/2019/2019-3hanshin5.pdf,official_daily_result_pdf
201909030502,2019,阪神,3,5,2,2019-06-15,https://www.jra.go.jp/datafile/seiseki/report/2019/2019-3hanshin5.pdf,official_daily_result_pdf
201909030503,2019,阪神,3,5,3,2019-06-15,https://www.jra.go.jp/datafile/seiseki/report/2019/2019-3hanshin5.pdf,official_daily_result_pdf
201909030504,2019,阪神,3,5,4,2019-06-15,https://www.jra.go.jp/datafile/seiseki/report/2019/2019-3hanshin5.pdf,official_daily_result_pdf
201909030505,2019,阪神,3,5,5,2019-06-15,https://www.jra.go.jp/datafile/seiseki/report/2019/2019-3hanshin5.pdf,official_daily_result_pdf
201909030506,2019,阪神,3,5,6,2019-06-15,https://www.jra.go.jp/datafile/seiseki/report/2019/2019-3hanshin5.pdf,official_daily_result_pdf
201909030507,2019,阪神,3,5,7,2019-06-15,https://www.jra.go.jp/datafile/seiseki/report/2019/2019-3hanshin5.pdf,official_daily_result_pdf
201909030508,2019,阪神,3,5,8,2019-06-15,https://www.jra.go.jp/datafile/seiseki/report/2019/2019-3hanshin5.pdf,official_daily_result_pdf
201909030509,2019,阪神,3,5,9,2019-06-15,https://www.jra.go.jp/datafile/seiseki/report/2019/2019-3hanshin5.pdf,official_daily_result_pdf
201909030510,2019,阪神,3,5,10,2019-06-15,https://www.jra.go.jp/datafile/seiseki/report/2019/2019-3hanshin5.pdf,official_daily_result_pdf
201909030511,2019,阪神,3,5,11,2019-06-15,https://www.jra.go.jp/datafile/seiseki/report/2019/2019-3hanshin5.pdf,official_daily_result_pdf
201909030512,2019,阪神,3,5,12,2019-06-15,https://www.jra.go.jp/datafile/seiseki/report/2019/2019-3hanshin5.pdf,official_daily_result_pdf
201909030601,2019,阪神,3,6,1,2019-06-16,https://www.jra.go.jp/datafile/seiseki/report/2019/2019-3hanshin6.pdf,official_daily_result_pdf
201909030602,2019,阪神,3,6,2,2019-06-16,https://www.jra.go.jp/datafile/seiseki/report/2019/2019-3hanshin6.pdf,official_daily_result_pdf
201909030603,2019,阪神,3,6,3,2019-06-16,https://www.jra.go.jp/datafile/seiseki/report/2019/2019-3hanshin6.pdf,official_daily_result_pdf
201909030604,2019,阪神,3,6,4,2019-06-16,https://www.jra.go.jp/datafile/seiseki/report/2019/2019-3hanshin6.pdf,official_daily_result_pdf
201909030605,2019,阪神,3,6,5,2019-06-16,https://www.jra.go.jp/datafile/seiseki/report/2019/2019-3hanshin6.pdf,official_daily_result_pdf
201909030606,2019,阪神,3,6,6,2019-06-16,https://www.jra.go.jp/datafile/seiseki/report/2019/2019-3hanshin6.pdf,official_daily_result_pdf
201909030607,2019,阪神,3,6,7,2019-06-16,https://www.jra.go.jp/datafile/seiseki/report/2019/2019-3hanshin6.pdf,official_daily_result_pdf
201909030608,2019,阪神,3,6,8,2019-06-16,https://www.jra.go.jp/datafile/seiseki/report/2019/2019-3hanshin6.pdf,official_daily_result_pdf
201909030609,2019,阪神,3,6,9,2019-06-16,https://www.jra.go.jp/datafile/seiseki/report/2019/2019-3hanshin6.pdf,official_daily_result_pdf
201909030610,2019,阪神,3,6,10,2019-06-16,https://www.jra.go.jp/datafile/seiseki/report/2019/2019-3hanshin6.pdf,official_daily_result_pdf
201909030611,2019,阪神,3,6,11,2019-06-16,https://www.jra.go.jp/datafile/seiseki/report/2019/2019-3hanshin6.pdf,official_daily_result_pdf
201909030612,2019,阪神,3,6,12,2019-06-16,https://www.jra.go.jp/datafile/seiseki/report/2019/2019-3hanshin6.pdf,official_daily_result_pdf
201909030701,2019,阪神,3,7,1,2019-06-22,https://www.jra.go.jp/datafile/seiseki/report/2019/2019-3hanshin7.pdf,official_daily_result_pdf
201909030702,2019,阪神,3,7,2,2019-06-22,https://www.jra.go.jp/datafile/seiseki/report/2019/2019-3hanshin7.pdf,official_daily_result_pdf
201909030703,2019,阪神,3,7,3,2019-06-22,https://www.jra.go.jp/datafile/seiseki/report/2019/2019-3hanshin7.pdf,official_daily_result_pdf
201909030704,2019,阪神,3,7,4,2019-06-22,https://www.jra.go.jp/datafile/seiseki/report/2019/2019-3hanshin7.pdf,official_daily_result_pdf
201909030705,2019,阪神,3,7,5,2019-06-22,https://www.jra.go.jp/datafile/seiseki/report/2019/2019-3hanshin7.pdf,official_daily_result_pdf
201909030706,2019,阪神,3,7,6,2019-06-22,https://www.jra.go.jp/datafile/seiseki/report/2019/2019-3hanshin7.pdf,official_daily_result_pdf
201909030707,2019,阪神,3,7,7,2019-06-22,https://www.jra.go.jp/datafile/seiseki/report/2019/2019-3hanshin7.pdf,official_daily_result_pdf
201909030708,2019,阪神,3,7,8,2019-06-22,https://www.jra.go.jp/datafile/seiseki/report/2019/2019-3hanshin7.pdf,official_daily_result_pdf
201909030709,2019,阪神,3,7,9,2019-06-22,https://www.jra.go.jp/datafile/seiseki/report/2019/2019-3hanshin7.pdf,official_daily_result_pdf
201909030710,2019,阪神,3,7,10,2019-06-22,https://www.jra.go.jp/datafile/seiseki/report/2019/2019-3hanshin7.pdf,official_daily_result_pdf
201909030711,2019,阪神,3,7,11,2019-06-22,https://www.jra.go.jp/datafile/seiseki/report/2019/2019-3hanshin7.pdf,official_daily_result_pdf
201909030712,2019,阪神,3,7,12,2019-06-22,https://www.jra.go.jp/datafile/seiseki/report/2019/2019-3hanshin7.pdf,official_daily_result_pdf
201909030801,2019,阪神,3,8,1,2019-06-23,https://www.jra.go.jp/datafile/seiseki/report/2019/2019-3hanshin8.pdf,official_daily_result_pdf
201909030802,2019,阪神,3,8,2,2019-06-23,https://www.jra.go.jp/datafile/seiseki/report/2019/2019-3hanshin8.pdf,official_daily_result_pdf
201909030803,2019,阪神,3,8,3,2019-06-23,https://www.jra.go.jp/datafile/seiseki/report/2019/2019-3hanshin8.pdf,official_daily_result_pdf
201909030804,2019,阪神,3,8,4,2019-06-23,https://www.jra.go.jp/datafile/seiseki/report/2019/2019-3hanshin8.pdf,official_daily_result_pdf
201909030805,2019,阪神,3,8,5,2019-06-23,https://www.jra.go.jp/datafile/seiseki/report/2019/2019-3hanshin8.pdf,official_daily_result_pdf
201909030806,2019,阪神,3,8,6,2019-06-23,https://www.jra.go.jp/datafile/seiseki/report/2019/2019-3hanshin8.pdf,official_daily_result_pdf
201909030807,2019,阪神,3,8,7,2019-06-23,https://www.jra.go.jp/datafile/seiseki/report/2019/2019-3hanshin8.pdf,official_daily_result_pdf
201909030808,2019,阪神,3,8,8,2019-06-23,https://www.jra.go.jp/datafile/seiseki/report/2019/2019-3hanshin8.pdf,official_daily_result_pdf
201909030809,2019,阪神,3,8,9,2019-06-23,https://www.jra.go.jp/datafile/seiseki/report/2019/2019-3hanshin8.pdf,official_daily_result_pdf
201909030810,2019,阪神,3,8,10,2019-06-23,https://www.jra.go.jp/datafile/seiseki/report/2019/2019-3hanshin8.pdf,official_daily_result_pdf
201909030811,2019,阪神,3,8,11,2019-06-23,https://www.jra.go.jp/datafile/seiseki/report/2019/2019-3hanshin8.pdf,official_daily_result_pdf
201909030812,2019,阪神,3,8,12,2019-06-23,https://www.jra.go.jp/datafile/seiseki/report/2019/2019-3hanshin8.pdf,official_daily_result_pdf
201909040101,2019,阪神,4,1,1,2019-09-07,https://www.jra.go.jp/datafile/seiseki/report/2019/2019-4hanshin1.pdf,official_daily_result_pdf
201909040102,2019,阪神,4,1,2,2019-09-07,https://www.jra.go.jp/datafile/seiseki/report/2019/2019-4hanshin1.pdf,official_daily_result_pdf
201909040103,2019,阪神,4,1,3,2019-09-07,https://www.jra.go.jp/datafile/seiseki/report/2019/2019-4hanshin1.pdf,official_daily_result_pdf
201909040104,2019,阪神,4,1,4,2019-09-07,https://www.jra.go.jp/datafile/seiseki/report/2019/2019-4hanshin1.pdf,official_daily_result_pdf
201909040105,2019,阪神,4,1,5,2019-09-07,https://www.jra.go.jp/datafile/seiseki/report/2019/2019-4hanshin1.pdf,official_daily_result_pdf
201909040106,2019,阪神,4,1,6,2019-09-07,https://www.jra.go.jp/datafile/seiseki/report/2019/2019-4hanshin1.pdf,official_daily_result_pdf
201909040107,2019,阪神,4,1,7,2019-09-07,https://www.jra.go.jp/datafile/seiseki/report/2019/2019-4hanshin1.pdf,official_daily_result_pdf
201909040108,2019,阪神,4,1,8,2019-09-07,https://www.jra.go.jp/datafile/seiseki/report/2019/2019-4hanshin1.pdf,official_daily_result_pdf
201909040109,2019,阪神,4,1,9,2019-09-07,https://www.jra.go.jp/datafile/seiseki/report/2019/2019-4hanshin1.pdf,official_daily_result_pdf
201909040110,2019,阪神,4,1,10,2019-09-07,https://www.jra.go.jp/datafile/seiseki/report/2019/2019-4hanshin1.pdf,official_daily_result_pdf
201909040111,2019,阪神,4,1,11,2019-09-07,https://www.jra.go.jp/datafile/seiseki/report/2019/2019-4hanshin1.pdf,official_daily_result_pdf
201909040112,2019,阪神,4,1,12,2019-09-07,https://www.jra.go.jp/datafile/seiseki/report/2019/2019-4hanshin1.pdf,official_daily_result_pdf
201909040201,2019,阪神,4,2,1,2019-09-08,https://www.jra.go.jp/datafile/seiseki/report/2019/2019-4hanshin2.pdf,official_daily_result_pdf
201909040202,2019,阪神,4,2,2,2019-09-08,https://www.jra.go.jp/datafile/seiseki/report/2019/2019-4hanshin2.pdf,official_daily_result_pdf
201909040203,2019,阪神,4,2,3,2019-09-08,https://www.jra.go.jp/datafile/seiseki/report/2019/2019-4hanshin2.pdf,official_daily_result_pdf
201909040204,2019,阪神,4,2,4,2019-09-08,https://www.jra.go.jp/datafile/seiseki/report/2019/2019-4hanshin2.pdf,official_daily_result_pdf
201909040205,2019,阪神,4,2,5,2019-09-08,https://www.jra.go.jp/datafile/seiseki/report/2019/2019-4hanshin2.pdf,official_daily_result_pdf
201909040206,2019,阪神,4,2,6,2019-09-08,https://www.jra.go.jp/datafile/seiseki/report/2019/2019-4hanshin2.pdf,official_daily_result_pdf
201909040207,2019,阪神,4,2,7,2019-09-08,https://www.jra.go.jp/datafile/seiseki/report/2019/2019-4hanshin2.pdf,official_daily_result_pdf
201909040208,2019,阪神,4,2,8,2019-09-08,https://www.jra.go.jp/datafile/seiseki/report/2019/2019-4hanshin2.pdf,official_daily_result_pdf
201909040209,2019,阪神,4,2,9,2019-09-08,https://www.jra.go.jp/datafile/seiseki/report/2019/2019-4hanshin2.pdf,official_daily_result_pdf
201909040210,2019,阪神,4,2,10,2019-09-08,https://www.jra.go.jp/datafile/seiseki/report/2019/2019-4hanshin2.pdf,official_daily_result_pdf
201909040211,2019,阪神,4,2,11,2019-09-08,https://www.jra.go.jp/datafile/seiseki/report/2019/2019-4hanshin2.pdf,official_daily_result_pdf
201909040212,2019,阪神,4,2,12,2019-09-08,https://www.jra.go.jp/datafile/seiseki/report/2019/2019-4hanshin2.pdf,official_daily_result_pdf
201909040301,2019,阪神,4,3,1,2019-09-14,https://www.jra.go.jp/datafile/seiseki/report/2019/2019-4hanshin3.pdf,official_daily_result_pdf
201909040302,2019,阪神,4,3,2,2019-09-14,https://www.jra.go.jp/datafile/seiseki/report/2019/2019-4hanshin3.pdf,official_daily_result_pdf
201909040303,2019,阪神,4,3,3,2019-09-14,https://www.jra.go.jp/datafile/seiseki/report/2019/2019-4hanshin3.pdf,official_daily_result_pdf
201909040304,2019,阪神,4,3,4,2019-09-14,https://www.jra.go.jp/datafile/seiseki/report/2019/2019-4hanshin3.pdf,official_daily_result_pdf
201909040305,2019,阪神,4,3,5,2019-09-14,https://www.jra.go.jp/datafile/seiseki/report/2019/2019-4hanshin3.pdf,official_daily_result_pdf
201909040306,2019,阪神,4,3,6,2019-09-14,https://www.jra.go.jp/datafile/seiseki/report/2019/2019-4hanshin3.pdf,official_daily_result_pdf
201909040307,2019,阪神,4,3,7,2019-09-14,https://www.jra.go.jp/datafile/seiseki/report/2019/2019-4hanshin3.pdf,official_daily_result_pdf
201909040308,2019,阪神,4,3,8,2019-09-14,https://www.jra.go.jp/datafile/seiseki/report/2019/2019-4hanshin3.pdf,official_daily_result_pdf
201909040309,2019,阪神,4,3,9,2019-09-14,https://www.jra.go.jp/datafile/seiseki/report/2019/2019-4hanshin3.pdf,official_daily_result_pdf
201909040310,2019,阪神,4,3,10,2019-09-14,https://www.jra.go.jp/datafile/seiseki/report/2019/2019-4hanshin3.pdf,official_daily_result_pdf
201909040311,2019,阪神,4,3,11,2019-09-14,https://www.jra.go.jp/datafile/seiseki/report/2019/2019-4hanshin3.pdf,official_daily_result_pdf
201909040312,2019,阪神,4,3,12,2019-09-14,https://www.jra.go.jp/datafile/seiseki/report/2019/2019-4hanshin3.pdf,official_daily_result_pdf
201909040401,2019,阪神,4,4,1,2019-09-15,https://www.jra.go.jp/datafile/seiseki/report/2019/2019-4hanshin4.pdf,official_daily_result_pdf
201909040402,2019,阪神,4,4,2,2019-09-15,https://www.jra.go.jp/datafile/seiseki/report/2019/2019-4hanshin4.pdf,official_daily_result_pdf
201909040403,2019,阪神,4,4,3,2019-09-15,https://www.jra.go.jp/datafile/seiseki/report/2019/2019-4hanshin4.pdf,official_daily_result_pdf
201909040404,2019,阪神,4,4,4,2019-09-15,https://www.jra.go.jp/datafile/seiseki/report/2019/2019-4hanshin4.pdf,official_daily_result_pdf
201909040405,2019,阪神,4,4,5,2019-09-15,https://www.jra.go.jp/datafile/seiseki/report/2019/2019-4hanshin4.pdf,official_daily_result_pdf
201909040406,2019,阪神,4,4,6,2019-09-15,https://www.jra.go.jp/datafile/seiseki/report/2019/2019-4hanshin4.pdf,official_daily_result_pdf
201909040407,2019,阪神,4,4,7,2019-09-15,https://www.jra.go.jp/datafile/seiseki/report/2019/2019-4hanshin4.pdf,official_daily_result_pdf
201909040408,2019,阪神,4,4,8,2019-09-15,https://www.jra.go.jp/datafile/seiseki/report/2019/2019-4hanshin4.pdf,official_daily_result_pdf
201909040409,2019,阪神,4,4,9,2019-09-15,https://www.jra.go.jp/datafile/seiseki/report/2019/2019-4hanshin4.pdf,official_daily_result_pdf
201909040410,2019,阪神,4,4,10,2019-09-15,https://www.jra.go.jp/datafile/seiseki/report/2019/2019-4hanshin4.pdf,official_daily_result_pdf
201909040411,2019,阪神,4,4,11,2019-09-15,https://www.jra.go.jp/datafile/seiseki/report/2019/2019-4hanshin4.pdf,official_daily_result_pdf
201909040412,2019,阪神,4,4,12,2019-09-15,https://www.jra.go.jp/datafile/seiseki/report/2019/2019-4hanshin4.pdf,official_daily_result_pdf
201909040501,2019,阪神,4,5,1,2019-09-16,https://www.jra.go.jp/datafile/seiseki/report/2019/2019-4hanshin5.pdf,official_daily_result_pdf
201909040502,2019,阪神,4,5,2,2019-09-16,https://www.jra.go.jp/datafile/seiseki/report/2019/2019-4hanshin5.pdf,official_daily_result_pdf
201909040503,2019,阪神,4,5,3,2019-09-16,https://www.jra.go.jp/datafile/seiseki/report/2019/2019-4hanshin5.pdf,official_daily_result_pdf
201909040504,2019,阪神,4,5,4,2019-09-16,https://www.jra.go.jp/datafile/seiseki/report/2019/2019-4hanshin5.pdf,official_daily_result_pdf
201909040505,2019,阪神,4,5,5,2019-09-16,https://www.jra.go.jp/datafile/seiseki/report/2019/2019-4hanshin5.pdf,official_daily_result_pdf
201909040506,2019,阪神,4,5,6,2019-09-16,https://www.jra.go.jp/datafile/seiseki/report/2019/2019-4hanshin5.pdf,official_daily_result_pdf
201909040507,2019,阪神,4,5,7,2019-09-16,https://www.jra.go.jp/datafile/seiseki/report/2019/2019-4hanshin5.pdf,official_daily_result_pdf
201909040508,2019,阪神,4,5,8,2019-09-16,https://www.jra.go.jp/datafile/seiseki/report/2019/2019-4hanshin5.pdf,official_daily_result_pdf
201909040509,2019,阪神,4,5,9,2019-09-16,https://www.jra.go.jp/datafile/seiseki/report/2019/2019-4hanshin5.pdf,official_daily_result_pdf
201909040510,2019,阪神,4,5,10,2019-09-16,https://www.jra.go.jp/datafile/seiseki/report/2019/2019-4hanshin5.pdf,official_daily_result_pdf
201909040511,2019,阪神,4,5,11,2019-09-16,https://www.jra.go.jp/datafile/seiseki/report/2019/2019-4hanshin5.pdf,official_daily_result_pdf
201909040512,2019,阪神,4,5,12,2019-09-16,https://www.jra.go.jp/datafile/seiseki/report/2019/2019-4hanshin5.pdf,official_daily_result_pdf
201909040601,2019,阪神,4,6,1,2019-09-21,https://www.jra.go.jp/datafile/seiseki/report/2019/2019-4hanshin6.pdf,official_daily_result_pdf
201909040602,2019,阪神,4,6,2,2019-09-21,https://www.jra.go.jp/datafile/seiseki/report/2019/2019-4hanshin6.pdf,official_daily_result_pdf
201909040603,2019,阪神,4,6,3,2019-09-21,https://www.jra.go.jp/datafile/seiseki/report/2019/2019-4hanshin6.pdf,official_daily_result_pdf
201909040604,2019,阪神,4,6,4,2019-09-21,https://www.jra.go.jp/datafile/seiseki/report/2019/2019-4hanshin6.pdf,official_daily_result_pdf
201909040605,2019,阪神,4,6,5,2019-09-21,https://www.jra.go.jp/datafile/seiseki/report/2019/2019-4hanshin6.pdf,official_daily_result_pdf
201909040606,2019,阪神,4,6,6,2019-09-21,https://www.jra.go.jp/datafile/seiseki/report/2019/2019-4hanshin6.pdf,official_daily_result_pdf
201909040607,2019,阪神,4,6,7,2019-09-21,https://www.jra.go.jp/datafile/seiseki/report/2019/2019-4hanshin6.pdf,official_daily_result_pdf
201909040608,2019,阪神,4,6,8,2019-09-21,https://www.jra.go.jp/datafile/seiseki/report/2019/2019-4hanshin6.pdf,official_daily_result_pdf
201909040609,2019,阪神,4,6,9,2019-09-21,https://www.jra.go.jp/datafile/seiseki/report/2019/2019-4hanshin6.pdf,official_daily_result_pdf
201909040610,2019,阪神,4,6,10,2019-09-21,https://www.jra.go.jp/datafile/seiseki/report/2019/2019-4hanshin6.pdf,official_daily_result_pdf
201909040611,2019,阪神,4,6,11,2019-09-21,https://www.jra.go.jp/datafile/seiseki/report/2019/2019-4hanshin6.pdf,official_daily_result_pdf
201909040612,2019,阪神,4,6,12,2019-09-21,https://www.jra.go.jp/datafile/seiseki/report/2019/2019-4hanshin6.pdf,official_daily_result_pdf
201909040701,2019,阪神,4,7,1,2019-09-22,https://www.jra.go.jp/datafile/seiseki/report/2019/2019-4hanshin7.pdf,official_daily_result_pdf
201909040702,2019,阪神,4,7,2,2019-09-22,https://www.jra.go.jp/datafile/seiseki/report/2019/2019-4hanshin7.pdf,official_daily_result_pdf
201909040703,2019,阪神,4,7,3,2019-09-22,https://www.jra.go.jp/datafile/seiseki/report/2019/2019-4hanshin7.pdf,official_daily_result_pdf
201909040704,2019,阪神,4,7,4,2019-09-22,https://www.jra.go.jp/datafile/seiseki/report/2019/2019-4hanshin7.pdf,official_daily_result_pdf
201909040705,2019,阪神,4,7,5,2019-09-22,https://www.jra.go.jp/datafile/seiseki/report/2019/2019-4hanshin7.pdf,official_daily_result_pdf
201909040706,2019,阪神,4,7,6,2019-09-22,https://www.jra.go.jp/datafile/seiseki/report/2019/2019-4hanshin7.pdf,official_daily_result_pdf
201909040707,2019,阪神,4,7,7,2019-09-22,https://www.jra.go.jp/datafile/seiseki/report/2019/2019-4hanshin7.pdf,official_daily_result_pdf
201909040708,2019,阪神,4,7,8,2019-09-22,https://www.jra.go.jp/datafile/seiseki/report/2019/2019-4hanshin7.pdf,official_daily_result_pdf
201909040709,2019,阪神,4,7,9,2019-09-22,https://www.jra.go.jp/datafile/seiseki/report/2019/2019-4hanshin7.pdf,official_daily_result_pdf
201909040710,2019,阪神,4,7,10,2019-09-22,https://www.jra.go.jp/datafile/seiseki/report/2019/2019-4hanshin7.pdf,official_daily_result_pdf
201909040711,2019,阪神,4,7,11,2019-09-22,https://www.jra.go.jp/datafile/seiseki/report/2019/2019-4hanshin7.pdf,official_daily_result_pdf
201909040712,2019,阪神,4,7,12,2019-09-22,https://www.jra.go.jp/datafile/seiseki/report/2019/2019-4hanshin7.pdf,official_daily_result_pdf
201909040801,2019,阪神,4,8,1,2019-09-28,https://www.jra.go.jp/datafile/seiseki/report/2019/2019-4hanshin8.pdf,official_daily_result_pdf
201909040802,2019,阪神,4,8,2,2019-09-28,https://www.jra.go.jp/datafile/seiseki/report/2019/2019-4hanshin8.pdf,official_daily_result_pdf
201909040803,2019,阪神,4,8,3,2019-09-28,https://www.jra.go.jp/datafile/seiseki/report/2019/2019-4hanshin8.pdf,official_daily_result_pdf
201909040804,2019,阪神,4,8,4,2019-09-28,https://www.jra.go.jp/datafile/seiseki/report/2019/2019-4hanshin8.pdf,official_daily_result_pdf
201909040805,2019,阪神,4,8,5,2019-09-28,https://www.jra.go.jp/datafile/seiseki/report/2019/2019-4hanshin8.pdf,official_daily_result_pdf
201909040806,2019,阪神,4,8,6,2019-09-28,https://www.jra.go.jp/datafile/seiseki/report/2019/2019-4hanshin8.pdf,official_daily_result_pdf
201909040807,2019,阪神,4,8,7,2019-09-28,https://www.jra.go.jp/datafile/seiseki/report/2019/2019-4hanshin8.pdf,official_daily_result_pdf
201909040808,2019,阪神,4,8,8,2019-09-28,https://www.jra.go.jp/datafile/seiseki/report/2019/2019-4hanshin8.pdf,official_daily_result_pdf
201909040809,2019,阪神,4,8,9,2019-09-28,https://www.jra.go.jp/datafile/seiseki/report/2019/2019-4hanshin8.pdf,official_daily_result_pdf
201909040810,2019,阪神,4,8,10,2019-09-28,https://www.jra.go.jp/datafile/seiseki/report/2019/2019-4hanshin8.pdf,official_daily_result_pdf
201909040811,2019,阪神,4,8,11,2019-09-28,https://www.jra.go.jp/datafile/seiseki/report/2019/2019-4hanshin8.pdf,official_daily_result_pdf
201909040812,2019,阪神,4,8,12,2019-09-28,https://www.jra.go.jp/datafile/seiseki/report/2019/2019-4hanshin8.pdf,official_daily_result_pdf
201909040901,2019,阪神,4,9,1,2019-09-29,https://www.jra.go.jp/datafile/seiseki/report/2019/2019-4hanshin9.pdf,official_daily_result_pdf
201909040902,2019,阪神,4,9,2,2019-09-29,https://www.jra.go.jp/datafile/seiseki/report/2019/2019-4hanshin9.pdf,official_daily_result_pdf
201909040903,2019,阪神,4,9,3,2019-09-29,https://www.jra.go.jp/datafile/seiseki/report/2019/2019-4hanshin9.pdf,official_daily_result_pdf
201909040904,2019,阪神,4,9,4,2019-09-29,https://www.jra.go.jp/datafile/seiseki/report/2019/2019-4hanshin9.pdf,official_daily_result_pdf
201909040905,2019,阪神,4,9,5,2019-09-29,https://www.jra.go.jp/datafile/seiseki/report/2019/2019-4hanshin9.pdf,official_daily_result_pdf
201909040906,2019,阪神,4,9,6,2019-09-29,https://www.jra.go.jp/datafile/seiseki/report/2019/2019-4hanshin9.pdf,official_daily_result_pdf
201909040907,2019,阪神,4,9,7,2019-09-29,https://www.jra.go.jp/datafile/seiseki/report/2019/2019-4hanshin9.pdf,official_daily_result_pdf
201909040908,2019,阪神,4,9,8,2019-09-29,https://www.jra.go.jp/datafile/seiseki/report/2019/2019-4hanshin9.pdf,official_daily_result_pdf
201909040909,2019,阪神,4,9,9,2019-09-29,https://www.jra.go.jp/datafile/seiseki/report/2019/2019-4hanshin9.pdf,official_daily_result_pdf
201909040910,2019,阪神,4,9,10,2019-09-29,https://www.jra.go.jp/datafile/seiseki/report/2019/2019-4hanshin9.pdf,official_daily_result_pdf
201909040911,2019,阪神,4,9,11,2019-09-29,https://www.jra.go.jp/datafile/seiseki/report/2019/2019-4hanshin9.pdf,official_daily_result_pdf
201909040912,2019,阪神,4,9,12,2019-09-29,https://www.jra.go.jp/datafile/seiseki/report/2019/2019-4hanshin9.pdf,official_daily_result_pdf
201909050101,2019,阪神,5,1,1,2019-11-30,https://www.jra.go.jp/datafile/seiseki/report/2019/2019-5hanshin1.pdf,official_daily_result_pdf
201909050102,2019,阪神,5,1,2,2019-11-30,https://www.jra.go.jp/datafile/seiseki/report/2019/2019-5hanshin1.pdf,official_daily_result_pdf
201909050103,2019,阪神,5,1,3,2019-11-30,https://www.jra.go.jp/datafile/seiseki/report/2019/2019-5hanshin1.pdf,official_daily_result_pdf
201909050104,2019,阪神,5,1,4,2019-11-30,https://www.jra.go.jp/datafile/seiseki/report/2019/2019-5hanshin1.pdf,official_daily_result_pdf
201909050105,2019,阪神,5,1,5,2019-11-30,https://www.jra.go.jp/datafile/seiseki/report/2019/2019-5hanshin1.pdf,official_daily_result_pdf
201909050106,2019,阪神,5,1,6,2019-11-30,https://www.jra.go.jp/datafile/seiseki/report/2019/2019-5hanshin1.pdf,official_daily_result_pdf
201909050107,2019,阪神,5,1,7,2019-11-30,https://www.jra.go.jp/datafile/seiseki/report/2019/2019-5hanshin1.pdf,official_daily_result_pdf
201909050108,2019,阪神,5,1,8,2019-11-30,https://www.jra.go.jp/datafile/seiseki/report/2019/2019-5hanshin1.pdf,official_daily_result_pdf
201909050109,2019,阪神,5,1,9,2019-11-30,https://www.jra.go.jp/datafile/seiseki/report/2019/2019-5hanshin1.pdf,official_daily_result_pdf
201909050110,2019,阪神,5,1,10,2019-11-30,https://www.jra.go.jp/datafile/seiseki/report/2019/2019-5hanshin1.pdf,official_daily_result_pdf
201909050111,2019,阪神,5,1,11,2019-11-30,https://www.jra.go.jp/datafile/seiseki/report/2019/2019-5hanshin1.pdf,official_daily_result_pdf
201909050112,2019,阪神,5,1,12,2019-11-30,https://www.jra.go.jp/datafile/seiseki/report/2019/2019-5hanshin1.pdf,official_daily_result_pdf
201909050201,2019,阪神,5,2,1,2019-12-01,https://www.jra.go.jp/datafile/seiseki/report/2019/2019-5hanshin2.pdf,official_daily_result_pdf
201909050202,2019,阪神,5,2,2,2019-12-01,https://www.jra.go.jp/datafile/seiseki/report/2019/2019-5hanshin2.pdf,official_daily_result_pdf
201909050203,2019,阪神,5,2,3,2019-12-01,https://www.jra.go.jp/datafile/seiseki/report/2019/2019-5hanshin2.pdf,official_daily_result_pdf
201909050204,2019,阪神,5,2,4,2019-12-01,https://www.jra.go.jp/datafile/seiseki/report/2019/2019-5hanshin2.pdf,official_daily_result_pdf
201909050205,2019,阪神,5,2,5,2019-12-01,https://www.jra.go.jp/datafile/seiseki/report/2019/2019-5hanshin2.pdf,official_daily_result_pdf
201909050206,2019,阪神,5,2,6,2019-12-01,https://www.jra.go.jp/datafile/seiseki/report/2019/2019-5hanshin2.pdf,official_daily_result_pdf
201909050207,2019,阪神,5,2,7,2019-12-01,https://www.jra.go.jp/datafile/seiseki/report/2019/2019-5hanshin2.pdf,official_daily_result_pdf
201909050208,2019,阪神,5,2,8,2019-12-01,https://www.jra.go.jp/datafile/seiseki/report/2019/2019-5hanshin2.pdf,official_daily_result_pdf
201909050209,2019,阪神,5,2,9,2019-12-01,https://www.jra.go.jp/datafile/seiseki/report/2019/2019-5hanshin2.pdf,official_daily_result_pdf
201909050210,2019,阪神,5,2,10,2019-12-01,https://www.jra.go.jp/datafile/seiseki/report/2019/2019-5hanshin2.pdf,official_daily_result_pdf
201909050211,2019,阪神,5,2,11,2019-12-01,https://www.jra.go.jp/datafile/seiseki/report/2019/2019-5hanshin2.pdf,official_daily_result_pdf
201909050212,2019,阪神,5,2,12,2019-12-01,https://www.jra.go.jp/datafile/seiseki/report/2019/2019-5hanshin2.pdf,official_daily_result_pdf
201909050301,2019,阪神,5,3,1,2019-12-07,https://www.jra.go.jp/datafile/seiseki/report/2019/2019-5hanshin3.pdf,official_daily_result_pdf
201909050302,2019,阪神,5,3,2,2019-12-07,https://www.jra.go.jp/datafile/seiseki/report/2019/2019-5hanshin3.pdf,official_daily_result_pdf
201909050303,2019,阪神,5,3,3,2019-12-07,https://www.jra.go.jp/datafile/seiseki/report/2019/2019-5hanshin3.pdf,official_daily_result_pdf
201909050304,2019,阪神,5,3,4,2019-12-07,https://www.jra.go.jp/datafile/seiseki/report/2019/2019-5hanshin3.pdf,official_daily_result_pdf
201909050305,2019,阪神,5,3,5,2019-12-07,https://www.jra.go.jp/datafile/seiseki/report/2019/2019-5hanshin3.pdf,official_daily_result_pdf
201909050306,2019,阪神,5,3,6,2019-12-07,https://www.jra.go.jp/datafile/seiseki/report/2019/2019-5hanshin3.pdf,official_daily_result_pdf
201909050307,2019,阪神,5,3,7,2019-12-07,https://www.jra.go.jp/datafile/seiseki/report/2019/2019-5hanshin3.pdf,official_daily_result_pdf
201909050308,2019,阪神,5,3,8,2019-12-07,https://www.jra.go.jp/datafile/seiseki/report/2019/2019-5hanshin3.pdf,official_daily_result_pdf
201909050309,2019,阪神,5,3,9,2019-12-07,https://www.jra.go.jp/datafile/seiseki/report/2019/2019-5hanshin3.pdf,official_daily_result_pdf
201909050310,2019,阪神,5,3,10,2019-12-07,https://www.jra.go.jp/datafile/seiseki/report/2019/2019-5hanshin3.pdf,official_daily_result_pdf
201909050311,2019,阪神,5,3,11,2019-12-07,https://www.jra.go.jp/datafile/seiseki/report/2019/2019-5hanshin3.pdf,official_daily_result_pdf
201909050312,2019,阪神,5,3,12,2019-12-07,https://www.jra.go.jp/datafile/seiseki/report/2019/2019-5hanshin3.pdf,official_daily_result_pdf
201909050401,2019,阪神,5,4,1,2019-12-08,https://www.jra.go.jp/datafile/seiseki/report/2019/2019-5hanshin4.pdf,official_daily_result_pdf
201909050402,2019,阪神,5,4,2,2019-12-08,https://www.jra.go.jp/datafile/seiseki/report/2019/2019-5hanshin4.pdf,official_daily_result_pdf
201909050403,2019,阪神,5,4,3,2019-12-08,https://www.jra.go.jp/datafile/seiseki/report/2019/2019-5hanshin4.pdf,official_daily_result_pdf
201909050404,2019,阪神,5,4,4,2019-12-08,https://www.jra.go.jp/datafile/seiseki/report/2019/2019-5hanshin4.pdf,official_daily_result_pdf
201909050405,2019,阪神,5,4,5,2019-12-08,https://www.jra.go.jp/datafile/seiseki/report/2019/2019-5hanshin4.pdf,official_daily_result_pdf
201909050406,2019,阪神,5,4,6,2019-12-08,https://www.jra.go.jp/datafile/seiseki/report/2019/2019-5hanshin4.pdf,official_daily_result_pdf
201909050407,2019,阪神,5,4,7,2019-12-08,https://www.jra.go.jp/datafile/seiseki/report/2019/2019-5hanshin4.pdf,official_daily_result_pdf
201909050408,2019,阪神,5,4,8,2019-12-08,https://www.jra.go.jp/datafile/seiseki/report/2019/2019-5hanshin4.pdf,official_daily_result_pdf
201909050409,2019,阪神,5,4,9,2019-12-08,https://www.jra.go.jp/datafile/seiseki/report/2019/2019-5hanshin4.pdf,official_daily_result_pdf
201909050410,2019,阪神,5,4,10,2019-12-08,https://www.jra.go.jp/datafile/seiseki/report/2019/2019-5hanshin4.pdf,official_daily_result_pdf
201909050411,2019,阪神,5,4,11,2019-12-08,https://www.jra.go.jp/datafile/seiseki/report/2019/2019-5hanshin4.pdf,official_daily_result_pdf
201909050412,2019,阪神,5,4,12,2019-12-08,https://www.jra.go.jp/datafile/seiseki/report/2019/2019-5hanshin4.pdf,official_daily_result_pdf
201909050501,2019,阪神,5,5,1,2019-12-14,https://www.jra.go.jp/datafile/seiseki/report/2019/2019-5hanshin5.pdf,official_daily_result_pdf
201909050502,2019,阪神,5,5,2,2019-12-14,https://www.jra.go.jp/datafile/seiseki/report/2019/2019-5hanshin5.pdf,official_daily_result_pdf
201909050503,2019,阪神,5,5,3,2019-12-14,https://www.jra.go.jp/datafile/seiseki/report/2019/2019-5hanshin5.pdf,official_daily_result_pdf
201909050504,2019,阪神,5,5,4,2019-12-14,https://www.jra.go.jp/datafile/seiseki/report/2019/2019-5hanshin5.pdf,official_daily_result_pdf
201909050505,2019,阪神,5,5,5,2019-12-14,https://www.jra.go.jp/datafile/seiseki/report/2019/2019-5hanshin5.pdf,official_daily_result_pdf
201909050506,2019,阪神,5,5,6,2019-12-14,https://www.jra.go.jp/datafile/seiseki/report/2019/2019-5hanshin5.pdf,official_daily_result_pdf
201909050507,2019,阪神,5,5,7,2019-12-14,https://www.jra.go.jp/datafile/seiseki/report/2019/2019-5hanshin5.pdf,official_daily_result_pdf
201909050508,2019,阪神,5,5,8,2019-12-14,https://www.jra.go.jp/datafile/seiseki/report/2019/2019-5hanshin5.pdf,official_daily_result_pdf
201909050509,2019,阪神,5,5,9,2019-12-14,https://www.jra.go.jp/datafile/seiseki/report/2019/2019-5hanshin5.pdf,official_daily_result_pdf
201909050510,2019,阪神,5,5,10,2019-12-14,https://www.jra.go.jp/datafile/seiseki/report/2019/2019-5hanshin5.pdf,official_daily_result_pdf
201909050511,2019,阪神,5,5,11,2019-12-14,https://www.jra.go.jp/datafile/seiseki/report/2019/2019-5hanshin5.pdf,official_daily_result_pdf
201909050512,2019,阪神,5,5,12,2019-12-14,https://www.jra.go.jp/datafile/seiseki/report/2019/2019-5hanshin5.pdf,official_daily_result_pdf
201909050601,2019,阪神,5,6,1,2019-12-15,https://www.jra.go.jp/datafile/seiseki/report/2019/2019-5hanshin6.pdf,official_daily_result_pdf
201909050602,2019,阪神,5,6,2,2019-12-15,https://www.jra.go.jp/datafile/seiseki/report/2019/2019-5hanshin6.pdf,official_daily_result_pdf
201909050603,2019,阪神,5,6,3,2019-12-15,https://www.jra.go.jp/datafile/seiseki/report/2019/2019-5hanshin6.pdf,official_daily_result_pdf
201909050604,2019,阪神,5,6,4,2019-12-15,https://www.jra.go.jp/datafile/seiseki/report/2019/2019-5hanshin6.pdf,official_daily_result_pdf
201909050605,2019,阪神,5,6,5,2019-12-15,https://www.jra.go.jp/datafile/seiseki/report/2019/2019-5hanshin6.pdf,official_daily_result_pdf
201909050606,2019,阪神,5,6,6,2019-12-15,https://www.jra.go.jp/datafile/seiseki/report/2019/2019-5hanshin6.pdf,official_daily_result_pdf
201909050607,2019,阪神,5,6,7,2019-12-15,https://www.jra.go.jp/datafile/seiseki/report/2019/2019-5hanshin6.pdf,official_daily_result_pdf
201909050608,2019,阪神,5,6,8,2019-12-15,https://www.jra.go.jp/datafile/seiseki/report/2019/2019-5hanshin6.pdf,official_daily_result_pdf
201909050609,2019,阪神,5,6,9,2019-12-15,https://www.jra.go.jp/datafile/seiseki/report/2019/2019-5hanshin6.pdf,official_daily_result_pdf
201909050610,2019,阪神,5,6,10,2019-12-15,https://www.jra.go.jp/datafile/seiseki/report/2019/2019-5hanshin6.pdf,official_daily_result_pdf
201909050611,2019,阪神,5,6,11,2019-12-15,https://www.jra.go.jp/datafile/seiseki/report/2019/2019-5hanshin6.pdf,official_daily_result_pdf
201909050612,2019,阪神,5,6,12,2019-12-15,https://www.jra.go.jp/datafile/seiseki/report/2019/2019-5hanshin6.pdf,official_daily_result_pdf
201909050701,2019,阪神,5,7,1,2019-12-21,https://www.jra.go.jp/datafile/seiseki/report/2019/2019-5hanshin7.pdf,official_daily_result_pdf
201909050702,2019,阪神,5,7,2,2019-12-21,https://www.jra.go.jp/datafile/seiseki/report/2019/2019-5hanshin7.pdf,official_daily_result_pdf
201909050703,2019,阪神,5,7,3,2019-12-21,https://www.jra.go.jp/datafile/seiseki/report/2019/2019-5hanshin7.pdf,official_daily_result_pdf
201909050704,2019,阪神,5,7,4,2019-12-21,https://www.jra.go.jp/datafile/seiseki/report/2019/2019-5hanshin7.pdf,official_daily_result_pdf
201909050705,2019,阪神,5,7,5,2019-12-21,https://www.jra.go.jp/datafile/seiseki/report/2019/2019-5hanshin7.pdf,official_daily_result_pdf
201909050706,2019,阪神,5,7,6,2019-12-21,https://www.jra.go.jp/datafile/seiseki/report/2019/2019-5hanshin7.pdf,official_daily_result_pdf
201909050707,2019,阪神,5,7,7,2019-12-21,https://www.jra.go.jp/datafile/seiseki/report/2019/2019-5hanshin7.pdf,official_daily_result_pdf
201909050708,2019,阪神,5,7,8,2019-12-21,https://www.jra.go.jp/datafile/seiseki/report/2019/2019-5hanshin7.pdf,official_daily_result_pdf
201909050709,2019,阪神,5,7,9,2019-12-21,https://www.jra.go.jp/datafile/seiseki/report/2019/2019-5hanshin7.pdf,official_daily_result_pdf
201909050710,2019,阪神,5,7,10,2019-12-21,https://www.jra.go.jp/datafile/seiseki/report/2019/2019-5hanshin7.pdf,official_daily_result_pdf
201909050711,2019,阪神,5,7,11,2019-12-21,https://www.jra.go.jp/datafile/seiseki/report/2019/2019-5hanshin7.pdf,official_daily_result_pdf
201909050712,2019,阪神,5,7,12,2019-12-21,https://www.jra.go.jp/datafile/seiseki/report/2019/2019-5hanshin7.pdf,official_daily_result_pdf
201909050801,2019,阪神,5,8,1,2019-12-22,https://www.jra.go.jp/datafile/seiseki/report/2019/2019-5hanshin8.pdf,official_daily_result_pdf
201909050802,2019,阪神,5,8,2,2019-12-22,https://www.jra.go.jp/datafile/seiseki/report/2019/2019-5hanshin8.pdf,official_daily_result_pdf
201909050803,2019,阪神,5,8,3,2019-12-22,https://www.jra.go.jp/datafile/seiseki/report/2019/2019-5hanshin8.pdf,official_daily_result_pdf
201909050804,2019,阪神,5,8,4,2019-12-22,https://www.jra.go.jp/datafile/seiseki/report/2019/2019-5hanshin8.pdf,official_daily_result_pdf
201909050805,2019,阪神,5,8,5,2019-12-22,https://www.jra.go.jp/datafile/seiseki/report/2019/2019-5hanshin8.pdf,official_daily_result_pdf
201909050806,2019,阪神,5,8,6,2019-12-22,https://www.jra.go.jp/datafile/seiseki/report/2019/2019-5hanshin8.pdf,official_daily_result_pdf
201909050807,2019,阪神,5,8,7,2019-12-22,https://www.jra.go.jp/datafile/seiseki/report/2019/2019-5hanshin8.pdf,official_daily_result_pdf
201909050808,2019,阪神,5,8,8,2019-12-22,https://www.jra.go.jp/datafile/seiseki/report/2019/2019-5hanshin8.pdf,official_daily_result_pdf
201909050809,2019,阪神,5,8,9,2019-12-22,https://www.jra.go.jp/datafile/seiseki/report/2019/2019-5hanshin8.pdf,official_daily_result_pdf
201909050810,2019,阪神,5,8,10,2019-12-22,https://www.jra.go.jp/datafile/seiseki/report/2019/2019-5hanshin8.pdf,official_daily_result_pdf
201909050811,2019,阪神,5,8,11,2019-12-22,https://www.jra.go.jp/datafile/seiseki/report/2019/2019-5hanshin8.pdf,official_daily_result_pdf
201909050812,2019,阪神,5,8,12,2019-12-22,https://www.jra.go.jp/datafile/seiseki/report/2019/2019-5hanshin8.pdf,official_daily_result_pdf
201909050901,2019,阪神,5,9,1,2019-12-28,https://www.jra.go.jp/datafile/seiseki/report/2019/2019-5hanshin9.pdf,official_daily_result_pdf
201909050902,2019,阪神,5,9,2,2019-12-28,https://www.jra.go.jp/datafile/seiseki/report/2019/2019-5hanshin9.pdf,official_daily_result_pdf
201909050903,2019,阪神,5,9,3,2019-12-28,https://www.jra.go.jp/datafile/seiseki/report/2019/2019-5hanshin9.pdf,official_daily_result_pdf
201909050904,2019,阪神,5,9,4,2019-12-28,https://www.jra.go.jp/datafile/seiseki/report/2019/2019-5hanshin9.pdf,official_daily_result_pdf
201909050905,2019,阪神,5,9,5,2019-12-28,https://www.jra.go.jp/datafile/seiseki/report/2019/2019-5hanshin9.pdf,official_daily_result_pdf
201909050906,2019,阪神,5,9,6,2019-12-28,https://www.jra.go.jp/datafile/seiseki/report/2019/2019-5hanshin9.pdf,official_daily_result_pdf
201909050907,2019,阪神,5,9,7,2019-12-28,https://www.jra.go.jp/datafile/seiseki/report/2019/2019-5hanshin9.pdf,official_daily_result_pdf
201909050908,2019,阪神,5,9,8,2019-12-28,https://www.jra.go.jp/datafile/seiseki/report/2019/2019-5hanshin9.pdf,official_daily_result_pdf
201909050909,2019,阪神,5,9,9,2019-12-28,https://www.jra.go.jp/datafile/seiseki/report/2019/2019-5hanshin9.pdf,official_daily_result_pdf
201909050910,2019,阪神,5,9,10,2019-12-28,https://www.jra.go.jp/datafile/seiseki/report/2019/2019-5hanshin9.pdf,official_daily_result_pdf
201909050911,2019,阪神,5,9,11,2019-12-28,https://www.jra.go.jp/datafile/seiseki/report/2019/2019-5hanshin9.pdf,official_daily_result_pdf
201909050912,2019,阪神,5,9,12,2019-12-28,https://www.jra.go.jp/datafile/seiseki/report/2019/2019-5hanshin9.pdf,official_daily_result_pdf
201910010101,2019,小倉,1,1,1,2019-02-09,https://www.jra.go.jp/datafile/seiseki/report/2019/2019-1kokura1.pdf,official_daily_result_pdf
201910010102,2019,小倉,1,1,2,2019-02-09,https://www.jra.go.jp/datafile/seiseki/report/2019/2019-1kokura1.pdf,official_daily_result_pdf
201910010103,2019,小倉,1,1,3,2019-02-09,https://www.jra.go.jp/datafile/seiseki/report/2019/2019-1kokura1.pdf,official_daily_result_pdf
201910010104,2019,小倉,1,1,4,2019-02-09,https://www.jra.go.jp/datafile/seiseki/report/2019/2019-1kokura1.pdf,official_daily_result_pdf
201910010105,2019,小倉,1,1,5,2019-02-09,https://www.jra.go.jp/datafile/seiseki/report/2019/2019-1kokura1.pdf,official_daily_result_pdf
201910010106,2019,小倉,1,1,6,2019-02-09,https://www.jra.go.jp/datafile/seiseki/report/2019/2019-1kokura1.pdf,official_daily_result_pdf
201910010107,2019,小倉,1,1,7,2019-02-09,https://www.jra.go.jp/datafile/seiseki/report/2019/2019-1kokura1.pdf,official_daily_result_pdf
201910010108,2019,小倉,1,1,8,2019-02-09,https://www.jra.go.jp/datafile/seiseki/report/2019/2019-1kokura1.pdf,official_daily_result_pdf
201910010109,2019,小倉,1,1,9,2019-02-09,https://www.jra.go.jp/datafile/seiseki/report/2019/2019-1kokura1.pdf,official_daily_result_pdf
201910010110,2019,小倉,1,1,10,2019-02-09,https://www.jra.go.jp/datafile/seiseki/report/2019/2019-1kokura1.pdf,official_daily_result_pdf
201910010111,2019,小倉,1,1,11,2019-02-09,https://www.jra.go.jp/datafile/seiseki/report/2019/2019-1kokura1.pdf,official_daily_result_pdf
201910010112,2019,小倉,1,1,12,2019-02-09,https://www.jra.go.jp/datafile/seiseki/report/2019/2019-1kokura1.pdf,official_daily_result_pdf
201910010201,2019,小倉,1,2,1,2019-02-10,https://www.jra.go.jp/datafile/seiseki/report/2019/2019-1kokura2.pdf,official_daily_result_pdf
201910010202,2019,小倉,1,2,2,2019-02-10,https://www.jra.go.jp/datafile/seiseki/report/2019/2019-1kokura2.pdf,official_daily_result_pdf
201910010203,2019,小倉,1,2,3,2019-02-10,https://www.jra.go.jp/datafile/seiseki/report/2019/2019-1kokura2.pdf,official_daily_result_pdf
201910010204,2019,小倉,1,2,4,2019-02-10,https://www.jra.go.jp/datafile/seiseki/report/2019/2019-1kokura2.pdf,official_daily_result_pdf
201910010205,2019,小倉,1,2,5,2019-02-10,https://www.jra.go.jp/datafile/seiseki/report/2019/2019-1kokura2.pdf,official_daily_result_pdf
201910010206,2019,小倉,1,2,6,2019-02-10,https://www.jra.go.jp/datafile/seiseki/report/2019/2019-1kokura2.pdf,official_daily_result_pdf
201910010207,2019,小倉,1,2,7,2019-02-10,https://www.jra.go.jp/datafile/seiseki/report/2019/2019-1kokura2.pdf,official_daily_result_pdf
201910010208,2019,小倉,1,2,8,2019-02-10,https://www.jra.go.jp/datafile/seiseki/report/2019/2019-1kokura2.pdf,official_daily_result_pdf
201910010209,2019,小倉,1,2,9,2019-02-10,https://www.jra.go.jp/datafile/seiseki/report/2019/2019-1kokura2.pdf,official_daily_result_pdf
201910010210,2019,小倉,1,2,10,2019-02-10,https://www.jra.go.jp/datafile/seiseki/report/2019/2019-1kokura2.pdf,official_daily_result_pdf
201910010211,2019,小倉,1,2,11,2019-02-10,https://www.jra.go.jp/datafile/seiseki/report/2019/2019-1kokura2.pdf,official_daily_result_pdf
201910010212,2019,小倉,1,2,12,2019-02-10,https://www.jra.go.jp/datafile/seiseki/report/2019/2019-1kokura2.pdf,official_daily_result_pdf
201910010301,2019,小倉,1,3,1,2019-02-16,https://www.jra.go.jp/datafile/seiseki/report/2019/2019-1kokura3.pdf,official_daily_result_pdf
201910010302,2019,小倉,1,3,2,2019-02-16,https://www.jra.go.jp/datafile/seiseki/report/2019/2019-1kokura3.pdf,official_daily_result_pdf
201910010303,2019,小倉,1,3,3,2019-02-16,https://www.jra.go.jp/datafile/seiseki/report/2019/2019-1kokura3.pdf,official_daily_result_pdf
201910010304,2019,小倉,1,3,4,2019-02-16,https://www.jra.go.jp/datafile/seiseki/report/2019/2019-1kokura3.pdf,official_daily_result_pdf
201910010305,2019,小倉,1,3,5,2019-02-16,https://www.jra.go.jp/datafile/seiseki/report/2019/2019-1kokura3.pdf,official_daily_result_pdf
201910010306,2019,小倉,1,3,6,2019-02-16,https://www.jra.go.jp/datafile/seiseki/report/2019/2019-1kokura3.pdf,official_daily_result_pdf
201910010307,2019,小倉,1,3,7,2019-02-16,https://www.jra.go.jp/datafile/seiseki/report/2019/2019-1kokura3.pdf,official_daily_result_pdf
201910010308,2019,小倉,1,3,8,2019-02-16,https://www.jra.go.jp/datafile/seiseki/report/2019/2019-1kokura3.pdf,official_daily_result_pdf
201910010309,2019,小倉,1,3,9,2019-02-16,https://www.jra.go.jp/datafile/seiseki/report/2019/2019-1kokura3.pdf,official_daily_result_pdf
201910010310,2019,小倉,1,3,10,2019-02-16,https://www.jra.go.jp/datafile/seiseki/report/2019/2019-1kokura3.pdf,official_daily_result_pdf
201910010311,2019,小倉,1,3,11,2019-02-16,https://www.jra.go.jp/datafile/seiseki/report/2019/2019-1kokura3.pdf,official_daily_result_pdf
201910010312,2019,小倉,1,3,12,2019-02-16,https://www.jra.go.jp/datafile/seiseki/report/2019/2019-1kokura3.pdf,official_daily_result_pdf
201910010401,2019,小倉,1,4,1,2019-02-17,https://www.jra.go.jp/datafile/seiseki/report/2019/2019-1kokura4.pdf,official_daily_result_pdf
201910010402,2019,小倉,1,4,2,2019-02-17,https://www.jra.go.jp/datafile/seiseki/report/2019/2019-1kokura4.pdf,official_daily_result_pdf
201910010403,2019,小倉,1,4,3,2019-02-17,https://www.jra.go.jp/datafile/seiseki/report/2019/2019-1kokura4.pdf,official_daily_result_pdf
201910010404,2019,小倉,1,4,4,2019-02-17,https://www.jra.go.jp/datafile/seiseki/report/2019/2019-1kokura4.pdf,official_daily_result_pdf
201910010405,2019,小倉,1,4,5,2019-02-17,https://www.jra.go.jp/datafile/seiseki/report/2019/2019-1kokura4.pdf,official_daily_result_pdf
201910010406,2019,小倉,1,4,6,2019-02-17,https://www.jra.go.jp/datafile/seiseki/report/2019/2019-1kokura4.pdf,official_daily_result_pdf
201910010407,2019,小倉,1,4,7,2019-02-17,https://www.jra.go.jp/datafile/seiseki/report/2019/2019-1kokura4.pdf,official_daily_result_pdf
201910010408,2019,小倉,1,4,8,2019-02-17,https://www.jra.go.jp/datafile/seiseki/report/2019/2019-1kokura4.pdf,official_daily_result_pdf
201910010409,2019,小倉,1,4,9,2019-02-17,https://www.jra.go.jp/datafile/seiseki/report/2019/2019-1kokura4.pdf,official_daily_result_pdf
201910010410,2019,小倉,1,4,10,2019-02-17,https://www.jra.go.jp/datafile/seiseki/report/2019/2019-1kokura4.pdf,official_daily_result_pdf
201910010411,2019,小倉,1,4,11,2019-02-17,https://www.jra.go.jp/datafile/seiseki/report/2019/2019-1kokura4.pdf,official_daily_result_pdf
201910010412,2019,小倉,1,4,12,2019-02-17,https://www.jra.go.jp/datafile/seiseki/report/2019/2019-1kokura4.pdf,official_daily_result_pdf
201910010501,2019,小倉,1,5,1,2019-02-23,https://www.jra.go.jp/datafile/seiseki/report/2019/2019-1kokura5.pdf,official_daily_result_pdf
201910010502,2019,小倉,1,5,2,2019-02-23,https://www.jra.go.jp/datafile/seiseki/report/2019/2019-1kokura5.pdf,official_daily_result_pdf
201910010503,2019,小倉,1,5,3,2019-02-23,https://www.jra.go.jp/datafile/seiseki/report/2019/2019-1kokura5.pdf,official_daily_result_pdf
201910010504,2019,小倉,1,5,4,2019-02-23,https://www.jra.go.jp/datafile/seiseki/report/2019/2019-1kokura5.pdf,official_daily_result_pdf
201910010505,2019,小倉,1,5,5,2019-02-23,https://www.jra.go.jp/datafile/seiseki/report/2019/2019-1kokura5.pdf,official_daily_result_pdf
201910010506,2019,小倉,1,5,6,2019-02-23,https://www.jra.go.jp/datafile/seiseki/report/2019/2019-1kokura5.pdf,official_daily_result_pdf
201910010507,2019,小倉,1,5,7,2019-02-23,https://www.jra.go.jp/datafile/seiseki/report/2019/2019-1kokura5.pdf,official_daily_result_pdf
201910010508,2019,小倉,1,5,8,2019-02-23,https://www.jra.go.jp/datafile/seiseki/report/2019/2019-1kokura5.pdf,official_daily_result_pdf
201910010509,2019,小倉,1,5,9,2019-02-23,https://www.jra.go.jp/datafile/seiseki/report/2019/2019-1kokura5.pdf,official_daily_result_pdf
201910010510,2019,小倉,1,5,10,2019-02-23,https://www.jra.go.jp/datafile/seiseki/report/2019/2019-1kokura5.pdf,official_daily_result_pdf
201910010511,2019,小倉,1,5,11,2019-02-23,https://www.jra.go.jp/datafile/seiseki/report/2019/2019-1kokura5.pdf,official_daily_result_pdf
201910010512,2019,小倉,1,5,12,2019-02-23,https://www.jra.go.jp/datafile/seiseki/report/2019/2019-1kokura5.pdf,official_daily_result_pdf
201910010601,2019,小倉,1,6,1,2019-02-24,https://www.jra.go.jp/datafile/seiseki/report/2019/2019-1kokura6.pdf,official_daily_result_pdf
201910010602,2019,小倉,1,6,2,2019-02-24,https://www.jra.go.jp/datafile/seiseki/report/2019/2019-1kokura6.pdf,official_daily_result_pdf
201910010603,2019,小倉,1,6,3,2019-02-24,https://www.jra.go.jp/datafile/seiseki/report/2019/2019-1kokura6.pdf,official_daily_result_pdf
201910010604,2019,小倉,1,6,4,2019-02-24,https://www.jra.go.jp/datafile/seiseki/report/2019/2019-1kokura6.pdf,official_daily_result_pdf
201910010605,2019,小倉,1,6,5,2019-02-24,https://www.jra.go.jp/datafile/seiseki/report/2019/2019-1kokura6.pdf,official_daily_result_pdf
201910010606,2019,小倉,1,6,6,2019-02-24,https://www.jra.go.jp/datafile/seiseki/report/2019/2019-1kokura6.pdf,official_daily_result_pdf
201910010607,2019,小倉,1,6,7,2019-02-24,https://www.jra.go.jp/datafile/seiseki/report/2019/2019-1kokura6.pdf,official_daily_result_pdf
201910010608,2019,小倉,1,6,8,2019-02-24,https://www.jra.go.jp/datafile/seiseki/report/2019/2019-1kokura6.pdf,official_daily_result_pdf
201910010609,2019,小倉,1,6,9,2019-02-24,https://www.jra.go.jp/datafile/seiseki/report/2019/2019-1kokura6.pdf,official_daily_result_pdf
201910010610,2019,小倉,1,6,10,2019-02-24,https://www.jra.go.jp/datafile/seiseki/report/2019/2019-1kokura6.pdf,official_daily_result_pdf
201910010611,2019,小倉,1,6,11,2019-02-24,https://www.jra.go.jp/datafile/seiseki/report/2019/2019-1kokura6.pdf,official_daily_result_pdf
201910010612,2019,小倉,1,6,12,2019-02-24,https://www.jra.go.jp/datafile/seiseki/report/2019/2019-1kokura6.pdf,official_daily_result_pdf
201910010701,2019,小倉,1,7,1,2019-03-02,https://www.jra.go.jp/datafile/seiseki/report/2019/2019-1kokura7.pdf,official_daily_result_pdf
201910010702,2019,小倉,1,7,2,2019-03-02,https://www.jra.go.jp/datafile/seiseki/report/2019/2019-1kokura7.pdf,official_daily_result_pdf
201910010703,2019,小倉,1,7,3,2019-03-02,https://www.jra.go.jp/datafile/seiseki/report/2019/2019-1kokura7.pdf,official_daily_result_pdf
201910010704,2019,小倉,1,7,4,2019-03-02,https://www.jra.go.jp/datafile/seiseki/report/2019/2019-1kokura7.pdf,official_daily_result_pdf
201910010705,2019,小倉,1,7,5,2019-03-02,https://www.jra.go.jp/datafile/seiseki/report/2019/2019-1kokura7.pdf,official_daily_result_pdf
201910010706,2019,小倉,1,7,6,2019-03-02,https://www.jra.go.jp/datafile/seiseki/report/2019/2019-1kokura7.pdf,official_daily_result_pdf
201910010707,2019,小倉,1,7,7,2019-03-02,https://www.jra.go.jp/datafile/seiseki/report/2019/2019-1kokura7.pdf,official_daily_result_pdf
201910010708,2019,小倉,1,7,8,2019-03-02,https://www.jra.go.jp/datafile/seiseki/report/2019/2019-1kokura7.pdf,official_daily_result_pdf
201910010709,2019,小倉,1,7,9,2019-03-02,https://www.jra.go.jp/datafile/seiseki/report/2019/2019-1kokura7.pdf,official_daily_result_pdf
201910010710,2019,小倉,1,7,10,2019-03-02,https://www.jra.go.jp/datafile/seiseki/report/2019/2019-1kokura7.pdf,official_daily_result_pdf
201910010711,2019,小倉,1,7,11,2019-03-02,https://www.jra.go.jp/datafile/seiseki/report/2019/2019-1kokura7.pdf,official_daily_result_pdf
201910010712,2019,小倉,1,7,12,2019-03-02,https://www.jra.go.jp/datafile/seiseki/report/2019/2019-1kokura7.pdf,official_daily_result_pdf
201910010801,2019,小倉,1,8,1,2019-03-03,https://www.jra.go.jp/datafile/seiseki/report/2019/2019-1kokura8.pdf,official_daily_result_pdf
201910010802,2019,小倉,1,8,2,2019-03-03,https://www.jra.go.jp/datafile/seiseki/report/2019/2019-1kokura8.pdf,official_daily_result_pdf
201910010803,2019,小倉,1,8,3,2019-03-03,https://www.jra.go.jp/datafile/seiseki/report/2019/2019-1kokura8.pdf,official_daily_result_pdf
201910010804,2019,小倉,1,8,4,2019-03-03,https://www.jra.go.jp/datafile/seiseki/report/2019/2019-1kokura8.pdf,official_daily_result_pdf
201910010805,2019,小倉,1,8,5,2019-03-03,https://www.jra.go.jp/datafile/seiseki/report/2019/2019-1kokura8.pdf,official_daily_result_pdf
201910010806,2019,小倉,1,8,6,2019-03-03,https://www.jra.go.jp/datafile/seiseki/report/2019/2019-1kokura8.pdf,official_daily_result_pdf
201910010807,2019,小倉,1,8,7,2019-03-03,https://www.jra.go.jp/datafile/seiseki/report/2019/2019-1kokura8.pdf,official_daily_result_pdf
201910010808,2019,小倉,1,8,8,2019-03-03,https://www.jra.go.jp/datafile/seiseki/report/2019/2019-1kokura8.pdf,official_daily_result_pdf
201910010809,2019,小倉,1,8,9,2019-03-03,https://www.jra.go.jp/datafile/seiseki/report/2019/2019-1kokura8.pdf,official_daily_result_pdf
201910010810,2019,小倉,1,8,10,2019-03-03,https://www.jra.go.jp/datafile/seiseki/report/2019/2019-1kokura8.pdf,official_daily_result_pdf
201910010811,2019,小倉,1,8,11,2019-03-03,https://www.jra.go.jp/datafile/seiseki/report/2019/2019-1kokura8.pdf,official_daily_result_pdf
201910010812,2019,小倉,1,8,12,2019-03-03,https://www.jra.go.jp/datafile/seiseki/report/2019/2019-1kokura8.pdf,official_daily_result_pdf
201910020101,2019,小倉,2,1,1,2019-07-27,https://www.jra.go.jp/datafile/seiseki/report/2019/2019-2kokura1.pdf,official_daily_result_pdf
201910020102,2019,小倉,2,1,2,2019-07-27,https://www.jra.go.jp/datafile/seiseki/report/2019/2019-2kokura1.pdf,official_daily_result_pdf
201910020103,2019,小倉,2,1,3,2019-07-27,https://www.jra.go.jp/datafile/seiseki/report/2019/2019-2kokura1.pdf,official_daily_result_pdf
201910020104,2019,小倉,2,1,4,2019-07-27,https://www.jra.go.jp/datafile/seiseki/report/2019/2019-2kokura1.pdf,official_daily_result_pdf
201910020105,2019,小倉,2,1,5,2019-07-27,https://www.jra.go.jp/datafile/seiseki/report/2019/2019-2kokura1.pdf,official_daily_result_pdf
201910020106,2019,小倉,2,1,6,2019-07-27,https://www.jra.go.jp/datafile/seiseki/report/2019/2019-2kokura1.pdf,official_daily_result_pdf
201910020107,2019,小倉,2,1,7,2019-07-27,https://www.jra.go.jp/datafile/seiseki/report/2019/2019-2kokura1.pdf,official_daily_result_pdf
201910020108,2019,小倉,2,1,8,2019-07-27,https://www.jra.go.jp/datafile/seiseki/report/2019/2019-2kokura1.pdf,official_daily_result_pdf
201910020109,2019,小倉,2,1,9,2019-07-27,https://www.jra.go.jp/datafile/seiseki/report/2019/2019-2kokura1.pdf,official_daily_result_pdf
201910020110,2019,小倉,2,1,10,2019-07-27,https://www.jra.go.jp/datafile/seiseki/report/2019/2019-2kokura1.pdf,official_daily_result_pdf
201910020111,2019,小倉,2,1,11,2019-07-27,https://www.jra.go.jp/datafile/seiseki/report/2019/2019-2kokura1.pdf,official_daily_result_pdf
201910020112,2019,小倉,2,1,12,2019-07-27,https://www.jra.go.jp/datafile/seiseki/report/2019/2019-2kokura1.pdf,official_daily_result_pdf
201910020201,2019,小倉,2,2,1,2019-07-28,https://www.jra.go.jp/datafile/seiseki/report/2019/2019-2kokura2.pdf,official_daily_result_pdf
201910020202,2019,小倉,2,2,2,2019-07-28,https://www.jra.go.jp/datafile/seiseki/report/2019/2019-2kokura2.pdf,official_daily_result_pdf
201910020203,2019,小倉,2,2,3,2019-07-28,https://www.jra.go.jp/datafile/seiseki/report/2019/2019-2kokura2.pdf,official_daily_result_pdf
201910020204,2019,小倉,2,2,4,2019-07-28,https://www.jra.go.jp/datafile/seiseki/report/2019/2019-2kokura2.pdf,official_daily_result_pdf
201910020205,2019,小倉,2,2,5,2019-07-28,https://www.jra.go.jp/datafile/seiseki/report/2019/2019-2kokura2.pdf,official_daily_result_pdf
201910020206,2019,小倉,2,2,6,2019-07-28,https://www.jra.go.jp/datafile/seiseki/report/2019/2019-2kokura2.pdf,official_daily_result_pdf
201910020207,2019,小倉,2,2,7,2019-07-28,https://www.jra.go.jp/datafile/seiseki/report/2019/2019-2kokura2.pdf,official_daily_result_pdf
201910020208,2019,小倉,2,2,8,2019-07-28,https://www.jra.go.jp/datafile/seiseki/report/2019/2019-2kokura2.pdf,official_daily_result_pdf
201910020209,2019,小倉,2,2,9,2019-07-28,https://www.jra.go.jp/datafile/seiseki/report/2019/2019-2kokura2.pdf,official_daily_result_pdf
201910020210,2019,小倉,2,2,10,2019-07-28,https://www.jra.go.jp/datafile/seiseki/report/2019/2019-2kokura2.pdf,official_daily_result_pdf
201910020211,2019,小倉,2,2,11,2019-07-28,https://www.jra.go.jp/datafile/seiseki/report/2019/2019-2kokura2.pdf,official_daily_result_pdf
201910020212,2019,小倉,2,2,12,2019-07-28,https://www.jra.go.jp/datafile/seiseki/report/2019/2019-2kokura2.pdf,official_daily_result_pdf
201910020301,2019,小倉,2,3,1,2019-08-03,https://www.jra.go.jp/datafile/seiseki/report/2019/2019-2kokura3.pdf,official_daily_result_pdf
201910020302,2019,小倉,2,3,2,2019-08-03,https://www.jra.go.jp/datafile/seiseki/report/2019/2019-2kokura3.pdf,official_daily_result_pdf
201910020303,2019,小倉,2,3,3,2019-08-03,https://www.jra.go.jp/datafile/seiseki/report/2019/2019-2kokura3.pdf,official_daily_result_pdf
201910020304,2019,小倉,2,3,4,2019-08-03,https://www.jra.go.jp/datafile/seiseki/report/2019/2019-2kokura3.pdf,official_daily_result_pdf
201910020305,2019,小倉,2,3,5,2019-08-03,https://www.jra.go.jp/datafile/seiseki/report/2019/2019-2kokura3.pdf,official_daily_result_pdf
201910020306,2019,小倉,2,3,6,2019-08-03,https://www.jra.go.jp/datafile/seiseki/report/2019/2019-2kokura3.pdf,official_daily_result_pdf
201910020307,2019,小倉,2,3,7,2019-08-03,https://www.jra.go.jp/datafile/seiseki/report/2019/2019-2kokura3.pdf,official_daily_result_pdf
201910020308,2019,小倉,2,3,8,2019-08-03,https://www.jra.go.jp/datafile/seiseki/report/2019/2019-2kokura3.pdf,official_daily_result_pdf
201910020309,2019,小倉,2,3,9,2019-08-03,https://www.jra.go.jp/datafile/seiseki/report/2019/2019-2kokura3.pdf,official_daily_result_pdf
201910020310,2019,小倉,2,3,10,2019-08-03,https://www.jra.go.jp/datafile/seiseki/report/2019/2019-2kokura3.pdf,official_daily_result_pdf
201910020311,2019,小倉,2,3,11,2019-08-03,https://www.jra.go.jp/datafile/seiseki/report/2019/2019-2kokura3.pdf,official_daily_result_pdf
201910020312,2019,小倉,2,3,12,2019-08-03,https://www.jra.go.jp/datafile/seiseki/report/2019/2019-2kokura3.pdf,official_daily_result_pdf
201910020401,2019,小倉,2,4,1,2019-08-04,https://www.jra.go.jp/datafile/seiseki/report/2019/2019-2kokura4.pdf,official_daily_result_pdf
201910020402,2019,小倉,2,4,2,2019-08-04,https://www.jra.go.jp/datafile/seiseki/report/2019/2019-2kokura4.pdf,official_daily_result_pdf
201910020403,2019,小倉,2,4,3,2019-08-04,https://www.jra.go.jp/datafile/seiseki/report/2019/2019-2kokura4.pdf,official_daily_result_pdf
201910020404,2019,小倉,2,4,4,2019-08-04,https://www.jra.go.jp/datafile/seiseki/report/2019/2019-2kokura4.pdf,official_daily_result_pdf
201910020405,2019,小倉,2,4,5,2019-08-04,https://www.jra.go.jp/datafile/seiseki/report/2019/2019-2kokura4.pdf,official_daily_result_pdf
201910020406,2019,小倉,2,4,6,2019-08-04,https://www.jra.go.jp/datafile/seiseki/report/2019/2019-2kokura4.pdf,official_daily_result_pdf
201910020407,2019,小倉,2,4,7,2019-08-04,https://www.jra.go.jp/datafile/seiseki/report/2019/2019-2kokura4.pdf,official_daily_result_pdf
201910020408,2019,小倉,2,4,8,2019-08-04,https://www.jra.go.jp/datafile/seiseki/report/2019/2019-2kokura4.pdf,official_daily_result_pdf
201910020409,2019,小倉,2,4,9,2019-08-04,https://www.jra.go.jp/datafile/seiseki/report/2019/2019-2kokura4.pdf,official_daily_result_pdf
201910020410,2019,小倉,2,4,10,2019-08-04,https://www.jra.go.jp/datafile/seiseki/report/2019/2019-2kokura4.pdf,official_daily_result_pdf
201910020411,2019,小倉,2,4,11,2019-08-04,https://www.jra.go.jp/datafile/seiseki/report/2019/2019-2kokura4.pdf,official_daily_result_pdf
201910020412,2019,小倉,2,4,12,2019-08-04,https://www.jra.go.jp/datafile/seiseki/report/2019/2019-2kokura4.pdf,official_daily_result_pdf
201910020501,2019,小倉,2,5,1,2019-08-10,https://www.jra.go.jp/datafile/seiseki/report/2019/2019-2kokura5.pdf,official_daily_result_pdf
201910020502,2019,小倉,2,5,2,2019-08-10,https://www.jra.go.jp/datafile/seiseki/report/2019/2019-2kokura5.pdf,official_daily_result_pdf
201910020503,2019,小倉,2,5,3,2019-08-10,https://www.jra.go.jp/datafile/seiseki/report/2019/2019-2kokura5.pdf,official_daily_result_pdf
201910020504,2019,小倉,2,5,4,2019-08-10,https://www.jra.go.jp/datafile/seiseki/report/2019/2019-2kokura5.pdf,official_daily_result_pdf
201910020505,2019,小倉,2,5,5,2019-08-10,https://www.jra.go.jp/datafile/seiseki/report/2019/2019-2kokura5.pdf,official_daily_result_pdf
201910020506,2019,小倉,2,5,6,2019-08-10,https://www.jra.go.jp/datafile/seiseki/report/2019/2019-2kokura5.pdf,official_daily_result_pdf
201910020507,2019,小倉,2,5,7,2019-08-10,https://www.jra.go.jp/datafile/seiseki/report/2019/2019-2kokura5.pdf,official_daily_result_pdf
201910020508,2019,小倉,2,5,8,2019-08-10,https://www.jra.go.jp/datafile/seiseki/report/2019/2019-2kokura5.pdf,official_daily_result_pdf
201910020509,2019,小倉,2,5,9,2019-08-10,https://www.jra.go.jp/datafile/seiseki/report/2019/2019-2kokura5.pdf,official_daily_result_pdf
201910020510,2019,小倉,2,5,10,2019-08-10,https://www.jra.go.jp/datafile/seiseki/report/2019/2019-2kokura5.pdf,official_daily_result_pdf
201910020511,2019,小倉,2,5,11,2019-08-10,https://www.jra.go.jp/datafile/seiseki/report/2019/2019-2kokura5.pdf,official_daily_result_pdf
201910020512,2019,小倉,2,5,12,2019-08-10,https://www.jra.go.jp/datafile/seiseki/report/2019/2019-2kokura5.pdf,official_daily_result_pdf
201910020601,2019,小倉,2,6,1,2019-08-11,https://www.jra.go.jp/datafile/seiseki/report/2019/2019-2kokura6.pdf,official_daily_result_pdf
201910020602,2019,小倉,2,6,2,2019-08-11,https://www.jra.go.jp/datafile/seiseki/report/2019/2019-2kokura6.pdf,official_daily_result_pdf
201910020603,2019,小倉,2,6,3,2019-08-11,https://www.jra.go.jp/datafile/seiseki/report/2019/2019-2kokura6.pdf,official_daily_result_pdf
201910020604,2019,小倉,2,6,4,2019-08-11,https://www.jra.go.jp/datafile/seiseki/report/2019/2019-2kokura6.pdf,official_daily_result_pdf
201910020605,2019,小倉,2,6,5,2019-08-11,https://www.jra.go.jp/datafile/seiseki/report/2019/2019-2kokura6.pdf,official_daily_result_pdf
201910020606,2019,小倉,2,6,6,2019-08-11,https://www.jra.go.jp/datafile/seiseki/report/2019/2019-2kokura6.pdf,official_daily_result_pdf
201910020607,2019,小倉,2,6,7,2019-08-11,https://www.jra.go.jp/datafile/seiseki/report/2019/2019-2kokura6.pdf,official_daily_result_pdf
201910020608,2019,小倉,2,6,8,2019-08-11,https://www.jra.go.jp/datafile/seiseki/report/2019/2019-2kokura6.pdf,official_daily_result_pdf
201910020609,2019,小倉,2,6,9,2019-08-11,https://www.jra.go.jp/datafile/seiseki/report/2019/2019-2kokura6.pdf,official_daily_result_pdf
201910020610,2019,小倉,2,6,10,2019-08-11,https://www.jra.go.jp/datafile/seiseki/report/2019/2019-2kokura6.pdf,official_daily_result_pdf
201910020611,2019,小倉,2,6,11,2019-08-11,https://www.jra.go.jp/datafile/seiseki/report/2019/2019-2kokura6.pdf,official_daily_result_pdf
201910020612,2019,小倉,2,6,12,2019-08-11,https://www.jra.go.jp/datafile/seiseki/report/2019/2019-2kokura6.pdf,official_daily_result_pdf
201910020701,2019,小倉,2,7,1,2019-08-17,https://www.jra.go.jp/datafile/seiseki/report/2019/2019-2kokura7.pdf,official_daily_result_pdf
201910020702,2019,小倉,2,7,2,2019-08-17,https://www.jra.go.jp/datafile/seiseki/report/2019/2019-2kokura7.pdf,official_daily_result_pdf
201910020703,2019,小倉,2,7,3,2019-08-17,https://www.jra.go.jp/datafile/seiseki/report/2019/2019-2kokura7.pdf,official_daily_result_pdf
201910020704,2019,小倉,2,7,4,2019-08-17,https://www.jra.go.jp/datafile/seiseki/report/2019/2019-2kokura7.pdf,official_daily_result_pdf
201910020705,2019,小倉,2,7,5,2019-08-17,https://www.jra.go.jp/datafile/seiseki/report/2019/2019-2kokura7.pdf,official_daily_result_pdf
201910020706,2019,小倉,2,7,6,2019-08-17,https://www.jra.go.jp/datafile/seiseki/report/2019/2019-2kokura7.pdf,official_daily_result_pdf
201910020707,2019,小倉,2,7,7,2019-08-17,https://www.jra.go.jp/datafile/seiseki/report/2019/2019-2kokura7.pdf,official_daily_result_pdf
201910020708,2019,小倉,2,7,8,2019-08-17,https://www.jra.go.jp/datafile/seiseki/report/2019/2019-2kokura7.pdf,official_daily_result_pdf
201910020709,2019,小倉,2,7,9,2019-08-17,https://www.jra.go.jp/datafile/seiseki/report/2019/2019-2kokura7.pdf,official_daily_result_pdf
201910020710,2019,小倉,2,7,10,2019-08-17,https://www.jra.go.jp/datafile/seiseki/report/2019/2019-2kokura7.pdf,official_daily_result_pdf
201910020711,2019,小倉,2,7,11,2019-08-17,https://www.jra.go.jp/datafile/seiseki/report/2019/2019-2kokura7.pdf,official_daily_result_pdf
201910020712,2019,小倉,2,7,12,2019-08-17,https://www.jra.go.jp/datafile/seiseki/report/2019/2019-2kokura7.pdf,official_daily_result_pdf
201910020801,2019,小倉,2,8,1,2019-08-18,https://www.jra.go.jp/datafile/seiseki/report/2019/2019-2kokura8.pdf,official_daily_result_pdf
201910020802,2019,小倉,2,8,2,2019-08-18,https://www.jra.go.jp/datafile/seiseki/report/2019/2019-2kokura8.pdf,official_daily_result_pdf
201910020803,2019,小倉,2,8,3,2019-08-18,https://www.jra.go.jp/datafile/seiseki/report/2019/2019-2kokura8.pdf,official_daily_result_pdf
201910020804,2019,小倉,2,8,4,2019-08-18,https://www.jra.go.jp/datafile/seiseki/report/2019/2019-2kokura8.pdf,official_daily_result_pdf
201910020805,2019,小倉,2,8,5,2019-08-18,https://www.jra.go.jp/datafile/seiseki/report/2019/2019-2kokura8.pdf,official_daily_result_pdf
201910020806,2019,小倉,2,8,6,2019-08-18,https://www.jra.go.jp/datafile/seiseki/report/2019/2019-2kokura8.pdf,official_daily_result_pdf
201910020807,2019,小倉,2,8,7,2019-08-18,https://www.jra.go.jp/datafile/seiseki/report/2019/2019-2kokura8.pdf,official_daily_result_pdf
201910020808,2019,小倉,2,8,8,2019-08-18,https://www.jra.go.jp/datafile/seiseki/report/2019/2019-2kokura8.pdf,official_daily_result_pdf
201910020809,2019,小倉,2,8,9,2019-08-18,https://www.jra.go.jp/datafile/seiseki/report/2019/2019-2kokura8.pdf,official_daily_result_pdf
201910020810,2019,小倉,2,8,10,2019-08-18,https://www.jra.go.jp/datafile/seiseki/report/2019/2019-2kokura8.pdf,official_daily_result_pdf
201910020811,2019,小倉,2,8,11,2019-08-18,https://www.jra.go.jp/datafile/seiseki/report/2019/2019-2kokura8.pdf,official_daily_result_pdf
201910020812,2019,小倉,2,8,12,2019-08-18,https://www.jra.go.jp/datafile/seiseki/report/2019/2019-2kokura8.pdf,official_daily_result_pdf
201910020901,2019,小倉,2,9,1,2019-08-24,https://www.jra.go.jp/datafile/seiseki/report/2019/2019-2kokura9.pdf,official_daily_result_pdf
201910020902,2019,小倉,2,9,2,2019-08-24,https://www.jra.go.jp/datafile/seiseki/report/2019/2019-2kokura9.pdf,official_daily_result_pdf
201910020903,2019,小倉,2,9,3,2019-08-24,https://www.jra.go.jp/datafile/seiseki/report/2019/2019-2kokura9.pdf,official_daily_result_pdf
201910020904,2019,小倉,2,9,4,2019-08-24,https://www.jra.go.jp/datafile/seiseki/report/2019/2019-2kokura9.pdf,official_daily_result_pdf
201910020905,2019,小倉,2,9,5,2019-08-24,https://www.jra.go.jp/datafile/seiseki/report/2019/2019-2kokura9.pdf,official_daily_result_pdf
201910020906,2019,小倉,2,9,6,2019-08-24,https://www.jra.go.jp/datafile/seiseki/report/2019/2019-2kokura9.pdf,official_daily_result_pdf
201910020907,2019,小倉,2,9,7,2019-08-24,https://www.jra.go.jp/datafile/seiseki/report/2019/2019-2kokura9.pdf,official_daily_result_pdf
201910020908,2019,小倉,2,9,8,2019-08-24,https://www.jra.go.jp/datafile/seiseki/report/2019/2019-2kokura9.pdf,official_daily_result_pdf
201910020909,2019,小倉,2,9,9,2019-08-24,https://www.jra.go.jp/datafile/seiseki/report/2019/2019-2kokura9.pdf,official_daily_result_pdf
201910020910,2019,小倉,2,9,10,2019-08-24,https://www.jra.go.jp/datafile/seiseki/report/2019/2019-2kokura9.pdf,official_daily_result_pdf
201910020911,2019,小倉,2,9,11,2019-08-24,https://www.jra.go.jp/datafile/seiseki/report/2019/2019-2kokura9.pdf,official_daily_result_pdf
201910020912,2019,小倉,2,9,12,2019-08-24,https://www.jra.go.jp/datafile/seiseki/report/2019/2019-2kokura9.pdf,official_daily_result_pdf
201910021001,2019,小倉,2,10,1,2019-08-25,https://www.jra.go.jp/datafile/seiseki/report/2019/2019-2kokura10.pdf,official_daily_result_pdf
201910021002,2019,小倉,2,10,2,2019-08-25,https://www.jra.go.jp/datafile/seiseki/report/2019/2019-2kokura10.pdf,official_daily_result_pdf
201910021003,2019,小倉,2,10,3,2019-08-25,https://www.jra.go.jp/datafile/seiseki/report/2019/2019-2kokura10.pdf,official_daily_result_pdf
201910021004,2019,小倉,2,10,4,2019-08-25,https://www.jra.go.jp/datafile/seiseki/report/2019/2019-2kokura10.pdf,official_daily_result_pdf
201910021005,2019,小倉,2,10,5,2019-08-25,https://www.jra.go.jp/datafile/seiseki/report/2019/2019-2kokura10.pdf,official_daily_result_pdf
201910021006,2019,小倉,2,10,6,2019-08-25,https://www.jra.go.jp/datafile/seiseki/report/2019/2019-2kokura10.pdf,official_daily_result_pdf
201910021007,2019,小倉,2,10,7,2019-08-25,https://www.jra.go.jp/datafile/seiseki/report/2019/2019-2kokura10.pdf,official_daily_result_pdf
201910021008,2019,小倉,2,10,8,2019-08-25,https://www.jra.go.jp/datafile/seiseki/report/2019/2019-2kokura10.pdf,official_daily_result_pdf
201910021009,2019,小倉,2,10,9,2019-08-25,https://www.jra.go.jp/datafile/seiseki/report/2019/2019-2kokura10.pdf,official_daily_result_pdf
201910021010,2019,小倉,2,10,10,2019-08-25,https://www.jra.go.jp/datafile/seiseki/report/2019/2019-2kokura10.pdf,official_daily_result_pdf
201910021011,2019,小倉,2,10,11,2019-08-25,https://www.jra.go.jp/datafile/seiseki/report/2019/2019-2kokura10.pdf,official_daily_result_pdf
201910021012,2019,小倉,2,10,12,2019-08-25,https://www.jra.go.jp/datafile/seiseki/report/2019/2019-2kokura10.pdf,official_daily_result_pdf
201910021101,2019,小倉,2,11,1,2019-08-31,https://www.jra.go.jp/datafile/seiseki/report/2019/2019-2kokura11.pdf,official_daily_result_pdf
201910021102,2019,小倉,2,11,2,2019-08-31,https://www.jra.go.jp/datafile/seiseki/report/2019/2019-2kokura11.pdf,official_daily_result_pdf
201910021103,2019,小倉,2,11,3,2019-08-31,https://www.jra.go.jp/datafile/seiseki/report/2019/2019-2kokura11.pdf,official_daily_result_pdf
201910021104,2019,小倉,2,11,4,2019-08-31,https://www.jra.go.jp/datafile/seiseki/report/2019/2019-2kokura11.pdf,official_daily_result_pdf
201910021105,2019,小倉,2,11,5,2019-08-31,https://www.jra.go.jp/datafile/seiseki/report/2019/2019-2kokura11.pdf,official_daily_result_pdf
201910021106,2019,小倉,2,11,6,2019-08-31,https://www.jra.go.jp/datafile/seiseki/report/2019/2019-2kokura11.pdf,official_daily_result_pdf
201910021107,2019,小倉,2,11,7,2019-08-31,https://www.jra.go.jp/datafile/seiseki/report/2019/2019-2kokura11.pdf,official_daily_result_pdf
201910021108,2019,小倉,2,11,8,2019-08-31,https://www.jra.go.jp/datafile/seiseki/report/2019/2019-2kokura11.pdf,official_daily_result_pdf
201910021109,2019,小倉,2,11,9,2019-08-31,https://www.jra.go.jp/datafile/seiseki/report/2019/2019-2kokura11.pdf,official_daily_result_pdf
201910021110,2019,小倉,2,11,10,2019-08-31,https://www.jra.go.jp/datafile/seiseki/report/2019/2019-2kokura11.pdf,official_daily_result_pdf
201910021111,2019,小倉,2,11,11,2019-08-31,https://www.jra.go.jp/datafile/seiseki/report/2019/2019-2kokura11.pdf,official_daily_result_pdf
201910021112,2019,小倉,2,11,12,2019-08-31,https://www.jra.go.jp/datafile/seiseki/report/2019/2019-2kokura11.pdf,official_daily_result_pdf
201910021201,2019,小倉,2,12,1,2019-09-01,https://www.jra.go.jp/datafile/seiseki/report/2019/2019-2kokura12.pdf,official_daily_result_pdf
201910021202,2019,小倉,2,12,2,2019-09-01,https://www.jra.go.jp/datafile/seiseki/report/2019/2019-2kokura12.pdf,official_daily_result_pdf
201910021203,2019,小倉,2,12,3,2019-09-01,https://www.jra.go.jp/datafile/seiseki/report/2019/2019-2kokura12.pdf,official_daily_result_pdf
201910021204,2019,小倉,2,12,4,2019-09-01,https://www.jra.go.jp/datafile/seiseki/report/2019/2019-2kokura12.pdf,official_daily_result_pdf
201910021205,2019,小倉,2,12,5,2019-09-01,https://www.jra.go.jp/datafile/seiseki/report/2019/2019-2kokura12.pdf,official_daily_result_pdf
201910021206,2019,小倉,2,12,6,2019-09-01,https://www.jra.go.jp/datafile/seiseki/report/2019/2019-2kokura12.pdf,official_daily_result_pdf
201910021207,2019,小倉,2,12,7,2019-09-01,https://www.jra.go.jp/datafile/seiseki/report/2019/2019-2kokura12.pdf,official_daily_result_pdf
201910021208,2019,小倉,2,12,8,2019-09-01,https://www.jra.go.jp/datafile/seiseki/report/2019/2019-2kokura12.pdf,official_daily_result_pdf
201910021209,2019,小倉,2,12,9,2019-09-01,https://www.jra.go.jp/datafile/seiseki/report/2019/2019-2kokura12.pdf,official_daily_result_pdf
201910021210,2019,小倉,2,12,10,2019-09-01,https://www.jra.go.jp/datafile/seiseki/report/2019/2019-2kokura12.pdf,official_daily_result_pdf
201910021211,2019,小倉,2,12,11,2019-09-01,https://www.jra.go.jp/datafile/seiseki/report/2019/2019-2kokura12.pdf,official_daily_result_pdf
201910021212,2019,小倉,2,12,12,2019-09-01,https://www.jra.go.jp/datafile/seiseki/report/2019/2019-2kokura12.pdf,official_daily_result_pdf
202001010101,2020,札幌,1,1,1,2020-07-25,https://www.jra.go.jp/datafile/seiseki/report/2020/2020-1sapporo1.pdf,official_daily_result_pdf
202001010102,2020,札幌,1,1,2,2020-07-25,https://www.jra.go.jp/datafile/seiseki/report/2020/2020-1sapporo1.pdf,official_daily_result_pdf
202001010103,2020,札幌,1,1,3,2020-07-25,https://www.jra.go.jp/datafile/seiseki/report/2020/2020-1sapporo1.pdf,official_daily_result_pdf
202001010104,2020,札幌,1,1,4,2020-07-25,https://www.jra.go.jp/datafile/seiseki/report/2020/2020-1sapporo1.pdf,official_daily_result_pdf
202001010105,2020,札幌,1,1,5,2020-07-25,https://www.jra.go.jp/datafile/seiseki/report/2020/2020-1sapporo1.pdf,official_daily_result_pdf
202001010106,2020,札幌,1,1,6,2020-07-25,https://www.jra.go.jp/datafile/seiseki/report/2020/2020-1sapporo1.pdf,official_daily_result_pdf
202001010107,2020,札幌,1,1,7,2020-07-25,https://www.jra.go.jp/datafile/seiseki/report/2020/2020-1sapporo1.pdf,official_daily_result_pdf
202001010108,2020,札幌,1,1,8,2020-07-25,https://www.jra.go.jp/datafile/seiseki/report/2020/2020-1sapporo1.pdf,official_daily_result_pdf
202001010109,2020,札幌,1,1,9,2020-07-25,https://www.jra.go.jp/datafile/seiseki/report/2020/2020-1sapporo1.pdf,official_daily_result_pdf
202001010110,2020,札幌,1,1,10,2020-07-25,https://www.jra.go.jp/datafile/seiseki/report/2020/2020-1sapporo1.pdf,official_daily_result_pdf
202001010111,2020,札幌,1,1,11,2020-07-25,https://www.jra.go.jp/datafile/seiseki/report/2020/2020-1sapporo1.pdf,official_daily_result_pdf
202001010112,2020,札幌,1,1,12,2020-07-25,https://www.jra.go.jp/datafile/seiseki/report/2020/2020-1sapporo1.pdf,official_daily_result_pdf
202001010201,2020,札幌,1,2,1,2020-07-26,https://www.jra.go.jp/datafile/seiseki/report/2020/2020-1sapporo2.pdf,official_daily_result_pdf
202001010202,2020,札幌,1,2,2,2020-07-26,https://www.jra.go.jp/datafile/seiseki/report/2020/2020-1sapporo2.pdf,official_daily_result_pdf
202001010203,2020,札幌,1,2,3,2020-07-26,https://www.jra.go.jp/datafile/seiseki/report/2020/2020-1sapporo2.pdf,official_daily_result_pdf
202001010204,2020,札幌,1,2,4,2020-07-26,https://www.jra.go.jp/datafile/seiseki/report/2020/2020-1sapporo2.pdf,official_daily_result_pdf
202001010205,2020,札幌,1,2,5,2020-07-26,https://www.jra.go.jp/datafile/seiseki/report/2020/2020-1sapporo2.pdf,official_daily_result_pdf
202001010206,2020,札幌,1,2,6,2020-07-26,https://www.jra.go.jp/datafile/seiseki/report/2020/2020-1sapporo2.pdf,official_daily_result_pdf
202001010207,2020,札幌,1,2,7,2020-07-26,https://www.jra.go.jp/datafile/seiseki/report/2020/2020-1sapporo2.pdf,official_daily_result_pdf
202001010208,2020,札幌,1,2,8,2020-07-26,https://www.jra.go.jp/datafile/seiseki/report/2020/2020-1sapporo2.pdf,official_daily_result_pdf
202001010209,2020,札幌,1,2,9,2020-07-26,https://www.jra.go.jp/datafile/seiseki/report/2020/2020-1sapporo2.pdf,official_daily_result_pdf
202001010210,2020,札幌,1,2,10,2020-07-26,https://www.jra.go.jp/datafile/seiseki/report/2020/2020-1sapporo2.pdf,official_daily_result_pdf
202001010211,2020,札幌,1,2,11,2020-07-26,https://www.jra.go.jp/datafile/seiseki/report/2020/2020-1sapporo2.pdf,official_daily_result_pdf
202001010212,2020,札幌,1,2,12,2020-07-26,https://www.jra.go.jp/datafile/seiseki/report/2020/2020-1sapporo2.pdf,official_daily_result_pdf
202001010301,2020,札幌,1,3,1,2020-08-01,https://www.jra.go.jp/datafile/seiseki/report/2020/2020-1sapporo3.pdf,official_daily_result_pdf
202001010302,2020,札幌,1,3,2,2020-08-01,https://www.jra.go.jp/datafile/seiseki/report/2020/2020-1sapporo3.pdf,official_daily_result_pdf
202001010303,2020,札幌,1,3,3,2020-08-01,https://www.jra.go.jp/datafile/seiseki/report/2020/2020-1sapporo3.pdf,official_daily_result_pdf
202001010304,2020,札幌,1,3,4,2020-08-01,https://www.jra.go.jp/datafile/seiseki/report/2020/2020-1sapporo3.pdf,official_daily_result_pdf
202001010305,2020,札幌,1,3,5,2020-08-01,https://www.jra.go.jp/datafile/seiseki/report/2020/2020-1sapporo3.pdf,official_daily_result_pdf
202001010306,2020,札幌,1,3,6,2020-08-01,https://www.jra.go.jp/datafile/seiseki/report/2020/2020-1sapporo3.pdf,official_daily_result_pdf
202001010307,2020,札幌,1,3,7,2020-08-01,https://www.jra.go.jp/datafile/seiseki/report/2020/2020-1sapporo3.pdf,official_daily_result_pdf
202001010308,2020,札幌,1,3,8,2020-08-01,https://www.jra.go.jp/datafile/seiseki/report/2020/2020-1sapporo3.pdf,official_daily_result_pdf
202001010309,2020,札幌,1,3,9,2020-08-01,https://www.jra.go.jp/datafile/seiseki/report/2020/2020-1sapporo3.pdf,official_daily_result_pdf
202001010310,2020,札幌,1,3,10,2020-08-01,https://www.jra.go.jp/datafile/seiseki/report/2020/2020-1sapporo3.pdf,official_daily_result_pdf
202001010311,2020,札幌,1,3,11,2020-08-01,https://www.jra.go.jp/datafile/seiseki/report/2020/2020-1sapporo3.pdf,official_daily_result_pdf
202001010312,2020,札幌,1,3,12,2020-08-01,https://www.jra.go.jp/datafile/seiseki/report/2020/2020-1sapporo3.pdf,official_daily_result_pdf
202001010401,2020,札幌,1,4,1,2020-08-02,https://www.jra.go.jp/datafile/seiseki/report/2020/2020-1sapporo4.pdf,official_daily_result_pdf
202001010402,2020,札幌,1,4,2,2020-08-02,https://www.jra.go.jp/datafile/seiseki/report/2020/2020-1sapporo4.pdf,official_daily_result_pdf
202001010403,2020,札幌,1,4,3,2020-08-02,https://www.jra.go.jp/datafile/seiseki/report/2020/2020-1sapporo4.pdf,official_daily_result_pdf
202001010404,2020,札幌,1,4,4,2020-08-02,https://www.jra.go.jp/datafile/seiseki/report/2020/2020-1sapporo4.pdf,official_daily_result_pdf
202001010405,2020,札幌,1,4,5,2020-08-02,https://www.jra.go.jp/datafile/seiseki/report/2020/2020-1sapporo4.pdf,official_daily_result_pdf
202001010406,2020,札幌,1,4,6,2020-08-02,https://www.jra.go.jp/datafile/seiseki/report/2020/2020-1sapporo4.pdf,official_daily_result_pdf
202001010407,2020,札幌,1,4,7,2020-08-02,https://www.jra.go.jp/datafile/seiseki/report/2020/2020-1sapporo4.pdf,official_daily_result_pdf
202001010408,2020,札幌,1,4,8,2020-08-02,https://www.jra.go.jp/datafile/seiseki/report/2020/2020-1sapporo4.pdf,official_daily_result_pdf
202001010409,2020,札幌,1,4,9,2020-08-02,https://www.jra.go.jp/datafile/seiseki/report/2020/2020-1sapporo4.pdf,official_daily_result_pdf
202001010410,2020,札幌,1,4,10,2020-08-02,https://www.jra.go.jp/datafile/seiseki/report/2020/2020-1sapporo4.pdf,official_daily_result_pdf
202001010411,2020,札幌,1,4,11,2020-08-02,https://www.jra.go.jp/datafile/seiseki/report/2020/2020-1sapporo4.pdf,official_daily_result_pdf
202001010412,2020,札幌,1,4,12,2020-08-02,https://www.jra.go.jp/datafile/seiseki/report/2020/2020-1sapporo4.pdf,official_daily_result_pdf
202001010501,2020,札幌,1,5,1,2020-08-08,https://www.jra.go.jp/datafile/seiseki/report/2020/2020-1sapporo5.pdf,official_daily_result_pdf
202001010502,2020,札幌,1,5,2,2020-08-08,https://www.jra.go.jp/datafile/seiseki/report/2020/2020-1sapporo5.pdf,official_daily_result_pdf
202001010503,2020,札幌,1,5,3,2020-08-08,https://www.jra.go.jp/datafile/seiseki/report/2020/2020-1sapporo5.pdf,official_daily_result_pdf
202001010504,2020,札幌,1,5,4,2020-08-08,https://www.jra.go.jp/datafile/seiseki/report/2020/2020-1sapporo5.pdf,official_daily_result_pdf
202001010505,2020,札幌,1,5,5,2020-08-08,https://www.jra.go.jp/datafile/seiseki/report/2020/2020-1sapporo5.pdf,official_daily_result_pdf
202001010506,2020,札幌,1,5,6,2020-08-08,https://www.jra.go.jp/datafile/seiseki/report/2020/2020-1sapporo5.pdf,official_daily_result_pdf
202001010507,2020,札幌,1,5,7,2020-08-08,https://www.jra.go.jp/datafile/seiseki/report/2020/2020-1sapporo5.pdf,official_daily_result_pdf
202001010508,2020,札幌,1,5,8,2020-08-08,https://www.jra.go.jp/datafile/seiseki/report/2020/2020-1sapporo5.pdf,official_daily_result_pdf
202001010509,2020,札幌,1,5,9,2020-08-08,https://www.jra.go.jp/datafile/seiseki/report/2020/2020-1sapporo5.pdf,official_daily_result_pdf
202001010510,2020,札幌,1,5,10,2020-08-08,https://www.jra.go.jp/datafile/seiseki/report/2020/2020-1sapporo5.pdf,official_daily_result_pdf
202001010511,2020,札幌,1,5,11,2020-08-08,https://www.jra.go.jp/datafile/seiseki/report/2020/2020-1sapporo5.pdf,official_daily_result_pdf
202001010512,2020,札幌,1,5,12,2020-08-08,https://www.jra.go.jp/datafile/seiseki/report/2020/2020-1sapporo5.pdf,official_daily_result_pdf
202001010601,2020,札幌,1,6,1,2020-08-09,https://www.jra.go.jp/datafile/seiseki/report/2020/2020-1sapporo6.pdf,official_daily_result_pdf
202001010602,2020,札幌,1,6,2,2020-08-09,https://www.jra.go.jp/datafile/seiseki/report/2020/2020-1sapporo6.pdf,official_daily_result_pdf
202001010603,2020,札幌,1,6,3,2020-08-09,https://www.jra.go.jp/datafile/seiseki/report/2020/2020-1sapporo6.pdf,official_daily_result_pdf
202001010604,2020,札幌,1,6,4,2020-08-09,https://www.jra.go.jp/datafile/seiseki/report/2020/2020-1sapporo6.pdf,official_daily_result_pdf
202001010605,2020,札幌,1,6,5,2020-08-09,https://www.jra.go.jp/datafile/seiseki/report/2020/2020-1sapporo6.pdf,official_daily_result_pdf
202001010606,2020,札幌,1,6,6,2020-08-09,https://www.jra.go.jp/datafile/seiseki/report/2020/2020-1sapporo6.pdf,official_daily_result_pdf
202001010607,2020,札幌,1,6,7,2020-08-09,https://www.jra.go.jp/datafile/seiseki/report/2020/2020-1sapporo6.pdf,official_daily_result_pdf
202001010608,2020,札幌,1,6,8,2020-08-09,https://www.jra.go.jp/datafile/seiseki/report/2020/2020-1sapporo6.pdf,official_daily_result_pdf
202001010609,2020,札幌,1,6,9,2020-08-09,https://www.jra.go.jp/datafile/seiseki/report/2020/2020-1sapporo6.pdf,official_daily_result_pdf
202001010610,2020,札幌,1,6,10,2020-08-09,https://www.jra.go.jp/datafile/seiseki/report/2020/2020-1sapporo6.pdf,official_daily_result_pdf
202001010611,2020,札幌,1,6,11,2020-08-09,https://www.jra.go.jp/datafile/seiseki/report/2020/2020-1sapporo6.pdf,official_daily_result_pdf
202001010612,2020,札幌,1,6,12,2020-08-09,https://www.jra.go.jp/datafile/seiseki/report/2020/2020-1sapporo6.pdf,official_daily_result_pdf
202001020101,2020,札幌,2,1,1,2020-08-15,https://www.jra.go.jp/datafile/seiseki/report/2020/2020-2sapporo1.pdf,official_daily_result_pdf
202001020102,2020,札幌,2,1,2,2020-08-15,https://www.jra.go.jp/datafile/seiseki/report/2020/2020-2sapporo1.pdf,official_daily_result_pdf
202001020103,2020,札幌,2,1,3,2020-08-15,https://www.jra.go.jp/datafile/seiseki/report/2020/2020-2sapporo1.pdf,official_daily_result_pdf
202001020104,2020,札幌,2,1,4,2020-08-15,https://www.jra.go.jp/datafile/seiseki/report/2020/2020-2sapporo1.pdf,official_daily_result_pdf
202001020105,2020,札幌,2,1,5,2020-08-15,https://www.jra.go.jp/datafile/seiseki/report/2020/2020-2sapporo1.pdf,official_daily_result_pdf
202001020106,2020,札幌,2,1,6,2020-08-15,https://www.jra.go.jp/datafile/seiseki/report/2020/2020-2sapporo1.pdf,official_daily_result_pdf
202001020107,2020,札幌,2,1,7,2020-08-15,https://www.jra.go.jp/datafile/seiseki/report/2020/2020-2sapporo1.pdf,official_daily_result_pdf
202001020108,2020,札幌,2,1,8,2020-08-15,https://www.jra.go.jp/datafile/seiseki/report/2020/2020-2sapporo1.pdf,official_daily_result_pdf
202001020109,2020,札幌,2,1,9,2020-08-15,https://www.jra.go.jp/datafile/seiseki/report/2020/2020-2sapporo1.pdf,official_daily_result_pdf
202001020110,2020,札幌,2,1,10,2020-08-15,https://www.jra.go.jp/datafile/seiseki/report/2020/2020-2sapporo1.pdf,official_daily_result_pdf
202001020111,2020,札幌,2,1,11,2020-08-15,https://www.jra.go.jp/datafile/seiseki/report/2020/2020-2sapporo1.pdf,official_daily_result_pdf
202001020112,2020,札幌,2,1,12,2020-08-15,https://www.jra.go.jp/datafile/seiseki/report/2020/2020-2sapporo1.pdf,official_daily_result_pdf
202001020201,2020,札幌,2,2,1,2020-08-16,https://www.jra.go.jp/datafile/seiseki/report/2020/2020-2sapporo2.pdf,official_daily_result_pdf
202001020202,2020,札幌,2,2,2,2020-08-16,https://www.jra.go.jp/datafile/seiseki/report/2020/2020-2sapporo2.pdf,official_daily_result_pdf
202001020203,2020,札幌,2,2,3,2020-08-16,https://www.jra.go.jp/datafile/seiseki/report/2020/2020-2sapporo2.pdf,official_daily_result_pdf
202001020204,2020,札幌,2,2,4,2020-08-16,https://www.jra.go.jp/datafile/seiseki/report/2020/2020-2sapporo2.pdf,official_daily_result_pdf
202001020205,2020,札幌,2,2,5,2020-08-16,https://www.jra.go.jp/datafile/seiseki/report/2020/2020-2sapporo2.pdf,official_daily_result_pdf
202001020206,2020,札幌,2,2,6,2020-08-16,https://www.jra.go.jp/datafile/seiseki/report/2020/2020-2sapporo2.pdf,official_daily_result_pdf
202001020207,2020,札幌,2,2,7,2020-08-16,https://www.jra.go.jp/datafile/seiseki/report/2020/2020-2sapporo2.pdf,official_daily_result_pdf
202001020208,2020,札幌,2,2,8,2020-08-16,https://www.jra.go.jp/datafile/seiseki/report/2020/2020-2sapporo2.pdf,official_daily_result_pdf
202001020209,2020,札幌,2,2,9,2020-08-16,https://www.jra.go.jp/datafile/seiseki/report/2020/2020-2sapporo2.pdf,official_daily_result_pdf
202001020210,2020,札幌,2,2,10,2020-08-16,https://www.jra.go.jp/datafile/seiseki/report/2020/2020-2sapporo2.pdf,official_daily_result_pdf
202001020211,2020,札幌,2,2,11,2020-08-16,https://www.jra.go.jp/datafile/seiseki/report/2020/2020-2sapporo2.pdf,official_daily_result_pdf
202001020212,2020,札幌,2,2,12,2020-08-16,https://www.jra.go.jp/datafile/seiseki/report/2020/2020-2sapporo2.pdf,official_daily_result_pdf
202001020301,2020,札幌,2,3,1,2020-08-22,https://www.jra.go.jp/datafile/seiseki/report/2020/2020-2sapporo3.pdf,official_daily_result_pdf
202001020302,2020,札幌,2,3,2,2020-08-22,https://www.jra.go.jp/datafile/seiseki/report/2020/2020-2sapporo3.pdf,official_daily_result_pdf
202001020303,2020,札幌,2,3,3,2020-08-22,https://www.jra.go.jp/datafile/seiseki/report/2020/2020-2sapporo3.pdf,official_daily_result_pdf
202001020304,2020,札幌,2,3,4,2020-08-22,https://www.jra.go.jp/datafile/seiseki/report/2020/2020-2sapporo3.pdf,official_daily_result_pdf
202001020305,2020,札幌,2,3,5,2020-08-22,https://www.jra.go.jp/datafile/seiseki/report/2020/2020-2sapporo3.pdf,official_daily_result_pdf
202001020306,2020,札幌,2,3,6,2020-08-22,https://www.jra.go.jp/datafile/seiseki/report/2020/2020-2sapporo3.pdf,official_daily_result_pdf
202001020307,2020,札幌,2,3,7,2020-08-22,https://www.jra.go.jp/datafile/seiseki/report/2020/2020-2sapporo3.pdf,official_daily_result_pdf
202001020308,2020,札幌,2,3,8,2020-08-22,https://www.jra.go.jp/datafile/seiseki/report/2020/2020-2sapporo3.pdf,official_daily_result_pdf
202001020309,2020,札幌,2,3,9,2020-08-22,https://www.jra.go.jp/datafile/seiseki/report/2020/2020-2sapporo3.pdf,official_daily_result_pdf
202001020310,2020,札幌,2,3,10,2020-08-22,https://www.jra.go.jp/datafile/seiseki/report/2020/2020-2sapporo3.pdf,official_daily_result_pdf
202001020311,2020,札幌,2,3,11,2020-08-22,https://www.jra.go.jp/datafile/seiseki/report/2020/2020-2sapporo3.pdf,official_daily_result_pdf
202001020312,2020,札幌,2,3,12,2020-08-22,https://www.jra.go.jp/datafile/seiseki/report/2020/2020-2sapporo3.pdf,official_daily_result_pdf
202001020401,2020,札幌,2,4,1,2020-08-23,https://www.jra.go.jp/datafile/seiseki/report/2020/2020-2sapporo4.pdf,official_daily_result_pdf
202001020402,2020,札幌,2,4,2,2020-08-23,https://www.jra.go.jp/datafile/seiseki/report/2020/2020-2sapporo4.pdf,official_daily_result_pdf
202001020403,2020,札幌,2,4,3,2020-08-23,https://www.jra.go.jp/datafile/seiseki/report/2020/2020-2sapporo4.pdf,official_daily_result_pdf
202001020404,2020,札幌,2,4,4,2020-08-23,https://www.jra.go.jp/datafile/seiseki/report/2020/2020-2sapporo4.pdf,official_daily_result_pdf
202001020405,2020,札幌,2,4,5,2020-08-23,https://www.jra.go.jp/datafile/seiseki/report/2020/2020-2sapporo4.pdf,official_daily_result_pdf
202001020406,2020,札幌,2,4,6,2020-08-23,https://www.jra.go.jp/datafile/seiseki/report/2020/2020-2sapporo4.pdf,official_daily_result_pdf
202001020407,2020,札幌,2,4,7,2020-08-23,https://www.jra.go.jp/datafile/seiseki/report/2020/2020-2sapporo4.pdf,official_daily_result_pdf
202001020408,2020,札幌,2,4,8,2020-08-23,https://www.jra.go.jp/datafile/seiseki/report/2020/2020-2sapporo4.pdf,official_daily_result_pdf
202001020409,2020,札幌,2,4,9,2020-08-23,https://www.jra.go.jp/datafile/seiseki/report/2020/2020-2sapporo4.pdf,official_daily_result_pdf
202001020410,2020,札幌,2,4,10,2020-08-23,https://www.jra.go.jp/datafile/seiseki/report/2020/2020-2sapporo4.pdf,official_daily_result_pdf
202001020411,2020,札幌,2,4,11,2020-08-23,https://www.jra.go.jp/datafile/seiseki/report/2020/2020-2sapporo4.pdf,official_daily_result_pdf
202001020412,2020,札幌,2,4,12,2020-08-23,https://www.jra.go.jp/datafile/seiseki/report/2020/2020-2sapporo4.pdf,official_daily_result_pdf
202001020501,2020,札幌,2,5,1,2020-08-29,https://www.jra.go.jp/datafile/seiseki/report/2020/2020-2sapporo5.pdf,official_daily_result_pdf
202001020502,2020,札幌,2,5,2,2020-08-29,https://www.jra.go.jp/datafile/seiseki/report/2020/2020-2sapporo5.pdf,official_daily_result_pdf
202001020503,2020,札幌,2,5,3,2020-08-29,https://www.jra.go.jp/datafile/seiseki/report/2020/2020-2sapporo5.pdf,official_daily_result_pdf
202001020504,2020,札幌,2,5,4,2020-08-29,https://www.jra.go.jp/datafile/seiseki/report/2020/2020-2sapporo5.pdf,official_daily_result_pdf
202001020505,2020,札幌,2,5,5,2020-08-29,https://www.jra.go.jp/datafile/seiseki/report/2020/2020-2sapporo5.pdf,official_daily_result_pdf
202001020506,2020,札幌,2,5,6,2020-08-29,https://www.jra.go.jp/datafile/seiseki/report/2020/2020-2sapporo5.pdf,official_daily_result_pdf
202001020507,2020,札幌,2,5,7,2020-08-29,https://www.jra.go.jp/datafile/seiseki/report/2020/2020-2sapporo5.pdf,official_daily_result_pdf
202001020508,2020,札幌,2,5,8,2020-08-29,https://www.jra.go.jp/datafile/seiseki/report/2020/2020-2sapporo5.pdf,official_daily_result_pdf
202001020509,2020,札幌,2,5,9,2020-08-29,https://www.jra.go.jp/datafile/seiseki/report/2020/2020-2sapporo5.pdf,official_daily_result_pdf
202001020510,2020,札幌,2,5,10,2020-08-29,https://www.jra.go.jp/datafile/seiseki/report/2020/2020-2sapporo5.pdf,official_daily_result_pdf
202001020511,2020,札幌,2,5,11,2020-08-29,https://www.jra.go.jp/datafile/seiseki/report/2020/2020-2sapporo5.pdf,official_daily_result_pdf
202001020512,2020,札幌,2,5,12,2020-08-29,https://www.jra.go.jp/datafile/seiseki/report/2020/2020-2sapporo5.pdf,official_daily_result_pdf
202001020601,2020,札幌,2,6,1,2020-08-30,https://www.jra.go.jp/datafile/seiseki/report/2020/2020-2sapporo6.pdf,official_daily_result_pdf
202001020602,2020,札幌,2,6,2,2020-08-30,https://www.jra.go.jp/datafile/seiseki/report/2020/2020-2sapporo6.pdf,official_daily_result_pdf
202001020603,2020,札幌,2,6,3,2020-08-30,https://www.jra.go.jp/datafile/seiseki/report/2020/2020-2sapporo6.pdf,official_daily_result_pdf
202001020604,2020,札幌,2,6,4,2020-08-30,https://www.jra.go.jp/datafile/seiseki/report/2020/2020-2sapporo6.pdf,official_daily_result_pdf
202001020605,2020,札幌,2,6,5,2020-08-30,https://www.jra.go.jp/datafile/seiseki/report/2020/2020-2sapporo6.pdf,official_daily_result_pdf
202001020606,2020,札幌,2,6,6,2020-08-30,https://www.jra.go.jp/datafile/seiseki/report/2020/2020-2sapporo6.pdf,official_daily_result_pdf
202001020607,2020,札幌,2,6,7,2020-08-30,https://www.jra.go.jp/datafile/seiseki/report/2020/2020-2sapporo6.pdf,official_daily_result_pdf
202001020608,2020,札幌,2,6,8,2020-08-30,https://www.jra.go.jp/datafile/seiseki/report/2020/2020-2sapporo6.pdf,official_daily_result_pdf
202001020609,2020,札幌,2,6,9,2020-08-30,https://www.jra.go.jp/datafile/seiseki/report/2020/2020-2sapporo6.pdf,official_daily_result_pdf
202001020610,2020,札幌,2,6,10,2020-08-30,https://www.jra.go.jp/datafile/seiseki/report/2020/2020-2sapporo6.pdf,official_daily_result_pdf
202001020611,2020,札幌,2,6,11,2020-08-30,https://www.jra.go.jp/datafile/seiseki/report/2020/2020-2sapporo6.pdf,official_daily_result_pdf
202001020612,2020,札幌,2,6,12,2020-08-30,https://www.jra.go.jp/datafile/seiseki/report/2020/2020-2sapporo6.pdf,official_daily_result_pdf
202001020701,2020,札幌,2,7,1,2020-09-05,https://www.jra.go.jp/datafile/seiseki/report/2020/2020-2sapporo7.pdf,official_daily_result_pdf
202001020702,2020,札幌,2,7,2,2020-09-05,https://www.jra.go.jp/datafile/seiseki/report/2020/2020-2sapporo7.pdf,official_daily_result_pdf
202001020703,2020,札幌,2,7,3,2020-09-05,https://www.jra.go.jp/datafile/seiseki/report/2020/2020-2sapporo7.pdf,official_daily_result_pdf
202001020704,2020,札幌,2,7,4,2020-09-05,https://www.jra.go.jp/datafile/seiseki/report/2020/2020-2sapporo7.pdf,official_daily_result_pdf
202001020705,2020,札幌,2,7,5,2020-09-05,https://www.jra.go.jp/datafile/seiseki/report/2020/2020-2sapporo7.pdf,official_daily_result_pdf
202001020706,2020,札幌,2,7,6,2020-09-05,https://www.jra.go.jp/datafile/seiseki/report/2020/2020-2sapporo7.pdf,official_daily_result_pdf
202001020707,2020,札幌,2,7,7,2020-09-05,https://www.jra.go.jp/datafile/seiseki/report/2020/2020-2sapporo7.pdf,official_daily_result_pdf
202001020708,2020,札幌,2,7,8,2020-09-05,https://www.jra.go.jp/datafile/seiseki/report/2020/2020-2sapporo7.pdf,official_daily_result_pdf
202001020709,2020,札幌,2,7,9,2020-09-05,https://www.jra.go.jp/datafile/seiseki/report/2020/2020-2sapporo7.pdf,official_daily_result_pdf
202001020710,2020,札幌,2,7,10,2020-09-05,https://www.jra.go.jp/datafile/seiseki/report/2020/2020-2sapporo7.pdf,official_daily_result_pdf
202001020711,2020,札幌,2,7,11,2020-09-05,https://www.jra.go.jp/datafile/seiseki/report/2020/2020-2sapporo7.pdf,official_daily_result_pdf
202001020712,2020,札幌,2,7,12,2020-09-05,https://www.jra.go.jp/datafile/seiseki/report/2020/2020-2sapporo7.pdf,official_daily_result_pdf
202001020801,2020,札幌,2,8,1,2020-09-06,https://www.jra.go.jp/datafile/seiseki/report/2020/2020-2sapporo8.pdf,official_daily_result_pdf
202001020802,2020,札幌,2,8,2,2020-09-06,https://www.jra.go.jp/datafile/seiseki/report/2020/2020-2sapporo8.pdf,official_daily_result_pdf
202001020803,2020,札幌,2,8,3,2020-09-06,https://www.jra.go.jp/datafile/seiseki/report/2020/2020-2sapporo8.pdf,official_daily_result_pdf
202001020804,2020,札幌,2,8,4,2020-09-06,https://www.jra.go.jp/datafile/seiseki/report/2020/2020-2sapporo8.pdf,official_daily_result_pdf
202001020805,2020,札幌,2,8,5,2020-09-06,https://www.jra.go.jp/datafile/seiseki/report/2020/2020-2sapporo8.pdf,official_daily_result_pdf
202001020806,2020,札幌,2,8,6,2020-09-06,https://www.jra.go.jp/datafile/seiseki/report/2020/2020-2sapporo8.pdf,official_daily_result_pdf
202001020807,2020,札幌,2,8,7,2020-09-06,https://www.jra.go.jp/datafile/seiseki/report/2020/2020-2sapporo8.pdf,official_daily_result_pdf
202001020808,2020,札幌,2,8,8,2020-09-06,https://www.jra.go.jp/datafile/seiseki/report/2020/2020-2sapporo8.pdf,official_daily_result_pdf
202001020809,2020,札幌,2,8,9,2020-09-06,https://www.jra.go.jp/datafile/seiseki/report/2020/2020-2sapporo8.pdf,official_daily_result_pdf
202001020810,2020,札幌,2,8,10,2020-09-06,https://www.jra.go.jp/datafile/seiseki/report/2020/2020-2sapporo8.pdf,official_daily_result_pdf
202001020811,2020,札幌,2,8,11,2020-09-06,https://www.jra.go.jp/datafile/seiseki/report/2020/2020-2sapporo8.pdf,official_daily_result_pdf
202001020812,2020,札幌,2,8,12,2020-09-06,https://www.jra.go.jp/datafile/seiseki/report/2020/2020-2sapporo8.pdf,official_daily_result_pdf
202002010101,2020,函館,1,1,1,2020-06-13,https://www.jra.go.jp/datafile/seiseki/report/2020/2020-1hakodate1.pdf,official_daily_result_pdf
202002010102,2020,函館,1,1,2,2020-06-13,https://www.jra.go.jp/datafile/seiseki/report/2020/2020-1hakodate1.pdf,official_daily_result_pdf
202002010103,2020,函館,1,1,3,2020-06-13,https://www.jra.go.jp/datafile/seiseki/report/2020/2020-1hakodate1.pdf,official_daily_result_pdf
202002010104,2020,函館,1,1,4,2020-06-13,https://www.jra.go.jp/datafile/seiseki/report/2020/2020-1hakodate1.pdf,official_daily_result_pdf
202002010105,2020,函館,1,1,5,2020-06-13,https://www.jra.go.jp/datafile/seiseki/report/2020/2020-1hakodate1.pdf,official_daily_result_pdf
202002010106,2020,函館,1,1,6,2020-06-13,https://www.jra.go.jp/datafile/seiseki/report/2020/2020-1hakodate1.pdf,official_daily_result_pdf
202002010107,2020,函館,1,1,7,2020-06-13,https://www.jra.go.jp/datafile/seiseki/report/2020/2020-1hakodate1.pdf,official_daily_result_pdf
202002010108,2020,函館,1,1,8,2020-06-13,https://www.jra.go.jp/datafile/seiseki/report/2020/2020-1hakodate1.pdf,official_daily_result_pdf
202002010109,2020,函館,1,1,9,2020-06-13,https://www.jra.go.jp/datafile/seiseki/report/2020/2020-1hakodate1.pdf,official_daily_result_pdf
202002010110,2020,函館,1,1,10,2020-06-13,https://www.jra.go.jp/datafile/seiseki/report/2020/2020-1hakodate1.pdf,official_daily_result_pdf
202002010111,2020,函館,1,1,11,2020-06-13,https://www.jra.go.jp/datafile/seiseki/report/2020/2020-1hakodate1.pdf,official_daily_result_pdf
202002010112,2020,函館,1,1,12,2020-06-13,https://www.jra.go.jp/datafile/seiseki/report/2020/2020-1hakodate1.pdf,official_daily_result_pdf
202002010201,2020,函館,1,2,1,2020-06-14,https://www.jra.go.jp/datafile/seiseki/report/2020/2020-1hakodate2.pdf,official_daily_result_pdf
202002010202,2020,函館,1,2,2,2020-06-14,https://www.jra.go.jp/datafile/seiseki/report/2020/2020-1hakodate2.pdf,official_daily_result_pdf
202002010203,2020,函館,1,2,3,2020-06-14,https://www.jra.go.jp/datafile/seiseki/report/2020/2020-1hakodate2.pdf,official_daily_result_pdf
202002010204,2020,函館,1,2,4,2020-06-14,https://www.jra.go.jp/datafile/seiseki/report/2020/2020-1hakodate2.pdf,official_daily_result_pdf
202002010205,2020,函館,1,2,5,2020-06-14,https://www.jra.go.jp/datafile/seiseki/report/2020/2020-1hakodate2.pdf,official_daily_result_pdf
202002010206,2020,函館,1,2,6,2020-06-14,https://www.jra.go.jp/datafile/seiseki/report/2020/2020-1hakodate2.pdf,official_daily_result_pdf
202002010207,2020,函館,1,2,7,2020-06-14,https://www.jra.go.jp/datafile/seiseki/report/2020/2020-1hakodate2.pdf,official_daily_result_pdf
202002010208,2020,函館,1,2,8,2020-06-14,https://www.jra.go.jp/datafile/seiseki/report/2020/2020-1hakodate2.pdf,official_daily_result_pdf
202002010209,2020,函館,1,2,9,2020-06-14,https://www.jra.go.jp/datafile/seiseki/report/2020/2020-1hakodate2.pdf,official_daily_result_pdf
202002010210,2020,函館,1,2,10,2020-06-14,https://www.jra.go.jp/datafile/seiseki/report/2020/2020-1hakodate2.pdf,official_daily_result_pdf
202002010211,2020,函館,1,2,11,2020-06-14,https://www.jra.go.jp/datafile/seiseki/report/2020/2020-1hakodate2.pdf,official_daily_result_pdf
202002010212,2020,函館,1,2,12,2020-06-14,https://www.jra.go.jp/datafile/seiseki/report/2020/2020-1hakodate2.pdf,official_daily_result_pdf
202002010301,2020,函館,1,3,1,2020-06-20,https://www.jra.go.jp/datafile/seiseki/report/2020/2020-1hakodate3.pdf,official_daily_result_pdf
202002010302,2020,函館,1,3,2,2020-06-20,https://www.jra.go.jp/datafile/seiseki/report/2020/2020-1hakodate3.pdf,official_daily_result_pdf
202002010303,2020,函館,1,3,3,2020-06-20,https://www.jra.go.jp/datafile/seiseki/report/2020/2020-1hakodate3.pdf,official_daily_result_pdf
202002010304,2020,函館,1,3,4,2020-06-20,https://www.jra.go.jp/datafile/seiseki/report/2020/2020-1hakodate3.pdf,official_daily_result_pdf
202002010305,2020,函館,1,3,5,2020-06-20,https://www.jra.go.jp/datafile/seiseki/report/2020/2020-1hakodate3.pdf,official_daily_result_pdf
202002010306,2020,函館,1,3,6,2020-06-20,https://www.jra.go.jp/datafile/seiseki/report/2020/2020-1hakodate3.pdf,official_daily_result_pdf
202002010307,2020,函館,1,3,7,2020-06-20,https://www.jra.go.jp/datafile/seiseki/report/2020/2020-1hakodate3.pdf,official_daily_result_pdf
202002010308,2020,函館,1,3,8,2020-06-20,https://www.jra.go.jp/datafile/seiseki/report/2020/2020-1hakodate3.pdf,official_daily_result_pdf
202002010309,2020,函館,1,3,9,2020-06-20,https://www.jra.go.jp/datafile/seiseki/report/2020/2020-1hakodate3.pdf,official_daily_result_pdf
202002010310,2020,函館,1,3,10,2020-06-20,https://www.jra.go.jp/datafile/seiseki/report/2020/2020-1hakodate3.pdf,official_daily_result_pdf
202002010311,2020,函館,1,3,11,2020-06-20,https://www.jra.go.jp/datafile/seiseki/report/2020/2020-1hakodate3.pdf,official_daily_result_pdf
202002010312,2020,函館,1,3,12,2020-06-20,https://www.jra.go.jp/datafile/seiseki/report/2020/2020-1hakodate3.pdf,official_daily_result_pdf
202002010401,2020,函館,1,4,1,2020-06-21,https://www.jra.go.jp/datafile/seiseki/report/2020/2020-1hakodate4.pdf,official_daily_result_pdf
202002010402,2020,函館,1,4,2,2020-06-21,https://www.jra.go.jp/datafile/seiseki/report/2020/2020-1hakodate4.pdf,official_daily_result_pdf
202002010403,2020,函館,1,4,3,2020-06-21,https://www.jra.go.jp/datafile/seiseki/report/2020/2020-1hakodate4.pdf,official_daily_result_pdf
202002010404,2020,函館,1,4,4,2020-06-21,https://www.jra.go.jp/datafile/seiseki/report/2020/2020-1hakodate4.pdf,official_daily_result_pdf
202002010405,2020,函館,1,4,5,2020-06-21,https://www.jra.go.jp/datafile/seiseki/report/2020/2020-1hakodate4.pdf,official_daily_result_pdf
202002010406,2020,函館,1,4,6,2020-06-21,https://www.jra.go.jp/datafile/seiseki/report/2020/2020-1hakodate4.pdf,official_daily_result_pdf
202002010407,2020,函館,1,4,7,2020-06-21,https://www.jra.go.jp/datafile/seiseki/report/2020/2020-1hakodate4.pdf,official_daily_result_pdf
202002010408,2020,函館,1,4,8,2020-06-21,https://www.jra.go.jp/datafile/seiseki/report/2020/2020-1hakodate4.pdf,official_daily_result_pdf
202002010409,2020,函館,1,4,9,2020-06-21,https://www.jra.go.jp/datafile/seiseki/report/2020/2020-1hakodate4.pdf,official_daily_result_pdf
202002010410,2020,函館,1,4,10,2020-06-21,https://www.jra.go.jp/datafile/seiseki/report/2020/2020-1hakodate4.pdf,official_daily_result_pdf
202002010411,2020,函館,1,4,11,2020-06-21,https://www.jra.go.jp/datafile/seiseki/report/2020/2020-1hakodate4.pdf,official_daily_result_pdf
202002010412,2020,函館,1,4,12,2020-06-21,https://www.jra.go.jp/datafile/seiseki/report/2020/2020-1hakodate4.pdf,official_daily_result_pdf
202002010501,2020,函館,1,5,1,2020-06-27,https://www.jra.go.jp/datafile/seiseki/report/2020/2020-1hakodate5.pdf,official_daily_result_pdf
202002010502,2020,函館,1,5,2,2020-06-27,https://www.jra.go.jp/datafile/seiseki/report/2020/2020-1hakodate5.pdf,official_daily_result_pdf
202002010503,2020,函館,1,5,3,2020-06-27,https://www.jra.go.jp/datafile/seiseki/report/2020/2020-1hakodate5.pdf,official_daily_result_pdf
202002010504,2020,函館,1,5,4,2020-06-27,https://www.jra.go.jp/datafile/seiseki/report/2020/2020-1hakodate5.pdf,official_daily_result_pdf
202002010505,2020,函館,1,5,5,2020-06-27,https://www.jra.go.jp/datafile/seiseki/report/2020/2020-1hakodate5.pdf,official_daily_result_pdf
202002010506,2020,函館,1,5,6,2020-06-27,https://www.jra.go.jp/datafile/seiseki/report/2020/2020-1hakodate5.pdf,official_daily_result_pdf
202002010507,2020,函館,1,5,7,2020-06-27,https://www.jra.go.jp/datafile/seiseki/report/2020/2020-1hakodate5.pdf,official_daily_result_pdf
202002010508,2020,函館,1,5,8,2020-06-27,https://www.jra.go.jp/datafile/seiseki/report/2020/2020-1hakodate5.pdf,official_daily_result_pdf
202002010509,2020,函館,1,5,9,2020-06-27,https://www.jra.go.jp/datafile/seiseki/report/2020/2020-1hakodate5.pdf,official_daily_result_pdf
202002010510,2020,函館,1,5,10,2020-06-27,https://www.jra.go.jp/datafile/seiseki/report/2020/2020-1hakodate5.pdf,official_daily_result_pdf
202002010511,2020,函館,1,5,11,2020-06-27,https://www.jra.go.jp/datafile/seiseki/report/2020/2020-1hakodate5.pdf,official_daily_result_pdf
202002010512,2020,函館,1,5,12,2020-06-27,https://www.jra.go.jp/datafile/seiseki/report/2020/2020-1hakodate5.pdf,official_daily_result_pdf
202002010601,2020,函館,1,6,1,2020-06-28,https://www.jra.go.jp/datafile/seiseki/report/2020/2020-1hakodate6.pdf,official_daily_result_pdf
202002010602,2020,函館,1,6,2,2020-06-28,https://www.jra.go.jp/datafile/seiseki/report/2020/2020-1hakodate6.pdf,official_daily_result_pdf
202002010603,2020,函館,1,6,3,2020-06-28,https://www.jra.go.jp/datafile/seiseki/report/2020/2020-1hakodate6.pdf,official_daily_result_pdf
202002010604,2020,函館,1,6,4,2020-06-28,https://www.jra.go.jp/datafile/seiseki/report/2020/2020-1hakodate6.pdf,official_daily_result_pdf
202002010605,2020,函館,1,6,5,2020-06-28,https://www.jra.go.jp/datafile/seiseki/report/2020/2020-1hakodate6.pdf,official_daily_result_pdf
202002010606,2020,函館,1,6,6,2020-06-28,https://www.jra.go.jp/datafile/seiseki/report/2020/2020-1hakodate6.pdf,official_daily_result_pdf
202002010607,2020,函館,1,6,7,2020-06-28,https://www.jra.go.jp/datafile/seiseki/report/2020/2020-1hakodate6.pdf,official_daily_result_pdf
202002010608,2020,函館,1,6,8,2020-06-28,https://www.jra.go.jp/datafile/seiseki/report/2020/2020-1hakodate6.pdf,official_daily_result_pdf
202002010609,2020,函館,1,6,9,2020-06-28,https://www.jra.go.jp/datafile/seiseki/report/2020/2020-1hakodate6.pdf,official_daily_result_pdf
202002010610,2020,函館,1,6,10,2020-06-28,https://www.jra.go.jp/datafile/seiseki/report/2020/2020-1hakodate6.pdf,official_daily_result_pdf
202002010611,2020,函館,1,6,11,2020-06-28,https://www.jra.go.jp/datafile/seiseki/report/2020/2020-1hakodate6.pdf,official_daily_result_pdf
202002010612,2020,函館,1,6,12,2020-06-28,https://www.jra.go.jp/datafile/seiseki/report/2020/2020-1hakodate6.pdf,official_daily_result_pdf
202002020101,2020,函館,2,1,1,2020-07-04,https://www.jra.go.jp/datafile/seiseki/report/2020/2020-2hakodate1.pdf,official_daily_result_pdf
202002020102,2020,函館,2,1,2,2020-07-04,https://www.jra.go.jp/datafile/seiseki/report/2020/2020-2hakodate1.pdf,official_daily_result_pdf
202002020103,2020,函館,2,1,3,2020-07-04,https://www.jra.go.jp/datafile/seiseki/report/2020/2020-2hakodate1.pdf,official_daily_result_pdf
202002020104,2020,函館,2,1,4,2020-07-04,https://www.jra.go.jp/datafile/seiseki/report/2020/2020-2hakodate1.pdf,official_daily_result_pdf
202002020105,2020,函館,2,1,5,2020-07-04,https://www.jra.go.jp/datafile/seiseki/report/2020/2020-2hakodate1.pdf,official_daily_result_pdf
202002020106,2020,函館,2,1,6,2020-07-04,https://www.jra.go.jp/datafile/seiseki/report/2020/2020-2hakodate1.pdf,official_daily_result_pdf
202002020107,2020,函館,2,1,7,2020-07-04,https://www.jra.go.jp/datafile/seiseki/report/2020/2020-2hakodate1.pdf,official_daily_result_pdf
202002020108,2020,函館,2,1,8,2020-07-04,https://www.jra.go.jp/datafile/seiseki/report/2020/2020-2hakodate1.pdf,official_daily_result_pdf
202002020109,2020,函館,2,1,9,2020-07-04,https://www.jra.go.jp/datafile/seiseki/report/2020/2020-2hakodate1.pdf,official_daily_result_pdf
202002020110,2020,函館,2,1,10,2020-07-04,https://www.jra.go.jp/datafile/seiseki/report/2020/2020-2hakodate1.pdf,official_daily_result_pdf
202002020111,2020,函館,2,1,11,2020-07-04,https://www.jra.go.jp/datafile/seiseki/report/2020/2020-2hakodate1.pdf,official_daily_result_pdf
202002020112,2020,函館,2,1,12,2020-07-04,https://www.jra.go.jp/datafile/seiseki/report/2020/2020-2hakodate1.pdf,official_daily_result_pdf
202002020201,2020,函館,2,2,1,2020-07-05,https://www.jra.go.jp/datafile/seiseki/report/2020/2020-2hakodate2.pdf,official_daily_result_pdf
202002020202,2020,函館,2,2,2,2020-07-05,https://www.jra.go.jp/datafile/seiseki/report/2020/2020-2hakodate2.pdf,official_daily_result_pdf
202002020203,2020,函館,2,2,3,2020-07-05,https://www.jra.go.jp/datafile/seiseki/report/2020/2020-2hakodate2.pdf,official_daily_result_pdf
202002020204,2020,函館,2,2,4,2020-07-05,https://www.jra.go.jp/datafile/seiseki/report/2020/2020-2hakodate2.pdf,official_daily_result_pdf
202002020205,2020,函館,2,2,5,2020-07-05,https://www.jra.go.jp/datafile/seiseki/report/2020/2020-2hakodate2.pdf,official_daily_result_pdf
202002020206,2020,函館,2,2,6,2020-07-05,https://www.jra.go.jp/datafile/seiseki/report/2020/2020-2hakodate2.pdf,official_daily_result_pdf
202002020207,2020,函館,2,2,7,2020-07-05,https://www.jra.go.jp/datafile/seiseki/report/2020/2020-2hakodate2.pdf,official_daily_result_pdf
202002020208,2020,函館,2,2,8,2020-07-05,https://www.jra.go.jp/datafile/seiseki/report/2020/2020-2hakodate2.pdf,official_daily_result_pdf
202002020209,2020,函館,2,2,9,2020-07-05,https://www.jra.go.jp/datafile/seiseki/report/2020/2020-2hakodate2.pdf,official_daily_result_pdf
202002020210,2020,函館,2,2,10,2020-07-05,https://www.jra.go.jp/datafile/seiseki/report/2020/2020-2hakodate2.pdf,official_daily_result_pdf
202002020211,2020,函館,2,2,11,2020-07-05,https://www.jra.go.jp/datafile/seiseki/report/2020/2020-2hakodate2.pdf,official_daily_result_pdf
202002020212,2020,函館,2,2,12,2020-07-05,https://www.jra.go.jp/datafile/seiseki/report/2020/2020-2hakodate2.pdf,official_daily_result_pdf
202002020301,2020,函館,2,3,1,2020-07-11,https://www.jra.go.jp/datafile/seiseki/report/2020/2020-2hakodate3.pdf,official_daily_result_pdf
202002020302,2020,函館,2,3,2,2020-07-11,https://www.jra.go.jp/datafile/seiseki/report/2020/2020-2hakodate3.pdf,official_daily_result_pdf
202002020303,2020,函館,2,3,3,2020-07-11,https://www.jra.go.jp/datafile/seiseki/report/2020/2020-2hakodate3.pdf,official_daily_result_pdf
202002020304,2020,函館,2,3,4,2020-07-11,https://www.jra.go.jp/datafile/seiseki/report/2020/2020-2hakodate3.pdf,official_daily_result_pdf
202002020305,2020,函館,2,3,5,2020-07-11,https://www.jra.go.jp/datafile/seiseki/report/2020/2020-2hakodate3.pdf,official_daily_result_pdf
202002020306,2020,函館,2,3,6,2020-07-11,https://www.jra.go.jp/datafile/seiseki/report/2020/2020-2hakodate3.pdf,official_daily_result_pdf
202002020307,2020,函館,2,3,7,2020-07-11,https://www.jra.go.jp/datafile/seiseki/report/2020/2020-2hakodate3.pdf,official_daily_result_pdf
202002020308,2020,函館,2,3,8,2020-07-11,https://www.jra.go.jp/datafile/seiseki/report/2020/2020-2hakodate3.pdf,official_daily_result_pdf
202002020309,2020,函館,2,3,9,2020-07-11,https://www.jra.go.jp/datafile/seiseki/report/2020/2020-2hakodate3.pdf,official_daily_result_pdf
202002020310,2020,函館,2,3,10,2020-07-11,https://www.jra.go.jp/datafile/seiseki/report/2020/2020-2hakodate3.pdf,official_daily_result_pdf
202002020311,2020,函館,2,3,11,2020-07-11,https://www.jra.go.jp/datafile/seiseki/report/2020/2020-2hakodate3.pdf,official_daily_result_pdf
202002020312,2020,函館,2,3,12,2020-07-11,https://www.jra.go.jp/datafile/seiseki/report/2020/2020-2hakodate3.pdf,official_daily_result_pdf
202002020401,2020,函館,2,4,1,2020-07-12,https://www.jra.go.jp/datafile/seiseki/report/2020/2020-2hakodate4.pdf,official_daily_result_pdf
202002020402,2020,函館,2,4,2,2020-07-12,https://www.jra.go.jp/datafile/seiseki/report/2020/2020-2hakodate4.pdf,official_daily_result_pdf
202002020403,2020,函館,2,4,3,2020-07-12,https://www.jra.go.jp/datafile/seiseki/report/2020/2020-2hakodate4.pdf,official_daily_result_pdf
202002020404,2020,函館,2,4,4,2020-07-12,https://www.jra.go.jp/datafile/seiseki/report/2020/2020-2hakodate4.pdf,official_daily_result_pdf
202002020405,2020,函館,2,4,5,2020-07-12,https://www.jra.go.jp/datafile/seiseki/report/2020/2020-2hakodate4.pdf,official_daily_result_pdf
202002020406,2020,函館,2,4,6,2020-07-12,https://www.jra.go.jp/datafile/seiseki/report/2020/2020-2hakodate4.pdf,official_daily_result_pdf
202002020407,2020,函館,2,4,7,2020-07-12,https://www.jra.go.jp/datafile/seiseki/report/2020/2020-2hakodate4.pdf,official_daily_result_pdf
202002020408,2020,函館,2,4,8,2020-07-12,https://www.jra.go.jp/datafile/seiseki/report/2020/2020-2hakodate4.pdf,official_daily_result_pdf
202002020409,2020,函館,2,4,9,2020-07-12,https://www.jra.go.jp/datafile/seiseki/report/2020/2020-2hakodate4.pdf,official_daily_result_pdf
202002020410,2020,函館,2,4,10,2020-07-12,https://www.jra.go.jp/datafile/seiseki/report/2020/2020-2hakodate4.pdf,official_daily_result_pdf
202002020411,2020,函館,2,4,11,2020-07-12,https://www.jra.go.jp/datafile/seiseki/report/2020/2020-2hakodate4.pdf,official_daily_result_pdf
202002020412,2020,函館,2,4,12,2020-07-12,https://www.jra.go.jp/datafile/seiseki/report/2020/2020-2hakodate4.pdf,official_daily_result_pdf
202002020501,2020,函館,2,5,1,2020-07-18,https://www.jra.go.jp/datafile/seiseki/report/2020/2020-2hakodate5.pdf,official_daily_result_pdf
202002020502,2020,函館,2,5,2,2020-07-18,https://www.jra.go.jp/datafile/seiseki/report/2020/2020-2hakodate5.pdf,official_daily_result_pdf
202002020503,2020,函館,2,5,3,2020-07-18,https://www.jra.go.jp/datafile/seiseki/report/2020/2020-2hakodate5.pdf,official_daily_result_pdf
202002020504,2020,函館,2,5,4,2020-07-18,https://www.jra.go.jp/datafile/seiseki/report/2020/2020-2hakodate5.pdf,official_daily_result_pdf
202002020505,2020,函館,2,5,5,2020-07-18,https://www.jra.go.jp/datafile/seiseki/report/2020/2020-2hakodate5.pdf,official_daily_result_pdf
202002020506,2020,函館,2,5,6,2020-07-18,https://www.jra.go.jp/datafile/seiseki/report/2020/2020-2hakodate5.pdf,official_daily_result_pdf
202002020507,2020,函館,2,5,7,2020-07-18,https://www.jra.go.jp/datafile/seiseki/report/2020/2020-2hakodate5.pdf,official_daily_result_pdf
202002020508,2020,函館,2,5,8,2020-07-18,https://www.jra.go.jp/datafile/seiseki/report/2020/2020-2hakodate5.pdf,official_daily_result_pdf
202002020509,2020,函館,2,5,9,2020-07-18,https://www.jra.go.jp/datafile/seiseki/report/2020/2020-2hakodate5.pdf,official_daily_result_pdf
202002020510,2020,函館,2,5,10,2020-07-18,https://www.jra.go.jp/datafile/seiseki/report/2020/2020-2hakodate5.pdf,official_daily_result_pdf
202002020511,2020,函館,2,5,11,2020-07-18,https://www.jra.go.jp/datafile/seiseki/report/2020/2020-2hakodate5.pdf,official_daily_result_pdf
202002020512,2020,函館,2,5,12,2020-07-18,https://www.jra.go.jp/datafile/seiseki/report/2020/2020-2hakodate5.pdf,official_daily_result_pdf
202002020601,2020,函館,2,6,1,2020-07-19,https://www.jra.go.jp/datafile/seiseki/report/2020/2020-2hakodate6.pdf,official_daily_result_pdf
202002020602,2020,函館,2,6,2,2020-07-19,https://www.jra.go.jp/datafile/seiseki/report/2020/2020-2hakodate6.pdf,official_daily_result_pdf
202002020603,2020,函館,2,6,3,2020-07-19,https://www.jra.go.jp/datafile/seiseki/report/2020/2020-2hakodate6.pdf,official_daily_result_pdf
202002020604,2020,函館,2,6,4,2020-07-19,https://www.jra.go.jp/datafile/seiseki/report/2020/2020-2hakodate6.pdf,official_daily_result_pdf
202002020605,2020,函館,2,6,5,2020-07-19,https://www.jra.go.jp/datafile/seiseki/report/2020/2020-2hakodate6.pdf,official_daily_result_pdf
202002020606,2020,函館,2,6,6,2020-07-19,https://www.jra.go.jp/datafile/seiseki/report/2020/2020-2hakodate6.pdf,official_daily_result_pdf
202002020607,2020,函館,2,6,7,2020-07-19,https://www.jra.go.jp/datafile/seiseki/report/2020/2020-2hakodate6.pdf,official_daily_result_pdf
202002020608,2020,函館,2,6,8,2020-07-19,https://www.jra.go.jp/datafile/seiseki/report/2020/2020-2hakodate6.pdf,official_daily_result_pdf
202002020609,2020,函館,2,6,9,2020-07-19,https://www.jra.go.jp/datafile/seiseki/report/2020/2020-2hakodate6.pdf,official_daily_result_pdf
202002020610,2020,函館,2,6,10,2020-07-19,https://www.jra.go.jp/datafile/seiseki/report/2020/2020-2hakodate6.pdf,official_daily_result_pdf
202002020611,2020,函館,2,6,11,2020-07-19,https://www.jra.go.jp/datafile/seiseki/report/2020/2020-2hakodate6.pdf,official_daily_result_pdf
202002020612,2020,函館,2,6,12,2020-07-19,https://www.jra.go.jp/datafile/seiseki/report/2020/2020-2hakodate6.pdf,official_daily_result_pdf
202003010101,2020,福島,1,1,1,2020-04-11,https://www.jra.go.jp/datafile/seiseki/report/2020/2020-1fukushima1.pdf,official_daily_result_pdf
202003010102,2020,福島,1,1,2,2020-04-11,https://www.jra.go.jp/datafile/seiseki/report/2020/2020-1fukushima1.pdf,official_daily_result_pdf
202003010103,2020,福島,1,1,3,2020-04-11,https://www.jra.go.jp/datafile/seiseki/report/2020/2020-1fukushima1.pdf,official_daily_result_pdf
202003010104,2020,福島,1,1,4,2020-04-11,https://www.jra.go.jp/datafile/seiseki/report/2020/2020-1fukushima1.pdf,official_daily_result_pdf
202003010105,2020,福島,1,1,5,2020-04-11,https://www.jra.go.jp/datafile/seiseki/report/2020/2020-1fukushima1.pdf,official_daily_result_pdf
202003010106,2020,福島,1,1,6,2020-04-11,https://www.jra.go.jp/datafile/seiseki/report/2020/2020-1fukushima1.pdf,official_daily_result_pdf
202003010107,2020,福島,1,1,7,2020-04-11,https://www.jra.go.jp/datafile/seiseki/report/2020/2020-1fukushima1.pdf,official_daily_result_pdf
202003010108,2020,福島,1,1,8,2020-04-11,https://www.jra.go.jp/datafile/seiseki/report/2020/2020-1fukushima1.pdf,official_daily_result_pdf
202003010109,2020,福島,1,1,9,2020-04-11,https://www.jra.go.jp/datafile/seiseki/report/2020/2020-1fukushima1.pdf,official_daily_result_pdf
202003010110,2020,福島,1,1,10,2020-04-11,https://www.jra.go.jp/datafile/seiseki/report/2020/2020-1fukushima1.pdf,official_daily_result_pdf
202003010111,2020,福島,1,1,11,2020-04-11,https://www.jra.go.jp/datafile/seiseki/report/2020/2020-1fukushima1.pdf,official_daily_result_pdf
202003010112,2020,福島,1,1,12,2020-04-11,https://www.jra.go.jp/datafile/seiseki/report/2020/2020-1fukushima1.pdf,official_daily_result_pdf
202003010201,2020,福島,1,2,1,2020-04-12,https://www.jra.go.jp/datafile/seiseki/report/2020/2020-1fukushima2.pdf,official_daily_result_pdf
202003010202,2020,福島,1,2,2,2020-04-12,https://www.jra.go.jp/datafile/seiseki/report/2020/2020-1fukushima2.pdf,official_daily_result_pdf
202003010203,2020,福島,1,2,3,2020-04-12,https://www.jra.go.jp/datafile/seiseki/report/2020/2020-1fukushima2.pdf,official_daily_result_pdf
202003010204,2020,福島,1,2,4,2020-04-12,https://www.jra.go.jp/datafile/seiseki/report/2020/2020-1fukushima2.pdf,official_daily_result_pdf
202003010205,2020,福島,1,2,5,2020-04-12,https://www.jra.go.jp/datafile/seiseki/report/2020/2020-1fukushima2.pdf,official_daily_result_pdf
202003010206,2020,福島,1,2,6,2020-04-12,https://www.jra.go.jp/datafile/seiseki/report/2020/2020-1fukushima2.pdf,official_daily_result_pdf
202003010207,2020,福島,1,2,7,2020-04-12,https://www.jra.go.jp/datafile/seiseki/report/2020/2020-1fukushima2.pdf,official_daily_result_pdf
202003010208,2020,福島,1,2,8,2020-04-12,https://www.jra.go.jp/datafile/seiseki/report/2020/2020-1fukushima2.pdf,official_daily_result_pdf
202003010209,2020,福島,1,2,9,2020-04-12,https://www.jra.go.jp/datafile/seiseki/report/2020/2020-1fukushima2.pdf,official_daily_result_pdf
202003010210,2020,福島,1,2,10,2020-04-12,https://www.jra.go.jp/datafile/seiseki/report/2020/2020-1fukushima2.pdf,official_daily_result_pdf
202003010211,2020,福島,1,2,11,2020-04-12,https://www.jra.go.jp/datafile/seiseki/report/2020/2020-1fukushima2.pdf,official_daily_result_pdf
202003010212,2020,福島,1,2,12,2020-04-12,https://www.jra.go.jp/datafile/seiseki/report/2020/2020-1fukushima2.pdf,official_daily_result_pdf
202003010301,2020,福島,1,3,1,2020-04-18,https://www.jra.go.jp/datafile/seiseki/report/2020/2020-1fukushima3.pdf,official_daily_result_pdf
202003010302,2020,福島,1,3,2,2020-04-18,https://www.jra.go.jp/datafile/seiseki/report/2020/2020-1fukushima3.pdf,official_daily_result_pdf
202003010303,2020,福島,1,3,3,2020-04-18,https://www.jra.go.jp/datafile/seiseki/report/2020/2020-1fukushima3.pdf,official_daily_result_pdf
202003010304,2020,福島,1,3,4,2020-04-18,https://www.jra.go.jp/datafile/seiseki/report/2020/2020-1fukushima3.pdf,official_daily_result_pdf
202003010305,2020,福島,1,3,5,2020-04-18,https://www.jra.go.jp/datafile/seiseki/report/2020/2020-1fukushima3.pdf,official_daily_result_pdf
202003010306,2020,福島,1,3,6,2020-04-18,https://www.jra.go.jp/datafile/seiseki/report/2020/2020-1fukushima3.pdf,official_daily_result_pdf
202003010307,2020,福島,1,3,7,2020-04-18,https://www.jra.go.jp/datafile/seiseki/report/2020/2020-1fukushima3.pdf,official_daily_result_pdf
202003010308,2020,福島,1,3,8,2020-04-18,https://www.jra.go.jp/datafile/seiseki/report/2020/2020-1fukushima3.pdf,official_daily_result_pdf
202003010309,2020,福島,1,3,9,2020-04-18,https://www.jra.go.jp/datafile/seiseki/report/2020/2020-1fukushima3.pdf,official_daily_result_pdf
202003010310,2020,福島,1,3,10,2020-04-18,https://www.jra.go.jp/datafile/seiseki/report/2020/2020-1fukushima3.pdf,official_daily_result_pdf
202003010311,2020,福島,1,3,11,2020-04-18,https://www.jra.go.jp/datafile/seiseki/report/2020/2020-1fukushima3.pdf,official_daily_result_pdf
202003010312,2020,福島,1,3,12,2020-04-18,https://www.jra.go.jp/datafile/seiseki/report/2020/2020-1fukushima3.pdf,official_daily_result_pdf
202003010401,2020,福島,1,4,1,2020-04-19,https://www.jra.go.jp/datafile/seiseki/report/2020/2020-1fukushima4.pdf,official_daily_result_pdf
202003010402,2020,福島,1,4,2,2020-04-19,https://www.jra.go.jp/datafile/seiseki/report/2020/2020-1fukushima4.pdf,official_daily_result_pdf
202003010403,2020,福島,1,4,3,2020-04-19,https://www.jra.go.jp/datafile/seiseki/report/2020/2020-1fukushima4.pdf,official_daily_result_pdf
202003010404,2020,福島,1,4,4,2020-04-19,https://www.jra.go.jp/datafile/seiseki/report/2020/2020-1fukushima4.pdf,official_daily_result_pdf
202003010405,2020,福島,1,4,5,2020-04-19,https://www.jra.go.jp/datafile/seiseki/report/2020/2020-1fukushima4.pdf,official_daily_result_pdf
202003010406,2020,福島,1,4,6,2020-04-19,https://www.jra.go.jp/datafile/seiseki/report/2020/2020-1fukushima4.pdf,official_daily_result_pdf
202003010407,2020,福島,1,4,7,2020-04-19,https://www.jra.go.jp/datafile/seiseki/report/2020/2020-1fukushima4.pdf,official_daily_result_pdf
202003010408,2020,福島,1,4,8,2020-04-19,https://www.jra.go.jp/datafile/seiseki/report/2020/2020-1fukushima4.pdf,official_daily_result_pdf
202003010409,2020,福島,1,4,9,2020-04-19,https://www.jra.go.jp/datafile/seiseki/report/2020/2020-1fukushima4.pdf,official_daily_result_pdf
202003010410,2020,福島,1,4,10,2020-04-19,https://www.jra.go.jp/datafile/seiseki/report/2020/2020-1fukushima4.pdf,official_daily_result_pdf
202003010411,2020,福島,1,4,11,2020-04-19,https://www.jra.go.jp/datafile/seiseki/report/2020/2020-1fukushima4.pdf,official_daily_result_pdf
202003010412,2020,福島,1,4,12,2020-04-19,https://www.jra.go.jp/datafile/seiseki/report/2020/2020-1fukushima4.pdf,official_daily_result_pdf
202003010501,2020,福島,1,5,1,2020-04-25,https://www.jra.go.jp/datafile/seiseki/report/2020/2020-1fukushima5.pdf,official_daily_result_pdf
202003010502,2020,福島,1,5,2,2020-04-25,https://www.jra.go.jp/datafile/seiseki/report/2020/2020-1fukushima5.pdf,official_daily_result_pdf
202003010503,2020,福島,1,5,3,2020-04-25,https://www.jra.go.jp/datafile/seiseki/report/2020/2020-1fukushima5.pdf,official_daily_result_pdf
202003010504,2020,福島,1,5,4,2020-04-25,https://www.jra.go.jp/datafile/seiseki/report/2020/2020-1fukushima5.pdf,official_daily_result_pdf
202003010505,2020,福島,1,5,5,2020-04-25,https://www.jra.go.jp/datafile/seiseki/report/2020/2020-1fukushima5.pdf,official_daily_result_pdf
202003010506,2020,福島,1,5,6,2020-04-25,https://www.jra.go.jp/datafile/seiseki/report/2020/2020-1fukushima5.pdf,official_daily_result_pdf
202003010507,2020,福島,1,5,7,2020-04-25,https://www.jra.go.jp/datafile/seiseki/report/2020/2020-1fukushima5.pdf,official_daily_result_pdf
202003010508,2020,福島,1,5,8,2020-04-25,https://www.jra.go.jp/datafile/seiseki/report/2020/2020-1fukushima5.pdf,official_daily_result_pdf
202003010509,2020,福島,1,5,9,2020-04-25,https://www.jra.go.jp/datafile/seiseki/report/2020/2020-1fukushima5.pdf,official_daily_result_pdf
202003010510,2020,福島,1,5,10,2020-04-25,https://www.jra.go.jp/datafile/seiseki/report/2020/2020-1fukushima5.pdf,official_daily_result_pdf
202003010511,2020,福島,1,5,11,2020-04-25,https://www.jra.go.jp/datafile/seiseki/report/2020/2020-1fukushima5.pdf,official_daily_result_pdf
202003010512,2020,福島,1,5,12,2020-04-25,https://www.jra.go.jp/datafile/seiseki/report/2020/2020-1fukushima5.pdf,official_daily_result_pdf
202003010601,2020,福島,1,6,1,2020-04-26,https://www.jra.go.jp/datafile/seiseki/report/2020/2020-1fukushima6.pdf,official_daily_result_pdf
202003010602,2020,福島,1,6,2,2020-04-26,https://www.jra.go.jp/datafile/seiseki/report/2020/2020-1fukushima6.pdf,official_daily_result_pdf
202003010603,2020,福島,1,6,3,2020-04-26,https://www.jra.go.jp/datafile/seiseki/report/2020/2020-1fukushima6.pdf,official_daily_result_pdf
202003010604,2020,福島,1,6,4,2020-04-26,https://www.jra.go.jp/datafile/seiseki/report/2020/2020-1fukushima6.pdf,official_daily_result_pdf
202003010605,2020,福島,1,6,5,2020-04-26,https://www.jra.go.jp/datafile/seiseki/report/2020/2020-1fukushima6.pdf,official_daily_result_pdf
202003010606,2020,福島,1,6,6,2020-04-26,https://www.jra.go.jp/datafile/seiseki/report/2020/2020-1fukushima6.pdf,official_daily_result_pdf
202003010607,2020,福島,1,6,7,2020-04-26,https://www.jra.go.jp/datafile/seiseki/report/2020/2020-1fukushima6.pdf,official_daily_result_pdf
202003010608,2020,福島,1,6,8,2020-04-26,https://www.jra.go.jp/datafile/seiseki/report/2020/2020-1fukushima6.pdf,official_daily_result_pdf
202003010609,2020,福島,1,6,9,2020-04-26,https://www.jra.go.jp/datafile/seiseki/report/2020/2020-1fukushima6.pdf,official_daily_result_pdf
202003010610,2020,福島,1,6,10,2020-04-26,https://www.jra.go.jp/datafile/seiseki/report/2020/2020-1fukushima6.pdf,official_daily_result_pdf
202003010611,2020,福島,1,6,11,2020-04-26,https://www.jra.go.jp/datafile/seiseki/report/2020/2020-1fukushima6.pdf,official_daily_result_pdf
202003010612,2020,福島,1,6,12,2020-04-26,https://www.jra.go.jp/datafile/seiseki/report/2020/2020-1fukushima6.pdf,official_daily_result_pdf
202003010701,2020,福島,1,7,1,2020-05-02,https://www.jra.go.jp/datafile/seiseki/report/2020/2020-1fukushima7.pdf,official_daily_result_pdf
202003010702,2020,福島,1,7,2,2020-05-02,https://www.jra.go.jp/datafile/seiseki/report/2020/2020-1fukushima7.pdf,official_daily_result_pdf
202003010703,2020,福島,1,7,3,2020-05-02,https://www.jra.go.jp/datafile/seiseki/report/2020/2020-1fukushima7.pdf,official_daily_result_pdf
202003010704,2020,福島,1,7,4,2020-05-02,https://www.jra.go.jp/datafile/seiseki/report/2020/2020-1fukushima7.pdf,official_daily_result_pdf
202003010705,2020,福島,1,7,5,2020-05-02,https://www.jra.go.jp/datafile/seiseki/report/2020/2020-1fukushima7.pdf,official_daily_result_pdf
202003010706,2020,福島,1,7,6,2020-05-02,https://www.jra.go.jp/datafile/seiseki/report/2020/2020-1fukushima7.pdf,official_daily_result_pdf
202003010707,2020,福島,1,7,7,2020-05-02,https://www.jra.go.jp/datafile/seiseki/report/2020/2020-1fukushima7.pdf,official_daily_result_pdf
202003010708,2020,福島,1,7,8,2020-05-02,https://www.jra.go.jp/datafile/seiseki/report/2020/2020-1fukushima7.pdf,official_daily_result_pdf
202003010709,2020,福島,1,7,9,2020-05-02,https://www.jra.go.jp/datafile/seiseki/report/2020/2020-1fukushima7.pdf,official_daily_result_pdf
202003010710,2020,福島,1,7,10,2020-05-02,https://www.jra.go.jp/datafile/seiseki/report/2020/2020-1fukushima7.pdf,official_daily_result_pdf
202003010711,2020,福島,1,7,11,2020-05-02,https://www.jra.go.jp/datafile/seiseki/report/2020/2020-1fukushima7.pdf,official_daily_result_pdf
202003010712,2020,福島,1,7,12,2020-05-02,https://www.jra.go.jp/datafile/seiseki/report/2020/2020-1fukushima7.pdf,official_daily_result_pdf
202003010801,2020,福島,1,8,1,2020-05-03,https://www.jra.go.jp/datafile/seiseki/report/2020/2020-1fukushima8.pdf,official_daily_result_pdf
202003010802,2020,福島,1,8,2,2020-05-03,https://www.jra.go.jp/datafile/seiseki/report/2020/2020-1fukushima8.pdf,official_daily_result_pdf
202003010803,2020,福島,1,8,3,2020-05-03,https://www.jra.go.jp/datafile/seiseki/report/2020/2020-1fukushima8.pdf,official_daily_result_pdf
202003010804,2020,福島,1,8,4,2020-05-03,https://www.jra.go.jp/datafile/seiseki/report/2020/2020-1fukushima8.pdf,official_daily_result_pdf
202003010805,2020,福島,1,8,5,2020-05-03,https://www.jra.go.jp/datafile/seiseki/report/2020/2020-1fukushima8.pdf,official_daily_result_pdf
202003010806,2020,福島,1,8,6,2020-05-03,https://www.jra.go.jp/datafile/seiseki/report/2020/2020-1fukushima8.pdf,official_daily_result_pdf
202003010807,2020,福島,1,8,7,2020-05-03,https://www.jra.go.jp/datafile/seiseki/report/2020/2020-1fukushima8.pdf,official_daily_result_pdf
202003010808,2020,福島,1,8,8,2020-05-03,https://www.jra.go.jp/datafile/seiseki/report/2020/2020-1fukushima8.pdf,official_daily_result_pdf
202003010809,2020,福島,1,8,9,2020-05-03,https://www.jra.go.jp/datafile/seiseki/report/2020/2020-1fukushima8.pdf,official_daily_result_pdf
202003010810,2020,福島,1,8,10,2020-05-03,https://www.jra.go.jp/datafile/seiseki/report/2020/2020-1fukushima8.pdf,official_daily_result_pdf
202003010811,2020,福島,1,8,11,2020-05-03,https://www.jra.go.jp/datafile/seiseki/report/2020/2020-1fukushima8.pdf,official_daily_result_pdf
202003010812,2020,福島,1,8,12,2020-05-03,https://www.jra.go.jp/datafile/seiseki/report/2020/2020-1fukushima8.pdf,official_daily_result_pdf
202003020101,2020,福島,2,1,1,2020-07-04,https://www.jra.go.jp/datafile/seiseki/report/2020/2020-2fukushima1.pdf,official_daily_result_pdf
202003020102,2020,福島,2,1,2,2020-07-04,https://www.jra.go.jp/datafile/seiseki/report/2020/2020-2fukushima1.pdf,official_daily_result_pdf
202003020103,2020,福島,2,1,3,2020-07-04,https://www.jra.go.jp/datafile/seiseki/report/2020/2020-2fukushima1.pdf,official_daily_result_pdf
202003020104,2020,福島,2,1,4,2020-07-04,https://www.jra.go.jp/datafile/seiseki/report/2020/2020-2fukushima1.pdf,official_daily_result_pdf
202003020105,2020,福島,2,1,5,2020-07-04,https://www.jra.go.jp/datafile/seiseki/report/2020/2020-2fukushima1.pdf,official_daily_result_pdf
202003020106,2020,福島,2,1,6,2020-07-04,https://www.jra.go.jp/datafile/seiseki/report/2020/2020-2fukushima1.pdf,official_daily_result_pdf
202003020107,2020,福島,2,1,7,2020-07-04,https://www.jra.go.jp/datafile/seiseki/report/2020/2020-2fukushima1.pdf,official_daily_result_pdf
202003020108,2020,福島,2,1,8,2020-07-04,https://www.jra.go.jp/datafile/seiseki/report/2020/2020-2fukushima1.pdf,official_daily_result_pdf
202003020109,2020,福島,2,1,9,2020-07-04,https://www.jra.go.jp/datafile/seiseki/report/2020/2020-2fukushima1.pdf,official_daily_result_pdf
202003020110,2020,福島,2,1,10,2020-07-04,https://www.jra.go.jp/datafile/seiseki/report/2020/2020-2fukushima1.pdf,official_daily_result_pdf
202003020111,2020,福島,2,1,11,2020-07-04,https://www.jra.go.jp/datafile/seiseki/report/2020/2020-2fukushima1.pdf,official_daily_result_pdf
202003020112,2020,福島,2,1,12,2020-07-04,https://www.jra.go.jp/datafile/seiseki/report/2020/2020-2fukushima1.pdf,official_daily_result_pdf
202003020201,2020,福島,2,2,1,2020-07-05,https://www.jra.go.jp/datafile/seiseki/report/2020/2020-2fukushima2.pdf,official_daily_result_pdf
202003020202,2020,福島,2,2,2,2020-07-05,https://www.jra.go.jp/datafile/seiseki/report/2020/2020-2fukushima2.pdf,official_daily_result_pdf
202003020203,2020,福島,2,2,3,2020-07-05,https://www.jra.go.jp/datafile/seiseki/report/2020/2020-2fukushima2.pdf,official_daily_result_pdf
202003020204,2020,福島,2,2,4,2020-07-05,https://www.jra.go.jp/datafile/seiseki/report/2020/2020-2fukushima2.pdf,official_daily_result_pdf
202003020205,2020,福島,2,2,5,2020-07-05,https://www.jra.go.jp/datafile/seiseki/report/2020/2020-2fukushima2.pdf,official_daily_result_pdf
202003020206,2020,福島,2,2,6,2020-07-05,https://www.jra.go.jp/datafile/seiseki/report/2020/2020-2fukushima2.pdf,official_daily_result_pdf
202003020207,2020,福島,2,2,7,2020-07-05,https://www.jra.go.jp/datafile/seiseki/report/2020/2020-2fukushima2.pdf,official_daily_result_pdf
202003020208,2020,福島,2,2,8,2020-07-05,https://www.jra.go.jp/datafile/seiseki/report/2020/2020-2fukushima2.pdf,official_daily_result_pdf
202003020209,2020,福島,2,2,9,2020-07-05,https://www.jra.go.jp/datafile/seiseki/report/2020/2020-2fukushima2.pdf,official_daily_result_pdf
202003020210,2020,福島,2,2,10,2020-07-05,https://www.jra.go.jp/datafile/seiseki/report/2020/2020-2fukushima2.pdf,official_daily_result_pdf
202003020211,2020,福島,2,2,11,2020-07-05,https://www.jra.go.jp/datafile/seiseki/report/2020/2020-2fukushima2.pdf,official_daily_result_pdf
202003020212,2020,福島,2,2,12,2020-07-05,https://www.jra.go.jp/datafile/seiseki/report/2020/2020-2fukushima2.pdf,official_daily_result_pdf
202003020301,2020,福島,2,3,1,2020-07-11,https://www.jra.go.jp/datafile/seiseki/report/2020/2020-2fukushima3.pdf,official_daily_result_pdf
202003020302,2020,福島,2,3,2,2020-07-11,https://www.jra.go.jp/datafile/seiseki/report/2020/2020-2fukushima3.pdf,official_daily_result_pdf
202003020303,2020,福島,2,3,3,2020-07-11,https://www.jra.go.jp/datafile/seiseki/report/2020/2020-2fukushima3.pdf,official_daily_result_pdf
202003020304,2020,福島,2,3,4,2020-07-11,https://www.jra.go.jp/datafile/seiseki/report/2020/2020-2fukushima3.pdf,official_daily_result_pdf
202003020305,2020,福島,2,3,5,2020-07-11,https://www.jra.go.jp/datafile/seiseki/report/2020/2020-2fukushima3.pdf,official_daily_result_pdf
202003020306,2020,福島,2,3,6,2020-07-11,https://www.jra.go.jp/datafile/seiseki/report/2020/2020-2fukushima3.pdf,official_daily_result_pdf
202003020307,2020,福島,2,3,7,2020-07-11,https://www.jra.go.jp/datafile/seiseki/report/2020/2020-2fukushima3.pdf,official_daily_result_pdf
202003020308,2020,福島,2,3,8,2020-07-11,https://www.jra.go.jp/datafile/seiseki/report/2020/2020-2fukushima3.pdf,official_daily_result_pdf
202003020309,2020,福島,2,3,9,2020-07-11,https://www.jra.go.jp/datafile/seiseki/report/2020/2020-2fukushima3.pdf,official_daily_result_pdf
202003020310,2020,福島,2,3,10,2020-07-11,https://www.jra.go.jp/datafile/seiseki/report/2020/2020-2fukushima3.pdf,official_daily_result_pdf
202003020311,2020,福島,2,3,11,2020-07-11,https://www.jra.go.jp/datafile/seiseki/report/2020/2020-2fukushima3.pdf,official_daily_result_pdf
202003020312,2020,福島,2,3,12,2020-07-11,https://www.jra.go.jp/datafile/seiseki/report/2020/2020-2fukushima3.pdf,official_daily_result_pdf
202003020401,2020,福島,2,4,1,2020-07-12,https://www.jra.go.jp/datafile/seiseki/report/2020/2020-2fukushima4.pdf,official_daily_result_pdf
202003020402,2020,福島,2,4,2,2020-07-12,https://www.jra.go.jp/datafile/seiseki/report/2020/2020-2fukushima4.pdf,official_daily_result_pdf
202003020403,2020,福島,2,4,3,2020-07-12,https://www.jra.go.jp/datafile/seiseki/report/2020/2020-2fukushima4.pdf,official_daily_result_pdf
202003020404,2020,福島,2,4,4,2020-07-12,https://www.jra.go.jp/datafile/seiseki/report/2020/2020-2fukushima4.pdf,official_daily_result_pdf
202003020405,2020,福島,2,4,5,2020-07-12,https://www.jra.go.jp/datafile/seiseki/report/2020/2020-2fukushima4.pdf,official_daily_result_pdf
202003020406,2020,福島,2,4,6,2020-07-12,https://www.jra.go.jp/datafile/seiseki/report/2020/2020-2fukushima4.pdf,official_daily_result_pdf
202003020407,2020,福島,2,4,7,2020-07-12,https://www.jra.go.jp/datafile/seiseki/report/2020/2020-2fukushima4.pdf,official_daily_result_pdf
202003020408,2020,福島,2,4,8,2020-07-12,https://www.jra.go.jp/datafile/seiseki/report/2020/2020-2fukushima4.pdf,official_daily_result_pdf
202003020409,2020,福島,2,4,9,2020-07-12,https://www.jra.go.jp/datafile/seiseki/report/2020/2020-2fukushima4.pdf,official_daily_result_pdf
202003020410,2020,福島,2,4,10,2020-07-12,https://www.jra.go.jp/datafile/seiseki/report/2020/2020-2fukushima4.pdf,official_daily_result_pdf
202003020411,2020,福島,2,4,11,2020-07-12,https://www.jra.go.jp/datafile/seiseki/report/2020/2020-2fukushima4.pdf,official_daily_result_pdf
202003020412,2020,福島,2,4,12,2020-07-12,https://www.jra.go.jp/datafile/seiseki/report/2020/2020-2fukushima4.pdf,official_daily_result_pdf
202003020501,2020,福島,2,5,1,2020-07-18,https://www.jra.go.jp/datafile/seiseki/report/2020/2020-2fukushima5.pdf,official_daily_result_pdf
202003020502,2020,福島,2,5,2,2020-07-18,https://www.jra.go.jp/datafile/seiseki/report/2020/2020-2fukushima5.pdf,official_daily_result_pdf
202003020503,2020,福島,2,5,3,2020-07-18,https://www.jra.go.jp/datafile/seiseki/report/2020/2020-2fukushima5.pdf,official_daily_result_pdf
202003020504,2020,福島,2,5,4,2020-07-18,https://www.jra.go.jp/datafile/seiseki/report/2020/2020-2fukushima5.pdf,official_daily_result_pdf
202003020505,2020,福島,2,5,5,2020-07-18,https://www.jra.go.jp/datafile/seiseki/report/2020/2020-2fukushima5.pdf,official_daily_result_pdf
202003020506,2020,福島,2,5,6,2020-07-18,https://www.jra.go.jp/datafile/seiseki/report/2020/2020-2fukushima5.pdf,official_daily_result_pdf
202003020507,2020,福島,2,5,7,2020-07-18,https://www.jra.go.jp/datafile/seiseki/report/2020/2020-2fukushima5.pdf,official_daily_result_pdf
202003020508,2020,福島,2,5,8,2020-07-18,https://www.jra.go.jp/datafile/seiseki/report/2020/2020-2fukushima5.pdf,official_daily_result_pdf
202003020509,2020,福島,2,5,9,2020-07-18,https://www.jra.go.jp/datafile/seiseki/report/2020/2020-2fukushima5.pdf,official_daily_result_pdf
202003020510,2020,福島,2,5,10,2020-07-18,https://www.jra.go.jp/datafile/seiseki/report/2020/2020-2fukushima5.pdf,official_daily_result_pdf
202003020511,2020,福島,2,5,11,2020-07-18,https://www.jra.go.jp/datafile/seiseki/report/2020/2020-2fukushima5.pdf,official_daily_result_pdf
202003020512,2020,福島,2,5,12,2020-07-18,https://www.jra.go.jp/datafile/seiseki/report/2020/2020-2fukushima5.pdf,official_daily_result_pdf
202003020601,2020,福島,2,6,1,2020-07-19,https://www.jra.go.jp/datafile/seiseki/report/2020/2020-2fukushima6.pdf,official_daily_result_pdf
202003020602,2020,福島,2,6,2,2020-07-19,https://www.jra.go.jp/datafile/seiseki/report/2020/2020-2fukushima6.pdf,official_daily_result_pdf
202003020603,2020,福島,2,6,3,2020-07-19,https://www.jra.go.jp/datafile/seiseki/report/2020/2020-2fukushima6.pdf,official_daily_result_pdf
202003020604,2020,福島,2,6,4,2020-07-19,https://www.jra.go.jp/datafile/seiseki/report/2020/2020-2fukushima6.pdf,official_daily_result_pdf
202003020605,2020,福島,2,6,5,2020-07-19,https://www.jra.go.jp/datafile/seiseki/report/2020/2020-2fukushima6.pdf,official_daily_result_pdf
202003020606,2020,福島,2,6,6,2020-07-19,https://www.jra.go.jp/datafile/seiseki/report/2020/2020-2fukushima6.pdf,official_daily_result_pdf
202003020607,2020,福島,2,6,7,2020-07-19,https://www.jra.go.jp/datafile/seiseki/report/2020/2020-2fukushima6.pdf,official_daily_result_pdf
202003020608,2020,福島,2,6,8,2020-07-19,https://www.jra.go.jp/datafile/seiseki/report/2020/2020-2fukushima6.pdf,official_daily_result_pdf
202003020609,2020,福島,2,6,9,2020-07-19,https://www.jra.go.jp/datafile/seiseki/report/2020/2020-2fukushima6.pdf,official_daily_result_pdf
202003020610,2020,福島,2,6,10,2020-07-19,https://www.jra.go.jp/datafile/seiseki/report/2020/2020-2fukushima6.pdf,official_daily_result_pdf
202003020611,2020,福島,2,6,11,2020-07-19,https://www.jra.go.jp/datafile/seiseki/report/2020/2020-2fukushima6.pdf,official_daily_result_pdf
202003020612,2020,福島,2,6,12,2020-07-19,https://www.jra.go.jp/datafile/seiseki/report/2020/2020-2fukushima6.pdf,official_daily_result_pdf
202003030101,2020,福島,3,1,1,2020-10-31,https://www.jra.go.jp/datafile/seiseki/report/2020/2020-3fukushima1.pdf,official_daily_result_pdf
202003030102,2020,福島,3,1,2,2020-10-31,https://www.jra.go.jp/datafile/seiseki/report/2020/2020-3fukushima1.pdf,official_daily_result_pdf
202003030103,2020,福島,3,1,3,2020-10-31,https://www.jra.go.jp/datafile/seiseki/report/2020/2020-3fukushima1.pdf,official_daily_result_pdf
202003030104,2020,福島,3,1,4,2020-10-31,https://www.jra.go.jp/datafile/seiseki/report/2020/2020-3fukushima1.pdf,official_daily_result_pdf
202003030105,2020,福島,3,1,5,2020-10-31,https://www.jra.go.jp/datafile/seiseki/report/2020/2020-3fukushima1.pdf,official_daily_result_pdf
202003030106,2020,福島,3,1,6,2020-10-31,https://www.jra.go.jp/datafile/seiseki/report/2020/2020-3fukushima1.pdf,official_daily_result_pdf
202003030107,2020,福島,3,1,7,2020-10-31,https://www.jra.go.jp/datafile/seiseki/report/2020/2020-3fukushima1.pdf,official_daily_result_pdf
202003030108,2020,福島,3,1,8,2020-10-31,https://www.jra.go.jp/datafile/seiseki/report/2020/2020-3fukushima1.pdf,official_daily_result_pdf
202003030109,2020,福島,3,1,9,2020-10-31,https://www.jra.go.jp/datafile/seiseki/report/2020/2020-3fukushima1.pdf,official_daily_result_pdf
202003030110,2020,福島,3,1,10,2020-10-31,https://www.jra.go.jp/datafile/seiseki/report/2020/2020-3fukushima1.pdf,official_daily_result_pdf
202003030111,2020,福島,3,1,11,2020-10-31,https://www.jra.go.jp/datafile/seiseki/report/2020/2020-3fukushima1.pdf,official_daily_result_pdf
202003030112,2020,福島,3,1,12,2020-10-31,https://www.jra.go.jp/datafile/seiseki/report/2020/2020-3fukushima1.pdf,official_daily_result_pdf
202003030201,2020,福島,3,2,1,2020-11-01,https://www.jra.go.jp/datafile/seiseki/report/2020/2020-3fukushima2.pdf,official_daily_result_pdf
202003030202,2020,福島,3,2,2,2020-11-01,https://www.jra.go.jp/datafile/seiseki/report/2020/2020-3fukushima2.pdf,official_daily_result_pdf
202003030203,2020,福島,3,2,3,2020-11-01,https://www.jra.go.jp/datafile/seiseki/report/2020/2020-3fukushima2.pdf,official_daily_result_pdf
202003030204,2020,福島,3,2,4,2020-11-01,https://www.jra.go.jp/datafile/seiseki/report/2020/2020-3fukushima2.pdf,official_daily_result_pdf
202003030205,2020,福島,3,2,5,2020-11-01,https://www.jra.go.jp/datafile/seiseki/report/2020/2020-3fukushima2.pdf,official_daily_result_pdf
202003030206,2020,福島,3,2,6,2020-11-01,https://www.jra.go.jp/datafile/seiseki/report/2020/2020-3fukushima2.pdf,official_daily_result_pdf
202003030207,2020,福島,3,2,7,2020-11-01,https://www.jra.go.jp/datafile/seiseki/report/2020/2020-3fukushima2.pdf,official_daily_result_pdf
202003030208,2020,福島,3,2,8,2020-11-01,https://www.jra.go.jp/datafile/seiseki/report/2020/2020-3fukushima2.pdf,official_daily_result_pdf
202003030209,2020,福島,3,2,9,2020-11-01,https://www.jra.go.jp/datafile/seiseki/report/2020/2020-3fukushima2.pdf,official_daily_result_pdf
202003030210,2020,福島,3,2,10,2020-11-01,https://www.jra.go.jp/datafile/seiseki/report/2020/2020-3fukushima2.pdf,official_daily_result_pdf
202003030211,2020,福島,3,2,11,2020-11-01,https://www.jra.go.jp/datafile/seiseki/report/2020/2020-3fukushima2.pdf,official_daily_result_pdf
202003030212,2020,福島,3,2,12,2020-11-01,https://www.jra.go.jp/datafile/seiseki/report/2020/2020-3fukushima2.pdf,official_daily_result_pdf
202003030301,2020,福島,3,3,1,2020-11-07,https://www.jra.go.jp/datafile/seiseki/report/2020/2020-3fukushima3.pdf,official_daily_result_pdf
202003030302,2020,福島,3,3,2,2020-11-07,https://www.jra.go.jp/datafile/seiseki/report/2020/2020-3fukushima3.pdf,official_daily_result_pdf
202003030303,2020,福島,3,3,3,2020-11-07,https://www.jra.go.jp/datafile/seiseki/report/2020/2020-3fukushima3.pdf,official_daily_result_pdf
202003030304,2020,福島,3,3,4,2020-11-07,https://www.jra.go.jp/datafile/seiseki/report/2020/2020-3fukushima3.pdf,official_daily_result_pdf
202003030305,2020,福島,3,3,5,2020-11-07,https://www.jra.go.jp/datafile/seiseki/report/2020/2020-3fukushima3.pdf,official_daily_result_pdf
202003030306,2020,福島,3,3,6,2020-11-07,https://www.jra.go.jp/datafile/seiseki/report/2020/2020-3fukushima3.pdf,official_daily_result_pdf
202003030307,2020,福島,3,3,7,2020-11-07,https://www.jra.go.jp/datafile/seiseki/report/2020/2020-3fukushima3.pdf,official_daily_result_pdf
202003030308,2020,福島,3,3,8,2020-11-07,https://www.jra.go.jp/datafile/seiseki/report/2020/2020-3fukushima3.pdf,official_daily_result_pdf
202003030309,2020,福島,3,3,9,2020-11-07,https://www.jra.go.jp/datafile/seiseki/report/2020/2020-3fukushima3.pdf,official_daily_result_pdf
202003030310,2020,福島,3,3,10,2020-11-07,https://www.jra.go.jp/datafile/seiseki/report/2020/2020-3fukushima3.pdf,official_daily_result_pdf
202003030311,2020,福島,3,3,11,2020-11-07,https://www.jra.go.jp/datafile/seiseki/report/2020/2020-3fukushima3.pdf,official_daily_result_pdf
202003030312,2020,福島,3,3,12,2020-11-07,https://www.jra.go.jp/datafile/seiseki/report/2020/2020-3fukushima3.pdf,official_daily_result_pdf
202003030401,2020,福島,3,4,1,2020-11-08,https://www.jra.go.jp/datafile/seiseki/report/2020/2020-3fukushima4.pdf,official_daily_result_pdf
202003030402,2020,福島,3,4,2,2020-11-08,https://www.jra.go.jp/datafile/seiseki/report/2020/2020-3fukushima4.pdf,official_daily_result_pdf
202003030403,2020,福島,3,4,3,2020-11-08,https://www.jra.go.jp/datafile/seiseki/report/2020/2020-3fukushima4.pdf,official_daily_result_pdf
202003030404,2020,福島,3,4,4,2020-11-08,https://www.jra.go.jp/datafile/seiseki/report/2020/2020-3fukushima4.pdf,official_daily_result_pdf
202003030405,2020,福島,3,4,5,2020-11-08,https://www.jra.go.jp/datafile/seiseki/report/2020/2020-3fukushima4.pdf,official_daily_result_pdf
202003030406,2020,福島,3,4,6,2020-11-08,https://www.jra.go.jp/datafile/seiseki/report/2020/2020-3fukushima4.pdf,official_daily_result_pdf
202003030407,2020,福島,3,4,7,2020-11-08,https://www.jra.go.jp/datafile/seiseki/report/2020/2020-3fukushima4.pdf,official_daily_result_pdf
202003030408,2020,福島,3,4,8,2020-11-08,https://www.jra.go.jp/datafile/seiseki/report/2020/2020-3fukushima4.pdf,official_daily_result_pdf
202003030409,2020,福島,3,4,9,2020-11-08,https://www.jra.go.jp/datafile/seiseki/report/2020/2020-3fukushima4.pdf,official_daily_result_pdf
202003030410,2020,福島,3,4,10,2020-11-08,https://www.jra.go.jp/datafile/seiseki/report/2020/2020-3fukushima4.pdf,official_daily_result_pdf
202003030411,2020,福島,3,4,11,2020-11-08,https://www.jra.go.jp/datafile/seiseki/report/2020/2020-3fukushima4.pdf,official_daily_result_pdf
202003030412,2020,福島,3,4,12,2020-11-08,https://www.jra.go.jp/datafile/seiseki/report/2020/2020-3fukushima4.pdf,official_daily_result_pdf
202003030501,2020,福島,3,5,1,2020-11-14,https://www.jra.go.jp/datafile/seiseki/report/2020/2020-3fukushima5.pdf,official_daily_result_pdf
202003030502,2020,福島,3,5,2,2020-11-14,https://www.jra.go.jp/datafile/seiseki/report/2020/2020-3fukushima5.pdf,official_daily_result_pdf
202003030503,2020,福島,3,5,3,2020-11-14,https://www.jra.go.jp/datafile/seiseki/report/2020/2020-3fukushima5.pdf,official_daily_result_pdf
202003030504,2020,福島,3,5,4,2020-11-14,https://www.jra.go.jp/datafile/seiseki/report/2020/2020-3fukushima5.pdf,official_daily_result_pdf
202003030505,2020,福島,3,5,5,2020-11-14,https://www.jra.go.jp/datafile/seiseki/report/2020/2020-3fukushima5.pdf,official_daily_result_pdf
202003030506,2020,福島,3,5,6,2020-11-14,https://www.jra.go.jp/datafile/seiseki/report/2020/2020-3fukushima5.pdf,official_daily_result_pdf
202003030507,2020,福島,3,5,7,2020-11-14,https://www.jra.go.jp/datafile/seiseki/report/2020/2020-3fukushima5.pdf,official_daily_result_pdf
202003030508,2020,福島,3,5,8,2020-11-14,https://www.jra.go.jp/datafile/seiseki/report/2020/2020-3fukushima5.pdf,official_daily_result_pdf
202003030509,2020,福島,3,5,9,2020-11-14,https://www.jra.go.jp/datafile/seiseki/report/2020/2020-3fukushima5.pdf,official_daily_result_pdf
202003030510,2020,福島,3,5,10,2020-11-14,https://www.jra.go.jp/datafile/seiseki/report/2020/2020-3fukushima5.pdf,official_daily_result_pdf
202003030511,2020,福島,3,5,11,2020-11-14,https://www.jra.go.jp/datafile/seiseki/report/2020/2020-3fukushima5.pdf,official_daily_result_pdf
202003030512,2020,福島,3,5,12,2020-11-14,https://www.jra.go.jp/datafile/seiseki/report/2020/2020-3fukushima5.pdf,official_daily_result_pdf
202003030601,2020,福島,3,6,1,2020-11-15,https://www.jra.go.jp/datafile/seiseki/report/2020/2020-3fukushima6.pdf,official_daily_result_pdf
202003030602,2020,福島,3,6,2,2020-11-15,https://www.jra.go.jp/datafile/seiseki/report/2020/2020-3fukushima6.pdf,official_daily_result_pdf
202003030603,2020,福島,3,6,3,2020-11-15,https://www.jra.go.jp/datafile/seiseki/report/2020/2020-3fukushima6.pdf,official_daily_result_pdf
202003030604,2020,福島,3,6,4,2020-11-15,https://www.jra.go.jp/datafile/seiseki/report/2020/2020-3fukushima6.pdf,official_daily_result_pdf
202003030605,2020,福島,3,6,5,2020-11-15,https://www.jra.go.jp/datafile/seiseki/report/2020/2020-3fukushima6.pdf,official_daily_result_pdf
202003030606,2020,福島,3,6,6,2020-11-15,https://www.jra.go.jp/datafile/seiseki/report/2020/2020-3fukushima6.pdf,official_daily_result_pdf
202003030607,2020,福島,3,6,7,2020-11-15,https://www.jra.go.jp/datafile/seiseki/report/2020/2020-3fukushima6.pdf,official_daily_result_pdf
202003030608,2020,福島,3,6,8,2020-11-15,https://www.jra.go.jp/datafile/seiseki/report/2020/2020-3fukushima6.pdf,official_daily_result_pdf
202003030609,2020,福島,3,6,9,2020-11-15,https://www.jra.go.jp/datafile/seiseki/report/2020/2020-3fukushima6.pdf,official_daily_result_pdf
202003030610,2020,福島,3,6,10,2020-11-15,https://www.jra.go.jp/datafile/seiseki/report/2020/2020-3fukushima6.pdf,official_daily_result_pdf
202003030611,2020,福島,3,6,11,2020-11-15,https://www.jra.go.jp/datafile/seiseki/report/2020/2020-3fukushima6.pdf,official_daily_result_pdf
202003030612,2020,福島,3,6,12,2020-11-15,https://www.jra.go.jp/datafile/seiseki/report/2020/2020-3fukushima6.pdf,official_daily_result_pdf
202004010101,2020,新潟,1,1,1,2020-05-09,https://www.jra.go.jp/datafile/seiseki/report/2020/2020-1niigata1.pdf,official_calendar_verified_override
202004010102,2020,新潟,1,1,2,2020-05-09,https://www.jra.go.jp/datafile/seiseki/report/2020/2020-1niigata1.pdf,official_calendar_verified_override
202004010103,2020,新潟,1,1,3,2020-05-09,https://www.jra.go.jp/datafile/seiseki/report/2020/2020-1niigata1.pdf,official_calendar_verified_override
202004010104,2020,新潟,1,1,4,2020-05-09,https://www.jra.go.jp/datafile/seiseki/report/2020/2020-1niigata1.pdf,official_calendar_verified_override
202004010105,2020,新潟,1,1,5,2020-05-09,https://www.jra.go.jp/datafile/seiseki/report/2020/2020-1niigata1.pdf,official_calendar_verified_override
202004010106,2020,新潟,1,1,6,2020-05-09,https://www.jra.go.jp/datafile/seiseki/report/2020/2020-1niigata1.pdf,official_calendar_verified_override
202004010107,2020,新潟,1,1,7,2020-05-09,https://www.jra.go.jp/datafile/seiseki/report/2020/2020-1niigata1.pdf,official_calendar_verified_override
202004010108,2020,新潟,1,1,8,2020-05-09,https://www.jra.go.jp/datafile/seiseki/report/2020/2020-1niigata1.pdf,official_calendar_verified_override
202004010109,2020,新潟,1,1,9,2020-05-09,https://www.jra.go.jp/datafile/seiseki/report/2020/2020-1niigata1.pdf,official_calendar_verified_override
202004010110,2020,新潟,1,1,10,2020-05-09,https://www.jra.go.jp/datafile/seiseki/report/2020/2020-1niigata1.pdf,official_calendar_verified_override
202004010111,2020,新潟,1,1,11,2020-05-09,https://www.jra.go.jp/datafile/seiseki/report/2020/2020-1niigata1.pdf,official_calendar_verified_override
202004010112,2020,新潟,1,1,12,2020-05-09,https://www.jra.go.jp/datafile/seiseki/report/2020/2020-1niigata1.pdf,official_calendar_verified_override
202004010201,2020,新潟,1,2,1,2020-05-10,https://www.jra.go.jp/datafile/seiseki/report/2020/2020-1niigata2.pdf,official_daily_result_pdf
202004010202,2020,新潟,1,2,2,2020-05-10,https://www.jra.go.jp/datafile/seiseki/report/2020/2020-1niigata2.pdf,official_daily_result_pdf
202004010203,2020,新潟,1,2,3,2020-05-10,https://www.jra.go.jp/datafile/seiseki/report/2020/2020-1niigata2.pdf,official_daily_result_pdf
202004010204,2020,新潟,1,2,4,2020-05-10,https://www.jra.go.jp/datafile/seiseki/report/2020/2020-1niigata2.pdf,official_daily_result_pdf
202004010205,2020,新潟,1,2,5,2020-05-10,https://www.jra.go.jp/datafile/seiseki/report/2020/2020-1niigata2.pdf,official_daily_result_pdf
202004010206,2020,新潟,1,2,6,2020-05-10,https://www.jra.go.jp/datafile/seiseki/report/2020/2020-1niigata2.pdf,official_daily_result_pdf
202004010207,2020,新潟,1,2,7,2020-05-10,https://www.jra.go.jp/datafile/seiseki/report/2020/2020-1niigata2.pdf,official_daily_result_pdf
202004010208,2020,新潟,1,2,8,2020-05-10,https://www.jra.go.jp/datafile/seiseki/report/2020/2020-1niigata2.pdf,official_daily_result_pdf
202004010209,2020,新潟,1,2,9,2020-05-10,https://www.jra.go.jp/datafile/seiseki/report/2020/2020-1niigata2.pdf,official_daily_result_pdf
202004010210,2020,新潟,1,2,10,2020-05-10,https://www.jra.go.jp/datafile/seiseki/report/2020/2020-1niigata2.pdf,official_daily_result_pdf
202004010211,2020,新潟,1,2,11,2020-05-10,https://www.jra.go.jp/datafile/seiseki/report/2020/2020-1niigata2.pdf,official_daily_result_pdf
202004010212,2020,新潟,1,2,12,2020-05-10,https://www.jra.go.jp/datafile/seiseki/report/2020/2020-1niigata2.pdf,official_daily_result_pdf
202004010301,2020,新潟,1,3,1,2020-05-16,https://www.jra.go.jp/datafile/seiseki/report/2020/2020-1niigata3.pdf,official_daily_result_pdf
202004010302,2020,新潟,1,3,2,2020-05-16,https://www.jra.go.jp/datafile/seiseki/report/2020/2020-1niigata3.pdf,official_daily_result_pdf
202004010303,2020,新潟,1,3,3,2020-05-16,https://www.jra.go.jp/datafile/seiseki/report/2020/2020-1niigata3.pdf,official_daily_result_pdf
202004010304,2020,新潟,1,3,4,2020-05-16,https://www.jra.go.jp/datafile/seiseki/report/2020/2020-1niigata3.pdf,official_daily_result_pdf
202004010305,2020,新潟,1,3,5,2020-05-16,https://www.jra.go.jp/datafile/seiseki/report/2020/2020-1niigata3.pdf,official_daily_result_pdf
202004010306,2020,新潟,1,3,6,2020-05-16,https://www.jra.go.jp/datafile/seiseki/report/2020/2020-1niigata3.pdf,official_daily_result_pdf
202004010307,2020,新潟,1,3,7,2020-05-16,https://www.jra.go.jp/datafile/seiseki/report/2020/2020-1niigata3.pdf,official_daily_result_pdf
202004010308,2020,新潟,1,3,8,2020-05-16,https://www.jra.go.jp/datafile/seiseki/report/2020/2020-1niigata3.pdf,official_daily_result_pdf
202004010309,2020,新潟,1,3,9,2020-05-16,https://www.jra.go.jp/datafile/seiseki/report/2020/2020-1niigata3.pdf,official_daily_result_pdf
202004010310,2020,新潟,1,3,10,2020-05-16,https://www.jra.go.jp/datafile/seiseki/report/2020/2020-1niigata3.pdf,official_daily_result_pdf
202004010311,2020,新潟,1,3,11,2020-05-16,https://www.jra.go.jp/datafile/seiseki/report/2020/2020-1niigata3.pdf,official_daily_result_pdf
202004010312,2020,新潟,1,3,12,2020-05-16,https://www.jra.go.jp/datafile/seiseki/report/2020/2020-1niigata3.pdf,official_daily_result_pdf
202004010401,2020,新潟,1,4,1,2020-05-17,https://www.jra.go.jp/datafile/seiseki/report/2020/2020-1niigata4.pdf,official_daily_result_pdf
202004010402,2020,新潟,1,4,2,2020-05-17,https://www.jra.go.jp/datafile/seiseki/report/2020/2020-1niigata4.pdf,official_daily_result_pdf
202004010403,2020,新潟,1,4,3,2020-05-17,https://www.jra.go.jp/datafile/seiseki/report/2020/2020-1niigata4.pdf,official_daily_result_pdf
202004010404,2020,新潟,1,4,4,2020-05-17,https://www.jra.go.jp/datafile/seiseki/report/2020/2020-1niigata4.pdf,official_daily_result_pdf
202004010405,2020,新潟,1,4,5,2020-05-17,https://www.jra.go.jp/datafile/seiseki/report/2020/2020-1niigata4.pdf,official_daily_result_pdf
202004010406,2020,新潟,1,4,6,2020-05-17,https://www.jra.go.jp/datafile/seiseki/report/2020/2020-1niigata4.pdf,official_daily_result_pdf
202004010407,2020,新潟,1,4,7,2020-05-17,https://www.jra.go.jp/datafile/seiseki/report/2020/2020-1niigata4.pdf,official_daily_result_pdf
202004010408,2020,新潟,1,4,8,2020-05-17,https://www.jra.go.jp/datafile/seiseki/report/2020/2020-1niigata4.pdf,official_daily_result_pdf
202004010409,2020,新潟,1,4,9,2020-05-17,https://www.jra.go.jp/datafile/seiseki/report/2020/2020-1niigata4.pdf,official_daily_result_pdf
202004010410,2020,新潟,1,4,10,2020-05-17,https://www.jra.go.jp/datafile/seiseki/report/2020/2020-1niigata4.pdf,official_daily_result_pdf
202004010411,2020,新潟,1,4,11,2020-05-17,https://www.jra.go.jp/datafile/seiseki/report/2020/2020-1niigata4.pdf,official_daily_result_pdf
202004010412,2020,新潟,1,4,12,2020-05-17,https://www.jra.go.jp/datafile/seiseki/report/2020/2020-1niigata4.pdf,official_daily_result_pdf
202004010501,2020,新潟,1,5,1,2020-05-23,https://www.jra.go.jp/datafile/seiseki/report/2020/2020-1niigata5.pdf,official_daily_result_pdf
202004010502,2020,新潟,1,5,2,2020-05-23,https://www.jra.go.jp/datafile/seiseki/report/2020/2020-1niigata5.pdf,official_daily_result_pdf
202004010503,2020,新潟,1,5,3,2020-05-23,https://www.jra.go.jp/datafile/seiseki/report/2020/2020-1niigata5.pdf,official_daily_result_pdf
202004010504,2020,新潟,1,5,4,2020-05-23,https://www.jra.go.jp/datafile/seiseki/report/2020/2020-1niigata5.pdf,official_daily_result_pdf
202004010505,2020,新潟,1,5,5,2020-05-23,https://www.jra.go.jp/datafile/seiseki/report/2020/2020-1niigata5.pdf,official_daily_result_pdf
202004010506,2020,新潟,1,5,6,2020-05-23,https://www.jra.go.jp/datafile/seiseki/report/2020/2020-1niigata5.pdf,official_daily_result_pdf
202004010507,2020,新潟,1,5,7,2020-05-23,https://www.jra.go.jp/datafile/seiseki/report/2020/2020-1niigata5.pdf,official_daily_result_pdf
202004010508,2020,新潟,1,5,8,2020-05-23,https://www.jra.go.jp/datafile/seiseki/report/2020/2020-1niigata5.pdf,official_daily_result_pdf
202004010509,2020,新潟,1,5,9,2020-05-23,https://www.jra.go.jp/datafile/seiseki/report/2020/2020-1niigata5.pdf,official_daily_result_pdf
202004010510,2020,新潟,1,5,10,2020-05-23,https://www.jra.go.jp/datafile/seiseki/report/2020/2020-1niigata5.pdf,official_daily_result_pdf
202004010511,2020,新潟,1,5,11,2020-05-23,https://www.jra.go.jp/datafile/seiseki/report/2020/2020-1niigata5.pdf,official_daily_result_pdf
202004010512,2020,新潟,1,5,12,2020-05-23,https://www.jra.go.jp/datafile/seiseki/report/2020/2020-1niigata5.pdf,official_daily_result_pdf
202004010601,2020,新潟,1,6,1,2020-05-24,https://www.jra.go.jp/datafile/seiseki/report/2020/2020-1niigata6.pdf,official_daily_result_pdf
202004010602,2020,新潟,1,6,2,2020-05-24,https://www.jra.go.jp/datafile/seiseki/report/2020/2020-1niigata6.pdf,official_daily_result_pdf
202004010603,2020,新潟,1,6,3,2020-05-24,https://www.jra.go.jp/datafile/seiseki/report/2020/2020-1niigata6.pdf,official_daily_result_pdf
202004010604,2020,新潟,1,6,4,2020-05-24,https://www.jra.go.jp/datafile/seiseki/report/2020/2020-1niigata6.pdf,official_daily_result_pdf
202004010605,2020,新潟,1,6,5,2020-05-24,https://www.jra.go.jp/datafile/seiseki/report/2020/2020-1niigata6.pdf,official_daily_result_pdf
202004010606,2020,新潟,1,6,6,2020-05-24,https://www.jra.go.jp/datafile/seiseki/report/2020/2020-1niigata6.pdf,official_daily_result_pdf
202004010607,2020,新潟,1,6,7,2020-05-24,https://www.jra.go.jp/datafile/seiseki/report/2020/2020-1niigata6.pdf,official_daily_result_pdf
202004010608,2020,新潟,1,6,8,2020-05-24,https://www.jra.go.jp/datafile/seiseki/report/2020/2020-1niigata6.pdf,official_daily_result_pdf
202004010609,2020,新潟,1,6,9,2020-05-24,https://www.jra.go.jp/datafile/seiseki/report/2020/2020-1niigata6.pdf,official_daily_result_pdf
202004010610,2020,新潟,1,6,10,2020-05-24,https://www.jra.go.jp/datafile/seiseki/report/2020/2020-1niigata6.pdf,official_daily_result_pdf
202004010611,2020,新潟,1,6,11,2020-05-24,https://www.jra.go.jp/datafile/seiseki/report/2020/2020-1niigata6.pdf,official_daily_result_pdf
202004010612,2020,新潟,1,6,12,2020-05-24,https://www.jra.go.jp/datafile/seiseki/report/2020/2020-1niigata6.pdf,official_daily_result_pdf
202004020101,2020,新潟,2,1,1,2020-07-25,https://www.jra.go.jp/datafile/seiseki/report/2020/2020-2niigata1.pdf,official_daily_result_pdf
202004020102,2020,新潟,2,1,2,2020-07-25,https://www.jra.go.jp/datafile/seiseki/report/2020/2020-2niigata1.pdf,official_daily_result_pdf
202004020103,2020,新潟,2,1,3,2020-07-25,https://www.jra.go.jp/datafile/seiseki/report/2020/2020-2niigata1.pdf,official_daily_result_pdf
202004020104,2020,新潟,2,1,4,2020-07-25,https://www.jra.go.jp/datafile/seiseki/report/2020/2020-2niigata1.pdf,official_daily_result_pdf
202004020105,2020,新潟,2,1,5,2020-07-25,https://www.jra.go.jp/datafile/seiseki/report/2020/2020-2niigata1.pdf,official_daily_result_pdf
202004020106,2020,新潟,2,1,6,2020-07-25,https://www.jra.go.jp/datafile/seiseki/report/2020/2020-2niigata1.pdf,official_daily_result_pdf
202004020107,2020,新潟,2,1,7,2020-07-25,https://www.jra.go.jp/datafile/seiseki/report/2020/2020-2niigata1.pdf,official_daily_result_pdf
202004020108,2020,新潟,2,1,8,2020-07-25,https://www.jra.go.jp/datafile/seiseki/report/2020/2020-2niigata1.pdf,official_daily_result_pdf
202004020109,2020,新潟,2,1,9,2020-07-25,https://www.jra.go.jp/datafile/seiseki/report/2020/2020-2niigata1.pdf,official_daily_result_pdf
202004020110,2020,新潟,2,1,10,2020-07-25,https://www.jra.go.jp/datafile/seiseki/report/2020/2020-2niigata1.pdf,official_daily_result_pdf
202004020111,2020,新潟,2,1,11,2020-07-25,https://www.jra.go.jp/datafile/seiseki/report/2020/2020-2niigata1.pdf,official_daily_result_pdf
202004020112,2020,新潟,2,1,12,2020-07-25,https://www.jra.go.jp/datafile/seiseki/report/2020/2020-2niigata1.pdf,official_daily_result_pdf
202004020201,2020,新潟,2,2,1,2020-07-26,https://www.jra.go.jp/datafile/seiseki/report/2020/2020-2niigata2.pdf,official_daily_result_pdf
202004020202,2020,新潟,2,2,2,2020-07-26,https://www.jra.go.jp/datafile/seiseki/report/2020/2020-2niigata2.pdf,official_daily_result_pdf
202004020203,2020,新潟,2,2,3,2020-07-26,https://www.jra.go.jp/datafile/seiseki/report/2020/2020-2niigata2.pdf,official_daily_result_pdf
202004020204,2020,新潟,2,2,4,2020-07-26,https://www.jra.go.jp/datafile/seiseki/report/2020/2020-2niigata2.pdf,official_daily_result_pdf
202004020205,2020,新潟,2,2,5,2020-07-26,https://www.jra.go.jp/datafile/seiseki/report/2020/2020-2niigata2.pdf,official_daily_result_pdf
202004020206,2020,新潟,2,2,6,2020-07-26,https://www.jra.go.jp/datafile/seiseki/report/2020/2020-2niigata2.pdf,official_daily_result_pdf
202004020207,2020,新潟,2,2,7,2020-07-26,https://www.jra.go.jp/datafile/seiseki/report/2020/2020-2niigata2.pdf,official_daily_result_pdf
202004020208,2020,新潟,2,2,8,2020-07-26,https://www.jra.go.jp/datafile/seiseki/report/2020/2020-2niigata2.pdf,official_daily_result_pdf
202004020209,2020,新潟,2,2,9,2020-07-26,https://www.jra.go.jp/datafile/seiseki/report/2020/2020-2niigata2.pdf,official_daily_result_pdf
202004020210,2020,新潟,2,2,10,2020-07-26,https://www.jra.go.jp/datafile/seiseki/report/2020/2020-2niigata2.pdf,official_daily_result_pdf
202004020211,2020,新潟,2,2,11,2020-07-26,https://www.jra.go.jp/datafile/seiseki/report/2020/2020-2niigata2.pdf,official_daily_result_pdf
202004020212,2020,新潟,2,2,12,2020-07-26,https://www.jra.go.jp/datafile/seiseki/report/2020/2020-2niigata2.pdf,official_daily_result_pdf
202004020301,2020,新潟,2,3,1,2020-08-01,https://www.jra.go.jp/datafile/seiseki/report/2020/2020-2niigata3.pdf,official_daily_result_pdf
202004020302,2020,新潟,2,3,2,2020-08-01,https://www.jra.go.jp/datafile/seiseki/report/2020/2020-2niigata3.pdf,official_daily_result_pdf
202004020303,2020,新潟,2,3,3,2020-08-01,https://www.jra.go.jp/datafile/seiseki/report/2020/2020-2niigata3.pdf,official_daily_result_pdf
202004020304,2020,新潟,2,3,4,2020-08-01,https://www.jra.go.jp/datafile/seiseki/report/2020/2020-2niigata3.pdf,official_daily_result_pdf
202004020305,2020,新潟,2,3,5,2020-08-01,https://www.jra.go.jp/datafile/seiseki/report/2020/2020-2niigata3.pdf,official_daily_result_pdf
202004020306,2020,新潟,2,3,6,2020-08-01,https://www.jra.go.jp/datafile/seiseki/report/2020/2020-2niigata3.pdf,official_daily_result_pdf
202004020307,2020,新潟,2,3,7,2020-08-01,https://www.jra.go.jp/datafile/seiseki/report/2020/2020-2niigata3.pdf,official_daily_result_pdf
202004020308,2020,新潟,2,3,8,2020-08-01,https://www.jra.go.jp/datafile/seiseki/report/2020/2020-2niigata3.pdf,official_daily_result_pdf
202004020309,2020,新潟,2,3,9,2020-08-01,https://www.jra.go.jp/datafile/seiseki/report/2020/2020-2niigata3.pdf,official_daily_result_pdf
202004020310,2020,新潟,2,3,10,2020-08-01,https://www.jra.go.jp/datafile/seiseki/report/2020/2020-2niigata3.pdf,official_daily_result_pdf
202004020311,2020,新潟,2,3,11,2020-08-01,https://www.jra.go.jp/datafile/seiseki/report/2020/2020-2niigata3.pdf,official_daily_result_pdf
202004020312,2020,新潟,2,3,12,2020-08-01,https://www.jra.go.jp/datafile/seiseki/report/2020/2020-2niigata3.pdf,official_daily_result_pdf
202004020401,2020,新潟,2,4,1,2020-08-02,https://www.jra.go.jp/datafile/seiseki/report/2020/2020-2niigata4.pdf,official_daily_result_pdf
202004020402,2020,新潟,2,4,2,2020-08-02,https://www.jra.go.jp/datafile/seiseki/report/2020/2020-2niigata4.pdf,official_daily_result_pdf
202004020403,2020,新潟,2,4,3,2020-08-02,https://www.jra.go.jp/datafile/seiseki/report/2020/2020-2niigata4.pdf,official_daily_result_pdf
202004020404,2020,新潟,2,4,4,2020-08-02,https://www.jra.go.jp/datafile/seiseki/report/2020/2020-2niigata4.pdf,official_daily_result_pdf
202004020405,2020,新潟,2,4,5,2020-08-02,https://www.jra.go.jp/datafile/seiseki/report/2020/2020-2niigata4.pdf,official_daily_result_pdf
202004020406,2020,新潟,2,4,6,2020-08-02,https://www.jra.go.jp/datafile/seiseki/report/2020/2020-2niigata4.pdf,official_daily_result_pdf
202004020407,2020,新潟,2,4,7,2020-08-02,https://www.jra.go.jp/datafile/seiseki/report/2020/2020-2niigata4.pdf,official_daily_result_pdf
202004020408,2020,新潟,2,4,8,2020-08-02,https://www.jra.go.jp/datafile/seiseki/report/2020/2020-2niigata4.pdf,official_daily_result_pdf
202004020409,2020,新潟,2,4,9,2020-08-02,https://www.jra.go.jp/datafile/seiseki/report/2020/2020-2niigata4.pdf,official_daily_result_pdf
202004020410,2020,新潟,2,4,10,2020-08-02,https://www.jra.go.jp/datafile/seiseki/report/2020/2020-2niigata4.pdf,official_daily_result_pdf
202004020411,2020,新潟,2,4,11,2020-08-02,https://www.jra.go.jp/datafile/seiseki/report/2020/2020-2niigata4.pdf,official_daily_result_pdf
202004020412,2020,新潟,2,4,12,2020-08-02,https://www.jra.go.jp/datafile/seiseki/report/2020/2020-2niigata4.pdf,official_daily_result_pdf
202004020501,2020,新潟,2,5,1,2020-08-08,https://www.jra.go.jp/datafile/seiseki/report/2020/2020-2niigata5.pdf,official_daily_result_pdf
202004020502,2020,新潟,2,5,2,2020-08-08,https://www.jra.go.jp/datafile/seiseki/report/2020/2020-2niigata5.pdf,official_daily_result_pdf
202004020503,2020,新潟,2,5,3,2020-08-08,https://www.jra.go.jp/datafile/seiseki/report/2020/2020-2niigata5.pdf,official_daily_result_pdf
202004020504,2020,新潟,2,5,4,2020-08-08,https://www.jra.go.jp/datafile/seiseki/report/2020/2020-2niigata5.pdf,official_daily_result_pdf
202004020505,2020,新潟,2,5,5,2020-08-08,https://www.jra.go.jp/datafile/seiseki/report/2020/2020-2niigata5.pdf,official_daily_result_pdf
202004020506,2020,新潟,2,5,6,2020-08-08,https://www.jra.go.jp/datafile/seiseki/report/2020/2020-2niigata5.pdf,official_daily_result_pdf
202004020507,2020,新潟,2,5,7,2020-08-08,https://www.jra.go.jp/datafile/seiseki/report/2020/2020-2niigata5.pdf,official_daily_result_pdf
202004020508,2020,新潟,2,5,8,2020-08-08,https://www.jra.go.jp/datafile/seiseki/report/2020/2020-2niigata5.pdf,official_daily_result_pdf
202004020509,2020,新潟,2,5,9,2020-08-08,https://www.jra.go.jp/datafile/seiseki/report/2020/2020-2niigata5.pdf,official_daily_result_pdf
202004020510,2020,新潟,2,5,10,2020-08-08,https://www.jra.go.jp/datafile/seiseki/report/2020/2020-2niigata5.pdf,official_daily_result_pdf
202004020511,2020,新潟,2,5,11,2020-08-08,https://www.jra.go.jp/datafile/seiseki/report/2020/2020-2niigata5.pdf,official_daily_result_pdf
202004020512,2020,新潟,2,5,12,2020-08-08,https://www.jra.go.jp/datafile/seiseki/report/2020/2020-2niigata5.pdf,official_daily_result_pdf
202004020601,2020,新潟,2,6,1,2020-08-09,https://www.jra.go.jp/datafile/seiseki/report/2020/2020-2niigata6.pdf,official_daily_result_pdf
202004020602,2020,新潟,2,6,2,2020-08-09,https://www.jra.go.jp/datafile/seiseki/report/2020/2020-2niigata6.pdf,official_daily_result_pdf
202004020603,2020,新潟,2,6,3,2020-08-09,https://www.jra.go.jp/datafile/seiseki/report/2020/2020-2niigata6.pdf,official_daily_result_pdf
202004020604,2020,新潟,2,6,4,2020-08-09,https://www.jra.go.jp/datafile/seiseki/report/2020/2020-2niigata6.pdf,official_daily_result_pdf
202004020605,2020,新潟,2,6,5,2020-08-09,https://www.jra.go.jp/datafile/seiseki/report/2020/2020-2niigata6.pdf,official_daily_result_pdf
202004020606,2020,新潟,2,6,6,2020-08-09,https://www.jra.go.jp/datafile/seiseki/report/2020/2020-2niigata6.pdf,official_daily_result_pdf
202004020607,2020,新潟,2,6,7,2020-08-09,https://www.jra.go.jp/datafile/seiseki/report/2020/2020-2niigata6.pdf,official_daily_result_pdf
202004020608,2020,新潟,2,6,8,2020-08-09,https://www.jra.go.jp/datafile/seiseki/report/2020/2020-2niigata6.pdf,official_daily_result_pdf
202004020609,2020,新潟,2,6,9,2020-08-09,https://www.jra.go.jp/datafile/seiseki/report/2020/2020-2niigata6.pdf,official_daily_result_pdf
202004020610,2020,新潟,2,6,10,2020-08-09,https://www.jra.go.jp/datafile/seiseki/report/2020/2020-2niigata6.pdf,official_daily_result_pdf
202004020611,2020,新潟,2,6,11,2020-08-09,https://www.jra.go.jp/datafile/seiseki/report/2020/2020-2niigata6.pdf,official_daily_result_pdf
202004020612,2020,新潟,2,6,12,2020-08-09,https://www.jra.go.jp/datafile/seiseki/report/2020/2020-2niigata6.pdf,official_daily_result_pdf
202004030101,2020,新潟,3,1,1,2020-08-15,https://www.jra.go.jp/datafile/seiseki/report/2020/2020-3niigata1.pdf,official_daily_result_pdf
202004030102,2020,新潟,3,1,2,2020-08-15,https://www.jra.go.jp/datafile/seiseki/report/2020/2020-3niigata1.pdf,official_daily_result_pdf
202004030103,2020,新潟,3,1,3,2020-08-15,https://www.jra.go.jp/datafile/seiseki/report/2020/2020-3niigata1.pdf,official_daily_result_pdf
202004030104,2020,新潟,3,1,4,2020-08-15,https://www.jra.go.jp/datafile/seiseki/report/2020/2020-3niigata1.pdf,official_daily_result_pdf
202004030105,2020,新潟,3,1,5,2020-08-15,https://www.jra.go.jp/datafile/seiseki/report/2020/2020-3niigata1.pdf,official_daily_result_pdf
202004030106,2020,新潟,3,1,6,2020-08-15,https://www.jra.go.jp/datafile/seiseki/report/2020/2020-3niigata1.pdf,official_daily_result_pdf
202004030107,2020,新潟,3,1,7,2020-08-15,https://www.jra.go.jp/datafile/seiseki/report/2020/2020-3niigata1.pdf,official_daily_result_pdf
202004030108,2020,新潟,3,1,8,2020-08-15,https://www.jra.go.jp/datafile/seiseki/report/2020/2020-3niigata1.pdf,official_daily_result_pdf
202004030109,2020,新潟,3,1,9,2020-08-15,https://www.jra.go.jp/datafile/seiseki/report/2020/2020-3niigata1.pdf,official_daily_result_pdf
202004030110,2020,新潟,3,1,10,2020-08-15,https://www.jra.go.jp/datafile/seiseki/report/2020/2020-3niigata1.pdf,official_daily_result_pdf
202004030111,2020,新潟,3,1,11,2020-08-15,https://www.jra.go.jp/datafile/seiseki/report/2020/2020-3niigata1.pdf,official_daily_result_pdf
202004030112,2020,新潟,3,1,12,2020-08-15,https://www.jra.go.jp/datafile/seiseki/report/2020/2020-3niigata1.pdf,official_daily_result_pdf
202004030201,2020,新潟,3,2,1,2020-08-16,https://www.jra.go.jp/datafile/seiseki/report/2020/2020-3niigata2.pdf,official_daily_result_pdf
202004030202,2020,新潟,3,2,2,2020-08-16,https://www.jra.go.jp/datafile/seiseki/report/2020/2020-3niigata2.pdf,official_daily_result_pdf
202004030203,2020,新潟,3,2,3,2020-08-16,https://www.jra.go.jp/datafile/seiseki/report/2020/2020-3niigata2.pdf,official_daily_result_pdf
202004030204,2020,新潟,3,2,4,2020-08-16,https://www.jra.go.jp/datafile/seiseki/report/2020/2020-3niigata2.pdf,official_daily_result_pdf
202004030205,2020,新潟,3,2,5,2020-08-16,https://www.jra.go.jp/datafile/seiseki/report/2020/2020-3niigata2.pdf,official_daily_result_pdf
202004030206,2020,新潟,3,2,6,2020-08-16,https://www.jra.go.jp/datafile/seiseki/report/2020/2020-3niigata2.pdf,official_daily_result_pdf
202004030207,2020,新潟,3,2,7,2020-08-16,https://www.jra.go.jp/datafile/seiseki/report/2020/2020-3niigata2.pdf,official_daily_result_pdf
202004030208,2020,新潟,3,2,8,2020-08-16,https://www.jra.go.jp/datafile/seiseki/report/2020/2020-3niigata2.pdf,official_daily_result_pdf
202004030209,2020,新潟,3,2,9,2020-08-16,https://www.jra.go.jp/datafile/seiseki/report/2020/2020-3niigata2.pdf,official_daily_result_pdf
202004030210,2020,新潟,3,2,10,2020-08-16,https://www.jra.go.jp/datafile/seiseki/report/2020/2020-3niigata2.pdf,official_daily_result_pdf
202004030211,2020,新潟,3,2,11,2020-08-16,https://www.jra.go.jp/datafile/seiseki/report/2020/2020-3niigata2.pdf,official_daily_result_pdf
202004030212,2020,新潟,3,2,12,2020-08-16,https://www.jra.go.jp/datafile/seiseki/report/2020/2020-3niigata2.pdf,official_daily_result_pdf
202004030301,2020,新潟,3,3,1,2020-08-22,https://www.jra.go.jp/datafile/seiseki/report/2020/2020-3niigata3.pdf,official_daily_result_pdf
202004030302,2020,新潟,3,3,2,2020-08-22,https://www.jra.go.jp/datafile/seiseki/report/2020/2020-3niigata3.pdf,official_daily_result_pdf
202004030303,2020,新潟,3,3,3,2020-08-22,https://www.jra.go.jp/datafile/seiseki/report/2020/2020-3niigata3.pdf,official_daily_result_pdf
202004030304,2020,新潟,3,3,4,2020-08-22,https://www.jra.go.jp/datafile/seiseki/report/2020/2020-3niigata3.pdf,official_daily_result_pdf
202004030305,2020,新潟,3,3,5,2020-08-22,https://www.jra.go.jp/datafile/seiseki/report/2020/2020-3niigata3.pdf,official_daily_result_pdf
202004030306,2020,新潟,3,3,6,2020-08-22,https://www.jra.go.jp/datafile/seiseki/report/2020/2020-3niigata3.pdf,official_daily_result_pdf
202004030307,2020,新潟,3,3,7,2020-08-22,https://www.jra.go.jp/datafile/seiseki/report/2020/2020-3niigata3.pdf,official_daily_result_pdf
202004030308,2020,新潟,3,3,8,2020-08-22,https://www.jra.go.jp/datafile/seiseki/report/2020/2020-3niigata3.pdf,official_daily_result_pdf
202004030309,2020,新潟,3,3,9,2020-08-22,https://www.jra.go.jp/datafile/seiseki/report/2020/2020-3niigata3.pdf,official_daily_result_pdf
202004030310,2020,新潟,3,3,10,2020-08-22,https://www.jra.go.jp/datafile/seiseki/report/2020/2020-3niigata3.pdf,official_daily_result_pdf
202004030311,2020,新潟,3,3,11,2020-08-22,https://www.jra.go.jp/datafile/seiseki/report/2020/2020-3niigata3.pdf,official_daily_result_pdf
202004030312,2020,新潟,3,3,12,2020-08-22,https://www.jra.go.jp/datafile/seiseki/report/2020/2020-3niigata3.pdf,official_daily_result_pdf
202004030401,2020,新潟,3,4,1,2020-08-23,https://www.jra.go.jp/datafile/seiseki/report/2020/2020-3niigata4.pdf,official_daily_result_pdf
202004030402,2020,新潟,3,4,2,2020-08-23,https://www.jra.go.jp/datafile/seiseki/report/2020/2020-3niigata4.pdf,official_daily_result_pdf
202004030403,2020,新潟,3,4,3,2020-08-23,https://www.jra.go.jp/datafile/seiseki/report/2020/2020-3niigata4.pdf,official_daily_result_pdf
202004030404,2020,新潟,3,4,4,2020-08-23,https://www.jra.go.jp/datafile/seiseki/report/2020/2020-3niigata4.pdf,official_daily_result_pdf
202004030405,2020,新潟,3,4,5,2020-08-23,https://www.jra.go.jp/datafile/seiseki/report/2020/2020-3niigata4.pdf,official_daily_result_pdf
202004030406,2020,新潟,3,4,6,2020-08-23,https://www.jra.go.jp/datafile/seiseki/report/2020/2020-3niigata4.pdf,official_daily_result_pdf
202004030407,2020,新潟,3,4,7,2020-08-23,https://www.jra.go.jp/datafile/seiseki/report/2020/2020-3niigata4.pdf,official_daily_result_pdf
202004030408,2020,新潟,3,4,8,2020-08-23,https://www.jra.go.jp/datafile/seiseki/report/2020/2020-3niigata4.pdf,official_daily_result_pdf
202004030409,2020,新潟,3,4,9,2020-08-23,https://www.jra.go.jp/datafile/seiseki/report/2020/2020-3niigata4.pdf,official_daily_result_pdf
202004030410,2020,新潟,3,4,10,2020-08-23,https://www.jra.go.jp/datafile/seiseki/report/2020/2020-3niigata4.pdf,official_daily_result_pdf
202004030411,2020,新潟,3,4,11,2020-08-23,https://www.jra.go.jp/datafile/seiseki/report/2020/2020-3niigata4.pdf,official_daily_result_pdf
202004030412,2020,新潟,3,4,12,2020-08-23,https://www.jra.go.jp/datafile/seiseki/report/2020/2020-3niigata4.pdf,official_daily_result_pdf
202004030501,2020,新潟,3,5,1,2020-08-29,https://www.jra.go.jp/datafile/seiseki/report/2020/2020-3niigata5.pdf,official_daily_result_pdf
202004030502,2020,新潟,3,5,2,2020-08-29,https://www.jra.go.jp/datafile/seiseki/report/2020/2020-3niigata5.pdf,official_daily_result_pdf
202004030503,2020,新潟,3,5,3,2020-08-29,https://www.jra.go.jp/datafile/seiseki/report/2020/2020-3niigata5.pdf,official_daily_result_pdf
202004030504,2020,新潟,3,5,4,2020-08-29,https://www.jra.go.jp/datafile/seiseki/report/2020/2020-3niigata5.pdf,official_daily_result_pdf
202004030505,2020,新潟,3,5,5,2020-08-29,https://www.jra.go.jp/datafile/seiseki/report/2020/2020-3niigata5.pdf,official_daily_result_pdf
202004030506,2020,新潟,3,5,6,2020-08-29,https://www.jra.go.jp/datafile/seiseki/report/2020/2020-3niigata5.pdf,official_daily_result_pdf
202004030507,2020,新潟,3,5,7,2020-08-29,https://www.jra.go.jp/datafile/seiseki/report/2020/2020-3niigata5.pdf,official_daily_result_pdf
202004030508,2020,新潟,3,5,8,2020-08-29,https://www.jra.go.jp/datafile/seiseki/report/2020/2020-3niigata5.pdf,official_daily_result_pdf
202004030509,2020,新潟,3,5,9,2020-08-29,https://www.jra.go.jp/datafile/seiseki/report/2020/2020-3niigata5.pdf,official_daily_result_pdf
202004030510,2020,新潟,3,5,10,2020-08-29,https://www.jra.go.jp/datafile/seiseki/report/2020/2020-3niigata5.pdf,official_daily_result_pdf
202004030511,2020,新潟,3,5,11,2020-08-29,https://www.jra.go.jp/datafile/seiseki/report/2020/2020-3niigata5.pdf,official_daily_result_pdf
202004030512,2020,新潟,3,5,12,2020-08-29,https://www.jra.go.jp/datafile/seiseki/report/2020/2020-3niigata5.pdf,official_daily_result_pdf
202004030601,2020,新潟,3,6,1,2020-08-30,https://www.jra.go.jp/datafile/seiseki/report/2020/2020-3niigata6.pdf,official_daily_result_pdf
202004030602,2020,新潟,3,6,2,2020-08-30,https://www.jra.go.jp/datafile/seiseki/report/2020/2020-3niigata6.pdf,official_daily_result_pdf
202004030603,2020,新潟,3,6,3,2020-08-30,https://www.jra.go.jp/datafile/seiseki/report/2020/2020-3niigata6.pdf,official_daily_result_pdf
202004030604,2020,新潟,3,6,4,2020-08-30,https://www.jra.go.jp/datafile/seiseki/report/2020/2020-3niigata6.pdf,official_daily_result_pdf
202004030605,2020,新潟,3,6,5,2020-08-30,https://www.jra.go.jp/datafile/seiseki/report/2020/2020-3niigata6.pdf,official_daily_result_pdf
202004030606,2020,新潟,3,6,6,2020-08-30,https://www.jra.go.jp/datafile/seiseki/report/2020/2020-3niigata6.pdf,official_daily_result_pdf
202004030607,2020,新潟,3,6,7,2020-08-30,https://www.jra.go.jp/datafile/seiseki/report/2020/2020-3niigata6.pdf,official_daily_result_pdf
202004030608,2020,新潟,3,6,8,2020-08-30,https://www.jra.go.jp/datafile/seiseki/report/2020/2020-3niigata6.pdf,official_daily_result_pdf
202004030609,2020,新潟,3,6,9,2020-08-30,https://www.jra.go.jp/datafile/seiseki/report/2020/2020-3niigata6.pdf,official_daily_result_pdf
202004030610,2020,新潟,3,6,10,2020-08-30,https://www.jra.go.jp/datafile/seiseki/report/2020/2020-3niigata6.pdf,official_daily_result_pdf
202004030611,2020,新潟,3,6,11,2020-08-30,https://www.jra.go.jp/datafile/seiseki/report/2020/2020-3niigata6.pdf,official_daily_result_pdf
202004030612,2020,新潟,3,6,12,2020-08-30,https://www.jra.go.jp/datafile/seiseki/report/2020/2020-3niigata6.pdf,official_daily_result_pdf
202004030701,2020,新潟,3,7,1,2020-09-05,https://www.jra.go.jp/datafile/seiseki/report/2020/2020-3niigata7.pdf,official_daily_result_pdf
202004030702,2020,新潟,3,7,2,2020-09-05,https://www.jra.go.jp/datafile/seiseki/report/2020/2020-3niigata7.pdf,official_daily_result_pdf
202004030703,2020,新潟,3,7,3,2020-09-05,https://www.jra.go.jp/datafile/seiseki/report/2020/2020-3niigata7.pdf,official_daily_result_pdf
202004030704,2020,新潟,3,7,4,2020-09-05,https://www.jra.go.jp/datafile/seiseki/report/2020/2020-3niigata7.pdf,official_daily_result_pdf
202004030705,2020,新潟,3,7,5,2020-09-05,https://www.jra.go.jp/datafile/seiseki/report/2020/2020-3niigata7.pdf,official_daily_result_pdf
202004030706,2020,新潟,3,7,6,2020-09-05,https://www.jra.go.jp/datafile/seiseki/report/2020/2020-3niigata7.pdf,official_daily_result_pdf
202004030707,2020,新潟,3,7,7,2020-09-05,https://www.jra.go.jp/datafile/seiseki/report/2020/2020-3niigata7.pdf,official_daily_result_pdf
202004030708,2020,新潟,3,7,8,2020-09-05,https://www.jra.go.jp/datafile/seiseki/report/2020/2020-3niigata7.pdf,official_daily_result_pdf
202004030709,2020,新潟,3,7,9,2020-09-05,https://www.jra.go.jp/datafile/seiseki/report/2020/2020-3niigata7.pdf,official_daily_result_pdf
202004030710,2020,新潟,3,7,10,2020-09-05,https://www.jra.go.jp/datafile/seiseki/report/2020/2020-3niigata7.pdf,official_daily_result_pdf
202004030711,2020,新潟,3,7,11,2020-09-05,https://www.jra.go.jp/datafile/seiseki/report/2020/2020-3niigata7.pdf,official_daily_result_pdf
202004030712,2020,新潟,3,7,12,2020-09-05,https://www.jra.go.jp/datafile/seiseki/report/2020/2020-3niigata7.pdf,official_daily_result_pdf
202004030801,2020,新潟,3,8,1,2020-09-06,https://www.jra.go.jp/datafile/seiseki/report/2020/2020-3niigata8.pdf,official_daily_result_pdf
202004030802,2020,新潟,3,8,2,2020-09-06,https://www.jra.go.jp/datafile/seiseki/report/2020/2020-3niigata8.pdf,official_daily_result_pdf
202004030803,2020,新潟,3,8,3,2020-09-06,https://www.jra.go.jp/datafile/seiseki/report/2020/2020-3niigata8.pdf,official_daily_result_pdf
202004030804,2020,新潟,3,8,4,2020-09-06,https://www.jra.go.jp/datafile/seiseki/report/2020/2020-3niigata8.pdf,official_daily_result_pdf
202004030805,2020,新潟,3,8,5,2020-09-06,https://www.jra.go.jp/datafile/seiseki/report/2020/2020-3niigata8.pdf,official_daily_result_pdf
202004030806,2020,新潟,3,8,6,2020-09-06,https://www.jra.go.jp/datafile/seiseki/report/2020/2020-3niigata8.pdf,official_daily_result_pdf
202004030807,2020,新潟,3,8,7,2020-09-06,https://www.jra.go.jp/datafile/seiseki/report/2020/2020-3niigata8.pdf,official_daily_result_pdf
202004030808,2020,新潟,3,8,8,2020-09-06,https://www.jra.go.jp/datafile/seiseki/report/2020/2020-3niigata8.pdf,official_daily_result_pdf
202004030809,2020,新潟,3,8,9,2020-09-06,https://www.jra.go.jp/datafile/seiseki/report/2020/2020-3niigata8.pdf,official_daily_result_pdf
202004030810,2020,新潟,3,8,10,2020-09-06,https://www.jra.go.jp/datafile/seiseki/report/2020/2020-3niigata8.pdf,official_daily_result_pdf
202004030811,2020,新潟,3,8,11,2020-09-06,https://www.jra.go.jp/datafile/seiseki/report/2020/2020-3niigata8.pdf,official_daily_result_pdf
202004030812,2020,新潟,3,8,12,2020-09-06,https://www.jra.go.jp/datafile/seiseki/report/2020/2020-3niigata8.pdf,official_daily_result_pdf
202004040101,2020,新潟,4,1,1,2020-10-10,https://www.jra.go.jp/datafile/seiseki/report/2020/2020-4niigata1.pdf,official_daily_result_pdf
202004040102,2020,新潟,4,1,2,2020-10-10,https://www.jra.go.jp/datafile/seiseki/report/2020/2020-4niigata1.pdf,official_daily_result_pdf
202004040103,2020,新潟,4,1,3,2020-10-10,https://www.jra.go.jp/datafile/seiseki/report/2020/2020-4niigata1.pdf,official_daily_result_pdf
202004040104,2020,新潟,4,1,4,2020-10-10,https://www.jra.go.jp/datafile/seiseki/report/2020/2020-4niigata1.pdf,official_daily_result_pdf
202004040105,2020,新潟,4,1,5,2020-10-10,https://www.jra.go.jp/datafile/seiseki/report/2020/2020-4niigata1.pdf,official_daily_result_pdf
202004040106,2020,新潟,4,1,6,2020-10-10,https://www.jra.go.jp/datafile/seiseki/report/2020/2020-4niigata1.pdf,official_daily_result_pdf
202004040107,2020,新潟,4,1,7,2020-10-10,https://www.jra.go.jp/datafile/seiseki/report/2020/2020-4niigata1.pdf,official_daily_result_pdf
202004040108,2020,新潟,4,1,8,2020-10-10,https://www.jra.go.jp/datafile/seiseki/report/2020/2020-4niigata1.pdf,official_daily_result_pdf
202004040109,2020,新潟,4,1,9,2020-10-10,https://www.jra.go.jp/datafile/seiseki/report/2020/2020-4niigata1.pdf,official_daily_result_pdf
202004040110,2020,新潟,4,1,10,2020-10-10,https://www.jra.go.jp/datafile/seiseki/report/2020/2020-4niigata1.pdf,official_daily_result_pdf
202004040111,2020,新潟,4,1,11,2020-10-10,https://www.jra.go.jp/datafile/seiseki/report/2020/2020-4niigata1.pdf,official_daily_result_pdf
202004040112,2020,新潟,4,1,12,2020-10-10,https://www.jra.go.jp/datafile/seiseki/report/2020/2020-4niigata1.pdf,official_daily_result_pdf
202004040201,2020,新潟,4,2,1,2020-10-11,https://www.jra.go.jp/datafile/seiseki/report/2020/2020-4niigata2.pdf,official_daily_result_pdf
202004040202,2020,新潟,4,2,2,2020-10-11,https://www.jra.go.jp/datafile/seiseki/report/2020/2020-4niigata2.pdf,official_daily_result_pdf
202004040203,2020,新潟,4,2,3,2020-10-11,https://www.jra.go.jp/datafile/seiseki/report/2020/2020-4niigata2.pdf,official_daily_result_pdf
202004040204,2020,新潟,4,2,4,2020-10-11,https://www.jra.go.jp/datafile/seiseki/report/2020/2020-4niigata2.pdf,official_daily_result_pdf
202004040205,2020,新潟,4,2,5,2020-10-11,https://www.jra.go.jp/datafile/seiseki/report/2020/2020-4niigata2.pdf,official_daily_result_pdf
202004040206,2020,新潟,4,2,6,2020-10-11,https://www.jra.go.jp/datafile/seiseki/report/2020/2020-4niigata2.pdf,official_daily_result_pdf
202004040207,2020,新潟,4,2,7,2020-10-11,https://www.jra.go.jp/datafile/seiseki/report/2020/2020-4niigata2.pdf,official_daily_result_pdf
202004040208,2020,新潟,4,2,8,2020-10-11,https://www.jra.go.jp/datafile/seiseki/report/2020/2020-4niigata2.pdf,official_daily_result_pdf
202004040209,2020,新潟,4,2,9,2020-10-11,https://www.jra.go.jp/datafile/seiseki/report/2020/2020-4niigata2.pdf,official_daily_result_pdf
202004040210,2020,新潟,4,2,10,2020-10-11,https://www.jra.go.jp/datafile/seiseki/report/2020/2020-4niigata2.pdf,official_daily_result_pdf
202004040211,2020,新潟,4,2,11,2020-10-11,https://www.jra.go.jp/datafile/seiseki/report/2020/2020-4niigata2.pdf,official_daily_result_pdf
202004040212,2020,新潟,4,2,12,2020-10-11,https://www.jra.go.jp/datafile/seiseki/report/2020/2020-4niigata2.pdf,official_daily_result_pdf
202004040301,2020,新潟,4,3,1,2020-10-17,https://www.jra.go.jp/datafile/seiseki/report/2020/2020-4niigata3.pdf,official_daily_result_pdf
202004040302,2020,新潟,4,3,2,2020-10-17,https://www.jra.go.jp/datafile/seiseki/report/2020/2020-4niigata3.pdf,official_daily_result_pdf
202004040303,2020,新潟,4,3,3,2020-10-17,https://www.jra.go.jp/datafile/seiseki/report/2020/2020-4niigata3.pdf,official_daily_result_pdf
202004040304,2020,新潟,4,3,4,2020-10-17,https://www.jra.go.jp/datafile/seiseki/report/2020/2020-4niigata3.pdf,official_daily_result_pdf
202004040305,2020,新潟,4,3,5,2020-10-17,https://www.jra.go.jp/datafile/seiseki/report/2020/2020-4niigata3.pdf,official_daily_result_pdf
202004040306,2020,新潟,4,3,6,2020-10-17,https://www.jra.go.jp/datafile/seiseki/report/2020/2020-4niigata3.pdf,official_daily_result_pdf
202004040307,2020,新潟,4,3,7,2020-10-17,https://www.jra.go.jp/datafile/seiseki/report/2020/2020-4niigata3.pdf,official_daily_result_pdf
202004040308,2020,新潟,4,3,8,2020-10-17,https://www.jra.go.jp/datafile/seiseki/report/2020/2020-4niigata3.pdf,official_daily_result_pdf
202004040309,2020,新潟,4,3,9,2020-10-17,https://www.jra.go.jp/datafile/seiseki/report/2020/2020-4niigata3.pdf,official_daily_result_pdf
202004040310,2020,新潟,4,3,10,2020-10-17,https://www.jra.go.jp/datafile/seiseki/report/2020/2020-4niigata3.pdf,official_daily_result_pdf
202004040311,2020,新潟,4,3,11,2020-10-17,https://www.jra.go.jp/datafile/seiseki/report/2020/2020-4niigata3.pdf,official_daily_result_pdf
202004040312,2020,新潟,4,3,12,2020-10-17,https://www.jra.go.jp/datafile/seiseki/report/2020/2020-4niigata3.pdf,official_daily_result_pdf
202004040401,2020,新潟,4,4,1,2020-10-18,https://www.jra.go.jp/datafile/seiseki/report/2020/2020-4niigata4.pdf,official_daily_result_pdf
202004040402,2020,新潟,4,4,2,2020-10-18,https://www.jra.go.jp/datafile/seiseki/report/2020/2020-4niigata4.pdf,official_daily_result_pdf
202004040403,2020,新潟,4,4,3,2020-10-18,https://www.jra.go.jp/datafile/seiseki/report/2020/2020-4niigata4.pdf,official_daily_result_pdf
202004040404,2020,新潟,4,4,4,2020-10-18,https://www.jra.go.jp/datafile/seiseki/report/2020/2020-4niigata4.pdf,official_daily_result_pdf
202004040405,2020,新潟,4,4,5,2020-10-18,https://www.jra.go.jp/datafile/seiseki/report/2020/2020-4niigata4.pdf,official_daily_result_pdf
202004040406,2020,新潟,4,4,6,2020-10-18,https://www.jra.go.jp/datafile/seiseki/report/2020/2020-4niigata4.pdf,official_daily_result_pdf
202004040407,2020,新潟,4,4,7,2020-10-18,https://www.jra.go.jp/datafile/seiseki/report/2020/2020-4niigata4.pdf,official_daily_result_pdf
202004040408,2020,新潟,4,4,8,2020-10-18,https://www.jra.go.jp/datafile/seiseki/report/2020/2020-4niigata4.pdf,official_daily_result_pdf
202004040409,2020,新潟,4,4,9,2020-10-18,https://www.jra.go.jp/datafile/seiseki/report/2020/2020-4niigata4.pdf,official_daily_result_pdf
202004040410,2020,新潟,4,4,10,2020-10-18,https://www.jra.go.jp/datafile/seiseki/report/2020/2020-4niigata4.pdf,official_daily_result_pdf
202004040411,2020,新潟,4,4,11,2020-10-18,https://www.jra.go.jp/datafile/seiseki/report/2020/2020-4niigata4.pdf,official_daily_result_pdf
202004040412,2020,新潟,4,4,12,2020-10-18,https://www.jra.go.jp/datafile/seiseki/report/2020/2020-4niigata4.pdf,official_daily_result_pdf
202004040501,2020,新潟,4,5,1,2020-10-24,https://www.jra.go.jp/datafile/seiseki/report/2020/2020-4niigata5.pdf,official_daily_result_pdf
202004040502,2020,新潟,4,5,2,2020-10-24,https://www.jra.go.jp/datafile/seiseki/report/2020/2020-4niigata5.pdf,official_daily_result_pdf
202004040503,2020,新潟,4,5,3,2020-10-24,https://www.jra.go.jp/datafile/seiseki/report/2020/2020-4niigata5.pdf,official_daily_result_pdf
202004040504,2020,新潟,4,5,4,2020-10-24,https://www.jra.go.jp/datafile/seiseki/report/2020/2020-4niigata5.pdf,official_daily_result_pdf
202004040505,2020,新潟,4,5,5,2020-10-24,https://www.jra.go.jp/datafile/seiseki/report/2020/2020-4niigata5.pdf,official_daily_result_pdf
202004040506,2020,新潟,4,5,6,2020-10-24,https://www.jra.go.jp/datafile/seiseki/report/2020/2020-4niigata5.pdf,official_daily_result_pdf
202004040507,2020,新潟,4,5,7,2020-10-24,https://www.jra.go.jp/datafile/seiseki/report/2020/2020-4niigata5.pdf,official_daily_result_pdf
202004040508,2020,新潟,4,5,8,2020-10-24,https://www.jra.go.jp/datafile/seiseki/report/2020/2020-4niigata5.pdf,official_daily_result_pdf
202004040509,2020,新潟,4,5,9,2020-10-24,https://www.jra.go.jp/datafile/seiseki/report/2020/2020-4niigata5.pdf,official_daily_result_pdf
202004040510,2020,新潟,4,5,10,2020-10-24,https://www.jra.go.jp/datafile/seiseki/report/2020/2020-4niigata5.pdf,official_daily_result_pdf
202004040511,2020,新潟,4,5,11,2020-10-24,https://www.jra.go.jp/datafile/seiseki/report/2020/2020-4niigata5.pdf,official_daily_result_pdf
202004040512,2020,新潟,4,5,12,2020-10-24,https://www.jra.go.jp/datafile/seiseki/report/2020/2020-4niigata5.pdf,official_daily_result_pdf
202004040601,2020,新潟,4,6,1,2020-10-25,https://www.jra.go.jp/datafile/seiseki/report/2020/2020-4niigata6.pdf,official_daily_result_pdf
202004040602,2020,新潟,4,6,2,2020-10-25,https://www.jra.go.jp/datafile/seiseki/report/2020/2020-4niigata6.pdf,official_daily_result_pdf
202004040603,2020,新潟,4,6,3,2020-10-25,https://www.jra.go.jp/datafile/seiseki/report/2020/2020-4niigata6.pdf,official_daily_result_pdf
202004040604,2020,新潟,4,6,4,2020-10-25,https://www.jra.go.jp/datafile/seiseki/report/2020/2020-4niigata6.pdf,official_daily_result_pdf
202004040605,2020,新潟,4,6,5,2020-10-25,https://www.jra.go.jp/datafile/seiseki/report/2020/2020-4niigata6.pdf,official_daily_result_pdf
202004040606,2020,新潟,4,6,6,2020-10-25,https://www.jra.go.jp/datafile/seiseki/report/2020/2020-4niigata6.pdf,official_daily_result_pdf
202004040607,2020,新潟,4,6,7,2020-10-25,https://www.jra.go.jp/datafile/seiseki/report/2020/2020-4niigata6.pdf,official_daily_result_pdf
202004040608,2020,新潟,4,6,8,2020-10-25,https://www.jra.go.jp/datafile/seiseki/report/2020/2020-4niigata6.pdf,official_daily_result_pdf
202004040609,2020,新潟,4,6,9,2020-10-25,https://www.jra.go.jp/datafile/seiseki/report/2020/2020-4niigata6.pdf,official_daily_result_pdf
202004040610,2020,新潟,4,6,10,2020-10-25,https://www.jra.go.jp/datafile/seiseki/report/2020/2020-4niigata6.pdf,official_daily_result_pdf
202004040611,2020,新潟,4,6,11,2020-10-25,https://www.jra.go.jp/datafile/seiseki/report/2020/2020-4niigata6.pdf,official_daily_result_pdf
202004040612,2020,新潟,4,6,12,2020-10-25,https://www.jra.go.jp/datafile/seiseki/report/2020/2020-4niigata6.pdf,official_daily_result_pdf
202005010101,2020,東京,1,1,1,2020-02-01,https://www.jra.go.jp/datafile/seiseki/report/2020/2020-1tokyo1.pdf,official_daily_result_pdf
202005010102,2020,東京,1,1,2,2020-02-01,https://www.jra.go.jp/datafile/seiseki/report/2020/2020-1tokyo1.pdf,official_daily_result_pdf
202005010103,2020,東京,1,1,3,2020-02-01,https://www.jra.go.jp/datafile/seiseki/report/2020/2020-1tokyo1.pdf,official_daily_result_pdf
202005010104,2020,東京,1,1,4,2020-02-01,https://www.jra.go.jp/datafile/seiseki/report/2020/2020-1tokyo1.pdf,official_daily_result_pdf
202005010105,2020,東京,1,1,5,2020-02-01,https://www.jra.go.jp/datafile/seiseki/report/2020/2020-1tokyo1.pdf,official_daily_result_pdf
202005010106,2020,東京,1,1,6,2020-02-01,https://www.jra.go.jp/datafile/seiseki/report/2020/2020-1tokyo1.pdf,official_daily_result_pdf
202005010107,2020,東京,1,1,7,2020-02-01,https://www.jra.go.jp/datafile/seiseki/report/2020/2020-1tokyo1.pdf,official_daily_result_pdf
202005010108,2020,東京,1,1,8,2020-02-01,https://www.jra.go.jp/datafile/seiseki/report/2020/2020-1tokyo1.pdf,official_daily_result_pdf
202005010109,2020,東京,1,1,9,2020-02-01,https://www.jra.go.jp/datafile/seiseki/report/2020/2020-1tokyo1.pdf,official_daily_result_pdf
202005010110,2020,東京,1,1,10,2020-02-01,https://www.jra.go.jp/datafile/seiseki/report/2020/2020-1tokyo1.pdf,official_daily_result_pdf
202005010111,2020,東京,1,1,11,2020-02-01,https://www.jra.go.jp/datafile/seiseki/report/2020/2020-1tokyo1.pdf,official_daily_result_pdf
202005010112,2020,東京,1,1,12,2020-02-01,https://www.jra.go.jp/datafile/seiseki/report/2020/2020-1tokyo1.pdf,official_daily_result_pdf
202005010201,2020,東京,1,2,1,2020-02-02,https://www.jra.go.jp/datafile/seiseki/report/2020/2020-1tokyo2.pdf,official_daily_result_pdf
202005010202,2020,東京,1,2,2,2020-02-02,https://www.jra.go.jp/datafile/seiseki/report/2020/2020-1tokyo2.pdf,official_daily_result_pdf
202005010203,2020,東京,1,2,3,2020-02-02,https://www.jra.go.jp/datafile/seiseki/report/2020/2020-1tokyo2.pdf,official_daily_result_pdf
202005010204,2020,東京,1,2,4,2020-02-02,https://www.jra.go.jp/datafile/seiseki/report/2020/2020-1tokyo2.pdf,official_daily_result_pdf
202005010205,2020,東京,1,2,5,2020-02-02,https://www.jra.go.jp/datafile/seiseki/report/2020/2020-1tokyo2.pdf,official_daily_result_pdf
202005010206,2020,東京,1,2,6,2020-02-02,https://www.jra.go.jp/datafile/seiseki/report/2020/2020-1tokyo2.pdf,official_daily_result_pdf
202005010207,2020,東京,1,2,7,2020-02-02,https://www.jra.go.jp/datafile/seiseki/report/2020/2020-1tokyo2.pdf,official_daily_result_pdf
202005010208,2020,東京,1,2,8,2020-02-02,https://www.jra.go.jp/datafile/seiseki/report/2020/2020-1tokyo2.pdf,official_daily_result_pdf
202005010209,2020,東京,1,2,9,2020-02-02,https://www.jra.go.jp/datafile/seiseki/report/2020/2020-1tokyo2.pdf,official_daily_result_pdf
202005010210,2020,東京,1,2,10,2020-02-02,https://www.jra.go.jp/datafile/seiseki/report/2020/2020-1tokyo2.pdf,official_daily_result_pdf
202005010211,2020,東京,1,2,11,2020-02-02,https://www.jra.go.jp/datafile/seiseki/report/2020/2020-1tokyo2.pdf,official_daily_result_pdf
202005010212,2020,東京,1,2,12,2020-02-02,https://www.jra.go.jp/datafile/seiseki/report/2020/2020-1tokyo2.pdf,official_daily_result_pdf
202005010301,2020,東京,1,3,1,2020-02-08,https://www.jra.go.jp/datafile/seiseki/report/2020/2020-1tokyo3.pdf,official_daily_result_pdf
202005010302,2020,東京,1,3,2,2020-02-08,https://www.jra.go.jp/datafile/seiseki/report/2020/2020-1tokyo3.pdf,official_daily_result_pdf
202005010303,2020,東京,1,3,3,2020-02-08,https://www.jra.go.jp/datafile/seiseki/report/2020/2020-1tokyo3.pdf,official_daily_result_pdf
202005010304,2020,東京,1,3,4,2020-02-08,https://www.jra.go.jp/datafile/seiseki/report/2020/2020-1tokyo3.pdf,official_daily_result_pdf
202005010305,2020,東京,1,3,5,2020-02-08,https://www.jra.go.jp/datafile/seiseki/report/2020/2020-1tokyo3.pdf,official_daily_result_pdf
202005010306,2020,東京,1,3,6,2020-02-08,https://www.jra.go.jp/datafile/seiseki/report/2020/2020-1tokyo3.pdf,official_daily_result_pdf
202005010307,2020,東京,1,3,7,2020-02-08,https://www.jra.go.jp/datafile/seiseki/report/2020/2020-1tokyo3.pdf,official_daily_result_pdf
202005010308,2020,東京,1,3,8,2020-02-08,https://www.jra.go.jp/datafile/seiseki/report/2020/2020-1tokyo3.pdf,official_daily_result_pdf
202005010309,2020,東京,1,3,9,2020-02-08,https://www.jra.go.jp/datafile/seiseki/report/2020/2020-1tokyo3.pdf,official_daily_result_pdf
202005010310,2020,東京,1,3,10,2020-02-08,https://www.jra.go.jp/datafile/seiseki/report/2020/2020-1tokyo3.pdf,official_daily_result_pdf
202005010311,2020,東京,1,3,11,2020-02-08,https://www.jra.go.jp/datafile/seiseki/report/2020/2020-1tokyo3.pdf,official_daily_result_pdf
202005010312,2020,東京,1,3,12,2020-02-08,https://www.jra.go.jp/datafile/seiseki/report/2020/2020-1tokyo3.pdf,official_daily_result_pdf
202005010401,2020,東京,1,4,1,2020-02-09,https://www.jra.go.jp/datafile/seiseki/report/2020/2020-1tokyo4.pdf,official_daily_result_pdf
202005010402,2020,東京,1,4,2,2020-02-09,https://www.jra.go.jp/datafile/seiseki/report/2020/2020-1tokyo4.pdf,official_daily_result_pdf
202005010403,2020,東京,1,4,3,2020-02-09,https://www.jra.go.jp/datafile/seiseki/report/2020/2020-1tokyo4.pdf,official_daily_result_pdf
202005010404,2020,東京,1,4,4,2020-02-09,https://www.jra.go.jp/datafile/seiseki/report/2020/2020-1tokyo4.pdf,official_daily_result_pdf
202005010405,2020,東京,1,4,5,2020-02-09,https://www.jra.go.jp/datafile/seiseki/report/2020/2020-1tokyo4.pdf,official_daily_result_pdf
202005010406,2020,東京,1,4,6,2020-02-09,https://www.jra.go.jp/datafile/seiseki/report/2020/2020-1tokyo4.pdf,official_daily_result_pdf
202005010407,2020,東京,1,4,7,2020-02-09,https://www.jra.go.jp/datafile/seiseki/report/2020/2020-1tokyo4.pdf,official_daily_result_pdf
202005010408,2020,東京,1,4,8,2020-02-09,https://www.jra.go.jp/datafile/seiseki/report/2020/2020-1tokyo4.pdf,official_daily_result_pdf
202005010409,2020,東京,1,4,9,2020-02-09,https://www.jra.go.jp/datafile/seiseki/report/2020/2020-1tokyo4.pdf,official_daily_result_pdf
202005010410,2020,東京,1,4,10,2020-02-09,https://www.jra.go.jp/datafile/seiseki/report/2020/2020-1tokyo4.pdf,official_daily_result_pdf
202005010411,2020,東京,1,4,11,2020-02-09,https://www.jra.go.jp/datafile/seiseki/report/2020/2020-1tokyo4.pdf,official_daily_result_pdf
202005010412,2020,東京,1,4,12,2020-02-09,https://www.jra.go.jp/datafile/seiseki/report/2020/2020-1tokyo4.pdf,official_daily_result_pdf
202005010501,2020,東京,1,5,1,2020-02-15,https://www.jra.go.jp/datafile/seiseki/report/2020/2020-1tokyo5.pdf,official_daily_result_pdf
202005010502,2020,東京,1,5,2,2020-02-15,https://www.jra.go.jp/datafile/seiseki/report/2020/2020-1tokyo5.pdf,official_daily_result_pdf
202005010503,2020,東京,1,5,3,2020-02-15,https://www.jra.go.jp/datafile/seiseki/report/2020/2020-1tokyo5.pdf,official_daily_result_pdf
202005010504,2020,東京,1,5,4,2020-02-15,https://www.jra.go.jp/datafile/seiseki/report/2020/2020-1tokyo5.pdf,official_daily_result_pdf
202005010505,2020,東京,1,5,5,2020-02-15,https://www.jra.go.jp/datafile/seiseki/report/2020/2020-1tokyo5.pdf,official_daily_result_pdf
202005010506,2020,東京,1,5,6,2020-02-15,https://www.jra.go.jp/datafile/seiseki/report/2020/2020-1tokyo5.pdf,official_daily_result_pdf
202005010507,2020,東京,1,5,7,2020-02-15,https://www.jra.go.jp/datafile/seiseki/report/2020/2020-1tokyo5.pdf,official_daily_result_pdf
202005010508,2020,東京,1,5,8,2020-02-15,https://www.jra.go.jp/datafile/seiseki/report/2020/2020-1tokyo5.pdf,official_daily_result_pdf
202005010509,2020,東京,1,5,9,2020-02-15,https://www.jra.go.jp/datafile/seiseki/report/2020/2020-1tokyo5.pdf,official_daily_result_pdf
202005010510,2020,東京,1,5,10,2020-02-15,https://www.jra.go.jp/datafile/seiseki/report/2020/2020-1tokyo5.pdf,official_daily_result_pdf
202005010511,2020,東京,1,5,11,2020-02-15,https://www.jra.go.jp/datafile/seiseki/report/2020/2020-1tokyo5.pdf,official_daily_result_pdf
202005010512,2020,東京,1,5,12,2020-02-15,https://www.jra.go.jp/datafile/seiseki/report/2020/2020-1tokyo5.pdf,official_daily_result_pdf
202005010601,2020,東京,1,6,1,2020-02-16,https://www.jra.go.jp/datafile/seiseki/report/2020/2020-1tokyo6.pdf,official_daily_result_pdf
202005010602,2020,東京,1,6,2,2020-02-16,https://www.jra.go.jp/datafile/seiseki/report/2020/2020-1tokyo6.pdf,official_daily_result_pdf
202005010603,2020,東京,1,6,3,2020-02-16,https://www.jra.go.jp/datafile/seiseki/report/2020/2020-1tokyo6.pdf,official_daily_result_pdf
202005010604,2020,東京,1,6,4,2020-02-16,https://www.jra.go.jp/datafile/seiseki/report/2020/2020-1tokyo6.pdf,official_daily_result_pdf
202005010605,2020,東京,1,6,5,2020-02-16,https://www.jra.go.jp/datafile/seiseki/report/2020/2020-1tokyo6.pdf,official_daily_result_pdf
202005010606,2020,東京,1,6,6,2020-02-16,https://www.jra.go.jp/datafile/seiseki/report/2020/2020-1tokyo6.pdf,official_daily_result_pdf
202005010607,2020,東京,1,6,7,2020-02-16,https://www.jra.go.jp/datafile/seiseki/report/2020/2020-1tokyo6.pdf,official_daily_result_pdf
202005010608,2020,東京,1,6,8,2020-02-16,https://www.jra.go.jp/datafile/seiseki/report/2020/2020-1tokyo6.pdf,official_daily_result_pdf
202005010609,2020,東京,1,6,9,2020-02-16,https://www.jra.go.jp/datafile/seiseki/report/2020/2020-1tokyo6.pdf,official_daily_result_pdf
202005010610,2020,東京,1,6,10,2020-02-16,https://www.jra.go.jp/datafile/seiseki/report/2020/2020-1tokyo6.pdf,official_daily_result_pdf
202005010611,2020,東京,1,6,11,2020-02-16,https://www.jra.go.jp/datafile/seiseki/report/2020/2020-1tokyo6.pdf,official_daily_result_pdf
202005010612,2020,東京,1,6,12,2020-02-16,https://www.jra.go.jp/datafile/seiseki/report/2020/2020-1tokyo6.pdf,official_daily_result_pdf
202005010701,2020,東京,1,7,1,2020-02-22,https://www.jra.go.jp/datafile/seiseki/report/2020/2020-1tokyo7.pdf,official_daily_result_pdf
202005010702,2020,東京,1,7,2,2020-02-22,https://www.jra.go.jp/datafile/seiseki/report/2020/2020-1tokyo7.pdf,official_daily_result_pdf
202005010703,2020,東京,1,7,3,2020-02-22,https://www.jra.go.jp/datafile/seiseki/report/2020/2020-1tokyo7.pdf,official_daily_result_pdf
202005010704,2020,東京,1,7,4,2020-02-22,https://www.jra.go.jp/datafile/seiseki/report/2020/2020-1tokyo7.pdf,official_daily_result_pdf
202005010705,2020,東京,1,7,5,2020-02-22,https://www.jra.go.jp/datafile/seiseki/report/2020/2020-1tokyo7.pdf,official_daily_result_pdf
202005010706,2020,東京,1,7,6,2020-02-22,https://www.jra.go.jp/datafile/seiseki/report/2020/2020-1tokyo7.pdf,official_daily_result_pdf
202005010707,2020,東京,1,7,7,2020-02-22,https://www.jra.go.jp/datafile/seiseki/report/2020/2020-1tokyo7.pdf,official_daily_result_pdf
202005010708,2020,東京,1,7,8,2020-02-22,https://www.jra.go.jp/datafile/seiseki/report/2020/2020-1tokyo7.pdf,official_daily_result_pdf
202005010709,2020,東京,1,7,9,2020-02-22,https://www.jra.go.jp/datafile/seiseki/report/2020/2020-1tokyo7.pdf,official_daily_result_pdf
202005010710,2020,東京,1,7,10,2020-02-22,https://www.jra.go.jp/datafile/seiseki/report/2020/2020-1tokyo7.pdf,official_daily_result_pdf
202005010711,2020,東京,1,7,11,2020-02-22,https://www.jra.go.jp/datafile/seiseki/report/2020/2020-1tokyo7.pdf,official_daily_result_pdf
202005010712,2020,東京,1,7,12,2020-02-22,https://www.jra.go.jp/datafile/seiseki/report/2020/2020-1tokyo7.pdf,official_daily_result_pdf
202005010801,2020,東京,1,8,1,2020-02-23,https://www.jra.go.jp/datafile/seiseki/report/2020/2020-1tokyo8.pdf,official_daily_result_pdf
202005010802,2020,東京,1,8,2,2020-02-23,https://www.jra.go.jp/datafile/seiseki/report/2020/2020-1tokyo8.pdf,official_daily_result_pdf
202005010803,2020,東京,1,8,3,2020-02-23,https://www.jra.go.jp/datafile/seiseki/report/2020/2020-1tokyo8.pdf,official_daily_result_pdf
202005010804,2020,東京,1,8,4,2020-02-23,https://www.jra.go.jp/datafile/seiseki/report/2020/2020-1tokyo8.pdf,official_daily_result_pdf
202005010805,2020,東京,1,8,5,2020-02-23,https://www.jra.go.jp/datafile/seiseki/report/2020/2020-1tokyo8.pdf,official_daily_result_pdf
202005010806,2020,東京,1,8,6,2020-02-23,https://www.jra.go.jp/datafile/seiseki/report/2020/2020-1tokyo8.pdf,official_daily_result_pdf
202005010807,2020,東京,1,8,7,2020-02-23,https://www.jra.go.jp/datafile/seiseki/report/2020/2020-1tokyo8.pdf,official_daily_result_pdf
202005010808,2020,東京,1,8,8,2020-02-23,https://www.jra.go.jp/datafile/seiseki/report/2020/2020-1tokyo8.pdf,official_daily_result_pdf
202005010809,2020,東京,1,8,9,2020-02-23,https://www.jra.go.jp/datafile/seiseki/report/2020/2020-1tokyo8.pdf,official_daily_result_pdf
202005010810,2020,東京,1,8,10,2020-02-23,https://www.jra.go.jp/datafile/seiseki/report/2020/2020-1tokyo8.pdf,official_daily_result_pdf
202005010811,2020,東京,1,8,11,2020-02-23,https://www.jra.go.jp/datafile/seiseki/report/2020/2020-1tokyo8.pdf,official_daily_result_pdf
202005010812,2020,東京,1,8,12,2020-02-23,https://www.jra.go.jp/datafile/seiseki/report/2020/2020-1tokyo8.pdf,official_daily_result_pdf
202005020101,2020,東京,2,1,1,2020-04-25,https://www.jra.go.jp/datafile/seiseki/report/2020/2020-2tokyo1.pdf,official_daily_result_pdf
202005020102,2020,東京,2,1,2,2020-04-25,https://www.jra.go.jp/datafile/seiseki/report/2020/2020-2tokyo1.pdf,official_daily_result_pdf
202005020103,2020,東京,2,1,3,2020-04-25,https://www.jra.go.jp/datafile/seiseki/report/2020/2020-2tokyo1.pdf,official_daily_result_pdf
202005020104,2020,東京,2,1,4,2020-04-25,https://www.jra.go.jp/datafile/seiseki/report/2020/2020-2tokyo1.pdf,official_daily_result_pdf
202005020105,2020,東京,2,1,5,2020-04-25,https://www.jra.go.jp/datafile/seiseki/report/2020/2020-2tokyo1.pdf,official_daily_result_pdf
202005020106,2020,東京,2,1,6,2020-04-25,https://www.jra.go.jp/datafile/seiseki/report/2020/2020-2tokyo1.pdf,official_daily_result_pdf
202005020107,2020,東京,2,1,7,2020-04-25,https://www.jra.go.jp/datafile/seiseki/report/2020/2020-2tokyo1.pdf,official_daily_result_pdf
202005020108,2020,東京,2,1,8,2020-04-25,https://www.jra.go.jp/datafile/seiseki/report/2020/2020-2tokyo1.pdf,official_daily_result_pdf
202005020109,2020,東京,2,1,9,2020-04-25,https://www.jra.go.jp/datafile/seiseki/report/2020/2020-2tokyo1.pdf,official_daily_result_pdf
202005020110,2020,東京,2,1,10,2020-04-25,https://www.jra.go.jp/datafile/seiseki/report/2020/2020-2tokyo1.pdf,official_daily_result_pdf
202005020111,2020,東京,2,1,11,2020-04-25,https://www.jra.go.jp/datafile/seiseki/report/2020/2020-2tokyo1.pdf,official_daily_result_pdf
202005020112,2020,東京,2,1,12,2020-04-25,https://www.jra.go.jp/datafile/seiseki/report/2020/2020-2tokyo1.pdf,official_daily_result_pdf
202005020201,2020,東京,2,2,1,2020-04-26,https://www.jra.go.jp/datafile/seiseki/report/2020/2020-2tokyo2.pdf,official_daily_result_pdf
202005020202,2020,東京,2,2,2,2020-04-26,https://www.jra.go.jp/datafile/seiseki/report/2020/2020-2tokyo2.pdf,official_daily_result_pdf
202005020203,2020,東京,2,2,3,2020-04-26,https://www.jra.go.jp/datafile/seiseki/report/2020/2020-2tokyo2.pdf,official_daily_result_pdf
202005020204,2020,東京,2,2,4,2020-04-26,https://www.jra.go.jp/datafile/seiseki/report/2020/2020-2tokyo2.pdf,official_daily_result_pdf
202005020205,2020,東京,2,2,5,2020-04-26,https://www.jra.go.jp/datafile/seiseki/report/2020/2020-2tokyo2.pdf,official_daily_result_pdf
202005020206,2020,東京,2,2,6,2020-04-26,https://www.jra.go.jp/datafile/seiseki/report/2020/2020-2tokyo2.pdf,official_daily_result_pdf
202005020207,2020,東京,2,2,7,2020-04-26,https://www.jra.go.jp/datafile/seiseki/report/2020/2020-2tokyo2.pdf,official_daily_result_pdf
202005020208,2020,東京,2,2,8,2020-04-26,https://www.jra.go.jp/datafile/seiseki/report/2020/2020-2tokyo2.pdf,official_daily_result_pdf
202005020209,2020,東京,2,2,9,2020-04-26,https://www.jra.go.jp/datafile/seiseki/report/2020/2020-2tokyo2.pdf,official_daily_result_pdf
202005020210,2020,東京,2,2,10,2020-04-26,https://www.jra.go.jp/datafile/seiseki/report/2020/2020-2tokyo2.pdf,official_daily_result_pdf
202005020211,2020,東京,2,2,11,2020-04-26,https://www.jra.go.jp/datafile/seiseki/report/2020/2020-2tokyo2.pdf,official_daily_result_pdf
202005020212,2020,東京,2,2,12,2020-04-26,https://www.jra.go.jp/datafile/seiseki/report/2020/2020-2tokyo2.pdf,official_daily_result_pdf
202005020301,2020,東京,2,3,1,2020-05-02,https://www.jra.go.jp/datafile/seiseki/report/2020/2020-2tokyo3.pdf,official_daily_result_pdf
202005020302,2020,東京,2,3,2,2020-05-02,https://www.jra.go.jp/datafile/seiseki/report/2020/2020-2tokyo3.pdf,official_daily_result_pdf
202005020303,2020,東京,2,3,3,2020-05-02,https://www.jra.go.jp/datafile/seiseki/report/2020/2020-2tokyo3.pdf,official_daily_result_pdf
202005020304,2020,東京,2,3,4,2020-05-02,https://www.jra.go.jp/datafile/seiseki/report/2020/2020-2tokyo3.pdf,official_daily_result_pdf
202005020305,2020,東京,2,3,5,2020-05-02,https://www.jra.go.jp/datafile/seiseki/report/2020/2020-2tokyo3.pdf,official_daily_result_pdf
202005020306,2020,東京,2,3,6,2020-05-02,https://www.jra.go.jp/datafile/seiseki/report/2020/2020-2tokyo3.pdf,official_daily_result_pdf
202005020307,2020,東京,2,3,7,2020-05-02,https://www.jra.go.jp/datafile/seiseki/report/2020/2020-2tokyo3.pdf,official_daily_result_pdf
202005020308,2020,東京,2,3,8,2020-05-02,https://www.jra.go.jp/datafile/seiseki/report/2020/2020-2tokyo3.pdf,official_daily_result_pdf
202005020309,2020,東京,2,3,9,2020-05-02,https://www.jra.go.jp/datafile/seiseki/report/2020/2020-2tokyo3.pdf,official_daily_result_pdf
202005020310,2020,東京,2,3,10,2020-05-02,https://www.jra.go.jp/datafile/seiseki/report/2020/2020-2tokyo3.pdf,official_daily_result_pdf
202005020311,2020,東京,2,3,11,2020-05-02,https://www.jra.go.jp/datafile/seiseki/report/2020/2020-2tokyo3.pdf,official_daily_result_pdf
202005020312,2020,東京,2,3,12,2020-05-02,https://www.jra.go.jp/datafile/seiseki/report/2020/2020-2tokyo3.pdf,official_daily_result_pdf
202005020401,2020,東京,2,4,1,2020-05-03,https://www.jra.go.jp/datafile/seiseki/report/2020/2020-2tokyo4.pdf,official_daily_result_pdf
202005020402,2020,東京,2,4,2,2020-05-03,https://www.jra.go.jp/datafile/seiseki/report/2020/2020-2tokyo4.pdf,official_daily_result_pdf
202005020403,2020,東京,2,4,3,2020-05-03,https://www.jra.go.jp/datafile/seiseki/report/2020/2020-2tokyo4.pdf,official_daily_result_pdf
202005020404,2020,東京,2,4,4,2020-05-03,https://www.jra.go.jp/datafile/seiseki/report/2020/2020-2tokyo4.pdf,official_daily_result_pdf
202005020405,2020,東京,2,4,5,2020-05-03,https://www.jra.go.jp/datafile/seiseki/report/2020/2020-2tokyo4.pdf,official_daily_result_pdf
202005020406,2020,東京,2,4,6,2020-05-03,https://www.jra.go.jp/datafile/seiseki/report/2020/2020-2tokyo4.pdf,official_daily_result_pdf
202005020407,2020,東京,2,4,7,2020-05-03,https://www.jra.go.jp/datafile/seiseki/report/2020/2020-2tokyo4.pdf,official_daily_result_pdf
202005020408,2020,東京,2,4,8,2020-05-03,https://www.jra.go.jp/datafile/seiseki/report/2020/2020-2tokyo4.pdf,official_daily_result_pdf
202005020409,2020,東京,2,4,9,2020-05-03,https://www.jra.go.jp/datafile/seiseki/report/2020/2020-2tokyo4.pdf,official_daily_result_pdf
202005020410,2020,東京,2,4,10,2020-05-03,https://www.jra.go.jp/datafile/seiseki/report/2020/2020-2tokyo4.pdf,official_daily_result_pdf
202005020411,2020,東京,2,4,11,2020-05-03,https://www.jra.go.jp/datafile/seiseki/report/2020/2020-2tokyo4.pdf,official_daily_result_pdf
202005020412,2020,東京,2,4,12,2020-05-03,https://www.jra.go.jp/datafile/seiseki/report/2020/2020-2tokyo4.pdf,official_daily_result_pdf
202005020501,2020,東京,2,5,1,2020-05-09,https://www.jra.go.jp/datafile/seiseki/report/2020/2020-2tokyo5.pdf,official_calendar_verified_override
202005020502,2020,東京,2,5,2,2020-05-09,https://www.jra.go.jp/datafile/seiseki/report/2020/2020-2tokyo5.pdf,official_calendar_verified_override
202005020503,2020,東京,2,5,3,2020-05-09,https://www.jra.go.jp/datafile/seiseki/report/2020/2020-2tokyo5.pdf,official_calendar_verified_override
202005020504,2020,東京,2,5,4,2020-05-09,https://www.jra.go.jp/datafile/seiseki/report/2020/2020-2tokyo5.pdf,official_calendar_verified_override
202005020505,2020,東京,2,5,5,2020-05-09,https://www.jra.go.jp/datafile/seiseki/report/2020/2020-2tokyo5.pdf,official_calendar_verified_override
202005020506,2020,東京,2,5,6,2020-05-09,https://www.jra.go.jp/datafile/seiseki/report/2020/2020-2tokyo5.pdf,official_calendar_verified_override
202005020507,2020,東京,2,5,7,2020-05-09,https://www.jra.go.jp/datafile/seiseki/report/2020/2020-2tokyo5.pdf,official_calendar_verified_override
202005020508,2020,東京,2,5,8,2020-05-09,https://www.jra.go.jp/datafile/seiseki/report/2020/2020-2tokyo5.pdf,official_calendar_verified_override
202005020509,2020,東京,2,5,9,2020-05-09,https://www.jra.go.jp/datafile/seiseki/report/2020/2020-2tokyo5.pdf,official_calendar_verified_override
202005020510,2020,東京,2,5,10,2020-05-09,https://www.jra.go.jp/datafile/seiseki/report/2020/2020-2tokyo5.pdf,official_calendar_verified_override
202005020511,2020,東京,2,5,11,2020-05-09,https://www.jra.go.jp/datafile/seiseki/report/2020/2020-2tokyo5.pdf,official_calendar_verified_override
202005020512,2020,東京,2,5,12,2020-05-09,https://www.jra.go.jp/datafile/seiseki/report/2020/2020-2tokyo5.pdf,official_calendar_verified_override
202005020601,2020,東京,2,6,1,2020-05-10,https://www.jra.go.jp/datafile/seiseki/report/2020/2020-2tokyo6.pdf,official_daily_result_pdf
202005020602,2020,東京,2,6,2,2020-05-10,https://www.jra.go.jp/datafile/seiseki/report/2020/2020-2tokyo6.pdf,official_daily_result_pdf
202005020603,2020,東京,2,6,3,2020-05-10,https://www.jra.go.jp/datafile/seiseki/report/2020/2020-2tokyo6.pdf,official_daily_result_pdf
202005020604,2020,東京,2,6,4,2020-05-10,https://www.jra.go.jp/datafile/seiseki/report/2020/2020-2tokyo6.pdf,official_daily_result_pdf
202005020605,2020,東京,2,6,5,2020-05-10,https://www.jra.go.jp/datafile/seiseki/report/2020/2020-2tokyo6.pdf,official_daily_result_pdf
202005020606,2020,東京,2,6,6,2020-05-10,https://www.jra.go.jp/datafile/seiseki/report/2020/2020-2tokyo6.pdf,official_daily_result_pdf
202005020607,2020,東京,2,6,7,2020-05-10,https://www.jra.go.jp/datafile/seiseki/report/2020/2020-2tokyo6.pdf,official_daily_result_pdf
202005020608,2020,東京,2,6,8,2020-05-10,https://www.jra.go.jp/datafile/seiseki/report/2020/2020-2tokyo6.pdf,official_daily_result_pdf
202005020609,2020,東京,2,6,9,2020-05-10,https://www.jra.go.jp/datafile/seiseki/report/2020/2020-2tokyo6.pdf,official_daily_result_pdf
202005020610,2020,東京,2,6,10,2020-05-10,https://www.jra.go.jp/datafile/seiseki/report/2020/2020-2tokyo6.pdf,official_daily_result_pdf
202005020611,2020,東京,2,6,11,2020-05-10,https://www.jra.go.jp/datafile/seiseki/report/2020/2020-2tokyo6.pdf,official_daily_result_pdf
202005020612,2020,東京,2,6,12,2020-05-10,https://www.jra.go.jp/datafile/seiseki/report/2020/2020-2tokyo6.pdf,official_daily_result_pdf
202005020701,2020,東京,2,7,1,2020-05-16,https://www.jra.go.jp/datafile/seiseki/report/2020/2020-2tokyo7.pdf,official_daily_result_pdf
202005020702,2020,東京,2,7,2,2020-05-16,https://www.jra.go.jp/datafile/seiseki/report/2020/2020-2tokyo7.pdf,official_daily_result_pdf
202005020703,2020,東京,2,7,3,2020-05-16,https://www.jra.go.jp/datafile/seiseki/report/2020/2020-2tokyo7.pdf,official_daily_result_pdf
202005020704,2020,東京,2,7,4,2020-05-16,https://www.jra.go.jp/datafile/seiseki/report/2020/2020-2tokyo7.pdf,official_daily_result_pdf
202005020705,2020,東京,2,7,5,2020-05-16,https://www.jra.go.jp/datafile/seiseki/report/2020/2020-2tokyo7.pdf,official_daily_result_pdf
202005020706,2020,東京,2,7,6,2020-05-16,https://www.jra.go.jp/datafile/seiseki/report/2020/2020-2tokyo7.pdf,official_daily_result_pdf
202005020707,2020,東京,2,7,7,2020-05-16,https://www.jra.go.jp/datafile/seiseki/report/2020/2020-2tokyo7.pdf,official_daily_result_pdf
202005020708,2020,東京,2,7,8,2020-05-16,https://www.jra.go.jp/datafile/seiseki/report/2020/2020-2tokyo7.pdf,official_daily_result_pdf
202005020709,2020,東京,2,7,9,2020-05-16,https://www.jra.go.jp/datafile/seiseki/report/2020/2020-2tokyo7.pdf,official_daily_result_pdf
202005020710,2020,東京,2,7,10,2020-05-16,https://www.jra.go.jp/datafile/seiseki/report/2020/2020-2tokyo7.pdf,official_daily_result_pdf
202005020711,2020,東京,2,7,11,2020-05-16,https://www.jra.go.jp/datafile/seiseki/report/2020/2020-2tokyo7.pdf,official_daily_result_pdf
202005020712,2020,東京,2,7,12,2020-05-16,https://www.jra.go.jp/datafile/seiseki/report/2020/2020-2tokyo7.pdf,official_daily_result_pdf
202005020801,2020,東京,2,8,1,2020-05-17,https://www.jra.go.jp/datafile/seiseki/report/2020/2020-2tokyo8.pdf,official_daily_result_pdf
202005020802,2020,東京,2,8,2,2020-05-17,https://www.jra.go.jp/datafile/seiseki/report/2020/2020-2tokyo8.pdf,official_daily_result_pdf
202005020803,2020,東京,2,8,3,2020-05-17,https://www.jra.go.jp/datafile/seiseki/report/2020/2020-2tokyo8.pdf,official_daily_result_pdf
202005020804,2020,東京,2,8,4,2020-05-17,https://www.jra.go.jp/datafile/seiseki/report/2020/2020-2tokyo8.pdf,official_daily_result_pdf
202005020805,2020,東京,2,8,5,2020-05-17,https://www.jra.go.jp/datafile/seiseki/report/2020/2020-2tokyo8.pdf,official_daily_result_pdf
202005020806,2020,東京,2,8,6,2020-05-17,https://www.jra.go.jp/datafile/seiseki/report/2020/2020-2tokyo8.pdf,official_daily_result_pdf
202005020807,2020,東京,2,8,7,2020-05-17,https://www.jra.go.jp/datafile/seiseki/report/2020/2020-2tokyo8.pdf,official_daily_result_pdf
202005020808,2020,東京,2,8,8,2020-05-17,https://www.jra.go.jp/datafile/seiseki/report/2020/2020-2tokyo8.pdf,official_daily_result_pdf
202005020809,2020,東京,2,8,9,2020-05-17,https://www.jra.go.jp/datafile/seiseki/report/2020/2020-2tokyo8.pdf,official_daily_result_pdf
202005020810,2020,東京,2,8,10,2020-05-17,https://www.jra.go.jp/datafile/seiseki/report/2020/2020-2tokyo8.pdf,official_daily_result_pdf
202005020811,2020,東京,2,8,11,2020-05-17,https://www.jra.go.jp/datafile/seiseki/report/2020/2020-2tokyo8.pdf,official_daily_result_pdf
202005020812,2020,東京,2,8,12,2020-05-17,https://www.jra.go.jp/datafile/seiseki/report/2020/2020-2tokyo8.pdf,official_daily_result_pdf
202005020901,2020,東京,2,9,1,2020-05-23,https://www.jra.go.jp/datafile/seiseki/report/2020/2020-2tokyo9.pdf,official_daily_result_pdf
202005020902,2020,東京,2,9,2,2020-05-23,https://www.jra.go.jp/datafile/seiseki/report/2020/2020-2tokyo9.pdf,official_daily_result_pdf
202005020903,2020,東京,2,9,3,2020-05-23,https://www.jra.go.jp/datafile/seiseki/report/2020/2020-2tokyo9.pdf,official_daily_result_pdf
202005020904,2020,東京,2,9,4,2020-05-23,https://www.jra.go.jp/datafile/seiseki/report/2020/2020-2tokyo9.pdf,official_daily_result_pdf
202005020905,2020,東京,2,9,5,2020-05-23,https://www.jra.go.jp/datafile/seiseki/report/2020/2020-2tokyo9.pdf,official_daily_result_pdf
202005020906,2020,東京,2,9,6,2020-05-23,https://www.jra.go.jp/datafile/seiseki/report/2020/2020-2tokyo9.pdf,official_daily_result_pdf
202005020907,2020,東京,2,9,7,2020-05-23,https://www.jra.go.jp/datafile/seiseki/report/2020/2020-2tokyo9.pdf,official_daily_result_pdf
202005020908,2020,東京,2,9,8,2020-05-23,https://www.jra.go.jp/datafile/seiseki/report/2020/2020-2tokyo9.pdf,official_daily_result_pdf
202005020909,2020,東京,2,9,9,2020-05-23,https://www.jra.go.jp/datafile/seiseki/report/2020/2020-2tokyo9.pdf,official_daily_result_pdf
202005020910,2020,東京,2,9,10,2020-05-23,https://www.jra.go.jp/datafile/seiseki/report/2020/2020-2tokyo9.pdf,official_daily_result_pdf
202005020911,2020,東京,2,9,11,2020-05-23,https://www.jra.go.jp/datafile/seiseki/report/2020/2020-2tokyo9.pdf,official_daily_result_pdf
202005020912,2020,東京,2,9,12,2020-05-23,https://www.jra.go.jp/datafile/seiseki/report/2020/2020-2tokyo9.pdf,official_daily_result_pdf
202005021001,2020,東京,2,10,1,2020-05-24,https://www.jra.go.jp/datafile/seiseki/report/2020/2020-2tokyo10.pdf,official_daily_result_pdf
202005021002,2020,東京,2,10,2,2020-05-24,https://www.jra.go.jp/datafile/seiseki/report/2020/2020-2tokyo10.pdf,official_daily_result_pdf
202005021003,2020,東京,2,10,3,2020-05-24,https://www.jra.go.jp/datafile/seiseki/report/2020/2020-2tokyo10.pdf,official_daily_result_pdf
202005021004,2020,東京,2,10,4,2020-05-24,https://www.jra.go.jp/datafile/seiseki/report/2020/2020-2tokyo10.pdf,official_daily_result_pdf
202005021005,2020,東京,2,10,5,2020-05-24,https://www.jra.go.jp/datafile/seiseki/report/2020/2020-2tokyo10.pdf,official_daily_result_pdf
202005021006,2020,東京,2,10,6,2020-05-24,https://www.jra.go.jp/datafile/seiseki/report/2020/2020-2tokyo10.pdf,official_daily_result_pdf
202005021007,2020,東京,2,10,7,2020-05-24,https://www.jra.go.jp/datafile/seiseki/report/2020/2020-2tokyo10.pdf,official_daily_result_pdf
202005021008,2020,東京,2,10,8,2020-05-24,https://www.jra.go.jp/datafile/seiseki/report/2020/2020-2tokyo10.pdf,official_daily_result_pdf
202005021009,2020,東京,2,10,9,2020-05-24,https://www.jra.go.jp/datafile/seiseki/report/2020/2020-2tokyo10.pdf,official_daily_result_pdf
202005021010,2020,東京,2,10,10,2020-05-24,https://www.jra.go.jp/datafile/seiseki/report/2020/2020-2tokyo10.pdf,official_daily_result_pdf
202005021011,2020,東京,2,10,11,2020-05-24,https://www.jra.go.jp/datafile/seiseki/report/2020/2020-2tokyo10.pdf,official_daily_result_pdf
202005021012,2020,東京,2,10,12,2020-05-24,https://www.jra.go.jp/datafile/seiseki/report/2020/2020-2tokyo10.pdf,official_daily_result_pdf
202005021101,2020,東京,2,11,1,2020-05-30,https://www.jra.go.jp/datafile/seiseki/report/2020/2020-2tokyo11.pdf,official_daily_result_pdf
202005021102,2020,東京,2,11,2,2020-05-30,https://www.jra.go.jp/datafile/seiseki/report/2020/2020-2tokyo11.pdf,official_daily_result_pdf
202005021103,2020,東京,2,11,3,2020-05-30,https://www.jra.go.jp/datafile/seiseki/report/2020/2020-2tokyo11.pdf,official_daily_result_pdf
202005021104,2020,東京,2,11,4,2020-05-30,https://www.jra.go.jp/datafile/seiseki/report/2020/2020-2tokyo11.pdf,official_daily_result_pdf
202005021105,2020,東京,2,11,5,2020-05-30,https://www.jra.go.jp/datafile/seiseki/report/2020/2020-2tokyo11.pdf,official_daily_result_pdf
202005021106,2020,東京,2,11,6,2020-05-30,https://www.jra.go.jp/datafile/seiseki/report/2020/2020-2tokyo11.pdf,official_daily_result_pdf
202005021107,2020,東京,2,11,7,2020-05-30,https://www.jra.go.jp/datafile/seiseki/report/2020/2020-2tokyo11.pdf,official_daily_result_pdf
202005021108,2020,東京,2,11,8,2020-05-30,https://www.jra.go.jp/datafile/seiseki/report/2020/2020-2tokyo11.pdf,official_daily_result_pdf
202005021109,2020,東京,2,11,9,2020-05-30,https://www.jra.go.jp/datafile/seiseki/report/2020/2020-2tokyo11.pdf,official_daily_result_pdf
202005021110,2020,東京,2,11,10,2020-05-30,https://www.jra.go.jp/datafile/seiseki/report/2020/2020-2tokyo11.pdf,official_daily_result_pdf
202005021111,2020,東京,2,11,11,2020-05-30,https://www.jra.go.jp/datafile/seiseki/report/2020/2020-2tokyo11.pdf,official_daily_result_pdf
202005021112,2020,東京,2,11,12,2020-05-30,https://www.jra.go.jp/datafile/seiseki/report/2020/2020-2tokyo11.pdf,official_daily_result_pdf
202005021201,2020,東京,2,12,1,2020-05-31,https://www.jra.go.jp/datafile/seiseki/report/2020/2020-2tokyo12.pdf,official_daily_result_pdf
202005021202,2020,東京,2,12,2,2020-05-31,https://www.jra.go.jp/datafile/seiseki/report/2020/2020-2tokyo12.pdf,official_daily_result_pdf
202005021203,2020,東京,2,12,3,2020-05-31,https://www.jra.go.jp/datafile/seiseki/report/2020/2020-2tokyo12.pdf,official_daily_result_pdf
202005021204,2020,東京,2,12,4,2020-05-31,https://www.jra.go.jp/datafile/seiseki/report/2020/2020-2tokyo12.pdf,official_daily_result_pdf
202005021205,2020,東京,2,12,5,2020-05-31,https://www.jra.go.jp/datafile/seiseki/report/2020/2020-2tokyo12.pdf,official_daily_result_pdf
202005021206,2020,東京,2,12,6,2020-05-31,https://www.jra.go.jp/datafile/seiseki/report/2020/2020-2tokyo12.pdf,official_daily_result_pdf
202005021207,2020,東京,2,12,7,2020-05-31,https://www.jra.go.jp/datafile/seiseki/report/2020/2020-2tokyo12.pdf,official_daily_result_pdf
202005021208,2020,東京,2,12,8,2020-05-31,https://www.jra.go.jp/datafile/seiseki/report/2020/2020-2tokyo12.pdf,official_daily_result_pdf
202005021209,2020,東京,2,12,9,2020-05-31,https://www.jra.go.jp/datafile/seiseki/report/2020/2020-2tokyo12.pdf,official_daily_result_pdf
202005021210,2020,東京,2,12,10,2020-05-31,https://www.jra.go.jp/datafile/seiseki/report/2020/2020-2tokyo12.pdf,official_daily_result_pdf
202005021211,2020,東京,2,12,11,2020-05-31,https://www.jra.go.jp/datafile/seiseki/report/2020/2020-2tokyo12.pdf,official_daily_result_pdf
202005021212,2020,東京,2,12,12,2020-05-31,https://www.jra.go.jp/datafile/seiseki/report/2020/2020-2tokyo12.pdf,official_daily_result_pdf
202005030101,2020,東京,3,1,1,2020-06-06,https://www.jra.go.jp/datafile/seiseki/report/2020/2020-3tokyo1.pdf,official_daily_result_pdf
202005030102,2020,東京,3,1,2,2020-06-06,https://www.jra.go.jp/datafile/seiseki/report/2020/2020-3tokyo1.pdf,official_daily_result_pdf
202005030103,2020,東京,3,1,3,2020-06-06,https://www.jra.go.jp/datafile/seiseki/report/2020/2020-3tokyo1.pdf,official_daily_result_pdf
202005030104,2020,東京,3,1,4,2020-06-06,https://www.jra.go.jp/datafile/seiseki/report/2020/2020-3tokyo1.pdf,official_daily_result_pdf
202005030105,2020,東京,3,1,5,2020-06-06,https://www.jra.go.jp/datafile/seiseki/report/2020/2020-3tokyo1.pdf,official_daily_result_pdf
202005030106,2020,東京,3,1,6,2020-06-06,https://www.jra.go.jp/datafile/seiseki/report/2020/2020-3tokyo1.pdf,official_daily_result_pdf
202005030107,2020,東京,3,1,7,2020-06-06,https://www.jra.go.jp/datafile/seiseki/report/2020/2020-3tokyo1.pdf,official_daily_result_pdf
202005030108,2020,東京,3,1,8,2020-06-06,https://www.jra.go.jp/datafile/seiseki/report/2020/2020-3tokyo1.pdf,official_daily_result_pdf
202005030109,2020,東京,3,1,9,2020-06-06,https://www.jra.go.jp/datafile/seiseki/report/2020/2020-3tokyo1.pdf,official_daily_result_pdf
202005030110,2020,東京,3,1,10,2020-06-06,https://www.jra.go.jp/datafile/seiseki/report/2020/2020-3tokyo1.pdf,official_daily_result_pdf
202005030111,2020,東京,3,1,11,2020-06-06,https://www.jra.go.jp/datafile/seiseki/report/2020/2020-3tokyo1.pdf,official_daily_result_pdf
202005030112,2020,東京,3,1,12,2020-06-06,https://www.jra.go.jp/datafile/seiseki/report/2020/2020-3tokyo1.pdf,official_daily_result_pdf
202005030201,2020,東京,3,2,1,2020-06-07,https://www.jra.go.jp/datafile/seiseki/report/2020/2020-3tokyo2.pdf,official_daily_result_pdf
202005030202,2020,東京,3,2,2,2020-06-07,https://www.jra.go.jp/datafile/seiseki/report/2020/2020-3tokyo2.pdf,official_daily_result_pdf
202005030203,2020,東京,3,2,3,2020-06-07,https://www.jra.go.jp/datafile/seiseki/report/2020/2020-3tokyo2.pdf,official_daily_result_pdf
202005030204,2020,東京,3,2,4,2020-06-07,https://www.jra.go.jp/datafile/seiseki/report/2020/2020-3tokyo2.pdf,official_daily_result_pdf
202005030205,2020,東京,3,2,5,2020-06-07,https://www.jra.go.jp/datafile/seiseki/report/2020/2020-3tokyo2.pdf,official_daily_result_pdf
202005030206,2020,東京,3,2,6,2020-06-07,https://www.jra.go.jp/datafile/seiseki/report/2020/2020-3tokyo2.pdf,official_daily_result_pdf
202005030207,2020,東京,3,2,7,2020-06-07,https://www.jra.go.jp/datafile/seiseki/report/2020/2020-3tokyo2.pdf,official_daily_result_pdf
202005030208,2020,東京,3,2,8,2020-06-07,https://www.jra.go.jp/datafile/seiseki/report/2020/2020-3tokyo2.pdf,official_daily_result_pdf
202005030209,2020,東京,3,2,9,2020-06-07,https://www.jra.go.jp/datafile/seiseki/report/2020/2020-3tokyo2.pdf,official_daily_result_pdf
202005030210,2020,東京,3,2,10,2020-06-07,https://www.jra.go.jp/datafile/seiseki/report/2020/2020-3tokyo2.pdf,official_daily_result_pdf
202005030211,2020,東京,3,2,11,2020-06-07,https://www.jra.go.jp/datafile/seiseki/report/2020/2020-3tokyo2.pdf,official_daily_result_pdf
202005030212,2020,東京,3,2,12,2020-06-07,https://www.jra.go.jp/datafile/seiseki/report/2020/2020-3tokyo2.pdf,official_daily_result_pdf
202005030301,2020,東京,3,3,1,2020-06-13,https://www.jra.go.jp/datafile/seiseki/report/2020/2020-3tokyo3.pdf,official_daily_result_pdf
202005030302,2020,東京,3,3,2,2020-06-13,https://www.jra.go.jp/datafile/seiseki/report/2020/2020-3tokyo3.pdf,official_daily_result_pdf
202005030303,2020,東京,3,3,3,2020-06-13,https://www.jra.go.jp/datafile/seiseki/report/2020/2020-3tokyo3.pdf,official_daily_result_pdf
202005030304,2020,東京,3,3,4,2020-06-13,https://www.jra.go.jp/datafile/seiseki/report/2020/2020-3tokyo3.pdf,official_daily_result_pdf
202005030305,2020,東京,3,3,5,2020-06-13,https://www.jra.go.jp/datafile/seiseki/report/2020/2020-3tokyo3.pdf,official_daily_result_pdf
202005030306,2020,東京,3,3,6,2020-06-13,https://www.jra.go.jp/datafile/seiseki/report/2020/2020-3tokyo3.pdf,official_daily_result_pdf
202005030307,2020,東京,3,3,7,2020-06-13,https://www.jra.go.jp/datafile/seiseki/report/2020/2020-3tokyo3.pdf,official_daily_result_pdf
202005030308,2020,東京,3,3,8,2020-06-13,https://www.jra.go.jp/datafile/seiseki/report/2020/2020-3tokyo3.pdf,official_daily_result_pdf
202005030309,2020,東京,3,3,9,2020-06-13,https://www.jra.go.jp/datafile/seiseki/report/2020/2020-3tokyo3.pdf,official_daily_result_pdf
202005030310,2020,東京,3,3,10,2020-06-13,https://www.jra.go.jp/datafile/seiseki/report/2020/2020-3tokyo3.pdf,official_daily_result_pdf
202005030311,2020,東京,3,3,11,2020-06-13,https://www.jra.go.jp/datafile/seiseki/report/2020/2020-3tokyo3.pdf,official_daily_result_pdf
202005030312,2020,東京,3,3,12,2020-06-13,https://www.jra.go.jp/datafile/seiseki/report/2020/2020-3tokyo3.pdf,official_daily_result_pdf
202005030401,2020,東京,3,4,1,2020-06-14,https://www.jra.go.jp/datafile/seiseki/report/2020/2020-3tokyo4.pdf,official_daily_result_pdf
202005030402,2020,東京,3,4,2,2020-06-14,https://www.jra.go.jp/datafile/seiseki/report/2020/2020-3tokyo4.pdf,official_daily_result_pdf
202005030403,2020,東京,3,4,3,2020-06-14,https://www.jra.go.jp/datafile/seiseki/report/2020/2020-3tokyo4.pdf,official_daily_result_pdf
202005030404,2020,東京,3,4,4,2020-06-14,https://www.jra.go.jp/datafile/seiseki/report/2020/2020-3tokyo4.pdf,official_daily_result_pdf
202005030405,2020,東京,3,4,5,2020-06-14,https://www.jra.go.jp/datafile/seiseki/report/2020/2020-3tokyo4.pdf,official_daily_result_pdf
202005030406,2020,東京,3,4,6,2020-06-14,https://www.jra.go.jp/datafile/seiseki/report/2020/2020-3tokyo4.pdf,official_daily_result_pdf
202005030407,2020,東京,3,4,7,2020-06-14,https://www.jra.go.jp/datafile/seiseki/report/2020/2020-3tokyo4.pdf,official_daily_result_pdf
202005030408,2020,東京,3,4,8,2020-06-14,https://www.jra.go.jp/datafile/seiseki/report/2020/2020-3tokyo4.pdf,official_daily_result_pdf
202005030409,2020,東京,3,4,9,2020-06-14,https://www.jra.go.jp/datafile/seiseki/report/2020/2020-3tokyo4.pdf,official_daily_result_pdf
202005030410,2020,東京,3,4,10,2020-06-14,https://www.jra.go.jp/datafile/seiseki/report/2020/2020-3tokyo4.pdf,official_daily_result_pdf
202005030411,2020,東京,3,4,11,2020-06-14,https://www.jra.go.jp/datafile/seiseki/report/2020/2020-3tokyo4.pdf,official_daily_result_pdf
202005030412,2020,東京,3,4,12,2020-06-14,https://www.jra.go.jp/datafile/seiseki/report/2020/2020-3tokyo4.pdf,official_daily_result_pdf
202005030501,2020,東京,3,5,1,2020-06-20,https://www.jra.go.jp/datafile/seiseki/report/2020/2020-3tokyo5.pdf,official_daily_result_pdf
202005030502,2020,東京,3,5,2,2020-06-20,https://www.jra.go.jp/datafile/seiseki/report/2020/2020-3tokyo5.pdf,official_daily_result_pdf
202005030503,2020,東京,3,5,3,2020-06-20,https://www.jra.go.jp/datafile/seiseki/report/2020/2020-3tokyo5.pdf,official_daily_result_pdf
202005030504,2020,東京,3,5,4,2020-06-20,https://www.jra.go.jp/datafile/seiseki/report/2020/2020-3tokyo5.pdf,official_daily_result_pdf
202005030505,2020,東京,3,5,5,2020-06-20,https://www.jra.go.jp/datafile/seiseki/report/2020/2020-3tokyo5.pdf,official_daily_result_pdf
202005030506,2020,東京,3,5,6,2020-06-20,https://www.jra.go.jp/datafile/seiseki/report/2020/2020-3tokyo5.pdf,official_daily_result_pdf
202005030507,2020,東京,3,5,7,2020-06-20,https://www.jra.go.jp/datafile/seiseki/report/2020/2020-3tokyo5.pdf,official_daily_result_pdf
202005030508,2020,東京,3,5,8,2020-06-20,https://www.jra.go.jp/datafile/seiseki/report/2020/2020-3tokyo5.pdf,official_daily_result_pdf
202005030509,2020,東京,3,5,9,2020-06-20,https://www.jra.go.jp/datafile/seiseki/report/2020/2020-3tokyo5.pdf,official_daily_result_pdf
202005030510,2020,東京,3,5,10,2020-06-20,https://www.jra.go.jp/datafile/seiseki/report/2020/2020-3tokyo5.pdf,official_daily_result_pdf
202005030511,2020,東京,3,5,11,2020-06-20,https://www.jra.go.jp/datafile/seiseki/report/2020/2020-3tokyo5.pdf,official_daily_result_pdf
202005030512,2020,東京,3,5,12,2020-06-20,https://www.jra.go.jp/datafile/seiseki/report/2020/2020-3tokyo5.pdf,official_daily_result_pdf
202005030601,2020,東京,3,6,1,2020-06-21,https://www.jra.go.jp/datafile/seiseki/report/2020/2020-3tokyo6.pdf,official_daily_result_pdf
202005030602,2020,東京,3,6,2,2020-06-21,https://www.jra.go.jp/datafile/seiseki/report/2020/2020-3tokyo6.pdf,official_daily_result_pdf
202005030603,2020,東京,3,6,3,2020-06-21,https://www.jra.go.jp/datafile/seiseki/report/2020/2020-3tokyo6.pdf,official_daily_result_pdf
202005030604,2020,東京,3,6,4,2020-06-21,https://www.jra.go.jp/datafile/seiseki/report/2020/2020-3tokyo6.pdf,official_daily_result_pdf
202005030605,2020,東京,3,6,5,2020-06-21,https://www.jra.go.jp/datafile/seiseki/report/2020/2020-3tokyo6.pdf,official_daily_result_pdf
202005030606,2020,東京,3,6,6,2020-06-21,https://www.jra.go.jp/datafile/seiseki/report/2020/2020-3tokyo6.pdf,official_daily_result_pdf
202005030607,2020,東京,3,6,7,2020-06-21,https://www.jra.go.jp/datafile/seiseki/report/2020/2020-3tokyo6.pdf,official_daily_result_pdf
202005030608,2020,東京,3,6,8,2020-06-21,https://www.jra.go.jp/datafile/seiseki/report/2020/2020-3tokyo6.pdf,official_daily_result_pdf
202005030609,2020,東京,3,6,9,2020-06-21,https://www.jra.go.jp/datafile/seiseki/report/2020/2020-3tokyo6.pdf,official_daily_result_pdf
202005030610,2020,東京,3,6,10,2020-06-21,https://www.jra.go.jp/datafile/seiseki/report/2020/2020-3tokyo6.pdf,official_daily_result_pdf
202005030611,2020,東京,3,6,11,2020-06-21,https://www.jra.go.jp/datafile/seiseki/report/2020/2020-3tokyo6.pdf,official_daily_result_pdf
202005030612,2020,東京,3,6,12,2020-06-21,https://www.jra.go.jp/datafile/seiseki/report/2020/2020-3tokyo6.pdf,official_daily_result_pdf
202005030701,2020,東京,3,7,1,2020-06-27,https://www.jra.go.jp/datafile/seiseki/report/2020/2020-3tokyo7.pdf,official_daily_result_pdf
202005030702,2020,東京,3,7,2,2020-06-27,https://www.jra.go.jp/datafile/seiseki/report/2020/2020-3tokyo7.pdf,official_daily_result_pdf
202005030703,2020,東京,3,7,3,2020-06-27,https://www.jra.go.jp/datafile/seiseki/report/2020/2020-3tokyo7.pdf,official_daily_result_pdf
202005030704,2020,東京,3,7,4,2020-06-27,https://www.jra.go.jp/datafile/seiseki/report/2020/2020-3tokyo7.pdf,official_daily_result_pdf
202005030705,2020,東京,3,7,5,2020-06-27,https://www.jra.go.jp/datafile/seiseki/report/2020/2020-3tokyo7.pdf,official_daily_result_pdf
202005030706,2020,東京,3,7,6,2020-06-27,https://www.jra.go.jp/datafile/seiseki/report/2020/2020-3tokyo7.pdf,official_daily_result_pdf
202005030707,2020,東京,3,7,7,2020-06-27,https://www.jra.go.jp/datafile/seiseki/report/2020/2020-3tokyo7.pdf,official_daily_result_pdf
202005030708,2020,東京,3,7,8,2020-06-27,https://www.jra.go.jp/datafile/seiseki/report/2020/2020-3tokyo7.pdf,official_daily_result_pdf
202005030709,2020,東京,3,7,9,2020-06-27,https://www.jra.go.jp/datafile/seiseki/report/2020/2020-3tokyo7.pdf,official_daily_result_pdf
202005030710,2020,東京,3,7,10,2020-06-27,https://www.jra.go.jp/datafile/seiseki/report/2020/2020-3tokyo7.pdf,official_daily_result_pdf
202005030711,2020,東京,3,7,11,2020-06-27,https://www.jra.go.jp/datafile/seiseki/report/2020/2020-3tokyo7.pdf,official_daily_result_pdf
202005030712,2020,東京,3,7,12,2020-06-27,https://www.jra.go.jp/datafile/seiseki/report/2020/2020-3tokyo7.pdf,official_daily_result_pdf
202005030801,2020,東京,3,8,1,2020-06-28,https://www.jra.go.jp/datafile/seiseki/report/2020/2020-3tokyo8.pdf,official_daily_result_pdf
202005030802,2020,東京,3,8,2,2020-06-28,https://www.jra.go.jp/datafile/seiseki/report/2020/2020-3tokyo8.pdf,official_daily_result_pdf
202005030803,2020,東京,3,8,3,2020-06-28,https://www.jra.go.jp/datafile/seiseki/report/2020/2020-3tokyo8.pdf,official_daily_result_pdf
202005030804,2020,東京,3,8,4,2020-06-28,https://www.jra.go.jp/datafile/seiseki/report/2020/2020-3tokyo8.pdf,official_daily_result_pdf
202005030805,2020,東京,3,8,5,2020-06-28,https://www.jra.go.jp/datafile/seiseki/report/2020/2020-3tokyo8.pdf,official_daily_result_pdf
202005030806,2020,東京,3,8,6,2020-06-28,https://www.jra.go.jp/datafile/seiseki/report/2020/2020-3tokyo8.pdf,official_daily_result_pdf
202005030807,2020,東京,3,8,7,2020-06-28,https://www.jra.go.jp/datafile/seiseki/report/2020/2020-3tokyo8.pdf,official_daily_result_pdf
202005030808,2020,東京,3,8,8,2020-06-28,https://www.jra.go.jp/datafile/seiseki/report/2020/2020-3tokyo8.pdf,official_daily_result_pdf
202005030809,2020,東京,3,8,9,2020-06-28,https://www.jra.go.jp/datafile/seiseki/report/2020/2020-3tokyo8.pdf,official_daily_result_pdf
202005030810,2020,東京,3,8,10,2020-06-28,https://www.jra.go.jp/datafile/seiseki/report/2020/2020-3tokyo8.pdf,official_daily_result_pdf
202005030811,2020,東京,3,8,11,2020-06-28,https://www.jra.go.jp/datafile/seiseki/report/2020/2020-3tokyo8.pdf,official_daily_result_pdf
202005030812,2020,東京,3,8,12,2020-06-28,https://www.jra.go.jp/datafile/seiseki/report/2020/2020-3tokyo8.pdf,official_daily_result_pdf
202005040101,2020,東京,4,1,1,2020-10-10,https://www.jra.go.jp/datafile/seiseki/report/2020/2020-4tokyo1.pdf,official_daily_result_pdf
202005040102,2020,東京,4,1,2,2020-10-10,https://www.jra.go.jp/datafile/seiseki/report/2020/2020-4tokyo1.pdf,official_daily_result_pdf
202005040103,2020,東京,4,1,3,2020-10-10,https://www.jra.go.jp/datafile/seiseki/report/2020/2020-4tokyo1.pdf,official_daily_result_pdf
202005040104,2020,東京,4,1,4,2020-10-10,https://www.jra.go.jp/datafile/seiseki/report/2020/2020-4tokyo1.pdf,official_daily_result_pdf
202005040105,2020,東京,4,1,5,2020-10-10,https://www.jra.go.jp/datafile/seiseki/report/2020/2020-4tokyo1.pdf,official_daily_result_pdf
202005040106,2020,東京,4,1,6,2020-10-10,https://www.jra.go.jp/datafile/seiseki/report/2020/2020-4tokyo1.pdf,official_daily_result_pdf
202005040107,2020,東京,4,1,7,2020-10-10,https://www.jra.go.jp/datafile/seiseki/report/2020/2020-4tokyo1.pdf,official_daily_result_pdf
202005040108,2020,東京,4,1,8,2020-10-10,https://www.jra.go.jp/datafile/seiseki/report/2020/2020-4tokyo1.pdf,official_daily_result_pdf
202005040109,2020,東京,4,1,9,2020-10-10,https://www.jra.go.jp/datafile/seiseki/report/2020/2020-4tokyo1.pdf,official_daily_result_pdf
202005040110,2020,東京,4,1,10,2020-10-10,https://www.jra.go.jp/datafile/seiseki/report/2020/2020-4tokyo1.pdf,official_daily_result_pdf
202005040111,2020,東京,4,1,11,2020-10-10,https://www.jra.go.jp/datafile/seiseki/report/2020/2020-4tokyo1.pdf,official_daily_result_pdf
202005040112,2020,東京,4,1,12,2020-10-10,https://www.jra.go.jp/datafile/seiseki/report/2020/2020-4tokyo1.pdf,official_daily_result_pdf
202005040201,2020,東京,4,2,1,2020-10-11,https://www.jra.go.jp/datafile/seiseki/report/2020/2020-4tokyo2.pdf,official_daily_result_pdf
202005040202,2020,東京,4,2,2,2020-10-11,https://www.jra.go.jp/datafile/seiseki/report/2020/2020-4tokyo2.pdf,official_daily_result_pdf
202005040203,2020,東京,4,2,3,2020-10-11,https://www.jra.go.jp/datafile/seiseki/report/2020/2020-4tokyo2.pdf,official_daily_result_pdf
202005040204,2020,東京,4,2,4,2020-10-11,https://www.jra.go.jp/datafile/seiseki/report/2020/2020-4tokyo2.pdf,official_daily_result_pdf
202005040205,2020,東京,4,2,5,2020-10-11,https://www.jra.go.jp/datafile/seiseki/report/2020/2020-4tokyo2.pdf,official_daily_result_pdf
202005040206,2020,東京,4,2,6,2020-10-11,https://www.jra.go.jp/datafile/seiseki/report/2020/2020-4tokyo2.pdf,official_daily_result_pdf
202005040207,2020,東京,4,2,7,2020-10-11,https://www.jra.go.jp/datafile/seiseki/report/2020/2020-4tokyo2.pdf,official_daily_result_pdf
202005040208,2020,東京,4,2,8,2020-10-11,https://www.jra.go.jp/datafile/seiseki/report/2020/2020-4tokyo2.pdf,official_daily_result_pdf
202005040209,2020,東京,4,2,9,2020-10-11,https://www.jra.go.jp/datafile/seiseki/report/2020/2020-4tokyo2.pdf,official_daily_result_pdf
202005040210,2020,東京,4,2,10,2020-10-11,https://www.jra.go.jp/datafile/seiseki/report/2020/2020-4tokyo2.pdf,official_daily_result_pdf
202005040211,2020,東京,4,2,11,2020-10-11,https://www.jra.go.jp/datafile/seiseki/report/2020/2020-4tokyo2.pdf,official_daily_result_pdf
202005040212,2020,東京,4,2,12,2020-10-11,https://www.jra.go.jp/datafile/seiseki/report/2020/2020-4tokyo2.pdf,official_daily_result_pdf
202005040301,2020,東京,4,3,1,2020-10-17,https://www.jra.go.jp/datafile/seiseki/report/2020/2020-4tokyo3.pdf,official_daily_result_pdf
202005040302,2020,東京,4,3,2,2020-10-17,https://www.jra.go.jp/datafile/seiseki/report/2020/2020-4tokyo3.pdf,official_daily_result_pdf
202005040303,2020,東京,4,3,3,2020-10-17,https://www.jra.go.jp/datafile/seiseki/report/2020/2020-4tokyo3.pdf,official_daily_result_pdf
202005040304,2020,東京,4,3,4,2020-10-17,https://www.jra.go.jp/datafile/seiseki/report/2020/2020-4tokyo3.pdf,official_daily_result_pdf
202005040305,2020,東京,4,3,5,2020-10-17,https://www.jra.go.jp/datafile/seiseki/report/2020/2020-4tokyo3.pdf,official_daily_result_pdf
202005040306,2020,東京,4,3,6,2020-10-17,https://www.jra.go.jp/datafile/seiseki/report/2020/2020-4tokyo3.pdf,official_daily_result_pdf
202005040307,2020,東京,4,3,7,2020-10-17,https://www.jra.go.jp/datafile/seiseki/report/2020/2020-4tokyo3.pdf,official_daily_result_pdf
202005040308,2020,東京,4,3,8,2020-10-17,https://www.jra.go.jp/datafile/seiseki/report/2020/2020-4tokyo3.pdf,official_daily_result_pdf
202005040309,2020,東京,4,3,9,2020-10-17,https://www.jra.go.jp/datafile/seiseki/report/2020/2020-4tokyo3.pdf,official_daily_result_pdf
202005040310,2020,東京,4,3,10,2020-10-17,https://www.jra.go.jp/datafile/seiseki/report/2020/2020-4tokyo3.pdf,official_daily_result_pdf
202005040311,2020,東京,4,3,11,2020-10-17,https://www.jra.go.jp/datafile/seiseki/report/2020/2020-4tokyo3.pdf,official_daily_result_pdf
202005040312,2020,東京,4,3,12,2020-10-17,https://www.jra.go.jp/datafile/seiseki/report/2020/2020-4tokyo3.pdf,official_daily_result_pdf
202005040401,2020,東京,4,4,1,2020-10-18,https://www.jra.go.jp/datafile/seiseki/report/2020/2020-4tokyo4.pdf,official_daily_result_pdf
202005040402,2020,東京,4,4,2,2020-10-18,https://www.jra.go.jp/datafile/seiseki/report/2020/2020-4tokyo4.pdf,official_daily_result_pdf
202005040403,2020,東京,4,4,3,2020-10-18,https://www.jra.go.jp/datafile/seiseki/report/2020/2020-4tokyo4.pdf,official_daily_result_pdf
202005040404,2020,東京,4,4,4,2020-10-18,https://www.jra.go.jp/datafile/seiseki/report/2020/2020-4tokyo4.pdf,official_daily_result_pdf
202005040405,2020,東京,4,4,5,2020-10-18,https://www.jra.go.jp/datafile/seiseki/report/2020/2020-4tokyo4.pdf,official_daily_result_pdf
202005040406,2020,東京,4,4,6,2020-10-18,https://www.jra.go.jp/datafile/seiseki/report/2020/2020-4tokyo4.pdf,official_daily_result_pdf
202005040407,2020,東京,4,4,7,2020-10-18,https://www.jra.go.jp/datafile/seiseki/report/2020/2020-4tokyo4.pdf,official_daily_result_pdf
202005040408,2020,東京,4,4,8,2020-10-18,https://www.jra.go.jp/datafile/seiseki/report/2020/2020-4tokyo4.pdf,official_daily_result_pdf
202005040409,2020,東京,4,4,9,2020-10-18,https://www.jra.go.jp/datafile/seiseki/report/2020/2020-4tokyo4.pdf,official_daily_result_pdf
202005040410,2020,東京,4,4,10,2020-10-18,https://www.jra.go.jp/datafile/seiseki/report/2020/2020-4tokyo4.pdf,official_daily_result_pdf
202005040411,2020,東京,4,4,11,2020-10-18,https://www.jra.go.jp/datafile/seiseki/report/2020/2020-4tokyo4.pdf,official_daily_result_pdf
202005040412,2020,東京,4,4,12,2020-10-18,https://www.jra.go.jp/datafile/seiseki/report/2020/2020-4tokyo4.pdf,official_daily_result_pdf
202005040501,2020,東京,4,5,1,2020-10-24,https://www.jra.go.jp/datafile/seiseki/report/2020/2020-4tokyo5.pdf,official_daily_result_pdf
202005040502,2020,東京,4,5,2,2020-10-24,https://www.jra.go.jp/datafile/seiseki/report/2020/2020-4tokyo5.pdf,official_daily_result_pdf
202005040503,2020,東京,4,5,3,2020-10-24,https://www.jra.go.jp/datafile/seiseki/report/2020/2020-4tokyo5.pdf,official_daily_result_pdf
202005040504,2020,東京,4,5,4,2020-10-24,https://www.jra.go.jp/datafile/seiseki/report/2020/2020-4tokyo5.pdf,official_daily_result_pdf
202005040505,2020,東京,4,5,5,2020-10-24,https://www.jra.go.jp/datafile/seiseki/report/2020/2020-4tokyo5.pdf,official_daily_result_pdf
202005040506,2020,東京,4,5,6,2020-10-24,https://www.jra.go.jp/datafile/seiseki/report/2020/2020-4tokyo5.pdf,official_daily_result_pdf
202005040507,2020,東京,4,5,7,2020-10-24,https://www.jra.go.jp/datafile/seiseki/report/2020/2020-4tokyo5.pdf,official_daily_result_pdf
202005040508,2020,東京,4,5,8,2020-10-24,https://www.jra.go.jp/datafile/seiseki/report/2020/2020-4tokyo5.pdf,official_daily_result_pdf
202005040509,2020,東京,4,5,9,2020-10-24,https://www.jra.go.jp/datafile/seiseki/report/2020/2020-4tokyo5.pdf,official_daily_result_pdf
202005040510,2020,東京,4,5,10,2020-10-24,https://www.jra.go.jp/datafile/seiseki/report/2020/2020-4tokyo5.pdf,official_daily_result_pdf
202005040511,2020,東京,4,5,11,2020-10-24,https://www.jra.go.jp/datafile/seiseki/report/2020/2020-4tokyo5.pdf,official_daily_result_pdf
202005040512,2020,東京,4,5,12,2020-10-24,https://www.jra.go.jp/datafile/seiseki/report/2020/2020-4tokyo5.pdf,official_daily_result_pdf
202005040601,2020,東京,4,6,1,2020-10-25,https://www.jra.go.jp/datafile/seiseki/report/2020/2020-4tokyo6.pdf,official_daily_result_pdf
202005040602,2020,東京,4,6,2,2020-10-25,https://www.jra.go.jp/datafile/seiseki/report/2020/2020-4tokyo6.pdf,official_daily_result_pdf
202005040603,2020,東京,4,6,3,2020-10-25,https://www.jra.go.jp/datafile/seiseki/report/2020/2020-4tokyo6.pdf,official_daily_result_pdf
202005040604,2020,東京,4,6,4,2020-10-25,https://www.jra.go.jp/datafile/seiseki/report/2020/2020-4tokyo6.pdf,official_daily_result_pdf
202005040605,2020,東京,4,6,5,2020-10-25,https://www.jra.go.jp/datafile/seiseki/report/2020/2020-4tokyo6.pdf,official_daily_result_pdf
202005040606,2020,東京,4,6,6,2020-10-25,https://www.jra.go.jp/datafile/seiseki/report/2020/2020-4tokyo6.pdf,official_daily_result_pdf
202005040607,2020,東京,4,6,7,2020-10-25,https://www.jra.go.jp/datafile/seiseki/report/2020/2020-4tokyo6.pdf,official_daily_result_pdf
202005040608,2020,東京,4,6,8,2020-10-25,https://www.jra.go.jp/datafile/seiseki/report/2020/2020-4tokyo6.pdf,official_daily_result_pdf
202005040609,2020,東京,4,6,9,2020-10-25,https://www.jra.go.jp/datafile/seiseki/report/2020/2020-4tokyo6.pdf,official_daily_result_pdf
202005040610,2020,東京,4,6,10,2020-10-25,https://www.jra.go.jp/datafile/seiseki/report/2020/2020-4tokyo6.pdf,official_daily_result_pdf
202005040611,2020,東京,4,6,11,2020-10-25,https://www.jra.go.jp/datafile/seiseki/report/2020/2020-4tokyo6.pdf,official_daily_result_pdf
202005040612,2020,東京,4,6,12,2020-10-25,https://www.jra.go.jp/datafile/seiseki/report/2020/2020-4tokyo6.pdf,official_daily_result_pdf
202005040701,2020,東京,4,7,1,2020-10-31,https://www.jra.go.jp/datafile/seiseki/report/2020/2020-4tokyo7.pdf,official_daily_result_pdf
202005040702,2020,東京,4,7,2,2020-10-31,https://www.jra.go.jp/datafile/seiseki/report/2020/2020-4tokyo7.pdf,official_daily_result_pdf
202005040703,2020,東京,4,7,3,2020-10-31,https://www.jra.go.jp/datafile/seiseki/report/2020/2020-4tokyo7.pdf,official_daily_result_pdf
202005040704,2020,東京,4,7,4,2020-10-31,https://www.jra.go.jp/datafile/seiseki/report/2020/2020-4tokyo7.pdf,official_daily_result_pdf
202005040705,2020,東京,4,7,5,2020-10-31,https://www.jra.go.jp/datafile/seiseki/report/2020/2020-4tokyo7.pdf,official_daily_result_pdf
202005040706,2020,東京,4,7,6,2020-10-31,https://www.jra.go.jp/datafile/seiseki/report/2020/2020-4tokyo7.pdf,official_daily_result_pdf
202005040707,2020,東京,4,7,7,2020-10-31,https://www.jra.go.jp/datafile/seiseki/report/2020/2020-4tokyo7.pdf,official_daily_result_pdf
202005040708,2020,東京,4,7,8,2020-10-31,https://www.jra.go.jp/datafile/seiseki/report/2020/2020-4tokyo7.pdf,official_daily_result_pdf
202005040709,2020,東京,4,7,9,2020-10-31,https://www.jra.go.jp/datafile/seiseki/report/2020/2020-4tokyo7.pdf,official_daily_result_pdf
202005040710,2020,東京,4,7,10,2020-10-31,https://www.jra.go.jp/datafile/seiseki/report/2020/2020-4tokyo7.pdf,official_daily_result_pdf
202005040711,2020,東京,4,7,11,2020-10-31,https://www.jra.go.jp/datafile/seiseki/report/2020/2020-4tokyo7.pdf,official_daily_result_pdf
202005040712,2020,東京,4,7,12,2020-10-31,https://www.jra.go.jp/datafile/seiseki/report/2020/2020-4tokyo7.pdf,official_daily_result_pdf
202005040801,2020,東京,4,8,1,2020-11-01,https://www.jra.go.jp/datafile/seiseki/report/2020/2020-4tokyo8.pdf,official_daily_result_pdf
202005040802,2020,東京,4,8,2,2020-11-01,https://www.jra.go.jp/datafile/seiseki/report/2020/2020-4tokyo8.pdf,official_daily_result_pdf
202005040803,2020,東京,4,8,3,2020-11-01,https://www.jra.go.jp/datafile/seiseki/report/2020/2020-4tokyo8.pdf,official_daily_result_pdf
202005040804,2020,東京,4,8,4,2020-11-01,https://www.jra.go.jp/datafile/seiseki/report/2020/2020-4tokyo8.pdf,official_daily_result_pdf
202005040805,2020,東京,4,8,5,2020-11-01,https://www.jra.go.jp/datafile/seiseki/report/2020/2020-4tokyo8.pdf,official_daily_result_pdf
202005040806,2020,東京,4,8,6,2020-11-01,https://www.jra.go.jp/datafile/seiseki/report/2020/2020-4tokyo8.pdf,official_daily_result_pdf
202005040807,2020,東京,4,8,7,2020-11-01,https://www.jra.go.jp/datafile/seiseki/report/2020/2020-4tokyo8.pdf,official_daily_result_pdf
202005040808,2020,東京,4,8,8,2020-11-01,https://www.jra.go.jp/datafile/seiseki/report/2020/2020-4tokyo8.pdf,official_daily_result_pdf
202005040809,2020,東京,4,8,9,2020-11-01,https://www.jra.go.jp/datafile/seiseki/report/2020/2020-4tokyo8.pdf,official_daily_result_pdf
202005040810,2020,東京,4,8,10,2020-11-01,https://www.jra.go.jp/datafile/seiseki/report/2020/2020-4tokyo8.pdf,official_daily_result_pdf
202005040811,2020,東京,4,8,11,2020-11-01,https://www.jra.go.jp/datafile/seiseki/report/2020/2020-4tokyo8.pdf,official_daily_result_pdf
202005040812,2020,東京,4,8,12,2020-11-01,https://www.jra.go.jp/datafile/seiseki/report/2020/2020-4tokyo8.pdf,official_daily_result_pdf
202005050101,2020,東京,5,1,1,2020-11-07,https://www.jra.go.jp/datafile/seiseki/report/2020/2020-5tokyo1.pdf,official_daily_result_pdf
202005050102,2020,東京,5,1,2,2020-11-07,https://www.jra.go.jp/datafile/seiseki/report/2020/2020-5tokyo1.pdf,official_daily_result_pdf
202005050103,2020,東京,5,1,3,2020-11-07,https://www.jra.go.jp/datafile/seiseki/report/2020/2020-5tokyo1.pdf,official_daily_result_pdf
202005050104,2020,東京,5,1,4,2020-11-07,https://www.jra.go.jp/datafile/seiseki/report/2020/2020-5tokyo1.pdf,official_daily_result_pdf
202005050105,2020,東京,5,1,5,2020-11-07,https://www.jra.go.jp/datafile/seiseki/report/2020/2020-5tokyo1.pdf,official_daily_result_pdf
202005050106,2020,東京,5,1,6,2020-11-07,https://www.jra.go.jp/datafile/seiseki/report/2020/2020-5tokyo1.pdf,official_daily_result_pdf
202005050107,2020,東京,5,1,7,2020-11-07,https://www.jra.go.jp/datafile/seiseki/report/2020/2020-5tokyo1.pdf,official_daily_result_pdf
202005050108,2020,東京,5,1,8,2020-11-07,https://www.jra.go.jp/datafile/seiseki/report/2020/2020-5tokyo1.pdf,official_daily_result_pdf
202005050109,2020,東京,5,1,9,2020-11-07,https://www.jra.go.jp/datafile/seiseki/report/2020/2020-5tokyo1.pdf,official_daily_result_pdf
202005050110,2020,東京,5,1,10,2020-11-07,https://www.jra.go.jp/datafile/seiseki/report/2020/2020-5tokyo1.pdf,official_daily_result_pdf
202005050111,2020,東京,5,1,11,2020-11-07,https://www.jra.go.jp/datafile/seiseki/report/2020/2020-5tokyo1.pdf,official_daily_result_pdf
202005050112,2020,東京,5,1,12,2020-11-07,https://www.jra.go.jp/datafile/seiseki/report/2020/2020-5tokyo1.pdf,official_daily_result_pdf
202005050201,2020,東京,5,2,1,2020-11-08,https://www.jra.go.jp/datafile/seiseki/report/2020/2020-5tokyo2.pdf,official_daily_result_pdf
202005050202,2020,東京,5,2,2,2020-11-08,https://www.jra.go.jp/datafile/seiseki/report/2020/2020-5tokyo2.pdf,official_daily_result_pdf
202005050203,2020,東京,5,2,3,2020-11-08,https://www.jra.go.jp/datafile/seiseki/report/2020/2020-5tokyo2.pdf,official_daily_result_pdf
202005050204,2020,東京,5,2,4,2020-11-08,https://www.jra.go.jp/datafile/seiseki/report/2020/2020-5tokyo2.pdf,official_daily_result_pdf
202005050205,2020,東京,5,2,5,2020-11-08,https://www.jra.go.jp/datafile/seiseki/report/2020/2020-5tokyo2.pdf,official_daily_result_pdf
202005050206,2020,東京,5,2,6,2020-11-08,https://www.jra.go.jp/datafile/seiseki/report/2020/2020-5tokyo2.pdf,official_daily_result_pdf
202005050207,2020,東京,5,2,7,2020-11-08,https://www.jra.go.jp/datafile/seiseki/report/2020/2020-5tokyo2.pdf,official_daily_result_pdf
202005050208,2020,東京,5,2,8,2020-11-08,https://www.jra.go.jp/datafile/seiseki/report/2020/2020-5tokyo2.pdf,official_daily_result_pdf
202005050209,2020,東京,5,2,9,2020-11-08,https://www.jra.go.jp/datafile/seiseki/report/2020/2020-5tokyo2.pdf,official_daily_result_pdf
202005050210,2020,東京,5,2,10,2020-11-08,https://www.jra.go.jp/datafile/seiseki/report/2020/2020-5tokyo2.pdf,official_daily_result_pdf
202005050211,2020,東京,5,2,11,2020-11-08,https://www.jra.go.jp/datafile/seiseki/report/2020/2020-5tokyo2.pdf,official_daily_result_pdf
202005050212,2020,東京,5,2,12,2020-11-08,https://www.jra.go.jp/datafile/seiseki/report/2020/2020-5tokyo2.pdf,official_daily_result_pdf
202005050301,2020,東京,5,3,1,2020-11-14,https://www.jra.go.jp/datafile/seiseki/report/2020/2020-5tokyo3.pdf,official_daily_result_pdf
202005050302,2020,東京,5,3,2,2020-11-14,https://www.jra.go.jp/datafile/seiseki/report/2020/2020-5tokyo3.pdf,official_daily_result_pdf
202005050303,2020,東京,5,3,3,2020-11-14,https://www.jra.go.jp/datafile/seiseki/report/2020/2020-5tokyo3.pdf,official_daily_result_pdf
202005050304,2020,東京,5,3,4,2020-11-14,https://www.jra.go.jp/datafile/seiseki/report/2020/2020-5tokyo3.pdf,official_daily_result_pdf
202005050305,2020,東京,5,3,5,2020-11-14,https://www.jra.go.jp/datafile/seiseki/report/2020/2020-5tokyo3.pdf,official_daily_result_pdf
202005050306,2020,東京,5,3,6,2020-11-14,https://www.jra.go.jp/datafile/seiseki/report/2020/2020-5tokyo3.pdf,official_daily_result_pdf
202005050307,2020,東京,5,3,7,2020-11-14,https://www.jra.go.jp/datafile/seiseki/report/2020/2020-5tokyo3.pdf,official_daily_result_pdf
202005050308,2020,東京,5,3,8,2020-11-14,https://www.jra.go.jp/datafile/seiseki/report/2020/2020-5tokyo3.pdf,official_daily_result_pdf
202005050309,2020,東京,5,3,9,2020-11-14,https://www.jra.go.jp/datafile/seiseki/report/2020/2020-5tokyo3.pdf,official_daily_result_pdf
202005050310,2020,東京,5,3,10,2020-11-14,https://www.jra.go.jp/datafile/seiseki/report/2020/2020-5tokyo3.pdf,official_daily_result_pdf
202005050311,2020,東京,5,3,11,2020-11-14,https://www.jra.go.jp/datafile/seiseki/report/2020/2020-5tokyo3.pdf,official_daily_result_pdf
202005050312,2020,東京,5,3,12,2020-11-14,https://www.jra.go.jp/datafile/seiseki/report/2020/2020-5tokyo3.pdf,official_daily_result_pdf
202005050401,2020,東京,5,4,1,2020-11-15,https://www.jra.go.jp/datafile/seiseki/report/2020/2020-5tokyo4.pdf,official_daily_result_pdf
202005050402,2020,東京,5,4,2,2020-11-15,https://www.jra.go.jp/datafile/seiseki/report/2020/2020-5tokyo4.pdf,official_daily_result_pdf
202005050403,2020,東京,5,4,3,2020-11-15,https://www.jra.go.jp/datafile/seiseki/report/2020/2020-5tokyo4.pdf,official_daily_result_pdf
202005050404,2020,東京,5,4,4,2020-11-15,https://www.jra.go.jp/datafile/seiseki/report/2020/2020-5tokyo4.pdf,official_daily_result_pdf
202005050405,2020,東京,5,4,5,2020-11-15,https://www.jra.go.jp/datafile/seiseki/report/2020/2020-5tokyo4.pdf,official_daily_result_pdf
202005050406,2020,東京,5,4,6,2020-11-15,https://www.jra.go.jp/datafile/seiseki/report/2020/2020-5tokyo4.pdf,official_daily_result_pdf
202005050407,2020,東京,5,4,7,2020-11-15,https://www.jra.go.jp/datafile/seiseki/report/2020/2020-5tokyo4.pdf,official_daily_result_pdf
202005050408,2020,東京,5,4,8,2020-11-15,https://www.jra.go.jp/datafile/seiseki/report/2020/2020-5tokyo4.pdf,official_daily_result_pdf
202005050409,2020,東京,5,4,9,2020-11-15,https://www.jra.go.jp/datafile/seiseki/report/2020/2020-5tokyo4.pdf,official_daily_result_pdf
202005050410,2020,東京,5,4,10,2020-11-15,https://www.jra.go.jp/datafile/seiseki/report/2020/2020-5tokyo4.pdf,official_daily_result_pdf
202005050411,2020,東京,5,4,11,2020-11-15,https://www.jra.go.jp/datafile/seiseki/report/2020/2020-5tokyo4.pdf,official_daily_result_pdf
202005050412,2020,東京,5,4,12,2020-11-15,https://www.jra.go.jp/datafile/seiseki/report/2020/2020-5tokyo4.pdf,official_daily_result_pdf
202005050501,2020,東京,5,5,1,2020-11-21,https://www.jra.go.jp/datafile/seiseki/report/2020/2020-5tokyo5.pdf,official_daily_result_pdf
202005050502,2020,東京,5,5,2,2020-11-21,https://www.jra.go.jp/datafile/seiseki/report/2020/2020-5tokyo5.pdf,official_daily_result_pdf
202005050503,2020,東京,5,5,3,2020-11-21,https://www.jra.go.jp/datafile/seiseki/report/2020/2020-5tokyo5.pdf,official_daily_result_pdf
202005050504,2020,東京,5,5,4,2020-11-21,https://www.jra.go.jp/datafile/seiseki/report/2020/2020-5tokyo5.pdf,official_daily_result_pdf
202005050505,2020,東京,5,5,5,2020-11-21,https://www.jra.go.jp/datafile/seiseki/report/2020/2020-5tokyo5.pdf,official_daily_result_pdf
202005050506,2020,東京,5,5,6,2020-11-21,https://www.jra.go.jp/datafile/seiseki/report/2020/2020-5tokyo5.pdf,official_daily_result_pdf
202005050507,2020,東京,5,5,7,2020-11-21,https://www.jra.go.jp/datafile/seiseki/report/2020/2020-5tokyo5.pdf,official_daily_result_pdf
202005050508,2020,東京,5,5,8,2020-11-21,https://www.jra.go.jp/datafile/seiseki/report/2020/2020-5tokyo5.pdf,official_daily_result_pdf
202005050509,2020,東京,5,5,9,2020-11-21,https://www.jra.go.jp/datafile/seiseki/report/2020/2020-5tokyo5.pdf,official_daily_result_pdf
202005050510,2020,東京,5,5,10,2020-11-21,https://www.jra.go.jp/datafile/seiseki/report/2020/2020-5tokyo5.pdf,official_daily_result_pdf
202005050511,2020,東京,5,5,11,2020-11-21,https://www.jra.go.jp/datafile/seiseki/report/2020/2020-5tokyo5.pdf,official_daily_result_pdf
202005050512,2020,東京,5,5,12,2020-11-21,https://www.jra.go.jp/datafile/seiseki/report/2020/2020-5tokyo5.pdf,official_daily_result_pdf
202005050601,2020,東京,5,6,1,2020-11-22,https://www.jra.go.jp/datafile/seiseki/report/2020/2020-5tokyo6.pdf,official_daily_result_pdf
202005050602,2020,東京,5,6,2,2020-11-22,https://www.jra.go.jp/datafile/seiseki/report/2020/2020-5tokyo6.pdf,official_daily_result_pdf
202005050603,2020,東京,5,6,3,2020-11-22,https://www.jra.go.jp/datafile/seiseki/report/2020/2020-5tokyo6.pdf,official_daily_result_pdf
202005050604,2020,東京,5,6,4,2020-11-22,https://www.jra.go.jp/datafile/seiseki/report/2020/2020-5tokyo6.pdf,official_daily_result_pdf
202005050605,2020,東京,5,6,5,2020-11-22,https://www.jra.go.jp/datafile/seiseki/report/2020/2020-5tokyo6.pdf,official_daily_result_pdf
202005050606,2020,東京,5,6,6,2020-11-22,https://www.jra.go.jp/datafile/seiseki/report/2020/2020-5tokyo6.pdf,official_daily_result_pdf
202005050607,2020,東京,5,6,7,2020-11-22,https://www.jra.go.jp/datafile/seiseki/report/2020/2020-5tokyo6.pdf,official_daily_result_pdf
202005050608,2020,東京,5,6,8,2020-11-22,https://www.jra.go.jp/datafile/seiseki/report/2020/2020-5tokyo6.pdf,official_daily_result_pdf
202005050609,2020,東京,5,6,9,2020-11-22,https://www.jra.go.jp/datafile/seiseki/report/2020/2020-5tokyo6.pdf,official_daily_result_pdf
202005050610,2020,東京,5,6,10,2020-11-22,https://www.jra.go.jp/datafile/seiseki/report/2020/2020-5tokyo6.pdf,official_daily_result_pdf
202005050611,2020,東京,5,6,11,2020-11-22,https://www.jra.go.jp/datafile/seiseki/report/2020/2020-5tokyo6.pdf,official_daily_result_pdf
202005050612,2020,東京,5,6,12,2020-11-22,https://www.jra.go.jp/datafile/seiseki/report/2020/2020-5tokyo6.pdf,official_daily_result_pdf
202005050701,2020,東京,5,7,1,2020-11-23,https://www.jra.go.jp/datafile/seiseki/report/2020/2020-5tokyo7.pdf,official_daily_result_pdf
202005050702,2020,東京,5,7,2,2020-11-23,https://www.jra.go.jp/datafile/seiseki/report/2020/2020-5tokyo7.pdf,official_daily_result_pdf
202005050703,2020,東京,5,7,3,2020-11-23,https://www.jra.go.jp/datafile/seiseki/report/2020/2020-5tokyo7.pdf,official_daily_result_pdf
202005050704,2020,東京,5,7,4,2020-11-23,https://www.jra.go.jp/datafile/seiseki/report/2020/2020-5tokyo7.pdf,official_daily_result_pdf
202005050705,2020,東京,5,7,5,2020-11-23,https://www.jra.go.jp/datafile/seiseki/report/2020/2020-5tokyo7.pdf,official_daily_result_pdf
202005050706,2020,東京,5,7,6,2020-11-23,https://www.jra.go.jp/datafile/seiseki/report/2020/2020-5tokyo7.pdf,official_daily_result_pdf
202005050707,2020,東京,5,7,7,2020-11-23,https://www.jra.go.jp/datafile/seiseki/report/2020/2020-5tokyo7.pdf,official_daily_result_pdf
202005050708,2020,東京,5,7,8,2020-11-23,https://www.jra.go.jp/datafile/seiseki/report/2020/2020-5tokyo7.pdf,official_daily_result_pdf
202005050709,2020,東京,5,7,9,2020-11-23,https://www.jra.go.jp/datafile/seiseki/report/2020/2020-5tokyo7.pdf,official_daily_result_pdf
202005050710,2020,東京,5,7,10,2020-11-23,https://www.jra.go.jp/datafile/seiseki/report/2020/2020-5tokyo7.pdf,official_daily_result_pdf
202005050711,2020,東京,5,7,11,2020-11-23,https://www.jra.go.jp/datafile/seiseki/report/2020/2020-5tokyo7.pdf,official_daily_result_pdf
202005050712,2020,東京,5,7,12,2020-11-23,https://www.jra.go.jp/datafile/seiseki/report/2020/2020-5tokyo7.pdf,official_daily_result_pdf
202005050801,2020,東京,5,8,1,2020-11-28,https://www.jra.go.jp/datafile/seiseki/report/2020/2020-5tokyo8.pdf,official_daily_result_pdf
202005050802,2020,東京,5,8,2,2020-11-28,https://www.jra.go.jp/datafile/seiseki/report/2020/2020-5tokyo8.pdf,official_daily_result_pdf
202005050803,2020,東京,5,8,3,2020-11-28,https://www.jra.go.jp/datafile/seiseki/report/2020/2020-5tokyo8.pdf,official_daily_result_pdf
202005050804,2020,東京,5,8,4,2020-11-28,https://www.jra.go.jp/datafile/seiseki/report/2020/2020-5tokyo8.pdf,official_daily_result_pdf
202005050805,2020,東京,5,8,5,2020-11-28,https://www.jra.go.jp/datafile/seiseki/report/2020/2020-5tokyo8.pdf,official_daily_result_pdf
202005050806,2020,東京,5,8,6,2020-11-28,https://www.jra.go.jp/datafile/seiseki/report/2020/2020-5tokyo8.pdf,official_daily_result_pdf
202005050807,2020,東京,5,8,7,2020-11-28,https://www.jra.go.jp/datafile/seiseki/report/2020/2020-5tokyo8.pdf,official_daily_result_pdf
202005050808,2020,東京,5,8,8,2020-11-28,https://www.jra.go.jp/datafile/seiseki/report/2020/2020-5tokyo8.pdf,official_daily_result_pdf
202005050809,2020,東京,5,8,9,2020-11-28,https://www.jra.go.jp/datafile/seiseki/report/2020/2020-5tokyo8.pdf,official_daily_result_pdf
202005050810,2020,東京,5,8,10,2020-11-28,https://www.jra.go.jp/datafile/seiseki/report/2020/2020-5tokyo8.pdf,official_daily_result_pdf
202005050811,2020,東京,5,8,11,2020-11-28,https://www.jra.go.jp/datafile/seiseki/report/2020/2020-5tokyo8.pdf,official_daily_result_pdf
202005050812,2020,東京,5,8,12,2020-11-28,https://www.jra.go.jp/datafile/seiseki/report/2020/2020-5tokyo8.pdf,official_daily_result_pdf
202005050901,2020,東京,5,9,1,2020-11-29,https://www.jra.go.jp/datafile/seiseki/report/2020/2020-5tokyo9.pdf,official_daily_result_pdf
202005050902,2020,東京,5,9,2,2020-11-29,https://www.jra.go.jp/datafile/seiseki/report/2020/2020-5tokyo9.pdf,official_daily_result_pdf
202005050903,2020,東京,5,9,3,2020-11-29,https://www.jra.go.jp/datafile/seiseki/report/2020/2020-5tokyo9.pdf,official_daily_result_pdf
202005050904,2020,東京,5,9,4,2020-11-29,https://www.jra.go.jp/datafile/seiseki/report/2020/2020-5tokyo9.pdf,official_daily_result_pdf
202005050905,2020,東京,5,9,5,2020-11-29,https://www.jra.go.jp/datafile/seiseki/report/2020/2020-5tokyo9.pdf,official_daily_result_pdf
202005050906,2020,東京,5,9,6,2020-11-29,https://www.jra.go.jp/datafile/seiseki/report/2020/2020-5tokyo9.pdf,official_daily_result_pdf
202005050907,2020,東京,5,9,7,2020-11-29,https://www.jra.go.jp/datafile/seiseki/report/2020/2020-5tokyo9.pdf,official_daily_result_pdf
202005050908,2020,東京,5,9,8,2020-11-29,https://www.jra.go.jp/datafile/seiseki/report/2020/2020-5tokyo9.pdf,official_daily_result_pdf
202005050909,2020,東京,5,9,9,2020-11-29,https://www.jra.go.jp/datafile/seiseki/report/2020/2020-5tokyo9.pdf,official_daily_result_pdf
202005050910,2020,東京,5,9,10,2020-11-29,https://www.jra.go.jp/datafile/seiseki/report/2020/2020-5tokyo9.pdf,official_daily_result_pdf
202005050911,2020,東京,5,9,11,2020-11-29,https://www.jra.go.jp/datafile/seiseki/report/2020/2020-5tokyo9.pdf,official_daily_result_pdf
202005050912,2020,東京,5,9,12,2020-11-29,https://www.jra.go.jp/datafile/seiseki/report/2020/2020-5tokyo9.pdf,official_daily_result_pdf
202006010101,2020,中山,1,1,1,2020-01-05,https://www.jra.go.jp/datafile/seiseki/report/2020/2020-1nakayama1.pdf,official_daily_result_pdf
202006010102,2020,中山,1,1,2,2020-01-05,https://www.jra.go.jp/datafile/seiseki/report/2020/2020-1nakayama1.pdf,official_daily_result_pdf
202006010103,2020,中山,1,1,3,2020-01-05,https://www.jra.go.jp/datafile/seiseki/report/2020/2020-1nakayama1.pdf,official_daily_result_pdf
202006010104,2020,中山,1,1,4,2020-01-05,https://www.jra.go.jp/datafile/seiseki/report/2020/2020-1nakayama1.pdf,official_daily_result_pdf
202006010105,2020,中山,1,1,5,2020-01-05,https://www.jra.go.jp/datafile/seiseki/report/2020/2020-1nakayama1.pdf,official_daily_result_pdf
202006010106,2020,中山,1,1,6,2020-01-05,https://www.jra.go.jp/datafile/seiseki/report/2020/2020-1nakayama1.pdf,official_daily_result_pdf
202006010107,2020,中山,1,1,7,2020-01-05,https://www.jra.go.jp/datafile/seiseki/report/2020/2020-1nakayama1.pdf,official_daily_result_pdf
202006010108,2020,中山,1,1,8,2020-01-05,https://www.jra.go.jp/datafile/seiseki/report/2020/2020-1nakayama1.pdf,official_daily_result_pdf
202006010109,2020,中山,1,1,9,2020-01-05,https://www.jra.go.jp/datafile/seiseki/report/2020/2020-1nakayama1.pdf,official_daily_result_pdf
202006010110,2020,中山,1,1,10,2020-01-05,https://www.jra.go.jp/datafile/seiseki/report/2020/2020-1nakayama1.pdf,official_daily_result_pdf
202006010111,2020,中山,1,1,11,2020-01-05,https://www.jra.go.jp/datafile/seiseki/report/2020/2020-1nakayama1.pdf,official_daily_result_pdf
202006010112,2020,中山,1,1,12,2020-01-05,https://www.jra.go.jp/datafile/seiseki/report/2020/2020-1nakayama1.pdf,official_daily_result_pdf
202006010201,2020,中山,1,2,1,2020-01-06,https://www.jra.go.jp/datafile/seiseki/report/2020/2020-1nakayama2.pdf,official_daily_result_pdf
202006010202,2020,中山,1,2,2,2020-01-06,https://www.jra.go.jp/datafile/seiseki/report/2020/2020-1nakayama2.pdf,official_daily_result_pdf
202006010203,2020,中山,1,2,3,2020-01-06,https://www.jra.go.jp/datafile/seiseki/report/2020/2020-1nakayama2.pdf,official_daily_result_pdf
202006010204,2020,中山,1,2,4,2020-01-06,https://www.jra.go.jp/datafile/seiseki/report/2020/2020-1nakayama2.pdf,official_daily_result_pdf
202006010205,2020,中山,1,2,5,2020-01-06,https://www.jra.go.jp/datafile/seiseki/report/2020/2020-1nakayama2.pdf,official_daily_result_pdf
202006010206,2020,中山,1,2,6,2020-01-06,https://www.jra.go.jp/datafile/seiseki/report/2020/2020-1nakayama2.pdf,official_daily_result_pdf
202006010207,2020,中山,1,2,7,2020-01-06,https://www.jra.go.jp/datafile/seiseki/report/2020/2020-1nakayama2.pdf,official_daily_result_pdf
202006010208,2020,中山,1,2,8,2020-01-06,https://www.jra.go.jp/datafile/seiseki/report/2020/2020-1nakayama2.pdf,official_daily_result_pdf
202006010209,2020,中山,1,2,9,2020-01-06,https://www.jra.go.jp/datafile/seiseki/report/2020/2020-1nakayama2.pdf,official_daily_result_pdf
202006010210,2020,中山,1,2,10,2020-01-06,https://www.jra.go.jp/datafile/seiseki/report/2020/2020-1nakayama2.pdf,official_daily_result_pdf
202006010211,2020,中山,1,2,11,2020-01-06,https://www.jra.go.jp/datafile/seiseki/report/2020/2020-1nakayama2.pdf,official_daily_result_pdf
202006010212,2020,中山,1,2,12,2020-01-06,https://www.jra.go.jp/datafile/seiseki/report/2020/2020-1nakayama2.pdf,official_daily_result_pdf
202006010301,2020,中山,1,3,1,2020-01-11,https://www.jra.go.jp/datafile/seiseki/report/2020/2020-1nakayama3.pdf,official_daily_result_pdf
202006010302,2020,中山,1,3,2,2020-01-11,https://www.jra.go.jp/datafile/seiseki/report/2020/2020-1nakayama3.pdf,official_daily_result_pdf
202006010303,2020,中山,1,3,3,2020-01-11,https://www.jra.go.jp/datafile/seiseki/report/2020/2020-1nakayama3.pdf,official_daily_result_pdf
202006010304,2020,中山,1,3,4,2020-01-11,https://www.jra.go.jp/datafile/seiseki/report/2020/2020-1nakayama3.pdf,official_daily_result_pdf
202006010305,2020,中山,1,3,5,2020-01-11,https://www.jra.go.jp/datafile/seiseki/report/2020/2020-1nakayama3.pdf,official_daily_result_pdf
202006010306,2020,中山,1,3,6,2020-01-11,https://www.jra.go.jp/datafile/seiseki/report/2020/2020-1nakayama3.pdf,official_daily_result_pdf
202006010307,2020,中山,1,3,7,2020-01-11,https://www.jra.go.jp/datafile/seiseki/report/2020/2020-1nakayama3.pdf,official_daily_result_pdf
202006010308,2020,中山,1,3,8,2020-01-11,https://www.jra.go.jp/datafile/seiseki/report/2020/2020-1nakayama3.pdf,official_daily_result_pdf
202006010309,2020,中山,1,3,9,2020-01-11,https://www.jra.go.jp/datafile/seiseki/report/2020/2020-1nakayama3.pdf,official_daily_result_pdf
202006010310,2020,中山,1,3,10,2020-01-11,https://www.jra.go.jp/datafile/seiseki/report/2020/2020-1nakayama3.pdf,official_daily_result_pdf
202006010311,2020,中山,1,3,11,2020-01-11,https://www.jra.go.jp/datafile/seiseki/report/2020/2020-1nakayama3.pdf,official_daily_result_pdf
202006010312,2020,中山,1,3,12,2020-01-11,https://www.jra.go.jp/datafile/seiseki/report/2020/2020-1nakayama3.pdf,official_daily_result_pdf
202006010401,2020,中山,1,4,1,2020-01-12,https://www.jra.go.jp/datafile/seiseki/report/2020/2020-1nakayama4.pdf,official_daily_result_pdf
202006010402,2020,中山,1,4,2,2020-01-12,https://www.jra.go.jp/datafile/seiseki/report/2020/2020-1nakayama4.pdf,official_daily_result_pdf
202006010403,2020,中山,1,4,3,2020-01-12,https://www.jra.go.jp/datafile/seiseki/report/2020/2020-1nakayama4.pdf,official_daily_result_pdf
202006010404,2020,中山,1,4,4,2020-01-12,https://www.jra.go.jp/datafile/seiseki/report/2020/2020-1nakayama4.pdf,official_daily_result_pdf
202006010405,2020,中山,1,4,5,2020-01-12,https://www.jra.go.jp/datafile/seiseki/report/2020/2020-1nakayama4.pdf,official_daily_result_pdf
202006010406,2020,中山,1,4,6,2020-01-12,https://www.jra.go.jp/datafile/seiseki/report/2020/2020-1nakayama4.pdf,official_daily_result_pdf
202006010407,2020,中山,1,4,7,2020-01-12,https://www.jra.go.jp/datafile/seiseki/report/2020/2020-1nakayama4.pdf,official_daily_result_pdf
202006010408,2020,中山,1,4,8,2020-01-12,https://www.jra.go.jp/datafile/seiseki/report/2020/2020-1nakayama4.pdf,official_daily_result_pdf
202006010409,2020,中山,1,4,9,2020-01-12,https://www.jra.go.jp/datafile/seiseki/report/2020/2020-1nakayama4.pdf,official_daily_result_pdf
202006010410,2020,中山,1,4,10,2020-01-12,https://www.jra.go.jp/datafile/seiseki/report/2020/2020-1nakayama4.pdf,official_daily_result_pdf
202006010411,2020,中山,1,4,11,2020-01-12,https://www.jra.go.jp/datafile/seiseki/report/2020/2020-1nakayama4.pdf,official_daily_result_pdf
202006010412,2020,中山,1,4,12,2020-01-12,https://www.jra.go.jp/datafile/seiseki/report/2020/2020-1nakayama4.pdf,official_daily_result_pdf
202006010501,2020,中山,1,5,1,2020-01-13,https://www.jra.go.jp/datafile/seiseki/report/2020/2020-1nakayama5.pdf,official_daily_result_pdf
202006010502,2020,中山,1,5,2,2020-01-13,https://www.jra.go.jp/datafile/seiseki/report/2020/2020-1nakayama5.pdf,official_daily_result_pdf
202006010503,2020,中山,1,5,3,2020-01-13,https://www.jra.go.jp/datafile/seiseki/report/2020/2020-1nakayama5.pdf,official_daily_result_pdf
202006010504,2020,中山,1,5,4,2020-01-13,https://www.jra.go.jp/datafile/seiseki/report/2020/2020-1nakayama5.pdf,official_daily_result_pdf
202006010505,2020,中山,1,5,5,2020-01-13,https://www.jra.go.jp/datafile/seiseki/report/2020/2020-1nakayama5.pdf,official_daily_result_pdf
202006010506,2020,中山,1,5,6,2020-01-13,https://www.jra.go.jp/datafile/seiseki/report/2020/2020-1nakayama5.pdf,official_daily_result_pdf
202006010507,2020,中山,1,5,7,2020-01-13,https://www.jra.go.jp/datafile/seiseki/report/2020/2020-1nakayama5.pdf,official_daily_result_pdf
202006010508,2020,中山,1,5,8,2020-01-13,https://www.jra.go.jp/datafile/seiseki/report/2020/2020-1nakayama5.pdf,official_daily_result_pdf
202006010509,2020,中山,1,5,9,2020-01-13,https://www.jra.go.jp/datafile/seiseki/report/2020/2020-1nakayama5.pdf,official_daily_result_pdf
202006010510,2020,中山,1,5,10,2020-01-13,https://www.jra.go.jp/datafile/seiseki/report/2020/2020-1nakayama5.pdf,official_daily_result_pdf
202006010511,2020,中山,1,5,11,2020-01-13,https://www.jra.go.jp/datafile/seiseki/report/2020/2020-1nakayama5.pdf,official_daily_result_pdf
202006010512,2020,中山,1,5,12,2020-01-13,https://www.jra.go.jp/datafile/seiseki/report/2020/2020-1nakayama5.pdf,official_daily_result_pdf
202006010601,2020,中山,1,6,1,2020-01-18,https://www.jra.go.jp/datafile/seiseki/report/2020/2020-1nakayama6.pdf,official_daily_result_pdf
202006010602,2020,中山,1,6,2,2020-01-18,https://www.jra.go.jp/datafile/seiseki/report/2020/2020-1nakayama6.pdf,official_daily_result_pdf
202006010603,2020,中山,1,6,3,2020-01-18,https://www.jra.go.jp/datafile/seiseki/report/2020/2020-1nakayama6.pdf,official_daily_result_pdf
202006010604,2020,中山,1,6,4,2020-01-18,https://www.jra.go.jp/datafile/seiseki/report/2020/2020-1nakayama6.pdf,official_daily_result_pdf
202006010605,2020,中山,1,6,5,2020-01-18,https://www.jra.go.jp/datafile/seiseki/report/2020/2020-1nakayama6.pdf,official_daily_result_pdf
202006010606,2020,中山,1,6,6,2020-01-18,https://www.jra.go.jp/datafile/seiseki/report/2020/2020-1nakayama6.pdf,official_daily_result_pdf
202006010607,2020,中山,1,6,7,2020-01-18,https://www.jra.go.jp/datafile/seiseki/report/2020/2020-1nakayama6.pdf,official_daily_result_pdf
202006010608,2020,中山,1,6,8,2020-01-18,https://www.jra.go.jp/datafile/seiseki/report/2020/2020-1nakayama6.pdf,official_daily_result_pdf
202006010609,2020,中山,1,6,9,2020-01-18,https://www.jra.go.jp/datafile/seiseki/report/2020/2020-1nakayama6.pdf,official_daily_result_pdf
202006010610,2020,中山,1,6,10,2020-01-18,https://www.jra.go.jp/datafile/seiseki/report/2020/2020-1nakayama6.pdf,official_daily_result_pdf
202006010611,2020,中山,1,6,11,2020-01-18,https://www.jra.go.jp/datafile/seiseki/report/2020/2020-1nakayama6.pdf,official_daily_result_pdf
202006010612,2020,中山,1,6,12,2020-01-18,https://www.jra.go.jp/datafile/seiseki/report/2020/2020-1nakayama6.pdf,official_daily_result_pdf
202006010701,2020,中山,1,7,1,2020-01-19,https://www.jra.go.jp/datafile/seiseki/report/2020/2020-1nakayama7.pdf,official_daily_result_pdf
202006010702,2020,中山,1,7,2,2020-01-19,https://www.jra.go.jp/datafile/seiseki/report/2020/2020-1nakayama7.pdf,official_daily_result_pdf
202006010703,2020,中山,1,7,3,2020-01-19,https://www.jra.go.jp/datafile/seiseki/report/2020/2020-1nakayama7.pdf,official_daily_result_pdf
202006010704,2020,中山,1,7,4,2020-01-19,https://www.jra.go.jp/datafile/seiseki/report/2020/2020-1nakayama7.pdf,official_daily_result_pdf
202006010705,2020,中山,1,7,5,2020-01-19,https://www.jra.go.jp/datafile/seiseki/report/2020/2020-1nakayama7.pdf,official_daily_result_pdf
202006010706,2020,中山,1,7,6,2020-01-19,https://www.jra.go.jp/datafile/seiseki/report/2020/2020-1nakayama7.pdf,official_daily_result_pdf
202006010707,2020,中山,1,7,7,2020-01-19,https://www.jra.go.jp/datafile/seiseki/report/2020/2020-1nakayama7.pdf,official_daily_result_pdf
202006010708,2020,中山,1,7,8,2020-01-19,https://www.jra.go.jp/datafile/seiseki/report/2020/2020-1nakayama7.pdf,official_daily_result_pdf
202006010709,2020,中山,1,7,9,2020-01-19,https://www.jra.go.jp/datafile/seiseki/report/2020/2020-1nakayama7.pdf,official_daily_result_pdf
202006010710,2020,中山,1,7,10,2020-01-19,https://www.jra.go.jp/datafile/seiseki/report/2020/2020-1nakayama7.pdf,official_daily_result_pdf
202006010711,2020,中山,1,7,11,2020-01-19,https://www.jra.go.jp/datafile/seiseki/report/2020/2020-1nakayama7.pdf,official_daily_result_pdf
202006010712,2020,中山,1,7,12,2020-01-19,https://www.jra.go.jp/datafile/seiseki/report/2020/2020-1nakayama7.pdf,official_daily_result_pdf
202006010801,2020,中山,1,8,1,2020-01-25,https://www.jra.go.jp/datafile/seiseki/report/2020/2020-1nakayama8.pdf,official_daily_result_pdf
202006010802,2020,中山,1,8,2,2020-01-25,https://www.jra.go.jp/datafile/seiseki/report/2020/2020-1nakayama8.pdf,official_daily_result_pdf
202006010803,2020,中山,1,8,3,2020-01-25,https://www.jra.go.jp/datafile/seiseki/report/2020/2020-1nakayama8.pdf,official_daily_result_pdf
202006010804,2020,中山,1,8,4,2020-01-25,https://www.jra.go.jp/datafile/seiseki/report/2020/2020-1nakayama8.pdf,official_daily_result_pdf
202006010805,2020,中山,1,8,5,2020-01-25,https://www.jra.go.jp/datafile/seiseki/report/2020/2020-1nakayama8.pdf,official_daily_result_pdf
202006010806,2020,中山,1,8,6,2020-01-25,https://www.jra.go.jp/datafile/seiseki/report/2020/2020-1nakayama8.pdf,official_daily_result_pdf
202006010807,2020,中山,1,8,7,2020-01-25,https://www.jra.go.jp/datafile/seiseki/report/2020/2020-1nakayama8.pdf,official_daily_result_pdf
202006010808,2020,中山,1,8,8,2020-01-25,https://www.jra.go.jp/datafile/seiseki/report/2020/2020-1nakayama8.pdf,official_daily_result_pdf
202006010809,2020,中山,1,8,9,2020-01-25,https://www.jra.go.jp/datafile/seiseki/report/2020/2020-1nakayama8.pdf,official_daily_result_pdf
202006010810,2020,中山,1,8,10,2020-01-25,https://www.jra.go.jp/datafile/seiseki/report/2020/2020-1nakayama8.pdf,official_daily_result_pdf
202006010811,2020,中山,1,8,11,2020-01-25,https://www.jra.go.jp/datafile/seiseki/report/2020/2020-1nakayama8.pdf,official_daily_result_pdf
202006010812,2020,中山,1,8,12,2020-01-25,https://www.jra.go.jp/datafile/seiseki/report/2020/2020-1nakayama8.pdf,official_daily_result_pdf
202006010901,2020,中山,1,9,1,2020-01-26,https://www.jra.go.jp/datafile/seiseki/report/2020/2020-1nakayama9.pdf,official_daily_result_pdf
202006010902,2020,中山,1,9,2,2020-01-26,https://www.jra.go.jp/datafile/seiseki/report/2020/2020-1nakayama9.pdf,official_daily_result_pdf
202006010903,2020,中山,1,9,3,2020-01-26,https://www.jra.go.jp/datafile/seiseki/report/2020/2020-1nakayama9.pdf,official_daily_result_pdf
202006010904,2020,中山,1,9,4,2020-01-26,https://www.jra.go.jp/datafile/seiseki/report/2020/2020-1nakayama9.pdf,official_daily_result_pdf
202006010905,2020,中山,1,9,5,2020-01-26,https://www.jra.go.jp/datafile/seiseki/report/2020/2020-1nakayama9.pdf,official_daily_result_pdf
202006010906,2020,中山,1,9,6,2020-01-26,https://www.jra.go.jp/datafile/seiseki/report/2020/2020-1nakayama9.pdf,official_daily_result_pdf
202006010907,2020,中山,1,9,7,2020-01-26,https://www.jra.go.jp/datafile/seiseki/report/2020/2020-1nakayama9.pdf,official_daily_result_pdf
202006010908,2020,中山,1,9,8,2020-01-26,https://www.jra.go.jp/datafile/seiseki/report/2020/2020-1nakayama9.pdf,official_daily_result_pdf
202006010909,2020,中山,1,9,9,2020-01-26,https://www.jra.go.jp/datafile/seiseki/report/2020/2020-1nakayama9.pdf,official_daily_result_pdf
202006010910,2020,中山,1,9,10,2020-01-26,https://www.jra.go.jp/datafile/seiseki/report/2020/2020-1nakayama9.pdf,official_daily_result_pdf
202006010911,2020,中山,1,9,11,2020-01-26,https://www.jra.go.jp/datafile/seiseki/report/2020/2020-1nakayama9.pdf,official_daily_result_pdf
202006010912,2020,中山,1,9,12,2020-01-26,https://www.jra.go.jp/datafile/seiseki/report/2020/2020-1nakayama9.pdf,official_daily_result_pdf
202006020101,2020,中山,2,1,1,2020-02-29,https://www.jra.go.jp/datafile/seiseki/report/2020/2020-2nakayama1.pdf,official_daily_result_pdf
202006020102,2020,中山,2,1,2,2020-02-29,https://www.jra.go.jp/datafile/seiseki/report/2020/2020-2nakayama1.pdf,official_daily_result_pdf
202006020103,2020,中山,2,1,3,2020-02-29,https://www.jra.go.jp/datafile/seiseki/report/2020/2020-2nakayama1.pdf,official_daily_result_pdf
202006020104,2020,中山,2,1,4,2020-02-29,https://www.jra.go.jp/datafile/seiseki/report/2020/2020-2nakayama1.pdf,official_daily_result_pdf
202006020105,2020,中山,2,1,5,2020-02-29,https://www.jra.go.jp/datafile/seiseki/report/2020/2020-2nakayama1.pdf,official_daily_result_pdf
202006020106,2020,中山,2,1,6,2020-02-29,https://www.jra.go.jp/datafile/seiseki/report/2020/2020-2nakayama1.pdf,official_daily_result_pdf
202006020107,2020,中山,2,1,7,2020-02-29,https://www.jra.go.jp/datafile/seiseki/report/2020/2020-2nakayama1.pdf,official_daily_result_pdf
202006020108,2020,中山,2,1,8,2020-02-29,https://www.jra.go.jp/datafile/seiseki/report/2020/2020-2nakayama1.pdf,official_daily_result_pdf
202006020109,2020,中山,2,1,9,2020-02-29,https://www.jra.go.jp/datafile/seiseki/report/2020/2020-2nakayama1.pdf,official_daily_result_pdf
202006020110,2020,中山,2,1,10,2020-02-29,https://www.jra.go.jp/datafile/seiseki/report/2020/2020-2nakayama1.pdf,official_daily_result_pdf
202006020111,2020,中山,2,1,11,2020-02-29,https://www.jra.go.jp/datafile/seiseki/report/2020/2020-2nakayama1.pdf,official_daily_result_pdf
202006020112,2020,中山,2,1,12,2020-02-29,https://www.jra.go.jp/datafile/seiseki/report/2020/2020-2nakayama1.pdf,official_daily_result_pdf
202006020201,2020,中山,2,2,1,2020-03-01,https://www.jra.go.jp/datafile/seiseki/report/2020/2020-2nakayama2.pdf,official_daily_result_pdf
202006020202,2020,中山,2,2,2,2020-03-01,https://www.jra.go.jp/datafile/seiseki/report/2020/2020-2nakayama2.pdf,official_daily_result_pdf
202006020203,2020,中山,2,2,3,2020-03-01,https://www.jra.go.jp/datafile/seiseki/report/2020/2020-2nakayama2.pdf,official_daily_result_pdf
202006020204,2020,中山,2,2,4,2020-03-01,https://www.jra.go.jp/datafile/seiseki/report/2020/2020-2nakayama2.pdf,official_daily_result_pdf
202006020205,2020,中山,2,2,5,2020-03-01,https://www.jra.go.jp/datafile/seiseki/report/2020/2020-2nakayama2.pdf,official_daily_result_pdf
202006020206,2020,中山,2,2,6,2020-03-01,https://www.jra.go.jp/datafile/seiseki/report/2020/2020-2nakayama2.pdf,official_daily_result_pdf
202006020207,2020,中山,2,2,7,2020-03-01,https://www.jra.go.jp/datafile/seiseki/report/2020/2020-2nakayama2.pdf,official_daily_result_pdf
202006020208,2020,中山,2,2,8,2020-03-01,https://www.jra.go.jp/datafile/seiseki/report/2020/2020-2nakayama2.pdf,official_daily_result_pdf
202006020209,2020,中山,2,2,9,2020-03-01,https://www.jra.go.jp/datafile/seiseki/report/2020/2020-2nakayama2.pdf,official_daily_result_pdf
202006020210,2020,中山,2,2,10,2020-03-01,https://www.jra.go.jp/datafile/seiseki/report/2020/2020-2nakayama2.pdf,official_daily_result_pdf
202006020211,2020,中山,2,2,11,2020-03-01,https://www.jra.go.jp/datafile/seiseki/report/2020/2020-2nakayama2.pdf,official_daily_result_pdf
202006020212,2020,中山,2,2,12,2020-03-01,https://www.jra.go.jp/datafile/seiseki/report/2020/2020-2nakayama2.pdf,official_daily_result_pdf
202006020301,2020,中山,2,3,1,2020-03-07,https://www.jra.go.jp/datafile/seiseki/report/2020/2020-2nakayama3.pdf,official_daily_result_pdf
202006020302,2020,中山,2,3,2,2020-03-07,https://www.jra.go.jp/datafile/seiseki/report/2020/2020-2nakayama3.pdf,official_daily_result_pdf
202006020303,2020,中山,2,3,3,2020-03-07,https://www.jra.go.jp/datafile/seiseki/report/2020/2020-2nakayama3.pdf,official_daily_result_pdf
202006020304,2020,中山,2,3,4,2020-03-07,https://www.jra.go.jp/datafile/seiseki/report/2020/2020-2nakayama3.pdf,official_daily_result_pdf
202006020305,2020,中山,2,3,5,2020-03-07,https://www.jra.go.jp/datafile/seiseki/report/2020/2020-2nakayama3.pdf,official_daily_result_pdf
202006020306,2020,中山,2,3,6,2020-03-07,https://www.jra.go.jp/datafile/seiseki/report/2020/2020-2nakayama3.pdf,official_daily_result_pdf
202006020307,2020,中山,2,3,7,2020-03-07,https://www.jra.go.jp/datafile/seiseki/report/2020/2020-2nakayama3.pdf,official_daily_result_pdf
202006020308,2020,中山,2,3,8,2020-03-07,https://www.jra.go.jp/datafile/seiseki/report/2020/2020-2nakayama3.pdf,official_daily_result_pdf
202006020309,2020,中山,2,3,9,2020-03-07,https://www.jra.go.jp/datafile/seiseki/report/2020/2020-2nakayama3.pdf,official_daily_result_pdf
202006020310,2020,中山,2,3,10,2020-03-07,https://www.jra.go.jp/datafile/seiseki/report/2020/2020-2nakayama3.pdf,official_daily_result_pdf
202006020311,2020,中山,2,3,11,2020-03-07,https://www.jra.go.jp/datafile/seiseki/report/2020/2020-2nakayama3.pdf,official_daily_result_pdf
202006020312,2020,中山,2,3,12,2020-03-07,https://www.jra.go.jp/datafile/seiseki/report/2020/2020-2nakayama3.pdf,official_daily_result_pdf
202006020401,2020,中山,2,4,1,2020-03-08,https://www.jra.go.jp/datafile/seiseki/report/2020/2020-2nakayama4.pdf,official_daily_result_pdf
202006020402,2020,中山,2,4,2,2020-03-08,https://www.jra.go.jp/datafile/seiseki/report/2020/2020-2nakayama4.pdf,official_daily_result_pdf
202006020403,2020,中山,2,4,3,2020-03-08,https://www.jra.go.jp/datafile/seiseki/report/2020/2020-2nakayama4.pdf,official_daily_result_pdf
202006020404,2020,中山,2,4,4,2020-03-08,https://www.jra.go.jp/datafile/seiseki/report/2020/2020-2nakayama4.pdf,official_daily_result_pdf
202006020405,2020,中山,2,4,5,2020-03-08,https://www.jra.go.jp/datafile/seiseki/report/2020/2020-2nakayama4.pdf,official_daily_result_pdf
202006020406,2020,中山,2,4,6,2020-03-08,https://www.jra.go.jp/datafile/seiseki/report/2020/2020-2nakayama4.pdf,official_daily_result_pdf
202006020407,2020,中山,2,4,7,2020-03-08,https://www.jra.go.jp/datafile/seiseki/report/2020/2020-2nakayama4.pdf,official_daily_result_pdf
202006020408,2020,中山,2,4,8,2020-03-08,https://www.jra.go.jp/datafile/seiseki/report/2020/2020-2nakayama4.pdf,official_daily_result_pdf
202006020409,2020,中山,2,4,9,2020-03-08,https://www.jra.go.jp/datafile/seiseki/report/2020/2020-2nakayama4.pdf,official_daily_result_pdf
202006020410,2020,中山,2,4,10,2020-03-08,https://www.jra.go.jp/datafile/seiseki/report/2020/2020-2nakayama4.pdf,official_daily_result_pdf
202006020411,2020,中山,2,4,11,2020-03-08,https://www.jra.go.jp/datafile/seiseki/report/2020/2020-2nakayama4.pdf,official_daily_result_pdf
202006020412,2020,中山,2,4,12,2020-03-08,https://www.jra.go.jp/datafile/seiseki/report/2020/2020-2nakayama4.pdf,official_daily_result_pdf
202006020501,2020,中山,2,5,1,2020-03-14,https://www.jra.go.jp/datafile/seiseki/report/2020/2020-2nakayama5.pdf,official_daily_result_pdf
202006020502,2020,中山,2,5,2,2020-03-14,https://www.jra.go.jp/datafile/seiseki/report/2020/2020-2nakayama5.pdf,official_daily_result_pdf
202006020503,2020,中山,2,5,3,2020-03-14,https://www.jra.go.jp/datafile/seiseki/report/2020/2020-2nakayama5.pdf,official_daily_result_pdf
202006020504,2020,中山,2,5,4,2020-03-14,https://www.jra.go.jp/datafile/seiseki/report/2020/2020-2nakayama5.pdf,official_daily_result_pdf
202006020505,2020,中山,2,5,5,2020-03-14,https://www.jra.go.jp/datafile/seiseki/report/2020/2020-2nakayama5.pdf,official_daily_result_pdf
202006020506,2020,中山,2,5,6,2020-03-14,https://www.jra.go.jp/datafile/seiseki/report/2020/2020-2nakayama5.pdf,official_daily_result_pdf
202006020507,2020,中山,2,5,7,2020-03-14,https://www.jra.go.jp/datafile/seiseki/report/2020/2020-2nakayama5.pdf,official_daily_result_pdf
202006020508,2020,中山,2,5,8,2020-03-14,https://www.jra.go.jp/datafile/seiseki/report/2020/2020-2nakayama5.pdf,official_daily_result_pdf
202006020509,2020,中山,2,5,9,2020-03-14,https://www.jra.go.jp/datafile/seiseki/report/2020/2020-2nakayama5.pdf,official_daily_result_pdf
202006020510,2020,中山,2,5,10,2020-03-14,https://www.jra.go.jp/datafile/seiseki/report/2020/2020-2nakayama5.pdf,official_daily_result_pdf
202006020511,2020,中山,2,5,11,2020-03-14,https://www.jra.go.jp/datafile/seiseki/report/2020/2020-2nakayama5.pdf,official_daily_result_pdf
202006020512,2020,中山,2,5,12,2020-03-14,https://www.jra.go.jp/datafile/seiseki/report/2020/2020-2nakayama5.pdf,official_daily_result_pdf
202006020601,2020,中山,2,6,1,2020-03-15,https://www.jra.go.jp/datafile/seiseki/report/2020/2020-2nakayama6.pdf,official_daily_result_pdf
202006020602,2020,中山,2,6,2,2020-03-15,https://www.jra.go.jp/datafile/seiseki/report/2020/2020-2nakayama6.pdf,official_daily_result_pdf
202006020603,2020,中山,2,6,3,2020-03-15,https://www.jra.go.jp/datafile/seiseki/report/2020/2020-2nakayama6.pdf,official_daily_result_pdf
202006020604,2020,中山,2,6,4,2020-03-15,https://www.jra.go.jp/datafile/seiseki/report/2020/2020-2nakayama6.pdf,official_daily_result_pdf
202006020605,2020,中山,2,6,5,2020-03-15,https://www.jra.go.jp/datafile/seiseki/report/2020/2020-2nakayama6.pdf,official_daily_result_pdf
202006020606,2020,中山,2,6,6,2020-03-15,https://www.jra.go.jp/datafile/seiseki/report/2020/2020-2nakayama6.pdf,official_daily_result_pdf
202006020607,2020,中山,2,6,7,2020-03-15,https://www.jra.go.jp/datafile/seiseki/report/2020/2020-2nakayama6.pdf,official_daily_result_pdf
202006020608,2020,中山,2,6,8,2020-03-15,https://www.jra.go.jp/datafile/seiseki/report/2020/2020-2nakayama6.pdf,official_daily_result_pdf
202006020609,2020,中山,2,6,9,2020-03-15,https://www.jra.go.jp/datafile/seiseki/report/2020/2020-2nakayama6.pdf,official_daily_result_pdf
202006020610,2020,中山,2,6,10,2020-03-15,https://www.jra.go.jp/datafile/seiseki/report/2020/2020-2nakayama6.pdf,official_daily_result_pdf
202006020611,2020,中山,2,6,11,2020-03-15,https://www.jra.go.jp/datafile/seiseki/report/2020/2020-2nakayama6.pdf,official_daily_result_pdf
202006020612,2020,中山,2,6,12,2020-03-15,https://www.jra.go.jp/datafile/seiseki/report/2020/2020-2nakayama6.pdf,official_daily_result_pdf
202006020701,2020,中山,2,7,1,2020-03-20,https://www.jra.go.jp/datafile/seiseki/report/2020/2020-2nakayama7.pdf,official_daily_result_pdf
202006020702,2020,中山,2,7,2,2020-03-20,https://www.jra.go.jp/datafile/seiseki/report/2020/2020-2nakayama7.pdf,official_daily_result_pdf
202006020703,2020,中山,2,7,3,2020-03-20,https://www.jra.go.jp/datafile/seiseki/report/2020/2020-2nakayama7.pdf,official_daily_result_pdf
202006020704,2020,中山,2,7,4,2020-03-20,https://www.jra.go.jp/datafile/seiseki/report/2020/2020-2nakayama7.pdf,official_daily_result_pdf
202006020705,2020,中山,2,7,5,2020-03-20,https://www.jra.go.jp/datafile/seiseki/report/2020/2020-2nakayama7.pdf,official_daily_result_pdf
202006020706,2020,中山,2,7,6,2020-03-20,https://www.jra.go.jp/datafile/seiseki/report/2020/2020-2nakayama7.pdf,official_daily_result_pdf
202006020707,2020,中山,2,7,7,2020-03-20,https://www.jra.go.jp/datafile/seiseki/report/2020/2020-2nakayama7.pdf,official_daily_result_pdf
202006020708,2020,中山,2,7,8,2020-03-20,https://www.jra.go.jp/datafile/seiseki/report/2020/2020-2nakayama7.pdf,official_daily_result_pdf
202006020709,2020,中山,2,7,9,2020-03-20,https://www.jra.go.jp/datafile/seiseki/report/2020/2020-2nakayama7.pdf,official_daily_result_pdf
202006020710,2020,中山,2,7,10,2020-03-20,https://www.jra.go.jp/datafile/seiseki/report/2020/2020-2nakayama7.pdf,official_daily_result_pdf
202006020711,2020,中山,2,7,11,2020-03-20,https://www.jra.go.jp/datafile/seiseki/report/2020/2020-2nakayama7.pdf,official_daily_result_pdf
202006020712,2020,中山,2,7,12,2020-03-20,https://www.jra.go.jp/datafile/seiseki/report/2020/2020-2nakayama7.pdf,official_daily_result_pdf
202006020801,2020,中山,2,8,1,2020-03-21,https://www.jra.go.jp/datafile/seiseki/report/2020/2020-2nakayama8.pdf,official_daily_result_pdf
202006020802,2020,中山,2,8,2,2020-03-21,https://www.jra.go.jp/datafile/seiseki/report/2020/2020-2nakayama8.pdf,official_daily_result_pdf
202006020803,2020,中山,2,8,3,2020-03-21,https://www.jra.go.jp/datafile/seiseki/report/2020/2020-2nakayama8.pdf,official_daily_result_pdf
202006020804,2020,中山,2,8,4,2020-03-21,https://www.jra.go.jp/datafile/seiseki/report/2020/2020-2nakayama8.pdf,official_daily_result_pdf
202006020805,2020,中山,2,8,5,2020-03-21,https://www.jra.go.jp/datafile/seiseki/report/2020/2020-2nakayama8.pdf,official_daily_result_pdf
202006020806,2020,中山,2,8,6,2020-03-21,https://www.jra.go.jp/datafile/seiseki/report/2020/2020-2nakayama8.pdf,official_daily_result_pdf
202006020807,2020,中山,2,8,7,2020-03-21,https://www.jra.go.jp/datafile/seiseki/report/2020/2020-2nakayama8.pdf,official_daily_result_pdf
202006020808,2020,中山,2,8,8,2020-03-21,https://www.jra.go.jp/datafile/seiseki/report/2020/2020-2nakayama8.pdf,official_daily_result_pdf
202006020809,2020,中山,2,8,9,2020-03-21,https://www.jra.go.jp/datafile/seiseki/report/2020/2020-2nakayama8.pdf,official_daily_result_pdf
202006020810,2020,中山,2,8,10,2020-03-21,https://www.jra.go.jp/datafile/seiseki/report/2020/2020-2nakayama8.pdf,official_daily_result_pdf
202006020811,2020,中山,2,8,11,2020-03-21,https://www.jra.go.jp/datafile/seiseki/report/2020/2020-2nakayama8.pdf,official_daily_result_pdf
202006020812,2020,中山,2,8,12,2020-03-21,https://www.jra.go.jp/datafile/seiseki/report/2020/2020-2nakayama8.pdf,official_daily_result_pdf
202006020901,2020,中山,2,9,1,2020-03-22,https://www.jra.go.jp/datafile/seiseki/report/2020/2020-2nakayama9.pdf,official_daily_result_pdf
202006020902,2020,中山,2,9,2,2020-03-22,https://www.jra.go.jp/datafile/seiseki/report/2020/2020-2nakayama9.pdf,official_daily_result_pdf
202006020903,2020,中山,2,9,3,2020-03-22,https://www.jra.go.jp/datafile/seiseki/report/2020/2020-2nakayama9.pdf,official_daily_result_pdf
202006020904,2020,中山,2,9,4,2020-03-22,https://www.jra.go.jp/datafile/seiseki/report/2020/2020-2nakayama9.pdf,official_daily_result_pdf
202006020905,2020,中山,2,9,5,2020-03-22,https://www.jra.go.jp/datafile/seiseki/report/2020/2020-2nakayama9.pdf,official_daily_result_pdf
202006020906,2020,中山,2,9,6,2020-03-22,https://www.jra.go.jp/datafile/seiseki/report/2020/2020-2nakayama9.pdf,official_daily_result_pdf
202006020907,2020,中山,2,9,7,2020-03-22,https://www.jra.go.jp/datafile/seiseki/report/2020/2020-2nakayama9.pdf,official_daily_result_pdf
202006020908,2020,中山,2,9,8,2020-03-22,https://www.jra.go.jp/datafile/seiseki/report/2020/2020-2nakayama9.pdf,official_daily_result_pdf
202006020909,2020,中山,2,9,9,2020-03-22,https://www.jra.go.jp/datafile/seiseki/report/2020/2020-2nakayama9.pdf,official_daily_result_pdf
202006020910,2020,中山,2,9,10,2020-03-22,https://www.jra.go.jp/datafile/seiseki/report/2020/2020-2nakayama9.pdf,official_daily_result_pdf
202006020911,2020,中山,2,9,11,2020-03-22,https://www.jra.go.jp/datafile/seiseki/report/2020/2020-2nakayama9.pdf,official_daily_result_pdf
202006020912,2020,中山,2,9,12,2020-03-22,https://www.jra.go.jp/datafile/seiseki/report/2020/2020-2nakayama9.pdf,official_daily_result_pdf
202006030101,2020,中山,3,1,1,2020-03-28,https://www.jra.go.jp/datafile/seiseki/report/2020/2020-3nakayama1.pdf,official_daily_result_pdf
202006030102,2020,中山,3,1,2,2020-03-28,https://www.jra.go.jp/datafile/seiseki/report/2020/2020-3nakayama1.pdf,official_daily_result_pdf
202006030103,2020,中山,3,1,3,2020-03-28,https://www.jra.go.jp/datafile/seiseki/report/2020/2020-3nakayama1.pdf,official_daily_result_pdf
202006030104,2020,中山,3,1,4,2020-03-28,https://www.jra.go.jp/datafile/seiseki/report/2020/2020-3nakayama1.pdf,official_daily_result_pdf
202006030105,2020,中山,3,1,5,2020-03-28,https://www.jra.go.jp/datafile/seiseki/report/2020/2020-3nakayama1.pdf,official_daily_result_pdf
202006030106,2020,中山,3,1,6,2020-03-28,https://www.jra.go.jp/datafile/seiseki/report/2020/2020-3nakayama1.pdf,official_daily_result_pdf
202006030107,2020,中山,3,1,7,2020-03-28,https://www.jra.go.jp/datafile/seiseki/report/2020/2020-3nakayama1.pdf,official_daily_result_pdf
202006030108,2020,中山,3,1,8,2020-03-28,https://www.jra.go.jp/datafile/seiseki/report/2020/2020-3nakayama1.pdf,official_daily_result_pdf
202006030109,2020,中山,3,1,9,2020-03-28,https://www.jra.go.jp/datafile/seiseki/report/2020/2020-3nakayama1.pdf,official_daily_result_pdf
202006030110,2020,中山,3,1,10,2020-03-28,https://www.jra.go.jp/datafile/seiseki/report/2020/2020-3nakayama1.pdf,official_daily_result_pdf
202006030111,2020,中山,3,1,11,2020-03-28,https://www.jra.go.jp/datafile/seiseki/report/2020/2020-3nakayama1.pdf,official_daily_result_pdf
202006030112,2020,中山,3,1,12,2020-03-28,https://www.jra.go.jp/datafile/seiseki/report/2020/2020-3nakayama1.pdf,official_daily_result_pdf
202006030201,2020,中山,3,2,1,2020-03-29,https://www.jra.go.jp/keiba/calendar2020/2020/3/0329.html,official_continuation_racing_exception
202006030202,2020,中山,3,2,2,2020-03-29,https://www.jra.go.jp/keiba/calendar2020/2020/3/0329.html,official_continuation_racing_exception
202006030203,2020,中山,3,2,3,2020-03-31,https://www.jra.go.jp/keiba/calendar2020/2020/3/0331.html,official_continuation_racing_exception
202006030204,2020,中山,3,2,4,2020-03-31,https://www.jra.go.jp/keiba/calendar2020/2020/3/0331.html,official_continuation_racing_exception
202006030205,2020,中山,3,2,5,2020-03-31,https://www.jra.go.jp/keiba/calendar2020/2020/3/0331.html,official_continuation_racing_exception
202006030206,2020,中山,3,2,6,2020-03-31,https://www.jra.go.jp/keiba/calendar2020/2020/3/0331.html,official_continuation_racing_exception
202006030207,2020,中山,3,2,7,2020-03-31,https://www.jra.go.jp/keiba/calendar2020/2020/3/0331.html,official_continuation_racing_exception
202006030208,2020,中山,3,2,8,2020-03-31,https://www.jra.go.jp/keiba/calendar2020/2020/3/0331.html,official_continuation_racing_exception
202006030209,2020,中山,3,2,9,2020-03-31,https://www.jra.go.jp/keiba/calendar2020/2020/3/0331.html,official_continuation_racing_exception
202006030210,2020,中山,3,2,10,2020-03-31,https://www.jra.go.jp/keiba/calendar2020/2020/3/0331.html,official_continuation_racing_exception
202006030211,2020,中山,3,2,11,2020-03-31,https://www.jra.go.jp/keiba/calendar2020/2020/3/0331.html,official_continuation_racing_exception
202006030212,2020,中山,3,2,12,2020-03-31,https://www.jra.go.jp/keiba/calendar2020/2020/3/0331.html,official_continuation_racing_exception
202006030301,2020,中山,3,3,1,2020-04-04,https://www.jra.go.jp/datafile/seiseki/report/2020/2020-3nakayama3.pdf,official_daily_result_pdf
202006030302,2020,中山,3,3,2,2020-04-04,https://www.jra.go.jp/datafile/seiseki/report/2020/2020-3nakayama3.pdf,official_daily_result_pdf
202006030303,2020,中山,3,3,3,2020-04-04,https://www.jra.go.jp/datafile/seiseki/report/2020/2020-3nakayama3.pdf,official_daily_result_pdf
202006030304,2020,中山,3,3,4,2020-04-04,https://www.jra.go.jp/datafile/seiseki/report/2020/2020-3nakayama3.pdf,official_daily_result_pdf
202006030305,2020,中山,3,3,5,2020-04-04,https://www.jra.go.jp/datafile/seiseki/report/2020/2020-3nakayama3.pdf,official_daily_result_pdf
202006030306,2020,中山,3,3,6,2020-04-04,https://www.jra.go.jp/datafile/seiseki/report/2020/2020-3nakayama3.pdf,official_daily_result_pdf
202006030307,2020,中山,3,3,7,2020-04-04,https://www.jra.go.jp/datafile/seiseki/report/2020/2020-3nakayama3.pdf,official_daily_result_pdf
202006030308,2020,中山,3,3,8,2020-04-04,https://www.jra.go.jp/datafile/seiseki/report/2020/2020-3nakayama3.pdf,official_daily_result_pdf
202006030309,2020,中山,3,3,9,2020-04-04,https://www.jra.go.jp/datafile/seiseki/report/2020/2020-3nakayama3.pdf,official_daily_result_pdf
202006030310,2020,中山,3,3,10,2020-04-04,https://www.jra.go.jp/datafile/seiseki/report/2020/2020-3nakayama3.pdf,official_daily_result_pdf
202006030311,2020,中山,3,3,11,2020-04-04,https://www.jra.go.jp/datafile/seiseki/report/2020/2020-3nakayama3.pdf,official_daily_result_pdf
202006030312,2020,中山,3,3,12,2020-04-04,https://www.jra.go.jp/datafile/seiseki/report/2020/2020-3nakayama3.pdf,official_daily_result_pdf
202006030401,2020,中山,3,4,1,2020-04-05,https://www.jra.go.jp/datafile/seiseki/report/2020/2020-3nakayama4.pdf,official_daily_result_pdf
202006030402,2020,中山,3,4,2,2020-04-05,https://www.jra.go.jp/datafile/seiseki/report/2020/2020-3nakayama4.pdf,official_daily_result_pdf
202006030403,2020,中山,3,4,3,2020-04-05,https://www.jra.go.jp/datafile/seiseki/report/2020/2020-3nakayama4.pdf,official_daily_result_pdf
202006030404,2020,中山,3,4,4,2020-04-05,https://www.jra.go.jp/datafile/seiseki/report/2020/2020-3nakayama4.pdf,official_daily_result_pdf
202006030405,2020,中山,3,4,5,2020-04-05,https://www.jra.go.jp/datafile/seiseki/report/2020/2020-3nakayama4.pdf,official_daily_result_pdf
202006030406,2020,中山,3,4,6,2020-04-05,https://www.jra.go.jp/datafile/seiseki/report/2020/2020-3nakayama4.pdf,official_daily_result_pdf
202006030407,2020,中山,3,4,7,2020-04-05,https://www.jra.go.jp/datafile/seiseki/report/2020/2020-3nakayama4.pdf,official_daily_result_pdf
202006030408,2020,中山,3,4,8,2020-04-05,https://www.jra.go.jp/datafile/seiseki/report/2020/2020-3nakayama4.pdf,official_daily_result_pdf
202006030409,2020,中山,3,4,9,2020-04-05,https://www.jra.go.jp/datafile/seiseki/report/2020/2020-3nakayama4.pdf,official_daily_result_pdf
202006030410,2020,中山,3,4,10,2020-04-05,https://www.jra.go.jp/datafile/seiseki/report/2020/2020-3nakayama4.pdf,official_daily_result_pdf
202006030411,2020,中山,3,4,11,2020-04-05,https://www.jra.go.jp/datafile/seiseki/report/2020/2020-3nakayama4.pdf,official_daily_result_pdf
202006030412,2020,中山,3,4,12,2020-04-05,https://www.jra.go.jp/datafile/seiseki/report/2020/2020-3nakayama4.pdf,official_daily_result_pdf
202006030501,2020,中山,3,5,1,2020-04-11,https://www.jra.go.jp/datafile/seiseki/report/2020/2020-3nakayama5.pdf,official_daily_result_pdf
202006030502,2020,中山,3,5,2,2020-04-11,https://www.jra.go.jp/datafile/seiseki/report/2020/2020-3nakayama5.pdf,official_daily_result_pdf
202006030503,2020,中山,3,5,3,2020-04-11,https://www.jra.go.jp/datafile/seiseki/report/2020/2020-3nakayama5.pdf,official_daily_result_pdf
202006030504,2020,中山,3,5,4,2020-04-11,https://www.jra.go.jp/datafile/seiseki/report/2020/2020-3nakayama5.pdf,official_daily_result_pdf
202006030505,2020,中山,3,5,5,2020-04-11,https://www.jra.go.jp/datafile/seiseki/report/2020/2020-3nakayama5.pdf,official_daily_result_pdf
202006030506,2020,中山,3,5,6,2020-04-11,https://www.jra.go.jp/datafile/seiseki/report/2020/2020-3nakayama5.pdf,official_daily_result_pdf
202006030507,2020,中山,3,5,7,2020-04-11,https://www.jra.go.jp/datafile/seiseki/report/2020/2020-3nakayama5.pdf,official_daily_result_pdf
202006030508,2020,中山,3,5,8,2020-04-11,https://www.jra.go.jp/datafile/seiseki/report/2020/2020-3nakayama5.pdf,official_daily_result_pdf
202006030509,2020,中山,3,5,9,2020-04-11,https://www.jra.go.jp/datafile/seiseki/report/2020/2020-3nakayama5.pdf,official_daily_result_pdf
202006030510,2020,中山,3,5,10,2020-04-11,https://www.jra.go.jp/datafile/seiseki/report/2020/2020-3nakayama5.pdf,official_daily_result_pdf
202006030511,2020,中山,3,5,11,2020-04-11,https://www.jra.go.jp/datafile/seiseki/report/2020/2020-3nakayama5.pdf,official_daily_result_pdf
202006030512,2020,中山,3,5,12,2020-04-11,https://www.jra.go.jp/datafile/seiseki/report/2020/2020-3nakayama5.pdf,official_daily_result_pdf
202006030601,2020,中山,3,6,1,2020-04-12,https://www.jra.go.jp/datafile/seiseki/report/2020/2020-3nakayama6.pdf,official_daily_result_pdf
202006030602,2020,中山,3,6,2,2020-04-12,https://www.jra.go.jp/datafile/seiseki/report/2020/2020-3nakayama6.pdf,official_daily_result_pdf
202006030603,2020,中山,3,6,3,2020-04-12,https://www.jra.go.jp/datafile/seiseki/report/2020/2020-3nakayama6.pdf,official_daily_result_pdf
202006030604,2020,中山,3,6,4,2020-04-12,https://www.jra.go.jp/datafile/seiseki/report/2020/2020-3nakayama6.pdf,official_daily_result_pdf
202006030605,2020,中山,3,6,5,2020-04-12,https://www.jra.go.jp/datafile/seiseki/report/2020/2020-3nakayama6.pdf,official_daily_result_pdf
202006030606,2020,中山,3,6,6,2020-04-12,https://www.jra.go.jp/datafile/seiseki/report/2020/2020-3nakayama6.pdf,official_daily_result_pdf
202006030607,2020,中山,3,6,7,2020-04-12,https://www.jra.go.jp/datafile/seiseki/report/2020/2020-3nakayama6.pdf,official_daily_result_pdf
202006030608,2020,中山,3,6,8,2020-04-12,https://www.jra.go.jp/datafile/seiseki/report/2020/2020-3nakayama6.pdf,official_daily_result_pdf
202006030609,2020,中山,3,6,9,2020-04-12,https://www.jra.go.jp/datafile/seiseki/report/2020/2020-3nakayama6.pdf,official_daily_result_pdf
202006030610,2020,中山,3,6,10,2020-04-12,https://www.jra.go.jp/datafile/seiseki/report/2020/2020-3nakayama6.pdf,official_daily_result_pdf
202006030611,2020,中山,3,6,11,2020-04-12,https://www.jra.go.jp/datafile/seiseki/report/2020/2020-3nakayama6.pdf,official_daily_result_pdf
202006030612,2020,中山,3,6,12,2020-04-12,https://www.jra.go.jp/datafile/seiseki/report/2020/2020-3nakayama6.pdf,official_daily_result_pdf
202006030701,2020,中山,3,7,1,2020-04-18,https://www.jra.go.jp/datafile/seiseki/report/2020/2020-3nakayama7.pdf,official_daily_result_pdf
202006030702,2020,中山,3,7,2,2020-04-18,https://www.jra.go.jp/datafile/seiseki/report/2020/2020-3nakayama7.pdf,official_daily_result_pdf
202006030703,2020,中山,3,7,3,2020-04-18,https://www.jra.go.jp/datafile/seiseki/report/2020/2020-3nakayama7.pdf,official_daily_result_pdf
202006030704,2020,中山,3,7,4,2020-04-18,https://www.jra.go.jp/datafile/seiseki/report/2020/2020-3nakayama7.pdf,official_daily_result_pdf
202006030705,2020,中山,3,7,5,2020-04-18,https://www.jra.go.jp/datafile/seiseki/report/2020/2020-3nakayama7.pdf,official_daily_result_pdf
202006030706,2020,中山,3,7,6,2020-04-18,https://www.jra.go.jp/datafile/seiseki/report/2020/2020-3nakayama7.pdf,official_daily_result_pdf
202006030707,2020,中山,3,7,7,2020-04-18,https://www.jra.go.jp/datafile/seiseki/report/2020/2020-3nakayama7.pdf,official_daily_result_pdf
202006030708,2020,中山,3,7,8,2020-04-18,https://www.jra.go.jp/datafile/seiseki/report/2020/2020-3nakayama7.pdf,official_daily_result_pdf
202006030709,2020,中山,3,7,9,2020-04-18,https://www.jra.go.jp/datafile/seiseki/report/2020/2020-3nakayama7.pdf,official_daily_result_pdf
202006030710,2020,中山,3,7,10,2020-04-18,https://www.jra.go.jp/datafile/seiseki/report/2020/2020-3nakayama7.pdf,official_daily_result_pdf
202006030711,2020,中山,3,7,11,2020-04-18,https://www.jra.go.jp/datafile/seiseki/report/2020/2020-3nakayama7.pdf,official_daily_result_pdf
202006030712,2020,中山,3,7,12,2020-04-18,https://www.jra.go.jp/datafile/seiseki/report/2020/2020-3nakayama7.pdf,official_daily_result_pdf
202006030801,2020,中山,3,8,1,2020-04-19,https://www.jra.go.jp/datafile/seiseki/report/2020/2020-3nakayama8.pdf,official_daily_result_pdf
202006030802,2020,中山,3,8,2,2020-04-19,https://www.jra.go.jp/datafile/seiseki/report/2020/2020-3nakayama8.pdf,official_daily_result_pdf
202006030803,2020,中山,3,8,3,2020-04-19,https://www.jra.go.jp/datafile/seiseki/report/2020/2020-3nakayama8.pdf,official_daily_result_pdf
202006030804,2020,中山,3,8,4,2020-04-19,https://www.jra.go.jp/datafile/seiseki/report/2020/2020-3nakayama8.pdf,official_daily_result_pdf
202006030805,2020,中山,3,8,5,2020-04-19,https://www.jra.go.jp/datafile/seiseki/report/2020/2020-3nakayama8.pdf,official_daily_result_pdf
202006030806,2020,中山,3,8,6,2020-04-19,https://www.jra.go.jp/datafile/seiseki/report/2020/2020-3nakayama8.pdf,official_daily_result_pdf
202006030807,2020,中山,3,8,7,2020-04-19,https://www.jra.go.jp/datafile/seiseki/report/2020/2020-3nakayama8.pdf,official_daily_result_pdf
202006030808,2020,中山,3,8,8,2020-04-19,https://www.jra.go.jp/datafile/seiseki/report/2020/2020-3nakayama8.pdf,official_daily_result_pdf
202006030809,2020,中山,3,8,9,2020-04-19,https://www.jra.go.jp/datafile/seiseki/report/2020/2020-3nakayama8.pdf,official_daily_result_pdf
202006030810,2020,中山,3,8,10,2020-04-19,https://www.jra.go.jp/datafile/seiseki/report/2020/2020-3nakayama8.pdf,official_daily_result_pdf
202006030811,2020,中山,3,8,11,2020-04-19,https://www.jra.go.jp/datafile/seiseki/report/2020/2020-3nakayama8.pdf,official_daily_result_pdf
202006030812,2020,中山,3,8,12,2020-04-19,https://www.jra.go.jp/datafile/seiseki/report/2020/2020-3nakayama8.pdf,official_daily_result_pdf
202006040101,2020,中山,4,1,1,2020-09-12,https://www.jra.go.jp/datafile/seiseki/report/2020/2020-4nakayama1.pdf,official_daily_result_pdf
202006040102,2020,中山,4,1,2,2020-09-12,https://www.jra.go.jp/datafile/seiseki/report/2020/2020-4nakayama1.pdf,official_daily_result_pdf
202006040103,2020,中山,4,1,3,2020-09-12,https://www.jra.go.jp/datafile/seiseki/report/2020/2020-4nakayama1.pdf,official_daily_result_pdf
202006040104,2020,中山,4,1,4,2020-09-12,https://www.jra.go.jp/datafile/seiseki/report/2020/2020-4nakayama1.pdf,official_daily_result_pdf
202006040105,2020,中山,4,1,5,2020-09-12,https://www.jra.go.jp/datafile/seiseki/report/2020/2020-4nakayama1.pdf,official_daily_result_pdf
202006040106,2020,中山,4,1,6,2020-09-12,https://www.jra.go.jp/datafile/seiseki/report/2020/2020-4nakayama1.pdf,official_daily_result_pdf
202006040107,2020,中山,4,1,7,2020-09-12,https://www.jra.go.jp/datafile/seiseki/report/2020/2020-4nakayama1.pdf,official_daily_result_pdf
202006040108,2020,中山,4,1,8,2020-09-12,https://www.jra.go.jp/datafile/seiseki/report/2020/2020-4nakayama1.pdf,official_daily_result_pdf
202006040109,2020,中山,4,1,9,2020-09-12,https://www.jra.go.jp/datafile/seiseki/report/2020/2020-4nakayama1.pdf,official_daily_result_pdf
202006040110,2020,中山,4,1,10,2020-09-12,https://www.jra.go.jp/datafile/seiseki/report/2020/2020-4nakayama1.pdf,official_daily_result_pdf
202006040111,2020,中山,4,1,11,2020-09-12,https://www.jra.go.jp/datafile/seiseki/report/2020/2020-4nakayama1.pdf,official_daily_result_pdf
202006040112,2020,中山,4,1,12,2020-09-12,https://www.jra.go.jp/datafile/seiseki/report/2020/2020-4nakayama1.pdf,official_daily_result_pdf
202006040201,2020,中山,4,2,1,2020-09-13,https://www.jra.go.jp/datafile/seiseki/report/2020/2020-4nakayama2.pdf,official_daily_result_pdf
202006040202,2020,中山,4,2,2,2020-09-13,https://www.jra.go.jp/datafile/seiseki/report/2020/2020-4nakayama2.pdf,official_daily_result_pdf
202006040203,2020,中山,4,2,3,2020-09-13,https://www.jra.go.jp/datafile/seiseki/report/2020/2020-4nakayama2.pdf,official_daily_result_pdf
202006040204,2020,中山,4,2,4,2020-09-13,https://www.jra.go.jp/datafile/seiseki/report/2020/2020-4nakayama2.pdf,official_daily_result_pdf
202006040205,2020,中山,4,2,5,2020-09-13,https://www.jra.go.jp/datafile/seiseki/report/2020/2020-4nakayama2.pdf,official_daily_result_pdf
202006040206,2020,中山,4,2,6,2020-09-13,https://www.jra.go.jp/datafile/seiseki/report/2020/2020-4nakayama2.pdf,official_daily_result_pdf
202006040207,2020,中山,4,2,7,2020-09-13,https://www.jra.go.jp/datafile/seiseki/report/2020/2020-4nakayama2.pdf,official_daily_result_pdf
202006040208,2020,中山,4,2,8,2020-09-13,https://www.jra.go.jp/datafile/seiseki/report/2020/2020-4nakayama2.pdf,official_daily_result_pdf
202006040209,2020,中山,4,2,9,2020-09-13,https://www.jra.go.jp/datafile/seiseki/report/2020/2020-4nakayama2.pdf,official_daily_result_pdf
202006040210,2020,中山,4,2,10,2020-09-13,https://www.jra.go.jp/datafile/seiseki/report/2020/2020-4nakayama2.pdf,official_daily_result_pdf
202006040211,2020,中山,4,2,11,2020-09-13,https://www.jra.go.jp/datafile/seiseki/report/2020/2020-4nakayama2.pdf,official_daily_result_pdf
202006040212,2020,中山,4,2,12,2020-09-13,https://www.jra.go.jp/datafile/seiseki/report/2020/2020-4nakayama2.pdf,official_daily_result_pdf
202006040301,2020,中山,4,3,1,2020-09-19,https://www.jra.go.jp/datafile/seiseki/report/2020/2020-4nakayama3.pdf,official_daily_result_pdf
202006040302,2020,中山,4,3,2,2020-09-19,https://www.jra.go.jp/datafile/seiseki/report/2020/2020-4nakayama3.pdf,official_daily_result_pdf
202006040303,2020,中山,4,3,3,2020-09-19,https://www.jra.go.jp/datafile/seiseki/report/2020/2020-4nakayama3.pdf,official_daily_result_pdf
202006040304,2020,中山,4,3,4,2020-09-19,https://www.jra.go.jp/datafile/seiseki/report/2020/2020-4nakayama3.pdf,official_daily_result_pdf
202006040305,2020,中山,4,3,5,2020-09-19,https://www.jra.go.jp/datafile/seiseki/report/2020/2020-4nakayama3.pdf,official_daily_result_pdf
202006040306,2020,中山,4,3,6,2020-09-19,https://www.jra.go.jp/datafile/seiseki/report/2020/2020-4nakayama3.pdf,official_daily_result_pdf
202006040307,2020,中山,4,3,7,2020-09-19,https://www.jra.go.jp/datafile/seiseki/report/2020/2020-4nakayama3.pdf,official_daily_result_pdf
202006040308,2020,中山,4,3,8,2020-09-19,https://www.jra.go.jp/datafile/seiseki/report/2020/2020-4nakayama3.pdf,official_daily_result_pdf
202006040309,2020,中山,4,3,9,2020-09-19,https://www.jra.go.jp/datafile/seiseki/report/2020/2020-4nakayama3.pdf,official_daily_result_pdf
202006040310,2020,中山,4,3,10,2020-09-19,https://www.jra.go.jp/datafile/seiseki/report/2020/2020-4nakayama3.pdf,official_daily_result_pdf
202006040311,2020,中山,4,3,11,2020-09-19,https://www.jra.go.jp/datafile/seiseki/report/2020/2020-4nakayama3.pdf,official_daily_result_pdf
202006040312,2020,中山,4,3,12,2020-09-19,https://www.jra.go.jp/datafile/seiseki/report/2020/2020-4nakayama3.pdf,official_daily_result_pdf
202006040401,2020,中山,4,4,1,2020-09-20,https://www.jra.go.jp/datafile/seiseki/report/2020/2020-4nakayama4.pdf,official_daily_result_pdf
202006040402,2020,中山,4,4,2,2020-09-20,https://www.jra.go.jp/datafile/seiseki/report/2020/2020-4nakayama4.pdf,official_daily_result_pdf
202006040403,2020,中山,4,4,3,2020-09-20,https://www.jra.go.jp/datafile/seiseki/report/2020/2020-4nakayama4.pdf,official_daily_result_pdf
202006040404,2020,中山,4,4,4,2020-09-20,https://www.jra.go.jp/datafile/seiseki/report/2020/2020-4nakayama4.pdf,official_daily_result_pdf
202006040405,2020,中山,4,4,5,2020-09-20,https://www.jra.go.jp/datafile/seiseki/report/2020/2020-4nakayama4.pdf,official_daily_result_pdf
202006040406,2020,中山,4,4,6,2020-09-20,https://www.jra.go.jp/datafile/seiseki/report/2020/2020-4nakayama4.pdf,official_daily_result_pdf
202006040407,2020,中山,4,4,7,2020-09-20,https://www.jra.go.jp/datafile/seiseki/report/2020/2020-4nakayama4.pdf,official_daily_result_pdf
202006040408,2020,中山,4,4,8,2020-09-20,https://www.jra.go.jp/datafile/seiseki/report/2020/2020-4nakayama4.pdf,official_daily_result_pdf
202006040409,2020,中山,4,4,9,2020-09-20,https://www.jra.go.jp/datafile/seiseki/report/2020/2020-4nakayama4.pdf,official_daily_result_pdf
202006040410,2020,中山,4,4,10,2020-09-20,https://www.jra.go.jp/datafile/seiseki/report/2020/2020-4nakayama4.pdf,official_daily_result_pdf
202006040411,2020,中山,4,4,11,2020-09-20,https://www.jra.go.jp/datafile/seiseki/report/2020/2020-4nakayama4.pdf,official_daily_result_pdf
202006040412,2020,中山,4,4,12,2020-09-20,https://www.jra.go.jp/datafile/seiseki/report/2020/2020-4nakayama4.pdf,official_daily_result_pdf
202006040501,2020,中山,4,5,1,2020-09-21,https://www.jra.go.jp/datafile/seiseki/report/2020/2020-4nakayama5.pdf,official_daily_result_pdf
202006040502,2020,中山,4,5,2,2020-09-21,https://www.jra.go.jp/datafile/seiseki/report/2020/2020-4nakayama5.pdf,official_daily_result_pdf
202006040503,2020,中山,4,5,3,2020-09-21,https://www.jra.go.jp/datafile/seiseki/report/2020/2020-4nakayama5.pdf,official_daily_result_pdf
202006040504,2020,中山,4,5,4,2020-09-21,https://www.jra.go.jp/datafile/seiseki/report/2020/2020-4nakayama5.pdf,official_daily_result_pdf
202006040505,2020,中山,4,5,5,2020-09-21,https://www.jra.go.jp/datafile/seiseki/report/2020/2020-4nakayama5.pdf,official_daily_result_pdf
202006040506,2020,中山,4,5,6,2020-09-21,https://www.jra.go.jp/datafile/seiseki/report/2020/2020-4nakayama5.pdf,official_daily_result_pdf
202006040507,2020,中山,4,5,7,2020-09-21,https://www.jra.go.jp/datafile/seiseki/report/2020/2020-4nakayama5.pdf,official_daily_result_pdf
202006040508,2020,中山,4,5,8,2020-09-21,https://www.jra.go.jp/datafile/seiseki/report/2020/2020-4nakayama5.pdf,official_daily_result_pdf
202006040509,2020,中山,4,5,9,2020-09-21,https://www.jra.go.jp/datafile/seiseki/report/2020/2020-4nakayama5.pdf,official_daily_result_pdf
202006040510,2020,中山,4,5,10,2020-09-21,https://www.jra.go.jp/datafile/seiseki/report/2020/2020-4nakayama5.pdf,official_daily_result_pdf
202006040511,2020,中山,4,5,11,2020-09-21,https://www.jra.go.jp/datafile/seiseki/report/2020/2020-4nakayama5.pdf,official_daily_result_pdf
202006040512,2020,中山,4,5,12,2020-09-21,https://www.jra.go.jp/datafile/seiseki/report/2020/2020-4nakayama5.pdf,official_daily_result_pdf
202006040601,2020,中山,4,6,1,2020-09-26,https://www.jra.go.jp/datafile/seiseki/report/2020/2020-4nakayama6.pdf,official_daily_result_pdf
202006040602,2020,中山,4,6,2,2020-09-26,https://www.jra.go.jp/datafile/seiseki/report/2020/2020-4nakayama6.pdf,official_daily_result_pdf
202006040603,2020,中山,4,6,3,2020-09-26,https://www.jra.go.jp/datafile/seiseki/report/2020/2020-4nakayama6.pdf,official_daily_result_pdf
202006040604,2020,中山,4,6,4,2020-09-26,https://www.jra.go.jp/datafile/seiseki/report/2020/2020-4nakayama6.pdf,official_daily_result_pdf
202006040605,2020,中山,4,6,5,2020-09-26,https://www.jra.go.jp/datafile/seiseki/report/2020/2020-4nakayama6.pdf,official_daily_result_pdf
202006040606,2020,中山,4,6,6,2020-09-26,https://www.jra.go.jp/datafile/seiseki/report/2020/2020-4nakayama6.pdf,official_daily_result_pdf
202006040607,2020,中山,4,6,7,2020-09-26,https://www.jra.go.jp/datafile/seiseki/report/2020/2020-4nakayama6.pdf,official_daily_result_pdf
202006040608,2020,中山,4,6,8,2020-09-26,https://www.jra.go.jp/datafile/seiseki/report/2020/2020-4nakayama6.pdf,official_daily_result_pdf
202006040609,2020,中山,4,6,9,2020-09-26,https://www.jra.go.jp/datafile/seiseki/report/2020/2020-4nakayama6.pdf,official_daily_result_pdf
202006040610,2020,中山,4,6,10,2020-09-26,https://www.jra.go.jp/datafile/seiseki/report/2020/2020-4nakayama6.pdf,official_daily_result_pdf
202006040611,2020,中山,4,6,11,2020-09-26,https://www.jra.go.jp/datafile/seiseki/report/2020/2020-4nakayama6.pdf,official_daily_result_pdf
202006040612,2020,中山,4,6,12,2020-09-26,https://www.jra.go.jp/datafile/seiseki/report/2020/2020-4nakayama6.pdf,official_daily_result_pdf
202006040701,2020,中山,4,7,1,2020-09-27,https://www.jra.go.jp/datafile/seiseki/report/2020/2020-4nakayama7.pdf,official_daily_result_pdf
202006040702,2020,中山,4,7,2,2020-09-27,https://www.jra.go.jp/datafile/seiseki/report/2020/2020-4nakayama7.pdf,official_daily_result_pdf
202006040703,2020,中山,4,7,3,2020-09-27,https://www.jra.go.jp/datafile/seiseki/report/2020/2020-4nakayama7.pdf,official_daily_result_pdf
202006040704,2020,中山,4,7,4,2020-09-27,https://www.jra.go.jp/datafile/seiseki/report/2020/2020-4nakayama7.pdf,official_daily_result_pdf
202006040705,2020,中山,4,7,5,2020-09-27,https://www.jra.go.jp/datafile/seiseki/report/2020/2020-4nakayama7.pdf,official_daily_result_pdf
202006040706,2020,中山,4,7,6,2020-09-27,https://www.jra.go.jp/datafile/seiseki/report/2020/2020-4nakayama7.pdf,official_daily_result_pdf
202006040707,2020,中山,4,7,7,2020-09-27,https://www.jra.go.jp/datafile/seiseki/report/2020/2020-4nakayama7.pdf,official_daily_result_pdf
202006040708,2020,中山,4,7,8,2020-09-27,https://www.jra.go.jp/datafile/seiseki/report/2020/2020-4nakayama7.pdf,official_daily_result_pdf
202006040709,2020,中山,4,7,9,2020-09-27,https://www.jra.go.jp/datafile/seiseki/report/2020/2020-4nakayama7.pdf,official_daily_result_pdf
202006040710,2020,中山,4,7,10,2020-09-27,https://www.jra.go.jp/datafile/seiseki/report/2020/2020-4nakayama7.pdf,official_daily_result_pdf
202006040711,2020,中山,4,7,11,2020-09-27,https://www.jra.go.jp/datafile/seiseki/report/2020/2020-4nakayama7.pdf,official_daily_result_pdf
202006040712,2020,中山,4,7,12,2020-09-27,https://www.jra.go.jp/datafile/seiseki/report/2020/2020-4nakayama7.pdf,official_daily_result_pdf
202006040801,2020,中山,4,8,1,2020-10-03,https://www.jra.go.jp/datafile/seiseki/report/2020/2020-4nakayama8.pdf,official_daily_result_pdf
202006040802,2020,中山,4,8,2,2020-10-03,https://www.jra.go.jp/datafile/seiseki/report/2020/2020-4nakayama8.pdf,official_daily_result_pdf
202006040803,2020,中山,4,8,3,2020-10-03,https://www.jra.go.jp/datafile/seiseki/report/2020/2020-4nakayama8.pdf,official_daily_result_pdf
202006040804,2020,中山,4,8,4,2020-10-03,https://www.jra.go.jp/datafile/seiseki/report/2020/2020-4nakayama8.pdf,official_daily_result_pdf
202006040805,2020,中山,4,8,5,2020-10-03,https://www.jra.go.jp/datafile/seiseki/report/2020/2020-4nakayama8.pdf,official_daily_result_pdf
202006040806,2020,中山,4,8,6,2020-10-03,https://www.jra.go.jp/datafile/seiseki/report/2020/2020-4nakayama8.pdf,official_daily_result_pdf
202006040807,2020,中山,4,8,7,2020-10-03,https://www.jra.go.jp/datafile/seiseki/report/2020/2020-4nakayama8.pdf,official_daily_result_pdf
202006040808,2020,中山,4,8,8,2020-10-03,https://www.jra.go.jp/datafile/seiseki/report/2020/2020-4nakayama8.pdf,official_daily_result_pdf
202006040809,2020,中山,4,8,9,2020-10-03,https://www.jra.go.jp/datafile/seiseki/report/2020/2020-4nakayama8.pdf,official_daily_result_pdf
202006040810,2020,中山,4,8,10,2020-10-03,https://www.jra.go.jp/datafile/seiseki/report/2020/2020-4nakayama8.pdf,official_daily_result_pdf
202006040811,2020,中山,4,8,11,2020-10-03,https://www.jra.go.jp/datafile/seiseki/report/2020/2020-4nakayama8.pdf,official_daily_result_pdf
202006040812,2020,中山,4,8,12,2020-10-03,https://www.jra.go.jp/datafile/seiseki/report/2020/2020-4nakayama8.pdf,official_daily_result_pdf
202006040901,2020,中山,4,9,1,2020-10-04,https://www.jra.go.jp/datafile/seiseki/report/2020/2020-4nakayama9.pdf,official_daily_result_pdf
202006040902,2020,中山,4,9,2,2020-10-04,https://www.jra.go.jp/datafile/seiseki/report/2020/2020-4nakayama9.pdf,official_daily_result_pdf
202006040903,2020,中山,4,9,3,2020-10-04,https://www.jra.go.jp/datafile/seiseki/report/2020/2020-4nakayama9.pdf,official_daily_result_pdf
202006040904,2020,中山,4,9,4,2020-10-04,https://www.jra.go.jp/datafile/seiseki/report/2020/2020-4nakayama9.pdf,official_daily_result_pdf
202006040905,2020,中山,4,9,5,2020-10-04,https://www.jra.go.jp/datafile/seiseki/report/2020/2020-4nakayama9.pdf,official_daily_result_pdf
202006040906,2020,中山,4,9,6,2020-10-04,https://www.jra.go.jp/datafile/seiseki/report/2020/2020-4nakayama9.pdf,official_daily_result_pdf
202006040907,2020,中山,4,9,7,2020-10-04,https://www.jra.go.jp/datafile/seiseki/report/2020/2020-4nakayama9.pdf,official_daily_result_pdf
202006040908,2020,中山,4,9,8,2020-10-04,https://www.jra.go.jp/datafile/seiseki/report/2020/2020-4nakayama9.pdf,official_daily_result_pdf
202006040909,2020,中山,4,9,9,2020-10-04,https://www.jra.go.jp/datafile/seiseki/report/2020/2020-4nakayama9.pdf,official_daily_result_pdf
202006040910,2020,中山,4,9,10,2020-10-04,https://www.jra.go.jp/datafile/seiseki/report/2020/2020-4nakayama9.pdf,official_daily_result_pdf
202006040911,2020,中山,4,9,11,2020-10-04,https://www.jra.go.jp/datafile/seiseki/report/2020/2020-4nakayama9.pdf,official_daily_result_pdf
202006040912,2020,中山,4,9,12,2020-10-04,https://www.jra.go.jp/datafile/seiseki/report/2020/2020-4nakayama9.pdf,official_daily_result_pdf
202006050101,2020,中山,5,1,1,2020-12-05,https://www.jra.go.jp/datafile/seiseki/report/2020/2020-5nakayama1.pdf,official_daily_result_pdf
202006050102,2020,中山,5,1,2,2020-12-05,https://www.jra.go.jp/datafile/seiseki/report/2020/2020-5nakayama1.pdf,official_daily_result_pdf
202006050103,2020,中山,5,1,3,2020-12-05,https://www.jra.go.jp/datafile/seiseki/report/2020/2020-5nakayama1.pdf,official_daily_result_pdf
202006050104,2020,中山,5,1,4,2020-12-05,https://www.jra.go.jp/datafile/seiseki/report/2020/2020-5nakayama1.pdf,official_daily_result_pdf
202006050105,2020,中山,5,1,5,2020-12-05,https://www.jra.go.jp/datafile/seiseki/report/2020/2020-5nakayama1.pdf,official_daily_result_pdf
202006050106,2020,中山,5,1,6,2020-12-05,https://www.jra.go.jp/datafile/seiseki/report/2020/2020-5nakayama1.pdf,official_daily_result_pdf
202006050107,2020,中山,5,1,7,2020-12-05,https://www.jra.go.jp/datafile/seiseki/report/2020/2020-5nakayama1.pdf,official_daily_result_pdf
202006050108,2020,中山,5,1,8,2020-12-05,https://www.jra.go.jp/datafile/seiseki/report/2020/2020-5nakayama1.pdf,official_daily_result_pdf
202006050109,2020,中山,5,1,9,2020-12-05,https://www.jra.go.jp/datafile/seiseki/report/2020/2020-5nakayama1.pdf,official_daily_result_pdf
202006050110,2020,中山,5,1,10,2020-12-05,https://www.jra.go.jp/datafile/seiseki/report/2020/2020-5nakayama1.pdf,official_daily_result_pdf
202006050111,2020,中山,5,1,11,2020-12-05,https://www.jra.go.jp/datafile/seiseki/report/2020/2020-5nakayama1.pdf,official_daily_result_pdf
202006050112,2020,中山,5,1,12,2020-12-05,https://www.jra.go.jp/datafile/seiseki/report/2020/2020-5nakayama1.pdf,official_daily_result_pdf
202006050201,2020,中山,5,2,1,2020-12-06,https://www.jra.go.jp/datafile/seiseki/report/2020/2020-5nakayama2.pdf,official_daily_result_pdf
202006050202,2020,中山,5,2,2,2020-12-06,https://www.jra.go.jp/datafile/seiseki/report/2020/2020-5nakayama2.pdf,official_daily_result_pdf
202006050203,2020,中山,5,2,3,2020-12-06,https://www.jra.go.jp/datafile/seiseki/report/2020/2020-5nakayama2.pdf,official_daily_result_pdf
202006050204,2020,中山,5,2,4,2020-12-06,https://www.jra.go.jp/datafile/seiseki/report/2020/2020-5nakayama2.pdf,official_daily_result_pdf
202006050205,2020,中山,5,2,5,2020-12-06,https://www.jra.go.jp/datafile/seiseki/report/2020/2020-5nakayama2.pdf,official_daily_result_pdf
202006050206,2020,中山,5,2,6,2020-12-06,https://www.jra.go.jp/datafile/seiseki/report/2020/2020-5nakayama2.pdf,official_daily_result_pdf
202006050207,2020,中山,5,2,7,2020-12-06,https://www.jra.go.jp/datafile/seiseki/report/2020/2020-5nakayama2.pdf,official_daily_result_pdf
202006050208,2020,中山,5,2,8,2020-12-06,https://www.jra.go.jp/datafile/seiseki/report/2020/2020-5nakayama2.pdf,official_daily_result_pdf
202006050209,2020,中山,5,2,9,2020-12-06,https://www.jra.go.jp/datafile/seiseki/report/2020/2020-5nakayama2.pdf,official_daily_result_pdf
202006050210,2020,中山,5,2,10,2020-12-06,https://www.jra.go.jp/datafile/seiseki/report/2020/2020-5nakayama2.pdf,official_daily_result_pdf
202006050211,2020,中山,5,2,11,2020-12-06,https://www.jra.go.jp/datafile/seiseki/report/2020/2020-5nakayama2.pdf,official_daily_result_pdf
202006050212,2020,中山,5,2,12,2020-12-06,https://www.jra.go.jp/datafile/seiseki/report/2020/2020-5nakayama2.pdf,official_daily_result_pdf
202006050301,2020,中山,5,3,1,2020-12-12,https://www.jra.go.jp/datafile/seiseki/report/2020/2020-5nakayama3.pdf,official_daily_result_pdf
202006050302,2020,中山,5,3,2,2020-12-12,https://www.jra.go.jp/datafile/seiseki/report/2020/2020-5nakayama3.pdf,official_daily_result_pdf
202006050303,2020,中山,5,3,3,2020-12-12,https://www.jra.go.jp/datafile/seiseki/report/2020/2020-5nakayama3.pdf,official_daily_result_pdf
202006050304,2020,中山,5,3,4,2020-12-12,https://www.jra.go.jp/datafile/seiseki/report/2020/2020-5nakayama3.pdf,official_daily_result_pdf
202006050305,2020,中山,5,3,5,2020-12-12,https://www.jra.go.jp/datafile/seiseki/report/2020/2020-5nakayama3.pdf,official_daily_result_pdf
202006050306,2020,中山,5,3,6,2020-12-12,https://www.jra.go.jp/datafile/seiseki/report/2020/2020-5nakayama3.pdf,official_daily_result_pdf
202006050307,2020,中山,5,3,7,2020-12-12,https://www.jra.go.jp/datafile/seiseki/report/2020/2020-5nakayama3.pdf,official_daily_result_pdf
202006050308,2020,中山,5,3,8,2020-12-12,https://www.jra.go.jp/datafile/seiseki/report/2020/2020-5nakayama3.pdf,official_daily_result_pdf
202006050309,2020,中山,5,3,9,2020-12-12,https://www.jra.go.jp/datafile/seiseki/report/2020/2020-5nakayama3.pdf,official_daily_result_pdf
202006050310,2020,中山,5,3,10,2020-12-12,https://www.jra.go.jp/datafile/seiseki/report/2020/2020-5nakayama3.pdf,official_daily_result_pdf
202006050311,2020,中山,5,3,11,2020-12-12,https://www.jra.go.jp/datafile/seiseki/report/2020/2020-5nakayama3.pdf,official_daily_result_pdf
202006050312,2020,中山,5,3,12,2020-12-12,https://www.jra.go.jp/datafile/seiseki/report/2020/2020-5nakayama3.pdf,official_daily_result_pdf
202006050401,2020,中山,5,4,1,2020-12-13,https://www.jra.go.jp/datafile/seiseki/report/2020/2020-5nakayama4.pdf,official_daily_result_pdf
202006050402,2020,中山,5,4,2,2020-12-13,https://www.jra.go.jp/datafile/seiseki/report/2020/2020-5nakayama4.pdf,official_daily_result_pdf
202006050403,2020,中山,5,4,3,2020-12-13,https://www.jra.go.jp/datafile/seiseki/report/2020/2020-5nakayama4.pdf,official_daily_result_pdf
202006050404,2020,中山,5,4,4,2020-12-13,https://www.jra.go.jp/datafile/seiseki/report/2020/2020-5nakayama4.pdf,official_daily_result_pdf
202006050405,2020,中山,5,4,5,2020-12-13,https://www.jra.go.jp/datafile/seiseki/report/2020/2020-5nakayama4.pdf,official_daily_result_pdf
202006050406,2020,中山,5,4,6,2020-12-13,https://www.jra.go.jp/datafile/seiseki/report/2020/2020-5nakayama4.pdf,official_daily_result_pdf
202006050407,2020,中山,5,4,7,2020-12-13,https://www.jra.go.jp/datafile/seiseki/report/2020/2020-5nakayama4.pdf,official_daily_result_pdf
202006050408,2020,中山,5,4,8,2020-12-13,https://www.jra.go.jp/datafile/seiseki/report/2020/2020-5nakayama4.pdf,official_daily_result_pdf
202006050409,2020,中山,5,4,9,2020-12-13,https://www.jra.go.jp/datafile/seiseki/report/2020/2020-5nakayama4.pdf,official_daily_result_pdf
202006050410,2020,中山,5,4,10,2020-12-13,https://www.jra.go.jp/datafile/seiseki/report/2020/2020-5nakayama4.pdf,official_daily_result_pdf
202006050411,2020,中山,5,4,11,2020-12-13,https://www.jra.go.jp/datafile/seiseki/report/2020/2020-5nakayama4.pdf,official_daily_result_pdf
202006050412,2020,中山,5,4,12,2020-12-13,https://www.jra.go.jp/datafile/seiseki/report/2020/2020-5nakayama4.pdf,official_daily_result_pdf
202006050501,2020,中山,5,5,1,2020-12-19,https://www.jra.go.jp/datafile/seiseki/report/2020/2020-5nakayama5.pdf,official_daily_result_pdf
202006050502,2020,中山,5,5,2,2020-12-19,https://www.jra.go.jp/datafile/seiseki/report/2020/2020-5nakayama5.pdf,official_daily_result_pdf
202006050503,2020,中山,5,5,3,2020-12-19,https://www.jra.go.jp/datafile/seiseki/report/2020/2020-5nakayama5.pdf,official_daily_result_pdf
202006050504,2020,中山,5,5,4,2020-12-19,https://www.jra.go.jp/datafile/seiseki/report/2020/2020-5nakayama5.pdf,official_daily_result_pdf
202006050505,2020,中山,5,5,5,2020-12-19,https://www.jra.go.jp/datafile/seiseki/report/2020/2020-5nakayama5.pdf,official_daily_result_pdf
202006050506,2020,中山,5,5,6,2020-12-19,https://www.jra.go.jp/datafile/seiseki/report/2020/2020-5nakayama5.pdf,official_daily_result_pdf
202006050507,2020,中山,5,5,7,2020-12-19,https://www.jra.go.jp/datafile/seiseki/report/2020/2020-5nakayama5.pdf,official_daily_result_pdf
202006050508,2020,中山,5,5,8,2020-12-19,https://www.jra.go.jp/datafile/seiseki/report/2020/2020-5nakayama5.pdf,official_daily_result_pdf
202006050509,2020,中山,5,5,9,2020-12-19,https://www.jra.go.jp/datafile/seiseki/report/2020/2020-5nakayama5.pdf,official_daily_result_pdf
202006050510,2020,中山,5,5,10,2020-12-19,https://www.jra.go.jp/datafile/seiseki/report/2020/2020-5nakayama5.pdf,official_daily_result_pdf
202006050511,2020,中山,5,5,11,2020-12-19,https://www.jra.go.jp/datafile/seiseki/report/2020/2020-5nakayama5.pdf,official_daily_result_pdf
202006050512,2020,中山,5,5,12,2020-12-19,https://www.jra.go.jp/datafile/seiseki/report/2020/2020-5nakayama5.pdf,official_daily_result_pdf
202006050601,2020,中山,5,6,1,2020-12-20,https://www.jra.go.jp/datafile/seiseki/report/2020/2020-5nakayama6.pdf,official_daily_result_pdf
202006050602,2020,中山,5,6,2,2020-12-20,https://www.jra.go.jp/datafile/seiseki/report/2020/2020-5nakayama6.pdf,official_daily_result_pdf
202006050603,2020,中山,5,6,3,2020-12-20,https://www.jra.go.jp/datafile/seiseki/report/2020/2020-5nakayama6.pdf,official_daily_result_pdf
202006050604,2020,中山,5,6,4,2020-12-20,https://www.jra.go.jp/datafile/seiseki/report/2020/2020-5nakayama6.pdf,official_daily_result_pdf
202006050605,2020,中山,5,6,5,2020-12-20,https://www.jra.go.jp/datafile/seiseki/report/2020/2020-5nakayama6.pdf,official_daily_result_pdf
202006050606,2020,中山,5,6,6,2020-12-20,https://www.jra.go.jp/datafile/seiseki/report/2020/2020-5nakayama6.pdf,official_daily_result_pdf
202006050607,2020,中山,5,6,7,2020-12-20,https://www.jra.go.jp/datafile/seiseki/report/2020/2020-5nakayama6.pdf,official_daily_result_pdf
202006050608,2020,中山,5,6,8,2020-12-20,https://www.jra.go.jp/datafile/seiseki/report/2020/2020-5nakayama6.pdf,official_daily_result_pdf
202006050609,2020,中山,5,6,9,2020-12-20,https://www.jra.go.jp/datafile/seiseki/report/2020/2020-5nakayama6.pdf,official_daily_result_pdf
202006050610,2020,中山,5,6,10,2020-12-20,https://www.jra.go.jp/datafile/seiseki/report/2020/2020-5nakayama6.pdf,official_daily_result_pdf
202006050611,2020,中山,5,6,11,2020-12-20,https://www.jra.go.jp/datafile/seiseki/report/2020/2020-5nakayama6.pdf,official_daily_result_pdf
202006050612,2020,中山,5,6,12,2020-12-20,https://www.jra.go.jp/datafile/seiseki/report/2020/2020-5nakayama6.pdf,official_daily_result_pdf
202006050701,2020,中山,5,7,1,2020-12-26,https://www.jra.go.jp/datafile/seiseki/report/2020/2020-5nakayama7.pdf,official_daily_result_pdf
202006050702,2020,中山,5,7,2,2020-12-26,https://www.jra.go.jp/datafile/seiseki/report/2020/2020-5nakayama7.pdf,official_daily_result_pdf
202006050703,2020,中山,5,7,3,2020-12-26,https://www.jra.go.jp/datafile/seiseki/report/2020/2020-5nakayama7.pdf,official_daily_result_pdf
202006050704,2020,中山,5,7,4,2020-12-26,https://www.jra.go.jp/datafile/seiseki/report/2020/2020-5nakayama7.pdf,official_daily_result_pdf
202006050705,2020,中山,5,7,5,2020-12-26,https://www.jra.go.jp/datafile/seiseki/report/2020/2020-5nakayama7.pdf,official_daily_result_pdf
202006050706,2020,中山,5,7,6,2020-12-26,https://www.jra.go.jp/datafile/seiseki/report/2020/2020-5nakayama7.pdf,official_daily_result_pdf
202006050707,2020,中山,5,7,7,2020-12-26,https://www.jra.go.jp/datafile/seiseki/report/2020/2020-5nakayama7.pdf,official_daily_result_pdf
202006050708,2020,中山,5,7,8,2020-12-26,https://www.jra.go.jp/datafile/seiseki/report/2020/2020-5nakayama7.pdf,official_daily_result_pdf
202006050709,2020,中山,5,7,9,2020-12-26,https://www.jra.go.jp/datafile/seiseki/report/2020/2020-5nakayama7.pdf,official_daily_result_pdf
202006050710,2020,中山,5,7,10,2020-12-26,https://www.jra.go.jp/datafile/seiseki/report/2020/2020-5nakayama7.pdf,official_daily_result_pdf
202006050711,2020,中山,5,7,11,2020-12-26,https://www.jra.go.jp/datafile/seiseki/report/2020/2020-5nakayama7.pdf,official_daily_result_pdf
202006050712,2020,中山,5,7,12,2020-12-26,https://www.jra.go.jp/datafile/seiseki/report/2020/2020-5nakayama7.pdf,official_daily_result_pdf
202006050801,2020,中山,5,8,1,2020-12-27,https://www.jra.go.jp/datafile/seiseki/report/2020/2020-5nakayama8.pdf,official_daily_result_pdf
202006050802,2020,中山,5,8,2,2020-12-27,https://www.jra.go.jp/datafile/seiseki/report/2020/2020-5nakayama8.pdf,official_daily_result_pdf
202006050803,2020,中山,5,8,3,2020-12-27,https://www.jra.go.jp/datafile/seiseki/report/2020/2020-5nakayama8.pdf,official_daily_result_pdf
202006050804,2020,中山,5,8,4,2020-12-27,https://www.jra.go.jp/datafile/seiseki/report/2020/2020-5nakayama8.pdf,official_daily_result_pdf
202006050805,2020,中山,5,8,5,2020-12-27,https://www.jra.go.jp/datafile/seiseki/report/2020/2020-5nakayama8.pdf,official_daily_result_pdf
202006050806,2020,中山,5,8,6,2020-12-27,https://www.jra.go.jp/datafile/seiseki/report/2020/2020-5nakayama8.pdf,official_daily_result_pdf
202006050807,2020,中山,5,8,7,2020-12-27,https://www.jra.go.jp/datafile/seiseki/report/2020/2020-5nakayama8.pdf,official_daily_result_pdf
202006050808,2020,中山,5,8,8,2020-12-27,https://www.jra.go.jp/datafile/seiseki/report/2020/2020-5nakayama8.pdf,official_daily_result_pdf
202006050809,2020,中山,5,8,9,2020-12-27,https://www.jra.go.jp/datafile/seiseki/report/2020/2020-5nakayama8.pdf,official_daily_result_pdf
202006050810,2020,中山,5,8,10,2020-12-27,https://www.jra.go.jp/datafile/seiseki/report/2020/2020-5nakayama8.pdf,official_daily_result_pdf
202006050811,2020,中山,5,8,11,2020-12-27,https://www.jra.go.jp/datafile/seiseki/report/2020/2020-5nakayama8.pdf,official_daily_result_pdf
202006050812,2020,中山,5,8,12,2020-12-27,https://www.jra.go.jp/datafile/seiseki/report/2020/2020-5nakayama8.pdf,official_daily_result_pdf
202007010101,2020,中京,1,1,1,2020-02-29,https://www.jra.go.jp/datafile/seiseki/report/2020/2020-1chukyo1.pdf,official_daily_result_pdf
202007010102,2020,中京,1,1,2,2020-02-29,https://www.jra.go.jp/datafile/seiseki/report/2020/2020-1chukyo1.pdf,official_daily_result_pdf
202007010103,2020,中京,1,1,3,2020-02-29,https://www.jra.go.jp/datafile/seiseki/report/2020/2020-1chukyo1.pdf,official_daily_result_pdf
202007010104,2020,中京,1,1,4,2020-02-29,https://www.jra.go.jp/datafile/seiseki/report/2020/2020-1chukyo1.pdf,official_daily_result_pdf
202007010105,2020,中京,1,1,5,2020-02-29,https://www.jra.go.jp/datafile/seiseki/report/2020/2020-1chukyo1.pdf,official_daily_result_pdf
202007010106,2020,中京,1,1,6,2020-02-29,https://www.jra.go.jp/datafile/seiseki/report/2020/2020-1chukyo1.pdf,official_daily_result_pdf
202007010107,2020,中京,1,1,7,2020-02-29,https://www.jra.go.jp/datafile/seiseki/report/2020/2020-1chukyo1.pdf,official_daily_result_pdf
202007010108,2020,中京,1,1,8,2020-02-29,https://www.jra.go.jp/datafile/seiseki/report/2020/2020-1chukyo1.pdf,official_daily_result_pdf
202007010109,2020,中京,1,1,9,2020-02-29,https://www.jra.go.jp/datafile/seiseki/report/2020/2020-1chukyo1.pdf,official_daily_result_pdf
202007010110,2020,中京,1,1,10,2020-02-29,https://www.jra.go.jp/datafile/seiseki/report/2020/2020-1chukyo1.pdf,official_daily_result_pdf
202007010111,2020,中京,1,1,11,2020-02-29,https://www.jra.go.jp/datafile/seiseki/report/2020/2020-1chukyo1.pdf,official_daily_result_pdf
202007010112,2020,中京,1,1,12,2020-02-29,https://www.jra.go.jp/datafile/seiseki/report/2020/2020-1chukyo1.pdf,official_daily_result_pdf
202007010201,2020,中京,1,2,1,2020-03-01,https://www.jra.go.jp/datafile/seiseki/report/2020/2020-1chukyo2.pdf,official_daily_result_pdf
202007010202,2020,中京,1,2,2,2020-03-01,https://www.jra.go.jp/datafile/seiseki/report/2020/2020-1chukyo2.pdf,official_daily_result_pdf
202007010203,2020,中京,1,2,3,2020-03-01,https://www.jra.go.jp/datafile/seiseki/report/2020/2020-1chukyo2.pdf,official_daily_result_pdf
202007010204,2020,中京,1,2,4,2020-03-01,https://www.jra.go.jp/datafile/seiseki/report/2020/2020-1chukyo2.pdf,official_daily_result_pdf
202007010205,2020,中京,1,2,5,2020-03-01,https://www.jra.go.jp/datafile/seiseki/report/2020/2020-1chukyo2.pdf,official_daily_result_pdf
202007010206,2020,中京,1,2,6,2020-03-01,https://www.jra.go.jp/datafile/seiseki/report/2020/2020-1chukyo2.pdf,official_daily_result_pdf
202007010207,2020,中京,1,2,7,2020-03-01,https://www.jra.go.jp/datafile/seiseki/report/2020/2020-1chukyo2.pdf,official_daily_result_pdf
202007010208,2020,中京,1,2,8,2020-03-01,https://www.jra.go.jp/datafile/seiseki/report/2020/2020-1chukyo2.pdf,official_daily_result_pdf
202007010209,2020,中京,1,2,9,2020-03-01,https://www.jra.go.jp/datafile/seiseki/report/2020/2020-1chukyo2.pdf,official_daily_result_pdf
202007010210,2020,中京,1,2,10,2020-03-01,https://www.jra.go.jp/datafile/seiseki/report/2020/2020-1chukyo2.pdf,official_daily_result_pdf
202007010211,2020,中京,1,2,11,2020-03-01,https://www.jra.go.jp/datafile/seiseki/report/2020/2020-1chukyo2.pdf,official_daily_result_pdf
202007010212,2020,中京,1,2,12,2020-03-01,https://www.jra.go.jp/datafile/seiseki/report/2020/2020-1chukyo2.pdf,official_daily_result_pdf
202007010301,2020,中京,1,3,1,2020-03-07,https://www.jra.go.jp/datafile/seiseki/report/2020/2020-1chukyo3.pdf,official_daily_result_pdf
202007010302,2020,中京,1,3,2,2020-03-07,https://www.jra.go.jp/datafile/seiseki/report/2020/2020-1chukyo3.pdf,official_daily_result_pdf
202007010303,2020,中京,1,3,3,2020-03-07,https://www.jra.go.jp/datafile/seiseki/report/2020/2020-1chukyo3.pdf,official_daily_result_pdf
202007010304,2020,中京,1,3,4,2020-03-07,https://www.jra.go.jp/datafile/seiseki/report/2020/2020-1chukyo3.pdf,official_daily_result_pdf
202007010305,2020,中京,1,3,5,2020-03-07,https://www.jra.go.jp/datafile/seiseki/report/2020/2020-1chukyo3.pdf,official_daily_result_pdf
202007010306,2020,中京,1,3,6,2020-03-07,https://www.jra.go.jp/datafile/seiseki/report/2020/2020-1chukyo3.pdf,official_daily_result_pdf
202007010307,2020,中京,1,3,7,2020-03-07,https://www.jra.go.jp/datafile/seiseki/report/2020/2020-1chukyo3.pdf,official_daily_result_pdf
202007010308,2020,中京,1,3,8,2020-03-07,https://www.jra.go.jp/datafile/seiseki/report/2020/2020-1chukyo3.pdf,official_daily_result_pdf
202007010309,2020,中京,1,3,9,2020-03-07,https://www.jra.go.jp/datafile/seiseki/report/2020/2020-1chukyo3.pdf,official_daily_result_pdf
202007010310,2020,中京,1,3,10,2020-03-07,https://www.jra.go.jp/datafile/seiseki/report/2020/2020-1chukyo3.pdf,official_daily_result_pdf
202007010311,2020,中京,1,3,11,2020-03-07,https://www.jra.go.jp/datafile/seiseki/report/2020/2020-1chukyo3.pdf,official_daily_result_pdf
202007010312,2020,中京,1,3,12,2020-03-07,https://www.jra.go.jp/datafile/seiseki/report/2020/2020-1chukyo3.pdf,official_daily_result_pdf
202007010401,2020,中京,1,4,1,2020-03-08,https://www.jra.go.jp/datafile/seiseki/report/2020/2020-1chukyo4.pdf,official_daily_result_pdf
202007010402,2020,中京,1,4,2,2020-03-08,https://www.jra.go.jp/datafile/seiseki/report/2020/2020-1chukyo4.pdf,official_daily_result_pdf
202007010403,2020,中京,1,4,3,2020-03-08,https://www.jra.go.jp/datafile/seiseki/report/2020/2020-1chukyo4.pdf,official_daily_result_pdf
202007010404,2020,中京,1,4,4,2020-03-08,https://www.jra.go.jp/datafile/seiseki/report/2020/2020-1chukyo4.pdf,official_daily_result_pdf
202007010405,2020,中京,1,4,5,2020-03-08,https://www.jra.go.jp/datafile/seiseki/report/2020/2020-1chukyo4.pdf,official_daily_result_pdf
202007010406,2020,中京,1,4,6,2020-03-08,https://www.jra.go.jp/datafile/seiseki/report/2020/2020-1chukyo4.pdf,official_daily_result_pdf
202007010407,2020,中京,1,4,7,2020-03-08,https://www.jra.go.jp/datafile/seiseki/report/2020/2020-1chukyo4.pdf,official_daily_result_pdf
202007010408,2020,中京,1,4,8,2020-03-08,https://www.jra.go.jp/datafile/seiseki/report/2020/2020-1chukyo4.pdf,official_daily_result_pdf
202007010409,2020,中京,1,4,9,2020-03-08,https://www.jra.go.jp/datafile/seiseki/report/2020/2020-1chukyo4.pdf,official_daily_result_pdf
202007010410,2020,中京,1,4,10,2020-03-08,https://www.jra.go.jp/datafile/seiseki/report/2020/2020-1chukyo4.pdf,official_daily_result_pdf
202007010411,2020,中京,1,4,11,2020-03-08,https://www.jra.go.jp/datafile/seiseki/report/2020/2020-1chukyo4.pdf,official_daily_result_pdf
202007010412,2020,中京,1,4,12,2020-03-08,https://www.jra.go.jp/datafile/seiseki/report/2020/2020-1chukyo4.pdf,official_daily_result_pdf
202007010501,2020,中京,1,5,1,2020-03-14,https://www.jra.go.jp/datafile/seiseki/report/2020/2020-1chukyo5.pdf,official_daily_result_pdf
202007010502,2020,中京,1,5,2,2020-03-14,https://www.jra.go.jp/datafile/seiseki/report/2020/2020-1chukyo5.pdf,official_daily_result_pdf
202007010503,2020,中京,1,5,3,2020-03-14,https://www.jra.go.jp/datafile/seiseki/report/2020/2020-1chukyo5.pdf,official_daily_result_pdf
202007010504,2020,中京,1,5,4,2020-03-14,https://www.jra.go.jp/datafile/seiseki/report/2020/2020-1chukyo5.pdf,official_daily_result_pdf
202007010505,2020,中京,1,5,5,2020-03-14,https://www.jra.go.jp/datafile/seiseki/report/2020/2020-1chukyo5.pdf,official_daily_result_pdf
202007010506,2020,中京,1,5,6,2020-03-14,https://www.jra.go.jp/datafile/seiseki/report/2020/2020-1chukyo5.pdf,official_daily_result_pdf
202007010507,2020,中京,1,5,7,2020-03-14,https://www.jra.go.jp/datafile/seiseki/report/2020/2020-1chukyo5.pdf,official_daily_result_pdf
202007010508,2020,中京,1,5,8,2020-03-14,https://www.jra.go.jp/datafile/seiseki/report/2020/2020-1chukyo5.pdf,official_daily_result_pdf
202007010509,2020,中京,1,5,9,2020-03-14,https://www.jra.go.jp/datafile/seiseki/report/2020/2020-1chukyo5.pdf,official_daily_result_pdf
202007010510,2020,中京,1,5,10,2020-03-14,https://www.jra.go.jp/datafile/seiseki/report/2020/2020-1chukyo5.pdf,official_daily_result_pdf
202007010511,2020,中京,1,5,11,2020-03-14,https://www.jra.go.jp/datafile/seiseki/report/2020/2020-1chukyo5.pdf,official_daily_result_pdf
202007010512,2020,中京,1,5,12,2020-03-14,https://www.jra.go.jp/datafile/seiseki/report/2020/2020-1chukyo5.pdf,official_daily_result_pdf
202007010601,2020,中京,1,6,1,2020-03-15,https://www.jra.go.jp/datafile/seiseki/report/2020/2020-1chukyo6.pdf,official_daily_result_pdf
202007010602,2020,中京,1,6,2,2020-03-15,https://www.jra.go.jp/datafile/seiseki/report/2020/2020-1chukyo6.pdf,official_daily_result_pdf
202007010603,2020,中京,1,6,3,2020-03-15,https://www.jra.go.jp/datafile/seiseki/report/2020/2020-1chukyo6.pdf,official_daily_result_pdf
202007010604,2020,中京,1,6,4,2020-03-15,https://www.jra.go.jp/datafile/seiseki/report/2020/2020-1chukyo6.pdf,official_daily_result_pdf
202007010605,2020,中京,1,6,5,2020-03-15,https://www.jra.go.jp/datafile/seiseki/report/2020/2020-1chukyo6.pdf,official_daily_result_pdf
202007010606,2020,中京,1,6,6,2020-03-15,https://www.jra.go.jp/datafile/seiseki/report/2020/2020-1chukyo6.pdf,official_daily_result_pdf
202007010607,2020,中京,1,6,7,2020-03-15,https://www.jra.go.jp/datafile/seiseki/report/2020/2020-1chukyo6.pdf,official_daily_result_pdf
202007010608,2020,中京,1,6,8,2020-03-15,https://www.jra.go.jp/datafile/seiseki/report/2020/2020-1chukyo6.pdf,official_daily_result_pdf
202007010609,2020,中京,1,6,9,2020-03-15,https://www.jra.go.jp/datafile/seiseki/report/2020/2020-1chukyo6.pdf,official_daily_result_pdf
202007010610,2020,中京,1,6,10,2020-03-15,https://www.jra.go.jp/datafile/seiseki/report/2020/2020-1chukyo6.pdf,official_daily_result_pdf
202007010611,2020,中京,1,6,11,2020-03-15,https://www.jra.go.jp/datafile/seiseki/report/2020/2020-1chukyo6.pdf,official_daily_result_pdf
202007010612,2020,中京,1,6,12,2020-03-15,https://www.jra.go.jp/datafile/seiseki/report/2020/2020-1chukyo6.pdf,official_daily_result_pdf
202007010701,2020,中京,1,7,1,2020-03-28,https://www.jra.go.jp/datafile/seiseki/report/2020/2020-1chukyo7.pdf,official_daily_result_pdf
202007010702,2020,中京,1,7,2,2020-03-28,https://www.jra.go.jp/datafile/seiseki/report/2020/2020-1chukyo7.pdf,official_daily_result_pdf
202007010703,2020,中京,1,7,3,2020-03-28,https://www.jra.go.jp/datafile/seiseki/report/2020/2020-1chukyo7.pdf,official_daily_result_pdf
202007010704,2020,中京,1,7,4,2020-03-28,https://www.jra.go.jp/datafile/seiseki/report/2020/2020-1chukyo7.pdf,official_daily_result_pdf
202007010705,2020,中京,1,7,5,2020-03-28,https://www.jra.go.jp/datafile/seiseki/report/2020/2020-1chukyo7.pdf,official_daily_result_pdf
202007010706,2020,中京,1,7,6,2020-03-28,https://www.jra.go.jp/datafile/seiseki/report/2020/2020-1chukyo7.pdf,official_daily_result_pdf
202007010707,2020,中京,1,7,7,2020-03-28,https://www.jra.go.jp/datafile/seiseki/report/2020/2020-1chukyo7.pdf,official_daily_result_pdf
202007010708,2020,中京,1,7,8,2020-03-28,https://www.jra.go.jp/datafile/seiseki/report/2020/2020-1chukyo7.pdf,official_daily_result_pdf
202007010709,2020,中京,1,7,9,2020-03-28,https://www.jra.go.jp/datafile/seiseki/report/2020/2020-1chukyo7.pdf,official_daily_result_pdf
202007010710,2020,中京,1,7,10,2020-03-28,https://www.jra.go.jp/datafile/seiseki/report/2020/2020-1chukyo7.pdf,official_daily_result_pdf
202007010711,2020,中京,1,7,11,2020-03-28,https://www.jra.go.jp/datafile/seiseki/report/2020/2020-1chukyo7.pdf,official_daily_result_pdf
202007010712,2020,中京,1,7,12,2020-03-28,https://www.jra.go.jp/datafile/seiseki/report/2020/2020-1chukyo7.pdf,official_daily_result_pdf
202007010801,2020,中京,1,8,1,2020-03-29,https://www.jra.go.jp/datafile/seiseki/report/2020/2020-1chukyo8.pdf,official_daily_result_pdf
202007010802,2020,中京,1,8,2,2020-03-29,https://www.jra.go.jp/datafile/seiseki/report/2020/2020-1chukyo8.pdf,official_daily_result_pdf
202007010803,2020,中京,1,8,3,2020-03-29,https://www.jra.go.jp/datafile/seiseki/report/2020/2020-1chukyo8.pdf,official_daily_result_pdf
202007010804,2020,中京,1,8,4,2020-03-29,https://www.jra.go.jp/datafile/seiseki/report/2020/2020-1chukyo8.pdf,official_daily_result_pdf
202007010805,2020,中京,1,8,5,2020-03-29,https://www.jra.go.jp/datafile/seiseki/report/2020/2020-1chukyo8.pdf,official_daily_result_pdf
202007010806,2020,中京,1,8,6,2020-03-29,https://www.jra.go.jp/datafile/seiseki/report/2020/2020-1chukyo8.pdf,official_daily_result_pdf
202007010807,2020,中京,1,8,7,2020-03-29,https://www.jra.go.jp/datafile/seiseki/report/2020/2020-1chukyo8.pdf,official_daily_result_pdf
202007010808,2020,中京,1,8,8,2020-03-29,https://www.jra.go.jp/datafile/seiseki/report/2020/2020-1chukyo8.pdf,official_daily_result_pdf
202007010809,2020,中京,1,8,9,2020-03-29,https://www.jra.go.jp/datafile/seiseki/report/2020/2020-1chukyo8.pdf,official_daily_result_pdf
202007010810,2020,中京,1,8,10,2020-03-29,https://www.jra.go.jp/datafile/seiseki/report/2020/2020-1chukyo8.pdf,official_daily_result_pdf
202007010811,2020,中京,1,8,11,2020-03-29,https://www.jra.go.jp/datafile/seiseki/report/2020/2020-1chukyo8.pdf,official_daily_result_pdf
202007010812,2020,中京,1,8,12,2020-03-29,https://www.jra.go.jp/datafile/seiseki/report/2020/2020-1chukyo8.pdf,official_daily_result_pdf
202007020101,2020,中京,2,1,1,2020-09-12,https://www.jra.go.jp/datafile/seiseki/report/2020/2020-2chukyo1.pdf,official_daily_result_pdf
202007020102,2020,中京,2,1,2,2020-09-12,https://www.jra.go.jp/datafile/seiseki/report/2020/2020-2chukyo1.pdf,official_daily_result_pdf
202007020103,2020,中京,2,1,3,2020-09-12,https://www.jra.go.jp/datafile/seiseki/report/2020/2020-2chukyo1.pdf,official_daily_result_pdf
202007020104,2020,中京,2,1,4,2020-09-12,https://www.jra.go.jp/datafile/seiseki/report/2020/2020-2chukyo1.pdf,official_daily_result_pdf
202007020105,2020,中京,2,1,5,2020-09-12,https://www.jra.go.jp/datafile/seiseki/report/2020/2020-2chukyo1.pdf,official_daily_result_pdf
202007020106,2020,中京,2,1,6,2020-09-12,https://www.jra.go.jp/datafile/seiseki/report/2020/2020-2chukyo1.pdf,official_daily_result_pdf
202007020107,2020,中京,2,1,7,2020-09-12,https://www.jra.go.jp/datafile/seiseki/report/2020/2020-2chukyo1.pdf,official_daily_result_pdf
202007020108,2020,中京,2,1,8,2020-09-12,https://www.jra.go.jp/datafile/seiseki/report/2020/2020-2chukyo1.pdf,official_daily_result_pdf
202007020109,2020,中京,2,1,9,2020-09-12,https://www.jra.go.jp/datafile/seiseki/report/2020/2020-2chukyo1.pdf,official_daily_result_pdf
202007020110,2020,中京,2,1,10,2020-09-12,https://www.jra.go.jp/datafile/seiseki/report/2020/2020-2chukyo1.pdf,official_daily_result_pdf
202007020111,2020,中京,2,1,11,2020-09-12,https://www.jra.go.jp/datafile/seiseki/report/2020/2020-2chukyo1.pdf,official_daily_result_pdf
202007020112,2020,中京,2,1,12,2020-09-12,https://www.jra.go.jp/datafile/seiseki/report/2020/2020-2chukyo1.pdf,official_daily_result_pdf
202007020201,2020,中京,2,2,1,2020-09-13,https://www.jra.go.jp/datafile/seiseki/report/2020/2020-2chukyo2.pdf,official_daily_result_pdf
202007020202,2020,中京,2,2,2,2020-09-13,https://www.jra.go.jp/datafile/seiseki/report/2020/2020-2chukyo2.pdf,official_daily_result_pdf
202007020203,2020,中京,2,2,3,2020-09-13,https://www.jra.go.jp/datafile/seiseki/report/2020/2020-2chukyo2.pdf,official_daily_result_pdf
202007020204,2020,中京,2,2,4,2020-09-13,https://www.jra.go.jp/datafile/seiseki/report/2020/2020-2chukyo2.pdf,official_daily_result_pdf
202007020205,2020,中京,2,2,5,2020-09-13,https://www.jra.go.jp/datafile/seiseki/report/2020/2020-2chukyo2.pdf,official_daily_result_pdf
202007020206,2020,中京,2,2,6,2020-09-13,https://www.jra.go.jp/datafile/seiseki/report/2020/2020-2chukyo2.pdf,official_daily_result_pdf
202007020207,2020,中京,2,2,7,2020-09-13,https://www.jra.go.jp/datafile/seiseki/report/2020/2020-2chukyo2.pdf,official_daily_result_pdf
202007020208,2020,中京,2,2,8,2020-09-13,https://www.jra.go.jp/datafile/seiseki/report/2020/2020-2chukyo2.pdf,official_daily_result_pdf
202007020209,2020,中京,2,2,9,2020-09-13,https://www.jra.go.jp/datafile/seiseki/report/2020/2020-2chukyo2.pdf,official_daily_result_pdf
202007020210,2020,中京,2,2,10,2020-09-13,https://www.jra.go.jp/datafile/seiseki/report/2020/2020-2chukyo2.pdf,official_daily_result_pdf
202007020211,2020,中京,2,2,11,2020-09-13,https://www.jra.go.jp/datafile/seiseki/report/2020/2020-2chukyo2.pdf,official_daily_result_pdf
202007020212,2020,中京,2,2,12,2020-09-13,https://www.jra.go.jp/datafile/seiseki/report/2020/2020-2chukyo2.pdf,official_daily_result_pdf
202007020301,2020,中京,2,3,1,2020-09-19,https://www.jra.go.jp/datafile/seiseki/report/2020/2020-2chukyo3.pdf,official_daily_result_pdf
202007020302,2020,中京,2,3,2,2020-09-19,https://www.jra.go.jp/datafile/seiseki/report/2020/2020-2chukyo3.pdf,official_daily_result_pdf
202007020303,2020,中京,2,3,3,2020-09-19,https://www.jra.go.jp/datafile/seiseki/report/2020/2020-2chukyo3.pdf,official_daily_result_pdf
202007020304,2020,中京,2,3,4,2020-09-19,https://www.jra.go.jp/datafile/seiseki/report/2020/2020-2chukyo3.pdf,official_daily_result_pdf
202007020305,2020,中京,2,3,5,2020-09-19,https://www.jra.go.jp/datafile/seiseki/report/2020/2020-2chukyo3.pdf,official_daily_result_pdf
202007020306,2020,中京,2,3,6,2020-09-19,https://www.jra.go.jp/datafile/seiseki/report/2020/2020-2chukyo3.pdf,official_daily_result_pdf
202007020307,2020,中京,2,3,7,2020-09-19,https://www.jra.go.jp/datafile/seiseki/report/2020/2020-2chukyo3.pdf,official_daily_result_pdf
202007020308,2020,中京,2,3,8,2020-09-19,https://www.jra.go.jp/datafile/seiseki/report/2020/2020-2chukyo3.pdf,official_daily_result_pdf
202007020309,2020,中京,2,3,9,2020-09-19,https://www.jra.go.jp/datafile/seiseki/report/2020/2020-2chukyo3.pdf,official_daily_result_pdf
202007020310,2020,中京,2,3,10,2020-09-19,https://www.jra.go.jp/datafile/seiseki/report/2020/2020-2chukyo3.pdf,official_daily_result_pdf
202007020311,2020,中京,2,3,11,2020-09-19,https://www.jra.go.jp/datafile/seiseki/report/2020/2020-2chukyo3.pdf,official_daily_result_pdf
202007020312,2020,中京,2,3,12,2020-09-19,https://www.jra.go.jp/datafile/seiseki/report/2020/2020-2chukyo3.pdf,official_daily_result_pdf
202007020401,2020,中京,2,4,1,2020-09-20,https://www.jra.go.jp/datafile/seiseki/report/2020/2020-2chukyo4.pdf,official_daily_result_pdf
202007020402,2020,中京,2,4,2,2020-09-20,https://www.jra.go.jp/datafile/seiseki/report/2020/2020-2chukyo4.pdf,official_daily_result_pdf
202007020403,2020,中京,2,4,3,2020-09-20,https://www.jra.go.jp/datafile/seiseki/report/2020/2020-2chukyo4.pdf,official_daily_result_pdf
202007020404,2020,中京,2,4,4,2020-09-20,https://www.jra.go.jp/datafile/seiseki/report/2020/2020-2chukyo4.pdf,official_daily_result_pdf
202007020405,2020,中京,2,4,5,2020-09-20,https://www.jra.go.jp/datafile/seiseki/report/2020/2020-2chukyo4.pdf,official_daily_result_pdf
202007020406,2020,中京,2,4,6,2020-09-20,https://www.jra.go.jp/datafile/seiseki/report/2020/2020-2chukyo4.pdf,official_daily_result_pdf
202007020407,2020,中京,2,4,7,2020-09-20,https://www.jra.go.jp/datafile/seiseki/report/2020/2020-2chukyo4.pdf,official_daily_result_pdf
202007020408,2020,中京,2,4,8,2020-09-20,https://www.jra.go.jp/datafile/seiseki/report/2020/2020-2chukyo4.pdf,official_daily_result_pdf
202007020409,2020,中京,2,4,9,2020-09-20,https://www.jra.go.jp/datafile/seiseki/report/2020/2020-2chukyo4.pdf,official_daily_result_pdf
202007020410,2020,中京,2,4,10,2020-09-20,https://www.jra.go.jp/datafile/seiseki/report/2020/2020-2chukyo4.pdf,official_daily_result_pdf
202007020411,2020,中京,2,4,11,2020-09-20,https://www.jra.go.jp/datafile/seiseki/report/2020/2020-2chukyo4.pdf,official_daily_result_pdf
202007020412,2020,中京,2,4,12,2020-09-20,https://www.jra.go.jp/datafile/seiseki/report/2020/2020-2chukyo4.pdf,official_daily_result_pdf
202007020501,2020,中京,2,5,1,2020-09-21,https://www.jra.go.jp/datafile/seiseki/report/2020/2020-2chukyo5.pdf,official_daily_result_pdf
202007020502,2020,中京,2,5,2,2020-09-21,https://www.jra.go.jp/datafile/seiseki/report/2020/2020-2chukyo5.pdf,official_daily_result_pdf
202007020503,2020,中京,2,5,3,2020-09-21,https://www.jra.go.jp/datafile/seiseki/report/2020/2020-2chukyo5.pdf,official_daily_result_pdf
202007020504,2020,中京,2,5,4,2020-09-21,https://www.jra.go.jp/datafile/seiseki/report/2020/2020-2chukyo5.pdf,official_daily_result_pdf
202007020505,2020,中京,2,5,5,2020-09-21,https://www.jra.go.jp/datafile/seiseki/report/2020/2020-2chukyo5.pdf,official_daily_result_pdf
202007020506,2020,中京,2,5,6,2020-09-21,https://www.jra.go.jp/datafile/seiseki/report/2020/2020-2chukyo5.pdf,official_daily_result_pdf
202007020507,2020,中京,2,5,7,2020-09-21,https://www.jra.go.jp/datafile/seiseki/report/2020/2020-2chukyo5.pdf,official_daily_result_pdf
202007020508,2020,中京,2,5,8,2020-09-21,https://www.jra.go.jp/datafile/seiseki/report/2020/2020-2chukyo5.pdf,official_daily_result_pdf
202007020509,2020,中京,2,5,9,2020-09-21,https://www.jra.go.jp/datafile/seiseki/report/2020/2020-2chukyo5.pdf,official_daily_result_pdf
202007020510,2020,中京,2,5,10,2020-09-21,https://www.jra.go.jp/datafile/seiseki/report/2020/2020-2chukyo5.pdf,official_daily_result_pdf
202007020511,2020,中京,2,5,11,2020-09-21,https://www.jra.go.jp/datafile/seiseki/report/2020/2020-2chukyo5.pdf,official_daily_result_pdf
202007020512,2020,中京,2,5,12,2020-09-21,https://www.jra.go.jp/datafile/seiseki/report/2020/2020-2chukyo5.pdf,official_daily_result_pdf
202007020601,2020,中京,2,6,1,2020-09-26,https://www.jra.go.jp/datafile/seiseki/report/2020/2020-2chukyo6.pdf,official_daily_result_pdf
202007020602,2020,中京,2,6,2,2020-09-26,https://www.jra.go.jp/datafile/seiseki/report/2020/2020-2chukyo6.pdf,official_daily_result_pdf
202007020603,2020,中京,2,6,3,2020-09-26,https://www.jra.go.jp/datafile/seiseki/report/2020/2020-2chukyo6.pdf,official_daily_result_pdf
202007020604,2020,中京,2,6,4,2020-09-26,https://www.jra.go.jp/datafile/seiseki/report/2020/2020-2chukyo6.pdf,official_daily_result_pdf
202007020605,2020,中京,2,6,5,2020-09-26,https://www.jra.go.jp/datafile/seiseki/report/2020/2020-2chukyo6.pdf,official_daily_result_pdf
202007020606,2020,中京,2,6,6,2020-09-26,https://www.jra.go.jp/datafile/seiseki/report/2020/2020-2chukyo6.pdf,official_daily_result_pdf
202007020607,2020,中京,2,6,7,2020-09-26,https://www.jra.go.jp/datafile/seiseki/report/2020/2020-2chukyo6.pdf,official_daily_result_pdf
202007020608,2020,中京,2,6,8,2020-09-26,https://www.jra.go.jp/datafile/seiseki/report/2020/2020-2chukyo6.pdf,official_daily_result_pdf
202007020609,2020,中京,2,6,9,2020-09-26,https://www.jra.go.jp/datafile/seiseki/report/2020/2020-2chukyo6.pdf,official_daily_result_pdf
202007020610,2020,中京,2,6,10,2020-09-26,https://www.jra.go.jp/datafile/seiseki/report/2020/2020-2chukyo6.pdf,official_daily_result_pdf
202007020611,2020,中京,2,6,11,2020-09-26,https://www.jra.go.jp/datafile/seiseki/report/2020/2020-2chukyo6.pdf,official_daily_result_pdf
202007020612,2020,中京,2,6,12,2020-09-26,https://www.jra.go.jp/datafile/seiseki/report/2020/2020-2chukyo6.pdf,official_daily_result_pdf
202007020701,2020,中京,2,7,1,2020-09-27,https://www.jra.go.jp/datafile/seiseki/report/2020/2020-2chukyo7.pdf,official_daily_result_pdf
202007020702,2020,中京,2,7,2,2020-09-27,https://www.jra.go.jp/datafile/seiseki/report/2020/2020-2chukyo7.pdf,official_daily_result_pdf
202007020703,2020,中京,2,7,3,2020-09-27,https://www.jra.go.jp/datafile/seiseki/report/2020/2020-2chukyo7.pdf,official_daily_result_pdf
202007020704,2020,中京,2,7,4,2020-09-27,https://www.jra.go.jp/datafile/seiseki/report/2020/2020-2chukyo7.pdf,official_daily_result_pdf
202007020705,2020,中京,2,7,5,2020-09-27,https://www.jra.go.jp/datafile/seiseki/report/2020/2020-2chukyo7.pdf,official_daily_result_pdf
202007020706,2020,中京,2,7,6,2020-09-27,https://www.jra.go.jp/datafile/seiseki/report/2020/2020-2chukyo7.pdf,official_daily_result_pdf
202007020707,2020,中京,2,7,7,2020-09-27,https://www.jra.go.jp/datafile/seiseki/report/2020/2020-2chukyo7.pdf,official_daily_result_pdf
202007020708,2020,中京,2,7,8,2020-09-27,https://www.jra.go.jp/datafile/seiseki/report/2020/2020-2chukyo7.pdf,official_daily_result_pdf
202007020709,2020,中京,2,7,9,2020-09-27,https://www.jra.go.jp/datafile/seiseki/report/2020/2020-2chukyo7.pdf,official_daily_result_pdf
202007020710,2020,中京,2,7,10,2020-09-27,https://www.jra.go.jp/datafile/seiseki/report/2020/2020-2chukyo7.pdf,official_daily_result_pdf
202007020711,2020,中京,2,7,11,2020-09-27,https://www.jra.go.jp/datafile/seiseki/report/2020/2020-2chukyo7.pdf,official_daily_result_pdf
202007020712,2020,中京,2,7,12,2020-09-27,https://www.jra.go.jp/datafile/seiseki/report/2020/2020-2chukyo7.pdf,official_daily_result_pdf
202007020801,2020,中京,2,8,1,2020-10-03,https://www.jra.go.jp/datafile/seiseki/report/2020/2020-2chukyo8.pdf,official_daily_result_pdf
202007020802,2020,中京,2,8,2,2020-10-03,https://www.jra.go.jp/datafile/seiseki/report/2020/2020-2chukyo8.pdf,official_daily_result_pdf
202007020803,2020,中京,2,8,3,2020-10-03,https://www.jra.go.jp/datafile/seiseki/report/2020/2020-2chukyo8.pdf,official_daily_result_pdf
202007020804,2020,中京,2,8,4,2020-10-03,https://www.jra.go.jp/datafile/seiseki/report/2020/2020-2chukyo8.pdf,official_daily_result_pdf
202007020805,2020,中京,2,8,5,2020-10-03,https://www.jra.go.jp/datafile/seiseki/report/2020/2020-2chukyo8.pdf,official_daily_result_pdf
202007020806,2020,中京,2,8,6,2020-10-03,https://www.jra.go.jp/datafile/seiseki/report/2020/2020-2chukyo8.pdf,official_daily_result_pdf
202007020807,2020,中京,2,8,7,2020-10-03,https://www.jra.go.jp/datafile/seiseki/report/2020/2020-2chukyo8.pdf,official_daily_result_pdf
202007020808,2020,中京,2,8,8,2020-10-03,https://www.jra.go.jp/datafile/seiseki/report/2020/2020-2chukyo8.pdf,official_daily_result_pdf
202007020809,2020,中京,2,8,9,2020-10-03,https://www.jra.go.jp/datafile/seiseki/report/2020/2020-2chukyo8.pdf,official_daily_result_pdf
202007020810,2020,中京,2,8,10,2020-10-03,https://www.jra.go.jp/datafile/seiseki/report/2020/2020-2chukyo8.pdf,official_daily_result_pdf
202007020811,2020,中京,2,8,11,2020-10-03,https://www.jra.go.jp/datafile/seiseki/report/2020/2020-2chukyo8.pdf,official_daily_result_pdf
202007020812,2020,中京,2,8,12,2020-10-03,https://www.jra.go.jp/datafile/seiseki/report/2020/2020-2chukyo8.pdf,official_daily_result_pdf
202007020901,2020,中京,2,9,1,2020-10-04,https://www.jra.go.jp/datafile/seiseki/report/2020/2020-2chukyo9.pdf,official_daily_result_pdf
202007020902,2020,中京,2,9,2,2020-10-04,https://www.jra.go.jp/datafile/seiseki/report/2020/2020-2chukyo9.pdf,official_daily_result_pdf
202007020903,2020,中京,2,9,3,2020-10-04,https://www.jra.go.jp/datafile/seiseki/report/2020/2020-2chukyo9.pdf,official_daily_result_pdf
202007020904,2020,中京,2,9,4,2020-10-04,https://www.jra.go.jp/datafile/seiseki/report/2020/2020-2chukyo9.pdf,official_daily_result_pdf
202007020905,2020,中京,2,9,5,2020-10-04,https://www.jra.go.jp/datafile/seiseki/report/2020/2020-2chukyo9.pdf,official_daily_result_pdf
202007020906,2020,中京,2,9,6,2020-10-04,https://www.jra.go.jp/datafile/seiseki/report/2020/2020-2chukyo9.pdf,official_daily_result_pdf
202007020907,2020,中京,2,9,7,2020-10-04,https://www.jra.go.jp/datafile/seiseki/report/2020/2020-2chukyo9.pdf,official_daily_result_pdf
202007020908,2020,中京,2,9,8,2020-10-04,https://www.jra.go.jp/datafile/seiseki/report/2020/2020-2chukyo9.pdf,official_daily_result_pdf
202007020909,2020,中京,2,9,9,2020-10-04,https://www.jra.go.jp/datafile/seiseki/report/2020/2020-2chukyo9.pdf,official_daily_result_pdf
202007020910,2020,中京,2,9,10,2020-10-04,https://www.jra.go.jp/datafile/seiseki/report/2020/2020-2chukyo9.pdf,official_daily_result_pdf
202007020911,2020,中京,2,9,11,2020-10-04,https://www.jra.go.jp/datafile/seiseki/report/2020/2020-2chukyo9.pdf,official_daily_result_pdf
202007020912,2020,中京,2,9,12,2020-10-04,https://www.jra.go.jp/datafile/seiseki/report/2020/2020-2chukyo9.pdf,official_daily_result_pdf
202007030101,2020,中京,3,1,1,2020-12-05,https://www.jra.go.jp/datafile/seiseki/report/2020/2020-3chukyo1.pdf,official_daily_result_pdf
202007030102,2020,中京,3,1,2,2020-12-05,https://www.jra.go.jp/datafile/seiseki/report/2020/2020-3chukyo1.pdf,official_daily_result_pdf
202007030103,2020,中京,3,1,3,2020-12-05,https://www.jra.go.jp/datafile/seiseki/report/2020/2020-3chukyo1.pdf,official_daily_result_pdf
202007030104,2020,中京,3,1,4,2020-12-05,https://www.jra.go.jp/datafile/seiseki/report/2020/2020-3chukyo1.pdf,official_daily_result_pdf
202007030105,2020,中京,3,1,5,2020-12-05,https://www.jra.go.jp/datafile/seiseki/report/2020/2020-3chukyo1.pdf,official_daily_result_pdf
202007030106,2020,中京,3,1,6,2020-12-05,https://www.jra.go.jp/datafile/seiseki/report/2020/2020-3chukyo1.pdf,official_daily_result_pdf
202007030107,2020,中京,3,1,7,2020-12-05,https://www.jra.go.jp/datafile/seiseki/report/2020/2020-3chukyo1.pdf,official_daily_result_pdf
202007030108,2020,中京,3,1,8,2020-12-05,https://www.jra.go.jp/datafile/seiseki/report/2020/2020-3chukyo1.pdf,official_daily_result_pdf
202007030109,2020,中京,3,1,9,2020-12-05,https://www.jra.go.jp/datafile/seiseki/report/2020/2020-3chukyo1.pdf,official_daily_result_pdf
202007030110,2020,中京,3,1,10,2020-12-05,https://www.jra.go.jp/datafile/seiseki/report/2020/2020-3chukyo1.pdf,official_daily_result_pdf
202007030111,2020,中京,3,1,11,2020-12-05,https://www.jra.go.jp/datafile/seiseki/report/2020/2020-3chukyo1.pdf,official_daily_result_pdf
202007030112,2020,中京,3,1,12,2020-12-05,https://www.jra.go.jp/datafile/seiseki/report/2020/2020-3chukyo1.pdf,official_daily_result_pdf
202007030201,2020,中京,3,2,1,2020-12-06,https://www.jra.go.jp/datafile/seiseki/report/2020/2020-3chukyo2.pdf,official_daily_result_pdf
202007030202,2020,中京,3,2,2,2020-12-06,https://www.jra.go.jp/datafile/seiseki/report/2020/2020-3chukyo2.pdf,official_daily_result_pdf
202007030203,2020,中京,3,2,3,2020-12-06,https://www.jra.go.jp/datafile/seiseki/report/2020/2020-3chukyo2.pdf,official_daily_result_pdf
202007030204,2020,中京,3,2,4,2020-12-06,https://www.jra.go.jp/datafile/seiseki/report/2020/2020-3chukyo2.pdf,official_daily_result_pdf
202007030205,2020,中京,3,2,5,2020-12-06,https://www.jra.go.jp/datafile/seiseki/report/2020/2020-3chukyo2.pdf,official_daily_result_pdf
202007030206,2020,中京,3,2,6,2020-12-06,https://www.jra.go.jp/datafile/seiseki/report/2020/2020-3chukyo2.pdf,official_daily_result_pdf
202007030207,2020,中京,3,2,7,2020-12-06,https://www.jra.go.jp/datafile/seiseki/report/2020/2020-3chukyo2.pdf,official_daily_result_pdf
202007030208,2020,中京,3,2,8,2020-12-06,https://www.jra.go.jp/datafile/seiseki/report/2020/2020-3chukyo2.pdf,official_daily_result_pdf
202007030209,2020,中京,3,2,9,2020-12-06,https://www.jra.go.jp/datafile/seiseki/report/2020/2020-3chukyo2.pdf,official_daily_result_pdf
202007030210,2020,中京,3,2,10,2020-12-06,https://www.jra.go.jp/datafile/seiseki/report/2020/2020-3chukyo2.pdf,official_daily_result_pdf
202007030211,2020,中京,3,2,11,2020-12-06,https://www.jra.go.jp/datafile/seiseki/report/2020/2020-3chukyo2.pdf,official_daily_result_pdf
202007030212,2020,中京,3,2,12,2020-12-06,https://www.jra.go.jp/datafile/seiseki/report/2020/2020-3chukyo2.pdf,official_daily_result_pdf
202007030301,2020,中京,3,3,1,2020-12-12,https://www.jra.go.jp/datafile/seiseki/report/2020/2020-3chukyo3.pdf,official_daily_result_pdf
202007030302,2020,中京,3,3,2,2020-12-12,https://www.jra.go.jp/datafile/seiseki/report/2020/2020-3chukyo3.pdf,official_daily_result_pdf
202007030303,2020,中京,3,3,3,2020-12-12,https://www.jra.go.jp/datafile/seiseki/report/2020/2020-3chukyo3.pdf,official_daily_result_pdf
202007030304,2020,中京,3,3,4,2020-12-12,https://www.jra.go.jp/datafile/seiseki/report/2020/2020-3chukyo3.pdf,official_daily_result_pdf
202007030305,2020,中京,3,3,5,2020-12-12,https://www.jra.go.jp/datafile/seiseki/report/2020/2020-3chukyo3.pdf,official_daily_result_pdf
202007030306,2020,中京,3,3,6,2020-12-12,https://www.jra.go.jp/datafile/seiseki/report/2020/2020-3chukyo3.pdf,official_daily_result_pdf
202007030307,2020,中京,3,3,7,2020-12-12,https://www.jra.go.jp/datafile/seiseki/report/2020/2020-3chukyo3.pdf,official_daily_result_pdf
202007030308,2020,中京,3,3,8,2020-12-12,https://www.jra.go.jp/datafile/seiseki/report/2020/2020-3chukyo3.pdf,official_daily_result_pdf
202007030309,2020,中京,3,3,9,2020-12-12,https://www.jra.go.jp/datafile/seiseki/report/2020/2020-3chukyo3.pdf,official_daily_result_pdf
202007030310,2020,中京,3,3,10,2020-12-12,https://www.jra.go.jp/datafile/seiseki/report/2020/2020-3chukyo3.pdf,official_daily_result_pdf
202007030311,2020,中京,3,3,11,2020-12-12,https://www.jra.go.jp/datafile/seiseki/report/2020/2020-3chukyo3.pdf,official_daily_result_pdf
202007030312,2020,中京,3,3,12,2020-12-12,https://www.jra.go.jp/datafile/seiseki/report/2020/2020-3chukyo3.pdf,official_daily_result_pdf
202007030401,2020,中京,3,4,1,2020-12-13,https://www.jra.go.jp/datafile/seiseki/report/2020/2020-3chukyo4.pdf,official_daily_result_pdf
202007030402,2020,中京,3,4,2,2020-12-13,https://www.jra.go.jp/datafile/seiseki/report/2020/2020-3chukyo4.pdf,official_daily_result_pdf
202007030403,2020,中京,3,4,3,2020-12-13,https://www.jra.go.jp/datafile/seiseki/report/2020/2020-3chukyo4.pdf,official_daily_result_pdf
202007030404,2020,中京,3,4,4,2020-12-13,https://www.jra.go.jp/datafile/seiseki/report/2020/2020-3chukyo4.pdf,official_daily_result_pdf
202007030405,2020,中京,3,4,5,2020-12-13,https://www.jra.go.jp/datafile/seiseki/report/2020/2020-3chukyo4.pdf,official_daily_result_pdf
202007030406,2020,中京,3,4,6,2020-12-13,https://www.jra.go.jp/datafile/seiseki/report/2020/2020-3chukyo4.pdf,official_daily_result_pdf
202007030407,2020,中京,3,4,7,2020-12-13,https://www.jra.go.jp/datafile/seiseki/report/2020/2020-3chukyo4.pdf,official_daily_result_pdf
202007030408,2020,中京,3,4,8,2020-12-13,https://www.jra.go.jp/datafile/seiseki/report/2020/2020-3chukyo4.pdf,official_daily_result_pdf
202007030409,2020,中京,3,4,9,2020-12-13,https://www.jra.go.jp/datafile/seiseki/report/2020/2020-3chukyo4.pdf,official_daily_result_pdf
202007030410,2020,中京,3,4,10,2020-12-13,https://www.jra.go.jp/datafile/seiseki/report/2020/2020-3chukyo4.pdf,official_daily_result_pdf
202007030411,2020,中京,3,4,11,2020-12-13,https://www.jra.go.jp/datafile/seiseki/report/2020/2020-3chukyo4.pdf,official_daily_result_pdf
202007030412,2020,中京,3,4,12,2020-12-13,https://www.jra.go.jp/datafile/seiseki/report/2020/2020-3chukyo4.pdf,official_daily_result_pdf
202007030501,2020,中京,3,5,1,2020-12-19,https://www.jra.go.jp/datafile/seiseki/report/2020/2020-3chukyo5.pdf,official_daily_result_pdf
202007030502,2020,中京,3,5,2,2020-12-19,https://www.jra.go.jp/datafile/seiseki/report/2020/2020-3chukyo5.pdf,official_daily_result_pdf
202007030503,2020,中京,3,5,3,2020-12-19,https://www.jra.go.jp/datafile/seiseki/report/2020/2020-3chukyo5.pdf,official_daily_result_pdf
202007030504,2020,中京,3,5,4,2020-12-19,https://www.jra.go.jp/datafile/seiseki/report/2020/2020-3chukyo5.pdf,official_daily_result_pdf
202007030505,2020,中京,3,5,5,2020-12-19,https://www.jra.go.jp/datafile/seiseki/report/2020/2020-3chukyo5.pdf,official_daily_result_pdf
202007030506,2020,中京,3,5,6,2020-12-19,https://www.jra.go.jp/datafile/seiseki/report/2020/2020-3chukyo5.pdf,official_daily_result_pdf
202007030507,2020,中京,3,5,7,2020-12-19,https://www.jra.go.jp/datafile/seiseki/report/2020/2020-3chukyo5.pdf,official_daily_result_pdf
202007030508,2020,中京,3,5,8,2020-12-19,https://www.jra.go.jp/datafile/seiseki/report/2020/2020-3chukyo5.pdf,official_daily_result_pdf
202007030509,2020,中京,3,5,9,2020-12-19,https://www.jra.go.jp/datafile/seiseki/report/2020/2020-3chukyo5.pdf,official_daily_result_pdf
202007030510,2020,中京,3,5,10,2020-12-19,https://www.jra.go.jp/datafile/seiseki/report/2020/2020-3chukyo5.pdf,official_daily_result_pdf
202007030511,2020,中京,3,5,11,2020-12-19,https://www.jra.go.jp/datafile/seiseki/report/2020/2020-3chukyo5.pdf,official_daily_result_pdf
202007030512,2020,中京,3,5,12,2020-12-19,https://www.jra.go.jp/datafile/seiseki/report/2020/2020-3chukyo5.pdf,official_daily_result_pdf
202007030601,2020,中京,3,6,1,2020-12-20,https://www.jra.go.jp/datafile/seiseki/report/2020/2020-3chukyo6.pdf,official_daily_result_pdf
202007030602,2020,中京,3,6,2,2020-12-20,https://www.jra.go.jp/datafile/seiseki/report/2020/2020-3chukyo6.pdf,official_daily_result_pdf
202007030603,2020,中京,3,6,3,2020-12-20,https://www.jra.go.jp/datafile/seiseki/report/2020/2020-3chukyo6.pdf,official_daily_result_pdf
202007030604,2020,中京,3,6,4,2020-12-20,https://www.jra.go.jp/datafile/seiseki/report/2020/2020-3chukyo6.pdf,official_daily_result_pdf
202007030605,2020,中京,3,6,5,2020-12-20,https://www.jra.go.jp/datafile/seiseki/report/2020/2020-3chukyo6.pdf,official_daily_result_pdf
202007030606,2020,中京,3,6,6,2020-12-20,https://www.jra.go.jp/datafile/seiseki/report/2020/2020-3chukyo6.pdf,official_daily_result_pdf
202007030607,2020,中京,3,6,7,2020-12-20,https://www.jra.go.jp/datafile/seiseki/report/2020/2020-3chukyo6.pdf,official_daily_result_pdf
202007030608,2020,中京,3,6,8,2020-12-20,https://www.jra.go.jp/datafile/seiseki/report/2020/2020-3chukyo6.pdf,official_daily_result_pdf
202007030609,2020,中京,3,6,9,2020-12-20,https://www.jra.go.jp/datafile/seiseki/report/2020/2020-3chukyo6.pdf,official_daily_result_pdf
202007030610,2020,中京,3,6,10,2020-12-20,https://www.jra.go.jp/datafile/seiseki/report/2020/2020-3chukyo6.pdf,official_daily_result_pdf
202007030611,2020,中京,3,6,11,2020-12-20,https://www.jra.go.jp/datafile/seiseki/report/2020/2020-3chukyo6.pdf,official_daily_result_pdf
202007030612,2020,中京,3,6,12,2020-12-20,https://www.jra.go.jp/datafile/seiseki/report/2020/2020-3chukyo6.pdf,official_daily_result_pdf
202008010101,2020,京都,1,1,1,2020-01-05,https://www.jra.go.jp/datafile/seiseki/report/2020/2020-1kyoto1.pdf,official_daily_result_pdf
202008010102,2020,京都,1,1,2,2020-01-05,https://www.jra.go.jp/datafile/seiseki/report/2020/2020-1kyoto1.pdf,official_daily_result_pdf
202008010103,2020,京都,1,1,3,2020-01-05,https://www.jra.go.jp/datafile/seiseki/report/2020/2020-1kyoto1.pdf,official_daily_result_pdf
202008010104,2020,京都,1,1,4,2020-01-05,https://www.jra.go.jp/datafile/seiseki/report/2020/2020-1kyoto1.pdf,official_daily_result_pdf
202008010105,2020,京都,1,1,5,2020-01-05,https://www.jra.go.jp/datafile/seiseki/report/2020/2020-1kyoto1.pdf,official_daily_result_pdf
202008010106,2020,京都,1,1,6,2020-01-05,https://www.jra.go.jp/datafile/seiseki/report/2020/2020-1kyoto1.pdf,official_daily_result_pdf
202008010107,2020,京都,1,1,7,2020-01-05,https://www.jra.go.jp/datafile/seiseki/report/2020/2020-1kyoto1.pdf,official_daily_result_pdf
202008010108,2020,京都,1,1,8,2020-01-05,https://www.jra.go.jp/datafile/seiseki/report/2020/2020-1kyoto1.pdf,official_daily_result_pdf
202008010109,2020,京都,1,1,9,2020-01-05,https://www.jra.go.jp/datafile/seiseki/report/2020/2020-1kyoto1.pdf,official_daily_result_pdf
202008010110,2020,京都,1,1,10,2020-01-05,https://www.jra.go.jp/datafile/seiseki/report/2020/2020-1kyoto1.pdf,official_daily_result_pdf
202008010111,2020,京都,1,1,11,2020-01-05,https://www.jra.go.jp/datafile/seiseki/report/2020/2020-1kyoto1.pdf,official_daily_result_pdf
202008010112,2020,京都,1,1,12,2020-01-05,https://www.jra.go.jp/datafile/seiseki/report/2020/2020-1kyoto1.pdf,official_daily_result_pdf
202008010201,2020,京都,1,2,1,2020-01-06,https://www.jra.go.jp/datafile/seiseki/report/2020/2020-1kyoto2.pdf,official_daily_result_pdf
202008010202,2020,京都,1,2,2,2020-01-06,https://www.jra.go.jp/datafile/seiseki/report/2020/2020-1kyoto2.pdf,official_daily_result_pdf
202008010203,2020,京都,1,2,3,2020-01-06,https://www.jra.go.jp/datafile/seiseki/report/2020/2020-1kyoto2.pdf,official_daily_result_pdf
202008010204,2020,京都,1,2,4,2020-01-06,https://www.jra.go.jp/datafile/seiseki/report/2020/2020-1kyoto2.pdf,official_daily_result_pdf
202008010205,2020,京都,1,2,5,2020-01-06,https://www.jra.go.jp/datafile/seiseki/report/2020/2020-1kyoto2.pdf,official_daily_result_pdf
202008010206,2020,京都,1,2,6,2020-01-06,https://www.jra.go.jp/datafile/seiseki/report/2020/2020-1kyoto2.pdf,official_daily_result_pdf
202008010207,2020,京都,1,2,7,2020-01-06,https://www.jra.go.jp/datafile/seiseki/report/2020/2020-1kyoto2.pdf,official_daily_result_pdf
202008010208,2020,京都,1,2,8,2020-01-06,https://www.jra.go.jp/datafile/seiseki/report/2020/2020-1kyoto2.pdf,official_daily_result_pdf
202008010209,2020,京都,1,2,9,2020-01-06,https://www.jra.go.jp/datafile/seiseki/report/2020/2020-1kyoto2.pdf,official_daily_result_pdf
202008010210,2020,京都,1,2,10,2020-01-06,https://www.jra.go.jp/datafile/seiseki/report/2020/2020-1kyoto2.pdf,official_daily_result_pdf
202008010211,2020,京都,1,2,11,2020-01-06,https://www.jra.go.jp/datafile/seiseki/report/2020/2020-1kyoto2.pdf,official_daily_result_pdf
202008010212,2020,京都,1,2,12,2020-01-06,https://www.jra.go.jp/datafile/seiseki/report/2020/2020-1kyoto2.pdf,official_daily_result_pdf
202008010301,2020,京都,1,3,1,2020-01-11,https://www.jra.go.jp/datafile/seiseki/report/2020/2020-1kyoto3.pdf,official_daily_result_pdf
202008010302,2020,京都,1,3,2,2020-01-11,https://www.jra.go.jp/datafile/seiseki/report/2020/2020-1kyoto3.pdf,official_daily_result_pdf
202008010303,2020,京都,1,3,3,2020-01-11,https://www.jra.go.jp/datafile/seiseki/report/2020/2020-1kyoto3.pdf,official_daily_result_pdf
202008010304,2020,京都,1,3,4,2020-01-11,https://www.jra.go.jp/datafile/seiseki/report/2020/2020-1kyoto3.pdf,official_daily_result_pdf
202008010305,2020,京都,1,3,5,2020-01-11,https://www.jra.go.jp/datafile/seiseki/report/2020/2020-1kyoto3.pdf,official_daily_result_pdf
202008010306,2020,京都,1,3,6,2020-01-11,https://www.jra.go.jp/datafile/seiseki/report/2020/2020-1kyoto3.pdf,official_daily_result_pdf
202008010307,2020,京都,1,3,7,2020-01-11,https://www.jra.go.jp/datafile/seiseki/report/2020/2020-1kyoto3.pdf,official_daily_result_pdf
202008010308,2020,京都,1,3,8,2020-01-11,https://www.jra.go.jp/datafile/seiseki/report/2020/2020-1kyoto3.pdf,official_daily_result_pdf
202008010309,2020,京都,1,3,9,2020-01-11,https://www.jra.go.jp/datafile/seiseki/report/2020/2020-1kyoto3.pdf,official_daily_result_pdf
202008010310,2020,京都,1,3,10,2020-01-11,https://www.jra.go.jp/datafile/seiseki/report/2020/2020-1kyoto3.pdf,official_daily_result_pdf
202008010311,2020,京都,1,3,11,2020-01-11,https://www.jra.go.jp/datafile/seiseki/report/2020/2020-1kyoto3.pdf,official_daily_result_pdf
202008010312,2020,京都,1,3,12,2020-01-11,https://www.jra.go.jp/datafile/seiseki/report/2020/2020-1kyoto3.pdf,official_daily_result_pdf
202008010401,2020,京都,1,4,1,2020-01-12,https://www.jra.go.jp/datafile/seiseki/report/2020/2020-1kyoto4.pdf,official_daily_result_pdf
202008010402,2020,京都,1,4,2,2020-01-12,https://www.jra.go.jp/datafile/seiseki/report/2020/2020-1kyoto4.pdf,official_daily_result_pdf
202008010403,2020,京都,1,4,3,2020-01-12,https://www.jra.go.jp/datafile/seiseki/report/2020/2020-1kyoto4.pdf,official_daily_result_pdf
202008010404,2020,京都,1,4,4,2020-01-12,https://www.jra.go.jp/datafile/seiseki/report/2020/2020-1kyoto4.pdf,official_daily_result_pdf
202008010405,2020,京都,1,4,5,2020-01-12,https://www.jra.go.jp/datafile/seiseki/report/2020/2020-1kyoto4.pdf,official_daily_result_pdf
202008010406,2020,京都,1,4,6,2020-01-12,https://www.jra.go.jp/datafile/seiseki/report/2020/2020-1kyoto4.pdf,official_daily_result_pdf
202008010407,2020,京都,1,4,7,2020-01-12,https://www.jra.go.jp/datafile/seiseki/report/2020/2020-1kyoto4.pdf,official_daily_result_pdf
202008010408,2020,京都,1,4,8,2020-01-12,https://www.jra.go.jp/datafile/seiseki/report/2020/2020-1kyoto4.pdf,official_daily_result_pdf
202008010409,2020,京都,1,4,9,2020-01-12,https://www.jra.go.jp/datafile/seiseki/report/2020/2020-1kyoto4.pdf,official_daily_result_pdf
202008010410,2020,京都,1,4,10,2020-01-12,https://www.jra.go.jp/datafile/seiseki/report/2020/2020-1kyoto4.pdf,official_daily_result_pdf
202008010411,2020,京都,1,4,11,2020-01-12,https://www.jra.go.jp/datafile/seiseki/report/2020/2020-1kyoto4.pdf,official_daily_result_pdf
202008010412,2020,京都,1,4,12,2020-01-12,https://www.jra.go.jp/datafile/seiseki/report/2020/2020-1kyoto4.pdf,official_daily_result_pdf
202008010501,2020,京都,1,5,1,2020-01-13,https://www.jra.go.jp/datafile/seiseki/report/2020/2020-1kyoto5.pdf,official_daily_result_pdf
202008010502,2020,京都,1,5,2,2020-01-13,https://www.jra.go.jp/datafile/seiseki/report/2020/2020-1kyoto5.pdf,official_daily_result_pdf
202008010503,2020,京都,1,5,3,2020-01-13,https://www.jra.go.jp/datafile/seiseki/report/2020/2020-1kyoto5.pdf,official_daily_result_pdf
202008010504,2020,京都,1,5,4,2020-01-13,https://www.jra.go.jp/datafile/seiseki/report/2020/2020-1kyoto5.pdf,official_daily_result_pdf
202008010505,2020,京都,1,5,5,2020-01-13,https://www.jra.go.jp/datafile/seiseki/report/2020/2020-1kyoto5.pdf,official_daily_result_pdf
202008010506,2020,京都,1,5,6,2020-01-13,https://www.jra.go.jp/datafile/seiseki/report/2020/2020-1kyoto5.pdf,official_daily_result_pdf
202008010507,2020,京都,1,5,7,2020-01-13,https://www.jra.go.jp/datafile/seiseki/report/2020/2020-1kyoto5.pdf,official_daily_result_pdf
202008010508,2020,京都,1,5,8,2020-01-13,https://www.jra.go.jp/datafile/seiseki/report/2020/2020-1kyoto5.pdf,official_daily_result_pdf
202008010509,2020,京都,1,5,9,2020-01-13,https://www.jra.go.jp/datafile/seiseki/report/2020/2020-1kyoto5.pdf,official_daily_result_pdf
202008010510,2020,京都,1,5,10,2020-01-13,https://www.jra.go.jp/datafile/seiseki/report/2020/2020-1kyoto5.pdf,official_daily_result_pdf
202008010511,2020,京都,1,5,11,2020-01-13,https://www.jra.go.jp/datafile/seiseki/report/2020/2020-1kyoto5.pdf,official_daily_result_pdf
202008010512,2020,京都,1,5,12,2020-01-13,https://www.jra.go.jp/datafile/seiseki/report/2020/2020-1kyoto5.pdf,official_daily_result_pdf
202008010601,2020,京都,1,6,1,2020-01-18,https://www.jra.go.jp/datafile/seiseki/report/2020/2020-1kyoto6.pdf,official_daily_result_pdf
202008010602,2020,京都,1,6,2,2020-01-18,https://www.jra.go.jp/datafile/seiseki/report/2020/2020-1kyoto6.pdf,official_daily_result_pdf
202008010603,2020,京都,1,6,3,2020-01-18,https://www.jra.go.jp/datafile/seiseki/report/2020/2020-1kyoto6.pdf,official_daily_result_pdf
202008010604,2020,京都,1,6,4,2020-01-18,https://www.jra.go.jp/datafile/seiseki/report/2020/2020-1kyoto6.pdf,official_daily_result_pdf
202008010605,2020,京都,1,6,5,2020-01-18,https://www.jra.go.jp/datafile/seiseki/report/2020/2020-1kyoto6.pdf,official_daily_result_pdf
202008010606,2020,京都,1,6,6,2020-01-18,https://www.jra.go.jp/datafile/seiseki/report/2020/2020-1kyoto6.pdf,official_daily_result_pdf
202008010607,2020,京都,1,6,7,2020-01-18,https://www.jra.go.jp/datafile/seiseki/report/2020/2020-1kyoto6.pdf,official_daily_result_pdf
202008010608,2020,京都,1,6,8,2020-01-18,https://www.jra.go.jp/datafile/seiseki/report/2020/2020-1kyoto6.pdf,official_daily_result_pdf
202008010609,2020,京都,1,6,9,2020-01-18,https://www.jra.go.jp/datafile/seiseki/report/2020/2020-1kyoto6.pdf,official_daily_result_pdf
202008010610,2020,京都,1,6,10,2020-01-18,https://www.jra.go.jp/datafile/seiseki/report/2020/2020-1kyoto6.pdf,official_daily_result_pdf
202008010611,2020,京都,1,6,11,2020-01-18,https://www.jra.go.jp/datafile/seiseki/report/2020/2020-1kyoto6.pdf,official_daily_result_pdf
202008010612,2020,京都,1,6,12,2020-01-18,https://www.jra.go.jp/datafile/seiseki/report/2020/2020-1kyoto6.pdf,official_daily_result_pdf
202008010701,2020,京都,1,7,1,2020-01-19,https://www.jra.go.jp/datafile/seiseki/report/2020/2020-1kyoto7.pdf,official_daily_result_pdf
202008010702,2020,京都,1,7,2,2020-01-19,https://www.jra.go.jp/datafile/seiseki/report/2020/2020-1kyoto7.pdf,official_daily_result_pdf
202008010703,2020,京都,1,7,3,2020-01-19,https://www.jra.go.jp/datafile/seiseki/report/2020/2020-1kyoto7.pdf,official_daily_result_pdf
202008010704,2020,京都,1,7,4,2020-01-19,https://www.jra.go.jp/datafile/seiseki/report/2020/2020-1kyoto7.pdf,official_daily_result_pdf
202008010705,2020,京都,1,7,5,2020-01-19,https://www.jra.go.jp/datafile/seiseki/report/2020/2020-1kyoto7.pdf,official_daily_result_pdf
202008010706,2020,京都,1,7,6,2020-01-19,https://www.jra.go.jp/datafile/seiseki/report/2020/2020-1kyoto7.pdf,official_daily_result_pdf
202008010707,2020,京都,1,7,7,2020-01-19,https://www.jra.go.jp/datafile/seiseki/report/2020/2020-1kyoto7.pdf,official_daily_result_pdf
202008010708,2020,京都,1,7,8,2020-01-19,https://www.jra.go.jp/datafile/seiseki/report/2020/2020-1kyoto7.pdf,official_daily_result_pdf
202008010709,2020,京都,1,7,9,2020-01-19,https://www.jra.go.jp/datafile/seiseki/report/2020/2020-1kyoto7.pdf,official_daily_result_pdf
202008010710,2020,京都,1,7,10,2020-01-19,https://www.jra.go.jp/datafile/seiseki/report/2020/2020-1kyoto7.pdf,official_daily_result_pdf
202008010711,2020,京都,1,7,11,2020-01-19,https://www.jra.go.jp/datafile/seiseki/report/2020/2020-1kyoto7.pdf,official_daily_result_pdf
202008010712,2020,京都,1,7,12,2020-01-19,https://www.jra.go.jp/datafile/seiseki/report/2020/2020-1kyoto7.pdf,official_daily_result_pdf
202008010801,2020,京都,1,8,1,2020-01-25,https://www.jra.go.jp/datafile/seiseki/report/2020/2020-1kyoto8.pdf,official_daily_result_pdf
202008010802,2020,京都,1,8,2,2020-01-25,https://www.jra.go.jp/datafile/seiseki/report/2020/2020-1kyoto8.pdf,official_daily_result_pdf
202008010803,2020,京都,1,8,3,2020-01-25,https://www.jra.go.jp/datafile/seiseki/report/2020/2020-1kyoto8.pdf,official_daily_result_pdf
202008010804,2020,京都,1,8,4,2020-01-25,https://www.jra.go.jp/datafile/seiseki/report/2020/2020-1kyoto8.pdf,official_daily_result_pdf
202008010805,2020,京都,1,8,5,2020-01-25,https://www.jra.go.jp/datafile/seiseki/report/2020/2020-1kyoto8.pdf,official_daily_result_pdf
202008010806,2020,京都,1,8,6,2020-01-25,https://www.jra.go.jp/datafile/seiseki/report/2020/2020-1kyoto8.pdf,official_daily_result_pdf
202008010807,2020,京都,1,8,7,2020-01-25,https://www.jra.go.jp/datafile/seiseki/report/2020/2020-1kyoto8.pdf,official_daily_result_pdf
202008010808,2020,京都,1,8,8,2020-01-25,https://www.jra.go.jp/datafile/seiseki/report/2020/2020-1kyoto8.pdf,official_daily_result_pdf
202008010809,2020,京都,1,8,9,2020-01-25,https://www.jra.go.jp/datafile/seiseki/report/2020/2020-1kyoto8.pdf,official_daily_result_pdf
202008010810,2020,京都,1,8,10,2020-01-25,https://www.jra.go.jp/datafile/seiseki/report/2020/2020-1kyoto8.pdf,official_daily_result_pdf
202008010811,2020,京都,1,8,11,2020-01-25,https://www.jra.go.jp/datafile/seiseki/report/2020/2020-1kyoto8.pdf,official_daily_result_pdf
202008010812,2020,京都,1,8,12,2020-01-25,https://www.jra.go.jp/datafile/seiseki/report/2020/2020-1kyoto8.pdf,official_daily_result_pdf
202008010901,2020,京都,1,9,1,2020-01-26,https://www.jra.go.jp/datafile/seiseki/report/2020/2020-1kyoto9.pdf,official_daily_result_pdf
202008010902,2020,京都,1,9,2,2020-01-26,https://www.jra.go.jp/datafile/seiseki/report/2020/2020-1kyoto9.pdf,official_daily_result_pdf
202008010903,2020,京都,1,9,3,2020-01-26,https://www.jra.go.jp/datafile/seiseki/report/2020/2020-1kyoto9.pdf,official_daily_result_pdf
202008010904,2020,京都,1,9,4,2020-01-26,https://www.jra.go.jp/datafile/seiseki/report/2020/2020-1kyoto9.pdf,official_daily_result_pdf
202008010905,2020,京都,1,9,5,2020-01-26,https://www.jra.go.jp/datafile/seiseki/report/2020/2020-1kyoto9.pdf,official_daily_result_pdf
202008010906,2020,京都,1,9,6,2020-01-26,https://www.jra.go.jp/datafile/seiseki/report/2020/2020-1kyoto9.pdf,official_daily_result_pdf
202008010907,2020,京都,1,9,7,2020-01-26,https://www.jra.go.jp/datafile/seiseki/report/2020/2020-1kyoto9.pdf,official_daily_result_pdf
202008010908,2020,京都,1,9,8,2020-01-26,https://www.jra.go.jp/datafile/seiseki/report/2020/2020-1kyoto9.pdf,official_daily_result_pdf
202008010909,2020,京都,1,9,9,2020-01-26,https://www.jra.go.jp/datafile/seiseki/report/2020/2020-1kyoto9.pdf,official_daily_result_pdf
202008010910,2020,京都,1,9,10,2020-01-26,https://www.jra.go.jp/datafile/seiseki/report/2020/2020-1kyoto9.pdf,official_daily_result_pdf
202008010911,2020,京都,1,9,11,2020-01-26,https://www.jra.go.jp/datafile/seiseki/report/2020/2020-1kyoto9.pdf,official_daily_result_pdf
202008010912,2020,京都,1,9,12,2020-01-26,https://www.jra.go.jp/datafile/seiseki/report/2020/2020-1kyoto9.pdf,official_daily_result_pdf
202008020101,2020,京都,2,1,1,2020-02-01,https://www.jra.go.jp/datafile/seiseki/report/2020/2020-2kyoto1.pdf,official_daily_result_pdf
202008020102,2020,京都,2,1,2,2020-02-01,https://www.jra.go.jp/datafile/seiseki/report/2020/2020-2kyoto1.pdf,official_daily_result_pdf
202008020103,2020,京都,2,1,3,2020-02-01,https://www.jra.go.jp/datafile/seiseki/report/2020/2020-2kyoto1.pdf,official_daily_result_pdf
202008020104,2020,京都,2,1,4,2020-02-01,https://www.jra.go.jp/datafile/seiseki/report/2020/2020-2kyoto1.pdf,official_daily_result_pdf
202008020105,2020,京都,2,1,5,2020-02-01,https://www.jra.go.jp/datafile/seiseki/report/2020/2020-2kyoto1.pdf,official_daily_result_pdf
202008020106,2020,京都,2,1,6,2020-02-01,https://www.jra.go.jp/datafile/seiseki/report/2020/2020-2kyoto1.pdf,official_daily_result_pdf
202008020107,2020,京都,2,1,7,2020-02-01,https://www.jra.go.jp/datafile/seiseki/report/2020/2020-2kyoto1.pdf,official_daily_result_pdf
202008020108,2020,京都,2,1,8,2020-02-01,https://www.jra.go.jp/datafile/seiseki/report/2020/2020-2kyoto1.pdf,official_daily_result_pdf
202008020109,2020,京都,2,1,9,2020-02-01,https://www.jra.go.jp/datafile/seiseki/report/2020/2020-2kyoto1.pdf,official_daily_result_pdf
202008020110,2020,京都,2,1,10,2020-02-01,https://www.jra.go.jp/datafile/seiseki/report/2020/2020-2kyoto1.pdf,official_daily_result_pdf
202008020111,2020,京都,2,1,11,2020-02-01,https://www.jra.go.jp/datafile/seiseki/report/2020/2020-2kyoto1.pdf,official_daily_result_pdf
202008020112,2020,京都,2,1,12,2020-02-01,https://www.jra.go.jp/datafile/seiseki/report/2020/2020-2kyoto1.pdf,official_daily_result_pdf
202008020201,2020,京都,2,2,1,2020-02-02,https://www.jra.go.jp/datafile/seiseki/report/2020/2020-2kyoto2.pdf,official_daily_result_pdf
202008020202,2020,京都,2,2,2,2020-02-02,https://www.jra.go.jp/datafile/seiseki/report/2020/2020-2kyoto2.pdf,official_daily_result_pdf
202008020203,2020,京都,2,2,3,2020-02-02,https://www.jra.go.jp/datafile/seiseki/report/2020/2020-2kyoto2.pdf,official_daily_result_pdf
202008020204,2020,京都,2,2,4,2020-02-02,https://www.jra.go.jp/datafile/seiseki/report/2020/2020-2kyoto2.pdf,official_daily_result_pdf
202008020205,2020,京都,2,2,5,2020-02-02,https://www.jra.go.jp/datafile/seiseki/report/2020/2020-2kyoto2.pdf,official_daily_result_pdf
202008020206,2020,京都,2,2,6,2020-02-02,https://www.jra.go.jp/datafile/seiseki/report/2020/2020-2kyoto2.pdf,official_daily_result_pdf
202008020207,2020,京都,2,2,7,2020-02-02,https://www.jra.go.jp/datafile/seiseki/report/2020/2020-2kyoto2.pdf,official_daily_result_pdf
202008020208,2020,京都,2,2,8,2020-02-02,https://www.jra.go.jp/datafile/seiseki/report/2020/2020-2kyoto2.pdf,official_daily_result_pdf
202008020209,2020,京都,2,2,9,2020-02-02,https://www.jra.go.jp/datafile/seiseki/report/2020/2020-2kyoto2.pdf,official_daily_result_pdf
202008020210,2020,京都,2,2,10,2020-02-02,https://www.jra.go.jp/datafile/seiseki/report/2020/2020-2kyoto2.pdf,official_daily_result_pdf
202008020211,2020,京都,2,2,11,2020-02-02,https://www.jra.go.jp/datafile/seiseki/report/2020/2020-2kyoto2.pdf,official_daily_result_pdf
202008020212,2020,京都,2,2,12,2020-02-02,https://www.jra.go.jp/datafile/seiseki/report/2020/2020-2kyoto2.pdf,official_daily_result_pdf
202008020301,2020,京都,2,3,1,2020-02-08,https://www.jra.go.jp/datafile/seiseki/report/2020/2020-2kyoto3.pdf,official_daily_result_pdf
202008020302,2020,京都,2,3,2,2020-02-08,https://www.jra.go.jp/datafile/seiseki/report/2020/2020-2kyoto3.pdf,official_daily_result_pdf
202008020303,2020,京都,2,3,3,2020-02-08,https://www.jra.go.jp/datafile/seiseki/report/2020/2020-2kyoto3.pdf,official_daily_result_pdf
202008020304,2020,京都,2,3,4,2020-02-08,https://www.jra.go.jp/datafile/seiseki/report/2020/2020-2kyoto3.pdf,official_daily_result_pdf
202008020305,2020,京都,2,3,5,2020-02-08,https://www.jra.go.jp/datafile/seiseki/report/2020/2020-2kyoto3.pdf,official_daily_result_pdf
202008020306,2020,京都,2,3,6,2020-02-08,https://www.jra.go.jp/datafile/seiseki/report/2020/2020-2kyoto3.pdf,official_daily_result_pdf
202008020307,2020,京都,2,3,7,2020-02-08,https://www.jra.go.jp/datafile/seiseki/report/2020/2020-2kyoto3.pdf,official_daily_result_pdf
202008020308,2020,京都,2,3,8,2020-02-08,https://www.jra.go.jp/datafile/seiseki/report/2020/2020-2kyoto3.pdf,official_daily_result_pdf
202008020309,2020,京都,2,3,9,2020-02-08,https://www.jra.go.jp/datafile/seiseki/report/2020/2020-2kyoto3.pdf,official_daily_result_pdf
202008020310,2020,京都,2,3,10,2020-02-08,https://www.jra.go.jp/datafile/seiseki/report/2020/2020-2kyoto3.pdf,official_daily_result_pdf
202008020311,2020,京都,2,3,11,2020-02-08,https://www.jra.go.jp/datafile/seiseki/report/2020/2020-2kyoto3.pdf,official_daily_result_pdf
202008020312,2020,京都,2,3,12,2020-02-08,https://www.jra.go.jp/datafile/seiseki/report/2020/2020-2kyoto3.pdf,official_daily_result_pdf
202008020401,2020,京都,2,4,1,2020-02-09,https://www.jra.go.jp/datafile/seiseki/report/2020/2020-2kyoto4.pdf,official_daily_result_pdf
202008020402,2020,京都,2,4,2,2020-02-09,https://www.jra.go.jp/datafile/seiseki/report/2020/2020-2kyoto4.pdf,official_daily_result_pdf
202008020403,2020,京都,2,4,3,2020-02-09,https://www.jra.go.jp/datafile/seiseki/report/2020/2020-2kyoto4.pdf,official_daily_result_pdf
202008020404,2020,京都,2,4,4,2020-02-09,https://www.jra.go.jp/datafile/seiseki/report/2020/2020-2kyoto4.pdf,official_daily_result_pdf
202008020405,2020,京都,2,4,5,2020-02-09,https://www.jra.go.jp/datafile/seiseki/report/2020/2020-2kyoto4.pdf,official_daily_result_pdf
202008020406,2020,京都,2,4,6,2020-02-09,https://www.jra.go.jp/datafile/seiseki/report/2020/2020-2kyoto4.pdf,official_daily_result_pdf
202008020407,2020,京都,2,4,7,2020-02-09,https://www.jra.go.jp/datafile/seiseki/report/2020/2020-2kyoto4.pdf,official_daily_result_pdf
202008020408,2020,京都,2,4,8,2020-02-09,https://www.jra.go.jp/datafile/seiseki/report/2020/2020-2kyoto4.pdf,official_daily_result_pdf
202008020409,2020,京都,2,4,9,2020-02-09,https://www.jra.go.jp/datafile/seiseki/report/2020/2020-2kyoto4.pdf,official_daily_result_pdf
202008020410,2020,京都,2,4,10,2020-02-09,https://www.jra.go.jp/datafile/seiseki/report/2020/2020-2kyoto4.pdf,official_daily_result_pdf
202008020411,2020,京都,2,4,11,2020-02-09,https://www.jra.go.jp/datafile/seiseki/report/2020/2020-2kyoto4.pdf,official_daily_result_pdf
202008020412,2020,京都,2,4,12,2020-02-09,https://www.jra.go.jp/datafile/seiseki/report/2020/2020-2kyoto4.pdf,official_daily_result_pdf
202008020501,2020,京都,2,5,1,2020-02-15,https://www.jra.go.jp/datafile/seiseki/report/2020/2020-2kyoto5.pdf,official_daily_result_pdf
202008020502,2020,京都,2,5,2,2020-02-15,https://www.jra.go.jp/datafile/seiseki/report/2020/2020-2kyoto5.pdf,official_daily_result_pdf
202008020503,2020,京都,2,5,3,2020-02-15,https://www.jra.go.jp/datafile/seiseki/report/2020/2020-2kyoto5.pdf,official_daily_result_pdf
202008020504,2020,京都,2,5,4,2020-02-15,https://www.jra.go.jp/datafile/seiseki/report/2020/2020-2kyoto5.pdf,official_daily_result_pdf
202008020505,2020,京都,2,5,5,2020-02-15,https://www.jra.go.jp/datafile/seiseki/report/2020/2020-2kyoto5.pdf,official_daily_result_pdf
202008020506,2020,京都,2,5,6,2020-02-15,https://www.jra.go.jp/datafile/seiseki/report/2020/2020-2kyoto5.pdf,official_daily_result_pdf
202008020507,2020,京都,2,5,7,2020-02-15,https://www.jra.go.jp/datafile/seiseki/report/2020/2020-2kyoto5.pdf,official_daily_result_pdf
202008020508,2020,京都,2,5,8,2020-02-15,https://www.jra.go.jp/datafile/seiseki/report/2020/2020-2kyoto5.pdf,official_daily_result_pdf
202008020509,2020,京都,2,5,9,2020-02-15,https://www.jra.go.jp/datafile/seiseki/report/2020/2020-2kyoto5.pdf,official_daily_result_pdf
202008020510,2020,京都,2,5,10,2020-02-15,https://www.jra.go.jp/datafile/seiseki/report/2020/2020-2kyoto5.pdf,official_daily_result_pdf
202008020511,2020,京都,2,5,11,2020-02-15,https://www.jra.go.jp/datafile/seiseki/report/2020/2020-2kyoto5.pdf,official_daily_result_pdf
202008020512,2020,京都,2,5,12,2020-02-15,https://www.jra.go.jp/datafile/seiseki/report/2020/2020-2kyoto5.pdf,official_daily_result_pdf
202008020601,2020,京都,2,6,1,2020-02-16,https://www.jra.go.jp/datafile/seiseki/report/2020/2020-2kyoto6.pdf,official_daily_result_pdf
202008020602,2020,京都,2,6,2,2020-02-16,https://www.jra.go.jp/datafile/seiseki/report/2020/2020-2kyoto6.pdf,official_daily_result_pdf
202008020603,2020,京都,2,6,3,2020-02-16,https://www.jra.go.jp/datafile/seiseki/report/2020/2020-2kyoto6.pdf,official_daily_result_pdf
202008020604,2020,京都,2,6,4,2020-02-16,https://www.jra.go.jp/datafile/seiseki/report/2020/2020-2kyoto6.pdf,official_daily_result_pdf
202008020605,2020,京都,2,6,5,2020-02-16,https://www.jra.go.jp/datafile/seiseki/report/2020/2020-2kyoto6.pdf,official_daily_result_pdf
202008020606,2020,京都,2,6,6,2020-02-16,https://www.jra.go.jp/datafile/seiseki/report/2020/2020-2kyoto6.pdf,official_daily_result_pdf
202008020607,2020,京都,2,6,7,2020-02-16,https://www.jra.go.jp/datafile/seiseki/report/2020/2020-2kyoto6.pdf,official_daily_result_pdf
202008020608,2020,京都,2,6,8,2020-02-16,https://www.jra.go.jp/datafile/seiseki/report/2020/2020-2kyoto6.pdf,official_daily_result_pdf
202008020609,2020,京都,2,6,9,2020-02-16,https://www.jra.go.jp/datafile/seiseki/report/2020/2020-2kyoto6.pdf,official_daily_result_pdf
202008020610,2020,京都,2,6,10,2020-02-16,https://www.jra.go.jp/datafile/seiseki/report/2020/2020-2kyoto6.pdf,official_daily_result_pdf
202008020611,2020,京都,2,6,11,2020-02-16,https://www.jra.go.jp/datafile/seiseki/report/2020/2020-2kyoto6.pdf,official_daily_result_pdf
202008020612,2020,京都,2,6,12,2020-02-16,https://www.jra.go.jp/datafile/seiseki/report/2020/2020-2kyoto6.pdf,official_daily_result_pdf
202008020701,2020,京都,2,7,1,2020-02-22,https://www.jra.go.jp/datafile/seiseki/report/2020/2020-2kyoto7.pdf,official_daily_result_pdf
202008020702,2020,京都,2,7,2,2020-02-22,https://www.jra.go.jp/datafile/seiseki/report/2020/2020-2kyoto7.pdf,official_daily_result_pdf
202008020703,2020,京都,2,7,3,2020-02-22,https://www.jra.go.jp/datafile/seiseki/report/2020/2020-2kyoto7.pdf,official_daily_result_pdf
202008020704,2020,京都,2,7,4,2020-02-22,https://www.jra.go.jp/datafile/seiseki/report/2020/2020-2kyoto7.pdf,official_daily_result_pdf
202008020705,2020,京都,2,7,5,2020-02-22,https://www.jra.go.jp/datafile/seiseki/report/2020/2020-2kyoto7.pdf,official_daily_result_pdf
202008020706,2020,京都,2,7,6,2020-02-22,https://www.jra.go.jp/datafile/seiseki/report/2020/2020-2kyoto7.pdf,official_daily_result_pdf
202008020707,2020,京都,2,7,7,2020-02-22,https://www.jra.go.jp/datafile/seiseki/report/2020/2020-2kyoto7.pdf,official_daily_result_pdf
202008020708,2020,京都,2,7,8,2020-02-22,https://www.jra.go.jp/datafile/seiseki/report/2020/2020-2kyoto7.pdf,official_daily_result_pdf
202008020709,2020,京都,2,7,9,2020-02-22,https://www.jra.go.jp/datafile/seiseki/report/2020/2020-2kyoto7.pdf,official_daily_result_pdf
202008020710,2020,京都,2,7,10,2020-02-22,https://www.jra.go.jp/datafile/seiseki/report/2020/2020-2kyoto7.pdf,official_daily_result_pdf
202008020711,2020,京都,2,7,11,2020-02-22,https://www.jra.go.jp/datafile/seiseki/report/2020/2020-2kyoto7.pdf,official_daily_result_pdf
202008020712,2020,京都,2,7,12,2020-02-22,https://www.jra.go.jp/datafile/seiseki/report/2020/2020-2kyoto7.pdf,official_daily_result_pdf
202008020801,2020,京都,2,8,1,2020-02-23,https://www.jra.go.jp/datafile/seiseki/report/2020/2020-2kyoto8.pdf,official_daily_result_pdf
202008020802,2020,京都,2,8,2,2020-02-23,https://www.jra.go.jp/datafile/seiseki/report/2020/2020-2kyoto8.pdf,official_daily_result_pdf
202008020803,2020,京都,2,8,3,2020-02-23,https://www.jra.go.jp/datafile/seiseki/report/2020/2020-2kyoto8.pdf,official_daily_result_pdf
202008020804,2020,京都,2,8,4,2020-02-23,https://www.jra.go.jp/datafile/seiseki/report/2020/2020-2kyoto8.pdf,official_daily_result_pdf
202008020805,2020,京都,2,8,5,2020-02-23,https://www.jra.go.jp/datafile/seiseki/report/2020/2020-2kyoto8.pdf,official_daily_result_pdf
202008020806,2020,京都,2,8,6,2020-02-23,https://www.jra.go.jp/datafile/seiseki/report/2020/2020-2kyoto8.pdf,official_daily_result_pdf
202008020807,2020,京都,2,8,7,2020-02-23,https://www.jra.go.jp/datafile/seiseki/report/2020/2020-2kyoto8.pdf,official_daily_result_pdf
202008020808,2020,京都,2,8,8,2020-02-23,https://www.jra.go.jp/datafile/seiseki/report/2020/2020-2kyoto8.pdf,official_daily_result_pdf
202008020809,2020,京都,2,8,9,2020-02-23,https://www.jra.go.jp/datafile/seiseki/report/2020/2020-2kyoto8.pdf,official_daily_result_pdf
202008020810,2020,京都,2,8,10,2020-02-23,https://www.jra.go.jp/datafile/seiseki/report/2020/2020-2kyoto8.pdf,official_daily_result_pdf
202008020811,2020,京都,2,8,11,2020-02-23,https://www.jra.go.jp/datafile/seiseki/report/2020/2020-2kyoto8.pdf,official_daily_result_pdf
202008020812,2020,京都,2,8,12,2020-02-23,https://www.jra.go.jp/datafile/seiseki/report/2020/2020-2kyoto8.pdf,official_daily_result_pdf
202008030101,2020,京都,3,1,1,2020-04-25,https://www.jra.go.jp/datafile/seiseki/report/2020/2020-3kyoto1.pdf,official_daily_result_pdf
202008030102,2020,京都,3,1,2,2020-04-25,https://www.jra.go.jp/datafile/seiseki/report/2020/2020-3kyoto1.pdf,official_daily_result_pdf
202008030103,2020,京都,3,1,3,2020-04-25,https://www.jra.go.jp/datafile/seiseki/report/2020/2020-3kyoto1.pdf,official_daily_result_pdf
202008030104,2020,京都,3,1,4,2020-04-25,https://www.jra.go.jp/datafile/seiseki/report/2020/2020-3kyoto1.pdf,official_daily_result_pdf
202008030105,2020,京都,3,1,5,2020-04-25,https://www.jra.go.jp/datafile/seiseki/report/2020/2020-3kyoto1.pdf,official_daily_result_pdf
202008030106,2020,京都,3,1,6,2020-04-25,https://www.jra.go.jp/datafile/seiseki/report/2020/2020-3kyoto1.pdf,official_daily_result_pdf
202008030107,2020,京都,3,1,7,2020-04-25,https://www.jra.go.jp/datafile/seiseki/report/2020/2020-3kyoto1.pdf,official_daily_result_pdf
202008030108,2020,京都,3,1,8,2020-04-25,https://www.jra.go.jp/datafile/seiseki/report/2020/2020-3kyoto1.pdf,official_daily_result_pdf
202008030109,2020,京都,3,1,9,2020-04-25,https://www.jra.go.jp/datafile/seiseki/report/2020/2020-3kyoto1.pdf,official_daily_result_pdf
202008030110,2020,京都,3,1,10,2020-04-25,https://www.jra.go.jp/datafile/seiseki/report/2020/2020-3kyoto1.pdf,official_daily_result_pdf
202008030111,2020,京都,3,1,11,2020-04-25,https://www.jra.go.jp/datafile/seiseki/report/2020/2020-3kyoto1.pdf,official_daily_result_pdf
202008030112,2020,京都,3,1,12,2020-04-25,https://www.jra.go.jp/datafile/seiseki/report/2020/2020-3kyoto1.pdf,official_daily_result_pdf
202008030201,2020,京都,3,2,1,2020-04-26,https://www.jra.go.jp/datafile/seiseki/report/2020/2020-3kyoto2.pdf,official_daily_result_pdf
202008030202,2020,京都,3,2,2,2020-04-26,https://www.jra.go.jp/datafile/seiseki/report/2020/2020-3kyoto2.pdf,official_daily_result_pdf
202008030203,2020,京都,3,2,3,2020-04-26,https://www.jra.go.jp/datafile/seiseki/report/2020/2020-3kyoto2.pdf,official_daily_result_pdf
202008030204,2020,京都,3,2,4,2020-04-26,https://www.jra.go.jp/datafile/seiseki/report/2020/2020-3kyoto2.pdf,official_daily_result_pdf
202008030205,2020,京都,3,2,5,2020-04-26,https://www.jra.go.jp/datafile/seiseki/report/2020/2020-3kyoto2.pdf,official_daily_result_pdf
202008030206,2020,京都,3,2,6,2020-04-26,https://www.jra.go.jp/datafile/seiseki/report/2020/2020-3kyoto2.pdf,official_daily_result_pdf
202008030207,2020,京都,3,2,7,2020-04-26,https://www.jra.go.jp/datafile/seiseki/report/2020/2020-3kyoto2.pdf,official_daily_result_pdf
202008030208,2020,京都,3,2,8,2020-04-26,https://www.jra.go.jp/datafile/seiseki/report/2020/2020-3kyoto2.pdf,official_daily_result_pdf
202008030209,2020,京都,3,2,9,2020-04-26,https://www.jra.go.jp/datafile/seiseki/report/2020/2020-3kyoto2.pdf,official_daily_result_pdf
202008030210,2020,京都,3,2,10,2020-04-26,https://www.jra.go.jp/datafile/seiseki/report/2020/2020-3kyoto2.pdf,official_daily_result_pdf
202008030211,2020,京都,3,2,11,2020-04-26,https://www.jra.go.jp/datafile/seiseki/report/2020/2020-3kyoto2.pdf,official_daily_result_pdf
202008030212,2020,京都,3,2,12,2020-04-26,https://www.jra.go.jp/datafile/seiseki/report/2020/2020-3kyoto2.pdf,official_daily_result_pdf
202008030301,2020,京都,3,3,1,2020-05-02,https://www.jra.go.jp/datafile/seiseki/report/2020/2020-3kyoto3.pdf,official_daily_result_pdf
202008030302,2020,京都,3,3,2,2020-05-02,https://www.jra.go.jp/datafile/seiseki/report/2020/2020-3kyoto3.pdf,official_daily_result_pdf
202008030303,2020,京都,3,3,3,2020-05-02,https://www.jra.go.jp/datafile/seiseki/report/2020/2020-3kyoto3.pdf,official_daily_result_pdf
202008030304,2020,京都,3,3,4,2020-05-02,https://www.jra.go.jp/datafile/seiseki/report/2020/2020-3kyoto3.pdf,official_daily_result_pdf
202008030305,2020,京都,3,3,5,2020-05-02,https://www.jra.go.jp/datafile/seiseki/report/2020/2020-3kyoto3.pdf,official_daily_result_pdf
202008030306,2020,京都,3,3,6,2020-05-02,https://www.jra.go.jp/datafile/seiseki/report/2020/2020-3kyoto3.pdf,official_daily_result_pdf
202008030307,2020,京都,3,3,7,2020-05-02,https://www.jra.go.jp/datafile/seiseki/report/2020/2020-3kyoto3.pdf,official_daily_result_pdf
202008030308,2020,京都,3,3,8,2020-05-02,https://www.jra.go.jp/datafile/seiseki/report/2020/2020-3kyoto3.pdf,official_daily_result_pdf
202008030309,2020,京都,3,3,9,2020-05-02,https://www.jra.go.jp/datafile/seiseki/report/2020/2020-3kyoto3.pdf,official_daily_result_pdf
202008030310,2020,京都,3,3,10,2020-05-02,https://www.jra.go.jp/datafile/seiseki/report/2020/2020-3kyoto3.pdf,official_daily_result_pdf
202008030311,2020,京都,3,3,11,2020-05-02,https://www.jra.go.jp/datafile/seiseki/report/2020/2020-3kyoto3.pdf,official_daily_result_pdf
202008030312,2020,京都,3,3,12,2020-05-02,https://www.jra.go.jp/datafile/seiseki/report/2020/2020-3kyoto3.pdf,official_daily_result_pdf
202008030401,2020,京都,3,4,1,2020-05-03,https://www.jra.go.jp/datafile/seiseki/report/2020/2020-3kyoto4.pdf,official_daily_result_pdf
202008030402,2020,京都,3,4,2,2020-05-03,https://www.jra.go.jp/datafile/seiseki/report/2020/2020-3kyoto4.pdf,official_daily_result_pdf
202008030403,2020,京都,3,4,3,2020-05-03,https://www.jra.go.jp/datafile/seiseki/report/2020/2020-3kyoto4.pdf,official_daily_result_pdf
202008030404,2020,京都,3,4,4,2020-05-03,https://www.jra.go.jp/datafile/seiseki/report/2020/2020-3kyoto4.pdf,official_daily_result_pdf
202008030405,2020,京都,3,4,5,2020-05-03,https://www.jra.go.jp/datafile/seiseki/report/2020/2020-3kyoto4.pdf,official_daily_result_pdf
202008030406,2020,京都,3,4,6,2020-05-03,https://www.jra.go.jp/datafile/seiseki/report/2020/2020-3kyoto4.pdf,official_daily_result_pdf
202008030407,2020,京都,3,4,7,2020-05-03,https://www.jra.go.jp/datafile/seiseki/report/2020/2020-3kyoto4.pdf,official_daily_result_pdf
202008030408,2020,京都,3,4,8,2020-05-03,https://www.jra.go.jp/datafile/seiseki/report/2020/2020-3kyoto4.pdf,official_daily_result_pdf
202008030409,2020,京都,3,4,9,2020-05-03,https://www.jra.go.jp/datafile/seiseki/report/2020/2020-3kyoto4.pdf,official_daily_result_pdf
202008030410,2020,京都,3,4,10,2020-05-03,https://www.jra.go.jp/datafile/seiseki/report/2020/2020-3kyoto4.pdf,official_daily_result_pdf
202008030411,2020,京都,3,4,11,2020-05-03,https://www.jra.go.jp/datafile/seiseki/report/2020/2020-3kyoto4.pdf,official_daily_result_pdf
202008030412,2020,京都,3,4,12,2020-05-03,https://www.jra.go.jp/datafile/seiseki/report/2020/2020-3kyoto4.pdf,official_daily_result_pdf
202008030501,2020,京都,3,5,1,2020-05-09,https://www.jra.go.jp/datafile/seiseki/report/2020/2020-3kyoto5.pdf,official_calendar_verified_override
202008030502,2020,京都,3,5,2,2020-05-09,https://www.jra.go.jp/datafile/seiseki/report/2020/2020-3kyoto5.pdf,official_calendar_verified_override
202008030503,2020,京都,3,5,3,2020-05-09,https://www.jra.go.jp/datafile/seiseki/report/2020/2020-3kyoto5.pdf,official_calendar_verified_override
202008030504,2020,京都,3,5,4,2020-05-09,https://www.jra.go.jp/datafile/seiseki/report/2020/2020-3kyoto5.pdf,official_calendar_verified_override
202008030505,2020,京都,3,5,5,2020-05-09,https://www.jra.go.jp/datafile/seiseki/report/2020/2020-3kyoto5.pdf,official_calendar_verified_override
202008030506,2020,京都,3,5,6,2020-05-09,https://www.jra.go.jp/datafile/seiseki/report/2020/2020-3kyoto5.pdf,official_calendar_verified_override
202008030507,2020,京都,3,5,7,2020-05-09,https://www.jra.go.jp/datafile/seiseki/report/2020/2020-3kyoto5.pdf,official_calendar_verified_override
202008030508,2020,京都,3,5,8,2020-05-09,https://www.jra.go.jp/datafile/seiseki/report/2020/2020-3kyoto5.pdf,official_calendar_verified_override
202008030509,2020,京都,3,5,9,2020-05-09,https://www.jra.go.jp/datafile/seiseki/report/2020/2020-3kyoto5.pdf,official_calendar_verified_override
202008030510,2020,京都,3,5,10,2020-05-09,https://www.jra.go.jp/datafile/seiseki/report/2020/2020-3kyoto5.pdf,official_calendar_verified_override
202008030511,2020,京都,3,5,11,2020-05-09,https://www.jra.go.jp/datafile/seiseki/report/2020/2020-3kyoto5.pdf,official_calendar_verified_override
202008030512,2020,京都,3,5,12,2020-05-09,https://www.jra.go.jp/datafile/seiseki/report/2020/2020-3kyoto5.pdf,official_calendar_verified_override
202008030601,2020,京都,3,6,1,2020-05-10,https://www.jra.go.jp/datafile/seiseki/report/2020/2020-3kyoto6.pdf,official_daily_result_pdf
202008030602,2020,京都,3,6,2,2020-05-10,https://www.jra.go.jp/datafile/seiseki/report/2020/2020-3kyoto6.pdf,official_daily_result_pdf
202008030603,2020,京都,3,6,3,2020-05-10,https://www.jra.go.jp/datafile/seiseki/report/2020/2020-3kyoto6.pdf,official_daily_result_pdf
202008030604,2020,京都,3,6,4,2020-05-10,https://www.jra.go.jp/datafile/seiseki/report/2020/2020-3kyoto6.pdf,official_daily_result_pdf
202008030605,2020,京都,3,6,5,2020-05-10,https://www.jra.go.jp/datafile/seiseki/report/2020/2020-3kyoto6.pdf,official_daily_result_pdf
202008030606,2020,京都,3,6,6,2020-05-10,https://www.jra.go.jp/datafile/seiseki/report/2020/2020-3kyoto6.pdf,official_daily_result_pdf
202008030607,2020,京都,3,6,7,2020-05-10,https://www.jra.go.jp/datafile/seiseki/report/2020/2020-3kyoto6.pdf,official_daily_result_pdf
202008030608,2020,京都,3,6,8,2020-05-10,https://www.jra.go.jp/datafile/seiseki/report/2020/2020-3kyoto6.pdf,official_daily_result_pdf
202008030609,2020,京都,3,6,9,2020-05-10,https://www.jra.go.jp/datafile/seiseki/report/2020/2020-3kyoto6.pdf,official_daily_result_pdf
202008030610,2020,京都,3,6,10,2020-05-10,https://www.jra.go.jp/datafile/seiseki/report/2020/2020-3kyoto6.pdf,official_daily_result_pdf
202008030611,2020,京都,3,6,11,2020-05-10,https://www.jra.go.jp/datafile/seiseki/report/2020/2020-3kyoto6.pdf,official_daily_result_pdf
202008030612,2020,京都,3,6,12,2020-05-10,https://www.jra.go.jp/datafile/seiseki/report/2020/2020-3kyoto6.pdf,official_daily_result_pdf
202008030701,2020,京都,3,7,1,2020-05-16,https://www.jra.go.jp/datafile/seiseki/report/2020/2020-3kyoto7.pdf,official_daily_result_pdf
202008030702,2020,京都,3,7,2,2020-05-16,https://www.jra.go.jp/datafile/seiseki/report/2020/2020-3kyoto7.pdf,official_daily_result_pdf
202008030703,2020,京都,3,7,3,2020-05-16,https://www.jra.go.jp/datafile/seiseki/report/2020/2020-3kyoto7.pdf,official_daily_result_pdf
202008030704,2020,京都,3,7,4,2020-05-16,https://www.jra.go.jp/datafile/seiseki/report/2020/2020-3kyoto7.pdf,official_daily_result_pdf
202008030705,2020,京都,3,7,5,2020-05-16,https://www.jra.go.jp/datafile/seiseki/report/2020/2020-3kyoto7.pdf,official_daily_result_pdf
202008030706,2020,京都,3,7,6,2020-05-16,https://www.jra.go.jp/datafile/seiseki/report/2020/2020-3kyoto7.pdf,official_daily_result_pdf
202008030707,2020,京都,3,7,7,2020-05-16,https://www.jra.go.jp/datafile/seiseki/report/2020/2020-3kyoto7.pdf,official_daily_result_pdf
202008030708,2020,京都,3,7,8,2020-05-16,https://www.jra.go.jp/datafile/seiseki/report/2020/2020-3kyoto7.pdf,official_daily_result_pdf
202008030709,2020,京都,3,7,9,2020-05-16,https://www.jra.go.jp/datafile/seiseki/report/2020/2020-3kyoto7.pdf,official_daily_result_pdf
202008030710,2020,京都,3,7,10,2020-05-16,https://www.jra.go.jp/datafile/seiseki/report/2020/2020-3kyoto7.pdf,official_daily_result_pdf
202008030711,2020,京都,3,7,11,2020-05-16,https://www.jra.go.jp/datafile/seiseki/report/2020/2020-3kyoto7.pdf,official_daily_result_pdf
202008030712,2020,京都,3,7,12,2020-05-16,https://www.jra.go.jp/datafile/seiseki/report/2020/2020-3kyoto7.pdf,official_daily_result_pdf
202008030801,2020,京都,3,8,1,2020-05-17,https://www.jra.go.jp/datafile/seiseki/report/2020/2020-3kyoto8.pdf,official_daily_result_pdf
202008030802,2020,京都,3,8,2,2020-05-17,https://www.jra.go.jp/datafile/seiseki/report/2020/2020-3kyoto8.pdf,official_daily_result_pdf
202008030803,2020,京都,3,8,3,2020-05-17,https://www.jra.go.jp/datafile/seiseki/report/2020/2020-3kyoto8.pdf,official_daily_result_pdf
202008030804,2020,京都,3,8,4,2020-05-17,https://www.jra.go.jp/datafile/seiseki/report/2020/2020-3kyoto8.pdf,official_daily_result_pdf
202008030805,2020,京都,3,8,5,2020-05-17,https://www.jra.go.jp/datafile/seiseki/report/2020/2020-3kyoto8.pdf,official_daily_result_pdf
202008030806,2020,京都,3,8,6,2020-05-17,https://www.jra.go.jp/datafile/seiseki/report/2020/2020-3kyoto8.pdf,official_daily_result_pdf
202008030807,2020,京都,3,8,7,2020-05-17,https://www.jra.go.jp/datafile/seiseki/report/2020/2020-3kyoto8.pdf,official_daily_result_pdf
202008030808,2020,京都,3,8,8,2020-05-17,https://www.jra.go.jp/datafile/seiseki/report/2020/2020-3kyoto8.pdf,official_daily_result_pdf
202008030809,2020,京都,3,8,9,2020-05-17,https://www.jra.go.jp/datafile/seiseki/report/2020/2020-3kyoto8.pdf,official_daily_result_pdf
202008030810,2020,京都,3,8,10,2020-05-17,https://www.jra.go.jp/datafile/seiseki/report/2020/2020-3kyoto8.pdf,official_daily_result_pdf
202008030811,2020,京都,3,8,11,2020-05-17,https://www.jra.go.jp/datafile/seiseki/report/2020/2020-3kyoto8.pdf,official_daily_result_pdf
202008030812,2020,京都,3,8,12,2020-05-17,https://www.jra.go.jp/datafile/seiseki/report/2020/2020-3kyoto8.pdf,official_daily_result_pdf
202008030901,2020,京都,3,9,1,2020-05-23,https://www.jra.go.jp/datafile/seiseki/report/2020/2020-3kyoto9.pdf,official_daily_result_pdf
202008030902,2020,京都,3,9,2,2020-05-23,https://www.jra.go.jp/datafile/seiseki/report/2020/2020-3kyoto9.pdf,official_daily_result_pdf
202008030903,2020,京都,3,9,3,2020-05-23,https://www.jra.go.jp/datafile/seiseki/report/2020/2020-3kyoto9.pdf,official_daily_result_pdf
202008030904,2020,京都,3,9,4,2020-05-23,https://www.jra.go.jp/datafile/seiseki/report/2020/2020-3kyoto9.pdf,official_daily_result_pdf
202008030905,2020,京都,3,9,5,2020-05-23,https://www.jra.go.jp/datafile/seiseki/report/2020/2020-3kyoto9.pdf,official_daily_result_pdf
202008030906,2020,京都,3,9,6,2020-05-23,https://www.jra.go.jp/datafile/seiseki/report/2020/2020-3kyoto9.pdf,official_daily_result_pdf
202008030907,2020,京都,3,9,7,2020-05-23,https://www.jra.go.jp/datafile/seiseki/report/2020/2020-3kyoto9.pdf,official_daily_result_pdf
202008030908,2020,京都,3,9,8,2020-05-23,https://www.jra.go.jp/datafile/seiseki/report/2020/2020-3kyoto9.pdf,official_daily_result_pdf
202008030909,2020,京都,3,9,9,2020-05-23,https://www.jra.go.jp/datafile/seiseki/report/2020/2020-3kyoto9.pdf,official_daily_result_pdf
202008030910,2020,京都,3,9,10,2020-05-23,https://www.jra.go.jp/datafile/seiseki/report/2020/2020-3kyoto9.pdf,official_daily_result_pdf
202008030911,2020,京都,3,9,11,2020-05-23,https://www.jra.go.jp/datafile/seiseki/report/2020/2020-3kyoto9.pdf,official_daily_result_pdf
202008030912,2020,京都,3,9,12,2020-05-23,https://www.jra.go.jp/datafile/seiseki/report/2020/2020-3kyoto9.pdf,official_daily_result_pdf
202008031001,2020,京都,3,10,1,2020-05-24,https://www.jra.go.jp/datafile/seiseki/report/2020/2020-3kyoto10.pdf,official_daily_result_pdf
202008031002,2020,京都,3,10,2,2020-05-24,https://www.jra.go.jp/datafile/seiseki/report/2020/2020-3kyoto10.pdf,official_daily_result_pdf
202008031003,2020,京都,3,10,3,2020-05-24,https://www.jra.go.jp/datafile/seiseki/report/2020/2020-3kyoto10.pdf,official_daily_result_pdf
202008031004,2020,京都,3,10,4,2020-05-24,https://www.jra.go.jp/datafile/seiseki/report/2020/2020-3kyoto10.pdf,official_daily_result_pdf
202008031005,2020,京都,3,10,5,2020-05-24,https://www.jra.go.jp/datafile/seiseki/report/2020/2020-3kyoto10.pdf,official_daily_result_pdf
202008031006,2020,京都,3,10,6,2020-05-24,https://www.jra.go.jp/datafile/seiseki/report/2020/2020-3kyoto10.pdf,official_daily_result_pdf
202008031007,2020,京都,3,10,7,2020-05-24,https://www.jra.go.jp/datafile/seiseki/report/2020/2020-3kyoto10.pdf,official_daily_result_pdf
202008031008,2020,京都,3,10,8,2020-05-24,https://www.jra.go.jp/datafile/seiseki/report/2020/2020-3kyoto10.pdf,official_daily_result_pdf
202008031009,2020,京都,3,10,9,2020-05-24,https://www.jra.go.jp/datafile/seiseki/report/2020/2020-3kyoto10.pdf,official_daily_result_pdf
202008031010,2020,京都,3,10,10,2020-05-24,https://www.jra.go.jp/datafile/seiseki/report/2020/2020-3kyoto10.pdf,official_daily_result_pdf
202008031011,2020,京都,3,10,11,2020-05-24,https://www.jra.go.jp/datafile/seiseki/report/2020/2020-3kyoto10.pdf,official_daily_result_pdf
202008031012,2020,京都,3,10,12,2020-05-24,https://www.jra.go.jp/datafile/seiseki/report/2020/2020-3kyoto10.pdf,official_daily_result_pdf
202008031101,2020,京都,3,11,1,2020-05-30,https://www.jra.go.jp/datafile/seiseki/report/2020/2020-3kyoto11.pdf,official_daily_result_pdf
202008031102,2020,京都,3,11,2,2020-05-30,https://www.jra.go.jp/datafile/seiseki/report/2020/2020-3kyoto11.pdf,official_daily_result_pdf
202008031103,2020,京都,3,11,3,2020-05-30,https://www.jra.go.jp/datafile/seiseki/report/2020/2020-3kyoto11.pdf,official_daily_result_pdf
202008031104,2020,京都,3,11,4,2020-05-30,https://www.jra.go.jp/datafile/seiseki/report/2020/2020-3kyoto11.pdf,official_daily_result_pdf
202008031105,2020,京都,3,11,5,2020-05-30,https://www.jra.go.jp/datafile/seiseki/report/2020/2020-3kyoto11.pdf,official_daily_result_pdf
202008031106,2020,京都,3,11,6,2020-05-30,https://www.jra.go.jp/datafile/seiseki/report/2020/2020-3kyoto11.pdf,official_daily_result_pdf
202008031107,2020,京都,3,11,7,2020-05-30,https://www.jra.go.jp/datafile/seiseki/report/2020/2020-3kyoto11.pdf,official_daily_result_pdf
202008031108,2020,京都,3,11,8,2020-05-30,https://www.jra.go.jp/datafile/seiseki/report/2020/2020-3kyoto11.pdf,official_daily_result_pdf
202008031109,2020,京都,3,11,9,2020-05-30,https://www.jra.go.jp/datafile/seiseki/report/2020/2020-3kyoto11.pdf,official_daily_result_pdf
202008031110,2020,京都,3,11,10,2020-05-30,https://www.jra.go.jp/datafile/seiseki/report/2020/2020-3kyoto11.pdf,official_daily_result_pdf
202008031111,2020,京都,3,11,11,2020-05-30,https://www.jra.go.jp/datafile/seiseki/report/2020/2020-3kyoto11.pdf,official_daily_result_pdf
202008031112,2020,京都,3,11,12,2020-05-30,https://www.jra.go.jp/datafile/seiseki/report/2020/2020-3kyoto11.pdf,official_daily_result_pdf
202008031201,2020,京都,3,12,1,2020-05-31,https://www.jra.go.jp/datafile/seiseki/report/2020/2020-3kyoto12.pdf,official_daily_result_pdf
202008031202,2020,京都,3,12,2,2020-05-31,https://www.jra.go.jp/datafile/seiseki/report/2020/2020-3kyoto12.pdf,official_daily_result_pdf
202008031203,2020,京都,3,12,3,2020-05-31,https://www.jra.go.jp/datafile/seiseki/report/2020/2020-3kyoto12.pdf,official_daily_result_pdf
202008031204,2020,京都,3,12,4,2020-05-31,https://www.jra.go.jp/datafile/seiseki/report/2020/2020-3kyoto12.pdf,official_daily_result_pdf
202008031205,2020,京都,3,12,5,2020-05-31,https://www.jra.go.jp/datafile/seiseki/report/2020/2020-3kyoto12.pdf,official_daily_result_pdf
202008031206,2020,京都,3,12,6,2020-05-31,https://www.jra.go.jp/datafile/seiseki/report/2020/2020-3kyoto12.pdf,official_daily_result_pdf
202008031207,2020,京都,3,12,7,2020-05-31,https://www.jra.go.jp/datafile/seiseki/report/2020/2020-3kyoto12.pdf,official_daily_result_pdf
202008031208,2020,京都,3,12,8,2020-05-31,https://www.jra.go.jp/datafile/seiseki/report/2020/2020-3kyoto12.pdf,official_daily_result_pdf
202008031209,2020,京都,3,12,9,2020-05-31,https://www.jra.go.jp/datafile/seiseki/report/2020/2020-3kyoto12.pdf,official_daily_result_pdf
202008031210,2020,京都,3,12,10,2020-05-31,https://www.jra.go.jp/datafile/seiseki/report/2020/2020-3kyoto12.pdf,official_daily_result_pdf
202008031211,2020,京都,3,12,11,2020-05-31,https://www.jra.go.jp/datafile/seiseki/report/2020/2020-3kyoto12.pdf,official_daily_result_pdf
202008031212,2020,京都,3,12,12,2020-05-31,https://www.jra.go.jp/datafile/seiseki/report/2020/2020-3kyoto12.pdf,official_daily_result_pdf
202008040101,2020,京都,4,1,1,2020-10-10,https://www.jra.go.jp/datafile/seiseki/report/2020/2020-4kyoto1.pdf,official_daily_result_pdf
202008040102,2020,京都,4,1,2,2020-10-10,https://www.jra.go.jp/datafile/seiseki/report/2020/2020-4kyoto1.pdf,official_daily_result_pdf
202008040103,2020,京都,4,1,3,2020-10-10,https://www.jra.go.jp/datafile/seiseki/report/2020/2020-4kyoto1.pdf,official_daily_result_pdf
202008040104,2020,京都,4,1,4,2020-10-10,https://www.jra.go.jp/datafile/seiseki/report/2020/2020-4kyoto1.pdf,official_daily_result_pdf
202008040105,2020,京都,4,1,5,2020-10-10,https://www.jra.go.jp/datafile/seiseki/report/2020/2020-4kyoto1.pdf,official_daily_result_pdf
202008040106,2020,京都,4,1,6,2020-10-10,https://www.jra.go.jp/datafile/seiseki/report/2020/2020-4kyoto1.pdf,official_daily_result_pdf
202008040107,2020,京都,4,1,7,2020-10-10,https://www.jra.go.jp/datafile/seiseki/report/2020/2020-4kyoto1.pdf,official_daily_result_pdf
202008040108,2020,京都,4,1,8,2020-10-10,https://www.jra.go.jp/datafile/seiseki/report/2020/2020-4kyoto1.pdf,official_daily_result_pdf
202008040109,2020,京都,4,1,9,2020-10-10,https://www.jra.go.jp/datafile/seiseki/report/2020/2020-4kyoto1.pdf,official_daily_result_pdf
202008040110,2020,京都,4,1,10,2020-10-10,https://www.jra.go.jp/datafile/seiseki/report/2020/2020-4kyoto1.pdf,official_daily_result_pdf
202008040111,2020,京都,4,1,11,2020-10-10,https://www.jra.go.jp/datafile/seiseki/report/2020/2020-4kyoto1.pdf,official_daily_result_pdf
202008040112,2020,京都,4,1,12,2020-10-10,https://www.jra.go.jp/datafile/seiseki/report/2020/2020-4kyoto1.pdf,official_daily_result_pdf
202008040201,2020,京都,4,2,1,2020-10-11,https://www.jra.go.jp/datafile/seiseki/report/2020/2020-4kyoto2.pdf,official_daily_result_pdf
202008040202,2020,京都,4,2,2,2020-10-11,https://www.jra.go.jp/datafile/seiseki/report/2020/2020-4kyoto2.pdf,official_daily_result_pdf
202008040203,2020,京都,4,2,3,2020-10-11,https://www.jra.go.jp/datafile/seiseki/report/2020/2020-4kyoto2.pdf,official_daily_result_pdf
202008040204,2020,京都,4,2,4,2020-10-11,https://www.jra.go.jp/datafile/seiseki/report/2020/2020-4kyoto2.pdf,official_daily_result_pdf
202008040205,2020,京都,4,2,5,2020-10-11,https://www.jra.go.jp/datafile/seiseki/report/2020/2020-4kyoto2.pdf,official_daily_result_pdf
202008040206,2020,京都,4,2,6,2020-10-11,https://www.jra.go.jp/datafile/seiseki/report/2020/2020-4kyoto2.pdf,official_daily_result_pdf
202008040207,2020,京都,4,2,7,2020-10-11,https://www.jra.go.jp/datafile/seiseki/report/2020/2020-4kyoto2.pdf,official_daily_result_pdf
202008040208,2020,京都,4,2,8,2020-10-11,https://www.jra.go.jp/datafile/seiseki/report/2020/2020-4kyoto2.pdf,official_daily_result_pdf
202008040209,2020,京都,4,2,9,2020-10-11,https://www.jra.go.jp/datafile/seiseki/report/2020/2020-4kyoto2.pdf,official_daily_result_pdf
202008040210,2020,京都,4,2,10,2020-10-11,https://www.jra.go.jp/datafile/seiseki/report/2020/2020-4kyoto2.pdf,official_daily_result_pdf
202008040211,2020,京都,4,2,11,2020-10-11,https://www.jra.go.jp/datafile/seiseki/report/2020/2020-4kyoto2.pdf,official_daily_result_pdf
202008040212,2020,京都,4,2,12,2020-10-11,https://www.jra.go.jp/datafile/seiseki/report/2020/2020-4kyoto2.pdf,official_daily_result_pdf
202008040301,2020,京都,4,3,1,2020-10-17,https://www.jra.go.jp/datafile/seiseki/report/2020/2020-4kyoto3.pdf,official_daily_result_pdf
202008040302,2020,京都,4,3,2,2020-10-17,https://www.jra.go.jp/datafile/seiseki/report/2020/2020-4kyoto3.pdf,official_daily_result_pdf
202008040303,2020,京都,4,3,3,2020-10-17,https://www.jra.go.jp/datafile/seiseki/report/2020/2020-4kyoto3.pdf,official_daily_result_pdf
202008040304,2020,京都,4,3,4,2020-10-17,https://www.jra.go.jp/datafile/seiseki/report/2020/2020-4kyoto3.pdf,official_daily_result_pdf
202008040305,2020,京都,4,3,5,2020-10-17,https://www.jra.go.jp/datafile/seiseki/report/2020/2020-4kyoto3.pdf,official_daily_result_pdf
202008040306,2020,京都,4,3,6,2020-10-17,https://www.jra.go.jp/datafile/seiseki/report/2020/2020-4kyoto3.pdf,official_daily_result_pdf
202008040307,2020,京都,4,3,7,2020-10-17,https://www.jra.go.jp/datafile/seiseki/report/2020/2020-4kyoto3.pdf,official_daily_result_pdf
202008040308,2020,京都,4,3,8,2020-10-17,https://www.jra.go.jp/datafile/seiseki/report/2020/2020-4kyoto3.pdf,official_daily_result_pdf
202008040309,2020,京都,4,3,9,2020-10-17,https://www.jra.go.jp/datafile/seiseki/report/2020/2020-4kyoto3.pdf,official_daily_result_pdf
202008040310,2020,京都,4,3,10,2020-10-17,https://www.jra.go.jp/datafile/seiseki/report/2020/2020-4kyoto3.pdf,official_daily_result_pdf
202008040311,2020,京都,4,3,11,2020-10-17,https://www.jra.go.jp/datafile/seiseki/report/2020/2020-4kyoto3.pdf,official_daily_result_pdf
202008040312,2020,京都,4,3,12,2020-10-17,https://www.jra.go.jp/datafile/seiseki/report/2020/2020-4kyoto3.pdf,official_daily_result_pdf
202008040401,2020,京都,4,4,1,2020-10-18,https://www.jra.go.jp/datafile/seiseki/report/2020/2020-4kyoto4.pdf,official_daily_result_pdf
202008040402,2020,京都,4,4,2,2020-10-18,https://www.jra.go.jp/datafile/seiseki/report/2020/2020-4kyoto4.pdf,official_daily_result_pdf
202008040403,2020,京都,4,4,3,2020-10-18,https://www.jra.go.jp/datafile/seiseki/report/2020/2020-4kyoto4.pdf,official_daily_result_pdf
202008040404,2020,京都,4,4,4,2020-10-18,https://www.jra.go.jp/datafile/seiseki/report/2020/2020-4kyoto4.pdf,official_daily_result_pdf
202008040405,2020,京都,4,4,5,2020-10-18,https://www.jra.go.jp/datafile/seiseki/report/2020/2020-4kyoto4.pdf,official_daily_result_pdf
202008040406,2020,京都,4,4,6,2020-10-18,https://www.jra.go.jp/datafile/seiseki/report/2020/2020-4kyoto4.pdf,official_daily_result_pdf
202008040407,2020,京都,4,4,7,2020-10-18,https://www.jra.go.jp/datafile/seiseki/report/2020/2020-4kyoto4.pdf,official_daily_result_pdf
202008040408,2020,京都,4,4,8,2020-10-18,https://www.jra.go.jp/datafile/seiseki/report/2020/2020-4kyoto4.pdf,official_daily_result_pdf
202008040409,2020,京都,4,4,9,2020-10-18,https://www.jra.go.jp/datafile/seiseki/report/2020/2020-4kyoto4.pdf,official_daily_result_pdf
202008040410,2020,京都,4,4,10,2020-10-18,https://www.jra.go.jp/datafile/seiseki/report/2020/2020-4kyoto4.pdf,official_daily_result_pdf
202008040411,2020,京都,4,4,11,2020-10-18,https://www.jra.go.jp/datafile/seiseki/report/2020/2020-4kyoto4.pdf,official_daily_result_pdf
202008040412,2020,京都,4,4,12,2020-10-18,https://www.jra.go.jp/datafile/seiseki/report/2020/2020-4kyoto4.pdf,official_daily_result_pdf
202008040501,2020,京都,4,5,1,2020-10-24,https://www.jra.go.jp/datafile/seiseki/report/2020/2020-4kyoto5.pdf,official_daily_result_pdf
202008040502,2020,京都,4,5,2,2020-10-24,https://www.jra.go.jp/datafile/seiseki/report/2020/2020-4kyoto5.pdf,official_daily_result_pdf
202008040503,2020,京都,4,5,3,2020-10-24,https://www.jra.go.jp/datafile/seiseki/report/2020/2020-4kyoto5.pdf,official_daily_result_pdf
202008040504,2020,京都,4,5,4,2020-10-24,https://www.jra.go.jp/datafile/seiseki/report/2020/2020-4kyoto5.pdf,official_daily_result_pdf
202008040505,2020,京都,4,5,5,2020-10-24,https://www.jra.go.jp/datafile/seiseki/report/2020/2020-4kyoto5.pdf,official_daily_result_pdf
202008040506,2020,京都,4,5,6,2020-10-24,https://www.jra.go.jp/datafile/seiseki/report/2020/2020-4kyoto5.pdf,official_daily_result_pdf
202008040507,2020,京都,4,5,7,2020-10-24,https://www.jra.go.jp/datafile/seiseki/report/2020/2020-4kyoto5.pdf,official_daily_result_pdf
202008040508,2020,京都,4,5,8,2020-10-24,https://www.jra.go.jp/datafile/seiseki/report/2020/2020-4kyoto5.pdf,official_daily_result_pdf
202008040509,2020,京都,4,5,9,2020-10-24,https://www.jra.go.jp/datafile/seiseki/report/2020/2020-4kyoto5.pdf,official_daily_result_pdf
202008040510,2020,京都,4,5,10,2020-10-24,https://www.jra.go.jp/datafile/seiseki/report/2020/2020-4kyoto5.pdf,official_daily_result_pdf
202008040511,2020,京都,4,5,11,2020-10-24,https://www.jra.go.jp/datafile/seiseki/report/2020/2020-4kyoto5.pdf,official_daily_result_pdf
202008040512,2020,京都,4,5,12,2020-10-24,https://www.jra.go.jp/datafile/seiseki/report/2020/2020-4kyoto5.pdf,official_daily_result_pdf
202008040601,2020,京都,4,6,1,2020-10-25,https://www.jra.go.jp/datafile/seiseki/report/2020/2020-4kyoto6.pdf,official_daily_result_pdf
202008040602,2020,京都,4,6,2,2020-10-25,https://www.jra.go.jp/datafile/seiseki/report/2020/2020-4kyoto6.pdf,official_daily_result_pdf
202008040603,2020,京都,4,6,3,2020-10-25,https://www.jra.go.jp/datafile/seiseki/report/2020/2020-4kyoto6.pdf,official_daily_result_pdf
202008040604,2020,京都,4,6,4,2020-10-25,https://www.jra.go.jp/datafile/seiseki/report/2020/2020-4kyoto6.pdf,official_daily_result_pdf
202008040605,2020,京都,4,6,5,2020-10-25,https://www.jra.go.jp/datafile/seiseki/report/2020/2020-4kyoto6.pdf,official_daily_result_pdf
202008040606,2020,京都,4,6,6,2020-10-25,https://www.jra.go.jp/datafile/seiseki/report/2020/2020-4kyoto6.pdf,official_daily_result_pdf
202008040607,2020,京都,4,6,7,2020-10-25,https://www.jra.go.jp/datafile/seiseki/report/2020/2020-4kyoto6.pdf,official_daily_result_pdf
202008040608,2020,京都,4,6,8,2020-10-25,https://www.jra.go.jp/datafile/seiseki/report/2020/2020-4kyoto6.pdf,official_daily_result_pdf
202008040609,2020,京都,4,6,9,2020-10-25,https://www.jra.go.jp/datafile/seiseki/report/2020/2020-4kyoto6.pdf,official_daily_result_pdf
202008040610,2020,京都,4,6,10,2020-10-25,https://www.jra.go.jp/datafile/seiseki/report/2020/2020-4kyoto6.pdf,official_daily_result_pdf
202008040611,2020,京都,4,6,11,2020-10-25,https://www.jra.go.jp/datafile/seiseki/report/2020/2020-4kyoto6.pdf,official_daily_result_pdf
202008040612,2020,京都,4,6,12,2020-10-25,https://www.jra.go.jp/datafile/seiseki/report/2020/2020-4kyoto6.pdf,official_daily_result_pdf
202008040701,2020,京都,4,7,1,2020-10-31,https://www.jra.go.jp/datafile/seiseki/report/2020/2020-4kyoto7.pdf,official_daily_result_pdf
202008040702,2020,京都,4,7,2,2020-10-31,https://www.jra.go.jp/datafile/seiseki/report/2020/2020-4kyoto7.pdf,official_daily_result_pdf
202008040703,2020,京都,4,7,3,2020-10-31,https://www.jra.go.jp/datafile/seiseki/report/2020/2020-4kyoto7.pdf,official_daily_result_pdf
202008040704,2020,京都,4,7,4,2020-10-31,https://www.jra.go.jp/datafile/seiseki/report/2020/2020-4kyoto7.pdf,official_daily_result_pdf
202008040705,2020,京都,4,7,5,2020-10-31,https://www.jra.go.jp/datafile/seiseki/report/2020/2020-4kyoto7.pdf,official_daily_result_pdf
202008040706,2020,京都,4,7,6,2020-10-31,https://www.jra.go.jp/datafile/seiseki/report/2020/2020-4kyoto7.pdf,official_daily_result_pdf
202008040707,2020,京都,4,7,7,2020-10-31,https://www.jra.go.jp/datafile/seiseki/report/2020/2020-4kyoto7.pdf,official_daily_result_pdf
202008040708,2020,京都,4,7,8,2020-10-31,https://www.jra.go.jp/datafile/seiseki/report/2020/2020-4kyoto7.pdf,official_daily_result_pdf
202008040709,2020,京都,4,7,9,2020-10-31,https://www.jra.go.jp/datafile/seiseki/report/2020/2020-4kyoto7.pdf,official_daily_result_pdf
202008040710,2020,京都,4,7,10,2020-10-31,https://www.jra.go.jp/datafile/seiseki/report/2020/2020-4kyoto7.pdf,official_daily_result_pdf
202008040711,2020,京都,4,7,11,2020-10-31,https://www.jra.go.jp/datafile/seiseki/report/2020/2020-4kyoto7.pdf,official_daily_result_pdf
202008040712,2020,京都,4,7,12,2020-10-31,https://www.jra.go.jp/datafile/seiseki/report/2020/2020-4kyoto7.pdf,official_daily_result_pdf
202008040801,2020,京都,4,8,1,2020-11-01,https://www.jra.go.jp/datafile/seiseki/report/2020/2020-4kyoto8.pdf,official_daily_result_pdf
202008040802,2020,京都,4,8,2,2020-11-01,https://www.jra.go.jp/datafile/seiseki/report/2020/2020-4kyoto8.pdf,official_daily_result_pdf
202008040803,2020,京都,4,8,3,2020-11-01,https://www.jra.go.jp/datafile/seiseki/report/2020/2020-4kyoto8.pdf,official_daily_result_pdf
202008040804,2020,京都,4,8,4,2020-11-01,https://www.jra.go.jp/datafile/seiseki/report/2020/2020-4kyoto8.pdf,official_daily_result_pdf
202008040805,2020,京都,4,8,5,2020-11-01,https://www.jra.go.jp/datafile/seiseki/report/2020/2020-4kyoto8.pdf,official_daily_result_pdf
202008040806,2020,京都,4,8,6,2020-11-01,https://www.jra.go.jp/datafile/seiseki/report/2020/2020-4kyoto8.pdf,official_daily_result_pdf
202008040807,2020,京都,4,8,7,2020-11-01,https://www.jra.go.jp/datafile/seiseki/report/2020/2020-4kyoto8.pdf,official_daily_result_pdf
202008040808,2020,京都,4,8,8,2020-11-01,https://www.jra.go.jp/datafile/seiseki/report/2020/2020-4kyoto8.pdf,official_daily_result_pdf
202008040809,2020,京都,4,8,9,2020-11-01,https://www.jra.go.jp/datafile/seiseki/report/2020/2020-4kyoto8.pdf,official_daily_result_pdf
202008040810,2020,京都,4,8,10,2020-11-01,https://www.jra.go.jp/datafile/seiseki/report/2020/2020-4kyoto8.pdf,official_daily_result_pdf
202008040811,2020,京都,4,8,11,2020-11-01,https://www.jra.go.jp/datafile/seiseki/report/2020/2020-4kyoto8.pdf,official_daily_result_pdf
202008040812,2020,京都,4,8,12,2020-11-01,https://www.jra.go.jp/datafile/seiseki/report/2020/2020-4kyoto8.pdf,official_daily_result_pdf
202009010101,2020,阪神,1,1,1,2020-02-29,https://www.jra.go.jp/datafile/seiseki/report/2020/2020-1hanshin1.pdf,official_daily_result_pdf
202009010102,2020,阪神,1,1,2,2020-02-29,https://www.jra.go.jp/datafile/seiseki/report/2020/2020-1hanshin1.pdf,official_daily_result_pdf
202009010103,2020,阪神,1,1,3,2020-02-29,https://www.jra.go.jp/datafile/seiseki/report/2020/2020-1hanshin1.pdf,official_daily_result_pdf
202009010104,2020,阪神,1,1,4,2020-02-29,https://www.jra.go.jp/datafile/seiseki/report/2020/2020-1hanshin1.pdf,official_daily_result_pdf
202009010105,2020,阪神,1,1,5,2020-02-29,https://www.jra.go.jp/datafile/seiseki/report/2020/2020-1hanshin1.pdf,official_daily_result_pdf
202009010106,2020,阪神,1,1,6,2020-02-29,https://www.jra.go.jp/datafile/seiseki/report/2020/2020-1hanshin1.pdf,official_daily_result_pdf
202009010107,2020,阪神,1,1,7,2020-02-29,https://www.jra.go.jp/datafile/seiseki/report/2020/2020-1hanshin1.pdf,official_daily_result_pdf
202009010108,2020,阪神,1,1,8,2020-02-29,https://www.jra.go.jp/datafile/seiseki/report/2020/2020-1hanshin1.pdf,official_daily_result_pdf
202009010109,2020,阪神,1,1,9,2020-02-29,https://www.jra.go.jp/datafile/seiseki/report/2020/2020-1hanshin1.pdf,official_daily_result_pdf
202009010110,2020,阪神,1,1,10,2020-02-29,https://www.jra.go.jp/datafile/seiseki/report/2020/2020-1hanshin1.pdf,official_daily_result_pdf
202009010111,2020,阪神,1,1,11,2020-02-29,https://www.jra.go.jp/datafile/seiseki/report/2020/2020-1hanshin1.pdf,official_daily_result_pdf
202009010112,2020,阪神,1,1,12,2020-02-29,https://www.jra.go.jp/datafile/seiseki/report/2020/2020-1hanshin1.pdf,official_daily_result_pdf
202009010201,2020,阪神,1,2,1,2020-03-01,https://www.jra.go.jp/datafile/seiseki/report/2020/2020-1hanshin2.pdf,official_daily_result_pdf
202009010202,2020,阪神,1,2,2,2020-03-01,https://www.jra.go.jp/datafile/seiseki/report/2020/2020-1hanshin2.pdf,official_daily_result_pdf
202009010203,2020,阪神,1,2,3,2020-03-01,https://www.jra.go.jp/datafile/seiseki/report/2020/2020-1hanshin2.pdf,official_daily_result_pdf
202009010204,2020,阪神,1,2,4,2020-03-01,https://www.jra.go.jp/datafile/seiseki/report/2020/2020-1hanshin2.pdf,official_daily_result_pdf
202009010205,2020,阪神,1,2,5,2020-03-01,https://www.jra.go.jp/datafile/seiseki/report/2020/2020-1hanshin2.pdf,official_daily_result_pdf
202009010206,2020,阪神,1,2,6,2020-03-01,https://www.jra.go.jp/datafile/seiseki/report/2020/2020-1hanshin2.pdf,official_daily_result_pdf
202009010207,2020,阪神,1,2,7,2020-03-01,https://www.jra.go.jp/datafile/seiseki/report/2020/2020-1hanshin2.pdf,official_daily_result_pdf
202009010208,2020,阪神,1,2,8,2020-03-01,https://www.jra.go.jp/datafile/seiseki/report/2020/2020-1hanshin2.pdf,official_daily_result_pdf
202009010209,2020,阪神,1,2,9,2020-03-01,https://www.jra.go.jp/datafile/seiseki/report/2020/2020-1hanshin2.pdf,official_daily_result_pdf
202009010210,2020,阪神,1,2,10,2020-03-01,https://www.jra.go.jp/datafile/seiseki/report/2020/2020-1hanshin2.pdf,official_daily_result_pdf
202009010211,2020,阪神,1,2,11,2020-03-01,https://www.jra.go.jp/datafile/seiseki/report/2020/2020-1hanshin2.pdf,official_daily_result_pdf
202009010212,2020,阪神,1,2,12,2020-03-01,https://www.jra.go.jp/datafile/seiseki/report/2020/2020-1hanshin2.pdf,official_daily_result_pdf
202009010301,2020,阪神,1,3,1,2020-03-07,https://www.jra.go.jp/datafile/seiseki/report/2020/2020-1hanshin3.pdf,official_daily_result_pdf
202009010302,2020,阪神,1,3,2,2020-03-07,https://www.jra.go.jp/datafile/seiseki/report/2020/2020-1hanshin3.pdf,official_daily_result_pdf
202009010303,2020,阪神,1,3,3,2020-03-07,https://www.jra.go.jp/datafile/seiseki/report/2020/2020-1hanshin3.pdf,official_daily_result_pdf
202009010304,2020,阪神,1,3,4,2020-03-07,https://www.jra.go.jp/datafile/seiseki/report/2020/2020-1hanshin3.pdf,official_daily_result_pdf
202009010305,2020,阪神,1,3,5,2020-03-07,https://www.jra.go.jp/datafile/seiseki/report/2020/2020-1hanshin3.pdf,official_daily_result_pdf
202009010306,2020,阪神,1,3,6,2020-03-07,https://www.jra.go.jp/datafile/seiseki/report/2020/2020-1hanshin3.pdf,official_daily_result_pdf
202009010307,2020,阪神,1,3,7,2020-03-07,https://www.jra.go.jp/datafile/seiseki/report/2020/2020-1hanshin3.pdf,official_daily_result_pdf
202009010308,2020,阪神,1,3,8,2020-03-07,https://www.jra.go.jp/datafile/seiseki/report/2020/2020-1hanshin3.pdf,official_daily_result_pdf
202009010309,2020,阪神,1,3,9,2020-03-07,https://www.jra.go.jp/datafile/seiseki/report/2020/2020-1hanshin3.pdf,official_daily_result_pdf
202009010310,2020,阪神,1,3,10,2020-03-07,https://www.jra.go.jp/datafile/seiseki/report/2020/2020-1hanshin3.pdf,official_daily_result_pdf
202009010311,2020,阪神,1,3,11,2020-03-07,https://www.jra.go.jp/datafile/seiseki/report/2020/2020-1hanshin3.pdf,official_daily_result_pdf
202009010312,2020,阪神,1,3,12,2020-03-07,https://www.jra.go.jp/datafile/seiseki/report/2020/2020-1hanshin3.pdf,official_daily_result_pdf
202009010401,2020,阪神,1,4,1,2020-03-08,https://www.jra.go.jp/datafile/seiseki/report/2020/2020-1hanshin4.pdf,official_daily_result_pdf
202009010402,2020,阪神,1,4,2,2020-03-08,https://www.jra.go.jp/datafile/seiseki/report/2020/2020-1hanshin4.pdf,official_daily_result_pdf
202009010403,2020,阪神,1,4,3,2020-03-08,https://www.jra.go.jp/datafile/seiseki/report/2020/2020-1hanshin4.pdf,official_daily_result_pdf
202009010404,2020,阪神,1,4,4,2020-03-08,https://www.jra.go.jp/datafile/seiseki/report/2020/2020-1hanshin4.pdf,official_daily_result_pdf
202009010405,2020,阪神,1,4,5,2020-03-08,https://www.jra.go.jp/datafile/seiseki/report/2020/2020-1hanshin4.pdf,official_daily_result_pdf
202009010406,2020,阪神,1,4,6,2020-03-08,https://www.jra.go.jp/datafile/seiseki/report/2020/2020-1hanshin4.pdf,official_daily_result_pdf
202009010407,2020,阪神,1,4,7,2020-03-08,https://www.jra.go.jp/datafile/seiseki/report/2020/2020-1hanshin4.pdf,official_daily_result_pdf
202009010408,2020,阪神,1,4,8,2020-03-08,https://www.jra.go.jp/datafile/seiseki/report/2020/2020-1hanshin4.pdf,official_daily_result_pdf
202009010409,2020,阪神,1,4,9,2020-03-08,https://www.jra.go.jp/datafile/seiseki/report/2020/2020-1hanshin4.pdf,official_daily_result_pdf
202009010410,2020,阪神,1,4,10,2020-03-08,https://www.jra.go.jp/datafile/seiseki/report/2020/2020-1hanshin4.pdf,official_daily_result_pdf
202009010411,2020,阪神,1,4,11,2020-03-08,https://www.jra.go.jp/datafile/seiseki/report/2020/2020-1hanshin4.pdf,official_daily_result_pdf
202009010412,2020,阪神,1,4,12,2020-03-08,https://www.jra.go.jp/datafile/seiseki/report/2020/2020-1hanshin4.pdf,official_daily_result_pdf
202009010501,2020,阪神,1,5,1,2020-03-14,https://www.jra.go.jp/datafile/seiseki/report/2020/2020-1hanshin5.pdf,official_daily_result_pdf
202009010502,2020,阪神,1,5,2,2020-03-14,https://www.jra.go.jp/datafile/seiseki/report/2020/2020-1hanshin5.pdf,official_daily_result_pdf
202009010503,2020,阪神,1,5,3,2020-03-14,https://www.jra.go.jp/datafile/seiseki/report/2020/2020-1hanshin5.pdf,official_daily_result_pdf
202009010504,2020,阪神,1,5,4,2020-03-14,https://www.jra.go.jp/datafile/seiseki/report/2020/2020-1hanshin5.pdf,official_daily_result_pdf
202009010505,2020,阪神,1,5,5,2020-03-14,https://www.jra.go.jp/datafile/seiseki/report/2020/2020-1hanshin5.pdf,official_daily_result_pdf
202009010506,2020,阪神,1,5,6,2020-03-14,https://www.jra.go.jp/datafile/seiseki/report/2020/2020-1hanshin5.pdf,official_daily_result_pdf
202009010507,2020,阪神,1,5,7,2020-03-14,https://www.jra.go.jp/datafile/seiseki/report/2020/2020-1hanshin5.pdf,official_daily_result_pdf
202009010508,2020,阪神,1,5,8,2020-03-14,https://www.jra.go.jp/datafile/seiseki/report/2020/2020-1hanshin5.pdf,official_daily_result_pdf
202009010509,2020,阪神,1,5,9,2020-03-14,https://www.jra.go.jp/datafile/seiseki/report/2020/2020-1hanshin5.pdf,official_daily_result_pdf
202009010510,2020,阪神,1,5,10,2020-03-14,https://www.jra.go.jp/datafile/seiseki/report/2020/2020-1hanshin5.pdf,official_daily_result_pdf
202009010511,2020,阪神,1,5,11,2020-03-14,https://www.jra.go.jp/datafile/seiseki/report/2020/2020-1hanshin5.pdf,official_daily_result_pdf
202009010512,2020,阪神,1,5,12,2020-03-14,https://www.jra.go.jp/datafile/seiseki/report/2020/2020-1hanshin5.pdf,official_daily_result_pdf
202009010601,2020,阪神,1,6,1,2020-03-15,https://www.jra.go.jp/datafile/seiseki/report/2020/2020-1hanshin6.pdf,official_daily_result_pdf
202009010602,2020,阪神,1,6,2,2020-03-15,https://www.jra.go.jp/datafile/seiseki/report/2020/2020-1hanshin6.pdf,official_daily_result_pdf
202009010603,2020,阪神,1,6,3,2020-03-15,https://www.jra.go.jp/datafile/seiseki/report/2020/2020-1hanshin6.pdf,official_daily_result_pdf
202009010604,2020,阪神,1,6,4,2020-03-15,https://www.jra.go.jp/datafile/seiseki/report/2020/2020-1hanshin6.pdf,official_daily_result_pdf
202009010605,2020,阪神,1,6,5,2020-03-15,https://www.jra.go.jp/datafile/seiseki/report/2020/2020-1hanshin6.pdf,official_daily_result_pdf
202009010606,2020,阪神,1,6,6,2020-03-15,https://www.jra.go.jp/datafile/seiseki/report/2020/2020-1hanshin6.pdf,official_daily_result_pdf
202009010607,2020,阪神,1,6,7,2020-03-15,https://www.jra.go.jp/datafile/seiseki/report/2020/2020-1hanshin6.pdf,official_daily_result_pdf
202009010608,2020,阪神,1,6,8,2020-03-15,https://www.jra.go.jp/datafile/seiseki/report/2020/2020-1hanshin6.pdf,official_daily_result_pdf
202009010609,2020,阪神,1,6,9,2020-03-15,https://www.jra.go.jp/datafile/seiseki/report/2020/2020-1hanshin6.pdf,official_daily_result_pdf
202009010610,2020,阪神,1,6,10,2020-03-15,https://www.jra.go.jp/datafile/seiseki/report/2020/2020-1hanshin6.pdf,official_daily_result_pdf
202009010611,2020,阪神,1,6,11,2020-03-15,https://www.jra.go.jp/datafile/seiseki/report/2020/2020-1hanshin6.pdf,official_daily_result_pdf
202009010612,2020,阪神,1,6,12,2020-03-15,https://www.jra.go.jp/datafile/seiseki/report/2020/2020-1hanshin6.pdf,official_daily_result_pdf
202009010701,2020,阪神,1,7,1,2020-03-20,https://www.jra.go.jp/datafile/seiseki/report/2020/2020-1hanshin7.pdf,official_daily_result_pdf
202009010702,2020,阪神,1,7,2,2020-03-20,https://www.jra.go.jp/datafile/seiseki/report/2020/2020-1hanshin7.pdf,official_daily_result_pdf
202009010703,2020,阪神,1,7,3,2020-03-20,https://www.jra.go.jp/datafile/seiseki/report/2020/2020-1hanshin7.pdf,official_daily_result_pdf
202009010704,2020,阪神,1,7,4,2020-03-20,https://www.jra.go.jp/datafile/seiseki/report/2020/2020-1hanshin7.pdf,official_daily_result_pdf
202009010705,2020,阪神,1,7,5,2020-03-20,https://www.jra.go.jp/datafile/seiseki/report/2020/2020-1hanshin7.pdf,official_daily_result_pdf
202009010706,2020,阪神,1,7,6,2020-03-20,https://www.jra.go.jp/datafile/seiseki/report/2020/2020-1hanshin7.pdf,official_daily_result_pdf
202009010707,2020,阪神,1,7,7,2020-03-20,https://www.jra.go.jp/datafile/seiseki/report/2020/2020-1hanshin7.pdf,official_daily_result_pdf
202009010708,2020,阪神,1,7,8,2020-03-20,https://www.jra.go.jp/datafile/seiseki/report/2020/2020-1hanshin7.pdf,official_daily_result_pdf
202009010709,2020,阪神,1,7,9,2020-03-20,https://www.jra.go.jp/datafile/seiseki/report/2020/2020-1hanshin7.pdf,official_daily_result_pdf
202009010710,2020,阪神,1,7,10,2020-03-20,https://www.jra.go.jp/datafile/seiseki/report/2020/2020-1hanshin7.pdf,official_daily_result_pdf
202009010711,2020,阪神,1,7,11,2020-03-20,https://www.jra.go.jp/datafile/seiseki/report/2020/2020-1hanshin7.pdf,official_daily_result_pdf
202009010712,2020,阪神,1,7,12,2020-03-20,https://www.jra.go.jp/datafile/seiseki/report/2020/2020-1hanshin7.pdf,official_daily_result_pdf
202009010801,2020,阪神,1,8,1,2020-03-21,https://www.jra.go.jp/datafile/seiseki/report/2020/2020-1hanshin8.pdf,official_daily_result_pdf
202009010802,2020,阪神,1,8,2,2020-03-21,https://www.jra.go.jp/datafile/seiseki/report/2020/2020-1hanshin8.pdf,official_daily_result_pdf
202009010803,2020,阪神,1,8,3,2020-03-21,https://www.jra.go.jp/datafile/seiseki/report/2020/2020-1hanshin8.pdf,official_daily_result_pdf
202009010804,2020,阪神,1,8,4,2020-03-21,https://www.jra.go.jp/datafile/seiseki/report/2020/2020-1hanshin8.pdf,official_daily_result_pdf
202009010805,2020,阪神,1,8,5,2020-03-21,https://www.jra.go.jp/datafile/seiseki/report/2020/2020-1hanshin8.pdf,official_daily_result_pdf
202009010806,2020,阪神,1,8,6,2020-03-21,https://www.jra.go.jp/datafile/seiseki/report/2020/2020-1hanshin8.pdf,official_daily_result_pdf
202009010807,2020,阪神,1,8,7,2020-03-21,https://www.jra.go.jp/datafile/seiseki/report/2020/2020-1hanshin8.pdf,official_daily_result_pdf
202009010808,2020,阪神,1,8,8,2020-03-21,https://www.jra.go.jp/datafile/seiseki/report/2020/2020-1hanshin8.pdf,official_daily_result_pdf
202009010809,2020,阪神,1,8,9,2020-03-21,https://www.jra.go.jp/datafile/seiseki/report/2020/2020-1hanshin8.pdf,official_daily_result_pdf
202009010810,2020,阪神,1,8,10,2020-03-21,https://www.jra.go.jp/datafile/seiseki/report/2020/2020-1hanshin8.pdf,official_daily_result_pdf
202009010811,2020,阪神,1,8,11,2020-03-21,https://www.jra.go.jp/datafile/seiseki/report/2020/2020-1hanshin8.pdf,official_daily_result_pdf
202009010812,2020,阪神,1,8,12,2020-03-21,https://www.jra.go.jp/datafile/seiseki/report/2020/2020-1hanshin8.pdf,official_daily_result_pdf
202009010901,2020,阪神,1,9,1,2020-03-22,https://www.jra.go.jp/datafile/seiseki/report/2020/2020-1hanshin9.pdf,official_daily_result_pdf
202009010902,2020,阪神,1,9,2,2020-03-22,https://www.jra.go.jp/datafile/seiseki/report/2020/2020-1hanshin9.pdf,official_daily_result_pdf
202009010903,2020,阪神,1,9,3,2020-03-22,https://www.jra.go.jp/datafile/seiseki/report/2020/2020-1hanshin9.pdf,official_daily_result_pdf
202009010904,2020,阪神,1,9,4,2020-03-22,https://www.jra.go.jp/datafile/seiseki/report/2020/2020-1hanshin9.pdf,official_daily_result_pdf
202009010905,2020,阪神,1,9,5,2020-03-22,https://www.jra.go.jp/datafile/seiseki/report/2020/2020-1hanshin9.pdf,official_daily_result_pdf
202009010906,2020,阪神,1,9,6,2020-03-22,https://www.jra.go.jp/datafile/seiseki/report/2020/2020-1hanshin9.pdf,official_daily_result_pdf
202009010907,2020,阪神,1,9,7,2020-03-22,https://www.jra.go.jp/datafile/seiseki/report/2020/2020-1hanshin9.pdf,official_daily_result_pdf
202009010908,2020,阪神,1,9,8,2020-03-22,https://www.jra.go.jp/datafile/seiseki/report/2020/2020-1hanshin9.pdf,official_daily_result_pdf
202009010909,2020,阪神,1,9,9,2020-03-22,https://www.jra.go.jp/datafile/seiseki/report/2020/2020-1hanshin9.pdf,official_daily_result_pdf
202009010910,2020,阪神,1,9,10,2020-03-22,https://www.jra.go.jp/datafile/seiseki/report/2020/2020-1hanshin9.pdf,official_daily_result_pdf
202009010911,2020,阪神,1,9,11,2020-03-22,https://www.jra.go.jp/datafile/seiseki/report/2020/2020-1hanshin9.pdf,official_daily_result_pdf
202009010912,2020,阪神,1,9,12,2020-03-22,https://www.jra.go.jp/datafile/seiseki/report/2020/2020-1hanshin9.pdf,official_daily_result_pdf
202009020101,2020,阪神,2,1,1,2020-03-28,https://www.jra.go.jp/datafile/seiseki/report/2020/2020-2hanshin1.pdf,official_daily_result_pdf
202009020102,2020,阪神,2,1,2,2020-03-28,https://www.jra.go.jp/datafile/seiseki/report/2020/2020-2hanshin1.pdf,official_daily_result_pdf
202009020103,2020,阪神,2,1,3,2020-03-28,https://www.jra.go.jp/datafile/seiseki/report/2020/2020-2hanshin1.pdf,official_daily_result_pdf
202009020104,2020,阪神,2,1,4,2020-03-28,https://www.jra.go.jp/datafile/seiseki/report/2020/2020-2hanshin1.pdf,official_daily_result_pdf
202009020105,2020,阪神,2,1,5,2020-03-28,https://www.jra.go.jp/datafile/seiseki/report/2020/2020-2hanshin1.pdf,official_daily_result_pdf
202009020106,2020,阪神,2,1,6,2020-03-28,https://www.jra.go.jp/datafile/seiseki/report/2020/2020-2hanshin1.pdf,official_daily_result_pdf
202009020107,2020,阪神,2,1,7,2020-03-28,https://www.jra.go.jp/datafile/seiseki/report/2020/2020-2hanshin1.pdf,official_daily_result_pdf
202009020108,2020,阪神,2,1,8,2020-03-28,https://www.jra.go.jp/datafile/seiseki/report/2020/2020-2hanshin1.pdf,official_daily_result_pdf
202009020109,2020,阪神,2,1,9,2020-03-28,https://www.jra.go.jp/datafile/seiseki/report/2020/2020-2hanshin1.pdf,official_daily_result_pdf
202009020110,2020,阪神,2,1,10,2020-03-28,https://www.jra.go.jp/datafile/seiseki/report/2020/2020-2hanshin1.pdf,official_daily_result_pdf
202009020111,2020,阪神,2,1,11,2020-03-28,https://www.jra.go.jp/datafile/seiseki/report/2020/2020-2hanshin1.pdf,official_daily_result_pdf
202009020112,2020,阪神,2,1,12,2020-03-28,https://www.jra.go.jp/datafile/seiseki/report/2020/2020-2hanshin1.pdf,official_daily_result_pdf
202009020201,2020,阪神,2,2,1,2020-03-29,https://www.jra.go.jp/datafile/seiseki/report/2020/2020-2hanshin2.pdf,official_daily_result_pdf
202009020202,2020,阪神,2,2,2,2020-03-29,https://www.jra.go.jp/datafile/seiseki/report/2020/2020-2hanshin2.pdf,official_daily_result_pdf
202009020203,2020,阪神,2,2,3,2020-03-29,https://www.jra.go.jp/datafile/seiseki/report/2020/2020-2hanshin2.pdf,official_daily_result_pdf
202009020204,2020,阪神,2,2,4,2020-03-29,https://www.jra.go.jp/datafile/seiseki/report/2020/2020-2hanshin2.pdf,official_daily_result_pdf
202009020205,2020,阪神,2,2,5,2020-03-29,https://www.jra.go.jp/datafile/seiseki/report/2020/2020-2hanshin2.pdf,official_daily_result_pdf
202009020206,2020,阪神,2,2,6,2020-03-29,https://www.jra.go.jp/datafile/seiseki/report/2020/2020-2hanshin2.pdf,official_daily_result_pdf
202009020207,2020,阪神,2,2,7,2020-03-29,https://www.jra.go.jp/datafile/seiseki/report/2020/2020-2hanshin2.pdf,official_daily_result_pdf
202009020208,2020,阪神,2,2,8,2020-03-29,https://www.jra.go.jp/datafile/seiseki/report/2020/2020-2hanshin2.pdf,official_daily_result_pdf
202009020209,2020,阪神,2,2,9,2020-03-29,https://www.jra.go.jp/datafile/seiseki/report/2020/2020-2hanshin2.pdf,official_daily_result_pdf
202009020210,2020,阪神,2,2,10,2020-03-29,https://www.jra.go.jp/datafile/seiseki/report/2020/2020-2hanshin2.pdf,official_daily_result_pdf
202009020211,2020,阪神,2,2,11,2020-03-29,https://www.jra.go.jp/datafile/seiseki/report/2020/2020-2hanshin2.pdf,official_daily_result_pdf
202009020212,2020,阪神,2,2,12,2020-03-29,https://www.jra.go.jp/datafile/seiseki/report/2020/2020-2hanshin2.pdf,official_daily_result_pdf
202009020301,2020,阪神,2,3,1,2020-04-04,https://www.jra.go.jp/datafile/seiseki/report/2020/2020-2hanshin3.pdf,official_daily_result_pdf
202009020302,2020,阪神,2,3,2,2020-04-04,https://www.jra.go.jp/datafile/seiseki/report/2020/2020-2hanshin3.pdf,official_daily_result_pdf
202009020303,2020,阪神,2,3,3,2020-04-04,https://www.jra.go.jp/datafile/seiseki/report/2020/2020-2hanshin3.pdf,official_daily_result_pdf
202009020304,2020,阪神,2,3,4,2020-04-04,https://www.jra.go.jp/datafile/seiseki/report/2020/2020-2hanshin3.pdf,official_daily_result_pdf
202009020305,2020,阪神,2,3,5,2020-04-04,https://www.jra.go.jp/datafile/seiseki/report/2020/2020-2hanshin3.pdf,official_daily_result_pdf
202009020306,2020,阪神,2,3,6,2020-04-04,https://www.jra.go.jp/datafile/seiseki/report/2020/2020-2hanshin3.pdf,official_daily_result_pdf
202009020307,2020,阪神,2,3,7,2020-04-04,https://www.jra.go.jp/datafile/seiseki/report/2020/2020-2hanshin3.pdf,official_daily_result_pdf
202009020308,2020,阪神,2,3,8,2020-04-04,https://www.jra.go.jp/datafile/seiseki/report/2020/2020-2hanshin3.pdf,official_daily_result_pdf
202009020309,2020,阪神,2,3,9,2020-04-04,https://www.jra.go.jp/datafile/seiseki/report/2020/2020-2hanshin3.pdf,official_daily_result_pdf
202009020310,2020,阪神,2,3,10,2020-04-04,https://www.jra.go.jp/datafile/seiseki/report/2020/2020-2hanshin3.pdf,official_daily_result_pdf
202009020311,2020,阪神,2,3,11,2020-04-04,https://www.jra.go.jp/datafile/seiseki/report/2020/2020-2hanshin3.pdf,official_daily_result_pdf
202009020312,2020,阪神,2,3,12,2020-04-04,https://www.jra.go.jp/datafile/seiseki/report/2020/2020-2hanshin3.pdf,official_daily_result_pdf
202009020401,2020,阪神,2,4,1,2020-04-05,https://www.jra.go.jp/datafile/seiseki/report/2020/2020-2hanshin4.pdf,official_daily_result_pdf
202009020402,2020,阪神,2,4,2,2020-04-05,https://www.jra.go.jp/datafile/seiseki/report/2020/2020-2hanshin4.pdf,official_daily_result_pdf
202009020403,2020,阪神,2,4,3,2020-04-05,https://www.jra.go.jp/datafile/seiseki/report/2020/2020-2hanshin4.pdf,official_daily_result_pdf
202009020404,2020,阪神,2,4,4,2020-04-05,https://www.jra.go.jp/datafile/seiseki/report/2020/2020-2hanshin4.pdf,official_daily_result_pdf
202009020405,2020,阪神,2,4,5,2020-04-05,https://www.jra.go.jp/datafile/seiseki/report/2020/2020-2hanshin4.pdf,official_daily_result_pdf
202009020406,2020,阪神,2,4,6,2020-04-05,https://www.jra.go.jp/datafile/seiseki/report/2020/2020-2hanshin4.pdf,official_daily_result_pdf
202009020407,2020,阪神,2,4,7,2020-04-05,https://www.jra.go.jp/datafile/seiseki/report/2020/2020-2hanshin4.pdf,official_daily_result_pdf
202009020408,2020,阪神,2,4,8,2020-04-05,https://www.jra.go.jp/datafile/seiseki/report/2020/2020-2hanshin4.pdf,official_daily_result_pdf
202009020409,2020,阪神,2,4,9,2020-04-05,https://www.jra.go.jp/datafile/seiseki/report/2020/2020-2hanshin4.pdf,official_daily_result_pdf
202009020410,2020,阪神,2,4,10,2020-04-05,https://www.jra.go.jp/datafile/seiseki/report/2020/2020-2hanshin4.pdf,official_daily_result_pdf
202009020411,2020,阪神,2,4,11,2020-04-05,https://www.jra.go.jp/datafile/seiseki/report/2020/2020-2hanshin4.pdf,official_daily_result_pdf
202009020412,2020,阪神,2,4,12,2020-04-05,https://www.jra.go.jp/datafile/seiseki/report/2020/2020-2hanshin4.pdf,official_daily_result_pdf
202009020501,2020,阪神,2,5,1,2020-04-11,https://www.jra.go.jp/datafile/seiseki/report/2020/2020-2hanshin5.pdf,official_daily_result_pdf
202009020502,2020,阪神,2,5,2,2020-04-11,https://www.jra.go.jp/datafile/seiseki/report/2020/2020-2hanshin5.pdf,official_daily_result_pdf
202009020503,2020,阪神,2,5,3,2020-04-11,https://www.jra.go.jp/datafile/seiseki/report/2020/2020-2hanshin5.pdf,official_daily_result_pdf
202009020504,2020,阪神,2,5,4,2020-04-11,https://www.jra.go.jp/datafile/seiseki/report/2020/2020-2hanshin5.pdf,official_daily_result_pdf
202009020505,2020,阪神,2,5,5,2020-04-11,https://www.jra.go.jp/datafile/seiseki/report/2020/2020-2hanshin5.pdf,official_daily_result_pdf
202009020506,2020,阪神,2,5,6,2020-04-11,https://www.jra.go.jp/datafile/seiseki/report/2020/2020-2hanshin5.pdf,official_daily_result_pdf
202009020507,2020,阪神,2,5,7,2020-04-11,https://www.jra.go.jp/datafile/seiseki/report/2020/2020-2hanshin5.pdf,official_daily_result_pdf
202009020508,2020,阪神,2,5,8,2020-04-11,https://www.jra.go.jp/datafile/seiseki/report/2020/2020-2hanshin5.pdf,official_daily_result_pdf
202009020509,2020,阪神,2,5,9,2020-04-11,https://www.jra.go.jp/datafile/seiseki/report/2020/2020-2hanshin5.pdf,official_daily_result_pdf
202009020510,2020,阪神,2,5,10,2020-04-11,https://www.jra.go.jp/datafile/seiseki/report/2020/2020-2hanshin5.pdf,official_daily_result_pdf
202009020511,2020,阪神,2,5,11,2020-04-11,https://www.jra.go.jp/datafile/seiseki/report/2020/2020-2hanshin5.pdf,official_daily_result_pdf
202009020512,2020,阪神,2,5,12,2020-04-11,https://www.jra.go.jp/datafile/seiseki/report/2020/2020-2hanshin5.pdf,official_daily_result_pdf
202009020601,2020,阪神,2,6,1,2020-04-12,https://www.jra.go.jp/datafile/seiseki/report/2020/2020-2hanshin6.pdf,official_daily_result_pdf
202009020602,2020,阪神,2,6,2,2020-04-12,https://www.jra.go.jp/datafile/seiseki/report/2020/2020-2hanshin6.pdf,official_daily_result_pdf
202009020603,2020,阪神,2,6,3,2020-04-12,https://www.jra.go.jp/datafile/seiseki/report/2020/2020-2hanshin6.pdf,official_daily_result_pdf
202009020604,2020,阪神,2,6,4,2020-04-12,https://www.jra.go.jp/datafile/seiseki/report/2020/2020-2hanshin6.pdf,official_daily_result_pdf
202009020605,2020,阪神,2,6,5,2020-04-12,https://www.jra.go.jp/datafile/seiseki/report/2020/2020-2hanshin6.pdf,official_daily_result_pdf
202009020606,2020,阪神,2,6,6,2020-04-12,https://www.jra.go.jp/datafile/seiseki/report/2020/2020-2hanshin6.pdf,official_daily_result_pdf
202009020607,2020,阪神,2,6,7,2020-04-12,https://www.jra.go.jp/datafile/seiseki/report/2020/2020-2hanshin6.pdf,official_daily_result_pdf
202009020608,2020,阪神,2,6,8,2020-04-12,https://www.jra.go.jp/datafile/seiseki/report/2020/2020-2hanshin6.pdf,official_daily_result_pdf
202009020609,2020,阪神,2,6,9,2020-04-12,https://www.jra.go.jp/datafile/seiseki/report/2020/2020-2hanshin6.pdf,official_daily_result_pdf
202009020610,2020,阪神,2,6,10,2020-04-12,https://www.jra.go.jp/datafile/seiseki/report/2020/2020-2hanshin6.pdf,official_daily_result_pdf
202009020611,2020,阪神,2,6,11,2020-04-12,https://www.jra.go.jp/datafile/seiseki/report/2020/2020-2hanshin6.pdf,official_daily_result_pdf
202009020612,2020,阪神,2,6,12,2020-04-12,https://www.jra.go.jp/datafile/seiseki/report/2020/2020-2hanshin6.pdf,official_daily_result_pdf
202009020701,2020,阪神,2,7,1,2020-04-18,https://www.jra.go.jp/datafile/seiseki/report/2020/2020-2hanshin7.pdf,official_daily_result_pdf
202009020702,2020,阪神,2,7,2,2020-04-18,https://www.jra.go.jp/datafile/seiseki/report/2020/2020-2hanshin7.pdf,official_daily_result_pdf
202009020703,2020,阪神,2,7,3,2020-04-18,https://www.jra.go.jp/datafile/seiseki/report/2020/2020-2hanshin7.pdf,official_daily_result_pdf
202009020704,2020,阪神,2,7,4,2020-04-18,https://www.jra.go.jp/datafile/seiseki/report/2020/2020-2hanshin7.pdf,official_daily_result_pdf
202009020705,2020,阪神,2,7,5,2020-04-18,https://www.jra.go.jp/datafile/seiseki/report/2020/2020-2hanshin7.pdf,official_daily_result_pdf
202009020706,2020,阪神,2,7,6,2020-04-18,https://www.jra.go.jp/datafile/seiseki/report/2020/2020-2hanshin7.pdf,official_daily_result_pdf
202009020707,2020,阪神,2,7,7,2020-04-18,https://www.jra.go.jp/datafile/seiseki/report/2020/2020-2hanshin7.pdf,official_daily_result_pdf
202009020708,2020,阪神,2,7,8,2020-04-18,https://www.jra.go.jp/datafile/seiseki/report/2020/2020-2hanshin7.pdf,official_daily_result_pdf
202009020709,2020,阪神,2,7,9,2020-04-18,https://www.jra.go.jp/datafile/seiseki/report/2020/2020-2hanshin7.pdf,official_daily_result_pdf
202009020710,2020,阪神,2,7,10,2020-04-18,https://www.jra.go.jp/datafile/seiseki/report/2020/2020-2hanshin7.pdf,official_daily_result_pdf
202009020711,2020,阪神,2,7,11,2020-04-18,https://www.jra.go.jp/datafile/seiseki/report/2020/2020-2hanshin7.pdf,official_daily_result_pdf
202009020712,2020,阪神,2,7,12,2020-04-18,https://www.jra.go.jp/datafile/seiseki/report/2020/2020-2hanshin7.pdf,official_daily_result_pdf
202009020801,2020,阪神,2,8,1,2020-04-19,https://www.jra.go.jp/datafile/seiseki/report/2020/2020-2hanshin8.pdf,official_daily_result_pdf
202009020802,2020,阪神,2,8,2,2020-04-19,https://www.jra.go.jp/datafile/seiseki/report/2020/2020-2hanshin8.pdf,official_daily_result_pdf
202009020803,2020,阪神,2,8,3,2020-04-19,https://www.jra.go.jp/datafile/seiseki/report/2020/2020-2hanshin8.pdf,official_daily_result_pdf
202009020804,2020,阪神,2,8,4,2020-04-19,https://www.jra.go.jp/datafile/seiseki/report/2020/2020-2hanshin8.pdf,official_daily_result_pdf
202009020805,2020,阪神,2,8,5,2020-04-19,https://www.jra.go.jp/datafile/seiseki/report/2020/2020-2hanshin8.pdf,official_daily_result_pdf
202009020806,2020,阪神,2,8,6,2020-04-19,https://www.jra.go.jp/datafile/seiseki/report/2020/2020-2hanshin8.pdf,official_daily_result_pdf
202009020807,2020,阪神,2,8,7,2020-04-19,https://www.jra.go.jp/datafile/seiseki/report/2020/2020-2hanshin8.pdf,official_daily_result_pdf
202009020808,2020,阪神,2,8,8,2020-04-19,https://www.jra.go.jp/datafile/seiseki/report/2020/2020-2hanshin8.pdf,official_daily_result_pdf
202009020809,2020,阪神,2,8,9,2020-04-19,https://www.jra.go.jp/datafile/seiseki/report/2020/2020-2hanshin8.pdf,official_daily_result_pdf
202009020810,2020,阪神,2,8,10,2020-04-19,https://www.jra.go.jp/datafile/seiseki/report/2020/2020-2hanshin8.pdf,official_daily_result_pdf
202009020811,2020,阪神,2,8,11,2020-04-19,https://www.jra.go.jp/datafile/seiseki/report/2020/2020-2hanshin8.pdf,official_daily_result_pdf
202009020812,2020,阪神,2,8,12,2020-04-19,https://www.jra.go.jp/datafile/seiseki/report/2020/2020-2hanshin8.pdf,official_daily_result_pdf
202009030101,2020,阪神,3,1,1,2020-06-06,https://www.jra.go.jp/datafile/seiseki/report/2020/2020-3hanshin1.pdf,official_daily_result_pdf
202009030102,2020,阪神,3,1,2,2020-06-06,https://www.jra.go.jp/datafile/seiseki/report/2020/2020-3hanshin1.pdf,official_daily_result_pdf
202009030103,2020,阪神,3,1,3,2020-06-06,https://www.jra.go.jp/datafile/seiseki/report/2020/2020-3hanshin1.pdf,official_daily_result_pdf
202009030104,2020,阪神,3,1,4,2020-06-06,https://www.jra.go.jp/datafile/seiseki/report/2020/2020-3hanshin1.pdf,official_daily_result_pdf
202009030105,2020,阪神,3,1,5,2020-06-06,https://www.jra.go.jp/datafile/seiseki/report/2020/2020-3hanshin1.pdf,official_daily_result_pdf
202009030106,2020,阪神,3,1,6,2020-06-06,https://www.jra.go.jp/datafile/seiseki/report/2020/2020-3hanshin1.pdf,official_daily_result_pdf
202009030107,2020,阪神,3,1,7,2020-06-06,https://www.jra.go.jp/datafile/seiseki/report/2020/2020-3hanshin1.pdf,official_daily_result_pdf
202009030108,2020,阪神,3,1,8,2020-06-06,https://www.jra.go.jp/datafile/seiseki/report/2020/2020-3hanshin1.pdf,official_daily_result_pdf
202009030109,2020,阪神,3,1,9,2020-06-06,https://www.jra.go.jp/datafile/seiseki/report/2020/2020-3hanshin1.pdf,official_daily_result_pdf
202009030110,2020,阪神,3,1,10,2020-06-06,https://www.jra.go.jp/datafile/seiseki/report/2020/2020-3hanshin1.pdf,official_daily_result_pdf
202009030111,2020,阪神,3,1,11,2020-06-06,https://www.jra.go.jp/datafile/seiseki/report/2020/2020-3hanshin1.pdf,official_daily_result_pdf
202009030112,2020,阪神,3,1,12,2020-06-06,https://www.jra.go.jp/datafile/seiseki/report/2020/2020-3hanshin1.pdf,official_daily_result_pdf
202009030201,2020,阪神,3,2,1,2020-06-07,https://www.jra.go.jp/datafile/seiseki/report/2020/2020-3hanshin2.pdf,official_daily_result_pdf
202009030202,2020,阪神,3,2,2,2020-06-07,https://www.jra.go.jp/datafile/seiseki/report/2020/2020-3hanshin2.pdf,official_daily_result_pdf
202009030203,2020,阪神,3,2,3,2020-06-07,https://www.jra.go.jp/datafile/seiseki/report/2020/2020-3hanshin2.pdf,official_daily_result_pdf
202009030204,2020,阪神,3,2,4,2020-06-07,https://www.jra.go.jp/datafile/seiseki/report/2020/2020-3hanshin2.pdf,official_daily_result_pdf
202009030205,2020,阪神,3,2,5,2020-06-07,https://www.jra.go.jp/datafile/seiseki/report/2020/2020-3hanshin2.pdf,official_daily_result_pdf
202009030206,2020,阪神,3,2,6,2020-06-07,https://www.jra.go.jp/datafile/seiseki/report/2020/2020-3hanshin2.pdf,official_daily_result_pdf
202009030207,2020,阪神,3,2,7,2020-06-07,https://www.jra.go.jp/datafile/seiseki/report/2020/2020-3hanshin2.pdf,official_daily_result_pdf
202009030208,2020,阪神,3,2,8,2020-06-07,https://www.jra.go.jp/datafile/seiseki/report/2020/2020-3hanshin2.pdf,official_daily_result_pdf
202009030209,2020,阪神,3,2,9,2020-06-07,https://www.jra.go.jp/datafile/seiseki/report/2020/2020-3hanshin2.pdf,official_daily_result_pdf
202009030210,2020,阪神,3,2,10,2020-06-07,https://www.jra.go.jp/datafile/seiseki/report/2020/2020-3hanshin2.pdf,official_daily_result_pdf
202009030211,2020,阪神,3,2,11,2020-06-07,https://www.jra.go.jp/datafile/seiseki/report/2020/2020-3hanshin2.pdf,official_daily_result_pdf
202009030212,2020,阪神,3,2,12,2020-06-07,https://www.jra.go.jp/datafile/seiseki/report/2020/2020-3hanshin2.pdf,official_daily_result_pdf
202009030301,2020,阪神,3,3,1,2020-06-13,https://www.jra.go.jp/datafile/seiseki/report/2020/2020-3hanshin3.pdf,official_daily_result_pdf
202009030302,2020,阪神,3,3,2,2020-06-13,https://www.jra.go.jp/datafile/seiseki/report/2020/2020-3hanshin3.pdf,official_daily_result_pdf
202009030303,2020,阪神,3,3,3,2020-06-13,https://www.jra.go.jp/datafile/seiseki/report/2020/2020-3hanshin3.pdf,official_daily_result_pdf
202009030304,2020,阪神,3,3,4,2020-06-13,https://www.jra.go.jp/datafile/seiseki/report/2020/2020-3hanshin3.pdf,official_daily_result_pdf
202009030305,2020,阪神,3,3,5,2020-06-13,https://www.jra.go.jp/datafile/seiseki/report/2020/2020-3hanshin3.pdf,official_daily_result_pdf
202009030306,2020,阪神,3,3,6,2020-06-13,https://www.jra.go.jp/datafile/seiseki/report/2020/2020-3hanshin3.pdf,official_daily_result_pdf
202009030307,2020,阪神,3,3,7,2020-06-13,https://www.jra.go.jp/datafile/seiseki/report/2020/2020-3hanshin3.pdf,official_daily_result_pdf
202009030308,2020,阪神,3,3,8,2020-06-13,https://www.jra.go.jp/datafile/seiseki/report/2020/2020-3hanshin3.pdf,official_daily_result_pdf
202009030309,2020,阪神,3,3,9,2020-06-13,https://www.jra.go.jp/datafile/seiseki/report/2020/2020-3hanshin3.pdf,official_daily_result_pdf
202009030310,2020,阪神,3,3,10,2020-06-13,https://www.jra.go.jp/datafile/seiseki/report/2020/2020-3hanshin3.pdf,official_daily_result_pdf
202009030311,2020,阪神,3,3,11,2020-06-13,https://www.jra.go.jp/datafile/seiseki/report/2020/2020-3hanshin3.pdf,official_daily_result_pdf
202009030312,2020,阪神,3,3,12,2020-06-13,https://www.jra.go.jp/datafile/seiseki/report/2020/2020-3hanshin3.pdf,official_daily_result_pdf
202009030401,2020,阪神,3,4,1,2020-06-14,https://www.jra.go.jp/datafile/seiseki/report/2020/2020-3hanshin4.pdf,official_daily_result_pdf
202009030402,2020,阪神,3,4,2,2020-06-14,https://www.jra.go.jp/datafile/seiseki/report/2020/2020-3hanshin4.pdf,official_daily_result_pdf
202009030403,2020,阪神,3,4,3,2020-06-14,https://www.jra.go.jp/datafile/seiseki/report/2020/2020-3hanshin4.pdf,official_daily_result_pdf
202009030404,2020,阪神,3,4,4,2020-06-14,https://www.jra.go.jp/datafile/seiseki/report/2020/2020-3hanshin4.pdf,official_daily_result_pdf
202009030405,2020,阪神,3,4,5,2020-06-14,https://www.jra.go.jp/datafile/seiseki/report/2020/2020-3hanshin4.pdf,official_daily_result_pdf
202009030406,2020,阪神,3,4,6,2020-06-14,https://www.jra.go.jp/datafile/seiseki/report/2020/2020-3hanshin4.pdf,official_daily_result_pdf
202009030407,2020,阪神,3,4,7,2020-06-14,https://www.jra.go.jp/datafile/seiseki/report/2020/2020-3hanshin4.pdf,official_daily_result_pdf
202009030408,2020,阪神,3,4,8,2020-06-14,https://www.jra.go.jp/datafile/seiseki/report/2020/2020-3hanshin4.pdf,official_daily_result_pdf
202009030409,2020,阪神,3,4,9,2020-06-14,https://www.jra.go.jp/datafile/seiseki/report/2020/2020-3hanshin4.pdf,official_daily_result_pdf
202009030410,2020,阪神,3,4,10,2020-06-14,https://www.jra.go.jp/datafile/seiseki/report/2020/2020-3hanshin4.pdf,official_daily_result_pdf
202009030411,2020,阪神,3,4,11,2020-06-14,https://www.jra.go.jp/datafile/seiseki/report/2020/2020-3hanshin4.pdf,official_daily_result_pdf
202009030412,2020,阪神,3,4,12,2020-06-14,https://www.jra.go.jp/datafile/seiseki/report/2020/2020-3hanshin4.pdf,official_daily_result_pdf
202009030501,2020,阪神,3,5,1,2020-06-20,https://www.jra.go.jp/datafile/seiseki/report/2020/2020-3hanshin5.pdf,official_daily_result_pdf
202009030502,2020,阪神,3,5,2,2020-06-20,https://www.jra.go.jp/datafile/seiseki/report/2020/2020-3hanshin5.pdf,official_daily_result_pdf
202009030503,2020,阪神,3,5,3,2020-06-20,https://www.jra.go.jp/datafile/seiseki/report/2020/2020-3hanshin5.pdf,official_daily_result_pdf
202009030504,2020,阪神,3,5,4,2020-06-20,https://www.jra.go.jp/datafile/seiseki/report/2020/2020-3hanshin5.pdf,official_daily_result_pdf
202009030505,2020,阪神,3,5,5,2020-06-20,https://www.jra.go.jp/datafile/seiseki/report/2020/2020-3hanshin5.pdf,official_daily_result_pdf
202009030506,2020,阪神,3,5,6,2020-06-20,https://www.jra.go.jp/datafile/seiseki/report/2020/2020-3hanshin5.pdf,official_daily_result_pdf
202009030507,2020,阪神,3,5,7,2020-06-20,https://www.jra.go.jp/datafile/seiseki/report/2020/2020-3hanshin5.pdf,official_daily_result_pdf
202009030508,2020,阪神,3,5,8,2020-06-20,https://www.jra.go.jp/datafile/seiseki/report/2020/2020-3hanshin5.pdf,official_daily_result_pdf
202009030509,2020,阪神,3,5,9,2020-06-20,https://www.jra.go.jp/datafile/seiseki/report/2020/2020-3hanshin5.pdf,official_daily_result_pdf
202009030510,2020,阪神,3,5,10,2020-06-20,https://www.jra.go.jp/datafile/seiseki/report/2020/2020-3hanshin5.pdf,official_daily_result_pdf
202009030511,2020,阪神,3,5,11,2020-06-20,https://www.jra.go.jp/datafile/seiseki/report/2020/2020-3hanshin5.pdf,official_daily_result_pdf
202009030512,2020,阪神,3,5,12,2020-06-20,https://www.jra.go.jp/datafile/seiseki/report/2020/2020-3hanshin5.pdf,official_daily_result_pdf
202009030601,2020,阪神,3,6,1,2020-06-21,https://www.jra.go.jp/datafile/seiseki/report/2020/2020-3hanshin6.pdf,official_daily_result_pdf
202009030602,2020,阪神,3,6,2,2020-06-21,https://www.jra.go.jp/datafile/seiseki/report/2020/2020-3hanshin6.pdf,official_daily_result_pdf
202009030603,2020,阪神,3,6,3,2020-06-21,https://www.jra.go.jp/datafile/seiseki/report/2020/2020-3hanshin6.pdf,official_daily_result_pdf
202009030604,2020,阪神,3,6,4,2020-06-21,https://www.jra.go.jp/datafile/seiseki/report/2020/2020-3hanshin6.pdf,official_daily_result_pdf
202009030605,2020,阪神,3,6,5,2020-06-21,https://www.jra.go.jp/datafile/seiseki/report/2020/2020-3hanshin6.pdf,official_daily_result_pdf
202009030606,2020,阪神,3,6,6,2020-06-21,https://www.jra.go.jp/datafile/seiseki/report/2020/2020-3hanshin6.pdf,official_daily_result_pdf
202009030607,2020,阪神,3,6,7,2020-06-21,https://www.jra.go.jp/datafile/seiseki/report/2020/2020-3hanshin6.pdf,official_daily_result_pdf
202009030608,2020,阪神,3,6,8,2020-06-21,https://www.jra.go.jp/datafile/seiseki/report/2020/2020-3hanshin6.pdf,official_daily_result_pdf
202009030609,2020,阪神,3,6,9,2020-06-21,https://www.jra.go.jp/datafile/seiseki/report/2020/2020-3hanshin6.pdf,official_daily_result_pdf
202009030610,2020,阪神,3,6,10,2020-06-21,https://www.jra.go.jp/datafile/seiseki/report/2020/2020-3hanshin6.pdf,official_daily_result_pdf
202009030611,2020,阪神,3,6,11,2020-06-21,https://www.jra.go.jp/datafile/seiseki/report/2020/2020-3hanshin6.pdf,official_daily_result_pdf
202009030612,2020,阪神,3,6,12,2020-06-21,https://www.jra.go.jp/datafile/seiseki/report/2020/2020-3hanshin6.pdf,official_daily_result_pdf
202009030701,2020,阪神,3,7,1,2020-06-27,https://www.jra.go.jp/datafile/seiseki/report/2020/2020-3hanshin7.pdf,official_daily_result_pdf
202009030702,2020,阪神,3,7,2,2020-06-27,https://www.jra.go.jp/datafile/seiseki/report/2020/2020-3hanshin7.pdf,official_daily_result_pdf
202009030703,2020,阪神,3,7,3,2020-06-27,https://www.jra.go.jp/datafile/seiseki/report/2020/2020-3hanshin7.pdf,official_daily_result_pdf
202009030704,2020,阪神,3,7,4,2020-06-27,https://www.jra.go.jp/datafile/seiseki/report/2020/2020-3hanshin7.pdf,official_daily_result_pdf
202009030705,2020,阪神,3,7,5,2020-06-27,https://www.jra.go.jp/datafile/seiseki/report/2020/2020-3hanshin7.pdf,official_daily_result_pdf
202009030706,2020,阪神,3,7,6,2020-06-27,https://www.jra.go.jp/datafile/seiseki/report/2020/2020-3hanshin7.pdf,official_daily_result_pdf
202009030707,2020,阪神,3,7,7,2020-06-27,https://www.jra.go.jp/datafile/seiseki/report/2020/2020-3hanshin7.pdf,official_daily_result_pdf
202009030708,2020,阪神,3,7,8,2020-06-27,https://www.jra.go.jp/datafile/seiseki/report/2020/2020-3hanshin7.pdf,official_daily_result_pdf
202009030709,2020,阪神,3,7,9,2020-06-27,https://www.jra.go.jp/datafile/seiseki/report/2020/2020-3hanshin7.pdf,official_daily_result_pdf
202009030710,2020,阪神,3,7,10,2020-06-27,https://www.jra.go.jp/datafile/seiseki/report/2020/2020-3hanshin7.pdf,official_daily_result_pdf
202009030711,2020,阪神,3,7,11,2020-06-27,https://www.jra.go.jp/datafile/seiseki/report/2020/2020-3hanshin7.pdf,official_daily_result_pdf
202009030712,2020,阪神,3,7,12,2020-06-27,https://www.jra.go.jp/datafile/seiseki/report/2020/2020-3hanshin7.pdf,official_daily_result_pdf
202009030801,2020,阪神,3,8,1,2020-06-28,https://www.jra.go.jp/datafile/seiseki/report/2020/2020-3hanshin8.pdf,official_daily_result_pdf
202009030802,2020,阪神,3,8,2,2020-06-28,https://www.jra.go.jp/datafile/seiseki/report/2020/2020-3hanshin8.pdf,official_daily_result_pdf
202009030803,2020,阪神,3,8,3,2020-06-28,https://www.jra.go.jp/datafile/seiseki/report/2020/2020-3hanshin8.pdf,official_daily_result_pdf
202009030804,2020,阪神,3,8,4,2020-06-28,https://www.jra.go.jp/datafile/seiseki/report/2020/2020-3hanshin8.pdf,official_daily_result_pdf
202009030805,2020,阪神,3,8,5,2020-06-28,https://www.jra.go.jp/datafile/seiseki/report/2020/2020-3hanshin8.pdf,official_daily_result_pdf
202009030806,2020,阪神,3,8,6,2020-06-28,https://www.jra.go.jp/datafile/seiseki/report/2020/2020-3hanshin8.pdf,official_daily_result_pdf
202009030807,2020,阪神,3,8,7,2020-06-28,https://www.jra.go.jp/datafile/seiseki/report/2020/2020-3hanshin8.pdf,official_daily_result_pdf
202009030808,2020,阪神,3,8,8,2020-06-28,https://www.jra.go.jp/datafile/seiseki/report/2020/2020-3hanshin8.pdf,official_daily_result_pdf
202009030809,2020,阪神,3,8,9,2020-06-28,https://www.jra.go.jp/datafile/seiseki/report/2020/2020-3hanshin8.pdf,official_daily_result_pdf
202009030810,2020,阪神,3,8,10,2020-06-28,https://www.jra.go.jp/datafile/seiseki/report/2020/2020-3hanshin8.pdf,official_daily_result_pdf
202009030811,2020,阪神,3,8,11,2020-06-28,https://www.jra.go.jp/datafile/seiseki/report/2020/2020-3hanshin8.pdf,official_daily_result_pdf
202009030812,2020,阪神,3,8,12,2020-06-28,https://www.jra.go.jp/datafile/seiseki/report/2020/2020-3hanshin8.pdf,official_daily_result_pdf
202009040101,2020,阪神,4,1,1,2020-07-04,https://www.jra.go.jp/datafile/seiseki/report/2020/2020-4hanshin1.pdf,official_daily_result_pdf
202009040102,2020,阪神,4,1,2,2020-07-04,https://www.jra.go.jp/datafile/seiseki/report/2020/2020-4hanshin1.pdf,official_daily_result_pdf
202009040103,2020,阪神,4,1,3,2020-07-04,https://www.jra.go.jp/datafile/seiseki/report/2020/2020-4hanshin1.pdf,official_daily_result_pdf
202009040104,2020,阪神,4,1,4,2020-07-04,https://www.jra.go.jp/datafile/seiseki/report/2020/2020-4hanshin1.pdf,official_daily_result_pdf
202009040105,2020,阪神,4,1,5,2020-07-04,https://www.jra.go.jp/datafile/seiseki/report/2020/2020-4hanshin1.pdf,official_daily_result_pdf
202009040106,2020,阪神,4,1,6,2020-07-04,https://www.jra.go.jp/datafile/seiseki/report/2020/2020-4hanshin1.pdf,official_daily_result_pdf
202009040107,2020,阪神,4,1,7,2020-07-04,https://www.jra.go.jp/datafile/seiseki/report/2020/2020-4hanshin1.pdf,official_daily_result_pdf
202009040108,2020,阪神,4,1,8,2020-07-04,https://www.jra.go.jp/datafile/seiseki/report/2020/2020-4hanshin1.pdf,official_daily_result_pdf
202009040109,2020,阪神,4,1,9,2020-07-04,https://www.jra.go.jp/datafile/seiseki/report/2020/2020-4hanshin1.pdf,official_daily_result_pdf
202009040110,2020,阪神,4,1,10,2020-07-04,https://www.jra.go.jp/datafile/seiseki/report/2020/2020-4hanshin1.pdf,official_daily_result_pdf
202009040111,2020,阪神,4,1,11,2020-07-04,https://www.jra.go.jp/datafile/seiseki/report/2020/2020-4hanshin1.pdf,official_daily_result_pdf
202009040112,2020,阪神,4,1,12,2020-07-04,https://www.jra.go.jp/datafile/seiseki/report/2020/2020-4hanshin1.pdf,official_daily_result_pdf
202009040201,2020,阪神,4,2,1,2020-07-05,https://www.jra.go.jp/datafile/seiseki/report/2020/2020-4hanshin2.pdf,official_daily_result_pdf
202009040202,2020,阪神,4,2,2,2020-07-05,https://www.jra.go.jp/datafile/seiseki/report/2020/2020-4hanshin2.pdf,official_daily_result_pdf
202009040203,2020,阪神,4,2,3,2020-07-05,https://www.jra.go.jp/datafile/seiseki/report/2020/2020-4hanshin2.pdf,official_daily_result_pdf
202009040204,2020,阪神,4,2,4,2020-07-05,https://www.jra.go.jp/datafile/seiseki/report/2020/2020-4hanshin2.pdf,official_daily_result_pdf
202009040205,2020,阪神,4,2,5,2020-07-05,https://www.jra.go.jp/datafile/seiseki/report/2020/2020-4hanshin2.pdf,official_daily_result_pdf
202009040206,2020,阪神,4,2,6,2020-07-05,https://www.jra.go.jp/datafile/seiseki/report/2020/2020-4hanshin2.pdf,official_daily_result_pdf
202009040207,2020,阪神,4,2,7,2020-07-05,https://www.jra.go.jp/datafile/seiseki/report/2020/2020-4hanshin2.pdf,official_daily_result_pdf
202009040208,2020,阪神,4,2,8,2020-07-05,https://www.jra.go.jp/datafile/seiseki/report/2020/2020-4hanshin2.pdf,official_daily_result_pdf
202009040209,2020,阪神,4,2,9,2020-07-05,https://www.jra.go.jp/datafile/seiseki/report/2020/2020-4hanshin2.pdf,official_daily_result_pdf
202009040210,2020,阪神,4,2,10,2020-07-05,https://www.jra.go.jp/datafile/seiseki/report/2020/2020-4hanshin2.pdf,official_daily_result_pdf
202009040211,2020,阪神,4,2,11,2020-07-05,https://www.jra.go.jp/datafile/seiseki/report/2020/2020-4hanshin2.pdf,official_daily_result_pdf
202009040212,2020,阪神,4,2,12,2020-07-05,https://www.jra.go.jp/datafile/seiseki/report/2020/2020-4hanshin2.pdf,official_daily_result_pdf
202009040301,2020,阪神,4,3,1,2020-07-11,https://www.jra.go.jp/datafile/seiseki/report/2020/2020-4hanshin3.pdf,official_daily_result_pdf
202009040302,2020,阪神,4,3,2,2020-07-11,https://www.jra.go.jp/datafile/seiseki/report/2020/2020-4hanshin3.pdf,official_daily_result_pdf
202009040303,2020,阪神,4,3,3,2020-07-11,https://www.jra.go.jp/datafile/seiseki/report/2020/2020-4hanshin3.pdf,official_daily_result_pdf
202009040304,2020,阪神,4,3,4,2020-07-11,https://www.jra.go.jp/datafile/seiseki/report/2020/2020-4hanshin3.pdf,official_daily_result_pdf
202009040305,2020,阪神,4,3,5,2020-07-11,https://www.jra.go.jp/datafile/seiseki/report/2020/2020-4hanshin3.pdf,official_daily_result_pdf
202009040306,2020,阪神,4,3,6,2020-07-11,https://www.jra.go.jp/datafile/seiseki/report/2020/2020-4hanshin3.pdf,official_daily_result_pdf
202009040307,2020,阪神,4,3,7,2020-07-11,https://www.jra.go.jp/datafile/seiseki/report/2020/2020-4hanshin3.pdf,official_daily_result_pdf
202009040308,2020,阪神,4,3,8,2020-07-11,https://www.jra.go.jp/datafile/seiseki/report/2020/2020-4hanshin3.pdf,official_daily_result_pdf
202009040309,2020,阪神,4,3,9,2020-07-11,https://www.jra.go.jp/datafile/seiseki/report/2020/2020-4hanshin3.pdf,official_daily_result_pdf
202009040310,2020,阪神,4,3,10,2020-07-11,https://www.jra.go.jp/datafile/seiseki/report/2020/2020-4hanshin3.pdf,official_daily_result_pdf
202009040311,2020,阪神,4,3,11,2020-07-11,https://www.jra.go.jp/datafile/seiseki/report/2020/2020-4hanshin3.pdf,official_daily_result_pdf
202009040312,2020,阪神,4,3,12,2020-07-11,https://www.jra.go.jp/datafile/seiseki/report/2020/2020-4hanshin3.pdf,official_daily_result_pdf
202009040401,2020,阪神,4,4,1,2020-07-12,https://www.jra.go.jp/datafile/seiseki/report/2020/2020-4hanshin4.pdf,official_daily_result_pdf
202009040402,2020,阪神,4,4,2,2020-07-12,https://www.jra.go.jp/datafile/seiseki/report/2020/2020-4hanshin4.pdf,official_daily_result_pdf
202009040403,2020,阪神,4,4,3,2020-07-12,https://www.jra.go.jp/datafile/seiseki/report/2020/2020-4hanshin4.pdf,official_daily_result_pdf
202009040404,2020,阪神,4,4,4,2020-07-12,https://www.jra.go.jp/datafile/seiseki/report/2020/2020-4hanshin4.pdf,official_daily_result_pdf
202009040405,2020,阪神,4,4,5,2020-07-12,https://www.jra.go.jp/datafile/seiseki/report/2020/2020-4hanshin4.pdf,official_daily_result_pdf
202009040406,2020,阪神,4,4,6,2020-07-12,https://www.jra.go.jp/datafile/seiseki/report/2020/2020-4hanshin4.pdf,official_daily_result_pdf
202009040407,2020,阪神,4,4,7,2020-07-12,https://www.jra.go.jp/datafile/seiseki/report/2020/2020-4hanshin4.pdf,official_daily_result_pdf
202009040408,2020,阪神,4,4,8,2020-07-12,https://www.jra.go.jp/datafile/seiseki/report/2020/2020-4hanshin4.pdf,official_daily_result_pdf
202009040409,2020,阪神,4,4,9,2020-07-12,https://www.jra.go.jp/datafile/seiseki/report/2020/2020-4hanshin4.pdf,official_daily_result_pdf
202009040410,2020,阪神,4,4,10,2020-07-12,https://www.jra.go.jp/datafile/seiseki/report/2020/2020-4hanshin4.pdf,official_daily_result_pdf
202009040411,2020,阪神,4,4,11,2020-07-12,https://www.jra.go.jp/datafile/seiseki/report/2020/2020-4hanshin4.pdf,official_daily_result_pdf
202009040412,2020,阪神,4,4,12,2020-07-12,https://www.jra.go.jp/datafile/seiseki/report/2020/2020-4hanshin4.pdf,official_daily_result_pdf
202009040501,2020,阪神,4,5,1,2020-07-18,https://www.jra.go.jp/datafile/seiseki/report/2020/2020-4hanshin5.pdf,official_daily_result_pdf
202009040502,2020,阪神,4,5,2,2020-07-18,https://www.jra.go.jp/datafile/seiseki/report/2020/2020-4hanshin5.pdf,official_daily_result_pdf
202009040503,2020,阪神,4,5,3,2020-07-18,https://www.jra.go.jp/datafile/seiseki/report/2020/2020-4hanshin5.pdf,official_daily_result_pdf
202009040504,2020,阪神,4,5,4,2020-07-18,https://www.jra.go.jp/datafile/seiseki/report/2020/2020-4hanshin5.pdf,official_daily_result_pdf
202009040505,2020,阪神,4,5,5,2020-07-18,https://www.jra.go.jp/datafile/seiseki/report/2020/2020-4hanshin5.pdf,official_daily_result_pdf
202009040506,2020,阪神,4,5,6,2020-07-18,https://www.jra.go.jp/datafile/seiseki/report/2020/2020-4hanshin5.pdf,official_daily_result_pdf
202009040507,2020,阪神,4,5,7,2020-07-18,https://www.jra.go.jp/datafile/seiseki/report/2020/2020-4hanshin5.pdf,official_daily_result_pdf
202009040508,2020,阪神,4,5,8,2020-07-18,https://www.jra.go.jp/datafile/seiseki/report/2020/2020-4hanshin5.pdf,official_daily_result_pdf
202009040509,2020,阪神,4,5,9,2020-07-18,https://www.jra.go.jp/datafile/seiseki/report/2020/2020-4hanshin5.pdf,official_daily_result_pdf
202009040510,2020,阪神,4,5,10,2020-07-18,https://www.jra.go.jp/datafile/seiseki/report/2020/2020-4hanshin5.pdf,official_daily_result_pdf
202009040511,2020,阪神,4,5,11,2020-07-18,https://www.jra.go.jp/datafile/seiseki/report/2020/2020-4hanshin5.pdf,official_daily_result_pdf
202009040512,2020,阪神,4,5,12,2020-07-18,https://www.jra.go.jp/datafile/seiseki/report/2020/2020-4hanshin5.pdf,official_daily_result_pdf
202009040601,2020,阪神,4,6,1,2020-07-19,https://www.jra.go.jp/datafile/seiseki/report/2020/2020-4hanshin6.pdf,official_daily_result_pdf
202009040602,2020,阪神,4,6,2,2020-07-19,https://www.jra.go.jp/datafile/seiseki/report/2020/2020-4hanshin6.pdf,official_daily_result_pdf
202009040603,2020,阪神,4,6,3,2020-07-19,https://www.jra.go.jp/datafile/seiseki/report/2020/2020-4hanshin6.pdf,official_daily_result_pdf
202009040604,2020,阪神,4,6,4,2020-07-19,https://www.jra.go.jp/datafile/seiseki/report/2020/2020-4hanshin6.pdf,official_daily_result_pdf
202009040605,2020,阪神,4,6,5,2020-07-19,https://www.jra.go.jp/datafile/seiseki/report/2020/2020-4hanshin6.pdf,official_daily_result_pdf
202009040606,2020,阪神,4,6,6,2020-07-19,https://www.jra.go.jp/datafile/seiseki/report/2020/2020-4hanshin6.pdf,official_daily_result_pdf
202009040607,2020,阪神,4,6,7,2020-07-19,https://www.jra.go.jp/datafile/seiseki/report/2020/2020-4hanshin6.pdf,official_daily_result_pdf
202009040608,2020,阪神,4,6,8,2020-07-19,https://www.jra.go.jp/datafile/seiseki/report/2020/2020-4hanshin6.pdf,official_daily_result_pdf
202009040609,2020,阪神,4,6,9,2020-07-19,https://www.jra.go.jp/datafile/seiseki/report/2020/2020-4hanshin6.pdf,official_daily_result_pdf
202009040610,2020,阪神,4,6,10,2020-07-19,https://www.jra.go.jp/datafile/seiseki/report/2020/2020-4hanshin6.pdf,official_daily_result_pdf
202009040611,2020,阪神,4,6,11,2020-07-19,https://www.jra.go.jp/datafile/seiseki/report/2020/2020-4hanshin6.pdf,official_daily_result_pdf
202009040612,2020,阪神,4,6,12,2020-07-19,https://www.jra.go.jp/datafile/seiseki/report/2020/2020-4hanshin6.pdf,official_daily_result_pdf
202009050101,2020,阪神,5,1,1,2020-11-07,https://www.jra.go.jp/datafile/seiseki/report/2020/2020-5hanshin1.pdf,official_daily_result_pdf
202009050102,2020,阪神,5,1,2,2020-11-07,https://www.jra.go.jp/datafile/seiseki/report/2020/2020-5hanshin1.pdf,official_daily_result_pdf
202009050103,2020,阪神,5,1,3,2020-11-07,https://www.jra.go.jp/datafile/seiseki/report/2020/2020-5hanshin1.pdf,official_daily_result_pdf
202009050104,2020,阪神,5,1,4,2020-11-07,https://www.jra.go.jp/datafile/seiseki/report/2020/2020-5hanshin1.pdf,official_daily_result_pdf
202009050105,2020,阪神,5,1,5,2020-11-07,https://www.jra.go.jp/datafile/seiseki/report/2020/2020-5hanshin1.pdf,official_daily_result_pdf
202009050106,2020,阪神,5,1,6,2020-11-07,https://www.jra.go.jp/datafile/seiseki/report/2020/2020-5hanshin1.pdf,official_daily_result_pdf
202009050107,2020,阪神,5,1,7,2020-11-07,https://www.jra.go.jp/datafile/seiseki/report/2020/2020-5hanshin1.pdf,official_daily_result_pdf
202009050108,2020,阪神,5,1,8,2020-11-07,https://www.jra.go.jp/datafile/seiseki/report/2020/2020-5hanshin1.pdf,official_daily_result_pdf
202009050109,2020,阪神,5,1,9,2020-11-07,https://www.jra.go.jp/datafile/seiseki/report/2020/2020-5hanshin1.pdf,official_daily_result_pdf
202009050110,2020,阪神,5,1,10,2020-11-07,https://www.jra.go.jp/datafile/seiseki/report/2020/2020-5hanshin1.pdf,official_daily_result_pdf
202009050111,2020,阪神,5,1,11,2020-11-07,https://www.jra.go.jp/datafile/seiseki/report/2020/2020-5hanshin1.pdf,official_daily_result_pdf
202009050112,2020,阪神,5,1,12,2020-11-07,https://www.jra.go.jp/datafile/seiseki/report/2020/2020-5hanshin1.pdf,official_daily_result_pdf
202009050201,2020,阪神,5,2,1,2020-11-08,https://www.jra.go.jp/datafile/seiseki/report/2020/2020-5hanshin2.pdf,official_daily_result_pdf
202009050202,2020,阪神,5,2,2,2020-11-08,https://www.jra.go.jp/datafile/seiseki/report/2020/2020-5hanshin2.pdf,official_daily_result_pdf
202009050203,2020,阪神,5,2,3,2020-11-08,https://www.jra.go.jp/datafile/seiseki/report/2020/2020-5hanshin2.pdf,official_daily_result_pdf
202009050204,2020,阪神,5,2,4,2020-11-08,https://www.jra.go.jp/datafile/seiseki/report/2020/2020-5hanshin2.pdf,official_daily_result_pdf
202009050205,2020,阪神,5,2,5,2020-11-08,https://www.jra.go.jp/datafile/seiseki/report/2020/2020-5hanshin2.pdf,official_daily_result_pdf
202009050206,2020,阪神,5,2,6,2020-11-08,https://www.jra.go.jp/datafile/seiseki/report/2020/2020-5hanshin2.pdf,official_daily_result_pdf
202009050207,2020,阪神,5,2,7,2020-11-08,https://www.jra.go.jp/datafile/seiseki/report/2020/2020-5hanshin2.pdf,official_daily_result_pdf
202009050208,2020,阪神,5,2,8,2020-11-08,https://www.jra.go.jp/datafile/seiseki/report/2020/2020-5hanshin2.pdf,official_daily_result_pdf
202009050209,2020,阪神,5,2,9,2020-11-08,https://www.jra.go.jp/datafile/seiseki/report/2020/2020-5hanshin2.pdf,official_daily_result_pdf
202009050210,2020,阪神,5,2,10,2020-11-08,https://www.jra.go.jp/datafile/seiseki/report/2020/2020-5hanshin2.pdf,official_daily_result_pdf
202009050211,2020,阪神,5,2,11,2020-11-08,https://www.jra.go.jp/datafile/seiseki/report/2020/2020-5hanshin2.pdf,official_daily_result_pdf
202009050212,2020,阪神,5,2,12,2020-11-08,https://www.jra.go.jp/datafile/seiseki/report/2020/2020-5hanshin2.pdf,official_daily_result_pdf
202009050301,2020,阪神,5,3,1,2020-11-14,https://www.jra.go.jp/datafile/seiseki/report/2020/2020-5hanshin3.pdf,official_daily_result_pdf
202009050302,2020,阪神,5,3,2,2020-11-14,https://www.jra.go.jp/datafile/seiseki/report/2020/2020-5hanshin3.pdf,official_daily_result_pdf
202009050303,2020,阪神,5,3,3,2020-11-14,https://www.jra.go.jp/datafile/seiseki/report/2020/2020-5hanshin3.pdf,official_daily_result_pdf
202009050304,2020,阪神,5,3,4,2020-11-14,https://www.jra.go.jp/datafile/seiseki/report/2020/2020-5hanshin3.pdf,official_daily_result_pdf
202009050305,2020,阪神,5,3,5,2020-11-14,https://www.jra.go.jp/datafile/seiseki/report/2020/2020-5hanshin3.pdf,official_daily_result_pdf
202009050306,2020,阪神,5,3,6,2020-11-14,https://www.jra.go.jp/datafile/seiseki/report/2020/2020-5hanshin3.pdf,official_daily_result_pdf
202009050307,2020,阪神,5,3,7,2020-11-14,https://www.jra.go.jp/datafile/seiseki/report/2020/2020-5hanshin3.pdf,official_daily_result_pdf
202009050308,2020,阪神,5,3,8,2020-11-14,https://www.jra.go.jp/datafile/seiseki/report/2020/2020-5hanshin3.pdf,official_daily_result_pdf
202009050309,2020,阪神,5,3,9,2020-11-14,https://www.jra.go.jp/datafile/seiseki/report/2020/2020-5hanshin3.pdf,official_daily_result_pdf
202009050310,2020,阪神,5,3,10,2020-11-14,https://www.jra.go.jp/datafile/seiseki/report/2020/2020-5hanshin3.pdf,official_daily_result_pdf
202009050311,2020,阪神,5,3,11,2020-11-14,https://www.jra.go.jp/datafile/seiseki/report/2020/2020-5hanshin3.pdf,official_daily_result_pdf
202009050312,2020,阪神,5,3,12,2020-11-14,https://www.jra.go.jp/datafile/seiseki/report/2020/2020-5hanshin3.pdf,official_daily_result_pdf
202009050401,2020,阪神,5,4,1,2020-11-15,https://www.jra.go.jp/datafile/seiseki/report/2020/2020-5hanshin4.pdf,official_daily_result_pdf
202009050402,2020,阪神,5,4,2,2020-11-15,https://www.jra.go.jp/datafile/seiseki/report/2020/2020-5hanshin4.pdf,official_daily_result_pdf
202009050403,2020,阪神,5,4,3,2020-11-15,https://www.jra.go.jp/datafile/seiseki/report/2020/2020-5hanshin4.pdf,official_daily_result_pdf
202009050404,2020,阪神,5,4,4,2020-11-15,https://www.jra.go.jp/datafile/seiseki/report/2020/2020-5hanshin4.pdf,official_daily_result_pdf
202009050405,2020,阪神,5,4,5,2020-11-15,https://www.jra.go.jp/datafile/seiseki/report/2020/2020-5hanshin4.pdf,official_daily_result_pdf
202009050406,2020,阪神,5,4,6,2020-11-15,https://www.jra.go.jp/datafile/seiseki/report/2020/2020-5hanshin4.pdf,official_daily_result_pdf
202009050407,2020,阪神,5,4,7,2020-11-15,https://www.jra.go.jp/datafile/seiseki/report/2020/2020-5hanshin4.pdf,official_daily_result_pdf
202009050408,2020,阪神,5,4,8,2020-11-15,https://www.jra.go.jp/datafile/seiseki/report/2020/2020-5hanshin4.pdf,official_daily_result_pdf
202009050409,2020,阪神,5,4,9,2020-11-15,https://www.jra.go.jp/datafile/seiseki/report/2020/2020-5hanshin4.pdf,official_daily_result_pdf
202009050410,2020,阪神,5,4,10,2020-11-15,https://www.jra.go.jp/datafile/seiseki/report/2020/2020-5hanshin4.pdf,official_daily_result_pdf
202009050411,2020,阪神,5,4,11,2020-11-15,https://www.jra.go.jp/datafile/seiseki/report/2020/2020-5hanshin4.pdf,official_daily_result_pdf
202009050412,2020,阪神,5,4,12,2020-11-15,https://www.jra.go.jp/datafile/seiseki/report/2020/2020-5hanshin4.pdf,official_daily_result_pdf
202009050501,2020,阪神,5,5,1,2020-11-21,https://www.jra.go.jp/datafile/seiseki/report/2020/2020-5hanshin5.pdf,official_daily_result_pdf
202009050502,2020,阪神,5,5,2,2020-11-21,https://www.jra.go.jp/datafile/seiseki/report/2020/2020-5hanshin5.pdf,official_daily_result_pdf
202009050503,2020,阪神,5,5,3,2020-11-21,https://www.jra.go.jp/datafile/seiseki/report/2020/2020-5hanshin5.pdf,official_daily_result_pdf
202009050504,2020,阪神,5,5,4,2020-11-21,https://www.jra.go.jp/datafile/seiseki/report/2020/2020-5hanshin5.pdf,official_daily_result_pdf
202009050505,2020,阪神,5,5,5,2020-11-21,https://www.jra.go.jp/datafile/seiseki/report/2020/2020-5hanshin5.pdf,official_daily_result_pdf
202009050506,2020,阪神,5,5,6,2020-11-21,https://www.jra.go.jp/datafile/seiseki/report/2020/2020-5hanshin5.pdf,official_daily_result_pdf
202009050507,2020,阪神,5,5,7,2020-11-21,https://www.jra.go.jp/datafile/seiseki/report/2020/2020-5hanshin5.pdf,official_daily_result_pdf
202009050508,2020,阪神,5,5,8,2020-11-21,https://www.jra.go.jp/datafile/seiseki/report/2020/2020-5hanshin5.pdf,official_daily_result_pdf
202009050509,2020,阪神,5,5,9,2020-11-21,https://www.jra.go.jp/datafile/seiseki/report/2020/2020-5hanshin5.pdf,official_daily_result_pdf
202009050510,2020,阪神,5,5,10,2020-11-21,https://www.jra.go.jp/datafile/seiseki/report/2020/2020-5hanshin5.pdf,official_daily_result_pdf
202009050511,2020,阪神,5,5,11,2020-11-21,https://www.jra.go.jp/datafile/seiseki/report/2020/2020-5hanshin5.pdf,official_daily_result_pdf
202009050512,2020,阪神,5,5,12,2020-11-21,https://www.jra.go.jp/datafile/seiseki/report/2020/2020-5hanshin5.pdf,official_daily_result_pdf
202009050601,2020,阪神,5,6,1,2020-11-22,https://www.jra.go.jp/datafile/seiseki/report/2020/2020-5hanshin6.pdf,official_daily_result_pdf
202009050602,2020,阪神,5,6,2,2020-11-22,https://www.jra.go.jp/datafile/seiseki/report/2020/2020-5hanshin6.pdf,official_daily_result_pdf
202009050603,2020,阪神,5,6,3,2020-11-22,https://www.jra.go.jp/datafile/seiseki/report/2020/2020-5hanshin6.pdf,official_daily_result_pdf
202009050604,2020,阪神,5,6,4,2020-11-22,https://www.jra.go.jp/datafile/seiseki/report/2020/2020-5hanshin6.pdf,official_daily_result_pdf
202009050605,2020,阪神,5,6,5,2020-11-22,https://www.jra.go.jp/datafile/seiseki/report/2020/2020-5hanshin6.pdf,official_daily_result_pdf
202009050606,2020,阪神,5,6,6,2020-11-22,https://www.jra.go.jp/datafile/seiseki/report/2020/2020-5hanshin6.pdf,official_daily_result_pdf
202009050607,2020,阪神,5,6,7,2020-11-22,https://www.jra.go.jp/datafile/seiseki/report/2020/2020-5hanshin6.pdf,official_daily_result_pdf
202009050608,2020,阪神,5,6,8,2020-11-22,https://www.jra.go.jp/datafile/seiseki/report/2020/2020-5hanshin6.pdf,official_daily_result_pdf
202009050609,2020,阪神,5,6,9,2020-11-22,https://www.jra.go.jp/datafile/seiseki/report/2020/2020-5hanshin6.pdf,official_daily_result_pdf
202009050610,2020,阪神,5,6,10,2020-11-22,https://www.jra.go.jp/datafile/seiseki/report/2020/2020-5hanshin6.pdf,official_daily_result_pdf
202009050611,2020,阪神,5,6,11,2020-11-22,https://www.jra.go.jp/datafile/seiseki/report/2020/2020-5hanshin6.pdf,official_daily_result_pdf
202009050612,2020,阪神,5,6,12,2020-11-22,https://www.jra.go.jp/datafile/seiseki/report/2020/2020-5hanshin6.pdf,official_daily_result_pdf
202009050701,2020,阪神,5,7,1,2020-11-23,https://www.jra.go.jp/datafile/seiseki/report/2020/2020-5hanshin7.pdf,official_daily_result_pdf
202009050702,2020,阪神,5,7,2,2020-11-23,https://www.jra.go.jp/datafile/seiseki/report/2020/2020-5hanshin7.pdf,official_daily_result_pdf
202009050703,2020,阪神,5,7,3,2020-11-23,https://www.jra.go.jp/datafile/seiseki/report/2020/2020-5hanshin7.pdf,official_daily_result_pdf
202009050704,2020,阪神,5,7,4,2020-11-23,https://www.jra.go.jp/datafile/seiseki/report/2020/2020-5hanshin7.pdf,official_daily_result_pdf
202009050705,2020,阪神,5,7,5,2020-11-23,https://www.jra.go.jp/datafile/seiseki/report/2020/2020-5hanshin7.pdf,official_daily_result_pdf
202009050706,2020,阪神,5,7,6,2020-11-23,https://www.jra.go.jp/datafile/seiseki/report/2020/2020-5hanshin7.pdf,official_daily_result_pdf
202009050707,2020,阪神,5,7,7,2020-11-23,https://www.jra.go.jp/datafile/seiseki/report/2020/2020-5hanshin7.pdf,official_daily_result_pdf
202009050708,2020,阪神,5,7,8,2020-11-23,https://www.jra.go.jp/datafile/seiseki/report/2020/2020-5hanshin7.pdf,official_daily_result_pdf
202009050709,2020,阪神,5,7,9,2020-11-23,https://www.jra.go.jp/datafile/seiseki/report/2020/2020-5hanshin7.pdf,official_daily_result_pdf
202009050710,2020,阪神,5,7,10,2020-11-23,https://www.jra.go.jp/datafile/seiseki/report/2020/2020-5hanshin7.pdf,official_daily_result_pdf
202009050711,2020,阪神,5,7,11,2020-11-23,https://www.jra.go.jp/datafile/seiseki/report/2020/2020-5hanshin7.pdf,official_daily_result_pdf
202009050712,2020,阪神,5,7,12,2020-11-23,https://www.jra.go.jp/datafile/seiseki/report/2020/2020-5hanshin7.pdf,official_daily_result_pdf
202009050801,2020,阪神,5,8,1,2020-11-28,https://www.jra.go.jp/datafile/seiseki/report/2020/2020-5hanshin8.pdf,official_daily_result_pdf
202009050802,2020,阪神,5,8,2,2020-11-28,https://www.jra.go.jp/datafile/seiseki/report/2020/2020-5hanshin8.pdf,official_daily_result_pdf
202009050803,2020,阪神,5,8,3,2020-11-28,https://www.jra.go.jp/datafile/seiseki/report/2020/2020-5hanshin8.pdf,official_daily_result_pdf
202009050804,2020,阪神,5,8,4,2020-11-28,https://www.jra.go.jp/datafile/seiseki/report/2020/2020-5hanshin8.pdf,official_daily_result_pdf
202009050805,2020,阪神,5,8,5,2020-11-28,https://www.jra.go.jp/datafile/seiseki/report/2020/2020-5hanshin8.pdf,official_daily_result_pdf
202009050806,2020,阪神,5,8,6,2020-11-28,https://www.jra.go.jp/datafile/seiseki/report/2020/2020-5hanshin8.pdf,official_daily_result_pdf
202009050807,2020,阪神,5,8,7,2020-11-28,https://www.jra.go.jp/datafile/seiseki/report/2020/2020-5hanshin8.pdf,official_daily_result_pdf
202009050808,2020,阪神,5,8,8,2020-11-28,https://www.jra.go.jp/datafile/seiseki/report/2020/2020-5hanshin8.pdf,official_daily_result_pdf
202009050809,2020,阪神,5,8,9,2020-11-28,https://www.jra.go.jp/datafile/seiseki/report/2020/2020-5hanshin8.pdf,official_daily_result_pdf
202009050810,2020,阪神,5,8,10,2020-11-28,https://www.jra.go.jp/datafile/seiseki/report/2020/2020-5hanshin8.pdf,official_daily_result_pdf
202009050811,2020,阪神,5,8,11,2020-11-28,https://www.jra.go.jp/datafile/seiseki/report/2020/2020-5hanshin8.pdf,official_daily_result_pdf
202009050812,2020,阪神,5,8,12,2020-11-28,https://www.jra.go.jp/datafile/seiseki/report/2020/2020-5hanshin8.pdf,official_daily_result_pdf
202009050901,2020,阪神,5,9,1,2020-11-29,https://www.jra.go.jp/datafile/seiseki/report/2020/2020-5hanshin9.pdf,official_daily_result_pdf
202009050902,2020,阪神,5,9,2,2020-11-29,https://www.jra.go.jp/datafile/seiseki/report/2020/2020-5hanshin9.pdf,official_daily_result_pdf
202009050903,2020,阪神,5,9,3,2020-11-29,https://www.jra.go.jp/datafile/seiseki/report/2020/2020-5hanshin9.pdf,official_daily_result_pdf
202009050904,2020,阪神,5,9,4,2020-11-29,https://www.jra.go.jp/datafile/seiseki/report/2020/2020-5hanshin9.pdf,official_daily_result_pdf
202009050905,2020,阪神,5,9,5,2020-11-29,https://www.jra.go.jp/datafile/seiseki/report/2020/2020-5hanshin9.pdf,official_daily_result_pdf
202009050906,2020,阪神,5,9,6,2020-11-29,https://www.jra.go.jp/datafile/seiseki/report/2020/2020-5hanshin9.pdf,official_daily_result_pdf
202009050907,2020,阪神,5,9,7,2020-11-29,https://www.jra.go.jp/datafile/seiseki/report/2020/2020-5hanshin9.pdf,official_daily_result_pdf
202009050908,2020,阪神,5,9,8,2020-11-29,https://www.jra.go.jp/datafile/seiseki/report/2020/2020-5hanshin9.pdf,official_daily_result_pdf
202009050909,2020,阪神,5,9,9,2020-11-29,https://www.jra.go.jp/datafile/seiseki/report/2020/2020-5hanshin9.pdf,official_daily_result_pdf
202009050910,2020,阪神,5,9,10,2020-11-29,https://www.jra.go.jp/datafile/seiseki/report/2020/2020-5hanshin9.pdf,official_daily_result_pdf
202009050911,2020,阪神,5,9,11,2020-11-29,https://www.jra.go.jp/datafile/seiseki/report/2020/2020-5hanshin9.pdf,official_daily_result_pdf
202009050912,2020,阪神,5,9,12,2020-11-29,https://www.jra.go.jp/datafile/seiseki/report/2020/2020-5hanshin9.pdf,official_daily_result_pdf
202009060101,2020,阪神,6,1,1,2020-12-05,https://www.jra.go.jp/datafile/seiseki/report/2020/2020-6hanshin1.pdf,official_daily_result_pdf
202009060102,2020,阪神,6,1,2,2020-12-05,https://www.jra.go.jp/datafile/seiseki/report/2020/2020-6hanshin1.pdf,official_daily_result_pdf
202009060103,2020,阪神,6,1,3,2020-12-05,https://www.jra.go.jp/datafile/seiseki/report/2020/2020-6hanshin1.pdf,official_daily_result_pdf
202009060104,2020,阪神,6,1,4,2020-12-05,https://www.jra.go.jp/datafile/seiseki/report/2020/2020-6hanshin1.pdf,official_daily_result_pdf
202009060105,2020,阪神,6,1,5,2020-12-05,https://www.jra.go.jp/datafile/seiseki/report/2020/2020-6hanshin1.pdf,official_daily_result_pdf
202009060106,2020,阪神,6,1,6,2020-12-05,https://www.jra.go.jp/datafile/seiseki/report/2020/2020-6hanshin1.pdf,official_daily_result_pdf
202009060107,2020,阪神,6,1,7,2020-12-05,https://www.jra.go.jp/datafile/seiseki/report/2020/2020-6hanshin1.pdf,official_daily_result_pdf
202009060108,2020,阪神,6,1,8,2020-12-05,https://www.jra.go.jp/datafile/seiseki/report/2020/2020-6hanshin1.pdf,official_daily_result_pdf
202009060109,2020,阪神,6,1,9,2020-12-05,https://www.jra.go.jp/datafile/seiseki/report/2020/2020-6hanshin1.pdf,official_daily_result_pdf
202009060110,2020,阪神,6,1,10,2020-12-05,https://www.jra.go.jp/datafile/seiseki/report/2020/2020-6hanshin1.pdf,official_daily_result_pdf
202009060111,2020,阪神,6,1,11,2020-12-05,https://www.jra.go.jp/datafile/seiseki/report/2020/2020-6hanshin1.pdf,official_daily_result_pdf
202009060112,2020,阪神,6,1,12,2020-12-05,https://www.jra.go.jp/datafile/seiseki/report/2020/2020-6hanshin1.pdf,official_daily_result_pdf
202009060201,2020,阪神,6,2,1,2020-12-06,https://www.jra.go.jp/datafile/seiseki/report/2020/2020-6hanshin2.pdf,official_daily_result_pdf
202009060202,2020,阪神,6,2,2,2020-12-06,https://www.jra.go.jp/datafile/seiseki/report/2020/2020-6hanshin2.pdf,official_daily_result_pdf
202009060203,2020,阪神,6,2,3,2020-12-06,https://www.jra.go.jp/datafile/seiseki/report/2020/2020-6hanshin2.pdf,official_daily_result_pdf
202009060204,2020,阪神,6,2,4,2020-12-06,https://www.jra.go.jp/datafile/seiseki/report/2020/2020-6hanshin2.pdf,official_daily_result_pdf
202009060205,2020,阪神,6,2,5,2020-12-06,https://www.jra.go.jp/datafile/seiseki/report/2020/2020-6hanshin2.pdf,official_daily_result_pdf
202009060206,2020,阪神,6,2,6,2020-12-06,https://www.jra.go.jp/datafile/seiseki/report/2020/2020-6hanshin2.pdf,official_daily_result_pdf
202009060207,2020,阪神,6,2,7,2020-12-06,https://www.jra.go.jp/datafile/seiseki/report/2020/2020-6hanshin2.pdf,official_daily_result_pdf
202009060208,2020,阪神,6,2,8,2020-12-06,https://www.jra.go.jp/datafile/seiseki/report/2020/2020-6hanshin2.pdf,official_daily_result_pdf
202009060209,2020,阪神,6,2,9,2020-12-06,https://www.jra.go.jp/datafile/seiseki/report/2020/2020-6hanshin2.pdf,official_daily_result_pdf
202009060210,2020,阪神,6,2,10,2020-12-06,https://www.jra.go.jp/datafile/seiseki/report/2020/2020-6hanshin2.pdf,official_daily_result_pdf
202009060211,2020,阪神,6,2,11,2020-12-06,https://www.jra.go.jp/datafile/seiseki/report/2020/2020-6hanshin2.pdf,official_daily_result_pdf
202009060212,2020,阪神,6,2,12,2020-12-06,https://www.jra.go.jp/datafile/seiseki/report/2020/2020-6hanshin2.pdf,official_daily_result_pdf
202009060301,2020,阪神,6,3,1,2020-12-12,https://www.jra.go.jp/datafile/seiseki/report/2020/2020-6hanshin3.pdf,official_daily_result_pdf
202009060302,2020,阪神,6,3,2,2020-12-12,https://www.jra.go.jp/datafile/seiseki/report/2020/2020-6hanshin3.pdf,official_daily_result_pdf
202009060303,2020,阪神,6,3,3,2020-12-12,https://www.jra.go.jp/datafile/seiseki/report/2020/2020-6hanshin3.pdf,official_daily_result_pdf
202009060304,2020,阪神,6,3,4,2020-12-12,https://www.jra.go.jp/datafile/seiseki/report/2020/2020-6hanshin3.pdf,official_daily_result_pdf
202009060305,2020,阪神,6,3,5,2020-12-12,https://www.jra.go.jp/datafile/seiseki/report/2020/2020-6hanshin3.pdf,official_daily_result_pdf
202009060306,2020,阪神,6,3,6,2020-12-12,https://www.jra.go.jp/datafile/seiseki/report/2020/2020-6hanshin3.pdf,official_daily_result_pdf
202009060307,2020,阪神,6,3,7,2020-12-12,https://www.jra.go.jp/datafile/seiseki/report/2020/2020-6hanshin3.pdf,official_daily_result_pdf
202009060308,2020,阪神,6,3,8,2020-12-12,https://www.jra.go.jp/datafile/seiseki/report/2020/2020-6hanshin3.pdf,official_daily_result_pdf
202009060309,2020,阪神,6,3,9,2020-12-12,https://www.jra.go.jp/datafile/seiseki/report/2020/2020-6hanshin3.pdf,official_daily_result_pdf
202009060310,2020,阪神,6,3,10,2020-12-12,https://www.jra.go.jp/datafile/seiseki/report/2020/2020-6hanshin3.pdf,official_daily_result_pdf
202009060311,2020,阪神,6,3,11,2020-12-12,https://www.jra.go.jp/datafile/seiseki/report/2020/2020-6hanshin3.pdf,official_daily_result_pdf
202009060312,2020,阪神,6,3,12,2020-12-12,https://www.jra.go.jp/datafile/seiseki/report/2020/2020-6hanshin3.pdf,official_daily_result_pdf
202009060401,2020,阪神,6,4,1,2020-12-13,https://www.jra.go.jp/datafile/seiseki/report/2020/2020-6hanshin4.pdf,official_daily_result_pdf
202009060402,2020,阪神,6,4,2,2020-12-13,https://www.jra.go.jp/datafile/seiseki/report/2020/2020-6hanshin4.pdf,official_daily_result_pdf
202009060403,2020,阪神,6,4,3,2020-12-13,https://www.jra.go.jp/datafile/seiseki/report/2020/2020-6hanshin4.pdf,official_daily_result_pdf
202009060404,2020,阪神,6,4,4,2020-12-13,https://www.jra.go.jp/datafile/seiseki/report/2020/2020-6hanshin4.pdf,official_daily_result_pdf
202009060405,2020,阪神,6,4,5,2020-12-13,https://www.jra.go.jp/datafile/seiseki/report/2020/2020-6hanshin4.pdf,official_daily_result_pdf
202009060406,2020,阪神,6,4,6,2020-12-13,https://www.jra.go.jp/datafile/seiseki/report/2020/2020-6hanshin4.pdf,official_daily_result_pdf
202009060407,2020,阪神,6,4,7,2020-12-13,https://www.jra.go.jp/datafile/seiseki/report/2020/2020-6hanshin4.pdf,official_daily_result_pdf
202009060408,2020,阪神,6,4,8,2020-12-13,https://www.jra.go.jp/datafile/seiseki/report/2020/2020-6hanshin4.pdf,official_daily_result_pdf
202009060409,2020,阪神,6,4,9,2020-12-13,https://www.jra.go.jp/datafile/seiseki/report/2020/2020-6hanshin4.pdf,official_daily_result_pdf
202009060410,2020,阪神,6,4,10,2020-12-13,https://www.jra.go.jp/datafile/seiseki/report/2020/2020-6hanshin4.pdf,official_daily_result_pdf
202009060411,2020,阪神,6,4,11,2020-12-13,https://www.jra.go.jp/datafile/seiseki/report/2020/2020-6hanshin4.pdf,official_daily_result_pdf
202009060412,2020,阪神,6,4,12,2020-12-13,https://www.jra.go.jp/datafile/seiseki/report/2020/2020-6hanshin4.pdf,official_daily_result_pdf
202009060501,2020,阪神,6,5,1,2020-12-19,https://www.jra.go.jp/datafile/seiseki/report/2020/2020-6hanshin5.pdf,official_daily_result_pdf
202009060502,2020,阪神,6,5,2,2020-12-19,https://www.jra.go.jp/datafile/seiseki/report/2020/2020-6hanshin5.pdf,official_daily_result_pdf
202009060503,2020,阪神,6,5,3,2020-12-19,https://www.jra.go.jp/datafile/seiseki/report/2020/2020-6hanshin5.pdf,official_daily_result_pdf
202009060504,2020,阪神,6,5,4,2020-12-19,https://www.jra.go.jp/datafile/seiseki/report/2020/2020-6hanshin5.pdf,official_daily_result_pdf
202009060505,2020,阪神,6,5,5,2020-12-19,https://www.jra.go.jp/datafile/seiseki/report/2020/2020-6hanshin5.pdf,official_daily_result_pdf
202009060506,2020,阪神,6,5,6,2020-12-19,https://www.jra.go.jp/datafile/seiseki/report/2020/2020-6hanshin5.pdf,official_daily_result_pdf
202009060507,2020,阪神,6,5,7,2020-12-19,https://www.jra.go.jp/datafile/seiseki/report/2020/2020-6hanshin5.pdf,official_daily_result_pdf
202009060508,2020,阪神,6,5,8,2020-12-19,https://www.jra.go.jp/datafile/seiseki/report/2020/2020-6hanshin5.pdf,official_daily_result_pdf
202009060509,2020,阪神,6,5,9,2020-12-19,https://www.jra.go.jp/datafile/seiseki/report/2020/2020-6hanshin5.pdf,official_daily_result_pdf
202009060510,2020,阪神,6,5,10,2020-12-19,https://www.jra.go.jp/datafile/seiseki/report/2020/2020-6hanshin5.pdf,official_daily_result_pdf
202009060511,2020,阪神,6,5,11,2020-12-19,https://www.jra.go.jp/datafile/seiseki/report/2020/2020-6hanshin5.pdf,official_daily_result_pdf
202009060512,2020,阪神,6,5,12,2020-12-19,https://www.jra.go.jp/datafile/seiseki/report/2020/2020-6hanshin5.pdf,official_daily_result_pdf
202009060601,2020,阪神,6,6,1,2020-12-20,https://www.jra.go.jp/datafile/seiseki/report/2020/2020-6hanshin6.pdf,official_daily_result_pdf
202009060602,2020,阪神,6,6,2,2020-12-20,https://www.jra.go.jp/datafile/seiseki/report/2020/2020-6hanshin6.pdf,official_daily_result_pdf
202009060603,2020,阪神,6,6,3,2020-12-20,https://www.jra.go.jp/datafile/seiseki/report/2020/2020-6hanshin6.pdf,official_daily_result_pdf
202009060604,2020,阪神,6,6,4,2020-12-20,https://www.jra.go.jp/datafile/seiseki/report/2020/2020-6hanshin6.pdf,official_daily_result_pdf
202009060605,2020,阪神,6,6,5,2020-12-20,https://www.jra.go.jp/datafile/seiseki/report/2020/2020-6hanshin6.pdf,official_daily_result_pdf
202009060606,2020,阪神,6,6,6,2020-12-20,https://www.jra.go.jp/datafile/seiseki/report/2020/2020-6hanshin6.pdf,official_daily_result_pdf
202009060607,2020,阪神,6,6,7,2020-12-20,https://www.jra.go.jp/datafile/seiseki/report/2020/2020-6hanshin6.pdf,official_daily_result_pdf
202009060608,2020,阪神,6,6,8,2020-12-20,https://www.jra.go.jp/datafile/seiseki/report/2020/2020-6hanshin6.pdf,official_daily_result_pdf
202009060609,2020,阪神,6,6,9,2020-12-20,https://www.jra.go.jp/datafile/seiseki/report/2020/2020-6hanshin6.pdf,official_daily_result_pdf
202009060610,2020,阪神,6,6,10,2020-12-20,https://www.jra.go.jp/datafile/seiseki/report/2020/2020-6hanshin6.pdf,official_daily_result_pdf
202009060611,2020,阪神,6,6,11,2020-12-20,https://www.jra.go.jp/datafile/seiseki/report/2020/2020-6hanshin6.pdf,official_daily_result_pdf
202009060612,2020,阪神,6,6,12,2020-12-20,https://www.jra.go.jp/datafile/seiseki/report/2020/2020-6hanshin6.pdf,official_daily_result_pdf
202009060701,2020,阪神,6,7,1,2020-12-26,https://www.jra.go.jp/datafile/seiseki/report/2020/2020-6hanshin7.pdf,official_daily_result_pdf
202009060702,2020,阪神,6,7,2,2020-12-26,https://www.jra.go.jp/datafile/seiseki/report/2020/2020-6hanshin7.pdf,official_daily_result_pdf
202009060703,2020,阪神,6,7,3,2020-12-26,https://www.jra.go.jp/datafile/seiseki/report/2020/2020-6hanshin7.pdf,official_daily_result_pdf
202009060704,2020,阪神,6,7,4,2020-12-26,https://www.jra.go.jp/datafile/seiseki/report/2020/2020-6hanshin7.pdf,official_daily_result_pdf
202009060705,2020,阪神,6,7,5,2020-12-26,https://www.jra.go.jp/datafile/seiseki/report/2020/2020-6hanshin7.pdf,official_daily_result_pdf
202009060706,2020,阪神,6,7,6,2020-12-26,https://www.jra.go.jp/datafile/seiseki/report/2020/2020-6hanshin7.pdf,official_daily_result_pdf
202009060707,2020,阪神,6,7,7,2020-12-26,https://www.jra.go.jp/datafile/seiseki/report/2020/2020-6hanshin7.pdf,official_daily_result_pdf
202009060708,2020,阪神,6,7,8,2020-12-26,https://www.jra.go.jp/datafile/seiseki/report/2020/2020-6hanshin7.pdf,official_daily_result_pdf
202009060709,2020,阪神,6,7,9,2020-12-26,https://www.jra.go.jp/datafile/seiseki/report/2020/2020-6hanshin7.pdf,official_daily_result_pdf
202009060710,2020,阪神,6,7,10,2020-12-26,https://www.jra.go.jp/datafile/seiseki/report/2020/2020-6hanshin7.pdf,official_daily_result_pdf
202009060711,2020,阪神,6,7,11,2020-12-26,https://www.jra.go.jp/datafile/seiseki/report/2020/2020-6hanshin7.pdf,official_daily_result_pdf
202009060712,2020,阪神,6,7,12,2020-12-26,https://www.jra.go.jp/datafile/seiseki/report/2020/2020-6hanshin7.pdf,official_daily_result_pdf
202009060801,2020,阪神,6,8,1,2020-12-27,https://www.jra.go.jp/datafile/seiseki/report/2020/2020-6hanshin8.pdf,official_daily_result_pdf
202009060802,2020,阪神,6,8,2,2020-12-27,https://www.jra.go.jp/datafile/seiseki/report/2020/2020-6hanshin8.pdf,official_daily_result_pdf
202009060803,2020,阪神,6,8,3,2020-12-27,https://www.jra.go.jp/datafile/seiseki/report/2020/2020-6hanshin8.pdf,official_daily_result_pdf
202009060804,2020,阪神,6,8,4,2020-12-27,https://www.jra.go.jp/datafile/seiseki/report/2020/2020-6hanshin8.pdf,official_daily_result_pdf
202009060805,2020,阪神,6,8,5,2020-12-27,https://www.jra.go.jp/datafile/seiseki/report/2020/2020-6hanshin8.pdf,official_daily_result_pdf
202009060806,2020,阪神,6,8,6,2020-12-27,https://www.jra.go.jp/datafile/seiseki/report/2020/2020-6hanshin8.pdf,official_daily_result_pdf
202009060807,2020,阪神,6,8,7,2020-12-27,https://www.jra.go.jp/datafile/seiseki/report/2020/2020-6hanshin8.pdf,official_daily_result_pdf
202009060808,2020,阪神,6,8,8,2020-12-27,https://www.jra.go.jp/datafile/seiseki/report/2020/2020-6hanshin8.pdf,official_daily_result_pdf
202009060809,2020,阪神,6,8,9,2020-12-27,https://www.jra.go.jp/datafile/seiseki/report/2020/2020-6hanshin8.pdf,official_daily_result_pdf
202009060810,2020,阪神,6,8,10,2020-12-27,https://www.jra.go.jp/datafile/seiseki/report/2020/2020-6hanshin8.pdf,official_daily_result_pdf
202009060811,2020,阪神,6,8,11,2020-12-27,https://www.jra.go.jp/datafile/seiseki/report/2020/2020-6hanshin8.pdf,official_daily_result_pdf
202009060812,2020,阪神,6,8,12,2020-12-27,https://www.jra.go.jp/datafile/seiseki/report/2020/2020-6hanshin8.pdf,official_daily_result_pdf
202010010101,2020,小倉,1,1,1,2020-01-18,https://www.jra.go.jp/datafile/seiseki/report/2020/2020-1kokura1.pdf,official_daily_result_pdf
202010010102,2020,小倉,1,1,2,2020-01-18,https://www.jra.go.jp/datafile/seiseki/report/2020/2020-1kokura1.pdf,official_daily_result_pdf
202010010103,2020,小倉,1,1,3,2020-01-18,https://www.jra.go.jp/datafile/seiseki/report/2020/2020-1kokura1.pdf,official_daily_result_pdf
202010010104,2020,小倉,1,1,4,2020-01-18,https://www.jra.go.jp/datafile/seiseki/report/2020/2020-1kokura1.pdf,official_daily_result_pdf
202010010105,2020,小倉,1,1,5,2020-01-18,https://www.jra.go.jp/datafile/seiseki/report/2020/2020-1kokura1.pdf,official_daily_result_pdf
202010010106,2020,小倉,1,1,6,2020-01-18,https://www.jra.go.jp/datafile/seiseki/report/2020/2020-1kokura1.pdf,official_daily_result_pdf
202010010107,2020,小倉,1,1,7,2020-01-18,https://www.jra.go.jp/datafile/seiseki/report/2020/2020-1kokura1.pdf,official_daily_result_pdf
202010010108,2020,小倉,1,1,8,2020-01-18,https://www.jra.go.jp/datafile/seiseki/report/2020/2020-1kokura1.pdf,official_daily_result_pdf
202010010109,2020,小倉,1,1,9,2020-01-18,https://www.jra.go.jp/datafile/seiseki/report/2020/2020-1kokura1.pdf,official_daily_result_pdf
202010010110,2020,小倉,1,1,10,2020-01-18,https://www.jra.go.jp/datafile/seiseki/report/2020/2020-1kokura1.pdf,official_daily_result_pdf
202010010111,2020,小倉,1,1,11,2020-01-18,https://www.jra.go.jp/datafile/seiseki/report/2020/2020-1kokura1.pdf,official_daily_result_pdf
202010010112,2020,小倉,1,1,12,2020-01-18,https://www.jra.go.jp/datafile/seiseki/report/2020/2020-1kokura1.pdf,official_daily_result_pdf
202010010201,2020,小倉,1,2,1,2020-01-19,https://www.jra.go.jp/datafile/seiseki/report/2020/2020-1kokura2.pdf,official_daily_result_pdf
202010010202,2020,小倉,1,2,2,2020-01-19,https://www.jra.go.jp/datafile/seiseki/report/2020/2020-1kokura2.pdf,official_daily_result_pdf
202010010203,2020,小倉,1,2,3,2020-01-19,https://www.jra.go.jp/datafile/seiseki/report/2020/2020-1kokura2.pdf,official_daily_result_pdf
202010010204,2020,小倉,1,2,4,2020-01-19,https://www.jra.go.jp/datafile/seiseki/report/2020/2020-1kokura2.pdf,official_daily_result_pdf
202010010205,2020,小倉,1,2,5,2020-01-19,https://www.jra.go.jp/datafile/seiseki/report/2020/2020-1kokura2.pdf,official_daily_result_pdf
202010010206,2020,小倉,1,2,6,2020-01-19,https://www.jra.go.jp/datafile/seiseki/report/2020/2020-1kokura2.pdf,official_daily_result_pdf
202010010207,2020,小倉,1,2,7,2020-01-19,https://www.jra.go.jp/datafile/seiseki/report/2020/2020-1kokura2.pdf,official_daily_result_pdf
202010010208,2020,小倉,1,2,8,2020-01-19,https://www.jra.go.jp/datafile/seiseki/report/2020/2020-1kokura2.pdf,official_daily_result_pdf
202010010209,2020,小倉,1,2,9,2020-01-19,https://www.jra.go.jp/datafile/seiseki/report/2020/2020-1kokura2.pdf,official_daily_result_pdf
202010010210,2020,小倉,1,2,10,2020-01-19,https://www.jra.go.jp/datafile/seiseki/report/2020/2020-1kokura2.pdf,official_daily_result_pdf
202010010211,2020,小倉,1,2,11,2020-01-19,https://www.jra.go.jp/datafile/seiseki/report/2020/2020-1kokura2.pdf,official_daily_result_pdf
202010010212,2020,小倉,1,2,12,2020-01-19,https://www.jra.go.jp/datafile/seiseki/report/2020/2020-1kokura2.pdf,official_daily_result_pdf
202010010301,2020,小倉,1,3,1,2020-01-25,https://www.jra.go.jp/datafile/seiseki/report/2020/2020-1kokura3.pdf,official_daily_result_pdf
202010010302,2020,小倉,1,3,2,2020-01-25,https://www.jra.go.jp/datafile/seiseki/report/2020/2020-1kokura3.pdf,official_daily_result_pdf
202010010303,2020,小倉,1,3,3,2020-01-25,https://www.jra.go.jp/datafile/seiseki/report/2020/2020-1kokura3.pdf,official_daily_result_pdf
202010010304,2020,小倉,1,3,4,2020-01-25,https://www.jra.go.jp/datafile/seiseki/report/2020/2020-1kokura3.pdf,official_daily_result_pdf
202010010305,2020,小倉,1,3,5,2020-01-25,https://www.jra.go.jp/datafile/seiseki/report/2020/2020-1kokura3.pdf,official_daily_result_pdf
202010010306,2020,小倉,1,3,6,2020-01-25,https://www.jra.go.jp/datafile/seiseki/report/2020/2020-1kokura3.pdf,official_daily_result_pdf
202010010307,2020,小倉,1,3,7,2020-01-25,https://www.jra.go.jp/datafile/seiseki/report/2020/2020-1kokura3.pdf,official_daily_result_pdf
202010010308,2020,小倉,1,3,8,2020-01-25,https://www.jra.go.jp/datafile/seiseki/report/2020/2020-1kokura3.pdf,official_daily_result_pdf
202010010309,2020,小倉,1,3,9,2020-01-25,https://www.jra.go.jp/datafile/seiseki/report/2020/2020-1kokura3.pdf,official_daily_result_pdf
202010010310,2020,小倉,1,3,10,2020-01-25,https://www.jra.go.jp/datafile/seiseki/report/2020/2020-1kokura3.pdf,official_daily_result_pdf
202010010311,2020,小倉,1,3,11,2020-01-25,https://www.jra.go.jp/datafile/seiseki/report/2020/2020-1kokura3.pdf,official_daily_result_pdf
202010010312,2020,小倉,1,3,12,2020-01-25,https://www.jra.go.jp/datafile/seiseki/report/2020/2020-1kokura3.pdf,official_daily_result_pdf
202010010401,2020,小倉,1,4,1,2020-01-26,https://www.jra.go.jp/datafile/seiseki/report/2020/2020-1kokura4.pdf,official_daily_result_pdf
202010010402,2020,小倉,1,4,2,2020-01-26,https://www.jra.go.jp/datafile/seiseki/report/2020/2020-1kokura4.pdf,official_daily_result_pdf
202010010403,2020,小倉,1,4,3,2020-01-26,https://www.jra.go.jp/datafile/seiseki/report/2020/2020-1kokura4.pdf,official_daily_result_pdf
202010010404,2020,小倉,1,4,4,2020-01-26,https://www.jra.go.jp/datafile/seiseki/report/2020/2020-1kokura4.pdf,official_daily_result_pdf
202010010405,2020,小倉,1,4,5,2020-01-26,https://www.jra.go.jp/datafile/seiseki/report/2020/2020-1kokura4.pdf,official_daily_result_pdf
202010010406,2020,小倉,1,4,6,2020-01-26,https://www.jra.go.jp/datafile/seiseki/report/2020/2020-1kokura4.pdf,official_daily_result_pdf
202010010407,2020,小倉,1,4,7,2020-01-26,https://www.jra.go.jp/datafile/seiseki/report/2020/2020-1kokura4.pdf,official_daily_result_pdf
202010010408,2020,小倉,1,4,8,2020-01-26,https://www.jra.go.jp/datafile/seiseki/report/2020/2020-1kokura4.pdf,official_daily_result_pdf
202010010409,2020,小倉,1,4,9,2020-01-26,https://www.jra.go.jp/datafile/seiseki/report/2020/2020-1kokura4.pdf,official_daily_result_pdf
202010010410,2020,小倉,1,4,10,2020-01-26,https://www.jra.go.jp/datafile/seiseki/report/2020/2020-1kokura4.pdf,official_daily_result_pdf
202010010411,2020,小倉,1,4,11,2020-01-26,https://www.jra.go.jp/datafile/seiseki/report/2020/2020-1kokura4.pdf,official_daily_result_pdf
202010010412,2020,小倉,1,4,12,2020-01-26,https://www.jra.go.jp/datafile/seiseki/report/2020/2020-1kokura4.pdf,official_daily_result_pdf
202010010501,2020,小倉,1,5,1,2020-02-01,https://www.jra.go.jp/datafile/seiseki/report/2020/2020-1kokura5.pdf,official_daily_result_pdf
202010010502,2020,小倉,1,5,2,2020-02-01,https://www.jra.go.jp/datafile/seiseki/report/2020/2020-1kokura5.pdf,official_daily_result_pdf
202010010503,2020,小倉,1,5,3,2020-02-01,https://www.jra.go.jp/datafile/seiseki/report/2020/2020-1kokura5.pdf,official_daily_result_pdf
202010010504,2020,小倉,1,5,4,2020-02-01,https://www.jra.go.jp/datafile/seiseki/report/2020/2020-1kokura5.pdf,official_daily_result_pdf
202010010505,2020,小倉,1,5,5,2020-02-01,https://www.jra.go.jp/datafile/seiseki/report/2020/2020-1kokura5.pdf,official_daily_result_pdf
202010010506,2020,小倉,1,5,6,2020-02-01,https://www.jra.go.jp/datafile/seiseki/report/2020/2020-1kokura5.pdf,official_daily_result_pdf
202010010507,2020,小倉,1,5,7,2020-02-01,https://www.jra.go.jp/datafile/seiseki/report/2020/2020-1kokura5.pdf,official_daily_result_pdf
202010010508,2020,小倉,1,5,8,2020-02-01,https://www.jra.go.jp/datafile/seiseki/report/2020/2020-1kokura5.pdf,official_daily_result_pdf
202010010509,2020,小倉,1,5,9,2020-02-01,https://www.jra.go.jp/datafile/seiseki/report/2020/2020-1kokura5.pdf,official_daily_result_pdf
202010010510,2020,小倉,1,5,10,2020-02-01,https://www.jra.go.jp/datafile/seiseki/report/2020/2020-1kokura5.pdf,official_daily_result_pdf
202010010511,2020,小倉,1,5,11,2020-02-01,https://www.jra.go.jp/datafile/seiseki/report/2020/2020-1kokura5.pdf,official_daily_result_pdf
202010010512,2020,小倉,1,5,12,2020-02-01,https://www.jra.go.jp/datafile/seiseki/report/2020/2020-1kokura5.pdf,official_daily_result_pdf
202010010601,2020,小倉,1,6,1,2020-02-02,https://www.jra.go.jp/datafile/seiseki/report/2020/2020-1kokura6.pdf,official_daily_result_pdf
202010010602,2020,小倉,1,6,2,2020-02-02,https://www.jra.go.jp/datafile/seiseki/report/2020/2020-1kokura6.pdf,official_daily_result_pdf
202010010603,2020,小倉,1,6,3,2020-02-02,https://www.jra.go.jp/datafile/seiseki/report/2020/2020-1kokura6.pdf,official_daily_result_pdf
202010010604,2020,小倉,1,6,4,2020-02-02,https://www.jra.go.jp/datafile/seiseki/report/2020/2020-1kokura6.pdf,official_daily_result_pdf
202010010605,2020,小倉,1,6,5,2020-02-02,https://www.jra.go.jp/datafile/seiseki/report/2020/2020-1kokura6.pdf,official_daily_result_pdf
202010010606,2020,小倉,1,6,6,2020-02-02,https://www.jra.go.jp/datafile/seiseki/report/2020/2020-1kokura6.pdf,official_daily_result_pdf
202010010607,2020,小倉,1,6,7,2020-02-02,https://www.jra.go.jp/datafile/seiseki/report/2020/2020-1kokura6.pdf,official_daily_result_pdf
202010010608,2020,小倉,1,6,8,2020-02-02,https://www.jra.go.jp/datafile/seiseki/report/2020/2020-1kokura6.pdf,official_daily_result_pdf
202010010609,2020,小倉,1,6,9,2020-02-02,https://www.jra.go.jp/datafile/seiseki/report/2020/2020-1kokura6.pdf,official_daily_result_pdf
202010010610,2020,小倉,1,6,10,2020-02-02,https://www.jra.go.jp/datafile/seiseki/report/2020/2020-1kokura6.pdf,official_daily_result_pdf
202010010611,2020,小倉,1,6,11,2020-02-02,https://www.jra.go.jp/datafile/seiseki/report/2020/2020-1kokura6.pdf,official_daily_result_pdf
202010010612,2020,小倉,1,6,12,2020-02-02,https://www.jra.go.jp/datafile/seiseki/report/2020/2020-1kokura6.pdf,official_daily_result_pdf
202010010701,2020,小倉,1,7,1,2020-02-08,https://www.jra.go.jp/datafile/seiseki/report/2020/2020-1kokura7.pdf,official_daily_result_pdf
202010010702,2020,小倉,1,7,2,2020-02-08,https://www.jra.go.jp/datafile/seiseki/report/2020/2020-1kokura7.pdf,official_daily_result_pdf
202010010703,2020,小倉,1,7,3,2020-02-08,https://www.jra.go.jp/datafile/seiseki/report/2020/2020-1kokura7.pdf,official_daily_result_pdf
202010010704,2020,小倉,1,7,4,2020-02-08,https://www.jra.go.jp/datafile/seiseki/report/2020/2020-1kokura7.pdf,official_daily_result_pdf
202010010705,2020,小倉,1,7,5,2020-02-08,https://www.jra.go.jp/datafile/seiseki/report/2020/2020-1kokura7.pdf,official_daily_result_pdf
202010010706,2020,小倉,1,7,6,2020-02-08,https://www.jra.go.jp/datafile/seiseki/report/2020/2020-1kokura7.pdf,official_daily_result_pdf
202010010707,2020,小倉,1,7,7,2020-02-08,https://www.jra.go.jp/datafile/seiseki/report/2020/2020-1kokura7.pdf,official_daily_result_pdf
202010010708,2020,小倉,1,7,8,2020-02-08,https://www.jra.go.jp/datafile/seiseki/report/2020/2020-1kokura7.pdf,official_daily_result_pdf
202010010709,2020,小倉,1,7,9,2020-02-08,https://www.jra.go.jp/datafile/seiseki/report/2020/2020-1kokura7.pdf,official_daily_result_pdf
202010010710,2020,小倉,1,7,10,2020-02-08,https://www.jra.go.jp/datafile/seiseki/report/2020/2020-1kokura7.pdf,official_daily_result_pdf
202010010711,2020,小倉,1,7,11,2020-02-08,https://www.jra.go.jp/datafile/seiseki/report/2020/2020-1kokura7.pdf,official_daily_result_pdf
202010010712,2020,小倉,1,7,12,2020-02-08,https://www.jra.go.jp/datafile/seiseki/report/2020/2020-1kokura7.pdf,official_daily_result_pdf
202010010801,2020,小倉,1,8,1,2020-02-09,https://www.jra.go.jp/datafile/seiseki/report/2020/2020-1kokura8.pdf,official_daily_result_pdf
202010010802,2020,小倉,1,8,2,2020-02-09,https://www.jra.go.jp/datafile/seiseki/report/2020/2020-1kokura8.pdf,official_daily_result_pdf
202010010803,2020,小倉,1,8,3,2020-02-09,https://www.jra.go.jp/datafile/seiseki/report/2020/2020-1kokura8.pdf,official_daily_result_pdf
202010010804,2020,小倉,1,8,4,2020-02-09,https://www.jra.go.jp/datafile/seiseki/report/2020/2020-1kokura8.pdf,official_daily_result_pdf
202010010805,2020,小倉,1,8,5,2020-02-09,https://www.jra.go.jp/datafile/seiseki/report/2020/2020-1kokura8.pdf,official_daily_result_pdf
202010010806,2020,小倉,1,8,6,2020-02-09,https://www.jra.go.jp/datafile/seiseki/report/2020/2020-1kokura8.pdf,official_daily_result_pdf
202010010807,2020,小倉,1,8,7,2020-02-09,https://www.jra.go.jp/datafile/seiseki/report/2020/2020-1kokura8.pdf,official_daily_result_pdf
202010010808,2020,小倉,1,8,8,2020-02-09,https://www.jra.go.jp/datafile/seiseki/report/2020/2020-1kokura8.pdf,official_daily_result_pdf
202010010809,2020,小倉,1,8,9,2020-02-09,https://www.jra.go.jp/datafile/seiseki/report/2020/2020-1kokura8.pdf,official_daily_result_pdf
202010010810,2020,小倉,1,8,10,2020-02-09,https://www.jra.go.jp/datafile/seiseki/report/2020/2020-1kokura8.pdf,official_daily_result_pdf
202010010811,2020,小倉,1,8,11,2020-02-09,https://www.jra.go.jp/datafile/seiseki/report/2020/2020-1kokura8.pdf,official_daily_result_pdf
202010010812,2020,小倉,1,8,12,2020-02-09,https://www.jra.go.jp/datafile/seiseki/report/2020/2020-1kokura8.pdf,official_daily_result_pdf
202010010901,2020,小倉,1,9,1,2020-02-15,https://www.jra.go.jp/datafile/seiseki/report/2020/2020-1kokura9.pdf,official_daily_result_pdf
202010010902,2020,小倉,1,9,2,2020-02-15,https://www.jra.go.jp/datafile/seiseki/report/2020/2020-1kokura9.pdf,official_daily_result_pdf
202010010903,2020,小倉,1,9,3,2020-02-15,https://www.jra.go.jp/datafile/seiseki/report/2020/2020-1kokura9.pdf,official_daily_result_pdf
202010010904,2020,小倉,1,9,4,2020-02-15,https://www.jra.go.jp/datafile/seiseki/report/2020/2020-1kokura9.pdf,official_daily_result_pdf
202010010905,2020,小倉,1,9,5,2020-02-15,https://www.jra.go.jp/datafile/seiseki/report/2020/2020-1kokura9.pdf,official_daily_result_pdf
202010010906,2020,小倉,1,9,6,2020-02-15,https://www.jra.go.jp/datafile/seiseki/report/2020/2020-1kokura9.pdf,official_daily_result_pdf
202010010907,2020,小倉,1,9,7,2020-02-15,https://www.jra.go.jp/datafile/seiseki/report/2020/2020-1kokura9.pdf,official_daily_result_pdf
202010010908,2020,小倉,1,9,8,2020-02-15,https://www.jra.go.jp/datafile/seiseki/report/2020/2020-1kokura9.pdf,official_daily_result_pdf
202010010909,2020,小倉,1,9,9,2020-02-15,https://www.jra.go.jp/datafile/seiseki/report/2020/2020-1kokura9.pdf,official_daily_result_pdf
202010010910,2020,小倉,1,9,10,2020-02-15,https://www.jra.go.jp/datafile/seiseki/report/2020/2020-1kokura9.pdf,official_daily_result_pdf
202010010911,2020,小倉,1,9,11,2020-02-15,https://www.jra.go.jp/datafile/seiseki/report/2020/2020-1kokura9.pdf,official_daily_result_pdf
202010010912,2020,小倉,1,9,12,2020-02-15,https://www.jra.go.jp/datafile/seiseki/report/2020/2020-1kokura9.pdf,official_daily_result_pdf
202010011001,2020,小倉,1,10,1,2020-02-16,https://www.jra.go.jp/datafile/seiseki/report/2020/2020-1kokura10.pdf,official_daily_result_pdf
202010011002,2020,小倉,1,10,2,2020-02-16,https://www.jra.go.jp/datafile/seiseki/report/2020/2020-1kokura10.pdf,official_daily_result_pdf
202010011003,2020,小倉,1,10,3,2020-02-16,https://www.jra.go.jp/datafile/seiseki/report/2020/2020-1kokura10.pdf,official_daily_result_pdf
202010011004,2020,小倉,1,10,4,2020-02-16,https://www.jra.go.jp/datafile/seiseki/report/2020/2020-1kokura10.pdf,official_daily_result_pdf
202010011005,2020,小倉,1,10,5,2020-02-16,https://www.jra.go.jp/datafile/seiseki/report/2020/2020-1kokura10.pdf,official_daily_result_pdf
202010011006,2020,小倉,1,10,6,2020-02-16,https://www.jra.go.jp/datafile/seiseki/report/2020/2020-1kokura10.pdf,official_daily_result_pdf
202010011007,2020,小倉,1,10,7,2020-02-16,https://www.jra.go.jp/datafile/seiseki/report/2020/2020-1kokura10.pdf,official_daily_result_pdf
202010011008,2020,小倉,1,10,8,2020-02-16,https://www.jra.go.jp/datafile/seiseki/report/2020/2020-1kokura10.pdf,official_daily_result_pdf
202010011009,2020,小倉,1,10,9,2020-02-16,https://www.jra.go.jp/datafile/seiseki/report/2020/2020-1kokura10.pdf,official_daily_result_pdf
202010011010,2020,小倉,1,10,10,2020-02-16,https://www.jra.go.jp/datafile/seiseki/report/2020/2020-1kokura10.pdf,official_daily_result_pdf
202010011011,2020,小倉,1,10,11,2020-02-16,https://www.jra.go.jp/datafile/seiseki/report/2020/2020-1kokura10.pdf,official_daily_result_pdf
202010011012,2020,小倉,1,10,12,2020-02-16,https://www.jra.go.jp/datafile/seiseki/report/2020/2020-1kokura10.pdf,official_daily_result_pdf
202010011101,2020,小倉,1,11,1,2020-02-22,https://www.jra.go.jp/datafile/seiseki/report/2020/2020-1kokura11.pdf,official_daily_result_pdf
202010011102,2020,小倉,1,11,2,2020-02-22,https://www.jra.go.jp/datafile/seiseki/report/2020/2020-1kokura11.pdf,official_daily_result_pdf
202010011103,2020,小倉,1,11,3,2020-02-22,https://www.jra.go.jp/datafile/seiseki/report/2020/2020-1kokura11.pdf,official_daily_result_pdf
202010011104,2020,小倉,1,11,4,2020-02-22,https://www.jra.go.jp/datafile/seiseki/report/2020/2020-1kokura11.pdf,official_daily_result_pdf
202010011105,2020,小倉,1,11,5,2020-02-22,https://www.jra.go.jp/datafile/seiseki/report/2020/2020-1kokura11.pdf,official_daily_result_pdf
202010011106,2020,小倉,1,11,6,2020-02-22,https://www.jra.go.jp/datafile/seiseki/report/2020/2020-1kokura11.pdf,official_daily_result_pdf
202010011107,2020,小倉,1,11,7,2020-02-22,https://www.jra.go.jp/datafile/seiseki/report/2020/2020-1kokura11.pdf,official_daily_result_pdf
202010011108,2020,小倉,1,11,8,2020-02-22,https://www.jra.go.jp/datafile/seiseki/report/2020/2020-1kokura11.pdf,official_daily_result_pdf
202010011109,2020,小倉,1,11,9,2020-02-22,https://www.jra.go.jp/datafile/seiseki/report/2020/2020-1kokura11.pdf,official_daily_result_pdf
202010011110,2020,小倉,1,11,10,2020-02-22,https://www.jra.go.jp/datafile/seiseki/report/2020/2020-1kokura11.pdf,official_daily_result_pdf
202010011111,2020,小倉,1,11,11,2020-02-22,https://www.jra.go.jp/datafile/seiseki/report/2020/2020-1kokura11.pdf,official_daily_result_pdf
202010011112,2020,小倉,1,11,12,2020-02-22,https://www.jra.go.jp/datafile/seiseki/report/2020/2020-1kokura11.pdf,official_daily_result_pdf
202010011201,2020,小倉,1,12,1,2020-02-23,https://www.jra.go.jp/datafile/seiseki/report/2020/2020-1kokura12.pdf,official_daily_result_pdf
202010011202,2020,小倉,1,12,2,2020-02-23,https://www.jra.go.jp/datafile/seiseki/report/2020/2020-1kokura12.pdf,official_daily_result_pdf
202010011203,2020,小倉,1,12,3,2020-02-23,https://www.jra.go.jp/datafile/seiseki/report/2020/2020-1kokura12.pdf,official_daily_result_pdf
202010011204,2020,小倉,1,12,4,2020-02-23,https://www.jra.go.jp/datafile/seiseki/report/2020/2020-1kokura12.pdf,official_daily_result_pdf
202010011205,2020,小倉,1,12,5,2020-02-23,https://www.jra.go.jp/datafile/seiseki/report/2020/2020-1kokura12.pdf,official_daily_result_pdf
202010011206,2020,小倉,1,12,6,2020-02-23,https://www.jra.go.jp/datafile/seiseki/report/2020/2020-1kokura12.pdf,official_daily_result_pdf
202010011207,2020,小倉,1,12,7,2020-02-23,https://www.jra.go.jp/datafile/seiseki/report/2020/2020-1kokura12.pdf,official_daily_result_pdf
202010011208,2020,小倉,1,12,8,2020-02-23,https://www.jra.go.jp/datafile/seiseki/report/2020/2020-1kokura12.pdf,official_daily_result_pdf
202010011209,2020,小倉,1,12,9,2020-02-23,https://www.jra.go.jp/datafile/seiseki/report/2020/2020-1kokura12.pdf,official_daily_result_pdf
202010011210,2020,小倉,1,12,10,2020-02-23,https://www.jra.go.jp/datafile/seiseki/report/2020/2020-1kokura12.pdf,official_daily_result_pdf
202010011211,2020,小倉,1,12,11,2020-02-23,https://www.jra.go.jp/datafile/seiseki/report/2020/2020-1kokura12.pdf,official_daily_result_pdf
202010011212,2020,小倉,1,12,12,2020-02-23,https://www.jra.go.jp/datafile/seiseki/report/2020/2020-1kokura12.pdf,official_daily_result_pdf
202010020101,2020,小倉,2,1,1,2020-08-15,https://www.jra.go.jp/datafile/seiseki/report/2020/2020-2kokura1.pdf,official_daily_result_pdf
202010020102,2020,小倉,2,1,2,2020-08-15,https://www.jra.go.jp/datafile/seiseki/report/2020/2020-2kokura1.pdf,official_daily_result_pdf
202010020103,2020,小倉,2,1,3,2020-08-15,https://www.jra.go.jp/datafile/seiseki/report/2020/2020-2kokura1.pdf,official_daily_result_pdf
202010020104,2020,小倉,2,1,4,2020-08-15,https://www.jra.go.jp/datafile/seiseki/report/2020/2020-2kokura1.pdf,official_daily_result_pdf
202010020105,2020,小倉,2,1,5,2020-08-15,https://www.jra.go.jp/datafile/seiseki/report/2020/2020-2kokura1.pdf,official_daily_result_pdf
202010020106,2020,小倉,2,1,6,2020-08-15,https://www.jra.go.jp/datafile/seiseki/report/2020/2020-2kokura1.pdf,official_daily_result_pdf
202010020107,2020,小倉,2,1,7,2020-08-15,https://www.jra.go.jp/datafile/seiseki/report/2020/2020-2kokura1.pdf,official_daily_result_pdf
202010020108,2020,小倉,2,1,8,2020-08-15,https://www.jra.go.jp/datafile/seiseki/report/2020/2020-2kokura1.pdf,official_daily_result_pdf
202010020109,2020,小倉,2,1,9,2020-08-15,https://www.jra.go.jp/datafile/seiseki/report/2020/2020-2kokura1.pdf,official_daily_result_pdf
202010020110,2020,小倉,2,1,10,2020-08-15,https://www.jra.go.jp/datafile/seiseki/report/2020/2020-2kokura1.pdf,official_daily_result_pdf
202010020111,2020,小倉,2,1,11,2020-08-15,https://www.jra.go.jp/datafile/seiseki/report/2020/2020-2kokura1.pdf,official_daily_result_pdf
202010020112,2020,小倉,2,1,12,2020-08-15,https://www.jra.go.jp/datafile/seiseki/report/2020/2020-2kokura1.pdf,official_daily_result_pdf
202010020201,2020,小倉,2,2,1,2020-08-16,https://www.jra.go.jp/datafile/seiseki/report/2020/2020-2kokura2.pdf,official_daily_result_pdf
202010020202,2020,小倉,2,2,2,2020-08-16,https://www.jra.go.jp/datafile/seiseki/report/2020/2020-2kokura2.pdf,official_daily_result_pdf
202010020203,2020,小倉,2,2,3,2020-08-16,https://www.jra.go.jp/datafile/seiseki/report/2020/2020-2kokura2.pdf,official_daily_result_pdf
202010020204,2020,小倉,2,2,4,2020-08-16,https://www.jra.go.jp/datafile/seiseki/report/2020/2020-2kokura2.pdf,official_daily_result_pdf
202010020205,2020,小倉,2,2,5,2020-08-16,https://www.jra.go.jp/datafile/seiseki/report/2020/2020-2kokura2.pdf,official_daily_result_pdf
202010020206,2020,小倉,2,2,6,2020-08-16,https://www.jra.go.jp/datafile/seiseki/report/2020/2020-2kokura2.pdf,official_daily_result_pdf
202010020207,2020,小倉,2,2,7,2020-08-16,https://www.jra.go.jp/datafile/seiseki/report/2020/2020-2kokura2.pdf,official_daily_result_pdf
202010020208,2020,小倉,2,2,8,2020-08-16,https://www.jra.go.jp/datafile/seiseki/report/2020/2020-2kokura2.pdf,official_daily_result_pdf
202010020209,2020,小倉,2,2,9,2020-08-16,https://www.jra.go.jp/datafile/seiseki/report/2020/2020-2kokura2.pdf,official_daily_result_pdf
202010020210,2020,小倉,2,2,10,2020-08-16,https://www.jra.go.jp/datafile/seiseki/report/2020/2020-2kokura2.pdf,official_daily_result_pdf
202010020211,2020,小倉,2,2,11,2020-08-16,https://www.jra.go.jp/datafile/seiseki/report/2020/2020-2kokura2.pdf,official_daily_result_pdf
202010020212,2020,小倉,2,2,12,2020-08-16,https://www.jra.go.jp/datafile/seiseki/report/2020/2020-2kokura2.pdf,official_daily_result_pdf
202010020301,2020,小倉,2,3,1,2020-08-22,https://www.jra.go.jp/datafile/seiseki/report/2020/2020-2kokura3.pdf,official_daily_result_pdf
202010020302,2020,小倉,2,3,2,2020-08-22,https://www.jra.go.jp/datafile/seiseki/report/2020/2020-2kokura3.pdf,official_daily_result_pdf
202010020303,2020,小倉,2,3,3,2020-08-22,https://www.jra.go.jp/datafile/seiseki/report/2020/2020-2kokura3.pdf,official_daily_result_pdf
202010020304,2020,小倉,2,3,4,2020-08-22,https://www.jra.go.jp/datafile/seiseki/report/2020/2020-2kokura3.pdf,official_daily_result_pdf
202010020305,2020,小倉,2,3,5,2020-08-22,https://www.jra.go.jp/datafile/seiseki/report/2020/2020-2kokura3.pdf,official_daily_result_pdf
202010020306,2020,小倉,2,3,6,2020-08-22,https://www.jra.go.jp/datafile/seiseki/report/2020/2020-2kokura3.pdf,official_daily_result_pdf
202010020307,2020,小倉,2,3,7,2020-08-22,https://www.jra.go.jp/datafile/seiseki/report/2020/2020-2kokura3.pdf,official_daily_result_pdf
202010020308,2020,小倉,2,3,8,2020-08-22,https://www.jra.go.jp/datafile/seiseki/report/2020/2020-2kokura3.pdf,official_daily_result_pdf
202010020309,2020,小倉,2,3,9,2020-08-22,https://www.jra.go.jp/datafile/seiseki/report/2020/2020-2kokura3.pdf,official_daily_result_pdf
202010020310,2020,小倉,2,3,10,2020-08-22,https://www.jra.go.jp/datafile/seiseki/report/2020/2020-2kokura3.pdf,official_daily_result_pdf
202010020311,2020,小倉,2,3,11,2020-08-22,https://www.jra.go.jp/datafile/seiseki/report/2020/2020-2kokura3.pdf,official_daily_result_pdf
202010020312,2020,小倉,2,3,12,2020-08-22,https://www.jra.go.jp/datafile/seiseki/report/2020/2020-2kokura3.pdf,official_daily_result_pdf
202010020401,2020,小倉,2,4,1,2020-08-23,https://www.jra.go.jp/datafile/seiseki/report/2020/2020-2kokura4.pdf,official_daily_result_pdf
202010020402,2020,小倉,2,4,2,2020-08-23,https://www.jra.go.jp/datafile/seiseki/report/2020/2020-2kokura4.pdf,official_daily_result_pdf
202010020403,2020,小倉,2,4,3,2020-08-23,https://www.jra.go.jp/datafile/seiseki/report/2020/2020-2kokura4.pdf,official_daily_result_pdf
202010020404,2020,小倉,2,4,4,2020-08-23,https://www.jra.go.jp/datafile/seiseki/report/2020/2020-2kokura4.pdf,official_daily_result_pdf
202010020405,2020,小倉,2,4,5,2020-08-23,https://www.jra.go.jp/datafile/seiseki/report/2020/2020-2kokura4.pdf,official_daily_result_pdf
202010020406,2020,小倉,2,4,6,2020-08-23,https://www.jra.go.jp/datafile/seiseki/report/2020/2020-2kokura4.pdf,official_daily_result_pdf
202010020407,2020,小倉,2,4,7,2020-08-23,https://www.jra.go.jp/datafile/seiseki/report/2020/2020-2kokura4.pdf,official_daily_result_pdf
202010020408,2020,小倉,2,4,8,2020-08-23,https://www.jra.go.jp/datafile/seiseki/report/2020/2020-2kokura4.pdf,official_daily_result_pdf
202010020409,2020,小倉,2,4,9,2020-08-23,https://www.jra.go.jp/datafile/seiseki/report/2020/2020-2kokura4.pdf,official_daily_result_pdf
202010020410,2020,小倉,2,4,10,2020-08-23,https://www.jra.go.jp/datafile/seiseki/report/2020/2020-2kokura4.pdf,official_daily_result_pdf
202010020411,2020,小倉,2,4,11,2020-08-23,https://www.jra.go.jp/datafile/seiseki/report/2020/2020-2kokura4.pdf,official_daily_result_pdf
202010020412,2020,小倉,2,4,12,2020-08-23,https://www.jra.go.jp/datafile/seiseki/report/2020/2020-2kokura4.pdf,official_daily_result_pdf
202010020501,2020,小倉,2,5,1,2020-08-29,https://www.jra.go.jp/datafile/seiseki/report/2020/2020-2kokura5.pdf,official_daily_result_pdf
202010020502,2020,小倉,2,5,2,2020-08-29,https://www.jra.go.jp/datafile/seiseki/report/2020/2020-2kokura5.pdf,official_daily_result_pdf
202010020503,2020,小倉,2,5,3,2020-08-29,https://www.jra.go.jp/datafile/seiseki/report/2020/2020-2kokura5.pdf,official_daily_result_pdf
202010020504,2020,小倉,2,5,4,2020-08-29,https://www.jra.go.jp/datafile/seiseki/report/2020/2020-2kokura5.pdf,official_daily_result_pdf
202010020505,2020,小倉,2,5,5,2020-08-29,https://www.jra.go.jp/datafile/seiseki/report/2020/2020-2kokura5.pdf,official_daily_result_pdf
202010020506,2020,小倉,2,5,6,2020-08-29,https://www.jra.go.jp/datafile/seiseki/report/2020/2020-2kokura5.pdf,official_daily_result_pdf
202010020507,2020,小倉,2,5,7,2020-08-29,https://www.jra.go.jp/datafile/seiseki/report/2020/2020-2kokura5.pdf,official_daily_result_pdf
202010020508,2020,小倉,2,5,8,2020-08-29,https://www.jra.go.jp/datafile/seiseki/report/2020/2020-2kokura5.pdf,official_daily_result_pdf
202010020509,2020,小倉,2,5,9,2020-08-29,https://www.jra.go.jp/datafile/seiseki/report/2020/2020-2kokura5.pdf,official_daily_result_pdf
202010020510,2020,小倉,2,5,10,2020-08-29,https://www.jra.go.jp/datafile/seiseki/report/2020/2020-2kokura5.pdf,official_daily_result_pdf
202010020511,2020,小倉,2,5,11,2020-08-29,https://www.jra.go.jp/datafile/seiseki/report/2020/2020-2kokura5.pdf,official_daily_result_pdf
202010020512,2020,小倉,2,5,12,2020-08-29,https://www.jra.go.jp/datafile/seiseki/report/2020/2020-2kokura5.pdf,official_daily_result_pdf
202010020601,2020,小倉,2,6,1,2020-08-30,https://www.jra.go.jp/datafile/seiseki/report/2020/2020-2kokura6.pdf,official_daily_result_pdf
202010020602,2020,小倉,2,6,2,2020-08-30,https://www.jra.go.jp/datafile/seiseki/report/2020/2020-2kokura6.pdf,official_daily_result_pdf
202010020603,2020,小倉,2,6,3,2020-08-30,https://www.jra.go.jp/datafile/seiseki/report/2020/2020-2kokura6.pdf,official_daily_result_pdf
202010020604,2020,小倉,2,6,4,2020-08-30,https://www.jra.go.jp/datafile/seiseki/report/2020/2020-2kokura6.pdf,official_daily_result_pdf
202010020605,2020,小倉,2,6,5,2020-08-30,https://www.jra.go.jp/datafile/seiseki/report/2020/2020-2kokura6.pdf,official_daily_result_pdf
202010020606,2020,小倉,2,6,6,2020-08-30,https://www.jra.go.jp/datafile/seiseki/report/2020/2020-2kokura6.pdf,official_daily_result_pdf
202010020607,2020,小倉,2,6,7,2020-08-30,https://www.jra.go.jp/datafile/seiseki/report/2020/2020-2kokura6.pdf,official_daily_result_pdf
202010020608,2020,小倉,2,6,8,2020-08-30,https://www.jra.go.jp/datafile/seiseki/report/2020/2020-2kokura6.pdf,official_daily_result_pdf
202010020609,2020,小倉,2,6,9,2020-08-30,https://www.jra.go.jp/datafile/seiseki/report/2020/2020-2kokura6.pdf,official_daily_result_pdf
202010020610,2020,小倉,2,6,10,2020-08-30,https://www.jra.go.jp/datafile/seiseki/report/2020/2020-2kokura6.pdf,official_daily_result_pdf
202010020611,2020,小倉,2,6,11,2020-08-30,https://www.jra.go.jp/datafile/seiseki/report/2020/2020-2kokura6.pdf,official_daily_result_pdf
202010020612,2020,小倉,2,6,12,2020-08-30,https://www.jra.go.jp/datafile/seiseki/report/2020/2020-2kokura6.pdf,official_daily_result_pdf
202010020701,2020,小倉,2,7,1,2020-09-05,https://www.jra.go.jp/datafile/seiseki/report/2020/2020-2kokura7.pdf,official_daily_result_pdf
202010020702,2020,小倉,2,7,2,2020-09-05,https://www.jra.go.jp/datafile/seiseki/report/2020/2020-2kokura7.pdf,official_daily_result_pdf
202010020703,2020,小倉,2,7,3,2020-09-05,https://www.jra.go.jp/datafile/seiseki/report/2020/2020-2kokura7.pdf,official_daily_result_pdf
202010020704,2020,小倉,2,7,4,2020-09-05,https://www.jra.go.jp/datafile/seiseki/report/2020/2020-2kokura7.pdf,official_daily_result_pdf
202010020705,2020,小倉,2,7,5,2020-09-05,https://www.jra.go.jp/datafile/seiseki/report/2020/2020-2kokura7.pdf,official_daily_result_pdf
202010020706,2020,小倉,2,7,6,2020-09-05,https://www.jra.go.jp/datafile/seiseki/report/2020/2020-2kokura7.pdf,official_daily_result_pdf
202010020707,2020,小倉,2,7,7,2020-09-05,https://www.jra.go.jp/datafile/seiseki/report/2020/2020-2kokura7.pdf,official_daily_result_pdf
202010020708,2020,小倉,2,7,8,2020-09-05,https://www.jra.go.jp/datafile/seiseki/report/2020/2020-2kokura7.pdf,official_daily_result_pdf
202010020709,2020,小倉,2,7,9,2020-09-05,https://www.jra.go.jp/datafile/seiseki/report/2020/2020-2kokura7.pdf,official_daily_result_pdf
202010020710,2020,小倉,2,7,10,2020-09-05,https://www.jra.go.jp/datafile/seiseki/report/2020/2020-2kokura7.pdf,official_daily_result_pdf
202010020711,2020,小倉,2,7,11,2020-09-05,https://www.jra.go.jp/datafile/seiseki/report/2020/2020-2kokura7.pdf,official_daily_result_pdf
202010020712,2020,小倉,2,7,12,2020-09-05,https://www.jra.go.jp/datafile/seiseki/report/2020/2020-2kokura7.pdf,official_daily_result_pdf
202010020801,2020,小倉,2,8,1,2020-09-06,https://www.jra.go.jp/datafile/seiseki/report/2020/2020-2kokura8.pdf,official_daily_result_pdf
202010020802,2020,小倉,2,8,2,2020-09-06,https://www.jra.go.jp/datafile/seiseki/report/2020/2020-2kokura8.pdf,official_daily_result_pdf
202010020803,2020,小倉,2,8,3,2020-09-06,https://www.jra.go.jp/datafile/seiseki/report/2020/2020-2kokura8.pdf,official_daily_result_pdf
202010020804,2020,小倉,2,8,4,2020-09-06,https://www.jra.go.jp/datafile/seiseki/report/2020/2020-2kokura8.pdf,official_daily_result_pdf
202010020805,2020,小倉,2,8,5,2020-09-06,https://www.jra.go.jp/datafile/seiseki/report/2020/2020-2kokura8.pdf,official_daily_result_pdf
202010020806,2020,小倉,2,8,6,2020-09-06,https://www.jra.go.jp/datafile/seiseki/report/2020/2020-2kokura8.pdf,official_daily_result_pdf
202010020807,2020,小倉,2,8,7,2020-09-06,https://www.jra.go.jp/datafile/seiseki/report/2020/2020-2kokura8.pdf,official_daily_result_pdf
202010020808,2020,小倉,2,8,8,2020-09-06,https://www.jra.go.jp/datafile/seiseki/report/2020/2020-2kokura8.pdf,official_daily_result_pdf
202010020809,2020,小倉,2,8,9,2020-09-06,https://www.jra.go.jp/datafile/seiseki/report/2020/2020-2kokura8.pdf,official_daily_result_pdf
202010020810,2020,小倉,2,8,10,2020-09-06,https://www.jra.go.jp/datafile/seiseki/report/2020/2020-2kokura8.pdf,official_daily_result_pdf
202010020811,2020,小倉,2,8,11,2020-09-06,https://www.jra.go.jp/datafile/seiseki/report/2020/2020-2kokura8.pdf,official_daily_result_pdf
202010020812,2020,小倉,2,8,12,2020-09-06,https://www.jra.go.jp/datafile/seiseki/report/2020/2020-2kokura8.pdf,official_daily_result_pdf
202101010101,2021,札幌,1,1,1,2021-06-12,https://www.jra.go.jp/datafile/seiseki/report/2021/2021-1sapporo1.pdf,official_daily_result_pdf
202101010102,2021,札幌,1,1,2,2021-06-12,https://www.jra.go.jp/datafile/seiseki/report/2021/2021-1sapporo1.pdf,official_daily_result_pdf
202101010103,2021,札幌,1,1,3,2021-06-12,https://www.jra.go.jp/datafile/seiseki/report/2021/2021-1sapporo1.pdf,official_daily_result_pdf
202101010104,2021,札幌,1,1,4,2021-06-12,https://www.jra.go.jp/datafile/seiseki/report/2021/2021-1sapporo1.pdf,official_daily_result_pdf
202101010105,2021,札幌,1,1,5,2021-06-12,https://www.jra.go.jp/datafile/seiseki/report/2021/2021-1sapporo1.pdf,official_daily_result_pdf
202101010106,2021,札幌,1,1,6,2021-06-12,https://www.jra.go.jp/datafile/seiseki/report/2021/2021-1sapporo1.pdf,official_daily_result_pdf
202101010107,2021,札幌,1,1,7,2021-06-12,https://www.jra.go.jp/datafile/seiseki/report/2021/2021-1sapporo1.pdf,official_daily_result_pdf
202101010108,2021,札幌,1,1,8,2021-06-12,https://www.jra.go.jp/datafile/seiseki/report/2021/2021-1sapporo1.pdf,official_daily_result_pdf
202101010109,2021,札幌,1,1,9,2021-06-12,https://www.jra.go.jp/datafile/seiseki/report/2021/2021-1sapporo1.pdf,official_daily_result_pdf
202101010110,2021,札幌,1,1,10,2021-06-12,https://www.jra.go.jp/datafile/seiseki/report/2021/2021-1sapporo1.pdf,official_daily_result_pdf
202101010111,2021,札幌,1,1,11,2021-06-12,https://www.jra.go.jp/datafile/seiseki/report/2021/2021-1sapporo1.pdf,official_daily_result_pdf
202101010112,2021,札幌,1,1,12,2021-06-12,https://www.jra.go.jp/datafile/seiseki/report/2021/2021-1sapporo1.pdf,official_daily_result_pdf
202101010201,2021,札幌,1,2,1,2021-06-13,https://www.jra.go.jp/datafile/seiseki/report/2021/2021-1sapporo2.pdf,official_daily_result_pdf
202101010202,2021,札幌,1,2,2,2021-06-13,https://www.jra.go.jp/datafile/seiseki/report/2021/2021-1sapporo2.pdf,official_daily_result_pdf
202101010203,2021,札幌,1,2,3,2021-06-13,https://www.jra.go.jp/datafile/seiseki/report/2021/2021-1sapporo2.pdf,official_daily_result_pdf
202101010204,2021,札幌,1,2,4,2021-06-13,https://www.jra.go.jp/datafile/seiseki/report/2021/2021-1sapporo2.pdf,official_daily_result_pdf
202101010205,2021,札幌,1,2,5,2021-06-13,https://www.jra.go.jp/datafile/seiseki/report/2021/2021-1sapporo2.pdf,official_daily_result_pdf
202101010206,2021,札幌,1,2,6,2021-06-13,https://www.jra.go.jp/datafile/seiseki/report/2021/2021-1sapporo2.pdf,official_daily_result_pdf
202101010207,2021,札幌,1,2,7,2021-06-13,https://www.jra.go.jp/datafile/seiseki/report/2021/2021-1sapporo2.pdf,official_daily_result_pdf
202101010208,2021,札幌,1,2,8,2021-06-13,https://www.jra.go.jp/datafile/seiseki/report/2021/2021-1sapporo2.pdf,official_daily_result_pdf
202101010209,2021,札幌,1,2,9,2021-06-13,https://www.jra.go.jp/datafile/seiseki/report/2021/2021-1sapporo2.pdf,official_daily_result_pdf
202101010210,2021,札幌,1,2,10,2021-06-13,https://www.jra.go.jp/datafile/seiseki/report/2021/2021-1sapporo2.pdf,official_daily_result_pdf
202101010211,2021,札幌,1,2,11,2021-06-13,https://www.jra.go.jp/datafile/seiseki/report/2021/2021-1sapporo2.pdf,official_daily_result_pdf
202101010212,2021,札幌,1,2,12,2021-06-13,https://www.jra.go.jp/datafile/seiseki/report/2021/2021-1sapporo2.pdf,official_daily_result_pdf
202101010301,2021,札幌,1,3,1,2021-06-19,https://www.jra.go.jp/datafile/seiseki/report/2021/2021-1sapporo3.pdf,official_daily_result_pdf
202101010302,2021,札幌,1,3,2,2021-06-19,https://www.jra.go.jp/datafile/seiseki/report/2021/2021-1sapporo3.pdf,official_daily_result_pdf
202101010303,2021,札幌,1,3,3,2021-06-19,https://www.jra.go.jp/datafile/seiseki/report/2021/2021-1sapporo3.pdf,official_daily_result_pdf
202101010304,2021,札幌,1,3,4,2021-06-19,https://www.jra.go.jp/datafile/seiseki/report/2021/2021-1sapporo3.pdf,official_daily_result_pdf
202101010305,2021,札幌,1,3,5,2021-06-19,https://www.jra.go.jp/datafile/seiseki/report/2021/2021-1sapporo3.pdf,official_daily_result_pdf
202101010306,2021,札幌,1,3,6,2021-06-19,https://www.jra.go.jp/datafile/seiseki/report/2021/2021-1sapporo3.pdf,official_daily_result_pdf
202101010307,2021,札幌,1,3,7,2021-06-19,https://www.jra.go.jp/datafile/seiseki/report/2021/2021-1sapporo3.pdf,official_daily_result_pdf
202101010308,2021,札幌,1,3,8,2021-06-19,https://www.jra.go.jp/datafile/seiseki/report/2021/2021-1sapporo3.pdf,official_daily_result_pdf
202101010309,2021,札幌,1,3,9,2021-06-19,https://www.jra.go.jp/datafile/seiseki/report/2021/2021-1sapporo3.pdf,official_daily_result_pdf
202101010310,2021,札幌,1,3,10,2021-06-19,https://www.jra.go.jp/datafile/seiseki/report/2021/2021-1sapporo3.pdf,official_daily_result_pdf
202101010311,2021,札幌,1,3,11,2021-06-19,https://www.jra.go.jp/datafile/seiseki/report/2021/2021-1sapporo3.pdf,official_daily_result_pdf
202101010312,2021,札幌,1,3,12,2021-06-19,https://www.jra.go.jp/datafile/seiseki/report/2021/2021-1sapporo3.pdf,official_daily_result_pdf
202101010401,2021,札幌,1,4,1,2021-06-20,https://www.jra.go.jp/datafile/seiseki/report/2021/2021-1sapporo4.pdf,official_daily_result_pdf
202101010402,2021,札幌,1,4,2,2021-06-20,https://www.jra.go.jp/datafile/seiseki/report/2021/2021-1sapporo4.pdf,official_daily_result_pdf
202101010403,2021,札幌,1,4,3,2021-06-20,https://www.jra.go.jp/datafile/seiseki/report/2021/2021-1sapporo4.pdf,official_daily_result_pdf
202101010404,2021,札幌,1,4,4,2021-06-20,https://www.jra.go.jp/datafile/seiseki/report/2021/2021-1sapporo4.pdf,official_daily_result_pdf
202101010405,2021,札幌,1,4,5,2021-06-20,https://www.jra.go.jp/datafile/seiseki/report/2021/2021-1sapporo4.pdf,official_daily_result_pdf
202101010406,2021,札幌,1,4,6,2021-06-20,https://www.jra.go.jp/datafile/seiseki/report/2021/2021-1sapporo4.pdf,official_daily_result_pdf
202101010407,2021,札幌,1,4,7,2021-06-20,https://www.jra.go.jp/datafile/seiseki/report/2021/2021-1sapporo4.pdf,official_daily_result_pdf
202101010408,2021,札幌,1,4,8,2021-06-20,https://www.jra.go.jp/datafile/seiseki/report/2021/2021-1sapporo4.pdf,official_daily_result_pdf
202101010409,2021,札幌,1,4,9,2021-06-20,https://www.jra.go.jp/datafile/seiseki/report/2021/2021-1sapporo4.pdf,official_daily_result_pdf
202101010410,2021,札幌,1,4,10,2021-06-20,https://www.jra.go.jp/datafile/seiseki/report/2021/2021-1sapporo4.pdf,official_daily_result_pdf
202101010411,2021,札幌,1,4,11,2021-06-20,https://www.jra.go.jp/datafile/seiseki/report/2021/2021-1sapporo4.pdf,official_daily_result_pdf
202101010412,2021,札幌,1,4,12,2021-06-20,https://www.jra.go.jp/datafile/seiseki/report/2021/2021-1sapporo4.pdf,official_daily_result_pdf
202101010501,2021,札幌,1,5,1,2021-06-26,https://www.jra.go.jp/datafile/seiseki/report/2021/2021-1sapporo5.pdf,official_daily_result_pdf
202101010502,2021,札幌,1,5,2,2021-06-26,https://www.jra.go.jp/datafile/seiseki/report/2021/2021-1sapporo5.pdf,official_daily_result_pdf
202101010503,2021,札幌,1,5,3,2021-06-26,https://www.jra.go.jp/datafile/seiseki/report/2021/2021-1sapporo5.pdf,official_daily_result_pdf
202101010504,2021,札幌,1,5,4,2021-06-26,https://www.jra.go.jp/datafile/seiseki/report/2021/2021-1sapporo5.pdf,official_daily_result_pdf
202101010505,2021,札幌,1,5,5,2021-06-26,https://www.jra.go.jp/datafile/seiseki/report/2021/2021-1sapporo5.pdf,official_daily_result_pdf
202101010506,2021,札幌,1,5,6,2021-06-26,https://www.jra.go.jp/datafile/seiseki/report/2021/2021-1sapporo5.pdf,official_daily_result_pdf
202101010507,2021,札幌,1,5,7,2021-06-26,https://www.jra.go.jp/datafile/seiseki/report/2021/2021-1sapporo5.pdf,official_daily_result_pdf
202101010508,2021,札幌,1,5,8,2021-06-26,https://www.jra.go.jp/datafile/seiseki/report/2021/2021-1sapporo5.pdf,official_daily_result_pdf
202101010509,2021,札幌,1,5,9,2021-06-26,https://www.jra.go.jp/datafile/seiseki/report/2021/2021-1sapporo5.pdf,official_daily_result_pdf
202101010510,2021,札幌,1,5,10,2021-06-26,https://www.jra.go.jp/datafile/seiseki/report/2021/2021-1sapporo5.pdf,official_daily_result_pdf
202101010511,2021,札幌,1,5,11,2021-06-26,https://www.jra.go.jp/datafile/seiseki/report/2021/2021-1sapporo5.pdf,official_daily_result_pdf
202101010512,2021,札幌,1,5,12,2021-06-26,https://www.jra.go.jp/datafile/seiseki/report/2021/2021-1sapporo5.pdf,official_daily_result_pdf
202101010601,2021,札幌,1,6,1,2021-06-27,https://www.jra.go.jp/datafile/seiseki/report/2021/2021-1sapporo6.pdf,official_daily_result_pdf
202101010602,2021,札幌,1,6,2,2021-06-27,https://www.jra.go.jp/datafile/seiseki/report/2021/2021-1sapporo6.pdf,official_daily_result_pdf
202101010603,2021,札幌,1,6,3,2021-06-27,https://www.jra.go.jp/datafile/seiseki/report/2021/2021-1sapporo6.pdf,official_daily_result_pdf
202101010604,2021,札幌,1,6,4,2021-06-27,https://www.jra.go.jp/datafile/seiseki/report/2021/2021-1sapporo6.pdf,official_daily_result_pdf
202101010605,2021,札幌,1,6,5,2021-06-27,https://www.jra.go.jp/datafile/seiseki/report/2021/2021-1sapporo6.pdf,official_daily_result_pdf
202101010606,2021,札幌,1,6,6,2021-06-27,https://www.jra.go.jp/datafile/seiseki/report/2021/2021-1sapporo6.pdf,official_daily_result_pdf
202101010607,2021,札幌,1,6,7,2021-06-27,https://www.jra.go.jp/datafile/seiseki/report/2021/2021-1sapporo6.pdf,official_daily_result_pdf
202101010608,2021,札幌,1,6,8,2021-06-27,https://www.jra.go.jp/datafile/seiseki/report/2021/2021-1sapporo6.pdf,official_daily_result_pdf
202101010609,2021,札幌,1,6,9,2021-06-27,https://www.jra.go.jp/datafile/seiseki/report/2021/2021-1sapporo6.pdf,official_daily_result_pdf
202101010610,2021,札幌,1,6,10,2021-06-27,https://www.jra.go.jp/datafile/seiseki/report/2021/2021-1sapporo6.pdf,official_daily_result_pdf
202101010611,2021,札幌,1,6,11,2021-06-27,https://www.jra.go.jp/datafile/seiseki/report/2021/2021-1sapporo6.pdf,official_daily_result_pdf
202101010612,2021,札幌,1,6,12,2021-06-27,https://www.jra.go.jp/datafile/seiseki/report/2021/2021-1sapporo6.pdf,official_daily_result_pdf
202101020101,2021,札幌,2,1,1,2021-08-14,https://www.jra.go.jp/datafile/seiseki/report/2021/2021-2sapporo1.pdf,official_daily_result_pdf
202101020102,2021,札幌,2,1,2,2021-08-14,https://www.jra.go.jp/datafile/seiseki/report/2021/2021-2sapporo1.pdf,official_daily_result_pdf
202101020103,2021,札幌,2,1,3,2021-08-14,https://www.jra.go.jp/datafile/seiseki/report/2021/2021-2sapporo1.pdf,official_daily_result_pdf
202101020104,2021,札幌,2,1,4,2021-08-14,https://www.jra.go.jp/datafile/seiseki/report/2021/2021-2sapporo1.pdf,official_daily_result_pdf
202101020105,2021,札幌,2,1,5,2021-08-14,https://www.jra.go.jp/datafile/seiseki/report/2021/2021-2sapporo1.pdf,official_daily_result_pdf
202101020106,2021,札幌,2,1,6,2021-08-14,https://www.jra.go.jp/datafile/seiseki/report/2021/2021-2sapporo1.pdf,official_daily_result_pdf
202101020107,2021,札幌,2,1,7,2021-08-14,https://www.jra.go.jp/datafile/seiseki/report/2021/2021-2sapporo1.pdf,official_daily_result_pdf
202101020108,2021,札幌,2,1,8,2021-08-14,https://www.jra.go.jp/datafile/seiseki/report/2021/2021-2sapporo1.pdf,official_daily_result_pdf
202101020109,2021,札幌,2,1,9,2021-08-14,https://www.jra.go.jp/datafile/seiseki/report/2021/2021-2sapporo1.pdf,official_daily_result_pdf
202101020110,2021,札幌,2,1,10,2021-08-14,https://www.jra.go.jp/datafile/seiseki/report/2021/2021-2sapporo1.pdf,official_daily_result_pdf
202101020111,2021,札幌,2,1,11,2021-08-14,https://www.jra.go.jp/datafile/seiseki/report/2021/2021-2sapporo1.pdf,official_daily_result_pdf
202101020112,2021,札幌,2,1,12,2021-08-14,https://www.jra.go.jp/datafile/seiseki/report/2021/2021-2sapporo1.pdf,official_daily_result_pdf
202101020201,2021,札幌,2,2,1,2021-08-15,https://www.jra.go.jp/datafile/seiseki/report/2021/2021-2sapporo2.pdf,official_daily_result_pdf
202101020202,2021,札幌,2,2,2,2021-08-15,https://www.jra.go.jp/datafile/seiseki/report/2021/2021-2sapporo2.pdf,official_daily_result_pdf
202101020203,2021,札幌,2,2,3,2021-08-15,https://www.jra.go.jp/datafile/seiseki/report/2021/2021-2sapporo2.pdf,official_daily_result_pdf
202101020204,2021,札幌,2,2,4,2021-08-15,https://www.jra.go.jp/datafile/seiseki/report/2021/2021-2sapporo2.pdf,official_daily_result_pdf
202101020205,2021,札幌,2,2,5,2021-08-15,https://www.jra.go.jp/datafile/seiseki/report/2021/2021-2sapporo2.pdf,official_daily_result_pdf
202101020206,2021,札幌,2,2,6,2021-08-15,https://www.jra.go.jp/datafile/seiseki/report/2021/2021-2sapporo2.pdf,official_daily_result_pdf
202101020207,2021,札幌,2,2,7,2021-08-15,https://www.jra.go.jp/datafile/seiseki/report/2021/2021-2sapporo2.pdf,official_daily_result_pdf
202101020208,2021,札幌,2,2,8,2021-08-15,https://www.jra.go.jp/datafile/seiseki/report/2021/2021-2sapporo2.pdf,official_daily_result_pdf
202101020209,2021,札幌,2,2,9,2021-08-15,https://www.jra.go.jp/datafile/seiseki/report/2021/2021-2sapporo2.pdf,official_daily_result_pdf
202101020210,2021,札幌,2,2,10,2021-08-15,https://www.jra.go.jp/datafile/seiseki/report/2021/2021-2sapporo2.pdf,official_daily_result_pdf
202101020211,2021,札幌,2,2,11,2021-08-15,https://www.jra.go.jp/datafile/seiseki/report/2021/2021-2sapporo2.pdf,official_daily_result_pdf
202101020212,2021,札幌,2,2,12,2021-08-15,https://www.jra.go.jp/datafile/seiseki/report/2021/2021-2sapporo2.pdf,official_daily_result_pdf
202101020301,2021,札幌,2,3,1,2021-08-21,https://www.jra.go.jp/datafile/seiseki/report/2021/2021-2sapporo3.pdf,official_daily_result_pdf
202101020302,2021,札幌,2,3,2,2021-08-21,https://www.jra.go.jp/datafile/seiseki/report/2021/2021-2sapporo3.pdf,official_daily_result_pdf
202101020303,2021,札幌,2,3,3,2021-08-21,https://www.jra.go.jp/datafile/seiseki/report/2021/2021-2sapporo3.pdf,official_daily_result_pdf
202101020304,2021,札幌,2,3,4,2021-08-21,https://www.jra.go.jp/datafile/seiseki/report/2021/2021-2sapporo3.pdf,official_daily_result_pdf
202101020305,2021,札幌,2,3,5,2021-08-21,https://www.jra.go.jp/datafile/seiseki/report/2021/2021-2sapporo3.pdf,official_daily_result_pdf
202101020306,2021,札幌,2,3,6,2021-08-21,https://www.jra.go.jp/datafile/seiseki/report/2021/2021-2sapporo3.pdf,official_daily_result_pdf
202101020307,2021,札幌,2,3,7,2021-08-21,https://www.jra.go.jp/datafile/seiseki/report/2021/2021-2sapporo3.pdf,official_daily_result_pdf
202101020308,2021,札幌,2,3,8,2021-08-21,https://www.jra.go.jp/datafile/seiseki/report/2021/2021-2sapporo3.pdf,official_daily_result_pdf
202101020309,2021,札幌,2,3,9,2021-08-21,https://www.jra.go.jp/datafile/seiseki/report/2021/2021-2sapporo3.pdf,official_daily_result_pdf
202101020310,2021,札幌,2,3,10,2021-08-21,https://www.jra.go.jp/datafile/seiseki/report/2021/2021-2sapporo3.pdf,official_daily_result_pdf
202101020311,2021,札幌,2,3,11,2021-08-21,https://www.jra.go.jp/datafile/seiseki/report/2021/2021-2sapporo3.pdf,official_daily_result_pdf
202101020312,2021,札幌,2,3,12,2021-08-21,https://www.jra.go.jp/datafile/seiseki/report/2021/2021-2sapporo3.pdf,official_daily_result_pdf
202101020401,2021,札幌,2,4,1,2021-08-22,https://www.jra.go.jp/datafile/seiseki/report/2021/2021-2sapporo4.pdf,official_daily_result_pdf
202101020402,2021,札幌,2,4,2,2021-08-22,https://www.jra.go.jp/datafile/seiseki/report/2021/2021-2sapporo4.pdf,official_daily_result_pdf
202101020403,2021,札幌,2,4,3,2021-08-22,https://www.jra.go.jp/datafile/seiseki/report/2021/2021-2sapporo4.pdf,official_daily_result_pdf
202101020404,2021,札幌,2,4,4,2021-08-22,https://www.jra.go.jp/datafile/seiseki/report/2021/2021-2sapporo4.pdf,official_daily_result_pdf
202101020405,2021,札幌,2,4,5,2021-08-22,https://www.jra.go.jp/datafile/seiseki/report/2021/2021-2sapporo4.pdf,official_daily_result_pdf
202101020406,2021,札幌,2,4,6,2021-08-22,https://www.jra.go.jp/datafile/seiseki/report/2021/2021-2sapporo4.pdf,official_daily_result_pdf
202101020407,2021,札幌,2,4,7,2021-08-22,https://www.jra.go.jp/datafile/seiseki/report/2021/2021-2sapporo4.pdf,official_daily_result_pdf
202101020408,2021,札幌,2,4,8,2021-08-22,https://www.jra.go.jp/datafile/seiseki/report/2021/2021-2sapporo4.pdf,official_daily_result_pdf
202101020409,2021,札幌,2,4,9,2021-08-22,https://www.jra.go.jp/datafile/seiseki/report/2021/2021-2sapporo4.pdf,official_daily_result_pdf
202101020410,2021,札幌,2,4,10,2021-08-22,https://www.jra.go.jp/datafile/seiseki/report/2021/2021-2sapporo4.pdf,official_daily_result_pdf
202101020411,2021,札幌,2,4,11,2021-08-22,https://www.jra.go.jp/datafile/seiseki/report/2021/2021-2sapporo4.pdf,official_daily_result_pdf
202101020412,2021,札幌,2,4,12,2021-08-22,https://www.jra.go.jp/datafile/seiseki/report/2021/2021-2sapporo4.pdf,official_daily_result_pdf
202101020501,2021,札幌,2,5,1,2021-08-28,https://www.jra.go.jp/datafile/seiseki/report/2021/2021-2sapporo5.pdf,official_daily_result_pdf
202101020502,2021,札幌,2,5,2,2021-08-28,https://www.jra.go.jp/datafile/seiseki/report/2021/2021-2sapporo5.pdf,official_daily_result_pdf
202101020503,2021,札幌,2,5,3,2021-08-28,https://www.jra.go.jp/datafile/seiseki/report/2021/2021-2sapporo5.pdf,official_daily_result_pdf
202101020504,2021,札幌,2,5,4,2021-08-28,https://www.jra.go.jp/datafile/seiseki/report/2021/2021-2sapporo5.pdf,official_daily_result_pdf
202101020505,2021,札幌,2,5,5,2021-08-28,https://www.jra.go.jp/datafile/seiseki/report/2021/2021-2sapporo5.pdf,official_daily_result_pdf
202101020506,2021,札幌,2,5,6,2021-08-28,https://www.jra.go.jp/datafile/seiseki/report/2021/2021-2sapporo5.pdf,official_daily_result_pdf
202101020507,2021,札幌,2,5,7,2021-08-28,https://www.jra.go.jp/datafile/seiseki/report/2021/2021-2sapporo5.pdf,official_daily_result_pdf
202101020508,2021,札幌,2,5,8,2021-08-28,https://www.jra.go.jp/datafile/seiseki/report/2021/2021-2sapporo5.pdf,official_daily_result_pdf
202101020509,2021,札幌,2,5,9,2021-08-28,https://www.jra.go.jp/datafile/seiseki/report/2021/2021-2sapporo5.pdf,official_daily_result_pdf
202101020510,2021,札幌,2,5,10,2021-08-28,https://www.jra.go.jp/datafile/seiseki/report/2021/2021-2sapporo5.pdf,official_daily_result_pdf
202101020511,2021,札幌,2,5,11,2021-08-28,https://www.jra.go.jp/datafile/seiseki/report/2021/2021-2sapporo5.pdf,official_daily_result_pdf
202101020512,2021,札幌,2,5,12,2021-08-28,https://www.jra.go.jp/datafile/seiseki/report/2021/2021-2sapporo5.pdf,official_daily_result_pdf
202101020601,2021,札幌,2,6,1,2021-08-29,https://www.jra.go.jp/datafile/seiseki/report/2021/2021-2sapporo6.pdf,official_daily_result_pdf
202101020602,2021,札幌,2,6,2,2021-08-29,https://www.jra.go.jp/datafile/seiseki/report/2021/2021-2sapporo6.pdf,official_daily_result_pdf
202101020603,2021,札幌,2,6,3,2021-08-29,https://www.jra.go.jp/datafile/seiseki/report/2021/2021-2sapporo6.pdf,official_daily_result_pdf
202101020604,2021,札幌,2,6,4,2021-08-29,https://www.jra.go.jp/datafile/seiseki/report/2021/2021-2sapporo6.pdf,official_daily_result_pdf
202101020605,2021,札幌,2,6,5,2021-08-29,https://www.jra.go.jp/datafile/seiseki/report/2021/2021-2sapporo6.pdf,official_daily_result_pdf
202101020606,2021,札幌,2,6,6,2021-08-29,https://www.jra.go.jp/datafile/seiseki/report/2021/2021-2sapporo6.pdf,official_daily_result_pdf
202101020607,2021,札幌,2,6,7,2021-08-29,https://www.jra.go.jp/datafile/seiseki/report/2021/2021-2sapporo6.pdf,official_daily_result_pdf
202101020608,2021,札幌,2,6,8,2021-08-29,https://www.jra.go.jp/datafile/seiseki/report/2021/2021-2sapporo6.pdf,official_daily_result_pdf
202101020609,2021,札幌,2,6,9,2021-08-29,https://www.jra.go.jp/datafile/seiseki/report/2021/2021-2sapporo6.pdf,official_daily_result_pdf
202101020610,2021,札幌,2,6,10,2021-08-29,https://www.jra.go.jp/datafile/seiseki/report/2021/2021-2sapporo6.pdf,official_daily_result_pdf
202101020611,2021,札幌,2,6,11,2021-08-29,https://www.jra.go.jp/datafile/seiseki/report/2021/2021-2sapporo6.pdf,official_daily_result_pdf
202101020612,2021,札幌,2,6,12,2021-08-29,https://www.jra.go.jp/datafile/seiseki/report/2021/2021-2sapporo6.pdf,official_daily_result_pdf
202101020701,2021,札幌,2,7,1,2021-09-04,https://www.jra.go.jp/datafile/seiseki/report/2021/2021-2sapporo7.pdf,official_daily_result_pdf
202101020702,2021,札幌,2,7,2,2021-09-04,https://www.jra.go.jp/datafile/seiseki/report/2021/2021-2sapporo7.pdf,official_daily_result_pdf
202101020703,2021,札幌,2,7,3,2021-09-04,https://www.jra.go.jp/datafile/seiseki/report/2021/2021-2sapporo7.pdf,official_daily_result_pdf
202101020704,2021,札幌,2,7,4,2021-09-04,https://www.jra.go.jp/datafile/seiseki/report/2021/2021-2sapporo7.pdf,official_daily_result_pdf
202101020705,2021,札幌,2,7,5,2021-09-04,https://www.jra.go.jp/datafile/seiseki/report/2021/2021-2sapporo7.pdf,official_daily_result_pdf
202101020706,2021,札幌,2,7,6,2021-09-04,https://www.jra.go.jp/datafile/seiseki/report/2021/2021-2sapporo7.pdf,official_daily_result_pdf
202101020707,2021,札幌,2,7,7,2021-09-04,https://www.jra.go.jp/datafile/seiseki/report/2021/2021-2sapporo7.pdf,official_daily_result_pdf
202101020708,2021,札幌,2,7,8,2021-09-04,https://www.jra.go.jp/datafile/seiseki/report/2021/2021-2sapporo7.pdf,official_daily_result_pdf
202101020709,2021,札幌,2,7,9,2021-09-04,https://www.jra.go.jp/datafile/seiseki/report/2021/2021-2sapporo7.pdf,official_daily_result_pdf
202101020710,2021,札幌,2,7,10,2021-09-04,https://www.jra.go.jp/datafile/seiseki/report/2021/2021-2sapporo7.pdf,official_daily_result_pdf
202101020711,2021,札幌,2,7,11,2021-09-04,https://www.jra.go.jp/datafile/seiseki/report/2021/2021-2sapporo7.pdf,official_daily_result_pdf
202101020712,2021,札幌,2,7,12,2021-09-04,https://www.jra.go.jp/datafile/seiseki/report/2021/2021-2sapporo7.pdf,official_daily_result_pdf
202101020801,2021,札幌,2,8,1,2021-09-05,https://www.jra.go.jp/datafile/seiseki/report/2021/2021-2sapporo8.pdf,official_daily_result_pdf
202101020802,2021,札幌,2,8,2,2021-09-05,https://www.jra.go.jp/datafile/seiseki/report/2021/2021-2sapporo8.pdf,official_daily_result_pdf
202101020803,2021,札幌,2,8,3,2021-09-05,https://www.jra.go.jp/datafile/seiseki/report/2021/2021-2sapporo8.pdf,official_daily_result_pdf
202101020804,2021,札幌,2,8,4,2021-09-05,https://www.jra.go.jp/datafile/seiseki/report/2021/2021-2sapporo8.pdf,official_daily_result_pdf
202101020805,2021,札幌,2,8,5,2021-09-05,https://www.jra.go.jp/datafile/seiseki/report/2021/2021-2sapporo8.pdf,official_daily_result_pdf
202101020806,2021,札幌,2,8,6,2021-09-05,https://www.jra.go.jp/datafile/seiseki/report/2021/2021-2sapporo8.pdf,official_daily_result_pdf
202101020807,2021,札幌,2,8,7,2021-09-05,https://www.jra.go.jp/datafile/seiseki/report/2021/2021-2sapporo8.pdf,official_daily_result_pdf
202101020808,2021,札幌,2,8,8,2021-09-05,https://www.jra.go.jp/datafile/seiseki/report/2021/2021-2sapporo8.pdf,official_daily_result_pdf
202101020809,2021,札幌,2,8,9,2021-09-05,https://www.jra.go.jp/datafile/seiseki/report/2021/2021-2sapporo8.pdf,official_daily_result_pdf
202101020810,2021,札幌,2,8,10,2021-09-05,https://www.jra.go.jp/datafile/seiseki/report/2021/2021-2sapporo8.pdf,official_daily_result_pdf
202101020811,2021,札幌,2,8,11,2021-09-05,https://www.jra.go.jp/datafile/seiseki/report/2021/2021-2sapporo8.pdf,official_daily_result_pdf
202101020812,2021,札幌,2,8,12,2021-09-05,https://www.jra.go.jp/datafile/seiseki/report/2021/2021-2sapporo8.pdf,official_daily_result_pdf
202102010101,2021,函館,1,1,1,2021-07-03,https://www.jra.go.jp/datafile/seiseki/report/2021/2021-1hakodate1.pdf,official_daily_result_pdf
202102010102,2021,函館,1,1,2,2021-07-03,https://www.jra.go.jp/datafile/seiseki/report/2021/2021-1hakodate1.pdf,official_daily_result_pdf
202102010103,2021,函館,1,1,3,2021-07-03,https://www.jra.go.jp/datafile/seiseki/report/2021/2021-1hakodate1.pdf,official_daily_result_pdf
202102010104,2021,函館,1,1,4,2021-07-03,https://www.jra.go.jp/datafile/seiseki/report/2021/2021-1hakodate1.pdf,official_daily_result_pdf
202102010105,2021,函館,1,1,5,2021-07-03,https://www.jra.go.jp/datafile/seiseki/report/2021/2021-1hakodate1.pdf,official_daily_result_pdf
202102010106,2021,函館,1,1,6,2021-07-03,https://www.jra.go.jp/datafile/seiseki/report/2021/2021-1hakodate1.pdf,official_daily_result_pdf
202102010107,2021,函館,1,1,7,2021-07-03,https://www.jra.go.jp/datafile/seiseki/report/2021/2021-1hakodate1.pdf,official_daily_result_pdf
202102010108,2021,函館,1,1,8,2021-07-03,https://www.jra.go.jp/datafile/seiseki/report/2021/2021-1hakodate1.pdf,official_daily_result_pdf
202102010109,2021,函館,1,1,9,2021-07-03,https://www.jra.go.jp/datafile/seiseki/report/2021/2021-1hakodate1.pdf,official_daily_result_pdf
202102010110,2021,函館,1,1,10,2021-07-03,https://www.jra.go.jp/datafile/seiseki/report/2021/2021-1hakodate1.pdf,official_daily_result_pdf
202102010111,2021,函館,1,1,11,2021-07-03,https://www.jra.go.jp/datafile/seiseki/report/2021/2021-1hakodate1.pdf,official_daily_result_pdf
202102010112,2021,函館,1,1,12,2021-07-03,https://www.jra.go.jp/datafile/seiseki/report/2021/2021-1hakodate1.pdf,official_daily_result_pdf
202102010201,2021,函館,1,2,1,2021-07-04,https://www.jra.go.jp/datafile/seiseki/report/2021/2021-1hakodate2.pdf,official_daily_result_pdf
202102010202,2021,函館,1,2,2,2021-07-04,https://www.jra.go.jp/datafile/seiseki/report/2021/2021-1hakodate2.pdf,official_daily_result_pdf
202102010203,2021,函館,1,2,3,2021-07-04,https://www.jra.go.jp/datafile/seiseki/report/2021/2021-1hakodate2.pdf,official_daily_result_pdf
202102010204,2021,函館,1,2,4,2021-07-04,https://www.jra.go.jp/datafile/seiseki/report/2021/2021-1hakodate2.pdf,official_daily_result_pdf
202102010205,2021,函館,1,2,5,2021-07-04,https://www.jra.go.jp/datafile/seiseki/report/2021/2021-1hakodate2.pdf,official_daily_result_pdf
202102010206,2021,函館,1,2,6,2021-07-04,https://www.jra.go.jp/datafile/seiseki/report/2021/2021-1hakodate2.pdf,official_daily_result_pdf
202102010207,2021,函館,1,2,7,2021-07-04,https://www.jra.go.jp/datafile/seiseki/report/2021/2021-1hakodate2.pdf,official_daily_result_pdf
202102010208,2021,函館,1,2,8,2021-07-04,https://www.jra.go.jp/datafile/seiseki/report/2021/2021-1hakodate2.pdf,official_daily_result_pdf
202102010209,2021,函館,1,2,9,2021-07-04,https://www.jra.go.jp/datafile/seiseki/report/2021/2021-1hakodate2.pdf,official_daily_result_pdf
202102010210,2021,函館,1,2,10,2021-07-04,https://www.jra.go.jp/datafile/seiseki/report/2021/2021-1hakodate2.pdf,official_daily_result_pdf
202102010211,2021,函館,1,2,11,2021-07-04,https://www.jra.go.jp/datafile/seiseki/report/2021/2021-1hakodate2.pdf,official_daily_result_pdf
202102010212,2021,函館,1,2,12,2021-07-04,https://www.jra.go.jp/datafile/seiseki/report/2021/2021-1hakodate2.pdf,official_daily_result_pdf
202102010301,2021,函館,1,3,1,2021-07-10,https://www.jra.go.jp/datafile/seiseki/report/2021/2021-1hakodate3.pdf,official_daily_result_pdf
202102010302,2021,函館,1,3,2,2021-07-10,https://www.jra.go.jp/datafile/seiseki/report/2021/2021-1hakodate3.pdf,official_daily_result_pdf
202102010303,2021,函館,1,3,3,2021-07-10,https://www.jra.go.jp/datafile/seiseki/report/2021/2021-1hakodate3.pdf,official_daily_result_pdf
202102010304,2021,函館,1,3,4,2021-07-10,https://www.jra.go.jp/datafile/seiseki/report/2021/2021-1hakodate3.pdf,official_daily_result_pdf
202102010305,2021,函館,1,3,5,2021-07-10,https://www.jra.go.jp/datafile/seiseki/report/2021/2021-1hakodate3.pdf,official_daily_result_pdf
202102010306,2021,函館,1,3,6,2021-07-10,https://www.jra.go.jp/datafile/seiseki/report/2021/2021-1hakodate3.pdf,official_daily_result_pdf
202102010307,2021,函館,1,3,7,2021-07-10,https://www.jra.go.jp/datafile/seiseki/report/2021/2021-1hakodate3.pdf,official_daily_result_pdf
202102010308,2021,函館,1,3,8,2021-07-10,https://www.jra.go.jp/datafile/seiseki/report/2021/2021-1hakodate3.pdf,official_daily_result_pdf
202102010309,2021,函館,1,3,9,2021-07-10,https://www.jra.go.jp/datafile/seiseki/report/2021/2021-1hakodate3.pdf,official_daily_result_pdf
202102010310,2021,函館,1,3,10,2021-07-10,https://www.jra.go.jp/datafile/seiseki/report/2021/2021-1hakodate3.pdf,official_daily_result_pdf
202102010311,2021,函館,1,3,11,2021-07-10,https://www.jra.go.jp/datafile/seiseki/report/2021/2021-1hakodate3.pdf,official_daily_result_pdf
202102010312,2021,函館,1,3,12,2021-07-10,https://www.jra.go.jp/datafile/seiseki/report/2021/2021-1hakodate3.pdf,official_daily_result_pdf
202102010401,2021,函館,1,4,1,2021-07-11,https://www.jra.go.jp/datafile/seiseki/report/2021/2021-1hakodate4.pdf,official_daily_result_pdf
202102010402,2021,函館,1,4,2,2021-07-11,https://www.jra.go.jp/datafile/seiseki/report/2021/2021-1hakodate4.pdf,official_daily_result_pdf
202102010403,2021,函館,1,4,3,2021-07-11,https://www.jra.go.jp/datafile/seiseki/report/2021/2021-1hakodate4.pdf,official_daily_result_pdf
202102010404,2021,函館,1,4,4,2021-07-11,https://www.jra.go.jp/datafile/seiseki/report/2021/2021-1hakodate4.pdf,official_daily_result_pdf
202102010405,2021,函館,1,4,5,2021-07-11,https://www.jra.go.jp/datafile/seiseki/report/2021/2021-1hakodate4.pdf,official_daily_result_pdf
202102010406,2021,函館,1,4,6,2021-07-11,https://www.jra.go.jp/datafile/seiseki/report/2021/2021-1hakodate4.pdf,official_daily_result_pdf
202102010407,2021,函館,1,4,7,2021-07-11,https://www.jra.go.jp/datafile/seiseki/report/2021/2021-1hakodate4.pdf,official_daily_result_pdf
202102010408,2021,函館,1,4,8,2021-07-11,https://www.jra.go.jp/datafile/seiseki/report/2021/2021-1hakodate4.pdf,official_daily_result_pdf
202102010409,2021,函館,1,4,9,2021-07-11,https://www.jra.go.jp/datafile/seiseki/report/2021/2021-1hakodate4.pdf,official_daily_result_pdf
202102010410,2021,函館,1,4,10,2021-07-11,https://www.jra.go.jp/datafile/seiseki/report/2021/2021-1hakodate4.pdf,official_daily_result_pdf
202102010411,2021,函館,1,4,11,2021-07-11,https://www.jra.go.jp/datafile/seiseki/report/2021/2021-1hakodate4.pdf,official_daily_result_pdf
202102010412,2021,函館,1,4,12,2021-07-11,https://www.jra.go.jp/datafile/seiseki/report/2021/2021-1hakodate4.pdf,official_daily_result_pdf
202102010501,2021,函館,1,5,1,2021-07-17,https://www.jra.go.jp/datafile/seiseki/report/2021/2021-1hakodate5.pdf,official_daily_result_pdf
202102010502,2021,函館,1,5,2,2021-07-17,https://www.jra.go.jp/datafile/seiseki/report/2021/2021-1hakodate5.pdf,official_daily_result_pdf
202102010503,2021,函館,1,5,3,2021-07-17,https://www.jra.go.jp/datafile/seiseki/report/2021/2021-1hakodate5.pdf,official_daily_result_pdf
202102010504,2021,函館,1,5,4,2021-07-17,https://www.jra.go.jp/datafile/seiseki/report/2021/2021-1hakodate5.pdf,official_daily_result_pdf
202102010505,2021,函館,1,5,5,2021-07-17,https://www.jra.go.jp/datafile/seiseki/report/2021/2021-1hakodate5.pdf,official_daily_result_pdf
202102010506,2021,函館,1,5,6,2021-07-17,https://www.jra.go.jp/datafile/seiseki/report/2021/2021-1hakodate5.pdf,official_daily_result_pdf
202102010507,2021,函館,1,5,7,2021-07-17,https://www.jra.go.jp/datafile/seiseki/report/2021/2021-1hakodate5.pdf,official_daily_result_pdf
202102010508,2021,函館,1,5,8,2021-07-17,https://www.jra.go.jp/datafile/seiseki/report/2021/2021-1hakodate5.pdf,official_daily_result_pdf
202102010509,2021,函館,1,5,9,2021-07-17,https://www.jra.go.jp/datafile/seiseki/report/2021/2021-1hakodate5.pdf,official_daily_result_pdf
202102010510,2021,函館,1,5,10,2021-07-17,https://www.jra.go.jp/datafile/seiseki/report/2021/2021-1hakodate5.pdf,official_daily_result_pdf
202102010511,2021,函館,1,5,11,2021-07-17,https://www.jra.go.jp/datafile/seiseki/report/2021/2021-1hakodate5.pdf,official_daily_result_pdf
202102010512,2021,函館,1,5,12,2021-07-17,https://www.jra.go.jp/datafile/seiseki/report/2021/2021-1hakodate5.pdf,official_daily_result_pdf
202102010601,2021,函館,1,6,1,2021-07-18,https://www.jra.go.jp/datafile/seiseki/report/2021/2021-1hakodate6.pdf,official_daily_result_pdf
202102010602,2021,函館,1,6,2,2021-07-18,https://www.jra.go.jp/datafile/seiseki/report/2021/2021-1hakodate6.pdf,official_daily_result_pdf
202102010603,2021,函館,1,6,3,2021-07-18,https://www.jra.go.jp/datafile/seiseki/report/2021/2021-1hakodate6.pdf,official_daily_result_pdf
202102010604,2021,函館,1,6,4,2021-07-18,https://www.jra.go.jp/datafile/seiseki/report/2021/2021-1hakodate6.pdf,official_daily_result_pdf
202102010605,2021,函館,1,6,5,2021-07-18,https://www.jra.go.jp/datafile/seiseki/report/2021/2021-1hakodate6.pdf,official_daily_result_pdf
202102010606,2021,函館,1,6,6,2021-07-18,https://www.jra.go.jp/datafile/seiseki/report/2021/2021-1hakodate6.pdf,official_daily_result_pdf
202102010607,2021,函館,1,6,7,2021-07-18,https://www.jra.go.jp/datafile/seiseki/report/2021/2021-1hakodate6.pdf,official_daily_result_pdf
202102010608,2021,函館,1,6,8,2021-07-18,https://www.jra.go.jp/datafile/seiseki/report/2021/2021-1hakodate6.pdf,official_daily_result_pdf
202102010609,2021,函館,1,6,9,2021-07-18,https://www.jra.go.jp/datafile/seiseki/report/2021/2021-1hakodate6.pdf,official_daily_result_pdf
202102010610,2021,函館,1,6,10,2021-07-18,https://www.jra.go.jp/datafile/seiseki/report/2021/2021-1hakodate6.pdf,official_daily_result_pdf
202102010611,2021,函館,1,6,11,2021-07-18,https://www.jra.go.jp/datafile/seiseki/report/2021/2021-1hakodate6.pdf,official_daily_result_pdf
202102010612,2021,函館,1,6,12,2021-07-18,https://www.jra.go.jp/datafile/seiseki/report/2021/2021-1hakodate6.pdf,official_daily_result_pdf
202102010701,2021,函館,1,7,1,2021-07-24,https://www.jra.go.jp/datafile/seiseki/report/2021/2021-1hakodate7.pdf,official_daily_result_pdf
202102010702,2021,函館,1,7,2,2021-07-24,https://www.jra.go.jp/datafile/seiseki/report/2021/2021-1hakodate7.pdf,official_daily_result_pdf
202102010703,2021,函館,1,7,3,2021-07-24,https://www.jra.go.jp/datafile/seiseki/report/2021/2021-1hakodate7.pdf,official_daily_result_pdf
202102010704,2021,函館,1,7,4,2021-07-24,https://www.jra.go.jp/datafile/seiseki/report/2021/2021-1hakodate7.pdf,official_daily_result_pdf
202102010705,2021,函館,1,7,5,2021-07-24,https://www.jra.go.jp/datafile/seiseki/report/2021/2021-1hakodate7.pdf,official_daily_result_pdf
202102010706,2021,函館,1,7,6,2021-07-24,https://www.jra.go.jp/datafile/seiseki/report/2021/2021-1hakodate7.pdf,official_daily_result_pdf
202102010707,2021,函館,1,7,7,2021-07-24,https://www.jra.go.jp/datafile/seiseki/report/2021/2021-1hakodate7.pdf,official_daily_result_pdf
202102010708,2021,函館,1,7,8,2021-07-24,https://www.jra.go.jp/datafile/seiseki/report/2021/2021-1hakodate7.pdf,official_daily_result_pdf
202102010709,2021,函館,1,7,9,2021-07-24,https://www.jra.go.jp/datafile/seiseki/report/2021/2021-1hakodate7.pdf,official_daily_result_pdf
202102010710,2021,函館,1,7,10,2021-07-24,https://www.jra.go.jp/datafile/seiseki/report/2021/2021-1hakodate7.pdf,official_daily_result_pdf
202102010711,2021,函館,1,7,11,2021-07-24,https://www.jra.go.jp/datafile/seiseki/report/2021/2021-1hakodate7.pdf,official_daily_result_pdf
202102010712,2021,函館,1,7,12,2021-07-24,https://www.jra.go.jp/datafile/seiseki/report/2021/2021-1hakodate7.pdf,official_daily_result_pdf
202102010801,2021,函館,1,8,1,2021-07-25,https://www.jra.go.jp/datafile/seiseki/report/2021/2021-1hakodate8.pdf,official_daily_result_pdf
202102010802,2021,函館,1,8,2,2021-07-25,https://www.jra.go.jp/datafile/seiseki/report/2021/2021-1hakodate8.pdf,official_daily_result_pdf
202102010803,2021,函館,1,8,3,2021-07-25,https://www.jra.go.jp/datafile/seiseki/report/2021/2021-1hakodate8.pdf,official_daily_result_pdf
202102010804,2021,函館,1,8,4,2021-07-25,https://www.jra.go.jp/datafile/seiseki/report/2021/2021-1hakodate8.pdf,official_daily_result_pdf
202102010805,2021,函館,1,8,5,2021-07-25,https://www.jra.go.jp/datafile/seiseki/report/2021/2021-1hakodate8.pdf,official_daily_result_pdf
202102010806,2021,函館,1,8,6,2021-07-25,https://www.jra.go.jp/datafile/seiseki/report/2021/2021-1hakodate8.pdf,official_daily_result_pdf
202102010807,2021,函館,1,8,7,2021-07-25,https://www.jra.go.jp/datafile/seiseki/report/2021/2021-1hakodate8.pdf,official_daily_result_pdf
202102010808,2021,函館,1,8,8,2021-07-25,https://www.jra.go.jp/datafile/seiseki/report/2021/2021-1hakodate8.pdf,official_daily_result_pdf
202102010809,2021,函館,1,8,9,2021-07-25,https://www.jra.go.jp/datafile/seiseki/report/2021/2021-1hakodate8.pdf,official_daily_result_pdf
202102010810,2021,函館,1,8,10,2021-07-25,https://www.jra.go.jp/datafile/seiseki/report/2021/2021-1hakodate8.pdf,official_daily_result_pdf
202102010811,2021,函館,1,8,11,2021-07-25,https://www.jra.go.jp/datafile/seiseki/report/2021/2021-1hakodate8.pdf,official_daily_result_pdf
202102010812,2021,函館,1,8,12,2021-07-25,https://www.jra.go.jp/datafile/seiseki/report/2021/2021-1hakodate8.pdf,official_daily_result_pdf
202102010901,2021,函館,1,9,1,2021-07-31,https://www.jra.go.jp/datafile/seiseki/report/2021/2021-1hakodate9.pdf,official_daily_result_pdf
202102010902,2021,函館,1,9,2,2021-07-31,https://www.jra.go.jp/datafile/seiseki/report/2021/2021-1hakodate9.pdf,official_daily_result_pdf
202102010903,2021,函館,1,9,3,2021-07-31,https://www.jra.go.jp/datafile/seiseki/report/2021/2021-1hakodate9.pdf,official_daily_result_pdf
202102010904,2021,函館,1,9,4,2021-07-31,https://www.jra.go.jp/datafile/seiseki/report/2021/2021-1hakodate9.pdf,official_daily_result_pdf
202102010905,2021,函館,1,9,5,2021-07-31,https://www.jra.go.jp/datafile/seiseki/report/2021/2021-1hakodate9.pdf,official_daily_result_pdf
202102010906,2021,函館,1,9,6,2021-07-31,https://www.jra.go.jp/datafile/seiseki/report/2021/2021-1hakodate9.pdf,official_daily_result_pdf
202102010907,2021,函館,1,9,7,2021-07-31,https://www.jra.go.jp/datafile/seiseki/report/2021/2021-1hakodate9.pdf,official_daily_result_pdf
202102010908,2021,函館,1,9,8,2021-07-31,https://www.jra.go.jp/datafile/seiseki/report/2021/2021-1hakodate9.pdf,official_daily_result_pdf
202102010909,2021,函館,1,9,9,2021-07-31,https://www.jra.go.jp/datafile/seiseki/report/2021/2021-1hakodate9.pdf,official_daily_result_pdf
202102010910,2021,函館,1,9,10,2021-07-31,https://www.jra.go.jp/datafile/seiseki/report/2021/2021-1hakodate9.pdf,official_daily_result_pdf
202102010911,2021,函館,1,9,11,2021-07-31,https://www.jra.go.jp/datafile/seiseki/report/2021/2021-1hakodate9.pdf,official_daily_result_pdf
202102010912,2021,函館,1,9,12,2021-07-31,https://www.jra.go.jp/datafile/seiseki/report/2021/2021-1hakodate9.pdf,official_daily_result_pdf
202102011001,2021,函館,1,10,1,2021-08-01,https://www.jra.go.jp/datafile/seiseki/report/2021/2021-1hakodate10.pdf,official_daily_result_pdf
202102011002,2021,函館,1,10,2,2021-08-01,https://www.jra.go.jp/datafile/seiseki/report/2021/2021-1hakodate10.pdf,official_daily_result_pdf
202102011003,2021,函館,1,10,3,2021-08-01,https://www.jra.go.jp/datafile/seiseki/report/2021/2021-1hakodate10.pdf,official_daily_result_pdf
202102011004,2021,函館,1,10,4,2021-08-01,https://www.jra.go.jp/datafile/seiseki/report/2021/2021-1hakodate10.pdf,official_daily_result_pdf
202102011005,2021,函館,1,10,5,2021-08-01,https://www.jra.go.jp/datafile/seiseki/report/2021/2021-1hakodate10.pdf,official_daily_result_pdf
202102011006,2021,函館,1,10,6,2021-08-01,https://www.jra.go.jp/datafile/seiseki/report/2021/2021-1hakodate10.pdf,official_daily_result_pdf
202102011007,2021,函館,1,10,7,2021-08-01,https://www.jra.go.jp/datafile/seiseki/report/2021/2021-1hakodate10.pdf,official_daily_result_pdf
202102011008,2021,函館,1,10,8,2021-08-01,https://www.jra.go.jp/datafile/seiseki/report/2021/2021-1hakodate10.pdf,official_daily_result_pdf
202102011009,2021,函館,1,10,9,2021-08-01,https://www.jra.go.jp/datafile/seiseki/report/2021/2021-1hakodate10.pdf,official_daily_result_pdf
202102011010,2021,函館,1,10,10,2021-08-01,https://www.jra.go.jp/datafile/seiseki/report/2021/2021-1hakodate10.pdf,official_daily_result_pdf
202102011011,2021,函館,1,10,11,2021-08-01,https://www.jra.go.jp/datafile/seiseki/report/2021/2021-1hakodate10.pdf,official_daily_result_pdf
202102011012,2021,函館,1,10,12,2021-08-01,https://www.jra.go.jp/datafile/seiseki/report/2021/2021-1hakodate10.pdf,official_daily_result_pdf
202102011101,2021,函館,1,11,1,2021-08-07,https://www.jra.go.jp/datafile/seiseki/report/2021/2021-1hakodate11.pdf,official_daily_result_pdf
202102011102,2021,函館,1,11,2,2021-08-07,https://www.jra.go.jp/datafile/seiseki/report/2021/2021-1hakodate11.pdf,official_daily_result_pdf
202102011103,2021,函館,1,11,3,2021-08-07,https://www.jra.go.jp/datafile/seiseki/report/2021/2021-1hakodate11.pdf,official_daily_result_pdf
202102011104,2021,函館,1,11,4,2021-08-07,https://www.jra.go.jp/datafile/seiseki/report/2021/2021-1hakodate11.pdf,official_daily_result_pdf
202102011105,2021,函館,1,11,5,2021-08-07,https://www.jra.go.jp/datafile/seiseki/report/2021/2021-1hakodate11.pdf,official_daily_result_pdf
202102011106,2021,函館,1,11,6,2021-08-07,https://www.jra.go.jp/datafile/seiseki/report/2021/2021-1hakodate11.pdf,official_daily_result_pdf
202102011107,2021,函館,1,11,7,2021-08-07,https://www.jra.go.jp/datafile/seiseki/report/2021/2021-1hakodate11.pdf,official_daily_result_pdf
202102011108,2021,函館,1,11,8,2021-08-07,https://www.jra.go.jp/datafile/seiseki/report/2021/2021-1hakodate11.pdf,official_daily_result_pdf
202102011109,2021,函館,1,11,9,2021-08-07,https://www.jra.go.jp/datafile/seiseki/report/2021/2021-1hakodate11.pdf,official_daily_result_pdf
202102011110,2021,函館,1,11,10,2021-08-07,https://www.jra.go.jp/datafile/seiseki/report/2021/2021-1hakodate11.pdf,official_daily_result_pdf
202102011111,2021,函館,1,11,11,2021-08-07,https://www.jra.go.jp/datafile/seiseki/report/2021/2021-1hakodate11.pdf,official_daily_result_pdf
202102011112,2021,函館,1,11,12,2021-08-07,https://www.jra.go.jp/datafile/seiseki/report/2021/2021-1hakodate11.pdf,official_daily_result_pdf
202102011201,2021,函館,1,12,1,2021-08-08,https://www.jra.go.jp/datafile/seiseki/report/2021/2021-1hakodate12.pdf,official_daily_result_pdf
202102011202,2021,函館,1,12,2,2021-08-08,https://www.jra.go.jp/datafile/seiseki/report/2021/2021-1hakodate12.pdf,official_daily_result_pdf
202102011203,2021,函館,1,12,3,2021-08-08,https://www.jra.go.jp/datafile/seiseki/report/2021/2021-1hakodate12.pdf,official_daily_result_pdf
202102011204,2021,函館,1,12,4,2021-08-08,https://www.jra.go.jp/datafile/seiseki/report/2021/2021-1hakodate12.pdf,official_daily_result_pdf
202102011205,2021,函館,1,12,5,2021-08-08,https://www.jra.go.jp/datafile/seiseki/report/2021/2021-1hakodate12.pdf,official_daily_result_pdf
202102011206,2021,函館,1,12,6,2021-08-08,https://www.jra.go.jp/datafile/seiseki/report/2021/2021-1hakodate12.pdf,official_daily_result_pdf
202102011207,2021,函館,1,12,7,2021-08-08,https://www.jra.go.jp/datafile/seiseki/report/2021/2021-1hakodate12.pdf,official_daily_result_pdf
202102011208,2021,函館,1,12,8,2021-08-08,https://www.jra.go.jp/datafile/seiseki/report/2021/2021-1hakodate12.pdf,official_daily_result_pdf
202102011209,2021,函館,1,12,9,2021-08-08,https://www.jra.go.jp/datafile/seiseki/report/2021/2021-1hakodate12.pdf,official_daily_result_pdf
202102011210,2021,函館,1,12,10,2021-08-08,https://www.jra.go.jp/datafile/seiseki/report/2021/2021-1hakodate12.pdf,official_daily_result_pdf
202102011211,2021,函館,1,12,11,2021-08-08,https://www.jra.go.jp/datafile/seiseki/report/2021/2021-1hakodate12.pdf,official_daily_result_pdf
202102011212,2021,函館,1,12,12,2021-08-08,https://www.jra.go.jp/datafile/seiseki/report/2021/2021-1hakodate12.pdf,official_daily_result_pdf
202103010101,2021,福島,1,1,1,2021-07-03,https://www.jra.go.jp/datafile/seiseki/report/2021/2021-1fukushima1.pdf,official_daily_result_pdf
202103010102,2021,福島,1,1,2,2021-07-03,https://www.jra.go.jp/datafile/seiseki/report/2021/2021-1fukushima1.pdf,official_daily_result_pdf
202103010103,2021,福島,1,1,3,2021-07-03,https://www.jra.go.jp/datafile/seiseki/report/2021/2021-1fukushima1.pdf,official_daily_result_pdf
202103010104,2021,福島,1,1,4,2021-07-03,https://www.jra.go.jp/datafile/seiseki/report/2021/2021-1fukushima1.pdf,official_daily_result_pdf
202103010105,2021,福島,1,1,5,2021-07-03,https://www.jra.go.jp/datafile/seiseki/report/2021/2021-1fukushima1.pdf,official_daily_result_pdf
202103010106,2021,福島,1,1,6,2021-07-03,https://www.jra.go.jp/datafile/seiseki/report/2021/2021-1fukushima1.pdf,official_daily_result_pdf
202103010107,2021,福島,1,1,7,2021-07-03,https://www.jra.go.jp/datafile/seiseki/report/2021/2021-1fukushima1.pdf,official_daily_result_pdf
202103010108,2021,福島,1,1,8,2021-07-03,https://www.jra.go.jp/datafile/seiseki/report/2021/2021-1fukushima1.pdf,official_daily_result_pdf
202103010109,2021,福島,1,1,9,2021-07-03,https://www.jra.go.jp/datafile/seiseki/report/2021/2021-1fukushima1.pdf,official_daily_result_pdf
202103010110,2021,福島,1,1,10,2021-07-03,https://www.jra.go.jp/datafile/seiseki/report/2021/2021-1fukushima1.pdf,official_daily_result_pdf
202103010111,2021,福島,1,1,11,2021-07-03,https://www.jra.go.jp/datafile/seiseki/report/2021/2021-1fukushima1.pdf,official_daily_result_pdf
202103010112,2021,福島,1,1,12,2021-07-03,https://www.jra.go.jp/datafile/seiseki/report/2021/2021-1fukushima1.pdf,official_daily_result_pdf
202103010201,2021,福島,1,2,1,2021-07-04,https://www.jra.go.jp/datafile/seiseki/report/2021/2021-1fukushima2.pdf,official_daily_result_pdf
202103010202,2021,福島,1,2,2,2021-07-04,https://www.jra.go.jp/datafile/seiseki/report/2021/2021-1fukushima2.pdf,official_daily_result_pdf
202103010203,2021,福島,1,2,3,2021-07-04,https://www.jra.go.jp/datafile/seiseki/report/2021/2021-1fukushima2.pdf,official_daily_result_pdf
202103010204,2021,福島,1,2,4,2021-07-04,https://www.jra.go.jp/datafile/seiseki/report/2021/2021-1fukushima2.pdf,official_daily_result_pdf
202103010205,2021,福島,1,2,5,2021-07-04,https://www.jra.go.jp/datafile/seiseki/report/2021/2021-1fukushima2.pdf,official_daily_result_pdf
202103010206,2021,福島,1,2,6,2021-07-04,https://www.jra.go.jp/datafile/seiseki/report/2021/2021-1fukushima2.pdf,official_daily_result_pdf
202103010207,2021,福島,1,2,7,2021-07-04,https://www.jra.go.jp/datafile/seiseki/report/2021/2021-1fukushima2.pdf,official_daily_result_pdf
202103010208,2021,福島,1,2,8,2021-07-04,https://www.jra.go.jp/datafile/seiseki/report/2021/2021-1fukushima2.pdf,official_daily_result_pdf
202103010209,2021,福島,1,2,9,2021-07-04,https://www.jra.go.jp/datafile/seiseki/report/2021/2021-1fukushima2.pdf,official_daily_result_pdf
202103010210,2021,福島,1,2,10,2021-07-04,https://www.jra.go.jp/datafile/seiseki/report/2021/2021-1fukushima2.pdf,official_daily_result_pdf
202103010211,2021,福島,1,2,11,2021-07-04,https://www.jra.go.jp/datafile/seiseki/report/2021/2021-1fukushima2.pdf,official_daily_result_pdf
202103010212,2021,福島,1,2,12,2021-07-04,https://www.jra.go.jp/datafile/seiseki/report/2021/2021-1fukushima2.pdf,official_daily_result_pdf
202103010301,2021,福島,1,3,1,2021-07-10,https://www.jra.go.jp/datafile/seiseki/report/2021/2021-1fukushima3.pdf,official_daily_result_pdf
202103010302,2021,福島,1,3,2,2021-07-10,https://www.jra.go.jp/datafile/seiseki/report/2021/2021-1fukushima3.pdf,official_daily_result_pdf
202103010303,2021,福島,1,3,3,2021-07-10,https://www.jra.go.jp/datafile/seiseki/report/2021/2021-1fukushima3.pdf,official_daily_result_pdf
202103010304,2021,福島,1,3,4,2021-07-10,https://www.jra.go.jp/datafile/seiseki/report/2021/2021-1fukushima3.pdf,official_daily_result_pdf
202103010305,2021,福島,1,3,5,2021-07-10,https://www.jra.go.jp/datafile/seiseki/report/2021/2021-1fukushima3.pdf,official_daily_result_pdf
202103010306,2021,福島,1,3,6,2021-07-10,https://www.jra.go.jp/datafile/seiseki/report/2021/2021-1fukushima3.pdf,official_daily_result_pdf
202103010307,2021,福島,1,3,7,2021-07-10,https://www.jra.go.jp/datafile/seiseki/report/2021/2021-1fukushima3.pdf,official_daily_result_pdf
202103010308,2021,福島,1,3,8,2021-07-10,https://www.jra.go.jp/datafile/seiseki/report/2021/2021-1fukushima3.pdf,official_daily_result_pdf
202103010309,2021,福島,1,3,9,2021-07-10,https://www.jra.go.jp/datafile/seiseki/report/2021/2021-1fukushima3.pdf,official_daily_result_pdf
202103010310,2021,福島,1,3,10,2021-07-10,https://www.jra.go.jp/datafile/seiseki/report/2021/2021-1fukushima3.pdf,official_daily_result_pdf
202103010311,2021,福島,1,3,11,2021-07-10,https://www.jra.go.jp/datafile/seiseki/report/2021/2021-1fukushima3.pdf,official_daily_result_pdf
202103010312,2021,福島,1,3,12,2021-07-10,https://www.jra.go.jp/datafile/seiseki/report/2021/2021-1fukushima3.pdf,official_daily_result_pdf
202103010401,2021,福島,1,4,1,2021-07-11,https://www.jra.go.jp/datafile/seiseki/report/2021/2021-1fukushima4.pdf,official_daily_result_pdf
202103010402,2021,福島,1,4,2,2021-07-11,https://www.jra.go.jp/datafile/seiseki/report/2021/2021-1fukushima4.pdf,official_daily_result_pdf
202103010403,2021,福島,1,4,3,2021-07-11,https://www.jra.go.jp/datafile/seiseki/report/2021/2021-1fukushima4.pdf,official_daily_result_pdf
202103010404,2021,福島,1,4,4,2021-07-11,https://www.jra.go.jp/datafile/seiseki/report/2021/2021-1fukushima4.pdf,official_daily_result_pdf
202103010405,2021,福島,1,4,5,2021-07-11,https://www.jra.go.jp/datafile/seiseki/report/2021/2021-1fukushima4.pdf,official_daily_result_pdf
202103010406,2021,福島,1,4,6,2021-07-11,https://www.jra.go.jp/datafile/seiseki/report/2021/2021-1fukushima4.pdf,official_daily_result_pdf
202103010407,2021,福島,1,4,7,2021-07-11,https://www.jra.go.jp/datafile/seiseki/report/2021/2021-1fukushima4.pdf,official_daily_result_pdf
202103010408,2021,福島,1,4,8,2021-07-11,https://www.jra.go.jp/datafile/seiseki/report/2021/2021-1fukushima4.pdf,official_daily_result_pdf
202103010409,2021,福島,1,4,9,2021-07-11,https://www.jra.go.jp/datafile/seiseki/report/2021/2021-1fukushima4.pdf,official_daily_result_pdf
202103010410,2021,福島,1,4,10,2021-07-11,https://www.jra.go.jp/datafile/seiseki/report/2021/2021-1fukushima4.pdf,official_daily_result_pdf
202103010411,2021,福島,1,4,11,2021-07-11,https://www.jra.go.jp/datafile/seiseki/report/2021/2021-1fukushima4.pdf,official_daily_result_pdf
202103010412,2021,福島,1,4,12,2021-07-11,https://www.jra.go.jp/datafile/seiseki/report/2021/2021-1fukushima4.pdf,official_daily_result_pdf
202103010501,2021,福島,1,5,1,2021-07-17,https://www.jra.go.jp/datafile/seiseki/report/2021/2021-1fukushima5.pdf,official_daily_result_pdf
202103010502,2021,福島,1,5,2,2021-07-17,https://www.jra.go.jp/datafile/seiseki/report/2021/2021-1fukushima5.pdf,official_daily_result_pdf
202103010503,2021,福島,1,5,3,2021-07-17,https://www.jra.go.jp/datafile/seiseki/report/2021/2021-1fukushima5.pdf,official_daily_result_pdf
202103010504,2021,福島,1,5,4,2021-07-17,https://www.jra.go.jp/datafile/seiseki/report/2021/2021-1fukushima5.pdf,official_daily_result_pdf
202103010505,2021,福島,1,5,5,2021-07-17,https://www.jra.go.jp/datafile/seiseki/report/2021/2021-1fukushima5.pdf,official_daily_result_pdf
202103010506,2021,福島,1,5,6,2021-07-17,https://www.jra.go.jp/datafile/seiseki/report/2021/2021-1fukushima5.pdf,official_daily_result_pdf
202103010507,2021,福島,1,5,7,2021-07-17,https://www.jra.go.jp/datafile/seiseki/report/2021/2021-1fukushima5.pdf,official_daily_result_pdf
202103010508,2021,福島,1,5,8,2021-07-17,https://www.jra.go.jp/datafile/seiseki/report/2021/2021-1fukushima5.pdf,official_daily_result_pdf
202103010509,2021,福島,1,5,9,2021-07-17,https://www.jra.go.jp/datafile/seiseki/report/2021/2021-1fukushima5.pdf,official_daily_result_pdf
202103010510,2021,福島,1,5,10,2021-07-17,https://www.jra.go.jp/datafile/seiseki/report/2021/2021-1fukushima5.pdf,official_daily_result_pdf
202103010511,2021,福島,1,5,11,2021-07-17,https://www.jra.go.jp/datafile/seiseki/report/2021/2021-1fukushima5.pdf,official_daily_result_pdf
202103010512,2021,福島,1,5,12,2021-07-17,https://www.jra.go.jp/datafile/seiseki/report/2021/2021-1fukushima5.pdf,official_daily_result_pdf
202103010601,2021,福島,1,6,1,2021-07-18,https://www.jra.go.jp/datafile/seiseki/report/2021/2021-1fukushima6.pdf,official_daily_result_pdf
202103010602,2021,福島,1,6,2,2021-07-18,https://www.jra.go.jp/datafile/seiseki/report/2021/2021-1fukushima6.pdf,official_daily_result_pdf
202103010603,2021,福島,1,6,3,2021-07-18,https://www.jra.go.jp/datafile/seiseki/report/2021/2021-1fukushima6.pdf,official_daily_result_pdf
202103010604,2021,福島,1,6,4,2021-07-18,https://www.jra.go.jp/datafile/seiseki/report/2021/2021-1fukushima6.pdf,official_daily_result_pdf
202103010605,2021,福島,1,6,5,2021-07-18,https://www.jra.go.jp/datafile/seiseki/report/2021/2021-1fukushima6.pdf,official_daily_result_pdf
202103010606,2021,福島,1,6,6,2021-07-18,https://www.jra.go.jp/datafile/seiseki/report/2021/2021-1fukushima6.pdf,official_daily_result_pdf
202103010607,2021,福島,1,6,7,2021-07-18,https://www.jra.go.jp/datafile/seiseki/report/2021/2021-1fukushima6.pdf,official_daily_result_pdf
202103010608,2021,福島,1,6,8,2021-07-18,https://www.jra.go.jp/datafile/seiseki/report/2021/2021-1fukushima6.pdf,official_daily_result_pdf
202103010609,2021,福島,1,6,9,2021-07-18,https://www.jra.go.jp/datafile/seiseki/report/2021/2021-1fukushima6.pdf,official_daily_result_pdf
202103010610,2021,福島,1,6,10,2021-07-18,https://www.jra.go.jp/datafile/seiseki/report/2021/2021-1fukushima6.pdf,official_daily_result_pdf
202103010611,2021,福島,1,6,11,2021-07-18,https://www.jra.go.jp/datafile/seiseki/report/2021/2021-1fukushima6.pdf,official_daily_result_pdf
202103010612,2021,福島,1,6,12,2021-07-18,https://www.jra.go.jp/datafile/seiseki/report/2021/2021-1fukushima6.pdf,official_daily_result_pdf
202103020101,2021,福島,2,1,1,2021-11-06,https://www.jra.go.jp/datafile/seiseki/report/2021/2021-2fukushima1.pdf,official_daily_result_pdf
202103020102,2021,福島,2,1,2,2021-11-06,https://www.jra.go.jp/datafile/seiseki/report/2021/2021-2fukushima1.pdf,official_daily_result_pdf
202103020103,2021,福島,2,1,3,2021-11-06,https://www.jra.go.jp/datafile/seiseki/report/2021/2021-2fukushima1.pdf,official_daily_result_pdf
202103020104,2021,福島,2,1,4,2021-11-06,https://www.jra.go.jp/datafile/seiseki/report/2021/2021-2fukushima1.pdf,official_daily_result_pdf
202103020105,2021,福島,2,1,5,2021-11-06,https://www.jra.go.jp/datafile/seiseki/report/2021/2021-2fukushima1.pdf,official_daily_result_pdf
202103020106,2021,福島,2,1,6,2021-11-06,https://www.jra.go.jp/datafile/seiseki/report/2021/2021-2fukushima1.pdf,official_daily_result_pdf
202103020107,2021,福島,2,1,7,2021-11-06,https://www.jra.go.jp/datafile/seiseki/report/2021/2021-2fukushima1.pdf,official_daily_result_pdf
202103020108,2021,福島,2,1,8,2021-11-06,https://www.jra.go.jp/datafile/seiseki/report/2021/2021-2fukushima1.pdf,official_daily_result_pdf
202103020109,2021,福島,2,1,9,2021-11-06,https://www.jra.go.jp/datafile/seiseki/report/2021/2021-2fukushima1.pdf,official_daily_result_pdf
202103020110,2021,福島,2,1,10,2021-11-06,https://www.jra.go.jp/datafile/seiseki/report/2021/2021-2fukushima1.pdf,official_daily_result_pdf
202103020111,2021,福島,2,1,11,2021-11-06,https://www.jra.go.jp/datafile/seiseki/report/2021/2021-2fukushima1.pdf,official_daily_result_pdf
202103020112,2021,福島,2,1,12,2021-11-06,https://www.jra.go.jp/datafile/seiseki/report/2021/2021-2fukushima1.pdf,official_daily_result_pdf
202103020201,2021,福島,2,2,1,2021-11-07,https://www.jra.go.jp/datafile/seiseki/report/2021/2021-2fukushima2.pdf,official_daily_result_pdf
202103020202,2021,福島,2,2,2,2021-11-07,https://www.jra.go.jp/datafile/seiseki/report/2021/2021-2fukushima2.pdf,official_daily_result_pdf
202103020203,2021,福島,2,2,3,2021-11-07,https://www.jra.go.jp/datafile/seiseki/report/2021/2021-2fukushima2.pdf,official_daily_result_pdf
202103020204,2021,福島,2,2,4,2021-11-07,https://www.jra.go.jp/datafile/seiseki/report/2021/2021-2fukushima2.pdf,official_daily_result_pdf
202103020205,2021,福島,2,2,5,2021-11-07,https://www.jra.go.jp/datafile/seiseki/report/2021/2021-2fukushima2.pdf,official_daily_result_pdf
202103020206,2021,福島,2,2,6,2021-11-07,https://www.jra.go.jp/datafile/seiseki/report/2021/2021-2fukushima2.pdf,official_daily_result_pdf
202103020207,2021,福島,2,2,7,2021-11-07,https://www.jra.go.jp/datafile/seiseki/report/2021/2021-2fukushima2.pdf,official_daily_result_pdf
202103020208,2021,福島,2,2,8,2021-11-07,https://www.jra.go.jp/datafile/seiseki/report/2021/2021-2fukushima2.pdf,official_daily_result_pdf
202103020209,2021,福島,2,2,9,2021-11-07,https://www.jra.go.jp/datafile/seiseki/report/2021/2021-2fukushima2.pdf,official_daily_result_pdf
202103020210,2021,福島,2,2,10,2021-11-07,https://www.jra.go.jp/datafile/seiseki/report/2021/2021-2fukushima2.pdf,official_daily_result_pdf
202103020211,2021,福島,2,2,11,2021-11-07,https://www.jra.go.jp/datafile/seiseki/report/2021/2021-2fukushima2.pdf,official_daily_result_pdf
202103020212,2021,福島,2,2,12,2021-11-07,https://www.jra.go.jp/datafile/seiseki/report/2021/2021-2fukushima2.pdf,official_daily_result_pdf
202103020301,2021,福島,2,3,1,2021-11-13,https://www.jra.go.jp/datafile/seiseki/report/2021/2021-2fukushima3.pdf,official_daily_result_pdf
202103020302,2021,福島,2,3,2,2021-11-13,https://www.jra.go.jp/datafile/seiseki/report/2021/2021-2fukushima3.pdf,official_daily_result_pdf
202103020303,2021,福島,2,3,3,2021-11-13,https://www.jra.go.jp/datafile/seiseki/report/2021/2021-2fukushima3.pdf,official_daily_result_pdf
202103020304,2021,福島,2,3,4,2021-11-13,https://www.jra.go.jp/datafile/seiseki/report/2021/2021-2fukushima3.pdf,official_daily_result_pdf
202103020305,2021,福島,2,3,5,2021-11-13,https://www.jra.go.jp/datafile/seiseki/report/2021/2021-2fukushima3.pdf,official_daily_result_pdf
202103020306,2021,福島,2,3,6,2021-11-13,https://www.jra.go.jp/datafile/seiseki/report/2021/2021-2fukushima3.pdf,official_daily_result_pdf
202103020307,2021,福島,2,3,7,2021-11-13,https://www.jra.go.jp/datafile/seiseki/report/2021/2021-2fukushima3.pdf,official_daily_result_pdf
202103020308,2021,福島,2,3,8,2021-11-13,https://www.jra.go.jp/datafile/seiseki/report/2021/2021-2fukushima3.pdf,official_daily_result_pdf
202103020309,2021,福島,2,3,9,2021-11-13,https://www.jra.go.jp/datafile/seiseki/report/2021/2021-2fukushima3.pdf,official_daily_result_pdf
202103020310,2021,福島,2,3,10,2021-11-13,https://www.jra.go.jp/datafile/seiseki/report/2021/2021-2fukushima3.pdf,official_daily_result_pdf
202103020311,2021,福島,2,3,11,2021-11-13,https://www.jra.go.jp/datafile/seiseki/report/2021/2021-2fukushima3.pdf,official_daily_result_pdf
202103020312,2021,福島,2,3,12,2021-11-13,https://www.jra.go.jp/datafile/seiseki/report/2021/2021-2fukushima3.pdf,official_daily_result_pdf
202103020401,2021,福島,2,4,1,2021-11-14,https://www.jra.go.jp/datafile/seiseki/report/2021/2021-2fukushima4.pdf,official_daily_result_pdf
202103020402,2021,福島,2,4,2,2021-11-14,https://www.jra.go.jp/datafile/seiseki/report/2021/2021-2fukushima4.pdf,official_daily_result_pdf
202103020403,2021,福島,2,4,3,2021-11-14,https://www.jra.go.jp/datafile/seiseki/report/2021/2021-2fukushima4.pdf,official_daily_result_pdf
202103020404,2021,福島,2,4,4,2021-11-14,https://www.jra.go.jp/datafile/seiseki/report/2021/2021-2fukushima4.pdf,official_daily_result_pdf
202103020405,2021,福島,2,4,5,2021-11-14,https://www.jra.go.jp/datafile/seiseki/report/2021/2021-2fukushima4.pdf,official_daily_result_pdf
202103020406,2021,福島,2,4,6,2021-11-14,https://www.jra.go.jp/datafile/seiseki/report/2021/2021-2fukushima4.pdf,official_daily_result_pdf
202103020407,2021,福島,2,4,7,2021-11-14,https://www.jra.go.jp/datafile/seiseki/report/2021/2021-2fukushima4.pdf,official_daily_result_pdf
202103020408,2021,福島,2,4,8,2021-11-14,https://www.jra.go.jp/datafile/seiseki/report/2021/2021-2fukushima4.pdf,official_daily_result_pdf
202103020409,2021,福島,2,4,9,2021-11-14,https://www.jra.go.jp/datafile/seiseki/report/2021/2021-2fukushima4.pdf,official_daily_result_pdf
202103020410,2021,福島,2,4,10,2021-11-14,https://www.jra.go.jp/datafile/seiseki/report/2021/2021-2fukushima4.pdf,official_daily_result_pdf
202103020411,2021,福島,2,4,11,2021-11-14,https://www.jra.go.jp/datafile/seiseki/report/2021/2021-2fukushima4.pdf,official_daily_result_pdf
202103020412,2021,福島,2,4,12,2021-11-14,https://www.jra.go.jp/datafile/seiseki/report/2021/2021-2fukushima4.pdf,official_daily_result_pdf
202103020501,2021,福島,2,5,1,2021-11-20,https://www.jra.go.jp/datafile/seiseki/report/2021/2021-2fukushima5.pdf,official_daily_result_pdf
202103020502,2021,福島,2,5,2,2021-11-20,https://www.jra.go.jp/datafile/seiseki/report/2021/2021-2fukushima5.pdf,official_daily_result_pdf
202103020503,2021,福島,2,5,3,2021-11-20,https://www.jra.go.jp/datafile/seiseki/report/2021/2021-2fukushima5.pdf,official_daily_result_pdf
202103020504,2021,福島,2,5,4,2021-11-20,https://www.jra.go.jp/datafile/seiseki/report/2021/2021-2fukushima5.pdf,official_daily_result_pdf
202103020505,2021,福島,2,5,5,2021-11-20,https://www.jra.go.jp/datafile/seiseki/report/2021/2021-2fukushima5.pdf,official_daily_result_pdf
202103020506,2021,福島,2,5,6,2021-11-20,https://www.jra.go.jp/datafile/seiseki/report/2021/2021-2fukushima5.pdf,official_daily_result_pdf
202103020507,2021,福島,2,5,7,2021-11-20,https://www.jra.go.jp/datafile/seiseki/report/2021/2021-2fukushima5.pdf,official_daily_result_pdf
202103020508,2021,福島,2,5,8,2021-11-20,https://www.jra.go.jp/datafile/seiseki/report/2021/2021-2fukushima5.pdf,official_daily_result_pdf
202103020509,2021,福島,2,5,9,2021-11-20,https://www.jra.go.jp/datafile/seiseki/report/2021/2021-2fukushima5.pdf,official_daily_result_pdf
202103020510,2021,福島,2,5,10,2021-11-20,https://www.jra.go.jp/datafile/seiseki/report/2021/2021-2fukushima5.pdf,official_daily_result_pdf
202103020511,2021,福島,2,5,11,2021-11-20,https://www.jra.go.jp/datafile/seiseki/report/2021/2021-2fukushima5.pdf,official_daily_result_pdf
202103020512,2021,福島,2,5,12,2021-11-20,https://www.jra.go.jp/datafile/seiseki/report/2021/2021-2fukushima5.pdf,official_daily_result_pdf
202103020601,2021,福島,2,6,1,2021-11-21,https://www.jra.go.jp/datafile/seiseki/report/2021/2021-2fukushima6.pdf,official_daily_result_pdf
202103020602,2021,福島,2,6,2,2021-11-21,https://www.jra.go.jp/datafile/seiseki/report/2021/2021-2fukushima6.pdf,official_daily_result_pdf
202103020603,2021,福島,2,6,3,2021-11-21,https://www.jra.go.jp/datafile/seiseki/report/2021/2021-2fukushima6.pdf,official_daily_result_pdf
202103020604,2021,福島,2,6,4,2021-11-21,https://www.jra.go.jp/datafile/seiseki/report/2021/2021-2fukushima6.pdf,official_daily_result_pdf
202103020605,2021,福島,2,6,5,2021-11-21,https://www.jra.go.jp/datafile/seiseki/report/2021/2021-2fukushima6.pdf,official_daily_result_pdf
202103020606,2021,福島,2,6,6,2021-11-21,https://www.jra.go.jp/datafile/seiseki/report/2021/2021-2fukushima6.pdf,official_daily_result_pdf
202103020607,2021,福島,2,6,7,2021-11-21,https://www.jra.go.jp/datafile/seiseki/report/2021/2021-2fukushima6.pdf,official_daily_result_pdf
202103020608,2021,福島,2,6,8,2021-11-21,https://www.jra.go.jp/datafile/seiseki/report/2021/2021-2fukushima6.pdf,official_daily_result_pdf
202103020609,2021,福島,2,6,9,2021-11-21,https://www.jra.go.jp/datafile/seiseki/report/2021/2021-2fukushima6.pdf,official_daily_result_pdf
202103020610,2021,福島,2,6,10,2021-11-21,https://www.jra.go.jp/datafile/seiseki/report/2021/2021-2fukushima6.pdf,official_daily_result_pdf
202103020611,2021,福島,2,6,11,2021-11-21,https://www.jra.go.jp/datafile/seiseki/report/2021/2021-2fukushima6.pdf,official_daily_result_pdf
202103020612,2021,福島,2,6,12,2021-11-21,https://www.jra.go.jp/datafile/seiseki/report/2021/2021-2fukushima6.pdf,official_daily_result_pdf
202104010101,2021,新潟,1,1,1,2021-04-10,https://www.jra.go.jp/datafile/seiseki/report/2021/2021-1niigata1.pdf,official_daily_result_pdf
202104010102,2021,新潟,1,1,2,2021-04-10,https://www.jra.go.jp/datafile/seiseki/report/2021/2021-1niigata1.pdf,official_daily_result_pdf
202104010103,2021,新潟,1,1,3,2021-04-10,https://www.jra.go.jp/datafile/seiseki/report/2021/2021-1niigata1.pdf,official_daily_result_pdf
202104010104,2021,新潟,1,1,4,2021-04-10,https://www.jra.go.jp/datafile/seiseki/report/2021/2021-1niigata1.pdf,official_daily_result_pdf
202104010105,2021,新潟,1,1,5,2021-04-10,https://www.jra.go.jp/datafile/seiseki/report/2021/2021-1niigata1.pdf,official_daily_result_pdf
202104010106,2021,新潟,1,1,6,2021-04-10,https://www.jra.go.jp/datafile/seiseki/report/2021/2021-1niigata1.pdf,official_daily_result_pdf
202104010107,2021,新潟,1,1,7,2021-04-10,https://www.jra.go.jp/datafile/seiseki/report/2021/2021-1niigata1.pdf,official_daily_result_pdf
202104010108,2021,新潟,1,1,8,2021-04-10,https://www.jra.go.jp/datafile/seiseki/report/2021/2021-1niigata1.pdf,official_daily_result_pdf
202104010109,2021,新潟,1,1,9,2021-04-10,https://www.jra.go.jp/datafile/seiseki/report/2021/2021-1niigata1.pdf,official_daily_result_pdf
202104010110,2021,新潟,1,1,10,2021-04-10,https://www.jra.go.jp/datafile/seiseki/report/2021/2021-1niigata1.pdf,official_daily_result_pdf
202104010111,2021,新潟,1,1,11,2021-04-10,https://www.jra.go.jp/datafile/seiseki/report/2021/2021-1niigata1.pdf,official_daily_result_pdf
202104010112,2021,新潟,1,1,12,2021-04-10,https://www.jra.go.jp/datafile/seiseki/report/2021/2021-1niigata1.pdf,official_daily_result_pdf
202104010201,2021,新潟,1,2,1,2021-04-11,https://www.jra.go.jp/datafile/seiseki/report/2021/2021-1niigata2.pdf,official_daily_result_pdf
202104010202,2021,新潟,1,2,2,2021-04-11,https://www.jra.go.jp/datafile/seiseki/report/2021/2021-1niigata2.pdf,official_daily_result_pdf
202104010203,2021,新潟,1,2,3,2021-04-11,https://www.jra.go.jp/datafile/seiseki/report/2021/2021-1niigata2.pdf,official_daily_result_pdf
202104010204,2021,新潟,1,2,4,2021-04-11,https://www.jra.go.jp/datafile/seiseki/report/2021/2021-1niigata2.pdf,official_daily_result_pdf
202104010205,2021,新潟,1,2,5,2021-04-11,https://www.jra.go.jp/datafile/seiseki/report/2021/2021-1niigata2.pdf,official_daily_result_pdf
202104010206,2021,新潟,1,2,6,2021-04-11,https://www.jra.go.jp/datafile/seiseki/report/2021/2021-1niigata2.pdf,official_daily_result_pdf
202104010207,2021,新潟,1,2,7,2021-04-11,https://www.jra.go.jp/datafile/seiseki/report/2021/2021-1niigata2.pdf,official_daily_result_pdf
202104010208,2021,新潟,1,2,8,2021-04-11,https://www.jra.go.jp/datafile/seiseki/report/2021/2021-1niigata2.pdf,official_daily_result_pdf
202104010209,2021,新潟,1,2,9,2021-04-11,https://www.jra.go.jp/datafile/seiseki/report/2021/2021-1niigata2.pdf,official_daily_result_pdf
202104010210,2021,新潟,1,2,10,2021-04-11,https://www.jra.go.jp/datafile/seiseki/report/2021/2021-1niigata2.pdf,official_daily_result_pdf
202104010211,2021,新潟,1,2,11,2021-04-11,https://www.jra.go.jp/datafile/seiseki/report/2021/2021-1niigata2.pdf,official_daily_result_pdf
202104010212,2021,新潟,1,2,12,2021-04-11,https://www.jra.go.jp/datafile/seiseki/report/2021/2021-1niigata2.pdf,official_daily_result_pdf
202104010301,2021,新潟,1,3,1,2021-04-17,https://www.jra.go.jp/datafile/seiseki/report/2021/2021-1niigata3.pdf,official_daily_result_pdf
202104010302,2021,新潟,1,3,2,2021-04-17,https://www.jra.go.jp/datafile/seiseki/report/2021/2021-1niigata3.pdf,official_daily_result_pdf
202104010303,2021,新潟,1,3,3,2021-04-17,https://www.jra.go.jp/datafile/seiseki/report/2021/2021-1niigata3.pdf,official_daily_result_pdf
202104010304,2021,新潟,1,3,4,2021-04-17,https://www.jra.go.jp/datafile/seiseki/report/2021/2021-1niigata3.pdf,official_daily_result_pdf
202104010305,2021,新潟,1,3,5,2021-04-17,https://www.jra.go.jp/datafile/seiseki/report/2021/2021-1niigata3.pdf,official_daily_result_pdf
202104010306,2021,新潟,1,3,6,2021-04-17,https://www.jra.go.jp/datafile/seiseki/report/2021/2021-1niigata3.pdf,official_daily_result_pdf
202104010307,2021,新潟,1,3,7,2021-04-17,https://www.jra.go.jp/datafile/seiseki/report/2021/2021-1niigata3.pdf,official_daily_result_pdf
202104010308,2021,新潟,1,3,8,2021-04-17,https://www.jra.go.jp/datafile/seiseki/report/2021/2021-1niigata3.pdf,official_daily_result_pdf
202104010309,2021,新潟,1,3,9,2021-04-17,https://www.jra.go.jp/datafile/seiseki/report/2021/2021-1niigata3.pdf,official_daily_result_pdf
202104010310,2021,新潟,1,3,10,2021-04-17,https://www.jra.go.jp/datafile/seiseki/report/2021/2021-1niigata3.pdf,official_daily_result_pdf
202104010311,2021,新潟,1,3,11,2021-04-17,https://www.jra.go.jp/datafile/seiseki/report/2021/2021-1niigata3.pdf,official_daily_result_pdf
202104010312,2021,新潟,1,3,12,2021-04-17,https://www.jra.go.jp/datafile/seiseki/report/2021/2021-1niigata3.pdf,official_daily_result_pdf
202104010401,2021,新潟,1,4,1,2021-04-18,https://www.jra.go.jp/datafile/seiseki/report/2021/2021-1niigata4.pdf,official_daily_result_pdf
202104010402,2021,新潟,1,4,2,2021-04-18,https://www.jra.go.jp/datafile/seiseki/report/2021/2021-1niigata4.pdf,official_daily_result_pdf
202104010403,2021,新潟,1,4,3,2021-04-18,https://www.jra.go.jp/datafile/seiseki/report/2021/2021-1niigata4.pdf,official_daily_result_pdf
202104010404,2021,新潟,1,4,4,2021-04-18,https://www.jra.go.jp/datafile/seiseki/report/2021/2021-1niigata4.pdf,official_daily_result_pdf
202104010405,2021,新潟,1,4,5,2021-04-18,https://www.jra.go.jp/datafile/seiseki/report/2021/2021-1niigata4.pdf,official_daily_result_pdf
202104010406,2021,新潟,1,4,6,2021-04-18,https://www.jra.go.jp/datafile/seiseki/report/2021/2021-1niigata4.pdf,official_daily_result_pdf
202104010407,2021,新潟,1,4,7,2021-04-18,https://www.jra.go.jp/datafile/seiseki/report/2021/2021-1niigata4.pdf,official_daily_result_pdf
202104010408,2021,新潟,1,4,8,2021-04-18,https://www.jra.go.jp/datafile/seiseki/report/2021/2021-1niigata4.pdf,official_daily_result_pdf
202104010409,2021,新潟,1,4,9,2021-04-18,https://www.jra.go.jp/datafile/seiseki/report/2021/2021-1niigata4.pdf,official_daily_result_pdf
202104010410,2021,新潟,1,4,10,2021-04-18,https://www.jra.go.jp/datafile/seiseki/report/2021/2021-1niigata4.pdf,official_daily_result_pdf
202104010411,2021,新潟,1,4,11,2021-04-18,https://www.jra.go.jp/datafile/seiseki/report/2021/2021-1niigata4.pdf,official_daily_result_pdf
202104010412,2021,新潟,1,4,12,2021-04-18,https://www.jra.go.jp/datafile/seiseki/report/2021/2021-1niigata4.pdf,official_daily_result_pdf
202104010501,2021,新潟,1,5,1,2021-04-24,https://www.jra.go.jp/datafile/seiseki/report/2021/2021-1niigata5.pdf,official_daily_result_pdf
202104010502,2021,新潟,1,5,2,2021-04-24,https://www.jra.go.jp/datafile/seiseki/report/2021/2021-1niigata5.pdf,official_daily_result_pdf
202104010503,2021,新潟,1,5,3,2021-04-24,https://www.jra.go.jp/datafile/seiseki/report/2021/2021-1niigata5.pdf,official_daily_result_pdf
202104010504,2021,新潟,1,5,4,2021-04-24,https://www.jra.go.jp/datafile/seiseki/report/2021/2021-1niigata5.pdf,official_daily_result_pdf
202104010505,2021,新潟,1,5,5,2021-04-24,https://www.jra.go.jp/datafile/seiseki/report/2021/2021-1niigata5.pdf,official_daily_result_pdf
202104010506,2021,新潟,1,5,6,2021-04-24,https://www.jra.go.jp/datafile/seiseki/report/2021/2021-1niigata5.pdf,official_daily_result_pdf
202104010507,2021,新潟,1,5,7,2021-04-24,https://www.jra.go.jp/datafile/seiseki/report/2021/2021-1niigata5.pdf,official_daily_result_pdf
202104010508,2021,新潟,1,5,8,2021-04-24,https://www.jra.go.jp/datafile/seiseki/report/2021/2021-1niigata5.pdf,official_daily_result_pdf
202104010509,2021,新潟,1,5,9,2021-04-24,https://www.jra.go.jp/datafile/seiseki/report/2021/2021-1niigata5.pdf,official_daily_result_pdf
202104010510,2021,新潟,1,5,10,2021-04-24,https://www.jra.go.jp/datafile/seiseki/report/2021/2021-1niigata5.pdf,official_daily_result_pdf
202104010511,2021,新潟,1,5,11,2021-04-24,https://www.jra.go.jp/datafile/seiseki/report/2021/2021-1niigata5.pdf,official_daily_result_pdf
202104010512,2021,新潟,1,5,12,2021-04-24,https://www.jra.go.jp/datafile/seiseki/report/2021/2021-1niigata5.pdf,official_daily_result_pdf
202104010601,2021,新潟,1,6,1,2021-04-25,https://www.jra.go.jp/datafile/seiseki/report/2021/2021-1niigata6.pdf,official_daily_result_pdf
202104010602,2021,新潟,1,6,2,2021-04-25,https://www.jra.go.jp/datafile/seiseki/report/2021/2021-1niigata6.pdf,official_daily_result_pdf
202104010603,2021,新潟,1,6,3,2021-04-25,https://www.jra.go.jp/datafile/seiseki/report/2021/2021-1niigata6.pdf,official_daily_result_pdf
202104010604,2021,新潟,1,6,4,2021-04-25,https://www.jra.go.jp/datafile/seiseki/report/2021/2021-1niigata6.pdf,official_daily_result_pdf
202104010605,2021,新潟,1,6,5,2021-04-25,https://www.jra.go.jp/datafile/seiseki/report/2021/2021-1niigata6.pdf,official_daily_result_pdf
202104010606,2021,新潟,1,6,6,2021-04-25,https://www.jra.go.jp/datafile/seiseki/report/2021/2021-1niigata6.pdf,official_daily_result_pdf
202104010607,2021,新潟,1,6,7,2021-04-25,https://www.jra.go.jp/datafile/seiseki/report/2021/2021-1niigata6.pdf,official_daily_result_pdf
202104010608,2021,新潟,1,6,8,2021-04-25,https://www.jra.go.jp/datafile/seiseki/report/2021/2021-1niigata6.pdf,official_daily_result_pdf
202104010609,2021,新潟,1,6,9,2021-04-25,https://www.jra.go.jp/datafile/seiseki/report/2021/2021-1niigata6.pdf,official_daily_result_pdf
202104010610,2021,新潟,1,6,10,2021-04-25,https://www.jra.go.jp/datafile/seiseki/report/2021/2021-1niigata6.pdf,official_daily_result_pdf
202104010611,2021,新潟,1,6,11,2021-04-25,https://www.jra.go.jp/datafile/seiseki/report/2021/2021-1niigata6.pdf,official_daily_result_pdf
202104010612,2021,新潟,1,6,12,2021-04-25,https://www.jra.go.jp/datafile/seiseki/report/2021/2021-1niigata6.pdf,official_daily_result_pdf
202104010701,2021,新潟,1,7,1,2021-05-01,https://www.jra.go.jp/datafile/seiseki/report/2021/2021-1niigata7.pdf,official_daily_result_pdf
202104010702,2021,新潟,1,7,2,2021-05-01,https://www.jra.go.jp/datafile/seiseki/report/2021/2021-1niigata7.pdf,official_daily_result_pdf
202104010703,2021,新潟,1,7,3,2021-05-01,https://www.jra.go.jp/datafile/seiseki/report/2021/2021-1niigata7.pdf,official_daily_result_pdf
202104010704,2021,新潟,1,7,4,2021-05-01,https://www.jra.go.jp/datafile/seiseki/report/2021/2021-1niigata7.pdf,official_daily_result_pdf
202104010705,2021,新潟,1,7,5,2021-05-01,https://www.jra.go.jp/datafile/seiseki/report/2021/2021-1niigata7.pdf,official_daily_result_pdf
202104010706,2021,新潟,1,7,6,2021-05-01,https://www.jra.go.jp/datafile/seiseki/report/2021/2021-1niigata7.pdf,official_daily_result_pdf
202104010707,2021,新潟,1,7,7,2021-05-01,https://www.jra.go.jp/datafile/seiseki/report/2021/2021-1niigata7.pdf,official_daily_result_pdf
202104010708,2021,新潟,1,7,8,2021-05-01,https://www.jra.go.jp/datafile/seiseki/report/2021/2021-1niigata7.pdf,official_daily_result_pdf
202104010709,2021,新潟,1,7,9,2021-05-01,https://www.jra.go.jp/datafile/seiseki/report/2021/2021-1niigata7.pdf,official_daily_result_pdf
202104010710,2021,新潟,1,7,10,2021-05-01,https://www.jra.go.jp/datafile/seiseki/report/2021/2021-1niigata7.pdf,official_daily_result_pdf
202104010711,2021,新潟,1,7,11,2021-05-01,https://www.jra.go.jp/datafile/seiseki/report/2021/2021-1niigata7.pdf,official_daily_result_pdf
202104010712,2021,新潟,1,7,12,2021-05-01,https://www.jra.go.jp/datafile/seiseki/report/2021/2021-1niigata7.pdf,official_daily_result_pdf
202104010801,2021,新潟,1,8,1,2021-05-02,https://www.jra.go.jp/datafile/seiseki/report/2021/2021-1niigata8.pdf,official_daily_result_pdf
202104010802,2021,新潟,1,8,2,2021-05-02,https://www.jra.go.jp/datafile/seiseki/report/2021/2021-1niigata8.pdf,official_daily_result_pdf
202104010803,2021,新潟,1,8,3,2021-05-02,https://www.jra.go.jp/datafile/seiseki/report/2021/2021-1niigata8.pdf,official_daily_result_pdf
202104010804,2021,新潟,1,8,4,2021-05-02,https://www.jra.go.jp/datafile/seiseki/report/2021/2021-1niigata8.pdf,official_daily_result_pdf
202104010805,2021,新潟,1,8,5,2021-05-02,https://www.jra.go.jp/datafile/seiseki/report/2021/2021-1niigata8.pdf,official_daily_result_pdf
202104010806,2021,新潟,1,8,6,2021-05-02,https://www.jra.go.jp/datafile/seiseki/report/2021/2021-1niigata8.pdf,official_daily_result_pdf
202104010807,2021,新潟,1,8,7,2021-05-02,https://www.jra.go.jp/datafile/seiseki/report/2021/2021-1niigata8.pdf,official_daily_result_pdf
202104010808,2021,新潟,1,8,8,2021-05-02,https://www.jra.go.jp/datafile/seiseki/report/2021/2021-1niigata8.pdf,official_daily_result_pdf
202104010809,2021,新潟,1,8,9,2021-05-02,https://www.jra.go.jp/datafile/seiseki/report/2021/2021-1niigata8.pdf,official_daily_result_pdf
202104010810,2021,新潟,1,8,10,2021-05-02,https://www.jra.go.jp/datafile/seiseki/report/2021/2021-1niigata8.pdf,official_daily_result_pdf
202104010811,2021,新潟,1,8,11,2021-05-02,https://www.jra.go.jp/datafile/seiseki/report/2021/2021-1niigata8.pdf,official_daily_result_pdf
202104010812,2021,新潟,1,8,12,2021-05-02,https://www.jra.go.jp/datafile/seiseki/report/2021/2021-1niigata8.pdf,official_daily_result_pdf
202104020101,2021,新潟,2,1,1,2021-05-08,https://www.jra.go.jp/datafile/seiseki/report/2021/2021-2niigata1.pdf,official_daily_result_pdf
202104020102,2021,新潟,2,1,2,2021-05-08,https://www.jra.go.jp/datafile/seiseki/report/2021/2021-2niigata1.pdf,official_daily_result_pdf
202104020103,2021,新潟,2,1,3,2021-05-08,https://www.jra.go.jp/datafile/seiseki/report/2021/2021-2niigata1.pdf,official_daily_result_pdf
202104020104,2021,新潟,2,1,4,2021-05-08,https://www.jra.go.jp/datafile/seiseki/report/2021/2021-2niigata1.pdf,official_daily_result_pdf
202104020105,2021,新潟,2,1,5,2021-05-08,https://www.jra.go.jp/datafile/seiseki/report/2021/2021-2niigata1.pdf,official_daily_result_pdf
202104020106,2021,新潟,2,1,6,2021-05-08,https://www.jra.go.jp/datafile/seiseki/report/2021/2021-2niigata1.pdf,official_daily_result_pdf
202104020107,2021,新潟,2,1,7,2021-05-08,https://www.jra.go.jp/datafile/seiseki/report/2021/2021-2niigata1.pdf,official_daily_result_pdf
202104020108,2021,新潟,2,1,8,2021-05-08,https://www.jra.go.jp/datafile/seiseki/report/2021/2021-2niigata1.pdf,official_daily_result_pdf
202104020109,2021,新潟,2,1,9,2021-05-08,https://www.jra.go.jp/datafile/seiseki/report/2021/2021-2niigata1.pdf,official_daily_result_pdf
202104020110,2021,新潟,2,1,10,2021-05-08,https://www.jra.go.jp/datafile/seiseki/report/2021/2021-2niigata1.pdf,official_daily_result_pdf
202104020111,2021,新潟,2,1,11,2021-05-08,https://www.jra.go.jp/datafile/seiseki/report/2021/2021-2niigata1.pdf,official_daily_result_pdf
202104020112,2021,新潟,2,1,12,2021-05-08,https://www.jra.go.jp/datafile/seiseki/report/2021/2021-2niigata1.pdf,official_daily_result_pdf
202104020201,2021,新潟,2,2,1,2021-05-09,https://www.jra.go.jp/datafile/seiseki/report/2021/2021-2niigata2.pdf,official_daily_result_pdf
202104020202,2021,新潟,2,2,2,2021-05-09,https://www.jra.go.jp/datafile/seiseki/report/2021/2021-2niigata2.pdf,official_daily_result_pdf
202104020203,2021,新潟,2,2,3,2021-05-09,https://www.jra.go.jp/datafile/seiseki/report/2021/2021-2niigata2.pdf,official_daily_result_pdf
202104020204,2021,新潟,2,2,4,2021-05-09,https://www.jra.go.jp/datafile/seiseki/report/2021/2021-2niigata2.pdf,official_daily_result_pdf
202104020205,2021,新潟,2,2,5,2021-05-09,https://www.jra.go.jp/datafile/seiseki/report/2021/2021-2niigata2.pdf,official_daily_result_pdf
202104020206,2021,新潟,2,2,6,2021-05-09,https://www.jra.go.jp/datafile/seiseki/report/2021/2021-2niigata2.pdf,official_daily_result_pdf
202104020207,2021,新潟,2,2,7,2021-05-09,https://www.jra.go.jp/datafile/seiseki/report/2021/2021-2niigata2.pdf,official_daily_result_pdf
202104020208,2021,新潟,2,2,8,2021-05-09,https://www.jra.go.jp/datafile/seiseki/report/2021/2021-2niigata2.pdf,official_daily_result_pdf
202104020209,2021,新潟,2,2,9,2021-05-09,https://www.jra.go.jp/datafile/seiseki/report/2021/2021-2niigata2.pdf,official_daily_result_pdf
202104020210,2021,新潟,2,2,10,2021-05-09,https://www.jra.go.jp/datafile/seiseki/report/2021/2021-2niigata2.pdf,official_daily_result_pdf
202104020211,2021,新潟,2,2,11,2021-05-09,https://www.jra.go.jp/datafile/seiseki/report/2021/2021-2niigata2.pdf,official_daily_result_pdf
202104020212,2021,新潟,2,2,12,2021-05-09,https://www.jra.go.jp/datafile/seiseki/report/2021/2021-2niigata2.pdf,official_daily_result_pdf
202104020301,2021,新潟,2,3,1,2021-05-15,https://www.jra.go.jp/datafile/seiseki/report/2021/2021-2niigata3.pdf,official_daily_result_pdf
202104020302,2021,新潟,2,3,2,2021-05-15,https://www.jra.go.jp/datafile/seiseki/report/2021/2021-2niigata3.pdf,official_daily_result_pdf
202104020303,2021,新潟,2,3,3,2021-05-15,https://www.jra.go.jp/datafile/seiseki/report/2021/2021-2niigata3.pdf,official_daily_result_pdf
202104020304,2021,新潟,2,3,4,2021-05-15,https://www.jra.go.jp/datafile/seiseki/report/2021/2021-2niigata3.pdf,official_daily_result_pdf
202104020305,2021,新潟,2,3,5,2021-05-15,https://www.jra.go.jp/datafile/seiseki/report/2021/2021-2niigata3.pdf,official_daily_result_pdf
202104020306,2021,新潟,2,3,6,2021-05-15,https://www.jra.go.jp/datafile/seiseki/report/2021/2021-2niigata3.pdf,official_daily_result_pdf
202104020307,2021,新潟,2,3,7,2021-05-15,https://www.jra.go.jp/datafile/seiseki/report/2021/2021-2niigata3.pdf,official_daily_result_pdf
202104020308,2021,新潟,2,3,8,2021-05-15,https://www.jra.go.jp/datafile/seiseki/report/2021/2021-2niigata3.pdf,official_daily_result_pdf
202104020309,2021,新潟,2,3,9,2021-05-15,https://www.jra.go.jp/datafile/seiseki/report/2021/2021-2niigata3.pdf,official_daily_result_pdf
202104020310,2021,新潟,2,3,10,2021-05-15,https://www.jra.go.jp/datafile/seiseki/report/2021/2021-2niigata3.pdf,official_daily_result_pdf
202104020311,2021,新潟,2,3,11,2021-05-15,https://www.jra.go.jp/datafile/seiseki/report/2021/2021-2niigata3.pdf,official_daily_result_pdf
202104020312,2021,新潟,2,3,12,2021-05-15,https://www.jra.go.jp/datafile/seiseki/report/2021/2021-2niigata3.pdf,official_daily_result_pdf
202104020401,2021,新潟,2,4,1,2021-05-16,https://www.jra.go.jp/datafile/seiseki/report/2021/2021-2niigata4.pdf,official_daily_result_pdf
202104020402,2021,新潟,2,4,2,2021-05-16,https://www.jra.go.jp/datafile/seiseki/report/2021/2021-2niigata4.pdf,official_daily_result_pdf
202104020403,2021,新潟,2,4,3,2021-05-16,https://www.jra.go.jp/datafile/seiseki/report/2021/2021-2niigata4.pdf,official_daily_result_pdf
202104020404,2021,新潟,2,4,4,2021-05-16,https://www.jra.go.jp/datafile/seiseki/report/2021/2021-2niigata4.pdf,official_daily_result_pdf
202104020405,2021,新潟,2,4,5,2021-05-16,https://www.jra.go.jp/datafile/seiseki/report/2021/2021-2niigata4.pdf,official_daily_result_pdf
202104020406,2021,新潟,2,4,6,2021-05-16,https://www.jra.go.jp/datafile/seiseki/report/2021/2021-2niigata4.pdf,official_daily_result_pdf
202104020407,2021,新潟,2,4,7,2021-05-16,https://www.jra.go.jp/datafile/seiseki/report/2021/2021-2niigata4.pdf,official_daily_result_pdf
202104020408,2021,新潟,2,4,8,2021-05-16,https://www.jra.go.jp/datafile/seiseki/report/2021/2021-2niigata4.pdf,official_daily_result_pdf
202104020409,2021,新潟,2,4,9,2021-05-16,https://www.jra.go.jp/datafile/seiseki/report/2021/2021-2niigata4.pdf,official_daily_result_pdf
202104020410,2021,新潟,2,4,10,2021-05-16,https://www.jra.go.jp/datafile/seiseki/report/2021/2021-2niigata4.pdf,official_daily_result_pdf
202104020411,2021,新潟,2,4,11,2021-05-16,https://www.jra.go.jp/datafile/seiseki/report/2021/2021-2niigata4.pdf,official_daily_result_pdf
202104020412,2021,新潟,2,4,12,2021-05-16,https://www.jra.go.jp/datafile/seiseki/report/2021/2021-2niigata4.pdf,official_daily_result_pdf
202104020501,2021,新潟,2,5,1,2021-05-22,https://www.jra.go.jp/datafile/seiseki/report/2021/2021-2niigata5.pdf,official_daily_result_pdf
202104020502,2021,新潟,2,5,2,2021-05-22,https://www.jra.go.jp/datafile/seiseki/report/2021/2021-2niigata5.pdf,official_daily_result_pdf
202104020503,2021,新潟,2,5,3,2021-05-22,https://www.jra.go.jp/datafile/seiseki/report/2021/2021-2niigata5.pdf,official_daily_result_pdf
202104020504,2021,新潟,2,5,4,2021-05-22,https://www.jra.go.jp/datafile/seiseki/report/2021/2021-2niigata5.pdf,official_daily_result_pdf
202104020505,2021,新潟,2,5,5,2021-05-22,https://www.jra.go.jp/datafile/seiseki/report/2021/2021-2niigata5.pdf,official_daily_result_pdf
202104020506,2021,新潟,2,5,6,2021-05-22,https://www.jra.go.jp/datafile/seiseki/report/2021/2021-2niigata5.pdf,official_daily_result_pdf
202104020507,2021,新潟,2,5,7,2021-05-22,https://www.jra.go.jp/datafile/seiseki/report/2021/2021-2niigata5.pdf,official_daily_result_pdf
202104020508,2021,新潟,2,5,8,2021-05-22,https://www.jra.go.jp/datafile/seiseki/report/2021/2021-2niigata5.pdf,official_daily_result_pdf
202104020509,2021,新潟,2,5,9,2021-05-22,https://www.jra.go.jp/datafile/seiseki/report/2021/2021-2niigata5.pdf,official_daily_result_pdf
202104020510,2021,新潟,2,5,10,2021-05-22,https://www.jra.go.jp/datafile/seiseki/report/2021/2021-2niigata5.pdf,official_daily_result_pdf
202104020511,2021,新潟,2,5,11,2021-05-22,https://www.jra.go.jp/datafile/seiseki/report/2021/2021-2niigata5.pdf,official_daily_result_pdf
202104020512,2021,新潟,2,5,12,2021-05-22,https://www.jra.go.jp/datafile/seiseki/report/2021/2021-2niigata5.pdf,official_daily_result_pdf
202104020601,2021,新潟,2,6,1,2021-05-23,https://www.jra.go.jp/datafile/seiseki/report/2021/2021-2niigata6.pdf,official_daily_result_pdf
202104020602,2021,新潟,2,6,2,2021-05-23,https://www.jra.go.jp/datafile/seiseki/report/2021/2021-2niigata6.pdf,official_daily_result_pdf
202104020603,2021,新潟,2,6,3,2021-05-23,https://www.jra.go.jp/datafile/seiseki/report/2021/2021-2niigata6.pdf,official_daily_result_pdf
202104020604,2021,新潟,2,6,4,2021-05-23,https://www.jra.go.jp/datafile/seiseki/report/2021/2021-2niigata6.pdf,official_daily_result_pdf
202104020605,2021,新潟,2,6,5,2021-05-23,https://www.jra.go.jp/datafile/seiseki/report/2021/2021-2niigata6.pdf,official_daily_result_pdf
202104020606,2021,新潟,2,6,6,2021-05-23,https://www.jra.go.jp/datafile/seiseki/report/2021/2021-2niigata6.pdf,official_daily_result_pdf
202104020607,2021,新潟,2,6,7,2021-05-23,https://www.jra.go.jp/datafile/seiseki/report/2021/2021-2niigata6.pdf,official_daily_result_pdf
202104020608,2021,新潟,2,6,8,2021-05-23,https://www.jra.go.jp/datafile/seiseki/report/2021/2021-2niigata6.pdf,official_daily_result_pdf
202104020609,2021,新潟,2,6,9,2021-05-23,https://www.jra.go.jp/datafile/seiseki/report/2021/2021-2niigata6.pdf,official_daily_result_pdf
202104020610,2021,新潟,2,6,10,2021-05-23,https://www.jra.go.jp/datafile/seiseki/report/2021/2021-2niigata6.pdf,official_daily_result_pdf
202104020611,2021,新潟,2,6,11,2021-05-23,https://www.jra.go.jp/datafile/seiseki/report/2021/2021-2niigata6.pdf,official_daily_result_pdf
202104020612,2021,新潟,2,6,12,2021-05-23,https://www.jra.go.jp/datafile/seiseki/report/2021/2021-2niigata6.pdf,official_daily_result_pdf
202104030101,2021,新潟,3,1,1,2021-07-24,https://www.jra.go.jp/datafile/seiseki/report/2021/2021-3niigata1.pdf,official_daily_result_pdf
202104030102,2021,新潟,3,1,2,2021-07-24,https://www.jra.go.jp/datafile/seiseki/report/2021/2021-3niigata1.pdf,official_daily_result_pdf
202104030103,2021,新潟,3,1,3,2021-07-24,https://www.jra.go.jp/datafile/seiseki/report/2021/2021-3niigata1.pdf,official_daily_result_pdf
202104030104,2021,新潟,3,1,4,2021-07-24,https://www.jra.go.jp/datafile/seiseki/report/2021/2021-3niigata1.pdf,official_daily_result_pdf
202104030105,2021,新潟,3,1,5,2021-07-24,https://www.jra.go.jp/datafile/seiseki/report/2021/2021-3niigata1.pdf,official_daily_result_pdf
202104030106,2021,新潟,3,1,6,2021-07-24,https://www.jra.go.jp/datafile/seiseki/report/2021/2021-3niigata1.pdf,official_daily_result_pdf
202104030107,2021,新潟,3,1,7,2021-07-24,https://www.jra.go.jp/datafile/seiseki/report/2021/2021-3niigata1.pdf,official_daily_result_pdf
202104030108,2021,新潟,3,1,8,2021-07-24,https://www.jra.go.jp/datafile/seiseki/report/2021/2021-3niigata1.pdf,official_daily_result_pdf
202104030109,2021,新潟,3,1,9,2021-07-24,https://www.jra.go.jp/datafile/seiseki/report/2021/2021-3niigata1.pdf,official_daily_result_pdf
202104030110,2021,新潟,3,1,10,2021-07-24,https://www.jra.go.jp/datafile/seiseki/report/2021/2021-3niigata1.pdf,official_daily_result_pdf
202104030111,2021,新潟,3,1,11,2021-07-24,https://www.jra.go.jp/datafile/seiseki/report/2021/2021-3niigata1.pdf,official_daily_result_pdf
202104030112,2021,新潟,3,1,12,2021-07-24,https://www.jra.go.jp/datafile/seiseki/report/2021/2021-3niigata1.pdf,official_daily_result_pdf
202104030201,2021,新潟,3,2,1,2021-07-25,https://www.jra.go.jp/datafile/seiseki/report/2021/2021-3niigata2.pdf,official_daily_result_pdf
202104030202,2021,新潟,3,2,2,2021-07-25,https://www.jra.go.jp/datafile/seiseki/report/2021/2021-3niigata2.pdf,official_daily_result_pdf
202104030203,2021,新潟,3,2,3,2021-07-25,https://www.jra.go.jp/datafile/seiseki/report/2021/2021-3niigata2.pdf,official_daily_result_pdf
202104030204,2021,新潟,3,2,4,2021-07-25,https://www.jra.go.jp/datafile/seiseki/report/2021/2021-3niigata2.pdf,official_daily_result_pdf
202104030205,2021,新潟,3,2,5,2021-07-25,https://www.jra.go.jp/datafile/seiseki/report/2021/2021-3niigata2.pdf,official_daily_result_pdf
202104030206,2021,新潟,3,2,6,2021-07-25,https://www.jra.go.jp/datafile/seiseki/report/2021/2021-3niigata2.pdf,official_daily_result_pdf
202104030207,2021,新潟,3,2,7,2021-07-25,https://www.jra.go.jp/datafile/seiseki/report/2021/2021-3niigata2.pdf,official_daily_result_pdf
202104030208,2021,新潟,3,2,8,2021-07-25,https://www.jra.go.jp/datafile/seiseki/report/2021/2021-3niigata2.pdf,official_daily_result_pdf
202104030209,2021,新潟,3,2,9,2021-07-25,https://www.jra.go.jp/datafile/seiseki/report/2021/2021-3niigata2.pdf,official_daily_result_pdf
202104030210,2021,新潟,3,2,10,2021-07-25,https://www.jra.go.jp/datafile/seiseki/report/2021/2021-3niigata2.pdf,official_daily_result_pdf
202104030211,2021,新潟,3,2,11,2021-07-25,https://www.jra.go.jp/datafile/seiseki/report/2021/2021-3niigata2.pdf,official_daily_result_pdf
202104030212,2021,新潟,3,2,12,2021-07-25,https://www.jra.go.jp/datafile/seiseki/report/2021/2021-3niigata2.pdf,official_daily_result_pdf
202104030301,2021,新潟,3,3,1,2021-07-31,https://www.jra.go.jp/datafile/seiseki/report/2021/2021-3niigata3.pdf,official_daily_result_pdf
202104030302,2021,新潟,3,3,2,2021-07-31,https://www.jra.go.jp/datafile/seiseki/report/2021/2021-3niigata3.pdf,official_daily_result_pdf
202104030303,2021,新潟,3,3,3,2021-07-31,https://www.jra.go.jp/datafile/seiseki/report/2021/2021-3niigata3.pdf,official_daily_result_pdf
202104030304,2021,新潟,3,3,4,2021-07-31,https://www.jra.go.jp/datafile/seiseki/report/2021/2021-3niigata3.pdf,official_daily_result_pdf
202104030305,2021,新潟,3,3,5,2021-07-31,https://www.jra.go.jp/datafile/seiseki/report/2021/2021-3niigata3.pdf,official_daily_result_pdf
202104030306,2021,新潟,3,3,6,2021-07-31,https://www.jra.go.jp/datafile/seiseki/report/2021/2021-3niigata3.pdf,official_daily_result_pdf
202104030307,2021,新潟,3,3,7,2021-07-31,https://www.jra.go.jp/datafile/seiseki/report/2021/2021-3niigata3.pdf,official_daily_result_pdf
202104030308,2021,新潟,3,3,8,2021-07-31,https://www.jra.go.jp/datafile/seiseki/report/2021/2021-3niigata3.pdf,official_daily_result_pdf
202104030309,2021,新潟,3,3,9,2021-07-31,https://www.jra.go.jp/datafile/seiseki/report/2021/2021-3niigata3.pdf,official_daily_result_pdf
202104030310,2021,新潟,3,3,10,2021-07-31,https://www.jra.go.jp/datafile/seiseki/report/2021/2021-3niigata3.pdf,official_daily_result_pdf
202104030311,2021,新潟,3,3,11,2021-07-31,https://www.jra.go.jp/datafile/seiseki/report/2021/2021-3niigata3.pdf,official_daily_result_pdf
202104030312,2021,新潟,3,3,12,2021-07-31,https://www.jra.go.jp/datafile/seiseki/report/2021/2021-3niigata3.pdf,official_daily_result_pdf
202104030401,2021,新潟,3,4,1,2021-08-01,https://www.jra.go.jp/datafile/seiseki/report/2021/2021-3niigata4.pdf,official_daily_result_pdf
202104030402,2021,新潟,3,4,2,2021-08-01,https://www.jra.go.jp/datafile/seiseki/report/2021/2021-3niigata4.pdf,official_daily_result_pdf
202104030403,2021,新潟,3,4,3,2021-08-01,https://www.jra.go.jp/datafile/seiseki/report/2021/2021-3niigata4.pdf,official_daily_result_pdf
202104030404,2021,新潟,3,4,4,2021-08-01,https://www.jra.go.jp/datafile/seiseki/report/2021/2021-3niigata4.pdf,official_daily_result_pdf
202104030405,2021,新潟,3,4,5,2021-08-01,https://www.jra.go.jp/datafile/seiseki/report/2021/2021-3niigata4.pdf,official_daily_result_pdf
202104030406,2021,新潟,3,4,6,2021-08-01,https://www.jra.go.jp/datafile/seiseki/report/2021/2021-3niigata4.pdf,official_daily_result_pdf
202104030407,2021,新潟,3,4,7,2021-08-01,https://www.jra.go.jp/datafile/seiseki/report/2021/2021-3niigata4.pdf,official_daily_result_pdf
202104030408,2021,新潟,3,4,8,2021-08-01,https://www.jra.go.jp/datafile/seiseki/report/2021/2021-3niigata4.pdf,official_daily_result_pdf
202104030409,2021,新潟,3,4,9,2021-08-01,https://www.jra.go.jp/datafile/seiseki/report/2021/2021-3niigata4.pdf,official_daily_result_pdf
202104030410,2021,新潟,3,4,10,2021-08-01,https://www.jra.go.jp/datafile/seiseki/report/2021/2021-3niigata4.pdf,official_daily_result_pdf
202104030411,2021,新潟,3,4,11,2021-08-01,https://www.jra.go.jp/datafile/seiseki/report/2021/2021-3niigata4.pdf,official_daily_result_pdf
202104030412,2021,新潟,3,4,12,2021-08-01,https://www.jra.go.jp/datafile/seiseki/report/2021/2021-3niigata4.pdf,official_daily_result_pdf
202104030501,2021,新潟,3,5,1,2021-08-07,https://www.jra.go.jp/datafile/seiseki/report/2021/2021-3niigata5.pdf,official_daily_result_pdf
202104030502,2021,新潟,3,5,2,2021-08-07,https://www.jra.go.jp/datafile/seiseki/report/2021/2021-3niigata5.pdf,official_daily_result_pdf
202104030503,2021,新潟,3,5,3,2021-08-07,https://www.jra.go.jp/datafile/seiseki/report/2021/2021-3niigata5.pdf,official_daily_result_pdf
202104030504,2021,新潟,3,5,4,2021-08-07,https://www.jra.go.jp/datafile/seiseki/report/2021/2021-3niigata5.pdf,official_daily_result_pdf
202104030505,2021,新潟,3,5,5,2021-08-07,https://www.jra.go.jp/datafile/seiseki/report/2021/2021-3niigata5.pdf,official_daily_result_pdf
202104030506,2021,新潟,3,5,6,2021-08-07,https://www.jra.go.jp/datafile/seiseki/report/2021/2021-3niigata5.pdf,official_daily_result_pdf
202104030507,2021,新潟,3,5,7,2021-08-07,https://www.jra.go.jp/datafile/seiseki/report/2021/2021-3niigata5.pdf,official_daily_result_pdf
202104030508,2021,新潟,3,5,8,2021-08-07,https://www.jra.go.jp/datafile/seiseki/report/2021/2021-3niigata5.pdf,official_daily_result_pdf
202104030509,2021,新潟,3,5,9,2021-08-07,https://www.jra.go.jp/datafile/seiseki/report/2021/2021-3niigata5.pdf,official_daily_result_pdf
202104030510,2021,新潟,3,5,10,2021-08-07,https://www.jra.go.jp/datafile/seiseki/report/2021/2021-3niigata5.pdf,official_daily_result_pdf
202104030511,2021,新潟,3,5,11,2021-08-07,https://www.jra.go.jp/datafile/seiseki/report/2021/2021-3niigata5.pdf,official_daily_result_pdf
202104030512,2021,新潟,3,5,12,2021-08-07,https://www.jra.go.jp/datafile/seiseki/report/2021/2021-3niigata5.pdf,official_daily_result_pdf
202104030601,2021,新潟,3,6,1,2021-08-08,https://www.jra.go.jp/datafile/seiseki/report/2021/2021-3niigata6.pdf,official_daily_result_pdf
202104030602,2021,新潟,3,6,2,2021-08-08,https://www.jra.go.jp/datafile/seiseki/report/2021/2021-3niigata6.pdf,official_daily_result_pdf
202104030603,2021,新潟,3,6,3,2021-08-08,https://www.jra.go.jp/datafile/seiseki/report/2021/2021-3niigata6.pdf,official_daily_result_pdf
202104030604,2021,新潟,3,6,4,2021-08-08,https://www.jra.go.jp/datafile/seiseki/report/2021/2021-3niigata6.pdf,official_daily_result_pdf
202104030605,2021,新潟,3,6,5,2021-08-08,https://www.jra.go.jp/datafile/seiseki/report/2021/2021-3niigata6.pdf,official_daily_result_pdf
202104030606,2021,新潟,3,6,6,2021-08-08,https://www.jra.go.jp/datafile/seiseki/report/2021/2021-3niigata6.pdf,official_daily_result_pdf
202104030607,2021,新潟,3,6,7,2021-08-08,https://www.jra.go.jp/datafile/seiseki/report/2021/2021-3niigata6.pdf,official_daily_result_pdf
202104030608,2021,新潟,3,6,8,2021-08-08,https://www.jra.go.jp/datafile/seiseki/report/2021/2021-3niigata6.pdf,official_daily_result_pdf
202104030609,2021,新潟,3,6,9,2021-08-08,https://www.jra.go.jp/datafile/seiseki/report/2021/2021-3niigata6.pdf,official_daily_result_pdf
202104030610,2021,新潟,3,6,10,2021-08-08,https://www.jra.go.jp/datafile/seiseki/report/2021/2021-3niigata6.pdf,official_daily_result_pdf
202104030611,2021,新潟,3,6,11,2021-08-08,https://www.jra.go.jp/datafile/seiseki/report/2021/2021-3niigata6.pdf,official_daily_result_pdf
202104030612,2021,新潟,3,6,12,2021-08-08,https://www.jra.go.jp/datafile/seiseki/report/2021/2021-3niigata6.pdf,official_daily_result_pdf
202104040101,2021,新潟,4,1,1,2021-08-14,https://www.jra.go.jp/datafile/seiseki/report/2021/2021-4niigata1.pdf,official_daily_result_pdf
202104040102,2021,新潟,4,1,2,2021-08-14,https://www.jra.go.jp/datafile/seiseki/report/2021/2021-4niigata1.pdf,official_daily_result_pdf
202104040103,2021,新潟,4,1,3,2021-08-14,https://www.jra.go.jp/datafile/seiseki/report/2021/2021-4niigata1.pdf,official_daily_result_pdf
202104040104,2021,新潟,4,1,4,2021-08-14,https://www.jra.go.jp/datafile/seiseki/report/2021/2021-4niigata1.pdf,official_daily_result_pdf
202104040105,2021,新潟,4,1,5,2021-08-14,https://www.jra.go.jp/datafile/seiseki/report/2021/2021-4niigata1.pdf,official_daily_result_pdf
202104040106,2021,新潟,4,1,6,2021-08-14,https://www.jra.go.jp/datafile/seiseki/report/2021/2021-4niigata1.pdf,official_daily_result_pdf
202104040107,2021,新潟,4,1,7,2021-08-14,https://www.jra.go.jp/datafile/seiseki/report/2021/2021-4niigata1.pdf,official_daily_result_pdf
202104040108,2021,新潟,4,1,8,2021-08-14,https://www.jra.go.jp/datafile/seiseki/report/2021/2021-4niigata1.pdf,official_daily_result_pdf
202104040109,2021,新潟,4,1,9,2021-08-14,https://www.jra.go.jp/datafile/seiseki/report/2021/2021-4niigata1.pdf,official_daily_result_pdf
202104040110,2021,新潟,4,1,10,2021-08-14,https://www.jra.go.jp/datafile/seiseki/report/2021/2021-4niigata1.pdf,official_daily_result_pdf
202104040111,2021,新潟,4,1,11,2021-08-14,https://www.jra.go.jp/datafile/seiseki/report/2021/2021-4niigata1.pdf,official_daily_result_pdf
202104040112,2021,新潟,4,1,12,2021-08-14,https://www.jra.go.jp/datafile/seiseki/report/2021/2021-4niigata1.pdf,official_daily_result_pdf
202104040201,2021,新潟,4,2,1,2021-08-15,https://www.jra.go.jp/datafile/seiseki/report/2021/2021-4niigata2.pdf,official_daily_result_pdf
202104040202,2021,新潟,4,2,2,2021-08-15,https://www.jra.go.jp/datafile/seiseki/report/2021/2021-4niigata2.pdf,official_daily_result_pdf
202104040203,2021,新潟,4,2,3,2021-08-15,https://www.jra.go.jp/datafile/seiseki/report/2021/2021-4niigata2.pdf,official_daily_result_pdf
202104040204,2021,新潟,4,2,4,2021-08-15,https://www.jra.go.jp/datafile/seiseki/report/2021/2021-4niigata2.pdf,official_daily_result_pdf
202104040205,2021,新潟,4,2,5,2021-08-15,https://www.jra.go.jp/datafile/seiseki/report/2021/2021-4niigata2.pdf,official_daily_result_pdf
202104040206,2021,新潟,4,2,6,2021-08-15,https://www.jra.go.jp/datafile/seiseki/report/2021/2021-4niigata2.pdf,official_daily_result_pdf
202104040207,2021,新潟,4,2,7,2021-08-15,https://www.jra.go.jp/datafile/seiseki/report/2021/2021-4niigata2.pdf,official_daily_result_pdf
202104040208,2021,新潟,4,2,8,2021-08-15,https://www.jra.go.jp/datafile/seiseki/report/2021/2021-4niigata2.pdf,official_daily_result_pdf
202104040209,2021,新潟,4,2,9,2021-08-15,https://www.jra.go.jp/datafile/seiseki/report/2021/2021-4niigata2.pdf,official_daily_result_pdf
202104040210,2021,新潟,4,2,10,2021-08-15,https://www.jra.go.jp/datafile/seiseki/report/2021/2021-4niigata2.pdf,official_daily_result_pdf
202104040211,2021,新潟,4,2,11,2021-08-15,https://www.jra.go.jp/datafile/seiseki/report/2021/2021-4niigata2.pdf,official_daily_result_pdf
202104040212,2021,新潟,4,2,12,2021-08-15,https://www.jra.go.jp/datafile/seiseki/report/2021/2021-4niigata2.pdf,official_daily_result_pdf
202104040301,2021,新潟,4,3,1,2021-08-21,https://www.jra.go.jp/datafile/seiseki/report/2021/2021-4niigata3.pdf,official_daily_result_pdf
202104040302,2021,新潟,4,3,2,2021-08-21,https://www.jra.go.jp/datafile/seiseki/report/2021/2021-4niigata3.pdf,official_daily_result_pdf
202104040303,2021,新潟,4,3,3,2021-08-21,https://www.jra.go.jp/datafile/seiseki/report/2021/2021-4niigata3.pdf,official_daily_result_pdf
202104040304,2021,新潟,4,3,4,2021-08-21,https://www.jra.go.jp/datafile/seiseki/report/2021/2021-4niigata3.pdf,official_daily_result_pdf
202104040305,2021,新潟,4,3,5,2021-08-21,https://www.jra.go.jp/datafile/seiseki/report/2021/2021-4niigata3.pdf,official_daily_result_pdf
202104040306,2021,新潟,4,3,6,2021-08-21,https://www.jra.go.jp/datafile/seiseki/report/2021/2021-4niigata3.pdf,official_daily_result_pdf
202104040307,2021,新潟,4,3,7,2021-08-21,https://www.jra.go.jp/datafile/seiseki/report/2021/2021-4niigata3.pdf,official_daily_result_pdf
202104040308,2021,新潟,4,3,8,2021-08-21,https://www.jra.go.jp/datafile/seiseki/report/2021/2021-4niigata3.pdf,official_daily_result_pdf
202104040309,2021,新潟,4,3,9,2021-08-21,https://www.jra.go.jp/datafile/seiseki/report/2021/2021-4niigata3.pdf,official_daily_result_pdf
202104040310,2021,新潟,4,3,10,2021-08-21,https://www.jra.go.jp/datafile/seiseki/report/2021/2021-4niigata3.pdf,official_daily_result_pdf
202104040311,2021,新潟,4,3,11,2021-08-21,https://www.jra.go.jp/datafile/seiseki/report/2021/2021-4niigata3.pdf,official_daily_result_pdf
202104040312,2021,新潟,4,3,12,2021-08-21,https://www.jra.go.jp/datafile/seiseki/report/2021/2021-4niigata3.pdf,official_daily_result_pdf
202104040401,2021,新潟,4,4,1,2021-08-22,https://www.jra.go.jp/datafile/seiseki/report/2021/2021-4niigata4.pdf,official_daily_result_pdf
202104040402,2021,新潟,4,4,2,2021-08-22,https://www.jra.go.jp/datafile/seiseki/report/2021/2021-4niigata4.pdf,official_daily_result_pdf
202104040403,2021,新潟,4,4,3,2021-08-22,https://www.jra.go.jp/datafile/seiseki/report/2021/2021-4niigata4.pdf,official_daily_result_pdf
202104040404,2021,新潟,4,4,4,2021-08-22,https://www.jra.go.jp/datafile/seiseki/report/2021/2021-4niigata4.pdf,official_daily_result_pdf
202104040405,2021,新潟,4,4,5,2021-08-22,https://www.jra.go.jp/datafile/seiseki/report/2021/2021-4niigata4.pdf,official_daily_result_pdf
202104040406,2021,新潟,4,4,6,2021-08-22,https://www.jra.go.jp/datafile/seiseki/report/2021/2021-4niigata4.pdf,official_daily_result_pdf
202104040407,2021,新潟,4,4,7,2021-08-22,https://www.jra.go.jp/datafile/seiseki/report/2021/2021-4niigata4.pdf,official_daily_result_pdf
202104040408,2021,新潟,4,4,8,2021-08-22,https://www.jra.go.jp/datafile/seiseki/report/2021/2021-4niigata4.pdf,official_daily_result_pdf
202104040409,2021,新潟,4,4,9,2021-08-22,https://www.jra.go.jp/datafile/seiseki/report/2021/2021-4niigata4.pdf,official_daily_result_pdf
202104040410,2021,新潟,4,4,10,2021-08-22,https://www.jra.go.jp/datafile/seiseki/report/2021/2021-4niigata4.pdf,official_daily_result_pdf
202104040411,2021,新潟,4,4,11,2021-08-22,https://www.jra.go.jp/datafile/seiseki/report/2021/2021-4niigata4.pdf,official_daily_result_pdf
202104040412,2021,新潟,4,4,12,2021-08-22,https://www.jra.go.jp/datafile/seiseki/report/2021/2021-4niigata4.pdf,official_daily_result_pdf
202104040501,2021,新潟,4,5,1,2021-08-28,https://www.jra.go.jp/datafile/seiseki/report/2021/2021-4niigata5.pdf,official_daily_result_pdf
202104040502,2021,新潟,4,5,2,2021-08-28,https://www.jra.go.jp/datafile/seiseki/report/2021/2021-4niigata5.pdf,official_daily_result_pdf
202104040503,2021,新潟,4,5,3,2021-08-28,https://www.jra.go.jp/datafile/seiseki/report/2021/2021-4niigata5.pdf,official_daily_result_pdf
202104040504,2021,新潟,4,5,4,2021-08-28,https://www.jra.go.jp/datafile/seiseki/report/2021/2021-4niigata5.pdf,official_daily_result_pdf
202104040505,2021,新潟,4,5,5,2021-08-28,https://www.jra.go.jp/datafile/seiseki/report/2021/2021-4niigata5.pdf,official_daily_result_pdf
202104040506,2021,新潟,4,5,6,2021-08-28,https://www.jra.go.jp/datafile/seiseki/report/2021/2021-4niigata5.pdf,official_daily_result_pdf
202104040507,2021,新潟,4,5,7,2021-08-28,https://www.jra.go.jp/datafile/seiseki/report/2021/2021-4niigata5.pdf,official_daily_result_pdf
202104040508,2021,新潟,4,5,8,2021-08-28,https://www.jra.go.jp/datafile/seiseki/report/2021/2021-4niigata5.pdf,official_daily_result_pdf
202104040509,2021,新潟,4,5,9,2021-08-28,https://www.jra.go.jp/datafile/seiseki/report/2021/2021-4niigata5.pdf,official_daily_result_pdf
202104040510,2021,新潟,4,5,10,2021-08-28,https://www.jra.go.jp/datafile/seiseki/report/2021/2021-4niigata5.pdf,official_daily_result_pdf
202104040511,2021,新潟,4,5,11,2021-08-28,https://www.jra.go.jp/datafile/seiseki/report/2021/2021-4niigata5.pdf,official_daily_result_pdf
202104040512,2021,新潟,4,5,12,2021-08-28,https://www.jra.go.jp/datafile/seiseki/report/2021/2021-4niigata5.pdf,official_daily_result_pdf
202104040601,2021,新潟,4,6,1,2021-08-29,https://www.jra.go.jp/datafile/seiseki/report/2021/2021-4niigata6.pdf,official_daily_result_pdf
202104040602,2021,新潟,4,6,2,2021-08-29,https://www.jra.go.jp/datafile/seiseki/report/2021/2021-4niigata6.pdf,official_daily_result_pdf
202104040603,2021,新潟,4,6,3,2021-08-29,https://www.jra.go.jp/datafile/seiseki/report/2021/2021-4niigata6.pdf,official_daily_result_pdf
202104040604,2021,新潟,4,6,4,2021-08-29,https://www.jra.go.jp/datafile/seiseki/report/2021/2021-4niigata6.pdf,official_daily_result_pdf
202104040605,2021,新潟,4,6,5,2021-08-29,https://www.jra.go.jp/datafile/seiseki/report/2021/2021-4niigata6.pdf,official_daily_result_pdf
202104040606,2021,新潟,4,6,6,2021-08-29,https://www.jra.go.jp/datafile/seiseki/report/2021/2021-4niigata6.pdf,official_daily_result_pdf
202104040607,2021,新潟,4,6,7,2021-08-29,https://www.jra.go.jp/datafile/seiseki/report/2021/2021-4niigata6.pdf,official_daily_result_pdf
202104040608,2021,新潟,4,6,8,2021-08-29,https://www.jra.go.jp/datafile/seiseki/report/2021/2021-4niigata6.pdf,official_daily_result_pdf
202104040609,2021,新潟,4,6,9,2021-08-29,https://www.jra.go.jp/datafile/seiseki/report/2021/2021-4niigata6.pdf,official_daily_result_pdf
202104040610,2021,新潟,4,6,10,2021-08-29,https://www.jra.go.jp/datafile/seiseki/report/2021/2021-4niigata6.pdf,official_daily_result_pdf
202104040611,2021,新潟,4,6,11,2021-08-29,https://www.jra.go.jp/datafile/seiseki/report/2021/2021-4niigata6.pdf,official_daily_result_pdf
202104040612,2021,新潟,4,6,12,2021-08-29,https://www.jra.go.jp/datafile/seiseki/report/2021/2021-4niigata6.pdf,official_daily_result_pdf
202104040701,2021,新潟,4,7,1,2021-09-04,https://www.jra.go.jp/datafile/seiseki/report/2021/2021-4niigata7.pdf,official_daily_result_pdf
202104040702,2021,新潟,4,7,2,2021-09-04,https://www.jra.go.jp/datafile/seiseki/report/2021/2021-4niigata7.pdf,official_daily_result_pdf
202104040703,2021,新潟,4,7,3,2021-09-04,https://www.jra.go.jp/datafile/seiseki/report/2021/2021-4niigata7.pdf,official_daily_result_pdf
202104040704,2021,新潟,4,7,4,2021-09-04,https://www.jra.go.jp/datafile/seiseki/report/2021/2021-4niigata7.pdf,official_daily_result_pdf
202104040705,2021,新潟,4,7,5,2021-09-04,https://www.jra.go.jp/datafile/seiseki/report/2021/2021-4niigata7.pdf,official_daily_result_pdf
202104040706,2021,新潟,4,7,6,2021-09-04,https://www.jra.go.jp/datafile/seiseki/report/2021/2021-4niigata7.pdf,official_daily_result_pdf
202104040707,2021,新潟,4,7,7,2021-09-04,https://www.jra.go.jp/datafile/seiseki/report/2021/2021-4niigata7.pdf,official_daily_result_pdf
202104040708,2021,新潟,4,7,8,2021-09-04,https://www.jra.go.jp/datafile/seiseki/report/2021/2021-4niigata7.pdf,official_daily_result_pdf
202104040709,2021,新潟,4,7,9,2021-09-04,https://www.jra.go.jp/datafile/seiseki/report/2021/2021-4niigata7.pdf,official_daily_result_pdf
202104040710,2021,新潟,4,7,10,2021-09-04,https://www.jra.go.jp/datafile/seiseki/report/2021/2021-4niigata7.pdf,official_daily_result_pdf
202104040711,2021,新潟,4,7,11,2021-09-04,https://www.jra.go.jp/datafile/seiseki/report/2021/2021-4niigata7.pdf,official_daily_result_pdf
202104040712,2021,新潟,4,7,12,2021-09-04,https://www.jra.go.jp/datafile/seiseki/report/2021/2021-4niigata7.pdf,official_daily_result_pdf
202104040801,2021,新潟,4,8,1,2021-09-05,https://www.jra.go.jp/datafile/seiseki/report/2021/2021-4niigata8.pdf,official_daily_result_pdf
202104040802,2021,新潟,4,8,2,2021-09-05,https://www.jra.go.jp/datafile/seiseki/report/2021/2021-4niigata8.pdf,official_daily_result_pdf
202104040803,2021,新潟,4,8,3,2021-09-05,https://www.jra.go.jp/datafile/seiseki/report/2021/2021-4niigata8.pdf,official_daily_result_pdf
202104040804,2021,新潟,4,8,4,2021-09-05,https://www.jra.go.jp/datafile/seiseki/report/2021/2021-4niigata8.pdf,official_daily_result_pdf
202104040805,2021,新潟,4,8,5,2021-09-05,https://www.jra.go.jp/datafile/seiseki/report/2021/2021-4niigata8.pdf,official_daily_result_pdf
202104040806,2021,新潟,4,8,6,2021-09-05,https://www.jra.go.jp/datafile/seiseki/report/2021/2021-4niigata8.pdf,official_daily_result_pdf
202104040807,2021,新潟,4,8,7,2021-09-05,https://www.jra.go.jp/datafile/seiseki/report/2021/2021-4niigata8.pdf,official_daily_result_pdf
202104040808,2021,新潟,4,8,8,2021-09-05,https://www.jra.go.jp/datafile/seiseki/report/2021/2021-4niigata8.pdf,official_daily_result_pdf
202104040809,2021,新潟,4,8,9,2021-09-05,https://www.jra.go.jp/datafile/seiseki/report/2021/2021-4niigata8.pdf,official_daily_result_pdf
202104040810,2021,新潟,4,8,10,2021-09-05,https://www.jra.go.jp/datafile/seiseki/report/2021/2021-4niigata8.pdf,official_daily_result_pdf
202104040811,2021,新潟,4,8,11,2021-09-05,https://www.jra.go.jp/datafile/seiseki/report/2021/2021-4niigata8.pdf,official_daily_result_pdf
202104040812,2021,新潟,4,8,12,2021-09-05,https://www.jra.go.jp/datafile/seiseki/report/2021/2021-4niigata8.pdf,official_daily_result_pdf
202104050101,2021,新潟,5,1,1,2021-10-09,https://www.jra.go.jp/datafile/seiseki/report/2021/2021-5niigata1.pdf,official_daily_result_pdf
202104050102,2021,新潟,5,1,2,2021-10-09,https://www.jra.go.jp/datafile/seiseki/report/2021/2021-5niigata1.pdf,official_daily_result_pdf
202104050103,2021,新潟,5,1,3,2021-10-09,https://www.jra.go.jp/datafile/seiseki/report/2021/2021-5niigata1.pdf,official_daily_result_pdf
202104050104,2021,新潟,5,1,4,2021-10-09,https://www.jra.go.jp/datafile/seiseki/report/2021/2021-5niigata1.pdf,official_daily_result_pdf
202104050105,2021,新潟,5,1,5,2021-10-09,https://www.jra.go.jp/datafile/seiseki/report/2021/2021-5niigata1.pdf,official_daily_result_pdf
202104050106,2021,新潟,5,1,6,2021-10-09,https://www.jra.go.jp/datafile/seiseki/report/2021/2021-5niigata1.pdf,official_daily_result_pdf
202104050107,2021,新潟,5,1,7,2021-10-09,https://www.jra.go.jp/datafile/seiseki/report/2021/2021-5niigata1.pdf,official_daily_result_pdf
202104050108,2021,新潟,5,1,8,2021-10-09,https://www.jra.go.jp/datafile/seiseki/report/2021/2021-5niigata1.pdf,official_daily_result_pdf
202104050109,2021,新潟,5,1,9,2021-10-09,https://www.jra.go.jp/datafile/seiseki/report/2021/2021-5niigata1.pdf,official_daily_result_pdf
202104050110,2021,新潟,5,1,10,2021-10-09,https://www.jra.go.jp/datafile/seiseki/report/2021/2021-5niigata1.pdf,official_daily_result_pdf
202104050111,2021,新潟,5,1,11,2021-10-09,https://www.jra.go.jp/datafile/seiseki/report/2021/2021-5niigata1.pdf,official_daily_result_pdf
202104050112,2021,新潟,5,1,12,2021-10-09,https://www.jra.go.jp/datafile/seiseki/report/2021/2021-5niigata1.pdf,official_daily_result_pdf
202104050201,2021,新潟,5,2,1,2021-10-10,https://www.jra.go.jp/datafile/seiseki/report/2021/2021-5niigata2.pdf,official_daily_result_pdf
202104050202,2021,新潟,5,2,2,2021-10-10,https://www.jra.go.jp/datafile/seiseki/report/2021/2021-5niigata2.pdf,official_daily_result_pdf
202104050203,2021,新潟,5,2,3,2021-10-10,https://www.jra.go.jp/datafile/seiseki/report/2021/2021-5niigata2.pdf,official_daily_result_pdf
202104050204,2021,新潟,5,2,4,2021-10-10,https://www.jra.go.jp/datafile/seiseki/report/2021/2021-5niigata2.pdf,official_daily_result_pdf
202104050205,2021,新潟,5,2,5,2021-10-10,https://www.jra.go.jp/datafile/seiseki/report/2021/2021-5niigata2.pdf,official_daily_result_pdf
202104050206,2021,新潟,5,2,6,2021-10-10,https://www.jra.go.jp/datafile/seiseki/report/2021/2021-5niigata2.pdf,official_daily_result_pdf
202104050207,2021,新潟,5,2,7,2021-10-10,https://www.jra.go.jp/datafile/seiseki/report/2021/2021-5niigata2.pdf,official_daily_result_pdf
202104050208,2021,新潟,5,2,8,2021-10-10,https://www.jra.go.jp/datafile/seiseki/report/2021/2021-5niigata2.pdf,official_daily_result_pdf
202104050209,2021,新潟,5,2,9,2021-10-10,https://www.jra.go.jp/datafile/seiseki/report/2021/2021-5niigata2.pdf,official_daily_result_pdf
202104050210,2021,新潟,5,2,10,2021-10-10,https://www.jra.go.jp/datafile/seiseki/report/2021/2021-5niigata2.pdf,official_daily_result_pdf
202104050211,2021,新潟,5,2,11,2021-10-10,https://www.jra.go.jp/datafile/seiseki/report/2021/2021-5niigata2.pdf,official_daily_result_pdf
202104050212,2021,新潟,5,2,12,2021-10-10,https://www.jra.go.jp/datafile/seiseki/report/2021/2021-5niigata2.pdf,official_daily_result_pdf
202104050301,2021,新潟,5,3,1,2021-10-16,https://www.jra.go.jp/datafile/seiseki/report/2021/2021-5niigata3.pdf,official_daily_result_pdf
202104050302,2021,新潟,5,3,2,2021-10-16,https://www.jra.go.jp/datafile/seiseki/report/2021/2021-5niigata3.pdf,official_daily_result_pdf
202104050303,2021,新潟,5,3,3,2021-10-16,https://www.jra.go.jp/datafile/seiseki/report/2021/2021-5niigata3.pdf,official_daily_result_pdf
202104050304,2021,新潟,5,3,4,2021-10-16,https://www.jra.go.jp/datafile/seiseki/report/2021/2021-5niigata3.pdf,official_daily_result_pdf
202104050305,2021,新潟,5,3,5,2021-10-16,https://www.jra.go.jp/datafile/seiseki/report/2021/2021-5niigata3.pdf,official_daily_result_pdf
202104050306,2021,新潟,5,3,6,2021-10-16,https://www.jra.go.jp/datafile/seiseki/report/2021/2021-5niigata3.pdf,official_daily_result_pdf
202104050307,2021,新潟,5,3,7,2021-10-16,https://www.jra.go.jp/datafile/seiseki/report/2021/2021-5niigata3.pdf,official_daily_result_pdf
202104050308,2021,新潟,5,3,8,2021-10-16,https://www.jra.go.jp/datafile/seiseki/report/2021/2021-5niigata3.pdf,official_daily_result_pdf
202104050309,2021,新潟,5,3,9,2021-10-16,https://www.jra.go.jp/datafile/seiseki/report/2021/2021-5niigata3.pdf,official_daily_result_pdf
202104050310,2021,新潟,5,3,10,2021-10-16,https://www.jra.go.jp/datafile/seiseki/report/2021/2021-5niigata3.pdf,official_daily_result_pdf
202104050311,2021,新潟,5,3,11,2021-10-16,https://www.jra.go.jp/datafile/seiseki/report/2021/2021-5niigata3.pdf,official_daily_result_pdf
202104050312,2021,新潟,5,3,12,2021-10-16,https://www.jra.go.jp/datafile/seiseki/report/2021/2021-5niigata3.pdf,official_daily_result_pdf
202104050401,2021,新潟,5,4,1,2021-10-17,https://www.jra.go.jp/datafile/seiseki/report/2021/2021-5niigata4.pdf,official_daily_result_pdf
202104050402,2021,新潟,5,4,2,2021-10-17,https://www.jra.go.jp/datafile/seiseki/report/2021/2021-5niigata4.pdf,official_daily_result_pdf
202104050403,2021,新潟,5,4,3,2021-10-17,https://www.jra.go.jp/datafile/seiseki/report/2021/2021-5niigata4.pdf,official_daily_result_pdf
202104050404,2021,新潟,5,4,4,2021-10-17,https://www.jra.go.jp/datafile/seiseki/report/2021/2021-5niigata4.pdf,official_daily_result_pdf
202104050405,2021,新潟,5,4,5,2021-10-17,https://www.jra.go.jp/datafile/seiseki/report/2021/2021-5niigata4.pdf,official_daily_result_pdf
202104050406,2021,新潟,5,4,6,2021-10-17,https://www.jra.go.jp/datafile/seiseki/report/2021/2021-5niigata4.pdf,official_daily_result_pdf
202104050407,2021,新潟,5,4,7,2021-10-17,https://www.jra.go.jp/datafile/seiseki/report/2021/2021-5niigata4.pdf,official_daily_result_pdf
202104050408,2021,新潟,5,4,8,2021-10-17,https://www.jra.go.jp/datafile/seiseki/report/2021/2021-5niigata4.pdf,official_daily_result_pdf
202104050409,2021,新潟,5,4,9,2021-10-17,https://www.jra.go.jp/datafile/seiseki/report/2021/2021-5niigata4.pdf,official_daily_result_pdf
202104050410,2021,新潟,5,4,10,2021-10-17,https://www.jra.go.jp/datafile/seiseki/report/2021/2021-5niigata4.pdf,official_daily_result_pdf
202104050411,2021,新潟,5,4,11,2021-10-17,https://www.jra.go.jp/datafile/seiseki/report/2021/2021-5niigata4.pdf,official_daily_result_pdf
202104050412,2021,新潟,5,4,12,2021-10-17,https://www.jra.go.jp/datafile/seiseki/report/2021/2021-5niigata4.pdf,official_daily_result_pdf
202104050501,2021,新潟,5,5,1,2021-10-23,https://www.jra.go.jp/datafile/seiseki/report/2021/2021-5niigata5.pdf,official_daily_result_pdf
202104050502,2021,新潟,5,5,2,2021-10-23,https://www.jra.go.jp/datafile/seiseki/report/2021/2021-5niigata5.pdf,official_daily_result_pdf
202104050503,2021,新潟,5,5,3,2021-10-23,https://www.jra.go.jp/datafile/seiseki/report/2021/2021-5niigata5.pdf,official_daily_result_pdf
202104050504,2021,新潟,5,5,4,2021-10-23,https://www.jra.go.jp/datafile/seiseki/report/2021/2021-5niigata5.pdf,official_daily_result_pdf
202104050505,2021,新潟,5,5,5,2021-10-23,https://www.jra.go.jp/datafile/seiseki/report/2021/2021-5niigata5.pdf,official_daily_result_pdf
202104050506,2021,新潟,5,5,6,2021-10-23,https://www.jra.go.jp/datafile/seiseki/report/2021/2021-5niigata5.pdf,official_daily_result_pdf
202104050507,2021,新潟,5,5,7,2021-10-23,https://www.jra.go.jp/datafile/seiseki/report/2021/2021-5niigata5.pdf,official_daily_result_pdf
202104050508,2021,新潟,5,5,8,2021-10-23,https://www.jra.go.jp/datafile/seiseki/report/2021/2021-5niigata5.pdf,official_daily_result_pdf
202104050509,2021,新潟,5,5,9,2021-10-23,https://www.jra.go.jp/datafile/seiseki/report/2021/2021-5niigata5.pdf,official_daily_result_pdf
202104050510,2021,新潟,5,5,10,2021-10-23,https://www.jra.go.jp/datafile/seiseki/report/2021/2021-5niigata5.pdf,official_daily_result_pdf
202104050511,2021,新潟,5,5,11,2021-10-23,https://www.jra.go.jp/datafile/seiseki/report/2021/2021-5niigata5.pdf,official_daily_result_pdf
202104050512,2021,新潟,5,5,12,2021-10-23,https://www.jra.go.jp/datafile/seiseki/report/2021/2021-5niigata5.pdf,official_daily_result_pdf
202104050601,2021,新潟,5,6,1,2021-10-24,https://www.jra.go.jp/datafile/seiseki/report/2021/2021-5niigata6.pdf,official_daily_result_pdf
202104050602,2021,新潟,5,6,2,2021-10-24,https://www.jra.go.jp/datafile/seiseki/report/2021/2021-5niigata6.pdf,official_daily_result_pdf
202104050603,2021,新潟,5,6,3,2021-10-24,https://www.jra.go.jp/datafile/seiseki/report/2021/2021-5niigata6.pdf,official_daily_result_pdf
202104050604,2021,新潟,5,6,4,2021-10-24,https://www.jra.go.jp/datafile/seiseki/report/2021/2021-5niigata6.pdf,official_daily_result_pdf
202104050605,2021,新潟,5,6,5,2021-10-24,https://www.jra.go.jp/datafile/seiseki/report/2021/2021-5niigata6.pdf,official_daily_result_pdf
202104050606,2021,新潟,5,6,6,2021-10-24,https://www.jra.go.jp/datafile/seiseki/report/2021/2021-5niigata6.pdf,official_daily_result_pdf
202104050607,2021,新潟,5,6,7,2021-10-24,https://www.jra.go.jp/datafile/seiseki/report/2021/2021-5niigata6.pdf,official_daily_result_pdf
202104050608,2021,新潟,5,6,8,2021-10-24,https://www.jra.go.jp/datafile/seiseki/report/2021/2021-5niigata6.pdf,official_daily_result_pdf
202104050609,2021,新潟,5,6,9,2021-10-24,https://www.jra.go.jp/datafile/seiseki/report/2021/2021-5niigata6.pdf,official_daily_result_pdf
202104050610,2021,新潟,5,6,10,2021-10-24,https://www.jra.go.jp/datafile/seiseki/report/2021/2021-5niigata6.pdf,official_daily_result_pdf
202104050611,2021,新潟,5,6,11,2021-10-24,https://www.jra.go.jp/datafile/seiseki/report/2021/2021-5niigata6.pdf,official_daily_result_pdf
202104050612,2021,新潟,5,6,12,2021-10-24,https://www.jra.go.jp/datafile/seiseki/report/2021/2021-5niigata6.pdf,official_daily_result_pdf
202104050701,2021,新潟,5,7,1,2021-10-30,https://www.jra.go.jp/datafile/seiseki/report/2021/2021-5niigata7.pdf,official_daily_result_pdf
202104050702,2021,新潟,5,7,2,2021-10-30,https://www.jra.go.jp/datafile/seiseki/report/2021/2021-5niigata7.pdf,official_daily_result_pdf
202104050703,2021,新潟,5,7,3,2021-10-30,https://www.jra.go.jp/datafile/seiseki/report/2021/2021-5niigata7.pdf,official_daily_result_pdf
202104050704,2021,新潟,5,7,4,2021-10-30,https://www.jra.go.jp/datafile/seiseki/report/2021/2021-5niigata7.pdf,official_daily_result_pdf
202104050705,2021,新潟,5,7,5,2021-10-30,https://www.jra.go.jp/datafile/seiseki/report/2021/2021-5niigata7.pdf,official_daily_result_pdf
202104050706,2021,新潟,5,7,6,2021-10-30,https://www.jra.go.jp/datafile/seiseki/report/2021/2021-5niigata7.pdf,official_daily_result_pdf
202104050707,2021,新潟,5,7,7,2021-10-30,https://www.jra.go.jp/datafile/seiseki/report/2021/2021-5niigata7.pdf,official_daily_result_pdf
202104050708,2021,新潟,5,7,8,2021-10-30,https://www.jra.go.jp/datafile/seiseki/report/2021/2021-5niigata7.pdf,official_daily_result_pdf
202104050709,2021,新潟,5,7,9,2021-10-30,https://www.jra.go.jp/datafile/seiseki/report/2021/2021-5niigata7.pdf,official_daily_result_pdf
202104050710,2021,新潟,5,7,10,2021-10-30,https://www.jra.go.jp/datafile/seiseki/report/2021/2021-5niigata7.pdf,official_daily_result_pdf
202104050711,2021,新潟,5,7,11,2021-10-30,https://www.jra.go.jp/datafile/seiseki/report/2021/2021-5niigata7.pdf,official_daily_result_pdf
202104050712,2021,新潟,5,7,12,2021-10-30,https://www.jra.go.jp/datafile/seiseki/report/2021/2021-5niigata7.pdf,official_daily_result_pdf
202104050801,2021,新潟,5,8,1,2021-10-31,https://www.jra.go.jp/datafile/seiseki/report/2021/2021-5niigata8.pdf,official_daily_result_pdf
202104050802,2021,新潟,5,8,2,2021-10-31,https://www.jra.go.jp/datafile/seiseki/report/2021/2021-5niigata8.pdf,official_daily_result_pdf
202104050803,2021,新潟,5,8,3,2021-10-31,https://www.jra.go.jp/datafile/seiseki/report/2021/2021-5niigata8.pdf,official_daily_result_pdf
202104050804,2021,新潟,5,8,4,2021-10-31,https://www.jra.go.jp/datafile/seiseki/report/2021/2021-5niigata8.pdf,official_daily_result_pdf
202104050805,2021,新潟,5,8,5,2021-10-31,https://www.jra.go.jp/datafile/seiseki/report/2021/2021-5niigata8.pdf,official_daily_result_pdf
202104050806,2021,新潟,5,8,6,2021-10-31,https://www.jra.go.jp/datafile/seiseki/report/2021/2021-5niigata8.pdf,official_daily_result_pdf
202104050807,2021,新潟,5,8,7,2021-10-31,https://www.jra.go.jp/datafile/seiseki/report/2021/2021-5niigata8.pdf,official_daily_result_pdf
202104050808,2021,新潟,5,8,8,2021-10-31,https://www.jra.go.jp/datafile/seiseki/report/2021/2021-5niigata8.pdf,official_daily_result_pdf
202104050809,2021,新潟,5,8,9,2021-10-31,https://www.jra.go.jp/datafile/seiseki/report/2021/2021-5niigata8.pdf,official_daily_result_pdf
202104050810,2021,新潟,5,8,10,2021-10-31,https://www.jra.go.jp/datafile/seiseki/report/2021/2021-5niigata8.pdf,official_daily_result_pdf
202104050811,2021,新潟,5,8,11,2021-10-31,https://www.jra.go.jp/datafile/seiseki/report/2021/2021-5niigata8.pdf,official_daily_result_pdf
202104050812,2021,新潟,5,8,12,2021-10-31,https://www.jra.go.jp/datafile/seiseki/report/2021/2021-5niigata8.pdf,official_daily_result_pdf
202105010101,2021,東京,1,1,1,2021-01-30,https://www.jra.go.jp/datafile/seiseki/report/2021/2021-1tokyo1.pdf,official_daily_result_pdf
202105010102,2021,東京,1,1,2,2021-01-30,https://www.jra.go.jp/datafile/seiseki/report/2021/2021-1tokyo1.pdf,official_daily_result_pdf
202105010103,2021,東京,1,1,3,2021-01-30,https://www.jra.go.jp/datafile/seiseki/report/2021/2021-1tokyo1.pdf,official_daily_result_pdf
202105010104,2021,東京,1,1,4,2021-01-30,https://www.jra.go.jp/datafile/seiseki/report/2021/2021-1tokyo1.pdf,official_daily_result_pdf
202105010105,2021,東京,1,1,5,2021-01-30,https://www.jra.go.jp/datafile/seiseki/report/2021/2021-1tokyo1.pdf,official_daily_result_pdf
202105010106,2021,東京,1,1,6,2021-01-30,https://www.jra.go.jp/datafile/seiseki/report/2021/2021-1tokyo1.pdf,official_daily_result_pdf
202105010107,2021,東京,1,1,7,2021-01-30,https://www.jra.go.jp/datafile/seiseki/report/2021/2021-1tokyo1.pdf,official_daily_result_pdf
202105010108,2021,東京,1,1,8,2021-01-30,https://www.jra.go.jp/datafile/seiseki/report/2021/2021-1tokyo1.pdf,official_daily_result_pdf
202105010109,2021,東京,1,1,9,2021-01-30,https://www.jra.go.jp/datafile/seiseki/report/2021/2021-1tokyo1.pdf,official_daily_result_pdf
202105010110,2021,東京,1,1,10,2021-01-30,https://www.jra.go.jp/datafile/seiseki/report/2021/2021-1tokyo1.pdf,official_daily_result_pdf
202105010111,2021,東京,1,1,11,2021-01-30,https://www.jra.go.jp/datafile/seiseki/report/2021/2021-1tokyo1.pdf,official_daily_result_pdf
202105010112,2021,東京,1,1,12,2021-01-30,https://www.jra.go.jp/datafile/seiseki/report/2021/2021-1tokyo1.pdf,official_daily_result_pdf
202105010201,2021,東京,1,2,1,2021-01-31,https://www.jra.go.jp/datafile/seiseki/report/2021/2021-1tokyo2.pdf,official_daily_result_pdf
202105010202,2021,東京,1,2,2,2021-01-31,https://www.jra.go.jp/datafile/seiseki/report/2021/2021-1tokyo2.pdf,official_daily_result_pdf
202105010203,2021,東京,1,2,3,2021-01-31,https://www.jra.go.jp/datafile/seiseki/report/2021/2021-1tokyo2.pdf,official_daily_result_pdf
202105010204,2021,東京,1,2,4,2021-01-31,https://www.jra.go.jp/datafile/seiseki/report/2021/2021-1tokyo2.pdf,official_daily_result_pdf
202105010205,2021,東京,1,2,5,2021-01-31,https://www.jra.go.jp/datafile/seiseki/report/2021/2021-1tokyo2.pdf,official_daily_result_pdf
202105010206,2021,東京,1,2,6,2021-01-31,https://www.jra.go.jp/datafile/seiseki/report/2021/2021-1tokyo2.pdf,official_daily_result_pdf
202105010207,2021,東京,1,2,7,2021-01-31,https://www.jra.go.jp/datafile/seiseki/report/2021/2021-1tokyo2.pdf,official_daily_result_pdf
202105010208,2021,東京,1,2,8,2021-01-31,https://www.jra.go.jp/datafile/seiseki/report/2021/2021-1tokyo2.pdf,official_daily_result_pdf
202105010209,2021,東京,1,2,9,2021-01-31,https://www.jra.go.jp/datafile/seiseki/report/2021/2021-1tokyo2.pdf,official_daily_result_pdf
202105010210,2021,東京,1,2,10,2021-01-31,https://www.jra.go.jp/datafile/seiseki/report/2021/2021-1tokyo2.pdf,official_daily_result_pdf
202105010211,2021,東京,1,2,11,2021-01-31,https://www.jra.go.jp/datafile/seiseki/report/2021/2021-1tokyo2.pdf,official_daily_result_pdf
202105010212,2021,東京,1,2,12,2021-01-31,https://www.jra.go.jp/datafile/seiseki/report/2021/2021-1tokyo2.pdf,official_daily_result_pdf
202105010301,2021,東京,1,3,1,2021-02-06,https://www.jra.go.jp/datafile/seiseki/report/2021/2021-1tokyo3.pdf,official_daily_result_pdf
202105010302,2021,東京,1,3,2,2021-02-06,https://www.jra.go.jp/datafile/seiseki/report/2021/2021-1tokyo3.pdf,official_daily_result_pdf
202105010303,2021,東京,1,3,3,2021-02-06,https://www.jra.go.jp/datafile/seiseki/report/2021/2021-1tokyo3.pdf,official_daily_result_pdf
202105010304,2021,東京,1,3,4,2021-02-06,https://www.jra.go.jp/datafile/seiseki/report/2021/2021-1tokyo3.pdf,official_daily_result_pdf
202105010305,2021,東京,1,3,5,2021-02-06,https://www.jra.go.jp/datafile/seiseki/report/2021/2021-1tokyo3.pdf,official_daily_result_pdf
202105010306,2021,東京,1,3,6,2021-02-06,https://www.jra.go.jp/datafile/seiseki/report/2021/2021-1tokyo3.pdf,official_daily_result_pdf
202105010307,2021,東京,1,3,7,2021-02-06,https://www.jra.go.jp/datafile/seiseki/report/2021/2021-1tokyo3.pdf,official_daily_result_pdf
202105010308,2021,東京,1,3,8,2021-02-06,https://www.jra.go.jp/datafile/seiseki/report/2021/2021-1tokyo3.pdf,official_daily_result_pdf
202105010309,2021,東京,1,3,9,2021-02-06,https://www.jra.go.jp/datafile/seiseki/report/2021/2021-1tokyo3.pdf,official_daily_result_pdf
202105010310,2021,東京,1,3,10,2021-02-06,https://www.jra.go.jp/datafile/seiseki/report/2021/2021-1tokyo3.pdf,official_daily_result_pdf
202105010311,2021,東京,1,3,11,2021-02-06,https://www.jra.go.jp/datafile/seiseki/report/2021/2021-1tokyo3.pdf,official_daily_result_pdf
202105010312,2021,東京,1,3,12,2021-02-06,https://www.jra.go.jp/datafile/seiseki/report/2021/2021-1tokyo3.pdf,official_daily_result_pdf
202105010401,2021,東京,1,4,1,2021-02-07,https://www.jra.go.jp/datafile/seiseki/report/2021/2021-1tokyo4.pdf,official_daily_result_pdf
202105010402,2021,東京,1,4,2,2021-02-07,https://www.jra.go.jp/datafile/seiseki/report/2021/2021-1tokyo4.pdf,official_daily_result_pdf
202105010403,2021,東京,1,4,3,2021-02-07,https://www.jra.go.jp/datafile/seiseki/report/2021/2021-1tokyo4.pdf,official_daily_result_pdf
202105010404,2021,東京,1,4,4,2021-02-07,https://www.jra.go.jp/datafile/seiseki/report/2021/2021-1tokyo4.pdf,official_daily_result_pdf
202105010405,2021,東京,1,4,5,2021-02-07,https://www.jra.go.jp/datafile/seiseki/report/2021/2021-1tokyo4.pdf,official_daily_result_pdf
202105010406,2021,東京,1,4,6,2021-02-07,https://www.jra.go.jp/datafile/seiseki/report/2021/2021-1tokyo4.pdf,official_daily_result_pdf
202105010407,2021,東京,1,4,7,2021-02-07,https://www.jra.go.jp/datafile/seiseki/report/2021/2021-1tokyo4.pdf,official_daily_result_pdf
202105010408,2021,東京,1,4,8,2021-02-07,https://www.jra.go.jp/datafile/seiseki/report/2021/2021-1tokyo4.pdf,official_daily_result_pdf
202105010409,2021,東京,1,4,9,2021-02-07,https://www.jra.go.jp/datafile/seiseki/report/2021/2021-1tokyo4.pdf,official_daily_result_pdf
202105010410,2021,東京,1,4,10,2021-02-07,https://www.jra.go.jp/datafile/seiseki/report/2021/2021-1tokyo4.pdf,official_daily_result_pdf
202105010411,2021,東京,1,4,11,2021-02-07,https://www.jra.go.jp/datafile/seiseki/report/2021/2021-1tokyo4.pdf,official_daily_result_pdf
202105010412,2021,東京,1,4,12,2021-02-07,https://www.jra.go.jp/datafile/seiseki/report/2021/2021-1tokyo4.pdf,official_daily_result_pdf
202105010501,2021,東京,1,5,1,2021-02-13,https://www.jra.go.jp/datafile/seiseki/report/2021/2021-1tokyo5.pdf,official_daily_result_pdf
202105010502,2021,東京,1,5,2,2021-02-13,https://www.jra.go.jp/datafile/seiseki/report/2021/2021-1tokyo5.pdf,official_daily_result_pdf
202105010503,2021,東京,1,5,3,2021-02-13,https://www.jra.go.jp/datafile/seiseki/report/2021/2021-1tokyo5.pdf,official_daily_result_pdf
202105010504,2021,東京,1,5,4,2021-02-13,https://www.jra.go.jp/datafile/seiseki/report/2021/2021-1tokyo5.pdf,official_daily_result_pdf
202105010505,2021,東京,1,5,5,2021-02-13,https://www.jra.go.jp/datafile/seiseki/report/2021/2021-1tokyo5.pdf,official_daily_result_pdf
202105010506,2021,東京,1,5,6,2021-02-13,https://www.jra.go.jp/datafile/seiseki/report/2021/2021-1tokyo5.pdf,official_daily_result_pdf
202105010507,2021,東京,1,5,7,2021-02-13,https://www.jra.go.jp/datafile/seiseki/report/2021/2021-1tokyo5.pdf,official_daily_result_pdf
202105010508,2021,東京,1,5,8,2021-02-13,https://www.jra.go.jp/datafile/seiseki/report/2021/2021-1tokyo5.pdf,official_daily_result_pdf
202105010509,2021,東京,1,5,9,2021-02-13,https://www.jra.go.jp/datafile/seiseki/report/2021/2021-1tokyo5.pdf,official_daily_result_pdf
202105010510,2021,東京,1,5,10,2021-02-13,https://www.jra.go.jp/datafile/seiseki/report/2021/2021-1tokyo5.pdf,official_daily_result_pdf
202105010511,2021,東京,1,5,11,2021-02-13,https://www.jra.go.jp/datafile/seiseki/report/2021/2021-1tokyo5.pdf,official_daily_result_pdf
202105010512,2021,東京,1,5,12,2021-02-13,https://www.jra.go.jp/datafile/seiseki/report/2021/2021-1tokyo5.pdf,official_daily_result_pdf
202105010601,2021,東京,1,6,1,2021-02-14,https://www.jra.go.jp/datafile/seiseki/report/2021/2021-1tokyo6.pdf,official_daily_result_pdf
202105010602,2021,東京,1,6,2,2021-02-14,https://www.jra.go.jp/datafile/seiseki/report/2021/2021-1tokyo6.pdf,official_daily_result_pdf
202105010603,2021,東京,1,6,3,2021-02-14,https://www.jra.go.jp/datafile/seiseki/report/2021/2021-1tokyo6.pdf,official_daily_result_pdf
202105010604,2021,東京,1,6,4,2021-02-14,https://www.jra.go.jp/datafile/seiseki/report/2021/2021-1tokyo6.pdf,official_daily_result_pdf
202105010605,2021,東京,1,6,5,2021-02-14,https://www.jra.go.jp/datafile/seiseki/report/2021/2021-1tokyo6.pdf,official_daily_result_pdf
202105010606,2021,東京,1,6,6,2021-02-14,https://www.jra.go.jp/datafile/seiseki/report/2021/2021-1tokyo6.pdf,official_daily_result_pdf
202105010607,2021,東京,1,6,7,2021-02-14,https://www.jra.go.jp/datafile/seiseki/report/2021/2021-1tokyo6.pdf,official_daily_result_pdf
202105010608,2021,東京,1,6,8,2021-02-14,https://www.jra.go.jp/datafile/seiseki/report/2021/2021-1tokyo6.pdf,official_daily_result_pdf
202105010609,2021,東京,1,6,9,2021-02-14,https://www.jra.go.jp/datafile/seiseki/report/2021/2021-1tokyo6.pdf,official_daily_result_pdf
202105010610,2021,東京,1,6,10,2021-02-14,https://www.jra.go.jp/datafile/seiseki/report/2021/2021-1tokyo6.pdf,official_daily_result_pdf
202105010611,2021,東京,1,6,11,2021-02-14,https://www.jra.go.jp/datafile/seiseki/report/2021/2021-1tokyo6.pdf,official_daily_result_pdf
202105010612,2021,東京,1,6,12,2021-02-14,https://www.jra.go.jp/datafile/seiseki/report/2021/2021-1tokyo6.pdf,official_daily_result_pdf
202105010701,2021,東京,1,7,1,2021-02-20,https://www.jra.go.jp/datafile/seiseki/report/2021/2021-1tokyo7.pdf,official_daily_result_pdf
202105010702,2021,東京,1,7,2,2021-02-20,https://www.jra.go.jp/datafile/seiseki/report/2021/2021-1tokyo7.pdf,official_daily_result_pdf
202105010703,2021,東京,1,7,3,2021-02-20,https://www.jra.go.jp/datafile/seiseki/report/2021/2021-1tokyo7.pdf,official_daily_result_pdf
202105010704,2021,東京,1,7,4,2021-02-20,https://www.jra.go.jp/datafile/seiseki/report/2021/2021-1tokyo7.pdf,official_daily_result_pdf
202105010705,2021,東京,1,7,5,2021-02-20,https://www.jra.go.jp/datafile/seiseki/report/2021/2021-1tokyo7.pdf,official_daily_result_pdf
202105010706,2021,東京,1,7,6,2021-02-20,https://www.jra.go.jp/datafile/seiseki/report/2021/2021-1tokyo7.pdf,official_daily_result_pdf
202105010707,2021,東京,1,7,7,2021-02-20,https://www.jra.go.jp/datafile/seiseki/report/2021/2021-1tokyo7.pdf,official_daily_result_pdf
202105010708,2021,東京,1,7,8,2021-02-20,https://www.jra.go.jp/datafile/seiseki/report/2021/2021-1tokyo7.pdf,official_daily_result_pdf
202105010709,2021,東京,1,7,9,2021-02-20,https://www.jra.go.jp/datafile/seiseki/report/2021/2021-1tokyo7.pdf,official_daily_result_pdf
202105010710,2021,東京,1,7,10,2021-02-20,https://www.jra.go.jp/datafile/seiseki/report/2021/2021-1tokyo7.pdf,official_daily_result_pdf
202105010711,2021,東京,1,7,11,2021-02-20,https://www.jra.go.jp/datafile/seiseki/report/2021/2021-1tokyo7.pdf,official_daily_result_pdf
202105010712,2021,東京,1,7,12,2021-02-20,https://www.jra.go.jp/datafile/seiseki/report/2021/2021-1tokyo7.pdf,official_daily_result_pdf
202105010801,2021,東京,1,8,1,2021-02-21,https://www.jra.go.jp/datafile/seiseki/report/2021/2021-1tokyo8.pdf,official_daily_result_pdf
202105010802,2021,東京,1,8,2,2021-02-21,https://www.jra.go.jp/datafile/seiseki/report/2021/2021-1tokyo8.pdf,official_daily_result_pdf
202105010803,2021,東京,1,8,3,2021-02-21,https://www.jra.go.jp/datafile/seiseki/report/2021/2021-1tokyo8.pdf,official_daily_result_pdf
202105010804,2021,東京,1,8,4,2021-02-21,https://www.jra.go.jp/datafile/seiseki/report/2021/2021-1tokyo8.pdf,official_daily_result_pdf
202105010805,2021,東京,1,8,5,2021-02-21,https://www.jra.go.jp/datafile/seiseki/report/2021/2021-1tokyo8.pdf,official_daily_result_pdf
202105010806,2021,東京,1,8,6,2021-02-21,https://www.jra.go.jp/datafile/seiseki/report/2021/2021-1tokyo8.pdf,official_daily_result_pdf
202105010807,2021,東京,1,8,7,2021-02-21,https://www.jra.go.jp/datafile/seiseki/report/2021/2021-1tokyo8.pdf,official_daily_result_pdf
202105010808,2021,東京,1,8,8,2021-02-21,https://www.jra.go.jp/datafile/seiseki/report/2021/2021-1tokyo8.pdf,official_daily_result_pdf
202105010809,2021,東京,1,8,9,2021-02-21,https://www.jra.go.jp/datafile/seiseki/report/2021/2021-1tokyo8.pdf,official_daily_result_pdf
202105010810,2021,東京,1,8,10,2021-02-21,https://www.jra.go.jp/datafile/seiseki/report/2021/2021-1tokyo8.pdf,official_daily_result_pdf
202105010811,2021,東京,1,8,11,2021-02-21,https://www.jra.go.jp/datafile/seiseki/report/2021/2021-1tokyo8.pdf,official_daily_result_pdf
202105010812,2021,東京,1,8,12,2021-02-21,https://www.jra.go.jp/datafile/seiseki/report/2021/2021-1tokyo8.pdf,official_daily_result_pdf
202105020101,2021,東京,2,1,1,2021-04-24,https://www.jra.go.jp/datafile/seiseki/report/2021/2021-2tokyo1.pdf,official_daily_result_pdf
202105020102,2021,東京,2,1,2,2021-04-24,https://www.jra.go.jp/datafile/seiseki/report/2021/2021-2tokyo1.pdf,official_daily_result_pdf
202105020103,2021,東京,2,1,3,2021-04-24,https://www.jra.go.jp/datafile/seiseki/report/2021/2021-2tokyo1.pdf,official_daily_result_pdf
202105020104,2021,東京,2,1,4,2021-04-24,https://www.jra.go.jp/datafile/seiseki/report/2021/2021-2tokyo1.pdf,official_daily_result_pdf
202105020105,2021,東京,2,1,5,2021-04-24,https://www.jra.go.jp/datafile/seiseki/report/2021/2021-2tokyo1.pdf,official_daily_result_pdf
202105020106,2021,東京,2,1,6,2021-04-24,https://www.jra.go.jp/datafile/seiseki/report/2021/2021-2tokyo1.pdf,official_daily_result_pdf
202105020107,2021,東京,2,1,7,2021-04-24,https://www.jra.go.jp/datafile/seiseki/report/2021/2021-2tokyo1.pdf,official_daily_result_pdf
202105020108,2021,東京,2,1,8,2021-04-24,https://www.jra.go.jp/datafile/seiseki/report/2021/2021-2tokyo1.pdf,official_daily_result_pdf
202105020109,2021,東京,2,1,9,2021-04-24,https://www.jra.go.jp/datafile/seiseki/report/2021/2021-2tokyo1.pdf,official_daily_result_pdf
202105020110,2021,東京,2,1,10,2021-04-24,https://www.jra.go.jp/datafile/seiseki/report/2021/2021-2tokyo1.pdf,official_daily_result_pdf
202105020111,2021,東京,2,1,11,2021-04-24,https://www.jra.go.jp/datafile/seiseki/report/2021/2021-2tokyo1.pdf,official_daily_result_pdf
202105020112,2021,東京,2,1,12,2021-04-24,https://www.jra.go.jp/datafile/seiseki/report/2021/2021-2tokyo1.pdf,official_daily_result_pdf
202105020201,2021,東京,2,2,1,2021-04-25,https://www.jra.go.jp/datafile/seiseki/report/2021/2021-2tokyo2.pdf,official_daily_result_pdf
202105020202,2021,東京,2,2,2,2021-04-25,https://www.jra.go.jp/datafile/seiseki/report/2021/2021-2tokyo2.pdf,official_daily_result_pdf
202105020203,2021,東京,2,2,3,2021-04-25,https://www.jra.go.jp/datafile/seiseki/report/2021/2021-2tokyo2.pdf,official_daily_result_pdf
202105020204,2021,東京,2,2,4,2021-04-25,https://www.jra.go.jp/datafile/seiseki/report/2021/2021-2tokyo2.pdf,official_daily_result_pdf
202105020205,2021,東京,2,2,5,2021-04-25,https://www.jra.go.jp/datafile/seiseki/report/2021/2021-2tokyo2.pdf,official_daily_result_pdf
202105020206,2021,東京,2,2,6,2021-04-25,https://www.jra.go.jp/datafile/seiseki/report/2021/2021-2tokyo2.pdf,official_daily_result_pdf
202105020207,2021,東京,2,2,7,2021-04-25,https://www.jra.go.jp/datafile/seiseki/report/2021/2021-2tokyo2.pdf,official_daily_result_pdf
202105020208,2021,東京,2,2,8,2021-04-25,https://www.jra.go.jp/datafile/seiseki/report/2021/2021-2tokyo2.pdf,official_daily_result_pdf
202105020209,2021,東京,2,2,9,2021-04-25,https://www.jra.go.jp/datafile/seiseki/report/2021/2021-2tokyo2.pdf,official_daily_result_pdf
202105020210,2021,東京,2,2,10,2021-04-25,https://www.jra.go.jp/datafile/seiseki/report/2021/2021-2tokyo2.pdf,official_daily_result_pdf
202105020211,2021,東京,2,2,11,2021-04-25,https://www.jra.go.jp/datafile/seiseki/report/2021/2021-2tokyo2.pdf,official_daily_result_pdf
202105020212,2021,東京,2,2,12,2021-04-25,https://www.jra.go.jp/datafile/seiseki/report/2021/2021-2tokyo2.pdf,official_daily_result_pdf
202105020301,2021,東京,2,3,1,2021-05-01,https://www.jra.go.jp/datafile/seiseki/report/2021/2021-2tokyo3.pdf,official_daily_result_pdf
202105020302,2021,東京,2,3,2,2021-05-01,https://www.jra.go.jp/datafile/seiseki/report/2021/2021-2tokyo3.pdf,official_daily_result_pdf
202105020303,2021,東京,2,3,3,2021-05-01,https://www.jra.go.jp/datafile/seiseki/report/2021/2021-2tokyo3.pdf,official_daily_result_pdf
202105020304,2021,東京,2,3,4,2021-05-01,https://www.jra.go.jp/datafile/seiseki/report/2021/2021-2tokyo3.pdf,official_daily_result_pdf
202105020305,2021,東京,2,3,5,2021-05-01,https://www.jra.go.jp/datafile/seiseki/report/2021/2021-2tokyo3.pdf,official_daily_result_pdf
202105020306,2021,東京,2,3,6,2021-05-01,https://www.jra.go.jp/datafile/seiseki/report/2021/2021-2tokyo3.pdf,official_daily_result_pdf
202105020307,2021,東京,2,3,7,2021-05-01,https://www.jra.go.jp/datafile/seiseki/report/2021/2021-2tokyo3.pdf,official_daily_result_pdf
202105020308,2021,東京,2,3,8,2021-05-01,https://www.jra.go.jp/datafile/seiseki/report/2021/2021-2tokyo3.pdf,official_daily_result_pdf
202105020309,2021,東京,2,3,9,2021-05-01,https://www.jra.go.jp/datafile/seiseki/report/2021/2021-2tokyo3.pdf,official_daily_result_pdf
202105020310,2021,東京,2,3,10,2021-05-01,https://www.jra.go.jp/datafile/seiseki/report/2021/2021-2tokyo3.pdf,official_daily_result_pdf
202105020311,2021,東京,2,3,11,2021-05-01,https://www.jra.go.jp/datafile/seiseki/report/2021/2021-2tokyo3.pdf,official_daily_result_pdf
202105020312,2021,東京,2,3,12,2021-05-01,https://www.jra.go.jp/datafile/seiseki/report/2021/2021-2tokyo3.pdf,official_daily_result_pdf
202105020401,2021,東京,2,4,1,2021-05-02,https://www.jra.go.jp/datafile/seiseki/report/2021/2021-2tokyo4.pdf,official_daily_result_pdf
202105020402,2021,東京,2,4,2,2021-05-02,https://www.jra.go.jp/datafile/seiseki/report/2021/2021-2tokyo4.pdf,official_daily_result_pdf
202105020403,2021,東京,2,4,3,2021-05-02,https://www.jra.go.jp/datafile/seiseki/report/2021/2021-2tokyo4.pdf,official_daily_result_pdf
202105020404,2021,東京,2,4,4,2021-05-02,https://www.jra.go.jp/datafile/seiseki/report/2021/2021-2tokyo4.pdf,official_daily_result_pdf
202105020405,2021,東京,2,4,5,2021-05-02,https://www.jra.go.jp/datafile/seiseki/report/2021/2021-2tokyo4.pdf,official_daily_result_pdf
202105020406,2021,東京,2,4,6,2021-05-02,https://www.jra.go.jp/datafile/seiseki/report/2021/2021-2tokyo4.pdf,official_daily_result_pdf
202105020407,2021,東京,2,4,7,2021-05-02,https://www.jra.go.jp/datafile/seiseki/report/2021/2021-2tokyo4.pdf,official_daily_result_pdf
202105020408,2021,東京,2,4,8,2021-05-02,https://www.jra.go.jp/datafile/seiseki/report/2021/2021-2tokyo4.pdf,official_daily_result_pdf
202105020409,2021,東京,2,4,9,2021-05-02,https://www.jra.go.jp/datafile/seiseki/report/2021/2021-2tokyo4.pdf,official_daily_result_pdf
202105020410,2021,東京,2,4,10,2021-05-02,https://www.jra.go.jp/datafile/seiseki/report/2021/2021-2tokyo4.pdf,official_daily_result_pdf
202105020411,2021,東京,2,4,11,2021-05-02,https://www.jra.go.jp/datafile/seiseki/report/2021/2021-2tokyo4.pdf,official_daily_result_pdf
202105020412,2021,東京,2,4,12,2021-05-02,https://www.jra.go.jp/datafile/seiseki/report/2021/2021-2tokyo4.pdf,official_daily_result_pdf
202105020501,2021,東京,2,5,1,2021-05-08,https://www.jra.go.jp/datafile/seiseki/report/2021/2021-2tokyo5.pdf,official_daily_result_pdf
202105020502,2021,東京,2,5,2,2021-05-08,https://www.jra.go.jp/datafile/seiseki/report/2021/2021-2tokyo5.pdf,official_daily_result_pdf
202105020503,2021,東京,2,5,3,2021-05-08,https://www.jra.go.jp/datafile/seiseki/report/2021/2021-2tokyo5.pdf,official_daily_result_pdf
202105020504,2021,東京,2,5,4,2021-05-08,https://www.jra.go.jp/datafile/seiseki/report/2021/2021-2tokyo5.pdf,official_daily_result_pdf
202105020505,2021,東京,2,5,5,2021-05-08,https://www.jra.go.jp/datafile/seiseki/report/2021/2021-2tokyo5.pdf,official_daily_result_pdf
202105020506,2021,東京,2,5,6,2021-05-08,https://www.jra.go.jp/datafile/seiseki/report/2021/2021-2tokyo5.pdf,official_daily_result_pdf
202105020507,2021,東京,2,5,7,2021-05-08,https://www.jra.go.jp/datafile/seiseki/report/2021/2021-2tokyo5.pdf,official_daily_result_pdf
202105020508,2021,東京,2,5,8,2021-05-08,https://www.jra.go.jp/datafile/seiseki/report/2021/2021-2tokyo5.pdf,official_daily_result_pdf
202105020509,2021,東京,2,5,9,2021-05-08,https://www.jra.go.jp/datafile/seiseki/report/2021/2021-2tokyo5.pdf,official_daily_result_pdf
202105020510,2021,東京,2,5,10,2021-05-08,https://www.jra.go.jp/datafile/seiseki/report/2021/2021-2tokyo5.pdf,official_daily_result_pdf
202105020511,2021,東京,2,5,11,2021-05-08,https://www.jra.go.jp/datafile/seiseki/report/2021/2021-2tokyo5.pdf,official_daily_result_pdf
202105020512,2021,東京,2,5,12,2021-05-08,https://www.jra.go.jp/datafile/seiseki/report/2021/2021-2tokyo5.pdf,official_daily_result_pdf
202105020601,2021,東京,2,6,1,2021-05-09,https://www.jra.go.jp/datafile/seiseki/report/2021/2021-2tokyo6.pdf,official_daily_result_pdf
202105020602,2021,東京,2,6,2,2021-05-09,https://www.jra.go.jp/datafile/seiseki/report/2021/2021-2tokyo6.pdf,official_daily_result_pdf
202105020603,2021,東京,2,6,3,2021-05-09,https://www.jra.go.jp/datafile/seiseki/report/2021/2021-2tokyo6.pdf,official_daily_result_pdf
202105020604,2021,東京,2,6,4,2021-05-09,https://www.jra.go.jp/datafile/seiseki/report/2021/2021-2tokyo6.pdf,official_daily_result_pdf
202105020605,2021,東京,2,6,5,2021-05-09,https://www.jra.go.jp/datafile/seiseki/report/2021/2021-2tokyo6.pdf,official_daily_result_pdf
202105020606,2021,東京,2,6,6,2021-05-09,https://www.jra.go.jp/datafile/seiseki/report/2021/2021-2tokyo6.pdf,official_daily_result_pdf
202105020607,2021,東京,2,6,7,2021-05-09,https://www.jra.go.jp/datafile/seiseki/report/2021/2021-2tokyo6.pdf,official_daily_result_pdf
202105020608,2021,東京,2,6,8,2021-05-09,https://www.jra.go.jp/datafile/seiseki/report/2021/2021-2tokyo6.pdf,official_daily_result_pdf
202105020609,2021,東京,2,6,9,2021-05-09,https://www.jra.go.jp/datafile/seiseki/report/2021/2021-2tokyo6.pdf,official_daily_result_pdf
202105020610,2021,東京,2,6,10,2021-05-09,https://www.jra.go.jp/datafile/seiseki/report/2021/2021-2tokyo6.pdf,official_daily_result_pdf
202105020611,2021,東京,2,6,11,2021-05-09,https://www.jra.go.jp/datafile/seiseki/report/2021/2021-2tokyo6.pdf,official_daily_result_pdf
202105020612,2021,東京,2,6,12,2021-05-09,https://www.jra.go.jp/datafile/seiseki/report/2021/2021-2tokyo6.pdf,official_daily_result_pdf
202105020701,2021,東京,2,7,1,2021-05-15,https://www.jra.go.jp/datafile/seiseki/report/2021/2021-2tokyo7.pdf,official_daily_result_pdf
202105020702,2021,東京,2,7,2,2021-05-15,https://www.jra.go.jp/datafile/seiseki/report/2021/2021-2tokyo7.pdf,official_daily_result_pdf
202105020703,2021,東京,2,7,3,2021-05-15,https://www.jra.go.jp/datafile/seiseki/report/2021/2021-2tokyo7.pdf,official_daily_result_pdf
202105020704,2021,東京,2,7,4,2021-05-15,https://www.jra.go.jp/datafile/seiseki/report/2021/2021-2tokyo7.pdf,official_daily_result_pdf
202105020705,2021,東京,2,7,5,2021-05-15,https://www.jra.go.jp/datafile/seiseki/report/2021/2021-2tokyo7.pdf,official_daily_result_pdf
202105020706,2021,東京,2,7,6,2021-05-15,https://www.jra.go.jp/datafile/seiseki/report/2021/2021-2tokyo7.pdf,official_daily_result_pdf
202105020707,2021,東京,2,7,7,2021-05-15,https://www.jra.go.jp/datafile/seiseki/report/2021/2021-2tokyo7.pdf,official_daily_result_pdf
202105020708,2021,東京,2,7,8,2021-05-15,https://www.jra.go.jp/datafile/seiseki/report/2021/2021-2tokyo7.pdf,official_daily_result_pdf
202105020709,2021,東京,2,7,9,2021-05-15,https://www.jra.go.jp/datafile/seiseki/report/2021/2021-2tokyo7.pdf,official_daily_result_pdf
202105020710,2021,東京,2,7,10,2021-05-15,https://www.jra.go.jp/datafile/seiseki/report/2021/2021-2tokyo7.pdf,official_daily_result_pdf
202105020711,2021,東京,2,7,11,2021-05-15,https://www.jra.go.jp/datafile/seiseki/report/2021/2021-2tokyo7.pdf,official_daily_result_pdf
202105020712,2021,東京,2,7,12,2021-05-15,https://www.jra.go.jp/datafile/seiseki/report/2021/2021-2tokyo7.pdf,official_daily_result_pdf
202105020801,2021,東京,2,8,1,2021-05-16,https://www.jra.go.jp/datafile/seiseki/report/2021/2021-2tokyo8.pdf,official_daily_result_pdf
202105020802,2021,東京,2,8,2,2021-05-16,https://www.jra.go.jp/datafile/seiseki/report/2021/2021-2tokyo8.pdf,official_daily_result_pdf
202105020803,2021,東京,2,8,3,2021-05-16,https://www.jra.go.jp/datafile/seiseki/report/2021/2021-2tokyo8.pdf,official_daily_result_pdf
202105020804,2021,東京,2,8,4,2021-05-16,https://www.jra.go.jp/datafile/seiseki/report/2021/2021-2tokyo8.pdf,official_daily_result_pdf
202105020805,2021,東京,2,8,5,2021-05-16,https://www.jra.go.jp/datafile/seiseki/report/2021/2021-2tokyo8.pdf,official_daily_result_pdf
202105020806,2021,東京,2,8,6,2021-05-16,https://www.jra.go.jp/datafile/seiseki/report/2021/2021-2tokyo8.pdf,official_daily_result_pdf
202105020807,2021,東京,2,8,7,2021-05-16,https://www.jra.go.jp/datafile/seiseki/report/2021/2021-2tokyo8.pdf,official_daily_result_pdf
202105020808,2021,東京,2,8,8,2021-05-16,https://www.jra.go.jp/datafile/seiseki/report/2021/2021-2tokyo8.pdf,official_daily_result_pdf
202105020809,2021,東京,2,8,9,2021-05-16,https://www.jra.go.jp/datafile/seiseki/report/2021/2021-2tokyo8.pdf,official_daily_result_pdf
202105020810,2021,東京,2,8,10,2021-05-16,https://www.jra.go.jp/datafile/seiseki/report/2021/2021-2tokyo8.pdf,official_daily_result_pdf
202105020811,2021,東京,2,8,11,2021-05-16,https://www.jra.go.jp/datafile/seiseki/report/2021/2021-2tokyo8.pdf,official_daily_result_pdf
202105020812,2021,東京,2,8,12,2021-05-16,https://www.jra.go.jp/datafile/seiseki/report/2021/2021-2tokyo8.pdf,official_daily_result_pdf
202105020901,2021,東京,2,9,1,2021-05-22,https://www.jra.go.jp/datafile/seiseki/report/2021/2021-2tokyo9.pdf,official_daily_result_pdf
202105020902,2021,東京,2,9,2,2021-05-22,https://www.jra.go.jp/datafile/seiseki/report/2021/2021-2tokyo9.pdf,official_daily_result_pdf
202105020903,2021,東京,2,9,3,2021-05-22,https://www.jra.go.jp/datafile/seiseki/report/2021/2021-2tokyo9.pdf,official_daily_result_pdf
202105020904,2021,東京,2,9,4,2021-05-22,https://www.jra.go.jp/datafile/seiseki/report/2021/2021-2tokyo9.pdf,official_daily_result_pdf
202105020905,2021,東京,2,9,5,2021-05-22,https://www.jra.go.jp/datafile/seiseki/report/2021/2021-2tokyo9.pdf,official_daily_result_pdf
202105020906,2021,東京,2,9,6,2021-05-22,https://www.jra.go.jp/datafile/seiseki/report/2021/2021-2tokyo9.pdf,official_daily_result_pdf
202105020907,2021,東京,2,9,7,2021-05-22,https://www.jra.go.jp/datafile/seiseki/report/2021/2021-2tokyo9.pdf,official_daily_result_pdf
202105020908,2021,東京,2,9,8,2021-05-22,https://www.jra.go.jp/datafile/seiseki/report/2021/2021-2tokyo9.pdf,official_daily_result_pdf
202105020909,2021,東京,2,9,9,2021-05-22,https://www.jra.go.jp/datafile/seiseki/report/2021/2021-2tokyo9.pdf,official_daily_result_pdf
202105020910,2021,東京,2,9,10,2021-05-22,https://www.jra.go.jp/datafile/seiseki/report/2021/2021-2tokyo9.pdf,official_daily_result_pdf
202105020911,2021,東京,2,9,11,2021-05-22,https://www.jra.go.jp/datafile/seiseki/report/2021/2021-2tokyo9.pdf,official_daily_result_pdf
202105020912,2021,東京,2,9,12,2021-05-22,https://www.jra.go.jp/datafile/seiseki/report/2021/2021-2tokyo9.pdf,official_daily_result_pdf
202105021001,2021,東京,2,10,1,2021-05-23,https://www.jra.go.jp/datafile/seiseki/report/2021/2021-2tokyo10.pdf,official_daily_result_pdf
202105021002,2021,東京,2,10,2,2021-05-23,https://www.jra.go.jp/datafile/seiseki/report/2021/2021-2tokyo10.pdf,official_daily_result_pdf
202105021003,2021,東京,2,10,3,2021-05-23,https://www.jra.go.jp/datafile/seiseki/report/2021/2021-2tokyo10.pdf,official_daily_result_pdf
202105021004,2021,東京,2,10,4,2021-05-23,https://www.jra.go.jp/datafile/seiseki/report/2021/2021-2tokyo10.pdf,official_daily_result_pdf
202105021005,2021,東京,2,10,5,2021-05-23,https://www.jra.go.jp/datafile/seiseki/report/2021/2021-2tokyo10.pdf,official_daily_result_pdf
202105021006,2021,東京,2,10,6,2021-05-23,https://www.jra.go.jp/datafile/seiseki/report/2021/2021-2tokyo10.pdf,official_daily_result_pdf
202105021007,2021,東京,2,10,7,2021-05-23,https://www.jra.go.jp/datafile/seiseki/report/2021/2021-2tokyo10.pdf,official_daily_result_pdf
202105021008,2021,東京,2,10,8,2021-05-23,https://www.jra.go.jp/datafile/seiseki/report/2021/2021-2tokyo10.pdf,official_daily_result_pdf
202105021009,2021,東京,2,10,9,2021-05-23,https://www.jra.go.jp/datafile/seiseki/report/2021/2021-2tokyo10.pdf,official_daily_result_pdf
202105021010,2021,東京,2,10,10,2021-05-23,https://www.jra.go.jp/datafile/seiseki/report/2021/2021-2tokyo10.pdf,official_daily_result_pdf
202105021011,2021,東京,2,10,11,2021-05-23,https://www.jra.go.jp/datafile/seiseki/report/2021/2021-2tokyo10.pdf,official_daily_result_pdf
202105021012,2021,東京,2,10,12,2021-05-23,https://www.jra.go.jp/datafile/seiseki/report/2021/2021-2tokyo10.pdf,official_daily_result_pdf
202105021101,2021,東京,2,11,1,2021-05-29,https://www.jra.go.jp/datafile/seiseki/report/2021/2021-2tokyo11.pdf,official_daily_result_pdf
202105021102,2021,東京,2,11,2,2021-05-29,https://www.jra.go.jp/datafile/seiseki/report/2021/2021-2tokyo11.pdf,official_daily_result_pdf
202105021103,2021,東京,2,11,3,2021-05-29,https://www.jra.go.jp/datafile/seiseki/report/2021/2021-2tokyo11.pdf,official_daily_result_pdf
202105021104,2021,東京,2,11,4,2021-05-29,https://www.jra.go.jp/datafile/seiseki/report/2021/2021-2tokyo11.pdf,official_daily_result_pdf
202105021105,2021,東京,2,11,5,2021-05-29,https://www.jra.go.jp/datafile/seiseki/report/2021/2021-2tokyo11.pdf,official_daily_result_pdf
202105021106,2021,東京,2,11,6,2021-05-29,https://www.jra.go.jp/datafile/seiseki/report/2021/2021-2tokyo11.pdf,official_daily_result_pdf
202105021107,2021,東京,2,11,7,2021-05-29,https://www.jra.go.jp/datafile/seiseki/report/2021/2021-2tokyo11.pdf,official_daily_result_pdf
202105021108,2021,東京,2,11,8,2021-05-29,https://www.jra.go.jp/datafile/seiseki/report/2021/2021-2tokyo11.pdf,official_daily_result_pdf
202105021109,2021,東京,2,11,9,2021-05-29,https://www.jra.go.jp/datafile/seiseki/report/2021/2021-2tokyo11.pdf,official_daily_result_pdf
202105021110,2021,東京,2,11,10,2021-05-29,https://www.jra.go.jp/datafile/seiseki/report/2021/2021-2tokyo11.pdf,official_daily_result_pdf
202105021111,2021,東京,2,11,11,2021-05-29,https://www.jra.go.jp/datafile/seiseki/report/2021/2021-2tokyo11.pdf,official_daily_result_pdf
202105021112,2021,東京,2,11,12,2021-05-29,https://www.jra.go.jp/datafile/seiseki/report/2021/2021-2tokyo11.pdf,official_daily_result_pdf
202105021201,2021,東京,2,12,1,2021-05-30,https://www.jra.go.jp/datafile/seiseki/report/2021/2021-2tokyo12.pdf,official_daily_result_pdf
202105021202,2021,東京,2,12,2,2021-05-30,https://www.jra.go.jp/datafile/seiseki/report/2021/2021-2tokyo12.pdf,official_daily_result_pdf
202105021203,2021,東京,2,12,3,2021-05-30,https://www.jra.go.jp/datafile/seiseki/report/2021/2021-2tokyo12.pdf,official_daily_result_pdf
202105021204,2021,東京,2,12,4,2021-05-30,https://www.jra.go.jp/datafile/seiseki/report/2021/2021-2tokyo12.pdf,official_daily_result_pdf
202105021205,2021,東京,2,12,5,2021-05-30,https://www.jra.go.jp/datafile/seiseki/report/2021/2021-2tokyo12.pdf,official_daily_result_pdf
202105021206,2021,東京,2,12,6,2021-05-30,https://www.jra.go.jp/datafile/seiseki/report/2021/2021-2tokyo12.pdf,official_daily_result_pdf
202105021207,2021,東京,2,12,7,2021-05-30,https://www.jra.go.jp/datafile/seiseki/report/2021/2021-2tokyo12.pdf,official_daily_result_pdf
202105021208,2021,東京,2,12,8,2021-05-30,https://www.jra.go.jp/datafile/seiseki/report/2021/2021-2tokyo12.pdf,official_daily_result_pdf
202105021209,2021,東京,2,12,9,2021-05-30,https://www.jra.go.jp/datafile/seiseki/report/2021/2021-2tokyo12.pdf,official_daily_result_pdf
202105021210,2021,東京,2,12,10,2021-05-30,https://www.jra.go.jp/datafile/seiseki/report/2021/2021-2tokyo12.pdf,official_daily_result_pdf
202105021211,2021,東京,2,12,11,2021-05-30,https://www.jra.go.jp/datafile/seiseki/report/2021/2021-2tokyo12.pdf,official_daily_result_pdf
202105021212,2021,東京,2,12,12,2021-05-30,https://www.jra.go.jp/datafile/seiseki/report/2021/2021-2tokyo12.pdf,official_daily_result_pdf
202105030101,2021,東京,3,1,1,2021-06-05,https://www.jra.go.jp/datafile/seiseki/report/2021/2021-3tokyo1.pdf,official_daily_result_pdf
202105030102,2021,東京,3,1,2,2021-06-05,https://www.jra.go.jp/datafile/seiseki/report/2021/2021-3tokyo1.pdf,official_daily_result_pdf
202105030103,2021,東京,3,1,3,2021-06-05,https://www.jra.go.jp/datafile/seiseki/report/2021/2021-3tokyo1.pdf,official_daily_result_pdf
202105030104,2021,東京,3,1,4,2021-06-05,https://www.jra.go.jp/datafile/seiseki/report/2021/2021-3tokyo1.pdf,official_daily_result_pdf
202105030105,2021,東京,3,1,5,2021-06-05,https://www.jra.go.jp/datafile/seiseki/report/2021/2021-3tokyo1.pdf,official_daily_result_pdf
202105030106,2021,東京,3,1,6,2021-06-05,https://www.jra.go.jp/datafile/seiseki/report/2021/2021-3tokyo1.pdf,official_daily_result_pdf
202105030107,2021,東京,3,1,7,2021-06-05,https://www.jra.go.jp/datafile/seiseki/report/2021/2021-3tokyo1.pdf,official_daily_result_pdf
202105030108,2021,東京,3,1,8,2021-06-05,https://www.jra.go.jp/datafile/seiseki/report/2021/2021-3tokyo1.pdf,official_daily_result_pdf
202105030109,2021,東京,3,1,9,2021-06-05,https://www.jra.go.jp/datafile/seiseki/report/2021/2021-3tokyo1.pdf,official_daily_result_pdf
202105030110,2021,東京,3,1,10,2021-06-05,https://www.jra.go.jp/datafile/seiseki/report/2021/2021-3tokyo1.pdf,official_daily_result_pdf
202105030111,2021,東京,3,1,11,2021-06-05,https://www.jra.go.jp/datafile/seiseki/report/2021/2021-3tokyo1.pdf,official_daily_result_pdf
202105030112,2021,東京,3,1,12,2021-06-05,https://www.jra.go.jp/datafile/seiseki/report/2021/2021-3tokyo1.pdf,official_daily_result_pdf
202105030201,2021,東京,3,2,1,2021-06-06,https://www.jra.go.jp/datafile/seiseki/report/2021/2021-3tokyo2.pdf,official_daily_result_pdf
202105030202,2021,東京,3,2,2,2021-06-06,https://www.jra.go.jp/datafile/seiseki/report/2021/2021-3tokyo2.pdf,official_daily_result_pdf
202105030203,2021,東京,3,2,3,2021-06-06,https://www.jra.go.jp/datafile/seiseki/report/2021/2021-3tokyo2.pdf,official_daily_result_pdf
202105030204,2021,東京,3,2,4,2021-06-06,https://www.jra.go.jp/datafile/seiseki/report/2021/2021-3tokyo2.pdf,official_daily_result_pdf
202105030205,2021,東京,3,2,5,2021-06-06,https://www.jra.go.jp/datafile/seiseki/report/2021/2021-3tokyo2.pdf,official_daily_result_pdf
202105030206,2021,東京,3,2,6,2021-06-06,https://www.jra.go.jp/datafile/seiseki/report/2021/2021-3tokyo2.pdf,official_daily_result_pdf
202105030207,2021,東京,3,2,7,2021-06-06,https://www.jra.go.jp/datafile/seiseki/report/2021/2021-3tokyo2.pdf,official_daily_result_pdf
202105030208,2021,東京,3,2,8,2021-06-06,https://www.jra.go.jp/datafile/seiseki/report/2021/2021-3tokyo2.pdf,official_daily_result_pdf
202105030209,2021,東京,3,2,9,2021-06-06,https://www.jra.go.jp/datafile/seiseki/report/2021/2021-3tokyo2.pdf,official_daily_result_pdf
202105030210,2021,東京,3,2,10,2021-06-06,https://www.jra.go.jp/datafile/seiseki/report/2021/2021-3tokyo2.pdf,official_daily_result_pdf
202105030211,2021,東京,3,2,11,2021-06-06,https://www.jra.go.jp/datafile/seiseki/report/2021/2021-3tokyo2.pdf,official_daily_result_pdf
202105030212,2021,東京,3,2,12,2021-06-06,https://www.jra.go.jp/datafile/seiseki/report/2021/2021-3tokyo2.pdf,official_daily_result_pdf
202105030301,2021,東京,3,3,1,2021-06-12,https://www.jra.go.jp/datafile/seiseki/report/2021/2021-3tokyo3.pdf,official_daily_result_pdf
202105030302,2021,東京,3,3,2,2021-06-12,https://www.jra.go.jp/datafile/seiseki/report/2021/2021-3tokyo3.pdf,official_daily_result_pdf
202105030303,2021,東京,3,3,3,2021-06-12,https://www.jra.go.jp/datafile/seiseki/report/2021/2021-3tokyo3.pdf,official_daily_result_pdf
202105030304,2021,東京,3,3,4,2021-06-12,https://www.jra.go.jp/datafile/seiseki/report/2021/2021-3tokyo3.pdf,official_daily_result_pdf
202105030305,2021,東京,3,3,5,2021-06-12,https://www.jra.go.jp/datafile/seiseki/report/2021/2021-3tokyo3.pdf,official_daily_result_pdf
202105030306,2021,東京,3,3,6,2021-06-12,https://www.jra.go.jp/datafile/seiseki/report/2021/2021-3tokyo3.pdf,official_daily_result_pdf
202105030307,2021,東京,3,3,7,2021-06-12,https://www.jra.go.jp/datafile/seiseki/report/2021/2021-3tokyo3.pdf,official_daily_result_pdf
202105030308,2021,東京,3,3,8,2021-06-12,https://www.jra.go.jp/datafile/seiseki/report/2021/2021-3tokyo3.pdf,official_daily_result_pdf
202105030309,2021,東京,3,3,9,2021-06-12,https://www.jra.go.jp/datafile/seiseki/report/2021/2021-3tokyo3.pdf,official_daily_result_pdf
202105030310,2021,東京,3,3,10,2021-06-12,https://www.jra.go.jp/datafile/seiseki/report/2021/2021-3tokyo3.pdf,official_daily_result_pdf
202105030311,2021,東京,3,3,11,2021-06-12,https://www.jra.go.jp/datafile/seiseki/report/2021/2021-3tokyo3.pdf,official_daily_result_pdf
202105030312,2021,東京,3,3,12,2021-06-12,https://www.jra.go.jp/datafile/seiseki/report/2021/2021-3tokyo3.pdf,official_daily_result_pdf
202105030401,2021,東京,3,4,1,2021-06-13,https://www.jra.go.jp/datafile/seiseki/report/2021/2021-3tokyo4.pdf,official_daily_result_pdf
202105030402,2021,東京,3,4,2,2021-06-13,https://www.jra.go.jp/datafile/seiseki/report/2021/2021-3tokyo4.pdf,official_daily_result_pdf
202105030403,2021,東京,3,4,3,2021-06-13,https://www.jra.go.jp/datafile/seiseki/report/2021/2021-3tokyo4.pdf,official_daily_result_pdf
202105030404,2021,東京,3,4,4,2021-06-13,https://www.jra.go.jp/datafile/seiseki/report/2021/2021-3tokyo4.pdf,official_daily_result_pdf
202105030405,2021,東京,3,4,5,2021-06-13,https://www.jra.go.jp/datafile/seiseki/report/2021/2021-3tokyo4.pdf,official_daily_result_pdf
202105030406,2021,東京,3,4,6,2021-06-13,https://www.jra.go.jp/datafile/seiseki/report/2021/2021-3tokyo4.pdf,official_daily_result_pdf
202105030407,2021,東京,3,4,7,2021-06-13,https://www.jra.go.jp/datafile/seiseki/report/2021/2021-3tokyo4.pdf,official_daily_result_pdf
202105030408,2021,東京,3,4,8,2021-06-13,https://www.jra.go.jp/datafile/seiseki/report/2021/2021-3tokyo4.pdf,official_daily_result_pdf
202105030409,2021,東京,3,4,9,2021-06-13,https://www.jra.go.jp/datafile/seiseki/report/2021/2021-3tokyo4.pdf,official_daily_result_pdf
202105030410,2021,東京,3,4,10,2021-06-13,https://www.jra.go.jp/datafile/seiseki/report/2021/2021-3tokyo4.pdf,official_daily_result_pdf
202105030411,2021,東京,3,4,11,2021-06-13,https://www.jra.go.jp/datafile/seiseki/report/2021/2021-3tokyo4.pdf,official_daily_result_pdf
202105030412,2021,東京,3,4,12,2021-06-13,https://www.jra.go.jp/datafile/seiseki/report/2021/2021-3tokyo4.pdf,official_daily_result_pdf
202105030501,2021,東京,3,5,1,2021-06-19,https://www.jra.go.jp/datafile/seiseki/report/2021/2021-3tokyo5.pdf,official_daily_result_pdf
202105030502,2021,東京,3,5,2,2021-06-19,https://www.jra.go.jp/datafile/seiseki/report/2021/2021-3tokyo5.pdf,official_daily_result_pdf
202105030503,2021,東京,3,5,3,2021-06-19,https://www.jra.go.jp/datafile/seiseki/report/2021/2021-3tokyo5.pdf,official_daily_result_pdf
202105030504,2021,東京,3,5,4,2021-06-19,https://www.jra.go.jp/datafile/seiseki/report/2021/2021-3tokyo5.pdf,official_daily_result_pdf
202105030505,2021,東京,3,5,5,2021-06-19,https://www.jra.go.jp/datafile/seiseki/report/2021/2021-3tokyo5.pdf,official_daily_result_pdf
202105030506,2021,東京,3,5,6,2021-06-19,https://www.jra.go.jp/datafile/seiseki/report/2021/2021-3tokyo5.pdf,official_daily_result_pdf
202105030507,2021,東京,3,5,7,2021-06-19,https://www.jra.go.jp/datafile/seiseki/report/2021/2021-3tokyo5.pdf,official_daily_result_pdf
202105030508,2021,東京,3,5,8,2021-06-19,https://www.jra.go.jp/datafile/seiseki/report/2021/2021-3tokyo5.pdf,official_daily_result_pdf
202105030509,2021,東京,3,5,9,2021-06-19,https://www.jra.go.jp/datafile/seiseki/report/2021/2021-3tokyo5.pdf,official_daily_result_pdf
202105030510,2021,東京,3,5,10,2021-06-19,https://www.jra.go.jp/datafile/seiseki/report/2021/2021-3tokyo5.pdf,official_daily_result_pdf
202105030511,2021,東京,3,5,11,2021-06-19,https://www.jra.go.jp/datafile/seiseki/report/2021/2021-3tokyo5.pdf,official_daily_result_pdf
202105030512,2021,東京,3,5,12,2021-06-19,https://www.jra.go.jp/datafile/seiseki/report/2021/2021-3tokyo5.pdf,official_daily_result_pdf
202105030601,2021,東京,3,6,1,2021-06-20,https://www.jra.go.jp/datafile/seiseki/report/2021/2021-3tokyo6.pdf,official_daily_result_pdf
202105030602,2021,東京,3,6,2,2021-06-20,https://www.jra.go.jp/datafile/seiseki/report/2021/2021-3tokyo6.pdf,official_daily_result_pdf
202105030603,2021,東京,3,6,3,2021-06-20,https://www.jra.go.jp/datafile/seiseki/report/2021/2021-3tokyo6.pdf,official_daily_result_pdf
202105030604,2021,東京,3,6,4,2021-06-20,https://www.jra.go.jp/datafile/seiseki/report/2021/2021-3tokyo6.pdf,official_daily_result_pdf
202105030605,2021,東京,3,6,5,2021-06-20,https://www.jra.go.jp/datafile/seiseki/report/2021/2021-3tokyo6.pdf,official_daily_result_pdf
202105030606,2021,東京,3,6,6,2021-06-20,https://www.jra.go.jp/datafile/seiseki/report/2021/2021-3tokyo6.pdf,official_daily_result_pdf
202105030607,2021,東京,3,6,7,2021-06-20,https://www.jra.go.jp/datafile/seiseki/report/2021/2021-3tokyo6.pdf,official_daily_result_pdf
202105030608,2021,東京,3,6,8,2021-06-20,https://www.jra.go.jp/datafile/seiseki/report/2021/2021-3tokyo6.pdf,official_daily_result_pdf
202105030609,2021,東京,3,6,9,2021-06-20,https://www.jra.go.jp/datafile/seiseki/report/2021/2021-3tokyo6.pdf,official_daily_result_pdf
202105030610,2021,東京,3,6,10,2021-06-20,https://www.jra.go.jp/datafile/seiseki/report/2021/2021-3tokyo6.pdf,official_daily_result_pdf
202105030611,2021,東京,3,6,11,2021-06-20,https://www.jra.go.jp/datafile/seiseki/report/2021/2021-3tokyo6.pdf,official_daily_result_pdf
202105030612,2021,東京,3,6,12,2021-06-20,https://www.jra.go.jp/datafile/seiseki/report/2021/2021-3tokyo6.pdf,official_daily_result_pdf
202105030701,2021,東京,3,7,1,2021-06-26,https://www.jra.go.jp/datafile/seiseki/report/2021/2021-3tokyo7.pdf,official_daily_result_pdf
202105030702,2021,東京,3,7,2,2021-06-26,https://www.jra.go.jp/datafile/seiseki/report/2021/2021-3tokyo7.pdf,official_daily_result_pdf
202105030703,2021,東京,3,7,3,2021-06-26,https://www.jra.go.jp/datafile/seiseki/report/2021/2021-3tokyo7.pdf,official_daily_result_pdf
202105030704,2021,東京,3,7,4,2021-06-26,https://www.jra.go.jp/datafile/seiseki/report/2021/2021-3tokyo7.pdf,official_daily_result_pdf
202105030705,2021,東京,3,7,5,2021-06-26,https://www.jra.go.jp/datafile/seiseki/report/2021/2021-3tokyo7.pdf,official_daily_result_pdf
202105030706,2021,東京,3,7,6,2021-06-26,https://www.jra.go.jp/datafile/seiseki/report/2021/2021-3tokyo7.pdf,official_daily_result_pdf
202105030707,2021,東京,3,7,7,2021-06-26,https://www.jra.go.jp/datafile/seiseki/report/2021/2021-3tokyo7.pdf,official_daily_result_pdf
202105030708,2021,東京,3,7,8,2021-06-26,https://www.jra.go.jp/datafile/seiseki/report/2021/2021-3tokyo7.pdf,official_daily_result_pdf
202105030709,2021,東京,3,7,9,2021-06-26,https://www.jra.go.jp/datafile/seiseki/report/2021/2021-3tokyo7.pdf,official_daily_result_pdf
202105030710,2021,東京,3,7,10,2021-06-26,https://www.jra.go.jp/datafile/seiseki/report/2021/2021-3tokyo7.pdf,official_daily_result_pdf
202105030711,2021,東京,3,7,11,2021-06-26,https://www.jra.go.jp/datafile/seiseki/report/2021/2021-3tokyo7.pdf,official_daily_result_pdf
202105030712,2021,東京,3,7,12,2021-06-26,https://www.jra.go.jp/datafile/seiseki/report/2021/2021-3tokyo7.pdf,official_daily_result_pdf
202105030801,2021,東京,3,8,1,2021-06-27,https://www.jra.go.jp/datafile/seiseki/report/2021/2021-3tokyo8.pdf,official_daily_result_pdf
202105030802,2021,東京,3,8,2,2021-06-27,https://www.jra.go.jp/datafile/seiseki/report/2021/2021-3tokyo8.pdf,official_daily_result_pdf
202105030803,2021,東京,3,8,3,2021-06-27,https://www.jra.go.jp/datafile/seiseki/report/2021/2021-3tokyo8.pdf,official_daily_result_pdf
202105030804,2021,東京,3,8,4,2021-06-27,https://www.jra.go.jp/datafile/seiseki/report/2021/2021-3tokyo8.pdf,official_daily_result_pdf
202105030805,2021,東京,3,8,5,2021-06-27,https://www.jra.go.jp/datafile/seiseki/report/2021/2021-3tokyo8.pdf,official_daily_result_pdf
202105030806,2021,東京,3,8,6,2021-06-27,https://www.jra.go.jp/datafile/seiseki/report/2021/2021-3tokyo8.pdf,official_daily_result_pdf
202105030807,2021,東京,3,8,7,2021-06-27,https://www.jra.go.jp/datafile/seiseki/report/2021/2021-3tokyo8.pdf,official_daily_result_pdf
202105030808,2021,東京,3,8,8,2021-06-27,https://www.jra.go.jp/datafile/seiseki/report/2021/2021-3tokyo8.pdf,official_daily_result_pdf
202105030809,2021,東京,3,8,9,2021-06-27,https://www.jra.go.jp/datafile/seiseki/report/2021/2021-3tokyo8.pdf,official_daily_result_pdf
202105030810,2021,東京,3,8,10,2021-06-27,https://www.jra.go.jp/datafile/seiseki/report/2021/2021-3tokyo8.pdf,official_daily_result_pdf
202105030811,2021,東京,3,8,11,2021-06-27,https://www.jra.go.jp/datafile/seiseki/report/2021/2021-3tokyo8.pdf,official_daily_result_pdf
202105030812,2021,東京,3,8,12,2021-06-27,https://www.jra.go.jp/datafile/seiseki/report/2021/2021-3tokyo8.pdf,official_daily_result_pdf
202105040101,2021,東京,4,1,1,2021-10-09,https://www.jra.go.jp/datafile/seiseki/report/2021/2021-4tokyo1.pdf,official_daily_result_pdf
202105040102,2021,東京,4,1,2,2021-10-09,https://www.jra.go.jp/datafile/seiseki/report/2021/2021-4tokyo1.pdf,official_daily_result_pdf
202105040103,2021,東京,4,1,3,2021-10-09,https://www.jra.go.jp/datafile/seiseki/report/2021/2021-4tokyo1.pdf,official_daily_result_pdf
202105040104,2021,東京,4,1,4,2021-10-09,https://www.jra.go.jp/datafile/seiseki/report/2021/2021-4tokyo1.pdf,official_daily_result_pdf
202105040105,2021,東京,4,1,5,2021-10-09,https://www.jra.go.jp/datafile/seiseki/report/2021/2021-4tokyo1.pdf,official_daily_result_pdf
202105040106,2021,東京,4,1,6,2021-10-09,https://www.jra.go.jp/datafile/seiseki/report/2021/2021-4tokyo1.pdf,official_daily_result_pdf
202105040107,2021,東京,4,1,7,2021-10-09,https://www.jra.go.jp/datafile/seiseki/report/2021/2021-4tokyo1.pdf,official_daily_result_pdf
202105040108,2021,東京,4,1,8,2021-10-09,https://www.jra.go.jp/datafile/seiseki/report/2021/2021-4tokyo1.pdf,official_daily_result_pdf
202105040109,2021,東京,4,1,9,2021-10-09,https://www.jra.go.jp/datafile/seiseki/report/2021/2021-4tokyo1.pdf,official_daily_result_pdf
202105040110,2021,東京,4,1,10,2021-10-09,https://www.jra.go.jp/datafile/seiseki/report/2021/2021-4tokyo1.pdf,official_daily_result_pdf
202105040111,2021,東京,4,1,11,2021-10-09,https://www.jra.go.jp/datafile/seiseki/report/2021/2021-4tokyo1.pdf,official_daily_result_pdf
202105040112,2021,東京,4,1,12,2021-10-09,https://www.jra.go.jp/datafile/seiseki/report/2021/2021-4tokyo1.pdf,official_daily_result_pdf
202105040201,2021,東京,4,2,1,2021-10-10,https://www.jra.go.jp/datafile/seiseki/report/2021/2021-4tokyo2.pdf,official_daily_result_pdf
202105040202,2021,東京,4,2,2,2021-10-10,https://www.jra.go.jp/datafile/seiseki/report/2021/2021-4tokyo2.pdf,official_daily_result_pdf
202105040203,2021,東京,4,2,3,2021-10-10,https://www.jra.go.jp/datafile/seiseki/report/2021/2021-4tokyo2.pdf,official_daily_result_pdf
202105040204,2021,東京,4,2,4,2021-10-10,https://www.jra.go.jp/datafile/seiseki/report/2021/2021-4tokyo2.pdf,official_daily_result_pdf
202105040205,2021,東京,4,2,5,2021-10-10,https://www.jra.go.jp/datafile/seiseki/report/2021/2021-4tokyo2.pdf,official_daily_result_pdf
202105040206,2021,東京,4,2,6,2021-10-10,https://www.jra.go.jp/datafile/seiseki/report/2021/2021-4tokyo2.pdf,official_daily_result_pdf
202105040207,2021,東京,4,2,7,2021-10-10,https://www.jra.go.jp/datafile/seiseki/report/2021/2021-4tokyo2.pdf,official_daily_result_pdf
202105040208,2021,東京,4,2,8,2021-10-10,https://www.jra.go.jp/datafile/seiseki/report/2021/2021-4tokyo2.pdf,official_daily_result_pdf
202105040209,2021,東京,4,2,9,2021-10-10,https://www.jra.go.jp/datafile/seiseki/report/2021/2021-4tokyo2.pdf,official_daily_result_pdf
202105040210,2021,東京,4,2,10,2021-10-10,https://www.jra.go.jp/datafile/seiseki/report/2021/2021-4tokyo2.pdf,official_daily_result_pdf
202105040211,2021,東京,4,2,11,2021-10-10,https://www.jra.go.jp/datafile/seiseki/report/2021/2021-4tokyo2.pdf,official_daily_result_pdf
202105040212,2021,東京,4,2,12,2021-10-10,https://www.jra.go.jp/datafile/seiseki/report/2021/2021-4tokyo2.pdf,official_daily_result_pdf
202105040301,2021,東京,4,3,1,2021-10-16,https://www.jra.go.jp/datafile/seiseki/report/2021/2021-4tokyo3.pdf,official_daily_result_pdf
202105040302,2021,東京,4,3,2,2021-10-16,https://www.jra.go.jp/datafile/seiseki/report/2021/2021-4tokyo3.pdf,official_daily_result_pdf
202105040303,2021,東京,4,3,3,2021-10-16,https://www.jra.go.jp/datafile/seiseki/report/2021/2021-4tokyo3.pdf,official_daily_result_pdf
202105040304,2021,東京,4,3,4,2021-10-16,https://www.jra.go.jp/datafile/seiseki/report/2021/2021-4tokyo3.pdf,official_daily_result_pdf
202105040305,2021,東京,4,3,5,2021-10-16,https://www.jra.go.jp/datafile/seiseki/report/2021/2021-4tokyo3.pdf,official_daily_result_pdf
202105040306,2021,東京,4,3,6,2021-10-16,https://www.jra.go.jp/datafile/seiseki/report/2021/2021-4tokyo3.pdf,official_daily_result_pdf
202105040307,2021,東京,4,3,7,2021-10-16,https://www.jra.go.jp/datafile/seiseki/report/2021/2021-4tokyo3.pdf,official_daily_result_pdf
202105040308,2021,東京,4,3,8,2021-10-16,https://www.jra.go.jp/datafile/seiseki/report/2021/2021-4tokyo3.pdf,official_daily_result_pdf
202105040309,2021,東京,4,3,9,2021-10-16,https://www.jra.go.jp/datafile/seiseki/report/2021/2021-4tokyo3.pdf,official_daily_result_pdf
202105040310,2021,東京,4,3,10,2021-10-16,https://www.jra.go.jp/datafile/seiseki/report/2021/2021-4tokyo3.pdf,official_daily_result_pdf
202105040311,2021,東京,4,3,11,2021-10-16,https://www.jra.go.jp/datafile/seiseki/report/2021/2021-4tokyo3.pdf,official_daily_result_pdf
202105040312,2021,東京,4,3,12,2021-10-16,https://www.jra.go.jp/datafile/seiseki/report/2021/2021-4tokyo3.pdf,official_daily_result_pdf
202105040401,2021,東京,4,4,1,2021-10-17,https://www.jra.go.jp/datafile/seiseki/report/2021/2021-4tokyo4.pdf,official_daily_result_pdf
202105040402,2021,東京,4,4,2,2021-10-17,https://www.jra.go.jp/datafile/seiseki/report/2021/2021-4tokyo4.pdf,official_daily_result_pdf
202105040403,2021,東京,4,4,3,2021-10-17,https://www.jra.go.jp/datafile/seiseki/report/2021/2021-4tokyo4.pdf,official_daily_result_pdf
202105040404,2021,東京,4,4,4,2021-10-17,https://www.jra.go.jp/datafile/seiseki/report/2021/2021-4tokyo4.pdf,official_daily_result_pdf
202105040405,2021,東京,4,4,5,2021-10-17,https://www.jra.go.jp/datafile/seiseki/report/2021/2021-4tokyo4.pdf,official_daily_result_pdf
202105040406,2021,東京,4,4,6,2021-10-17,https://www.jra.go.jp/datafile/seiseki/report/2021/2021-4tokyo4.pdf,official_daily_result_pdf
202105040407,2021,東京,4,4,7,2021-10-17,https://www.jra.go.jp/datafile/seiseki/report/2021/2021-4tokyo4.pdf,official_daily_result_pdf
202105040408,2021,東京,4,4,8,2021-10-17,https://www.jra.go.jp/datafile/seiseki/report/2021/2021-4tokyo4.pdf,official_daily_result_pdf
202105040409,2021,東京,4,4,9,2021-10-17,https://www.jra.go.jp/datafile/seiseki/report/2021/2021-4tokyo4.pdf,official_daily_result_pdf
202105040410,2021,東京,4,4,10,2021-10-17,https://www.jra.go.jp/datafile/seiseki/report/2021/2021-4tokyo4.pdf,official_daily_result_pdf
202105040411,2021,東京,4,4,11,2021-10-17,https://www.jra.go.jp/datafile/seiseki/report/2021/2021-4tokyo4.pdf,official_daily_result_pdf
202105040412,2021,東京,4,4,12,2021-10-17,https://www.jra.go.jp/datafile/seiseki/report/2021/2021-4tokyo4.pdf,official_daily_result_pdf
202105040501,2021,東京,4,5,1,2021-10-23,https://www.jra.go.jp/datafile/seiseki/report/2021/2021-4tokyo5.pdf,official_daily_result_pdf
202105040502,2021,東京,4,5,2,2021-10-23,https://www.jra.go.jp/datafile/seiseki/report/2021/2021-4tokyo5.pdf,official_daily_result_pdf
202105040503,2021,東京,4,5,3,2021-10-23,https://www.jra.go.jp/datafile/seiseki/report/2021/2021-4tokyo5.pdf,official_daily_result_pdf
202105040504,2021,東京,4,5,4,2021-10-23,https://www.jra.go.jp/datafile/seiseki/report/2021/2021-4tokyo5.pdf,official_daily_result_pdf
202105040505,2021,東京,4,5,5,2021-10-23,https://www.jra.go.jp/datafile/seiseki/report/2021/2021-4tokyo5.pdf,official_daily_result_pdf
202105040506,2021,東京,4,5,6,2021-10-23,https://www.jra.go.jp/datafile/seiseki/report/2021/2021-4tokyo5.pdf,official_daily_result_pdf
202105040507,2021,東京,4,5,7,2021-10-23,https://www.jra.go.jp/datafile/seiseki/report/2021/2021-4tokyo5.pdf,official_daily_result_pdf
202105040508,2021,東京,4,5,8,2021-10-23,https://www.jra.go.jp/datafile/seiseki/report/2021/2021-4tokyo5.pdf,official_daily_result_pdf
202105040509,2021,東京,4,5,9,2021-10-23,https://www.jra.go.jp/datafile/seiseki/report/2021/2021-4tokyo5.pdf,official_daily_result_pdf
202105040510,2021,東京,4,5,10,2021-10-23,https://www.jra.go.jp/datafile/seiseki/report/2021/2021-4tokyo5.pdf,official_daily_result_pdf
202105040511,2021,東京,4,5,11,2021-10-23,https://www.jra.go.jp/datafile/seiseki/report/2021/2021-4tokyo5.pdf,official_daily_result_pdf
202105040512,2021,東京,4,5,12,2021-10-23,https://www.jra.go.jp/datafile/seiseki/report/2021/2021-4tokyo5.pdf,official_daily_result_pdf
202105040601,2021,東京,4,6,1,2021-10-24,https://www.jra.go.jp/datafile/seiseki/report/2021/2021-4tokyo6.pdf,official_daily_result_pdf
202105040602,2021,東京,4,6,2,2021-10-24,https://www.jra.go.jp/datafile/seiseki/report/2021/2021-4tokyo6.pdf,official_daily_result_pdf
202105040603,2021,東京,4,6,3,2021-10-24,https://www.jra.go.jp/datafile/seiseki/report/2021/2021-4tokyo6.pdf,official_daily_result_pdf
202105040604,2021,東京,4,6,4,2021-10-24,https://www.jra.go.jp/datafile/seiseki/report/2021/2021-4tokyo6.pdf,official_daily_result_pdf
202105040605,2021,東京,4,6,5,2021-10-24,https://www.jra.go.jp/datafile/seiseki/report/2021/2021-4tokyo6.pdf,official_daily_result_pdf
202105040606,2021,東京,4,6,6,2021-10-24,https://www.jra.go.jp/datafile/seiseki/report/2021/2021-4tokyo6.pdf,official_daily_result_pdf
202105040607,2021,東京,4,6,7,2021-10-24,https://www.jra.go.jp/datafile/seiseki/report/2021/2021-4tokyo6.pdf,official_daily_result_pdf
202105040608,2021,東京,4,6,8,2021-10-24,https://www.jra.go.jp/datafile/seiseki/report/2021/2021-4tokyo6.pdf,official_daily_result_pdf
202105040609,2021,東京,4,6,9,2021-10-24,https://www.jra.go.jp/datafile/seiseki/report/2021/2021-4tokyo6.pdf,official_daily_result_pdf
202105040610,2021,東京,4,6,10,2021-10-24,https://www.jra.go.jp/datafile/seiseki/report/2021/2021-4tokyo6.pdf,official_daily_result_pdf
202105040611,2021,東京,4,6,11,2021-10-24,https://www.jra.go.jp/datafile/seiseki/report/2021/2021-4tokyo6.pdf,official_daily_result_pdf
202105040612,2021,東京,4,6,12,2021-10-24,https://www.jra.go.jp/datafile/seiseki/report/2021/2021-4tokyo6.pdf,official_daily_result_pdf
202105040701,2021,東京,4,7,1,2021-10-30,https://www.jra.go.jp/datafile/seiseki/report/2021/2021-4tokyo7.pdf,official_daily_result_pdf
202105040702,2021,東京,4,7,2,2021-10-30,https://www.jra.go.jp/datafile/seiseki/report/2021/2021-4tokyo7.pdf,official_daily_result_pdf
202105040703,2021,東京,4,7,3,2021-10-30,https://www.jra.go.jp/datafile/seiseki/report/2021/2021-4tokyo7.pdf,official_daily_result_pdf
202105040704,2021,東京,4,7,4,2021-10-30,https://www.jra.go.jp/datafile/seiseki/report/2021/2021-4tokyo7.pdf,official_daily_result_pdf
202105040705,2021,東京,4,7,5,2021-10-30,https://www.jra.go.jp/datafile/seiseki/report/2021/2021-4tokyo7.pdf,official_daily_result_pdf
202105040706,2021,東京,4,7,6,2021-10-30,https://www.jra.go.jp/datafile/seiseki/report/2021/2021-4tokyo7.pdf,official_daily_result_pdf
202105040707,2021,東京,4,7,7,2021-10-30,https://www.jra.go.jp/datafile/seiseki/report/2021/2021-4tokyo7.pdf,official_daily_result_pdf
202105040708,2021,東京,4,7,8,2021-10-30,https://www.jra.go.jp/datafile/seiseki/report/2021/2021-4tokyo7.pdf,official_daily_result_pdf
202105040709,2021,東京,4,7,9,2021-10-30,https://www.jra.go.jp/datafile/seiseki/report/2021/2021-4tokyo7.pdf,official_daily_result_pdf
202105040710,2021,東京,4,7,10,2021-10-30,https://www.jra.go.jp/datafile/seiseki/report/2021/2021-4tokyo7.pdf,official_daily_result_pdf
202105040711,2021,東京,4,7,11,2021-10-30,https://www.jra.go.jp/datafile/seiseki/report/2021/2021-4tokyo7.pdf,official_daily_result_pdf
202105040712,2021,東京,4,7,12,2021-10-30,https://www.jra.go.jp/datafile/seiseki/report/2021/2021-4tokyo7.pdf,official_daily_result_pdf
202105040801,2021,東京,4,8,1,2021-10-31,https://www.jra.go.jp/datafile/seiseki/report/2021/2021-4tokyo8.pdf,official_daily_result_pdf
202105040802,2021,東京,4,8,2,2021-10-31,https://www.jra.go.jp/datafile/seiseki/report/2021/2021-4tokyo8.pdf,official_daily_result_pdf
202105040803,2021,東京,4,8,3,2021-10-31,https://www.jra.go.jp/datafile/seiseki/report/2021/2021-4tokyo8.pdf,official_daily_result_pdf
202105040804,2021,東京,4,8,4,2021-10-31,https://www.jra.go.jp/datafile/seiseki/report/2021/2021-4tokyo8.pdf,official_daily_result_pdf
202105040805,2021,東京,4,8,5,2021-10-31,https://www.jra.go.jp/datafile/seiseki/report/2021/2021-4tokyo8.pdf,official_daily_result_pdf
202105040806,2021,東京,4,8,6,2021-10-31,https://www.jra.go.jp/datafile/seiseki/report/2021/2021-4tokyo8.pdf,official_daily_result_pdf
202105040807,2021,東京,4,8,7,2021-10-31,https://www.jra.go.jp/datafile/seiseki/report/2021/2021-4tokyo8.pdf,official_daily_result_pdf
202105040808,2021,東京,4,8,8,2021-10-31,https://www.jra.go.jp/datafile/seiseki/report/2021/2021-4tokyo8.pdf,official_daily_result_pdf
202105040809,2021,東京,4,8,9,2021-10-31,https://www.jra.go.jp/datafile/seiseki/report/2021/2021-4tokyo8.pdf,official_daily_result_pdf
202105040810,2021,東京,4,8,10,2021-10-31,https://www.jra.go.jp/datafile/seiseki/report/2021/2021-4tokyo8.pdf,official_daily_result_pdf
202105040811,2021,東京,4,8,11,2021-10-31,https://www.jra.go.jp/datafile/seiseki/report/2021/2021-4tokyo8.pdf,official_daily_result_pdf
202105040812,2021,東京,4,8,12,2021-10-31,https://www.jra.go.jp/datafile/seiseki/report/2021/2021-4tokyo8.pdf,official_daily_result_pdf
202105050101,2021,東京,5,1,1,2021-11-06,https://www.jra.go.jp/datafile/seiseki/report/2021/2021-5tokyo1.pdf,official_daily_result_pdf
202105050102,2021,東京,5,1,2,2021-11-06,https://www.jra.go.jp/datafile/seiseki/report/2021/2021-5tokyo1.pdf,official_daily_result_pdf
202105050103,2021,東京,5,1,3,2021-11-06,https://www.jra.go.jp/datafile/seiseki/report/2021/2021-5tokyo1.pdf,official_daily_result_pdf
202105050104,2021,東京,5,1,4,2021-11-06,https://www.jra.go.jp/datafile/seiseki/report/2021/2021-5tokyo1.pdf,official_daily_result_pdf
202105050105,2021,東京,5,1,5,2021-11-06,https://www.jra.go.jp/datafile/seiseki/report/2021/2021-5tokyo1.pdf,official_daily_result_pdf
202105050106,2021,東京,5,1,6,2021-11-06,https://www.jra.go.jp/datafile/seiseki/report/2021/2021-5tokyo1.pdf,official_daily_result_pdf
202105050107,2021,東京,5,1,7,2021-11-06,https://www.jra.go.jp/datafile/seiseki/report/2021/2021-5tokyo1.pdf,official_daily_result_pdf
202105050108,2021,東京,5,1,8,2021-11-06,https://www.jra.go.jp/datafile/seiseki/report/2021/2021-5tokyo1.pdf,official_daily_result_pdf
202105050109,2021,東京,5,1,9,2021-11-06,https://www.jra.go.jp/datafile/seiseki/report/2021/2021-5tokyo1.pdf,official_daily_result_pdf
202105050110,2021,東京,5,1,10,2021-11-06,https://www.jra.go.jp/datafile/seiseki/report/2021/2021-5tokyo1.pdf,official_daily_result_pdf
202105050111,2021,東京,5,1,11,2021-11-06,https://www.jra.go.jp/datafile/seiseki/report/2021/2021-5tokyo1.pdf,official_daily_result_pdf
202105050112,2021,東京,5,1,12,2021-11-06,https://www.jra.go.jp/datafile/seiseki/report/2021/2021-5tokyo1.pdf,official_daily_result_pdf
202105050201,2021,東京,5,2,1,2021-11-07,https://www.jra.go.jp/datafile/seiseki/report/2021/2021-5tokyo2.pdf,official_daily_result_pdf
202105050202,2021,東京,5,2,2,2021-11-07,https://www.jra.go.jp/datafile/seiseki/report/2021/2021-5tokyo2.pdf,official_daily_result_pdf
202105050203,2021,東京,5,2,3,2021-11-07,https://www.jra.go.jp/datafile/seiseki/report/2021/2021-5tokyo2.pdf,official_daily_result_pdf
202105050204,2021,東京,5,2,4,2021-11-07,https://www.jra.go.jp/datafile/seiseki/report/2021/2021-5tokyo2.pdf,official_daily_result_pdf
202105050205,2021,東京,5,2,5,2021-11-07,https://www.jra.go.jp/datafile/seiseki/report/2021/2021-5tokyo2.pdf,official_daily_result_pdf
202105050206,2021,東京,5,2,6,2021-11-07,https://www.jra.go.jp/datafile/seiseki/report/2021/2021-5tokyo2.pdf,official_daily_result_pdf
202105050207,2021,東京,5,2,7,2021-11-07,https://www.jra.go.jp/datafile/seiseki/report/2021/2021-5tokyo2.pdf,official_daily_result_pdf
202105050208,2021,東京,5,2,8,2021-11-07,https://www.jra.go.jp/datafile/seiseki/report/2021/2021-5tokyo2.pdf,official_daily_result_pdf
202105050209,2021,東京,5,2,9,2021-11-07,https://www.jra.go.jp/datafile/seiseki/report/2021/2021-5tokyo2.pdf,official_daily_result_pdf
202105050210,2021,東京,5,2,10,2021-11-07,https://www.jra.go.jp/datafile/seiseki/report/2021/2021-5tokyo2.pdf,official_daily_result_pdf
202105050211,2021,東京,5,2,11,2021-11-07,https://www.jra.go.jp/datafile/seiseki/report/2021/2021-5tokyo2.pdf,official_daily_result_pdf
202105050212,2021,東京,5,2,12,2021-11-07,https://www.jra.go.jp/datafile/seiseki/report/2021/2021-5tokyo2.pdf,official_daily_result_pdf
202105050301,2021,東京,5,3,1,2021-11-13,https://www.jra.go.jp/datafile/seiseki/report/2021/2021-5tokyo3.pdf,official_daily_result_pdf
202105050302,2021,東京,5,3,2,2021-11-13,https://www.jra.go.jp/datafile/seiseki/report/2021/2021-5tokyo3.pdf,official_daily_result_pdf
202105050303,2021,東京,5,3,3,2021-11-13,https://www.jra.go.jp/datafile/seiseki/report/2021/2021-5tokyo3.pdf,official_daily_result_pdf
202105050304,2021,東京,5,3,4,2021-11-13,https://www.jra.go.jp/datafile/seiseki/report/2021/2021-5tokyo3.pdf,official_daily_result_pdf
202105050305,2021,東京,5,3,5,2021-11-13,https://www.jra.go.jp/datafile/seiseki/report/2021/2021-5tokyo3.pdf,official_daily_result_pdf
202105050306,2021,東京,5,3,6,2021-11-13,https://www.jra.go.jp/datafile/seiseki/report/2021/2021-5tokyo3.pdf,official_daily_result_pdf
202105050307,2021,東京,5,3,7,2021-11-13,https://www.jra.go.jp/datafile/seiseki/report/2021/2021-5tokyo3.pdf,official_daily_result_pdf
202105050308,2021,東京,5,3,8,2021-11-13,https://www.jra.go.jp/datafile/seiseki/report/2021/2021-5tokyo3.pdf,official_daily_result_pdf
202105050309,2021,東京,5,3,9,2021-11-13,https://www.jra.go.jp/datafile/seiseki/report/2021/2021-5tokyo3.pdf,official_daily_result_pdf
202105050310,2021,東京,5,3,10,2021-11-13,https://www.jra.go.jp/datafile/seiseki/report/2021/2021-5tokyo3.pdf,official_daily_result_pdf
202105050311,2021,東京,5,3,11,2021-11-13,https://www.jra.go.jp/datafile/seiseki/report/2021/2021-5tokyo3.pdf,official_daily_result_pdf
202105050312,2021,東京,5,3,12,2021-11-13,https://www.jra.go.jp/datafile/seiseki/report/2021/2021-5tokyo3.pdf,official_daily_result_pdf
202105050401,2021,東京,5,4,1,2021-11-14,https://www.jra.go.jp/datafile/seiseki/report/2021/2021-5tokyo4.pdf,official_daily_result_pdf
202105050402,2021,東京,5,4,2,2021-11-14,https://www.jra.go.jp/datafile/seiseki/report/2021/2021-5tokyo4.pdf,official_daily_result_pdf
202105050403,2021,東京,5,4,3,2021-11-14,https://www.jra.go.jp/datafile/seiseki/report/2021/2021-5tokyo4.pdf,official_daily_result_pdf
202105050404,2021,東京,5,4,4,2021-11-14,https://www.jra.go.jp/datafile/seiseki/report/2021/2021-5tokyo4.pdf,official_daily_result_pdf
202105050405,2021,東京,5,4,5,2021-11-14,https://www.jra.go.jp/datafile/seiseki/report/2021/2021-5tokyo4.pdf,official_daily_result_pdf
202105050406,2021,東京,5,4,6,2021-11-14,https://www.jra.go.jp/datafile/seiseki/report/2021/2021-5tokyo4.pdf,official_daily_result_pdf
202105050407,2021,東京,5,4,7,2021-11-14,https://www.jra.go.jp/datafile/seiseki/report/2021/2021-5tokyo4.pdf,official_daily_result_pdf
202105050408,2021,東京,5,4,8,2021-11-14,https://www.jra.go.jp/datafile/seiseki/report/2021/2021-5tokyo4.pdf,official_daily_result_pdf
202105050409,2021,東京,5,4,9,2021-11-14,https://www.jra.go.jp/datafile/seiseki/report/2021/2021-5tokyo4.pdf,official_daily_result_pdf
202105050410,2021,東京,5,4,10,2021-11-14,https://www.jra.go.jp/datafile/seiseki/report/2021/2021-5tokyo4.pdf,official_daily_result_pdf
202105050411,2021,東京,5,4,11,2021-11-14,https://www.jra.go.jp/datafile/seiseki/report/2021/2021-5tokyo4.pdf,official_daily_result_pdf
202105050412,2021,東京,5,4,12,2021-11-14,https://www.jra.go.jp/datafile/seiseki/report/2021/2021-5tokyo4.pdf,official_daily_result_pdf
202105050501,2021,東京,5,5,1,2021-11-20,https://www.jra.go.jp/datafile/seiseki/report/2021/2021-5tokyo5.pdf,official_daily_result_pdf
202105050502,2021,東京,5,5,2,2021-11-20,https://www.jra.go.jp/datafile/seiseki/report/2021/2021-5tokyo5.pdf,official_daily_result_pdf
202105050503,2021,東京,5,5,3,2021-11-20,https://www.jra.go.jp/datafile/seiseki/report/2021/2021-5tokyo5.pdf,official_daily_result_pdf
202105050504,2021,東京,5,5,4,2021-11-20,https://www.jra.go.jp/datafile/seiseki/report/2021/2021-5tokyo5.pdf,official_daily_result_pdf
202105050505,2021,東京,5,5,5,2021-11-20,https://www.jra.go.jp/datafile/seiseki/report/2021/2021-5tokyo5.pdf,official_daily_result_pdf
202105050506,2021,東京,5,5,6,2021-11-20,https://www.jra.go.jp/datafile/seiseki/report/2021/2021-5tokyo5.pdf,official_daily_result_pdf
202105050507,2021,東京,5,5,7,2021-11-20,https://www.jra.go.jp/datafile/seiseki/report/2021/2021-5tokyo5.pdf,official_daily_result_pdf
202105050508,2021,東京,5,5,8,2021-11-20,https://www.jra.go.jp/datafile/seiseki/report/2021/2021-5tokyo5.pdf,official_daily_result_pdf
202105050509,2021,東京,5,5,9,2021-11-20,https://www.jra.go.jp/datafile/seiseki/report/2021/2021-5tokyo5.pdf,official_daily_result_pdf
202105050510,2021,東京,5,5,10,2021-11-20,https://www.jra.go.jp/datafile/seiseki/report/2021/2021-5tokyo5.pdf,official_daily_result_pdf
202105050511,2021,東京,5,5,11,2021-11-20,https://www.jra.go.jp/datafile/seiseki/report/2021/2021-5tokyo5.pdf,official_daily_result_pdf
202105050512,2021,東京,5,5,12,2021-11-20,https://www.jra.go.jp/datafile/seiseki/report/2021/2021-5tokyo5.pdf,official_daily_result_pdf
202105050601,2021,東京,5,6,1,2021-11-21,https://www.jra.go.jp/datafile/seiseki/report/2021/2021-5tokyo6.pdf,official_daily_result_pdf
202105050602,2021,東京,5,6,2,2021-11-21,https://www.jra.go.jp/datafile/seiseki/report/2021/2021-5tokyo6.pdf,official_daily_result_pdf
202105050603,2021,東京,5,6,3,2021-11-21,https://www.jra.go.jp/datafile/seiseki/report/2021/2021-5tokyo6.pdf,official_daily_result_pdf
202105050604,2021,東京,5,6,4,2021-11-21,https://www.jra.go.jp/datafile/seiseki/report/2021/2021-5tokyo6.pdf,official_daily_result_pdf
202105050605,2021,東京,5,6,5,2021-11-21,https://www.jra.go.jp/datafile/seiseki/report/2021/2021-5tokyo6.pdf,official_daily_result_pdf
202105050606,2021,東京,5,6,6,2021-11-21,https://www.jra.go.jp/datafile/seiseki/report/2021/2021-5tokyo6.pdf,official_daily_result_pdf
202105050607,2021,東京,5,6,7,2021-11-21,https://www.jra.go.jp/datafile/seiseki/report/2021/2021-5tokyo6.pdf,official_daily_result_pdf
202105050608,2021,東京,5,6,8,2021-11-21,https://www.jra.go.jp/datafile/seiseki/report/2021/2021-5tokyo6.pdf,official_daily_result_pdf
202105050609,2021,東京,5,6,9,2021-11-21,https://www.jra.go.jp/datafile/seiseki/report/2021/2021-5tokyo6.pdf,official_daily_result_pdf
202105050610,2021,東京,5,6,10,2021-11-21,https://www.jra.go.jp/datafile/seiseki/report/2021/2021-5tokyo6.pdf,official_daily_result_pdf
202105050611,2021,東京,5,6,11,2021-11-21,https://www.jra.go.jp/datafile/seiseki/report/2021/2021-5tokyo6.pdf,official_daily_result_pdf
202105050612,2021,東京,5,6,12,2021-11-21,https://www.jra.go.jp/datafile/seiseki/report/2021/2021-5tokyo6.pdf,official_daily_result_pdf
202105050701,2021,東京,5,7,1,2021-11-27,https://www.jra.go.jp/datafile/seiseki/report/2021/2021-5tokyo7.pdf,official_daily_result_pdf
202105050702,2021,東京,5,7,2,2021-11-27,https://www.jra.go.jp/datafile/seiseki/report/2021/2021-5tokyo7.pdf,official_daily_result_pdf
202105050703,2021,東京,5,7,3,2021-11-27,https://www.jra.go.jp/datafile/seiseki/report/2021/2021-5tokyo7.pdf,official_daily_result_pdf
202105050704,2021,東京,5,7,4,2021-11-27,https://www.jra.go.jp/datafile/seiseki/report/2021/2021-5tokyo7.pdf,official_daily_result_pdf
202105050705,2021,東京,5,7,5,2021-11-27,https://www.jra.go.jp/datafile/seiseki/report/2021/2021-5tokyo7.pdf,official_daily_result_pdf
202105050706,2021,東京,5,7,6,2021-11-27,https://www.jra.go.jp/datafile/seiseki/report/2021/2021-5tokyo7.pdf,official_daily_result_pdf
202105050707,2021,東京,5,7,7,2021-11-27,https://www.jra.go.jp/datafile/seiseki/report/2021/2021-5tokyo7.pdf,official_daily_result_pdf
202105050708,2021,東京,5,7,8,2021-11-27,https://www.jra.go.jp/datafile/seiseki/report/2021/2021-5tokyo7.pdf,official_daily_result_pdf
202105050709,2021,東京,5,7,9,2021-11-27,https://www.jra.go.jp/datafile/seiseki/report/2021/2021-5tokyo7.pdf,official_daily_result_pdf
202105050710,2021,東京,5,7,10,2021-11-27,https://www.jra.go.jp/datafile/seiseki/report/2021/2021-5tokyo7.pdf,official_daily_result_pdf
202105050711,2021,東京,5,7,11,2021-11-27,https://www.jra.go.jp/datafile/seiseki/report/2021/2021-5tokyo7.pdf,official_daily_result_pdf
202105050712,2021,東京,5,7,12,2021-11-27,https://www.jra.go.jp/datafile/seiseki/report/2021/2021-5tokyo7.pdf,official_daily_result_pdf
202105050801,2021,東京,5,8,1,2021-11-28,https://www.jra.go.jp/datafile/seiseki/report/2021/2021-5tokyo8.pdf,official_daily_result_pdf
202105050802,2021,東京,5,8,2,2021-11-28,https://www.jra.go.jp/datafile/seiseki/report/2021/2021-5tokyo8.pdf,official_daily_result_pdf
202105050803,2021,東京,5,8,3,2021-11-28,https://www.jra.go.jp/datafile/seiseki/report/2021/2021-5tokyo8.pdf,official_daily_result_pdf
202105050804,2021,東京,5,8,4,2021-11-28,https://www.jra.go.jp/datafile/seiseki/report/2021/2021-5tokyo8.pdf,official_daily_result_pdf
202105050805,2021,東京,5,8,5,2021-11-28,https://www.jra.go.jp/datafile/seiseki/report/2021/2021-5tokyo8.pdf,official_daily_result_pdf
202105050806,2021,東京,5,8,6,2021-11-28,https://www.jra.go.jp/datafile/seiseki/report/2021/2021-5tokyo8.pdf,official_daily_result_pdf
202105050807,2021,東京,5,8,7,2021-11-28,https://www.jra.go.jp/datafile/seiseki/report/2021/2021-5tokyo8.pdf,official_daily_result_pdf
202105050808,2021,東京,5,8,8,2021-11-28,https://www.jra.go.jp/datafile/seiseki/report/2021/2021-5tokyo8.pdf,official_daily_result_pdf
202105050809,2021,東京,5,8,9,2021-11-28,https://www.jra.go.jp/datafile/seiseki/report/2021/2021-5tokyo8.pdf,official_daily_result_pdf
202105050810,2021,東京,5,8,10,2021-11-28,https://www.jra.go.jp/datafile/seiseki/report/2021/2021-5tokyo8.pdf,official_daily_result_pdf
202105050811,2021,東京,5,8,11,2021-11-28,https://www.jra.go.jp/datafile/seiseki/report/2021/2021-5tokyo8.pdf,official_daily_result_pdf
202105050812,2021,東京,5,8,12,2021-11-28,https://www.jra.go.jp/datafile/seiseki/report/2021/2021-5tokyo8.pdf,official_daily_result_pdf
202106010101,2021,中山,1,1,1,2021-01-05,https://www.jra.go.jp/datafile/seiseki/report/2021/2021-1nakayama1.pdf,official_daily_result_pdf
202106010102,2021,中山,1,1,2,2021-01-05,https://www.jra.go.jp/datafile/seiseki/report/2021/2021-1nakayama1.pdf,official_daily_result_pdf
202106010103,2021,中山,1,1,3,2021-01-05,https://www.jra.go.jp/datafile/seiseki/report/2021/2021-1nakayama1.pdf,official_daily_result_pdf
202106010104,2021,中山,1,1,4,2021-01-05,https://www.jra.go.jp/datafile/seiseki/report/2021/2021-1nakayama1.pdf,official_daily_result_pdf
202106010105,2021,中山,1,1,5,2021-01-05,https://www.jra.go.jp/datafile/seiseki/report/2021/2021-1nakayama1.pdf,official_daily_result_pdf
202106010106,2021,中山,1,1,6,2021-01-05,https://www.jra.go.jp/datafile/seiseki/report/2021/2021-1nakayama1.pdf,official_daily_result_pdf
202106010107,2021,中山,1,1,7,2021-01-05,https://www.jra.go.jp/datafile/seiseki/report/2021/2021-1nakayama1.pdf,official_daily_result_pdf
202106010108,2021,中山,1,1,8,2021-01-05,https://www.jra.go.jp/datafile/seiseki/report/2021/2021-1nakayama1.pdf,official_daily_result_pdf
202106010109,2021,中山,1,1,9,2021-01-05,https://www.jra.go.jp/datafile/seiseki/report/2021/2021-1nakayama1.pdf,official_daily_result_pdf
202106010110,2021,中山,1,1,10,2021-01-05,https://www.jra.go.jp/datafile/seiseki/report/2021/2021-1nakayama1.pdf,official_daily_result_pdf
202106010111,2021,中山,1,1,11,2021-01-05,https://www.jra.go.jp/datafile/seiseki/report/2021/2021-1nakayama1.pdf,official_daily_result_pdf
202106010112,2021,中山,1,1,12,2021-01-05,https://www.jra.go.jp/datafile/seiseki/report/2021/2021-1nakayama1.pdf,official_daily_result_pdf
202106010201,2021,中山,1,2,1,2021-01-09,https://www.jra.go.jp/datafile/seiseki/report/2021/2021-1nakayama2.pdf,official_daily_result_pdf
202106010202,2021,中山,1,2,2,2021-01-09,https://www.jra.go.jp/datafile/seiseki/report/2021/2021-1nakayama2.pdf,official_daily_result_pdf
202106010203,2021,中山,1,2,3,2021-01-09,https://www.jra.go.jp/datafile/seiseki/report/2021/2021-1nakayama2.pdf,official_daily_result_pdf
202106010204,2021,中山,1,2,4,2021-01-09,https://www.jra.go.jp/datafile/seiseki/report/2021/2021-1nakayama2.pdf,official_daily_result_pdf
202106010205,2021,中山,1,2,5,2021-01-09,https://www.jra.go.jp/datafile/seiseki/report/2021/2021-1nakayama2.pdf,official_daily_result_pdf
202106010206,2021,中山,1,2,6,2021-01-09,https://www.jra.go.jp/datafile/seiseki/report/2021/2021-1nakayama2.pdf,official_daily_result_pdf
202106010207,2021,中山,1,2,7,2021-01-09,https://www.jra.go.jp/datafile/seiseki/report/2021/2021-1nakayama2.pdf,official_daily_result_pdf
202106010208,2021,中山,1,2,8,2021-01-09,https://www.jra.go.jp/datafile/seiseki/report/2021/2021-1nakayama2.pdf,official_daily_result_pdf
202106010209,2021,中山,1,2,9,2021-01-09,https://www.jra.go.jp/datafile/seiseki/report/2021/2021-1nakayama2.pdf,official_daily_result_pdf
202106010210,2021,中山,1,2,10,2021-01-09,https://www.jra.go.jp/datafile/seiseki/report/2021/2021-1nakayama2.pdf,official_daily_result_pdf
202106010211,2021,中山,1,2,11,2021-01-09,https://www.jra.go.jp/datafile/seiseki/report/2021/2021-1nakayama2.pdf,official_daily_result_pdf
202106010212,2021,中山,1,2,12,2021-01-09,https://www.jra.go.jp/datafile/seiseki/report/2021/2021-1nakayama2.pdf,official_daily_result_pdf
202106010301,2021,中山,1,3,1,2021-01-10,https://www.jra.go.jp/datafile/seiseki/report/2021/2021-1nakayama3.pdf,official_daily_result_pdf
202106010302,2021,中山,1,3,2,2021-01-10,https://www.jra.go.jp/datafile/seiseki/report/2021/2021-1nakayama3.pdf,official_daily_result_pdf
202106010303,2021,中山,1,3,3,2021-01-10,https://www.jra.go.jp/datafile/seiseki/report/2021/2021-1nakayama3.pdf,official_daily_result_pdf
202106010304,2021,中山,1,3,4,2021-01-10,https://www.jra.go.jp/datafile/seiseki/report/2021/2021-1nakayama3.pdf,official_daily_result_pdf
202106010305,2021,中山,1,3,5,2021-01-10,https://www.jra.go.jp/datafile/seiseki/report/2021/2021-1nakayama3.pdf,official_daily_result_pdf
202106010306,2021,中山,1,3,6,2021-01-10,https://www.jra.go.jp/datafile/seiseki/report/2021/2021-1nakayama3.pdf,official_daily_result_pdf
202106010307,2021,中山,1,3,7,2021-01-10,https://www.jra.go.jp/datafile/seiseki/report/2021/2021-1nakayama3.pdf,official_daily_result_pdf
202106010308,2021,中山,1,3,8,2021-01-10,https://www.jra.go.jp/datafile/seiseki/report/2021/2021-1nakayama3.pdf,official_daily_result_pdf
202106010309,2021,中山,1,3,9,2021-01-10,https://www.jra.go.jp/datafile/seiseki/report/2021/2021-1nakayama3.pdf,official_daily_result_pdf
202106010310,2021,中山,1,3,10,2021-01-10,https://www.jra.go.jp/datafile/seiseki/report/2021/2021-1nakayama3.pdf,official_daily_result_pdf
202106010311,2021,中山,1,3,11,2021-01-10,https://www.jra.go.jp/datafile/seiseki/report/2021/2021-1nakayama3.pdf,official_daily_result_pdf
202106010312,2021,中山,1,3,12,2021-01-10,https://www.jra.go.jp/datafile/seiseki/report/2021/2021-1nakayama3.pdf,official_daily_result_pdf
202106010401,2021,中山,1,4,1,2021-01-11,https://www.jra.go.jp/datafile/seiseki/report/2021/2021-1nakayama4.pdf,official_daily_result_pdf
202106010402,2021,中山,1,4,2,2021-01-11,https://www.jra.go.jp/datafile/seiseki/report/2021/2021-1nakayama4.pdf,official_daily_result_pdf
202106010403,2021,中山,1,4,3,2021-01-11,https://www.jra.go.jp/datafile/seiseki/report/2021/2021-1nakayama4.pdf,official_daily_result_pdf
202106010404,2021,中山,1,4,4,2021-01-11,https://www.jra.go.jp/datafile/seiseki/report/2021/2021-1nakayama4.pdf,official_daily_result_pdf
202106010405,2021,中山,1,4,5,2021-01-11,https://www.jra.go.jp/datafile/seiseki/report/2021/2021-1nakayama4.pdf,official_daily_result_pdf
202106010406,2021,中山,1,4,6,2021-01-11,https://www.jra.go.jp/datafile/seiseki/report/2021/2021-1nakayama4.pdf,official_daily_result_pdf
202106010407,2021,中山,1,4,7,2021-01-11,https://www.jra.go.jp/datafile/seiseki/report/2021/2021-1nakayama4.pdf,official_daily_result_pdf
202106010408,2021,中山,1,4,8,2021-01-11,https://www.jra.go.jp/datafile/seiseki/report/2021/2021-1nakayama4.pdf,official_daily_result_pdf
202106010409,2021,中山,1,4,9,2021-01-11,https://www.jra.go.jp/datafile/seiseki/report/2021/2021-1nakayama4.pdf,official_daily_result_pdf
202106010410,2021,中山,1,4,10,2021-01-11,https://www.jra.go.jp/datafile/seiseki/report/2021/2021-1nakayama4.pdf,official_daily_result_pdf
202106010411,2021,中山,1,4,11,2021-01-11,https://www.jra.go.jp/datafile/seiseki/report/2021/2021-1nakayama4.pdf,official_daily_result_pdf
202106010412,2021,中山,1,4,12,2021-01-11,https://www.jra.go.jp/datafile/seiseki/report/2021/2021-1nakayama4.pdf,official_daily_result_pdf
202106010501,2021,中山,1,5,1,2021-01-16,https://www.jra.go.jp/datafile/seiseki/report/2021/2021-1nakayama5.pdf,official_daily_result_pdf
202106010502,2021,中山,1,5,2,2021-01-16,https://www.jra.go.jp/datafile/seiseki/report/2021/2021-1nakayama5.pdf,official_daily_result_pdf
202106010503,2021,中山,1,5,3,2021-01-16,https://www.jra.go.jp/datafile/seiseki/report/2021/2021-1nakayama5.pdf,official_daily_result_pdf
202106010504,2021,中山,1,5,4,2021-01-16,https://www.jra.go.jp/datafile/seiseki/report/2021/2021-1nakayama5.pdf,official_daily_result_pdf
202106010505,2021,中山,1,5,5,2021-01-16,https://www.jra.go.jp/datafile/seiseki/report/2021/2021-1nakayama5.pdf,official_daily_result_pdf
202106010506,2021,中山,1,5,6,2021-01-16,https://www.jra.go.jp/datafile/seiseki/report/2021/2021-1nakayama5.pdf,official_daily_result_pdf
202106010507,2021,中山,1,5,7,2021-01-16,https://www.jra.go.jp/datafile/seiseki/report/2021/2021-1nakayama5.pdf,official_daily_result_pdf
202106010508,2021,中山,1,5,8,2021-01-16,https://www.jra.go.jp/datafile/seiseki/report/2021/2021-1nakayama5.pdf,official_daily_result_pdf
202106010509,2021,中山,1,5,9,2021-01-16,https://www.jra.go.jp/datafile/seiseki/report/2021/2021-1nakayama5.pdf,official_daily_result_pdf
202106010510,2021,中山,1,5,10,2021-01-16,https://www.jra.go.jp/datafile/seiseki/report/2021/2021-1nakayama5.pdf,official_daily_result_pdf
202106010511,2021,中山,1,5,11,2021-01-16,https://www.jra.go.jp/datafile/seiseki/report/2021/2021-1nakayama5.pdf,official_daily_result_pdf
202106010512,2021,中山,1,5,12,2021-01-16,https://www.jra.go.jp/datafile/seiseki/report/2021/2021-1nakayama5.pdf,official_daily_result_pdf
202106010601,2021,中山,1,6,1,2021-01-17,https://www.jra.go.jp/datafile/seiseki/report/2021/2021-1nakayama6.pdf,official_daily_result_pdf
202106010602,2021,中山,1,6,2,2021-01-17,https://www.jra.go.jp/datafile/seiseki/report/2021/2021-1nakayama6.pdf,official_daily_result_pdf
202106010603,2021,中山,1,6,3,2021-01-17,https://www.jra.go.jp/datafile/seiseki/report/2021/2021-1nakayama6.pdf,official_daily_result_pdf
202106010604,2021,中山,1,6,4,2021-01-17,https://www.jra.go.jp/datafile/seiseki/report/2021/2021-1nakayama6.pdf,official_daily_result_pdf
202106010605,2021,中山,1,6,5,2021-01-17,https://www.jra.go.jp/datafile/seiseki/report/2021/2021-1nakayama6.pdf,official_daily_result_pdf
202106010606,2021,中山,1,6,6,2021-01-17,https://www.jra.go.jp/datafile/seiseki/report/2021/2021-1nakayama6.pdf,official_daily_result_pdf
202106010607,2021,中山,1,6,7,2021-01-17,https://www.jra.go.jp/datafile/seiseki/report/2021/2021-1nakayama6.pdf,official_daily_result_pdf
202106010608,2021,中山,1,6,8,2021-01-17,https://www.jra.go.jp/datafile/seiseki/report/2021/2021-1nakayama6.pdf,official_daily_result_pdf
202106010609,2021,中山,1,6,9,2021-01-17,https://www.jra.go.jp/datafile/seiseki/report/2021/2021-1nakayama6.pdf,official_daily_result_pdf
202106010610,2021,中山,1,6,10,2021-01-17,https://www.jra.go.jp/datafile/seiseki/report/2021/2021-1nakayama6.pdf,official_daily_result_pdf
202106010611,2021,中山,1,6,11,2021-01-17,https://www.jra.go.jp/datafile/seiseki/report/2021/2021-1nakayama6.pdf,official_daily_result_pdf
202106010612,2021,中山,1,6,12,2021-01-17,https://www.jra.go.jp/datafile/seiseki/report/2021/2021-1nakayama6.pdf,official_daily_result_pdf
202106010701,2021,中山,1,7,1,2021-01-23,https://www.jra.go.jp/datafile/seiseki/report/2021/2021-1nakayama7.pdf,official_daily_result_pdf
202106010702,2021,中山,1,7,2,2021-01-23,https://www.jra.go.jp/datafile/seiseki/report/2021/2021-1nakayama7.pdf,official_daily_result_pdf
202106010703,2021,中山,1,7,3,2021-01-23,https://www.jra.go.jp/datafile/seiseki/report/2021/2021-1nakayama7.pdf,official_daily_result_pdf
202106010704,2021,中山,1,7,4,2021-01-23,https://www.jra.go.jp/datafile/seiseki/report/2021/2021-1nakayama7.pdf,official_daily_result_pdf
202106010705,2021,中山,1,7,5,2021-01-23,https://www.jra.go.jp/datafile/seiseki/report/2021/2021-1nakayama7.pdf,official_daily_result_pdf
202106010706,2021,中山,1,7,6,2021-01-23,https://www.jra.go.jp/datafile/seiseki/report/2021/2021-1nakayama7.pdf,official_daily_result_pdf
202106010707,2021,中山,1,7,7,2021-01-23,https://www.jra.go.jp/datafile/seiseki/report/2021/2021-1nakayama7.pdf,official_daily_result_pdf
202106010708,2021,中山,1,7,8,2021-01-23,https://www.jra.go.jp/datafile/seiseki/report/2021/2021-1nakayama7.pdf,official_daily_result_pdf
202106010709,2021,中山,1,7,9,2021-01-23,https://www.jra.go.jp/datafile/seiseki/report/2021/2021-1nakayama7.pdf,official_daily_result_pdf
202106010710,2021,中山,1,7,10,2021-01-23,https://www.jra.go.jp/datafile/seiseki/report/2021/2021-1nakayama7.pdf,official_daily_result_pdf
202106010711,2021,中山,1,7,11,2021-01-23,https://www.jra.go.jp/datafile/seiseki/report/2021/2021-1nakayama7.pdf,official_daily_result_pdf
202106010712,2021,中山,1,7,12,2021-01-23,https://www.jra.go.jp/datafile/seiseki/report/2021/2021-1nakayama7.pdf,official_daily_result_pdf
202106010801,2021,中山,1,8,1,2021-01-24,https://www.jra.go.jp/datafile/seiseki/report/2021/2021-1nakayama8.pdf,official_daily_result_pdf
202106010802,2021,中山,1,8,2,2021-01-24,https://www.jra.go.jp/datafile/seiseki/report/2021/2021-1nakayama8.pdf,official_daily_result_pdf
202106010803,2021,中山,1,8,3,2021-01-24,https://www.jra.go.jp/datafile/seiseki/report/2021/2021-1nakayama8.pdf,official_daily_result_pdf
202106010804,2021,中山,1,8,4,2021-01-24,https://www.jra.go.jp/datafile/seiseki/report/2021/2021-1nakayama8.pdf,official_daily_result_pdf
202106010805,2021,中山,1,8,5,2021-01-24,https://www.jra.go.jp/datafile/seiseki/report/2021/2021-1nakayama8.pdf,official_daily_result_pdf
202106010806,2021,中山,1,8,6,2021-01-24,https://www.jra.go.jp/datafile/seiseki/report/2021/2021-1nakayama8.pdf,official_daily_result_pdf
202106010807,2021,中山,1,8,7,2021-01-24,https://www.jra.go.jp/datafile/seiseki/report/2021/2021-1nakayama8.pdf,official_daily_result_pdf
202106010808,2021,中山,1,8,8,2021-01-24,https://www.jra.go.jp/datafile/seiseki/report/2021/2021-1nakayama8.pdf,official_daily_result_pdf
202106010809,2021,中山,1,8,9,2021-01-24,https://www.jra.go.jp/datafile/seiseki/report/2021/2021-1nakayama8.pdf,official_daily_result_pdf
202106010810,2021,中山,1,8,10,2021-01-24,https://www.jra.go.jp/datafile/seiseki/report/2021/2021-1nakayama8.pdf,official_daily_result_pdf
202106010811,2021,中山,1,8,11,2021-01-24,https://www.jra.go.jp/datafile/seiseki/report/2021/2021-1nakayama8.pdf,official_daily_result_pdf
202106010812,2021,中山,1,8,12,2021-01-24,https://www.jra.go.jp/datafile/seiseki/report/2021/2021-1nakayama8.pdf,official_daily_result_pdf
202106020101,2021,中山,2,1,1,2021-02-27,https://www.jra.go.jp/datafile/seiseki/report/2021/2021-2nakayama1.pdf,official_daily_result_pdf
202106020102,2021,中山,2,1,2,2021-02-27,https://www.jra.go.jp/datafile/seiseki/report/2021/2021-2nakayama1.pdf,official_daily_result_pdf
202106020103,2021,中山,2,1,3,2021-02-27,https://www.jra.go.jp/datafile/seiseki/report/2021/2021-2nakayama1.pdf,official_daily_result_pdf
202106020104,2021,中山,2,1,4,2021-02-27,https://www.jra.go.jp/datafile/seiseki/report/2021/2021-2nakayama1.pdf,official_daily_result_pdf
202106020105,2021,中山,2,1,5,2021-02-27,https://www.jra.go.jp/datafile/seiseki/report/2021/2021-2nakayama1.pdf,official_daily_result_pdf
202106020106,2021,中山,2,1,6,2021-02-27,https://www.jra.go.jp/datafile/seiseki/report/2021/2021-2nakayama1.pdf,official_daily_result_pdf
202106020107,2021,中山,2,1,7,2021-02-27,https://www.jra.go.jp/datafile/seiseki/report/2021/2021-2nakayama1.pdf,official_daily_result_pdf
202106020108,2021,中山,2,1,8,2021-02-27,https://www.jra.go.jp/datafile/seiseki/report/2021/2021-2nakayama1.pdf,official_daily_result_pdf
202106020109,2021,中山,2,1,9,2021-02-27,https://www.jra.go.jp/datafile/seiseki/report/2021/2021-2nakayama1.pdf,official_daily_result_pdf
202106020110,2021,中山,2,1,10,2021-02-27,https://www.jra.go.jp/datafile/seiseki/report/2021/2021-2nakayama1.pdf,official_daily_result_pdf
202106020111,2021,中山,2,1,11,2021-02-27,https://www.jra.go.jp/datafile/seiseki/report/2021/2021-2nakayama1.pdf,official_daily_result_pdf
202106020112,2021,中山,2,1,12,2021-02-27,https://www.jra.go.jp/datafile/seiseki/report/2021/2021-2nakayama1.pdf,official_daily_result_pdf
202106020201,2021,中山,2,2,1,2021-02-28,https://www.jra.go.jp/datafile/seiseki/report/2021/2021-2nakayama2.pdf,official_daily_result_pdf
202106020202,2021,中山,2,2,2,2021-02-28,https://www.jra.go.jp/datafile/seiseki/report/2021/2021-2nakayama2.pdf,official_daily_result_pdf
202106020203,2021,中山,2,2,3,2021-02-28,https://www.jra.go.jp/datafile/seiseki/report/2021/2021-2nakayama2.pdf,official_daily_result_pdf
202106020204,2021,中山,2,2,4,2021-02-28,https://www.jra.go.jp/datafile/seiseki/report/2021/2021-2nakayama2.pdf,official_daily_result_pdf
202106020205,2021,中山,2,2,5,2021-02-28,https://www.jra.go.jp/datafile/seiseki/report/2021/2021-2nakayama2.pdf,official_daily_result_pdf
202106020206,2021,中山,2,2,6,2021-02-28,https://www.jra.go.jp/datafile/seiseki/report/2021/2021-2nakayama2.pdf,official_daily_result_pdf
202106020207,2021,中山,2,2,7,2021-02-28,https://www.jra.go.jp/datafile/seiseki/report/2021/2021-2nakayama2.pdf,official_daily_result_pdf
202106020208,2021,中山,2,2,8,2021-02-28,https://www.jra.go.jp/datafile/seiseki/report/2021/2021-2nakayama2.pdf,official_daily_result_pdf
202106020209,2021,中山,2,2,9,2021-02-28,https://www.jra.go.jp/datafile/seiseki/report/2021/2021-2nakayama2.pdf,official_daily_result_pdf
202106020210,2021,中山,2,2,10,2021-02-28,https://www.jra.go.jp/datafile/seiseki/report/2021/2021-2nakayama2.pdf,official_daily_result_pdf
202106020211,2021,中山,2,2,11,2021-02-28,https://www.jra.go.jp/datafile/seiseki/report/2021/2021-2nakayama2.pdf,official_daily_result_pdf
202106020212,2021,中山,2,2,12,2021-02-28,https://www.jra.go.jp/datafile/seiseki/report/2021/2021-2nakayama2.pdf,official_daily_result_pdf
202106020301,2021,中山,2,3,1,2021-03-06,https://www.jra.go.jp/datafile/seiseki/report/2021/2021-2nakayama3.pdf,official_daily_result_pdf
202106020302,2021,中山,2,3,2,2021-03-06,https://www.jra.go.jp/datafile/seiseki/report/2021/2021-2nakayama3.pdf,official_daily_result_pdf
202106020303,2021,中山,2,3,3,2021-03-06,https://www.jra.go.jp/datafile/seiseki/report/2021/2021-2nakayama3.pdf,official_daily_result_pdf
202106020304,2021,中山,2,3,4,2021-03-06,https://www.jra.go.jp/datafile/seiseki/report/2021/2021-2nakayama3.pdf,official_daily_result_pdf
202106020305,2021,中山,2,3,5,2021-03-06,https://www.jra.go.jp/datafile/seiseki/report/2021/2021-2nakayama3.pdf,official_daily_result_pdf
202106020306,2021,中山,2,3,6,2021-03-06,https://www.jra.go.jp/datafile/seiseki/report/2021/2021-2nakayama3.pdf,official_daily_result_pdf
202106020307,2021,中山,2,3,7,2021-03-06,https://www.jra.go.jp/datafile/seiseki/report/2021/2021-2nakayama3.pdf,official_daily_result_pdf
202106020308,2021,中山,2,3,8,2021-03-06,https://www.jra.go.jp/datafile/seiseki/report/2021/2021-2nakayama3.pdf,official_daily_result_pdf
202106020309,2021,中山,2,3,9,2021-03-06,https://www.jra.go.jp/datafile/seiseki/report/2021/2021-2nakayama3.pdf,official_daily_result_pdf
202106020310,2021,中山,2,3,10,2021-03-06,https://www.jra.go.jp/datafile/seiseki/report/2021/2021-2nakayama3.pdf,official_daily_result_pdf
202106020311,2021,中山,2,3,11,2021-03-06,https://www.jra.go.jp/datafile/seiseki/report/2021/2021-2nakayama3.pdf,official_daily_result_pdf
202106020312,2021,中山,2,3,12,2021-03-06,https://www.jra.go.jp/datafile/seiseki/report/2021/2021-2nakayama3.pdf,official_daily_result_pdf
202106020401,2021,中山,2,4,1,2021-03-07,https://www.jra.go.jp/datafile/seiseki/report/2021/2021-2nakayama4.pdf,official_daily_result_pdf
202106020402,2021,中山,2,4,2,2021-03-07,https://www.jra.go.jp/datafile/seiseki/report/2021/2021-2nakayama4.pdf,official_daily_result_pdf
202106020403,2021,中山,2,4,3,2021-03-07,https://www.jra.go.jp/datafile/seiseki/report/2021/2021-2nakayama4.pdf,official_daily_result_pdf
202106020404,2021,中山,2,4,4,2021-03-07,https://www.jra.go.jp/datafile/seiseki/report/2021/2021-2nakayama4.pdf,official_daily_result_pdf
202106020405,2021,中山,2,4,5,2021-03-07,https://www.jra.go.jp/datafile/seiseki/report/2021/2021-2nakayama4.pdf,official_daily_result_pdf
202106020406,2021,中山,2,4,6,2021-03-07,https://www.jra.go.jp/datafile/seiseki/report/2021/2021-2nakayama4.pdf,official_daily_result_pdf
202106020407,2021,中山,2,4,7,2021-03-07,https://www.jra.go.jp/datafile/seiseki/report/2021/2021-2nakayama4.pdf,official_daily_result_pdf
202106020408,2021,中山,2,4,8,2021-03-07,https://www.jra.go.jp/datafile/seiseki/report/2021/2021-2nakayama4.pdf,official_daily_result_pdf
202106020409,2021,中山,2,4,9,2021-03-07,https://www.jra.go.jp/datafile/seiseki/report/2021/2021-2nakayama4.pdf,official_daily_result_pdf
202106020410,2021,中山,2,4,10,2021-03-07,https://www.jra.go.jp/datafile/seiseki/report/2021/2021-2nakayama4.pdf,official_daily_result_pdf
202106020411,2021,中山,2,4,11,2021-03-07,https://www.jra.go.jp/datafile/seiseki/report/2021/2021-2nakayama4.pdf,official_daily_result_pdf
202106020412,2021,中山,2,4,12,2021-03-07,https://www.jra.go.jp/datafile/seiseki/report/2021/2021-2nakayama4.pdf,official_daily_result_pdf
202106020501,2021,中山,2,5,1,2021-03-13,https://www.jra.go.jp/datafile/seiseki/report/2021/2021-2nakayama5.pdf,official_daily_result_pdf
202106020502,2021,中山,2,5,2,2021-03-13,https://www.jra.go.jp/datafile/seiseki/report/2021/2021-2nakayama5.pdf,official_daily_result_pdf
202106020503,2021,中山,2,5,3,2021-03-13,https://www.jra.go.jp/datafile/seiseki/report/2021/2021-2nakayama5.pdf,official_daily_result_pdf
202106020504,2021,中山,2,5,4,2021-03-13,https://www.jra.go.jp/datafile/seiseki/report/2021/2021-2nakayama5.pdf,official_daily_result_pdf
202106020505,2021,中山,2,5,5,2021-03-13,https://www.jra.go.jp/datafile/seiseki/report/2021/2021-2nakayama5.pdf,official_daily_result_pdf
202106020506,2021,中山,2,5,6,2021-03-13,https://www.jra.go.jp/datafile/seiseki/report/2021/2021-2nakayama5.pdf,official_daily_result_pdf
202106020507,2021,中山,2,5,7,2021-03-13,https://www.jra.go.jp/datafile/seiseki/report/2021/2021-2nakayama5.pdf,official_daily_result_pdf
202106020508,2021,中山,2,5,8,2021-03-13,https://www.jra.go.jp/datafile/seiseki/report/2021/2021-2nakayama5.pdf,official_daily_result_pdf
202106020509,2021,中山,2,5,9,2021-03-13,https://www.jra.go.jp/datafile/seiseki/report/2021/2021-2nakayama5.pdf,official_daily_result_pdf
202106020510,2021,中山,2,5,10,2021-03-13,https://www.jra.go.jp/datafile/seiseki/report/2021/2021-2nakayama5.pdf,official_daily_result_pdf
202106020511,2021,中山,2,5,11,2021-03-13,https://www.jra.go.jp/datafile/seiseki/report/2021/2021-2nakayama5.pdf,official_daily_result_pdf
202106020512,2021,中山,2,5,12,2021-03-13,https://www.jra.go.jp/datafile/seiseki/report/2021/2021-2nakayama5.pdf,official_daily_result_pdf
202106020601,2021,中山,2,6,1,2021-03-14,https://www.jra.go.jp/datafile/seiseki/report/2021/2021-2nakayama6.pdf,official_daily_result_pdf
202106020602,2021,中山,2,6,2,2021-03-14,https://www.jra.go.jp/datafile/seiseki/report/2021/2021-2nakayama6.pdf,official_daily_result_pdf
202106020603,2021,中山,2,6,3,2021-03-14,https://www.jra.go.jp/datafile/seiseki/report/2021/2021-2nakayama6.pdf,official_daily_result_pdf
202106020604,2021,中山,2,6,4,2021-03-14,https://www.jra.go.jp/datafile/seiseki/report/2021/2021-2nakayama6.pdf,official_daily_result_pdf
202106020605,2021,中山,2,6,5,2021-03-14,https://www.jra.go.jp/datafile/seiseki/report/2021/2021-2nakayama6.pdf,official_daily_result_pdf
202106020606,2021,中山,2,6,6,2021-03-14,https://www.jra.go.jp/datafile/seiseki/report/2021/2021-2nakayama6.pdf,official_daily_result_pdf
202106020607,2021,中山,2,6,7,2021-03-14,https://www.jra.go.jp/datafile/seiseki/report/2021/2021-2nakayama6.pdf,official_daily_result_pdf
202106020608,2021,中山,2,6,8,2021-03-14,https://www.jra.go.jp/datafile/seiseki/report/2021/2021-2nakayama6.pdf,official_daily_result_pdf
202106020609,2021,中山,2,6,9,2021-03-14,https://www.jra.go.jp/datafile/seiseki/report/2021/2021-2nakayama6.pdf,official_daily_result_pdf
202106020610,2021,中山,2,6,10,2021-03-14,https://www.jra.go.jp/datafile/seiseki/report/2021/2021-2nakayama6.pdf,official_daily_result_pdf
202106020611,2021,中山,2,6,11,2021-03-14,https://www.jra.go.jp/datafile/seiseki/report/2021/2021-2nakayama6.pdf,official_daily_result_pdf
202106020612,2021,中山,2,6,12,2021-03-14,https://www.jra.go.jp/datafile/seiseki/report/2021/2021-2nakayama6.pdf,official_daily_result_pdf
202106020701,2021,中山,2,7,1,2021-03-20,https://www.jra.go.jp/datafile/seiseki/report/2021/2021-2nakayama7.pdf,official_daily_result_pdf
202106020702,2021,中山,2,7,2,2021-03-20,https://www.jra.go.jp/datafile/seiseki/report/2021/2021-2nakayama7.pdf,official_daily_result_pdf
202106020703,2021,中山,2,7,3,2021-03-20,https://www.jra.go.jp/datafile/seiseki/report/2021/2021-2nakayama7.pdf,official_daily_result_pdf
202106020704,2021,中山,2,7,4,2021-03-20,https://www.jra.go.jp/datafile/seiseki/report/2021/2021-2nakayama7.pdf,official_daily_result_pdf
202106020705,2021,中山,2,7,5,2021-03-20,https://www.jra.go.jp/datafile/seiseki/report/2021/2021-2nakayama7.pdf,official_daily_result_pdf
202106020706,2021,中山,2,7,6,2021-03-20,https://www.jra.go.jp/datafile/seiseki/report/2021/2021-2nakayama7.pdf,official_daily_result_pdf
202106020707,2021,中山,2,7,7,2021-03-20,https://www.jra.go.jp/datafile/seiseki/report/2021/2021-2nakayama7.pdf,official_daily_result_pdf
202106020708,2021,中山,2,7,8,2021-03-20,https://www.jra.go.jp/datafile/seiseki/report/2021/2021-2nakayama7.pdf,official_daily_result_pdf
202106020709,2021,中山,2,7,9,2021-03-20,https://www.jra.go.jp/datafile/seiseki/report/2021/2021-2nakayama7.pdf,official_daily_result_pdf
202106020710,2021,中山,2,7,10,2021-03-20,https://www.jra.go.jp/datafile/seiseki/report/2021/2021-2nakayama7.pdf,official_daily_result_pdf
202106020711,2021,中山,2,7,11,2021-03-20,https://www.jra.go.jp/datafile/seiseki/report/2021/2021-2nakayama7.pdf,official_daily_result_pdf
202106020712,2021,中山,2,7,12,2021-03-20,https://www.jra.go.jp/datafile/seiseki/report/2021/2021-2nakayama7.pdf,official_daily_result_pdf
202106020801,2021,中山,2,8,1,2021-03-21,https://www.jra.go.jp/datafile/seiseki/report/2021/2021-2nakayama8.pdf,official_daily_result_pdf
202106020802,2021,中山,2,8,2,2021-03-21,https://www.jra.go.jp/datafile/seiseki/report/2021/2021-2nakayama8.pdf,official_daily_result_pdf
202106020803,2021,中山,2,8,3,2021-03-21,https://www.jra.go.jp/datafile/seiseki/report/2021/2021-2nakayama8.pdf,official_daily_result_pdf
202106020804,2021,中山,2,8,4,2021-03-21,https://www.jra.go.jp/datafile/seiseki/report/2021/2021-2nakayama8.pdf,official_daily_result_pdf
202106020805,2021,中山,2,8,5,2021-03-21,https://www.jra.go.jp/datafile/seiseki/report/2021/2021-2nakayama8.pdf,official_daily_result_pdf
202106020806,2021,中山,2,8,6,2021-03-21,https://www.jra.go.jp/datafile/seiseki/report/2021/2021-2nakayama8.pdf,official_daily_result_pdf
202106020807,2021,中山,2,8,7,2021-03-21,https://www.jra.go.jp/datafile/seiseki/report/2021/2021-2nakayama8.pdf,official_daily_result_pdf
202106020808,2021,中山,2,8,8,2021-03-21,https://www.jra.go.jp/datafile/seiseki/report/2021/2021-2nakayama8.pdf,official_daily_result_pdf
202106020809,2021,中山,2,8,9,2021-03-21,https://www.jra.go.jp/datafile/seiseki/report/2021/2021-2nakayama8.pdf,official_daily_result_pdf
202106020810,2021,中山,2,8,10,2021-03-21,https://www.jra.go.jp/datafile/seiseki/report/2021/2021-2nakayama8.pdf,official_daily_result_pdf
202106020811,2021,中山,2,8,11,2021-03-21,https://www.jra.go.jp/datafile/seiseki/report/2021/2021-2nakayama8.pdf,official_daily_result_pdf
202106020812,2021,中山,2,8,12,2021-03-21,https://www.jra.go.jp/datafile/seiseki/report/2021/2021-2nakayama8.pdf,official_daily_result_pdf
202106030101,2021,中山,3,1,1,2021-03-27,https://www.jra.go.jp/datafile/seiseki/report/2021/2021-3nakayama1.pdf,official_daily_result_pdf
202106030102,2021,中山,3,1,2,2021-03-27,https://www.jra.go.jp/datafile/seiseki/report/2021/2021-3nakayama1.pdf,official_daily_result_pdf
202106030103,2021,中山,3,1,3,2021-03-27,https://www.jra.go.jp/datafile/seiseki/report/2021/2021-3nakayama1.pdf,official_daily_result_pdf
202106030104,2021,中山,3,1,4,2021-03-27,https://www.jra.go.jp/datafile/seiseki/report/2021/2021-3nakayama1.pdf,official_daily_result_pdf
202106030105,2021,中山,3,1,5,2021-03-27,https://www.jra.go.jp/datafile/seiseki/report/2021/2021-3nakayama1.pdf,official_daily_result_pdf
202106030106,2021,中山,3,1,6,2021-03-27,https://www.jra.go.jp/datafile/seiseki/report/2021/2021-3nakayama1.pdf,official_daily_result_pdf
202106030107,2021,中山,3,1,7,2021-03-27,https://www.jra.go.jp/datafile/seiseki/report/2021/2021-3nakayama1.pdf,official_daily_result_pdf
202106030108,2021,中山,3,1,8,2021-03-27,https://www.jra.go.jp/datafile/seiseki/report/2021/2021-3nakayama1.pdf,official_daily_result_pdf
202106030109,2021,中山,3,1,9,2021-03-27,https://www.jra.go.jp/datafile/seiseki/report/2021/2021-3nakayama1.pdf,official_daily_result_pdf
202106030110,2021,中山,3,1,10,2021-03-27,https://www.jra.go.jp/datafile/seiseki/report/2021/2021-3nakayama1.pdf,official_daily_result_pdf
202106030111,2021,中山,3,1,11,2021-03-27,https://www.jra.go.jp/datafile/seiseki/report/2021/2021-3nakayama1.pdf,official_daily_result_pdf
202106030112,2021,中山,3,1,12,2021-03-27,https://www.jra.go.jp/datafile/seiseki/report/2021/2021-3nakayama1.pdf,official_daily_result_pdf
202106030201,2021,中山,3,2,1,2021-03-28,https://www.jra.go.jp/datafile/seiseki/report/2021/2021-3nakayama2.pdf,official_daily_result_pdf
202106030202,2021,中山,3,2,2,2021-03-28,https://www.jra.go.jp/datafile/seiseki/report/2021/2021-3nakayama2.pdf,official_daily_result_pdf
202106030203,2021,中山,3,2,3,2021-03-28,https://www.jra.go.jp/datafile/seiseki/report/2021/2021-3nakayama2.pdf,official_daily_result_pdf
202106030204,2021,中山,3,2,4,2021-03-28,https://www.jra.go.jp/datafile/seiseki/report/2021/2021-3nakayama2.pdf,official_daily_result_pdf
202106030205,2021,中山,3,2,5,2021-03-28,https://www.jra.go.jp/datafile/seiseki/report/2021/2021-3nakayama2.pdf,official_daily_result_pdf
202106030206,2021,中山,3,2,6,2021-03-28,https://www.jra.go.jp/datafile/seiseki/report/2021/2021-3nakayama2.pdf,official_daily_result_pdf
202106030207,2021,中山,3,2,7,2021-03-28,https://www.jra.go.jp/datafile/seiseki/report/2021/2021-3nakayama2.pdf,official_daily_result_pdf
202106030208,2021,中山,3,2,8,2021-03-28,https://www.jra.go.jp/datafile/seiseki/report/2021/2021-3nakayama2.pdf,official_daily_result_pdf
202106030209,2021,中山,3,2,9,2021-03-28,https://www.jra.go.jp/datafile/seiseki/report/2021/2021-3nakayama2.pdf,official_daily_result_pdf
202106030210,2021,中山,3,2,10,2021-03-28,https://www.jra.go.jp/datafile/seiseki/report/2021/2021-3nakayama2.pdf,official_daily_result_pdf
202106030211,2021,中山,3,2,11,2021-03-28,https://www.jra.go.jp/datafile/seiseki/report/2021/2021-3nakayama2.pdf,official_daily_result_pdf
202106030212,2021,中山,3,2,12,2021-03-28,https://www.jra.go.jp/datafile/seiseki/report/2021/2021-3nakayama2.pdf,official_daily_result_pdf
202106030301,2021,中山,3,3,1,2021-04-03,https://www.jra.go.jp/datafile/seiseki/report/2021/2021-3nakayama3.pdf,official_daily_result_pdf
202106030302,2021,中山,3,3,2,2021-04-03,https://www.jra.go.jp/datafile/seiseki/report/2021/2021-3nakayama3.pdf,official_daily_result_pdf
202106030303,2021,中山,3,3,3,2021-04-03,https://www.jra.go.jp/datafile/seiseki/report/2021/2021-3nakayama3.pdf,official_daily_result_pdf
202106030304,2021,中山,3,3,4,2021-04-03,https://www.jra.go.jp/datafile/seiseki/report/2021/2021-3nakayama3.pdf,official_daily_result_pdf
202106030305,2021,中山,3,3,5,2021-04-03,https://www.jra.go.jp/datafile/seiseki/report/2021/2021-3nakayama3.pdf,official_daily_result_pdf
202106030306,2021,中山,3,3,6,2021-04-03,https://www.jra.go.jp/datafile/seiseki/report/2021/2021-3nakayama3.pdf,official_daily_result_pdf
202106030307,2021,中山,3,3,7,2021-04-03,https://www.jra.go.jp/datafile/seiseki/report/2021/2021-3nakayama3.pdf,official_daily_result_pdf
202106030308,2021,中山,3,3,8,2021-04-03,https://www.jra.go.jp/datafile/seiseki/report/2021/2021-3nakayama3.pdf,official_daily_result_pdf
202106030309,2021,中山,3,3,9,2021-04-03,https://www.jra.go.jp/datafile/seiseki/report/2021/2021-3nakayama3.pdf,official_daily_result_pdf
202106030310,2021,中山,3,3,10,2021-04-03,https://www.jra.go.jp/datafile/seiseki/report/2021/2021-3nakayama3.pdf,official_daily_result_pdf
202106030311,2021,中山,3,3,11,2021-04-03,https://www.jra.go.jp/datafile/seiseki/report/2021/2021-3nakayama3.pdf,official_daily_result_pdf
202106030312,2021,中山,3,3,12,2021-04-03,https://www.jra.go.jp/datafile/seiseki/report/2021/2021-3nakayama3.pdf,official_daily_result_pdf
202106030401,2021,中山,3,4,1,2021-04-04,https://www.jra.go.jp/datafile/seiseki/report/2021/2021-3nakayama4.pdf,official_daily_result_pdf
202106030402,2021,中山,3,4,2,2021-04-04,https://www.jra.go.jp/datafile/seiseki/report/2021/2021-3nakayama4.pdf,official_daily_result_pdf
202106030403,2021,中山,3,4,3,2021-04-04,https://www.jra.go.jp/datafile/seiseki/report/2021/2021-3nakayama4.pdf,official_daily_result_pdf
202106030404,2021,中山,3,4,4,2021-04-04,https://www.jra.go.jp/datafile/seiseki/report/2021/2021-3nakayama4.pdf,official_daily_result_pdf
202106030405,2021,中山,3,4,5,2021-04-04,https://www.jra.go.jp/datafile/seiseki/report/2021/2021-3nakayama4.pdf,official_daily_result_pdf
202106030406,2021,中山,3,4,6,2021-04-04,https://www.jra.go.jp/datafile/seiseki/report/2021/2021-3nakayama4.pdf,official_daily_result_pdf
202106030407,2021,中山,3,4,7,2021-04-04,https://www.jra.go.jp/datafile/seiseki/report/2021/2021-3nakayama4.pdf,official_daily_result_pdf
202106030408,2021,中山,3,4,8,2021-04-04,https://www.jra.go.jp/datafile/seiseki/report/2021/2021-3nakayama4.pdf,official_daily_result_pdf
202106030409,2021,中山,3,4,9,2021-04-04,https://www.jra.go.jp/datafile/seiseki/report/2021/2021-3nakayama4.pdf,official_daily_result_pdf
202106030410,2021,中山,3,4,10,2021-04-04,https://www.jra.go.jp/datafile/seiseki/report/2021/2021-3nakayama4.pdf,official_daily_result_pdf
202106030411,2021,中山,3,4,11,2021-04-04,https://www.jra.go.jp/datafile/seiseki/report/2021/2021-3nakayama4.pdf,official_daily_result_pdf
202106030412,2021,中山,3,4,12,2021-04-04,https://www.jra.go.jp/datafile/seiseki/report/2021/2021-3nakayama4.pdf,official_daily_result_pdf
202106030501,2021,中山,3,5,1,2021-04-10,https://www.jra.go.jp/datafile/seiseki/report/2021/2021-3nakayama5.pdf,official_daily_result_pdf
202106030502,2021,中山,3,5,2,2021-04-10,https://www.jra.go.jp/datafile/seiseki/report/2021/2021-3nakayama5.pdf,official_daily_result_pdf
202106030503,2021,中山,3,5,3,2021-04-10,https://www.jra.go.jp/datafile/seiseki/report/2021/2021-3nakayama5.pdf,official_daily_result_pdf
202106030504,2021,中山,3,5,4,2021-04-10,https://www.jra.go.jp/datafile/seiseki/report/2021/2021-3nakayama5.pdf,official_daily_result_pdf
202106030505,2021,中山,3,5,5,2021-04-10,https://www.jra.go.jp/datafile/seiseki/report/2021/2021-3nakayama5.pdf,official_daily_result_pdf
202106030506,2021,中山,3,5,6,2021-04-10,https://www.jra.go.jp/datafile/seiseki/report/2021/2021-3nakayama5.pdf,official_daily_result_pdf
202106030507,2021,中山,3,5,7,2021-04-10,https://www.jra.go.jp/datafile/seiseki/report/2021/2021-3nakayama5.pdf,official_daily_result_pdf
202106030508,2021,中山,3,5,8,2021-04-10,https://www.jra.go.jp/datafile/seiseki/report/2021/2021-3nakayama5.pdf,official_daily_result_pdf
202106030509,2021,中山,3,5,9,2021-04-10,https://www.jra.go.jp/datafile/seiseki/report/2021/2021-3nakayama5.pdf,official_daily_result_pdf
202106030510,2021,中山,3,5,10,2021-04-10,https://www.jra.go.jp/datafile/seiseki/report/2021/2021-3nakayama5.pdf,official_daily_result_pdf
202106030511,2021,中山,3,5,11,2021-04-10,https://www.jra.go.jp/datafile/seiseki/report/2021/2021-3nakayama5.pdf,official_daily_result_pdf
202106030512,2021,中山,3,5,12,2021-04-10,https://www.jra.go.jp/datafile/seiseki/report/2021/2021-3nakayama5.pdf,official_daily_result_pdf
202106030601,2021,中山,3,6,1,2021-04-11,https://www.jra.go.jp/datafile/seiseki/report/2021/2021-3nakayama6.pdf,official_daily_result_pdf
202106030602,2021,中山,3,6,2,2021-04-11,https://www.jra.go.jp/datafile/seiseki/report/2021/2021-3nakayama6.pdf,official_daily_result_pdf
202106030603,2021,中山,3,6,3,2021-04-11,https://www.jra.go.jp/datafile/seiseki/report/2021/2021-3nakayama6.pdf,official_daily_result_pdf
202106030604,2021,中山,3,6,4,2021-04-11,https://www.jra.go.jp/datafile/seiseki/report/2021/2021-3nakayama6.pdf,official_daily_result_pdf
202106030605,2021,中山,3,6,5,2021-04-11,https://www.jra.go.jp/datafile/seiseki/report/2021/2021-3nakayama6.pdf,official_daily_result_pdf
202106030606,2021,中山,3,6,6,2021-04-11,https://www.jra.go.jp/datafile/seiseki/report/2021/2021-3nakayama6.pdf,official_daily_result_pdf
202106030607,2021,中山,3,6,7,2021-04-11,https://www.jra.go.jp/datafile/seiseki/report/2021/2021-3nakayama6.pdf,official_daily_result_pdf
202106030608,2021,中山,3,6,8,2021-04-11,https://www.jra.go.jp/datafile/seiseki/report/2021/2021-3nakayama6.pdf,official_daily_result_pdf
202106030609,2021,中山,3,6,9,2021-04-11,https://www.jra.go.jp/datafile/seiseki/report/2021/2021-3nakayama6.pdf,official_daily_result_pdf
202106030610,2021,中山,3,6,10,2021-04-11,https://www.jra.go.jp/datafile/seiseki/report/2021/2021-3nakayama6.pdf,official_daily_result_pdf
202106030611,2021,中山,3,6,11,2021-04-11,https://www.jra.go.jp/datafile/seiseki/report/2021/2021-3nakayama6.pdf,official_daily_result_pdf
202106030612,2021,中山,3,6,12,2021-04-11,https://www.jra.go.jp/datafile/seiseki/report/2021/2021-3nakayama6.pdf,official_daily_result_pdf
202106030701,2021,中山,3,7,1,2021-04-17,https://www.jra.go.jp/datafile/seiseki/report/2021/2021-3nakayama7.pdf,official_daily_result_pdf
202106030702,2021,中山,3,7,2,2021-04-17,https://www.jra.go.jp/datafile/seiseki/report/2021/2021-3nakayama7.pdf,official_daily_result_pdf
202106030703,2021,中山,3,7,3,2021-04-17,https://www.jra.go.jp/datafile/seiseki/report/2021/2021-3nakayama7.pdf,official_daily_result_pdf
202106030704,2021,中山,3,7,4,2021-04-17,https://www.jra.go.jp/datafile/seiseki/report/2021/2021-3nakayama7.pdf,official_daily_result_pdf
202106030705,2021,中山,3,7,5,2021-04-17,https://www.jra.go.jp/datafile/seiseki/report/2021/2021-3nakayama7.pdf,official_daily_result_pdf
202106030706,2021,中山,3,7,6,2021-04-17,https://www.jra.go.jp/datafile/seiseki/report/2021/2021-3nakayama7.pdf,official_daily_result_pdf
202106030707,2021,中山,3,7,7,2021-04-17,https://www.jra.go.jp/datafile/seiseki/report/2021/2021-3nakayama7.pdf,official_daily_result_pdf
202106030708,2021,中山,3,7,8,2021-04-17,https://www.jra.go.jp/datafile/seiseki/report/2021/2021-3nakayama7.pdf,official_daily_result_pdf
202106030709,2021,中山,3,7,9,2021-04-17,https://www.jra.go.jp/datafile/seiseki/report/2021/2021-3nakayama7.pdf,official_daily_result_pdf
202106030710,2021,中山,3,7,10,2021-04-17,https://www.jra.go.jp/datafile/seiseki/report/2021/2021-3nakayama7.pdf,official_daily_result_pdf
202106030711,2021,中山,3,7,11,2021-04-17,https://www.jra.go.jp/datafile/seiseki/report/2021/2021-3nakayama7.pdf,official_daily_result_pdf
202106030712,2021,中山,3,7,12,2021-04-17,https://www.jra.go.jp/datafile/seiseki/report/2021/2021-3nakayama7.pdf,official_daily_result_pdf
202106030801,2021,中山,3,8,1,2021-04-18,https://www.jra.go.jp/datafile/seiseki/report/2021/2021-3nakayama8.pdf,official_daily_result_pdf
202106030802,2021,中山,3,8,2,2021-04-18,https://www.jra.go.jp/datafile/seiseki/report/2021/2021-3nakayama8.pdf,official_daily_result_pdf
202106030803,2021,中山,3,8,3,2021-04-18,https://www.jra.go.jp/datafile/seiseki/report/2021/2021-3nakayama8.pdf,official_daily_result_pdf
202106030804,2021,中山,3,8,4,2021-04-18,https://www.jra.go.jp/datafile/seiseki/report/2021/2021-3nakayama8.pdf,official_daily_result_pdf
202106030805,2021,中山,3,8,5,2021-04-18,https://www.jra.go.jp/datafile/seiseki/report/2021/2021-3nakayama8.pdf,official_daily_result_pdf
202106030806,2021,中山,3,8,6,2021-04-18,https://www.jra.go.jp/datafile/seiseki/report/2021/2021-3nakayama8.pdf,official_daily_result_pdf
202106030807,2021,中山,3,8,7,2021-04-18,https://www.jra.go.jp/datafile/seiseki/report/2021/2021-3nakayama8.pdf,official_daily_result_pdf
202106030808,2021,中山,3,8,8,2021-04-18,https://www.jra.go.jp/datafile/seiseki/report/2021/2021-3nakayama8.pdf,official_daily_result_pdf
202106030809,2021,中山,3,8,9,2021-04-18,https://www.jra.go.jp/datafile/seiseki/report/2021/2021-3nakayama8.pdf,official_daily_result_pdf
202106030810,2021,中山,3,8,10,2021-04-18,https://www.jra.go.jp/datafile/seiseki/report/2021/2021-3nakayama8.pdf,official_daily_result_pdf
202106030811,2021,中山,3,8,11,2021-04-18,https://www.jra.go.jp/datafile/seiseki/report/2021/2021-3nakayama8.pdf,official_daily_result_pdf
202106030812,2021,中山,3,8,12,2021-04-18,https://www.jra.go.jp/datafile/seiseki/report/2021/2021-3nakayama8.pdf,official_daily_result_pdf
202106040101,2021,中山,4,1,1,2021-09-11,https://www.jra.go.jp/datafile/seiseki/report/2021/2021-4nakayama1.pdf,official_daily_result_pdf
202106040102,2021,中山,4,1,2,2021-09-11,https://www.jra.go.jp/datafile/seiseki/report/2021/2021-4nakayama1.pdf,official_daily_result_pdf
202106040103,2021,中山,4,1,3,2021-09-11,https://www.jra.go.jp/datafile/seiseki/report/2021/2021-4nakayama1.pdf,official_daily_result_pdf
202106040104,2021,中山,4,1,4,2021-09-11,https://www.jra.go.jp/datafile/seiseki/report/2021/2021-4nakayama1.pdf,official_daily_result_pdf
202106040105,2021,中山,4,1,5,2021-09-11,https://www.jra.go.jp/datafile/seiseki/report/2021/2021-4nakayama1.pdf,official_daily_result_pdf
202106040106,2021,中山,4,1,6,2021-09-11,https://www.jra.go.jp/datafile/seiseki/report/2021/2021-4nakayama1.pdf,official_daily_result_pdf
202106040107,2021,中山,4,1,7,2021-09-11,https://www.jra.go.jp/datafile/seiseki/report/2021/2021-4nakayama1.pdf,official_daily_result_pdf
202106040108,2021,中山,4,1,8,2021-09-11,https://www.jra.go.jp/datafile/seiseki/report/2021/2021-4nakayama1.pdf,official_daily_result_pdf
202106040109,2021,中山,4,1,9,2021-09-11,https://www.jra.go.jp/datafile/seiseki/report/2021/2021-4nakayama1.pdf,official_daily_result_pdf
202106040110,2021,中山,4,1,10,2021-09-11,https://www.jra.go.jp/datafile/seiseki/report/2021/2021-4nakayama1.pdf,official_daily_result_pdf
202106040111,2021,中山,4,1,11,2021-09-11,https://www.jra.go.jp/datafile/seiseki/report/2021/2021-4nakayama1.pdf,official_daily_result_pdf
202106040112,2021,中山,4,1,12,2021-09-11,https://www.jra.go.jp/datafile/seiseki/report/2021/2021-4nakayama1.pdf,official_daily_result_pdf
202106040201,2021,中山,4,2,1,2021-09-12,https://www.jra.go.jp/datafile/seiseki/report/2021/2021-4nakayama2.pdf,official_daily_result_pdf
202106040202,2021,中山,4,2,2,2021-09-12,https://www.jra.go.jp/datafile/seiseki/report/2021/2021-4nakayama2.pdf,official_daily_result_pdf
202106040203,2021,中山,4,2,3,2021-09-12,https://www.jra.go.jp/datafile/seiseki/report/2021/2021-4nakayama2.pdf,official_daily_result_pdf
202106040204,2021,中山,4,2,4,2021-09-12,https://www.jra.go.jp/datafile/seiseki/report/2021/2021-4nakayama2.pdf,official_daily_result_pdf
202106040205,2021,中山,4,2,5,2021-09-12,https://www.jra.go.jp/datafile/seiseki/report/2021/2021-4nakayama2.pdf,official_daily_result_pdf
202106040206,2021,中山,4,2,6,2021-09-12,https://www.jra.go.jp/datafile/seiseki/report/2021/2021-4nakayama2.pdf,official_daily_result_pdf
202106040207,2021,中山,4,2,7,2021-09-12,https://www.jra.go.jp/datafile/seiseki/report/2021/2021-4nakayama2.pdf,official_daily_result_pdf
202106040208,2021,中山,4,2,8,2021-09-12,https://www.jra.go.jp/datafile/seiseki/report/2021/2021-4nakayama2.pdf,official_daily_result_pdf
202106040209,2021,中山,4,2,9,2021-09-12,https://www.jra.go.jp/datafile/seiseki/report/2021/2021-4nakayama2.pdf,official_daily_result_pdf
202106040210,2021,中山,4,2,10,2021-09-12,https://www.jra.go.jp/datafile/seiseki/report/2021/2021-4nakayama2.pdf,official_daily_result_pdf
202106040211,2021,中山,4,2,11,2021-09-12,https://www.jra.go.jp/datafile/seiseki/report/2021/2021-4nakayama2.pdf,official_daily_result_pdf
202106040212,2021,中山,4,2,12,2021-09-12,https://www.jra.go.jp/datafile/seiseki/report/2021/2021-4nakayama2.pdf,official_daily_result_pdf
202106040301,2021,中山,4,3,1,2021-09-18,https://www.jra.go.jp/datafile/seiseki/report/2021/2021-4nakayama3.pdf,official_daily_result_pdf
202106040302,2021,中山,4,3,2,2021-09-18,https://www.jra.go.jp/datafile/seiseki/report/2021/2021-4nakayama3.pdf,official_daily_result_pdf
202106040303,2021,中山,4,3,3,2021-09-18,https://www.jra.go.jp/datafile/seiseki/report/2021/2021-4nakayama3.pdf,official_daily_result_pdf
202106040304,2021,中山,4,3,4,2021-09-18,https://www.jra.go.jp/datafile/seiseki/report/2021/2021-4nakayama3.pdf,official_daily_result_pdf
202106040305,2021,中山,4,3,5,2021-09-18,https://www.jra.go.jp/datafile/seiseki/report/2021/2021-4nakayama3.pdf,official_daily_result_pdf
202106040306,2021,中山,4,3,6,2021-09-18,https://www.jra.go.jp/datafile/seiseki/report/2021/2021-4nakayama3.pdf,official_daily_result_pdf
202106040307,2021,中山,4,3,7,2021-09-18,https://www.jra.go.jp/datafile/seiseki/report/2021/2021-4nakayama3.pdf,official_daily_result_pdf
202106040308,2021,中山,4,3,8,2021-09-18,https://www.jra.go.jp/datafile/seiseki/report/2021/2021-4nakayama3.pdf,official_daily_result_pdf
202106040309,2021,中山,4,3,9,2021-09-18,https://www.jra.go.jp/datafile/seiseki/report/2021/2021-4nakayama3.pdf,official_daily_result_pdf
202106040310,2021,中山,4,3,10,2021-09-18,https://www.jra.go.jp/datafile/seiseki/report/2021/2021-4nakayama3.pdf,official_daily_result_pdf
202106040311,2021,中山,4,3,11,2021-09-18,https://www.jra.go.jp/datafile/seiseki/report/2021/2021-4nakayama3.pdf,official_daily_result_pdf
202106040312,2021,中山,4,3,12,2021-09-18,https://www.jra.go.jp/datafile/seiseki/report/2021/2021-4nakayama3.pdf,official_daily_result_pdf
202106040401,2021,中山,4,4,1,2021-09-19,https://www.jra.go.jp/datafile/seiseki/report/2021/2021-4nakayama4.pdf,official_daily_result_pdf
202106040402,2021,中山,4,4,2,2021-09-19,https://www.jra.go.jp/datafile/seiseki/report/2021/2021-4nakayama4.pdf,official_daily_result_pdf
202106040403,2021,中山,4,4,3,2021-09-19,https://www.jra.go.jp/datafile/seiseki/report/2021/2021-4nakayama4.pdf,official_daily_result_pdf
202106040404,2021,中山,4,4,4,2021-09-19,https://www.jra.go.jp/datafile/seiseki/report/2021/2021-4nakayama4.pdf,official_daily_result_pdf
202106040405,2021,中山,4,4,5,2021-09-19,https://www.jra.go.jp/datafile/seiseki/report/2021/2021-4nakayama4.pdf,official_daily_result_pdf
202106040406,2021,中山,4,4,6,2021-09-19,https://www.jra.go.jp/datafile/seiseki/report/2021/2021-4nakayama4.pdf,official_daily_result_pdf
202106040407,2021,中山,4,4,7,2021-09-19,https://www.jra.go.jp/datafile/seiseki/report/2021/2021-4nakayama4.pdf,official_daily_result_pdf
202106040408,2021,中山,4,4,8,2021-09-19,https://www.jra.go.jp/datafile/seiseki/report/2021/2021-4nakayama4.pdf,official_daily_result_pdf
202106040409,2021,中山,4,4,9,2021-09-19,https://www.jra.go.jp/datafile/seiseki/report/2021/2021-4nakayama4.pdf,official_daily_result_pdf
202106040410,2021,中山,4,4,10,2021-09-19,https://www.jra.go.jp/datafile/seiseki/report/2021/2021-4nakayama4.pdf,official_daily_result_pdf
202106040411,2021,中山,4,4,11,2021-09-19,https://www.jra.go.jp/datafile/seiseki/report/2021/2021-4nakayama4.pdf,official_daily_result_pdf
202106040412,2021,中山,4,4,12,2021-09-19,https://www.jra.go.jp/datafile/seiseki/report/2021/2021-4nakayama4.pdf,official_daily_result_pdf
202106040501,2021,中山,4,5,1,2021-09-20,https://www.jra.go.jp/datafile/seiseki/report/2021/2021-4nakayama5.pdf,official_daily_result_pdf
202106040502,2021,中山,4,5,2,2021-09-20,https://www.jra.go.jp/datafile/seiseki/report/2021/2021-4nakayama5.pdf,official_daily_result_pdf
202106040503,2021,中山,4,5,3,2021-09-20,https://www.jra.go.jp/datafile/seiseki/report/2021/2021-4nakayama5.pdf,official_daily_result_pdf
202106040504,2021,中山,4,5,4,2021-09-20,https://www.jra.go.jp/datafile/seiseki/report/2021/2021-4nakayama5.pdf,official_daily_result_pdf
202106040505,2021,中山,4,5,5,2021-09-20,https://www.jra.go.jp/datafile/seiseki/report/2021/2021-4nakayama5.pdf,official_daily_result_pdf
202106040506,2021,中山,4,5,6,2021-09-20,https://www.jra.go.jp/datafile/seiseki/report/2021/2021-4nakayama5.pdf,official_daily_result_pdf
202106040507,2021,中山,4,5,7,2021-09-20,https://www.jra.go.jp/datafile/seiseki/report/2021/2021-4nakayama5.pdf,official_daily_result_pdf
202106040508,2021,中山,4,5,8,2021-09-20,https://www.jra.go.jp/datafile/seiseki/report/2021/2021-4nakayama5.pdf,official_daily_result_pdf
202106040509,2021,中山,4,5,9,2021-09-20,https://www.jra.go.jp/datafile/seiseki/report/2021/2021-4nakayama5.pdf,official_daily_result_pdf
202106040510,2021,中山,4,5,10,2021-09-20,https://www.jra.go.jp/datafile/seiseki/report/2021/2021-4nakayama5.pdf,official_daily_result_pdf
202106040511,2021,中山,4,5,11,2021-09-20,https://www.jra.go.jp/datafile/seiseki/report/2021/2021-4nakayama5.pdf,official_daily_result_pdf
202106040512,2021,中山,4,5,12,2021-09-20,https://www.jra.go.jp/datafile/seiseki/report/2021/2021-4nakayama5.pdf,official_daily_result_pdf
202106040601,2021,中山,4,6,1,2021-09-25,https://www.jra.go.jp/datafile/seiseki/report/2021/2021-4nakayama6.pdf,official_daily_result_pdf
202106040602,2021,中山,4,6,2,2021-09-25,https://www.jra.go.jp/datafile/seiseki/report/2021/2021-4nakayama6.pdf,official_daily_result_pdf
202106040603,2021,中山,4,6,3,2021-09-25,https://www.jra.go.jp/datafile/seiseki/report/2021/2021-4nakayama6.pdf,official_daily_result_pdf
202106040604,2021,中山,4,6,4,2021-09-25,https://www.jra.go.jp/datafile/seiseki/report/2021/2021-4nakayama6.pdf,official_daily_result_pdf
202106040605,2021,中山,4,6,5,2021-09-25,https://www.jra.go.jp/datafile/seiseki/report/2021/2021-4nakayama6.pdf,official_daily_result_pdf
202106040606,2021,中山,4,6,6,2021-09-25,https://www.jra.go.jp/datafile/seiseki/report/2021/2021-4nakayama6.pdf,official_daily_result_pdf
202106040607,2021,中山,4,6,7,2021-09-25,https://www.jra.go.jp/datafile/seiseki/report/2021/2021-4nakayama6.pdf,official_daily_result_pdf
202106040608,2021,中山,4,6,8,2021-09-25,https://www.jra.go.jp/datafile/seiseki/report/2021/2021-4nakayama6.pdf,official_daily_result_pdf
202106040609,2021,中山,4,6,9,2021-09-25,https://www.jra.go.jp/datafile/seiseki/report/2021/2021-4nakayama6.pdf,official_daily_result_pdf
202106040610,2021,中山,4,6,10,2021-09-25,https://www.jra.go.jp/datafile/seiseki/report/2021/2021-4nakayama6.pdf,official_daily_result_pdf
202106040611,2021,中山,4,6,11,2021-09-25,https://www.jra.go.jp/datafile/seiseki/report/2021/2021-4nakayama6.pdf,official_daily_result_pdf
202106040612,2021,中山,4,6,12,2021-09-25,https://www.jra.go.jp/datafile/seiseki/report/2021/2021-4nakayama6.pdf,official_daily_result_pdf
202106040701,2021,中山,4,7,1,2021-09-26,https://www.jra.go.jp/datafile/seiseki/report/2021/2021-4nakayama7.pdf,official_daily_result_pdf
202106040702,2021,中山,4,7,2,2021-09-26,https://www.jra.go.jp/datafile/seiseki/report/2021/2021-4nakayama7.pdf,official_daily_result_pdf
202106040703,2021,中山,4,7,3,2021-09-26,https://www.jra.go.jp/datafile/seiseki/report/2021/2021-4nakayama7.pdf,official_daily_result_pdf
202106040704,2021,中山,4,7,4,2021-09-26,https://www.jra.go.jp/datafile/seiseki/report/2021/2021-4nakayama7.pdf,official_daily_result_pdf
202106040705,2021,中山,4,7,5,2021-09-26,https://www.jra.go.jp/datafile/seiseki/report/2021/2021-4nakayama7.pdf,official_daily_result_pdf
202106040706,2021,中山,4,7,6,2021-09-26,https://www.jra.go.jp/datafile/seiseki/report/2021/2021-4nakayama7.pdf,official_daily_result_pdf
202106040707,2021,中山,4,7,7,2021-09-26,https://www.jra.go.jp/datafile/seiseki/report/2021/2021-4nakayama7.pdf,official_daily_result_pdf
202106040708,2021,中山,4,7,8,2021-09-26,https://www.jra.go.jp/datafile/seiseki/report/2021/2021-4nakayama7.pdf,official_daily_result_pdf
202106040709,2021,中山,4,7,9,2021-09-26,https://www.jra.go.jp/datafile/seiseki/report/2021/2021-4nakayama7.pdf,official_daily_result_pdf
202106040710,2021,中山,4,7,10,2021-09-26,https://www.jra.go.jp/datafile/seiseki/report/2021/2021-4nakayama7.pdf,official_daily_result_pdf
202106040711,2021,中山,4,7,11,2021-09-26,https://www.jra.go.jp/datafile/seiseki/report/2021/2021-4nakayama7.pdf,official_daily_result_pdf
202106040712,2021,中山,4,7,12,2021-09-26,https://www.jra.go.jp/datafile/seiseki/report/2021/2021-4nakayama7.pdf,official_daily_result_pdf
202106040801,2021,中山,4,8,1,2021-10-02,https://www.jra.go.jp/datafile/seiseki/report/2021/2021-4nakayama8.pdf,official_daily_result_pdf
202106040802,2021,中山,4,8,2,2021-10-02,https://www.jra.go.jp/datafile/seiseki/report/2021/2021-4nakayama8.pdf,official_daily_result_pdf
202106040803,2021,中山,4,8,3,2021-10-02,https://www.jra.go.jp/datafile/seiseki/report/2021/2021-4nakayama8.pdf,official_daily_result_pdf
202106040804,2021,中山,4,8,4,2021-10-02,https://www.jra.go.jp/datafile/seiseki/report/2021/2021-4nakayama8.pdf,official_daily_result_pdf
202106040805,2021,中山,4,8,5,2021-10-02,https://www.jra.go.jp/datafile/seiseki/report/2021/2021-4nakayama8.pdf,official_daily_result_pdf
202106040806,2021,中山,4,8,6,2021-10-02,https://www.jra.go.jp/datafile/seiseki/report/2021/2021-4nakayama8.pdf,official_daily_result_pdf
202106040807,2021,中山,4,8,7,2021-10-02,https://www.jra.go.jp/datafile/seiseki/report/2021/2021-4nakayama8.pdf,official_daily_result_pdf
202106040808,2021,中山,4,8,8,2021-10-02,https://www.jra.go.jp/datafile/seiseki/report/2021/2021-4nakayama8.pdf,official_daily_result_pdf
202106040809,2021,中山,4,8,9,2021-10-02,https://www.jra.go.jp/datafile/seiseki/report/2021/2021-4nakayama8.pdf,official_daily_result_pdf
202106040810,2021,中山,4,8,10,2021-10-02,https://www.jra.go.jp/datafile/seiseki/report/2021/2021-4nakayama8.pdf,official_daily_result_pdf
202106040811,2021,中山,4,8,11,2021-10-02,https://www.jra.go.jp/datafile/seiseki/report/2021/2021-4nakayama8.pdf,official_daily_result_pdf
202106040812,2021,中山,4,8,12,2021-10-02,https://www.jra.go.jp/datafile/seiseki/report/2021/2021-4nakayama8.pdf,official_daily_result_pdf
202106040901,2021,中山,4,9,1,2021-10-03,https://www.jra.go.jp/datafile/seiseki/report/2021/2021-4nakayama9.pdf,official_daily_result_pdf
202106040902,2021,中山,4,9,2,2021-10-03,https://www.jra.go.jp/datafile/seiseki/report/2021/2021-4nakayama9.pdf,official_daily_result_pdf
202106040903,2021,中山,4,9,3,2021-10-03,https://www.jra.go.jp/datafile/seiseki/report/2021/2021-4nakayama9.pdf,official_daily_result_pdf
202106040904,2021,中山,4,9,4,2021-10-03,https://www.jra.go.jp/datafile/seiseki/report/2021/2021-4nakayama9.pdf,official_daily_result_pdf
202106040905,2021,中山,4,9,5,2021-10-03,https://www.jra.go.jp/datafile/seiseki/report/2021/2021-4nakayama9.pdf,official_daily_result_pdf
202106040906,2021,中山,4,9,6,2021-10-03,https://www.jra.go.jp/datafile/seiseki/report/2021/2021-4nakayama9.pdf,official_daily_result_pdf
202106040907,2021,中山,4,9,7,2021-10-03,https://www.jra.go.jp/datafile/seiseki/report/2021/2021-4nakayama9.pdf,official_daily_result_pdf
202106040908,2021,中山,4,9,8,2021-10-03,https://www.jra.go.jp/datafile/seiseki/report/2021/2021-4nakayama9.pdf,official_daily_result_pdf
202106040909,2021,中山,4,9,9,2021-10-03,https://www.jra.go.jp/datafile/seiseki/report/2021/2021-4nakayama9.pdf,official_daily_result_pdf
202106040910,2021,中山,4,9,10,2021-10-03,https://www.jra.go.jp/datafile/seiseki/report/2021/2021-4nakayama9.pdf,official_daily_result_pdf
202106040911,2021,中山,4,9,11,2021-10-03,https://www.jra.go.jp/datafile/seiseki/report/2021/2021-4nakayama9.pdf,official_daily_result_pdf
202106040912,2021,中山,4,9,12,2021-10-03,https://www.jra.go.jp/datafile/seiseki/report/2021/2021-4nakayama9.pdf,official_daily_result_pdf
202106050101,2021,中山,5,1,1,2021-12-04,https://www.jra.go.jp/datafile/seiseki/report/2021/2021-5nakayama1.pdf,official_daily_result_pdf
202106050102,2021,中山,5,1,2,2021-12-04,https://www.jra.go.jp/datafile/seiseki/report/2021/2021-5nakayama1.pdf,official_daily_result_pdf
202106050103,2021,中山,5,1,3,2021-12-04,https://www.jra.go.jp/datafile/seiseki/report/2021/2021-5nakayama1.pdf,official_daily_result_pdf
202106050104,2021,中山,5,1,4,2021-12-04,https://www.jra.go.jp/datafile/seiseki/report/2021/2021-5nakayama1.pdf,official_daily_result_pdf
202106050105,2021,中山,5,1,5,2021-12-04,https://www.jra.go.jp/datafile/seiseki/report/2021/2021-5nakayama1.pdf,official_daily_result_pdf
202106050106,2021,中山,5,1,6,2021-12-04,https://www.jra.go.jp/datafile/seiseki/report/2021/2021-5nakayama1.pdf,official_daily_result_pdf
202106050107,2021,中山,5,1,7,2021-12-04,https://www.jra.go.jp/datafile/seiseki/report/2021/2021-5nakayama1.pdf,official_daily_result_pdf
202106050108,2021,中山,5,1,8,2021-12-04,https://www.jra.go.jp/datafile/seiseki/report/2021/2021-5nakayama1.pdf,official_daily_result_pdf
202106050109,2021,中山,5,1,9,2021-12-04,https://www.jra.go.jp/datafile/seiseki/report/2021/2021-5nakayama1.pdf,official_daily_result_pdf
202106050110,2021,中山,5,1,10,2021-12-04,https://www.jra.go.jp/datafile/seiseki/report/2021/2021-5nakayama1.pdf,official_daily_result_pdf
202106050111,2021,中山,5,1,11,2021-12-04,https://www.jra.go.jp/datafile/seiseki/report/2021/2021-5nakayama1.pdf,official_daily_result_pdf
202106050112,2021,中山,5,1,12,2021-12-04,https://www.jra.go.jp/datafile/seiseki/report/2021/2021-5nakayama1.pdf,official_daily_result_pdf
202106050201,2021,中山,5,2,1,2021-12-05,https://www.jra.go.jp/datafile/seiseki/report/2021/2021-5nakayama2.pdf,official_daily_result_pdf
202106050202,2021,中山,5,2,2,2021-12-05,https://www.jra.go.jp/datafile/seiseki/report/2021/2021-5nakayama2.pdf,official_daily_result_pdf
202106050203,2021,中山,5,2,3,2021-12-05,https://www.jra.go.jp/datafile/seiseki/report/2021/2021-5nakayama2.pdf,official_daily_result_pdf
202106050204,2021,中山,5,2,4,2021-12-05,https://www.jra.go.jp/datafile/seiseki/report/2021/2021-5nakayama2.pdf,official_daily_result_pdf
202106050205,2021,中山,5,2,5,2021-12-05,https://www.jra.go.jp/datafile/seiseki/report/2021/2021-5nakayama2.pdf,official_daily_result_pdf
202106050206,2021,中山,5,2,6,2021-12-05,https://www.jra.go.jp/datafile/seiseki/report/2021/2021-5nakayama2.pdf,official_daily_result_pdf
202106050207,2021,中山,5,2,7,2021-12-05,https://www.jra.go.jp/datafile/seiseki/report/2021/2021-5nakayama2.pdf,official_daily_result_pdf
202106050208,2021,中山,5,2,8,2021-12-05,https://www.jra.go.jp/datafile/seiseki/report/2021/2021-5nakayama2.pdf,official_daily_result_pdf
202106050209,2021,中山,5,2,9,2021-12-05,https://www.jra.go.jp/datafile/seiseki/report/2021/2021-5nakayama2.pdf,official_daily_result_pdf
202106050210,2021,中山,5,2,10,2021-12-05,https://www.jra.go.jp/datafile/seiseki/report/2021/2021-5nakayama2.pdf,official_daily_result_pdf
202106050211,2021,中山,5,2,11,2021-12-05,https://www.jra.go.jp/datafile/seiseki/report/2021/2021-5nakayama2.pdf,official_daily_result_pdf
202106050212,2021,中山,5,2,12,2021-12-05,https://www.jra.go.jp/datafile/seiseki/report/2021/2021-5nakayama2.pdf,official_daily_result_pdf
202106050301,2021,中山,5,3,1,2021-12-11,https://www.jra.go.jp/datafile/seiseki/report/2021/2021-5nakayama3.pdf,official_daily_result_pdf
202106050302,2021,中山,5,3,2,2021-12-11,https://www.jra.go.jp/datafile/seiseki/report/2021/2021-5nakayama3.pdf,official_daily_result_pdf
202106050303,2021,中山,5,3,3,2021-12-11,https://www.jra.go.jp/datafile/seiseki/report/2021/2021-5nakayama3.pdf,official_daily_result_pdf
202106050304,2021,中山,5,3,4,2021-12-11,https://www.jra.go.jp/datafile/seiseki/report/2021/2021-5nakayama3.pdf,official_daily_result_pdf
202106050305,2021,中山,5,3,5,2021-12-11,https://www.jra.go.jp/datafile/seiseki/report/2021/2021-5nakayama3.pdf,official_daily_result_pdf
202106050306,2021,中山,5,3,6,2021-12-11,https://www.jra.go.jp/datafile/seiseki/report/2021/2021-5nakayama3.pdf,official_daily_result_pdf
202106050307,2021,中山,5,3,7,2021-12-11,https://www.jra.go.jp/datafile/seiseki/report/2021/2021-5nakayama3.pdf,official_daily_result_pdf
202106050308,2021,中山,5,3,8,2021-12-11,https://www.jra.go.jp/datafile/seiseki/report/2021/2021-5nakayama3.pdf,official_daily_result_pdf
202106050309,2021,中山,5,3,9,2021-12-11,https://www.jra.go.jp/datafile/seiseki/report/2021/2021-5nakayama3.pdf,official_daily_result_pdf
202106050310,2021,中山,5,3,10,2021-12-11,https://www.jra.go.jp/datafile/seiseki/report/2021/2021-5nakayama3.pdf,official_daily_result_pdf
202106050311,2021,中山,5,3,11,2021-12-11,https://www.jra.go.jp/datafile/seiseki/report/2021/2021-5nakayama3.pdf,official_daily_result_pdf
202106050312,2021,中山,5,3,12,2021-12-11,https://www.jra.go.jp/datafile/seiseki/report/2021/2021-5nakayama3.pdf,official_daily_result_pdf
202106050401,2021,中山,5,4,1,2021-12-12,https://www.jra.go.jp/datafile/seiseki/report/2021/2021-5nakayama4.pdf,official_daily_result_pdf
202106050402,2021,中山,5,4,2,2021-12-12,https://www.jra.go.jp/datafile/seiseki/report/2021/2021-5nakayama4.pdf,official_daily_result_pdf
202106050403,2021,中山,5,4,3,2021-12-12,https://www.jra.go.jp/datafile/seiseki/report/2021/2021-5nakayama4.pdf,official_daily_result_pdf
202106050404,2021,中山,5,4,4,2021-12-12,https://www.jra.go.jp/datafile/seiseki/report/2021/2021-5nakayama4.pdf,official_daily_result_pdf
202106050405,2021,中山,5,4,5,2021-12-12,https://www.jra.go.jp/datafile/seiseki/report/2021/2021-5nakayama4.pdf,official_daily_result_pdf
202106050406,2021,中山,5,4,6,2021-12-12,https://www.jra.go.jp/datafile/seiseki/report/2021/2021-5nakayama4.pdf,official_daily_result_pdf
202106050407,2021,中山,5,4,7,2021-12-12,https://www.jra.go.jp/datafile/seiseki/report/2021/2021-5nakayama4.pdf,official_daily_result_pdf
202106050408,2021,中山,5,4,8,2021-12-12,https://www.jra.go.jp/datafile/seiseki/report/2021/2021-5nakayama4.pdf,official_daily_result_pdf
202106050409,2021,中山,5,4,9,2021-12-12,https://www.jra.go.jp/datafile/seiseki/report/2021/2021-5nakayama4.pdf,official_daily_result_pdf
202106050410,2021,中山,5,4,10,2021-12-12,https://www.jra.go.jp/datafile/seiseki/report/2021/2021-5nakayama4.pdf,official_daily_result_pdf
202106050411,2021,中山,5,4,11,2021-12-12,https://www.jra.go.jp/datafile/seiseki/report/2021/2021-5nakayama4.pdf,official_daily_result_pdf
202106050412,2021,中山,5,4,12,2021-12-12,https://www.jra.go.jp/datafile/seiseki/report/2021/2021-5nakayama4.pdf,official_daily_result_pdf
202106050501,2021,中山,5,5,1,2021-12-18,https://www.jra.go.jp/datafile/seiseki/report/2021/2021-5nakayama5.pdf,official_daily_result_pdf
202106050502,2021,中山,5,5,2,2021-12-18,https://www.jra.go.jp/datafile/seiseki/report/2021/2021-5nakayama5.pdf,official_daily_result_pdf
202106050503,2021,中山,5,5,3,2021-12-18,https://www.jra.go.jp/datafile/seiseki/report/2021/2021-5nakayama5.pdf,official_daily_result_pdf
202106050504,2021,中山,5,5,4,2021-12-18,https://www.jra.go.jp/datafile/seiseki/report/2021/2021-5nakayama5.pdf,official_daily_result_pdf
202106050505,2021,中山,5,5,5,2021-12-18,https://www.jra.go.jp/datafile/seiseki/report/2021/2021-5nakayama5.pdf,official_daily_result_pdf
202106050506,2021,中山,5,5,6,2021-12-18,https://www.jra.go.jp/datafile/seiseki/report/2021/2021-5nakayama5.pdf,official_daily_result_pdf
202106050507,2021,中山,5,5,7,2021-12-18,https://www.jra.go.jp/datafile/seiseki/report/2021/2021-5nakayama5.pdf,official_daily_result_pdf
202106050508,2021,中山,5,5,8,2021-12-18,https://www.jra.go.jp/datafile/seiseki/report/2021/2021-5nakayama5.pdf,official_daily_result_pdf
202106050509,2021,中山,5,5,9,2021-12-18,https://www.jra.go.jp/datafile/seiseki/report/2021/2021-5nakayama5.pdf,official_daily_result_pdf
202106050510,2021,中山,5,5,10,2021-12-18,https://www.jra.go.jp/datafile/seiseki/report/2021/2021-5nakayama5.pdf,official_daily_result_pdf
202106050511,2021,中山,5,5,11,2021-12-18,https://www.jra.go.jp/datafile/seiseki/report/2021/2021-5nakayama5.pdf,official_daily_result_pdf
202106050512,2021,中山,5,5,12,2021-12-18,https://www.jra.go.jp/datafile/seiseki/report/2021/2021-5nakayama5.pdf,official_daily_result_pdf
202106050601,2021,中山,5,6,1,2021-12-19,https://www.jra.go.jp/datafile/seiseki/report/2021/2021-5nakayama6.pdf,official_daily_result_pdf
202106050602,2021,中山,5,6,2,2021-12-19,https://www.jra.go.jp/datafile/seiseki/report/2021/2021-5nakayama6.pdf,official_daily_result_pdf
202106050603,2021,中山,5,6,3,2021-12-19,https://www.jra.go.jp/datafile/seiseki/report/2021/2021-5nakayama6.pdf,official_daily_result_pdf
202106050604,2021,中山,5,6,4,2021-12-19,https://www.jra.go.jp/datafile/seiseki/report/2021/2021-5nakayama6.pdf,official_daily_result_pdf
202106050605,2021,中山,5,6,5,2021-12-19,https://www.jra.go.jp/datafile/seiseki/report/2021/2021-5nakayama6.pdf,official_daily_result_pdf
202106050606,2021,中山,5,6,6,2021-12-19,https://www.jra.go.jp/datafile/seiseki/report/2021/2021-5nakayama6.pdf,official_daily_result_pdf
202106050607,2021,中山,5,6,7,2021-12-19,https://www.jra.go.jp/datafile/seiseki/report/2021/2021-5nakayama6.pdf,official_daily_result_pdf
202106050608,2021,中山,5,6,8,2021-12-19,https://www.jra.go.jp/datafile/seiseki/report/2021/2021-5nakayama6.pdf,official_daily_result_pdf
202106050609,2021,中山,5,6,9,2021-12-19,https://www.jra.go.jp/datafile/seiseki/report/2021/2021-5nakayama6.pdf,official_daily_result_pdf
202106050610,2021,中山,5,6,10,2021-12-19,https://www.jra.go.jp/datafile/seiseki/report/2021/2021-5nakayama6.pdf,official_daily_result_pdf
202106050611,2021,中山,5,6,11,2021-12-19,https://www.jra.go.jp/datafile/seiseki/report/2021/2021-5nakayama6.pdf,official_daily_result_pdf
202106050612,2021,中山,5,6,12,2021-12-19,https://www.jra.go.jp/datafile/seiseki/report/2021/2021-5nakayama6.pdf,official_daily_result_pdf
202106050701,2021,中山,5,7,1,2021-12-25,https://www.jra.go.jp/datafile/seiseki/report/2021/2021-5nakayama7.pdf,official_daily_result_pdf
202106050702,2021,中山,5,7,2,2021-12-25,https://www.jra.go.jp/datafile/seiseki/report/2021/2021-5nakayama7.pdf,official_daily_result_pdf
202106050703,2021,中山,5,7,3,2021-12-25,https://www.jra.go.jp/datafile/seiseki/report/2021/2021-5nakayama7.pdf,official_daily_result_pdf
202106050704,2021,中山,5,7,4,2021-12-25,https://www.jra.go.jp/datafile/seiseki/report/2021/2021-5nakayama7.pdf,official_daily_result_pdf
202106050705,2021,中山,5,7,5,2021-12-25,https://www.jra.go.jp/datafile/seiseki/report/2021/2021-5nakayama7.pdf,official_daily_result_pdf
202106050706,2021,中山,5,7,6,2021-12-25,https://www.jra.go.jp/datafile/seiseki/report/2021/2021-5nakayama7.pdf,official_daily_result_pdf
202106050707,2021,中山,5,7,7,2021-12-25,https://www.jra.go.jp/datafile/seiseki/report/2021/2021-5nakayama7.pdf,official_daily_result_pdf
202106050708,2021,中山,5,7,8,2021-12-25,https://www.jra.go.jp/datafile/seiseki/report/2021/2021-5nakayama7.pdf,official_daily_result_pdf
202106050709,2021,中山,5,7,9,2021-12-25,https://www.jra.go.jp/datafile/seiseki/report/2021/2021-5nakayama7.pdf,official_daily_result_pdf
202106050710,2021,中山,5,7,10,2021-12-25,https://www.jra.go.jp/datafile/seiseki/report/2021/2021-5nakayama7.pdf,official_daily_result_pdf
202106050711,2021,中山,5,7,11,2021-12-25,https://www.jra.go.jp/datafile/seiseki/report/2021/2021-5nakayama7.pdf,official_daily_result_pdf
202106050712,2021,中山,5,7,12,2021-12-25,https://www.jra.go.jp/datafile/seiseki/report/2021/2021-5nakayama7.pdf,official_daily_result_pdf
202106050801,2021,中山,5,8,1,2021-12-26,https://www.jra.go.jp/datafile/seiseki/report/2021/2021-5nakayama8.pdf,official_daily_result_pdf
202106050802,2021,中山,5,8,2,2021-12-26,https://www.jra.go.jp/datafile/seiseki/report/2021/2021-5nakayama8.pdf,official_daily_result_pdf
202106050803,2021,中山,5,8,3,2021-12-26,https://www.jra.go.jp/datafile/seiseki/report/2021/2021-5nakayama8.pdf,official_daily_result_pdf
202106050804,2021,中山,5,8,4,2021-12-26,https://www.jra.go.jp/datafile/seiseki/report/2021/2021-5nakayama8.pdf,official_daily_result_pdf
202106050805,2021,中山,5,8,5,2021-12-26,https://www.jra.go.jp/datafile/seiseki/report/2021/2021-5nakayama8.pdf,official_daily_result_pdf
202106050806,2021,中山,5,8,6,2021-12-26,https://www.jra.go.jp/datafile/seiseki/report/2021/2021-5nakayama8.pdf,official_daily_result_pdf
202106050807,2021,中山,5,8,7,2021-12-26,https://www.jra.go.jp/datafile/seiseki/report/2021/2021-5nakayama8.pdf,official_daily_result_pdf
202106050808,2021,中山,5,8,8,2021-12-26,https://www.jra.go.jp/datafile/seiseki/report/2021/2021-5nakayama8.pdf,official_daily_result_pdf
202106050809,2021,中山,5,8,9,2021-12-26,https://www.jra.go.jp/datafile/seiseki/report/2021/2021-5nakayama8.pdf,official_daily_result_pdf
202106050810,2021,中山,5,8,10,2021-12-26,https://www.jra.go.jp/datafile/seiseki/report/2021/2021-5nakayama8.pdf,official_daily_result_pdf
202106050811,2021,中山,5,8,11,2021-12-26,https://www.jra.go.jp/datafile/seiseki/report/2021/2021-5nakayama8.pdf,official_daily_result_pdf
202106050812,2021,中山,5,8,12,2021-12-26,https://www.jra.go.jp/datafile/seiseki/report/2021/2021-5nakayama8.pdf,official_daily_result_pdf
202106050901,2021,中山,5,9,1,2021-12-28,https://www.jra.go.jp/datafile/seiseki/report/2021/2021-5nakayama9.pdf,official_daily_result_pdf
202106050902,2021,中山,5,9,2,2021-12-28,https://www.jra.go.jp/datafile/seiseki/report/2021/2021-5nakayama9.pdf,official_daily_result_pdf
202106050903,2021,中山,5,9,3,2021-12-28,https://www.jra.go.jp/datafile/seiseki/report/2021/2021-5nakayama9.pdf,official_daily_result_pdf
202106050904,2021,中山,5,9,4,2021-12-28,https://www.jra.go.jp/datafile/seiseki/report/2021/2021-5nakayama9.pdf,official_daily_result_pdf
202106050905,2021,中山,5,9,5,2021-12-28,https://www.jra.go.jp/datafile/seiseki/report/2021/2021-5nakayama9.pdf,official_daily_result_pdf
202106050906,2021,中山,5,9,6,2021-12-28,https://www.jra.go.jp/datafile/seiseki/report/2021/2021-5nakayama9.pdf,official_daily_result_pdf
202106050907,2021,中山,5,9,7,2021-12-28,https://www.jra.go.jp/datafile/seiseki/report/2021/2021-5nakayama9.pdf,official_daily_result_pdf
202106050908,2021,中山,5,9,8,2021-12-28,https://www.jra.go.jp/datafile/seiseki/report/2021/2021-5nakayama9.pdf,official_daily_result_pdf
202106050909,2021,中山,5,9,9,2021-12-28,https://www.jra.go.jp/datafile/seiseki/report/2021/2021-5nakayama9.pdf,official_daily_result_pdf
202106050910,2021,中山,5,9,10,2021-12-28,https://www.jra.go.jp/datafile/seiseki/report/2021/2021-5nakayama9.pdf,official_daily_result_pdf
202106050911,2021,中山,5,9,11,2021-12-28,https://www.jra.go.jp/datafile/seiseki/report/2021/2021-5nakayama9.pdf,official_daily_result_pdf
202106050912,2021,中山,5,9,12,2021-12-28,https://www.jra.go.jp/datafile/seiseki/report/2021/2021-5nakayama9.pdf,official_daily_result_pdf
202107010101,2021,中京,1,1,1,2021-01-05,https://www.jra.go.jp/datafile/seiseki/report/2021/2021-1chukyo1.pdf,official_daily_result_pdf
202107010102,2021,中京,1,1,2,2021-01-05,https://www.jra.go.jp/datafile/seiseki/report/2021/2021-1chukyo1.pdf,official_daily_result_pdf
202107010103,2021,中京,1,1,3,2021-01-05,https://www.jra.go.jp/datafile/seiseki/report/2021/2021-1chukyo1.pdf,official_daily_result_pdf
202107010104,2021,中京,1,1,4,2021-01-05,https://www.jra.go.jp/datafile/seiseki/report/2021/2021-1chukyo1.pdf,official_daily_result_pdf
202107010105,2021,中京,1,1,5,2021-01-05,https://www.jra.go.jp/datafile/seiseki/report/2021/2021-1chukyo1.pdf,official_daily_result_pdf
202107010106,2021,中京,1,1,6,2021-01-05,https://www.jra.go.jp/datafile/seiseki/report/2021/2021-1chukyo1.pdf,official_daily_result_pdf
202107010107,2021,中京,1,1,7,2021-01-05,https://www.jra.go.jp/datafile/seiseki/report/2021/2021-1chukyo1.pdf,official_daily_result_pdf
202107010108,2021,中京,1,1,8,2021-01-05,https://www.jra.go.jp/datafile/seiseki/report/2021/2021-1chukyo1.pdf,official_daily_result_pdf
202107010109,2021,中京,1,1,9,2021-01-05,https://www.jra.go.jp/datafile/seiseki/report/2021/2021-1chukyo1.pdf,official_daily_result_pdf
202107010110,2021,中京,1,1,10,2021-01-05,https://www.jra.go.jp/datafile/seiseki/report/2021/2021-1chukyo1.pdf,official_daily_result_pdf
202107010111,2021,中京,1,1,11,2021-01-05,https://www.jra.go.jp/datafile/seiseki/report/2021/2021-1chukyo1.pdf,official_daily_result_pdf
202107010112,2021,中京,1,1,12,2021-01-05,https://www.jra.go.jp/datafile/seiseki/report/2021/2021-1chukyo1.pdf,official_daily_result_pdf
202107010201,2021,中京,1,2,1,2021-01-09,https://www.jra.go.jp/datafile/seiseki/report/2021/2021-1chukyo2.pdf,official_daily_result_pdf
202107010202,2021,中京,1,2,2,2021-01-09,https://www.jra.go.jp/datafile/seiseki/report/2021/2021-1chukyo2.pdf,official_daily_result_pdf
202107010203,2021,中京,1,2,3,2021-01-09,https://www.jra.go.jp/datafile/seiseki/report/2021/2021-1chukyo2.pdf,official_daily_result_pdf
202107010204,2021,中京,1,2,4,2021-01-09,https://www.jra.go.jp/datafile/seiseki/report/2021/2021-1chukyo2.pdf,official_daily_result_pdf
202107010205,2021,中京,1,2,5,2021-01-09,https://www.jra.go.jp/datafile/seiseki/report/2021/2021-1chukyo2.pdf,official_daily_result_pdf
202107010206,2021,中京,1,2,6,2021-01-09,https://www.jra.go.jp/datafile/seiseki/report/2021/2021-1chukyo2.pdf,official_daily_result_pdf
202107010207,2021,中京,1,2,7,2021-01-09,https://www.jra.go.jp/datafile/seiseki/report/2021/2021-1chukyo2.pdf,official_daily_result_pdf
202107010208,2021,中京,1,2,8,2021-01-09,https://www.jra.go.jp/datafile/seiseki/report/2021/2021-1chukyo2.pdf,official_daily_result_pdf
202107010209,2021,中京,1,2,9,2021-01-09,https://www.jra.go.jp/datafile/seiseki/report/2021/2021-1chukyo2.pdf,official_daily_result_pdf
202107010210,2021,中京,1,2,10,2021-01-09,https://www.jra.go.jp/datafile/seiseki/report/2021/2021-1chukyo2.pdf,official_daily_result_pdf
202107010211,2021,中京,1,2,11,2021-01-09,https://www.jra.go.jp/datafile/seiseki/report/2021/2021-1chukyo2.pdf,official_daily_result_pdf
202107010212,2021,中京,1,2,12,2021-01-09,https://www.jra.go.jp/datafile/seiseki/report/2021/2021-1chukyo2.pdf,official_daily_result_pdf
202107010301,2021,中京,1,3,1,2021-01-10,https://www.jra.go.jp/datafile/seiseki/report/2021/2021-1chukyo3.pdf,official_daily_result_pdf
202107010302,2021,中京,1,3,2,2021-01-10,https://www.jra.go.jp/datafile/seiseki/report/2021/2021-1chukyo3.pdf,official_daily_result_pdf
202107010303,2021,中京,1,3,3,2021-01-10,https://www.jra.go.jp/datafile/seiseki/report/2021/2021-1chukyo3.pdf,official_daily_result_pdf
202107010304,2021,中京,1,3,4,2021-01-10,https://www.jra.go.jp/datafile/seiseki/report/2021/2021-1chukyo3.pdf,official_daily_result_pdf
202107010305,2021,中京,1,3,5,2021-01-10,https://www.jra.go.jp/datafile/seiseki/report/2021/2021-1chukyo3.pdf,official_daily_result_pdf
202107010306,2021,中京,1,3,6,2021-01-10,https://www.jra.go.jp/datafile/seiseki/report/2021/2021-1chukyo3.pdf,official_daily_result_pdf
202107010307,2021,中京,1,3,7,2021-01-10,https://www.jra.go.jp/datafile/seiseki/report/2021/2021-1chukyo3.pdf,official_daily_result_pdf
202107010308,2021,中京,1,3,8,2021-01-10,https://www.jra.go.jp/datafile/seiseki/report/2021/2021-1chukyo3.pdf,official_daily_result_pdf
202107010309,2021,中京,1,3,9,2021-01-10,https://www.jra.go.jp/datafile/seiseki/report/2021/2021-1chukyo3.pdf,official_daily_result_pdf
202107010310,2021,中京,1,3,10,2021-01-10,https://www.jra.go.jp/datafile/seiseki/report/2021/2021-1chukyo3.pdf,official_daily_result_pdf
202107010311,2021,中京,1,3,11,2021-01-10,https://www.jra.go.jp/datafile/seiseki/report/2021/2021-1chukyo3.pdf,official_daily_result_pdf
202107010312,2021,中京,1,3,12,2021-01-10,https://www.jra.go.jp/datafile/seiseki/report/2021/2021-1chukyo3.pdf,official_daily_result_pdf
202107010401,2021,中京,1,4,1,2021-01-11,https://www.jra.go.jp/datafile/seiseki/report/2021/2021-1chukyo4.pdf,official_daily_result_pdf
202107010402,2021,中京,1,4,2,2021-01-11,https://www.jra.go.jp/datafile/seiseki/report/2021/2021-1chukyo4.pdf,official_daily_result_pdf
202107010403,2021,中京,1,4,3,2021-01-11,https://www.jra.go.jp/datafile/seiseki/report/2021/2021-1chukyo4.pdf,official_daily_result_pdf
202107010404,2021,中京,1,4,4,2021-01-11,https://www.jra.go.jp/datafile/seiseki/report/2021/2021-1chukyo4.pdf,official_daily_result_pdf
202107010405,2021,中京,1,4,5,2021-01-11,https://www.jra.go.jp/datafile/seiseki/report/2021/2021-1chukyo4.pdf,official_daily_result_pdf
202107010406,2021,中京,1,4,6,2021-01-11,https://www.jra.go.jp/datafile/seiseki/report/2021/2021-1chukyo4.pdf,official_daily_result_pdf
202107010407,2021,中京,1,4,7,2021-01-11,https://www.jra.go.jp/datafile/seiseki/report/2021/2021-1chukyo4.pdf,official_daily_result_pdf
202107010408,2021,中京,1,4,8,2021-01-11,https://www.jra.go.jp/datafile/seiseki/report/2021/2021-1chukyo4.pdf,official_daily_result_pdf
202107010409,2021,中京,1,4,9,2021-01-11,https://www.jra.go.jp/datafile/seiseki/report/2021/2021-1chukyo4.pdf,official_daily_result_pdf
202107010410,2021,中京,1,4,10,2021-01-11,https://www.jra.go.jp/datafile/seiseki/report/2021/2021-1chukyo4.pdf,official_daily_result_pdf
202107010411,2021,中京,1,4,11,2021-01-11,https://www.jra.go.jp/datafile/seiseki/report/2021/2021-1chukyo4.pdf,official_daily_result_pdf
202107010412,2021,中京,1,4,12,2021-01-11,https://www.jra.go.jp/datafile/seiseki/report/2021/2021-1chukyo4.pdf,official_daily_result_pdf
202107010501,2021,中京,1,5,1,2021-01-16,https://www.jra.go.jp/datafile/seiseki/report/2021/2021-1chukyo5.pdf,official_daily_result_pdf
202107010502,2021,中京,1,5,2,2021-01-16,https://www.jra.go.jp/datafile/seiseki/report/2021/2021-1chukyo5.pdf,official_daily_result_pdf
202107010503,2021,中京,1,5,3,2021-01-16,https://www.jra.go.jp/datafile/seiseki/report/2021/2021-1chukyo5.pdf,official_daily_result_pdf
202107010504,2021,中京,1,5,4,2021-01-16,https://www.jra.go.jp/datafile/seiseki/report/2021/2021-1chukyo5.pdf,official_daily_result_pdf
202107010505,2021,中京,1,5,5,2021-01-16,https://www.jra.go.jp/datafile/seiseki/report/2021/2021-1chukyo5.pdf,official_daily_result_pdf
202107010506,2021,中京,1,5,6,2021-01-16,https://www.jra.go.jp/datafile/seiseki/report/2021/2021-1chukyo5.pdf,official_daily_result_pdf
202107010507,2021,中京,1,5,7,2021-01-16,https://www.jra.go.jp/datafile/seiseki/report/2021/2021-1chukyo5.pdf,official_daily_result_pdf
202107010508,2021,中京,1,5,8,2021-01-16,https://www.jra.go.jp/datafile/seiseki/report/2021/2021-1chukyo5.pdf,official_daily_result_pdf
202107010509,2021,中京,1,5,9,2021-01-16,https://www.jra.go.jp/datafile/seiseki/report/2021/2021-1chukyo5.pdf,official_daily_result_pdf
202107010510,2021,中京,1,5,10,2021-01-16,https://www.jra.go.jp/datafile/seiseki/report/2021/2021-1chukyo5.pdf,official_daily_result_pdf
202107010511,2021,中京,1,5,11,2021-01-16,https://www.jra.go.jp/datafile/seiseki/report/2021/2021-1chukyo5.pdf,official_daily_result_pdf
202107010512,2021,中京,1,5,12,2021-01-16,https://www.jra.go.jp/datafile/seiseki/report/2021/2021-1chukyo5.pdf,official_daily_result_pdf
202107010601,2021,中京,1,6,1,2021-01-17,https://www.jra.go.jp/datafile/seiseki/report/2021/2021-1chukyo6.pdf,official_daily_result_pdf
202107010602,2021,中京,1,6,2,2021-01-17,https://www.jra.go.jp/datafile/seiseki/report/2021/2021-1chukyo6.pdf,official_daily_result_pdf
202107010603,2021,中京,1,6,3,2021-01-17,https://www.jra.go.jp/datafile/seiseki/report/2021/2021-1chukyo6.pdf,official_daily_result_pdf
202107010604,2021,中京,1,6,4,2021-01-17,https://www.jra.go.jp/datafile/seiseki/report/2021/2021-1chukyo6.pdf,official_daily_result_pdf
202107010605,2021,中京,1,6,5,2021-01-17,https://www.jra.go.jp/datafile/seiseki/report/2021/2021-1chukyo6.pdf,official_daily_result_pdf
202107010606,2021,中京,1,6,6,2021-01-17,https://www.jra.go.jp/datafile/seiseki/report/2021/2021-1chukyo6.pdf,official_daily_result_pdf
202107010607,2021,中京,1,6,7,2021-01-17,https://www.jra.go.jp/datafile/seiseki/report/2021/2021-1chukyo6.pdf,official_daily_result_pdf
202107010608,2021,中京,1,6,8,2021-01-17,https://www.jra.go.jp/datafile/seiseki/report/2021/2021-1chukyo6.pdf,official_daily_result_pdf
202107010609,2021,中京,1,6,9,2021-01-17,https://www.jra.go.jp/datafile/seiseki/report/2021/2021-1chukyo6.pdf,official_daily_result_pdf
202107010610,2021,中京,1,6,10,2021-01-17,https://www.jra.go.jp/datafile/seiseki/report/2021/2021-1chukyo6.pdf,official_daily_result_pdf
202107010611,2021,中京,1,6,11,2021-01-17,https://www.jra.go.jp/datafile/seiseki/report/2021/2021-1chukyo6.pdf,official_daily_result_pdf
202107010612,2021,中京,1,6,12,2021-01-17,https://www.jra.go.jp/datafile/seiseki/report/2021/2021-1chukyo6.pdf,official_daily_result_pdf
202107010701,2021,中京,1,7,1,2021-01-23,https://www.jra.go.jp/datafile/seiseki/report/2021/2021-1chukyo7.pdf,official_daily_result_pdf
202107010702,2021,中京,1,7,2,2021-01-23,https://www.jra.go.jp/datafile/seiseki/report/2021/2021-1chukyo7.pdf,official_daily_result_pdf
202107010703,2021,中京,1,7,3,2021-01-23,https://www.jra.go.jp/datafile/seiseki/report/2021/2021-1chukyo7.pdf,official_daily_result_pdf
202107010704,2021,中京,1,7,4,2021-01-23,https://www.jra.go.jp/datafile/seiseki/report/2021/2021-1chukyo7.pdf,official_daily_result_pdf
202107010705,2021,中京,1,7,5,2021-01-23,https://www.jra.go.jp/datafile/seiseki/report/2021/2021-1chukyo7.pdf,official_daily_result_pdf
202107010706,2021,中京,1,7,6,2021-01-23,https://www.jra.go.jp/datafile/seiseki/report/2021/2021-1chukyo7.pdf,official_daily_result_pdf
202107010707,2021,中京,1,7,7,2021-01-23,https://www.jra.go.jp/datafile/seiseki/report/2021/2021-1chukyo7.pdf,official_daily_result_pdf
202107010708,2021,中京,1,7,8,2021-01-23,https://www.jra.go.jp/datafile/seiseki/report/2021/2021-1chukyo7.pdf,official_daily_result_pdf
202107010709,2021,中京,1,7,9,2021-01-23,https://www.jra.go.jp/datafile/seiseki/report/2021/2021-1chukyo7.pdf,official_daily_result_pdf
202107010710,2021,中京,1,7,10,2021-01-23,https://www.jra.go.jp/datafile/seiseki/report/2021/2021-1chukyo7.pdf,official_daily_result_pdf
202107010711,2021,中京,1,7,11,2021-01-23,https://www.jra.go.jp/datafile/seiseki/report/2021/2021-1chukyo7.pdf,official_daily_result_pdf
202107010712,2021,中京,1,7,12,2021-01-23,https://www.jra.go.jp/datafile/seiseki/report/2021/2021-1chukyo7.pdf,official_daily_result_pdf
202107010801,2021,中京,1,8,1,2021-01-24,https://www.jra.go.jp/datafile/seiseki/report/2021/2021-1chukyo8.pdf,official_daily_result_pdf
202107010802,2021,中京,1,8,2,2021-01-24,https://www.jra.go.jp/datafile/seiseki/report/2021/2021-1chukyo8.pdf,official_daily_result_pdf
202107010803,2021,中京,1,8,3,2021-01-24,https://www.jra.go.jp/datafile/seiseki/report/2021/2021-1chukyo8.pdf,official_daily_result_pdf
202107010804,2021,中京,1,8,4,2021-01-24,https://www.jra.go.jp/datafile/seiseki/report/2021/2021-1chukyo8.pdf,official_daily_result_pdf
202107010805,2021,中京,1,8,5,2021-01-24,https://www.jra.go.jp/datafile/seiseki/report/2021/2021-1chukyo8.pdf,official_daily_result_pdf
202107010806,2021,中京,1,8,6,2021-01-24,https://www.jra.go.jp/datafile/seiseki/report/2021/2021-1chukyo8.pdf,official_daily_result_pdf
202107010807,2021,中京,1,8,7,2021-01-24,https://www.jra.go.jp/datafile/seiseki/report/2021/2021-1chukyo8.pdf,official_daily_result_pdf
202107010808,2021,中京,1,8,8,2021-01-24,https://www.jra.go.jp/datafile/seiseki/report/2021/2021-1chukyo8.pdf,official_daily_result_pdf
202107010809,2021,中京,1,8,9,2021-01-24,https://www.jra.go.jp/datafile/seiseki/report/2021/2021-1chukyo8.pdf,official_daily_result_pdf
202107010810,2021,中京,1,8,10,2021-01-24,https://www.jra.go.jp/datafile/seiseki/report/2021/2021-1chukyo8.pdf,official_daily_result_pdf
202107010811,2021,中京,1,8,11,2021-01-24,https://www.jra.go.jp/datafile/seiseki/report/2021/2021-1chukyo8.pdf,official_daily_result_pdf
202107010812,2021,中京,1,8,12,2021-01-24,https://www.jra.go.jp/datafile/seiseki/report/2021/2021-1chukyo8.pdf,official_daily_result_pdf
202107010901,2021,中京,1,9,1,2021-01-30,https://www.jra.go.jp/datafile/seiseki/report/2021/2021-1chukyo9.pdf,official_daily_result_pdf
202107010902,2021,中京,1,9,2,2021-01-30,https://www.jra.go.jp/datafile/seiseki/report/2021/2021-1chukyo9.pdf,official_daily_result_pdf
202107010903,2021,中京,1,9,3,2021-01-30,https://www.jra.go.jp/datafile/seiseki/report/2021/2021-1chukyo9.pdf,official_daily_result_pdf
202107010904,2021,中京,1,9,4,2021-01-30,https://www.jra.go.jp/datafile/seiseki/report/2021/2021-1chukyo9.pdf,official_daily_result_pdf
202107010905,2021,中京,1,9,5,2021-01-30,https://www.jra.go.jp/datafile/seiseki/report/2021/2021-1chukyo9.pdf,official_daily_result_pdf
202107010906,2021,中京,1,9,6,2021-01-30,https://www.jra.go.jp/datafile/seiseki/report/2021/2021-1chukyo9.pdf,official_daily_result_pdf
202107010907,2021,中京,1,9,7,2021-01-30,https://www.jra.go.jp/datafile/seiseki/report/2021/2021-1chukyo9.pdf,official_daily_result_pdf
202107010908,2021,中京,1,9,8,2021-01-30,https://www.jra.go.jp/datafile/seiseki/report/2021/2021-1chukyo9.pdf,official_daily_result_pdf
202107010909,2021,中京,1,9,9,2021-01-30,https://www.jra.go.jp/datafile/seiseki/report/2021/2021-1chukyo9.pdf,official_daily_result_pdf
202107010910,2021,中京,1,9,10,2021-01-30,https://www.jra.go.jp/datafile/seiseki/report/2021/2021-1chukyo9.pdf,official_daily_result_pdf
202107010911,2021,中京,1,9,11,2021-01-30,https://www.jra.go.jp/datafile/seiseki/report/2021/2021-1chukyo9.pdf,official_daily_result_pdf
202107010912,2021,中京,1,9,12,2021-01-30,https://www.jra.go.jp/datafile/seiseki/report/2021/2021-1chukyo9.pdf,official_daily_result_pdf
202107011001,2021,中京,1,10,1,2021-01-31,https://www.jra.go.jp/datafile/seiseki/report/2021/2021-1chukyo10.pdf,official_daily_result_pdf
202107011002,2021,中京,1,10,2,2021-01-31,https://www.jra.go.jp/datafile/seiseki/report/2021/2021-1chukyo10.pdf,official_daily_result_pdf
202107011003,2021,中京,1,10,3,2021-01-31,https://www.jra.go.jp/datafile/seiseki/report/2021/2021-1chukyo10.pdf,official_daily_result_pdf
202107011004,2021,中京,1,10,4,2021-01-31,https://www.jra.go.jp/datafile/seiseki/report/2021/2021-1chukyo10.pdf,official_daily_result_pdf
202107011005,2021,中京,1,10,5,2021-01-31,https://www.jra.go.jp/datafile/seiseki/report/2021/2021-1chukyo10.pdf,official_daily_result_pdf
202107011006,2021,中京,1,10,6,2021-01-31,https://www.jra.go.jp/datafile/seiseki/report/2021/2021-1chukyo10.pdf,official_daily_result_pdf
202107011007,2021,中京,1,10,7,2021-01-31,https://www.jra.go.jp/datafile/seiseki/report/2021/2021-1chukyo10.pdf,official_daily_result_pdf
202107011008,2021,中京,1,10,8,2021-01-31,https://www.jra.go.jp/datafile/seiseki/report/2021/2021-1chukyo10.pdf,official_daily_result_pdf
202107011009,2021,中京,1,10,9,2021-01-31,https://www.jra.go.jp/datafile/seiseki/report/2021/2021-1chukyo10.pdf,official_daily_result_pdf
202107011010,2021,中京,1,10,10,2021-01-31,https://www.jra.go.jp/datafile/seiseki/report/2021/2021-1chukyo10.pdf,official_daily_result_pdf
202107011011,2021,中京,1,10,11,2021-01-31,https://www.jra.go.jp/datafile/seiseki/report/2021/2021-1chukyo10.pdf,official_daily_result_pdf
202107011012,2021,中京,1,10,12,2021-01-31,https://www.jra.go.jp/datafile/seiseki/report/2021/2021-1chukyo10.pdf,official_daily_result_pdf
202107011101,2021,中京,1,11,1,2021-02-06,https://www.jra.go.jp/datafile/seiseki/report/2021/2021-1chukyo11.pdf,official_daily_result_pdf
202107011102,2021,中京,1,11,2,2021-02-06,https://www.jra.go.jp/datafile/seiseki/report/2021/2021-1chukyo11.pdf,official_daily_result_pdf
202107011103,2021,中京,1,11,3,2021-02-06,https://www.jra.go.jp/datafile/seiseki/report/2021/2021-1chukyo11.pdf,official_daily_result_pdf
202107011104,2021,中京,1,11,4,2021-02-06,https://www.jra.go.jp/datafile/seiseki/report/2021/2021-1chukyo11.pdf,official_daily_result_pdf
202107011105,2021,中京,1,11,5,2021-02-06,https://www.jra.go.jp/datafile/seiseki/report/2021/2021-1chukyo11.pdf,official_daily_result_pdf
202107011106,2021,中京,1,11,6,2021-02-06,https://www.jra.go.jp/datafile/seiseki/report/2021/2021-1chukyo11.pdf,official_daily_result_pdf
202107011107,2021,中京,1,11,7,2021-02-06,https://www.jra.go.jp/datafile/seiseki/report/2021/2021-1chukyo11.pdf,official_daily_result_pdf
202107011108,2021,中京,1,11,8,2021-02-06,https://www.jra.go.jp/datafile/seiseki/report/2021/2021-1chukyo11.pdf,official_daily_result_pdf
202107011109,2021,中京,1,11,9,2021-02-06,https://www.jra.go.jp/datafile/seiseki/report/2021/2021-1chukyo11.pdf,official_daily_result_pdf
202107011110,2021,中京,1,11,10,2021-02-06,https://www.jra.go.jp/datafile/seiseki/report/2021/2021-1chukyo11.pdf,official_daily_result_pdf
202107011111,2021,中京,1,11,11,2021-02-06,https://www.jra.go.jp/datafile/seiseki/report/2021/2021-1chukyo11.pdf,official_daily_result_pdf
202107011112,2021,中京,1,11,12,2021-02-06,https://www.jra.go.jp/datafile/seiseki/report/2021/2021-1chukyo11.pdf,official_daily_result_pdf
202107011201,2021,中京,1,12,1,2021-02-07,https://www.jra.go.jp/datafile/seiseki/report/2021/2021-1chukyo12.pdf,official_daily_result_pdf
202107011202,2021,中京,1,12,2,2021-02-07,https://www.jra.go.jp/datafile/seiseki/report/2021/2021-1chukyo12.pdf,official_daily_result_pdf
202107011203,2021,中京,1,12,3,2021-02-07,https://www.jra.go.jp/datafile/seiseki/report/2021/2021-1chukyo12.pdf,official_daily_result_pdf
202107011204,2021,中京,1,12,4,2021-02-07,https://www.jra.go.jp/datafile/seiseki/report/2021/2021-1chukyo12.pdf,official_daily_result_pdf
202107011205,2021,中京,1,12,5,2021-02-07,https://www.jra.go.jp/datafile/seiseki/report/2021/2021-1chukyo12.pdf,official_daily_result_pdf
202107011206,2021,中京,1,12,6,2021-02-07,https://www.jra.go.jp/datafile/seiseki/report/2021/2021-1chukyo12.pdf,official_daily_result_pdf
202107011207,2021,中京,1,12,7,2021-02-07,https://www.jra.go.jp/datafile/seiseki/report/2021/2021-1chukyo12.pdf,official_daily_result_pdf
202107011208,2021,中京,1,12,8,2021-02-07,https://www.jra.go.jp/datafile/seiseki/report/2021/2021-1chukyo12.pdf,official_daily_result_pdf
202107011209,2021,中京,1,12,9,2021-02-07,https://www.jra.go.jp/datafile/seiseki/report/2021/2021-1chukyo12.pdf,official_daily_result_pdf
202107011210,2021,中京,1,12,10,2021-02-07,https://www.jra.go.jp/datafile/seiseki/report/2021/2021-1chukyo12.pdf,official_daily_result_pdf
202107011211,2021,中京,1,12,11,2021-02-07,https://www.jra.go.jp/datafile/seiseki/report/2021/2021-1chukyo12.pdf,official_daily_result_pdf
202107011212,2021,中京,1,12,12,2021-02-07,https://www.jra.go.jp/datafile/seiseki/report/2021/2021-1chukyo12.pdf,official_daily_result_pdf
202107020101,2021,中京,2,1,1,2021-03-13,https://www.jra.go.jp/datafile/seiseki/report/2021/2021-2chukyo1.pdf,official_daily_result_pdf
202107020102,2021,中京,2,1,2,2021-03-13,https://www.jra.go.jp/datafile/seiseki/report/2021/2021-2chukyo1.pdf,official_daily_result_pdf
202107020103,2021,中京,2,1,3,2021-03-13,https://www.jra.go.jp/datafile/seiseki/report/2021/2021-2chukyo1.pdf,official_daily_result_pdf
202107020104,2021,中京,2,1,4,2021-03-13,https://www.jra.go.jp/datafile/seiseki/report/2021/2021-2chukyo1.pdf,official_daily_result_pdf
202107020105,2021,中京,2,1,5,2021-03-13,https://www.jra.go.jp/datafile/seiseki/report/2021/2021-2chukyo1.pdf,official_daily_result_pdf
202107020106,2021,中京,2,1,6,2021-03-13,https://www.jra.go.jp/datafile/seiseki/report/2021/2021-2chukyo1.pdf,official_daily_result_pdf
202107020107,2021,中京,2,1,7,2021-03-13,https://www.jra.go.jp/datafile/seiseki/report/2021/2021-2chukyo1.pdf,official_daily_result_pdf
202107020108,2021,中京,2,1,8,2021-03-13,https://www.jra.go.jp/datafile/seiseki/report/2021/2021-2chukyo1.pdf,official_daily_result_pdf
202107020109,2021,中京,2,1,9,2021-03-13,https://www.jra.go.jp/datafile/seiseki/report/2021/2021-2chukyo1.pdf,official_daily_result_pdf
202107020110,2021,中京,2,1,10,2021-03-13,https://www.jra.go.jp/datafile/seiseki/report/2021/2021-2chukyo1.pdf,official_daily_result_pdf
202107020111,2021,中京,2,1,11,2021-03-13,https://www.jra.go.jp/datafile/seiseki/report/2021/2021-2chukyo1.pdf,official_daily_result_pdf
202107020112,2021,中京,2,1,12,2021-03-13,https://www.jra.go.jp/datafile/seiseki/report/2021/2021-2chukyo1.pdf,official_daily_result_pdf
202107020201,2021,中京,2,2,1,2021-03-14,https://www.jra.go.jp/datafile/seiseki/report/2021/2021-2chukyo2.pdf,official_daily_result_pdf
202107020202,2021,中京,2,2,2,2021-03-14,https://www.jra.go.jp/datafile/seiseki/report/2021/2021-2chukyo2.pdf,official_daily_result_pdf
202107020203,2021,中京,2,2,3,2021-03-14,https://www.jra.go.jp/datafile/seiseki/report/2021/2021-2chukyo2.pdf,official_daily_result_pdf
202107020204,2021,中京,2,2,4,2021-03-14,https://www.jra.go.jp/datafile/seiseki/report/2021/2021-2chukyo2.pdf,official_daily_result_pdf
202107020205,2021,中京,2,2,5,2021-03-14,https://www.jra.go.jp/datafile/seiseki/report/2021/2021-2chukyo2.pdf,official_daily_result_pdf
202107020206,2021,中京,2,2,6,2021-03-14,https://www.jra.go.jp/datafile/seiseki/report/2021/2021-2chukyo2.pdf,official_daily_result_pdf
202107020207,2021,中京,2,2,7,2021-03-14,https://www.jra.go.jp/datafile/seiseki/report/2021/2021-2chukyo2.pdf,official_daily_result_pdf
202107020208,2021,中京,2,2,8,2021-03-14,https://www.jra.go.jp/datafile/seiseki/report/2021/2021-2chukyo2.pdf,official_daily_result_pdf
202107020209,2021,中京,2,2,9,2021-03-14,https://www.jra.go.jp/datafile/seiseki/report/2021/2021-2chukyo2.pdf,official_daily_result_pdf
202107020210,2021,中京,2,2,10,2021-03-14,https://www.jra.go.jp/datafile/seiseki/report/2021/2021-2chukyo2.pdf,official_daily_result_pdf
202107020211,2021,中京,2,2,11,2021-03-14,https://www.jra.go.jp/datafile/seiseki/report/2021/2021-2chukyo2.pdf,official_daily_result_pdf
202107020212,2021,中京,2,2,12,2021-03-14,https://www.jra.go.jp/datafile/seiseki/report/2021/2021-2chukyo2.pdf,official_daily_result_pdf
202107020301,2021,中京,2,3,1,2021-03-20,https://www.jra.go.jp/datafile/seiseki/report/2021/2021-2chukyo3.pdf,official_daily_result_pdf
202107020302,2021,中京,2,3,2,2021-03-20,https://www.jra.go.jp/datafile/seiseki/report/2021/2021-2chukyo3.pdf,official_daily_result_pdf
202107020303,2021,中京,2,3,3,2021-03-20,https://www.jra.go.jp/datafile/seiseki/report/2021/2021-2chukyo3.pdf,official_daily_result_pdf
202107020304,2021,中京,2,3,4,2021-03-20,https://www.jra.go.jp/datafile/seiseki/report/2021/2021-2chukyo3.pdf,official_daily_result_pdf
202107020305,2021,中京,2,3,5,2021-03-20,https://www.jra.go.jp/datafile/seiseki/report/2021/2021-2chukyo3.pdf,official_daily_result_pdf
202107020306,2021,中京,2,3,6,2021-03-20,https://www.jra.go.jp/datafile/seiseki/report/2021/2021-2chukyo3.pdf,official_daily_result_pdf
202107020307,2021,中京,2,3,7,2021-03-20,https://www.jra.go.jp/datafile/seiseki/report/2021/2021-2chukyo3.pdf,official_daily_result_pdf
202107020308,2021,中京,2,3,8,2021-03-20,https://www.jra.go.jp/datafile/seiseki/report/2021/2021-2chukyo3.pdf,official_daily_result_pdf
202107020309,2021,中京,2,3,9,2021-03-20,https://www.jra.go.jp/datafile/seiseki/report/2021/2021-2chukyo3.pdf,official_daily_result_pdf
202107020310,2021,中京,2,3,10,2021-03-20,https://www.jra.go.jp/datafile/seiseki/report/2021/2021-2chukyo3.pdf,official_daily_result_pdf
202107020311,2021,中京,2,3,11,2021-03-20,https://www.jra.go.jp/datafile/seiseki/report/2021/2021-2chukyo3.pdf,official_daily_result_pdf
202107020312,2021,中京,2,3,12,2021-03-20,https://www.jra.go.jp/datafile/seiseki/report/2021/2021-2chukyo3.pdf,official_daily_result_pdf
202107020401,2021,中京,2,4,1,2021-03-21,https://www.jra.go.jp/datafile/seiseki/report/2021/2021-2chukyo4.pdf,official_daily_result_pdf
202107020402,2021,中京,2,4,2,2021-03-21,https://www.jra.go.jp/datafile/seiseki/report/2021/2021-2chukyo4.pdf,official_daily_result_pdf
202107020403,2021,中京,2,4,3,2021-03-21,https://www.jra.go.jp/datafile/seiseki/report/2021/2021-2chukyo4.pdf,official_daily_result_pdf
202107020404,2021,中京,2,4,4,2021-03-21,https://www.jra.go.jp/datafile/seiseki/report/2021/2021-2chukyo4.pdf,official_daily_result_pdf
202107020405,2021,中京,2,4,5,2021-03-21,https://www.jra.go.jp/datafile/seiseki/report/2021/2021-2chukyo4.pdf,official_daily_result_pdf
202107020406,2021,中京,2,4,6,2021-03-21,https://www.jra.go.jp/datafile/seiseki/report/2021/2021-2chukyo4.pdf,official_daily_result_pdf
202107020407,2021,中京,2,4,7,2021-03-21,https://www.jra.go.jp/datafile/seiseki/report/2021/2021-2chukyo4.pdf,official_daily_result_pdf
202107020408,2021,中京,2,4,8,2021-03-21,https://www.jra.go.jp/datafile/seiseki/report/2021/2021-2chukyo4.pdf,official_daily_result_pdf
202107020409,2021,中京,2,4,9,2021-03-21,https://www.jra.go.jp/datafile/seiseki/report/2021/2021-2chukyo4.pdf,official_daily_result_pdf
202107020410,2021,中京,2,4,10,2021-03-21,https://www.jra.go.jp/datafile/seiseki/report/2021/2021-2chukyo4.pdf,official_daily_result_pdf
202107020411,2021,中京,2,4,11,2021-03-21,https://www.jra.go.jp/datafile/seiseki/report/2021/2021-2chukyo4.pdf,official_daily_result_pdf
202107020412,2021,中京,2,4,12,2021-03-21,https://www.jra.go.jp/datafile/seiseki/report/2021/2021-2chukyo4.pdf,official_daily_result_pdf
202107020501,2021,中京,2,5,1,2021-03-27,https://www.jra.go.jp/datafile/seiseki/report/2021/2021-2chukyo5.pdf,official_daily_result_pdf
202107020502,2021,中京,2,5,2,2021-03-27,https://www.jra.go.jp/datafile/seiseki/report/2021/2021-2chukyo5.pdf,official_daily_result_pdf
202107020503,2021,中京,2,5,3,2021-03-27,https://www.jra.go.jp/datafile/seiseki/report/2021/2021-2chukyo5.pdf,official_daily_result_pdf
202107020504,2021,中京,2,5,4,2021-03-27,https://www.jra.go.jp/datafile/seiseki/report/2021/2021-2chukyo5.pdf,official_daily_result_pdf
202107020505,2021,中京,2,5,5,2021-03-27,https://www.jra.go.jp/datafile/seiseki/report/2021/2021-2chukyo5.pdf,official_daily_result_pdf
202107020506,2021,中京,2,5,6,2021-03-27,https://www.jra.go.jp/datafile/seiseki/report/2021/2021-2chukyo5.pdf,official_daily_result_pdf
202107020507,2021,中京,2,5,7,2021-03-27,https://www.jra.go.jp/datafile/seiseki/report/2021/2021-2chukyo5.pdf,official_daily_result_pdf
202107020508,2021,中京,2,5,8,2021-03-27,https://www.jra.go.jp/datafile/seiseki/report/2021/2021-2chukyo5.pdf,official_daily_result_pdf
202107020509,2021,中京,2,5,9,2021-03-27,https://www.jra.go.jp/datafile/seiseki/report/2021/2021-2chukyo5.pdf,official_daily_result_pdf
202107020510,2021,中京,2,5,10,2021-03-27,https://www.jra.go.jp/datafile/seiseki/report/2021/2021-2chukyo5.pdf,official_daily_result_pdf
202107020511,2021,中京,2,5,11,2021-03-27,https://www.jra.go.jp/datafile/seiseki/report/2021/2021-2chukyo5.pdf,official_daily_result_pdf
202107020512,2021,中京,2,5,12,2021-03-27,https://www.jra.go.jp/datafile/seiseki/report/2021/2021-2chukyo5.pdf,official_daily_result_pdf
202107020601,2021,中京,2,6,1,2021-03-28,https://www.jra.go.jp/datafile/seiseki/report/2021/2021-2chukyo6.pdf,official_daily_result_pdf
202107020602,2021,中京,2,6,2,2021-03-28,https://www.jra.go.jp/datafile/seiseki/report/2021/2021-2chukyo6.pdf,official_daily_result_pdf
202107020603,2021,中京,2,6,3,2021-03-28,https://www.jra.go.jp/datafile/seiseki/report/2021/2021-2chukyo6.pdf,official_daily_result_pdf
202107020604,2021,中京,2,6,4,2021-03-28,https://www.jra.go.jp/datafile/seiseki/report/2021/2021-2chukyo6.pdf,official_daily_result_pdf
202107020605,2021,中京,2,6,5,2021-03-28,https://www.jra.go.jp/datafile/seiseki/report/2021/2021-2chukyo6.pdf,official_daily_result_pdf
202107020606,2021,中京,2,6,6,2021-03-28,https://www.jra.go.jp/datafile/seiseki/report/2021/2021-2chukyo6.pdf,official_daily_result_pdf
202107020607,2021,中京,2,6,7,2021-03-28,https://www.jra.go.jp/datafile/seiseki/report/2021/2021-2chukyo6.pdf,official_daily_result_pdf
202107020608,2021,中京,2,6,8,2021-03-28,https://www.jra.go.jp/datafile/seiseki/report/2021/2021-2chukyo6.pdf,official_daily_result_pdf
202107020609,2021,中京,2,6,9,2021-03-28,https://www.jra.go.jp/datafile/seiseki/report/2021/2021-2chukyo6.pdf,official_daily_result_pdf
202107020610,2021,中京,2,6,10,2021-03-28,https://www.jra.go.jp/datafile/seiseki/report/2021/2021-2chukyo6.pdf,official_daily_result_pdf
202107020611,2021,中京,2,6,11,2021-03-28,https://www.jra.go.jp/datafile/seiseki/report/2021/2021-2chukyo6.pdf,official_daily_result_pdf
202107020612,2021,中京,2,6,12,2021-03-28,https://www.jra.go.jp/datafile/seiseki/report/2021/2021-2chukyo6.pdf,official_daily_result_pdf
202107030101,2021,中京,3,1,1,2021-05-08,https://www.jra.go.jp/datafile/seiseki/report/2021/2021-3chukyo1.pdf,official_daily_result_pdf
202107030102,2021,中京,3,1,2,2021-05-08,https://www.jra.go.jp/datafile/seiseki/report/2021/2021-3chukyo1.pdf,official_daily_result_pdf
202107030103,2021,中京,3,1,3,2021-05-08,https://www.jra.go.jp/datafile/seiseki/report/2021/2021-3chukyo1.pdf,official_daily_result_pdf
202107030104,2021,中京,3,1,4,2021-05-08,https://www.jra.go.jp/datafile/seiseki/report/2021/2021-3chukyo1.pdf,official_daily_result_pdf
202107030105,2021,中京,3,1,5,2021-05-08,https://www.jra.go.jp/datafile/seiseki/report/2021/2021-3chukyo1.pdf,official_daily_result_pdf
202107030106,2021,中京,3,1,6,2021-05-08,https://www.jra.go.jp/datafile/seiseki/report/2021/2021-3chukyo1.pdf,official_daily_result_pdf
202107030107,2021,中京,3,1,7,2021-05-08,https://www.jra.go.jp/datafile/seiseki/report/2021/2021-3chukyo1.pdf,official_daily_result_pdf
202107030108,2021,中京,3,1,8,2021-05-08,https://www.jra.go.jp/datafile/seiseki/report/2021/2021-3chukyo1.pdf,official_daily_result_pdf
202107030109,2021,中京,3,1,9,2021-05-08,https://www.jra.go.jp/datafile/seiseki/report/2021/2021-3chukyo1.pdf,official_daily_result_pdf
202107030110,2021,中京,3,1,10,2021-05-08,https://www.jra.go.jp/datafile/seiseki/report/2021/2021-3chukyo1.pdf,official_daily_result_pdf
202107030111,2021,中京,3,1,11,2021-05-08,https://www.jra.go.jp/datafile/seiseki/report/2021/2021-3chukyo1.pdf,official_daily_result_pdf
202107030112,2021,中京,3,1,12,2021-05-08,https://www.jra.go.jp/datafile/seiseki/report/2021/2021-3chukyo1.pdf,official_daily_result_pdf
202107030201,2021,中京,3,2,1,2021-05-09,https://www.jra.go.jp/datafile/seiseki/report/2021/2021-3chukyo2.pdf,official_daily_result_pdf
202107030202,2021,中京,3,2,2,2021-05-09,https://www.jra.go.jp/datafile/seiseki/report/2021/2021-3chukyo2.pdf,official_daily_result_pdf
202107030203,2021,中京,3,2,3,2021-05-09,https://www.jra.go.jp/datafile/seiseki/report/2021/2021-3chukyo2.pdf,official_daily_result_pdf
202107030204,2021,中京,3,2,4,2021-05-09,https://www.jra.go.jp/datafile/seiseki/report/2021/2021-3chukyo2.pdf,official_daily_result_pdf
202107030205,2021,中京,3,2,5,2021-05-09,https://www.jra.go.jp/datafile/seiseki/report/2021/2021-3chukyo2.pdf,official_daily_result_pdf
202107030206,2021,中京,3,2,6,2021-05-09,https://www.jra.go.jp/datafile/seiseki/report/2021/2021-3chukyo2.pdf,official_daily_result_pdf
202107030207,2021,中京,3,2,7,2021-05-09,https://www.jra.go.jp/datafile/seiseki/report/2021/2021-3chukyo2.pdf,official_daily_result_pdf
202107030208,2021,中京,3,2,8,2021-05-09,https://www.jra.go.jp/datafile/seiseki/report/2021/2021-3chukyo2.pdf,official_daily_result_pdf
202107030209,2021,中京,3,2,9,2021-05-09,https://www.jra.go.jp/datafile/seiseki/report/2021/2021-3chukyo2.pdf,official_daily_result_pdf
202107030210,2021,中京,3,2,10,2021-05-09,https://www.jra.go.jp/datafile/seiseki/report/2021/2021-3chukyo2.pdf,official_daily_result_pdf
202107030211,2021,中京,3,2,11,2021-05-09,https://www.jra.go.jp/datafile/seiseki/report/2021/2021-3chukyo2.pdf,official_daily_result_pdf
202107030212,2021,中京,3,2,12,2021-05-09,https://www.jra.go.jp/datafile/seiseki/report/2021/2021-3chukyo2.pdf,official_daily_result_pdf
202107030301,2021,中京,3,3,1,2021-05-15,https://www.jra.go.jp/datafile/seiseki/report/2021/2021-3chukyo3.pdf,official_daily_result_pdf
202107030302,2021,中京,3,3,2,2021-05-15,https://www.jra.go.jp/datafile/seiseki/report/2021/2021-3chukyo3.pdf,official_daily_result_pdf
202107030303,2021,中京,3,3,3,2021-05-15,https://www.jra.go.jp/datafile/seiseki/report/2021/2021-3chukyo3.pdf,official_daily_result_pdf
202107030304,2021,中京,3,3,4,2021-05-15,https://www.jra.go.jp/datafile/seiseki/report/2021/2021-3chukyo3.pdf,official_daily_result_pdf
202107030305,2021,中京,3,3,5,2021-05-15,https://www.jra.go.jp/datafile/seiseki/report/2021/2021-3chukyo3.pdf,official_daily_result_pdf
202107030306,2021,中京,3,3,6,2021-05-15,https://www.jra.go.jp/datafile/seiseki/report/2021/2021-3chukyo3.pdf,official_daily_result_pdf
202107030307,2021,中京,3,3,7,2021-05-15,https://www.jra.go.jp/datafile/seiseki/report/2021/2021-3chukyo3.pdf,official_daily_result_pdf
202107030308,2021,中京,3,3,8,2021-05-15,https://www.jra.go.jp/datafile/seiseki/report/2021/2021-3chukyo3.pdf,official_daily_result_pdf
202107030309,2021,中京,3,3,9,2021-05-15,https://www.jra.go.jp/datafile/seiseki/report/2021/2021-3chukyo3.pdf,official_daily_result_pdf
202107030310,2021,中京,3,3,10,2021-05-15,https://www.jra.go.jp/datafile/seiseki/report/2021/2021-3chukyo3.pdf,official_daily_result_pdf
202107030311,2021,中京,3,3,11,2021-05-15,https://www.jra.go.jp/datafile/seiseki/report/2021/2021-3chukyo3.pdf,official_daily_result_pdf
202107030312,2021,中京,3,3,12,2021-05-15,https://www.jra.go.jp/datafile/seiseki/report/2021/2021-3chukyo3.pdf,official_daily_result_pdf
202107030401,2021,中京,3,4,1,2021-05-16,https://www.jra.go.jp/datafile/seiseki/report/2021/2021-3chukyo4.pdf,official_daily_result_pdf
202107030402,2021,中京,3,4,2,2021-05-16,https://www.jra.go.jp/datafile/seiseki/report/2021/2021-3chukyo4.pdf,official_daily_result_pdf
202107030403,2021,中京,3,4,3,2021-05-16,https://www.jra.go.jp/datafile/seiseki/report/2021/2021-3chukyo4.pdf,official_daily_result_pdf
202107030404,2021,中京,3,4,4,2021-05-16,https://www.jra.go.jp/datafile/seiseki/report/2021/2021-3chukyo4.pdf,official_daily_result_pdf
202107030405,2021,中京,3,4,5,2021-05-16,https://www.jra.go.jp/datafile/seiseki/report/2021/2021-3chukyo4.pdf,official_daily_result_pdf
202107030406,2021,中京,3,4,6,2021-05-16,https://www.jra.go.jp/datafile/seiseki/report/2021/2021-3chukyo4.pdf,official_daily_result_pdf
202107030407,2021,中京,3,4,7,2021-05-16,https://www.jra.go.jp/datafile/seiseki/report/2021/2021-3chukyo4.pdf,official_daily_result_pdf
202107030408,2021,中京,3,4,8,2021-05-16,https://www.jra.go.jp/datafile/seiseki/report/2021/2021-3chukyo4.pdf,official_daily_result_pdf
202107030409,2021,中京,3,4,9,2021-05-16,https://www.jra.go.jp/datafile/seiseki/report/2021/2021-3chukyo4.pdf,official_daily_result_pdf
202107030410,2021,中京,3,4,10,2021-05-16,https://www.jra.go.jp/datafile/seiseki/report/2021/2021-3chukyo4.pdf,official_daily_result_pdf
202107030411,2021,中京,3,4,11,2021-05-16,https://www.jra.go.jp/datafile/seiseki/report/2021/2021-3chukyo4.pdf,official_daily_result_pdf
202107030412,2021,中京,3,4,12,2021-05-16,https://www.jra.go.jp/datafile/seiseki/report/2021/2021-3chukyo4.pdf,official_daily_result_pdf
202107030501,2021,中京,3,5,1,2021-05-22,https://www.jra.go.jp/datafile/seiseki/report/2021/2021-3chukyo5.pdf,official_daily_result_pdf
202107030502,2021,中京,3,5,2,2021-05-22,https://www.jra.go.jp/datafile/seiseki/report/2021/2021-3chukyo5.pdf,official_daily_result_pdf
202107030503,2021,中京,3,5,3,2021-05-22,https://www.jra.go.jp/datafile/seiseki/report/2021/2021-3chukyo5.pdf,official_daily_result_pdf
202107030504,2021,中京,3,5,4,2021-05-22,https://www.jra.go.jp/datafile/seiseki/report/2021/2021-3chukyo5.pdf,official_daily_result_pdf
202107030505,2021,中京,3,5,5,2021-05-22,https://www.jra.go.jp/datafile/seiseki/report/2021/2021-3chukyo5.pdf,official_daily_result_pdf
202107030506,2021,中京,3,5,6,2021-05-22,https://www.jra.go.jp/datafile/seiseki/report/2021/2021-3chukyo5.pdf,official_daily_result_pdf
202107030507,2021,中京,3,5,7,2021-05-22,https://www.jra.go.jp/datafile/seiseki/report/2021/2021-3chukyo5.pdf,official_daily_result_pdf
202107030508,2021,中京,3,5,8,2021-05-22,https://www.jra.go.jp/datafile/seiseki/report/2021/2021-3chukyo5.pdf,official_daily_result_pdf
202107030509,2021,中京,3,5,9,2021-05-22,https://www.jra.go.jp/datafile/seiseki/report/2021/2021-3chukyo5.pdf,official_daily_result_pdf
202107030510,2021,中京,3,5,10,2021-05-22,https://www.jra.go.jp/datafile/seiseki/report/2021/2021-3chukyo5.pdf,official_daily_result_pdf
202107030511,2021,中京,3,5,11,2021-05-22,https://www.jra.go.jp/datafile/seiseki/report/2021/2021-3chukyo5.pdf,official_daily_result_pdf
202107030512,2021,中京,3,5,12,2021-05-22,https://www.jra.go.jp/datafile/seiseki/report/2021/2021-3chukyo5.pdf,official_daily_result_pdf
202107030601,2021,中京,3,6,1,2021-05-23,https://www.jra.go.jp/datafile/seiseki/report/2021/2021-3chukyo6.pdf,official_daily_result_pdf
202107030602,2021,中京,3,6,2,2021-05-23,https://www.jra.go.jp/datafile/seiseki/report/2021/2021-3chukyo6.pdf,official_daily_result_pdf
202107030603,2021,中京,3,6,3,2021-05-23,https://www.jra.go.jp/datafile/seiseki/report/2021/2021-3chukyo6.pdf,official_daily_result_pdf
202107030604,2021,中京,3,6,4,2021-05-23,https://www.jra.go.jp/datafile/seiseki/report/2021/2021-3chukyo6.pdf,official_daily_result_pdf
202107030605,2021,中京,3,6,5,2021-05-23,https://www.jra.go.jp/datafile/seiseki/report/2021/2021-3chukyo6.pdf,official_daily_result_pdf
202107030606,2021,中京,3,6,6,2021-05-23,https://www.jra.go.jp/datafile/seiseki/report/2021/2021-3chukyo6.pdf,official_daily_result_pdf
202107030607,2021,中京,3,6,7,2021-05-23,https://www.jra.go.jp/datafile/seiseki/report/2021/2021-3chukyo6.pdf,official_daily_result_pdf
202107030608,2021,中京,3,6,8,2021-05-23,https://www.jra.go.jp/datafile/seiseki/report/2021/2021-3chukyo6.pdf,official_daily_result_pdf
202107030609,2021,中京,3,6,9,2021-05-23,https://www.jra.go.jp/datafile/seiseki/report/2021/2021-3chukyo6.pdf,official_daily_result_pdf
202107030610,2021,中京,3,6,10,2021-05-23,https://www.jra.go.jp/datafile/seiseki/report/2021/2021-3chukyo6.pdf,official_daily_result_pdf
202107030611,2021,中京,3,6,11,2021-05-23,https://www.jra.go.jp/datafile/seiseki/report/2021/2021-3chukyo6.pdf,official_daily_result_pdf
202107030612,2021,中京,3,6,12,2021-05-23,https://www.jra.go.jp/datafile/seiseki/report/2021/2021-3chukyo6.pdf,official_daily_result_pdf
202107030701,2021,中京,3,7,1,2021-05-29,https://www.jra.go.jp/datafile/seiseki/report/2021/2021-3chukyo7.pdf,official_daily_result_pdf
202107030702,2021,中京,3,7,2,2021-05-29,https://www.jra.go.jp/datafile/seiseki/report/2021/2021-3chukyo7.pdf,official_daily_result_pdf
202107030703,2021,中京,3,7,3,2021-05-29,https://www.jra.go.jp/datafile/seiseki/report/2021/2021-3chukyo7.pdf,official_daily_result_pdf
202107030704,2021,中京,3,7,4,2021-05-29,https://www.jra.go.jp/datafile/seiseki/report/2021/2021-3chukyo7.pdf,official_daily_result_pdf
202107030705,2021,中京,3,7,5,2021-05-29,https://www.jra.go.jp/datafile/seiseki/report/2021/2021-3chukyo7.pdf,official_daily_result_pdf
202107030706,2021,中京,3,7,6,2021-05-29,https://www.jra.go.jp/datafile/seiseki/report/2021/2021-3chukyo7.pdf,official_daily_result_pdf
202107030707,2021,中京,3,7,7,2021-05-29,https://www.jra.go.jp/datafile/seiseki/report/2021/2021-3chukyo7.pdf,official_daily_result_pdf
202107030708,2021,中京,3,7,8,2021-05-29,https://www.jra.go.jp/datafile/seiseki/report/2021/2021-3chukyo7.pdf,official_daily_result_pdf
202107030709,2021,中京,3,7,9,2021-05-29,https://www.jra.go.jp/datafile/seiseki/report/2021/2021-3chukyo7.pdf,official_daily_result_pdf
202107030710,2021,中京,3,7,10,2021-05-29,https://www.jra.go.jp/datafile/seiseki/report/2021/2021-3chukyo7.pdf,official_daily_result_pdf
202107030711,2021,中京,3,7,11,2021-05-29,https://www.jra.go.jp/datafile/seiseki/report/2021/2021-3chukyo7.pdf,official_daily_result_pdf
202107030712,2021,中京,3,7,12,2021-05-29,https://www.jra.go.jp/datafile/seiseki/report/2021/2021-3chukyo7.pdf,official_daily_result_pdf
202107030801,2021,中京,3,8,1,2021-05-30,https://www.jra.go.jp/datafile/seiseki/report/2021/2021-3chukyo8.pdf,official_daily_result_pdf
202107030802,2021,中京,3,8,2,2021-05-30,https://www.jra.go.jp/datafile/seiseki/report/2021/2021-3chukyo8.pdf,official_daily_result_pdf
202107030803,2021,中京,3,8,3,2021-05-30,https://www.jra.go.jp/datafile/seiseki/report/2021/2021-3chukyo8.pdf,official_daily_result_pdf
202107030804,2021,中京,3,8,4,2021-05-30,https://www.jra.go.jp/datafile/seiseki/report/2021/2021-3chukyo8.pdf,official_daily_result_pdf
202107030805,2021,中京,3,8,5,2021-05-30,https://www.jra.go.jp/datafile/seiseki/report/2021/2021-3chukyo8.pdf,official_daily_result_pdf
202107030806,2021,中京,3,8,6,2021-05-30,https://www.jra.go.jp/datafile/seiseki/report/2021/2021-3chukyo8.pdf,official_daily_result_pdf
202107030807,2021,中京,3,8,7,2021-05-30,https://www.jra.go.jp/datafile/seiseki/report/2021/2021-3chukyo8.pdf,official_daily_result_pdf
202107030808,2021,中京,3,8,8,2021-05-30,https://www.jra.go.jp/datafile/seiseki/report/2021/2021-3chukyo8.pdf,official_daily_result_pdf
202107030809,2021,中京,3,8,9,2021-05-30,https://www.jra.go.jp/datafile/seiseki/report/2021/2021-3chukyo8.pdf,official_daily_result_pdf
202107030810,2021,中京,3,8,10,2021-05-30,https://www.jra.go.jp/datafile/seiseki/report/2021/2021-3chukyo8.pdf,official_daily_result_pdf
202107030811,2021,中京,3,8,11,2021-05-30,https://www.jra.go.jp/datafile/seiseki/report/2021/2021-3chukyo8.pdf,official_daily_result_pdf
202107030812,2021,中京,3,8,12,2021-05-30,https://www.jra.go.jp/datafile/seiseki/report/2021/2021-3chukyo8.pdf,official_daily_result_pdf
202107040101,2021,中京,4,1,1,2021-06-05,https://www.jra.go.jp/datafile/seiseki/report/2021/2021-4chukyo1.pdf,official_daily_result_pdf
202107040102,2021,中京,4,1,2,2021-06-05,https://www.jra.go.jp/datafile/seiseki/report/2021/2021-4chukyo1.pdf,official_daily_result_pdf
202107040103,2021,中京,4,1,3,2021-06-05,https://www.jra.go.jp/datafile/seiseki/report/2021/2021-4chukyo1.pdf,official_daily_result_pdf
202107040104,2021,中京,4,1,4,2021-06-05,https://www.jra.go.jp/datafile/seiseki/report/2021/2021-4chukyo1.pdf,official_daily_result_pdf
202107040105,2021,中京,4,1,5,2021-06-05,https://www.jra.go.jp/datafile/seiseki/report/2021/2021-4chukyo1.pdf,official_daily_result_pdf
202107040106,2021,中京,4,1,6,2021-06-05,https://www.jra.go.jp/datafile/seiseki/report/2021/2021-4chukyo1.pdf,official_daily_result_pdf
202107040107,2021,中京,4,1,7,2021-06-05,https://www.jra.go.jp/datafile/seiseki/report/2021/2021-4chukyo1.pdf,official_daily_result_pdf
202107040108,2021,中京,4,1,8,2021-06-05,https://www.jra.go.jp/datafile/seiseki/report/2021/2021-4chukyo1.pdf,official_daily_result_pdf
202107040109,2021,中京,4,1,9,2021-06-05,https://www.jra.go.jp/datafile/seiseki/report/2021/2021-4chukyo1.pdf,official_daily_result_pdf
202107040110,2021,中京,4,1,10,2021-06-05,https://www.jra.go.jp/datafile/seiseki/report/2021/2021-4chukyo1.pdf,official_daily_result_pdf
202107040111,2021,中京,4,1,11,2021-06-05,https://www.jra.go.jp/datafile/seiseki/report/2021/2021-4chukyo1.pdf,official_daily_result_pdf
202107040112,2021,中京,4,1,12,2021-06-05,https://www.jra.go.jp/datafile/seiseki/report/2021/2021-4chukyo1.pdf,official_daily_result_pdf
202107040201,2021,中京,4,2,1,2021-06-06,https://www.jra.go.jp/datafile/seiseki/report/2021/2021-4chukyo2.pdf,official_daily_result_pdf
202107040202,2021,中京,4,2,2,2021-06-06,https://www.jra.go.jp/datafile/seiseki/report/2021/2021-4chukyo2.pdf,official_daily_result_pdf
202107040203,2021,中京,4,2,3,2021-06-06,https://www.jra.go.jp/datafile/seiseki/report/2021/2021-4chukyo2.pdf,official_daily_result_pdf
202107040204,2021,中京,4,2,4,2021-06-06,https://www.jra.go.jp/datafile/seiseki/report/2021/2021-4chukyo2.pdf,official_daily_result_pdf
202107040205,2021,中京,4,2,5,2021-06-06,https://www.jra.go.jp/datafile/seiseki/report/2021/2021-4chukyo2.pdf,official_daily_result_pdf
202107040206,2021,中京,4,2,6,2021-06-06,https://www.jra.go.jp/datafile/seiseki/report/2021/2021-4chukyo2.pdf,official_daily_result_pdf
202107040207,2021,中京,4,2,7,2021-06-06,https://www.jra.go.jp/datafile/seiseki/report/2021/2021-4chukyo2.pdf,official_daily_result_pdf
202107040208,2021,中京,4,2,8,2021-06-06,https://www.jra.go.jp/datafile/seiseki/report/2021/2021-4chukyo2.pdf,official_daily_result_pdf
202107040209,2021,中京,4,2,9,2021-06-06,https://www.jra.go.jp/datafile/seiseki/report/2021/2021-4chukyo2.pdf,official_daily_result_pdf
202107040210,2021,中京,4,2,10,2021-06-06,https://www.jra.go.jp/datafile/seiseki/report/2021/2021-4chukyo2.pdf,official_daily_result_pdf
202107040211,2021,中京,4,2,11,2021-06-06,https://www.jra.go.jp/datafile/seiseki/report/2021/2021-4chukyo2.pdf,official_daily_result_pdf
202107040212,2021,中京,4,2,12,2021-06-06,https://www.jra.go.jp/datafile/seiseki/report/2021/2021-4chukyo2.pdf,official_daily_result_pdf
202107040301,2021,中京,4,3,1,2021-06-12,https://www.jra.go.jp/datafile/seiseki/report/2021/2021-4chukyo3.pdf,official_daily_result_pdf
202107040302,2021,中京,4,3,2,2021-06-12,https://www.jra.go.jp/datafile/seiseki/report/2021/2021-4chukyo3.pdf,official_daily_result_pdf
202107040303,2021,中京,4,3,3,2021-06-12,https://www.jra.go.jp/datafile/seiseki/report/2021/2021-4chukyo3.pdf,official_daily_result_pdf
202107040304,2021,中京,4,3,4,2021-06-12,https://www.jra.go.jp/datafile/seiseki/report/2021/2021-4chukyo3.pdf,official_daily_result_pdf
202107040305,2021,中京,4,3,5,2021-06-12,https://www.jra.go.jp/datafile/seiseki/report/2021/2021-4chukyo3.pdf,official_daily_result_pdf
202107040306,2021,中京,4,3,6,2021-06-12,https://www.jra.go.jp/datafile/seiseki/report/2021/2021-4chukyo3.pdf,official_daily_result_pdf
202107040307,2021,中京,4,3,7,2021-06-12,https://www.jra.go.jp/datafile/seiseki/report/2021/2021-4chukyo3.pdf,official_daily_result_pdf
202107040308,2021,中京,4,3,8,2021-06-12,https://www.jra.go.jp/datafile/seiseki/report/2021/2021-4chukyo3.pdf,official_daily_result_pdf
202107040309,2021,中京,4,3,9,2021-06-12,https://www.jra.go.jp/datafile/seiseki/report/2021/2021-4chukyo3.pdf,official_daily_result_pdf
202107040310,2021,中京,4,3,10,2021-06-12,https://www.jra.go.jp/datafile/seiseki/report/2021/2021-4chukyo3.pdf,official_daily_result_pdf
202107040311,2021,中京,4,3,11,2021-06-12,https://www.jra.go.jp/datafile/seiseki/report/2021/2021-4chukyo3.pdf,official_daily_result_pdf
202107040312,2021,中京,4,3,12,2021-06-12,https://www.jra.go.jp/datafile/seiseki/report/2021/2021-4chukyo3.pdf,official_daily_result_pdf
202107040401,2021,中京,4,4,1,2021-06-13,https://www.jra.go.jp/datafile/seiseki/report/2021/2021-4chukyo4.pdf,official_daily_result_pdf
202107040402,2021,中京,4,4,2,2021-06-13,https://www.jra.go.jp/datafile/seiseki/report/2021/2021-4chukyo4.pdf,official_daily_result_pdf
202107040403,2021,中京,4,4,3,2021-06-13,https://www.jra.go.jp/datafile/seiseki/report/2021/2021-4chukyo4.pdf,official_daily_result_pdf
202107040404,2021,中京,4,4,4,2021-06-13,https://www.jra.go.jp/datafile/seiseki/report/2021/2021-4chukyo4.pdf,official_daily_result_pdf
202107040405,2021,中京,4,4,5,2021-06-13,https://www.jra.go.jp/datafile/seiseki/report/2021/2021-4chukyo4.pdf,official_daily_result_pdf
202107040406,2021,中京,4,4,6,2021-06-13,https://www.jra.go.jp/datafile/seiseki/report/2021/2021-4chukyo4.pdf,official_daily_result_pdf
202107040407,2021,中京,4,4,7,2021-06-13,https://www.jra.go.jp/datafile/seiseki/report/2021/2021-4chukyo4.pdf,official_daily_result_pdf
202107040408,2021,中京,4,4,8,2021-06-13,https://www.jra.go.jp/datafile/seiseki/report/2021/2021-4chukyo4.pdf,official_daily_result_pdf
202107040409,2021,中京,4,4,9,2021-06-13,https://www.jra.go.jp/datafile/seiseki/report/2021/2021-4chukyo4.pdf,official_daily_result_pdf
202107040410,2021,中京,4,4,10,2021-06-13,https://www.jra.go.jp/datafile/seiseki/report/2021/2021-4chukyo4.pdf,official_daily_result_pdf
202107040411,2021,中京,4,4,11,2021-06-13,https://www.jra.go.jp/datafile/seiseki/report/2021/2021-4chukyo4.pdf,official_daily_result_pdf
202107040412,2021,中京,4,4,12,2021-06-13,https://www.jra.go.jp/datafile/seiseki/report/2021/2021-4chukyo4.pdf,official_daily_result_pdf
202107050101,2021,中京,5,1,1,2021-09-11,https://www.jra.go.jp/datafile/seiseki/report/2021/2021-5chukyo1.pdf,official_daily_result_pdf
202107050102,2021,中京,5,1,2,2021-09-11,https://www.jra.go.jp/datafile/seiseki/report/2021/2021-5chukyo1.pdf,official_daily_result_pdf
202107050103,2021,中京,5,1,3,2021-09-11,https://www.jra.go.jp/datafile/seiseki/report/2021/2021-5chukyo1.pdf,official_daily_result_pdf
202107050104,2021,中京,5,1,4,2021-09-11,https://www.jra.go.jp/datafile/seiseki/report/2021/2021-5chukyo1.pdf,official_daily_result_pdf
202107050105,2021,中京,5,1,5,2021-09-11,https://www.jra.go.jp/datafile/seiseki/report/2021/2021-5chukyo1.pdf,official_daily_result_pdf
202107050106,2021,中京,5,1,6,2021-09-11,https://www.jra.go.jp/datafile/seiseki/report/2021/2021-5chukyo1.pdf,official_daily_result_pdf
202107050107,2021,中京,5,1,7,2021-09-11,https://www.jra.go.jp/datafile/seiseki/report/2021/2021-5chukyo1.pdf,official_daily_result_pdf
202107050108,2021,中京,5,1,8,2021-09-11,https://www.jra.go.jp/datafile/seiseki/report/2021/2021-5chukyo1.pdf,official_daily_result_pdf
202107050109,2021,中京,5,1,9,2021-09-11,https://www.jra.go.jp/datafile/seiseki/report/2021/2021-5chukyo1.pdf,official_daily_result_pdf
202107050110,2021,中京,5,1,10,2021-09-11,https://www.jra.go.jp/datafile/seiseki/report/2021/2021-5chukyo1.pdf,official_daily_result_pdf
202107050111,2021,中京,5,1,11,2021-09-11,https://www.jra.go.jp/datafile/seiseki/report/2021/2021-5chukyo1.pdf,official_daily_result_pdf
202107050112,2021,中京,5,1,12,2021-09-11,https://www.jra.go.jp/datafile/seiseki/report/2021/2021-5chukyo1.pdf,official_daily_result_pdf
202107050201,2021,中京,5,2,1,2021-09-12,https://www.jra.go.jp/datafile/seiseki/report/2021/2021-5chukyo2.pdf,official_daily_result_pdf
202107050202,2021,中京,5,2,2,2021-09-12,https://www.jra.go.jp/datafile/seiseki/report/2021/2021-5chukyo2.pdf,official_daily_result_pdf
202107050203,2021,中京,5,2,3,2021-09-12,https://www.jra.go.jp/datafile/seiseki/report/2021/2021-5chukyo2.pdf,official_daily_result_pdf
202107050204,2021,中京,5,2,4,2021-09-12,https://www.jra.go.jp/datafile/seiseki/report/2021/2021-5chukyo2.pdf,official_daily_result_pdf
202107050205,2021,中京,5,2,5,2021-09-12,https://www.jra.go.jp/datafile/seiseki/report/2021/2021-5chukyo2.pdf,official_daily_result_pdf
202107050206,2021,中京,5,2,6,2021-09-12,https://www.jra.go.jp/datafile/seiseki/report/2021/2021-5chukyo2.pdf,official_daily_result_pdf
202107050207,2021,中京,5,2,7,2021-09-12,https://www.jra.go.jp/datafile/seiseki/report/2021/2021-5chukyo2.pdf,official_daily_result_pdf
202107050208,2021,中京,5,2,8,2021-09-12,https://www.jra.go.jp/datafile/seiseki/report/2021/2021-5chukyo2.pdf,official_daily_result_pdf
202107050209,2021,中京,5,2,9,2021-09-12,https://www.jra.go.jp/datafile/seiseki/report/2021/2021-5chukyo2.pdf,official_daily_result_pdf
202107050210,2021,中京,5,2,10,2021-09-12,https://www.jra.go.jp/datafile/seiseki/report/2021/2021-5chukyo2.pdf,official_daily_result_pdf
202107050211,2021,中京,5,2,11,2021-09-12,https://www.jra.go.jp/datafile/seiseki/report/2021/2021-5chukyo2.pdf,official_daily_result_pdf
202107050212,2021,中京,5,2,12,2021-09-12,https://www.jra.go.jp/datafile/seiseki/report/2021/2021-5chukyo2.pdf,official_daily_result_pdf
202107050301,2021,中京,5,3,1,2021-09-18,https://www.jra.go.jp/datafile/seiseki/report/2021/2021-5chukyo3.pdf,official_daily_result_pdf
202107050302,2021,中京,5,3,2,2021-09-18,https://www.jra.go.jp/datafile/seiseki/report/2021/2021-5chukyo3.pdf,official_daily_result_pdf
202107050303,2021,中京,5,3,3,2021-09-18,https://www.jra.go.jp/datafile/seiseki/report/2021/2021-5chukyo3.pdf,official_daily_result_pdf
202107050304,2021,中京,5,3,4,2021-09-18,https://www.jra.go.jp/datafile/seiseki/report/2021/2021-5chukyo3.pdf,official_daily_result_pdf
202107050305,2021,中京,5,3,5,2021-09-18,https://www.jra.go.jp/datafile/seiseki/report/2021/2021-5chukyo3.pdf,official_daily_result_pdf
202107050306,2021,中京,5,3,6,2021-09-18,https://www.jra.go.jp/datafile/seiseki/report/2021/2021-5chukyo3.pdf,official_daily_result_pdf
202107050307,2021,中京,5,3,7,2021-09-18,https://www.jra.go.jp/datafile/seiseki/report/2021/2021-5chukyo3.pdf,official_daily_result_pdf
202107050308,2021,中京,5,3,8,2021-09-18,https://www.jra.go.jp/datafile/seiseki/report/2021/2021-5chukyo3.pdf,official_daily_result_pdf
202107050309,2021,中京,5,3,9,2021-09-18,https://www.jra.go.jp/datafile/seiseki/report/2021/2021-5chukyo3.pdf,official_daily_result_pdf
202107050310,2021,中京,5,3,10,2021-09-18,https://www.jra.go.jp/datafile/seiseki/report/2021/2021-5chukyo3.pdf,official_daily_result_pdf
202107050311,2021,中京,5,3,11,2021-09-18,https://www.jra.go.jp/datafile/seiseki/report/2021/2021-5chukyo3.pdf,official_daily_result_pdf
202107050312,2021,中京,5,3,12,2021-09-18,https://www.jra.go.jp/datafile/seiseki/report/2021/2021-5chukyo3.pdf,official_daily_result_pdf
202107050401,2021,中京,5,4,1,2021-09-19,https://www.jra.go.jp/datafile/seiseki/report/2021/2021-5chukyo4.pdf,official_daily_result_pdf
202107050402,2021,中京,5,4,2,2021-09-19,https://www.jra.go.jp/datafile/seiseki/report/2021/2021-5chukyo4.pdf,official_daily_result_pdf
202107050403,2021,中京,5,4,3,2021-09-19,https://www.jra.go.jp/datafile/seiseki/report/2021/2021-5chukyo4.pdf,official_daily_result_pdf
202107050404,2021,中京,5,4,4,2021-09-19,https://www.jra.go.jp/datafile/seiseki/report/2021/2021-5chukyo4.pdf,official_daily_result_pdf
202107050405,2021,中京,5,4,5,2021-09-19,https://www.jra.go.jp/datafile/seiseki/report/2021/2021-5chukyo4.pdf,official_daily_result_pdf
202107050406,2021,中京,5,4,6,2021-09-19,https://www.jra.go.jp/datafile/seiseki/report/2021/2021-5chukyo4.pdf,official_daily_result_pdf
202107050407,2021,中京,5,4,7,2021-09-19,https://www.jra.go.jp/datafile/seiseki/report/2021/2021-5chukyo4.pdf,official_daily_result_pdf
202107050408,2021,中京,5,4,8,2021-09-19,https://www.jra.go.jp/datafile/seiseki/report/2021/2021-5chukyo4.pdf,official_daily_result_pdf
202107050409,2021,中京,5,4,9,2021-09-19,https://www.jra.go.jp/datafile/seiseki/report/2021/2021-5chukyo4.pdf,official_daily_result_pdf
202107050410,2021,中京,5,4,10,2021-09-19,https://www.jra.go.jp/datafile/seiseki/report/2021/2021-5chukyo4.pdf,official_daily_result_pdf
202107050411,2021,中京,5,4,11,2021-09-19,https://www.jra.go.jp/datafile/seiseki/report/2021/2021-5chukyo4.pdf,official_daily_result_pdf
202107050412,2021,中京,5,4,12,2021-09-19,https://www.jra.go.jp/datafile/seiseki/report/2021/2021-5chukyo4.pdf,official_daily_result_pdf
202107050501,2021,中京,5,5,1,2021-09-20,https://www.jra.go.jp/datafile/seiseki/report/2021/2021-5chukyo5.pdf,official_daily_result_pdf
202107050502,2021,中京,5,5,2,2021-09-20,https://www.jra.go.jp/datafile/seiseki/report/2021/2021-5chukyo5.pdf,official_daily_result_pdf
202107050503,2021,中京,5,5,3,2021-09-20,https://www.jra.go.jp/datafile/seiseki/report/2021/2021-5chukyo5.pdf,official_daily_result_pdf
202107050504,2021,中京,5,5,4,2021-09-20,https://www.jra.go.jp/datafile/seiseki/report/2021/2021-5chukyo5.pdf,official_daily_result_pdf
202107050505,2021,中京,5,5,5,2021-09-20,https://www.jra.go.jp/datafile/seiseki/report/2021/2021-5chukyo5.pdf,official_daily_result_pdf
202107050506,2021,中京,5,5,6,2021-09-20,https://www.jra.go.jp/datafile/seiseki/report/2021/2021-5chukyo5.pdf,official_daily_result_pdf
202107050507,2021,中京,5,5,7,2021-09-20,https://www.jra.go.jp/datafile/seiseki/report/2021/2021-5chukyo5.pdf,official_daily_result_pdf
202107050508,2021,中京,5,5,8,2021-09-20,https://www.jra.go.jp/datafile/seiseki/report/2021/2021-5chukyo5.pdf,official_daily_result_pdf
202107050509,2021,中京,5,5,9,2021-09-20,https://www.jra.go.jp/datafile/seiseki/report/2021/2021-5chukyo5.pdf,official_daily_result_pdf
202107050510,2021,中京,5,5,10,2021-09-20,https://www.jra.go.jp/datafile/seiseki/report/2021/2021-5chukyo5.pdf,official_daily_result_pdf
202107050511,2021,中京,5,5,11,2021-09-20,https://www.jra.go.jp/datafile/seiseki/report/2021/2021-5chukyo5.pdf,official_daily_result_pdf
202107050512,2021,中京,5,5,12,2021-09-20,https://www.jra.go.jp/datafile/seiseki/report/2021/2021-5chukyo5.pdf,official_daily_result_pdf
202107050601,2021,中京,5,6,1,2021-09-25,https://www.jra.go.jp/datafile/seiseki/report/2021/2021-5chukyo6.pdf,official_daily_result_pdf
202107050602,2021,中京,5,6,2,2021-09-25,https://www.jra.go.jp/datafile/seiseki/report/2021/2021-5chukyo6.pdf,official_daily_result_pdf
202107050603,2021,中京,5,6,3,2021-09-25,https://www.jra.go.jp/datafile/seiseki/report/2021/2021-5chukyo6.pdf,official_daily_result_pdf
202107050604,2021,中京,5,6,4,2021-09-25,https://www.jra.go.jp/datafile/seiseki/report/2021/2021-5chukyo6.pdf,official_daily_result_pdf
202107050605,2021,中京,5,6,5,2021-09-25,https://www.jra.go.jp/datafile/seiseki/report/2021/2021-5chukyo6.pdf,official_daily_result_pdf
202107050606,2021,中京,5,6,6,2021-09-25,https://www.jra.go.jp/datafile/seiseki/report/2021/2021-5chukyo6.pdf,official_daily_result_pdf
202107050607,2021,中京,5,6,7,2021-09-25,https://www.jra.go.jp/datafile/seiseki/report/2021/2021-5chukyo6.pdf,official_daily_result_pdf
202107050608,2021,中京,5,6,8,2021-09-25,https://www.jra.go.jp/datafile/seiseki/report/2021/2021-5chukyo6.pdf,official_daily_result_pdf
202107050609,2021,中京,5,6,9,2021-09-25,https://www.jra.go.jp/datafile/seiseki/report/2021/2021-5chukyo6.pdf,official_daily_result_pdf
202107050610,2021,中京,5,6,10,2021-09-25,https://www.jra.go.jp/datafile/seiseki/report/2021/2021-5chukyo6.pdf,official_daily_result_pdf
202107050611,2021,中京,5,6,11,2021-09-25,https://www.jra.go.jp/datafile/seiseki/report/2021/2021-5chukyo6.pdf,official_daily_result_pdf
202107050612,2021,中京,5,6,12,2021-09-25,https://www.jra.go.jp/datafile/seiseki/report/2021/2021-5chukyo6.pdf,official_daily_result_pdf
202107050701,2021,中京,5,7,1,2021-09-26,https://www.jra.go.jp/datafile/seiseki/report/2021/2021-5chukyo7.pdf,official_daily_result_pdf
202107050702,2021,中京,5,7,2,2021-09-26,https://www.jra.go.jp/datafile/seiseki/report/2021/2021-5chukyo7.pdf,official_daily_result_pdf
202107050703,2021,中京,5,7,3,2021-09-26,https://www.jra.go.jp/datafile/seiseki/report/2021/2021-5chukyo7.pdf,official_daily_result_pdf
202107050704,2021,中京,5,7,4,2021-09-26,https://www.jra.go.jp/datafile/seiseki/report/2021/2021-5chukyo7.pdf,official_daily_result_pdf
202107050705,2021,中京,5,7,5,2021-09-26,https://www.jra.go.jp/datafile/seiseki/report/2021/2021-5chukyo7.pdf,official_daily_result_pdf
202107050706,2021,中京,5,7,6,2021-09-26,https://www.jra.go.jp/datafile/seiseki/report/2021/2021-5chukyo7.pdf,official_daily_result_pdf
202107050707,2021,中京,5,7,7,2021-09-26,https://www.jra.go.jp/datafile/seiseki/report/2021/2021-5chukyo7.pdf,official_daily_result_pdf
202107050708,2021,中京,5,7,8,2021-09-26,https://www.jra.go.jp/datafile/seiseki/report/2021/2021-5chukyo7.pdf,official_daily_result_pdf
202107050709,2021,中京,5,7,9,2021-09-26,https://www.jra.go.jp/datafile/seiseki/report/2021/2021-5chukyo7.pdf,official_daily_result_pdf
202107050710,2021,中京,5,7,10,2021-09-26,https://www.jra.go.jp/datafile/seiseki/report/2021/2021-5chukyo7.pdf,official_daily_result_pdf
202107050711,2021,中京,5,7,11,2021-09-26,https://www.jra.go.jp/datafile/seiseki/report/2021/2021-5chukyo7.pdf,official_daily_result_pdf
202107050712,2021,中京,5,7,12,2021-09-26,https://www.jra.go.jp/datafile/seiseki/report/2021/2021-5chukyo7.pdf,official_daily_result_pdf
202107050801,2021,中京,5,8,1,2021-10-02,https://www.jra.go.jp/datafile/seiseki/report/2021/2021-5chukyo8.pdf,official_daily_result_pdf
202107050802,2021,中京,5,8,2,2021-10-02,https://www.jra.go.jp/datafile/seiseki/report/2021/2021-5chukyo8.pdf,official_daily_result_pdf
202107050803,2021,中京,5,8,3,2021-10-02,https://www.jra.go.jp/datafile/seiseki/report/2021/2021-5chukyo8.pdf,official_daily_result_pdf
202107050804,2021,中京,5,8,4,2021-10-02,https://www.jra.go.jp/datafile/seiseki/report/2021/2021-5chukyo8.pdf,official_daily_result_pdf
202107050805,2021,中京,5,8,5,2021-10-02,https://www.jra.go.jp/datafile/seiseki/report/2021/2021-5chukyo8.pdf,official_daily_result_pdf
202107050806,2021,中京,5,8,6,2021-10-02,https://www.jra.go.jp/datafile/seiseki/report/2021/2021-5chukyo8.pdf,official_daily_result_pdf
202107050807,2021,中京,5,8,7,2021-10-02,https://www.jra.go.jp/datafile/seiseki/report/2021/2021-5chukyo8.pdf,official_daily_result_pdf
202107050808,2021,中京,5,8,8,2021-10-02,https://www.jra.go.jp/datafile/seiseki/report/2021/2021-5chukyo8.pdf,official_daily_result_pdf
202107050809,2021,中京,5,8,9,2021-10-02,https://www.jra.go.jp/datafile/seiseki/report/2021/2021-5chukyo8.pdf,official_daily_result_pdf
202107050810,2021,中京,5,8,10,2021-10-02,https://www.jra.go.jp/datafile/seiseki/report/2021/2021-5chukyo8.pdf,official_daily_result_pdf
202107050811,2021,中京,5,8,11,2021-10-02,https://www.jra.go.jp/datafile/seiseki/report/2021/2021-5chukyo8.pdf,official_daily_result_pdf
202107050812,2021,中京,5,8,12,2021-10-02,https://www.jra.go.jp/datafile/seiseki/report/2021/2021-5chukyo8.pdf,official_daily_result_pdf
202107050901,2021,中京,5,9,1,2021-10-03,https://www.jra.go.jp/datafile/seiseki/report/2021/2021-5chukyo9.pdf,official_daily_result_pdf
202107050902,2021,中京,5,9,2,2021-10-03,https://www.jra.go.jp/datafile/seiseki/report/2021/2021-5chukyo9.pdf,official_daily_result_pdf
202107050903,2021,中京,5,9,3,2021-10-03,https://www.jra.go.jp/datafile/seiseki/report/2021/2021-5chukyo9.pdf,official_daily_result_pdf
202107050904,2021,中京,5,9,4,2021-10-03,https://www.jra.go.jp/datafile/seiseki/report/2021/2021-5chukyo9.pdf,official_daily_result_pdf
202107050905,2021,中京,5,9,5,2021-10-03,https://www.jra.go.jp/datafile/seiseki/report/2021/2021-5chukyo9.pdf,official_daily_result_pdf
202107050906,2021,中京,5,9,6,2021-10-03,https://www.jra.go.jp/datafile/seiseki/report/2021/2021-5chukyo9.pdf,official_daily_result_pdf
202107050907,2021,中京,5,9,7,2021-10-03,https://www.jra.go.jp/datafile/seiseki/report/2021/2021-5chukyo9.pdf,official_daily_result_pdf
202107050908,2021,中京,5,9,8,2021-10-03,https://www.jra.go.jp/datafile/seiseki/report/2021/2021-5chukyo9.pdf,official_daily_result_pdf
202107050909,2021,中京,5,9,9,2021-10-03,https://www.jra.go.jp/datafile/seiseki/report/2021/2021-5chukyo9.pdf,official_daily_result_pdf
202107050910,2021,中京,5,9,10,2021-10-03,https://www.jra.go.jp/datafile/seiseki/report/2021/2021-5chukyo9.pdf,official_daily_result_pdf
202107050911,2021,中京,5,9,11,2021-10-03,https://www.jra.go.jp/datafile/seiseki/report/2021/2021-5chukyo9.pdf,official_daily_result_pdf
202107050912,2021,中京,5,9,12,2021-10-03,https://www.jra.go.jp/datafile/seiseki/report/2021/2021-5chukyo9.pdf,official_daily_result_pdf
202107060101,2021,中京,6,1,1,2021-12-04,https://www.jra.go.jp/datafile/seiseki/report/2021/2021-6chukyo1.pdf,official_daily_result_pdf
202107060102,2021,中京,6,1,2,2021-12-04,https://www.jra.go.jp/datafile/seiseki/report/2021/2021-6chukyo1.pdf,official_daily_result_pdf
202107060103,2021,中京,6,1,3,2021-12-04,https://www.jra.go.jp/datafile/seiseki/report/2021/2021-6chukyo1.pdf,official_daily_result_pdf
202107060104,2021,中京,6,1,4,2021-12-04,https://www.jra.go.jp/datafile/seiseki/report/2021/2021-6chukyo1.pdf,official_daily_result_pdf
202107060105,2021,中京,6,1,5,2021-12-04,https://www.jra.go.jp/datafile/seiseki/report/2021/2021-6chukyo1.pdf,official_daily_result_pdf
202107060106,2021,中京,6,1,6,2021-12-04,https://www.jra.go.jp/datafile/seiseki/report/2021/2021-6chukyo1.pdf,official_daily_result_pdf
202107060107,2021,中京,6,1,7,2021-12-04,https://www.jra.go.jp/datafile/seiseki/report/2021/2021-6chukyo1.pdf,official_daily_result_pdf
202107060108,2021,中京,6,1,8,2021-12-04,https://www.jra.go.jp/datafile/seiseki/report/2021/2021-6chukyo1.pdf,official_daily_result_pdf
202107060109,2021,中京,6,1,9,2021-12-04,https://www.jra.go.jp/datafile/seiseki/report/2021/2021-6chukyo1.pdf,official_daily_result_pdf
202107060110,2021,中京,6,1,10,2021-12-04,https://www.jra.go.jp/datafile/seiseki/report/2021/2021-6chukyo1.pdf,official_daily_result_pdf
202107060111,2021,中京,6,1,11,2021-12-04,https://www.jra.go.jp/datafile/seiseki/report/2021/2021-6chukyo1.pdf,official_daily_result_pdf
202107060112,2021,中京,6,1,12,2021-12-04,https://www.jra.go.jp/datafile/seiseki/report/2021/2021-6chukyo1.pdf,official_daily_result_pdf
202107060201,2021,中京,6,2,1,2021-12-05,https://www.jra.go.jp/datafile/seiseki/report/2021/2021-6chukyo2.pdf,official_daily_result_pdf
202107060202,2021,中京,6,2,2,2021-12-05,https://www.jra.go.jp/datafile/seiseki/report/2021/2021-6chukyo2.pdf,official_daily_result_pdf
202107060203,2021,中京,6,2,3,2021-12-05,https://www.jra.go.jp/datafile/seiseki/report/2021/2021-6chukyo2.pdf,official_daily_result_pdf
202107060204,2021,中京,6,2,4,2021-12-05,https://www.jra.go.jp/datafile/seiseki/report/2021/2021-6chukyo2.pdf,official_daily_result_pdf
202107060205,2021,中京,6,2,5,2021-12-05,https://www.jra.go.jp/datafile/seiseki/report/2021/2021-6chukyo2.pdf,official_daily_result_pdf
202107060206,2021,中京,6,2,6,2021-12-05,https://www.jra.go.jp/datafile/seiseki/report/2021/2021-6chukyo2.pdf,official_daily_result_pdf
202107060207,2021,中京,6,2,7,2021-12-05,https://www.jra.go.jp/datafile/seiseki/report/2021/2021-6chukyo2.pdf,official_daily_result_pdf
202107060208,2021,中京,6,2,8,2021-12-05,https://www.jra.go.jp/datafile/seiseki/report/2021/2021-6chukyo2.pdf,official_daily_result_pdf
202107060209,2021,中京,6,2,9,2021-12-05,https://www.jra.go.jp/datafile/seiseki/report/2021/2021-6chukyo2.pdf,official_daily_result_pdf
202107060210,2021,中京,6,2,10,2021-12-05,https://www.jra.go.jp/datafile/seiseki/report/2021/2021-6chukyo2.pdf,official_daily_result_pdf
202107060211,2021,中京,6,2,11,2021-12-05,https://www.jra.go.jp/datafile/seiseki/report/2021/2021-6chukyo2.pdf,official_daily_result_pdf
202107060212,2021,中京,6,2,12,2021-12-05,https://www.jra.go.jp/datafile/seiseki/report/2021/2021-6chukyo2.pdf,official_daily_result_pdf
202107060301,2021,中京,6,3,1,2021-12-11,https://www.jra.go.jp/datafile/seiseki/report/2021/2021-6chukyo3.pdf,official_daily_result_pdf
202107060302,2021,中京,6,3,2,2021-12-11,https://www.jra.go.jp/datafile/seiseki/report/2021/2021-6chukyo3.pdf,official_daily_result_pdf
202107060303,2021,中京,6,3,3,2021-12-11,https://www.jra.go.jp/datafile/seiseki/report/2021/2021-6chukyo3.pdf,official_daily_result_pdf
202107060304,2021,中京,6,3,4,2021-12-11,https://www.jra.go.jp/datafile/seiseki/report/2021/2021-6chukyo3.pdf,official_daily_result_pdf
202107060305,2021,中京,6,3,5,2021-12-11,https://www.jra.go.jp/datafile/seiseki/report/2021/2021-6chukyo3.pdf,official_daily_result_pdf
202107060306,2021,中京,6,3,6,2021-12-11,https://www.jra.go.jp/datafile/seiseki/report/2021/2021-6chukyo3.pdf,official_daily_result_pdf
202107060307,2021,中京,6,3,7,2021-12-11,https://www.jra.go.jp/datafile/seiseki/report/2021/2021-6chukyo3.pdf,official_daily_result_pdf
202107060308,2021,中京,6,3,8,2021-12-11,https://www.jra.go.jp/datafile/seiseki/report/2021/2021-6chukyo3.pdf,official_daily_result_pdf
202107060309,2021,中京,6,3,9,2021-12-11,https://www.jra.go.jp/datafile/seiseki/report/2021/2021-6chukyo3.pdf,official_daily_result_pdf
202107060310,2021,中京,6,3,10,2021-12-11,https://www.jra.go.jp/datafile/seiseki/report/2021/2021-6chukyo3.pdf,official_daily_result_pdf
202107060311,2021,中京,6,3,11,2021-12-11,https://www.jra.go.jp/datafile/seiseki/report/2021/2021-6chukyo3.pdf,official_daily_result_pdf
202107060312,2021,中京,6,3,12,2021-12-11,https://www.jra.go.jp/datafile/seiseki/report/2021/2021-6chukyo3.pdf,official_daily_result_pdf
202107060401,2021,中京,6,4,1,2021-12-12,https://www.jra.go.jp/datafile/seiseki/report/2021/2021-6chukyo4.pdf,official_daily_result_pdf
202107060402,2021,中京,6,4,2,2021-12-12,https://www.jra.go.jp/datafile/seiseki/report/2021/2021-6chukyo4.pdf,official_daily_result_pdf
202107060403,2021,中京,6,4,3,2021-12-12,https://www.jra.go.jp/datafile/seiseki/report/2021/2021-6chukyo4.pdf,official_daily_result_pdf
202107060404,2021,中京,6,4,4,2021-12-12,https://www.jra.go.jp/datafile/seiseki/report/2021/2021-6chukyo4.pdf,official_daily_result_pdf
202107060405,2021,中京,6,4,5,2021-12-12,https://www.jra.go.jp/datafile/seiseki/report/2021/2021-6chukyo4.pdf,official_daily_result_pdf
202107060406,2021,中京,6,4,6,2021-12-12,https://www.jra.go.jp/datafile/seiseki/report/2021/2021-6chukyo4.pdf,official_daily_result_pdf
202107060407,2021,中京,6,4,7,2021-12-12,https://www.jra.go.jp/datafile/seiseki/report/2021/2021-6chukyo4.pdf,official_daily_result_pdf
202107060408,2021,中京,6,4,8,2021-12-12,https://www.jra.go.jp/datafile/seiseki/report/2021/2021-6chukyo4.pdf,official_daily_result_pdf
202107060409,2021,中京,6,4,9,2021-12-12,https://www.jra.go.jp/datafile/seiseki/report/2021/2021-6chukyo4.pdf,official_daily_result_pdf
202107060410,2021,中京,6,4,10,2021-12-12,https://www.jra.go.jp/datafile/seiseki/report/2021/2021-6chukyo4.pdf,official_daily_result_pdf
202107060411,2021,中京,6,4,11,2021-12-12,https://www.jra.go.jp/datafile/seiseki/report/2021/2021-6chukyo4.pdf,official_daily_result_pdf
202107060412,2021,中京,6,4,12,2021-12-12,https://www.jra.go.jp/datafile/seiseki/report/2021/2021-6chukyo4.pdf,official_daily_result_pdf
202107060501,2021,中京,6,5,1,2021-12-18,https://www.jra.go.jp/datafile/seiseki/report/2021/2021-6chukyo5.pdf,official_daily_result_pdf
202107060502,2021,中京,6,5,2,2021-12-18,https://www.jra.go.jp/datafile/seiseki/report/2021/2021-6chukyo5.pdf,official_daily_result_pdf
202107060503,2021,中京,6,5,3,2021-12-18,https://www.jra.go.jp/datafile/seiseki/report/2021/2021-6chukyo5.pdf,official_daily_result_pdf
202107060504,2021,中京,6,5,4,2021-12-18,https://www.jra.go.jp/datafile/seiseki/report/2021/2021-6chukyo5.pdf,official_daily_result_pdf
202107060505,2021,中京,6,5,5,2021-12-18,https://www.jra.go.jp/datafile/seiseki/report/2021/2021-6chukyo5.pdf,official_daily_result_pdf
202107060506,2021,中京,6,5,6,2021-12-18,https://www.jra.go.jp/datafile/seiseki/report/2021/2021-6chukyo5.pdf,official_daily_result_pdf
202107060507,2021,中京,6,5,7,2021-12-18,https://www.jra.go.jp/datafile/seiseki/report/2021/2021-6chukyo5.pdf,official_daily_result_pdf
202107060508,2021,中京,6,5,8,2021-12-18,https://www.jra.go.jp/datafile/seiseki/report/2021/2021-6chukyo5.pdf,official_daily_result_pdf
202107060509,2021,中京,6,5,9,2021-12-18,https://www.jra.go.jp/datafile/seiseki/report/2021/2021-6chukyo5.pdf,official_daily_result_pdf
202107060510,2021,中京,6,5,10,2021-12-18,https://www.jra.go.jp/datafile/seiseki/report/2021/2021-6chukyo5.pdf,official_daily_result_pdf
202107060511,2021,中京,6,5,11,2021-12-18,https://www.jra.go.jp/datafile/seiseki/report/2021/2021-6chukyo5.pdf,official_daily_result_pdf
202107060512,2021,中京,6,5,12,2021-12-18,https://www.jra.go.jp/datafile/seiseki/report/2021/2021-6chukyo5.pdf,official_daily_result_pdf
202107060601,2021,中京,6,6,1,2021-12-19,https://www.jra.go.jp/datafile/seiseki/report/2021/2021-6chukyo6.pdf,official_daily_result_pdf
202107060602,2021,中京,6,6,2,2021-12-19,https://www.jra.go.jp/datafile/seiseki/report/2021/2021-6chukyo6.pdf,official_daily_result_pdf
202107060603,2021,中京,6,6,3,2021-12-19,https://www.jra.go.jp/datafile/seiseki/report/2021/2021-6chukyo6.pdf,official_daily_result_pdf
202107060604,2021,中京,6,6,4,2021-12-19,https://www.jra.go.jp/datafile/seiseki/report/2021/2021-6chukyo6.pdf,official_daily_result_pdf
202107060605,2021,中京,6,6,5,2021-12-19,https://www.jra.go.jp/datafile/seiseki/report/2021/2021-6chukyo6.pdf,official_daily_result_pdf
202107060606,2021,中京,6,6,6,2021-12-19,https://www.jra.go.jp/datafile/seiseki/report/2021/2021-6chukyo6.pdf,official_daily_result_pdf
202107060607,2021,中京,6,6,7,2021-12-19,https://www.jra.go.jp/datafile/seiseki/report/2021/2021-6chukyo6.pdf,official_daily_result_pdf
202107060608,2021,中京,6,6,8,2021-12-19,https://www.jra.go.jp/datafile/seiseki/report/2021/2021-6chukyo6.pdf,official_daily_result_pdf
202107060609,2021,中京,6,6,9,2021-12-19,https://www.jra.go.jp/datafile/seiseki/report/2021/2021-6chukyo6.pdf,official_daily_result_pdf
202107060610,2021,中京,6,6,10,2021-12-19,https://www.jra.go.jp/datafile/seiseki/report/2021/2021-6chukyo6.pdf,official_daily_result_pdf
202107060611,2021,中京,6,6,11,2021-12-19,https://www.jra.go.jp/datafile/seiseki/report/2021/2021-6chukyo6.pdf,official_daily_result_pdf
202107060612,2021,中京,6,6,12,2021-12-19,https://www.jra.go.jp/datafile/seiseki/report/2021/2021-6chukyo6.pdf,official_daily_result_pdf
202109010101,2021,阪神,1,1,1,2021-02-13,https://www.jra.go.jp/datafile/seiseki/report/2021/2021-1hanshin1.pdf,official_daily_result_pdf
202109010102,2021,阪神,1,1,2,2021-02-13,https://www.jra.go.jp/datafile/seiseki/report/2021/2021-1hanshin1.pdf,official_daily_result_pdf
202109010103,2021,阪神,1,1,3,2021-02-13,https://www.jra.go.jp/datafile/seiseki/report/2021/2021-1hanshin1.pdf,official_daily_result_pdf
202109010104,2021,阪神,1,1,4,2021-02-13,https://www.jra.go.jp/datafile/seiseki/report/2021/2021-1hanshin1.pdf,official_daily_result_pdf
202109010105,2021,阪神,1,1,5,2021-02-13,https://www.jra.go.jp/datafile/seiseki/report/2021/2021-1hanshin1.pdf,official_daily_result_pdf
202109010106,2021,阪神,1,1,6,2021-02-13,https://www.jra.go.jp/datafile/seiseki/report/2021/2021-1hanshin1.pdf,official_daily_result_pdf
202109010107,2021,阪神,1,1,7,2021-02-13,https://www.jra.go.jp/datafile/seiseki/report/2021/2021-1hanshin1.pdf,official_daily_result_pdf
202109010108,2021,阪神,1,1,8,2021-02-13,https://www.jra.go.jp/datafile/seiseki/report/2021/2021-1hanshin1.pdf,official_daily_result_pdf
202109010109,2021,阪神,1,1,9,2021-02-13,https://www.jra.go.jp/datafile/seiseki/report/2021/2021-1hanshin1.pdf,official_daily_result_pdf
202109010110,2021,阪神,1,1,10,2021-02-13,https://www.jra.go.jp/datafile/seiseki/report/2021/2021-1hanshin1.pdf,official_daily_result_pdf
202109010111,2021,阪神,1,1,11,2021-02-13,https://www.jra.go.jp/datafile/seiseki/report/2021/2021-1hanshin1.pdf,official_daily_result_pdf
202109010112,2021,阪神,1,1,12,2021-02-13,https://www.jra.go.jp/datafile/seiseki/report/2021/2021-1hanshin1.pdf,official_daily_result_pdf
202109010201,2021,阪神,1,2,1,2021-02-14,https://www.jra.go.jp/datafile/seiseki/report/2021/2021-1hanshin2.pdf,official_daily_result_pdf
202109010202,2021,阪神,1,2,2,2021-02-14,https://www.jra.go.jp/datafile/seiseki/report/2021/2021-1hanshin2.pdf,official_daily_result_pdf
202109010203,2021,阪神,1,2,3,2021-02-14,https://www.jra.go.jp/datafile/seiseki/report/2021/2021-1hanshin2.pdf,official_daily_result_pdf
202109010204,2021,阪神,1,2,4,2021-02-14,https://www.jra.go.jp/datafile/seiseki/report/2021/2021-1hanshin2.pdf,official_daily_result_pdf
202109010205,2021,阪神,1,2,5,2021-02-14,https://www.jra.go.jp/datafile/seiseki/report/2021/2021-1hanshin2.pdf,official_daily_result_pdf
202109010206,2021,阪神,1,2,6,2021-02-14,https://www.jra.go.jp/datafile/seiseki/report/2021/2021-1hanshin2.pdf,official_daily_result_pdf
202109010207,2021,阪神,1,2,7,2021-02-14,https://www.jra.go.jp/datafile/seiseki/report/2021/2021-1hanshin2.pdf,official_daily_result_pdf
202109010208,2021,阪神,1,2,8,2021-02-14,https://www.jra.go.jp/datafile/seiseki/report/2021/2021-1hanshin2.pdf,official_daily_result_pdf
202109010209,2021,阪神,1,2,9,2021-02-14,https://www.jra.go.jp/datafile/seiseki/report/2021/2021-1hanshin2.pdf,official_daily_result_pdf
202109010210,2021,阪神,1,2,10,2021-02-14,https://www.jra.go.jp/datafile/seiseki/report/2021/2021-1hanshin2.pdf,official_daily_result_pdf
202109010211,2021,阪神,1,2,11,2021-02-14,https://www.jra.go.jp/datafile/seiseki/report/2021/2021-1hanshin2.pdf,official_daily_result_pdf
202109010212,2021,阪神,1,2,12,2021-02-14,https://www.jra.go.jp/datafile/seiseki/report/2021/2021-1hanshin2.pdf,official_daily_result_pdf
202109010301,2021,阪神,1,3,1,2021-02-20,https://www.jra.go.jp/datafile/seiseki/report/2021/2021-1hanshin3.pdf,official_daily_result_pdf
202109010302,2021,阪神,1,3,2,2021-02-20,https://www.jra.go.jp/datafile/seiseki/report/2021/2021-1hanshin3.pdf,official_daily_result_pdf
202109010303,2021,阪神,1,3,3,2021-02-20,https://www.jra.go.jp/datafile/seiseki/report/2021/2021-1hanshin3.pdf,official_daily_result_pdf
202109010304,2021,阪神,1,3,4,2021-02-20,https://www.jra.go.jp/datafile/seiseki/report/2021/2021-1hanshin3.pdf,official_daily_result_pdf
202109010305,2021,阪神,1,3,5,2021-02-20,https://www.jra.go.jp/datafile/seiseki/report/2021/2021-1hanshin3.pdf,official_daily_result_pdf
202109010306,2021,阪神,1,3,6,2021-02-20,https://www.jra.go.jp/datafile/seiseki/report/2021/2021-1hanshin3.pdf,official_daily_result_pdf
202109010307,2021,阪神,1,3,7,2021-02-20,https://www.jra.go.jp/datafile/seiseki/report/2021/2021-1hanshin3.pdf,official_daily_result_pdf
202109010308,2021,阪神,1,3,8,2021-02-20,https://www.jra.go.jp/datafile/seiseki/report/2021/2021-1hanshin3.pdf,official_daily_result_pdf
202109010309,2021,阪神,1,3,9,2021-02-20,https://www.jra.go.jp/datafile/seiseki/report/2021/2021-1hanshin3.pdf,official_daily_result_pdf
202109010310,2021,阪神,1,3,10,2021-02-20,https://www.jra.go.jp/datafile/seiseki/report/2021/2021-1hanshin3.pdf,official_daily_result_pdf
202109010311,2021,阪神,1,3,11,2021-02-20,https://www.jra.go.jp/datafile/seiseki/report/2021/2021-1hanshin3.pdf,official_daily_result_pdf
202109010312,2021,阪神,1,3,12,2021-02-20,https://www.jra.go.jp/datafile/seiseki/report/2021/2021-1hanshin3.pdf,official_daily_result_pdf
202109010401,2021,阪神,1,4,1,2021-02-21,https://www.jra.go.jp/datafile/seiseki/report/2021/2021-1hanshin4.pdf,official_daily_result_pdf
202109010402,2021,阪神,1,4,2,2021-02-21,https://www.jra.go.jp/datafile/seiseki/report/2021/2021-1hanshin4.pdf,official_daily_result_pdf
202109010403,2021,阪神,1,4,3,2021-02-21,https://www.jra.go.jp/datafile/seiseki/report/2021/2021-1hanshin4.pdf,official_daily_result_pdf
202109010404,2021,阪神,1,4,4,2021-02-21,https://www.jra.go.jp/datafile/seiseki/report/2021/2021-1hanshin4.pdf,official_daily_result_pdf
202109010405,2021,阪神,1,4,5,2021-02-21,https://www.jra.go.jp/datafile/seiseki/report/2021/2021-1hanshin4.pdf,official_daily_result_pdf
202109010406,2021,阪神,1,4,6,2021-02-21,https://www.jra.go.jp/datafile/seiseki/report/2021/2021-1hanshin4.pdf,official_daily_result_pdf
202109010407,2021,阪神,1,4,7,2021-02-21,https://www.jra.go.jp/datafile/seiseki/report/2021/2021-1hanshin4.pdf,official_daily_result_pdf
202109010408,2021,阪神,1,4,8,2021-02-21,https://www.jra.go.jp/datafile/seiseki/report/2021/2021-1hanshin4.pdf,official_daily_result_pdf
202109010409,2021,阪神,1,4,9,2021-02-21,https://www.jra.go.jp/datafile/seiseki/report/2021/2021-1hanshin4.pdf,official_daily_result_pdf
202109010410,2021,阪神,1,4,10,2021-02-21,https://www.jra.go.jp/datafile/seiseki/report/2021/2021-1hanshin4.pdf,official_daily_result_pdf
202109010411,2021,阪神,1,4,11,2021-02-21,https://www.jra.go.jp/datafile/seiseki/report/2021/2021-1hanshin4.pdf,official_daily_result_pdf
202109010412,2021,阪神,1,4,12,2021-02-21,https://www.jra.go.jp/datafile/seiseki/report/2021/2021-1hanshin4.pdf,official_daily_result_pdf
202109010501,2021,阪神,1,5,1,2021-02-27,https://www.jra.go.jp/datafile/seiseki/report/2021/2021-1hanshin5.pdf,official_daily_result_pdf
202109010502,2021,阪神,1,5,2,2021-02-27,https://www.jra.go.jp/datafile/seiseki/report/2021/2021-1hanshin5.pdf,official_daily_result_pdf
202109010503,2021,阪神,1,5,3,2021-02-27,https://www.jra.go.jp/datafile/seiseki/report/2021/2021-1hanshin5.pdf,official_daily_result_pdf
202109010504,2021,阪神,1,5,4,2021-02-27,https://www.jra.go.jp/datafile/seiseki/report/2021/2021-1hanshin5.pdf,official_daily_result_pdf
202109010505,2021,阪神,1,5,5,2021-02-27,https://www.jra.go.jp/datafile/seiseki/report/2021/2021-1hanshin5.pdf,official_daily_result_pdf
202109010506,2021,阪神,1,5,6,2021-02-27,https://www.jra.go.jp/datafile/seiseki/report/2021/2021-1hanshin5.pdf,official_daily_result_pdf
202109010507,2021,阪神,1,5,7,2021-02-27,https://www.jra.go.jp/datafile/seiseki/report/2021/2021-1hanshin5.pdf,official_daily_result_pdf
202109010508,2021,阪神,1,5,8,2021-02-27,https://www.jra.go.jp/datafile/seiseki/report/2021/2021-1hanshin5.pdf,official_daily_result_pdf
202109010509,2021,阪神,1,5,9,2021-02-27,https://www.jra.go.jp/datafile/seiseki/report/2021/2021-1hanshin5.pdf,official_daily_result_pdf
202109010510,2021,阪神,1,5,10,2021-02-27,https://www.jra.go.jp/datafile/seiseki/report/2021/2021-1hanshin5.pdf,official_daily_result_pdf
202109010511,2021,阪神,1,5,11,2021-02-27,https://www.jra.go.jp/datafile/seiseki/report/2021/2021-1hanshin5.pdf,official_daily_result_pdf
202109010512,2021,阪神,1,5,12,2021-02-27,https://www.jra.go.jp/datafile/seiseki/report/2021/2021-1hanshin5.pdf,official_daily_result_pdf
202109010601,2021,阪神,1,6,1,2021-02-28,https://www.jra.go.jp/datafile/seiseki/report/2021/2021-1hanshin6.pdf,official_daily_result_pdf
202109010602,2021,阪神,1,6,2,2021-02-28,https://www.jra.go.jp/datafile/seiseki/report/2021/2021-1hanshin6.pdf,official_daily_result_pdf
202109010603,2021,阪神,1,6,3,2021-02-28,https://www.jra.go.jp/datafile/seiseki/report/2021/2021-1hanshin6.pdf,official_daily_result_pdf
202109010604,2021,阪神,1,6,4,2021-02-28,https://www.jra.go.jp/datafile/seiseki/report/2021/2021-1hanshin6.pdf,official_daily_result_pdf
202109010605,2021,阪神,1,6,5,2021-02-28,https://www.jra.go.jp/datafile/seiseki/report/2021/2021-1hanshin6.pdf,official_daily_result_pdf
202109010606,2021,阪神,1,6,6,2021-02-28,https://www.jra.go.jp/datafile/seiseki/report/2021/2021-1hanshin6.pdf,official_daily_result_pdf
202109010607,2021,阪神,1,6,7,2021-02-28,https://www.jra.go.jp/datafile/seiseki/report/2021/2021-1hanshin6.pdf,official_daily_result_pdf
202109010608,2021,阪神,1,6,8,2021-02-28,https://www.jra.go.jp/datafile/seiseki/report/2021/2021-1hanshin6.pdf,official_daily_result_pdf
202109010609,2021,阪神,1,6,9,2021-02-28,https://www.jra.go.jp/datafile/seiseki/report/2021/2021-1hanshin6.pdf,official_daily_result_pdf
202109010610,2021,阪神,1,6,10,2021-02-28,https://www.jra.go.jp/datafile/seiseki/report/2021/2021-1hanshin6.pdf,official_daily_result_pdf
202109010611,2021,阪神,1,6,11,2021-02-28,https://www.jra.go.jp/datafile/seiseki/report/2021/2021-1hanshin6.pdf,official_daily_result_pdf
202109010612,2021,阪神,1,6,12,2021-02-28,https://www.jra.go.jp/datafile/seiseki/report/2021/2021-1hanshin6.pdf,official_daily_result_pdf
202109010701,2021,阪神,1,7,1,2021-03-06,https://www.jra.go.jp/datafile/seiseki/report/2021/2021-1hanshin7.pdf,official_daily_result_pdf
202109010702,2021,阪神,1,7,2,2021-03-06,https://www.jra.go.jp/datafile/seiseki/report/2021/2021-1hanshin7.pdf,official_daily_result_pdf
202109010703,2021,阪神,1,7,3,2021-03-06,https://www.jra.go.jp/datafile/seiseki/report/2021/2021-1hanshin7.pdf,official_daily_result_pdf
202109010704,2021,阪神,1,7,4,2021-03-06,https://www.jra.go.jp/datafile/seiseki/report/2021/2021-1hanshin7.pdf,official_daily_result_pdf
202109010705,2021,阪神,1,7,5,2021-03-06,https://www.jra.go.jp/datafile/seiseki/report/2021/2021-1hanshin7.pdf,official_daily_result_pdf
202109010706,2021,阪神,1,7,6,2021-03-06,https://www.jra.go.jp/datafile/seiseki/report/2021/2021-1hanshin7.pdf,official_daily_result_pdf
202109010707,2021,阪神,1,7,7,2021-03-06,https://www.jra.go.jp/datafile/seiseki/report/2021/2021-1hanshin7.pdf,official_daily_result_pdf
202109010708,2021,阪神,1,7,8,2021-03-06,https://www.jra.go.jp/datafile/seiseki/report/2021/2021-1hanshin7.pdf,official_daily_result_pdf
202109010709,2021,阪神,1,7,9,2021-03-06,https://www.jra.go.jp/datafile/seiseki/report/2021/2021-1hanshin7.pdf,official_daily_result_pdf
202109010710,2021,阪神,1,7,10,2021-03-06,https://www.jra.go.jp/datafile/seiseki/report/2021/2021-1hanshin7.pdf,official_daily_result_pdf
202109010711,2021,阪神,1,7,11,2021-03-06,https://www.jra.go.jp/datafile/seiseki/report/2021/2021-1hanshin7.pdf,official_daily_result_pdf
202109010712,2021,阪神,1,7,12,2021-03-06,https://www.jra.go.jp/datafile/seiseki/report/2021/2021-1hanshin7.pdf,official_daily_result_pdf
202109010801,2021,阪神,1,8,1,2021-03-07,https://www.jra.go.jp/datafile/seiseki/report/2021/2021-1hanshin8.pdf,official_daily_result_pdf
202109010802,2021,阪神,1,8,2,2021-03-07,https://www.jra.go.jp/datafile/seiseki/report/2021/2021-1hanshin8.pdf,official_daily_result_pdf
202109010803,2021,阪神,1,8,3,2021-03-07,https://www.jra.go.jp/datafile/seiseki/report/2021/2021-1hanshin8.pdf,official_daily_result_pdf
202109010804,2021,阪神,1,8,4,2021-03-07,https://www.jra.go.jp/datafile/seiseki/report/2021/2021-1hanshin8.pdf,official_daily_result_pdf
202109010805,2021,阪神,1,8,5,2021-03-07,https://www.jra.go.jp/datafile/seiseki/report/2021/2021-1hanshin8.pdf,official_daily_result_pdf
202109010806,2021,阪神,1,8,6,2021-03-07,https://www.jra.go.jp/datafile/seiseki/report/2021/2021-1hanshin8.pdf,official_daily_result_pdf
202109010807,2021,阪神,1,8,7,2021-03-07,https://www.jra.go.jp/datafile/seiseki/report/2021/2021-1hanshin8.pdf,official_daily_result_pdf
202109010808,2021,阪神,1,8,8,2021-03-07,https://www.jra.go.jp/datafile/seiseki/report/2021/2021-1hanshin8.pdf,official_daily_result_pdf
202109010809,2021,阪神,1,8,9,2021-03-07,https://www.jra.go.jp/datafile/seiseki/report/2021/2021-1hanshin8.pdf,official_daily_result_pdf
202109010810,2021,阪神,1,8,10,2021-03-07,https://www.jra.go.jp/datafile/seiseki/report/2021/2021-1hanshin8.pdf,official_daily_result_pdf
202109010811,2021,阪神,1,8,11,2021-03-07,https://www.jra.go.jp/datafile/seiseki/report/2021/2021-1hanshin8.pdf,official_daily_result_pdf
202109010812,2021,阪神,1,8,12,2021-03-07,https://www.jra.go.jp/datafile/seiseki/report/2021/2021-1hanshin8.pdf,official_daily_result_pdf
202109010901,2021,阪神,1,9,1,2021-03-13,https://www.jra.go.jp/datafile/seiseki/report/2021/2021-1hanshin9.pdf,official_daily_result_pdf
202109010902,2021,阪神,1,9,2,2021-03-13,https://www.jra.go.jp/datafile/seiseki/report/2021/2021-1hanshin9.pdf,official_daily_result_pdf
202109010903,2021,阪神,1,9,3,2021-03-13,https://www.jra.go.jp/datafile/seiseki/report/2021/2021-1hanshin9.pdf,official_daily_result_pdf
202109010904,2021,阪神,1,9,4,2021-03-13,https://www.jra.go.jp/datafile/seiseki/report/2021/2021-1hanshin9.pdf,official_daily_result_pdf
202109010905,2021,阪神,1,9,5,2021-03-13,https://www.jra.go.jp/datafile/seiseki/report/2021/2021-1hanshin9.pdf,official_daily_result_pdf
202109010906,2021,阪神,1,9,6,2021-03-13,https://www.jra.go.jp/datafile/seiseki/report/2021/2021-1hanshin9.pdf,official_daily_result_pdf
202109010907,2021,阪神,1,9,7,2021-03-13,https://www.jra.go.jp/datafile/seiseki/report/2021/2021-1hanshin9.pdf,official_daily_result_pdf
202109010908,2021,阪神,1,9,8,2021-03-13,https://www.jra.go.jp/datafile/seiseki/report/2021/2021-1hanshin9.pdf,official_daily_result_pdf
202109010909,2021,阪神,1,9,9,2021-03-13,https://www.jra.go.jp/datafile/seiseki/report/2021/2021-1hanshin9.pdf,official_daily_result_pdf
202109010910,2021,阪神,1,9,10,2021-03-13,https://www.jra.go.jp/datafile/seiseki/report/2021/2021-1hanshin9.pdf,official_daily_result_pdf
202109010911,2021,阪神,1,9,11,2021-03-13,https://www.jra.go.jp/datafile/seiseki/report/2021/2021-1hanshin9.pdf,official_daily_result_pdf
202109010912,2021,阪神,1,9,12,2021-03-13,https://www.jra.go.jp/datafile/seiseki/report/2021/2021-1hanshin9.pdf,official_daily_result_pdf
202109011001,2021,阪神,1,10,1,2021-03-14,https://www.jra.go.jp/datafile/seiseki/report/2021/2021-1hanshin10.pdf,official_daily_result_pdf
202109011002,2021,阪神,1,10,2,2021-03-14,https://www.jra.go.jp/datafile/seiseki/report/2021/2021-1hanshin10.pdf,official_daily_result_pdf
202109011003,2021,阪神,1,10,3,2021-03-14,https://www.jra.go.jp/datafile/seiseki/report/2021/2021-1hanshin10.pdf,official_daily_result_pdf
202109011004,2021,阪神,1,10,4,2021-03-14,https://www.jra.go.jp/datafile/seiseki/report/2021/2021-1hanshin10.pdf,official_daily_result_pdf
202109011005,2021,阪神,1,10,5,2021-03-14,https://www.jra.go.jp/datafile/seiseki/report/2021/2021-1hanshin10.pdf,official_daily_result_pdf
202109011006,2021,阪神,1,10,6,2021-03-14,https://www.jra.go.jp/datafile/seiseki/report/2021/2021-1hanshin10.pdf,official_daily_result_pdf
202109011007,2021,阪神,1,10,7,2021-03-14,https://www.jra.go.jp/datafile/seiseki/report/2021/2021-1hanshin10.pdf,official_daily_result_pdf
202109011008,2021,阪神,1,10,8,2021-03-14,https://www.jra.go.jp/datafile/seiseki/report/2021/2021-1hanshin10.pdf,official_daily_result_pdf
202109011009,2021,阪神,1,10,9,2021-03-14,https://www.jra.go.jp/datafile/seiseki/report/2021/2021-1hanshin10.pdf,official_daily_result_pdf
202109011010,2021,阪神,1,10,10,2021-03-14,https://www.jra.go.jp/datafile/seiseki/report/2021/2021-1hanshin10.pdf,official_daily_result_pdf
202109011011,2021,阪神,1,10,11,2021-03-14,https://www.jra.go.jp/datafile/seiseki/report/2021/2021-1hanshin10.pdf,official_daily_result_pdf
202109011012,2021,阪神,1,10,12,2021-03-14,https://www.jra.go.jp/datafile/seiseki/report/2021/2021-1hanshin10.pdf,official_daily_result_pdf
202109011101,2021,阪神,1,11,1,2021-03-20,https://www.jra.go.jp/datafile/seiseki/report/2021/2021-1hanshin11.pdf,official_daily_result_pdf
202109011102,2021,阪神,1,11,2,2021-03-20,https://www.jra.go.jp/datafile/seiseki/report/2021/2021-1hanshin11.pdf,official_daily_result_pdf
202109011103,2021,阪神,1,11,3,2021-03-20,https://www.jra.go.jp/datafile/seiseki/report/2021/2021-1hanshin11.pdf,official_daily_result_pdf
202109011104,2021,阪神,1,11,4,2021-03-20,https://www.jra.go.jp/datafile/seiseki/report/2021/2021-1hanshin11.pdf,official_daily_result_pdf
202109011105,2021,阪神,1,11,5,2021-03-20,https://www.jra.go.jp/datafile/seiseki/report/2021/2021-1hanshin11.pdf,official_daily_result_pdf
202109011106,2021,阪神,1,11,6,2021-03-20,https://www.jra.go.jp/datafile/seiseki/report/2021/2021-1hanshin11.pdf,official_daily_result_pdf
202109011107,2021,阪神,1,11,7,2021-03-20,https://www.jra.go.jp/datafile/seiseki/report/2021/2021-1hanshin11.pdf,official_daily_result_pdf
202109011108,2021,阪神,1,11,8,2021-03-20,https://www.jra.go.jp/datafile/seiseki/report/2021/2021-1hanshin11.pdf,official_daily_result_pdf
202109011109,2021,阪神,1,11,9,2021-03-20,https://www.jra.go.jp/datafile/seiseki/report/2021/2021-1hanshin11.pdf,official_daily_result_pdf
202109011110,2021,阪神,1,11,10,2021-03-20,https://www.jra.go.jp/datafile/seiseki/report/2021/2021-1hanshin11.pdf,official_daily_result_pdf
202109011111,2021,阪神,1,11,11,2021-03-20,https://www.jra.go.jp/datafile/seiseki/report/2021/2021-1hanshin11.pdf,official_daily_result_pdf
202109011112,2021,阪神,1,11,12,2021-03-20,https://www.jra.go.jp/datafile/seiseki/report/2021/2021-1hanshin11.pdf,official_daily_result_pdf
202109011201,2021,阪神,1,12,1,2021-03-21,https://www.jra.go.jp/datafile/seiseki/report/2021/2021-1hanshin12.pdf,official_daily_result_pdf
202109011202,2021,阪神,1,12,2,2021-03-21,https://www.jra.go.jp/datafile/seiseki/report/2021/2021-1hanshin12.pdf,official_daily_result_pdf
202109011203,2021,阪神,1,12,3,2021-03-21,https://www.jra.go.jp/datafile/seiseki/report/2021/2021-1hanshin12.pdf,official_daily_result_pdf
202109011204,2021,阪神,1,12,4,2021-03-21,https://www.jra.go.jp/datafile/seiseki/report/2021/2021-1hanshin12.pdf,official_daily_result_pdf
202109011205,2021,阪神,1,12,5,2021-03-21,https://www.jra.go.jp/datafile/seiseki/report/2021/2021-1hanshin12.pdf,official_daily_result_pdf
202109011206,2021,阪神,1,12,6,2021-03-21,https://www.jra.go.jp/datafile/seiseki/report/2021/2021-1hanshin12.pdf,official_daily_result_pdf
202109011207,2021,阪神,1,12,7,2021-03-21,https://www.jra.go.jp/datafile/seiseki/report/2021/2021-1hanshin12.pdf,official_daily_result_pdf
202109011208,2021,阪神,1,12,8,2021-03-21,https://www.jra.go.jp/datafile/seiseki/report/2021/2021-1hanshin12.pdf,official_daily_result_pdf
202109011209,2021,阪神,1,12,9,2021-03-21,https://www.jra.go.jp/datafile/seiseki/report/2021/2021-1hanshin12.pdf,official_daily_result_pdf
202109011210,2021,阪神,1,12,10,2021-03-21,https://www.jra.go.jp/datafile/seiseki/report/2021/2021-1hanshin12.pdf,official_daily_result_pdf
202109011211,2021,阪神,1,12,11,2021-03-21,https://www.jra.go.jp/datafile/seiseki/report/2021/2021-1hanshin12.pdf,official_daily_result_pdf
202109011212,2021,阪神,1,12,12,2021-03-21,https://www.jra.go.jp/datafile/seiseki/report/2021/2021-1hanshin12.pdf,official_daily_result_pdf
202109020101,2021,阪神,2,1,1,2021-03-27,https://www.jra.go.jp/datafile/seiseki/report/2021/2021-2hanshin1.pdf,official_daily_result_pdf
202109020102,2021,阪神,2,1,2,2021-03-27,https://www.jra.go.jp/datafile/seiseki/report/2021/2021-2hanshin1.pdf,official_daily_result_pdf
202109020103,2021,阪神,2,1,3,2021-03-27,https://www.jra.go.jp/datafile/seiseki/report/2021/2021-2hanshin1.pdf,official_daily_result_pdf
202109020104,2021,阪神,2,1,4,2021-03-27,https://www.jra.go.jp/datafile/seiseki/report/2021/2021-2hanshin1.pdf,official_daily_result_pdf
202109020105,2021,阪神,2,1,5,2021-03-27,https://www.jra.go.jp/datafile/seiseki/report/2021/2021-2hanshin1.pdf,official_daily_result_pdf
202109020106,2021,阪神,2,1,6,2021-03-27,https://www.jra.go.jp/datafile/seiseki/report/2021/2021-2hanshin1.pdf,official_daily_result_pdf
202109020107,2021,阪神,2,1,7,2021-03-27,https://www.jra.go.jp/datafile/seiseki/report/2021/2021-2hanshin1.pdf,official_daily_result_pdf
202109020108,2021,阪神,2,1,8,2021-03-27,https://www.jra.go.jp/datafile/seiseki/report/2021/2021-2hanshin1.pdf,official_daily_result_pdf
202109020109,2021,阪神,2,1,9,2021-03-27,https://www.jra.go.jp/datafile/seiseki/report/2021/2021-2hanshin1.pdf,official_daily_result_pdf
202109020110,2021,阪神,2,1,10,2021-03-27,https://www.jra.go.jp/datafile/seiseki/report/2021/2021-2hanshin1.pdf,official_daily_result_pdf
202109020111,2021,阪神,2,1,11,2021-03-27,https://www.jra.go.jp/datafile/seiseki/report/2021/2021-2hanshin1.pdf,official_daily_result_pdf
202109020112,2021,阪神,2,1,12,2021-03-27,https://www.jra.go.jp/datafile/seiseki/report/2021/2021-2hanshin1.pdf,official_daily_result_pdf
202109020201,2021,阪神,2,2,1,2021-03-28,https://www.jra.go.jp/datafile/seiseki/report/2021/2021-2hanshin2.pdf,official_daily_result_pdf
202109020202,2021,阪神,2,2,2,2021-03-28,https://www.jra.go.jp/datafile/seiseki/report/2021/2021-2hanshin2.pdf,official_daily_result_pdf
202109020203,2021,阪神,2,2,3,2021-03-28,https://www.jra.go.jp/datafile/seiseki/report/2021/2021-2hanshin2.pdf,official_daily_result_pdf
202109020204,2021,阪神,2,2,4,2021-03-28,https://www.jra.go.jp/datafile/seiseki/report/2021/2021-2hanshin2.pdf,official_daily_result_pdf
202109020205,2021,阪神,2,2,5,2021-03-28,https://www.jra.go.jp/datafile/seiseki/report/2021/2021-2hanshin2.pdf,official_daily_result_pdf
202109020206,2021,阪神,2,2,6,2021-03-28,https://www.jra.go.jp/datafile/seiseki/report/2021/2021-2hanshin2.pdf,official_daily_result_pdf
202109020207,2021,阪神,2,2,7,2021-03-28,https://www.jra.go.jp/datafile/seiseki/report/2021/2021-2hanshin2.pdf,official_daily_result_pdf
202109020208,2021,阪神,2,2,8,2021-03-28,https://www.jra.go.jp/datafile/seiseki/report/2021/2021-2hanshin2.pdf,official_daily_result_pdf
202109020209,2021,阪神,2,2,9,2021-03-28,https://www.jra.go.jp/datafile/seiseki/report/2021/2021-2hanshin2.pdf,official_daily_result_pdf
202109020210,2021,阪神,2,2,10,2021-03-28,https://www.jra.go.jp/datafile/seiseki/report/2021/2021-2hanshin2.pdf,official_daily_result_pdf
202109020211,2021,阪神,2,2,11,2021-03-28,https://www.jra.go.jp/datafile/seiseki/report/2021/2021-2hanshin2.pdf,official_daily_result_pdf
202109020212,2021,阪神,2,2,12,2021-03-28,https://www.jra.go.jp/datafile/seiseki/report/2021/2021-2hanshin2.pdf,official_daily_result_pdf
202109020301,2021,阪神,2,3,1,2021-04-03,https://www.jra.go.jp/datafile/seiseki/report/2021/2021-2hanshin3.pdf,official_daily_result_pdf
202109020302,2021,阪神,2,3,2,2021-04-03,https://www.jra.go.jp/datafile/seiseki/report/2021/2021-2hanshin3.pdf,official_daily_result_pdf
202109020303,2021,阪神,2,3,3,2021-04-03,https://www.jra.go.jp/datafile/seiseki/report/2021/2021-2hanshin3.pdf,official_daily_result_pdf
202109020304,2021,阪神,2,3,4,2021-04-03,https://www.jra.go.jp/datafile/seiseki/report/2021/2021-2hanshin3.pdf,official_daily_result_pdf
202109020305,2021,阪神,2,3,5,2021-04-03,https://www.jra.go.jp/datafile/seiseki/report/2021/2021-2hanshin3.pdf,official_daily_result_pdf
202109020306,2021,阪神,2,3,6,2021-04-03,https://www.jra.go.jp/datafile/seiseki/report/2021/2021-2hanshin3.pdf,official_daily_result_pdf
202109020307,2021,阪神,2,3,7,2021-04-03,https://www.jra.go.jp/datafile/seiseki/report/2021/2021-2hanshin3.pdf,official_daily_result_pdf
202109020308,2021,阪神,2,3,8,2021-04-03,https://www.jra.go.jp/datafile/seiseki/report/2021/2021-2hanshin3.pdf,official_daily_result_pdf
202109020309,2021,阪神,2,3,9,2021-04-03,https://www.jra.go.jp/datafile/seiseki/report/2021/2021-2hanshin3.pdf,official_daily_result_pdf
202109020310,2021,阪神,2,3,10,2021-04-03,https://www.jra.go.jp/datafile/seiseki/report/2021/2021-2hanshin3.pdf,official_daily_result_pdf
202109020311,2021,阪神,2,3,11,2021-04-03,https://www.jra.go.jp/datafile/seiseki/report/2021/2021-2hanshin3.pdf,official_daily_result_pdf
202109020312,2021,阪神,2,3,12,2021-04-03,https://www.jra.go.jp/datafile/seiseki/report/2021/2021-2hanshin3.pdf,official_daily_result_pdf
202109020401,2021,阪神,2,4,1,2021-04-04,https://www.jra.go.jp/datafile/seiseki/report/2021/2021-2hanshin4.pdf,official_daily_result_pdf
202109020402,2021,阪神,2,4,2,2021-04-04,https://www.jra.go.jp/datafile/seiseki/report/2021/2021-2hanshin4.pdf,official_daily_result_pdf
202109020403,2021,阪神,2,4,3,2021-04-04,https://www.jra.go.jp/datafile/seiseki/report/2021/2021-2hanshin4.pdf,official_daily_result_pdf
202109020404,2021,阪神,2,4,4,2021-04-04,https://www.jra.go.jp/datafile/seiseki/report/2021/2021-2hanshin4.pdf,official_daily_result_pdf
202109020405,2021,阪神,2,4,5,2021-04-04,https://www.jra.go.jp/datafile/seiseki/report/2021/2021-2hanshin4.pdf,official_daily_result_pdf
202109020406,2021,阪神,2,4,6,2021-04-04,https://www.jra.go.jp/datafile/seiseki/report/2021/2021-2hanshin4.pdf,official_daily_result_pdf
202109020407,2021,阪神,2,4,7,2021-04-04,https://www.jra.go.jp/datafile/seiseki/report/2021/2021-2hanshin4.pdf,official_daily_result_pdf
202109020408,2021,阪神,2,4,8,2021-04-04,https://www.jra.go.jp/datafile/seiseki/report/2021/2021-2hanshin4.pdf,official_daily_result_pdf
202109020409,2021,阪神,2,4,9,2021-04-04,https://www.jra.go.jp/datafile/seiseki/report/2021/2021-2hanshin4.pdf,official_daily_result_pdf
202109020410,2021,阪神,2,4,10,2021-04-04,https://www.jra.go.jp/datafile/seiseki/report/2021/2021-2hanshin4.pdf,official_daily_result_pdf
202109020411,2021,阪神,2,4,11,2021-04-04,https://www.jra.go.jp/datafile/seiseki/report/2021/2021-2hanshin4.pdf,official_daily_result_pdf
202109020412,2021,阪神,2,4,12,2021-04-04,https://www.jra.go.jp/datafile/seiseki/report/2021/2021-2hanshin4.pdf,official_daily_result_pdf
202109020501,2021,阪神,2,5,1,2021-04-10,https://www.jra.go.jp/datafile/seiseki/report/2021/2021-2hanshin5.pdf,official_daily_result_pdf
202109020502,2021,阪神,2,5,2,2021-04-10,https://www.jra.go.jp/datafile/seiseki/report/2021/2021-2hanshin5.pdf,official_daily_result_pdf
202109020503,2021,阪神,2,5,3,2021-04-10,https://www.jra.go.jp/datafile/seiseki/report/2021/2021-2hanshin5.pdf,official_daily_result_pdf
202109020504,2021,阪神,2,5,4,2021-04-10,https://www.jra.go.jp/datafile/seiseki/report/2021/2021-2hanshin5.pdf,official_daily_result_pdf
202109020505,2021,阪神,2,5,5,2021-04-10,https://www.jra.go.jp/datafile/seiseki/report/2021/2021-2hanshin5.pdf,official_daily_result_pdf
202109020506,2021,阪神,2,5,6,2021-04-10,https://www.jra.go.jp/datafile/seiseki/report/2021/2021-2hanshin5.pdf,official_daily_result_pdf
202109020507,2021,阪神,2,5,7,2021-04-10,https://www.jra.go.jp/datafile/seiseki/report/2021/2021-2hanshin5.pdf,official_daily_result_pdf
202109020508,2021,阪神,2,5,8,2021-04-10,https://www.jra.go.jp/datafile/seiseki/report/2021/2021-2hanshin5.pdf,official_daily_result_pdf
202109020509,2021,阪神,2,5,9,2021-04-10,https://www.jra.go.jp/datafile/seiseki/report/2021/2021-2hanshin5.pdf,official_daily_result_pdf
202109020510,2021,阪神,2,5,10,2021-04-10,https://www.jra.go.jp/datafile/seiseki/report/2021/2021-2hanshin5.pdf,official_daily_result_pdf
202109020511,2021,阪神,2,5,11,2021-04-10,https://www.jra.go.jp/datafile/seiseki/report/2021/2021-2hanshin5.pdf,official_daily_result_pdf
202109020512,2021,阪神,2,5,12,2021-04-10,https://www.jra.go.jp/datafile/seiseki/report/2021/2021-2hanshin5.pdf,official_daily_result_pdf
202109020601,2021,阪神,2,6,1,2021-04-11,https://www.jra.go.jp/datafile/seiseki/report/2021/2021-2hanshin6.pdf,official_daily_result_pdf
202109020602,2021,阪神,2,6,2,2021-04-11,https://www.jra.go.jp/datafile/seiseki/report/2021/2021-2hanshin6.pdf,official_daily_result_pdf
202109020603,2021,阪神,2,6,3,2021-04-11,https://www.jra.go.jp/datafile/seiseki/report/2021/2021-2hanshin6.pdf,official_daily_result_pdf
202109020604,2021,阪神,2,6,4,2021-04-11,https://www.jra.go.jp/datafile/seiseki/report/2021/2021-2hanshin6.pdf,official_daily_result_pdf
202109020605,2021,阪神,2,6,5,2021-04-11,https://www.jra.go.jp/datafile/seiseki/report/2021/2021-2hanshin6.pdf,official_daily_result_pdf
202109020606,2021,阪神,2,6,6,2021-04-11,https://www.jra.go.jp/datafile/seiseki/report/2021/2021-2hanshin6.pdf,official_daily_result_pdf
202109020607,2021,阪神,2,6,7,2021-04-11,https://www.jra.go.jp/datafile/seiseki/report/2021/2021-2hanshin6.pdf,official_daily_result_pdf
202109020608,2021,阪神,2,6,8,2021-04-11,https://www.jra.go.jp/datafile/seiseki/report/2021/2021-2hanshin6.pdf,official_daily_result_pdf
202109020609,2021,阪神,2,6,9,2021-04-11,https://www.jra.go.jp/datafile/seiseki/report/2021/2021-2hanshin6.pdf,official_daily_result_pdf
202109020610,2021,阪神,2,6,10,2021-04-11,https://www.jra.go.jp/datafile/seiseki/report/2021/2021-2hanshin6.pdf,official_daily_result_pdf
202109020611,2021,阪神,2,6,11,2021-04-11,https://www.jra.go.jp/datafile/seiseki/report/2021/2021-2hanshin6.pdf,official_daily_result_pdf
202109020612,2021,阪神,2,6,12,2021-04-11,https://www.jra.go.jp/datafile/seiseki/report/2021/2021-2hanshin6.pdf,official_daily_result_pdf
202109020701,2021,阪神,2,7,1,2021-04-17,https://www.jra.go.jp/datafile/seiseki/report/2021/2021-2hanshin7.pdf,official_daily_result_pdf
202109020702,2021,阪神,2,7,2,2021-04-17,https://www.jra.go.jp/datafile/seiseki/report/2021/2021-2hanshin7.pdf,official_daily_result_pdf
202109020703,2021,阪神,2,7,3,2021-04-17,https://www.jra.go.jp/datafile/seiseki/report/2021/2021-2hanshin7.pdf,official_daily_result_pdf
202109020704,2021,阪神,2,7,4,2021-04-17,https://www.jra.go.jp/datafile/seiseki/report/2021/2021-2hanshin7.pdf,official_daily_result_pdf
202109020705,2021,阪神,2,7,5,2021-04-17,https://www.jra.go.jp/datafile/seiseki/report/2021/2021-2hanshin7.pdf,official_daily_result_pdf
202109020706,2021,阪神,2,7,6,2021-04-17,https://www.jra.go.jp/datafile/seiseki/report/2021/2021-2hanshin7.pdf,official_daily_result_pdf
202109020707,2021,阪神,2,7,7,2021-04-17,https://www.jra.go.jp/datafile/seiseki/report/2021/2021-2hanshin7.pdf,official_daily_result_pdf
202109020708,2021,阪神,2,7,8,2021-04-17,https://www.jra.go.jp/datafile/seiseki/report/2021/2021-2hanshin7.pdf,official_daily_result_pdf
202109020709,2021,阪神,2,7,9,2021-04-17,https://www.jra.go.jp/datafile/seiseki/report/2021/2021-2hanshin7.pdf,official_daily_result_pdf
202109020710,2021,阪神,2,7,10,2021-04-17,https://www.jra.go.jp/datafile/seiseki/report/2021/2021-2hanshin7.pdf,official_daily_result_pdf
202109020711,2021,阪神,2,7,11,2021-04-17,https://www.jra.go.jp/datafile/seiseki/report/2021/2021-2hanshin7.pdf,official_daily_result_pdf
202109020712,2021,阪神,2,7,12,2021-04-17,https://www.jra.go.jp/datafile/seiseki/report/2021/2021-2hanshin7.pdf,official_daily_result_pdf
202109020801,2021,阪神,2,8,1,2021-04-18,https://www.jra.go.jp/datafile/seiseki/report/2021/2021-2hanshin8.pdf,official_daily_result_pdf
202109020802,2021,阪神,2,8,2,2021-04-18,https://www.jra.go.jp/datafile/seiseki/report/2021/2021-2hanshin8.pdf,official_daily_result_pdf
202109020803,2021,阪神,2,8,3,2021-04-18,https://www.jra.go.jp/datafile/seiseki/report/2021/2021-2hanshin8.pdf,official_daily_result_pdf
202109020804,2021,阪神,2,8,4,2021-04-18,https://www.jra.go.jp/datafile/seiseki/report/2021/2021-2hanshin8.pdf,official_daily_result_pdf
202109020805,2021,阪神,2,8,5,2021-04-18,https://www.jra.go.jp/datafile/seiseki/report/2021/2021-2hanshin8.pdf,official_daily_result_pdf
202109020806,2021,阪神,2,8,6,2021-04-18,https://www.jra.go.jp/datafile/seiseki/report/2021/2021-2hanshin8.pdf,official_daily_result_pdf
202109020807,2021,阪神,2,8,7,2021-04-18,https://www.jra.go.jp/datafile/seiseki/report/2021/2021-2hanshin8.pdf,official_daily_result_pdf
202109020808,2021,阪神,2,8,8,2021-04-18,https://www.jra.go.jp/datafile/seiseki/report/2021/2021-2hanshin8.pdf,official_daily_result_pdf
202109020809,2021,阪神,2,8,9,2021-04-18,https://www.jra.go.jp/datafile/seiseki/report/2021/2021-2hanshin8.pdf,official_daily_result_pdf
202109020810,2021,阪神,2,8,10,2021-04-18,https://www.jra.go.jp/datafile/seiseki/report/2021/2021-2hanshin8.pdf,official_daily_result_pdf
202109020811,2021,阪神,2,8,11,2021-04-18,https://www.jra.go.jp/datafile/seiseki/report/2021/2021-2hanshin8.pdf,official_daily_result_pdf
202109020812,2021,阪神,2,8,12,2021-04-18,https://www.jra.go.jp/datafile/seiseki/report/2021/2021-2hanshin8.pdf,official_daily_result_pdf
202109020901,2021,阪神,2,9,1,2021-04-24,https://www.jra.go.jp/datafile/seiseki/report/2021/2021-2hanshin9.pdf,official_daily_result_pdf
202109020902,2021,阪神,2,9,2,2021-04-24,https://www.jra.go.jp/datafile/seiseki/report/2021/2021-2hanshin9.pdf,official_daily_result_pdf
202109020903,2021,阪神,2,9,3,2021-04-24,https://www.jra.go.jp/datafile/seiseki/report/2021/2021-2hanshin9.pdf,official_daily_result_pdf
202109020904,2021,阪神,2,9,4,2021-04-24,https://www.jra.go.jp/datafile/seiseki/report/2021/2021-2hanshin9.pdf,official_daily_result_pdf
202109020905,2021,阪神,2,9,5,2021-04-24,https://www.jra.go.jp/datafile/seiseki/report/2021/2021-2hanshin9.pdf,official_daily_result_pdf
202109020906,2021,阪神,2,9,6,2021-04-24,https://www.jra.go.jp/datafile/seiseki/report/2021/2021-2hanshin9.pdf,official_daily_result_pdf
202109020907,2021,阪神,2,9,7,2021-04-24,https://www.jra.go.jp/datafile/seiseki/report/2021/2021-2hanshin9.pdf,official_daily_result_pdf
202109020908,2021,阪神,2,9,8,2021-04-24,https://www.jra.go.jp/datafile/seiseki/report/2021/2021-2hanshin9.pdf,official_daily_result_pdf
202109020909,2021,阪神,2,9,9,2021-04-24,https://www.jra.go.jp/datafile/seiseki/report/2021/2021-2hanshin9.pdf,official_daily_result_pdf
202109020910,2021,阪神,2,9,10,2021-04-24,https://www.jra.go.jp/datafile/seiseki/report/2021/2021-2hanshin9.pdf,official_daily_result_pdf
202109020911,2021,阪神,2,9,11,2021-04-24,https://www.jra.go.jp/datafile/seiseki/report/2021/2021-2hanshin9.pdf,official_daily_result_pdf
202109020912,2021,阪神,2,9,12,2021-04-24,https://www.jra.go.jp/datafile/seiseki/report/2021/2021-2hanshin9.pdf,official_daily_result_pdf
202109021001,2021,阪神,2,10,1,2021-04-25,https://www.jra.go.jp/datafile/seiseki/report/2021/2021-2hanshin10.pdf,official_daily_result_pdf
202109021002,2021,阪神,2,10,2,2021-04-25,https://www.jra.go.jp/datafile/seiseki/report/2021/2021-2hanshin10.pdf,official_daily_result_pdf
202109021003,2021,阪神,2,10,3,2021-04-25,https://www.jra.go.jp/datafile/seiseki/report/2021/2021-2hanshin10.pdf,official_daily_result_pdf
202109021004,2021,阪神,2,10,4,2021-04-25,https://www.jra.go.jp/datafile/seiseki/report/2021/2021-2hanshin10.pdf,official_daily_result_pdf
202109021005,2021,阪神,2,10,5,2021-04-25,https://www.jra.go.jp/datafile/seiseki/report/2021/2021-2hanshin10.pdf,official_daily_result_pdf
202109021006,2021,阪神,2,10,6,2021-04-25,https://www.jra.go.jp/datafile/seiseki/report/2021/2021-2hanshin10.pdf,official_daily_result_pdf
202109021007,2021,阪神,2,10,7,2021-04-25,https://www.jra.go.jp/datafile/seiseki/report/2021/2021-2hanshin10.pdf,official_daily_result_pdf
202109021008,2021,阪神,2,10,8,2021-04-25,https://www.jra.go.jp/datafile/seiseki/report/2021/2021-2hanshin10.pdf,official_daily_result_pdf
202109021009,2021,阪神,2,10,9,2021-04-25,https://www.jra.go.jp/datafile/seiseki/report/2021/2021-2hanshin10.pdf,official_daily_result_pdf
202109021010,2021,阪神,2,10,10,2021-04-25,https://www.jra.go.jp/datafile/seiseki/report/2021/2021-2hanshin10.pdf,official_daily_result_pdf
202109021011,2021,阪神,2,10,11,2021-04-25,https://www.jra.go.jp/datafile/seiseki/report/2021/2021-2hanshin10.pdf,official_daily_result_pdf
202109021012,2021,阪神,2,10,12,2021-04-25,https://www.jra.go.jp/datafile/seiseki/report/2021/2021-2hanshin10.pdf,official_daily_result_pdf
202109021101,2021,阪神,2,11,1,2021-05-01,https://www.jra.go.jp/datafile/seiseki/report/2021/2021-2hanshin11.pdf,official_daily_result_pdf
202109021102,2021,阪神,2,11,2,2021-05-01,https://www.jra.go.jp/datafile/seiseki/report/2021/2021-2hanshin11.pdf,official_daily_result_pdf
202109021103,2021,阪神,2,11,3,2021-05-01,https://www.jra.go.jp/datafile/seiseki/report/2021/2021-2hanshin11.pdf,official_daily_result_pdf
202109021104,2021,阪神,2,11,4,2021-05-01,https://www.jra.go.jp/datafile/seiseki/report/2021/2021-2hanshin11.pdf,official_daily_result_pdf
202109021105,2021,阪神,2,11,5,2021-05-01,https://www.jra.go.jp/datafile/seiseki/report/2021/2021-2hanshin11.pdf,official_daily_result_pdf
202109021106,2021,阪神,2,11,6,2021-05-01,https://www.jra.go.jp/datafile/seiseki/report/2021/2021-2hanshin11.pdf,official_daily_result_pdf
202109021107,2021,阪神,2,11,7,2021-05-01,https://www.jra.go.jp/datafile/seiseki/report/2021/2021-2hanshin11.pdf,official_daily_result_pdf
202109021108,2021,阪神,2,11,8,2021-05-01,https://www.jra.go.jp/datafile/seiseki/report/2021/2021-2hanshin11.pdf,official_daily_result_pdf
202109021109,2021,阪神,2,11,9,2021-05-01,https://www.jra.go.jp/datafile/seiseki/report/2021/2021-2hanshin11.pdf,official_daily_result_pdf
202109021110,2021,阪神,2,11,10,2021-05-01,https://www.jra.go.jp/datafile/seiseki/report/2021/2021-2hanshin11.pdf,official_daily_result_pdf
202109021111,2021,阪神,2,11,11,2021-05-01,https://www.jra.go.jp/datafile/seiseki/report/2021/2021-2hanshin11.pdf,official_daily_result_pdf
202109021112,2021,阪神,2,11,12,2021-05-01,https://www.jra.go.jp/datafile/seiseki/report/2021/2021-2hanshin11.pdf,official_daily_result_pdf
202109021201,2021,阪神,2,12,1,2021-05-02,https://www.jra.go.jp/datafile/seiseki/report/2021/2021-2hanshin12.pdf,official_daily_result_pdf
202109021202,2021,阪神,2,12,2,2021-05-02,https://www.jra.go.jp/datafile/seiseki/report/2021/2021-2hanshin12.pdf,official_daily_result_pdf
202109021203,2021,阪神,2,12,3,2021-05-02,https://www.jra.go.jp/datafile/seiseki/report/2021/2021-2hanshin12.pdf,official_daily_result_pdf
202109021204,2021,阪神,2,12,4,2021-05-02,https://www.jra.go.jp/datafile/seiseki/report/2021/2021-2hanshin12.pdf,official_daily_result_pdf
202109021205,2021,阪神,2,12,5,2021-05-02,https://www.jra.go.jp/datafile/seiseki/report/2021/2021-2hanshin12.pdf,official_daily_result_pdf
202109021206,2021,阪神,2,12,6,2021-05-02,https://www.jra.go.jp/datafile/seiseki/report/2021/2021-2hanshin12.pdf,official_daily_result_pdf
202109021207,2021,阪神,2,12,7,2021-05-02,https://www.jra.go.jp/datafile/seiseki/report/2021/2021-2hanshin12.pdf,official_daily_result_pdf
202109021208,2021,阪神,2,12,8,2021-05-02,https://www.jra.go.jp/datafile/seiseki/report/2021/2021-2hanshin12.pdf,official_daily_result_pdf
202109021209,2021,阪神,2,12,9,2021-05-02,https://www.jra.go.jp/datafile/seiseki/report/2021/2021-2hanshin12.pdf,official_daily_result_pdf
202109021210,2021,阪神,2,12,10,2021-05-02,https://www.jra.go.jp/datafile/seiseki/report/2021/2021-2hanshin12.pdf,official_daily_result_pdf
202109021211,2021,阪神,2,12,11,2021-05-02,https://www.jra.go.jp/datafile/seiseki/report/2021/2021-2hanshin12.pdf,official_daily_result_pdf
202109021212,2021,阪神,2,12,12,2021-05-02,https://www.jra.go.jp/datafile/seiseki/report/2021/2021-2hanshin12.pdf,official_daily_result_pdf
202109030101,2021,阪神,3,1,1,2021-06-19,https://www.jra.go.jp/datafile/seiseki/report/2021/2021-3hanshin1.pdf,official_daily_result_pdf
202109030102,2021,阪神,3,1,2,2021-06-19,https://www.jra.go.jp/datafile/seiseki/report/2021/2021-3hanshin1.pdf,official_daily_result_pdf
202109030103,2021,阪神,3,1,3,2021-06-19,https://www.jra.go.jp/datafile/seiseki/report/2021/2021-3hanshin1.pdf,official_daily_result_pdf
202109030104,2021,阪神,3,1,4,2021-06-19,https://www.jra.go.jp/datafile/seiseki/report/2021/2021-3hanshin1.pdf,official_daily_result_pdf
202109030105,2021,阪神,3,1,5,2021-06-19,https://www.jra.go.jp/datafile/seiseki/report/2021/2021-3hanshin1.pdf,official_daily_result_pdf
202109030106,2021,阪神,3,1,6,2021-06-19,https://www.jra.go.jp/datafile/seiseki/report/2021/2021-3hanshin1.pdf,official_daily_result_pdf
202109030107,2021,阪神,3,1,7,2021-06-19,https://www.jra.go.jp/datafile/seiseki/report/2021/2021-3hanshin1.pdf,official_daily_result_pdf
202109030108,2021,阪神,3,1,8,2021-06-19,https://www.jra.go.jp/datafile/seiseki/report/2021/2021-3hanshin1.pdf,official_daily_result_pdf
202109030109,2021,阪神,3,1,9,2021-06-19,https://www.jra.go.jp/datafile/seiseki/report/2021/2021-3hanshin1.pdf,official_daily_result_pdf
202109030110,2021,阪神,3,1,10,2021-06-19,https://www.jra.go.jp/datafile/seiseki/report/2021/2021-3hanshin1.pdf,official_daily_result_pdf
202109030111,2021,阪神,3,1,11,2021-06-19,https://www.jra.go.jp/datafile/seiseki/report/2021/2021-3hanshin1.pdf,official_daily_result_pdf
202109030112,2021,阪神,3,1,12,2021-06-19,https://www.jra.go.jp/datafile/seiseki/report/2021/2021-3hanshin1.pdf,official_daily_result_pdf
202109030201,2021,阪神,3,2,1,2021-06-20,https://www.jra.go.jp/datafile/seiseki/report/2021/2021-3hanshin2.pdf,official_daily_result_pdf
202109030202,2021,阪神,3,2,2,2021-06-20,https://www.jra.go.jp/datafile/seiseki/report/2021/2021-3hanshin2.pdf,official_daily_result_pdf
202109030203,2021,阪神,3,2,3,2021-06-20,https://www.jra.go.jp/datafile/seiseki/report/2021/2021-3hanshin2.pdf,official_daily_result_pdf
202109030204,2021,阪神,3,2,4,2021-06-20,https://www.jra.go.jp/datafile/seiseki/report/2021/2021-3hanshin2.pdf,official_daily_result_pdf
202109030205,2021,阪神,3,2,5,2021-06-20,https://www.jra.go.jp/datafile/seiseki/report/2021/2021-3hanshin2.pdf,official_daily_result_pdf
202109030206,2021,阪神,3,2,6,2021-06-20,https://www.jra.go.jp/datafile/seiseki/report/2021/2021-3hanshin2.pdf,official_daily_result_pdf
202109030207,2021,阪神,3,2,7,2021-06-20,https://www.jra.go.jp/datafile/seiseki/report/2021/2021-3hanshin2.pdf,official_daily_result_pdf
202109030208,2021,阪神,3,2,8,2021-06-20,https://www.jra.go.jp/datafile/seiseki/report/2021/2021-3hanshin2.pdf,official_daily_result_pdf
202109030209,2021,阪神,3,2,9,2021-06-20,https://www.jra.go.jp/datafile/seiseki/report/2021/2021-3hanshin2.pdf,official_daily_result_pdf
202109030210,2021,阪神,3,2,10,2021-06-20,https://www.jra.go.jp/datafile/seiseki/report/2021/2021-3hanshin2.pdf,official_daily_result_pdf
202109030211,2021,阪神,3,2,11,2021-06-20,https://www.jra.go.jp/datafile/seiseki/report/2021/2021-3hanshin2.pdf,official_daily_result_pdf
202109030212,2021,阪神,3,2,12,2021-06-20,https://www.jra.go.jp/datafile/seiseki/report/2021/2021-3hanshin2.pdf,official_daily_result_pdf
202109030301,2021,阪神,3,3,1,2021-06-26,https://www.jra.go.jp/datafile/seiseki/report/2021/2021-3hanshin3.pdf,official_daily_result_pdf
202109030302,2021,阪神,3,3,2,2021-06-26,https://www.jra.go.jp/datafile/seiseki/report/2021/2021-3hanshin3.pdf,official_daily_result_pdf
202109030303,2021,阪神,3,3,3,2021-06-26,https://www.jra.go.jp/datafile/seiseki/report/2021/2021-3hanshin3.pdf,official_daily_result_pdf
202109030304,2021,阪神,3,3,4,2021-06-26,https://www.jra.go.jp/datafile/seiseki/report/2021/2021-3hanshin3.pdf,official_daily_result_pdf
202109030305,2021,阪神,3,3,5,2021-06-26,https://www.jra.go.jp/datafile/seiseki/report/2021/2021-3hanshin3.pdf,official_daily_result_pdf
202109030306,2021,阪神,3,3,6,2021-06-26,https://www.jra.go.jp/datafile/seiseki/report/2021/2021-3hanshin3.pdf,official_daily_result_pdf
202109030307,2021,阪神,3,3,7,2021-06-26,https://www.jra.go.jp/datafile/seiseki/report/2021/2021-3hanshin3.pdf,official_daily_result_pdf
202109030308,2021,阪神,3,3,8,2021-06-26,https://www.jra.go.jp/datafile/seiseki/report/2021/2021-3hanshin3.pdf,official_daily_result_pdf
202109030309,2021,阪神,3,3,9,2021-06-26,https://www.jra.go.jp/datafile/seiseki/report/2021/2021-3hanshin3.pdf,official_daily_result_pdf
202109030310,2021,阪神,3,3,10,2021-06-26,https://www.jra.go.jp/datafile/seiseki/report/2021/2021-3hanshin3.pdf,official_daily_result_pdf
202109030311,2021,阪神,3,3,11,2021-06-26,https://www.jra.go.jp/datafile/seiseki/report/2021/2021-3hanshin3.pdf,official_daily_result_pdf
202109030312,2021,阪神,3,3,12,2021-06-26,https://www.jra.go.jp/datafile/seiseki/report/2021/2021-3hanshin3.pdf,official_daily_result_pdf
202109030401,2021,阪神,3,4,1,2021-06-27,https://www.jra.go.jp/datafile/seiseki/report/2021/2021-3hanshin4.pdf,official_daily_result_pdf
202109030402,2021,阪神,3,4,2,2021-06-27,https://www.jra.go.jp/datafile/seiseki/report/2021/2021-3hanshin4.pdf,official_daily_result_pdf
202109030403,2021,阪神,3,4,3,2021-06-27,https://www.jra.go.jp/datafile/seiseki/report/2021/2021-3hanshin4.pdf,official_daily_result_pdf
202109030404,2021,阪神,3,4,4,2021-06-27,https://www.jra.go.jp/datafile/seiseki/report/2021/2021-3hanshin4.pdf,official_daily_result_pdf
202109030405,2021,阪神,3,4,5,2021-06-27,https://www.jra.go.jp/datafile/seiseki/report/2021/2021-3hanshin4.pdf,official_daily_result_pdf
202109030406,2021,阪神,3,4,6,2021-06-27,https://www.jra.go.jp/datafile/seiseki/report/2021/2021-3hanshin4.pdf,official_daily_result_pdf
202109030407,2021,阪神,3,4,7,2021-06-27,https://www.jra.go.jp/datafile/seiseki/report/2021/2021-3hanshin4.pdf,official_daily_result_pdf
202109030408,2021,阪神,3,4,8,2021-06-27,https://www.jra.go.jp/datafile/seiseki/report/2021/2021-3hanshin4.pdf,official_daily_result_pdf
202109030409,2021,阪神,3,4,9,2021-06-27,https://www.jra.go.jp/datafile/seiseki/report/2021/2021-3hanshin4.pdf,official_daily_result_pdf
202109030410,2021,阪神,3,4,10,2021-06-27,https://www.jra.go.jp/datafile/seiseki/report/2021/2021-3hanshin4.pdf,official_daily_result_pdf
202109030411,2021,阪神,3,4,11,2021-06-27,https://www.jra.go.jp/datafile/seiseki/report/2021/2021-3hanshin4.pdf,official_daily_result_pdf
202109030412,2021,阪神,3,4,12,2021-06-27,https://www.jra.go.jp/datafile/seiseki/report/2021/2021-3hanshin4.pdf,official_daily_result_pdf
202109040101,2021,阪神,4,1,1,2021-10-09,https://www.jra.go.jp/datafile/seiseki/report/2021/2021-4hanshin1.pdf,official_daily_result_pdf
202109040102,2021,阪神,4,1,2,2021-10-09,https://www.jra.go.jp/datafile/seiseki/report/2021/2021-4hanshin1.pdf,official_daily_result_pdf
202109040103,2021,阪神,4,1,3,2021-10-09,https://www.jra.go.jp/datafile/seiseki/report/2021/2021-4hanshin1.pdf,official_daily_result_pdf
202109040104,2021,阪神,4,1,4,2021-10-09,https://www.jra.go.jp/datafile/seiseki/report/2021/2021-4hanshin1.pdf,official_daily_result_pdf
202109040105,2021,阪神,4,1,5,2021-10-09,https://www.jra.go.jp/datafile/seiseki/report/2021/2021-4hanshin1.pdf,official_daily_result_pdf
202109040106,2021,阪神,4,1,6,2021-10-09,https://www.jra.go.jp/datafile/seiseki/report/2021/2021-4hanshin1.pdf,official_daily_result_pdf
202109040107,2021,阪神,4,1,7,2021-10-09,https://www.jra.go.jp/datafile/seiseki/report/2021/2021-4hanshin1.pdf,official_daily_result_pdf
202109040108,2021,阪神,4,1,8,2021-10-09,https://www.jra.go.jp/datafile/seiseki/report/2021/2021-4hanshin1.pdf,official_daily_result_pdf
202109040109,2021,阪神,4,1,9,2021-10-09,https://www.jra.go.jp/datafile/seiseki/report/2021/2021-4hanshin1.pdf,official_daily_result_pdf
202109040110,2021,阪神,4,1,10,2021-10-09,https://www.jra.go.jp/datafile/seiseki/report/2021/2021-4hanshin1.pdf,official_daily_result_pdf
202109040111,2021,阪神,4,1,11,2021-10-09,https://www.jra.go.jp/datafile/seiseki/report/2021/2021-4hanshin1.pdf,official_daily_result_pdf
202109040112,2021,阪神,4,1,12,2021-10-09,https://www.jra.go.jp/datafile/seiseki/report/2021/2021-4hanshin1.pdf,official_daily_result_pdf
202109040201,2021,阪神,4,2,1,2021-10-10,https://www.jra.go.jp/datafile/seiseki/report/2021/2021-4hanshin2.pdf,official_daily_result_pdf
202109040202,2021,阪神,4,2,2,2021-10-10,https://www.jra.go.jp/datafile/seiseki/report/2021/2021-4hanshin2.pdf,official_daily_result_pdf
202109040203,2021,阪神,4,2,3,2021-10-10,https://www.jra.go.jp/datafile/seiseki/report/2021/2021-4hanshin2.pdf,official_daily_result_pdf
202109040204,2021,阪神,4,2,4,2021-10-10,https://www.jra.go.jp/datafile/seiseki/report/2021/2021-4hanshin2.pdf,official_daily_result_pdf
202109040205,2021,阪神,4,2,5,2021-10-10,https://www.jra.go.jp/datafile/seiseki/report/2021/2021-4hanshin2.pdf,official_daily_result_pdf
202109040206,2021,阪神,4,2,6,2021-10-10,https://www.jra.go.jp/datafile/seiseki/report/2021/2021-4hanshin2.pdf,official_daily_result_pdf
202109040207,2021,阪神,4,2,7,2021-10-10,https://www.jra.go.jp/datafile/seiseki/report/2021/2021-4hanshin2.pdf,official_daily_result_pdf
202109040208,2021,阪神,4,2,8,2021-10-10,https://www.jra.go.jp/datafile/seiseki/report/2021/2021-4hanshin2.pdf,official_daily_result_pdf
202109040209,2021,阪神,4,2,9,2021-10-10,https://www.jra.go.jp/datafile/seiseki/report/2021/2021-4hanshin2.pdf,official_daily_result_pdf
202109040210,2021,阪神,4,2,10,2021-10-10,https://www.jra.go.jp/datafile/seiseki/report/2021/2021-4hanshin2.pdf,official_daily_result_pdf
202109040211,2021,阪神,4,2,11,2021-10-10,https://www.jra.go.jp/datafile/seiseki/report/2021/2021-4hanshin2.pdf,official_daily_result_pdf
202109040212,2021,阪神,4,2,12,2021-10-10,https://www.jra.go.jp/datafile/seiseki/report/2021/2021-4hanshin2.pdf,official_daily_result_pdf
202109040301,2021,阪神,4,3,1,2021-10-16,https://www.jra.go.jp/datafile/seiseki/report/2021/2021-4hanshin3.pdf,official_daily_result_pdf
202109040302,2021,阪神,4,3,2,2021-10-16,https://www.jra.go.jp/datafile/seiseki/report/2021/2021-4hanshin3.pdf,official_daily_result_pdf
202109040303,2021,阪神,4,3,3,2021-10-16,https://www.jra.go.jp/datafile/seiseki/report/2021/2021-4hanshin3.pdf,official_daily_result_pdf
202109040304,2021,阪神,4,3,4,2021-10-16,https://www.jra.go.jp/datafile/seiseki/report/2021/2021-4hanshin3.pdf,official_daily_result_pdf
202109040305,2021,阪神,4,3,5,2021-10-16,https://www.jra.go.jp/datafile/seiseki/report/2021/2021-4hanshin3.pdf,official_daily_result_pdf
202109040306,2021,阪神,4,3,6,2021-10-16,https://www.jra.go.jp/datafile/seiseki/report/2021/2021-4hanshin3.pdf,official_daily_result_pdf
202109040307,2021,阪神,4,3,7,2021-10-16,https://www.jra.go.jp/datafile/seiseki/report/2021/2021-4hanshin3.pdf,official_daily_result_pdf
202109040308,2021,阪神,4,3,8,2021-10-16,https://www.jra.go.jp/datafile/seiseki/report/2021/2021-4hanshin3.pdf,official_daily_result_pdf
202109040309,2021,阪神,4,3,9,2021-10-16,https://www.jra.go.jp/datafile/seiseki/report/2021/2021-4hanshin3.pdf,official_daily_result_pdf
202109040310,2021,阪神,4,3,10,2021-10-16,https://www.jra.go.jp/datafile/seiseki/report/2021/2021-4hanshin3.pdf,official_daily_result_pdf
202109040311,2021,阪神,4,3,11,2021-10-16,https://www.jra.go.jp/datafile/seiseki/report/2021/2021-4hanshin3.pdf,official_daily_result_pdf
202109040312,2021,阪神,4,3,12,2021-10-16,https://www.jra.go.jp/datafile/seiseki/report/2021/2021-4hanshin3.pdf,official_daily_result_pdf
202109040401,2021,阪神,4,4,1,2021-10-17,https://www.jra.go.jp/datafile/seiseki/report/2021/2021-4hanshin4.pdf,official_daily_result_pdf
202109040402,2021,阪神,4,4,2,2021-10-17,https://www.jra.go.jp/datafile/seiseki/report/2021/2021-4hanshin4.pdf,official_daily_result_pdf
202109040403,2021,阪神,4,4,3,2021-10-17,https://www.jra.go.jp/datafile/seiseki/report/2021/2021-4hanshin4.pdf,official_daily_result_pdf
202109040404,2021,阪神,4,4,4,2021-10-17,https://www.jra.go.jp/datafile/seiseki/report/2021/2021-4hanshin4.pdf,official_daily_result_pdf
202109040405,2021,阪神,4,4,5,2021-10-17,https://www.jra.go.jp/datafile/seiseki/report/2021/2021-4hanshin4.pdf,official_daily_result_pdf
202109040406,2021,阪神,4,4,6,2021-10-17,https://www.jra.go.jp/datafile/seiseki/report/2021/2021-4hanshin4.pdf,official_daily_result_pdf
202109040407,2021,阪神,4,4,7,2021-10-17,https://www.jra.go.jp/datafile/seiseki/report/2021/2021-4hanshin4.pdf,official_daily_result_pdf
202109040408,2021,阪神,4,4,8,2021-10-17,https://www.jra.go.jp/datafile/seiseki/report/2021/2021-4hanshin4.pdf,official_daily_result_pdf
202109040409,2021,阪神,4,4,9,2021-10-17,https://www.jra.go.jp/datafile/seiseki/report/2021/2021-4hanshin4.pdf,official_daily_result_pdf
202109040410,2021,阪神,4,4,10,2021-10-17,https://www.jra.go.jp/datafile/seiseki/report/2021/2021-4hanshin4.pdf,official_daily_result_pdf
202109040411,2021,阪神,4,4,11,2021-10-17,https://www.jra.go.jp/datafile/seiseki/report/2021/2021-4hanshin4.pdf,official_daily_result_pdf
202109040412,2021,阪神,4,4,12,2021-10-17,https://www.jra.go.jp/datafile/seiseki/report/2021/2021-4hanshin4.pdf,official_daily_result_pdf
202109040501,2021,阪神,4,5,1,2021-10-23,https://www.jra.go.jp/datafile/seiseki/report/2021/2021-4hanshin5.pdf,official_daily_result_pdf
202109040502,2021,阪神,4,5,2,2021-10-23,https://www.jra.go.jp/datafile/seiseki/report/2021/2021-4hanshin5.pdf,official_daily_result_pdf
202109040503,2021,阪神,4,5,3,2021-10-23,https://www.jra.go.jp/datafile/seiseki/report/2021/2021-4hanshin5.pdf,official_daily_result_pdf
202109040504,2021,阪神,4,5,4,2021-10-23,https://www.jra.go.jp/datafile/seiseki/report/2021/2021-4hanshin5.pdf,official_daily_result_pdf
202109040505,2021,阪神,4,5,5,2021-10-23,https://www.jra.go.jp/datafile/seiseki/report/2021/2021-4hanshin5.pdf,official_daily_result_pdf
202109040506,2021,阪神,4,5,6,2021-10-23,https://www.jra.go.jp/datafile/seiseki/report/2021/2021-4hanshin5.pdf,official_daily_result_pdf
202109040507,2021,阪神,4,5,7,2021-10-23,https://www.jra.go.jp/datafile/seiseki/report/2021/2021-4hanshin5.pdf,official_daily_result_pdf
202109040508,2021,阪神,4,5,8,2021-10-23,https://www.jra.go.jp/datafile/seiseki/report/2021/2021-4hanshin5.pdf,official_daily_result_pdf
202109040509,2021,阪神,4,5,9,2021-10-23,https://www.jra.go.jp/datafile/seiseki/report/2021/2021-4hanshin5.pdf,official_daily_result_pdf
202109040510,2021,阪神,4,5,10,2021-10-23,https://www.jra.go.jp/datafile/seiseki/report/2021/2021-4hanshin5.pdf,official_daily_result_pdf
202109040511,2021,阪神,4,5,11,2021-10-23,https://www.jra.go.jp/datafile/seiseki/report/2021/2021-4hanshin5.pdf,official_daily_result_pdf
202109040512,2021,阪神,4,5,12,2021-10-23,https://www.jra.go.jp/datafile/seiseki/report/2021/2021-4hanshin5.pdf,official_daily_result_pdf
202109040601,2021,阪神,4,6,1,2021-10-24,https://www.jra.go.jp/datafile/seiseki/report/2021/2021-4hanshin6.pdf,official_daily_result_pdf
202109040602,2021,阪神,4,6,2,2021-10-24,https://www.jra.go.jp/datafile/seiseki/report/2021/2021-4hanshin6.pdf,official_daily_result_pdf
202109040603,2021,阪神,4,6,3,2021-10-24,https://www.jra.go.jp/datafile/seiseki/report/2021/2021-4hanshin6.pdf,official_daily_result_pdf
202109040604,2021,阪神,4,6,4,2021-10-24,https://www.jra.go.jp/datafile/seiseki/report/2021/2021-4hanshin6.pdf,official_daily_result_pdf
202109040605,2021,阪神,4,6,5,2021-10-24,https://www.jra.go.jp/datafile/seiseki/report/2021/2021-4hanshin6.pdf,official_daily_result_pdf
202109040606,2021,阪神,4,6,6,2021-10-24,https://www.jra.go.jp/datafile/seiseki/report/2021/2021-4hanshin6.pdf,official_daily_result_pdf
202109040607,2021,阪神,4,6,7,2021-10-24,https://www.jra.go.jp/datafile/seiseki/report/2021/2021-4hanshin6.pdf,official_daily_result_pdf
202109040608,2021,阪神,4,6,8,2021-10-24,https://www.jra.go.jp/datafile/seiseki/report/2021/2021-4hanshin6.pdf,official_daily_result_pdf
202109040609,2021,阪神,4,6,9,2021-10-24,https://www.jra.go.jp/datafile/seiseki/report/2021/2021-4hanshin6.pdf,official_daily_result_pdf
202109040610,2021,阪神,4,6,10,2021-10-24,https://www.jra.go.jp/datafile/seiseki/report/2021/2021-4hanshin6.pdf,official_daily_result_pdf
202109040611,2021,阪神,4,6,11,2021-10-24,https://www.jra.go.jp/datafile/seiseki/report/2021/2021-4hanshin6.pdf,official_daily_result_pdf
202109040612,2021,阪神,4,6,12,2021-10-24,https://www.jra.go.jp/datafile/seiseki/report/2021/2021-4hanshin6.pdf,official_daily_result_pdf
202109040701,2021,阪神,4,7,1,2021-10-30,https://www.jra.go.jp/datafile/seiseki/report/2021/2021-4hanshin7.pdf,official_daily_result_pdf
202109040702,2021,阪神,4,7,2,2021-10-30,https://www.jra.go.jp/datafile/seiseki/report/2021/2021-4hanshin7.pdf,official_daily_result_pdf
202109040703,2021,阪神,4,7,3,2021-10-30,https://www.jra.go.jp/datafile/seiseki/report/2021/2021-4hanshin7.pdf,official_daily_result_pdf
202109040704,2021,阪神,4,7,4,2021-10-30,https://www.jra.go.jp/datafile/seiseki/report/2021/2021-4hanshin7.pdf,official_daily_result_pdf
202109040705,2021,阪神,4,7,5,2021-10-30,https://www.jra.go.jp/datafile/seiseki/report/2021/2021-4hanshin7.pdf,official_daily_result_pdf
202109040706,2021,阪神,4,7,6,2021-10-30,https://www.jra.go.jp/datafile/seiseki/report/2021/2021-4hanshin7.pdf,official_daily_result_pdf
202109040707,2021,阪神,4,7,7,2021-10-30,https://www.jra.go.jp/datafile/seiseki/report/2021/2021-4hanshin7.pdf,official_daily_result_pdf
202109040708,2021,阪神,4,7,8,2021-10-30,https://www.jra.go.jp/datafile/seiseki/report/2021/2021-4hanshin7.pdf,official_daily_result_pdf
202109040709,2021,阪神,4,7,9,2021-10-30,https://www.jra.go.jp/datafile/seiseki/report/2021/2021-4hanshin7.pdf,official_daily_result_pdf
202109040710,2021,阪神,4,7,10,2021-10-30,https://www.jra.go.jp/datafile/seiseki/report/2021/2021-4hanshin7.pdf,official_daily_result_pdf
202109040711,2021,阪神,4,7,11,2021-10-30,https://www.jra.go.jp/datafile/seiseki/report/2021/2021-4hanshin7.pdf,official_daily_result_pdf
202109040712,2021,阪神,4,7,12,2021-10-30,https://www.jra.go.jp/datafile/seiseki/report/2021/2021-4hanshin7.pdf,official_daily_result_pdf
202109040801,2021,阪神,4,8,1,2021-10-31,https://www.jra.go.jp/datafile/seiseki/report/2021/2021-4hanshin8.pdf,official_daily_result_pdf
202109040802,2021,阪神,4,8,2,2021-10-31,https://www.jra.go.jp/datafile/seiseki/report/2021/2021-4hanshin8.pdf,official_daily_result_pdf
202109040803,2021,阪神,4,8,3,2021-10-31,https://www.jra.go.jp/datafile/seiseki/report/2021/2021-4hanshin8.pdf,official_daily_result_pdf
202109040804,2021,阪神,4,8,4,2021-10-31,https://www.jra.go.jp/datafile/seiseki/report/2021/2021-4hanshin8.pdf,official_daily_result_pdf
202109040805,2021,阪神,4,8,5,2021-10-31,https://www.jra.go.jp/datafile/seiseki/report/2021/2021-4hanshin8.pdf,official_daily_result_pdf
202109040806,2021,阪神,4,8,6,2021-10-31,https://www.jra.go.jp/datafile/seiseki/report/2021/2021-4hanshin8.pdf,official_daily_result_pdf
202109040807,2021,阪神,4,8,7,2021-10-31,https://www.jra.go.jp/datafile/seiseki/report/2021/2021-4hanshin8.pdf,official_daily_result_pdf
202109040808,2021,阪神,4,8,8,2021-10-31,https://www.jra.go.jp/datafile/seiseki/report/2021/2021-4hanshin8.pdf,official_daily_result_pdf
202109040809,2021,阪神,4,8,9,2021-10-31,https://www.jra.go.jp/datafile/seiseki/report/2021/2021-4hanshin8.pdf,official_daily_result_pdf
202109040810,2021,阪神,4,8,10,2021-10-31,https://www.jra.go.jp/datafile/seiseki/report/2021/2021-4hanshin8.pdf,official_daily_result_pdf
202109040811,2021,阪神,4,8,11,2021-10-31,https://www.jra.go.jp/datafile/seiseki/report/2021/2021-4hanshin8.pdf,official_daily_result_pdf
202109040812,2021,阪神,4,8,12,2021-10-31,https://www.jra.go.jp/datafile/seiseki/report/2021/2021-4hanshin8.pdf,official_daily_result_pdf
202109050101,2021,阪神,5,1,1,2021-11-06,https://www.jra.go.jp/datafile/seiseki/report/2021/2021-5hanshin1.pdf,official_daily_result_pdf
202109050102,2021,阪神,5,1,2,2021-11-06,https://www.jra.go.jp/datafile/seiseki/report/2021/2021-5hanshin1.pdf,official_daily_result_pdf
202109050103,2021,阪神,5,1,3,2021-11-06,https://www.jra.go.jp/datafile/seiseki/report/2021/2021-5hanshin1.pdf,official_daily_result_pdf
202109050104,2021,阪神,5,1,4,2021-11-06,https://www.jra.go.jp/datafile/seiseki/report/2021/2021-5hanshin1.pdf,official_daily_result_pdf
202109050105,2021,阪神,5,1,5,2021-11-06,https://www.jra.go.jp/datafile/seiseki/report/2021/2021-5hanshin1.pdf,official_daily_result_pdf
202109050106,2021,阪神,5,1,6,2021-11-06,https://www.jra.go.jp/datafile/seiseki/report/2021/2021-5hanshin1.pdf,official_daily_result_pdf
202109050107,2021,阪神,5,1,7,2021-11-06,https://www.jra.go.jp/datafile/seiseki/report/2021/2021-5hanshin1.pdf,official_daily_result_pdf
202109050108,2021,阪神,5,1,8,2021-11-06,https://www.jra.go.jp/datafile/seiseki/report/2021/2021-5hanshin1.pdf,official_daily_result_pdf
202109050109,2021,阪神,5,1,9,2021-11-06,https://www.jra.go.jp/datafile/seiseki/report/2021/2021-5hanshin1.pdf,official_daily_result_pdf
202109050110,2021,阪神,5,1,10,2021-11-06,https://www.jra.go.jp/datafile/seiseki/report/2021/2021-5hanshin1.pdf,official_daily_result_pdf
202109050111,2021,阪神,5,1,11,2021-11-06,https://www.jra.go.jp/datafile/seiseki/report/2021/2021-5hanshin1.pdf,official_daily_result_pdf
202109050112,2021,阪神,5,1,12,2021-11-06,https://www.jra.go.jp/datafile/seiseki/report/2021/2021-5hanshin1.pdf,official_daily_result_pdf
202109050201,2021,阪神,5,2,1,2021-11-07,https://www.jra.go.jp/datafile/seiseki/report/2021/2021-5hanshin2.pdf,official_daily_result_pdf
202109050202,2021,阪神,5,2,2,2021-11-07,https://www.jra.go.jp/datafile/seiseki/report/2021/2021-5hanshin2.pdf,official_daily_result_pdf
202109050203,2021,阪神,5,2,3,2021-11-07,https://www.jra.go.jp/datafile/seiseki/report/2021/2021-5hanshin2.pdf,official_daily_result_pdf
202109050204,2021,阪神,5,2,4,2021-11-07,https://www.jra.go.jp/datafile/seiseki/report/2021/2021-5hanshin2.pdf,official_daily_result_pdf
202109050205,2021,阪神,5,2,5,2021-11-07,https://www.jra.go.jp/datafile/seiseki/report/2021/2021-5hanshin2.pdf,official_daily_result_pdf
202109050206,2021,阪神,5,2,6,2021-11-07,https://www.jra.go.jp/datafile/seiseki/report/2021/2021-5hanshin2.pdf,official_daily_result_pdf
202109050207,2021,阪神,5,2,7,2021-11-07,https://www.jra.go.jp/datafile/seiseki/report/2021/2021-5hanshin2.pdf,official_daily_result_pdf
202109050208,2021,阪神,5,2,8,2021-11-07,https://www.jra.go.jp/datafile/seiseki/report/2021/2021-5hanshin2.pdf,official_daily_result_pdf
202109050209,2021,阪神,5,2,9,2021-11-07,https://www.jra.go.jp/datafile/seiseki/report/2021/2021-5hanshin2.pdf,official_daily_result_pdf
202109050210,2021,阪神,5,2,10,2021-11-07,https://www.jra.go.jp/datafile/seiseki/report/2021/2021-5hanshin2.pdf,official_daily_result_pdf
202109050211,2021,阪神,5,2,11,2021-11-07,https://www.jra.go.jp/datafile/seiseki/report/2021/2021-5hanshin2.pdf,official_daily_result_pdf
202109050212,2021,阪神,5,2,12,2021-11-07,https://www.jra.go.jp/datafile/seiseki/report/2021/2021-5hanshin2.pdf,official_daily_result_pdf
202109050301,2021,阪神,5,3,1,2021-11-13,https://www.jra.go.jp/datafile/seiseki/report/2021/2021-5hanshin3.pdf,official_daily_result_pdf
202109050302,2021,阪神,5,3,2,2021-11-13,https://www.jra.go.jp/datafile/seiseki/report/2021/2021-5hanshin3.pdf,official_daily_result_pdf
202109050303,2021,阪神,5,3,3,2021-11-13,https://www.jra.go.jp/datafile/seiseki/report/2021/2021-5hanshin3.pdf,official_daily_result_pdf
202109050304,2021,阪神,5,3,4,2021-11-13,https://www.jra.go.jp/datafile/seiseki/report/2021/2021-5hanshin3.pdf,official_daily_result_pdf
202109050305,2021,阪神,5,3,5,2021-11-13,https://www.jra.go.jp/datafile/seiseki/report/2021/2021-5hanshin3.pdf,official_daily_result_pdf
202109050306,2021,阪神,5,3,6,2021-11-13,https://www.jra.go.jp/datafile/seiseki/report/2021/2021-5hanshin3.pdf,official_daily_result_pdf
202109050307,2021,阪神,5,3,7,2021-11-13,https://www.jra.go.jp/datafile/seiseki/report/2021/2021-5hanshin3.pdf,official_daily_result_pdf
202109050308,2021,阪神,5,3,8,2021-11-13,https://www.jra.go.jp/datafile/seiseki/report/2021/2021-5hanshin3.pdf,official_daily_result_pdf
202109050309,2021,阪神,5,3,9,2021-11-13,https://www.jra.go.jp/datafile/seiseki/report/2021/2021-5hanshin3.pdf,official_daily_result_pdf
202109050310,2021,阪神,5,3,10,2021-11-13,https://www.jra.go.jp/datafile/seiseki/report/2021/2021-5hanshin3.pdf,official_daily_result_pdf
202109050311,2021,阪神,5,3,11,2021-11-13,https://www.jra.go.jp/datafile/seiseki/report/2021/2021-5hanshin3.pdf,official_daily_result_pdf
202109050312,2021,阪神,5,3,12,2021-11-13,https://www.jra.go.jp/datafile/seiseki/report/2021/2021-5hanshin3.pdf,official_daily_result_pdf
202109050401,2021,阪神,5,4,1,2021-11-14,https://www.jra.go.jp/datafile/seiseki/report/2021/2021-5hanshin4.pdf,official_daily_result_pdf
202109050402,2021,阪神,5,4,2,2021-11-14,https://www.jra.go.jp/datafile/seiseki/report/2021/2021-5hanshin4.pdf,official_daily_result_pdf
202109050403,2021,阪神,5,4,3,2021-11-14,https://www.jra.go.jp/datafile/seiseki/report/2021/2021-5hanshin4.pdf,official_daily_result_pdf
202109050404,2021,阪神,5,4,4,2021-11-14,https://www.jra.go.jp/datafile/seiseki/report/2021/2021-5hanshin4.pdf,official_daily_result_pdf
202109050405,2021,阪神,5,4,5,2021-11-14,https://www.jra.go.jp/datafile/seiseki/report/2021/2021-5hanshin4.pdf,official_daily_result_pdf
202109050406,2021,阪神,5,4,6,2021-11-14,https://www.jra.go.jp/datafile/seiseki/report/2021/2021-5hanshin4.pdf,official_daily_result_pdf
202109050407,2021,阪神,5,4,7,2021-11-14,https://www.jra.go.jp/datafile/seiseki/report/2021/2021-5hanshin4.pdf,official_daily_result_pdf
202109050408,2021,阪神,5,4,8,2021-11-14,https://www.jra.go.jp/datafile/seiseki/report/2021/2021-5hanshin4.pdf,official_daily_result_pdf
202109050409,2021,阪神,5,4,9,2021-11-14,https://www.jra.go.jp/datafile/seiseki/report/2021/2021-5hanshin4.pdf,official_daily_result_pdf
202109050410,2021,阪神,5,4,10,2021-11-14,https://www.jra.go.jp/datafile/seiseki/report/2021/2021-5hanshin4.pdf,official_daily_result_pdf
202109050411,2021,阪神,5,4,11,2021-11-14,https://www.jra.go.jp/datafile/seiseki/report/2021/2021-5hanshin4.pdf,official_daily_result_pdf
202109050412,2021,阪神,5,4,12,2021-11-14,https://www.jra.go.jp/datafile/seiseki/report/2021/2021-5hanshin4.pdf,official_daily_result_pdf
202109050501,2021,阪神,5,5,1,2021-11-20,https://www.jra.go.jp/datafile/seiseki/report/2021/2021-5hanshin5.pdf,official_daily_result_pdf
202109050502,2021,阪神,5,5,2,2021-11-20,https://www.jra.go.jp/datafile/seiseki/report/2021/2021-5hanshin5.pdf,official_daily_result_pdf
202109050503,2021,阪神,5,5,3,2021-11-20,https://www.jra.go.jp/datafile/seiseki/report/2021/2021-5hanshin5.pdf,official_daily_result_pdf
202109050504,2021,阪神,5,5,4,2021-11-20,https://www.jra.go.jp/datafile/seiseki/report/2021/2021-5hanshin5.pdf,official_daily_result_pdf
202109050505,2021,阪神,5,5,5,2021-11-20,https://www.jra.go.jp/datafile/seiseki/report/2021/2021-5hanshin5.pdf,official_daily_result_pdf
202109050506,2021,阪神,5,5,6,2021-11-20,https://www.jra.go.jp/datafile/seiseki/report/2021/2021-5hanshin5.pdf,official_daily_result_pdf
202109050507,2021,阪神,5,5,7,2021-11-20,https://www.jra.go.jp/datafile/seiseki/report/2021/2021-5hanshin5.pdf,official_daily_result_pdf
202109050508,2021,阪神,5,5,8,2021-11-20,https://www.jra.go.jp/datafile/seiseki/report/2021/2021-5hanshin5.pdf,official_daily_result_pdf
202109050509,2021,阪神,5,5,9,2021-11-20,https://www.jra.go.jp/datafile/seiseki/report/2021/2021-5hanshin5.pdf,official_daily_result_pdf
202109050510,2021,阪神,5,5,10,2021-11-20,https://www.jra.go.jp/datafile/seiseki/report/2021/2021-5hanshin5.pdf,official_daily_result_pdf
202109050511,2021,阪神,5,5,11,2021-11-20,https://www.jra.go.jp/datafile/seiseki/report/2021/2021-5hanshin5.pdf,official_daily_result_pdf
202109050512,2021,阪神,5,5,12,2021-11-20,https://www.jra.go.jp/datafile/seiseki/report/2021/2021-5hanshin5.pdf,official_daily_result_pdf
202109050601,2021,阪神,5,6,1,2021-11-21,https://www.jra.go.jp/datafile/seiseki/report/2021/2021-5hanshin6.pdf,official_daily_result_pdf
202109050602,2021,阪神,5,6,2,2021-11-21,https://www.jra.go.jp/datafile/seiseki/report/2021/2021-5hanshin6.pdf,official_daily_result_pdf
202109050603,2021,阪神,5,6,3,2021-11-21,https://www.jra.go.jp/datafile/seiseki/report/2021/2021-5hanshin6.pdf,official_daily_result_pdf
202109050604,2021,阪神,5,6,4,2021-11-21,https://www.jra.go.jp/datafile/seiseki/report/2021/2021-5hanshin6.pdf,official_daily_result_pdf
202109050605,2021,阪神,5,6,5,2021-11-21,https://www.jra.go.jp/datafile/seiseki/report/2021/2021-5hanshin6.pdf,official_daily_result_pdf
202109050606,2021,阪神,5,6,6,2021-11-21,https://www.jra.go.jp/datafile/seiseki/report/2021/2021-5hanshin6.pdf,official_daily_result_pdf
202109050607,2021,阪神,5,6,7,2021-11-21,https://www.jra.go.jp/datafile/seiseki/report/2021/2021-5hanshin6.pdf,official_daily_result_pdf
202109050608,2021,阪神,5,6,8,2021-11-21,https://www.jra.go.jp/datafile/seiseki/report/2021/2021-5hanshin6.pdf,official_daily_result_pdf
202109050609,2021,阪神,5,6,9,2021-11-21,https://www.jra.go.jp/datafile/seiseki/report/2021/2021-5hanshin6.pdf,official_daily_result_pdf
202109050610,2021,阪神,5,6,10,2021-11-21,https://www.jra.go.jp/datafile/seiseki/report/2021/2021-5hanshin6.pdf,official_daily_result_pdf
202109050611,2021,阪神,5,6,11,2021-11-21,https://www.jra.go.jp/datafile/seiseki/report/2021/2021-5hanshin6.pdf,official_daily_result_pdf
202109050612,2021,阪神,5,6,12,2021-11-21,https://www.jra.go.jp/datafile/seiseki/report/2021/2021-5hanshin6.pdf,official_daily_result_pdf
202109050701,2021,阪神,5,7,1,2021-11-27,https://www.jra.go.jp/datafile/seiseki/report/2021/2021-5hanshin7.pdf,official_daily_result_pdf
202109050702,2021,阪神,5,7,2,2021-11-27,https://www.jra.go.jp/datafile/seiseki/report/2021/2021-5hanshin7.pdf,official_daily_result_pdf
202109050703,2021,阪神,5,7,3,2021-11-27,https://www.jra.go.jp/datafile/seiseki/report/2021/2021-5hanshin7.pdf,official_daily_result_pdf
202109050704,2021,阪神,5,7,4,2021-11-27,https://www.jra.go.jp/datafile/seiseki/report/2021/2021-5hanshin7.pdf,official_daily_result_pdf
202109050705,2021,阪神,5,7,5,2021-11-27,https://www.jra.go.jp/datafile/seiseki/report/2021/2021-5hanshin7.pdf,official_daily_result_pdf
202109050706,2021,阪神,5,7,6,2021-11-27,https://www.jra.go.jp/datafile/seiseki/report/2021/2021-5hanshin7.pdf,official_daily_result_pdf
202109050707,2021,阪神,5,7,7,2021-11-27,https://www.jra.go.jp/datafile/seiseki/report/2021/2021-5hanshin7.pdf,official_daily_result_pdf
202109050708,2021,阪神,5,7,8,2021-11-27,https://www.jra.go.jp/datafile/seiseki/report/2021/2021-5hanshin7.pdf,official_daily_result_pdf
202109050709,2021,阪神,5,7,9,2021-11-27,https://www.jra.go.jp/datafile/seiseki/report/2021/2021-5hanshin7.pdf,official_daily_result_pdf
202109050710,2021,阪神,5,7,10,2021-11-27,https://www.jra.go.jp/datafile/seiseki/report/2021/2021-5hanshin7.pdf,official_daily_result_pdf
202109050711,2021,阪神,5,7,11,2021-11-27,https://www.jra.go.jp/datafile/seiseki/report/2021/2021-5hanshin7.pdf,official_daily_result_pdf
202109050712,2021,阪神,5,7,12,2021-11-27,https://www.jra.go.jp/datafile/seiseki/report/2021/2021-5hanshin7.pdf,official_daily_result_pdf
202109050801,2021,阪神,5,8,1,2021-11-28,https://www.jra.go.jp/datafile/seiseki/report/2021/2021-5hanshin8.pdf,official_daily_result_pdf
202109050802,2021,阪神,5,8,2,2021-11-28,https://www.jra.go.jp/datafile/seiseki/report/2021/2021-5hanshin8.pdf,official_daily_result_pdf
202109050803,2021,阪神,5,8,3,2021-11-28,https://www.jra.go.jp/datafile/seiseki/report/2021/2021-5hanshin8.pdf,official_daily_result_pdf
202109050804,2021,阪神,5,8,4,2021-11-28,https://www.jra.go.jp/datafile/seiseki/report/2021/2021-5hanshin8.pdf,official_daily_result_pdf
202109050805,2021,阪神,5,8,5,2021-11-28,https://www.jra.go.jp/datafile/seiseki/report/2021/2021-5hanshin8.pdf,official_daily_result_pdf
202109050806,2021,阪神,5,8,6,2021-11-28,https://www.jra.go.jp/datafile/seiseki/report/2021/2021-5hanshin8.pdf,official_daily_result_pdf
202109050807,2021,阪神,5,8,7,2021-11-28,https://www.jra.go.jp/datafile/seiseki/report/2021/2021-5hanshin8.pdf,official_daily_result_pdf
202109050808,2021,阪神,5,8,8,2021-11-28,https://www.jra.go.jp/datafile/seiseki/report/2021/2021-5hanshin8.pdf,official_daily_result_pdf
202109050809,2021,阪神,5,8,9,2021-11-28,https://www.jra.go.jp/datafile/seiseki/report/2021/2021-5hanshin8.pdf,official_daily_result_pdf
202109050810,2021,阪神,5,8,10,2021-11-28,https://www.jra.go.jp/datafile/seiseki/report/2021/2021-5hanshin8.pdf,official_daily_result_pdf
202109050811,2021,阪神,5,8,11,2021-11-28,https://www.jra.go.jp/datafile/seiseki/report/2021/2021-5hanshin8.pdf,official_daily_result_pdf
202109050812,2021,阪神,5,8,12,2021-11-28,https://www.jra.go.jp/datafile/seiseki/report/2021/2021-5hanshin8.pdf,official_daily_result_pdf
202109060101,2021,阪神,6,1,1,2021-12-04,https://www.jra.go.jp/datafile/seiseki/report/2021/2021-6hanshin1.pdf,official_daily_result_pdf
202109060102,2021,阪神,6,1,2,2021-12-04,https://www.jra.go.jp/datafile/seiseki/report/2021/2021-6hanshin1.pdf,official_daily_result_pdf
202109060103,2021,阪神,6,1,3,2021-12-04,https://www.jra.go.jp/datafile/seiseki/report/2021/2021-6hanshin1.pdf,official_daily_result_pdf
202109060104,2021,阪神,6,1,4,2021-12-04,https://www.jra.go.jp/datafile/seiseki/report/2021/2021-6hanshin1.pdf,official_daily_result_pdf
202109060105,2021,阪神,6,1,5,2021-12-04,https://www.jra.go.jp/datafile/seiseki/report/2021/2021-6hanshin1.pdf,official_daily_result_pdf
202109060106,2021,阪神,6,1,6,2021-12-04,https://www.jra.go.jp/datafile/seiseki/report/2021/2021-6hanshin1.pdf,official_daily_result_pdf
202109060107,2021,阪神,6,1,7,2021-12-04,https://www.jra.go.jp/datafile/seiseki/report/2021/2021-6hanshin1.pdf,official_daily_result_pdf
202109060108,2021,阪神,6,1,8,2021-12-04,https://www.jra.go.jp/datafile/seiseki/report/2021/2021-6hanshin1.pdf,official_daily_result_pdf
202109060109,2021,阪神,6,1,9,2021-12-04,https://www.jra.go.jp/datafile/seiseki/report/2021/2021-6hanshin1.pdf,official_daily_result_pdf
202109060110,2021,阪神,6,1,10,2021-12-04,https://www.jra.go.jp/datafile/seiseki/report/2021/2021-6hanshin1.pdf,official_daily_result_pdf
202109060111,2021,阪神,6,1,11,2021-12-04,https://www.jra.go.jp/datafile/seiseki/report/2021/2021-6hanshin1.pdf,official_daily_result_pdf
202109060112,2021,阪神,6,1,12,2021-12-04,https://www.jra.go.jp/datafile/seiseki/report/2021/2021-6hanshin1.pdf,official_daily_result_pdf
202109060201,2021,阪神,6,2,1,2021-12-05,https://www.jra.go.jp/datafile/seiseki/report/2021/2021-6hanshin2.pdf,official_daily_result_pdf
202109060202,2021,阪神,6,2,2,2021-12-05,https://www.jra.go.jp/datafile/seiseki/report/2021/2021-6hanshin2.pdf,official_daily_result_pdf
202109060203,2021,阪神,6,2,3,2021-12-05,https://www.jra.go.jp/datafile/seiseki/report/2021/2021-6hanshin2.pdf,official_daily_result_pdf
202109060204,2021,阪神,6,2,4,2021-12-05,https://www.jra.go.jp/datafile/seiseki/report/2021/2021-6hanshin2.pdf,official_daily_result_pdf
202109060205,2021,阪神,6,2,5,2021-12-05,https://www.jra.go.jp/datafile/seiseki/report/2021/2021-6hanshin2.pdf,official_daily_result_pdf
202109060206,2021,阪神,6,2,6,2021-12-05,https://www.jra.go.jp/datafile/seiseki/report/2021/2021-6hanshin2.pdf,official_daily_result_pdf
202109060207,2021,阪神,6,2,7,2021-12-05,https://www.jra.go.jp/datafile/seiseki/report/2021/2021-6hanshin2.pdf,official_daily_result_pdf
202109060208,2021,阪神,6,2,8,2021-12-05,https://www.jra.go.jp/datafile/seiseki/report/2021/2021-6hanshin2.pdf,official_daily_result_pdf
202109060209,2021,阪神,6,2,9,2021-12-05,https://www.jra.go.jp/datafile/seiseki/report/2021/2021-6hanshin2.pdf,official_daily_result_pdf
202109060210,2021,阪神,6,2,10,2021-12-05,https://www.jra.go.jp/datafile/seiseki/report/2021/2021-6hanshin2.pdf,official_daily_result_pdf
202109060211,2021,阪神,6,2,11,2021-12-05,https://www.jra.go.jp/datafile/seiseki/report/2021/2021-6hanshin2.pdf,official_daily_result_pdf
202109060212,2021,阪神,6,2,12,2021-12-05,https://www.jra.go.jp/datafile/seiseki/report/2021/2021-6hanshin2.pdf,official_daily_result_pdf
202109060301,2021,阪神,6,3,1,2021-12-11,https://www.jra.go.jp/datafile/seiseki/report/2021/2021-6hanshin3.pdf,official_daily_result_pdf
202109060302,2021,阪神,6,3,2,2021-12-11,https://www.jra.go.jp/datafile/seiseki/report/2021/2021-6hanshin3.pdf,official_daily_result_pdf
202109060303,2021,阪神,6,3,3,2021-12-11,https://www.jra.go.jp/datafile/seiseki/report/2021/2021-6hanshin3.pdf,official_daily_result_pdf
202109060304,2021,阪神,6,3,4,2021-12-11,https://www.jra.go.jp/datafile/seiseki/report/2021/2021-6hanshin3.pdf,official_daily_result_pdf
202109060305,2021,阪神,6,3,5,2021-12-11,https://www.jra.go.jp/datafile/seiseki/report/2021/2021-6hanshin3.pdf,official_daily_result_pdf
202109060306,2021,阪神,6,3,6,2021-12-11,https://www.jra.go.jp/datafile/seiseki/report/2021/2021-6hanshin3.pdf,official_daily_result_pdf
202109060307,2021,阪神,6,3,7,2021-12-11,https://www.jra.go.jp/datafile/seiseki/report/2021/2021-6hanshin3.pdf,official_daily_result_pdf
202109060308,2021,阪神,6,3,8,2021-12-11,https://www.jra.go.jp/datafile/seiseki/report/2021/2021-6hanshin3.pdf,official_daily_result_pdf
202109060309,2021,阪神,6,3,9,2021-12-11,https://www.jra.go.jp/datafile/seiseki/report/2021/2021-6hanshin3.pdf,official_daily_result_pdf
202109060310,2021,阪神,6,3,10,2021-12-11,https://www.jra.go.jp/datafile/seiseki/report/2021/2021-6hanshin3.pdf,official_daily_result_pdf
202109060311,2021,阪神,6,3,11,2021-12-11,https://www.jra.go.jp/datafile/seiseki/report/2021/2021-6hanshin3.pdf,official_daily_result_pdf
202109060312,2021,阪神,6,3,12,2021-12-11,https://www.jra.go.jp/datafile/seiseki/report/2021/2021-6hanshin3.pdf,official_daily_result_pdf
202109060401,2021,阪神,6,4,1,2021-12-12,https://www.jra.go.jp/datafile/seiseki/report/2021/2021-6hanshin4.pdf,official_daily_result_pdf
202109060402,2021,阪神,6,4,2,2021-12-12,https://www.jra.go.jp/datafile/seiseki/report/2021/2021-6hanshin4.pdf,official_daily_result_pdf
202109060403,2021,阪神,6,4,3,2021-12-12,https://www.jra.go.jp/datafile/seiseki/report/2021/2021-6hanshin4.pdf,official_daily_result_pdf
202109060404,2021,阪神,6,4,4,2021-12-12,https://www.jra.go.jp/datafile/seiseki/report/2021/2021-6hanshin4.pdf,official_daily_result_pdf
202109060405,2021,阪神,6,4,5,2021-12-12,https://www.jra.go.jp/datafile/seiseki/report/2021/2021-6hanshin4.pdf,official_daily_result_pdf
202109060406,2021,阪神,6,4,6,2021-12-12,https://www.jra.go.jp/datafile/seiseki/report/2021/2021-6hanshin4.pdf,official_daily_result_pdf
202109060407,2021,阪神,6,4,7,2021-12-12,https://www.jra.go.jp/datafile/seiseki/report/2021/2021-6hanshin4.pdf,official_daily_result_pdf
202109060408,2021,阪神,6,4,8,2021-12-12,https://www.jra.go.jp/datafile/seiseki/report/2021/2021-6hanshin4.pdf,official_daily_result_pdf
202109060409,2021,阪神,6,4,9,2021-12-12,https://www.jra.go.jp/datafile/seiseki/report/2021/2021-6hanshin4.pdf,official_daily_result_pdf
202109060410,2021,阪神,6,4,10,2021-12-12,https://www.jra.go.jp/datafile/seiseki/report/2021/2021-6hanshin4.pdf,official_daily_result_pdf
202109060411,2021,阪神,6,4,11,2021-12-12,https://www.jra.go.jp/datafile/seiseki/report/2021/2021-6hanshin4.pdf,official_daily_result_pdf
202109060412,2021,阪神,6,4,12,2021-12-12,https://www.jra.go.jp/datafile/seiseki/report/2021/2021-6hanshin4.pdf,official_daily_result_pdf
202109060501,2021,阪神,6,5,1,2021-12-18,https://www.jra.go.jp/datafile/seiseki/report/2021/2021-6hanshin5.pdf,official_daily_result_pdf
202109060502,2021,阪神,6,5,2,2021-12-18,https://www.jra.go.jp/datafile/seiseki/report/2021/2021-6hanshin5.pdf,official_daily_result_pdf
202109060503,2021,阪神,6,5,3,2021-12-18,https://www.jra.go.jp/datafile/seiseki/report/2021/2021-6hanshin5.pdf,official_daily_result_pdf
202109060504,2021,阪神,6,5,4,2021-12-18,https://www.jra.go.jp/datafile/seiseki/report/2021/2021-6hanshin5.pdf,official_daily_result_pdf
202109060505,2021,阪神,6,5,5,2021-12-18,https://www.jra.go.jp/datafile/seiseki/report/2021/2021-6hanshin5.pdf,official_daily_result_pdf
202109060506,2021,阪神,6,5,6,2021-12-18,https://www.jra.go.jp/datafile/seiseki/report/2021/2021-6hanshin5.pdf,official_daily_result_pdf
202109060507,2021,阪神,6,5,7,2021-12-18,https://www.jra.go.jp/datafile/seiseki/report/2021/2021-6hanshin5.pdf,official_daily_result_pdf
202109060508,2021,阪神,6,5,8,2021-12-18,https://www.jra.go.jp/datafile/seiseki/report/2021/2021-6hanshin5.pdf,official_daily_result_pdf
202109060509,2021,阪神,6,5,9,2021-12-18,https://www.jra.go.jp/datafile/seiseki/report/2021/2021-6hanshin5.pdf,official_daily_result_pdf
202109060510,2021,阪神,6,5,10,2021-12-18,https://www.jra.go.jp/datafile/seiseki/report/2021/2021-6hanshin5.pdf,official_daily_result_pdf
202109060511,2021,阪神,6,5,11,2021-12-18,https://www.jra.go.jp/datafile/seiseki/report/2021/2021-6hanshin5.pdf,official_daily_result_pdf
202109060512,2021,阪神,6,5,12,2021-12-18,https://www.jra.go.jp/datafile/seiseki/report/2021/2021-6hanshin5.pdf,official_daily_result_pdf
202109060601,2021,阪神,6,6,1,2021-12-19,https://www.jra.go.jp/datafile/seiseki/report/2021/2021-6hanshin6.pdf,official_daily_result_pdf
202109060602,2021,阪神,6,6,2,2021-12-19,https://www.jra.go.jp/datafile/seiseki/report/2021/2021-6hanshin6.pdf,official_daily_result_pdf
202109060603,2021,阪神,6,6,3,2021-12-19,https://www.jra.go.jp/datafile/seiseki/report/2021/2021-6hanshin6.pdf,official_daily_result_pdf
202109060604,2021,阪神,6,6,4,2021-12-19,https://www.jra.go.jp/datafile/seiseki/report/2021/2021-6hanshin6.pdf,official_daily_result_pdf
202109060605,2021,阪神,6,6,5,2021-12-19,https://www.jra.go.jp/datafile/seiseki/report/2021/2021-6hanshin6.pdf,official_daily_result_pdf
202109060606,2021,阪神,6,6,6,2021-12-19,https://www.jra.go.jp/datafile/seiseki/report/2021/2021-6hanshin6.pdf,official_daily_result_pdf
202109060607,2021,阪神,6,6,7,2021-12-19,https://www.jra.go.jp/datafile/seiseki/report/2021/2021-6hanshin6.pdf,official_daily_result_pdf
202109060608,2021,阪神,6,6,8,2021-12-19,https://www.jra.go.jp/datafile/seiseki/report/2021/2021-6hanshin6.pdf,official_daily_result_pdf
202109060609,2021,阪神,6,6,9,2021-12-19,https://www.jra.go.jp/datafile/seiseki/report/2021/2021-6hanshin6.pdf,official_daily_result_pdf
202109060610,2021,阪神,6,6,10,2021-12-19,https://www.jra.go.jp/datafile/seiseki/report/2021/2021-6hanshin6.pdf,official_daily_result_pdf
202109060611,2021,阪神,6,6,11,2021-12-19,https://www.jra.go.jp/datafile/seiseki/report/2021/2021-6hanshin6.pdf,official_daily_result_pdf
202109060612,2021,阪神,6,6,12,2021-12-19,https://www.jra.go.jp/datafile/seiseki/report/2021/2021-6hanshin6.pdf,official_daily_result_pdf
202109060701,2021,阪神,6,7,1,2021-12-25,https://www.jra.go.jp/datafile/seiseki/report/2021/2021-6hanshin7.pdf,official_daily_result_pdf
202109060702,2021,阪神,6,7,2,2021-12-25,https://www.jra.go.jp/datafile/seiseki/report/2021/2021-6hanshin7.pdf,official_daily_result_pdf
202109060703,2021,阪神,6,7,3,2021-12-25,https://www.jra.go.jp/datafile/seiseki/report/2021/2021-6hanshin7.pdf,official_daily_result_pdf
202109060704,2021,阪神,6,7,4,2021-12-25,https://www.jra.go.jp/datafile/seiseki/report/2021/2021-6hanshin7.pdf,official_daily_result_pdf
202109060705,2021,阪神,6,7,5,2021-12-25,https://www.jra.go.jp/datafile/seiseki/report/2021/2021-6hanshin7.pdf,official_daily_result_pdf
202109060706,2021,阪神,6,7,6,2021-12-25,https://www.jra.go.jp/datafile/seiseki/report/2021/2021-6hanshin7.pdf,official_daily_result_pdf
202109060707,2021,阪神,6,7,7,2021-12-25,https://www.jra.go.jp/datafile/seiseki/report/2021/2021-6hanshin7.pdf,official_daily_result_pdf
202109060708,2021,阪神,6,7,8,2021-12-25,https://www.jra.go.jp/datafile/seiseki/report/2021/2021-6hanshin7.pdf,official_daily_result_pdf
202109060709,2021,阪神,6,7,9,2021-12-25,https://www.jra.go.jp/datafile/seiseki/report/2021/2021-6hanshin7.pdf,official_daily_result_pdf
202109060710,2021,阪神,6,7,10,2021-12-25,https://www.jra.go.jp/datafile/seiseki/report/2021/2021-6hanshin7.pdf,official_daily_result_pdf
202109060711,2021,阪神,6,7,11,2021-12-25,https://www.jra.go.jp/datafile/seiseki/report/2021/2021-6hanshin7.pdf,official_daily_result_pdf
202109060712,2021,阪神,6,7,12,2021-12-25,https://www.jra.go.jp/datafile/seiseki/report/2021/2021-6hanshin7.pdf,official_daily_result_pdf
202109060801,2021,阪神,6,8,1,2021-12-26,https://www.jra.go.jp/datafile/seiseki/report/2021/2021-6hanshin8.pdf,official_daily_result_pdf
202109060802,2021,阪神,6,8,2,2021-12-26,https://www.jra.go.jp/datafile/seiseki/report/2021/2021-6hanshin8.pdf,official_daily_result_pdf
202109060803,2021,阪神,6,8,3,2021-12-26,https://www.jra.go.jp/datafile/seiseki/report/2021/2021-6hanshin8.pdf,official_daily_result_pdf
202109060804,2021,阪神,6,8,4,2021-12-26,https://www.jra.go.jp/datafile/seiseki/report/2021/2021-6hanshin8.pdf,official_daily_result_pdf
202109060805,2021,阪神,6,8,5,2021-12-26,https://www.jra.go.jp/datafile/seiseki/report/2021/2021-6hanshin8.pdf,official_daily_result_pdf
202109060806,2021,阪神,6,8,6,2021-12-26,https://www.jra.go.jp/datafile/seiseki/report/2021/2021-6hanshin8.pdf,official_daily_result_pdf
202109060807,2021,阪神,6,8,7,2021-12-26,https://www.jra.go.jp/datafile/seiseki/report/2021/2021-6hanshin8.pdf,official_daily_result_pdf
202109060808,2021,阪神,6,8,8,2021-12-26,https://www.jra.go.jp/datafile/seiseki/report/2021/2021-6hanshin8.pdf,official_daily_result_pdf
202109060809,2021,阪神,6,8,9,2021-12-26,https://www.jra.go.jp/datafile/seiseki/report/2021/2021-6hanshin8.pdf,official_daily_result_pdf
202109060810,2021,阪神,6,8,10,2021-12-26,https://www.jra.go.jp/datafile/seiseki/report/2021/2021-6hanshin8.pdf,official_daily_result_pdf
202109060811,2021,阪神,6,8,11,2021-12-26,https://www.jra.go.jp/datafile/seiseki/report/2021/2021-6hanshin8.pdf,official_daily_result_pdf
202109060812,2021,阪神,6,8,12,2021-12-26,https://www.jra.go.jp/datafile/seiseki/report/2021/2021-6hanshin8.pdf,official_daily_result_pdf
202109060901,2021,阪神,6,9,1,2021-12-28,https://www.jra.go.jp/datafile/seiseki/report/2021/2021-6hanshin9.pdf,official_daily_result_pdf
202109060902,2021,阪神,6,9,2,2021-12-28,https://www.jra.go.jp/datafile/seiseki/report/2021/2021-6hanshin9.pdf,official_daily_result_pdf
202109060903,2021,阪神,6,9,3,2021-12-28,https://www.jra.go.jp/datafile/seiseki/report/2021/2021-6hanshin9.pdf,official_daily_result_pdf
202109060904,2021,阪神,6,9,4,2021-12-28,https://www.jra.go.jp/datafile/seiseki/report/2021/2021-6hanshin9.pdf,official_daily_result_pdf
202109060905,2021,阪神,6,9,5,2021-12-28,https://www.jra.go.jp/datafile/seiseki/report/2021/2021-6hanshin9.pdf,official_daily_result_pdf
202109060906,2021,阪神,6,9,6,2021-12-28,https://www.jra.go.jp/datafile/seiseki/report/2021/2021-6hanshin9.pdf,official_daily_result_pdf
202109060907,2021,阪神,6,9,7,2021-12-28,https://www.jra.go.jp/datafile/seiseki/report/2021/2021-6hanshin9.pdf,official_daily_result_pdf
202109060908,2021,阪神,6,9,8,2021-12-28,https://www.jra.go.jp/datafile/seiseki/report/2021/2021-6hanshin9.pdf,official_daily_result_pdf
202109060909,2021,阪神,6,9,9,2021-12-28,https://www.jra.go.jp/datafile/seiseki/report/2021/2021-6hanshin9.pdf,official_daily_result_pdf
202109060910,2021,阪神,6,9,10,2021-12-28,https://www.jra.go.jp/datafile/seiseki/report/2021/2021-6hanshin9.pdf,official_daily_result_pdf
202109060911,2021,阪神,6,9,11,2021-12-28,https://www.jra.go.jp/datafile/seiseki/report/2021/2021-6hanshin9.pdf,official_daily_result_pdf
202109060912,2021,阪神,6,9,12,2021-12-28,https://www.jra.go.jp/datafile/seiseki/report/2021/2021-6hanshin9.pdf,official_daily_result_pdf
202110010101,2021,小倉,1,1,1,2021-01-16,https://www.jra.go.jp/datafile/seiseki/report/2021/2021-1kokura1.pdf,official_daily_result_pdf
202110010102,2021,小倉,1,1,2,2021-01-16,https://www.jra.go.jp/datafile/seiseki/report/2021/2021-1kokura1.pdf,official_daily_result_pdf
202110010103,2021,小倉,1,1,3,2021-01-16,https://www.jra.go.jp/datafile/seiseki/report/2021/2021-1kokura1.pdf,official_daily_result_pdf
202110010104,2021,小倉,1,1,4,2021-01-16,https://www.jra.go.jp/datafile/seiseki/report/2021/2021-1kokura1.pdf,official_daily_result_pdf
202110010105,2021,小倉,1,1,5,2021-01-16,https://www.jra.go.jp/datafile/seiseki/report/2021/2021-1kokura1.pdf,official_daily_result_pdf
202110010106,2021,小倉,1,1,6,2021-01-16,https://www.jra.go.jp/datafile/seiseki/report/2021/2021-1kokura1.pdf,official_daily_result_pdf
202110010107,2021,小倉,1,1,7,2021-01-16,https://www.jra.go.jp/datafile/seiseki/report/2021/2021-1kokura1.pdf,official_daily_result_pdf
202110010108,2021,小倉,1,1,8,2021-01-16,https://www.jra.go.jp/datafile/seiseki/report/2021/2021-1kokura1.pdf,official_daily_result_pdf
202110010109,2021,小倉,1,1,9,2021-01-16,https://www.jra.go.jp/datafile/seiseki/report/2021/2021-1kokura1.pdf,official_daily_result_pdf
202110010110,2021,小倉,1,1,10,2021-01-16,https://www.jra.go.jp/datafile/seiseki/report/2021/2021-1kokura1.pdf,official_daily_result_pdf
202110010111,2021,小倉,1,1,11,2021-01-16,https://www.jra.go.jp/datafile/seiseki/report/2021/2021-1kokura1.pdf,official_daily_result_pdf
202110010112,2021,小倉,1,1,12,2021-01-16,https://www.jra.go.jp/datafile/seiseki/report/2021/2021-1kokura1.pdf,official_daily_result_pdf
202110010201,2021,小倉,1,2,1,2021-01-17,https://www.jra.go.jp/datafile/seiseki/report/2021/2021-1kokura2.pdf,official_daily_result_pdf
202110010202,2021,小倉,1,2,2,2021-01-17,https://www.jra.go.jp/datafile/seiseki/report/2021/2021-1kokura2.pdf,official_daily_result_pdf
202110010203,2021,小倉,1,2,3,2021-01-17,https://www.jra.go.jp/datafile/seiseki/report/2021/2021-1kokura2.pdf,official_daily_result_pdf
202110010204,2021,小倉,1,2,4,2021-01-17,https://www.jra.go.jp/datafile/seiseki/report/2021/2021-1kokura2.pdf,official_daily_result_pdf
202110010205,2021,小倉,1,2,5,2021-01-17,https://www.jra.go.jp/datafile/seiseki/report/2021/2021-1kokura2.pdf,official_daily_result_pdf
202110010206,2021,小倉,1,2,6,2021-01-17,https://www.jra.go.jp/datafile/seiseki/report/2021/2021-1kokura2.pdf,official_daily_result_pdf
202110010207,2021,小倉,1,2,7,2021-01-17,https://www.jra.go.jp/datafile/seiseki/report/2021/2021-1kokura2.pdf,official_daily_result_pdf
202110010208,2021,小倉,1,2,8,2021-01-17,https://www.jra.go.jp/datafile/seiseki/report/2021/2021-1kokura2.pdf,official_daily_result_pdf
202110010209,2021,小倉,1,2,9,2021-01-17,https://www.jra.go.jp/datafile/seiseki/report/2021/2021-1kokura2.pdf,official_daily_result_pdf
202110010210,2021,小倉,1,2,10,2021-01-17,https://www.jra.go.jp/datafile/seiseki/report/2021/2021-1kokura2.pdf,official_daily_result_pdf
202110010211,2021,小倉,1,2,11,2021-01-17,https://www.jra.go.jp/datafile/seiseki/report/2021/2021-1kokura2.pdf,official_daily_result_pdf
202110010212,2021,小倉,1,2,12,2021-01-17,https://www.jra.go.jp/datafile/seiseki/report/2021/2021-1kokura2.pdf,official_daily_result_pdf
202110010301,2021,小倉,1,3,1,2021-01-23,https://www.jra.go.jp/datafile/seiseki/report/2021/2021-1kokura3.pdf,official_daily_result_pdf
202110010302,2021,小倉,1,3,2,2021-01-23,https://www.jra.go.jp/datafile/seiseki/report/2021/2021-1kokura3.pdf,official_daily_result_pdf
202110010303,2021,小倉,1,3,3,2021-01-23,https://www.jra.go.jp/datafile/seiseki/report/2021/2021-1kokura3.pdf,official_daily_result_pdf
202110010304,2021,小倉,1,3,4,2021-01-23,https://www.jra.go.jp/datafile/seiseki/report/2021/2021-1kokura3.pdf,official_daily_result_pdf
202110010305,2021,小倉,1,3,5,2021-01-23,https://www.jra.go.jp/datafile/seiseki/report/2021/2021-1kokura3.pdf,official_daily_result_pdf
202110010306,2021,小倉,1,3,6,2021-01-23,https://www.jra.go.jp/datafile/seiseki/report/2021/2021-1kokura3.pdf,official_daily_result_pdf
202110010307,2021,小倉,1,3,7,2021-01-23,https://www.jra.go.jp/datafile/seiseki/report/2021/2021-1kokura3.pdf,official_daily_result_pdf
202110010308,2021,小倉,1,3,8,2021-01-23,https://www.jra.go.jp/datafile/seiseki/report/2021/2021-1kokura3.pdf,official_daily_result_pdf
202110010309,2021,小倉,1,3,9,2021-01-23,https://www.jra.go.jp/datafile/seiseki/report/2021/2021-1kokura3.pdf,official_daily_result_pdf
202110010310,2021,小倉,1,3,10,2021-01-23,https://www.jra.go.jp/datafile/seiseki/report/2021/2021-1kokura3.pdf,official_daily_result_pdf
202110010311,2021,小倉,1,3,11,2021-01-23,https://www.jra.go.jp/datafile/seiseki/report/2021/2021-1kokura3.pdf,official_daily_result_pdf
202110010312,2021,小倉,1,3,12,2021-01-23,https://www.jra.go.jp/datafile/seiseki/report/2021/2021-1kokura3.pdf,official_daily_result_pdf
202110010401,2021,小倉,1,4,1,2021-01-24,https://www.jra.go.jp/datafile/seiseki/report/2021/2021-1kokura4.pdf,official_daily_result_pdf
202110010402,2021,小倉,1,4,2,2021-01-24,https://www.jra.go.jp/datafile/seiseki/report/2021/2021-1kokura4.pdf,official_daily_result_pdf
202110010403,2021,小倉,1,4,3,2021-01-24,https://www.jra.go.jp/datafile/seiseki/report/2021/2021-1kokura4.pdf,official_daily_result_pdf
202110010404,2021,小倉,1,4,4,2021-01-24,https://www.jra.go.jp/datafile/seiseki/report/2021/2021-1kokura4.pdf,official_daily_result_pdf
202110010405,2021,小倉,1,4,5,2021-01-24,https://www.jra.go.jp/datafile/seiseki/report/2021/2021-1kokura4.pdf,official_daily_result_pdf
202110010406,2021,小倉,1,4,6,2021-01-24,https://www.jra.go.jp/datafile/seiseki/report/2021/2021-1kokura4.pdf,official_daily_result_pdf
202110010407,2021,小倉,1,4,7,2021-01-24,https://www.jra.go.jp/datafile/seiseki/report/2021/2021-1kokura4.pdf,official_daily_result_pdf
202110010408,2021,小倉,1,4,8,2021-01-24,https://www.jra.go.jp/datafile/seiseki/report/2021/2021-1kokura4.pdf,official_daily_result_pdf
202110010409,2021,小倉,1,4,9,2021-01-24,https://www.jra.go.jp/datafile/seiseki/report/2021/2021-1kokura4.pdf,official_daily_result_pdf
202110010410,2021,小倉,1,4,10,2021-01-24,https://www.jra.go.jp/datafile/seiseki/report/2021/2021-1kokura4.pdf,official_daily_result_pdf
202110010411,2021,小倉,1,4,11,2021-01-24,https://www.jra.go.jp/datafile/seiseki/report/2021/2021-1kokura4.pdf,official_daily_result_pdf
202110010412,2021,小倉,1,4,12,2021-01-24,https://www.jra.go.jp/datafile/seiseki/report/2021/2021-1kokura4.pdf,official_daily_result_pdf
202110010501,2021,小倉,1,5,1,2021-01-30,https://www.jra.go.jp/datafile/seiseki/report/2021/2021-1kokura5.pdf,official_daily_result_pdf
202110010502,2021,小倉,1,5,2,2021-01-30,https://www.jra.go.jp/datafile/seiseki/report/2021/2021-1kokura5.pdf,official_daily_result_pdf
202110010503,2021,小倉,1,5,3,2021-01-30,https://www.jra.go.jp/datafile/seiseki/report/2021/2021-1kokura5.pdf,official_daily_result_pdf
202110010504,2021,小倉,1,5,4,2021-01-30,https://www.jra.go.jp/datafile/seiseki/report/2021/2021-1kokura5.pdf,official_daily_result_pdf
202110010505,2021,小倉,1,5,5,2021-01-30,https://www.jra.go.jp/datafile/seiseki/report/2021/2021-1kokura5.pdf,official_daily_result_pdf
202110010506,2021,小倉,1,5,6,2021-01-30,https://www.jra.go.jp/datafile/seiseki/report/2021/2021-1kokura5.pdf,official_daily_result_pdf
202110010507,2021,小倉,1,5,7,2021-01-30,https://www.jra.go.jp/datafile/seiseki/report/2021/2021-1kokura5.pdf,official_daily_result_pdf
202110010508,2021,小倉,1,5,8,2021-01-30,https://www.jra.go.jp/datafile/seiseki/report/2021/2021-1kokura5.pdf,official_daily_result_pdf
202110010509,2021,小倉,1,5,9,2021-01-30,https://www.jra.go.jp/datafile/seiseki/report/2021/2021-1kokura5.pdf,official_daily_result_pdf
202110010510,2021,小倉,1,5,10,2021-01-30,https://www.jra.go.jp/datafile/seiseki/report/2021/2021-1kokura5.pdf,official_daily_result_pdf
202110010511,2021,小倉,1,5,11,2021-01-30,https://www.jra.go.jp/datafile/seiseki/report/2021/2021-1kokura5.pdf,official_daily_result_pdf
202110010512,2021,小倉,1,5,12,2021-01-30,https://www.jra.go.jp/datafile/seiseki/report/2021/2021-1kokura5.pdf,official_daily_result_pdf
202110010601,2021,小倉,1,6,1,2021-01-31,https://www.jra.go.jp/datafile/seiseki/report/2021/2021-1kokura6.pdf,official_daily_result_pdf
202110010602,2021,小倉,1,6,2,2021-01-31,https://www.jra.go.jp/datafile/seiseki/report/2021/2021-1kokura6.pdf,official_daily_result_pdf
202110010603,2021,小倉,1,6,3,2021-01-31,https://www.jra.go.jp/datafile/seiseki/report/2021/2021-1kokura6.pdf,official_daily_result_pdf
202110010604,2021,小倉,1,6,4,2021-01-31,https://www.jra.go.jp/datafile/seiseki/report/2021/2021-1kokura6.pdf,official_daily_result_pdf
202110010605,2021,小倉,1,6,5,2021-01-31,https://www.jra.go.jp/datafile/seiseki/report/2021/2021-1kokura6.pdf,official_daily_result_pdf
202110010606,2021,小倉,1,6,6,2021-01-31,https://www.jra.go.jp/datafile/seiseki/report/2021/2021-1kokura6.pdf,official_daily_result_pdf
202110010607,2021,小倉,1,6,7,2021-01-31,https://www.jra.go.jp/datafile/seiseki/report/2021/2021-1kokura6.pdf,official_daily_result_pdf
202110010608,2021,小倉,1,6,8,2021-01-31,https://www.jra.go.jp/datafile/seiseki/report/2021/2021-1kokura6.pdf,official_daily_result_pdf
202110010609,2021,小倉,1,6,9,2021-01-31,https://www.jra.go.jp/datafile/seiseki/report/2021/2021-1kokura6.pdf,official_daily_result_pdf
202110010610,2021,小倉,1,6,10,2021-01-31,https://www.jra.go.jp/datafile/seiseki/report/2021/2021-1kokura6.pdf,official_daily_result_pdf
202110010611,2021,小倉,1,6,11,2021-01-31,https://www.jra.go.jp/datafile/seiseki/report/2021/2021-1kokura6.pdf,official_daily_result_pdf
202110010612,2021,小倉,1,6,12,2021-01-31,https://www.jra.go.jp/datafile/seiseki/report/2021/2021-1kokura6.pdf,official_daily_result_pdf
202110010701,2021,小倉,1,7,1,2021-02-06,https://www.jra.go.jp/datafile/seiseki/report/2021/2021-1kokura7.pdf,official_daily_result_pdf
202110010702,2021,小倉,1,7,2,2021-02-06,https://www.jra.go.jp/datafile/seiseki/report/2021/2021-1kokura7.pdf,official_daily_result_pdf
202110010703,2021,小倉,1,7,3,2021-02-06,https://www.jra.go.jp/datafile/seiseki/report/2021/2021-1kokura7.pdf,official_daily_result_pdf
202110010704,2021,小倉,1,7,4,2021-02-06,https://www.jra.go.jp/datafile/seiseki/report/2021/2021-1kokura7.pdf,official_daily_result_pdf
202110010705,2021,小倉,1,7,5,2021-02-06,https://www.jra.go.jp/datafile/seiseki/report/2021/2021-1kokura7.pdf,official_daily_result_pdf
202110010706,2021,小倉,1,7,6,2021-02-06,https://www.jra.go.jp/datafile/seiseki/report/2021/2021-1kokura7.pdf,official_daily_result_pdf
202110010707,2021,小倉,1,7,7,2021-02-06,https://www.jra.go.jp/datafile/seiseki/report/2021/2021-1kokura7.pdf,official_daily_result_pdf
202110010708,2021,小倉,1,7,8,2021-02-06,https://www.jra.go.jp/datafile/seiseki/report/2021/2021-1kokura7.pdf,official_daily_result_pdf
202110010709,2021,小倉,1,7,9,2021-02-06,https://www.jra.go.jp/datafile/seiseki/report/2021/2021-1kokura7.pdf,official_daily_result_pdf
202110010710,2021,小倉,1,7,10,2021-02-06,https://www.jra.go.jp/datafile/seiseki/report/2021/2021-1kokura7.pdf,official_daily_result_pdf
202110010711,2021,小倉,1,7,11,2021-02-06,https://www.jra.go.jp/datafile/seiseki/report/2021/2021-1kokura7.pdf,official_daily_result_pdf
202110010712,2021,小倉,1,7,12,2021-02-06,https://www.jra.go.jp/datafile/seiseki/report/2021/2021-1kokura7.pdf,official_daily_result_pdf
202110010801,2021,小倉,1,8,1,2021-02-07,https://www.jra.go.jp/datafile/seiseki/report/2021/2021-1kokura8.pdf,official_daily_result_pdf
202110010802,2021,小倉,1,8,2,2021-02-07,https://www.jra.go.jp/datafile/seiseki/report/2021/2021-1kokura8.pdf,official_daily_result_pdf
202110010803,2021,小倉,1,8,3,2021-02-07,https://www.jra.go.jp/datafile/seiseki/report/2021/2021-1kokura8.pdf,official_daily_result_pdf
202110010804,2021,小倉,1,8,4,2021-02-07,https://www.jra.go.jp/datafile/seiseki/report/2021/2021-1kokura8.pdf,official_daily_result_pdf
202110010805,2021,小倉,1,8,5,2021-02-07,https://www.jra.go.jp/datafile/seiseki/report/2021/2021-1kokura8.pdf,official_daily_result_pdf
202110010806,2021,小倉,1,8,6,2021-02-07,https://www.jra.go.jp/datafile/seiseki/report/2021/2021-1kokura8.pdf,official_daily_result_pdf
202110010807,2021,小倉,1,8,7,2021-02-07,https://www.jra.go.jp/datafile/seiseki/report/2021/2021-1kokura8.pdf,official_daily_result_pdf
202110010808,2021,小倉,1,8,8,2021-02-07,https://www.jra.go.jp/datafile/seiseki/report/2021/2021-1kokura8.pdf,official_daily_result_pdf
202110010809,2021,小倉,1,8,9,2021-02-07,https://www.jra.go.jp/datafile/seiseki/report/2021/2021-1kokura8.pdf,official_daily_result_pdf
202110010810,2021,小倉,1,8,10,2021-02-07,https://www.jra.go.jp/datafile/seiseki/report/2021/2021-1kokura8.pdf,official_daily_result_pdf
202110010811,2021,小倉,1,8,11,2021-02-07,https://www.jra.go.jp/datafile/seiseki/report/2021/2021-1kokura8.pdf,official_daily_result_pdf
202110010812,2021,小倉,1,8,12,2021-02-07,https://www.jra.go.jp/datafile/seiseki/report/2021/2021-1kokura8.pdf,official_daily_result_pdf
202110020101,2021,小倉,2,1,1,2021-02-13,https://www.jra.go.jp/datafile/seiseki/report/2021/2021-2kokura1.pdf,official_daily_result_pdf
202110020102,2021,小倉,2,1,2,2021-02-13,https://www.jra.go.jp/datafile/seiseki/report/2021/2021-2kokura1.pdf,official_daily_result_pdf
202110020103,2021,小倉,2,1,3,2021-02-13,https://www.jra.go.jp/datafile/seiseki/report/2021/2021-2kokura1.pdf,official_daily_result_pdf
202110020104,2021,小倉,2,1,4,2021-02-13,https://www.jra.go.jp/datafile/seiseki/report/2021/2021-2kokura1.pdf,official_daily_result_pdf
202110020105,2021,小倉,2,1,5,2021-02-13,https://www.jra.go.jp/datafile/seiseki/report/2021/2021-2kokura1.pdf,official_daily_result_pdf
202110020106,2021,小倉,2,1,6,2021-02-13,https://www.jra.go.jp/datafile/seiseki/report/2021/2021-2kokura1.pdf,official_daily_result_pdf
202110020107,2021,小倉,2,1,7,2021-02-13,https://www.jra.go.jp/datafile/seiseki/report/2021/2021-2kokura1.pdf,official_daily_result_pdf
202110020108,2021,小倉,2,1,8,2021-02-13,https://www.jra.go.jp/datafile/seiseki/report/2021/2021-2kokura1.pdf,official_daily_result_pdf
202110020109,2021,小倉,2,1,9,2021-02-13,https://www.jra.go.jp/datafile/seiseki/report/2021/2021-2kokura1.pdf,official_daily_result_pdf
202110020110,2021,小倉,2,1,10,2021-02-13,https://www.jra.go.jp/datafile/seiseki/report/2021/2021-2kokura1.pdf,official_daily_result_pdf
202110020111,2021,小倉,2,1,11,2021-02-13,https://www.jra.go.jp/datafile/seiseki/report/2021/2021-2kokura1.pdf,official_daily_result_pdf
202110020112,2021,小倉,2,1,12,2021-02-13,https://www.jra.go.jp/datafile/seiseki/report/2021/2021-2kokura1.pdf,official_daily_result_pdf
202110020201,2021,小倉,2,2,1,2021-02-14,https://www.jra.go.jp/datafile/seiseki/report/2021/2021-2kokura2.pdf,official_daily_result_pdf
202110020202,2021,小倉,2,2,2,2021-02-14,https://www.jra.go.jp/datafile/seiseki/report/2021/2021-2kokura2.pdf,official_daily_result_pdf
202110020203,2021,小倉,2,2,3,2021-02-14,https://www.jra.go.jp/datafile/seiseki/report/2021/2021-2kokura2.pdf,official_daily_result_pdf
202110020204,2021,小倉,2,2,4,2021-02-14,https://www.jra.go.jp/datafile/seiseki/report/2021/2021-2kokura2.pdf,official_daily_result_pdf
202110020205,2021,小倉,2,2,5,2021-02-14,https://www.jra.go.jp/datafile/seiseki/report/2021/2021-2kokura2.pdf,official_daily_result_pdf
202110020206,2021,小倉,2,2,6,2021-02-14,https://www.jra.go.jp/datafile/seiseki/report/2021/2021-2kokura2.pdf,official_daily_result_pdf
202110020207,2021,小倉,2,2,7,2021-02-14,https://www.jra.go.jp/datafile/seiseki/report/2021/2021-2kokura2.pdf,official_daily_result_pdf
202110020208,2021,小倉,2,2,8,2021-02-14,https://www.jra.go.jp/datafile/seiseki/report/2021/2021-2kokura2.pdf,official_daily_result_pdf
202110020209,2021,小倉,2,2,9,2021-02-14,https://www.jra.go.jp/datafile/seiseki/report/2021/2021-2kokura2.pdf,official_daily_result_pdf
202110020210,2021,小倉,2,2,10,2021-02-14,https://www.jra.go.jp/datafile/seiseki/report/2021/2021-2kokura2.pdf,official_daily_result_pdf
202110020211,2021,小倉,2,2,11,2021-02-14,https://www.jra.go.jp/datafile/seiseki/report/2021/2021-2kokura2.pdf,official_daily_result_pdf
202110020212,2021,小倉,2,2,12,2021-02-14,https://www.jra.go.jp/datafile/seiseki/report/2021/2021-2kokura2.pdf,official_daily_result_pdf
202110020301,2021,小倉,2,3,1,2021-02-20,https://www.jra.go.jp/datafile/seiseki/report/2021/2021-2kokura3.pdf,official_daily_result_pdf
202110020302,2021,小倉,2,3,2,2021-02-20,https://www.jra.go.jp/datafile/seiseki/report/2021/2021-2kokura3.pdf,official_daily_result_pdf
202110020303,2021,小倉,2,3,3,2021-02-20,https://www.jra.go.jp/datafile/seiseki/report/2021/2021-2kokura3.pdf,official_daily_result_pdf
202110020304,2021,小倉,2,3,4,2021-02-20,https://www.jra.go.jp/datafile/seiseki/report/2021/2021-2kokura3.pdf,official_daily_result_pdf
202110020305,2021,小倉,2,3,5,2021-02-20,https://www.jra.go.jp/datafile/seiseki/report/2021/2021-2kokura3.pdf,official_daily_result_pdf
202110020306,2021,小倉,2,3,6,2021-02-20,https://www.jra.go.jp/datafile/seiseki/report/2021/2021-2kokura3.pdf,official_daily_result_pdf
202110020307,2021,小倉,2,3,7,2021-02-20,https://www.jra.go.jp/datafile/seiseki/report/2021/2021-2kokura3.pdf,official_daily_result_pdf
202110020308,2021,小倉,2,3,8,2021-02-20,https://www.jra.go.jp/datafile/seiseki/report/2021/2021-2kokura3.pdf,official_daily_result_pdf
202110020309,2021,小倉,2,3,9,2021-02-20,https://www.jra.go.jp/datafile/seiseki/report/2021/2021-2kokura3.pdf,official_daily_result_pdf
202110020310,2021,小倉,2,3,10,2021-02-20,https://www.jra.go.jp/datafile/seiseki/report/2021/2021-2kokura3.pdf,official_daily_result_pdf
202110020311,2021,小倉,2,3,11,2021-02-20,https://www.jra.go.jp/datafile/seiseki/report/2021/2021-2kokura3.pdf,official_daily_result_pdf
202110020312,2021,小倉,2,3,12,2021-02-20,https://www.jra.go.jp/datafile/seiseki/report/2021/2021-2kokura3.pdf,official_daily_result_pdf
202110020401,2021,小倉,2,4,1,2021-02-21,https://www.jra.go.jp/datafile/seiseki/report/2021/2021-2kokura4.pdf,official_daily_result_pdf
202110020402,2021,小倉,2,4,2,2021-02-21,https://www.jra.go.jp/datafile/seiseki/report/2021/2021-2kokura4.pdf,official_daily_result_pdf
202110020403,2021,小倉,2,4,3,2021-02-21,https://www.jra.go.jp/datafile/seiseki/report/2021/2021-2kokura4.pdf,official_daily_result_pdf
202110020404,2021,小倉,2,4,4,2021-02-21,https://www.jra.go.jp/datafile/seiseki/report/2021/2021-2kokura4.pdf,official_daily_result_pdf
202110020405,2021,小倉,2,4,5,2021-02-21,https://www.jra.go.jp/datafile/seiseki/report/2021/2021-2kokura4.pdf,official_daily_result_pdf
202110020406,2021,小倉,2,4,6,2021-02-21,https://www.jra.go.jp/datafile/seiseki/report/2021/2021-2kokura4.pdf,official_daily_result_pdf
202110020407,2021,小倉,2,4,7,2021-02-21,https://www.jra.go.jp/datafile/seiseki/report/2021/2021-2kokura4.pdf,official_daily_result_pdf
202110020408,2021,小倉,2,4,8,2021-02-21,https://www.jra.go.jp/datafile/seiseki/report/2021/2021-2kokura4.pdf,official_daily_result_pdf
202110020409,2021,小倉,2,4,9,2021-02-21,https://www.jra.go.jp/datafile/seiseki/report/2021/2021-2kokura4.pdf,official_daily_result_pdf
202110020410,2021,小倉,2,4,10,2021-02-21,https://www.jra.go.jp/datafile/seiseki/report/2021/2021-2kokura4.pdf,official_daily_result_pdf
202110020411,2021,小倉,2,4,11,2021-02-21,https://www.jra.go.jp/datafile/seiseki/report/2021/2021-2kokura4.pdf,official_daily_result_pdf
202110020412,2021,小倉,2,4,12,2021-02-21,https://www.jra.go.jp/datafile/seiseki/report/2021/2021-2kokura4.pdf,official_daily_result_pdf
202110020501,2021,小倉,2,5,1,2021-02-27,https://www.jra.go.jp/datafile/seiseki/report/2021/2021-2kokura5.pdf,official_daily_result_pdf
202110020502,2021,小倉,2,5,2,2021-02-27,https://www.jra.go.jp/datafile/seiseki/report/2021/2021-2kokura5.pdf,official_daily_result_pdf
202110020503,2021,小倉,2,5,3,2021-02-27,https://www.jra.go.jp/datafile/seiseki/report/2021/2021-2kokura5.pdf,official_daily_result_pdf
202110020504,2021,小倉,2,5,4,2021-02-27,https://www.jra.go.jp/datafile/seiseki/report/2021/2021-2kokura5.pdf,official_daily_result_pdf
202110020505,2021,小倉,2,5,5,2021-02-27,https://www.jra.go.jp/datafile/seiseki/report/2021/2021-2kokura5.pdf,official_daily_result_pdf
202110020506,2021,小倉,2,5,6,2021-02-27,https://www.jra.go.jp/datafile/seiseki/report/2021/2021-2kokura5.pdf,official_daily_result_pdf
202110020507,2021,小倉,2,5,7,2021-02-27,https://www.jra.go.jp/datafile/seiseki/report/2021/2021-2kokura5.pdf,official_daily_result_pdf
202110020508,2021,小倉,2,5,8,2021-02-27,https://www.jra.go.jp/datafile/seiseki/report/2021/2021-2kokura5.pdf,official_daily_result_pdf
202110020509,2021,小倉,2,5,9,2021-02-27,https://www.jra.go.jp/datafile/seiseki/report/2021/2021-2kokura5.pdf,official_daily_result_pdf
202110020510,2021,小倉,2,5,10,2021-02-27,https://www.jra.go.jp/datafile/seiseki/report/2021/2021-2kokura5.pdf,official_daily_result_pdf
202110020511,2021,小倉,2,5,11,2021-02-27,https://www.jra.go.jp/datafile/seiseki/report/2021/2021-2kokura5.pdf,official_daily_result_pdf
202110020512,2021,小倉,2,5,12,2021-02-27,https://www.jra.go.jp/datafile/seiseki/report/2021/2021-2kokura5.pdf,official_daily_result_pdf
202110020601,2021,小倉,2,6,1,2021-02-28,https://www.jra.go.jp/datafile/seiseki/report/2021/2021-2kokura6.pdf,official_daily_result_pdf
202110020602,2021,小倉,2,6,2,2021-02-28,https://www.jra.go.jp/datafile/seiseki/report/2021/2021-2kokura6.pdf,official_daily_result_pdf
202110020603,2021,小倉,2,6,3,2021-02-28,https://www.jra.go.jp/datafile/seiseki/report/2021/2021-2kokura6.pdf,official_daily_result_pdf
202110020604,2021,小倉,2,6,4,2021-02-28,https://www.jra.go.jp/datafile/seiseki/report/2021/2021-2kokura6.pdf,official_daily_result_pdf
202110020605,2021,小倉,2,6,5,2021-02-28,https://www.jra.go.jp/datafile/seiseki/report/2021/2021-2kokura6.pdf,official_daily_result_pdf
202110020606,2021,小倉,2,6,6,2021-02-28,https://www.jra.go.jp/datafile/seiseki/report/2021/2021-2kokura6.pdf,official_daily_result_pdf
202110020607,2021,小倉,2,6,7,2021-02-28,https://www.jra.go.jp/datafile/seiseki/report/2021/2021-2kokura6.pdf,official_daily_result_pdf
202110020608,2021,小倉,2,6,8,2021-02-28,https://www.jra.go.jp/datafile/seiseki/report/2021/2021-2kokura6.pdf,official_daily_result_pdf
202110020609,2021,小倉,2,6,9,2021-02-28,https://www.jra.go.jp/datafile/seiseki/report/2021/2021-2kokura6.pdf,official_daily_result_pdf
202110020610,2021,小倉,2,6,10,2021-02-28,https://www.jra.go.jp/datafile/seiseki/report/2021/2021-2kokura6.pdf,official_daily_result_pdf
202110020611,2021,小倉,2,6,11,2021-02-28,https://www.jra.go.jp/datafile/seiseki/report/2021/2021-2kokura6.pdf,official_daily_result_pdf
202110020612,2021,小倉,2,6,12,2021-02-28,https://www.jra.go.jp/datafile/seiseki/report/2021/2021-2kokura6.pdf,official_daily_result_pdf
202110020701,2021,小倉,2,7,1,2021-03-06,https://www.jra.go.jp/datafile/seiseki/report/2021/2021-2kokura7.pdf,official_daily_result_pdf
202110020702,2021,小倉,2,7,2,2021-03-06,https://www.jra.go.jp/datafile/seiseki/report/2021/2021-2kokura7.pdf,official_daily_result_pdf
202110020703,2021,小倉,2,7,3,2021-03-06,https://www.jra.go.jp/datafile/seiseki/report/2021/2021-2kokura7.pdf,official_daily_result_pdf
202110020704,2021,小倉,2,7,4,2021-03-06,https://www.jra.go.jp/datafile/seiseki/report/2021/2021-2kokura7.pdf,official_daily_result_pdf
202110020705,2021,小倉,2,7,5,2021-03-06,https://www.jra.go.jp/datafile/seiseki/report/2021/2021-2kokura7.pdf,official_daily_result_pdf
202110020706,2021,小倉,2,7,6,2021-03-06,https://www.jra.go.jp/datafile/seiseki/report/2021/2021-2kokura7.pdf,official_daily_result_pdf
202110020707,2021,小倉,2,7,7,2021-03-06,https://www.jra.go.jp/datafile/seiseki/report/2021/2021-2kokura7.pdf,official_daily_result_pdf
202110020708,2021,小倉,2,7,8,2021-03-06,https://www.jra.go.jp/datafile/seiseki/report/2021/2021-2kokura7.pdf,official_daily_result_pdf
202110020709,2021,小倉,2,7,9,2021-03-06,https://www.jra.go.jp/datafile/seiseki/report/2021/2021-2kokura7.pdf,official_daily_result_pdf
202110020710,2021,小倉,2,7,10,2021-03-06,https://www.jra.go.jp/datafile/seiseki/report/2021/2021-2kokura7.pdf,official_daily_result_pdf
202110020711,2021,小倉,2,7,11,2021-03-06,https://www.jra.go.jp/datafile/seiseki/report/2021/2021-2kokura7.pdf,official_daily_result_pdf
202110020712,2021,小倉,2,7,12,2021-03-06,https://www.jra.go.jp/datafile/seiseki/report/2021/2021-2kokura7.pdf,official_daily_result_pdf
202110020801,2021,小倉,2,8,1,2021-03-07,https://www.jra.go.jp/datafile/seiseki/report/2021/2021-2kokura8.pdf,official_daily_result_pdf
202110020802,2021,小倉,2,8,2,2021-03-07,https://www.jra.go.jp/datafile/seiseki/report/2021/2021-2kokura8.pdf,official_daily_result_pdf
202110020803,2021,小倉,2,8,3,2021-03-07,https://www.jra.go.jp/datafile/seiseki/report/2021/2021-2kokura8.pdf,official_daily_result_pdf
202110020804,2021,小倉,2,8,4,2021-03-07,https://www.jra.go.jp/datafile/seiseki/report/2021/2021-2kokura8.pdf,official_daily_result_pdf
202110020805,2021,小倉,2,8,5,2021-03-07,https://www.jra.go.jp/datafile/seiseki/report/2021/2021-2kokura8.pdf,official_daily_result_pdf
202110020806,2021,小倉,2,8,6,2021-03-07,https://www.jra.go.jp/datafile/seiseki/report/2021/2021-2kokura8.pdf,official_daily_result_pdf
202110020807,2021,小倉,2,8,7,2021-03-07,https://www.jra.go.jp/datafile/seiseki/report/2021/2021-2kokura8.pdf,official_daily_result_pdf
202110020808,2021,小倉,2,8,8,2021-03-07,https://www.jra.go.jp/datafile/seiseki/report/2021/2021-2kokura8.pdf,official_daily_result_pdf
202110020809,2021,小倉,2,8,9,2021-03-07,https://www.jra.go.jp/datafile/seiseki/report/2021/2021-2kokura8.pdf,official_daily_result_pdf
202110020810,2021,小倉,2,8,10,2021-03-07,https://www.jra.go.jp/datafile/seiseki/report/2021/2021-2kokura8.pdf,official_daily_result_pdf
202110020811,2021,小倉,2,8,11,2021-03-07,https://www.jra.go.jp/datafile/seiseki/report/2021/2021-2kokura8.pdf,official_daily_result_pdf
202110020812,2021,小倉,2,8,12,2021-03-07,https://www.jra.go.jp/datafile/seiseki/report/2021/2021-2kokura8.pdf,official_daily_result_pdf
202110030101,2021,小倉,3,1,1,2021-07-03,https://www.jra.go.jp/datafile/seiseki/report/2021/2021-3kokura1.pdf,official_daily_result_pdf
202110030102,2021,小倉,3,1,2,2021-07-03,https://www.jra.go.jp/datafile/seiseki/report/2021/2021-3kokura1.pdf,official_daily_result_pdf
202110030103,2021,小倉,3,1,3,2021-07-03,https://www.jra.go.jp/datafile/seiseki/report/2021/2021-3kokura1.pdf,official_daily_result_pdf
202110030104,2021,小倉,3,1,4,2021-07-03,https://www.jra.go.jp/datafile/seiseki/report/2021/2021-3kokura1.pdf,official_daily_result_pdf
202110030105,2021,小倉,3,1,5,2021-07-03,https://www.jra.go.jp/datafile/seiseki/report/2021/2021-3kokura1.pdf,official_daily_result_pdf
202110030106,2021,小倉,3,1,6,2021-07-03,https://www.jra.go.jp/datafile/seiseki/report/2021/2021-3kokura1.pdf,official_daily_result_pdf
202110030107,2021,小倉,3,1,7,2021-07-03,https://www.jra.go.jp/datafile/seiseki/report/2021/2021-3kokura1.pdf,official_daily_result_pdf
202110030108,2021,小倉,3,1,8,2021-07-03,https://www.jra.go.jp/datafile/seiseki/report/2021/2021-3kokura1.pdf,official_daily_result_pdf
202110030109,2021,小倉,3,1,9,2021-07-03,https://www.jra.go.jp/datafile/seiseki/report/2021/2021-3kokura1.pdf,official_daily_result_pdf
202110030110,2021,小倉,3,1,10,2021-07-03,https://www.jra.go.jp/datafile/seiseki/report/2021/2021-3kokura1.pdf,official_daily_result_pdf
202110030111,2021,小倉,3,1,11,2021-07-03,https://www.jra.go.jp/datafile/seiseki/report/2021/2021-3kokura1.pdf,official_daily_result_pdf
202110030112,2021,小倉,3,1,12,2021-07-03,https://www.jra.go.jp/datafile/seiseki/report/2021/2021-3kokura1.pdf,official_daily_result_pdf
202110030201,2021,小倉,3,2,1,2021-07-04,https://www.jra.go.jp/datafile/seiseki/report/2021/2021-3kokura2.pdf,official_daily_result_pdf
202110030202,2021,小倉,3,2,2,2021-07-04,https://www.jra.go.jp/datafile/seiseki/report/2021/2021-3kokura2.pdf,official_daily_result_pdf
202110030203,2021,小倉,3,2,3,2021-07-04,https://www.jra.go.jp/datafile/seiseki/report/2021/2021-3kokura2.pdf,official_daily_result_pdf
202110030204,2021,小倉,3,2,4,2021-07-04,https://www.jra.go.jp/datafile/seiseki/report/2021/2021-3kokura2.pdf,official_daily_result_pdf
202110030205,2021,小倉,3,2,5,2021-07-04,https://www.jra.go.jp/datafile/seiseki/report/2021/2021-3kokura2.pdf,official_daily_result_pdf
202110030206,2021,小倉,3,2,6,2021-07-04,https://www.jra.go.jp/datafile/seiseki/report/2021/2021-3kokura2.pdf,official_daily_result_pdf
202110030207,2021,小倉,3,2,7,2021-07-04,https://www.jra.go.jp/datafile/seiseki/report/2021/2021-3kokura2.pdf,official_daily_result_pdf
202110030208,2021,小倉,3,2,8,2021-07-04,https://www.jra.go.jp/datafile/seiseki/report/2021/2021-3kokura2.pdf,official_daily_result_pdf
202110030209,2021,小倉,3,2,9,2021-07-04,https://www.jra.go.jp/datafile/seiseki/report/2021/2021-3kokura2.pdf,official_daily_result_pdf
202110030210,2021,小倉,3,2,10,2021-07-04,https://www.jra.go.jp/datafile/seiseki/report/2021/2021-3kokura2.pdf,official_daily_result_pdf
202110030211,2021,小倉,3,2,11,2021-07-04,https://www.jra.go.jp/datafile/seiseki/report/2021/2021-3kokura2.pdf,official_daily_result_pdf
202110030212,2021,小倉,3,2,12,2021-07-04,https://www.jra.go.jp/datafile/seiseki/report/2021/2021-3kokura2.pdf,official_daily_result_pdf
202110030301,2021,小倉,3,3,1,2021-07-10,https://www.jra.go.jp/datafile/seiseki/report/2021/2021-3kokura3.pdf,official_daily_result_pdf
202110030302,2021,小倉,3,3,2,2021-07-10,https://www.jra.go.jp/datafile/seiseki/report/2021/2021-3kokura3.pdf,official_daily_result_pdf
202110030303,2021,小倉,3,3,3,2021-07-10,https://www.jra.go.jp/datafile/seiseki/report/2021/2021-3kokura3.pdf,official_daily_result_pdf
202110030304,2021,小倉,3,3,4,2021-07-10,https://www.jra.go.jp/datafile/seiseki/report/2021/2021-3kokura3.pdf,official_daily_result_pdf
202110030305,2021,小倉,3,3,5,2021-07-10,https://www.jra.go.jp/datafile/seiseki/report/2021/2021-3kokura3.pdf,official_daily_result_pdf
202110030306,2021,小倉,3,3,6,2021-07-10,https://www.jra.go.jp/datafile/seiseki/report/2021/2021-3kokura3.pdf,official_daily_result_pdf
202110030307,2021,小倉,3,3,7,2021-07-10,https://www.jra.go.jp/datafile/seiseki/report/2021/2021-3kokura3.pdf,official_daily_result_pdf
202110030308,2021,小倉,3,3,8,2021-07-10,https://www.jra.go.jp/datafile/seiseki/report/2021/2021-3kokura3.pdf,official_daily_result_pdf
202110030309,2021,小倉,3,3,9,2021-07-10,https://www.jra.go.jp/datafile/seiseki/report/2021/2021-3kokura3.pdf,official_daily_result_pdf
202110030310,2021,小倉,3,3,10,2021-07-10,https://www.jra.go.jp/datafile/seiseki/report/2021/2021-3kokura3.pdf,official_daily_result_pdf
202110030311,2021,小倉,3,3,11,2021-07-10,https://www.jra.go.jp/datafile/seiseki/report/2021/2021-3kokura3.pdf,official_daily_result_pdf
202110030312,2021,小倉,3,3,12,2021-07-10,https://www.jra.go.jp/datafile/seiseki/report/2021/2021-3kokura3.pdf,official_daily_result_pdf
202110030401,2021,小倉,3,4,1,2021-07-11,https://www.jra.go.jp/datafile/seiseki/report/2021/2021-3kokura4.pdf,official_daily_result_pdf
202110030402,2021,小倉,3,4,2,2021-07-11,https://www.jra.go.jp/datafile/seiseki/report/2021/2021-3kokura4.pdf,official_daily_result_pdf
202110030403,2021,小倉,3,4,3,2021-07-11,https://www.jra.go.jp/datafile/seiseki/report/2021/2021-3kokura4.pdf,official_daily_result_pdf
202110030404,2021,小倉,3,4,4,2021-07-11,https://www.jra.go.jp/datafile/seiseki/report/2021/2021-3kokura4.pdf,official_daily_result_pdf
202110030405,2021,小倉,3,4,5,2021-07-11,https://www.jra.go.jp/datafile/seiseki/report/2021/2021-3kokura4.pdf,official_daily_result_pdf
202110030406,2021,小倉,3,4,6,2021-07-11,https://www.jra.go.jp/datafile/seiseki/report/2021/2021-3kokura4.pdf,official_daily_result_pdf
202110030407,2021,小倉,3,4,7,2021-07-11,https://www.jra.go.jp/datafile/seiseki/report/2021/2021-3kokura4.pdf,official_daily_result_pdf
202110030408,2021,小倉,3,4,8,2021-07-11,https://www.jra.go.jp/datafile/seiseki/report/2021/2021-3kokura4.pdf,official_daily_result_pdf
202110030409,2021,小倉,3,4,9,2021-07-11,https://www.jra.go.jp/datafile/seiseki/report/2021/2021-3kokura4.pdf,official_daily_result_pdf
202110030410,2021,小倉,3,4,10,2021-07-11,https://www.jra.go.jp/datafile/seiseki/report/2021/2021-3kokura4.pdf,official_daily_result_pdf
202110030411,2021,小倉,3,4,11,2021-07-11,https://www.jra.go.jp/datafile/seiseki/report/2021/2021-3kokura4.pdf,official_daily_result_pdf
202110030412,2021,小倉,3,4,12,2021-07-11,https://www.jra.go.jp/datafile/seiseki/report/2021/2021-3kokura4.pdf,official_daily_result_pdf
202110030501,2021,小倉,3,5,1,2021-07-17,https://www.jra.go.jp/datafile/seiseki/report/2021/2021-3kokura5.pdf,official_daily_result_pdf
202110030502,2021,小倉,3,5,2,2021-07-17,https://www.jra.go.jp/datafile/seiseki/report/2021/2021-3kokura5.pdf,official_daily_result_pdf
202110030503,2021,小倉,3,5,3,2021-07-17,https://www.jra.go.jp/datafile/seiseki/report/2021/2021-3kokura5.pdf,official_daily_result_pdf
202110030504,2021,小倉,3,5,4,2021-07-17,https://www.jra.go.jp/datafile/seiseki/report/2021/2021-3kokura5.pdf,official_daily_result_pdf
202110030505,2021,小倉,3,5,5,2021-07-17,https://www.jra.go.jp/datafile/seiseki/report/2021/2021-3kokura5.pdf,official_daily_result_pdf
202110030506,2021,小倉,3,5,6,2021-07-17,https://www.jra.go.jp/datafile/seiseki/report/2021/2021-3kokura5.pdf,official_daily_result_pdf
202110030507,2021,小倉,3,5,7,2021-07-17,https://www.jra.go.jp/datafile/seiseki/report/2021/2021-3kokura5.pdf,official_daily_result_pdf
202110030508,2021,小倉,3,5,8,2021-07-17,https://www.jra.go.jp/datafile/seiseki/report/2021/2021-3kokura5.pdf,official_daily_result_pdf
202110030509,2021,小倉,3,5,9,2021-07-17,https://www.jra.go.jp/datafile/seiseki/report/2021/2021-3kokura5.pdf,official_daily_result_pdf
202110030510,2021,小倉,3,5,10,2021-07-17,https://www.jra.go.jp/datafile/seiseki/report/2021/2021-3kokura5.pdf,official_daily_result_pdf
202110030511,2021,小倉,3,5,11,2021-07-17,https://www.jra.go.jp/datafile/seiseki/report/2021/2021-3kokura5.pdf,official_daily_result_pdf
202110030512,2021,小倉,3,5,12,2021-07-17,https://www.jra.go.jp/datafile/seiseki/report/2021/2021-3kokura5.pdf,official_daily_result_pdf
202110030601,2021,小倉,3,6,1,2021-07-18,https://www.jra.go.jp/datafile/seiseki/report/2021/2021-3kokura6.pdf,official_daily_result_pdf
202110030602,2021,小倉,3,6,2,2021-07-18,https://www.jra.go.jp/datafile/seiseki/report/2021/2021-3kokura6.pdf,official_daily_result_pdf
202110030603,2021,小倉,3,6,3,2021-07-18,https://www.jra.go.jp/datafile/seiseki/report/2021/2021-3kokura6.pdf,official_daily_result_pdf
202110030604,2021,小倉,3,6,4,2021-07-18,https://www.jra.go.jp/datafile/seiseki/report/2021/2021-3kokura6.pdf,official_daily_result_pdf
202110030605,2021,小倉,3,6,5,2021-07-18,https://www.jra.go.jp/datafile/seiseki/report/2021/2021-3kokura6.pdf,official_daily_result_pdf
202110030606,2021,小倉,3,6,6,2021-07-18,https://www.jra.go.jp/datafile/seiseki/report/2021/2021-3kokura6.pdf,official_daily_result_pdf
202110030607,2021,小倉,3,6,7,2021-07-18,https://www.jra.go.jp/datafile/seiseki/report/2021/2021-3kokura6.pdf,official_daily_result_pdf
202110030608,2021,小倉,3,6,8,2021-07-18,https://www.jra.go.jp/datafile/seiseki/report/2021/2021-3kokura6.pdf,official_daily_result_pdf
202110030609,2021,小倉,3,6,9,2021-07-18,https://www.jra.go.jp/datafile/seiseki/report/2021/2021-3kokura6.pdf,official_daily_result_pdf
202110030610,2021,小倉,3,6,10,2021-07-18,https://www.jra.go.jp/datafile/seiseki/report/2021/2021-3kokura6.pdf,official_daily_result_pdf
202110030611,2021,小倉,3,6,11,2021-07-18,https://www.jra.go.jp/datafile/seiseki/report/2021/2021-3kokura6.pdf,official_daily_result_pdf
202110030612,2021,小倉,3,6,12,2021-07-18,https://www.jra.go.jp/datafile/seiseki/report/2021/2021-3kokura6.pdf,official_daily_result_pdf
202110040101,2021,小倉,4,1,1,2021-08-14,https://www.jra.go.jp/datafile/seiseki/report/2021/2021-4kokura1.pdf,official_daily_result_pdf
202110040102,2021,小倉,4,1,2,2021-08-14,https://www.jra.go.jp/datafile/seiseki/report/2021/2021-4kokura1.pdf,official_daily_result_pdf
202110040103,2021,小倉,4,1,3,2021-08-14,https://www.jra.go.jp/datafile/seiseki/report/2021/2021-4kokura1.pdf,official_daily_result_pdf
202110040104,2021,小倉,4,1,4,2021-08-14,https://www.jra.go.jp/datafile/seiseki/report/2021/2021-4kokura1.pdf,official_daily_result_pdf
202110040105,2021,小倉,4,1,5,2021-08-14,https://www.jra.go.jp/datafile/seiseki/report/2021/2021-4kokura1.pdf,official_daily_result_pdf
202110040106,2021,小倉,4,1,6,2021-08-14,https://www.jra.go.jp/datafile/seiseki/report/2021/2021-4kokura1.pdf,official_daily_result_pdf
202110040107,2021,小倉,4,1,7,2021-08-14,https://www.jra.go.jp/datafile/seiseki/report/2021/2021-4kokura1.pdf,official_daily_result_pdf
202110040108,2021,小倉,4,1,8,2021-08-14,https://www.jra.go.jp/datafile/seiseki/report/2021/2021-4kokura1.pdf,official_daily_result_pdf
202110040109,2021,小倉,4,1,9,2021-08-14,https://www.jra.go.jp/datafile/seiseki/report/2021/2021-4kokura1.pdf,official_daily_result_pdf
202110040110,2021,小倉,4,1,10,2021-08-14,https://www.jra.go.jp/datafile/seiseki/report/2021/2021-4kokura1.pdf,official_daily_result_pdf
202110040111,2021,小倉,4,1,11,2021-08-14,https://www.jra.go.jp/datafile/seiseki/report/2021/2021-4kokura1.pdf,official_daily_result_pdf
202110040112,2021,小倉,4,1,12,2021-08-14,https://www.jra.go.jp/datafile/seiseki/report/2021/2021-4kokura1.pdf,official_daily_result_pdf
202110040201,2021,小倉,4,2,1,2021-08-15,https://www.jra.go.jp/datafile/seiseki/report/2021/2021-4kokura2.pdf,official_daily_result_pdf
202110040202,2021,小倉,4,2,2,2021-08-15,https://www.jra.go.jp/datafile/seiseki/report/2021/2021-4kokura2.pdf,official_daily_result_pdf
202110040203,2021,小倉,4,2,3,2021-08-15,https://www.jra.go.jp/datafile/seiseki/report/2021/2021-4kokura2.pdf,official_daily_result_pdf
202110040204,2021,小倉,4,2,4,2021-08-15,https://www.jra.go.jp/datafile/seiseki/report/2021/2021-4kokura2.pdf,official_daily_result_pdf
202110040205,2021,小倉,4,2,5,2021-08-15,https://www.jra.go.jp/datafile/seiseki/report/2021/2021-4kokura2.pdf,official_daily_result_pdf
202110040206,2021,小倉,4,2,6,2021-08-15,https://www.jra.go.jp/datafile/seiseki/report/2021/2021-4kokura2.pdf,official_daily_result_pdf
202110040207,2021,小倉,4,2,7,2021-08-15,https://www.jra.go.jp/datafile/seiseki/report/2021/2021-4kokura2.pdf,official_daily_result_pdf
202110040208,2021,小倉,4,2,8,2021-08-15,https://www.jra.go.jp/datafile/seiseki/report/2021/2021-4kokura2.pdf,official_daily_result_pdf
202110040209,2021,小倉,4,2,9,2021-08-15,https://www.jra.go.jp/datafile/seiseki/report/2021/2021-4kokura2.pdf,official_daily_result_pdf
202110040210,2021,小倉,4,2,10,2021-08-15,https://www.jra.go.jp/datafile/seiseki/report/2021/2021-4kokura2.pdf,official_daily_result_pdf
202110040211,2021,小倉,4,2,11,2021-08-15,https://www.jra.go.jp/datafile/seiseki/report/2021/2021-4kokura2.pdf,official_daily_result_pdf
202110040212,2021,小倉,4,2,12,2021-08-15,https://www.jra.go.jp/datafile/seiseki/report/2021/2021-4kokura2.pdf,official_daily_result_pdf
202110040301,2021,小倉,4,3,1,2021-08-21,https://www.jra.go.jp/datafile/seiseki/report/2021/2021-4kokura3.pdf,official_daily_result_pdf
202110040302,2021,小倉,4,3,2,2021-08-21,https://www.jra.go.jp/datafile/seiseki/report/2021/2021-4kokura3.pdf,official_daily_result_pdf
202110040303,2021,小倉,4,3,3,2021-08-21,https://www.jra.go.jp/datafile/seiseki/report/2021/2021-4kokura3.pdf,official_daily_result_pdf
202110040304,2021,小倉,4,3,4,2021-08-21,https://www.jra.go.jp/datafile/seiseki/report/2021/2021-4kokura3.pdf,official_daily_result_pdf
202110040305,2021,小倉,4,3,5,2021-08-21,https://www.jra.go.jp/datafile/seiseki/report/2021/2021-4kokura3.pdf,official_daily_result_pdf
202110040306,2021,小倉,4,3,6,2021-08-21,https://www.jra.go.jp/datafile/seiseki/report/2021/2021-4kokura3.pdf,official_daily_result_pdf
202110040307,2021,小倉,4,3,7,2021-08-21,https://www.jra.go.jp/datafile/seiseki/report/2021/2021-4kokura3.pdf,official_daily_result_pdf
202110040308,2021,小倉,4,3,8,2021-08-21,https://www.jra.go.jp/datafile/seiseki/report/2021/2021-4kokura3.pdf,official_daily_result_pdf
202110040309,2021,小倉,4,3,9,2021-08-21,https://www.jra.go.jp/datafile/seiseki/report/2021/2021-4kokura3.pdf,official_daily_result_pdf
202110040310,2021,小倉,4,3,10,2021-08-21,https://www.jra.go.jp/datafile/seiseki/report/2021/2021-4kokura3.pdf,official_daily_result_pdf
202110040311,2021,小倉,4,3,11,2021-08-21,https://www.jra.go.jp/datafile/seiseki/report/2021/2021-4kokura3.pdf,official_daily_result_pdf
202110040312,2021,小倉,4,3,12,2021-08-21,https://www.jra.go.jp/datafile/seiseki/report/2021/2021-4kokura3.pdf,official_daily_result_pdf
202110040401,2021,小倉,4,4,1,2021-08-22,https://www.jra.go.jp/datafile/seiseki/report/2021/2021-4kokura4.pdf,official_daily_result_pdf
202110040402,2021,小倉,4,4,2,2021-08-22,https://www.jra.go.jp/datafile/seiseki/report/2021/2021-4kokura4.pdf,official_daily_result_pdf
202110040403,2021,小倉,4,4,3,2021-08-22,https://www.jra.go.jp/datafile/seiseki/report/2021/2021-4kokura4.pdf,official_daily_result_pdf
202110040404,2021,小倉,4,4,4,2021-08-22,https://www.jra.go.jp/datafile/seiseki/report/2021/2021-4kokura4.pdf,official_daily_result_pdf
202110040405,2021,小倉,4,4,5,2021-08-22,https://www.jra.go.jp/datafile/seiseki/report/2021/2021-4kokura4.pdf,official_daily_result_pdf
202110040406,2021,小倉,4,4,6,2021-08-22,https://www.jra.go.jp/datafile/seiseki/report/2021/2021-4kokura4.pdf,official_daily_result_pdf
202110040407,2021,小倉,4,4,7,2021-08-22,https://www.jra.go.jp/datafile/seiseki/report/2021/2021-4kokura4.pdf,official_daily_result_pdf
202110040408,2021,小倉,4,4,8,2021-08-22,https://www.jra.go.jp/datafile/seiseki/report/2021/2021-4kokura4.pdf,official_daily_result_pdf
202110040409,2021,小倉,4,4,9,2021-08-22,https://www.jra.go.jp/datafile/seiseki/report/2021/2021-4kokura4.pdf,official_daily_result_pdf
202110040410,2021,小倉,4,4,10,2021-08-22,https://www.jra.go.jp/datafile/seiseki/report/2021/2021-4kokura4.pdf,official_daily_result_pdf
202110040411,2021,小倉,4,4,11,2021-08-22,https://www.jra.go.jp/datafile/seiseki/report/2021/2021-4kokura4.pdf,official_daily_result_pdf
202110040412,2021,小倉,4,4,12,2021-08-22,https://www.jra.go.jp/datafile/seiseki/report/2021/2021-4kokura4.pdf,official_daily_result_pdf
202110040501,2021,小倉,4,5,1,2021-08-28,https://www.jra.go.jp/datafile/seiseki/report/2021/2021-4kokura5.pdf,official_daily_result_pdf
202110040502,2021,小倉,4,5,2,2021-08-28,https://www.jra.go.jp/datafile/seiseki/report/2021/2021-4kokura5.pdf,official_daily_result_pdf
202110040503,2021,小倉,4,5,3,2021-08-28,https://www.jra.go.jp/datafile/seiseki/report/2021/2021-4kokura5.pdf,official_daily_result_pdf
202110040504,2021,小倉,4,5,4,2021-08-28,https://www.jra.go.jp/datafile/seiseki/report/2021/2021-4kokura5.pdf,official_daily_result_pdf
202110040505,2021,小倉,4,5,5,2021-08-28,https://www.jra.go.jp/datafile/seiseki/report/2021/2021-4kokura5.pdf,official_daily_result_pdf
202110040506,2021,小倉,4,5,6,2021-08-28,https://www.jra.go.jp/datafile/seiseki/report/2021/2021-4kokura5.pdf,official_daily_result_pdf
202110040507,2021,小倉,4,5,7,2021-08-28,https://www.jra.go.jp/datafile/seiseki/report/2021/2021-4kokura5.pdf,official_daily_result_pdf
202110040508,2021,小倉,4,5,8,2021-08-28,https://www.jra.go.jp/datafile/seiseki/report/2021/2021-4kokura5.pdf,official_daily_result_pdf
202110040509,2021,小倉,4,5,9,2021-08-28,https://www.jra.go.jp/datafile/seiseki/report/2021/2021-4kokura5.pdf,official_daily_result_pdf
202110040510,2021,小倉,4,5,10,2021-08-28,https://www.jra.go.jp/datafile/seiseki/report/2021/2021-4kokura5.pdf,official_daily_result_pdf
202110040511,2021,小倉,4,5,11,2021-08-28,https://www.jra.go.jp/datafile/seiseki/report/2021/2021-4kokura5.pdf,official_daily_result_pdf
202110040512,2021,小倉,4,5,12,2021-08-28,https://www.jra.go.jp/datafile/seiseki/report/2021/2021-4kokura5.pdf,official_daily_result_pdf
202110040601,2021,小倉,4,6,1,2021-08-29,https://www.jra.go.jp/datafile/seiseki/report/2021/2021-4kokura6.pdf,official_daily_result_pdf
202110040602,2021,小倉,4,6,2,2021-08-29,https://www.jra.go.jp/datafile/seiseki/report/2021/2021-4kokura6.pdf,official_daily_result_pdf
202110040603,2021,小倉,4,6,3,2021-08-29,https://www.jra.go.jp/datafile/seiseki/report/2021/2021-4kokura6.pdf,official_daily_result_pdf
202110040604,2021,小倉,4,6,4,2021-08-29,https://www.jra.go.jp/datafile/seiseki/report/2021/2021-4kokura6.pdf,official_daily_result_pdf
202110040605,2021,小倉,4,6,5,2021-08-29,https://www.jra.go.jp/datafile/seiseki/report/2021/2021-4kokura6.pdf,official_daily_result_pdf
202110040606,2021,小倉,4,6,6,2021-08-29,https://www.jra.go.jp/datafile/seiseki/report/2021/2021-4kokura6.pdf,official_daily_result_pdf
202110040607,2021,小倉,4,6,7,2021-08-29,https://www.jra.go.jp/datafile/seiseki/report/2021/2021-4kokura6.pdf,official_daily_result_pdf
202110040608,2021,小倉,4,6,8,2021-08-29,https://www.jra.go.jp/datafile/seiseki/report/2021/2021-4kokura6.pdf,official_daily_result_pdf
202110040609,2021,小倉,4,6,9,2021-08-29,https://www.jra.go.jp/datafile/seiseki/report/2021/2021-4kokura6.pdf,official_daily_result_pdf
202110040610,2021,小倉,4,6,10,2021-08-29,https://www.jra.go.jp/datafile/seiseki/report/2021/2021-4kokura6.pdf,official_daily_result_pdf
202110040611,2021,小倉,4,6,11,2021-08-29,https://www.jra.go.jp/datafile/seiseki/report/2021/2021-4kokura6.pdf,official_daily_result_pdf
202110040612,2021,小倉,4,6,12,2021-08-29,https://www.jra.go.jp/datafile/seiseki/report/2021/2021-4kokura6.pdf,official_daily_result_pdf
202110040701,2021,小倉,4,7,1,2021-09-04,https://www.jra.go.jp/datafile/seiseki/report/2021/2021-4kokura7.pdf,official_daily_result_pdf
202110040702,2021,小倉,4,7,2,2021-09-04,https://www.jra.go.jp/datafile/seiseki/report/2021/2021-4kokura7.pdf,official_daily_result_pdf
202110040703,2021,小倉,4,7,3,2021-09-04,https://www.jra.go.jp/datafile/seiseki/report/2021/2021-4kokura7.pdf,official_daily_result_pdf
202110040704,2021,小倉,4,7,4,2021-09-04,https://www.jra.go.jp/datafile/seiseki/report/2021/2021-4kokura7.pdf,official_daily_result_pdf
202110040705,2021,小倉,4,7,5,2021-09-04,https://www.jra.go.jp/datafile/seiseki/report/2021/2021-4kokura7.pdf,official_daily_result_pdf
202110040706,2021,小倉,4,7,6,2021-09-04,https://www.jra.go.jp/datafile/seiseki/report/2021/2021-4kokura7.pdf,official_daily_result_pdf
202110040707,2021,小倉,4,7,7,2021-09-04,https://www.jra.go.jp/datafile/seiseki/report/2021/2021-4kokura7.pdf,official_daily_result_pdf
202110040708,2021,小倉,4,7,8,2021-09-04,https://www.jra.go.jp/datafile/seiseki/report/2021/2021-4kokura7.pdf,official_daily_result_pdf
202110040709,2021,小倉,4,7,9,2021-09-04,https://www.jra.go.jp/datafile/seiseki/report/2021/2021-4kokura7.pdf,official_daily_result_pdf
202110040710,2021,小倉,4,7,10,2021-09-04,https://www.jra.go.jp/datafile/seiseki/report/2021/2021-4kokura7.pdf,official_daily_result_pdf
202110040711,2021,小倉,4,7,11,2021-09-04,https://www.jra.go.jp/datafile/seiseki/report/2021/2021-4kokura7.pdf,official_daily_result_pdf
202110040712,2021,小倉,4,7,12,2021-09-04,https://www.jra.go.jp/datafile/seiseki/report/2021/2021-4kokura7.pdf,official_daily_result_pdf
202110040801,2021,小倉,4,8,1,2021-09-05,https://www.jra.go.jp/datafile/seiseki/report/2021/2021-4kokura8.pdf,official_daily_result_pdf
202110040802,2021,小倉,4,8,2,2021-09-05,https://www.jra.go.jp/datafile/seiseki/report/2021/2021-4kokura8.pdf,official_daily_result_pdf
202110040803,2021,小倉,4,8,3,2021-09-05,https://www.jra.go.jp/datafile/seiseki/report/2021/2021-4kokura8.pdf,official_daily_result_pdf
202110040804,2021,小倉,4,8,4,2021-09-05,https://www.jra.go.jp/datafile/seiseki/report/2021/2021-4kokura8.pdf,official_daily_result_pdf
202110040805,2021,小倉,4,8,5,2021-09-05,https://www.jra.go.jp/datafile/seiseki/report/2021/2021-4kokura8.pdf,official_daily_result_pdf
202110040806,2021,小倉,4,8,6,2021-09-05,https://www.jra.go.jp/datafile/seiseki/report/2021/2021-4kokura8.pdf,official_daily_result_pdf
202110040807,2021,小倉,4,8,7,2021-09-05,https://www.jra.go.jp/datafile/seiseki/report/2021/2021-4kokura8.pdf,official_daily_result_pdf
202110040808,2021,小倉,4,8,8,2021-09-05,https://www.jra.go.jp/datafile/seiseki/report/2021/2021-4kokura8.pdf,official_daily_result_pdf
202110040809,2021,小倉,4,8,9,2021-09-05,https://www.jra.go.jp/datafile/seiseki/report/2021/2021-4kokura8.pdf,official_daily_result_pdf
202110040810,2021,小倉,4,8,10,2021-09-05,https://www.jra.go.jp/datafile/seiseki/report/2021/2021-4kokura8.pdf,official_daily_result_pdf
202110040811,2021,小倉,4,8,11,2021-09-05,https://www.jra.go.jp/datafile/seiseki/report/2021/2021-4kokura8.pdf,official_daily_result_pdf
202110040812,2021,小倉,4,8,12,2021-09-05,https://www.jra.go.jp/datafile/seiseki/report/2021/2021-4kokura8.pdf,official_daily_result_pdf
202201010101,2022,札幌,1,1,1,2022-07-23,https://www.jra.go.jp/datafile/seiseki/report/2022/2022-1sapporo1.pdf,official_daily_result_pdf
202201010102,2022,札幌,1,1,2,2022-07-23,https://www.jra.go.jp/datafile/seiseki/report/2022/2022-1sapporo1.pdf,official_daily_result_pdf
202201010103,2022,札幌,1,1,3,2022-07-23,https://www.jra.go.jp/datafile/seiseki/report/2022/2022-1sapporo1.pdf,official_daily_result_pdf
202201010104,2022,札幌,1,1,4,2022-07-23,https://www.jra.go.jp/datafile/seiseki/report/2022/2022-1sapporo1.pdf,official_daily_result_pdf
202201010105,2022,札幌,1,1,5,2022-07-23,https://www.jra.go.jp/datafile/seiseki/report/2022/2022-1sapporo1.pdf,official_daily_result_pdf
202201010106,2022,札幌,1,1,6,2022-07-23,https://www.jra.go.jp/datafile/seiseki/report/2022/2022-1sapporo1.pdf,official_daily_result_pdf
202201010107,2022,札幌,1,1,7,2022-07-23,https://www.jra.go.jp/datafile/seiseki/report/2022/2022-1sapporo1.pdf,official_daily_result_pdf
202201010108,2022,札幌,1,1,8,2022-07-23,https://www.jra.go.jp/datafile/seiseki/report/2022/2022-1sapporo1.pdf,official_daily_result_pdf
202201010109,2022,札幌,1,1,9,2022-07-23,https://www.jra.go.jp/datafile/seiseki/report/2022/2022-1sapporo1.pdf,official_daily_result_pdf
202201010110,2022,札幌,1,1,10,2022-07-23,https://www.jra.go.jp/datafile/seiseki/report/2022/2022-1sapporo1.pdf,official_daily_result_pdf
202201010111,2022,札幌,1,1,11,2022-07-23,https://www.jra.go.jp/datafile/seiseki/report/2022/2022-1sapporo1.pdf,official_daily_result_pdf
202201010112,2022,札幌,1,1,12,2022-07-23,https://www.jra.go.jp/datafile/seiseki/report/2022/2022-1sapporo1.pdf,official_daily_result_pdf
202201010201,2022,札幌,1,2,1,2022-07-24,https://www.jra.go.jp/datafile/seiseki/report/2022/2022-1sapporo2.pdf,official_daily_result_pdf
202201010202,2022,札幌,1,2,2,2022-07-24,https://www.jra.go.jp/datafile/seiseki/report/2022/2022-1sapporo2.pdf,official_daily_result_pdf
202201010203,2022,札幌,1,2,3,2022-07-24,https://www.jra.go.jp/datafile/seiseki/report/2022/2022-1sapporo2.pdf,official_daily_result_pdf
202201010204,2022,札幌,1,2,4,2022-07-24,https://www.jra.go.jp/datafile/seiseki/report/2022/2022-1sapporo2.pdf,official_daily_result_pdf
202201010205,2022,札幌,1,2,5,2022-07-24,https://www.jra.go.jp/datafile/seiseki/report/2022/2022-1sapporo2.pdf,official_daily_result_pdf
202201010206,2022,札幌,1,2,6,2022-07-24,https://www.jra.go.jp/datafile/seiseki/report/2022/2022-1sapporo2.pdf,official_daily_result_pdf
202201010207,2022,札幌,1,2,7,2022-07-24,https://www.jra.go.jp/datafile/seiseki/report/2022/2022-1sapporo2.pdf,official_daily_result_pdf
202201010208,2022,札幌,1,2,8,2022-07-24,https://www.jra.go.jp/datafile/seiseki/report/2022/2022-1sapporo2.pdf,official_daily_result_pdf
202201010209,2022,札幌,1,2,9,2022-07-24,https://www.jra.go.jp/datafile/seiseki/report/2022/2022-1sapporo2.pdf,official_daily_result_pdf
202201010210,2022,札幌,1,2,10,2022-07-24,https://www.jra.go.jp/datafile/seiseki/report/2022/2022-1sapporo2.pdf,official_daily_result_pdf
202201010211,2022,札幌,1,2,11,2022-07-24,https://www.jra.go.jp/datafile/seiseki/report/2022/2022-1sapporo2.pdf,official_daily_result_pdf
202201010212,2022,札幌,1,2,12,2022-07-24,https://www.jra.go.jp/datafile/seiseki/report/2022/2022-1sapporo2.pdf,official_daily_result_pdf
202201010301,2022,札幌,1,3,1,2022-07-30,https://www.jra.go.jp/datafile/seiseki/report/2022/2022-1sapporo3.pdf,official_daily_result_pdf
202201010302,2022,札幌,1,3,2,2022-07-30,https://www.jra.go.jp/datafile/seiseki/report/2022/2022-1sapporo3.pdf,official_daily_result_pdf
202201010303,2022,札幌,1,3,3,2022-07-30,https://www.jra.go.jp/datafile/seiseki/report/2022/2022-1sapporo3.pdf,official_daily_result_pdf
202201010304,2022,札幌,1,3,4,2022-07-30,https://www.jra.go.jp/datafile/seiseki/report/2022/2022-1sapporo3.pdf,official_daily_result_pdf
202201010305,2022,札幌,1,3,5,2022-07-30,https://www.jra.go.jp/datafile/seiseki/report/2022/2022-1sapporo3.pdf,official_daily_result_pdf
202201010306,2022,札幌,1,3,6,2022-07-30,https://www.jra.go.jp/datafile/seiseki/report/2022/2022-1sapporo3.pdf,official_daily_result_pdf
202201010307,2022,札幌,1,3,7,2022-07-30,https://www.jra.go.jp/datafile/seiseki/report/2022/2022-1sapporo3.pdf,official_daily_result_pdf
202201010308,2022,札幌,1,3,8,2022-07-30,https://www.jra.go.jp/datafile/seiseki/report/2022/2022-1sapporo3.pdf,official_daily_result_pdf
202201010309,2022,札幌,1,3,9,2022-07-30,https://www.jra.go.jp/datafile/seiseki/report/2022/2022-1sapporo3.pdf,official_daily_result_pdf
202201010310,2022,札幌,1,3,10,2022-07-30,https://www.jra.go.jp/datafile/seiseki/report/2022/2022-1sapporo3.pdf,official_daily_result_pdf
202201010311,2022,札幌,1,3,11,2022-07-30,https://www.jra.go.jp/datafile/seiseki/report/2022/2022-1sapporo3.pdf,official_daily_result_pdf
202201010312,2022,札幌,1,3,12,2022-07-30,https://www.jra.go.jp/datafile/seiseki/report/2022/2022-1sapporo3.pdf,official_daily_result_pdf
202201010401,2022,札幌,1,4,1,2022-07-31,https://www.jra.go.jp/datafile/seiseki/report/2022/2022-1sapporo4.pdf,official_daily_result_pdf
202201010402,2022,札幌,1,4,2,2022-07-31,https://www.jra.go.jp/datafile/seiseki/report/2022/2022-1sapporo4.pdf,official_daily_result_pdf
202201010403,2022,札幌,1,4,3,2022-07-31,https://www.jra.go.jp/datafile/seiseki/report/2022/2022-1sapporo4.pdf,official_daily_result_pdf
202201010404,2022,札幌,1,4,4,2022-07-31,https://www.jra.go.jp/datafile/seiseki/report/2022/2022-1sapporo4.pdf,official_daily_result_pdf
202201010405,2022,札幌,1,4,5,2022-07-31,https://www.jra.go.jp/datafile/seiseki/report/2022/2022-1sapporo4.pdf,official_daily_result_pdf
202201010406,2022,札幌,1,4,6,2022-07-31,https://www.jra.go.jp/datafile/seiseki/report/2022/2022-1sapporo4.pdf,official_daily_result_pdf
202201010407,2022,札幌,1,4,7,2022-07-31,https://www.jra.go.jp/datafile/seiseki/report/2022/2022-1sapporo4.pdf,official_daily_result_pdf
202201010408,2022,札幌,1,4,8,2022-07-31,https://www.jra.go.jp/datafile/seiseki/report/2022/2022-1sapporo4.pdf,official_daily_result_pdf
202201010409,2022,札幌,1,4,9,2022-07-31,https://www.jra.go.jp/datafile/seiseki/report/2022/2022-1sapporo4.pdf,official_daily_result_pdf
202201010410,2022,札幌,1,4,10,2022-07-31,https://www.jra.go.jp/datafile/seiseki/report/2022/2022-1sapporo4.pdf,official_daily_result_pdf
202201010411,2022,札幌,1,4,11,2022-07-31,https://www.jra.go.jp/datafile/seiseki/report/2022/2022-1sapporo4.pdf,official_daily_result_pdf
202201010412,2022,札幌,1,4,12,2022-07-31,https://www.jra.go.jp/datafile/seiseki/report/2022/2022-1sapporo4.pdf,official_daily_result_pdf
202201010501,2022,札幌,1,5,1,2022-08-06,https://www.jra.go.jp/datafile/seiseki/report/2022/2022-1sapporo5.pdf,official_daily_result_pdf
202201010502,2022,札幌,1,5,2,2022-08-06,https://www.jra.go.jp/datafile/seiseki/report/2022/2022-1sapporo5.pdf,official_daily_result_pdf
202201010503,2022,札幌,1,5,3,2022-08-06,https://www.jra.go.jp/datafile/seiseki/report/2022/2022-1sapporo5.pdf,official_daily_result_pdf
202201010504,2022,札幌,1,5,4,2022-08-06,https://www.jra.go.jp/datafile/seiseki/report/2022/2022-1sapporo5.pdf,official_daily_result_pdf
202201010505,2022,札幌,1,5,5,2022-08-06,https://www.jra.go.jp/datafile/seiseki/report/2022/2022-1sapporo5.pdf,official_daily_result_pdf
202201010506,2022,札幌,1,5,6,2022-08-06,https://www.jra.go.jp/datafile/seiseki/report/2022/2022-1sapporo5.pdf,official_daily_result_pdf
202201010507,2022,札幌,1,5,7,2022-08-06,https://www.jra.go.jp/datafile/seiseki/report/2022/2022-1sapporo5.pdf,official_daily_result_pdf
202201010508,2022,札幌,1,5,8,2022-08-06,https://www.jra.go.jp/datafile/seiseki/report/2022/2022-1sapporo5.pdf,official_daily_result_pdf
202201010509,2022,札幌,1,5,9,2022-08-06,https://www.jra.go.jp/datafile/seiseki/report/2022/2022-1sapporo5.pdf,official_daily_result_pdf
202201010510,2022,札幌,1,5,10,2022-08-06,https://www.jra.go.jp/datafile/seiseki/report/2022/2022-1sapporo5.pdf,official_daily_result_pdf
202201010511,2022,札幌,1,5,11,2022-08-06,https://www.jra.go.jp/datafile/seiseki/report/2022/2022-1sapporo5.pdf,official_daily_result_pdf
202201010512,2022,札幌,1,5,12,2022-08-06,https://www.jra.go.jp/datafile/seiseki/report/2022/2022-1sapporo5.pdf,official_daily_result_pdf
202201010601,2022,札幌,1,6,1,2022-08-07,https://www.jra.go.jp/datafile/seiseki/report/2022/2022-1sapporo6.pdf,official_daily_result_pdf
202201010602,2022,札幌,1,6,2,2022-08-07,https://www.jra.go.jp/datafile/seiseki/report/2022/2022-1sapporo6.pdf,official_daily_result_pdf
202201010603,2022,札幌,1,6,3,2022-08-07,https://www.jra.go.jp/datafile/seiseki/report/2022/2022-1sapporo6.pdf,official_daily_result_pdf
202201010604,2022,札幌,1,6,4,2022-08-07,https://www.jra.go.jp/datafile/seiseki/report/2022/2022-1sapporo6.pdf,official_daily_result_pdf
202201010605,2022,札幌,1,6,5,2022-08-07,https://www.jra.go.jp/datafile/seiseki/report/2022/2022-1sapporo6.pdf,official_daily_result_pdf
202201010606,2022,札幌,1,6,6,2022-08-07,https://www.jra.go.jp/datafile/seiseki/report/2022/2022-1sapporo6.pdf,official_daily_result_pdf
202201010607,2022,札幌,1,6,7,2022-08-07,https://www.jra.go.jp/datafile/seiseki/report/2022/2022-1sapporo6.pdf,official_daily_result_pdf
202201010608,2022,札幌,1,6,8,2022-08-07,https://www.jra.go.jp/datafile/seiseki/report/2022/2022-1sapporo6.pdf,official_daily_result_pdf
202201010609,2022,札幌,1,6,9,2022-08-07,https://www.jra.go.jp/datafile/seiseki/report/2022/2022-1sapporo6.pdf,official_daily_result_pdf
202201010610,2022,札幌,1,6,10,2022-08-07,https://www.jra.go.jp/datafile/seiseki/report/2022/2022-1sapporo6.pdf,official_daily_result_pdf
202201010611,2022,札幌,1,6,11,2022-08-07,https://www.jra.go.jp/datafile/seiseki/report/2022/2022-1sapporo6.pdf,official_daily_result_pdf
202201010612,2022,札幌,1,6,12,2022-08-07,https://www.jra.go.jp/datafile/seiseki/report/2022/2022-1sapporo6.pdf,official_daily_result_pdf
202201020101,2022,札幌,2,1,1,2022-08-13,https://www.jra.go.jp/datafile/seiseki/report/2022/2022-2sapporo1.pdf,official_daily_result_pdf
202201020102,2022,札幌,2,1,2,2022-08-13,https://www.jra.go.jp/datafile/seiseki/report/2022/2022-2sapporo1.pdf,official_daily_result_pdf
202201020103,2022,札幌,2,1,3,2022-08-13,https://www.jra.go.jp/datafile/seiseki/report/2022/2022-2sapporo1.pdf,official_daily_result_pdf
202201020104,2022,札幌,2,1,4,2022-08-13,https://www.jra.go.jp/datafile/seiseki/report/2022/2022-2sapporo1.pdf,official_daily_result_pdf
202201020105,2022,札幌,2,1,5,2022-08-13,https://www.jra.go.jp/datafile/seiseki/report/2022/2022-2sapporo1.pdf,official_daily_result_pdf
202201020106,2022,札幌,2,1,6,2022-08-13,https://www.jra.go.jp/datafile/seiseki/report/2022/2022-2sapporo1.pdf,official_daily_result_pdf
202201020107,2022,札幌,2,1,7,2022-08-13,https://www.jra.go.jp/datafile/seiseki/report/2022/2022-2sapporo1.pdf,official_daily_result_pdf
202201020108,2022,札幌,2,1,8,2022-08-13,https://www.jra.go.jp/datafile/seiseki/report/2022/2022-2sapporo1.pdf,official_daily_result_pdf
202201020109,2022,札幌,2,1,9,2022-08-13,https://www.jra.go.jp/datafile/seiseki/report/2022/2022-2sapporo1.pdf,official_daily_result_pdf
202201020110,2022,札幌,2,1,10,2022-08-13,https://www.jra.go.jp/datafile/seiseki/report/2022/2022-2sapporo1.pdf,official_daily_result_pdf
202201020111,2022,札幌,2,1,11,2022-08-13,https://www.jra.go.jp/datafile/seiseki/report/2022/2022-2sapporo1.pdf,official_daily_result_pdf
202201020112,2022,札幌,2,1,12,2022-08-13,https://www.jra.go.jp/datafile/seiseki/report/2022/2022-2sapporo1.pdf,official_daily_result_pdf
202201020201,2022,札幌,2,2,1,2022-08-14,https://www.jra.go.jp/datafile/seiseki/report/2022/2022-2sapporo2.pdf,official_daily_result_pdf
202201020202,2022,札幌,2,2,2,2022-08-14,https://www.jra.go.jp/datafile/seiseki/report/2022/2022-2sapporo2.pdf,official_daily_result_pdf
202201020203,2022,札幌,2,2,3,2022-08-14,https://www.jra.go.jp/datafile/seiseki/report/2022/2022-2sapporo2.pdf,official_daily_result_pdf
202201020204,2022,札幌,2,2,4,2022-08-14,https://www.jra.go.jp/datafile/seiseki/report/2022/2022-2sapporo2.pdf,official_daily_result_pdf
202201020205,2022,札幌,2,2,5,2022-08-14,https://www.jra.go.jp/datafile/seiseki/report/2022/2022-2sapporo2.pdf,official_daily_result_pdf
202201020206,2022,札幌,2,2,6,2022-08-14,https://www.jra.go.jp/datafile/seiseki/report/2022/2022-2sapporo2.pdf,official_daily_result_pdf
202201020207,2022,札幌,2,2,7,2022-08-14,https://www.jra.go.jp/datafile/seiseki/report/2022/2022-2sapporo2.pdf,official_daily_result_pdf
202201020208,2022,札幌,2,2,8,2022-08-14,https://www.jra.go.jp/datafile/seiseki/report/2022/2022-2sapporo2.pdf,official_daily_result_pdf
202201020209,2022,札幌,2,2,9,2022-08-14,https://www.jra.go.jp/datafile/seiseki/report/2022/2022-2sapporo2.pdf,official_daily_result_pdf
202201020210,2022,札幌,2,2,10,2022-08-14,https://www.jra.go.jp/datafile/seiseki/report/2022/2022-2sapporo2.pdf,official_daily_result_pdf
202201020211,2022,札幌,2,2,11,2022-08-14,https://www.jra.go.jp/datafile/seiseki/report/2022/2022-2sapporo2.pdf,official_daily_result_pdf
202201020212,2022,札幌,2,2,12,2022-08-14,https://www.jra.go.jp/datafile/seiseki/report/2022/2022-2sapporo2.pdf,official_daily_result_pdf
202201020301,2022,札幌,2,3,1,2022-08-20,https://www.jra.go.jp/datafile/seiseki/report/2022/2022-2sapporo3.pdf,official_daily_result_pdf
202201020302,2022,札幌,2,3,2,2022-08-20,https://www.jra.go.jp/datafile/seiseki/report/2022/2022-2sapporo3.pdf,official_daily_result_pdf
202201020303,2022,札幌,2,3,3,2022-08-20,https://www.jra.go.jp/datafile/seiseki/report/2022/2022-2sapporo3.pdf,official_daily_result_pdf
202201020304,2022,札幌,2,3,4,2022-08-20,https://www.jra.go.jp/datafile/seiseki/report/2022/2022-2sapporo3.pdf,official_daily_result_pdf
202201020305,2022,札幌,2,3,5,2022-08-20,https://www.jra.go.jp/datafile/seiseki/report/2022/2022-2sapporo3.pdf,official_daily_result_pdf
202201020306,2022,札幌,2,3,6,2022-08-20,https://www.jra.go.jp/datafile/seiseki/report/2022/2022-2sapporo3.pdf,official_daily_result_pdf
202201020307,2022,札幌,2,3,7,2022-08-20,https://www.jra.go.jp/datafile/seiseki/report/2022/2022-2sapporo3.pdf,official_daily_result_pdf
202201020308,2022,札幌,2,3,8,2022-08-20,https://www.jra.go.jp/datafile/seiseki/report/2022/2022-2sapporo3.pdf,official_daily_result_pdf
202201020309,2022,札幌,2,3,9,2022-08-20,https://www.jra.go.jp/datafile/seiseki/report/2022/2022-2sapporo3.pdf,official_daily_result_pdf
202201020310,2022,札幌,2,3,10,2022-08-20,https://www.jra.go.jp/datafile/seiseki/report/2022/2022-2sapporo3.pdf,official_daily_result_pdf
202201020311,2022,札幌,2,3,11,2022-08-20,https://www.jra.go.jp/datafile/seiseki/report/2022/2022-2sapporo3.pdf,official_daily_result_pdf
202201020312,2022,札幌,2,3,12,2022-08-20,https://www.jra.go.jp/datafile/seiseki/report/2022/2022-2sapporo3.pdf,official_daily_result_pdf
202201020401,2022,札幌,2,4,1,2022-08-21,https://www.jra.go.jp/datafile/seiseki/report/2022/2022-2sapporo4.pdf,official_daily_result_pdf
202201020402,2022,札幌,2,4,2,2022-08-21,https://www.jra.go.jp/datafile/seiseki/report/2022/2022-2sapporo4.pdf,official_daily_result_pdf
202201020403,2022,札幌,2,4,3,2022-08-21,https://www.jra.go.jp/datafile/seiseki/report/2022/2022-2sapporo4.pdf,official_daily_result_pdf
202201020404,2022,札幌,2,4,4,2022-08-21,https://www.jra.go.jp/datafile/seiseki/report/2022/2022-2sapporo4.pdf,official_daily_result_pdf
202201020405,2022,札幌,2,4,5,2022-08-21,https://www.jra.go.jp/datafile/seiseki/report/2022/2022-2sapporo4.pdf,official_daily_result_pdf
202201020406,2022,札幌,2,4,6,2022-08-21,https://www.jra.go.jp/datafile/seiseki/report/2022/2022-2sapporo4.pdf,official_daily_result_pdf
202201020407,2022,札幌,2,4,7,2022-08-21,https://www.jra.go.jp/datafile/seiseki/report/2022/2022-2sapporo4.pdf,official_daily_result_pdf
202201020408,2022,札幌,2,4,8,2022-08-21,https://www.jra.go.jp/datafile/seiseki/report/2022/2022-2sapporo4.pdf,official_daily_result_pdf
202201020409,2022,札幌,2,4,9,2022-08-21,https://www.jra.go.jp/datafile/seiseki/report/2022/2022-2sapporo4.pdf,official_daily_result_pdf
202201020410,2022,札幌,2,4,10,2022-08-21,https://www.jra.go.jp/datafile/seiseki/report/2022/2022-2sapporo4.pdf,official_daily_result_pdf
202201020411,2022,札幌,2,4,11,2022-08-21,https://www.jra.go.jp/datafile/seiseki/report/2022/2022-2sapporo4.pdf,official_daily_result_pdf
202201020412,2022,札幌,2,4,12,2022-08-21,https://www.jra.go.jp/datafile/seiseki/report/2022/2022-2sapporo4.pdf,official_daily_result_pdf
202201020501,2022,札幌,2,5,1,2022-08-27,https://www.jra.go.jp/datafile/seiseki/report/2022/2022-2sapporo5.pdf,official_daily_result_pdf
202201020502,2022,札幌,2,5,2,2022-08-27,https://www.jra.go.jp/datafile/seiseki/report/2022/2022-2sapporo5.pdf,official_daily_result_pdf
202201020503,2022,札幌,2,5,3,2022-08-27,https://www.jra.go.jp/datafile/seiseki/report/2022/2022-2sapporo5.pdf,official_daily_result_pdf
202201020504,2022,札幌,2,5,4,2022-08-27,https://www.jra.go.jp/datafile/seiseki/report/2022/2022-2sapporo5.pdf,official_daily_result_pdf
202201020505,2022,札幌,2,5,5,2022-08-27,https://www.jra.go.jp/datafile/seiseki/report/2022/2022-2sapporo5.pdf,official_daily_result_pdf
202201020506,2022,札幌,2,5,6,2022-08-27,https://www.jra.go.jp/datafile/seiseki/report/2022/2022-2sapporo5.pdf,official_daily_result_pdf
202201020507,2022,札幌,2,5,7,2022-08-27,https://www.jra.go.jp/datafile/seiseki/report/2022/2022-2sapporo5.pdf,official_daily_result_pdf
202201020508,2022,札幌,2,5,8,2022-08-27,https://www.jra.go.jp/datafile/seiseki/report/2022/2022-2sapporo5.pdf,official_daily_result_pdf
202201020509,2022,札幌,2,5,9,2022-08-27,https://www.jra.go.jp/datafile/seiseki/report/2022/2022-2sapporo5.pdf,official_daily_result_pdf
202201020510,2022,札幌,2,5,10,2022-08-27,https://www.jra.go.jp/datafile/seiseki/report/2022/2022-2sapporo5.pdf,official_daily_result_pdf
202201020511,2022,札幌,2,5,11,2022-08-27,https://www.jra.go.jp/datafile/seiseki/report/2022/2022-2sapporo5.pdf,official_daily_result_pdf
202201020512,2022,札幌,2,5,12,2022-08-27,https://www.jra.go.jp/datafile/seiseki/report/2022/2022-2sapporo5.pdf,official_daily_result_pdf
202201020601,2022,札幌,2,6,1,2022-08-28,https://www.jra.go.jp/datafile/seiseki/report/2022/2022-2sapporo6.pdf,official_daily_result_pdf
202201020602,2022,札幌,2,6,2,2022-08-28,https://www.jra.go.jp/datafile/seiseki/report/2022/2022-2sapporo6.pdf,official_daily_result_pdf
202201020603,2022,札幌,2,6,3,2022-08-28,https://www.jra.go.jp/datafile/seiseki/report/2022/2022-2sapporo6.pdf,official_daily_result_pdf
202201020604,2022,札幌,2,6,4,2022-08-28,https://www.jra.go.jp/datafile/seiseki/report/2022/2022-2sapporo6.pdf,official_daily_result_pdf
202201020605,2022,札幌,2,6,5,2022-08-28,https://www.jra.go.jp/datafile/seiseki/report/2022/2022-2sapporo6.pdf,official_daily_result_pdf
202201020606,2022,札幌,2,6,6,2022-08-28,https://www.jra.go.jp/datafile/seiseki/report/2022/2022-2sapporo6.pdf,official_daily_result_pdf
202201020607,2022,札幌,2,6,7,2022-08-28,https://www.jra.go.jp/datafile/seiseki/report/2022/2022-2sapporo6.pdf,official_daily_result_pdf
202201020608,2022,札幌,2,6,8,2022-08-28,https://www.jra.go.jp/datafile/seiseki/report/2022/2022-2sapporo6.pdf,official_daily_result_pdf
202201020609,2022,札幌,2,6,9,2022-08-28,https://www.jra.go.jp/datafile/seiseki/report/2022/2022-2sapporo6.pdf,official_daily_result_pdf
202201020610,2022,札幌,2,6,10,2022-08-28,https://www.jra.go.jp/datafile/seiseki/report/2022/2022-2sapporo6.pdf,official_daily_result_pdf
202201020611,2022,札幌,2,6,11,2022-08-28,https://www.jra.go.jp/datafile/seiseki/report/2022/2022-2sapporo6.pdf,official_daily_result_pdf
202201020612,2022,札幌,2,6,12,2022-08-28,https://www.jra.go.jp/datafile/seiseki/report/2022/2022-2sapporo6.pdf,official_daily_result_pdf
202201020701,2022,札幌,2,7,1,2022-09-03,https://www.jra.go.jp/datafile/seiseki/report/2022/2022-2sapporo7.pdf,official_daily_result_pdf
202201020702,2022,札幌,2,7,2,2022-09-03,https://www.jra.go.jp/datafile/seiseki/report/2022/2022-2sapporo7.pdf,official_daily_result_pdf
202201020703,2022,札幌,2,7,3,2022-09-03,https://www.jra.go.jp/datafile/seiseki/report/2022/2022-2sapporo7.pdf,official_daily_result_pdf
202201020704,2022,札幌,2,7,4,2022-09-03,https://www.jra.go.jp/datafile/seiseki/report/2022/2022-2sapporo7.pdf,official_daily_result_pdf
202201020705,2022,札幌,2,7,5,2022-09-03,https://www.jra.go.jp/datafile/seiseki/report/2022/2022-2sapporo7.pdf,official_daily_result_pdf
202201020706,2022,札幌,2,7,6,2022-09-03,https://www.jra.go.jp/datafile/seiseki/report/2022/2022-2sapporo7.pdf,official_daily_result_pdf
202201020707,2022,札幌,2,7,7,2022-09-03,https://www.jra.go.jp/datafile/seiseki/report/2022/2022-2sapporo7.pdf,official_daily_result_pdf
202201020708,2022,札幌,2,7,8,2022-09-03,https://www.jra.go.jp/datafile/seiseki/report/2022/2022-2sapporo7.pdf,official_daily_result_pdf
202201020709,2022,札幌,2,7,9,2022-09-03,https://www.jra.go.jp/datafile/seiseki/report/2022/2022-2sapporo7.pdf,official_daily_result_pdf
202201020710,2022,札幌,2,7,10,2022-09-03,https://www.jra.go.jp/datafile/seiseki/report/2022/2022-2sapporo7.pdf,official_daily_result_pdf
202201020711,2022,札幌,2,7,11,2022-09-03,https://www.jra.go.jp/datafile/seiseki/report/2022/2022-2sapporo7.pdf,official_daily_result_pdf
202201020712,2022,札幌,2,7,12,2022-09-03,https://www.jra.go.jp/datafile/seiseki/report/2022/2022-2sapporo7.pdf,official_daily_result_pdf
202201020801,2022,札幌,2,8,1,2022-09-04,https://www.jra.go.jp/datafile/seiseki/report/2022/2022-2sapporo8.pdf,official_daily_result_pdf
202201020802,2022,札幌,2,8,2,2022-09-04,https://www.jra.go.jp/datafile/seiseki/report/2022/2022-2sapporo8.pdf,official_daily_result_pdf
202201020803,2022,札幌,2,8,3,2022-09-04,https://www.jra.go.jp/datafile/seiseki/report/2022/2022-2sapporo8.pdf,official_daily_result_pdf
202201020804,2022,札幌,2,8,4,2022-09-04,https://www.jra.go.jp/datafile/seiseki/report/2022/2022-2sapporo8.pdf,official_daily_result_pdf
202201020805,2022,札幌,2,8,5,2022-09-04,https://www.jra.go.jp/datafile/seiseki/report/2022/2022-2sapporo8.pdf,official_daily_result_pdf
202201020806,2022,札幌,2,8,6,2022-09-04,https://www.jra.go.jp/datafile/seiseki/report/2022/2022-2sapporo8.pdf,official_daily_result_pdf
202201020807,2022,札幌,2,8,7,2022-09-04,https://www.jra.go.jp/datafile/seiseki/report/2022/2022-2sapporo8.pdf,official_daily_result_pdf
202201020808,2022,札幌,2,8,8,2022-09-04,https://www.jra.go.jp/datafile/seiseki/report/2022/2022-2sapporo8.pdf,official_daily_result_pdf
202201020809,2022,札幌,2,8,9,2022-09-04,https://www.jra.go.jp/datafile/seiseki/report/2022/2022-2sapporo8.pdf,official_daily_result_pdf
202201020810,2022,札幌,2,8,10,2022-09-04,https://www.jra.go.jp/datafile/seiseki/report/2022/2022-2sapporo8.pdf,official_daily_result_pdf
202201020811,2022,札幌,2,8,11,2022-09-04,https://www.jra.go.jp/datafile/seiseki/report/2022/2022-2sapporo8.pdf,official_daily_result_pdf
202201020812,2022,札幌,2,8,12,2022-09-04,https://www.jra.go.jp/datafile/seiseki/report/2022/2022-2sapporo8.pdf,official_daily_result_pdf
202202010101,2022,函館,1,1,1,2022-06-11,https://www.jra.go.jp/datafile/seiseki/report/2022/2022-1hakodate1.pdf,official_daily_result_pdf
202202010102,2022,函館,1,1,2,2022-06-11,https://www.jra.go.jp/datafile/seiseki/report/2022/2022-1hakodate1.pdf,official_daily_result_pdf
202202010103,2022,函館,1,1,3,2022-06-11,https://www.jra.go.jp/datafile/seiseki/report/2022/2022-1hakodate1.pdf,official_daily_result_pdf
202202010104,2022,函館,1,1,4,2022-06-11,https://www.jra.go.jp/datafile/seiseki/report/2022/2022-1hakodate1.pdf,official_daily_result_pdf
202202010105,2022,函館,1,1,5,2022-06-11,https://www.jra.go.jp/datafile/seiseki/report/2022/2022-1hakodate1.pdf,official_daily_result_pdf
202202010106,2022,函館,1,1,6,2022-06-11,https://www.jra.go.jp/datafile/seiseki/report/2022/2022-1hakodate1.pdf,official_daily_result_pdf
202202010107,2022,函館,1,1,7,2022-06-11,https://www.jra.go.jp/datafile/seiseki/report/2022/2022-1hakodate1.pdf,official_daily_result_pdf
202202010108,2022,函館,1,1,8,2022-06-11,https://www.jra.go.jp/datafile/seiseki/report/2022/2022-1hakodate1.pdf,official_daily_result_pdf
202202010109,2022,函館,1,1,9,2022-06-11,https://www.jra.go.jp/datafile/seiseki/report/2022/2022-1hakodate1.pdf,official_daily_result_pdf
202202010110,2022,函館,1,1,10,2022-06-11,https://www.jra.go.jp/datafile/seiseki/report/2022/2022-1hakodate1.pdf,official_daily_result_pdf
202202010111,2022,函館,1,1,11,2022-06-11,https://www.jra.go.jp/datafile/seiseki/report/2022/2022-1hakodate1.pdf,official_daily_result_pdf
202202010112,2022,函館,1,1,12,2022-06-11,https://www.jra.go.jp/datafile/seiseki/report/2022/2022-1hakodate1.pdf,official_daily_result_pdf
202202010201,2022,函館,1,2,1,2022-06-12,https://www.jra.go.jp/datafile/seiseki/report/2022/2022-1hakodate2.pdf,official_daily_result_pdf
202202010202,2022,函館,1,2,2,2022-06-12,https://www.jra.go.jp/datafile/seiseki/report/2022/2022-1hakodate2.pdf,official_daily_result_pdf
202202010203,2022,函館,1,2,3,2022-06-12,https://www.jra.go.jp/datafile/seiseki/report/2022/2022-1hakodate2.pdf,official_daily_result_pdf
202202010204,2022,函館,1,2,4,2022-06-12,https://www.jra.go.jp/datafile/seiseki/report/2022/2022-1hakodate2.pdf,official_daily_result_pdf
202202010205,2022,函館,1,2,5,2022-06-12,https://www.jra.go.jp/datafile/seiseki/report/2022/2022-1hakodate2.pdf,official_daily_result_pdf
202202010206,2022,函館,1,2,6,2022-06-12,https://www.jra.go.jp/datafile/seiseki/report/2022/2022-1hakodate2.pdf,official_daily_result_pdf
202202010207,2022,函館,1,2,7,2022-06-12,https://www.jra.go.jp/datafile/seiseki/report/2022/2022-1hakodate2.pdf,official_daily_result_pdf
202202010208,2022,函館,1,2,8,2022-06-12,https://www.jra.go.jp/datafile/seiseki/report/2022/2022-1hakodate2.pdf,official_daily_result_pdf
202202010209,2022,函館,1,2,9,2022-06-12,https://www.jra.go.jp/datafile/seiseki/report/2022/2022-1hakodate2.pdf,official_daily_result_pdf
202202010210,2022,函館,1,2,10,2022-06-12,https://www.jra.go.jp/datafile/seiseki/report/2022/2022-1hakodate2.pdf,official_daily_result_pdf
202202010211,2022,函館,1,2,11,2022-06-12,https://www.jra.go.jp/datafile/seiseki/report/2022/2022-1hakodate2.pdf,official_daily_result_pdf
202202010212,2022,函館,1,2,12,2022-06-12,https://www.jra.go.jp/datafile/seiseki/report/2022/2022-1hakodate2.pdf,official_daily_result_pdf
202202010301,2022,函館,1,3,1,2022-06-18,https://www.jra.go.jp/datafile/seiseki/report/2022/2022-1hakodate3.pdf,official_daily_result_pdf
202202010302,2022,函館,1,3,2,2022-06-18,https://www.jra.go.jp/datafile/seiseki/report/2022/2022-1hakodate3.pdf,official_daily_result_pdf
202202010303,2022,函館,1,3,3,2022-06-18,https://www.jra.go.jp/datafile/seiseki/report/2022/2022-1hakodate3.pdf,official_daily_result_pdf
202202010304,2022,函館,1,3,4,2022-06-18,https://www.jra.go.jp/datafile/seiseki/report/2022/2022-1hakodate3.pdf,official_daily_result_pdf
202202010305,2022,函館,1,3,5,2022-06-18,https://www.jra.go.jp/datafile/seiseki/report/2022/2022-1hakodate3.pdf,official_daily_result_pdf
202202010306,2022,函館,1,3,6,2022-06-18,https://www.jra.go.jp/datafile/seiseki/report/2022/2022-1hakodate3.pdf,official_daily_result_pdf
202202010307,2022,函館,1,3,7,2022-06-18,https://www.jra.go.jp/datafile/seiseki/report/2022/2022-1hakodate3.pdf,official_daily_result_pdf
202202010308,2022,函館,1,3,8,2022-06-18,https://www.jra.go.jp/datafile/seiseki/report/2022/2022-1hakodate3.pdf,official_daily_result_pdf
202202010309,2022,函館,1,3,9,2022-06-18,https://www.jra.go.jp/datafile/seiseki/report/2022/2022-1hakodate3.pdf,official_daily_result_pdf
202202010310,2022,函館,1,3,10,2022-06-18,https://www.jra.go.jp/datafile/seiseki/report/2022/2022-1hakodate3.pdf,official_daily_result_pdf
202202010311,2022,函館,1,3,11,2022-06-18,https://www.jra.go.jp/datafile/seiseki/report/2022/2022-1hakodate3.pdf,official_daily_result_pdf
202202010312,2022,函館,1,3,12,2022-06-18,https://www.jra.go.jp/datafile/seiseki/report/2022/2022-1hakodate3.pdf,official_daily_result_pdf
202202010401,2022,函館,1,4,1,2022-06-19,https://www.jra.go.jp/datafile/seiseki/report/2022/2022-1hakodate4.pdf,official_daily_result_pdf
202202010402,2022,函館,1,4,2,2022-06-19,https://www.jra.go.jp/datafile/seiseki/report/2022/2022-1hakodate4.pdf,official_daily_result_pdf
202202010403,2022,函館,1,4,3,2022-06-19,https://www.jra.go.jp/datafile/seiseki/report/2022/2022-1hakodate4.pdf,official_daily_result_pdf
202202010404,2022,函館,1,4,4,2022-06-19,https://www.jra.go.jp/datafile/seiseki/report/2022/2022-1hakodate4.pdf,official_daily_result_pdf
202202010405,2022,函館,1,4,5,2022-06-19,https://www.jra.go.jp/datafile/seiseki/report/2022/2022-1hakodate4.pdf,official_daily_result_pdf
202202010406,2022,函館,1,4,6,2022-06-19,https://www.jra.go.jp/datafile/seiseki/report/2022/2022-1hakodate4.pdf,official_daily_result_pdf
202202010407,2022,函館,1,4,7,2022-06-19,https://www.jra.go.jp/datafile/seiseki/report/2022/2022-1hakodate4.pdf,official_daily_result_pdf
202202010408,2022,函館,1,4,8,2022-06-19,https://www.jra.go.jp/datafile/seiseki/report/2022/2022-1hakodate4.pdf,official_daily_result_pdf
202202010409,2022,函館,1,4,9,2022-06-19,https://www.jra.go.jp/datafile/seiseki/report/2022/2022-1hakodate4.pdf,official_daily_result_pdf
202202010410,2022,函館,1,4,10,2022-06-19,https://www.jra.go.jp/datafile/seiseki/report/2022/2022-1hakodate4.pdf,official_daily_result_pdf
202202010411,2022,函館,1,4,11,2022-06-19,https://www.jra.go.jp/datafile/seiseki/report/2022/2022-1hakodate4.pdf,official_daily_result_pdf
202202010412,2022,函館,1,4,12,2022-06-19,https://www.jra.go.jp/datafile/seiseki/report/2022/2022-1hakodate4.pdf,official_daily_result_pdf
202202010501,2022,函館,1,5,1,2022-06-25,https://www.jra.go.jp/datafile/seiseki/report/2022/2022-1hakodate5.pdf,official_daily_result_pdf
202202010502,2022,函館,1,5,2,2022-06-25,https://www.jra.go.jp/datafile/seiseki/report/2022/2022-1hakodate5.pdf,official_daily_result_pdf
202202010503,2022,函館,1,5,3,2022-06-25,https://www.jra.go.jp/datafile/seiseki/report/2022/2022-1hakodate5.pdf,official_daily_result_pdf
202202010504,2022,函館,1,5,4,2022-06-25,https://www.jra.go.jp/datafile/seiseki/report/2022/2022-1hakodate5.pdf,official_daily_result_pdf
202202010505,2022,函館,1,5,5,2022-06-25,https://www.jra.go.jp/datafile/seiseki/report/2022/2022-1hakodate5.pdf,official_daily_result_pdf
202202010506,2022,函館,1,5,6,2022-06-25,https://www.jra.go.jp/datafile/seiseki/report/2022/2022-1hakodate5.pdf,official_daily_result_pdf
202202010507,2022,函館,1,5,7,2022-06-25,https://www.jra.go.jp/datafile/seiseki/report/2022/2022-1hakodate5.pdf,official_daily_result_pdf
202202010508,2022,函館,1,5,8,2022-06-25,https://www.jra.go.jp/datafile/seiseki/report/2022/2022-1hakodate5.pdf,official_daily_result_pdf
202202010509,2022,函館,1,5,9,2022-06-25,https://www.jra.go.jp/datafile/seiseki/report/2022/2022-1hakodate5.pdf,official_daily_result_pdf
202202010510,2022,函館,1,5,10,2022-06-25,https://www.jra.go.jp/datafile/seiseki/report/2022/2022-1hakodate5.pdf,official_daily_result_pdf
202202010511,2022,函館,1,5,11,2022-06-25,https://www.jra.go.jp/datafile/seiseki/report/2022/2022-1hakodate5.pdf,official_daily_result_pdf
202202010512,2022,函館,1,5,12,2022-06-25,https://www.jra.go.jp/datafile/seiseki/report/2022/2022-1hakodate5.pdf,official_daily_result_pdf
202202010601,2022,函館,1,6,1,2022-06-26,https://www.jra.go.jp/datafile/seiseki/report/2022/2022-1hakodate6.pdf,official_daily_result_pdf
202202010602,2022,函館,1,6,2,2022-06-26,https://www.jra.go.jp/datafile/seiseki/report/2022/2022-1hakodate6.pdf,official_daily_result_pdf
202202010603,2022,函館,1,6,3,2022-06-26,https://www.jra.go.jp/datafile/seiseki/report/2022/2022-1hakodate6.pdf,official_daily_result_pdf
202202010604,2022,函館,1,6,4,2022-06-26,https://www.jra.go.jp/datafile/seiseki/report/2022/2022-1hakodate6.pdf,official_daily_result_pdf
202202010605,2022,函館,1,6,5,2022-06-26,https://www.jra.go.jp/datafile/seiseki/report/2022/2022-1hakodate6.pdf,official_daily_result_pdf
202202010606,2022,函館,1,6,6,2022-06-26,https://www.jra.go.jp/datafile/seiseki/report/2022/2022-1hakodate6.pdf,official_daily_result_pdf
202202010607,2022,函館,1,6,7,2022-06-26,https://www.jra.go.jp/datafile/seiseki/report/2022/2022-1hakodate6.pdf,official_daily_result_pdf
202202010608,2022,函館,1,6,8,2022-06-26,https://www.jra.go.jp/datafile/seiseki/report/2022/2022-1hakodate6.pdf,official_daily_result_pdf
202202010609,2022,函館,1,6,9,2022-06-26,https://www.jra.go.jp/datafile/seiseki/report/2022/2022-1hakodate6.pdf,official_daily_result_pdf
202202010610,2022,函館,1,6,10,2022-06-26,https://www.jra.go.jp/datafile/seiseki/report/2022/2022-1hakodate6.pdf,official_daily_result_pdf
202202010611,2022,函館,1,6,11,2022-06-26,https://www.jra.go.jp/datafile/seiseki/report/2022/2022-1hakodate6.pdf,official_daily_result_pdf
202202010612,2022,函館,1,6,12,2022-06-26,https://www.jra.go.jp/datafile/seiseki/report/2022/2022-1hakodate6.pdf,official_daily_result_pdf
202202010701,2022,函館,1,7,1,2022-07-02,https://www.jra.go.jp/datafile/seiseki/report/2022/2022-1hakodate7.pdf,official_daily_result_pdf
202202010702,2022,函館,1,7,2,2022-07-02,https://www.jra.go.jp/datafile/seiseki/report/2022/2022-1hakodate7.pdf,official_daily_result_pdf
202202010703,2022,函館,1,7,3,2022-07-02,https://www.jra.go.jp/datafile/seiseki/report/2022/2022-1hakodate7.pdf,official_daily_result_pdf
202202010704,2022,函館,1,7,4,2022-07-02,https://www.jra.go.jp/datafile/seiseki/report/2022/2022-1hakodate7.pdf,official_daily_result_pdf
202202010705,2022,函館,1,7,5,2022-07-02,https://www.jra.go.jp/datafile/seiseki/report/2022/2022-1hakodate7.pdf,official_daily_result_pdf
202202010706,2022,函館,1,7,6,2022-07-02,https://www.jra.go.jp/datafile/seiseki/report/2022/2022-1hakodate7.pdf,official_daily_result_pdf
202202010707,2022,函館,1,7,7,2022-07-02,https://www.jra.go.jp/datafile/seiseki/report/2022/2022-1hakodate7.pdf,official_daily_result_pdf
202202010708,2022,函館,1,7,8,2022-07-02,https://www.jra.go.jp/datafile/seiseki/report/2022/2022-1hakodate7.pdf,official_daily_result_pdf
202202010709,2022,函館,1,7,9,2022-07-02,https://www.jra.go.jp/datafile/seiseki/report/2022/2022-1hakodate7.pdf,official_daily_result_pdf
202202010710,2022,函館,1,7,10,2022-07-02,https://www.jra.go.jp/datafile/seiseki/report/2022/2022-1hakodate7.pdf,official_daily_result_pdf
202202010711,2022,函館,1,7,11,2022-07-02,https://www.jra.go.jp/datafile/seiseki/report/2022/2022-1hakodate7.pdf,official_daily_result_pdf
202202010712,2022,函館,1,7,12,2022-07-02,https://www.jra.go.jp/datafile/seiseki/report/2022/2022-1hakodate7.pdf,official_daily_result_pdf
202202010801,2022,函館,1,8,1,2022-07-03,https://www.jra.go.jp/datafile/seiseki/report/2022/2022-1hakodate8.pdf,official_daily_result_pdf
202202010802,2022,函館,1,8,2,2022-07-03,https://www.jra.go.jp/datafile/seiseki/report/2022/2022-1hakodate8.pdf,official_daily_result_pdf
202202010803,2022,函館,1,8,3,2022-07-03,https://www.jra.go.jp/datafile/seiseki/report/2022/2022-1hakodate8.pdf,official_daily_result_pdf
202202010804,2022,函館,1,8,4,2022-07-03,https://www.jra.go.jp/datafile/seiseki/report/2022/2022-1hakodate8.pdf,official_daily_result_pdf
202202010805,2022,函館,1,8,5,2022-07-03,https://www.jra.go.jp/datafile/seiseki/report/2022/2022-1hakodate8.pdf,official_daily_result_pdf
202202010806,2022,函館,1,8,6,2022-07-03,https://www.jra.go.jp/datafile/seiseki/report/2022/2022-1hakodate8.pdf,official_daily_result_pdf
202202010807,2022,函館,1,8,7,2022-07-03,https://www.jra.go.jp/datafile/seiseki/report/2022/2022-1hakodate8.pdf,official_daily_result_pdf
202202010808,2022,函館,1,8,8,2022-07-03,https://www.jra.go.jp/datafile/seiseki/report/2022/2022-1hakodate8.pdf,official_daily_result_pdf
202202010809,2022,函館,1,8,9,2022-07-03,https://www.jra.go.jp/datafile/seiseki/report/2022/2022-1hakodate8.pdf,official_daily_result_pdf
202202010810,2022,函館,1,8,10,2022-07-03,https://www.jra.go.jp/datafile/seiseki/report/2022/2022-1hakodate8.pdf,official_daily_result_pdf
202202010811,2022,函館,1,8,11,2022-07-03,https://www.jra.go.jp/datafile/seiseki/report/2022/2022-1hakodate8.pdf,official_daily_result_pdf
202202010812,2022,函館,1,8,12,2022-07-03,https://www.jra.go.jp/datafile/seiseki/report/2022/2022-1hakodate8.pdf,official_daily_result_pdf
202202010901,2022,函館,1,9,1,2022-07-09,https://www.jra.go.jp/datafile/seiseki/report/2022/2022-1hakodate9.pdf,official_daily_result_pdf
202202010902,2022,函館,1,9,2,2022-07-09,https://www.jra.go.jp/datafile/seiseki/report/2022/2022-1hakodate9.pdf,official_daily_result_pdf
202202010903,2022,函館,1,9,3,2022-07-09,https://www.jra.go.jp/datafile/seiseki/report/2022/2022-1hakodate9.pdf,official_daily_result_pdf
202202010904,2022,函館,1,9,4,2022-07-09,https://www.jra.go.jp/datafile/seiseki/report/2022/2022-1hakodate9.pdf,official_daily_result_pdf
202202010905,2022,函館,1,9,5,2022-07-09,https://www.jra.go.jp/datafile/seiseki/report/2022/2022-1hakodate9.pdf,official_daily_result_pdf
202202010906,2022,函館,1,9,6,2022-07-09,https://www.jra.go.jp/datafile/seiseki/report/2022/2022-1hakodate9.pdf,official_daily_result_pdf
202202010907,2022,函館,1,9,7,2022-07-09,https://www.jra.go.jp/datafile/seiseki/report/2022/2022-1hakodate9.pdf,official_daily_result_pdf
202202010908,2022,函館,1,9,8,2022-07-09,https://www.jra.go.jp/datafile/seiseki/report/2022/2022-1hakodate9.pdf,official_daily_result_pdf
202202010909,2022,函館,1,9,9,2022-07-09,https://www.jra.go.jp/datafile/seiseki/report/2022/2022-1hakodate9.pdf,official_daily_result_pdf
202202010910,2022,函館,1,9,10,2022-07-09,https://www.jra.go.jp/datafile/seiseki/report/2022/2022-1hakodate9.pdf,official_daily_result_pdf
202202010911,2022,函館,1,9,11,2022-07-09,https://www.jra.go.jp/datafile/seiseki/report/2022/2022-1hakodate9.pdf,official_daily_result_pdf
202202010912,2022,函館,1,9,12,2022-07-09,https://www.jra.go.jp/datafile/seiseki/report/2022/2022-1hakodate9.pdf,official_daily_result_pdf
202202011001,2022,函館,1,10,1,2022-07-10,https://www.jra.go.jp/datafile/seiseki/report/2022/2022-1hakodate10.pdf,official_daily_result_pdf
202202011002,2022,函館,1,10,2,2022-07-10,https://www.jra.go.jp/datafile/seiseki/report/2022/2022-1hakodate10.pdf,official_daily_result_pdf
202202011003,2022,函館,1,10,3,2022-07-10,https://www.jra.go.jp/datafile/seiseki/report/2022/2022-1hakodate10.pdf,official_daily_result_pdf
202202011004,2022,函館,1,10,4,2022-07-10,https://www.jra.go.jp/datafile/seiseki/report/2022/2022-1hakodate10.pdf,official_daily_result_pdf
202202011005,2022,函館,1,10,5,2022-07-10,https://www.jra.go.jp/datafile/seiseki/report/2022/2022-1hakodate10.pdf,official_daily_result_pdf
202202011006,2022,函館,1,10,6,2022-07-10,https://www.jra.go.jp/datafile/seiseki/report/2022/2022-1hakodate10.pdf,official_daily_result_pdf
202202011007,2022,函館,1,10,7,2022-07-10,https://www.jra.go.jp/datafile/seiseki/report/2022/2022-1hakodate10.pdf,official_daily_result_pdf
202202011008,2022,函館,1,10,8,2022-07-10,https://www.jra.go.jp/datafile/seiseki/report/2022/2022-1hakodate10.pdf,official_daily_result_pdf
202202011009,2022,函館,1,10,9,2022-07-10,https://www.jra.go.jp/datafile/seiseki/report/2022/2022-1hakodate10.pdf,official_daily_result_pdf
202202011010,2022,函館,1,10,10,2022-07-10,https://www.jra.go.jp/datafile/seiseki/report/2022/2022-1hakodate10.pdf,official_daily_result_pdf
202202011011,2022,函館,1,10,11,2022-07-10,https://www.jra.go.jp/datafile/seiseki/report/2022/2022-1hakodate10.pdf,official_daily_result_pdf
202202011012,2022,函館,1,10,12,2022-07-10,https://www.jra.go.jp/datafile/seiseki/report/2022/2022-1hakodate10.pdf,official_daily_result_pdf
202202011101,2022,函館,1,11,1,2022-07-16,https://www.jra.go.jp/datafile/seiseki/report/2022/2022-1hakodate11.pdf,official_daily_result_pdf
202202011102,2022,函館,1,11,2,2022-07-16,https://www.jra.go.jp/datafile/seiseki/report/2022/2022-1hakodate11.pdf,official_daily_result_pdf
202202011103,2022,函館,1,11,3,2022-07-16,https://www.jra.go.jp/datafile/seiseki/report/2022/2022-1hakodate11.pdf,official_daily_result_pdf
202202011104,2022,函館,1,11,4,2022-07-16,https://www.jra.go.jp/datafile/seiseki/report/2022/2022-1hakodate11.pdf,official_daily_result_pdf
202202011105,2022,函館,1,11,5,2022-07-16,https://www.jra.go.jp/datafile/seiseki/report/2022/2022-1hakodate11.pdf,official_daily_result_pdf
202202011106,2022,函館,1,11,6,2022-07-16,https://www.jra.go.jp/datafile/seiseki/report/2022/2022-1hakodate11.pdf,official_daily_result_pdf
202202011107,2022,函館,1,11,7,2022-07-16,https://www.jra.go.jp/datafile/seiseki/report/2022/2022-1hakodate11.pdf,official_daily_result_pdf
202202011108,2022,函館,1,11,8,2022-07-16,https://www.jra.go.jp/datafile/seiseki/report/2022/2022-1hakodate11.pdf,official_daily_result_pdf
202202011109,2022,函館,1,11,9,2022-07-16,https://www.jra.go.jp/datafile/seiseki/report/2022/2022-1hakodate11.pdf,official_daily_result_pdf
202202011110,2022,函館,1,11,10,2022-07-16,https://www.jra.go.jp/datafile/seiseki/report/2022/2022-1hakodate11.pdf,official_daily_result_pdf
202202011111,2022,函館,1,11,11,2022-07-16,https://www.jra.go.jp/datafile/seiseki/report/2022/2022-1hakodate11.pdf,official_daily_result_pdf
202202011112,2022,函館,1,11,12,2022-07-16,https://www.jra.go.jp/datafile/seiseki/report/2022/2022-1hakodate11.pdf,official_daily_result_pdf
202202011201,2022,函館,1,12,1,2022-07-17,https://www.jra.go.jp/datafile/seiseki/report/2022/2022-1hakodate12.pdf,official_daily_result_pdf
202202011202,2022,函館,1,12,2,2022-07-17,https://www.jra.go.jp/datafile/seiseki/report/2022/2022-1hakodate12.pdf,official_daily_result_pdf
202202011203,2022,函館,1,12,3,2022-07-17,https://www.jra.go.jp/datafile/seiseki/report/2022/2022-1hakodate12.pdf,official_daily_result_pdf
202202011204,2022,函館,1,12,4,2022-07-17,https://www.jra.go.jp/datafile/seiseki/report/2022/2022-1hakodate12.pdf,official_daily_result_pdf
202202011205,2022,函館,1,12,5,2022-07-17,https://www.jra.go.jp/datafile/seiseki/report/2022/2022-1hakodate12.pdf,official_daily_result_pdf
202202011206,2022,函館,1,12,6,2022-07-17,https://www.jra.go.jp/datafile/seiseki/report/2022/2022-1hakodate12.pdf,official_daily_result_pdf
202202011207,2022,函館,1,12,7,2022-07-17,https://www.jra.go.jp/datafile/seiseki/report/2022/2022-1hakodate12.pdf,official_daily_result_pdf
202202011208,2022,函館,1,12,8,2022-07-17,https://www.jra.go.jp/datafile/seiseki/report/2022/2022-1hakodate12.pdf,official_daily_result_pdf
202202011209,2022,函館,1,12,9,2022-07-17,https://www.jra.go.jp/datafile/seiseki/report/2022/2022-1hakodate12.pdf,official_daily_result_pdf
202202011210,2022,函館,1,12,10,2022-07-17,https://www.jra.go.jp/datafile/seiseki/report/2022/2022-1hakodate12.pdf,official_daily_result_pdf
202202011211,2022,函館,1,12,11,2022-07-17,https://www.jra.go.jp/datafile/seiseki/report/2022/2022-1hakodate12.pdf,official_daily_result_pdf
202202011212,2022,函館,1,12,12,2022-07-17,https://www.jra.go.jp/datafile/seiseki/report/2022/2022-1hakodate12.pdf,official_daily_result_pdf
202203010101,2022,福島,1,1,1,2022-04-16,https://www.jra.go.jp/datafile/seiseki/report/2022/2022-1fukushima1.pdf,official_daily_result_pdf
202203010102,2022,福島,1,1,2,2022-04-16,https://www.jra.go.jp/datafile/seiseki/report/2022/2022-1fukushima1.pdf,official_daily_result_pdf
202203010103,2022,福島,1,1,3,2022-04-16,https://www.jra.go.jp/datafile/seiseki/report/2022/2022-1fukushima1.pdf,official_daily_result_pdf
202203010104,2022,福島,1,1,4,2022-04-16,https://www.jra.go.jp/datafile/seiseki/report/2022/2022-1fukushima1.pdf,official_daily_result_pdf
202203010105,2022,福島,1,1,5,2022-04-16,https://www.jra.go.jp/datafile/seiseki/report/2022/2022-1fukushima1.pdf,official_daily_result_pdf
202203010106,2022,福島,1,1,6,2022-04-16,https://www.jra.go.jp/datafile/seiseki/report/2022/2022-1fukushima1.pdf,official_daily_result_pdf
202203010107,2022,福島,1,1,7,2022-04-16,https://www.jra.go.jp/datafile/seiseki/report/2022/2022-1fukushima1.pdf,official_daily_result_pdf
202203010108,2022,福島,1,1,8,2022-04-16,https://www.jra.go.jp/datafile/seiseki/report/2022/2022-1fukushima1.pdf,official_daily_result_pdf
202203010109,2022,福島,1,1,9,2022-04-16,https://www.jra.go.jp/datafile/seiseki/report/2022/2022-1fukushima1.pdf,official_daily_result_pdf
202203010110,2022,福島,1,1,10,2022-04-16,https://www.jra.go.jp/datafile/seiseki/report/2022/2022-1fukushima1.pdf,official_daily_result_pdf
202203010111,2022,福島,1,1,11,2022-04-16,https://www.jra.go.jp/datafile/seiseki/report/2022/2022-1fukushima1.pdf,official_daily_result_pdf
202203010112,2022,福島,1,1,12,2022-04-16,https://www.jra.go.jp/datafile/seiseki/report/2022/2022-1fukushima1.pdf,official_daily_result_pdf
202203010201,2022,福島,1,2,1,2022-04-17,https://www.jra.go.jp/datafile/seiseki/report/2022/2022-1fukushima2.pdf,official_daily_result_pdf
202203010202,2022,福島,1,2,2,2022-04-17,https://www.jra.go.jp/datafile/seiseki/report/2022/2022-1fukushima2.pdf,official_daily_result_pdf
202203010203,2022,福島,1,2,3,2022-04-17,https://www.jra.go.jp/datafile/seiseki/report/2022/2022-1fukushima2.pdf,official_daily_result_pdf
202203010204,2022,福島,1,2,4,2022-04-17,https://www.jra.go.jp/datafile/seiseki/report/2022/2022-1fukushima2.pdf,official_daily_result_pdf
202203010205,2022,福島,1,2,5,2022-04-17,https://www.jra.go.jp/datafile/seiseki/report/2022/2022-1fukushima2.pdf,official_daily_result_pdf
202203010206,2022,福島,1,2,6,2022-04-17,https://www.jra.go.jp/datafile/seiseki/report/2022/2022-1fukushima2.pdf,official_daily_result_pdf
202203010207,2022,福島,1,2,7,2022-04-17,https://www.jra.go.jp/datafile/seiseki/report/2022/2022-1fukushima2.pdf,official_daily_result_pdf
202203010208,2022,福島,1,2,8,2022-04-17,https://www.jra.go.jp/datafile/seiseki/report/2022/2022-1fukushima2.pdf,official_daily_result_pdf
202203010209,2022,福島,1,2,9,2022-04-17,https://www.jra.go.jp/datafile/seiseki/report/2022/2022-1fukushima2.pdf,official_daily_result_pdf
202203010210,2022,福島,1,2,10,2022-04-17,https://www.jra.go.jp/datafile/seiseki/report/2022/2022-1fukushima2.pdf,official_daily_result_pdf
202203010211,2022,福島,1,2,11,2022-04-17,https://www.jra.go.jp/datafile/seiseki/report/2022/2022-1fukushima2.pdf,official_daily_result_pdf
202203010212,2022,福島,1,2,12,2022-04-17,https://www.jra.go.jp/datafile/seiseki/report/2022/2022-1fukushima2.pdf,official_daily_result_pdf
202203010301,2022,福島,1,3,1,2022-04-23,https://www.jra.go.jp/datafile/seiseki/report/2022/2022-1fukushima3.pdf,official_daily_result_pdf
202203010302,2022,福島,1,3,2,2022-04-23,https://www.jra.go.jp/datafile/seiseki/report/2022/2022-1fukushima3.pdf,official_daily_result_pdf
202203010303,2022,福島,1,3,3,2022-04-23,https://www.jra.go.jp/datafile/seiseki/report/2022/2022-1fukushima3.pdf,official_daily_result_pdf
202203010304,2022,福島,1,3,4,2022-04-23,https://www.jra.go.jp/datafile/seiseki/report/2022/2022-1fukushima3.pdf,official_daily_result_pdf
202203010305,2022,福島,1,3,5,2022-04-23,https://www.jra.go.jp/datafile/seiseki/report/2022/2022-1fukushima3.pdf,official_daily_result_pdf
202203010306,2022,福島,1,3,6,2022-04-23,https://www.jra.go.jp/datafile/seiseki/report/2022/2022-1fukushima3.pdf,official_daily_result_pdf
202203010307,2022,福島,1,3,7,2022-04-23,https://www.jra.go.jp/datafile/seiseki/report/2022/2022-1fukushima3.pdf,official_daily_result_pdf
202203010308,2022,福島,1,3,8,2022-04-23,https://www.jra.go.jp/datafile/seiseki/report/2022/2022-1fukushima3.pdf,official_daily_result_pdf
202203010309,2022,福島,1,3,9,2022-04-23,https://www.jra.go.jp/datafile/seiseki/report/2022/2022-1fukushima3.pdf,official_daily_result_pdf
202203010310,2022,福島,1,3,10,2022-04-23,https://www.jra.go.jp/datafile/seiseki/report/2022/2022-1fukushima3.pdf,official_daily_result_pdf
202203010311,2022,福島,1,3,11,2022-04-23,https://www.jra.go.jp/datafile/seiseki/report/2022/2022-1fukushima3.pdf,official_daily_result_pdf
202203010312,2022,福島,1,3,12,2022-04-23,https://www.jra.go.jp/datafile/seiseki/report/2022/2022-1fukushima3.pdf,official_daily_result_pdf
202203010401,2022,福島,1,4,1,2022-04-24,https://www.jra.go.jp/datafile/seiseki/report/2022/2022-1fukushima4.pdf,official_daily_result_pdf
202203010402,2022,福島,1,4,2,2022-04-24,https://www.jra.go.jp/datafile/seiseki/report/2022/2022-1fukushima4.pdf,official_daily_result_pdf
202203010403,2022,福島,1,4,3,2022-04-24,https://www.jra.go.jp/datafile/seiseki/report/2022/2022-1fukushima4.pdf,official_daily_result_pdf
202203010404,2022,福島,1,4,4,2022-04-24,https://www.jra.go.jp/datafile/seiseki/report/2022/2022-1fukushima4.pdf,official_daily_result_pdf
202203010405,2022,福島,1,4,5,2022-04-24,https://www.jra.go.jp/datafile/seiseki/report/2022/2022-1fukushima4.pdf,official_daily_result_pdf
202203010406,2022,福島,1,4,6,2022-04-24,https://www.jra.go.jp/datafile/seiseki/report/2022/2022-1fukushima4.pdf,official_daily_result_pdf
202203010407,2022,福島,1,4,7,2022-04-24,https://www.jra.go.jp/datafile/seiseki/report/2022/2022-1fukushima4.pdf,official_daily_result_pdf
202203010408,2022,福島,1,4,8,2022-04-24,https://www.jra.go.jp/datafile/seiseki/report/2022/2022-1fukushima4.pdf,official_daily_result_pdf
202203010409,2022,福島,1,4,9,2022-04-24,https://www.jra.go.jp/datafile/seiseki/report/2022/2022-1fukushima4.pdf,official_daily_result_pdf
202203010410,2022,福島,1,4,10,2022-04-24,https://www.jra.go.jp/datafile/seiseki/report/2022/2022-1fukushima4.pdf,official_daily_result_pdf
202203010411,2022,福島,1,4,11,2022-04-24,https://www.jra.go.jp/datafile/seiseki/report/2022/2022-1fukushima4.pdf,official_daily_result_pdf
202203010412,2022,福島,1,4,12,2022-04-24,https://www.jra.go.jp/datafile/seiseki/report/2022/2022-1fukushima4.pdf,official_daily_result_pdf
202203010501,2022,福島,1,5,1,2022-04-30,https://www.jra.go.jp/datafile/seiseki/report/2022/2022-1fukushima5.pdf,official_daily_result_pdf
202203010502,2022,福島,1,5,2,2022-04-30,https://www.jra.go.jp/datafile/seiseki/report/2022/2022-1fukushima5.pdf,official_daily_result_pdf
202203010503,2022,福島,1,5,3,2022-04-30,https://www.jra.go.jp/datafile/seiseki/report/2022/2022-1fukushima5.pdf,official_daily_result_pdf
202203010504,2022,福島,1,5,4,2022-04-30,https://www.jra.go.jp/datafile/seiseki/report/2022/2022-1fukushima5.pdf,official_daily_result_pdf
202203010505,2022,福島,1,5,5,2022-04-30,https://www.jra.go.jp/datafile/seiseki/report/2022/2022-1fukushima5.pdf,official_daily_result_pdf
202203010506,2022,福島,1,5,6,2022-04-30,https://www.jra.go.jp/datafile/seiseki/report/2022/2022-1fukushima5.pdf,official_daily_result_pdf
202203010507,2022,福島,1,5,7,2022-04-30,https://www.jra.go.jp/datafile/seiseki/report/2022/2022-1fukushima5.pdf,official_daily_result_pdf
202203010508,2022,福島,1,5,8,2022-04-30,https://www.jra.go.jp/datafile/seiseki/report/2022/2022-1fukushima5.pdf,official_daily_result_pdf
202203010509,2022,福島,1,5,9,2022-04-30,https://www.jra.go.jp/datafile/seiseki/report/2022/2022-1fukushima5.pdf,official_daily_result_pdf
202203010510,2022,福島,1,5,10,2022-04-30,https://www.jra.go.jp/datafile/seiseki/report/2022/2022-1fukushima5.pdf,official_daily_result_pdf
202203010511,2022,福島,1,5,11,2022-04-30,https://www.jra.go.jp/datafile/seiseki/report/2022/2022-1fukushima5.pdf,official_daily_result_pdf
202203010512,2022,福島,1,5,12,2022-04-30,https://www.jra.go.jp/datafile/seiseki/report/2022/2022-1fukushima5.pdf,official_daily_result_pdf
202203010601,2022,福島,1,6,1,2022-05-01,https://www.jra.go.jp/datafile/seiseki/report/2022/2022-1fukushima6.pdf,official_daily_result_pdf
202203010602,2022,福島,1,6,2,2022-05-01,https://www.jra.go.jp/datafile/seiseki/report/2022/2022-1fukushima6.pdf,official_daily_result_pdf
202203010603,2022,福島,1,6,3,2022-05-01,https://www.jra.go.jp/datafile/seiseki/report/2022/2022-1fukushima6.pdf,official_daily_result_pdf
202203010604,2022,福島,1,6,4,2022-05-01,https://www.jra.go.jp/datafile/seiseki/report/2022/2022-1fukushima6.pdf,official_daily_result_pdf
202203010605,2022,福島,1,6,5,2022-05-01,https://www.jra.go.jp/datafile/seiseki/report/2022/2022-1fukushima6.pdf,official_daily_result_pdf
202203010606,2022,福島,1,6,6,2022-05-01,https://www.jra.go.jp/datafile/seiseki/report/2022/2022-1fukushima6.pdf,official_daily_result_pdf
202203010607,2022,福島,1,6,7,2022-05-01,https://www.jra.go.jp/datafile/seiseki/report/2022/2022-1fukushima6.pdf,official_daily_result_pdf
202203010608,2022,福島,1,6,8,2022-05-01,https://www.jra.go.jp/datafile/seiseki/report/2022/2022-1fukushima6.pdf,official_daily_result_pdf
202203010609,2022,福島,1,6,9,2022-05-01,https://www.jra.go.jp/datafile/seiseki/report/2022/2022-1fukushima6.pdf,official_daily_result_pdf
202203010610,2022,福島,1,6,10,2022-05-01,https://www.jra.go.jp/datafile/seiseki/report/2022/2022-1fukushima6.pdf,official_daily_result_pdf
202203010611,2022,福島,1,6,11,2022-05-01,https://www.jra.go.jp/datafile/seiseki/report/2022/2022-1fukushima6.pdf,official_daily_result_pdf
202203010612,2022,福島,1,6,12,2022-05-01,https://www.jra.go.jp/datafile/seiseki/report/2022/2022-1fukushima6.pdf,official_daily_result_pdf
202203020101,2022,福島,2,1,1,2022-07-02,https://www.jra.go.jp/datafile/seiseki/report/2022/2022-2fukushima1.pdf,official_daily_result_pdf
202203020102,2022,福島,2,1,2,2022-07-02,https://www.jra.go.jp/datafile/seiseki/report/2022/2022-2fukushima1.pdf,official_daily_result_pdf
202203020103,2022,福島,2,1,3,2022-07-02,https://www.jra.go.jp/datafile/seiseki/report/2022/2022-2fukushima1.pdf,official_daily_result_pdf
202203020104,2022,福島,2,1,4,2022-07-02,https://www.jra.go.jp/datafile/seiseki/report/2022/2022-2fukushima1.pdf,official_daily_result_pdf
202203020105,2022,福島,2,1,5,2022-07-02,https://www.jra.go.jp/datafile/seiseki/report/2022/2022-2fukushima1.pdf,official_daily_result_pdf
202203020106,2022,福島,2,1,6,2022-07-02,https://www.jra.go.jp/datafile/seiseki/report/2022/2022-2fukushima1.pdf,official_daily_result_pdf
202203020107,2022,福島,2,1,7,2022-07-02,https://www.jra.go.jp/datafile/seiseki/report/2022/2022-2fukushima1.pdf,official_daily_result_pdf
202203020108,2022,福島,2,1,8,2022-07-02,https://www.jra.go.jp/datafile/seiseki/report/2022/2022-2fukushima1.pdf,official_daily_result_pdf
202203020109,2022,福島,2,1,9,2022-07-02,https://www.jra.go.jp/datafile/seiseki/report/2022/2022-2fukushima1.pdf,official_daily_result_pdf
202203020110,2022,福島,2,1,10,2022-07-02,https://www.jra.go.jp/datafile/seiseki/report/2022/2022-2fukushima1.pdf,official_daily_result_pdf
202203020111,2022,福島,2,1,11,2022-07-02,https://www.jra.go.jp/datafile/seiseki/report/2022/2022-2fukushima1.pdf,official_daily_result_pdf
202203020112,2022,福島,2,1,12,2022-07-02,https://www.jra.go.jp/datafile/seiseki/report/2022/2022-2fukushima1.pdf,official_daily_result_pdf
202203020201,2022,福島,2,2,1,2022-07-03,https://www.jra.go.jp/datafile/seiseki/report/2022/2022-2fukushima2.pdf,official_daily_result_pdf
202203020202,2022,福島,2,2,2,2022-07-03,https://www.jra.go.jp/datafile/seiseki/report/2022/2022-2fukushima2.pdf,official_daily_result_pdf
202203020203,2022,福島,2,2,3,2022-07-03,https://www.jra.go.jp/datafile/seiseki/report/2022/2022-2fukushima2.pdf,official_daily_result_pdf
202203020204,2022,福島,2,2,4,2022-07-03,https://www.jra.go.jp/datafile/seiseki/report/2022/2022-2fukushima2.pdf,official_daily_result_pdf
202203020205,2022,福島,2,2,5,2022-07-03,https://www.jra.go.jp/datafile/seiseki/report/2022/2022-2fukushima2.pdf,official_daily_result_pdf
202203020206,2022,福島,2,2,6,2022-07-03,https://www.jra.go.jp/datafile/seiseki/report/2022/2022-2fukushima2.pdf,official_daily_result_pdf
202203020207,2022,福島,2,2,7,2022-07-03,https://www.jra.go.jp/datafile/seiseki/report/2022/2022-2fukushima2.pdf,official_daily_result_pdf
202203020208,2022,福島,2,2,8,2022-07-03,https://www.jra.go.jp/datafile/seiseki/report/2022/2022-2fukushima2.pdf,official_daily_result_pdf
202203020209,2022,福島,2,2,9,2022-07-03,https://www.jra.go.jp/datafile/seiseki/report/2022/2022-2fukushima2.pdf,official_daily_result_pdf
202203020210,2022,福島,2,2,10,2022-07-03,https://www.jra.go.jp/datafile/seiseki/report/2022/2022-2fukushima2.pdf,official_daily_result_pdf
202203020211,2022,福島,2,2,11,2022-07-03,https://www.jra.go.jp/datafile/seiseki/report/2022/2022-2fukushima2.pdf,official_daily_result_pdf
202203020212,2022,福島,2,2,12,2022-07-03,https://www.jra.go.jp/datafile/seiseki/report/2022/2022-2fukushima2.pdf,official_daily_result_pdf
202203020301,2022,福島,2,3,1,2022-07-09,https://www.jra.go.jp/datafile/seiseki/report/2022/2022-2fukushima3.pdf,official_daily_result_pdf
202203020302,2022,福島,2,3,2,2022-07-09,https://www.jra.go.jp/datafile/seiseki/report/2022/2022-2fukushima3.pdf,official_daily_result_pdf
202203020303,2022,福島,2,3,3,2022-07-09,https://www.jra.go.jp/datafile/seiseki/report/2022/2022-2fukushima3.pdf,official_daily_result_pdf
202203020304,2022,福島,2,3,4,2022-07-09,https://www.jra.go.jp/datafile/seiseki/report/2022/2022-2fukushima3.pdf,official_daily_result_pdf
202203020305,2022,福島,2,3,5,2022-07-09,https://www.jra.go.jp/datafile/seiseki/report/2022/2022-2fukushima3.pdf,official_daily_result_pdf
202203020306,2022,福島,2,3,6,2022-07-09,https://www.jra.go.jp/datafile/seiseki/report/2022/2022-2fukushima3.pdf,official_daily_result_pdf
202203020307,2022,福島,2,3,7,2022-07-09,https://www.jra.go.jp/datafile/seiseki/report/2022/2022-2fukushima3.pdf,official_daily_result_pdf
202203020308,2022,福島,2,3,8,2022-07-09,https://www.jra.go.jp/datafile/seiseki/report/2022/2022-2fukushima3.pdf,official_daily_result_pdf
202203020309,2022,福島,2,3,9,2022-07-09,https://www.jra.go.jp/datafile/seiseki/report/2022/2022-2fukushima3.pdf,official_daily_result_pdf
202203020310,2022,福島,2,3,10,2022-07-09,https://www.jra.go.jp/datafile/seiseki/report/2022/2022-2fukushima3.pdf,official_daily_result_pdf
202203020311,2022,福島,2,3,11,2022-07-09,https://www.jra.go.jp/datafile/seiseki/report/2022/2022-2fukushima3.pdf,official_daily_result_pdf
202203020312,2022,福島,2,3,12,2022-07-09,https://www.jra.go.jp/datafile/seiseki/report/2022/2022-2fukushima3.pdf,official_daily_result_pdf
202203020401,2022,福島,2,4,1,2022-07-10,https://www.jra.go.jp/datafile/seiseki/report/2022/2022-2fukushima4.pdf,official_daily_result_pdf
202203020402,2022,福島,2,4,2,2022-07-10,https://www.jra.go.jp/datafile/seiseki/report/2022/2022-2fukushima4.pdf,official_daily_result_pdf
202203020403,2022,福島,2,4,3,2022-07-10,https://www.jra.go.jp/datafile/seiseki/report/2022/2022-2fukushima4.pdf,official_daily_result_pdf
202203020404,2022,福島,2,4,4,2022-07-10,https://www.jra.go.jp/datafile/seiseki/report/2022/2022-2fukushima4.pdf,official_daily_result_pdf
202203020405,2022,福島,2,4,5,2022-07-10,https://www.jra.go.jp/datafile/seiseki/report/2022/2022-2fukushima4.pdf,official_daily_result_pdf
202203020406,2022,福島,2,4,6,2022-07-10,https://www.jra.go.jp/datafile/seiseki/report/2022/2022-2fukushima4.pdf,official_daily_result_pdf
202203020407,2022,福島,2,4,7,2022-07-10,https://www.jra.go.jp/datafile/seiseki/report/2022/2022-2fukushima4.pdf,official_daily_result_pdf
202203020408,2022,福島,2,4,8,2022-07-10,https://www.jra.go.jp/datafile/seiseki/report/2022/2022-2fukushima4.pdf,official_daily_result_pdf
202203020409,2022,福島,2,4,9,2022-07-10,https://www.jra.go.jp/datafile/seiseki/report/2022/2022-2fukushima4.pdf,official_daily_result_pdf
202203020410,2022,福島,2,4,10,2022-07-10,https://www.jra.go.jp/datafile/seiseki/report/2022/2022-2fukushima4.pdf,official_daily_result_pdf
202203020411,2022,福島,2,4,11,2022-07-10,https://www.jra.go.jp/datafile/seiseki/report/2022/2022-2fukushima4.pdf,official_daily_result_pdf
202203020412,2022,福島,2,4,12,2022-07-10,https://www.jra.go.jp/datafile/seiseki/report/2022/2022-2fukushima4.pdf,official_daily_result_pdf
202203020501,2022,福島,2,5,1,2022-07-16,https://www.jra.go.jp/datafile/seiseki/report/2022/2022-2fukushima5.pdf,official_daily_result_pdf
202203020502,2022,福島,2,5,2,2022-07-16,https://www.jra.go.jp/datafile/seiseki/report/2022/2022-2fukushima5.pdf,official_daily_result_pdf
202203020503,2022,福島,2,5,3,2022-07-16,https://www.jra.go.jp/datafile/seiseki/report/2022/2022-2fukushima5.pdf,official_daily_result_pdf
202203020504,2022,福島,2,5,4,2022-07-16,https://www.jra.go.jp/datafile/seiseki/report/2022/2022-2fukushima5.pdf,official_daily_result_pdf
202203020505,2022,福島,2,5,5,2022-07-16,https://www.jra.go.jp/datafile/seiseki/report/2022/2022-2fukushima5.pdf,official_daily_result_pdf
202203020506,2022,福島,2,5,6,2022-07-16,https://www.jra.go.jp/datafile/seiseki/report/2022/2022-2fukushima5.pdf,official_daily_result_pdf
202203020507,2022,福島,2,5,7,2022-07-16,https://www.jra.go.jp/datafile/seiseki/report/2022/2022-2fukushima5.pdf,official_daily_result_pdf
202203020508,2022,福島,2,5,8,2022-07-16,https://www.jra.go.jp/datafile/seiseki/report/2022/2022-2fukushima5.pdf,official_daily_result_pdf
202203020509,2022,福島,2,5,9,2022-07-16,https://www.jra.go.jp/datafile/seiseki/report/2022/2022-2fukushima5.pdf,official_daily_result_pdf
202203020510,2022,福島,2,5,10,2022-07-16,https://www.jra.go.jp/datafile/seiseki/report/2022/2022-2fukushima5.pdf,official_daily_result_pdf
202203020511,2022,福島,2,5,11,2022-07-16,https://www.jra.go.jp/datafile/seiseki/report/2022/2022-2fukushima5.pdf,official_daily_result_pdf
202203020512,2022,福島,2,5,12,2022-07-16,https://www.jra.go.jp/datafile/seiseki/report/2022/2022-2fukushima5.pdf,official_daily_result_pdf
202203020601,2022,福島,2,6,1,2022-07-17,https://www.jra.go.jp/datafile/seiseki/report/2022/2022-2fukushima6.pdf,official_daily_result_pdf
202203020602,2022,福島,2,6,2,2022-07-17,https://www.jra.go.jp/datafile/seiseki/report/2022/2022-2fukushima6.pdf,official_daily_result_pdf
202203020603,2022,福島,2,6,3,2022-07-17,https://www.jra.go.jp/datafile/seiseki/report/2022/2022-2fukushima6.pdf,official_daily_result_pdf
202203020604,2022,福島,2,6,4,2022-07-17,https://www.jra.go.jp/datafile/seiseki/report/2022/2022-2fukushima6.pdf,official_daily_result_pdf
202203020605,2022,福島,2,6,5,2022-07-17,https://www.jra.go.jp/datafile/seiseki/report/2022/2022-2fukushima6.pdf,official_daily_result_pdf
202203020606,2022,福島,2,6,6,2022-07-17,https://www.jra.go.jp/datafile/seiseki/report/2022/2022-2fukushima6.pdf,official_daily_result_pdf
202203020607,2022,福島,2,6,7,2022-07-17,https://www.jra.go.jp/datafile/seiseki/report/2022/2022-2fukushima6.pdf,official_daily_result_pdf
202203020608,2022,福島,2,6,8,2022-07-17,https://www.jra.go.jp/datafile/seiseki/report/2022/2022-2fukushima6.pdf,official_daily_result_pdf
202203020609,2022,福島,2,6,9,2022-07-17,https://www.jra.go.jp/datafile/seiseki/report/2022/2022-2fukushima6.pdf,official_daily_result_pdf
202203020610,2022,福島,2,6,10,2022-07-17,https://www.jra.go.jp/datafile/seiseki/report/2022/2022-2fukushima6.pdf,official_daily_result_pdf
202203020611,2022,福島,2,6,11,2022-07-17,https://www.jra.go.jp/datafile/seiseki/report/2022/2022-2fukushima6.pdf,official_daily_result_pdf
202203020612,2022,福島,2,6,12,2022-07-17,https://www.jra.go.jp/datafile/seiseki/report/2022/2022-2fukushima6.pdf,official_daily_result_pdf
202203020701,2022,福島,2,7,1,2022-07-23,https://www.jra.go.jp/datafile/seiseki/report/2022/2022-2fukushima7.pdf,official_daily_result_pdf
202203020702,2022,福島,2,7,2,2022-07-23,https://www.jra.go.jp/datafile/seiseki/report/2022/2022-2fukushima7.pdf,official_daily_result_pdf
202203020703,2022,福島,2,7,3,2022-07-23,https://www.jra.go.jp/datafile/seiseki/report/2022/2022-2fukushima7.pdf,official_daily_result_pdf
202203020704,2022,福島,2,7,4,2022-07-23,https://www.jra.go.jp/datafile/seiseki/report/2022/2022-2fukushima7.pdf,official_daily_result_pdf
202203020705,2022,福島,2,7,5,2022-07-23,https://www.jra.go.jp/datafile/seiseki/report/2022/2022-2fukushima7.pdf,official_daily_result_pdf
202203020706,2022,福島,2,7,6,2022-07-23,https://www.jra.go.jp/datafile/seiseki/report/2022/2022-2fukushima7.pdf,official_daily_result_pdf
202203020707,2022,福島,2,7,7,2022-07-23,https://www.jra.go.jp/datafile/seiseki/report/2022/2022-2fukushima7.pdf,official_daily_result_pdf
202203020708,2022,福島,2,7,8,2022-07-23,https://www.jra.go.jp/datafile/seiseki/report/2022/2022-2fukushima7.pdf,official_daily_result_pdf
202203020709,2022,福島,2,7,9,2022-07-23,https://www.jra.go.jp/datafile/seiseki/report/2022/2022-2fukushima7.pdf,official_daily_result_pdf
202203020710,2022,福島,2,7,10,2022-07-23,https://www.jra.go.jp/datafile/seiseki/report/2022/2022-2fukushima7.pdf,official_daily_result_pdf
202203020711,2022,福島,2,7,11,2022-07-23,https://www.jra.go.jp/datafile/seiseki/report/2022/2022-2fukushima7.pdf,official_daily_result_pdf
202203020712,2022,福島,2,7,12,2022-07-23,https://www.jra.go.jp/datafile/seiseki/report/2022/2022-2fukushima7.pdf,official_daily_result_pdf
202203020801,2022,福島,2,8,1,2022-07-24,https://www.jra.go.jp/datafile/seiseki/report/2022/2022-2fukushima8.pdf,official_daily_result_pdf
202203020802,2022,福島,2,8,2,2022-07-24,https://www.jra.go.jp/datafile/seiseki/report/2022/2022-2fukushima8.pdf,official_daily_result_pdf
202203020803,2022,福島,2,8,3,2022-07-24,https://www.jra.go.jp/datafile/seiseki/report/2022/2022-2fukushima8.pdf,official_daily_result_pdf
202203020804,2022,福島,2,8,4,2022-07-24,https://www.jra.go.jp/datafile/seiseki/report/2022/2022-2fukushima8.pdf,official_daily_result_pdf
202203020805,2022,福島,2,8,5,2022-07-24,https://www.jra.go.jp/datafile/seiseki/report/2022/2022-2fukushima8.pdf,official_daily_result_pdf
202203020806,2022,福島,2,8,6,2022-07-24,https://www.jra.go.jp/datafile/seiseki/report/2022/2022-2fukushima8.pdf,official_daily_result_pdf
202203020807,2022,福島,2,8,7,2022-07-24,https://www.jra.go.jp/datafile/seiseki/report/2022/2022-2fukushima8.pdf,official_daily_result_pdf
202203020808,2022,福島,2,8,8,2022-07-24,https://www.jra.go.jp/datafile/seiseki/report/2022/2022-2fukushima8.pdf,official_daily_result_pdf
202203020809,2022,福島,2,8,9,2022-07-24,https://www.jra.go.jp/datafile/seiseki/report/2022/2022-2fukushima8.pdf,official_daily_result_pdf
202203020810,2022,福島,2,8,10,2022-07-24,https://www.jra.go.jp/datafile/seiseki/report/2022/2022-2fukushima8.pdf,official_daily_result_pdf
202203020811,2022,福島,2,8,11,2022-07-24,https://www.jra.go.jp/datafile/seiseki/report/2022/2022-2fukushima8.pdf,official_daily_result_pdf
202203020812,2022,福島,2,8,12,2022-07-24,https://www.jra.go.jp/datafile/seiseki/report/2022/2022-2fukushima8.pdf,official_daily_result_pdf
202203030101,2022,福島,3,1,1,2022-11-05,https://www.jra.go.jp/datafile/seiseki/report/2022/2022-3fukushima1.pdf,official_daily_result_pdf
202203030102,2022,福島,3,1,2,2022-11-05,https://www.jra.go.jp/datafile/seiseki/report/2022/2022-3fukushima1.pdf,official_daily_result_pdf
202203030103,2022,福島,3,1,3,2022-11-05,https://www.jra.go.jp/datafile/seiseki/report/2022/2022-3fukushima1.pdf,official_daily_result_pdf
202203030104,2022,福島,3,1,4,2022-11-05,https://www.jra.go.jp/datafile/seiseki/report/2022/2022-3fukushima1.pdf,official_daily_result_pdf
202203030105,2022,福島,3,1,5,2022-11-05,https://www.jra.go.jp/datafile/seiseki/report/2022/2022-3fukushima1.pdf,official_daily_result_pdf
202203030106,2022,福島,3,1,6,2022-11-05,https://www.jra.go.jp/datafile/seiseki/report/2022/2022-3fukushima1.pdf,official_daily_result_pdf
202203030107,2022,福島,3,1,7,2022-11-05,https://www.jra.go.jp/datafile/seiseki/report/2022/2022-3fukushima1.pdf,official_daily_result_pdf
202203030108,2022,福島,3,1,8,2022-11-05,https://www.jra.go.jp/datafile/seiseki/report/2022/2022-3fukushima1.pdf,official_daily_result_pdf
202203030109,2022,福島,3,1,9,2022-11-05,https://www.jra.go.jp/datafile/seiseki/report/2022/2022-3fukushima1.pdf,official_daily_result_pdf
202203030110,2022,福島,3,1,10,2022-11-05,https://www.jra.go.jp/datafile/seiseki/report/2022/2022-3fukushima1.pdf,official_daily_result_pdf
202203030111,2022,福島,3,1,11,2022-11-05,https://www.jra.go.jp/datafile/seiseki/report/2022/2022-3fukushima1.pdf,official_daily_result_pdf
202203030112,2022,福島,3,1,12,2022-11-05,https://www.jra.go.jp/datafile/seiseki/report/2022/2022-3fukushima1.pdf,official_daily_result_pdf
202203030201,2022,福島,3,2,1,2022-11-06,https://www.jra.go.jp/datafile/seiseki/report/2022/2022-3fukushima2.pdf,official_daily_result_pdf
202203030202,2022,福島,3,2,2,2022-11-06,https://www.jra.go.jp/datafile/seiseki/report/2022/2022-3fukushima2.pdf,official_daily_result_pdf
202203030203,2022,福島,3,2,3,2022-11-06,https://www.jra.go.jp/datafile/seiseki/report/2022/2022-3fukushima2.pdf,official_daily_result_pdf
202203030204,2022,福島,3,2,4,2022-11-06,https://www.jra.go.jp/datafile/seiseki/report/2022/2022-3fukushima2.pdf,official_daily_result_pdf
202203030205,2022,福島,3,2,5,2022-11-06,https://www.jra.go.jp/datafile/seiseki/report/2022/2022-3fukushima2.pdf,official_daily_result_pdf
202203030206,2022,福島,3,2,6,2022-11-06,https://www.jra.go.jp/datafile/seiseki/report/2022/2022-3fukushima2.pdf,official_daily_result_pdf
202203030207,2022,福島,3,2,7,2022-11-06,https://www.jra.go.jp/datafile/seiseki/report/2022/2022-3fukushima2.pdf,official_daily_result_pdf
202203030208,2022,福島,3,2,8,2022-11-06,https://www.jra.go.jp/datafile/seiseki/report/2022/2022-3fukushima2.pdf,official_daily_result_pdf
202203030209,2022,福島,3,2,9,2022-11-06,https://www.jra.go.jp/datafile/seiseki/report/2022/2022-3fukushima2.pdf,official_daily_result_pdf
202203030210,2022,福島,3,2,10,2022-11-06,https://www.jra.go.jp/datafile/seiseki/report/2022/2022-3fukushima2.pdf,official_daily_result_pdf
202203030211,2022,福島,3,2,11,2022-11-06,https://www.jra.go.jp/datafile/seiseki/report/2022/2022-3fukushima2.pdf,official_daily_result_pdf
202203030212,2022,福島,3,2,12,2022-11-06,https://www.jra.go.jp/datafile/seiseki/report/2022/2022-3fukushima2.pdf,official_daily_result_pdf
202203030301,2022,福島,3,3,1,2022-11-12,https://www.jra.go.jp/datafile/seiseki/report/2022/2022-3fukushima3.pdf,official_daily_result_pdf
202203030302,2022,福島,3,3,2,2022-11-12,https://www.jra.go.jp/datafile/seiseki/report/2022/2022-3fukushima3.pdf,official_daily_result_pdf
202203030303,2022,福島,3,3,3,2022-11-12,https://www.jra.go.jp/datafile/seiseki/report/2022/2022-3fukushima3.pdf,official_daily_result_pdf
202203030304,2022,福島,3,3,4,2022-11-12,https://www.jra.go.jp/datafile/seiseki/report/2022/2022-3fukushima3.pdf,official_daily_result_pdf
202203030305,2022,福島,3,3,5,2022-11-12,https://www.jra.go.jp/datafile/seiseki/report/2022/2022-3fukushima3.pdf,official_daily_result_pdf
202203030306,2022,福島,3,3,6,2022-11-12,https://www.jra.go.jp/datafile/seiseki/report/2022/2022-3fukushima3.pdf,official_daily_result_pdf
202203030307,2022,福島,3,3,7,2022-11-12,https://www.jra.go.jp/datafile/seiseki/report/2022/2022-3fukushima3.pdf,official_daily_result_pdf
202203030308,2022,福島,3,3,8,2022-11-12,https://www.jra.go.jp/datafile/seiseki/report/2022/2022-3fukushima3.pdf,official_daily_result_pdf
202203030309,2022,福島,3,3,9,2022-11-12,https://www.jra.go.jp/datafile/seiseki/report/2022/2022-3fukushima3.pdf,official_daily_result_pdf
202203030310,2022,福島,3,3,10,2022-11-12,https://www.jra.go.jp/datafile/seiseki/report/2022/2022-3fukushima3.pdf,official_daily_result_pdf
202203030311,2022,福島,3,3,11,2022-11-12,https://www.jra.go.jp/datafile/seiseki/report/2022/2022-3fukushima3.pdf,official_daily_result_pdf
202203030312,2022,福島,3,3,12,2022-11-12,https://www.jra.go.jp/datafile/seiseki/report/2022/2022-3fukushima3.pdf,official_daily_result_pdf
202203030401,2022,福島,3,4,1,2022-11-13,https://www.jra.go.jp/datafile/seiseki/report/2022/2022-3fukushima4.pdf,official_daily_result_pdf
202203030402,2022,福島,3,4,2,2022-11-13,https://www.jra.go.jp/datafile/seiseki/report/2022/2022-3fukushima4.pdf,official_daily_result_pdf
202203030403,2022,福島,3,4,3,2022-11-13,https://www.jra.go.jp/datafile/seiseki/report/2022/2022-3fukushima4.pdf,official_daily_result_pdf
202203030404,2022,福島,3,4,4,2022-11-13,https://www.jra.go.jp/datafile/seiseki/report/2022/2022-3fukushima4.pdf,official_daily_result_pdf
202203030405,2022,福島,3,4,5,2022-11-13,https://www.jra.go.jp/datafile/seiseki/report/2022/2022-3fukushima4.pdf,official_daily_result_pdf
202203030406,2022,福島,3,4,6,2022-11-13,https://www.jra.go.jp/datafile/seiseki/report/2022/2022-3fukushima4.pdf,official_daily_result_pdf
202203030407,2022,福島,3,4,7,2022-11-13,https://www.jra.go.jp/datafile/seiseki/report/2022/2022-3fukushima4.pdf,official_daily_result_pdf
202203030408,2022,福島,3,4,8,2022-11-13,https://www.jra.go.jp/datafile/seiseki/report/2022/2022-3fukushima4.pdf,official_daily_result_pdf
202203030409,2022,福島,3,4,9,2022-11-13,https://www.jra.go.jp/datafile/seiseki/report/2022/2022-3fukushima4.pdf,official_daily_result_pdf
202203030410,2022,福島,3,4,10,2022-11-13,https://www.jra.go.jp/datafile/seiseki/report/2022/2022-3fukushima4.pdf,official_daily_result_pdf
202203030411,2022,福島,3,4,11,2022-11-13,https://www.jra.go.jp/datafile/seiseki/report/2022/2022-3fukushima4.pdf,official_daily_result_pdf
202203030412,2022,福島,3,4,12,2022-11-13,https://www.jra.go.jp/datafile/seiseki/report/2022/2022-3fukushima4.pdf,official_daily_result_pdf
202203030501,2022,福島,3,5,1,2022-11-19,https://www.jra.go.jp/datafile/seiseki/report/2022/2022-3fukushima5.pdf,official_daily_result_pdf
202203030502,2022,福島,3,5,2,2022-11-19,https://www.jra.go.jp/datafile/seiseki/report/2022/2022-3fukushima5.pdf,official_daily_result_pdf
202203030503,2022,福島,3,5,3,2022-11-19,https://www.jra.go.jp/datafile/seiseki/report/2022/2022-3fukushima5.pdf,official_daily_result_pdf
202203030504,2022,福島,3,5,4,2022-11-19,https://www.jra.go.jp/datafile/seiseki/report/2022/2022-3fukushima5.pdf,official_daily_result_pdf
202203030505,2022,福島,3,5,5,2022-11-19,https://www.jra.go.jp/datafile/seiseki/report/2022/2022-3fukushima5.pdf,official_daily_result_pdf
202203030506,2022,福島,3,5,6,2022-11-19,https://www.jra.go.jp/datafile/seiseki/report/2022/2022-3fukushima5.pdf,official_daily_result_pdf
202203030507,2022,福島,3,5,7,2022-11-19,https://www.jra.go.jp/datafile/seiseki/report/2022/2022-3fukushima5.pdf,official_daily_result_pdf
202203030508,2022,福島,3,5,8,2022-11-19,https://www.jra.go.jp/datafile/seiseki/report/2022/2022-3fukushima5.pdf,official_daily_result_pdf
202203030509,2022,福島,3,5,9,2022-11-19,https://www.jra.go.jp/datafile/seiseki/report/2022/2022-3fukushima5.pdf,official_daily_result_pdf
202203030510,2022,福島,3,5,10,2022-11-19,https://www.jra.go.jp/datafile/seiseki/report/2022/2022-3fukushima5.pdf,official_daily_result_pdf
202203030511,2022,福島,3,5,11,2022-11-19,https://www.jra.go.jp/datafile/seiseki/report/2022/2022-3fukushima5.pdf,official_daily_result_pdf
202203030512,2022,福島,3,5,12,2022-11-19,https://www.jra.go.jp/datafile/seiseki/report/2022/2022-3fukushima5.pdf,official_daily_result_pdf
202203030601,2022,福島,3,6,1,2022-11-20,https://www.jra.go.jp/datafile/seiseki/report/2022/2022-3fukushima6.pdf,official_daily_result_pdf
202203030602,2022,福島,3,6,2,2022-11-20,https://www.jra.go.jp/datafile/seiseki/report/2022/2022-3fukushima6.pdf,official_daily_result_pdf
202203030603,2022,福島,3,6,3,2022-11-20,https://www.jra.go.jp/datafile/seiseki/report/2022/2022-3fukushima6.pdf,official_daily_result_pdf
202203030604,2022,福島,3,6,4,2022-11-20,https://www.jra.go.jp/datafile/seiseki/report/2022/2022-3fukushima6.pdf,official_daily_result_pdf
202203030605,2022,福島,3,6,5,2022-11-20,https://www.jra.go.jp/datafile/seiseki/report/2022/2022-3fukushima6.pdf,official_daily_result_pdf
202203030606,2022,福島,3,6,6,2022-11-20,https://www.jra.go.jp/datafile/seiseki/report/2022/2022-3fukushima6.pdf,official_daily_result_pdf
202203030607,2022,福島,3,6,7,2022-11-20,https://www.jra.go.jp/datafile/seiseki/report/2022/2022-3fukushima6.pdf,official_daily_result_pdf
202203030608,2022,福島,3,6,8,2022-11-20,https://www.jra.go.jp/datafile/seiseki/report/2022/2022-3fukushima6.pdf,official_daily_result_pdf
202203030609,2022,福島,3,6,9,2022-11-20,https://www.jra.go.jp/datafile/seiseki/report/2022/2022-3fukushima6.pdf,official_daily_result_pdf
202203030610,2022,福島,3,6,10,2022-11-20,https://www.jra.go.jp/datafile/seiseki/report/2022/2022-3fukushima6.pdf,official_daily_result_pdf
202203030611,2022,福島,3,6,11,2022-11-20,https://www.jra.go.jp/datafile/seiseki/report/2022/2022-3fukushima6.pdf,official_daily_result_pdf
202203030612,2022,福島,3,6,12,2022-11-20,https://www.jra.go.jp/datafile/seiseki/report/2022/2022-3fukushima6.pdf,official_daily_result_pdf
202204010101,2022,新潟,1,1,1,2022-05-07,https://www.jra.go.jp/datafile/seiseki/report/2022/2022-1niigata1.pdf,official_daily_result_pdf
202204010102,2022,新潟,1,1,2,2022-05-07,https://www.jra.go.jp/datafile/seiseki/report/2022/2022-1niigata1.pdf,official_daily_result_pdf
202204010103,2022,新潟,1,1,3,2022-05-07,https://www.jra.go.jp/datafile/seiseki/report/2022/2022-1niigata1.pdf,official_daily_result_pdf
202204010104,2022,新潟,1,1,4,2022-05-07,https://www.jra.go.jp/datafile/seiseki/report/2022/2022-1niigata1.pdf,official_daily_result_pdf
202204010105,2022,新潟,1,1,5,2022-05-07,https://www.jra.go.jp/datafile/seiseki/report/2022/2022-1niigata1.pdf,official_daily_result_pdf
202204010106,2022,新潟,1,1,6,2022-05-07,https://www.jra.go.jp/datafile/seiseki/report/2022/2022-1niigata1.pdf,official_daily_result_pdf
202204010107,2022,新潟,1,1,7,2022-05-07,https://www.jra.go.jp/datafile/seiseki/report/2022/2022-1niigata1.pdf,official_daily_result_pdf
202204010108,2022,新潟,1,1,8,2022-05-07,https://www.jra.go.jp/datafile/seiseki/report/2022/2022-1niigata1.pdf,official_daily_result_pdf
202204010109,2022,新潟,1,1,9,2022-05-07,https://www.jra.go.jp/datafile/seiseki/report/2022/2022-1niigata1.pdf,official_daily_result_pdf
202204010110,2022,新潟,1,1,10,2022-05-07,https://www.jra.go.jp/datafile/seiseki/report/2022/2022-1niigata1.pdf,official_daily_result_pdf
202204010111,2022,新潟,1,1,11,2022-05-07,https://www.jra.go.jp/datafile/seiseki/report/2022/2022-1niigata1.pdf,official_daily_result_pdf
202204010112,2022,新潟,1,1,12,2022-05-07,https://www.jra.go.jp/datafile/seiseki/report/2022/2022-1niigata1.pdf,official_daily_result_pdf
202204010201,2022,新潟,1,2,1,2022-05-08,https://www.jra.go.jp/datafile/seiseki/report/2022/2022-1niigata2.pdf,official_daily_result_pdf
202204010202,2022,新潟,1,2,2,2022-05-08,https://www.jra.go.jp/datafile/seiseki/report/2022/2022-1niigata2.pdf,official_daily_result_pdf
202204010203,2022,新潟,1,2,3,2022-05-08,https://www.jra.go.jp/datafile/seiseki/report/2022/2022-1niigata2.pdf,official_daily_result_pdf
202204010204,2022,新潟,1,2,4,2022-05-08,https://www.jra.go.jp/datafile/seiseki/report/2022/2022-1niigata2.pdf,official_daily_result_pdf
202204010205,2022,新潟,1,2,5,2022-05-08,https://www.jra.go.jp/datafile/seiseki/report/2022/2022-1niigata2.pdf,official_daily_result_pdf
202204010206,2022,新潟,1,2,6,2022-05-08,https://www.jra.go.jp/datafile/seiseki/report/2022/2022-1niigata2.pdf,official_daily_result_pdf
202204010207,2022,新潟,1,2,7,2022-05-08,https://www.jra.go.jp/datafile/seiseki/report/2022/2022-1niigata2.pdf,official_daily_result_pdf
202204010208,2022,新潟,1,2,8,2022-05-08,https://www.jra.go.jp/datafile/seiseki/report/2022/2022-1niigata2.pdf,official_daily_result_pdf
202204010209,2022,新潟,1,2,9,2022-05-08,https://www.jra.go.jp/datafile/seiseki/report/2022/2022-1niigata2.pdf,official_daily_result_pdf
202204010210,2022,新潟,1,2,10,2022-05-08,https://www.jra.go.jp/datafile/seiseki/report/2022/2022-1niigata2.pdf,official_daily_result_pdf
202204010211,2022,新潟,1,2,11,2022-05-08,https://www.jra.go.jp/datafile/seiseki/report/2022/2022-1niigata2.pdf,official_daily_result_pdf
202204010212,2022,新潟,1,2,12,2022-05-08,https://www.jra.go.jp/datafile/seiseki/report/2022/2022-1niigata2.pdf,official_daily_result_pdf
202204010301,2022,新潟,1,3,1,2022-05-14,https://www.jra.go.jp/datafile/seiseki/report/2022/2022-1niigata3.pdf,official_daily_result_pdf
202204010302,2022,新潟,1,3,2,2022-05-14,https://www.jra.go.jp/datafile/seiseki/report/2022/2022-1niigata3.pdf,official_daily_result_pdf
202204010303,2022,新潟,1,3,3,2022-05-14,https://www.jra.go.jp/datafile/seiseki/report/2022/2022-1niigata3.pdf,official_daily_result_pdf
202204010304,2022,新潟,1,3,4,2022-05-14,https://www.jra.go.jp/datafile/seiseki/report/2022/2022-1niigata3.pdf,official_daily_result_pdf
202204010305,2022,新潟,1,3,5,2022-05-14,https://www.jra.go.jp/datafile/seiseki/report/2022/2022-1niigata3.pdf,official_daily_result_pdf
202204010306,2022,新潟,1,3,6,2022-05-14,https://www.jra.go.jp/datafile/seiseki/report/2022/2022-1niigata3.pdf,official_daily_result_pdf
202204010307,2022,新潟,1,3,7,2022-05-14,https://www.jra.go.jp/datafile/seiseki/report/2022/2022-1niigata3.pdf,official_daily_result_pdf
202204010308,2022,新潟,1,3,8,2022-05-14,https://www.jra.go.jp/datafile/seiseki/report/2022/2022-1niigata3.pdf,official_daily_result_pdf
202204010309,2022,新潟,1,3,9,2022-05-14,https://www.jra.go.jp/datafile/seiseki/report/2022/2022-1niigata3.pdf,official_daily_result_pdf
202204010310,2022,新潟,1,3,10,2022-05-14,https://www.jra.go.jp/datafile/seiseki/report/2022/2022-1niigata3.pdf,official_daily_result_pdf
202204010311,2022,新潟,1,3,11,2022-05-14,https://www.jra.go.jp/datafile/seiseki/report/2022/2022-1niigata3.pdf,official_daily_result_pdf
202204010312,2022,新潟,1,3,12,2022-05-14,https://www.jra.go.jp/datafile/seiseki/report/2022/2022-1niigata3.pdf,official_daily_result_pdf
202204010401,2022,新潟,1,4,1,2022-05-15,https://www.jra.go.jp/datafile/seiseki/report/2022/2022-1niigata4.pdf,official_daily_result_pdf
202204010402,2022,新潟,1,4,2,2022-05-15,https://www.jra.go.jp/datafile/seiseki/report/2022/2022-1niigata4.pdf,official_daily_result_pdf
202204010403,2022,新潟,1,4,3,2022-05-15,https://www.jra.go.jp/datafile/seiseki/report/2022/2022-1niigata4.pdf,official_daily_result_pdf
202204010404,2022,新潟,1,4,4,2022-05-15,https://www.jra.go.jp/datafile/seiseki/report/2022/2022-1niigata4.pdf,official_daily_result_pdf
202204010405,2022,新潟,1,4,5,2022-05-15,https://www.jra.go.jp/datafile/seiseki/report/2022/2022-1niigata4.pdf,official_daily_result_pdf
202204010406,2022,新潟,1,4,6,2022-05-15,https://www.jra.go.jp/datafile/seiseki/report/2022/2022-1niigata4.pdf,official_daily_result_pdf
202204010407,2022,新潟,1,4,7,2022-05-15,https://www.jra.go.jp/datafile/seiseki/report/2022/2022-1niigata4.pdf,official_daily_result_pdf
202204010408,2022,新潟,1,4,8,2022-05-15,https://www.jra.go.jp/datafile/seiseki/report/2022/2022-1niigata4.pdf,official_daily_result_pdf
202204010409,2022,新潟,1,4,9,2022-05-15,https://www.jra.go.jp/datafile/seiseki/report/2022/2022-1niigata4.pdf,official_daily_result_pdf
202204010410,2022,新潟,1,4,10,2022-05-15,https://www.jra.go.jp/datafile/seiseki/report/2022/2022-1niigata4.pdf,official_daily_result_pdf
202204010411,2022,新潟,1,4,11,2022-05-15,https://www.jra.go.jp/datafile/seiseki/report/2022/2022-1niigata4.pdf,official_daily_result_pdf
202204010412,2022,新潟,1,4,12,2022-05-15,https://www.jra.go.jp/datafile/seiseki/report/2022/2022-1niigata4.pdf,official_daily_result_pdf
202204010501,2022,新潟,1,5,1,2022-05-21,https://www.jra.go.jp/datafile/seiseki/report/2022/2022-1niigata5.pdf,official_daily_result_pdf
202204010502,2022,新潟,1,5,2,2022-05-21,https://www.jra.go.jp/datafile/seiseki/report/2022/2022-1niigata5.pdf,official_daily_result_pdf
202204010503,2022,新潟,1,5,3,2022-05-21,https://www.jra.go.jp/datafile/seiseki/report/2022/2022-1niigata5.pdf,official_daily_result_pdf
202204010504,2022,新潟,1,5,4,2022-05-21,https://www.jra.go.jp/datafile/seiseki/report/2022/2022-1niigata5.pdf,official_daily_result_pdf
202204010505,2022,新潟,1,5,5,2022-05-21,https://www.jra.go.jp/datafile/seiseki/report/2022/2022-1niigata5.pdf,official_daily_result_pdf
202204010506,2022,新潟,1,5,6,2022-05-21,https://www.jra.go.jp/datafile/seiseki/report/2022/2022-1niigata5.pdf,official_daily_result_pdf
202204010507,2022,新潟,1,5,7,2022-05-21,https://www.jra.go.jp/datafile/seiseki/report/2022/2022-1niigata5.pdf,official_daily_result_pdf
202204010508,2022,新潟,1,5,8,2022-05-21,https://www.jra.go.jp/datafile/seiseki/report/2022/2022-1niigata5.pdf,official_daily_result_pdf
202204010509,2022,新潟,1,5,9,2022-05-21,https://www.jra.go.jp/datafile/seiseki/report/2022/2022-1niigata5.pdf,official_daily_result_pdf
202204010510,2022,新潟,1,5,10,2022-05-21,https://www.jra.go.jp/datafile/seiseki/report/2022/2022-1niigata5.pdf,official_daily_result_pdf
202204010511,2022,新潟,1,5,11,2022-05-21,https://www.jra.go.jp/datafile/seiseki/report/2022/2022-1niigata5.pdf,official_daily_result_pdf
202204010512,2022,新潟,1,5,12,2022-05-21,https://www.jra.go.jp/datafile/seiseki/report/2022/2022-1niigata5.pdf,official_daily_result_pdf
202204010601,2022,新潟,1,6,1,2022-05-22,https://www.jra.go.jp/datafile/seiseki/report/2022/2022-1niigata6.pdf,official_daily_result_pdf
202204010602,2022,新潟,1,6,2,2022-05-22,https://www.jra.go.jp/datafile/seiseki/report/2022/2022-1niigata6.pdf,official_daily_result_pdf
202204010603,2022,新潟,1,6,3,2022-05-22,https://www.jra.go.jp/datafile/seiseki/report/2022/2022-1niigata6.pdf,official_daily_result_pdf
202204010604,2022,新潟,1,6,4,2022-05-22,https://www.jra.go.jp/datafile/seiseki/report/2022/2022-1niigata6.pdf,official_daily_result_pdf
202204010605,2022,新潟,1,6,5,2022-05-22,https://www.jra.go.jp/datafile/seiseki/report/2022/2022-1niigata6.pdf,official_daily_result_pdf
202204010606,2022,新潟,1,6,6,2022-05-22,https://www.jra.go.jp/datafile/seiseki/report/2022/2022-1niigata6.pdf,official_daily_result_pdf
202204010607,2022,新潟,1,6,7,2022-05-22,https://www.jra.go.jp/datafile/seiseki/report/2022/2022-1niigata6.pdf,official_daily_result_pdf
202204010608,2022,新潟,1,6,8,2022-05-22,https://www.jra.go.jp/datafile/seiseki/report/2022/2022-1niigata6.pdf,official_daily_result_pdf
202204010609,2022,新潟,1,6,9,2022-05-22,https://www.jra.go.jp/datafile/seiseki/report/2022/2022-1niigata6.pdf,official_daily_result_pdf
202204010610,2022,新潟,1,6,10,2022-05-22,https://www.jra.go.jp/datafile/seiseki/report/2022/2022-1niigata6.pdf,official_daily_result_pdf
202204010611,2022,新潟,1,6,11,2022-05-22,https://www.jra.go.jp/datafile/seiseki/report/2022/2022-1niigata6.pdf,official_daily_result_pdf
202204010612,2022,新潟,1,6,12,2022-05-22,https://www.jra.go.jp/datafile/seiseki/report/2022/2022-1niigata6.pdf,official_daily_result_pdf
202204010701,2022,新潟,1,7,1,2022-05-28,https://www.jra.go.jp/datafile/seiseki/report/2022/2022-1niigata7.pdf,official_daily_result_pdf
202204010702,2022,新潟,1,7,2,2022-05-28,https://www.jra.go.jp/datafile/seiseki/report/2022/2022-1niigata7.pdf,official_daily_result_pdf
202204010703,2022,新潟,1,7,3,2022-05-28,https://www.jra.go.jp/datafile/seiseki/report/2022/2022-1niigata7.pdf,official_daily_result_pdf
202204010704,2022,新潟,1,7,4,2022-05-28,https://www.jra.go.jp/datafile/seiseki/report/2022/2022-1niigata7.pdf,official_daily_result_pdf
202204010705,2022,新潟,1,7,5,2022-05-28,https://www.jra.go.jp/datafile/seiseki/report/2022/2022-1niigata7.pdf,official_daily_result_pdf
202204010706,2022,新潟,1,7,6,2022-05-28,https://www.jra.go.jp/datafile/seiseki/report/2022/2022-1niigata7.pdf,official_daily_result_pdf
202204010707,2022,新潟,1,7,7,2022-05-28,https://www.jra.go.jp/datafile/seiseki/report/2022/2022-1niigata7.pdf,official_daily_result_pdf
202204010708,2022,新潟,1,7,8,2022-05-28,https://www.jra.go.jp/datafile/seiseki/report/2022/2022-1niigata7.pdf,official_daily_result_pdf
202204010709,2022,新潟,1,7,9,2022-05-28,https://www.jra.go.jp/datafile/seiseki/report/2022/2022-1niigata7.pdf,official_daily_result_pdf
202204010710,2022,新潟,1,7,10,2022-05-28,https://www.jra.go.jp/datafile/seiseki/report/2022/2022-1niigata7.pdf,official_daily_result_pdf
202204010711,2022,新潟,1,7,11,2022-05-28,https://www.jra.go.jp/datafile/seiseki/report/2022/2022-1niigata7.pdf,official_daily_result_pdf
202204010712,2022,新潟,1,7,12,2022-05-28,https://www.jra.go.jp/datafile/seiseki/report/2022/2022-1niigata7.pdf,official_daily_result_pdf
202204010801,2022,新潟,1,8,1,2022-05-29,https://www.jra.go.jp/datafile/seiseki/report/2022/2022-1niigata8.pdf,official_daily_result_pdf
202204010802,2022,新潟,1,8,2,2022-05-29,https://www.jra.go.jp/datafile/seiseki/report/2022/2022-1niigata8.pdf,official_daily_result_pdf
202204010803,2022,新潟,1,8,3,2022-05-29,https://www.jra.go.jp/datafile/seiseki/report/2022/2022-1niigata8.pdf,official_daily_result_pdf
202204010804,2022,新潟,1,8,4,2022-05-29,https://www.jra.go.jp/datafile/seiseki/report/2022/2022-1niigata8.pdf,official_daily_result_pdf
202204010805,2022,新潟,1,8,5,2022-05-29,https://www.jra.go.jp/datafile/seiseki/report/2022/2022-1niigata8.pdf,official_daily_result_pdf
202204010806,2022,新潟,1,8,6,2022-05-29,https://www.jra.go.jp/datafile/seiseki/report/2022/2022-1niigata8.pdf,official_daily_result_pdf
202204010807,2022,新潟,1,8,7,2022-05-29,https://www.jra.go.jp/datafile/seiseki/report/2022/2022-1niigata8.pdf,official_daily_result_pdf
202204010808,2022,新潟,1,8,8,2022-05-29,https://www.jra.go.jp/datafile/seiseki/report/2022/2022-1niigata8.pdf,official_daily_result_pdf
202204010809,2022,新潟,1,8,9,2022-05-29,https://www.jra.go.jp/datafile/seiseki/report/2022/2022-1niigata8.pdf,official_daily_result_pdf
202204010810,2022,新潟,1,8,10,2022-05-29,https://www.jra.go.jp/datafile/seiseki/report/2022/2022-1niigata8.pdf,official_daily_result_pdf
202204010811,2022,新潟,1,8,11,2022-05-29,https://www.jra.go.jp/datafile/seiseki/report/2022/2022-1niigata8.pdf,official_daily_result_pdf
202204010812,2022,新潟,1,8,12,2022-05-29,https://www.jra.go.jp/datafile/seiseki/report/2022/2022-1niigata8.pdf,official_daily_result_pdf
202204020101,2022,新潟,2,1,1,2022-07-30,https://www.jra.go.jp/datafile/seiseki/report/2022/2022-2niigata1.pdf,official_daily_result_pdf
202204020102,2022,新潟,2,1,2,2022-07-30,https://www.jra.go.jp/datafile/seiseki/report/2022/2022-2niigata1.pdf,official_daily_result_pdf
202204020103,2022,新潟,2,1,3,2022-07-30,https://www.jra.go.jp/datafile/seiseki/report/2022/2022-2niigata1.pdf,official_daily_result_pdf
202204020104,2022,新潟,2,1,4,2022-07-30,https://www.jra.go.jp/datafile/seiseki/report/2022/2022-2niigata1.pdf,official_daily_result_pdf
202204020105,2022,新潟,2,1,5,2022-07-30,https://www.jra.go.jp/datafile/seiseki/report/2022/2022-2niigata1.pdf,official_daily_result_pdf
202204020106,2022,新潟,2,1,6,2022-07-30,https://www.jra.go.jp/datafile/seiseki/report/2022/2022-2niigata1.pdf,official_daily_result_pdf
202204020107,2022,新潟,2,1,7,2022-07-30,https://www.jra.go.jp/datafile/seiseki/report/2022/2022-2niigata1.pdf,official_daily_result_pdf
202204020108,2022,新潟,2,1,8,2022-07-30,https://www.jra.go.jp/datafile/seiseki/report/2022/2022-2niigata1.pdf,official_daily_result_pdf
202204020109,2022,新潟,2,1,9,2022-07-30,https://www.jra.go.jp/datafile/seiseki/report/2022/2022-2niigata1.pdf,official_daily_result_pdf
202204020110,2022,新潟,2,1,10,2022-07-30,https://www.jra.go.jp/datafile/seiseki/report/2022/2022-2niigata1.pdf,official_daily_result_pdf
202204020111,2022,新潟,2,1,11,2022-07-30,https://www.jra.go.jp/datafile/seiseki/report/2022/2022-2niigata1.pdf,official_daily_result_pdf
202204020112,2022,新潟,2,1,12,2022-07-30,https://www.jra.go.jp/datafile/seiseki/report/2022/2022-2niigata1.pdf,official_daily_result_pdf
202204020201,2022,新潟,2,2,1,2022-07-31,https://www.jra.go.jp/datafile/seiseki/report/2022/2022-2niigata2.pdf,official_daily_result_pdf
202204020202,2022,新潟,2,2,2,2022-07-31,https://www.jra.go.jp/datafile/seiseki/report/2022/2022-2niigata2.pdf,official_daily_result_pdf
202204020203,2022,新潟,2,2,3,2022-07-31,https://www.jra.go.jp/datafile/seiseki/report/2022/2022-2niigata2.pdf,official_daily_result_pdf
202204020204,2022,新潟,2,2,4,2022-07-31,https://www.jra.go.jp/datafile/seiseki/report/2022/2022-2niigata2.pdf,official_daily_result_pdf
202204020205,2022,新潟,2,2,5,2022-07-31,https://www.jra.go.jp/datafile/seiseki/report/2022/2022-2niigata2.pdf,official_daily_result_pdf
202204020206,2022,新潟,2,2,6,2022-07-31,https://www.jra.go.jp/datafile/seiseki/report/2022/2022-2niigata2.pdf,official_daily_result_pdf
202204020207,2022,新潟,2,2,7,2022-07-31,https://www.jra.go.jp/datafile/seiseki/report/2022/2022-2niigata2.pdf,official_daily_result_pdf
202204020208,2022,新潟,2,2,8,2022-07-31,https://www.jra.go.jp/datafile/seiseki/report/2022/2022-2niigata2.pdf,official_daily_result_pdf
202204020209,2022,新潟,2,2,9,2022-07-31,https://www.jra.go.jp/datafile/seiseki/report/2022/2022-2niigata2.pdf,official_daily_result_pdf
202204020210,2022,新潟,2,2,10,2022-07-31,https://www.jra.go.jp/datafile/seiseki/report/2022/2022-2niigata2.pdf,official_daily_result_pdf
202204020211,2022,新潟,2,2,11,2022-07-31,https://www.jra.go.jp/datafile/seiseki/report/2022/2022-2niigata2.pdf,official_daily_result_pdf
202204020212,2022,新潟,2,2,12,2022-07-31,https://www.jra.go.jp/datafile/seiseki/report/2022/2022-2niigata2.pdf,official_daily_result_pdf
202204020301,2022,新潟,2,3,1,2022-08-06,https://www.jra.go.jp/datafile/seiseki/report/2022/2022-2niigata3.pdf,official_daily_result_pdf
202204020302,2022,新潟,2,3,2,2022-08-06,https://www.jra.go.jp/datafile/seiseki/report/2022/2022-2niigata3.pdf,official_daily_result_pdf
202204020303,2022,新潟,2,3,3,2022-08-06,https://www.jra.go.jp/datafile/seiseki/report/2022/2022-2niigata3.pdf,official_daily_result_pdf
202204020304,2022,新潟,2,3,4,2022-08-06,https://www.jra.go.jp/datafile/seiseki/report/2022/2022-2niigata3.pdf,official_daily_result_pdf
202204020305,2022,新潟,2,3,5,2022-08-06,https://www.jra.go.jp/datafile/seiseki/report/2022/2022-2niigata3.pdf,official_daily_result_pdf
202204020306,2022,新潟,2,3,6,2022-08-06,https://www.jra.go.jp/datafile/seiseki/report/2022/2022-2niigata3.pdf,official_daily_result_pdf
202204020307,2022,新潟,2,3,7,2022-08-06,https://www.jra.go.jp/datafile/seiseki/report/2022/2022-2niigata3.pdf,official_daily_result_pdf
202204020308,2022,新潟,2,3,8,2022-08-06,https://www.jra.go.jp/datafile/seiseki/report/2022/2022-2niigata3.pdf,official_daily_result_pdf
202204020309,2022,新潟,2,3,9,2022-08-06,https://www.jra.go.jp/datafile/seiseki/report/2022/2022-2niigata3.pdf,official_daily_result_pdf
202204020310,2022,新潟,2,3,10,2022-08-06,https://www.jra.go.jp/datafile/seiseki/report/2022/2022-2niigata3.pdf,official_daily_result_pdf
202204020311,2022,新潟,2,3,11,2022-08-06,https://www.jra.go.jp/datafile/seiseki/report/2022/2022-2niigata3.pdf,official_daily_result_pdf
202204020312,2022,新潟,2,3,12,2022-08-06,https://www.jra.go.jp/datafile/seiseki/report/2022/2022-2niigata3.pdf,official_daily_result_pdf
202204020401,2022,新潟,2,4,1,2022-08-07,https://www.jra.go.jp/datafile/seiseki/report/2022/2022-2niigata4.pdf,official_daily_result_pdf
202204020402,2022,新潟,2,4,2,2022-08-07,https://www.jra.go.jp/datafile/seiseki/report/2022/2022-2niigata4.pdf,official_daily_result_pdf
202204020403,2022,新潟,2,4,3,2022-08-07,https://www.jra.go.jp/datafile/seiseki/report/2022/2022-2niigata4.pdf,official_daily_result_pdf
202204020404,2022,新潟,2,4,4,2022-08-07,https://www.jra.go.jp/datafile/seiseki/report/2022/2022-2niigata4.pdf,official_daily_result_pdf
202204020405,2022,新潟,2,4,5,2022-08-07,https://www.jra.go.jp/datafile/seiseki/report/2022/2022-2niigata4.pdf,official_daily_result_pdf
202204020406,2022,新潟,2,4,6,2022-08-07,https://www.jra.go.jp/datafile/seiseki/report/2022/2022-2niigata4.pdf,official_daily_result_pdf
202204020407,2022,新潟,2,4,7,2022-08-07,https://www.jra.go.jp/datafile/seiseki/report/2022/2022-2niigata4.pdf,official_daily_result_pdf
202204020408,2022,新潟,2,4,8,2022-08-07,https://www.jra.go.jp/datafile/seiseki/report/2022/2022-2niigata4.pdf,official_daily_result_pdf
202204020409,2022,新潟,2,4,9,2022-08-07,https://www.jra.go.jp/datafile/seiseki/report/2022/2022-2niigata4.pdf,official_daily_result_pdf
202204020410,2022,新潟,2,4,10,2022-08-07,https://www.jra.go.jp/datafile/seiseki/report/2022/2022-2niigata4.pdf,official_daily_result_pdf
202204020411,2022,新潟,2,4,11,2022-08-07,https://www.jra.go.jp/datafile/seiseki/report/2022/2022-2niigata4.pdf,official_daily_result_pdf
202204020412,2022,新潟,2,4,12,2022-08-07,https://www.jra.go.jp/datafile/seiseki/report/2022/2022-2niigata4.pdf,official_daily_result_pdf
202204030101,2022,新潟,3,1,1,2022-08-13,https://www.jra.go.jp/datafile/seiseki/report/2022/2022-3niigata1.pdf,official_daily_result_pdf
202204030102,2022,新潟,3,1,2,2022-08-13,https://www.jra.go.jp/datafile/seiseki/report/2022/2022-3niigata1.pdf,official_daily_result_pdf
202204030103,2022,新潟,3,1,3,2022-08-13,https://www.jra.go.jp/datafile/seiseki/report/2022/2022-3niigata1.pdf,official_daily_result_pdf
202204030104,2022,新潟,3,1,4,2022-08-13,https://www.jra.go.jp/datafile/seiseki/report/2022/2022-3niigata1.pdf,official_daily_result_pdf
202204030105,2022,新潟,3,1,5,2022-08-13,https://www.jra.go.jp/datafile/seiseki/report/2022/2022-3niigata1.pdf,official_daily_result_pdf
202204030106,2022,新潟,3,1,6,2022-08-13,https://www.jra.go.jp/datafile/seiseki/report/2022/2022-3niigata1.pdf,official_daily_result_pdf
202204030107,2022,新潟,3,1,7,2022-08-13,https://www.jra.go.jp/datafile/seiseki/report/2022/2022-3niigata1.pdf,official_daily_result_pdf
202204030108,2022,新潟,3,1,8,2022-08-13,https://www.jra.go.jp/datafile/seiseki/report/2022/2022-3niigata1.pdf,official_daily_result_pdf
202204030109,2022,新潟,3,1,9,2022-08-13,https://www.jra.go.jp/datafile/seiseki/report/2022/2022-3niigata1.pdf,official_daily_result_pdf
202204030110,2022,新潟,3,1,10,2022-08-13,https://www.jra.go.jp/datafile/seiseki/report/2022/2022-3niigata1.pdf,official_daily_result_pdf
202204030111,2022,新潟,3,1,11,2022-08-13,https://www.jra.go.jp/datafile/seiseki/report/2022/2022-3niigata1.pdf,official_daily_result_pdf
202204030112,2022,新潟,3,1,12,2022-08-13,https://www.jra.go.jp/datafile/seiseki/report/2022/2022-3niigata1.pdf,official_daily_result_pdf
202204030201,2022,新潟,3,2,1,2022-08-14,https://www.jra.go.jp/datafile/seiseki/report/2022/2022-3niigata2.pdf,official_daily_result_pdf
202204030202,2022,新潟,3,2,2,2022-08-14,https://www.jra.go.jp/datafile/seiseki/report/2022/2022-3niigata2.pdf,official_daily_result_pdf
202204030203,2022,新潟,3,2,3,2022-08-14,https://www.jra.go.jp/datafile/seiseki/report/2022/2022-3niigata2.pdf,official_daily_result_pdf
202204030204,2022,新潟,3,2,4,2022-08-14,https://www.jra.go.jp/datafile/seiseki/report/2022/2022-3niigata2.pdf,official_daily_result_pdf
202204030205,2022,新潟,3,2,5,2022-08-14,https://www.jra.go.jp/datafile/seiseki/report/2022/2022-3niigata2.pdf,official_daily_result_pdf
202204030206,2022,新潟,3,2,6,2022-08-14,https://www.jra.go.jp/datafile/seiseki/report/2022/2022-3niigata2.pdf,official_daily_result_pdf
202204030207,2022,新潟,3,2,7,2022-08-14,https://www.jra.go.jp/datafile/seiseki/report/2022/2022-3niigata2.pdf,official_daily_result_pdf
202204030208,2022,新潟,3,2,8,2022-08-14,https://www.jra.go.jp/datafile/seiseki/report/2022/2022-3niigata2.pdf,official_daily_result_pdf
202204030209,2022,新潟,3,2,9,2022-08-14,https://www.jra.go.jp/datafile/seiseki/report/2022/2022-3niigata2.pdf,official_daily_result_pdf
202204030210,2022,新潟,3,2,10,2022-08-14,https://www.jra.go.jp/datafile/seiseki/report/2022/2022-3niigata2.pdf,official_daily_result_pdf
202204030211,2022,新潟,3,2,11,2022-08-14,https://www.jra.go.jp/datafile/seiseki/report/2022/2022-3niigata2.pdf,official_daily_result_pdf
202204030212,2022,新潟,3,2,12,2022-08-14,https://www.jra.go.jp/datafile/seiseki/report/2022/2022-3niigata2.pdf,official_daily_result_pdf
202204030301,2022,新潟,3,3,1,2022-08-20,https://www.jra.go.jp/datafile/seiseki/report/2022/2022-3niigata3.pdf,official_daily_result_pdf
202204030302,2022,新潟,3,3,2,2022-08-20,https://www.jra.go.jp/datafile/seiseki/report/2022/2022-3niigata3.pdf,official_daily_result_pdf
202204030303,2022,新潟,3,3,3,2022-08-20,https://www.jra.go.jp/datafile/seiseki/report/2022/2022-3niigata3.pdf,official_daily_result_pdf
202204030304,2022,新潟,3,3,4,2022-08-20,https://www.jra.go.jp/datafile/seiseki/report/2022/2022-3niigata3.pdf,official_daily_result_pdf
202204030305,2022,新潟,3,3,5,2022-08-20,https://www.jra.go.jp/datafile/seiseki/report/2022/2022-3niigata3.pdf,official_daily_result_pdf
202204030306,2022,新潟,3,3,6,2022-08-20,https://www.jra.go.jp/datafile/seiseki/report/2022/2022-3niigata3.pdf,official_daily_result_pdf
202204030307,2022,新潟,3,3,7,2022-08-20,https://www.jra.go.jp/datafile/seiseki/report/2022/2022-3niigata3.pdf,official_daily_result_pdf
202204030308,2022,新潟,3,3,8,2022-08-20,https://www.jra.go.jp/datafile/seiseki/report/2022/2022-3niigata3.pdf,official_daily_result_pdf
202204030309,2022,新潟,3,3,9,2022-08-20,https://www.jra.go.jp/datafile/seiseki/report/2022/2022-3niigata3.pdf,official_daily_result_pdf
202204030310,2022,新潟,3,3,10,2022-08-20,https://www.jra.go.jp/datafile/seiseki/report/2022/2022-3niigata3.pdf,official_daily_result_pdf
202204030311,2022,新潟,3,3,11,2022-08-20,https://www.jra.go.jp/datafile/seiseki/report/2022/2022-3niigata3.pdf,official_daily_result_pdf
202204030312,2022,新潟,3,3,12,2022-08-20,https://www.jra.go.jp/datafile/seiseki/report/2022/2022-3niigata3.pdf,official_daily_result_pdf
202204030401,2022,新潟,3,4,1,2022-08-21,https://www.jra.go.jp/datafile/seiseki/report/2022/2022-3niigata4.pdf,official_daily_result_pdf
202204030402,2022,新潟,3,4,2,2022-08-21,https://www.jra.go.jp/datafile/seiseki/report/2022/2022-3niigata4.pdf,official_daily_result_pdf
202204030403,2022,新潟,3,4,3,2022-08-21,https://www.jra.go.jp/datafile/seiseki/report/2022/2022-3niigata4.pdf,official_daily_result_pdf
202204030404,2022,新潟,3,4,4,2022-08-21,https://www.jra.go.jp/datafile/seiseki/report/2022/2022-3niigata4.pdf,official_daily_result_pdf
202204030405,2022,新潟,3,4,5,2022-08-21,https://www.jra.go.jp/datafile/seiseki/report/2022/2022-3niigata4.pdf,official_daily_result_pdf
202204030406,2022,新潟,3,4,6,2022-08-21,https://www.jra.go.jp/datafile/seiseki/report/2022/2022-3niigata4.pdf,official_daily_result_pdf
202204030407,2022,新潟,3,4,7,2022-08-21,https://www.jra.go.jp/datafile/seiseki/report/2022/2022-3niigata4.pdf,official_daily_result_pdf
202204030408,2022,新潟,3,4,8,2022-08-21,https://www.jra.go.jp/datafile/seiseki/report/2022/2022-3niigata4.pdf,official_daily_result_pdf
202204030409,2022,新潟,3,4,9,2022-08-21,https://www.jra.go.jp/datafile/seiseki/report/2022/2022-3niigata4.pdf,official_daily_result_pdf
202204030410,2022,新潟,3,4,10,2022-08-21,https://www.jra.go.jp/datafile/seiseki/report/2022/2022-3niigata4.pdf,official_daily_result_pdf
202204030411,2022,新潟,3,4,11,2022-08-21,https://www.jra.go.jp/datafile/seiseki/report/2022/2022-3niigata4.pdf,official_daily_result_pdf
202204030412,2022,新潟,3,4,12,2022-08-21,https://www.jra.go.jp/datafile/seiseki/report/2022/2022-3niigata4.pdf,official_daily_result_pdf
202204030501,2022,新潟,3,5,1,2022-08-27,https://www.jra.go.jp/datafile/seiseki/report/2022/2022-3niigata5.pdf,official_daily_result_pdf
202204030502,2022,新潟,3,5,2,2022-08-27,https://www.jra.go.jp/datafile/seiseki/report/2022/2022-3niigata5.pdf,official_daily_result_pdf
202204030503,2022,新潟,3,5,3,2022-08-27,https://www.jra.go.jp/datafile/seiseki/report/2022/2022-3niigata5.pdf,official_daily_result_pdf
202204030504,2022,新潟,3,5,4,2022-08-27,https://www.jra.go.jp/datafile/seiseki/report/2022/2022-3niigata5.pdf,official_daily_result_pdf
202204030505,2022,新潟,3,5,5,2022-08-27,https://www.jra.go.jp/datafile/seiseki/report/2022/2022-3niigata5.pdf,official_daily_result_pdf
202204030506,2022,新潟,3,5,6,2022-08-27,https://www.jra.go.jp/datafile/seiseki/report/2022/2022-3niigata5.pdf,official_daily_result_pdf
202204030507,2022,新潟,3,5,7,2022-08-27,https://www.jra.go.jp/datafile/seiseki/report/2022/2022-3niigata5.pdf,official_daily_result_pdf
202204030508,2022,新潟,3,5,8,2022-08-27,https://www.jra.go.jp/datafile/seiseki/report/2022/2022-3niigata5.pdf,official_daily_result_pdf
202204030509,2022,新潟,3,5,9,2022-08-27,https://www.jra.go.jp/datafile/seiseki/report/2022/2022-3niigata5.pdf,official_daily_result_pdf
202204030510,2022,新潟,3,5,10,2022-08-27,https://www.jra.go.jp/datafile/seiseki/report/2022/2022-3niigata5.pdf,official_daily_result_pdf
202204030511,2022,新潟,3,5,11,2022-08-27,https://www.jra.go.jp/datafile/seiseki/report/2022/2022-3niigata5.pdf,official_daily_result_pdf
202204030512,2022,新潟,3,5,12,2022-08-27,https://www.jra.go.jp/datafile/seiseki/report/2022/2022-3niigata5.pdf,official_daily_result_pdf
202204030601,2022,新潟,3,6,1,2022-08-28,https://www.jra.go.jp/datafile/seiseki/report/2022/2022-3niigata6.pdf,official_daily_result_pdf
202204030602,2022,新潟,3,6,2,2022-08-28,https://www.jra.go.jp/datafile/seiseki/report/2022/2022-3niigata6.pdf,official_daily_result_pdf
202204030603,2022,新潟,3,6,3,2022-08-28,https://www.jra.go.jp/datafile/seiseki/report/2022/2022-3niigata6.pdf,official_daily_result_pdf
202204030604,2022,新潟,3,6,4,2022-08-28,https://www.jra.go.jp/datafile/seiseki/report/2022/2022-3niigata6.pdf,official_daily_result_pdf
202204030605,2022,新潟,3,6,5,2022-08-28,https://www.jra.go.jp/datafile/seiseki/report/2022/2022-3niigata6.pdf,official_daily_result_pdf
202204030606,2022,新潟,3,6,6,2022-08-28,https://www.jra.go.jp/datafile/seiseki/report/2022/2022-3niigata6.pdf,official_daily_result_pdf
202204030607,2022,新潟,3,6,7,2022-08-28,https://www.jra.go.jp/datafile/seiseki/report/2022/2022-3niigata6.pdf,official_daily_result_pdf
202204030608,2022,新潟,3,6,8,2022-08-28,https://www.jra.go.jp/datafile/seiseki/report/2022/2022-3niigata6.pdf,official_daily_result_pdf
202204030609,2022,新潟,3,6,9,2022-08-28,https://www.jra.go.jp/datafile/seiseki/report/2022/2022-3niigata6.pdf,official_daily_result_pdf
202204030610,2022,新潟,3,6,10,2022-08-28,https://www.jra.go.jp/datafile/seiseki/report/2022/2022-3niigata6.pdf,official_daily_result_pdf
202204030611,2022,新潟,3,6,11,2022-08-28,https://www.jra.go.jp/datafile/seiseki/report/2022/2022-3niigata6.pdf,official_daily_result_pdf
202204030612,2022,新潟,3,6,12,2022-08-28,https://www.jra.go.jp/datafile/seiseki/report/2022/2022-3niigata6.pdf,official_daily_result_pdf
202204030701,2022,新潟,3,7,1,2022-09-03,https://www.jra.go.jp/datafile/seiseki/report/2022/2022-3niigata7.pdf,official_daily_result_pdf
202204030702,2022,新潟,3,7,2,2022-09-03,https://www.jra.go.jp/datafile/seiseki/report/2022/2022-3niigata7.pdf,official_daily_result_pdf
202204030703,2022,新潟,3,7,3,2022-09-03,https://www.jra.go.jp/datafile/seiseki/report/2022/2022-3niigata7.pdf,official_daily_result_pdf
202204030704,2022,新潟,3,7,4,2022-09-03,https://www.jra.go.jp/datafile/seiseki/report/2022/2022-3niigata7.pdf,official_daily_result_pdf
202204030705,2022,新潟,3,7,5,2022-09-03,https://www.jra.go.jp/datafile/seiseki/report/2022/2022-3niigata7.pdf,official_daily_result_pdf
202204030706,2022,新潟,3,7,6,2022-09-03,https://www.jra.go.jp/datafile/seiseki/report/2022/2022-3niigata7.pdf,official_daily_result_pdf
202204030707,2022,新潟,3,7,7,2022-09-03,https://www.jra.go.jp/datafile/seiseki/report/2022/2022-3niigata7.pdf,official_daily_result_pdf
202204030708,2022,新潟,3,7,8,2022-09-03,https://www.jra.go.jp/datafile/seiseki/report/2022/2022-3niigata7.pdf,official_daily_result_pdf
202204030709,2022,新潟,3,7,9,2022-09-03,https://www.jra.go.jp/datafile/seiseki/report/2022/2022-3niigata7.pdf,official_daily_result_pdf
202204030710,2022,新潟,3,7,10,2022-09-03,https://www.jra.go.jp/datafile/seiseki/report/2022/2022-3niigata7.pdf,official_daily_result_pdf
202204030711,2022,新潟,3,7,11,2022-09-03,https://www.jra.go.jp/datafile/seiseki/report/2022/2022-3niigata7.pdf,official_daily_result_pdf
202204030712,2022,新潟,3,7,12,2022-09-03,https://www.jra.go.jp/datafile/seiseki/report/2022/2022-3niigata7.pdf,official_daily_result_pdf
202204030801,2022,新潟,3,8,1,2022-09-04,https://www.jra.go.jp/datafile/seiseki/report/2022/2022-3niigata8.pdf,official_daily_result_pdf
202204030802,2022,新潟,3,8,2,2022-09-04,https://www.jra.go.jp/datafile/seiseki/report/2022/2022-3niigata8.pdf,official_daily_result_pdf
202204030803,2022,新潟,3,8,3,2022-09-04,https://www.jra.go.jp/datafile/seiseki/report/2022/2022-3niigata8.pdf,official_daily_result_pdf
202204030804,2022,新潟,3,8,4,2022-09-04,https://www.jra.go.jp/datafile/seiseki/report/2022/2022-3niigata8.pdf,official_daily_result_pdf
202204030805,2022,新潟,3,8,5,2022-09-04,https://www.jra.go.jp/datafile/seiseki/report/2022/2022-3niigata8.pdf,official_daily_result_pdf
202204030806,2022,新潟,3,8,6,2022-09-04,https://www.jra.go.jp/datafile/seiseki/report/2022/2022-3niigata8.pdf,official_daily_result_pdf
202204030807,2022,新潟,3,8,7,2022-09-04,https://www.jra.go.jp/datafile/seiseki/report/2022/2022-3niigata8.pdf,official_daily_result_pdf
202204030808,2022,新潟,3,8,8,2022-09-04,https://www.jra.go.jp/datafile/seiseki/report/2022/2022-3niigata8.pdf,official_daily_result_pdf
202204030809,2022,新潟,3,8,9,2022-09-04,https://www.jra.go.jp/datafile/seiseki/report/2022/2022-3niigata8.pdf,official_daily_result_pdf
202204030810,2022,新潟,3,8,10,2022-09-04,https://www.jra.go.jp/datafile/seiseki/report/2022/2022-3niigata8.pdf,official_daily_result_pdf
202204030811,2022,新潟,3,8,11,2022-09-04,https://www.jra.go.jp/datafile/seiseki/report/2022/2022-3niigata8.pdf,official_daily_result_pdf
202204030812,2022,新潟,3,8,12,2022-09-04,https://www.jra.go.jp/datafile/seiseki/report/2022/2022-3niigata8.pdf,official_daily_result_pdf
202204040101,2022,新潟,4,1,1,2022-10-15,https://www.jra.go.jp/datafile/seiseki/report/2022/2022-4niigata1.pdf,official_daily_result_pdf
202204040102,2022,新潟,4,1,2,2022-10-15,https://www.jra.go.jp/datafile/seiseki/report/2022/2022-4niigata1.pdf,official_daily_result_pdf
202204040103,2022,新潟,4,1,3,2022-10-15,https://www.jra.go.jp/datafile/seiseki/report/2022/2022-4niigata1.pdf,official_daily_result_pdf
202204040104,2022,新潟,4,1,4,2022-10-15,https://www.jra.go.jp/datafile/seiseki/report/2022/2022-4niigata1.pdf,official_daily_result_pdf
202204040105,2022,新潟,4,1,5,2022-10-15,https://www.jra.go.jp/datafile/seiseki/report/2022/2022-4niigata1.pdf,official_daily_result_pdf
202204040106,2022,新潟,4,1,6,2022-10-15,https://www.jra.go.jp/datafile/seiseki/report/2022/2022-4niigata1.pdf,official_daily_result_pdf
202204040107,2022,新潟,4,1,7,2022-10-15,https://www.jra.go.jp/datafile/seiseki/report/2022/2022-4niigata1.pdf,official_daily_result_pdf
202204040108,2022,新潟,4,1,8,2022-10-15,https://www.jra.go.jp/datafile/seiseki/report/2022/2022-4niigata1.pdf,official_daily_result_pdf
202204040109,2022,新潟,4,1,9,2022-10-15,https://www.jra.go.jp/datafile/seiseki/report/2022/2022-4niigata1.pdf,official_daily_result_pdf
202204040110,2022,新潟,4,1,10,2022-10-15,https://www.jra.go.jp/datafile/seiseki/report/2022/2022-4niigata1.pdf,official_daily_result_pdf
202204040111,2022,新潟,4,1,11,2022-10-15,https://www.jra.go.jp/datafile/seiseki/report/2022/2022-4niigata1.pdf,official_daily_result_pdf
202204040112,2022,新潟,4,1,12,2022-10-15,https://www.jra.go.jp/datafile/seiseki/report/2022/2022-4niigata1.pdf,official_daily_result_pdf
202204040201,2022,新潟,4,2,1,2022-10-16,https://www.jra.go.jp/datafile/seiseki/report/2022/2022-4niigata2.pdf,official_daily_result_pdf
202204040202,2022,新潟,4,2,2,2022-10-16,https://www.jra.go.jp/datafile/seiseki/report/2022/2022-4niigata2.pdf,official_daily_result_pdf
202204040203,2022,新潟,4,2,3,2022-10-16,https://www.jra.go.jp/datafile/seiseki/report/2022/2022-4niigata2.pdf,official_daily_result_pdf
202204040204,2022,新潟,4,2,4,2022-10-16,https://www.jra.go.jp/datafile/seiseki/report/2022/2022-4niigata2.pdf,official_daily_result_pdf
202204040205,2022,新潟,4,2,5,2022-10-16,https://www.jra.go.jp/datafile/seiseki/report/2022/2022-4niigata2.pdf,official_daily_result_pdf
202204040206,2022,新潟,4,2,6,2022-10-16,https://www.jra.go.jp/datafile/seiseki/report/2022/2022-4niigata2.pdf,official_daily_result_pdf
202204040207,2022,新潟,4,2,7,2022-10-16,https://www.jra.go.jp/datafile/seiseki/report/2022/2022-4niigata2.pdf,official_daily_result_pdf
202204040208,2022,新潟,4,2,8,2022-10-16,https://www.jra.go.jp/datafile/seiseki/report/2022/2022-4niigata2.pdf,official_daily_result_pdf
202204040209,2022,新潟,4,2,9,2022-10-16,https://www.jra.go.jp/datafile/seiseki/report/2022/2022-4niigata2.pdf,official_daily_result_pdf
202204040210,2022,新潟,4,2,10,2022-10-16,https://www.jra.go.jp/datafile/seiseki/report/2022/2022-4niigata2.pdf,official_daily_result_pdf
202204040211,2022,新潟,4,2,11,2022-10-16,https://www.jra.go.jp/datafile/seiseki/report/2022/2022-4niigata2.pdf,official_daily_result_pdf
202204040212,2022,新潟,4,2,12,2022-10-16,https://www.jra.go.jp/datafile/seiseki/report/2022/2022-4niigata2.pdf,official_daily_result_pdf
202204040301,2022,新潟,4,3,1,2022-10-22,https://www.jra.go.jp/datafile/seiseki/report/2022/2022-4niigata3.pdf,official_daily_result_pdf
202204040302,2022,新潟,4,3,2,2022-10-22,https://www.jra.go.jp/datafile/seiseki/report/2022/2022-4niigata3.pdf,official_daily_result_pdf
202204040303,2022,新潟,4,3,3,2022-10-22,https://www.jra.go.jp/datafile/seiseki/report/2022/2022-4niigata3.pdf,official_daily_result_pdf
202204040304,2022,新潟,4,3,4,2022-10-22,https://www.jra.go.jp/datafile/seiseki/report/2022/2022-4niigata3.pdf,official_daily_result_pdf
202204040305,2022,新潟,4,3,5,2022-10-22,https://www.jra.go.jp/datafile/seiseki/report/2022/2022-4niigata3.pdf,official_daily_result_pdf
202204040306,2022,新潟,4,3,6,2022-10-22,https://www.jra.go.jp/datafile/seiseki/report/2022/2022-4niigata3.pdf,official_daily_result_pdf
202204040307,2022,新潟,4,3,7,2022-10-22,https://www.jra.go.jp/datafile/seiseki/report/2022/2022-4niigata3.pdf,official_daily_result_pdf
202204040308,2022,新潟,4,3,8,2022-10-22,https://www.jra.go.jp/datafile/seiseki/report/2022/2022-4niigata3.pdf,official_daily_result_pdf
202204040309,2022,新潟,4,3,9,2022-10-22,https://www.jra.go.jp/datafile/seiseki/report/2022/2022-4niigata3.pdf,official_daily_result_pdf
202204040310,2022,新潟,4,3,10,2022-10-22,https://www.jra.go.jp/datafile/seiseki/report/2022/2022-4niigata3.pdf,official_daily_result_pdf
202204040311,2022,新潟,4,3,11,2022-10-22,https://www.jra.go.jp/datafile/seiseki/report/2022/2022-4niigata3.pdf,official_daily_result_pdf
202204040312,2022,新潟,4,3,12,2022-10-22,https://www.jra.go.jp/datafile/seiseki/report/2022/2022-4niigata3.pdf,official_daily_result_pdf
202204040401,2022,新潟,4,4,1,2022-10-23,https://www.jra.go.jp/datafile/seiseki/report/2022/2022-4niigata4.pdf,official_daily_result_pdf
202204040402,2022,新潟,4,4,2,2022-10-23,https://www.jra.go.jp/datafile/seiseki/report/2022/2022-4niigata4.pdf,official_daily_result_pdf
202204040403,2022,新潟,4,4,3,2022-10-23,https://www.jra.go.jp/datafile/seiseki/report/2022/2022-4niigata4.pdf,official_daily_result_pdf
202204040404,2022,新潟,4,4,4,2022-10-23,https://www.jra.go.jp/datafile/seiseki/report/2022/2022-4niigata4.pdf,official_daily_result_pdf
202204040405,2022,新潟,4,4,5,2022-10-23,https://www.jra.go.jp/datafile/seiseki/report/2022/2022-4niigata4.pdf,official_daily_result_pdf
202204040406,2022,新潟,4,4,6,2022-10-23,https://www.jra.go.jp/datafile/seiseki/report/2022/2022-4niigata4.pdf,official_daily_result_pdf
202204040407,2022,新潟,4,4,7,2022-10-23,https://www.jra.go.jp/datafile/seiseki/report/2022/2022-4niigata4.pdf,official_daily_result_pdf
202204040408,2022,新潟,4,4,8,2022-10-23,https://www.jra.go.jp/datafile/seiseki/report/2022/2022-4niigata4.pdf,official_daily_result_pdf
202204040409,2022,新潟,4,4,9,2022-10-23,https://www.jra.go.jp/datafile/seiseki/report/2022/2022-4niigata4.pdf,official_daily_result_pdf
202204040410,2022,新潟,4,4,10,2022-10-23,https://www.jra.go.jp/datafile/seiseki/report/2022/2022-4niigata4.pdf,official_daily_result_pdf
202204040411,2022,新潟,4,4,11,2022-10-23,https://www.jra.go.jp/datafile/seiseki/report/2022/2022-4niigata4.pdf,official_daily_result_pdf
202204040412,2022,新潟,4,4,12,2022-10-23,https://www.jra.go.jp/datafile/seiseki/report/2022/2022-4niigata4.pdf,official_daily_result_pdf
202204040501,2022,新潟,4,5,1,2022-10-29,https://www.jra.go.jp/datafile/seiseki/report/2022/2022-4niigata5.pdf,official_daily_result_pdf
202204040502,2022,新潟,4,5,2,2022-10-29,https://www.jra.go.jp/datafile/seiseki/report/2022/2022-4niigata5.pdf,official_daily_result_pdf
202204040503,2022,新潟,4,5,3,2022-10-29,https://www.jra.go.jp/datafile/seiseki/report/2022/2022-4niigata5.pdf,official_daily_result_pdf
202204040504,2022,新潟,4,5,4,2022-10-29,https://www.jra.go.jp/datafile/seiseki/report/2022/2022-4niigata5.pdf,official_daily_result_pdf
202204040505,2022,新潟,4,5,5,2022-10-29,https://www.jra.go.jp/datafile/seiseki/report/2022/2022-4niigata5.pdf,official_daily_result_pdf
202204040506,2022,新潟,4,5,6,2022-10-29,https://www.jra.go.jp/datafile/seiseki/report/2022/2022-4niigata5.pdf,official_daily_result_pdf
202204040507,2022,新潟,4,5,7,2022-10-29,https://www.jra.go.jp/datafile/seiseki/report/2022/2022-4niigata5.pdf,official_daily_result_pdf
202204040508,2022,新潟,4,5,8,2022-10-29,https://www.jra.go.jp/datafile/seiseki/report/2022/2022-4niigata5.pdf,official_daily_result_pdf
202204040509,2022,新潟,4,5,9,2022-10-29,https://www.jra.go.jp/datafile/seiseki/report/2022/2022-4niigata5.pdf,official_daily_result_pdf
202204040510,2022,新潟,4,5,10,2022-10-29,https://www.jra.go.jp/datafile/seiseki/report/2022/2022-4niigata5.pdf,official_daily_result_pdf
202204040511,2022,新潟,4,5,11,2022-10-29,https://www.jra.go.jp/datafile/seiseki/report/2022/2022-4niigata5.pdf,official_daily_result_pdf
202204040512,2022,新潟,4,5,12,2022-10-29,https://www.jra.go.jp/datafile/seiseki/report/2022/2022-4niigata5.pdf,official_daily_result_pdf
202204040601,2022,新潟,4,6,1,2022-10-30,https://www.jra.go.jp/datafile/seiseki/report/2022/2022-4niigata6.pdf,official_daily_result_pdf
202204040602,2022,新潟,4,6,2,2022-10-30,https://www.jra.go.jp/datafile/seiseki/report/2022/2022-4niigata6.pdf,official_daily_result_pdf
202204040603,2022,新潟,4,6,3,2022-10-30,https://www.jra.go.jp/datafile/seiseki/report/2022/2022-4niigata6.pdf,official_daily_result_pdf
202204040604,2022,新潟,4,6,4,2022-10-30,https://www.jra.go.jp/datafile/seiseki/report/2022/2022-4niigata6.pdf,official_daily_result_pdf
202204040605,2022,新潟,4,6,5,2022-10-30,https://www.jra.go.jp/datafile/seiseki/report/2022/2022-4niigata6.pdf,official_daily_result_pdf
202204040606,2022,新潟,4,6,6,2022-10-30,https://www.jra.go.jp/datafile/seiseki/report/2022/2022-4niigata6.pdf,official_daily_result_pdf
202204040607,2022,新潟,4,6,7,2022-10-30,https://www.jra.go.jp/datafile/seiseki/report/2022/2022-4niigata6.pdf,official_daily_result_pdf
202204040608,2022,新潟,4,6,8,2022-10-30,https://www.jra.go.jp/datafile/seiseki/report/2022/2022-4niigata6.pdf,official_daily_result_pdf
202204040609,2022,新潟,4,6,9,2022-10-30,https://www.jra.go.jp/datafile/seiseki/report/2022/2022-4niigata6.pdf,official_daily_result_pdf
202204040610,2022,新潟,4,6,10,2022-10-30,https://www.jra.go.jp/datafile/seiseki/report/2022/2022-4niigata6.pdf,official_daily_result_pdf
202204040611,2022,新潟,4,6,11,2022-10-30,https://www.jra.go.jp/datafile/seiseki/report/2022/2022-4niigata6.pdf,official_daily_result_pdf
202204040612,2022,新潟,4,6,12,2022-10-30,https://www.jra.go.jp/datafile/seiseki/report/2022/2022-4niigata6.pdf,official_daily_result_pdf
202205010101,2022,東京,1,1,1,2022-01-29,https://www.jra.go.jp/datafile/seiseki/report/2022/2022-1tokyo1.pdf,official_daily_result_pdf
202205010102,2022,東京,1,1,2,2022-01-29,https://www.jra.go.jp/datafile/seiseki/report/2022/2022-1tokyo1.pdf,official_daily_result_pdf
202205010103,2022,東京,1,1,3,2022-01-29,https://www.jra.go.jp/datafile/seiseki/report/2022/2022-1tokyo1.pdf,official_daily_result_pdf
202205010104,2022,東京,1,1,4,2022-01-29,https://www.jra.go.jp/datafile/seiseki/report/2022/2022-1tokyo1.pdf,official_daily_result_pdf
202205010105,2022,東京,1,1,5,2022-01-29,https://www.jra.go.jp/datafile/seiseki/report/2022/2022-1tokyo1.pdf,official_daily_result_pdf
202205010106,2022,東京,1,1,6,2022-01-29,https://www.jra.go.jp/datafile/seiseki/report/2022/2022-1tokyo1.pdf,official_daily_result_pdf
202205010107,2022,東京,1,1,7,2022-01-29,https://www.jra.go.jp/datafile/seiseki/report/2022/2022-1tokyo1.pdf,official_daily_result_pdf
202205010108,2022,東京,1,1,8,2022-01-29,https://www.jra.go.jp/datafile/seiseki/report/2022/2022-1tokyo1.pdf,official_daily_result_pdf
202205010109,2022,東京,1,1,9,2022-01-29,https://www.jra.go.jp/datafile/seiseki/report/2022/2022-1tokyo1.pdf,official_daily_result_pdf
202205010110,2022,東京,1,1,10,2022-01-29,https://www.jra.go.jp/datafile/seiseki/report/2022/2022-1tokyo1.pdf,official_daily_result_pdf
202205010111,2022,東京,1,1,11,2022-01-29,https://www.jra.go.jp/datafile/seiseki/report/2022/2022-1tokyo1.pdf,official_daily_result_pdf
202205010112,2022,東京,1,1,12,2022-01-29,https://www.jra.go.jp/datafile/seiseki/report/2022/2022-1tokyo1.pdf,official_daily_result_pdf
202205010201,2022,東京,1,2,1,2022-01-30,https://www.jra.go.jp/datafile/seiseki/report/2022/2022-1tokyo2.pdf,official_daily_result_pdf
202205010202,2022,東京,1,2,2,2022-01-30,https://www.jra.go.jp/datafile/seiseki/report/2022/2022-1tokyo2.pdf,official_daily_result_pdf
202205010203,2022,東京,1,2,3,2022-01-30,https://www.jra.go.jp/datafile/seiseki/report/2022/2022-1tokyo2.pdf,official_daily_result_pdf
202205010204,2022,東京,1,2,4,2022-01-30,https://www.jra.go.jp/datafile/seiseki/report/2022/2022-1tokyo2.pdf,official_daily_result_pdf
202205010205,2022,東京,1,2,5,2022-01-30,https://www.jra.go.jp/datafile/seiseki/report/2022/2022-1tokyo2.pdf,official_daily_result_pdf
202205010206,2022,東京,1,2,6,2022-01-30,https://www.jra.go.jp/datafile/seiseki/report/2022/2022-1tokyo2.pdf,official_daily_result_pdf
202205010207,2022,東京,1,2,7,2022-01-30,https://www.jra.go.jp/datafile/seiseki/report/2022/2022-1tokyo2.pdf,official_daily_result_pdf
202205010208,2022,東京,1,2,8,2022-01-30,https://www.jra.go.jp/datafile/seiseki/report/2022/2022-1tokyo2.pdf,official_daily_result_pdf
202205010209,2022,東京,1,2,9,2022-01-30,https://www.jra.go.jp/datafile/seiseki/report/2022/2022-1tokyo2.pdf,official_daily_result_pdf
202205010210,2022,東京,1,2,10,2022-01-30,https://www.jra.go.jp/datafile/seiseki/report/2022/2022-1tokyo2.pdf,official_daily_result_pdf
202205010211,2022,東京,1,2,11,2022-01-30,https://www.jra.go.jp/datafile/seiseki/report/2022/2022-1tokyo2.pdf,official_daily_result_pdf
202205010212,2022,東京,1,2,12,2022-01-30,https://www.jra.go.jp/datafile/seiseki/report/2022/2022-1tokyo2.pdf,official_daily_result_pdf
202205010301,2022,東京,1,3,1,2022-02-05,https://www.jra.go.jp/datafile/seiseki/report/2022/2022-1tokyo3.pdf,official_daily_result_pdf
202205010302,2022,東京,1,3,2,2022-02-05,https://www.jra.go.jp/datafile/seiseki/report/2022/2022-1tokyo3.pdf,official_daily_result_pdf
202205010303,2022,東京,1,3,3,2022-02-05,https://www.jra.go.jp/datafile/seiseki/report/2022/2022-1tokyo3.pdf,official_daily_result_pdf
202205010304,2022,東京,1,3,4,2022-02-05,https://www.jra.go.jp/datafile/seiseki/report/2022/2022-1tokyo3.pdf,official_daily_result_pdf
202205010305,2022,東京,1,3,5,2022-02-05,https://www.jra.go.jp/datafile/seiseki/report/2022/2022-1tokyo3.pdf,official_daily_result_pdf
202205010306,2022,東京,1,3,6,2022-02-05,https://www.jra.go.jp/datafile/seiseki/report/2022/2022-1tokyo3.pdf,official_daily_result_pdf
202205010307,2022,東京,1,3,7,2022-02-05,https://www.jra.go.jp/datafile/seiseki/report/2022/2022-1tokyo3.pdf,official_daily_result_pdf
202205010308,2022,東京,1,3,8,2022-02-05,https://www.jra.go.jp/datafile/seiseki/report/2022/2022-1tokyo3.pdf,official_daily_result_pdf
202205010309,2022,東京,1,3,9,2022-02-05,https://www.jra.go.jp/datafile/seiseki/report/2022/2022-1tokyo3.pdf,official_daily_result_pdf
202205010310,2022,東京,1,3,10,2022-02-05,https://www.jra.go.jp/datafile/seiseki/report/2022/2022-1tokyo3.pdf,official_daily_result_pdf
202205010311,2022,東京,1,3,11,2022-02-05,https://www.jra.go.jp/datafile/seiseki/report/2022/2022-1tokyo3.pdf,official_daily_result_pdf
202205010312,2022,東京,1,3,12,2022-02-05,https://www.jra.go.jp/datafile/seiseki/report/2022/2022-1tokyo3.pdf,official_daily_result_pdf
202205010401,2022,東京,1,4,1,2022-02-06,https://www.jra.go.jp/datafile/seiseki/report/2022/2022-1tokyo4.pdf,official_daily_result_pdf
202205010402,2022,東京,1,4,2,2022-02-06,https://www.jra.go.jp/datafile/seiseki/report/2022/2022-1tokyo4.pdf,official_daily_result_pdf
202205010403,2022,東京,1,4,3,2022-02-06,https://www.jra.go.jp/datafile/seiseki/report/2022/2022-1tokyo4.pdf,official_daily_result_pdf
202205010404,2022,東京,1,4,4,2022-02-06,https://www.jra.go.jp/datafile/seiseki/report/2022/2022-1tokyo4.pdf,official_daily_result_pdf
202205010405,2022,東京,1,4,5,2022-02-06,https://www.jra.go.jp/datafile/seiseki/report/2022/2022-1tokyo4.pdf,official_daily_result_pdf
202205010406,2022,東京,1,4,6,2022-02-06,https://www.jra.go.jp/datafile/seiseki/report/2022/2022-1tokyo4.pdf,official_daily_result_pdf
202205010407,2022,東京,1,4,7,2022-02-06,https://www.jra.go.jp/datafile/seiseki/report/2022/2022-1tokyo4.pdf,official_daily_result_pdf
202205010408,2022,東京,1,4,8,2022-02-06,https://www.jra.go.jp/datafile/seiseki/report/2022/2022-1tokyo4.pdf,official_daily_result_pdf
202205010409,2022,東京,1,4,9,2022-02-06,https://www.jra.go.jp/datafile/seiseki/report/2022/2022-1tokyo4.pdf,official_daily_result_pdf
202205010410,2022,東京,1,4,10,2022-02-06,https://www.jra.go.jp/datafile/seiseki/report/2022/2022-1tokyo4.pdf,official_daily_result_pdf
202205010411,2022,東京,1,4,11,2022-02-06,https://www.jra.go.jp/datafile/seiseki/report/2022/2022-1tokyo4.pdf,official_daily_result_pdf
202205010412,2022,東京,1,4,12,2022-02-06,https://www.jra.go.jp/datafile/seiseki/report/2022/2022-1tokyo4.pdf,official_daily_result_pdf
202205010501,2022,東京,1,5,1,2022-02-12,https://www.jra.go.jp/datafile/seiseki/report/2022/2022-1tokyo5.pdf,official_daily_result_pdf
202205010502,2022,東京,1,5,2,2022-02-12,https://www.jra.go.jp/datafile/seiseki/report/2022/2022-1tokyo5.pdf,official_daily_result_pdf
202205010503,2022,東京,1,5,3,2022-02-12,https://www.jra.go.jp/datafile/seiseki/report/2022/2022-1tokyo5.pdf,official_daily_result_pdf
202205010504,2022,東京,1,5,4,2022-02-12,https://www.jra.go.jp/datafile/seiseki/report/2022/2022-1tokyo5.pdf,official_daily_result_pdf
202205010505,2022,東京,1,5,5,2022-02-12,https://www.jra.go.jp/datafile/seiseki/report/2022/2022-1tokyo5.pdf,official_daily_result_pdf
202205010506,2022,東京,1,5,6,2022-02-12,https://www.jra.go.jp/datafile/seiseki/report/2022/2022-1tokyo5.pdf,official_daily_result_pdf
202205010507,2022,東京,1,5,7,2022-02-12,https://www.jra.go.jp/datafile/seiseki/report/2022/2022-1tokyo5.pdf,official_daily_result_pdf
202205010508,2022,東京,1,5,8,2022-02-12,https://www.jra.go.jp/datafile/seiseki/report/2022/2022-1tokyo5.pdf,official_daily_result_pdf
202205010509,2022,東京,1,5,9,2022-02-12,https://www.jra.go.jp/datafile/seiseki/report/2022/2022-1tokyo5.pdf,official_daily_result_pdf
202205010510,2022,東京,1,5,10,2022-02-12,https://www.jra.go.jp/datafile/seiseki/report/2022/2022-1tokyo5.pdf,official_daily_result_pdf
202205010511,2022,東京,1,5,11,2022-02-12,https://www.jra.go.jp/datafile/seiseki/report/2022/2022-1tokyo5.pdf,official_daily_result_pdf
202205010512,2022,東京,1,5,12,2022-02-12,https://www.jra.go.jp/datafile/seiseki/report/2022/2022-1tokyo5.pdf,official_daily_result_pdf
202205010601,2022,東京,1,6,1,2022-02-13,https://www.jra.go.jp/datafile/seiseki/report/2022/2022-1tokyo6.pdf,official_daily_result_pdf
202205010602,2022,東京,1,6,2,2022-02-13,https://www.jra.go.jp/datafile/seiseki/report/2022/2022-1tokyo6.pdf,official_daily_result_pdf
202205010603,2022,東京,1,6,3,2022-02-13,https://www.jra.go.jp/datafile/seiseki/report/2022/2022-1tokyo6.pdf,official_daily_result_pdf
202205010604,2022,東京,1,6,4,2022-02-13,https://www.jra.go.jp/datafile/seiseki/report/2022/2022-1tokyo6.pdf,official_daily_result_pdf
202205010605,2022,東京,1,6,5,2022-02-13,https://www.jra.go.jp/datafile/seiseki/report/2022/2022-1tokyo6.pdf,official_daily_result_pdf
202205010606,2022,東京,1,6,6,2022-02-13,https://www.jra.go.jp/datafile/seiseki/report/2022/2022-1tokyo6.pdf,official_daily_result_pdf
202205010607,2022,東京,1,6,7,2022-02-13,https://www.jra.go.jp/datafile/seiseki/report/2022/2022-1tokyo6.pdf,official_daily_result_pdf
202205010608,2022,東京,1,6,8,2022-02-13,https://www.jra.go.jp/datafile/seiseki/report/2022/2022-1tokyo6.pdf,official_daily_result_pdf
202205010609,2022,東京,1,6,9,2022-02-13,https://www.jra.go.jp/datafile/seiseki/report/2022/2022-1tokyo6.pdf,official_daily_result_pdf
202205010610,2022,東京,1,6,10,2022-02-13,https://www.jra.go.jp/datafile/seiseki/report/2022/2022-1tokyo6.pdf,official_daily_result_pdf
202205010611,2022,東京,1,6,11,2022-02-13,https://www.jra.go.jp/datafile/seiseki/report/2022/2022-1tokyo6.pdf,official_daily_result_pdf
202205010612,2022,東京,1,6,12,2022-02-13,https://www.jra.go.jp/datafile/seiseki/report/2022/2022-1tokyo6.pdf,official_daily_result_pdf
202205010701,2022,東京,1,7,1,2022-02-19,https://www.jra.go.jp/datafile/seiseki/report/2022/2022-1tokyo7.pdf,official_daily_result_pdf
202205010702,2022,東京,1,7,2,2022-02-19,https://www.jra.go.jp/datafile/seiseki/report/2022/2022-1tokyo7.pdf,official_daily_result_pdf
202205010703,2022,東京,1,7,3,2022-02-19,https://www.jra.go.jp/datafile/seiseki/report/2022/2022-1tokyo7.pdf,official_daily_result_pdf
202205010704,2022,東京,1,7,4,2022-02-19,https://www.jra.go.jp/datafile/seiseki/report/2022/2022-1tokyo7.pdf,official_daily_result_pdf
202205010705,2022,東京,1,7,5,2022-02-19,https://www.jra.go.jp/datafile/seiseki/report/2022/2022-1tokyo7.pdf,official_daily_result_pdf
202205010706,2022,東京,1,7,6,2022-02-19,https://www.jra.go.jp/datafile/seiseki/report/2022/2022-1tokyo7.pdf,official_daily_result_pdf
202205010707,2022,東京,1,7,7,2022-02-19,https://www.jra.go.jp/datafile/seiseki/report/2022/2022-1tokyo7.pdf,official_daily_result_pdf
202205010708,2022,東京,1,7,8,2022-02-19,https://www.jra.go.jp/datafile/seiseki/report/2022/2022-1tokyo7.pdf,official_daily_result_pdf
202205010709,2022,東京,1,7,9,2022-02-19,https://www.jra.go.jp/datafile/seiseki/report/2022/2022-1tokyo7.pdf,official_daily_result_pdf
202205010710,2022,東京,1,7,10,2022-02-19,https://www.jra.go.jp/datafile/seiseki/report/2022/2022-1tokyo7.pdf,official_daily_result_pdf
202205010711,2022,東京,1,7,11,2022-02-19,https://www.jra.go.jp/datafile/seiseki/report/2022/2022-1tokyo7.pdf,official_daily_result_pdf
202205010712,2022,東京,1,7,12,2022-02-19,https://www.jra.go.jp/datafile/seiseki/report/2022/2022-1tokyo7.pdf,official_daily_result_pdf
202205010801,2022,東京,1,8,1,2022-02-20,https://www.jra.go.jp/datafile/seiseki/report/2022/2022-1tokyo8.pdf,official_daily_result_pdf
202205010802,2022,東京,1,8,2,2022-02-20,https://www.jra.go.jp/datafile/seiseki/report/2022/2022-1tokyo8.pdf,official_daily_result_pdf
202205010803,2022,東京,1,8,3,2022-02-20,https://www.jra.go.jp/datafile/seiseki/report/2022/2022-1tokyo8.pdf,official_daily_result_pdf
202205010804,2022,東京,1,8,4,2022-02-20,https://www.jra.go.jp/datafile/seiseki/report/2022/2022-1tokyo8.pdf,official_daily_result_pdf
202205010805,2022,東京,1,8,5,2022-02-20,https://www.jra.go.jp/datafile/seiseki/report/2022/2022-1tokyo8.pdf,official_daily_result_pdf
202205010806,2022,東京,1,8,6,2022-02-20,https://www.jra.go.jp/datafile/seiseki/report/2022/2022-1tokyo8.pdf,official_daily_result_pdf
202205010807,2022,東京,1,8,7,2022-02-20,https://www.jra.go.jp/datafile/seiseki/report/2022/2022-1tokyo8.pdf,official_daily_result_pdf
202205010808,2022,東京,1,8,8,2022-02-20,https://www.jra.go.jp/datafile/seiseki/report/2022/2022-1tokyo8.pdf,official_daily_result_pdf
202205010809,2022,東京,1,8,9,2022-02-20,https://www.jra.go.jp/datafile/seiseki/report/2022/2022-1tokyo8.pdf,official_daily_result_pdf
202205010810,2022,東京,1,8,10,2022-02-20,https://www.jra.go.jp/datafile/seiseki/report/2022/2022-1tokyo8.pdf,official_daily_result_pdf
202205010811,2022,東京,1,8,11,2022-02-20,https://www.jra.go.jp/datafile/seiseki/report/2022/2022-1tokyo8.pdf,official_daily_result_pdf
202205010812,2022,東京,1,8,12,2022-02-20,https://www.jra.go.jp/datafile/seiseki/report/2022/2022-1tokyo8.pdf,official_daily_result_pdf
202205020101,2022,東京,2,1,1,2022-04-23,https://www.jra.go.jp/datafile/seiseki/report/2022/2022-2tokyo1.pdf,official_daily_result_pdf
202205020102,2022,東京,2,1,2,2022-04-23,https://www.jra.go.jp/datafile/seiseki/report/2022/2022-2tokyo1.pdf,official_daily_result_pdf
202205020103,2022,東京,2,1,3,2022-04-23,https://www.jra.go.jp/datafile/seiseki/report/2022/2022-2tokyo1.pdf,official_daily_result_pdf
202205020104,2022,東京,2,1,4,2022-04-23,https://www.jra.go.jp/datafile/seiseki/report/2022/2022-2tokyo1.pdf,official_daily_result_pdf
202205020105,2022,東京,2,1,5,2022-04-23,https://www.jra.go.jp/datafile/seiseki/report/2022/2022-2tokyo1.pdf,official_daily_result_pdf
202205020106,2022,東京,2,1,6,2022-04-23,https://www.jra.go.jp/datafile/seiseki/report/2022/2022-2tokyo1.pdf,official_daily_result_pdf
202205020107,2022,東京,2,1,7,2022-04-23,https://www.jra.go.jp/datafile/seiseki/report/2022/2022-2tokyo1.pdf,official_daily_result_pdf
202205020108,2022,東京,2,1,8,2022-04-23,https://www.jra.go.jp/datafile/seiseki/report/2022/2022-2tokyo1.pdf,official_daily_result_pdf
202205020109,2022,東京,2,1,9,2022-04-23,https://www.jra.go.jp/datafile/seiseki/report/2022/2022-2tokyo1.pdf,official_daily_result_pdf
202205020110,2022,東京,2,1,10,2022-04-23,https://www.jra.go.jp/datafile/seiseki/report/2022/2022-2tokyo1.pdf,official_daily_result_pdf
202205020111,2022,東京,2,1,11,2022-04-23,https://www.jra.go.jp/datafile/seiseki/report/2022/2022-2tokyo1.pdf,official_daily_result_pdf
202205020112,2022,東京,2,1,12,2022-04-23,https://www.jra.go.jp/datafile/seiseki/report/2022/2022-2tokyo1.pdf,official_daily_result_pdf
202205020201,2022,東京,2,2,1,2022-04-24,https://www.jra.go.jp/datafile/seiseki/report/2022/2022-2tokyo2.pdf,official_daily_result_pdf
202205020202,2022,東京,2,2,2,2022-04-24,https://www.jra.go.jp/datafile/seiseki/report/2022/2022-2tokyo2.pdf,official_daily_result_pdf
202205020203,2022,東京,2,2,3,2022-04-24,https://www.jra.go.jp/datafile/seiseki/report/2022/2022-2tokyo2.pdf,official_daily_result_pdf
202205020204,2022,東京,2,2,4,2022-04-24,https://www.jra.go.jp/datafile/seiseki/report/2022/2022-2tokyo2.pdf,official_daily_result_pdf
202205020205,2022,東京,2,2,5,2022-04-24,https://www.jra.go.jp/datafile/seiseki/report/2022/2022-2tokyo2.pdf,official_daily_result_pdf
202205020206,2022,東京,2,2,6,2022-04-24,https://www.jra.go.jp/datafile/seiseki/report/2022/2022-2tokyo2.pdf,official_daily_result_pdf
202205020207,2022,東京,2,2,7,2022-04-24,https://www.jra.go.jp/datafile/seiseki/report/2022/2022-2tokyo2.pdf,official_daily_result_pdf
202205020208,2022,東京,2,2,8,2022-04-24,https://www.jra.go.jp/datafile/seiseki/report/2022/2022-2tokyo2.pdf,official_daily_result_pdf
202205020209,2022,東京,2,2,9,2022-04-24,https://www.jra.go.jp/datafile/seiseki/report/2022/2022-2tokyo2.pdf,official_daily_result_pdf
202205020210,2022,東京,2,2,10,2022-04-24,https://www.jra.go.jp/datafile/seiseki/report/2022/2022-2tokyo2.pdf,official_daily_result_pdf
202205020211,2022,東京,2,2,11,2022-04-24,https://www.jra.go.jp/datafile/seiseki/report/2022/2022-2tokyo2.pdf,official_daily_result_pdf
202205020212,2022,東京,2,2,12,2022-04-24,https://www.jra.go.jp/datafile/seiseki/report/2022/2022-2tokyo2.pdf,official_daily_result_pdf
202205020301,2022,東京,2,3,1,2022-04-30,https://www.jra.go.jp/datafile/seiseki/report/2022/2022-2tokyo3.pdf,official_daily_result_pdf
202205020302,2022,東京,2,3,2,2022-04-30,https://www.jra.go.jp/datafile/seiseki/report/2022/2022-2tokyo3.pdf,official_daily_result_pdf
202205020303,2022,東京,2,3,3,2022-04-30,https://www.jra.go.jp/datafile/seiseki/report/2022/2022-2tokyo3.pdf,official_daily_result_pdf
202205020304,2022,東京,2,3,4,2022-04-30,https://www.jra.go.jp/datafile/seiseki/report/2022/2022-2tokyo3.pdf,official_daily_result_pdf
202205020305,2022,東京,2,3,5,2022-04-30,https://www.jra.go.jp/datafile/seiseki/report/2022/2022-2tokyo3.pdf,official_daily_result_pdf
202205020306,2022,東京,2,3,6,2022-04-30,https://www.jra.go.jp/datafile/seiseki/report/2022/2022-2tokyo3.pdf,official_daily_result_pdf
202205020307,2022,東京,2,3,7,2022-04-30,https://www.jra.go.jp/datafile/seiseki/report/2022/2022-2tokyo3.pdf,official_daily_result_pdf
202205020308,2022,東京,2,3,8,2022-04-30,https://www.jra.go.jp/datafile/seiseki/report/2022/2022-2tokyo3.pdf,official_daily_result_pdf
202205020309,2022,東京,2,3,9,2022-04-30,https://www.jra.go.jp/datafile/seiseki/report/2022/2022-2tokyo3.pdf,official_daily_result_pdf
202205020310,2022,東京,2,3,10,2022-04-30,https://www.jra.go.jp/datafile/seiseki/report/2022/2022-2tokyo3.pdf,official_daily_result_pdf
202205020311,2022,東京,2,3,11,2022-04-30,https://www.jra.go.jp/datafile/seiseki/report/2022/2022-2tokyo3.pdf,official_daily_result_pdf
202205020312,2022,東京,2,3,12,2022-04-30,https://www.jra.go.jp/datafile/seiseki/report/2022/2022-2tokyo3.pdf,official_daily_result_pdf
202205020401,2022,東京,2,4,1,2022-05-01,https://www.jra.go.jp/datafile/seiseki/report/2022/2022-2tokyo4.pdf,official_daily_result_pdf
202205020402,2022,東京,2,4,2,2022-05-01,https://www.jra.go.jp/datafile/seiseki/report/2022/2022-2tokyo4.pdf,official_daily_result_pdf
202205020403,2022,東京,2,4,3,2022-05-01,https://www.jra.go.jp/datafile/seiseki/report/2022/2022-2tokyo4.pdf,official_daily_result_pdf
202205020404,2022,東京,2,4,4,2022-05-01,https://www.jra.go.jp/datafile/seiseki/report/2022/2022-2tokyo4.pdf,official_daily_result_pdf
202205020405,2022,東京,2,4,5,2022-05-01,https://www.jra.go.jp/datafile/seiseki/report/2022/2022-2tokyo4.pdf,official_daily_result_pdf
202205020406,2022,東京,2,4,6,2022-05-01,https://www.jra.go.jp/datafile/seiseki/report/2022/2022-2tokyo4.pdf,official_daily_result_pdf
202205020407,2022,東京,2,4,7,2022-05-01,https://www.jra.go.jp/datafile/seiseki/report/2022/2022-2tokyo4.pdf,official_daily_result_pdf
202205020408,2022,東京,2,4,8,2022-05-01,https://www.jra.go.jp/datafile/seiseki/report/2022/2022-2tokyo4.pdf,official_daily_result_pdf
202205020409,2022,東京,2,4,9,2022-05-01,https://www.jra.go.jp/datafile/seiseki/report/2022/2022-2tokyo4.pdf,official_daily_result_pdf
202205020410,2022,東京,2,4,10,2022-05-01,https://www.jra.go.jp/datafile/seiseki/report/2022/2022-2tokyo4.pdf,official_daily_result_pdf
202205020411,2022,東京,2,4,11,2022-05-01,https://www.jra.go.jp/datafile/seiseki/report/2022/2022-2tokyo4.pdf,official_daily_result_pdf
202205020412,2022,東京,2,4,12,2022-05-01,https://www.jra.go.jp/datafile/seiseki/report/2022/2022-2tokyo4.pdf,official_daily_result_pdf
202205020501,2022,東京,2,5,1,2022-05-07,https://www.jra.go.jp/datafile/seiseki/report/2022/2022-2tokyo5.pdf,official_daily_result_pdf
202205020502,2022,東京,2,5,2,2022-05-07,https://www.jra.go.jp/datafile/seiseki/report/2022/2022-2tokyo5.pdf,official_daily_result_pdf
202205020503,2022,東京,2,5,3,2022-05-07,https://www.jra.go.jp/datafile/seiseki/report/2022/2022-2tokyo5.pdf,official_daily_result_pdf
202205020504,2022,東京,2,5,4,2022-05-07,https://www.jra.go.jp/datafile/seiseki/report/2022/2022-2tokyo5.pdf,official_daily_result_pdf
202205020505,2022,東京,2,5,5,2022-05-07,https://www.jra.go.jp/datafile/seiseki/report/2022/2022-2tokyo5.pdf,official_daily_result_pdf
202205020506,2022,東京,2,5,6,2022-05-07,https://www.jra.go.jp/datafile/seiseki/report/2022/2022-2tokyo5.pdf,official_daily_result_pdf
202205020507,2022,東京,2,5,7,2022-05-07,https://www.jra.go.jp/datafile/seiseki/report/2022/2022-2tokyo5.pdf,official_daily_result_pdf
202205020508,2022,東京,2,5,8,2022-05-07,https://www.jra.go.jp/datafile/seiseki/report/2022/2022-2tokyo5.pdf,official_daily_result_pdf
202205020509,2022,東京,2,5,9,2022-05-07,https://www.jra.go.jp/datafile/seiseki/report/2022/2022-2tokyo5.pdf,official_daily_result_pdf
202205020510,2022,東京,2,5,10,2022-05-07,https://www.jra.go.jp/datafile/seiseki/report/2022/2022-2tokyo5.pdf,official_daily_result_pdf
202205020511,2022,東京,2,5,11,2022-05-07,https://www.jra.go.jp/datafile/seiseki/report/2022/2022-2tokyo5.pdf,official_daily_result_pdf
202205020512,2022,東京,2,5,12,2022-05-07,https://www.jra.go.jp/datafile/seiseki/report/2022/2022-2tokyo5.pdf,official_daily_result_pdf
202205020601,2022,東京,2,6,1,2022-05-08,https://www.jra.go.jp/datafile/seiseki/report/2022/2022-2tokyo6.pdf,official_daily_result_pdf
202205020602,2022,東京,2,6,2,2022-05-08,https://www.jra.go.jp/datafile/seiseki/report/2022/2022-2tokyo6.pdf,official_daily_result_pdf
202205020603,2022,東京,2,6,3,2022-05-08,https://www.jra.go.jp/datafile/seiseki/report/2022/2022-2tokyo6.pdf,official_daily_result_pdf
202205020604,2022,東京,2,6,4,2022-05-08,https://www.jra.go.jp/datafile/seiseki/report/2022/2022-2tokyo6.pdf,official_daily_result_pdf
202205020605,2022,東京,2,6,5,2022-05-08,https://www.jra.go.jp/datafile/seiseki/report/2022/2022-2tokyo6.pdf,official_daily_result_pdf
202205020606,2022,東京,2,6,6,2022-05-08,https://www.jra.go.jp/datafile/seiseki/report/2022/2022-2tokyo6.pdf,official_daily_result_pdf
202205020607,2022,東京,2,6,7,2022-05-08,https://www.jra.go.jp/datafile/seiseki/report/2022/2022-2tokyo6.pdf,official_daily_result_pdf
202205020608,2022,東京,2,6,8,2022-05-08,https://www.jra.go.jp/datafile/seiseki/report/2022/2022-2tokyo6.pdf,official_daily_result_pdf
202205020609,2022,東京,2,6,9,2022-05-08,https://www.jra.go.jp/datafile/seiseki/report/2022/2022-2tokyo6.pdf,official_daily_result_pdf
202205020610,2022,東京,2,6,10,2022-05-08,https://www.jra.go.jp/datafile/seiseki/report/2022/2022-2tokyo6.pdf,official_daily_result_pdf
202205020611,2022,東京,2,6,11,2022-05-08,https://www.jra.go.jp/datafile/seiseki/report/2022/2022-2tokyo6.pdf,official_daily_result_pdf
202205020612,2022,東京,2,6,12,2022-05-08,https://www.jra.go.jp/datafile/seiseki/report/2022/2022-2tokyo6.pdf,official_daily_result_pdf
202205020701,2022,東京,2,7,1,2022-05-14,https://www.jra.go.jp/datafile/seiseki/report/2022/2022-2tokyo7.pdf,official_daily_result_pdf
202205020702,2022,東京,2,7,2,2022-05-14,https://www.jra.go.jp/datafile/seiseki/report/2022/2022-2tokyo7.pdf,official_daily_result_pdf
202205020703,2022,東京,2,7,3,2022-05-14,https://www.jra.go.jp/datafile/seiseki/report/2022/2022-2tokyo7.pdf,official_daily_result_pdf
202205020704,2022,東京,2,7,4,2022-05-14,https://www.jra.go.jp/datafile/seiseki/report/2022/2022-2tokyo7.pdf,official_daily_result_pdf
202205020705,2022,東京,2,7,5,2022-05-14,https://www.jra.go.jp/datafile/seiseki/report/2022/2022-2tokyo7.pdf,official_daily_result_pdf
202205020706,2022,東京,2,7,6,2022-05-14,https://www.jra.go.jp/datafile/seiseki/report/2022/2022-2tokyo7.pdf,official_daily_result_pdf
202205020707,2022,東京,2,7,7,2022-05-14,https://www.jra.go.jp/datafile/seiseki/report/2022/2022-2tokyo7.pdf,official_daily_result_pdf
202205020708,2022,東京,2,7,8,2022-05-14,https://www.jra.go.jp/datafile/seiseki/report/2022/2022-2tokyo7.pdf,official_daily_result_pdf
202205020709,2022,東京,2,7,9,2022-05-14,https://www.jra.go.jp/datafile/seiseki/report/2022/2022-2tokyo7.pdf,official_daily_result_pdf
202205020710,2022,東京,2,7,10,2022-05-14,https://www.jra.go.jp/datafile/seiseki/report/2022/2022-2tokyo7.pdf,official_daily_result_pdf
202205020711,2022,東京,2,7,11,2022-05-14,https://www.jra.go.jp/datafile/seiseki/report/2022/2022-2tokyo7.pdf,official_daily_result_pdf
202205020712,2022,東京,2,7,12,2022-05-14,https://www.jra.go.jp/datafile/seiseki/report/2022/2022-2tokyo7.pdf,official_daily_result_pdf
202205020801,2022,東京,2,8,1,2022-05-15,https://www.jra.go.jp/datafile/seiseki/report/2022/2022-2tokyo8.pdf,official_daily_result_pdf
202205020802,2022,東京,2,8,2,2022-05-15,https://www.jra.go.jp/datafile/seiseki/report/2022/2022-2tokyo8.pdf,official_daily_result_pdf
202205020803,2022,東京,2,8,3,2022-05-15,https://www.jra.go.jp/datafile/seiseki/report/2022/2022-2tokyo8.pdf,official_daily_result_pdf
202205020804,2022,東京,2,8,4,2022-05-15,https://www.jra.go.jp/datafile/seiseki/report/2022/2022-2tokyo8.pdf,official_daily_result_pdf
202205020805,2022,東京,2,8,5,2022-05-15,https://www.jra.go.jp/datafile/seiseki/report/2022/2022-2tokyo8.pdf,official_daily_result_pdf
202205020806,2022,東京,2,8,6,2022-05-15,https://www.jra.go.jp/datafile/seiseki/report/2022/2022-2tokyo8.pdf,official_daily_result_pdf
202205020807,2022,東京,2,8,7,2022-05-15,https://www.jra.go.jp/datafile/seiseki/report/2022/2022-2tokyo8.pdf,official_daily_result_pdf
202205020808,2022,東京,2,8,8,2022-05-15,https://www.jra.go.jp/datafile/seiseki/report/2022/2022-2tokyo8.pdf,official_daily_result_pdf
202205020809,2022,東京,2,8,9,2022-05-15,https://www.jra.go.jp/datafile/seiseki/report/2022/2022-2tokyo8.pdf,official_daily_result_pdf
202205020810,2022,東京,2,8,10,2022-05-15,https://www.jra.go.jp/datafile/seiseki/report/2022/2022-2tokyo8.pdf,official_daily_result_pdf
202205020811,2022,東京,2,8,11,2022-05-15,https://www.jra.go.jp/datafile/seiseki/report/2022/2022-2tokyo8.pdf,official_daily_result_pdf
202205020812,2022,東京,2,8,12,2022-05-15,https://www.jra.go.jp/datafile/seiseki/report/2022/2022-2tokyo8.pdf,official_daily_result_pdf
202205020901,2022,東京,2,9,1,2022-05-21,https://www.jra.go.jp/datafile/seiseki/report/2022/2022-2tokyo9.pdf,official_daily_result_pdf
202205020902,2022,東京,2,9,2,2022-05-21,https://www.jra.go.jp/datafile/seiseki/report/2022/2022-2tokyo9.pdf,official_daily_result_pdf
202205020903,2022,東京,2,9,3,2022-05-21,https://www.jra.go.jp/datafile/seiseki/report/2022/2022-2tokyo9.pdf,official_daily_result_pdf
202205020904,2022,東京,2,9,4,2022-05-21,https://www.jra.go.jp/datafile/seiseki/report/2022/2022-2tokyo9.pdf,official_daily_result_pdf
202205020905,2022,東京,2,9,5,2022-05-21,https://www.jra.go.jp/datafile/seiseki/report/2022/2022-2tokyo9.pdf,official_daily_result_pdf
202205020906,2022,東京,2,9,6,2022-05-21,https://www.jra.go.jp/datafile/seiseki/report/2022/2022-2tokyo9.pdf,official_daily_result_pdf
202205020907,2022,東京,2,9,7,2022-05-21,https://www.jra.go.jp/datafile/seiseki/report/2022/2022-2tokyo9.pdf,official_daily_result_pdf
202205020908,2022,東京,2,9,8,2022-05-21,https://www.jra.go.jp/datafile/seiseki/report/2022/2022-2tokyo9.pdf,official_daily_result_pdf
202205020909,2022,東京,2,9,9,2022-05-21,https://www.jra.go.jp/datafile/seiseki/report/2022/2022-2tokyo9.pdf,official_daily_result_pdf
202205020910,2022,東京,2,9,10,2022-05-21,https://www.jra.go.jp/datafile/seiseki/report/2022/2022-2tokyo9.pdf,official_daily_result_pdf
202205020911,2022,東京,2,9,11,2022-05-21,https://www.jra.go.jp/datafile/seiseki/report/2022/2022-2tokyo9.pdf,official_daily_result_pdf
202205020912,2022,東京,2,9,12,2022-05-21,https://www.jra.go.jp/datafile/seiseki/report/2022/2022-2tokyo9.pdf,official_daily_result_pdf
202205021001,2022,東京,2,10,1,2022-05-22,https://www.jra.go.jp/datafile/seiseki/report/2022/2022-2tokyo10.pdf,official_daily_result_pdf
202205021002,2022,東京,2,10,2,2022-05-22,https://www.jra.go.jp/datafile/seiseki/report/2022/2022-2tokyo10.pdf,official_daily_result_pdf
202205021003,2022,東京,2,10,3,2022-05-22,https://www.jra.go.jp/datafile/seiseki/report/2022/2022-2tokyo10.pdf,official_daily_result_pdf
202205021004,2022,東京,2,10,4,2022-05-22,https://www.jra.go.jp/datafile/seiseki/report/2022/2022-2tokyo10.pdf,official_daily_result_pdf
202205021005,2022,東京,2,10,5,2022-05-22,https://www.jra.go.jp/datafile/seiseki/report/2022/2022-2tokyo10.pdf,official_daily_result_pdf
202205021006,2022,東京,2,10,6,2022-05-22,https://www.jra.go.jp/datafile/seiseki/report/2022/2022-2tokyo10.pdf,official_daily_result_pdf
202205021007,2022,東京,2,10,7,2022-05-22,https://www.jra.go.jp/datafile/seiseki/report/2022/2022-2tokyo10.pdf,official_daily_result_pdf
202205021008,2022,東京,2,10,8,2022-05-22,https://www.jra.go.jp/datafile/seiseki/report/2022/2022-2tokyo10.pdf,official_daily_result_pdf
202205021009,2022,東京,2,10,9,2022-05-22,https://www.jra.go.jp/datafile/seiseki/report/2022/2022-2tokyo10.pdf,official_daily_result_pdf
202205021010,2022,東京,2,10,10,2022-05-22,https://www.jra.go.jp/datafile/seiseki/report/2022/2022-2tokyo10.pdf,official_daily_result_pdf
202205021011,2022,東京,2,10,11,2022-05-22,https://www.jra.go.jp/datafile/seiseki/report/2022/2022-2tokyo10.pdf,official_daily_result_pdf
202205021012,2022,東京,2,10,12,2022-05-22,https://www.jra.go.jp/datafile/seiseki/report/2022/2022-2tokyo10.pdf,official_daily_result_pdf
202205021101,2022,東京,2,11,1,2022-05-28,https://www.jra.go.jp/datafile/seiseki/report/2022/2022-2tokyo11.pdf,official_daily_result_pdf
202205021102,2022,東京,2,11,2,2022-05-28,https://www.jra.go.jp/datafile/seiseki/report/2022/2022-2tokyo11.pdf,official_daily_result_pdf
202205021103,2022,東京,2,11,3,2022-05-28,https://www.jra.go.jp/datafile/seiseki/report/2022/2022-2tokyo11.pdf,official_daily_result_pdf
202205021104,2022,東京,2,11,4,2022-05-28,https://www.jra.go.jp/datafile/seiseki/report/2022/2022-2tokyo11.pdf,official_daily_result_pdf
202205021105,2022,東京,2,11,5,2022-05-28,https://www.jra.go.jp/datafile/seiseki/report/2022/2022-2tokyo11.pdf,official_daily_result_pdf
202205021106,2022,東京,2,11,6,2022-05-28,https://www.jra.go.jp/datafile/seiseki/report/2022/2022-2tokyo11.pdf,official_daily_result_pdf
202205021107,2022,東京,2,11,7,2022-05-28,https://www.jra.go.jp/datafile/seiseki/report/2022/2022-2tokyo11.pdf,official_daily_result_pdf
202205021108,2022,東京,2,11,8,2022-05-28,https://www.jra.go.jp/datafile/seiseki/report/2022/2022-2tokyo11.pdf,official_daily_result_pdf
202205021109,2022,東京,2,11,9,2022-05-28,https://www.jra.go.jp/datafile/seiseki/report/2022/2022-2tokyo11.pdf,official_daily_result_pdf
202205021110,2022,東京,2,11,10,2022-05-28,https://www.jra.go.jp/datafile/seiseki/report/2022/2022-2tokyo11.pdf,official_daily_result_pdf
202205021111,2022,東京,2,11,11,2022-05-28,https://www.jra.go.jp/datafile/seiseki/report/2022/2022-2tokyo11.pdf,official_daily_result_pdf
202205021112,2022,東京,2,11,12,2022-05-28,https://www.jra.go.jp/datafile/seiseki/report/2022/2022-2tokyo11.pdf,official_daily_result_pdf
202205021201,2022,東京,2,12,1,2022-05-29,https://www.jra.go.jp/datafile/seiseki/report/2022/2022-2tokyo12.pdf,official_daily_result_pdf
202205021202,2022,東京,2,12,2,2022-05-29,https://www.jra.go.jp/datafile/seiseki/report/2022/2022-2tokyo12.pdf,official_daily_result_pdf
202205021203,2022,東京,2,12,3,2022-05-29,https://www.jra.go.jp/datafile/seiseki/report/2022/2022-2tokyo12.pdf,official_daily_result_pdf
202205021204,2022,東京,2,12,4,2022-05-29,https://www.jra.go.jp/datafile/seiseki/report/2022/2022-2tokyo12.pdf,official_daily_result_pdf
202205021205,2022,東京,2,12,5,2022-05-29,https://www.jra.go.jp/datafile/seiseki/report/2022/2022-2tokyo12.pdf,official_daily_result_pdf
202205021206,2022,東京,2,12,6,2022-05-29,https://www.jra.go.jp/datafile/seiseki/report/2022/2022-2tokyo12.pdf,official_daily_result_pdf
202205021207,2022,東京,2,12,7,2022-05-29,https://www.jra.go.jp/datafile/seiseki/report/2022/2022-2tokyo12.pdf,official_daily_result_pdf
202205021208,2022,東京,2,12,8,2022-05-29,https://www.jra.go.jp/datafile/seiseki/report/2022/2022-2tokyo12.pdf,official_daily_result_pdf
202205021209,2022,東京,2,12,9,2022-05-29,https://www.jra.go.jp/datafile/seiseki/report/2022/2022-2tokyo12.pdf,official_daily_result_pdf
202205021210,2022,東京,2,12,10,2022-05-29,https://www.jra.go.jp/datafile/seiseki/report/2022/2022-2tokyo12.pdf,official_daily_result_pdf
202205021211,2022,東京,2,12,11,2022-05-29,https://www.jra.go.jp/datafile/seiseki/report/2022/2022-2tokyo12.pdf,official_daily_result_pdf
202205021212,2022,東京,2,12,12,2022-05-29,https://www.jra.go.jp/datafile/seiseki/report/2022/2022-2tokyo12.pdf,official_daily_result_pdf
202205030101,2022,東京,3,1,1,2022-06-04,https://www.jra.go.jp/datafile/seiseki/report/2022/2022-3tokyo1.pdf,official_daily_result_pdf
202205030102,2022,東京,3,1,2,2022-06-04,https://www.jra.go.jp/datafile/seiseki/report/2022/2022-3tokyo1.pdf,official_daily_result_pdf
202205030103,2022,東京,3,1,3,2022-06-04,https://www.jra.go.jp/datafile/seiseki/report/2022/2022-3tokyo1.pdf,official_daily_result_pdf
202205030104,2022,東京,3,1,4,2022-06-04,https://www.jra.go.jp/datafile/seiseki/report/2022/2022-3tokyo1.pdf,official_daily_result_pdf
202205030105,2022,東京,3,1,5,2022-06-04,https://www.jra.go.jp/datafile/seiseki/report/2022/2022-3tokyo1.pdf,official_daily_result_pdf
202205030106,2022,東京,3,1,6,2022-06-04,https://www.jra.go.jp/datafile/seiseki/report/2022/2022-3tokyo1.pdf,official_daily_result_pdf
202205030107,2022,東京,3,1,7,2022-06-04,https://www.jra.go.jp/datafile/seiseki/report/2022/2022-3tokyo1.pdf,official_daily_result_pdf
202205030108,2022,東京,3,1,8,2022-06-04,https://www.jra.go.jp/datafile/seiseki/report/2022/2022-3tokyo1.pdf,official_daily_result_pdf
202205030109,2022,東京,3,1,9,2022-06-04,https://www.jra.go.jp/datafile/seiseki/report/2022/2022-3tokyo1.pdf,official_daily_result_pdf
202205030110,2022,東京,3,1,10,2022-06-04,https://www.jra.go.jp/datafile/seiseki/report/2022/2022-3tokyo1.pdf,official_daily_result_pdf
202205030111,2022,東京,3,1,11,2022-06-04,https://www.jra.go.jp/datafile/seiseki/report/2022/2022-3tokyo1.pdf,official_daily_result_pdf
202205030112,2022,東京,3,1,12,2022-06-04,https://www.jra.go.jp/datafile/seiseki/report/2022/2022-3tokyo1.pdf,official_daily_result_pdf
202205030201,2022,東京,3,2,1,2022-06-05,https://www.jra.go.jp/datafile/seiseki/report/2022/2022-3tokyo2.pdf,official_daily_result_pdf
202205030202,2022,東京,3,2,2,2022-06-05,https://www.jra.go.jp/datafile/seiseki/report/2022/2022-3tokyo2.pdf,official_daily_result_pdf
202205030203,2022,東京,3,2,3,2022-06-05,https://www.jra.go.jp/datafile/seiseki/report/2022/2022-3tokyo2.pdf,official_daily_result_pdf
202205030204,2022,東京,3,2,4,2022-06-05,https://www.jra.go.jp/datafile/seiseki/report/2022/2022-3tokyo2.pdf,official_daily_result_pdf
202205030205,2022,東京,3,2,5,2022-06-05,https://www.jra.go.jp/datafile/seiseki/report/2022/2022-3tokyo2.pdf,official_daily_result_pdf
202205030206,2022,東京,3,2,6,2022-06-05,https://www.jra.go.jp/datafile/seiseki/report/2022/2022-3tokyo2.pdf,official_daily_result_pdf
202205030207,2022,東京,3,2,7,2022-06-05,https://www.jra.go.jp/datafile/seiseki/report/2022/2022-3tokyo2.pdf,official_daily_result_pdf
202205030208,2022,東京,3,2,8,2022-06-05,https://www.jra.go.jp/datafile/seiseki/report/2022/2022-3tokyo2.pdf,official_daily_result_pdf
202205030209,2022,東京,3,2,9,2022-06-05,https://www.jra.go.jp/datafile/seiseki/report/2022/2022-3tokyo2.pdf,official_daily_result_pdf
202205030210,2022,東京,3,2,10,2022-06-05,https://www.jra.go.jp/datafile/seiseki/report/2022/2022-3tokyo2.pdf,official_daily_result_pdf
202205030211,2022,東京,3,2,11,2022-06-05,https://www.jra.go.jp/datafile/seiseki/report/2022/2022-3tokyo2.pdf,official_daily_result_pdf
202205030212,2022,東京,3,2,12,2022-06-05,https://www.jra.go.jp/datafile/seiseki/report/2022/2022-3tokyo2.pdf,official_daily_result_pdf
202205030301,2022,東京,3,3,1,2022-06-11,https://www.jra.go.jp/datafile/seiseki/report/2022/2022-3tokyo3.pdf,official_daily_result_pdf
202205030302,2022,東京,3,3,2,2022-06-11,https://www.jra.go.jp/datafile/seiseki/report/2022/2022-3tokyo3.pdf,official_daily_result_pdf
202205030303,2022,東京,3,3,3,2022-06-11,https://www.jra.go.jp/datafile/seiseki/report/2022/2022-3tokyo3.pdf,official_daily_result_pdf
202205030304,2022,東京,3,3,4,2022-06-11,https://www.jra.go.jp/datafile/seiseki/report/2022/2022-3tokyo3.pdf,official_daily_result_pdf
202205030305,2022,東京,3,3,5,2022-06-11,https://www.jra.go.jp/datafile/seiseki/report/2022/2022-3tokyo3.pdf,official_daily_result_pdf
202205030306,2022,東京,3,3,6,2022-06-11,https://www.jra.go.jp/datafile/seiseki/report/2022/2022-3tokyo3.pdf,official_daily_result_pdf
202205030307,2022,東京,3,3,7,2022-06-11,https://www.jra.go.jp/datafile/seiseki/report/2022/2022-3tokyo3.pdf,official_daily_result_pdf
202205030308,2022,東京,3,3,8,2022-06-11,https://www.jra.go.jp/datafile/seiseki/report/2022/2022-3tokyo3.pdf,official_daily_result_pdf
202205030309,2022,東京,3,3,9,2022-06-11,https://www.jra.go.jp/datafile/seiseki/report/2022/2022-3tokyo3.pdf,official_daily_result_pdf
202205030310,2022,東京,3,3,10,2022-06-11,https://www.jra.go.jp/datafile/seiseki/report/2022/2022-3tokyo3.pdf,official_daily_result_pdf
202205030311,2022,東京,3,3,11,2022-06-11,https://www.jra.go.jp/datafile/seiseki/report/2022/2022-3tokyo3.pdf,official_daily_result_pdf
202205030312,2022,東京,3,3,12,2022-06-11,https://www.jra.go.jp/datafile/seiseki/report/2022/2022-3tokyo3.pdf,official_daily_result_pdf
202205030401,2022,東京,3,4,1,2022-06-12,https://www.jra.go.jp/datafile/seiseki/report/2022/2022-3tokyo4.pdf,official_daily_result_pdf
202205030402,2022,東京,3,4,2,2022-06-12,https://www.jra.go.jp/datafile/seiseki/report/2022/2022-3tokyo4.pdf,official_daily_result_pdf
202205030403,2022,東京,3,4,3,2022-06-12,https://www.jra.go.jp/datafile/seiseki/report/2022/2022-3tokyo4.pdf,official_daily_result_pdf
202205030404,2022,東京,3,4,4,2022-06-12,https://www.jra.go.jp/datafile/seiseki/report/2022/2022-3tokyo4.pdf,official_daily_result_pdf
202205030405,2022,東京,3,4,5,2022-06-12,https://www.jra.go.jp/datafile/seiseki/report/2022/2022-3tokyo4.pdf,official_daily_result_pdf
202205030406,2022,東京,3,4,6,2022-06-12,https://www.jra.go.jp/datafile/seiseki/report/2022/2022-3tokyo4.pdf,official_daily_result_pdf
202205030407,2022,東京,3,4,7,2022-06-12,https://www.jra.go.jp/datafile/seiseki/report/2022/2022-3tokyo4.pdf,official_daily_result_pdf
202205030408,2022,東京,3,4,8,2022-06-12,https://www.jra.go.jp/datafile/seiseki/report/2022/2022-3tokyo4.pdf,official_daily_result_pdf
202205030409,2022,東京,3,4,9,2022-06-12,https://www.jra.go.jp/datafile/seiseki/report/2022/2022-3tokyo4.pdf,official_daily_result_pdf
202205030410,2022,東京,3,4,10,2022-06-12,https://www.jra.go.jp/datafile/seiseki/report/2022/2022-3tokyo4.pdf,official_daily_result_pdf
202205030411,2022,東京,3,4,11,2022-06-12,https://www.jra.go.jp/datafile/seiseki/report/2022/2022-3tokyo4.pdf,official_daily_result_pdf
202205030412,2022,東京,3,4,12,2022-06-12,https://www.jra.go.jp/datafile/seiseki/report/2022/2022-3tokyo4.pdf,official_daily_result_pdf
202205030501,2022,東京,3,5,1,2022-06-18,https://www.jra.go.jp/datafile/seiseki/report/2022/2022-3tokyo5.pdf,official_daily_result_pdf
202205030502,2022,東京,3,5,2,2022-06-18,https://www.jra.go.jp/datafile/seiseki/report/2022/2022-3tokyo5.pdf,official_daily_result_pdf
202205030503,2022,東京,3,5,3,2022-06-18,https://www.jra.go.jp/datafile/seiseki/report/2022/2022-3tokyo5.pdf,official_daily_result_pdf
202205030504,2022,東京,3,5,4,2022-06-18,https://www.jra.go.jp/datafile/seiseki/report/2022/2022-3tokyo5.pdf,official_daily_result_pdf
202205030505,2022,東京,3,5,5,2022-06-18,https://www.jra.go.jp/datafile/seiseki/report/2022/2022-3tokyo5.pdf,official_daily_result_pdf
202205030506,2022,東京,3,5,6,2022-06-18,https://www.jra.go.jp/datafile/seiseki/report/2022/2022-3tokyo5.pdf,official_daily_result_pdf
202205030507,2022,東京,3,5,7,2022-06-18,https://www.jra.go.jp/datafile/seiseki/report/2022/2022-3tokyo5.pdf,official_daily_result_pdf
202205030508,2022,東京,3,5,8,2022-06-18,https://www.jra.go.jp/datafile/seiseki/report/2022/2022-3tokyo5.pdf,official_daily_result_pdf
202205030509,2022,東京,3,5,9,2022-06-18,https://www.jra.go.jp/datafile/seiseki/report/2022/2022-3tokyo5.pdf,official_daily_result_pdf
202205030510,2022,東京,3,5,10,2022-06-18,https://www.jra.go.jp/datafile/seiseki/report/2022/2022-3tokyo5.pdf,official_daily_result_pdf
202205030511,2022,東京,3,5,11,2022-06-18,https://www.jra.go.jp/datafile/seiseki/report/2022/2022-3tokyo5.pdf,official_daily_result_pdf
202205030512,2022,東京,3,5,12,2022-06-18,https://www.jra.go.jp/datafile/seiseki/report/2022/2022-3tokyo5.pdf,official_daily_result_pdf
202205030601,2022,東京,3,6,1,2022-06-19,https://www.jra.go.jp/datafile/seiseki/report/2022/2022-3tokyo6.pdf,official_daily_result_pdf
202205030602,2022,東京,3,6,2,2022-06-19,https://www.jra.go.jp/datafile/seiseki/report/2022/2022-3tokyo6.pdf,official_daily_result_pdf
202205030603,2022,東京,3,6,3,2022-06-19,https://www.jra.go.jp/datafile/seiseki/report/2022/2022-3tokyo6.pdf,official_daily_result_pdf
202205030604,2022,東京,3,6,4,2022-06-19,https://www.jra.go.jp/datafile/seiseki/report/2022/2022-3tokyo6.pdf,official_daily_result_pdf
202205030605,2022,東京,3,6,5,2022-06-19,https://www.jra.go.jp/datafile/seiseki/report/2022/2022-3tokyo6.pdf,official_daily_result_pdf
202205030606,2022,東京,3,6,6,2022-06-19,https://www.jra.go.jp/datafile/seiseki/report/2022/2022-3tokyo6.pdf,official_daily_result_pdf
202205030607,2022,東京,3,6,7,2022-06-19,https://www.jra.go.jp/datafile/seiseki/report/2022/2022-3tokyo6.pdf,official_daily_result_pdf
202205030608,2022,東京,3,6,8,2022-06-19,https://www.jra.go.jp/datafile/seiseki/report/2022/2022-3tokyo6.pdf,official_daily_result_pdf
202205030609,2022,東京,3,6,9,2022-06-19,https://www.jra.go.jp/datafile/seiseki/report/2022/2022-3tokyo6.pdf,official_daily_result_pdf
202205030610,2022,東京,3,6,10,2022-06-19,https://www.jra.go.jp/datafile/seiseki/report/2022/2022-3tokyo6.pdf,official_daily_result_pdf
202205030611,2022,東京,3,6,11,2022-06-19,https://www.jra.go.jp/datafile/seiseki/report/2022/2022-3tokyo6.pdf,official_daily_result_pdf
202205030612,2022,東京,3,6,12,2022-06-19,https://www.jra.go.jp/datafile/seiseki/report/2022/2022-3tokyo6.pdf,official_daily_result_pdf
202205030701,2022,東京,3,7,1,2022-06-25,https://www.jra.go.jp/datafile/seiseki/report/2022/2022-3tokyo7.pdf,official_daily_result_pdf
202205030702,2022,東京,3,7,2,2022-06-25,https://www.jra.go.jp/datafile/seiseki/report/2022/2022-3tokyo7.pdf,official_daily_result_pdf
202205030703,2022,東京,3,7,3,2022-06-25,https://www.jra.go.jp/datafile/seiseki/report/2022/2022-3tokyo7.pdf,official_daily_result_pdf
202205030704,2022,東京,3,7,4,2022-06-25,https://www.jra.go.jp/datafile/seiseki/report/2022/2022-3tokyo7.pdf,official_daily_result_pdf
202205030705,2022,東京,3,7,5,2022-06-25,https://www.jra.go.jp/datafile/seiseki/report/2022/2022-3tokyo7.pdf,official_daily_result_pdf
202205030706,2022,東京,3,7,6,2022-06-25,https://www.jra.go.jp/datafile/seiseki/report/2022/2022-3tokyo7.pdf,official_daily_result_pdf
202205030707,2022,東京,3,7,7,2022-06-25,https://www.jra.go.jp/datafile/seiseki/report/2022/2022-3tokyo7.pdf,official_daily_result_pdf
202205030708,2022,東京,3,7,8,2022-06-25,https://www.jra.go.jp/datafile/seiseki/report/2022/2022-3tokyo7.pdf,official_daily_result_pdf
202205030709,2022,東京,3,7,9,2022-06-25,https://www.jra.go.jp/datafile/seiseki/report/2022/2022-3tokyo7.pdf,official_daily_result_pdf
202205030710,2022,東京,3,7,10,2022-06-25,https://www.jra.go.jp/datafile/seiseki/report/2022/2022-3tokyo7.pdf,official_daily_result_pdf
202205030711,2022,東京,3,7,11,2022-06-25,https://www.jra.go.jp/datafile/seiseki/report/2022/2022-3tokyo7.pdf,official_daily_result_pdf
202205030712,2022,東京,3,7,12,2022-06-25,https://www.jra.go.jp/datafile/seiseki/report/2022/2022-3tokyo7.pdf,official_daily_result_pdf
202205030801,2022,東京,3,8,1,2022-06-26,https://www.jra.go.jp/datafile/seiseki/report/2022/2022-3tokyo8.pdf,official_daily_result_pdf
202205030802,2022,東京,3,8,2,2022-06-26,https://www.jra.go.jp/datafile/seiseki/report/2022/2022-3tokyo8.pdf,official_daily_result_pdf
202205030803,2022,東京,3,8,3,2022-06-26,https://www.jra.go.jp/datafile/seiseki/report/2022/2022-3tokyo8.pdf,official_daily_result_pdf
202205030804,2022,東京,3,8,4,2022-06-26,https://www.jra.go.jp/datafile/seiseki/report/2022/2022-3tokyo8.pdf,official_daily_result_pdf
202205030805,2022,東京,3,8,5,2022-06-26,https://www.jra.go.jp/datafile/seiseki/report/2022/2022-3tokyo8.pdf,official_daily_result_pdf
202205030806,2022,東京,3,8,6,2022-06-26,https://www.jra.go.jp/datafile/seiseki/report/2022/2022-3tokyo8.pdf,official_daily_result_pdf
202205030807,2022,東京,3,8,7,2022-06-26,https://www.jra.go.jp/datafile/seiseki/report/2022/2022-3tokyo8.pdf,official_daily_result_pdf
202205030808,2022,東京,3,8,8,2022-06-26,https://www.jra.go.jp/datafile/seiseki/report/2022/2022-3tokyo8.pdf,official_daily_result_pdf
202205030809,2022,東京,3,8,9,2022-06-26,https://www.jra.go.jp/datafile/seiseki/report/2022/2022-3tokyo8.pdf,official_daily_result_pdf
202205030810,2022,東京,3,8,10,2022-06-26,https://www.jra.go.jp/datafile/seiseki/report/2022/2022-3tokyo8.pdf,official_daily_result_pdf
202205030811,2022,東京,3,8,11,2022-06-26,https://www.jra.go.jp/datafile/seiseki/report/2022/2022-3tokyo8.pdf,official_daily_result_pdf
202205030812,2022,東京,3,8,12,2022-06-26,https://www.jra.go.jp/datafile/seiseki/report/2022/2022-3tokyo8.pdf,official_daily_result_pdf
202205040101,2022,東京,4,1,1,2022-10-08,https://www.jra.go.jp/datafile/seiseki/report/2022/2022-4tokyo1.pdf,official_daily_result_pdf
202205040102,2022,東京,4,1,2,2022-10-08,https://www.jra.go.jp/datafile/seiseki/report/2022/2022-4tokyo1.pdf,official_daily_result_pdf
202205040103,2022,東京,4,1,3,2022-10-08,https://www.jra.go.jp/datafile/seiseki/report/2022/2022-4tokyo1.pdf,official_daily_result_pdf
202205040104,2022,東京,4,1,4,2022-10-08,https://www.jra.go.jp/datafile/seiseki/report/2022/2022-4tokyo1.pdf,official_daily_result_pdf
202205040105,2022,東京,4,1,5,2022-10-08,https://www.jra.go.jp/datafile/seiseki/report/2022/2022-4tokyo1.pdf,official_daily_result_pdf
202205040106,2022,東京,4,1,6,2022-10-08,https://www.jra.go.jp/datafile/seiseki/report/2022/2022-4tokyo1.pdf,official_daily_result_pdf
202205040107,2022,東京,4,1,7,2022-10-08,https://www.jra.go.jp/datafile/seiseki/report/2022/2022-4tokyo1.pdf,official_daily_result_pdf
202205040108,2022,東京,4,1,8,2022-10-08,https://www.jra.go.jp/datafile/seiseki/report/2022/2022-4tokyo1.pdf,official_daily_result_pdf
202205040109,2022,東京,4,1,9,2022-10-08,https://www.jra.go.jp/datafile/seiseki/report/2022/2022-4tokyo1.pdf,official_daily_result_pdf
202205040110,2022,東京,4,1,10,2022-10-08,https://www.jra.go.jp/datafile/seiseki/report/2022/2022-4tokyo1.pdf,official_daily_result_pdf
202205040111,2022,東京,4,1,11,2022-10-08,https://www.jra.go.jp/datafile/seiseki/report/2022/2022-4tokyo1.pdf,official_daily_result_pdf
202205040112,2022,東京,4,1,12,2022-10-08,https://www.jra.go.jp/datafile/seiseki/report/2022/2022-4tokyo1.pdf,official_daily_result_pdf
202205040201,2022,東京,4,2,1,2022-10-09,https://www.jra.go.jp/datafile/seiseki/report/2022/2022-4tokyo2.pdf,official_daily_result_pdf
202205040202,2022,東京,4,2,2,2022-10-09,https://www.jra.go.jp/datafile/seiseki/report/2022/2022-4tokyo2.pdf,official_daily_result_pdf
202205040203,2022,東京,4,2,3,2022-10-09,https://www.jra.go.jp/datafile/seiseki/report/2022/2022-4tokyo2.pdf,official_daily_result_pdf
202205040204,2022,東京,4,2,4,2022-10-09,https://www.jra.go.jp/datafile/seiseki/report/2022/2022-4tokyo2.pdf,official_daily_result_pdf
202205040205,2022,東京,4,2,5,2022-10-09,https://www.jra.go.jp/datafile/seiseki/report/2022/2022-4tokyo2.pdf,official_daily_result_pdf
202205040206,2022,東京,4,2,6,2022-10-09,https://www.jra.go.jp/datafile/seiseki/report/2022/2022-4tokyo2.pdf,official_daily_result_pdf
202205040207,2022,東京,4,2,7,2022-10-09,https://www.jra.go.jp/datafile/seiseki/report/2022/2022-4tokyo2.pdf,official_daily_result_pdf
202205040208,2022,東京,4,2,8,2022-10-09,https://www.jra.go.jp/datafile/seiseki/report/2022/2022-4tokyo2.pdf,official_daily_result_pdf
202205040209,2022,東京,4,2,9,2022-10-09,https://www.jra.go.jp/datafile/seiseki/report/2022/2022-4tokyo2.pdf,official_daily_result_pdf
202205040210,2022,東京,4,2,10,2022-10-09,https://www.jra.go.jp/datafile/seiseki/report/2022/2022-4tokyo2.pdf,official_daily_result_pdf
202205040211,2022,東京,4,2,11,2022-10-09,https://www.jra.go.jp/datafile/seiseki/report/2022/2022-4tokyo2.pdf,official_daily_result_pdf
202205040212,2022,東京,4,2,12,2022-10-09,https://www.jra.go.jp/datafile/seiseki/report/2022/2022-4tokyo2.pdf,official_daily_result_pdf
202205040301,2022,東京,4,3,1,2022-10-10,https://www.jra.go.jp/datafile/seiseki/report/2022/2022-4tokyo3.pdf,official_daily_result_pdf
202205040302,2022,東京,4,3,2,2022-10-10,https://www.jra.go.jp/datafile/seiseki/report/2022/2022-4tokyo3.pdf,official_daily_result_pdf
202205040303,2022,東京,4,3,3,2022-10-10,https://www.jra.go.jp/datafile/seiseki/report/2022/2022-4tokyo3.pdf,official_daily_result_pdf
202205040304,2022,東京,4,3,4,2022-10-10,https://www.jra.go.jp/datafile/seiseki/report/2022/2022-4tokyo3.pdf,official_daily_result_pdf
202205040305,2022,東京,4,3,5,2022-10-10,https://www.jra.go.jp/datafile/seiseki/report/2022/2022-4tokyo3.pdf,official_daily_result_pdf
202205040306,2022,東京,4,3,6,2022-10-10,https://www.jra.go.jp/datafile/seiseki/report/2022/2022-4tokyo3.pdf,official_daily_result_pdf
202205040307,2022,東京,4,3,7,2022-10-10,https://www.jra.go.jp/datafile/seiseki/report/2022/2022-4tokyo3.pdf,official_daily_result_pdf
202205040308,2022,東京,4,3,8,2022-10-10,https://www.jra.go.jp/datafile/seiseki/report/2022/2022-4tokyo3.pdf,official_daily_result_pdf
202205040309,2022,東京,4,3,9,2022-10-10,https://www.jra.go.jp/datafile/seiseki/report/2022/2022-4tokyo3.pdf,official_daily_result_pdf
202205040310,2022,東京,4,3,10,2022-10-10,https://www.jra.go.jp/datafile/seiseki/report/2022/2022-4tokyo3.pdf,official_daily_result_pdf
202205040311,2022,東京,4,3,11,2022-10-10,https://www.jra.go.jp/datafile/seiseki/report/2022/2022-4tokyo3.pdf,official_daily_result_pdf
202205040312,2022,東京,4,3,12,2022-10-10,https://www.jra.go.jp/datafile/seiseki/report/2022/2022-4tokyo3.pdf,official_daily_result_pdf
202205040401,2022,東京,4,4,1,2022-10-15,https://www.jra.go.jp/datafile/seiseki/report/2022/2022-4tokyo4.pdf,official_daily_result_pdf
202205040402,2022,東京,4,4,2,2022-10-15,https://www.jra.go.jp/datafile/seiseki/report/2022/2022-4tokyo4.pdf,official_daily_result_pdf
202205040403,2022,東京,4,4,3,2022-10-15,https://www.jra.go.jp/datafile/seiseki/report/2022/2022-4tokyo4.pdf,official_daily_result_pdf
202205040404,2022,東京,4,4,4,2022-10-15,https://www.jra.go.jp/datafile/seiseki/report/2022/2022-4tokyo4.pdf,official_daily_result_pdf
202205040405,2022,東京,4,4,5,2022-10-15,https://www.jra.go.jp/datafile/seiseki/report/2022/2022-4tokyo4.pdf,official_daily_result_pdf
202205040406,2022,東京,4,4,6,2022-10-15,https://www.jra.go.jp/datafile/seiseki/report/2022/2022-4tokyo4.pdf,official_daily_result_pdf
202205040407,2022,東京,4,4,7,2022-10-15,https://www.jra.go.jp/datafile/seiseki/report/2022/2022-4tokyo4.pdf,official_daily_result_pdf
202205040408,2022,東京,4,4,8,2022-10-15,https://www.jra.go.jp/datafile/seiseki/report/2022/2022-4tokyo4.pdf,official_daily_result_pdf
202205040409,2022,東京,4,4,9,2022-10-15,https://www.jra.go.jp/datafile/seiseki/report/2022/2022-4tokyo4.pdf,official_daily_result_pdf
202205040410,2022,東京,4,4,10,2022-10-15,https://www.jra.go.jp/datafile/seiseki/report/2022/2022-4tokyo4.pdf,official_daily_result_pdf
202205040411,2022,東京,4,4,11,2022-10-15,https://www.jra.go.jp/datafile/seiseki/report/2022/2022-4tokyo4.pdf,official_daily_result_pdf
202205040412,2022,東京,4,4,12,2022-10-15,https://www.jra.go.jp/datafile/seiseki/report/2022/2022-4tokyo4.pdf,official_daily_result_pdf
202205040501,2022,東京,4,5,1,2022-10-16,https://www.jra.go.jp/datafile/seiseki/report/2022/2022-4tokyo5.pdf,official_daily_result_pdf
202205040502,2022,東京,4,5,2,2022-10-16,https://www.jra.go.jp/datafile/seiseki/report/2022/2022-4tokyo5.pdf,official_daily_result_pdf
202205040503,2022,東京,4,5,3,2022-10-16,https://www.jra.go.jp/datafile/seiseki/report/2022/2022-4tokyo5.pdf,official_daily_result_pdf
202205040504,2022,東京,4,5,4,2022-10-16,https://www.jra.go.jp/datafile/seiseki/report/2022/2022-4tokyo5.pdf,official_daily_result_pdf
202205040505,2022,東京,4,5,5,2022-10-16,https://www.jra.go.jp/datafile/seiseki/report/2022/2022-4tokyo5.pdf,official_daily_result_pdf
202205040506,2022,東京,4,5,6,2022-10-16,https://www.jra.go.jp/datafile/seiseki/report/2022/2022-4tokyo5.pdf,official_daily_result_pdf
202205040507,2022,東京,4,5,7,2022-10-16,https://www.jra.go.jp/datafile/seiseki/report/2022/2022-4tokyo5.pdf,official_daily_result_pdf
202205040508,2022,東京,4,5,8,2022-10-16,https://www.jra.go.jp/datafile/seiseki/report/2022/2022-4tokyo5.pdf,official_daily_result_pdf
202205040509,2022,東京,4,5,9,2022-10-16,https://www.jra.go.jp/datafile/seiseki/report/2022/2022-4tokyo5.pdf,official_daily_result_pdf
202205040510,2022,東京,4,5,10,2022-10-16,https://www.jra.go.jp/datafile/seiseki/report/2022/2022-4tokyo5.pdf,official_daily_result_pdf
202205040511,2022,東京,4,5,11,2022-10-16,https://www.jra.go.jp/datafile/seiseki/report/2022/2022-4tokyo5.pdf,official_daily_result_pdf
202205040512,2022,東京,4,5,12,2022-10-16,https://www.jra.go.jp/datafile/seiseki/report/2022/2022-4tokyo5.pdf,official_daily_result_pdf
202205040601,2022,東京,4,6,1,2022-10-22,https://www.jra.go.jp/datafile/seiseki/report/2022/2022-4tokyo6.pdf,official_daily_result_pdf
202205040602,2022,東京,4,6,2,2022-10-22,https://www.jra.go.jp/datafile/seiseki/report/2022/2022-4tokyo6.pdf,official_daily_result_pdf
202205040603,2022,東京,4,6,3,2022-10-22,https://www.jra.go.jp/datafile/seiseki/report/2022/2022-4tokyo6.pdf,official_daily_result_pdf
202205040604,2022,東京,4,6,4,2022-10-22,https://www.jra.go.jp/datafile/seiseki/report/2022/2022-4tokyo6.pdf,official_daily_result_pdf
202205040605,2022,東京,4,6,5,2022-10-22,https://www.jra.go.jp/datafile/seiseki/report/2022/2022-4tokyo6.pdf,official_daily_result_pdf
202205040606,2022,東京,4,6,6,2022-10-22,https://www.jra.go.jp/datafile/seiseki/report/2022/2022-4tokyo6.pdf,official_daily_result_pdf
202205040607,2022,東京,4,6,7,2022-10-22,https://www.jra.go.jp/datafile/seiseki/report/2022/2022-4tokyo6.pdf,official_daily_result_pdf
202205040608,2022,東京,4,6,8,2022-10-22,https://www.jra.go.jp/datafile/seiseki/report/2022/2022-4tokyo6.pdf,official_daily_result_pdf
202205040609,2022,東京,4,6,9,2022-10-22,https://www.jra.go.jp/datafile/seiseki/report/2022/2022-4tokyo6.pdf,official_daily_result_pdf
202205040610,2022,東京,4,6,10,2022-10-22,https://www.jra.go.jp/datafile/seiseki/report/2022/2022-4tokyo6.pdf,official_daily_result_pdf
202205040611,2022,東京,4,6,11,2022-10-22,https://www.jra.go.jp/datafile/seiseki/report/2022/2022-4tokyo6.pdf,official_daily_result_pdf
202205040612,2022,東京,4,6,12,2022-10-22,https://www.jra.go.jp/datafile/seiseki/report/2022/2022-4tokyo6.pdf,official_daily_result_pdf
202205040701,2022,東京,4,7,1,2022-10-23,https://www.jra.go.jp/datafile/seiseki/report/2022/2022-4tokyo7.pdf,official_daily_result_pdf
202205040702,2022,東京,4,7,2,2022-10-23,https://www.jra.go.jp/datafile/seiseki/report/2022/2022-4tokyo7.pdf,official_daily_result_pdf
202205040703,2022,東京,4,7,3,2022-10-23,https://www.jra.go.jp/datafile/seiseki/report/2022/2022-4tokyo7.pdf,official_daily_result_pdf
202205040704,2022,東京,4,7,4,2022-10-23,https://www.jra.go.jp/datafile/seiseki/report/2022/2022-4tokyo7.pdf,official_daily_result_pdf
202205040705,2022,東京,4,7,5,2022-10-23,https://www.jra.go.jp/datafile/seiseki/report/2022/2022-4tokyo7.pdf,official_daily_result_pdf
202205040706,2022,東京,4,7,6,2022-10-23,https://www.jra.go.jp/datafile/seiseki/report/2022/2022-4tokyo7.pdf,official_daily_result_pdf
202205040707,2022,東京,4,7,7,2022-10-23,https://www.jra.go.jp/datafile/seiseki/report/2022/2022-4tokyo7.pdf,official_daily_result_pdf
202205040708,2022,東京,4,7,8,2022-10-23,https://www.jra.go.jp/datafile/seiseki/report/2022/2022-4tokyo7.pdf,official_daily_result_pdf
202205040709,2022,東京,4,7,9,2022-10-23,https://www.jra.go.jp/datafile/seiseki/report/2022/2022-4tokyo7.pdf,official_daily_result_pdf
202205040710,2022,東京,4,7,10,2022-10-23,https://www.jra.go.jp/datafile/seiseki/report/2022/2022-4tokyo7.pdf,official_daily_result_pdf
202205040711,2022,東京,4,7,11,2022-10-23,https://www.jra.go.jp/datafile/seiseki/report/2022/2022-4tokyo7.pdf,official_daily_result_pdf
202205040712,2022,東京,4,7,12,2022-10-23,https://www.jra.go.jp/datafile/seiseki/report/2022/2022-4tokyo7.pdf,official_daily_result_pdf
202205040801,2022,東京,4,8,1,2022-10-29,https://www.jra.go.jp/datafile/seiseki/report/2022/2022-4tokyo8.pdf,official_daily_result_pdf
202205040802,2022,東京,4,8,2,2022-10-29,https://www.jra.go.jp/datafile/seiseki/report/2022/2022-4tokyo8.pdf,official_daily_result_pdf
202205040803,2022,東京,4,8,3,2022-10-29,https://www.jra.go.jp/datafile/seiseki/report/2022/2022-4tokyo8.pdf,official_daily_result_pdf
202205040804,2022,東京,4,8,4,2022-10-29,https://www.jra.go.jp/datafile/seiseki/report/2022/2022-4tokyo8.pdf,official_daily_result_pdf
202205040805,2022,東京,4,8,5,2022-10-29,https://www.jra.go.jp/datafile/seiseki/report/2022/2022-4tokyo8.pdf,official_daily_result_pdf
202205040806,2022,東京,4,8,6,2022-10-29,https://www.jra.go.jp/datafile/seiseki/report/2022/2022-4tokyo8.pdf,official_daily_result_pdf
202205040807,2022,東京,4,8,7,2022-10-29,https://www.jra.go.jp/datafile/seiseki/report/2022/2022-4tokyo8.pdf,official_daily_result_pdf
202205040808,2022,東京,4,8,8,2022-10-29,https://www.jra.go.jp/datafile/seiseki/report/2022/2022-4tokyo8.pdf,official_daily_result_pdf
202205040809,2022,東京,4,8,9,2022-10-29,https://www.jra.go.jp/datafile/seiseki/report/2022/2022-4tokyo8.pdf,official_daily_result_pdf
202205040810,2022,東京,4,8,10,2022-10-29,https://www.jra.go.jp/datafile/seiseki/report/2022/2022-4tokyo8.pdf,official_daily_result_pdf
202205040811,2022,東京,4,8,11,2022-10-29,https://www.jra.go.jp/datafile/seiseki/report/2022/2022-4tokyo8.pdf,official_daily_result_pdf
202205040812,2022,東京,4,8,12,2022-10-29,https://www.jra.go.jp/datafile/seiseki/report/2022/2022-4tokyo8.pdf,official_daily_result_pdf
202205040901,2022,東京,4,9,1,2022-10-30,https://www.jra.go.jp/datafile/seiseki/report/2022/2022-4tokyo9.pdf,official_daily_result_pdf
202205040902,2022,東京,4,9,2,2022-10-30,https://www.jra.go.jp/datafile/seiseki/report/2022/2022-4tokyo9.pdf,official_daily_result_pdf
202205040903,2022,東京,4,9,3,2022-10-30,https://www.jra.go.jp/datafile/seiseki/report/2022/2022-4tokyo9.pdf,official_daily_result_pdf
202205040904,2022,東京,4,9,4,2022-10-30,https://www.jra.go.jp/datafile/seiseki/report/2022/2022-4tokyo9.pdf,official_daily_result_pdf
202205040905,2022,東京,4,9,5,2022-10-30,https://www.jra.go.jp/datafile/seiseki/report/2022/2022-4tokyo9.pdf,official_daily_result_pdf
202205040906,2022,東京,4,9,6,2022-10-30,https://www.jra.go.jp/datafile/seiseki/report/2022/2022-4tokyo9.pdf,official_daily_result_pdf
202205040907,2022,東京,4,9,7,2022-10-30,https://www.jra.go.jp/datafile/seiseki/report/2022/2022-4tokyo9.pdf,official_daily_result_pdf
202205040908,2022,東京,4,9,8,2022-10-30,https://www.jra.go.jp/datafile/seiseki/report/2022/2022-4tokyo9.pdf,official_daily_result_pdf
202205040909,2022,東京,4,9,9,2022-10-30,https://www.jra.go.jp/datafile/seiseki/report/2022/2022-4tokyo9.pdf,official_daily_result_pdf
202205040910,2022,東京,4,9,10,2022-10-30,https://www.jra.go.jp/datafile/seiseki/report/2022/2022-4tokyo9.pdf,official_daily_result_pdf
202205040911,2022,東京,4,9,11,2022-10-30,https://www.jra.go.jp/datafile/seiseki/report/2022/2022-4tokyo9.pdf,official_daily_result_pdf
202205040912,2022,東京,4,9,12,2022-10-30,https://www.jra.go.jp/datafile/seiseki/report/2022/2022-4tokyo9.pdf,official_daily_result_pdf
202205050101,2022,東京,5,1,1,2022-11-05,https://www.jra.go.jp/datafile/seiseki/report/2022/2022-5tokyo1.pdf,official_daily_result_pdf
202205050102,2022,東京,5,1,2,2022-11-05,https://www.jra.go.jp/datafile/seiseki/report/2022/2022-5tokyo1.pdf,official_daily_result_pdf
202205050103,2022,東京,5,1,3,2022-11-05,https://www.jra.go.jp/datafile/seiseki/report/2022/2022-5tokyo1.pdf,official_daily_result_pdf
202205050104,2022,東京,5,1,4,2022-11-05,https://www.jra.go.jp/datafile/seiseki/report/2022/2022-5tokyo1.pdf,official_daily_result_pdf
202205050105,2022,東京,5,1,5,2022-11-05,https://www.jra.go.jp/datafile/seiseki/report/2022/2022-5tokyo1.pdf,official_daily_result_pdf
202205050106,2022,東京,5,1,6,2022-11-05,https://www.jra.go.jp/datafile/seiseki/report/2022/2022-5tokyo1.pdf,official_daily_result_pdf
202205050107,2022,東京,5,1,7,2022-11-05,https://www.jra.go.jp/datafile/seiseki/report/2022/2022-5tokyo1.pdf,official_daily_result_pdf
202205050108,2022,東京,5,1,8,2022-11-05,https://www.jra.go.jp/datafile/seiseki/report/2022/2022-5tokyo1.pdf,official_daily_result_pdf
202205050109,2022,東京,5,1,9,2022-11-05,https://www.jra.go.jp/datafile/seiseki/report/2022/2022-5tokyo1.pdf,official_daily_result_pdf
202205050110,2022,東京,5,1,10,2022-11-05,https://www.jra.go.jp/datafile/seiseki/report/2022/2022-5tokyo1.pdf,official_daily_result_pdf
202205050111,2022,東京,5,1,11,2022-11-05,https://www.jra.go.jp/datafile/seiseki/report/2022/2022-5tokyo1.pdf,official_daily_result_pdf
202205050112,2022,東京,5,1,12,2022-11-05,https://www.jra.go.jp/datafile/seiseki/report/2022/2022-5tokyo1.pdf,official_daily_result_pdf
202205050201,2022,東京,5,2,1,2022-11-06,https://www.jra.go.jp/datafile/seiseki/report/2022/2022-5tokyo2.pdf,official_daily_result_pdf
202205050202,2022,東京,5,2,2,2022-11-06,https://www.jra.go.jp/datafile/seiseki/report/2022/2022-5tokyo2.pdf,official_daily_result_pdf
202205050203,2022,東京,5,2,3,2022-11-06,https://www.jra.go.jp/datafile/seiseki/report/2022/2022-5tokyo2.pdf,official_daily_result_pdf
202205050204,2022,東京,5,2,4,2022-11-06,https://www.jra.go.jp/datafile/seiseki/report/2022/2022-5tokyo2.pdf,official_daily_result_pdf
202205050205,2022,東京,5,2,5,2022-11-06,https://www.jra.go.jp/datafile/seiseki/report/2022/2022-5tokyo2.pdf,official_daily_result_pdf
202205050206,2022,東京,5,2,6,2022-11-06,https://www.jra.go.jp/datafile/seiseki/report/2022/2022-5tokyo2.pdf,official_daily_result_pdf
202205050207,2022,東京,5,2,7,2022-11-06,https://www.jra.go.jp/datafile/seiseki/report/2022/2022-5tokyo2.pdf,official_daily_result_pdf
202205050208,2022,東京,5,2,8,2022-11-06,https://www.jra.go.jp/datafile/seiseki/report/2022/2022-5tokyo2.pdf,official_daily_result_pdf
202205050209,2022,東京,5,2,9,2022-11-06,https://www.jra.go.jp/datafile/seiseki/report/2022/2022-5tokyo2.pdf,official_daily_result_pdf
202205050210,2022,東京,5,2,10,2022-11-06,https://www.jra.go.jp/datafile/seiseki/report/2022/2022-5tokyo2.pdf,official_daily_result_pdf
202205050211,2022,東京,5,2,11,2022-11-06,https://www.jra.go.jp/datafile/seiseki/report/2022/2022-5tokyo2.pdf,official_daily_result_pdf
202205050212,2022,東京,5,2,12,2022-11-06,https://www.jra.go.jp/datafile/seiseki/report/2022/2022-5tokyo2.pdf,official_daily_result_pdf
202205050301,2022,東京,5,3,1,2022-11-12,https://www.jra.go.jp/datafile/seiseki/report/2022/2022-5tokyo3.pdf,official_daily_result_pdf
202205050302,2022,東京,5,3,2,2022-11-12,https://www.jra.go.jp/datafile/seiseki/report/2022/2022-5tokyo3.pdf,official_daily_result_pdf
202205050303,2022,東京,5,3,3,2022-11-12,https://www.jra.go.jp/datafile/seiseki/report/2022/2022-5tokyo3.pdf,official_daily_result_pdf
202205050304,2022,東京,5,3,4,2022-11-12,https://www.jra.go.jp/datafile/seiseki/report/2022/2022-5tokyo3.pdf,official_daily_result_pdf
202205050305,2022,東京,5,3,5,2022-11-12,https://www.jra.go.jp/datafile/seiseki/report/2022/2022-5tokyo3.pdf,official_daily_result_pdf
202205050306,2022,東京,5,3,6,2022-11-12,https://www.jra.go.jp/datafile/seiseki/report/2022/2022-5tokyo3.pdf,official_daily_result_pdf
202205050307,2022,東京,5,3,7,2022-11-12,https://www.jra.go.jp/datafile/seiseki/report/2022/2022-5tokyo3.pdf,official_daily_result_pdf
202205050308,2022,東京,5,3,8,2022-11-12,https://www.jra.go.jp/datafile/seiseki/report/2022/2022-5tokyo3.pdf,official_daily_result_pdf
202205050309,2022,東京,5,3,9,2022-11-12,https://www.jra.go.jp/datafile/seiseki/report/2022/2022-5tokyo3.pdf,official_daily_result_pdf
202205050310,2022,東京,5,3,10,2022-11-12,https://www.jra.go.jp/datafile/seiseki/report/2022/2022-5tokyo3.pdf,official_daily_result_pdf
202205050311,2022,東京,5,3,11,2022-11-12,https://www.jra.go.jp/datafile/seiseki/report/2022/2022-5tokyo3.pdf,official_daily_result_pdf
202205050312,2022,東京,5,3,12,2022-11-12,https://www.jra.go.jp/datafile/seiseki/report/2022/2022-5tokyo3.pdf,official_daily_result_pdf
202205050401,2022,東京,5,4,1,2022-11-13,https://www.jra.go.jp/datafile/seiseki/report/2022/2022-5tokyo4.pdf,official_daily_result_pdf
202205050402,2022,東京,5,4,2,2022-11-13,https://www.jra.go.jp/datafile/seiseki/report/2022/2022-5tokyo4.pdf,official_daily_result_pdf
202205050403,2022,東京,5,4,3,2022-11-13,https://www.jra.go.jp/datafile/seiseki/report/2022/2022-5tokyo4.pdf,official_daily_result_pdf
202205050404,2022,東京,5,4,4,2022-11-13,https://www.jra.go.jp/datafile/seiseki/report/2022/2022-5tokyo4.pdf,official_daily_result_pdf
202205050405,2022,東京,5,4,5,2022-11-13,https://www.jra.go.jp/datafile/seiseki/report/2022/2022-5tokyo4.pdf,official_daily_result_pdf
202205050406,2022,東京,5,4,6,2022-11-13,https://www.jra.go.jp/datafile/seiseki/report/2022/2022-5tokyo4.pdf,official_daily_result_pdf
202205050407,2022,東京,5,4,7,2022-11-13,https://www.jra.go.jp/datafile/seiseki/report/2022/2022-5tokyo4.pdf,official_daily_result_pdf
202205050408,2022,東京,5,4,8,2022-11-13,https://www.jra.go.jp/datafile/seiseki/report/2022/2022-5tokyo4.pdf,official_daily_result_pdf
202205050409,2022,東京,5,4,9,2022-11-13,https://www.jra.go.jp/datafile/seiseki/report/2022/2022-5tokyo4.pdf,official_daily_result_pdf
202205050410,2022,東京,5,4,10,2022-11-13,https://www.jra.go.jp/datafile/seiseki/report/2022/2022-5tokyo4.pdf,official_daily_result_pdf
202205050411,2022,東京,5,4,11,2022-11-13,https://www.jra.go.jp/datafile/seiseki/report/2022/2022-5tokyo4.pdf,official_daily_result_pdf
202205050412,2022,東京,5,4,12,2022-11-13,https://www.jra.go.jp/datafile/seiseki/report/2022/2022-5tokyo4.pdf,official_daily_result_pdf
202205050501,2022,東京,5,5,1,2022-11-19,https://www.jra.go.jp/datafile/seiseki/report/2022/2022-5tokyo5.pdf,official_daily_result_pdf
202205050502,2022,東京,5,5,2,2022-11-19,https://www.jra.go.jp/datafile/seiseki/report/2022/2022-5tokyo5.pdf,official_daily_result_pdf
202205050503,2022,東京,5,5,3,2022-11-19,https://www.jra.go.jp/datafile/seiseki/report/2022/2022-5tokyo5.pdf,official_daily_result_pdf
202205050504,2022,東京,5,5,4,2022-11-19,https://www.jra.go.jp/datafile/seiseki/report/2022/2022-5tokyo5.pdf,official_daily_result_pdf
202205050505,2022,東京,5,5,5,2022-11-19,https://www.jra.go.jp/datafile/seiseki/report/2022/2022-5tokyo5.pdf,official_daily_result_pdf
202205050506,2022,東京,5,5,6,2022-11-19,https://www.jra.go.jp/datafile/seiseki/report/2022/2022-5tokyo5.pdf,official_daily_result_pdf
202205050507,2022,東京,5,5,7,2022-11-19,https://www.jra.go.jp/datafile/seiseki/report/2022/2022-5tokyo5.pdf,official_daily_result_pdf
202205050508,2022,東京,5,5,8,2022-11-19,https://www.jra.go.jp/datafile/seiseki/report/2022/2022-5tokyo5.pdf,official_daily_result_pdf
202205050509,2022,東京,5,5,9,2022-11-19,https://www.jra.go.jp/datafile/seiseki/report/2022/2022-5tokyo5.pdf,official_daily_result_pdf
202205050510,2022,東京,5,5,10,2022-11-19,https://www.jra.go.jp/datafile/seiseki/report/2022/2022-5tokyo5.pdf,official_daily_result_pdf
202205050511,2022,東京,5,5,11,2022-11-19,https://www.jra.go.jp/datafile/seiseki/report/2022/2022-5tokyo5.pdf,official_daily_result_pdf
202205050512,2022,東京,5,5,12,2022-11-19,https://www.jra.go.jp/datafile/seiseki/report/2022/2022-5tokyo5.pdf,official_daily_result_pdf
202205050601,2022,東京,5,6,1,2022-11-20,https://www.jra.go.jp/datafile/seiseki/report/2022/2022-5tokyo6.pdf,official_daily_result_pdf
202205050602,2022,東京,5,6,2,2022-11-20,https://www.jra.go.jp/datafile/seiseki/report/2022/2022-5tokyo6.pdf,official_daily_result_pdf
202205050603,2022,東京,5,6,3,2022-11-20,https://www.jra.go.jp/datafile/seiseki/report/2022/2022-5tokyo6.pdf,official_daily_result_pdf
202205050604,2022,東京,5,6,4,2022-11-20,https://www.jra.go.jp/datafile/seiseki/report/2022/2022-5tokyo6.pdf,official_daily_result_pdf
202205050605,2022,東京,5,6,5,2022-11-20,https://www.jra.go.jp/datafile/seiseki/report/2022/2022-5tokyo6.pdf,official_daily_result_pdf
202205050606,2022,東京,5,6,6,2022-11-20,https://www.jra.go.jp/datafile/seiseki/report/2022/2022-5tokyo6.pdf,official_daily_result_pdf
202205050607,2022,東京,5,6,7,2022-11-20,https://www.jra.go.jp/datafile/seiseki/report/2022/2022-5tokyo6.pdf,official_daily_result_pdf
202205050608,2022,東京,5,6,8,2022-11-20,https://www.jra.go.jp/datafile/seiseki/report/2022/2022-5tokyo6.pdf,official_daily_result_pdf
202205050609,2022,東京,5,6,9,2022-11-20,https://www.jra.go.jp/datafile/seiseki/report/2022/2022-5tokyo6.pdf,official_daily_result_pdf
202205050610,2022,東京,5,6,10,2022-11-20,https://www.jra.go.jp/datafile/seiseki/report/2022/2022-5tokyo6.pdf,official_daily_result_pdf
202205050611,2022,東京,5,6,11,2022-11-20,https://www.jra.go.jp/datafile/seiseki/report/2022/2022-5tokyo6.pdf,official_daily_result_pdf
202205050612,2022,東京,5,6,12,2022-11-20,https://www.jra.go.jp/datafile/seiseki/report/2022/2022-5tokyo6.pdf,official_daily_result_pdf
202205050701,2022,東京,5,7,1,2022-11-26,https://www.jra.go.jp/datafile/seiseki/report/2022/2022-5tokyo7.pdf,official_daily_result_pdf
202205050702,2022,東京,5,7,2,2022-11-26,https://www.jra.go.jp/datafile/seiseki/report/2022/2022-5tokyo7.pdf,official_daily_result_pdf
202205050703,2022,東京,5,7,3,2022-11-26,https://www.jra.go.jp/datafile/seiseki/report/2022/2022-5tokyo7.pdf,official_daily_result_pdf
202205050704,2022,東京,5,7,4,2022-11-26,https://www.jra.go.jp/datafile/seiseki/report/2022/2022-5tokyo7.pdf,official_daily_result_pdf
202205050705,2022,東京,5,7,5,2022-11-26,https://www.jra.go.jp/datafile/seiseki/report/2022/2022-5tokyo7.pdf,official_daily_result_pdf
202205050706,2022,東京,5,7,6,2022-11-26,https://www.jra.go.jp/datafile/seiseki/report/2022/2022-5tokyo7.pdf,official_daily_result_pdf
202205050707,2022,東京,5,7,7,2022-11-26,https://www.jra.go.jp/datafile/seiseki/report/2022/2022-5tokyo7.pdf,official_daily_result_pdf
202205050708,2022,東京,5,7,8,2022-11-26,https://www.jra.go.jp/datafile/seiseki/report/2022/2022-5tokyo7.pdf,official_daily_result_pdf
202205050709,2022,東京,5,7,9,2022-11-26,https://www.jra.go.jp/datafile/seiseki/report/2022/2022-5tokyo7.pdf,official_daily_result_pdf
202205050710,2022,東京,5,7,10,2022-11-26,https://www.jra.go.jp/datafile/seiseki/report/2022/2022-5tokyo7.pdf,official_daily_result_pdf
202205050711,2022,東京,5,7,11,2022-11-26,https://www.jra.go.jp/datafile/seiseki/report/2022/2022-5tokyo7.pdf,official_daily_result_pdf
202205050712,2022,東京,5,7,12,2022-11-26,https://www.jra.go.jp/datafile/seiseki/report/2022/2022-5tokyo7.pdf,official_daily_result_pdf
202205050801,2022,東京,5,8,1,2022-11-27,https://www.jra.go.jp/datafile/seiseki/report/2022/2022-5tokyo8.pdf,official_daily_result_pdf
202205050802,2022,東京,5,8,2,2022-11-27,https://www.jra.go.jp/datafile/seiseki/report/2022/2022-5tokyo8.pdf,official_daily_result_pdf
202205050803,2022,東京,5,8,3,2022-11-27,https://www.jra.go.jp/datafile/seiseki/report/2022/2022-5tokyo8.pdf,official_daily_result_pdf
202205050804,2022,東京,5,8,4,2022-11-27,https://www.jra.go.jp/datafile/seiseki/report/2022/2022-5tokyo8.pdf,official_daily_result_pdf
202205050805,2022,東京,5,8,5,2022-11-27,https://www.jra.go.jp/datafile/seiseki/report/2022/2022-5tokyo8.pdf,official_daily_result_pdf
202205050806,2022,東京,5,8,6,2022-11-27,https://www.jra.go.jp/datafile/seiseki/report/2022/2022-5tokyo8.pdf,official_daily_result_pdf
202205050807,2022,東京,5,8,7,2022-11-27,https://www.jra.go.jp/datafile/seiseki/report/2022/2022-5tokyo8.pdf,official_daily_result_pdf
202205050808,2022,東京,5,8,8,2022-11-27,https://www.jra.go.jp/datafile/seiseki/report/2022/2022-5tokyo8.pdf,official_daily_result_pdf
202205050809,2022,東京,5,8,9,2022-11-27,https://www.jra.go.jp/datafile/seiseki/report/2022/2022-5tokyo8.pdf,official_daily_result_pdf
202205050810,2022,東京,5,8,10,2022-11-27,https://www.jra.go.jp/datafile/seiseki/report/2022/2022-5tokyo8.pdf,official_daily_result_pdf
202205050811,2022,東京,5,8,11,2022-11-27,https://www.jra.go.jp/datafile/seiseki/report/2022/2022-5tokyo8.pdf,official_daily_result_pdf
202205050812,2022,東京,5,8,12,2022-11-27,https://www.jra.go.jp/datafile/seiseki/report/2022/2022-5tokyo8.pdf,official_daily_result_pdf
202206010101,2022,中山,1,1,1,2022-01-05,https://www.jra.go.jp/datafile/seiseki/report/2022/2022-1nakayama1.pdf,official_daily_result_pdf
202206010102,2022,中山,1,1,2,2022-01-05,https://www.jra.go.jp/datafile/seiseki/report/2022/2022-1nakayama1.pdf,official_daily_result_pdf
202206010103,2022,中山,1,1,3,2022-01-05,https://www.jra.go.jp/datafile/seiseki/report/2022/2022-1nakayama1.pdf,official_daily_result_pdf
202206010104,2022,中山,1,1,4,2022-01-05,https://www.jra.go.jp/datafile/seiseki/report/2022/2022-1nakayama1.pdf,official_daily_result_pdf
202206010105,2022,中山,1,1,5,2022-01-05,https://www.jra.go.jp/datafile/seiseki/report/2022/2022-1nakayama1.pdf,official_daily_result_pdf
202206010106,2022,中山,1,1,6,2022-01-05,https://www.jra.go.jp/datafile/seiseki/report/2022/2022-1nakayama1.pdf,official_daily_result_pdf
202206010107,2022,中山,1,1,7,2022-01-05,https://www.jra.go.jp/datafile/seiseki/report/2022/2022-1nakayama1.pdf,official_daily_result_pdf
202206010108,2022,中山,1,1,8,2022-01-05,https://www.jra.go.jp/datafile/seiseki/report/2022/2022-1nakayama1.pdf,official_daily_result_pdf
202206010109,2022,中山,1,1,9,2022-01-05,https://www.jra.go.jp/datafile/seiseki/report/2022/2022-1nakayama1.pdf,official_daily_result_pdf
202206010110,2022,中山,1,1,10,2022-01-05,https://www.jra.go.jp/datafile/seiseki/report/2022/2022-1nakayama1.pdf,official_daily_result_pdf
202206010111,2022,中山,1,1,11,2022-01-05,https://www.jra.go.jp/datafile/seiseki/report/2022/2022-1nakayama1.pdf,official_daily_result_pdf
202206010112,2022,中山,1,1,12,2022-01-05,https://www.jra.go.jp/datafile/seiseki/report/2022/2022-1nakayama1.pdf,official_daily_result_pdf
202206010201,2022,中山,1,2,1,2022-01-08,https://www.jra.go.jp/datafile/seiseki/report/2022/2022-1nakayama2.pdf,official_daily_result_pdf
202206010202,2022,中山,1,2,2,2022-01-08,https://www.jra.go.jp/datafile/seiseki/report/2022/2022-1nakayama2.pdf,official_daily_result_pdf
202206010203,2022,中山,1,2,3,2022-01-08,https://www.jra.go.jp/datafile/seiseki/report/2022/2022-1nakayama2.pdf,official_daily_result_pdf
202206010204,2022,中山,1,2,4,2022-01-08,https://www.jra.go.jp/datafile/seiseki/report/2022/2022-1nakayama2.pdf,official_daily_result_pdf
202206010205,2022,中山,1,2,5,2022-01-08,https://www.jra.go.jp/datafile/seiseki/report/2022/2022-1nakayama2.pdf,official_daily_result_pdf
202206010206,2022,中山,1,2,6,2022-01-08,https://www.jra.go.jp/datafile/seiseki/report/2022/2022-1nakayama2.pdf,official_daily_result_pdf
202206010207,2022,中山,1,2,7,2022-01-08,https://www.jra.go.jp/datafile/seiseki/report/2022/2022-1nakayama2.pdf,official_daily_result_pdf
202206010208,2022,中山,1,2,8,2022-01-08,https://www.jra.go.jp/datafile/seiseki/report/2022/2022-1nakayama2.pdf,official_daily_result_pdf
202206010209,2022,中山,1,2,9,2022-01-08,https://www.jra.go.jp/datafile/seiseki/report/2022/2022-1nakayama2.pdf,official_daily_result_pdf
202206010210,2022,中山,1,2,10,2022-01-08,https://www.jra.go.jp/datafile/seiseki/report/2022/2022-1nakayama2.pdf,official_daily_result_pdf
202206010211,2022,中山,1,2,11,2022-01-08,https://www.jra.go.jp/datafile/seiseki/report/2022/2022-1nakayama2.pdf,official_daily_result_pdf
202206010212,2022,中山,1,2,12,2022-01-08,https://www.jra.go.jp/datafile/seiseki/report/2022/2022-1nakayama2.pdf,official_daily_result_pdf
202206010301,2022,中山,1,3,1,2022-01-09,https://www.jra.go.jp/datafile/seiseki/report/2022/2022-1nakayama3.pdf,official_daily_result_pdf
202206010302,2022,中山,1,3,2,2022-01-09,https://www.jra.go.jp/datafile/seiseki/report/2022/2022-1nakayama3.pdf,official_daily_result_pdf
202206010303,2022,中山,1,3,3,2022-01-09,https://www.jra.go.jp/datafile/seiseki/report/2022/2022-1nakayama3.pdf,official_daily_result_pdf
202206010304,2022,中山,1,3,4,2022-01-09,https://www.jra.go.jp/datafile/seiseki/report/2022/2022-1nakayama3.pdf,official_daily_result_pdf
202206010305,2022,中山,1,3,5,2022-01-09,https://www.jra.go.jp/datafile/seiseki/report/2022/2022-1nakayama3.pdf,official_daily_result_pdf
202206010306,2022,中山,1,3,6,2022-01-09,https://www.jra.go.jp/datafile/seiseki/report/2022/2022-1nakayama3.pdf,official_daily_result_pdf
202206010307,2022,中山,1,3,7,2022-01-09,https://www.jra.go.jp/datafile/seiseki/report/2022/2022-1nakayama3.pdf,official_daily_result_pdf
202206010308,2022,中山,1,3,8,2022-01-09,https://www.jra.go.jp/datafile/seiseki/report/2022/2022-1nakayama3.pdf,official_daily_result_pdf
202206010309,2022,中山,1,3,9,2022-01-09,https://www.jra.go.jp/datafile/seiseki/report/2022/2022-1nakayama3.pdf,official_daily_result_pdf
202206010310,2022,中山,1,3,10,2022-01-09,https://www.jra.go.jp/datafile/seiseki/report/2022/2022-1nakayama3.pdf,official_daily_result_pdf
202206010311,2022,中山,1,3,11,2022-01-09,https://www.jra.go.jp/datafile/seiseki/report/2022/2022-1nakayama3.pdf,official_daily_result_pdf
202206010312,2022,中山,1,3,12,2022-01-09,https://www.jra.go.jp/datafile/seiseki/report/2022/2022-1nakayama3.pdf,official_daily_result_pdf
202206010401,2022,中山,1,4,1,2022-01-10,https://www.jra.go.jp/datafile/seiseki/report/2022/2022-1nakayama4.pdf,official_daily_result_pdf
202206010402,2022,中山,1,4,2,2022-01-10,https://www.jra.go.jp/datafile/seiseki/report/2022/2022-1nakayama4.pdf,official_daily_result_pdf
202206010403,2022,中山,1,4,3,2022-01-10,https://www.jra.go.jp/datafile/seiseki/report/2022/2022-1nakayama4.pdf,official_daily_result_pdf
202206010404,2022,中山,1,4,4,2022-01-10,https://www.jra.go.jp/datafile/seiseki/report/2022/2022-1nakayama4.pdf,official_daily_result_pdf
202206010405,2022,中山,1,4,5,2022-01-10,https://www.jra.go.jp/datafile/seiseki/report/2022/2022-1nakayama4.pdf,official_daily_result_pdf
202206010406,2022,中山,1,4,6,2022-01-10,https://www.jra.go.jp/datafile/seiseki/report/2022/2022-1nakayama4.pdf,official_daily_result_pdf
202206010407,2022,中山,1,4,7,2022-01-10,https://www.jra.go.jp/datafile/seiseki/report/2022/2022-1nakayama4.pdf,official_daily_result_pdf
202206010408,2022,中山,1,4,8,2022-01-10,https://www.jra.go.jp/datafile/seiseki/report/2022/2022-1nakayama4.pdf,official_daily_result_pdf
202206010409,2022,中山,1,4,9,2022-01-10,https://www.jra.go.jp/datafile/seiseki/report/2022/2022-1nakayama4.pdf,official_daily_result_pdf
202206010410,2022,中山,1,4,10,2022-01-10,https://www.jra.go.jp/datafile/seiseki/report/2022/2022-1nakayama4.pdf,official_daily_result_pdf
202206010411,2022,中山,1,4,11,2022-01-10,https://www.jra.go.jp/datafile/seiseki/report/2022/2022-1nakayama4.pdf,official_daily_result_pdf
202206010412,2022,中山,1,4,12,2022-01-10,https://www.jra.go.jp/datafile/seiseki/report/2022/2022-1nakayama4.pdf,official_daily_result_pdf
202206010501,2022,中山,1,5,1,2022-01-15,https://www.jra.go.jp/datafile/seiseki/report/2022/2022-1nakayama5.pdf,official_daily_result_pdf
202206010502,2022,中山,1,5,2,2022-01-15,https://www.jra.go.jp/datafile/seiseki/report/2022/2022-1nakayama5.pdf,official_daily_result_pdf
202206010503,2022,中山,1,5,3,2022-01-15,https://www.jra.go.jp/datafile/seiseki/report/2022/2022-1nakayama5.pdf,official_daily_result_pdf
202206010504,2022,中山,1,5,4,2022-01-15,https://www.jra.go.jp/datafile/seiseki/report/2022/2022-1nakayama5.pdf,official_daily_result_pdf
202206010505,2022,中山,1,5,5,2022-01-15,https://www.jra.go.jp/datafile/seiseki/report/2022/2022-1nakayama5.pdf,official_daily_result_pdf
202206010506,2022,中山,1,5,6,2022-01-15,https://www.jra.go.jp/datafile/seiseki/report/2022/2022-1nakayama5.pdf,official_daily_result_pdf
202206010507,2022,中山,1,5,7,2022-01-15,https://www.jra.go.jp/datafile/seiseki/report/2022/2022-1nakayama5.pdf,official_daily_result_pdf
202206010508,2022,中山,1,5,8,2022-01-15,https://www.jra.go.jp/datafile/seiseki/report/2022/2022-1nakayama5.pdf,official_daily_result_pdf
202206010509,2022,中山,1,5,9,2022-01-15,https://www.jra.go.jp/datafile/seiseki/report/2022/2022-1nakayama5.pdf,official_daily_result_pdf
202206010510,2022,中山,1,5,10,2022-01-15,https://www.jra.go.jp/datafile/seiseki/report/2022/2022-1nakayama5.pdf,official_daily_result_pdf
202206010511,2022,中山,1,5,11,2022-01-15,https://www.jra.go.jp/datafile/seiseki/report/2022/2022-1nakayama5.pdf,official_daily_result_pdf
202206010512,2022,中山,1,5,12,2022-01-15,https://www.jra.go.jp/datafile/seiseki/report/2022/2022-1nakayama5.pdf,official_daily_result_pdf
202206010601,2022,中山,1,6,1,2022-01-16,https://www.jra.go.jp/datafile/seiseki/report/2022/2022-1nakayama6.pdf,official_daily_result_pdf
202206010602,2022,中山,1,6,2,2022-01-16,https://www.jra.go.jp/datafile/seiseki/report/2022/2022-1nakayama6.pdf,official_daily_result_pdf
202206010603,2022,中山,1,6,3,2022-01-16,https://www.jra.go.jp/datafile/seiseki/report/2022/2022-1nakayama6.pdf,official_daily_result_pdf
202206010604,2022,中山,1,6,4,2022-01-16,https://www.jra.go.jp/datafile/seiseki/report/2022/2022-1nakayama6.pdf,official_daily_result_pdf
202206010605,2022,中山,1,6,5,2022-01-16,https://www.jra.go.jp/datafile/seiseki/report/2022/2022-1nakayama6.pdf,official_daily_result_pdf
202206010606,2022,中山,1,6,6,2022-01-16,https://www.jra.go.jp/datafile/seiseki/report/2022/2022-1nakayama6.pdf,official_daily_result_pdf
202206010607,2022,中山,1,6,7,2022-01-16,https://www.jra.go.jp/datafile/seiseki/report/2022/2022-1nakayama6.pdf,official_daily_result_pdf
202206010608,2022,中山,1,6,8,2022-01-16,https://www.jra.go.jp/datafile/seiseki/report/2022/2022-1nakayama6.pdf,official_daily_result_pdf
202206010609,2022,中山,1,6,9,2022-01-16,https://www.jra.go.jp/datafile/seiseki/report/2022/2022-1nakayama6.pdf,official_daily_result_pdf
202206010610,2022,中山,1,6,10,2022-01-16,https://www.jra.go.jp/datafile/seiseki/report/2022/2022-1nakayama6.pdf,official_daily_result_pdf
202206010611,2022,中山,1,6,11,2022-01-16,https://www.jra.go.jp/datafile/seiseki/report/2022/2022-1nakayama6.pdf,official_daily_result_pdf
202206010612,2022,中山,1,6,12,2022-01-16,https://www.jra.go.jp/datafile/seiseki/report/2022/2022-1nakayama6.pdf,official_daily_result_pdf
202206010701,2022,中山,1,7,1,2022-01-22,https://www.jra.go.jp/datafile/seiseki/report/2022/2022-1nakayama7.pdf,official_daily_result_pdf
202206010702,2022,中山,1,7,2,2022-01-22,https://www.jra.go.jp/datafile/seiseki/report/2022/2022-1nakayama7.pdf,official_daily_result_pdf
202206010703,2022,中山,1,7,3,2022-01-22,https://www.jra.go.jp/datafile/seiseki/report/2022/2022-1nakayama7.pdf,official_daily_result_pdf
202206010704,2022,中山,1,7,4,2022-01-22,https://www.jra.go.jp/datafile/seiseki/report/2022/2022-1nakayama7.pdf,official_daily_result_pdf
202206010705,2022,中山,1,7,5,2022-01-22,https://www.jra.go.jp/datafile/seiseki/report/2022/2022-1nakayama7.pdf,official_daily_result_pdf
202206010706,2022,中山,1,7,6,2022-01-22,https://www.jra.go.jp/datafile/seiseki/report/2022/2022-1nakayama7.pdf,official_daily_result_pdf
202206010707,2022,中山,1,7,7,2022-01-22,https://www.jra.go.jp/datafile/seiseki/report/2022/2022-1nakayama7.pdf,official_daily_result_pdf
202206010708,2022,中山,1,7,8,2022-01-22,https://www.jra.go.jp/datafile/seiseki/report/2022/2022-1nakayama7.pdf,official_daily_result_pdf
202206010709,2022,中山,1,7,9,2022-01-22,https://www.jra.go.jp/datafile/seiseki/report/2022/2022-1nakayama7.pdf,official_daily_result_pdf
202206010710,2022,中山,1,7,10,2022-01-22,https://www.jra.go.jp/datafile/seiseki/report/2022/2022-1nakayama7.pdf,official_daily_result_pdf
202206010711,2022,中山,1,7,11,2022-01-22,https://www.jra.go.jp/datafile/seiseki/report/2022/2022-1nakayama7.pdf,official_daily_result_pdf
202206010712,2022,中山,1,7,12,2022-01-22,https://www.jra.go.jp/datafile/seiseki/report/2022/2022-1nakayama7.pdf,official_daily_result_pdf
202206010801,2022,中山,1,8,1,2022-01-23,https://www.jra.go.jp/datafile/seiseki/report/2022/2022-1nakayama8.pdf,official_daily_result_pdf
202206010802,2022,中山,1,8,2,2022-01-23,https://www.jra.go.jp/datafile/seiseki/report/2022/2022-1nakayama8.pdf,official_daily_result_pdf
202206010803,2022,中山,1,8,3,2022-01-23,https://www.jra.go.jp/datafile/seiseki/report/2022/2022-1nakayama8.pdf,official_daily_result_pdf
202206010804,2022,中山,1,8,4,2022-01-23,https://www.jra.go.jp/datafile/seiseki/report/2022/2022-1nakayama8.pdf,official_daily_result_pdf
202206010805,2022,中山,1,8,5,2022-01-23,https://www.jra.go.jp/datafile/seiseki/report/2022/2022-1nakayama8.pdf,official_daily_result_pdf
202206010806,2022,中山,1,8,6,2022-01-23,https://www.jra.go.jp/datafile/seiseki/report/2022/2022-1nakayama8.pdf,official_daily_result_pdf
202206010807,2022,中山,1,8,7,2022-01-23,https://www.jra.go.jp/datafile/seiseki/report/2022/2022-1nakayama8.pdf,official_daily_result_pdf
202206010808,2022,中山,1,8,8,2022-01-23,https://www.jra.go.jp/datafile/seiseki/report/2022/2022-1nakayama8.pdf,official_daily_result_pdf
202206010809,2022,中山,1,8,9,2022-01-23,https://www.jra.go.jp/datafile/seiseki/report/2022/2022-1nakayama8.pdf,official_daily_result_pdf
202206010810,2022,中山,1,8,10,2022-01-23,https://www.jra.go.jp/datafile/seiseki/report/2022/2022-1nakayama8.pdf,official_daily_result_pdf
202206010811,2022,中山,1,8,11,2022-01-23,https://www.jra.go.jp/datafile/seiseki/report/2022/2022-1nakayama8.pdf,official_daily_result_pdf
202206010812,2022,中山,1,8,12,2022-01-23,https://www.jra.go.jp/datafile/seiseki/report/2022/2022-1nakayama8.pdf,official_daily_result_pdf
202206020101,2022,中山,2,1,1,2022-02-26,https://www.jra.go.jp/datafile/seiseki/report/2022/2022-2nakayama1.pdf,official_daily_result_pdf
202206020102,2022,中山,2,1,2,2022-02-26,https://www.jra.go.jp/datafile/seiseki/report/2022/2022-2nakayama1.pdf,official_daily_result_pdf
202206020103,2022,中山,2,1,3,2022-02-26,https://www.jra.go.jp/datafile/seiseki/report/2022/2022-2nakayama1.pdf,official_daily_result_pdf
202206020104,2022,中山,2,1,4,2022-02-26,https://www.jra.go.jp/datafile/seiseki/report/2022/2022-2nakayama1.pdf,official_daily_result_pdf
202206020105,2022,中山,2,1,5,2022-02-26,https://www.jra.go.jp/datafile/seiseki/report/2022/2022-2nakayama1.pdf,official_daily_result_pdf
202206020106,2022,中山,2,1,6,2022-02-26,https://www.jra.go.jp/datafile/seiseki/report/2022/2022-2nakayama1.pdf,official_daily_result_pdf
202206020107,2022,中山,2,1,7,2022-02-26,https://www.jra.go.jp/datafile/seiseki/report/2022/2022-2nakayama1.pdf,official_daily_result_pdf
202206020108,2022,中山,2,1,8,2022-02-26,https://www.jra.go.jp/datafile/seiseki/report/2022/2022-2nakayama1.pdf,official_daily_result_pdf
202206020109,2022,中山,2,1,9,2022-02-26,https://www.jra.go.jp/datafile/seiseki/report/2022/2022-2nakayama1.pdf,official_daily_result_pdf
202206020110,2022,中山,2,1,10,2022-02-26,https://www.jra.go.jp/datafile/seiseki/report/2022/2022-2nakayama1.pdf,official_daily_result_pdf
202206020111,2022,中山,2,1,11,2022-02-26,https://www.jra.go.jp/datafile/seiseki/report/2022/2022-2nakayama1.pdf,official_daily_result_pdf
202206020112,2022,中山,2,1,12,2022-02-26,https://www.jra.go.jp/datafile/seiseki/report/2022/2022-2nakayama1.pdf,official_daily_result_pdf
202206020201,2022,中山,2,2,1,2022-02-27,https://www.jra.go.jp/datafile/seiseki/report/2022/2022-2nakayama2.pdf,official_daily_result_pdf
202206020202,2022,中山,2,2,2,2022-02-27,https://www.jra.go.jp/datafile/seiseki/report/2022/2022-2nakayama2.pdf,official_daily_result_pdf
202206020203,2022,中山,2,2,3,2022-02-27,https://www.jra.go.jp/datafile/seiseki/report/2022/2022-2nakayama2.pdf,official_daily_result_pdf
202206020204,2022,中山,2,2,4,2022-02-27,https://www.jra.go.jp/datafile/seiseki/report/2022/2022-2nakayama2.pdf,official_daily_result_pdf
202206020205,2022,中山,2,2,5,2022-02-27,https://www.jra.go.jp/datafile/seiseki/report/2022/2022-2nakayama2.pdf,official_daily_result_pdf
202206020206,2022,中山,2,2,6,2022-02-27,https://www.jra.go.jp/datafile/seiseki/report/2022/2022-2nakayama2.pdf,official_daily_result_pdf
202206020207,2022,中山,2,2,7,2022-02-27,https://www.jra.go.jp/datafile/seiseki/report/2022/2022-2nakayama2.pdf,official_daily_result_pdf
202206020208,2022,中山,2,2,8,2022-02-27,https://www.jra.go.jp/datafile/seiseki/report/2022/2022-2nakayama2.pdf,official_daily_result_pdf
202206020209,2022,中山,2,2,9,2022-02-27,https://www.jra.go.jp/datafile/seiseki/report/2022/2022-2nakayama2.pdf,official_daily_result_pdf
202206020210,2022,中山,2,2,10,2022-02-27,https://www.jra.go.jp/datafile/seiseki/report/2022/2022-2nakayama2.pdf,official_daily_result_pdf
202206020211,2022,中山,2,2,11,2022-02-27,https://www.jra.go.jp/datafile/seiseki/report/2022/2022-2nakayama2.pdf,official_daily_result_pdf
202206020212,2022,中山,2,2,12,2022-02-27,https://www.jra.go.jp/datafile/seiseki/report/2022/2022-2nakayama2.pdf,official_daily_result_pdf
202206020301,2022,中山,2,3,1,2022-03-05,https://www.jra.go.jp/datafile/seiseki/report/2022/2022-2nakayama3.pdf,official_daily_result_pdf
202206020302,2022,中山,2,3,2,2022-03-05,https://www.jra.go.jp/datafile/seiseki/report/2022/2022-2nakayama3.pdf,official_daily_result_pdf
202206020303,2022,中山,2,3,3,2022-03-05,https://www.jra.go.jp/datafile/seiseki/report/2022/2022-2nakayama3.pdf,official_daily_result_pdf
202206020304,2022,中山,2,3,4,2022-03-05,https://www.jra.go.jp/datafile/seiseki/report/2022/2022-2nakayama3.pdf,official_daily_result_pdf
202206020305,2022,中山,2,3,5,2022-03-05,https://www.jra.go.jp/datafile/seiseki/report/2022/2022-2nakayama3.pdf,official_daily_result_pdf
202206020306,2022,中山,2,3,6,2022-03-05,https://www.jra.go.jp/datafile/seiseki/report/2022/2022-2nakayama3.pdf,official_daily_result_pdf
202206020307,2022,中山,2,3,7,2022-03-05,https://www.jra.go.jp/datafile/seiseki/report/2022/2022-2nakayama3.pdf,official_daily_result_pdf
202206020308,2022,中山,2,3,8,2022-03-05,https://www.jra.go.jp/datafile/seiseki/report/2022/2022-2nakayama3.pdf,official_daily_result_pdf
202206020309,2022,中山,2,3,9,2022-03-05,https://www.jra.go.jp/datafile/seiseki/report/2022/2022-2nakayama3.pdf,official_daily_result_pdf
202206020310,2022,中山,2,3,10,2022-03-05,https://www.jra.go.jp/datafile/seiseki/report/2022/2022-2nakayama3.pdf,official_daily_result_pdf
202206020311,2022,中山,2,3,11,2022-03-05,https://www.jra.go.jp/datafile/seiseki/report/2022/2022-2nakayama3.pdf,official_daily_result_pdf
202206020312,2022,中山,2,3,12,2022-03-05,https://www.jra.go.jp/datafile/seiseki/report/2022/2022-2nakayama3.pdf,official_daily_result_pdf
202206020401,2022,中山,2,4,1,2022-03-06,https://www.jra.go.jp/datafile/seiseki/report/2022/2022-2nakayama4.pdf,official_daily_result_pdf
202206020402,2022,中山,2,4,2,2022-03-06,https://www.jra.go.jp/datafile/seiseki/report/2022/2022-2nakayama4.pdf,official_daily_result_pdf
202206020403,2022,中山,2,4,3,2022-03-06,https://www.jra.go.jp/datafile/seiseki/report/2022/2022-2nakayama4.pdf,official_daily_result_pdf
202206020404,2022,中山,2,4,4,2022-03-06,https://www.jra.go.jp/datafile/seiseki/report/2022/2022-2nakayama4.pdf,official_daily_result_pdf
202206020405,2022,中山,2,4,5,2022-03-06,https://www.jra.go.jp/datafile/seiseki/report/2022/2022-2nakayama4.pdf,official_daily_result_pdf
202206020406,2022,中山,2,4,6,2022-03-06,https://www.jra.go.jp/datafile/seiseki/report/2022/2022-2nakayama4.pdf,official_daily_result_pdf
202206020407,2022,中山,2,4,7,2022-03-06,https://www.jra.go.jp/datafile/seiseki/report/2022/2022-2nakayama4.pdf,official_daily_result_pdf
202206020408,2022,中山,2,4,8,2022-03-06,https://www.jra.go.jp/datafile/seiseki/report/2022/2022-2nakayama4.pdf,official_daily_result_pdf
202206020409,2022,中山,2,4,9,2022-03-06,https://www.jra.go.jp/datafile/seiseki/report/2022/2022-2nakayama4.pdf,official_daily_result_pdf
202206020410,2022,中山,2,4,10,2022-03-06,https://www.jra.go.jp/datafile/seiseki/report/2022/2022-2nakayama4.pdf,official_daily_result_pdf
202206020411,2022,中山,2,4,11,2022-03-06,https://www.jra.go.jp/datafile/seiseki/report/2022/2022-2nakayama4.pdf,official_daily_result_pdf
202206020412,2022,中山,2,4,12,2022-03-06,https://www.jra.go.jp/datafile/seiseki/report/2022/2022-2nakayama4.pdf,official_daily_result_pdf
202206020501,2022,中山,2,5,1,2022-03-12,https://www.jra.go.jp/datafile/seiseki/report/2022/2022-2nakayama5.pdf,official_daily_result_pdf
202206020502,2022,中山,2,5,2,2022-03-12,https://www.jra.go.jp/datafile/seiseki/report/2022/2022-2nakayama5.pdf,official_daily_result_pdf
202206020503,2022,中山,2,5,3,2022-03-12,https://www.jra.go.jp/datafile/seiseki/report/2022/2022-2nakayama5.pdf,official_daily_result_pdf
202206020504,2022,中山,2,5,4,2022-03-12,https://www.jra.go.jp/datafile/seiseki/report/2022/2022-2nakayama5.pdf,official_daily_result_pdf
202206020505,2022,中山,2,5,5,2022-03-12,https://www.jra.go.jp/datafile/seiseki/report/2022/2022-2nakayama5.pdf,official_daily_result_pdf
202206020506,2022,中山,2,5,6,2022-03-12,https://www.jra.go.jp/datafile/seiseki/report/2022/2022-2nakayama5.pdf,official_daily_result_pdf
202206020507,2022,中山,2,5,7,2022-03-12,https://www.jra.go.jp/datafile/seiseki/report/2022/2022-2nakayama5.pdf,official_daily_result_pdf
202206020508,2022,中山,2,5,8,2022-03-12,https://www.jra.go.jp/datafile/seiseki/report/2022/2022-2nakayama5.pdf,official_daily_result_pdf
202206020509,2022,中山,2,5,9,2022-03-12,https://www.jra.go.jp/datafile/seiseki/report/2022/2022-2nakayama5.pdf,official_daily_result_pdf
202206020510,2022,中山,2,5,10,2022-03-12,https://www.jra.go.jp/datafile/seiseki/report/2022/2022-2nakayama5.pdf,official_daily_result_pdf
202206020511,2022,中山,2,5,11,2022-03-12,https://www.jra.go.jp/datafile/seiseki/report/2022/2022-2nakayama5.pdf,official_daily_result_pdf
202206020512,2022,中山,2,5,12,2022-03-12,https://www.jra.go.jp/datafile/seiseki/report/2022/2022-2nakayama5.pdf,official_daily_result_pdf
202206020601,2022,中山,2,6,1,2022-03-13,https://www.jra.go.jp/datafile/seiseki/report/2022/2022-2nakayama6.pdf,official_daily_result_pdf
202206020602,2022,中山,2,6,2,2022-03-13,https://www.jra.go.jp/datafile/seiseki/report/2022/2022-2nakayama6.pdf,official_daily_result_pdf
202206020603,2022,中山,2,6,3,2022-03-13,https://www.jra.go.jp/datafile/seiseki/report/2022/2022-2nakayama6.pdf,official_daily_result_pdf
202206020604,2022,中山,2,6,4,2022-03-13,https://www.jra.go.jp/datafile/seiseki/report/2022/2022-2nakayama6.pdf,official_daily_result_pdf
202206020605,2022,中山,2,6,5,2022-03-13,https://www.jra.go.jp/datafile/seiseki/report/2022/2022-2nakayama6.pdf,official_daily_result_pdf
202206020606,2022,中山,2,6,6,2022-03-13,https://www.jra.go.jp/datafile/seiseki/report/2022/2022-2nakayama6.pdf,official_daily_result_pdf
202206020607,2022,中山,2,6,7,2022-03-13,https://www.jra.go.jp/datafile/seiseki/report/2022/2022-2nakayama6.pdf,official_daily_result_pdf
202206020608,2022,中山,2,6,8,2022-03-13,https://www.jra.go.jp/datafile/seiseki/report/2022/2022-2nakayama6.pdf,official_daily_result_pdf
202206020609,2022,中山,2,6,9,2022-03-13,https://www.jra.go.jp/datafile/seiseki/report/2022/2022-2nakayama6.pdf,official_daily_result_pdf
202206020610,2022,中山,2,6,10,2022-03-13,https://www.jra.go.jp/datafile/seiseki/report/2022/2022-2nakayama6.pdf,official_daily_result_pdf
202206020611,2022,中山,2,6,11,2022-03-13,https://www.jra.go.jp/datafile/seiseki/report/2022/2022-2nakayama6.pdf,official_daily_result_pdf
202206020612,2022,中山,2,6,12,2022-03-13,https://www.jra.go.jp/datafile/seiseki/report/2022/2022-2nakayama6.pdf,official_daily_result_pdf
202206020701,2022,中山,2,7,1,2022-03-20,https://www.jra.go.jp/datafile/seiseki/report/2022/2022-2nakayama7.pdf,official_daily_result_pdf
202206020702,2022,中山,2,7,2,2022-03-20,https://www.jra.go.jp/datafile/seiseki/report/2022/2022-2nakayama7.pdf,official_daily_result_pdf
202206020703,2022,中山,2,7,3,2022-03-20,https://www.jra.go.jp/datafile/seiseki/report/2022/2022-2nakayama7.pdf,official_daily_result_pdf
202206020704,2022,中山,2,7,4,2022-03-20,https://www.jra.go.jp/datafile/seiseki/report/2022/2022-2nakayama7.pdf,official_daily_result_pdf
202206020705,2022,中山,2,7,5,2022-03-20,https://www.jra.go.jp/datafile/seiseki/report/2022/2022-2nakayama7.pdf,official_daily_result_pdf
202206020706,2022,中山,2,7,6,2022-03-20,https://www.jra.go.jp/datafile/seiseki/report/2022/2022-2nakayama7.pdf,official_daily_result_pdf
202206020707,2022,中山,2,7,7,2022-03-20,https://www.jra.go.jp/datafile/seiseki/report/2022/2022-2nakayama7.pdf,official_daily_result_pdf
202206020708,2022,中山,2,7,8,2022-03-20,https://www.jra.go.jp/datafile/seiseki/report/2022/2022-2nakayama7.pdf,official_daily_result_pdf
202206020709,2022,中山,2,7,9,2022-03-20,https://www.jra.go.jp/datafile/seiseki/report/2022/2022-2nakayama7.pdf,official_daily_result_pdf
202206020710,2022,中山,2,7,10,2022-03-20,https://www.jra.go.jp/datafile/seiseki/report/2022/2022-2nakayama7.pdf,official_daily_result_pdf
202206020711,2022,中山,2,7,11,2022-03-20,https://www.jra.go.jp/datafile/seiseki/report/2022/2022-2nakayama7.pdf,official_daily_result_pdf
202206020712,2022,中山,2,7,12,2022-03-20,https://www.jra.go.jp/datafile/seiseki/report/2022/2022-2nakayama7.pdf,official_daily_result_pdf
202206020801,2022,中山,2,8,1,2022-03-21,https://www.jra.go.jp/datafile/seiseki/report/2022/2022-2nakayama8.pdf,official_daily_result_pdf
202206020802,2022,中山,2,8,2,2022-03-21,https://www.jra.go.jp/datafile/seiseki/report/2022/2022-2nakayama8.pdf,official_daily_result_pdf
202206020803,2022,中山,2,8,3,2022-03-21,https://www.jra.go.jp/datafile/seiseki/report/2022/2022-2nakayama8.pdf,official_daily_result_pdf
202206020804,2022,中山,2,8,4,2022-03-21,https://www.jra.go.jp/datafile/seiseki/report/2022/2022-2nakayama8.pdf,official_daily_result_pdf
202206020805,2022,中山,2,8,5,2022-03-21,https://www.jra.go.jp/datafile/seiseki/report/2022/2022-2nakayama8.pdf,official_daily_result_pdf
202206020806,2022,中山,2,8,6,2022-03-21,https://www.jra.go.jp/datafile/seiseki/report/2022/2022-2nakayama8.pdf,official_daily_result_pdf
202206020807,2022,中山,2,8,7,2022-03-21,https://www.jra.go.jp/datafile/seiseki/report/2022/2022-2nakayama8.pdf,official_daily_result_pdf
202206020808,2022,中山,2,8,8,2022-03-21,https://www.jra.go.jp/datafile/seiseki/report/2022/2022-2nakayama8.pdf,official_daily_result_pdf
202206020809,2022,中山,2,8,9,2022-03-21,https://www.jra.go.jp/datafile/seiseki/report/2022/2022-2nakayama8.pdf,official_daily_result_pdf
202206020810,2022,中山,2,8,10,2022-03-21,https://www.jra.go.jp/datafile/seiseki/report/2022/2022-2nakayama8.pdf,official_daily_result_pdf
202206020811,2022,中山,2,8,11,2022-03-21,https://www.jra.go.jp/datafile/seiseki/report/2022/2022-2nakayama8.pdf,official_daily_result_pdf
202206020812,2022,中山,2,8,12,2022-03-21,https://www.jra.go.jp/datafile/seiseki/report/2022/2022-2nakayama8.pdf,official_daily_result_pdf
202206030101,2022,中山,3,1,1,2022-03-26,https://www.jra.go.jp/datafile/seiseki/report/2022/2022-3nakayama1.pdf,official_daily_result_pdf
202206030102,2022,中山,3,1,2,2022-03-26,https://www.jra.go.jp/datafile/seiseki/report/2022/2022-3nakayama1.pdf,official_daily_result_pdf
202206030103,2022,中山,3,1,3,2022-03-26,https://www.jra.go.jp/datafile/seiseki/report/2022/2022-3nakayama1.pdf,official_daily_result_pdf
202206030104,2022,中山,3,1,4,2022-03-26,https://www.jra.go.jp/datafile/seiseki/report/2022/2022-3nakayama1.pdf,official_daily_result_pdf
202206030105,2022,中山,3,1,5,2022-03-26,https://www.jra.go.jp/datafile/seiseki/report/2022/2022-3nakayama1.pdf,official_daily_result_pdf
202206030106,2022,中山,3,1,6,2022-03-26,https://www.jra.go.jp/datafile/seiseki/report/2022/2022-3nakayama1.pdf,official_daily_result_pdf
202206030107,2022,中山,3,1,7,2022-03-26,https://www.jra.go.jp/datafile/seiseki/report/2022/2022-3nakayama1.pdf,official_daily_result_pdf
202206030108,2022,中山,3,1,8,2022-03-26,https://www.jra.go.jp/datafile/seiseki/report/2022/2022-3nakayama1.pdf,official_daily_result_pdf
202206030109,2022,中山,3,1,9,2022-03-26,https://www.jra.go.jp/datafile/seiseki/report/2022/2022-3nakayama1.pdf,official_daily_result_pdf
202206030110,2022,中山,3,1,10,2022-03-26,https://www.jra.go.jp/datafile/seiseki/report/2022/2022-3nakayama1.pdf,official_daily_result_pdf
202206030111,2022,中山,3,1,11,2022-03-26,https://www.jra.go.jp/datafile/seiseki/report/2022/2022-3nakayama1.pdf,official_daily_result_pdf
202206030112,2022,中山,3,1,12,2022-03-26,https://www.jra.go.jp/datafile/seiseki/report/2022/2022-3nakayama1.pdf,official_daily_result_pdf
202206030201,2022,中山,3,2,1,2022-03-27,https://www.jra.go.jp/datafile/seiseki/report/2022/2022-3nakayama2.pdf,official_daily_result_pdf
202206030202,2022,中山,3,2,2,2022-03-27,https://www.jra.go.jp/datafile/seiseki/report/2022/2022-3nakayama2.pdf,official_daily_result_pdf
202206030203,2022,中山,3,2,3,2022-03-27,https://www.jra.go.jp/datafile/seiseki/report/2022/2022-3nakayama2.pdf,official_daily_result_pdf
202206030204,2022,中山,3,2,4,2022-03-27,https://www.jra.go.jp/datafile/seiseki/report/2022/2022-3nakayama2.pdf,official_daily_result_pdf
202206030205,2022,中山,3,2,5,2022-03-27,https://www.jra.go.jp/datafile/seiseki/report/2022/2022-3nakayama2.pdf,official_daily_result_pdf
202206030206,2022,中山,3,2,6,2022-03-27,https://www.jra.go.jp/datafile/seiseki/report/2022/2022-3nakayama2.pdf,official_daily_result_pdf
202206030207,2022,中山,3,2,7,2022-03-27,https://www.jra.go.jp/datafile/seiseki/report/2022/2022-3nakayama2.pdf,official_daily_result_pdf
202206030208,2022,中山,3,2,8,2022-03-27,https://www.jra.go.jp/datafile/seiseki/report/2022/2022-3nakayama2.pdf,official_daily_result_pdf
202206030209,2022,中山,3,2,9,2022-03-27,https://www.jra.go.jp/datafile/seiseki/report/2022/2022-3nakayama2.pdf,official_daily_result_pdf
202206030210,2022,中山,3,2,10,2022-03-27,https://www.jra.go.jp/datafile/seiseki/report/2022/2022-3nakayama2.pdf,official_daily_result_pdf
202206030211,2022,中山,3,2,11,2022-03-27,https://www.jra.go.jp/datafile/seiseki/report/2022/2022-3nakayama2.pdf,official_daily_result_pdf
202206030212,2022,中山,3,2,12,2022-03-27,https://www.jra.go.jp/datafile/seiseki/report/2022/2022-3nakayama2.pdf,official_daily_result_pdf
202206030301,2022,中山,3,3,1,2022-04-02,https://www.jra.go.jp/datafile/seiseki/report/2022/2022-3nakayama3.pdf,official_daily_result_pdf
202206030302,2022,中山,3,3,2,2022-04-02,https://www.jra.go.jp/datafile/seiseki/report/2022/2022-3nakayama3.pdf,official_daily_result_pdf
202206030303,2022,中山,3,3,3,2022-04-02,https://www.jra.go.jp/datafile/seiseki/report/2022/2022-3nakayama3.pdf,official_daily_result_pdf
202206030304,2022,中山,3,3,4,2022-04-02,https://www.jra.go.jp/datafile/seiseki/report/2022/2022-3nakayama3.pdf,official_daily_result_pdf
202206030305,2022,中山,3,3,5,2022-04-02,https://www.jra.go.jp/datafile/seiseki/report/2022/2022-3nakayama3.pdf,official_daily_result_pdf
202206030306,2022,中山,3,3,6,2022-04-02,https://www.jra.go.jp/datafile/seiseki/report/2022/2022-3nakayama3.pdf,official_daily_result_pdf
202206030307,2022,中山,3,3,7,2022-04-02,https://www.jra.go.jp/datafile/seiseki/report/2022/2022-3nakayama3.pdf,official_daily_result_pdf
202206030308,2022,中山,3,3,8,2022-04-02,https://www.jra.go.jp/datafile/seiseki/report/2022/2022-3nakayama3.pdf,official_daily_result_pdf
202206030309,2022,中山,3,3,9,2022-04-02,https://www.jra.go.jp/datafile/seiseki/report/2022/2022-3nakayama3.pdf,official_daily_result_pdf
202206030310,2022,中山,3,3,10,2022-04-02,https://www.jra.go.jp/datafile/seiseki/report/2022/2022-3nakayama3.pdf,official_daily_result_pdf
202206030311,2022,中山,3,3,11,2022-04-02,https://www.jra.go.jp/datafile/seiseki/report/2022/2022-3nakayama3.pdf,official_daily_result_pdf
202206030312,2022,中山,3,3,12,2022-04-02,https://www.jra.go.jp/datafile/seiseki/report/2022/2022-3nakayama3.pdf,official_daily_result_pdf
202206030401,2022,中山,3,4,1,2022-04-03,https://www.jra.go.jp/datafile/seiseki/report/2022/2022-3nakayama4.pdf,official_daily_result_pdf
202206030402,2022,中山,3,4,2,2022-04-03,https://www.jra.go.jp/datafile/seiseki/report/2022/2022-3nakayama4.pdf,official_daily_result_pdf
202206030403,2022,中山,3,4,3,2022-04-03,https://www.jra.go.jp/datafile/seiseki/report/2022/2022-3nakayama4.pdf,official_daily_result_pdf
202206030404,2022,中山,3,4,4,2022-04-03,https://www.jra.go.jp/datafile/seiseki/report/2022/2022-3nakayama4.pdf,official_daily_result_pdf
202206030405,2022,中山,3,4,5,2022-04-03,https://www.jra.go.jp/datafile/seiseki/report/2022/2022-3nakayama4.pdf,official_daily_result_pdf
202206030406,2022,中山,3,4,6,2022-04-03,https://www.jra.go.jp/datafile/seiseki/report/2022/2022-3nakayama4.pdf,official_daily_result_pdf
202206030407,2022,中山,3,4,7,2022-04-03,https://www.jra.go.jp/datafile/seiseki/report/2022/2022-3nakayama4.pdf,official_daily_result_pdf
202206030408,2022,中山,3,4,8,2022-04-03,https://www.jra.go.jp/datafile/seiseki/report/2022/2022-3nakayama4.pdf,official_daily_result_pdf
202206030409,2022,中山,3,4,9,2022-04-03,https://www.jra.go.jp/datafile/seiseki/report/2022/2022-3nakayama4.pdf,official_daily_result_pdf
202206030410,2022,中山,3,4,10,2022-04-03,https://www.jra.go.jp/datafile/seiseki/report/2022/2022-3nakayama4.pdf,official_daily_result_pdf
202206030411,2022,中山,3,4,11,2022-04-03,https://www.jra.go.jp/datafile/seiseki/report/2022/2022-3nakayama4.pdf,official_daily_result_pdf
202206030412,2022,中山,3,4,12,2022-04-03,https://www.jra.go.jp/datafile/seiseki/report/2022/2022-3nakayama4.pdf,official_daily_result_pdf
202206030501,2022,中山,3,5,1,2022-04-09,https://www.jra.go.jp/datafile/seiseki/report/2022/2022-3nakayama5.pdf,official_daily_result_pdf
202206030502,2022,中山,3,5,2,2022-04-09,https://www.jra.go.jp/datafile/seiseki/report/2022/2022-3nakayama5.pdf,official_daily_result_pdf
202206030503,2022,中山,3,5,3,2022-04-09,https://www.jra.go.jp/datafile/seiseki/report/2022/2022-3nakayama5.pdf,official_daily_result_pdf
202206030504,2022,中山,3,5,4,2022-04-09,https://www.jra.go.jp/datafile/seiseki/report/2022/2022-3nakayama5.pdf,official_daily_result_pdf
202206030505,2022,中山,3,5,5,2022-04-09,https://www.jra.go.jp/datafile/seiseki/report/2022/2022-3nakayama5.pdf,official_daily_result_pdf
202206030506,2022,中山,3,5,6,2022-04-09,https://www.jra.go.jp/datafile/seiseki/report/2022/2022-3nakayama5.pdf,official_daily_result_pdf
202206030507,2022,中山,3,5,7,2022-04-09,https://www.jra.go.jp/datafile/seiseki/report/2022/2022-3nakayama5.pdf,official_daily_result_pdf
202206030508,2022,中山,3,5,8,2022-04-09,https://www.jra.go.jp/datafile/seiseki/report/2022/2022-3nakayama5.pdf,official_daily_result_pdf
202206030509,2022,中山,3,5,9,2022-04-09,https://www.jra.go.jp/datafile/seiseki/report/2022/2022-3nakayama5.pdf,official_daily_result_pdf
202206030510,2022,中山,3,5,10,2022-04-09,https://www.jra.go.jp/datafile/seiseki/report/2022/2022-3nakayama5.pdf,official_daily_result_pdf
202206030511,2022,中山,3,5,11,2022-04-09,https://www.jra.go.jp/datafile/seiseki/report/2022/2022-3nakayama5.pdf,official_daily_result_pdf
202206030512,2022,中山,3,5,12,2022-04-09,https://www.jra.go.jp/datafile/seiseki/report/2022/2022-3nakayama5.pdf,official_daily_result_pdf
202206030601,2022,中山,3,6,1,2022-04-10,https://www.jra.go.jp/datafile/seiseki/report/2022/2022-3nakayama6.pdf,official_daily_result_pdf
202206030602,2022,中山,3,6,2,2022-04-10,https://www.jra.go.jp/datafile/seiseki/report/2022/2022-3nakayama6.pdf,official_daily_result_pdf
202206030603,2022,中山,3,6,3,2022-04-10,https://www.jra.go.jp/datafile/seiseki/report/2022/2022-3nakayama6.pdf,official_daily_result_pdf
202206030604,2022,中山,3,6,4,2022-04-10,https://www.jra.go.jp/datafile/seiseki/report/2022/2022-3nakayama6.pdf,official_daily_result_pdf
202206030605,2022,中山,3,6,5,2022-04-10,https://www.jra.go.jp/datafile/seiseki/report/2022/2022-3nakayama6.pdf,official_daily_result_pdf
202206030606,2022,中山,3,6,6,2022-04-10,https://www.jra.go.jp/datafile/seiseki/report/2022/2022-3nakayama6.pdf,official_daily_result_pdf
202206030607,2022,中山,3,6,7,2022-04-10,https://www.jra.go.jp/datafile/seiseki/report/2022/2022-3nakayama6.pdf,official_daily_result_pdf
202206030608,2022,中山,3,6,8,2022-04-10,https://www.jra.go.jp/datafile/seiseki/report/2022/2022-3nakayama6.pdf,official_daily_result_pdf
202206030609,2022,中山,3,6,9,2022-04-10,https://www.jra.go.jp/datafile/seiseki/report/2022/2022-3nakayama6.pdf,official_daily_result_pdf
202206030610,2022,中山,3,6,10,2022-04-10,https://www.jra.go.jp/datafile/seiseki/report/2022/2022-3nakayama6.pdf,official_daily_result_pdf
202206030611,2022,中山,3,6,11,2022-04-10,https://www.jra.go.jp/datafile/seiseki/report/2022/2022-3nakayama6.pdf,official_daily_result_pdf
202206030612,2022,中山,3,6,12,2022-04-10,https://www.jra.go.jp/datafile/seiseki/report/2022/2022-3nakayama6.pdf,official_daily_result_pdf
202206030701,2022,中山,3,7,1,2022-04-16,https://www.jra.go.jp/datafile/seiseki/report/2022/2022-3nakayama7.pdf,official_daily_result_pdf
202206030702,2022,中山,3,7,2,2022-04-16,https://www.jra.go.jp/datafile/seiseki/report/2022/2022-3nakayama7.pdf,official_daily_result_pdf
202206030703,2022,中山,3,7,3,2022-04-16,https://www.jra.go.jp/datafile/seiseki/report/2022/2022-3nakayama7.pdf,official_daily_result_pdf
202206030704,2022,中山,3,7,4,2022-04-16,https://www.jra.go.jp/datafile/seiseki/report/2022/2022-3nakayama7.pdf,official_daily_result_pdf
202206030705,2022,中山,3,7,5,2022-04-16,https://www.jra.go.jp/datafile/seiseki/report/2022/2022-3nakayama7.pdf,official_daily_result_pdf
202206030706,2022,中山,3,7,6,2022-04-16,https://www.jra.go.jp/datafile/seiseki/report/2022/2022-3nakayama7.pdf,official_daily_result_pdf
202206030707,2022,中山,3,7,7,2022-04-16,https://www.jra.go.jp/datafile/seiseki/report/2022/2022-3nakayama7.pdf,official_daily_result_pdf
202206030708,2022,中山,3,7,8,2022-04-16,https://www.jra.go.jp/datafile/seiseki/report/2022/2022-3nakayama7.pdf,official_daily_result_pdf
202206030709,2022,中山,3,7,9,2022-04-16,https://www.jra.go.jp/datafile/seiseki/report/2022/2022-3nakayama7.pdf,official_daily_result_pdf
202206030710,2022,中山,3,7,10,2022-04-16,https://www.jra.go.jp/datafile/seiseki/report/2022/2022-3nakayama7.pdf,official_daily_result_pdf
202206030711,2022,中山,3,7,11,2022-04-16,https://www.jra.go.jp/datafile/seiseki/report/2022/2022-3nakayama7.pdf,official_daily_result_pdf
202206030712,2022,中山,3,7,12,2022-04-16,https://www.jra.go.jp/datafile/seiseki/report/2022/2022-3nakayama7.pdf,official_daily_result_pdf
202206030801,2022,中山,3,8,1,2022-04-17,https://www.jra.go.jp/datafile/seiseki/report/2022/2022-3nakayama8.pdf,official_daily_result_pdf
202206030802,2022,中山,3,8,2,2022-04-17,https://www.jra.go.jp/datafile/seiseki/report/2022/2022-3nakayama8.pdf,official_daily_result_pdf
202206030803,2022,中山,3,8,3,2022-04-17,https://www.jra.go.jp/datafile/seiseki/report/2022/2022-3nakayama8.pdf,official_daily_result_pdf
202206030804,2022,中山,3,8,4,2022-04-17,https://www.jra.go.jp/datafile/seiseki/report/2022/2022-3nakayama8.pdf,official_daily_result_pdf
202206030805,2022,中山,3,8,5,2022-04-17,https://www.jra.go.jp/datafile/seiseki/report/2022/2022-3nakayama8.pdf,official_daily_result_pdf
202206030806,2022,中山,3,8,6,2022-04-17,https://www.jra.go.jp/datafile/seiseki/report/2022/2022-3nakayama8.pdf,official_daily_result_pdf
202206030807,2022,中山,3,8,7,2022-04-17,https://www.jra.go.jp/datafile/seiseki/report/2022/2022-3nakayama8.pdf,official_daily_result_pdf
202206030808,2022,中山,3,8,8,2022-04-17,https://www.jra.go.jp/datafile/seiseki/report/2022/2022-3nakayama8.pdf,official_daily_result_pdf
202206030809,2022,中山,3,8,9,2022-04-17,https://www.jra.go.jp/datafile/seiseki/report/2022/2022-3nakayama8.pdf,official_daily_result_pdf
202206030810,2022,中山,3,8,10,2022-04-17,https://www.jra.go.jp/datafile/seiseki/report/2022/2022-3nakayama8.pdf,official_daily_result_pdf
202206030811,2022,中山,3,8,11,2022-04-17,https://www.jra.go.jp/datafile/seiseki/report/2022/2022-3nakayama8.pdf,official_daily_result_pdf
202206030812,2022,中山,3,8,12,2022-04-17,https://www.jra.go.jp/datafile/seiseki/report/2022/2022-3nakayama8.pdf,official_daily_result_pdf
202206040101,2022,中山,4,1,1,2022-09-10,https://www.jra.go.jp/datafile/seiseki/report/2022/2022-4nakayama1.pdf,official_daily_result_pdf
202206040102,2022,中山,4,1,2,2022-09-10,https://www.jra.go.jp/datafile/seiseki/report/2022/2022-4nakayama1.pdf,official_daily_result_pdf
202206040103,2022,中山,4,1,3,2022-09-10,https://www.jra.go.jp/datafile/seiseki/report/2022/2022-4nakayama1.pdf,official_daily_result_pdf
202206040104,2022,中山,4,1,4,2022-09-10,https://www.jra.go.jp/datafile/seiseki/report/2022/2022-4nakayama1.pdf,official_daily_result_pdf
202206040105,2022,中山,4,1,5,2022-09-10,https://www.jra.go.jp/datafile/seiseki/report/2022/2022-4nakayama1.pdf,official_daily_result_pdf
202206040106,2022,中山,4,1,6,2022-09-10,https://www.jra.go.jp/datafile/seiseki/report/2022/2022-4nakayama1.pdf,official_daily_result_pdf
202206040107,2022,中山,4,1,7,2022-09-10,https://www.jra.go.jp/datafile/seiseki/report/2022/2022-4nakayama1.pdf,official_daily_result_pdf
202206040108,2022,中山,4,1,8,2022-09-10,https://www.jra.go.jp/datafile/seiseki/report/2022/2022-4nakayama1.pdf,official_daily_result_pdf
202206040109,2022,中山,4,1,9,2022-09-10,https://www.jra.go.jp/datafile/seiseki/report/2022/2022-4nakayama1.pdf,official_daily_result_pdf
202206040110,2022,中山,4,1,10,2022-09-10,https://www.jra.go.jp/datafile/seiseki/report/2022/2022-4nakayama1.pdf,official_daily_result_pdf
202206040111,2022,中山,4,1,11,2022-09-10,https://www.jra.go.jp/datafile/seiseki/report/2022/2022-4nakayama1.pdf,official_daily_result_pdf
202206040112,2022,中山,4,1,12,2022-09-10,https://www.jra.go.jp/datafile/seiseki/report/2022/2022-4nakayama1.pdf,official_daily_result_pdf
202206040201,2022,中山,4,2,1,2022-09-11,https://www.jra.go.jp/datafile/seiseki/report/2022/2022-4nakayama2.pdf,official_daily_result_pdf
202206040202,2022,中山,4,2,2,2022-09-11,https://www.jra.go.jp/datafile/seiseki/report/2022/2022-4nakayama2.pdf,official_daily_result_pdf
202206040203,2022,中山,4,2,3,2022-09-11,https://www.jra.go.jp/datafile/seiseki/report/2022/2022-4nakayama2.pdf,official_daily_result_pdf
202206040204,2022,中山,4,2,4,2022-09-11,https://www.jra.go.jp/datafile/seiseki/report/2022/2022-4nakayama2.pdf,official_daily_result_pdf
202206040205,2022,中山,4,2,5,2022-09-11,https://www.jra.go.jp/datafile/seiseki/report/2022/2022-4nakayama2.pdf,official_daily_result_pdf
202206040206,2022,中山,4,2,6,2022-09-11,https://www.jra.go.jp/datafile/seiseki/report/2022/2022-4nakayama2.pdf,official_daily_result_pdf
202206040207,2022,中山,4,2,7,2022-09-11,https://www.jra.go.jp/datafile/seiseki/report/2022/2022-4nakayama2.pdf,official_daily_result_pdf
202206040208,2022,中山,4,2,8,2022-09-11,https://www.jra.go.jp/datafile/seiseki/report/2022/2022-4nakayama2.pdf,official_daily_result_pdf
202206040209,2022,中山,4,2,9,2022-09-11,https://www.jra.go.jp/datafile/seiseki/report/2022/2022-4nakayama2.pdf,official_daily_result_pdf
202206040210,2022,中山,4,2,10,2022-09-11,https://www.jra.go.jp/datafile/seiseki/report/2022/2022-4nakayama2.pdf,official_daily_result_pdf
202206040211,2022,中山,4,2,11,2022-09-11,https://www.jra.go.jp/datafile/seiseki/report/2022/2022-4nakayama2.pdf,official_daily_result_pdf
202206040212,2022,中山,4,2,12,2022-09-11,https://www.jra.go.jp/datafile/seiseki/report/2022/2022-4nakayama2.pdf,official_daily_result_pdf
202206040301,2022,中山,4,3,1,2022-09-17,https://www.jra.go.jp/datafile/seiseki/report/2022/2022-4nakayama3.pdf,official_daily_result_pdf
202206040302,2022,中山,4,3,2,2022-09-17,https://www.jra.go.jp/datafile/seiseki/report/2022/2022-4nakayama3.pdf,official_daily_result_pdf
202206040303,2022,中山,4,3,3,2022-09-17,https://www.jra.go.jp/datafile/seiseki/report/2022/2022-4nakayama3.pdf,official_daily_result_pdf
202206040304,2022,中山,4,3,4,2022-09-17,https://www.jra.go.jp/datafile/seiseki/report/2022/2022-4nakayama3.pdf,official_daily_result_pdf
202206040305,2022,中山,4,3,5,2022-09-17,https://www.jra.go.jp/datafile/seiseki/report/2022/2022-4nakayama3.pdf,official_daily_result_pdf
202206040306,2022,中山,4,3,6,2022-09-17,https://www.jra.go.jp/datafile/seiseki/report/2022/2022-4nakayama3.pdf,official_daily_result_pdf
202206040307,2022,中山,4,3,7,2022-09-17,https://www.jra.go.jp/datafile/seiseki/report/2022/2022-4nakayama3.pdf,official_daily_result_pdf
202206040308,2022,中山,4,3,8,2022-09-17,https://www.jra.go.jp/datafile/seiseki/report/2022/2022-4nakayama3.pdf,official_daily_result_pdf
202206040309,2022,中山,4,3,9,2022-09-17,https://www.jra.go.jp/datafile/seiseki/report/2022/2022-4nakayama3.pdf,official_daily_result_pdf
202206040310,2022,中山,4,3,10,2022-09-17,https://www.jra.go.jp/datafile/seiseki/report/2022/2022-4nakayama3.pdf,official_daily_result_pdf
202206040311,2022,中山,4,3,11,2022-09-17,https://www.jra.go.jp/datafile/seiseki/report/2022/2022-4nakayama3.pdf,official_daily_result_pdf
202206040312,2022,中山,4,3,12,2022-09-17,https://www.jra.go.jp/datafile/seiseki/report/2022/2022-4nakayama3.pdf,official_daily_result_pdf
202206040401,2022,中山,4,4,1,2022-09-18,https://www.jra.go.jp/datafile/seiseki/report/2022/2022-4nakayama4.pdf,official_daily_result_pdf
202206040402,2022,中山,4,4,2,2022-09-18,https://www.jra.go.jp/datafile/seiseki/report/2022/2022-4nakayama4.pdf,official_daily_result_pdf
202206040403,2022,中山,4,4,3,2022-09-18,https://www.jra.go.jp/datafile/seiseki/report/2022/2022-4nakayama4.pdf,official_daily_result_pdf
202206040404,2022,中山,4,4,4,2022-09-18,https://www.jra.go.jp/datafile/seiseki/report/2022/2022-4nakayama4.pdf,official_daily_result_pdf
202206040405,2022,中山,4,4,5,2022-09-18,https://www.jra.go.jp/datafile/seiseki/report/2022/2022-4nakayama4.pdf,official_daily_result_pdf
202206040406,2022,中山,4,4,6,2022-09-18,https://www.jra.go.jp/datafile/seiseki/report/2022/2022-4nakayama4.pdf,official_daily_result_pdf
202206040407,2022,中山,4,4,7,2022-09-18,https://www.jra.go.jp/datafile/seiseki/report/2022/2022-4nakayama4.pdf,official_daily_result_pdf
202206040408,2022,中山,4,4,8,2022-09-18,https://www.jra.go.jp/datafile/seiseki/report/2022/2022-4nakayama4.pdf,official_daily_result_pdf
202206040409,2022,中山,4,4,9,2022-09-18,https://www.jra.go.jp/datafile/seiseki/report/2022/2022-4nakayama4.pdf,official_daily_result_pdf
202206040410,2022,中山,4,4,10,2022-09-18,https://www.jra.go.jp/datafile/seiseki/report/2022/2022-4nakayama4.pdf,official_daily_result_pdf
202206040411,2022,中山,4,4,11,2022-09-18,https://www.jra.go.jp/datafile/seiseki/report/2022/2022-4nakayama4.pdf,official_daily_result_pdf
202206040412,2022,中山,4,4,12,2022-09-18,https://www.jra.go.jp/datafile/seiseki/report/2022/2022-4nakayama4.pdf,official_daily_result_pdf
202206040501,2022,中山,4,5,1,2022-09-19,https://www.jra.go.jp/datafile/seiseki/report/2022/2022-4nakayama5.pdf,official_daily_result_pdf
202206040502,2022,中山,4,5,2,2022-09-19,https://www.jra.go.jp/datafile/seiseki/report/2022/2022-4nakayama5.pdf,official_daily_result_pdf
202206040503,2022,中山,4,5,3,2022-09-19,https://www.jra.go.jp/datafile/seiseki/report/2022/2022-4nakayama5.pdf,official_daily_result_pdf
202206040504,2022,中山,4,5,4,2022-09-19,https://www.jra.go.jp/datafile/seiseki/report/2022/2022-4nakayama5.pdf,official_daily_result_pdf
202206040505,2022,中山,4,5,5,2022-09-19,https://www.jra.go.jp/datafile/seiseki/report/2022/2022-4nakayama5.pdf,official_daily_result_pdf
202206040506,2022,中山,4,5,6,2022-09-19,https://www.jra.go.jp/datafile/seiseki/report/2022/2022-4nakayama5.pdf,official_daily_result_pdf
202206040507,2022,中山,4,5,7,2022-09-19,https://www.jra.go.jp/datafile/seiseki/report/2022/2022-4nakayama5.pdf,official_daily_result_pdf
202206040508,2022,中山,4,5,8,2022-09-19,https://www.jra.go.jp/datafile/seiseki/report/2022/2022-4nakayama5.pdf,official_daily_result_pdf
202206040509,2022,中山,4,5,9,2022-09-19,https://www.jra.go.jp/datafile/seiseki/report/2022/2022-4nakayama5.pdf,official_daily_result_pdf
202206040510,2022,中山,4,5,10,2022-09-19,https://www.jra.go.jp/datafile/seiseki/report/2022/2022-4nakayama5.pdf,official_daily_result_pdf
202206040511,2022,中山,4,5,11,2022-09-19,https://www.jra.go.jp/datafile/seiseki/report/2022/2022-4nakayama5.pdf,official_daily_result_pdf
202206040512,2022,中山,4,5,12,2022-09-19,https://www.jra.go.jp/datafile/seiseki/report/2022/2022-4nakayama5.pdf,official_daily_result_pdf
202206040601,2022,中山,4,6,1,2022-09-24,https://www.jra.go.jp/datafile/seiseki/report/2022/2022-4nakayama6.pdf,official_daily_result_pdf
202206040602,2022,中山,4,6,2,2022-09-24,https://www.jra.go.jp/datafile/seiseki/report/2022/2022-4nakayama6.pdf,official_daily_result_pdf
202206040603,2022,中山,4,6,3,2022-09-24,https://www.jra.go.jp/datafile/seiseki/report/2022/2022-4nakayama6.pdf,official_daily_result_pdf
202206040604,2022,中山,4,6,4,2022-09-24,https://www.jra.go.jp/datafile/seiseki/report/2022/2022-4nakayama6.pdf,official_daily_result_pdf
202206040605,2022,中山,4,6,5,2022-09-24,https://www.jra.go.jp/datafile/seiseki/report/2022/2022-4nakayama6.pdf,official_daily_result_pdf
202206040606,2022,中山,4,6,6,2022-09-24,https://www.jra.go.jp/datafile/seiseki/report/2022/2022-4nakayama6.pdf,official_daily_result_pdf
202206040607,2022,中山,4,6,7,2022-09-24,https://www.jra.go.jp/datafile/seiseki/report/2022/2022-4nakayama6.pdf,official_daily_result_pdf
202206040608,2022,中山,4,6,8,2022-09-24,https://www.jra.go.jp/datafile/seiseki/report/2022/2022-4nakayama6.pdf,official_daily_result_pdf
202206040609,2022,中山,4,6,9,2022-09-24,https://www.jra.go.jp/datafile/seiseki/report/2022/2022-4nakayama6.pdf,official_daily_result_pdf
202206040610,2022,中山,4,6,10,2022-09-24,https://www.jra.go.jp/datafile/seiseki/report/2022/2022-4nakayama6.pdf,official_daily_result_pdf
202206040611,2022,中山,4,6,11,2022-09-24,https://www.jra.go.jp/datafile/seiseki/report/2022/2022-4nakayama6.pdf,official_daily_result_pdf
202206040612,2022,中山,4,6,12,2022-09-24,https://www.jra.go.jp/datafile/seiseki/report/2022/2022-4nakayama6.pdf,official_daily_result_pdf
202206040701,2022,中山,4,7,1,2022-09-25,https://www.jra.go.jp/datafile/seiseki/report/2022/2022-4nakayama7.pdf,official_daily_result_pdf
202206040702,2022,中山,4,7,2,2022-09-25,https://www.jra.go.jp/datafile/seiseki/report/2022/2022-4nakayama7.pdf,official_daily_result_pdf
202206040703,2022,中山,4,7,3,2022-09-25,https://www.jra.go.jp/datafile/seiseki/report/2022/2022-4nakayama7.pdf,official_daily_result_pdf
202206040704,2022,中山,4,7,4,2022-09-25,https://www.jra.go.jp/datafile/seiseki/report/2022/2022-4nakayama7.pdf,official_daily_result_pdf
202206040705,2022,中山,4,7,5,2022-09-25,https://www.jra.go.jp/datafile/seiseki/report/2022/2022-4nakayama7.pdf,official_daily_result_pdf
202206040706,2022,中山,4,7,6,2022-09-25,https://www.jra.go.jp/datafile/seiseki/report/2022/2022-4nakayama7.pdf,official_daily_result_pdf
202206040707,2022,中山,4,7,7,2022-09-25,https://www.jra.go.jp/datafile/seiseki/report/2022/2022-4nakayama7.pdf,official_daily_result_pdf
202206040708,2022,中山,4,7,8,2022-09-25,https://www.jra.go.jp/datafile/seiseki/report/2022/2022-4nakayama7.pdf,official_daily_result_pdf
202206040709,2022,中山,4,7,9,2022-09-25,https://www.jra.go.jp/datafile/seiseki/report/2022/2022-4nakayama7.pdf,official_daily_result_pdf
202206040710,2022,中山,4,7,10,2022-09-25,https://www.jra.go.jp/datafile/seiseki/report/2022/2022-4nakayama7.pdf,official_daily_result_pdf
202206040711,2022,中山,4,7,11,2022-09-25,https://www.jra.go.jp/datafile/seiseki/report/2022/2022-4nakayama7.pdf,official_daily_result_pdf
202206040712,2022,中山,4,7,12,2022-09-25,https://www.jra.go.jp/datafile/seiseki/report/2022/2022-4nakayama7.pdf,official_daily_result_pdf
202206040801,2022,中山,4,8,1,2022-10-01,https://www.jra.go.jp/datafile/seiseki/report/2022/2022-4nakayama8.pdf,official_daily_result_pdf
202206040802,2022,中山,4,8,2,2022-10-01,https://www.jra.go.jp/datafile/seiseki/report/2022/2022-4nakayama8.pdf,official_daily_result_pdf
202206040803,2022,中山,4,8,3,2022-10-01,https://www.jra.go.jp/datafile/seiseki/report/2022/2022-4nakayama8.pdf,official_daily_result_pdf
202206040804,2022,中山,4,8,4,2022-10-01,https://www.jra.go.jp/datafile/seiseki/report/2022/2022-4nakayama8.pdf,official_daily_result_pdf
202206040805,2022,中山,4,8,5,2022-10-01,https://www.jra.go.jp/datafile/seiseki/report/2022/2022-4nakayama8.pdf,official_daily_result_pdf
202206040806,2022,中山,4,8,6,2022-10-01,https://www.jra.go.jp/datafile/seiseki/report/2022/2022-4nakayama8.pdf,official_daily_result_pdf
202206040807,2022,中山,4,8,7,2022-10-01,https://www.jra.go.jp/datafile/seiseki/report/2022/2022-4nakayama8.pdf,official_daily_result_pdf
202206040808,2022,中山,4,8,8,2022-10-01,https://www.jra.go.jp/datafile/seiseki/report/2022/2022-4nakayama8.pdf,official_daily_result_pdf
202206040809,2022,中山,4,8,9,2022-10-01,https://www.jra.go.jp/datafile/seiseki/report/2022/2022-4nakayama8.pdf,official_daily_result_pdf
202206040810,2022,中山,4,8,10,2022-10-01,https://www.jra.go.jp/datafile/seiseki/report/2022/2022-4nakayama8.pdf,official_daily_result_pdf
202206040811,2022,中山,4,8,11,2022-10-01,https://www.jra.go.jp/datafile/seiseki/report/2022/2022-4nakayama8.pdf,official_daily_result_pdf
202206040812,2022,中山,4,8,12,2022-10-01,https://www.jra.go.jp/datafile/seiseki/report/2022/2022-4nakayama8.pdf,official_daily_result_pdf
202206040901,2022,中山,4,9,1,2022-10-02,https://www.jra.go.jp/datafile/seiseki/report/2022/2022-4nakayama9.pdf,official_daily_result_pdf
202206040902,2022,中山,4,9,2,2022-10-02,https://www.jra.go.jp/datafile/seiseki/report/2022/2022-4nakayama9.pdf,official_daily_result_pdf
202206040903,2022,中山,4,9,3,2022-10-02,https://www.jra.go.jp/datafile/seiseki/report/2022/2022-4nakayama9.pdf,official_daily_result_pdf
202206040904,2022,中山,4,9,4,2022-10-02,https://www.jra.go.jp/datafile/seiseki/report/2022/2022-4nakayama9.pdf,official_daily_result_pdf
202206040905,2022,中山,4,9,5,2022-10-02,https://www.jra.go.jp/datafile/seiseki/report/2022/2022-4nakayama9.pdf,official_daily_result_pdf
202206040906,2022,中山,4,9,6,2022-10-02,https://www.jra.go.jp/datafile/seiseki/report/2022/2022-4nakayama9.pdf,official_daily_result_pdf
202206040907,2022,中山,4,9,7,2022-10-02,https://www.jra.go.jp/datafile/seiseki/report/2022/2022-4nakayama9.pdf,official_daily_result_pdf
202206040908,2022,中山,4,9,8,2022-10-02,https://www.jra.go.jp/datafile/seiseki/report/2022/2022-4nakayama9.pdf,official_daily_result_pdf
202206040909,2022,中山,4,9,9,2022-10-02,https://www.jra.go.jp/datafile/seiseki/report/2022/2022-4nakayama9.pdf,official_daily_result_pdf
202206040910,2022,中山,4,9,10,2022-10-02,https://www.jra.go.jp/datafile/seiseki/report/2022/2022-4nakayama9.pdf,official_daily_result_pdf
202206040911,2022,中山,4,9,11,2022-10-02,https://www.jra.go.jp/datafile/seiseki/report/2022/2022-4nakayama9.pdf,official_daily_result_pdf
202206040912,2022,中山,4,9,12,2022-10-02,https://www.jra.go.jp/datafile/seiseki/report/2022/2022-4nakayama9.pdf,official_daily_result_pdf
202206050101,2022,中山,5,1,1,2022-12-03,https://www.jra.go.jp/datafile/seiseki/report/2022/2022-5nakayama1.pdf,official_daily_result_pdf
202206050102,2022,中山,5,1,2,2022-12-03,https://www.jra.go.jp/datafile/seiseki/report/2022/2022-5nakayama1.pdf,official_daily_result_pdf
202206050103,2022,中山,5,1,3,2022-12-03,https://www.jra.go.jp/datafile/seiseki/report/2022/2022-5nakayama1.pdf,official_daily_result_pdf
202206050104,2022,中山,5,1,4,2022-12-03,https://www.jra.go.jp/datafile/seiseki/report/2022/2022-5nakayama1.pdf,official_daily_result_pdf
202206050105,2022,中山,5,1,5,2022-12-03,https://www.jra.go.jp/datafile/seiseki/report/2022/2022-5nakayama1.pdf,official_daily_result_pdf
202206050106,2022,中山,5,1,6,2022-12-03,https://www.jra.go.jp/datafile/seiseki/report/2022/2022-5nakayama1.pdf,official_daily_result_pdf
202206050107,2022,中山,5,1,7,2022-12-03,https://www.jra.go.jp/datafile/seiseki/report/2022/2022-5nakayama1.pdf,official_daily_result_pdf
202206050108,2022,中山,5,1,8,2022-12-03,https://www.jra.go.jp/datafile/seiseki/report/2022/2022-5nakayama1.pdf,official_daily_result_pdf
202206050109,2022,中山,5,1,9,2022-12-03,https://www.jra.go.jp/datafile/seiseki/report/2022/2022-5nakayama1.pdf,official_daily_result_pdf
202206050110,2022,中山,5,1,10,2022-12-03,https://www.jra.go.jp/datafile/seiseki/report/2022/2022-5nakayama1.pdf,official_daily_result_pdf
202206050111,2022,中山,5,1,11,2022-12-03,https://www.jra.go.jp/datafile/seiseki/report/2022/2022-5nakayama1.pdf,official_daily_result_pdf
202206050112,2022,中山,5,1,12,2022-12-03,https://www.jra.go.jp/datafile/seiseki/report/2022/2022-5nakayama1.pdf,official_daily_result_pdf
202206050201,2022,中山,5,2,1,2022-12-04,https://www.jra.go.jp/datafile/seiseki/report/2022/2022-5nakayama2.pdf,official_daily_result_pdf
202206050202,2022,中山,5,2,2,2022-12-04,https://www.jra.go.jp/datafile/seiseki/report/2022/2022-5nakayama2.pdf,official_daily_result_pdf
202206050203,2022,中山,5,2,3,2022-12-04,https://www.jra.go.jp/datafile/seiseki/report/2022/2022-5nakayama2.pdf,official_daily_result_pdf
202206050204,2022,中山,5,2,4,2022-12-04,https://www.jra.go.jp/datafile/seiseki/report/2022/2022-5nakayama2.pdf,official_daily_result_pdf
202206050205,2022,中山,5,2,5,2022-12-04,https://www.jra.go.jp/datafile/seiseki/report/2022/2022-5nakayama2.pdf,official_daily_result_pdf
202206050206,2022,中山,5,2,6,2022-12-04,https://www.jra.go.jp/datafile/seiseki/report/2022/2022-5nakayama2.pdf,official_daily_result_pdf
202206050207,2022,中山,5,2,7,2022-12-04,https://www.jra.go.jp/datafile/seiseki/report/2022/2022-5nakayama2.pdf,official_daily_result_pdf
202206050208,2022,中山,5,2,8,2022-12-04,https://www.jra.go.jp/datafile/seiseki/report/2022/2022-5nakayama2.pdf,official_daily_result_pdf
202206050209,2022,中山,5,2,9,2022-12-04,https://www.jra.go.jp/datafile/seiseki/report/2022/2022-5nakayama2.pdf,official_daily_result_pdf
202206050210,2022,中山,5,2,10,2022-12-04,https://www.jra.go.jp/datafile/seiseki/report/2022/2022-5nakayama2.pdf,official_daily_result_pdf
202206050211,2022,中山,5,2,11,2022-12-04,https://www.jra.go.jp/datafile/seiseki/report/2022/2022-5nakayama2.pdf,official_daily_result_pdf
202206050212,2022,中山,5,2,12,2022-12-04,https://www.jra.go.jp/datafile/seiseki/report/2022/2022-5nakayama2.pdf,official_daily_result_pdf
202206050301,2022,中山,5,3,1,2022-12-10,https://www.jra.go.jp/datafile/seiseki/report/2022/2022-5nakayama3.pdf,official_daily_result_pdf
202206050302,2022,中山,5,3,2,2022-12-10,https://www.jra.go.jp/datafile/seiseki/report/2022/2022-5nakayama3.pdf,official_daily_result_pdf
202206050303,2022,中山,5,3,3,2022-12-10,https://www.jra.go.jp/datafile/seiseki/report/2022/2022-5nakayama3.pdf,official_daily_result_pdf
202206050304,2022,中山,5,3,4,2022-12-10,https://www.jra.go.jp/datafile/seiseki/report/2022/2022-5nakayama3.pdf,official_daily_result_pdf
202206050305,2022,中山,5,3,5,2022-12-10,https://www.jra.go.jp/datafile/seiseki/report/2022/2022-5nakayama3.pdf,official_daily_result_pdf
202206050306,2022,中山,5,3,6,2022-12-10,https://www.jra.go.jp/datafile/seiseki/report/2022/2022-5nakayama3.pdf,official_daily_result_pdf
202206050307,2022,中山,5,3,7,2022-12-10,https://www.jra.go.jp/datafile/seiseki/report/2022/2022-5nakayama3.pdf,official_daily_result_pdf
202206050308,2022,中山,5,3,8,2022-12-10,https://www.jra.go.jp/datafile/seiseki/report/2022/2022-5nakayama3.pdf,official_daily_result_pdf
202206050309,2022,中山,5,3,9,2022-12-10,https://www.jra.go.jp/datafile/seiseki/report/2022/2022-5nakayama3.pdf,official_daily_result_pdf
202206050310,2022,中山,5,3,10,2022-12-10,https://www.jra.go.jp/datafile/seiseki/report/2022/2022-5nakayama3.pdf,official_daily_result_pdf
202206050311,2022,中山,5,3,11,2022-12-10,https://www.jra.go.jp/datafile/seiseki/report/2022/2022-5nakayama3.pdf,official_daily_result_pdf
202206050312,2022,中山,5,3,12,2022-12-10,https://www.jra.go.jp/datafile/seiseki/report/2022/2022-5nakayama3.pdf,official_daily_result_pdf
202206050401,2022,中山,5,4,1,2022-12-11,https://www.jra.go.jp/datafile/seiseki/report/2022/2022-5nakayama4.pdf,official_daily_result_pdf
202206050402,2022,中山,5,4,2,2022-12-11,https://www.jra.go.jp/datafile/seiseki/report/2022/2022-5nakayama4.pdf,official_daily_result_pdf
202206050403,2022,中山,5,4,3,2022-12-11,https://www.jra.go.jp/datafile/seiseki/report/2022/2022-5nakayama4.pdf,official_daily_result_pdf
202206050404,2022,中山,5,4,4,2022-12-11,https://www.jra.go.jp/datafile/seiseki/report/2022/2022-5nakayama4.pdf,official_daily_result_pdf
202206050405,2022,中山,5,4,5,2022-12-11,https://www.jra.go.jp/datafile/seiseki/report/2022/2022-5nakayama4.pdf,official_daily_result_pdf
202206050406,2022,中山,5,4,6,2022-12-11,https://www.jra.go.jp/datafile/seiseki/report/2022/2022-5nakayama4.pdf,official_daily_result_pdf
202206050407,2022,中山,5,4,7,2022-12-11,https://www.jra.go.jp/datafile/seiseki/report/2022/2022-5nakayama4.pdf,official_daily_result_pdf
202206050408,2022,中山,5,4,8,2022-12-11,https://www.jra.go.jp/datafile/seiseki/report/2022/2022-5nakayama4.pdf,official_daily_result_pdf
202206050409,2022,中山,5,4,9,2022-12-11,https://www.jra.go.jp/datafile/seiseki/report/2022/2022-5nakayama4.pdf,official_daily_result_pdf
202206050410,2022,中山,5,4,10,2022-12-11,https://www.jra.go.jp/datafile/seiseki/report/2022/2022-5nakayama4.pdf,official_daily_result_pdf
202206050411,2022,中山,5,4,11,2022-12-11,https://www.jra.go.jp/datafile/seiseki/report/2022/2022-5nakayama4.pdf,official_daily_result_pdf
202206050412,2022,中山,5,4,12,2022-12-11,https://www.jra.go.jp/datafile/seiseki/report/2022/2022-5nakayama4.pdf,official_daily_result_pdf
202206050501,2022,中山,5,5,1,2022-12-17,https://www.jra.go.jp/datafile/seiseki/report/2022/2022-5nakayama5.pdf,official_daily_result_pdf
202206050502,2022,中山,5,5,2,2022-12-17,https://www.jra.go.jp/datafile/seiseki/report/2022/2022-5nakayama5.pdf,official_daily_result_pdf
202206050503,2022,中山,5,5,3,2022-12-17,https://www.jra.go.jp/datafile/seiseki/report/2022/2022-5nakayama5.pdf,official_daily_result_pdf
202206050504,2022,中山,5,5,4,2022-12-17,https://www.jra.go.jp/datafile/seiseki/report/2022/2022-5nakayama5.pdf,official_daily_result_pdf
202206050505,2022,中山,5,5,5,2022-12-17,https://www.jra.go.jp/datafile/seiseki/report/2022/2022-5nakayama5.pdf,official_daily_result_pdf
202206050506,2022,中山,5,5,6,2022-12-17,https://www.jra.go.jp/datafile/seiseki/report/2022/2022-5nakayama5.pdf,official_daily_result_pdf
202206050507,2022,中山,5,5,7,2022-12-17,https://www.jra.go.jp/datafile/seiseki/report/2022/2022-5nakayama5.pdf,official_daily_result_pdf
202206050508,2022,中山,5,5,8,2022-12-17,https://www.jra.go.jp/datafile/seiseki/report/2022/2022-5nakayama5.pdf,official_daily_result_pdf
202206050509,2022,中山,5,5,9,2022-12-17,https://www.jra.go.jp/datafile/seiseki/report/2022/2022-5nakayama5.pdf,official_daily_result_pdf
202206050510,2022,中山,5,5,10,2022-12-17,https://www.jra.go.jp/datafile/seiseki/report/2022/2022-5nakayama5.pdf,official_daily_result_pdf
202206050511,2022,中山,5,5,11,2022-12-17,https://www.jra.go.jp/datafile/seiseki/report/2022/2022-5nakayama5.pdf,official_daily_result_pdf
202206050512,2022,中山,5,5,12,2022-12-17,https://www.jra.go.jp/datafile/seiseki/report/2022/2022-5nakayama5.pdf,official_daily_result_pdf
202206050601,2022,中山,5,6,1,2022-12-18,https://www.jra.go.jp/datafile/seiseki/report/2022/2022-5nakayama6.pdf,official_daily_result_pdf
202206050602,2022,中山,5,6,2,2022-12-18,https://www.jra.go.jp/datafile/seiseki/report/2022/2022-5nakayama6.pdf,official_daily_result_pdf
202206050603,2022,中山,5,6,3,2022-12-18,https://www.jra.go.jp/datafile/seiseki/report/2022/2022-5nakayama6.pdf,official_daily_result_pdf
202206050604,2022,中山,5,6,4,2022-12-18,https://www.jra.go.jp/datafile/seiseki/report/2022/2022-5nakayama6.pdf,official_daily_result_pdf
202206050605,2022,中山,5,6,5,2022-12-18,https://www.jra.go.jp/datafile/seiseki/report/2022/2022-5nakayama6.pdf,official_daily_result_pdf
202206050606,2022,中山,5,6,6,2022-12-18,https://www.jra.go.jp/datafile/seiseki/report/2022/2022-5nakayama6.pdf,official_daily_result_pdf
202206050607,2022,中山,5,6,7,2022-12-18,https://www.jra.go.jp/datafile/seiseki/report/2022/2022-5nakayama6.pdf,official_daily_result_pdf
202206050608,2022,中山,5,6,8,2022-12-18,https://www.jra.go.jp/datafile/seiseki/report/2022/2022-5nakayama6.pdf,official_daily_result_pdf
202206050609,2022,中山,5,6,9,2022-12-18,https://www.jra.go.jp/datafile/seiseki/report/2022/2022-5nakayama6.pdf,official_daily_result_pdf
202206050610,2022,中山,5,6,10,2022-12-18,https://www.jra.go.jp/datafile/seiseki/report/2022/2022-5nakayama6.pdf,official_daily_result_pdf
202206050611,2022,中山,5,6,11,2022-12-18,https://www.jra.go.jp/datafile/seiseki/report/2022/2022-5nakayama6.pdf,official_daily_result_pdf
202206050612,2022,中山,5,6,12,2022-12-18,https://www.jra.go.jp/datafile/seiseki/report/2022/2022-5nakayama6.pdf,official_daily_result_pdf
202206050701,2022,中山,5,7,1,2022-12-24,https://www.jra.go.jp/datafile/seiseki/report/2022/2022-5nakayama7.pdf,official_daily_result_pdf
202206050702,2022,中山,5,7,2,2022-12-24,https://www.jra.go.jp/datafile/seiseki/report/2022/2022-5nakayama7.pdf,official_daily_result_pdf
202206050703,2022,中山,5,7,3,2022-12-24,https://www.jra.go.jp/datafile/seiseki/report/2022/2022-5nakayama7.pdf,official_daily_result_pdf
202206050704,2022,中山,5,7,4,2022-12-24,https://www.jra.go.jp/datafile/seiseki/report/2022/2022-5nakayama7.pdf,official_daily_result_pdf
202206050705,2022,中山,5,7,5,2022-12-24,https://www.jra.go.jp/datafile/seiseki/report/2022/2022-5nakayama7.pdf,official_daily_result_pdf
202206050706,2022,中山,5,7,6,2022-12-24,https://www.jra.go.jp/datafile/seiseki/report/2022/2022-5nakayama7.pdf,official_daily_result_pdf
202206050707,2022,中山,5,7,7,2022-12-24,https://www.jra.go.jp/datafile/seiseki/report/2022/2022-5nakayama7.pdf,official_daily_result_pdf
202206050708,2022,中山,5,7,8,2022-12-24,https://www.jra.go.jp/datafile/seiseki/report/2022/2022-5nakayama7.pdf,official_daily_result_pdf
202206050709,2022,中山,5,7,9,2022-12-24,https://www.jra.go.jp/datafile/seiseki/report/2022/2022-5nakayama7.pdf,official_daily_result_pdf
202206050710,2022,中山,5,7,10,2022-12-24,https://www.jra.go.jp/datafile/seiseki/report/2022/2022-5nakayama7.pdf,official_daily_result_pdf
202206050711,2022,中山,5,7,11,2022-12-24,https://www.jra.go.jp/datafile/seiseki/report/2022/2022-5nakayama7.pdf,official_daily_result_pdf
202206050712,2022,中山,5,7,12,2022-12-24,https://www.jra.go.jp/datafile/seiseki/report/2022/2022-5nakayama7.pdf,official_daily_result_pdf
202206050801,2022,中山,5,8,1,2022-12-25,https://www.jra.go.jp/datafile/seiseki/report/2022/2022-5nakayama8.pdf,official_daily_result_pdf
202206050802,2022,中山,5,8,2,2022-12-25,https://www.jra.go.jp/datafile/seiseki/report/2022/2022-5nakayama8.pdf,official_daily_result_pdf
202206050803,2022,中山,5,8,3,2022-12-25,https://www.jra.go.jp/datafile/seiseki/report/2022/2022-5nakayama8.pdf,official_daily_result_pdf
202206050804,2022,中山,5,8,4,2022-12-25,https://www.jra.go.jp/datafile/seiseki/report/2022/2022-5nakayama8.pdf,official_daily_result_pdf
202206050805,2022,中山,5,8,5,2022-12-25,https://www.jra.go.jp/datafile/seiseki/report/2022/2022-5nakayama8.pdf,official_daily_result_pdf
202206050806,2022,中山,5,8,6,2022-12-25,https://www.jra.go.jp/datafile/seiseki/report/2022/2022-5nakayama8.pdf,official_daily_result_pdf
202206050807,2022,中山,5,8,7,2022-12-25,https://www.jra.go.jp/datafile/seiseki/report/2022/2022-5nakayama8.pdf,official_daily_result_pdf
202206050808,2022,中山,5,8,8,2022-12-25,https://www.jra.go.jp/datafile/seiseki/report/2022/2022-5nakayama8.pdf,official_daily_result_pdf
202206050809,2022,中山,5,8,9,2022-12-25,https://www.jra.go.jp/datafile/seiseki/report/2022/2022-5nakayama8.pdf,official_daily_result_pdf
202206050810,2022,中山,5,8,10,2022-12-25,https://www.jra.go.jp/datafile/seiseki/report/2022/2022-5nakayama8.pdf,official_daily_result_pdf
202206050811,2022,中山,5,8,11,2022-12-25,https://www.jra.go.jp/datafile/seiseki/report/2022/2022-5nakayama8.pdf,official_daily_result_pdf
202206050812,2022,中山,5,8,12,2022-12-25,https://www.jra.go.jp/datafile/seiseki/report/2022/2022-5nakayama8.pdf,official_daily_result_pdf
202206050901,2022,中山,5,9,1,2022-12-28,https://www.jra.go.jp/datafile/seiseki/report/2022/2022-5nakayama9.pdf,official_daily_result_pdf
202206050902,2022,中山,5,9,2,2022-12-28,https://www.jra.go.jp/datafile/seiseki/report/2022/2022-5nakayama9.pdf,official_daily_result_pdf
202206050903,2022,中山,5,9,3,2022-12-28,https://www.jra.go.jp/datafile/seiseki/report/2022/2022-5nakayama9.pdf,official_daily_result_pdf
202206050904,2022,中山,5,9,4,2022-12-28,https://www.jra.go.jp/datafile/seiseki/report/2022/2022-5nakayama9.pdf,official_daily_result_pdf
202206050905,2022,中山,5,9,5,2022-12-28,https://www.jra.go.jp/datafile/seiseki/report/2022/2022-5nakayama9.pdf,official_daily_result_pdf
202206050906,2022,中山,5,9,6,2022-12-28,https://www.jra.go.jp/datafile/seiseki/report/2022/2022-5nakayama9.pdf,official_daily_result_pdf
202206050907,2022,中山,5,9,7,2022-12-28,https://www.jra.go.jp/datafile/seiseki/report/2022/2022-5nakayama9.pdf,official_daily_result_pdf
202206050908,2022,中山,5,9,8,2022-12-28,https://www.jra.go.jp/datafile/seiseki/report/2022/2022-5nakayama9.pdf,official_daily_result_pdf
202206050909,2022,中山,5,9,9,2022-12-28,https://www.jra.go.jp/datafile/seiseki/report/2022/2022-5nakayama9.pdf,official_daily_result_pdf
202206050910,2022,中山,5,9,10,2022-12-28,https://www.jra.go.jp/datafile/seiseki/report/2022/2022-5nakayama9.pdf,official_daily_result_pdf
202206050911,2022,中山,5,9,11,2022-12-28,https://www.jra.go.jp/datafile/seiseki/report/2022/2022-5nakayama9.pdf,official_daily_result_pdf
202206050912,2022,中山,5,9,12,2022-12-28,https://www.jra.go.jp/datafile/seiseki/report/2022/2022-5nakayama9.pdf,official_daily_result_pdf
202207010101,2022,中京,1,1,1,2022-01-05,https://www.jra.go.jp/datafile/seiseki/report/2022/2022-1chukyo1.pdf,official_daily_result_pdf
202207010102,2022,中京,1,1,2,2022-01-05,https://www.jra.go.jp/datafile/seiseki/report/2022/2022-1chukyo1.pdf,official_daily_result_pdf
202207010103,2022,中京,1,1,3,2022-01-05,https://www.jra.go.jp/datafile/seiseki/report/2022/2022-1chukyo1.pdf,official_daily_result_pdf
202207010104,2022,中京,1,1,4,2022-01-05,https://www.jra.go.jp/datafile/seiseki/report/2022/2022-1chukyo1.pdf,official_daily_result_pdf
202207010105,2022,中京,1,1,5,2022-01-05,https://www.jra.go.jp/datafile/seiseki/report/2022/2022-1chukyo1.pdf,official_daily_result_pdf
202207010106,2022,中京,1,1,6,2022-01-05,https://www.jra.go.jp/datafile/seiseki/report/2022/2022-1chukyo1.pdf,official_daily_result_pdf
202207010107,2022,中京,1,1,7,2022-01-05,https://www.jra.go.jp/datafile/seiseki/report/2022/2022-1chukyo1.pdf,official_daily_result_pdf
202207010108,2022,中京,1,1,8,2022-01-05,https://www.jra.go.jp/datafile/seiseki/report/2022/2022-1chukyo1.pdf,official_daily_result_pdf
202207010109,2022,中京,1,1,9,2022-01-05,https://www.jra.go.jp/datafile/seiseki/report/2022/2022-1chukyo1.pdf,official_daily_result_pdf
202207010110,2022,中京,1,1,10,2022-01-05,https://www.jra.go.jp/datafile/seiseki/report/2022/2022-1chukyo1.pdf,official_daily_result_pdf
202207010111,2022,中京,1,1,11,2022-01-05,https://www.jra.go.jp/datafile/seiseki/report/2022/2022-1chukyo1.pdf,official_daily_result_pdf
202207010112,2022,中京,1,1,12,2022-01-05,https://www.jra.go.jp/datafile/seiseki/report/2022/2022-1chukyo1.pdf,official_daily_result_pdf
202207010201,2022,中京,1,2,1,2022-01-08,https://www.jra.go.jp/datafile/seiseki/report/2022/2022-1chukyo2.pdf,official_daily_result_pdf
202207010202,2022,中京,1,2,2,2022-01-08,https://www.jra.go.jp/datafile/seiseki/report/2022/2022-1chukyo2.pdf,official_daily_result_pdf
202207010203,2022,中京,1,2,3,2022-01-08,https://www.jra.go.jp/datafile/seiseki/report/2022/2022-1chukyo2.pdf,official_daily_result_pdf
202207010204,2022,中京,1,2,4,2022-01-08,https://www.jra.go.jp/datafile/seiseki/report/2022/2022-1chukyo2.pdf,official_daily_result_pdf
202207010205,2022,中京,1,2,5,2022-01-08,https://www.jra.go.jp/datafile/seiseki/report/2022/2022-1chukyo2.pdf,official_daily_result_pdf
202207010206,2022,中京,1,2,6,2022-01-08,https://www.jra.go.jp/datafile/seiseki/report/2022/2022-1chukyo2.pdf,official_daily_result_pdf
202207010207,2022,中京,1,2,7,2022-01-08,https://www.jra.go.jp/datafile/seiseki/report/2022/2022-1chukyo2.pdf,official_daily_result_pdf
202207010208,2022,中京,1,2,8,2022-01-08,https://www.jra.go.jp/datafile/seiseki/report/2022/2022-1chukyo2.pdf,official_daily_result_pdf
202207010209,2022,中京,1,2,9,2022-01-08,https://www.jra.go.jp/datafile/seiseki/report/2022/2022-1chukyo2.pdf,official_daily_result_pdf
202207010210,2022,中京,1,2,10,2022-01-08,https://www.jra.go.jp/datafile/seiseki/report/2022/2022-1chukyo2.pdf,official_daily_result_pdf
202207010211,2022,中京,1,2,11,2022-01-08,https://www.jra.go.jp/datafile/seiseki/report/2022/2022-1chukyo2.pdf,official_daily_result_pdf
202207010212,2022,中京,1,2,12,2022-01-08,https://www.jra.go.jp/datafile/seiseki/report/2022/2022-1chukyo2.pdf,official_daily_result_pdf
202207010301,2022,中京,1,3,1,2022-01-09,https://www.jra.go.jp/datafile/seiseki/report/2022/2022-1chukyo3.pdf,official_daily_result_pdf
202207010302,2022,中京,1,3,2,2022-01-09,https://www.jra.go.jp/datafile/seiseki/report/2022/2022-1chukyo3.pdf,official_daily_result_pdf
202207010303,2022,中京,1,3,3,2022-01-09,https://www.jra.go.jp/datafile/seiseki/report/2022/2022-1chukyo3.pdf,official_daily_result_pdf
202207010304,2022,中京,1,3,4,2022-01-09,https://www.jra.go.jp/datafile/seiseki/report/2022/2022-1chukyo3.pdf,official_daily_result_pdf
202207010305,2022,中京,1,3,5,2022-01-09,https://www.jra.go.jp/datafile/seiseki/report/2022/2022-1chukyo3.pdf,official_daily_result_pdf
202207010306,2022,中京,1,3,6,2022-01-09,https://www.jra.go.jp/datafile/seiseki/report/2022/2022-1chukyo3.pdf,official_daily_result_pdf
202207010307,2022,中京,1,3,7,2022-01-09,https://www.jra.go.jp/datafile/seiseki/report/2022/2022-1chukyo3.pdf,official_daily_result_pdf
202207010308,2022,中京,1,3,8,2022-01-09,https://www.jra.go.jp/datafile/seiseki/report/2022/2022-1chukyo3.pdf,official_daily_result_pdf
202207010309,2022,中京,1,3,9,2022-01-09,https://www.jra.go.jp/datafile/seiseki/report/2022/2022-1chukyo3.pdf,official_daily_result_pdf
202207010310,2022,中京,1,3,10,2022-01-09,https://www.jra.go.jp/datafile/seiseki/report/2022/2022-1chukyo3.pdf,official_daily_result_pdf
202207010311,2022,中京,1,3,11,2022-01-09,https://www.jra.go.jp/datafile/seiseki/report/2022/2022-1chukyo3.pdf,official_daily_result_pdf
202207010312,2022,中京,1,3,12,2022-01-09,https://www.jra.go.jp/datafile/seiseki/report/2022/2022-1chukyo3.pdf,official_daily_result_pdf
202207010401,2022,中京,1,4,1,2022-01-10,https://www.jra.go.jp/datafile/seiseki/report/2022/2022-1chukyo4.pdf,official_daily_result_pdf
202207010402,2022,中京,1,4,2,2022-01-10,https://www.jra.go.jp/datafile/seiseki/report/2022/2022-1chukyo4.pdf,official_daily_result_pdf
202207010403,2022,中京,1,4,3,2022-01-10,https://www.jra.go.jp/datafile/seiseki/report/2022/2022-1chukyo4.pdf,official_daily_result_pdf
202207010404,2022,中京,1,4,4,2022-01-10,https://www.jra.go.jp/datafile/seiseki/report/2022/2022-1chukyo4.pdf,official_daily_result_pdf
202207010405,2022,中京,1,4,5,2022-01-10,https://www.jra.go.jp/datafile/seiseki/report/2022/2022-1chukyo4.pdf,official_daily_result_pdf
202207010406,2022,中京,1,4,6,2022-01-10,https://www.jra.go.jp/datafile/seiseki/report/2022/2022-1chukyo4.pdf,official_daily_result_pdf
202207010407,2022,中京,1,4,7,2022-01-10,https://www.jra.go.jp/datafile/seiseki/report/2022/2022-1chukyo4.pdf,official_daily_result_pdf
202207010408,2022,中京,1,4,8,2022-01-10,https://www.jra.go.jp/datafile/seiseki/report/2022/2022-1chukyo4.pdf,official_daily_result_pdf
202207010409,2022,中京,1,4,9,2022-01-10,https://www.jra.go.jp/datafile/seiseki/report/2022/2022-1chukyo4.pdf,official_daily_result_pdf
202207010410,2022,中京,1,4,10,2022-01-10,https://www.jra.go.jp/datafile/seiseki/report/2022/2022-1chukyo4.pdf,official_daily_result_pdf
202207010411,2022,中京,1,4,11,2022-01-10,https://www.jra.go.jp/datafile/seiseki/report/2022/2022-1chukyo4.pdf,official_daily_result_pdf
202207010412,2022,中京,1,4,12,2022-01-10,https://www.jra.go.jp/datafile/seiseki/report/2022/2022-1chukyo4.pdf,official_daily_result_pdf
202207010501,2022,中京,1,5,1,2022-01-15,https://www.jra.go.jp/datafile/seiseki/report/2022/2022-1chukyo5.pdf,official_daily_result_pdf
202207010502,2022,中京,1,5,2,2022-01-15,https://www.jra.go.jp/datafile/seiseki/report/2022/2022-1chukyo5.pdf,official_daily_result_pdf
202207010503,2022,中京,1,5,3,2022-01-15,https://www.jra.go.jp/datafile/seiseki/report/2022/2022-1chukyo5.pdf,official_daily_result_pdf
202207010504,2022,中京,1,5,4,2022-01-15,https://www.jra.go.jp/datafile/seiseki/report/2022/2022-1chukyo5.pdf,official_daily_result_pdf
202207010505,2022,中京,1,5,5,2022-01-15,https://www.jra.go.jp/datafile/seiseki/report/2022/2022-1chukyo5.pdf,official_daily_result_pdf
202207010506,2022,中京,1,5,6,2022-01-15,https://www.jra.go.jp/datafile/seiseki/report/2022/2022-1chukyo5.pdf,official_daily_result_pdf
202207010507,2022,中京,1,5,7,2022-01-15,https://www.jra.go.jp/datafile/seiseki/report/2022/2022-1chukyo5.pdf,official_daily_result_pdf
202207010508,2022,中京,1,5,8,2022-01-15,https://www.jra.go.jp/datafile/seiseki/report/2022/2022-1chukyo5.pdf,official_daily_result_pdf
202207010509,2022,中京,1,5,9,2022-01-15,https://www.jra.go.jp/datafile/seiseki/report/2022/2022-1chukyo5.pdf,official_daily_result_pdf
202207010510,2022,中京,1,5,10,2022-01-15,https://www.jra.go.jp/datafile/seiseki/report/2022/2022-1chukyo5.pdf,official_daily_result_pdf
202207010511,2022,中京,1,5,11,2022-01-15,https://www.jra.go.jp/datafile/seiseki/report/2022/2022-1chukyo5.pdf,official_daily_result_pdf
202207010512,2022,中京,1,5,12,2022-01-15,https://www.jra.go.jp/datafile/seiseki/report/2022/2022-1chukyo5.pdf,official_daily_result_pdf
202207010601,2022,中京,1,6,1,2022-01-16,https://www.jra.go.jp/datafile/seiseki/report/2022/2022-1chukyo6.pdf,official_daily_result_pdf
202207010602,2022,中京,1,6,2,2022-01-16,https://www.jra.go.jp/datafile/seiseki/report/2022/2022-1chukyo6.pdf,official_daily_result_pdf
202207010603,2022,中京,1,6,3,2022-01-16,https://www.jra.go.jp/datafile/seiseki/report/2022/2022-1chukyo6.pdf,official_daily_result_pdf
202207010604,2022,中京,1,6,4,2022-01-16,https://www.jra.go.jp/datafile/seiseki/report/2022/2022-1chukyo6.pdf,official_daily_result_pdf
202207010605,2022,中京,1,6,5,2022-01-16,https://www.jra.go.jp/datafile/seiseki/report/2022/2022-1chukyo6.pdf,official_daily_result_pdf
202207010606,2022,中京,1,6,6,2022-01-16,https://www.jra.go.jp/datafile/seiseki/report/2022/2022-1chukyo6.pdf,official_daily_result_pdf
202207010607,2022,中京,1,6,7,2022-01-16,https://www.jra.go.jp/datafile/seiseki/report/2022/2022-1chukyo6.pdf,official_daily_result_pdf
202207010608,2022,中京,1,6,8,2022-01-16,https://www.jra.go.jp/datafile/seiseki/report/2022/2022-1chukyo6.pdf,official_daily_result_pdf
202207010609,2022,中京,1,6,9,2022-01-16,https://www.jra.go.jp/datafile/seiseki/report/2022/2022-1chukyo6.pdf,official_daily_result_pdf
202207010610,2022,中京,1,6,10,2022-01-16,https://www.jra.go.jp/datafile/seiseki/report/2022/2022-1chukyo6.pdf,official_daily_result_pdf
202207010611,2022,中京,1,6,11,2022-01-16,https://www.jra.go.jp/datafile/seiseki/report/2022/2022-1chukyo6.pdf,official_daily_result_pdf
202207010612,2022,中京,1,6,12,2022-01-16,https://www.jra.go.jp/datafile/seiseki/report/2022/2022-1chukyo6.pdf,official_daily_result_pdf
202207010701,2022,中京,1,7,1,2022-01-22,https://www.jra.go.jp/datafile/seiseki/report/2022/2022-1chukyo7.pdf,official_daily_result_pdf
202207010702,2022,中京,1,7,2,2022-01-22,https://www.jra.go.jp/datafile/seiseki/report/2022/2022-1chukyo7.pdf,official_daily_result_pdf
202207010703,2022,中京,1,7,3,2022-01-22,https://www.jra.go.jp/datafile/seiseki/report/2022/2022-1chukyo7.pdf,official_daily_result_pdf
202207010704,2022,中京,1,7,4,2022-01-22,https://www.jra.go.jp/datafile/seiseki/report/2022/2022-1chukyo7.pdf,official_daily_result_pdf
202207010705,2022,中京,1,7,5,2022-01-22,https://www.jra.go.jp/datafile/seiseki/report/2022/2022-1chukyo7.pdf,official_daily_result_pdf
202207010706,2022,中京,1,7,6,2022-01-22,https://www.jra.go.jp/datafile/seiseki/report/2022/2022-1chukyo7.pdf,official_daily_result_pdf
202207010707,2022,中京,1,7,7,2022-01-22,https://www.jra.go.jp/datafile/seiseki/report/2022/2022-1chukyo7.pdf,official_daily_result_pdf
202207010708,2022,中京,1,7,8,2022-01-22,https://www.jra.go.jp/datafile/seiseki/report/2022/2022-1chukyo7.pdf,official_daily_result_pdf
202207010709,2022,中京,1,7,9,2022-01-22,https://www.jra.go.jp/datafile/seiseki/report/2022/2022-1chukyo7.pdf,official_daily_result_pdf
202207010710,2022,中京,1,7,10,2022-01-22,https://www.jra.go.jp/datafile/seiseki/report/2022/2022-1chukyo7.pdf,official_daily_result_pdf
202207010711,2022,中京,1,7,11,2022-01-22,https://www.jra.go.jp/datafile/seiseki/report/2022/2022-1chukyo7.pdf,official_daily_result_pdf
202207010712,2022,中京,1,7,12,2022-01-22,https://www.jra.go.jp/datafile/seiseki/report/2022/2022-1chukyo7.pdf,official_daily_result_pdf
202207010801,2022,中京,1,8,1,2022-01-23,https://www.jra.go.jp/datafile/seiseki/report/2022/2022-1chukyo8.pdf,official_daily_result_pdf
202207010802,2022,中京,1,8,2,2022-01-23,https://www.jra.go.jp/datafile/seiseki/report/2022/2022-1chukyo8.pdf,official_daily_result_pdf
202207010803,2022,中京,1,8,3,2022-01-23,https://www.jra.go.jp/datafile/seiseki/report/2022/2022-1chukyo8.pdf,official_daily_result_pdf
202207010804,2022,中京,1,8,4,2022-01-23,https://www.jra.go.jp/datafile/seiseki/report/2022/2022-1chukyo8.pdf,official_daily_result_pdf
202207010805,2022,中京,1,8,5,2022-01-23,https://www.jra.go.jp/datafile/seiseki/report/2022/2022-1chukyo8.pdf,official_daily_result_pdf
202207010806,2022,中京,1,8,6,2022-01-23,https://www.jra.go.jp/datafile/seiseki/report/2022/2022-1chukyo8.pdf,official_daily_result_pdf
202207010807,2022,中京,1,8,7,2022-01-23,https://www.jra.go.jp/datafile/seiseki/report/2022/2022-1chukyo8.pdf,official_daily_result_pdf
202207010808,2022,中京,1,8,8,2022-01-23,https://www.jra.go.jp/datafile/seiseki/report/2022/2022-1chukyo8.pdf,official_daily_result_pdf
202207010809,2022,中京,1,8,9,2022-01-23,https://www.jra.go.jp/datafile/seiseki/report/2022/2022-1chukyo8.pdf,official_daily_result_pdf
202207010810,2022,中京,1,8,10,2022-01-23,https://www.jra.go.jp/datafile/seiseki/report/2022/2022-1chukyo8.pdf,official_daily_result_pdf
202207010811,2022,中京,1,8,11,2022-01-23,https://www.jra.go.jp/datafile/seiseki/report/2022/2022-1chukyo8.pdf,official_daily_result_pdf
202207010812,2022,中京,1,8,12,2022-01-23,https://www.jra.go.jp/datafile/seiseki/report/2022/2022-1chukyo8.pdf,official_daily_result_pdf
202207010901,2022,中京,1,9,1,2022-01-29,https://www.jra.go.jp/datafile/seiseki/report/2022/2022-1chukyo9.pdf,official_daily_result_pdf
202207010902,2022,中京,1,9,2,2022-01-29,https://www.jra.go.jp/datafile/seiseki/report/2022/2022-1chukyo9.pdf,official_daily_result_pdf
202207010903,2022,中京,1,9,3,2022-01-29,https://www.jra.go.jp/datafile/seiseki/report/2022/2022-1chukyo9.pdf,official_daily_result_pdf
202207010904,2022,中京,1,9,4,2022-01-29,https://www.jra.go.jp/datafile/seiseki/report/2022/2022-1chukyo9.pdf,official_daily_result_pdf
202207010905,2022,中京,1,9,5,2022-01-29,https://www.jra.go.jp/datafile/seiseki/report/2022/2022-1chukyo9.pdf,official_daily_result_pdf
202207010906,2022,中京,1,9,6,2022-01-29,https://www.jra.go.jp/datafile/seiseki/report/2022/2022-1chukyo9.pdf,official_daily_result_pdf
202207010907,2022,中京,1,9,7,2022-01-29,https://www.jra.go.jp/datafile/seiseki/report/2022/2022-1chukyo9.pdf,official_daily_result_pdf
202207010908,2022,中京,1,9,8,2022-01-29,https://www.jra.go.jp/datafile/seiseki/report/2022/2022-1chukyo9.pdf,official_daily_result_pdf
202207010909,2022,中京,1,9,9,2022-01-29,https://www.jra.go.jp/datafile/seiseki/report/2022/2022-1chukyo9.pdf,official_daily_result_pdf
202207010910,2022,中京,1,9,10,2022-01-29,https://www.jra.go.jp/datafile/seiseki/report/2022/2022-1chukyo9.pdf,official_daily_result_pdf
202207010911,2022,中京,1,9,11,2022-01-29,https://www.jra.go.jp/datafile/seiseki/report/2022/2022-1chukyo9.pdf,official_daily_result_pdf
202207010912,2022,中京,1,9,12,2022-01-29,https://www.jra.go.jp/datafile/seiseki/report/2022/2022-1chukyo9.pdf,official_daily_result_pdf
202207011001,2022,中京,1,10,1,2022-01-30,https://www.jra.go.jp/datafile/seiseki/report/2022/2022-1chukyo10.pdf,official_daily_result_pdf
202207011002,2022,中京,1,10,2,2022-01-30,https://www.jra.go.jp/datafile/seiseki/report/2022/2022-1chukyo10.pdf,official_daily_result_pdf
202207011003,2022,中京,1,10,3,2022-01-30,https://www.jra.go.jp/datafile/seiseki/report/2022/2022-1chukyo10.pdf,official_daily_result_pdf
202207011004,2022,中京,1,10,4,2022-01-30,https://www.jra.go.jp/datafile/seiseki/report/2022/2022-1chukyo10.pdf,official_daily_result_pdf
202207011005,2022,中京,1,10,5,2022-01-30,https://www.jra.go.jp/datafile/seiseki/report/2022/2022-1chukyo10.pdf,official_daily_result_pdf
202207011006,2022,中京,1,10,6,2022-01-30,https://www.jra.go.jp/datafile/seiseki/report/2022/2022-1chukyo10.pdf,official_daily_result_pdf
202207011007,2022,中京,1,10,7,2022-01-30,https://www.jra.go.jp/datafile/seiseki/report/2022/2022-1chukyo10.pdf,official_daily_result_pdf
202207011008,2022,中京,1,10,8,2022-01-30,https://www.jra.go.jp/datafile/seiseki/report/2022/2022-1chukyo10.pdf,official_daily_result_pdf
202207011009,2022,中京,1,10,9,2022-01-30,https://www.jra.go.jp/datafile/seiseki/report/2022/2022-1chukyo10.pdf,official_daily_result_pdf
202207011010,2022,中京,1,10,10,2022-01-30,https://www.jra.go.jp/datafile/seiseki/report/2022/2022-1chukyo10.pdf,official_daily_result_pdf
202207011011,2022,中京,1,10,11,2022-01-30,https://www.jra.go.jp/datafile/seiseki/report/2022/2022-1chukyo10.pdf,official_daily_result_pdf
202207011012,2022,中京,1,10,12,2022-01-30,https://www.jra.go.jp/datafile/seiseki/report/2022/2022-1chukyo10.pdf,official_daily_result_pdf
202207011101,2022,中京,1,11,1,2022-02-05,https://www.jra.go.jp/datafile/seiseki/report/2022/2022-1chukyo11.pdf,official_daily_result_pdf
202207011102,2022,中京,1,11,2,2022-02-05,https://www.jra.go.jp/datafile/seiseki/report/2022/2022-1chukyo11.pdf,official_daily_result_pdf
202207011103,2022,中京,1,11,3,2022-02-05,https://www.jra.go.jp/datafile/seiseki/report/2022/2022-1chukyo11.pdf,official_daily_result_pdf
202207011104,2022,中京,1,11,4,2022-02-05,https://www.jra.go.jp/datafile/seiseki/report/2022/2022-1chukyo11.pdf,official_daily_result_pdf
202207011105,2022,中京,1,11,5,2022-02-05,https://www.jra.go.jp/datafile/seiseki/report/2022/2022-1chukyo11.pdf,official_daily_result_pdf
202207011106,2022,中京,1,11,6,2022-02-05,https://www.jra.go.jp/datafile/seiseki/report/2022/2022-1chukyo11.pdf,official_daily_result_pdf
202207011107,2022,中京,1,11,7,2022-02-05,https://www.jra.go.jp/datafile/seiseki/report/2022/2022-1chukyo11.pdf,official_daily_result_pdf
202207011108,2022,中京,1,11,8,2022-02-05,https://www.jra.go.jp/datafile/seiseki/report/2022/2022-1chukyo11.pdf,official_daily_result_pdf
202207011109,2022,中京,1,11,9,2022-02-05,https://www.jra.go.jp/datafile/seiseki/report/2022/2022-1chukyo11.pdf,official_daily_result_pdf
202207011110,2022,中京,1,11,10,2022-02-05,https://www.jra.go.jp/datafile/seiseki/report/2022/2022-1chukyo11.pdf,official_daily_result_pdf
202207011111,2022,中京,1,11,11,2022-02-05,https://www.jra.go.jp/datafile/seiseki/report/2022/2022-1chukyo11.pdf,official_daily_result_pdf
202207011112,2022,中京,1,11,12,2022-02-05,https://www.jra.go.jp/datafile/seiseki/report/2022/2022-1chukyo11.pdf,official_daily_result_pdf
202207011201,2022,中京,1,12,1,2022-02-06,https://www.jra.go.jp/datafile/seiseki/report/2022/2022-1chukyo12.pdf,official_daily_result_pdf
202207011202,2022,中京,1,12,2,2022-02-06,https://www.jra.go.jp/datafile/seiseki/report/2022/2022-1chukyo12.pdf,official_daily_result_pdf
202207011203,2022,中京,1,12,3,2022-02-06,https://www.jra.go.jp/datafile/seiseki/report/2022/2022-1chukyo12.pdf,official_daily_result_pdf
202207011204,2022,中京,1,12,4,2022-02-06,https://www.jra.go.jp/datafile/seiseki/report/2022/2022-1chukyo12.pdf,official_daily_result_pdf
202207011205,2022,中京,1,12,5,2022-02-06,https://www.jra.go.jp/datafile/seiseki/report/2022/2022-1chukyo12.pdf,official_daily_result_pdf
202207011206,2022,中京,1,12,6,2022-02-06,https://www.jra.go.jp/datafile/seiseki/report/2022/2022-1chukyo12.pdf,official_daily_result_pdf
202207011207,2022,中京,1,12,7,2022-02-06,https://www.jra.go.jp/datafile/seiseki/report/2022/2022-1chukyo12.pdf,official_daily_result_pdf
202207011208,2022,中京,1,12,8,2022-02-06,https://www.jra.go.jp/datafile/seiseki/report/2022/2022-1chukyo12.pdf,official_daily_result_pdf
202207011209,2022,中京,1,12,9,2022-02-06,https://www.jra.go.jp/datafile/seiseki/report/2022/2022-1chukyo12.pdf,official_daily_result_pdf
202207011210,2022,中京,1,12,10,2022-02-06,https://www.jra.go.jp/datafile/seiseki/report/2022/2022-1chukyo12.pdf,official_daily_result_pdf
202207011211,2022,中京,1,12,11,2022-02-06,https://www.jra.go.jp/datafile/seiseki/report/2022/2022-1chukyo12.pdf,official_daily_result_pdf
202207011212,2022,中京,1,12,12,2022-02-06,https://www.jra.go.jp/datafile/seiseki/report/2022/2022-1chukyo12.pdf,official_daily_result_pdf
202207020101,2022,中京,2,1,1,2022-03-12,https://www.jra.go.jp/datafile/seiseki/report/2022/2022-2chukyo1.pdf,official_daily_result_pdf
202207020102,2022,中京,2,1,2,2022-03-12,https://www.jra.go.jp/datafile/seiseki/report/2022/2022-2chukyo1.pdf,official_daily_result_pdf
202207020103,2022,中京,2,1,3,2022-03-12,https://www.jra.go.jp/datafile/seiseki/report/2022/2022-2chukyo1.pdf,official_daily_result_pdf
202207020104,2022,中京,2,1,4,2022-03-12,https://www.jra.go.jp/datafile/seiseki/report/2022/2022-2chukyo1.pdf,official_daily_result_pdf
202207020105,2022,中京,2,1,5,2022-03-12,https://www.jra.go.jp/datafile/seiseki/report/2022/2022-2chukyo1.pdf,official_daily_result_pdf
202207020106,2022,中京,2,1,6,2022-03-12,https://www.jra.go.jp/datafile/seiseki/report/2022/2022-2chukyo1.pdf,official_daily_result_pdf
202207020107,2022,中京,2,1,7,2022-03-12,https://www.jra.go.jp/datafile/seiseki/report/2022/2022-2chukyo1.pdf,official_daily_result_pdf
202207020108,2022,中京,2,1,8,2022-03-12,https://www.jra.go.jp/datafile/seiseki/report/2022/2022-2chukyo1.pdf,official_daily_result_pdf
202207020109,2022,中京,2,1,9,2022-03-12,https://www.jra.go.jp/datafile/seiseki/report/2022/2022-2chukyo1.pdf,official_daily_result_pdf
202207020110,2022,中京,2,1,10,2022-03-12,https://www.jra.go.jp/datafile/seiseki/report/2022/2022-2chukyo1.pdf,official_daily_result_pdf
202207020111,2022,中京,2,1,11,2022-03-12,https://www.jra.go.jp/datafile/seiseki/report/2022/2022-2chukyo1.pdf,official_daily_result_pdf
202207020112,2022,中京,2,1,12,2022-03-12,https://www.jra.go.jp/datafile/seiseki/report/2022/2022-2chukyo1.pdf,official_daily_result_pdf
202207020201,2022,中京,2,2,1,2022-03-13,https://www.jra.go.jp/datafile/seiseki/report/2022/2022-2chukyo2.pdf,official_daily_result_pdf
202207020202,2022,中京,2,2,2,2022-03-13,https://www.jra.go.jp/datafile/seiseki/report/2022/2022-2chukyo2.pdf,official_daily_result_pdf
202207020203,2022,中京,2,2,3,2022-03-13,https://www.jra.go.jp/datafile/seiseki/report/2022/2022-2chukyo2.pdf,official_daily_result_pdf
202207020204,2022,中京,2,2,4,2022-03-13,https://www.jra.go.jp/datafile/seiseki/report/2022/2022-2chukyo2.pdf,official_daily_result_pdf
202207020205,2022,中京,2,2,5,2022-03-13,https://www.jra.go.jp/datafile/seiseki/report/2022/2022-2chukyo2.pdf,official_daily_result_pdf
202207020206,2022,中京,2,2,6,2022-03-13,https://www.jra.go.jp/datafile/seiseki/report/2022/2022-2chukyo2.pdf,official_daily_result_pdf
202207020207,2022,中京,2,2,7,2022-03-13,https://www.jra.go.jp/datafile/seiseki/report/2022/2022-2chukyo2.pdf,official_daily_result_pdf
202207020208,2022,中京,2,2,8,2022-03-13,https://www.jra.go.jp/datafile/seiseki/report/2022/2022-2chukyo2.pdf,official_daily_result_pdf
202207020209,2022,中京,2,2,9,2022-03-13,https://www.jra.go.jp/datafile/seiseki/report/2022/2022-2chukyo2.pdf,official_daily_result_pdf
202207020210,2022,中京,2,2,10,2022-03-13,https://www.jra.go.jp/datafile/seiseki/report/2022/2022-2chukyo2.pdf,official_daily_result_pdf
202207020211,2022,中京,2,2,11,2022-03-13,https://www.jra.go.jp/datafile/seiseki/report/2022/2022-2chukyo2.pdf,official_daily_result_pdf
202207020212,2022,中京,2,2,12,2022-03-13,https://www.jra.go.jp/datafile/seiseki/report/2022/2022-2chukyo2.pdf,official_daily_result_pdf
202207020301,2022,中京,2,3,1,2022-03-19,https://www.jra.go.jp/datafile/seiseki/report/2022/2022-2chukyo3.pdf,official_daily_result_pdf
202207020302,2022,中京,2,3,2,2022-03-19,https://www.jra.go.jp/datafile/seiseki/report/2022/2022-2chukyo3.pdf,official_daily_result_pdf
202207020303,2022,中京,2,3,3,2022-03-19,https://www.jra.go.jp/datafile/seiseki/report/2022/2022-2chukyo3.pdf,official_daily_result_pdf
202207020304,2022,中京,2,3,4,2022-03-19,https://www.jra.go.jp/datafile/seiseki/report/2022/2022-2chukyo3.pdf,official_daily_result_pdf
202207020305,2022,中京,2,3,5,2022-03-19,https://www.jra.go.jp/datafile/seiseki/report/2022/2022-2chukyo3.pdf,official_daily_result_pdf
202207020306,2022,中京,2,3,6,2022-03-19,https://www.jra.go.jp/datafile/seiseki/report/2022/2022-2chukyo3.pdf,official_daily_result_pdf
202207020307,2022,中京,2,3,7,2022-03-19,https://www.jra.go.jp/datafile/seiseki/report/2022/2022-2chukyo3.pdf,official_daily_result_pdf
202207020308,2022,中京,2,3,8,2022-03-19,https://www.jra.go.jp/datafile/seiseki/report/2022/2022-2chukyo3.pdf,official_daily_result_pdf
202207020309,2022,中京,2,3,9,2022-03-19,https://www.jra.go.jp/datafile/seiseki/report/2022/2022-2chukyo3.pdf,official_daily_result_pdf
202207020310,2022,中京,2,3,10,2022-03-19,https://www.jra.go.jp/datafile/seiseki/report/2022/2022-2chukyo3.pdf,official_daily_result_pdf
202207020311,2022,中京,2,3,11,2022-03-19,https://www.jra.go.jp/datafile/seiseki/report/2022/2022-2chukyo3.pdf,official_daily_result_pdf
202207020312,2022,中京,2,3,12,2022-03-19,https://www.jra.go.jp/datafile/seiseki/report/2022/2022-2chukyo3.pdf,official_daily_result_pdf
202207020401,2022,中京,2,4,1,2022-03-21,https://www.jra.go.jp/datafile/seiseki/report/2022/2022-2chukyo4.pdf,official_daily_result_pdf
202207020402,2022,中京,2,4,2,2022-03-21,https://www.jra.go.jp/datafile/seiseki/report/2022/2022-2chukyo4.pdf,official_daily_result_pdf
202207020403,2022,中京,2,4,3,2022-03-21,https://www.jra.go.jp/datafile/seiseki/report/2022/2022-2chukyo4.pdf,official_daily_result_pdf
202207020404,2022,中京,2,4,4,2022-03-21,https://www.jra.go.jp/datafile/seiseki/report/2022/2022-2chukyo4.pdf,official_daily_result_pdf
202207020405,2022,中京,2,4,5,2022-03-21,https://www.jra.go.jp/datafile/seiseki/report/2022/2022-2chukyo4.pdf,official_daily_result_pdf
202207020406,2022,中京,2,4,6,2022-03-21,https://www.jra.go.jp/datafile/seiseki/report/2022/2022-2chukyo4.pdf,official_daily_result_pdf
202207020407,2022,中京,2,4,7,2022-03-21,https://www.jra.go.jp/datafile/seiseki/report/2022/2022-2chukyo4.pdf,official_daily_result_pdf
202207020408,2022,中京,2,4,8,2022-03-21,https://www.jra.go.jp/datafile/seiseki/report/2022/2022-2chukyo4.pdf,official_daily_result_pdf
202207020409,2022,中京,2,4,9,2022-03-21,https://www.jra.go.jp/datafile/seiseki/report/2022/2022-2chukyo4.pdf,official_daily_result_pdf
202207020410,2022,中京,2,4,10,2022-03-21,https://www.jra.go.jp/datafile/seiseki/report/2022/2022-2chukyo4.pdf,official_daily_result_pdf
202207020411,2022,中京,2,4,11,2022-03-21,https://www.jra.go.jp/datafile/seiseki/report/2022/2022-2chukyo4.pdf,official_daily_result_pdf
202207020412,2022,中京,2,4,12,2022-03-21,https://www.jra.go.jp/datafile/seiseki/report/2022/2022-2chukyo4.pdf,official_daily_result_pdf
202207020501,2022,中京,2,5,1,2022-03-26,https://www.jra.go.jp/datafile/seiseki/report/2022/2022-2chukyo5.pdf,official_daily_result_pdf
202207020502,2022,中京,2,5,2,2022-03-26,https://www.jra.go.jp/datafile/seiseki/report/2022/2022-2chukyo5.pdf,official_daily_result_pdf
202207020503,2022,中京,2,5,3,2022-03-26,https://www.jra.go.jp/datafile/seiseki/report/2022/2022-2chukyo5.pdf,official_daily_result_pdf
202207020504,2022,中京,2,5,4,2022-03-26,https://www.jra.go.jp/datafile/seiseki/report/2022/2022-2chukyo5.pdf,official_daily_result_pdf
202207020505,2022,中京,2,5,5,2022-03-26,https://www.jra.go.jp/datafile/seiseki/report/2022/2022-2chukyo5.pdf,official_daily_result_pdf
202207020506,2022,中京,2,5,6,2022-03-26,https://www.jra.go.jp/datafile/seiseki/report/2022/2022-2chukyo5.pdf,official_daily_result_pdf
202207020507,2022,中京,2,5,7,2022-03-26,https://www.jra.go.jp/datafile/seiseki/report/2022/2022-2chukyo5.pdf,official_daily_result_pdf
202207020508,2022,中京,2,5,8,2022-03-26,https://www.jra.go.jp/datafile/seiseki/report/2022/2022-2chukyo5.pdf,official_daily_result_pdf
202207020509,2022,中京,2,5,9,2022-03-26,https://www.jra.go.jp/datafile/seiseki/report/2022/2022-2chukyo5.pdf,official_daily_result_pdf
202207020510,2022,中京,2,5,10,2022-03-26,https://www.jra.go.jp/datafile/seiseki/report/2022/2022-2chukyo5.pdf,official_daily_result_pdf
202207020511,2022,中京,2,5,11,2022-03-26,https://www.jra.go.jp/datafile/seiseki/report/2022/2022-2chukyo5.pdf,official_daily_result_pdf
202207020512,2022,中京,2,5,12,2022-03-26,https://www.jra.go.jp/datafile/seiseki/report/2022/2022-2chukyo5.pdf,official_daily_result_pdf
202207020601,2022,中京,2,6,1,2022-03-27,https://www.jra.go.jp/datafile/seiseki/report/2022/2022-2chukyo6.pdf,official_daily_result_pdf
202207020602,2022,中京,2,6,2,2022-03-27,https://www.jra.go.jp/datafile/seiseki/report/2022/2022-2chukyo6.pdf,official_daily_result_pdf
202207020603,2022,中京,2,6,3,2022-03-27,https://www.jra.go.jp/datafile/seiseki/report/2022/2022-2chukyo6.pdf,official_daily_result_pdf
202207020604,2022,中京,2,6,4,2022-03-27,https://www.jra.go.jp/datafile/seiseki/report/2022/2022-2chukyo6.pdf,official_daily_result_pdf
202207020605,2022,中京,2,6,5,2022-03-27,https://www.jra.go.jp/datafile/seiseki/report/2022/2022-2chukyo6.pdf,official_daily_result_pdf
202207020606,2022,中京,2,6,6,2022-03-27,https://www.jra.go.jp/datafile/seiseki/report/2022/2022-2chukyo6.pdf,official_daily_result_pdf
202207020607,2022,中京,2,6,7,2022-03-27,https://www.jra.go.jp/datafile/seiseki/report/2022/2022-2chukyo6.pdf,official_daily_result_pdf
202207020608,2022,中京,2,6,8,2022-03-27,https://www.jra.go.jp/datafile/seiseki/report/2022/2022-2chukyo6.pdf,official_daily_result_pdf
202207020609,2022,中京,2,6,9,2022-03-27,https://www.jra.go.jp/datafile/seiseki/report/2022/2022-2chukyo6.pdf,official_daily_result_pdf
202207020610,2022,中京,2,6,10,2022-03-27,https://www.jra.go.jp/datafile/seiseki/report/2022/2022-2chukyo6.pdf,official_daily_result_pdf
202207020611,2022,中京,2,6,11,2022-03-27,https://www.jra.go.jp/datafile/seiseki/report/2022/2022-2chukyo6.pdf,official_daily_result_pdf
202207020612,2022,中京,2,6,12,2022-03-27,https://www.jra.go.jp/datafile/seiseki/report/2022/2022-2chukyo6.pdf,official_daily_result_pdf
202207030101,2022,中京,3,1,1,2022-05-07,https://www.jra.go.jp/datafile/seiseki/report/2022/2022-3chukyo1.pdf,official_daily_result_pdf
202207030102,2022,中京,3,1,2,2022-05-07,https://www.jra.go.jp/datafile/seiseki/report/2022/2022-3chukyo1.pdf,official_daily_result_pdf
202207030103,2022,中京,3,1,3,2022-05-07,https://www.jra.go.jp/datafile/seiseki/report/2022/2022-3chukyo1.pdf,official_daily_result_pdf
202207030104,2022,中京,3,1,4,2022-05-07,https://www.jra.go.jp/datafile/seiseki/report/2022/2022-3chukyo1.pdf,official_daily_result_pdf
202207030105,2022,中京,3,1,5,2022-05-07,https://www.jra.go.jp/datafile/seiseki/report/2022/2022-3chukyo1.pdf,official_daily_result_pdf
202207030106,2022,中京,3,1,6,2022-05-07,https://www.jra.go.jp/datafile/seiseki/report/2022/2022-3chukyo1.pdf,official_daily_result_pdf
202207030107,2022,中京,3,1,7,2022-05-07,https://www.jra.go.jp/datafile/seiseki/report/2022/2022-3chukyo1.pdf,official_daily_result_pdf
202207030108,2022,中京,3,1,8,2022-05-07,https://www.jra.go.jp/datafile/seiseki/report/2022/2022-3chukyo1.pdf,official_daily_result_pdf
202207030109,2022,中京,3,1,9,2022-05-07,https://www.jra.go.jp/datafile/seiseki/report/2022/2022-3chukyo1.pdf,official_daily_result_pdf
202207030110,2022,中京,3,1,10,2022-05-07,https://www.jra.go.jp/datafile/seiseki/report/2022/2022-3chukyo1.pdf,official_daily_result_pdf
202207030111,2022,中京,3,1,11,2022-05-07,https://www.jra.go.jp/datafile/seiseki/report/2022/2022-3chukyo1.pdf,official_daily_result_pdf
202207030112,2022,中京,3,1,12,2022-05-07,https://www.jra.go.jp/datafile/seiseki/report/2022/2022-3chukyo1.pdf,official_daily_result_pdf
202207030201,2022,中京,3,2,1,2022-05-08,https://www.jra.go.jp/datafile/seiseki/report/2022/2022-3chukyo2.pdf,official_daily_result_pdf
202207030202,2022,中京,3,2,2,2022-05-08,https://www.jra.go.jp/datafile/seiseki/report/2022/2022-3chukyo2.pdf,official_daily_result_pdf
202207030203,2022,中京,3,2,3,2022-05-08,https://www.jra.go.jp/datafile/seiseki/report/2022/2022-3chukyo2.pdf,official_daily_result_pdf
202207030204,2022,中京,3,2,4,2022-05-08,https://www.jra.go.jp/datafile/seiseki/report/2022/2022-3chukyo2.pdf,official_daily_result_pdf
202207030205,2022,中京,3,2,5,2022-05-08,https://www.jra.go.jp/datafile/seiseki/report/2022/2022-3chukyo2.pdf,official_daily_result_pdf
202207030206,2022,中京,3,2,6,2022-05-08,https://www.jra.go.jp/datafile/seiseki/report/2022/2022-3chukyo2.pdf,official_daily_result_pdf
202207030207,2022,中京,3,2,7,2022-05-08,https://www.jra.go.jp/datafile/seiseki/report/2022/2022-3chukyo2.pdf,official_daily_result_pdf
202207030208,2022,中京,3,2,8,2022-05-08,https://www.jra.go.jp/datafile/seiseki/report/2022/2022-3chukyo2.pdf,official_daily_result_pdf
202207030209,2022,中京,3,2,9,2022-05-08,https://www.jra.go.jp/datafile/seiseki/report/2022/2022-3chukyo2.pdf,official_daily_result_pdf
202207030210,2022,中京,3,2,10,2022-05-08,https://www.jra.go.jp/datafile/seiseki/report/2022/2022-3chukyo2.pdf,official_daily_result_pdf
202207030211,2022,中京,3,2,11,2022-05-08,https://www.jra.go.jp/datafile/seiseki/report/2022/2022-3chukyo2.pdf,official_daily_result_pdf
202207030212,2022,中京,3,2,12,2022-05-08,https://www.jra.go.jp/datafile/seiseki/report/2022/2022-3chukyo2.pdf,official_daily_result_pdf
202207030301,2022,中京,3,3,1,2022-05-14,https://www.jra.go.jp/datafile/seiseki/report/2022/2022-3chukyo3.pdf,official_daily_result_pdf
202207030302,2022,中京,3,3,2,2022-05-14,https://www.jra.go.jp/datafile/seiseki/report/2022/2022-3chukyo3.pdf,official_daily_result_pdf
202207030303,2022,中京,3,3,3,2022-05-14,https://www.jra.go.jp/datafile/seiseki/report/2022/2022-3chukyo3.pdf,official_daily_result_pdf
202207030304,2022,中京,3,3,4,2022-05-14,https://www.jra.go.jp/datafile/seiseki/report/2022/2022-3chukyo3.pdf,official_daily_result_pdf
202207030305,2022,中京,3,3,5,2022-05-14,https://www.jra.go.jp/datafile/seiseki/report/2022/2022-3chukyo3.pdf,official_daily_result_pdf
202207030306,2022,中京,3,3,6,2022-05-14,https://www.jra.go.jp/datafile/seiseki/report/2022/2022-3chukyo3.pdf,official_daily_result_pdf
202207030307,2022,中京,3,3,7,2022-05-14,https://www.jra.go.jp/datafile/seiseki/report/2022/2022-3chukyo3.pdf,official_daily_result_pdf
202207030308,2022,中京,3,3,8,2022-05-14,https://www.jra.go.jp/datafile/seiseki/report/2022/2022-3chukyo3.pdf,official_daily_result_pdf
202207030309,2022,中京,3,3,9,2022-05-14,https://www.jra.go.jp/datafile/seiseki/report/2022/2022-3chukyo3.pdf,official_daily_result_pdf
202207030310,2022,中京,3,3,10,2022-05-14,https://www.jra.go.jp/datafile/seiseki/report/2022/2022-3chukyo3.pdf,official_daily_result_pdf
202207030311,2022,中京,3,3,11,2022-05-14,https://www.jra.go.jp/datafile/seiseki/report/2022/2022-3chukyo3.pdf,official_daily_result_pdf
202207030312,2022,中京,3,3,12,2022-05-14,https://www.jra.go.jp/datafile/seiseki/report/2022/2022-3chukyo3.pdf,official_daily_result_pdf
202207030401,2022,中京,3,4,1,2022-05-15,https://www.jra.go.jp/datafile/seiseki/report/2022/2022-3chukyo4.pdf,official_daily_result_pdf
202207030402,2022,中京,3,4,2,2022-05-15,https://www.jra.go.jp/datafile/seiseki/report/2022/2022-3chukyo4.pdf,official_daily_result_pdf
202207030403,2022,中京,3,4,3,2022-05-15,https://www.jra.go.jp/datafile/seiseki/report/2022/2022-3chukyo4.pdf,official_daily_result_pdf
202207030404,2022,中京,3,4,4,2022-05-15,https://www.jra.go.jp/datafile/seiseki/report/2022/2022-3chukyo4.pdf,official_daily_result_pdf
202207030405,2022,中京,3,4,5,2022-05-15,https://www.jra.go.jp/datafile/seiseki/report/2022/2022-3chukyo4.pdf,official_daily_result_pdf
202207030406,2022,中京,3,4,6,2022-05-15,https://www.jra.go.jp/datafile/seiseki/report/2022/2022-3chukyo4.pdf,official_daily_result_pdf
202207030407,2022,中京,3,4,7,2022-05-15,https://www.jra.go.jp/datafile/seiseki/report/2022/2022-3chukyo4.pdf,official_daily_result_pdf
202207030408,2022,中京,3,4,8,2022-05-15,https://www.jra.go.jp/datafile/seiseki/report/2022/2022-3chukyo4.pdf,official_daily_result_pdf
202207030409,2022,中京,3,4,9,2022-05-15,https://www.jra.go.jp/datafile/seiseki/report/2022/2022-3chukyo4.pdf,official_daily_result_pdf
202207030410,2022,中京,3,4,10,2022-05-15,https://www.jra.go.jp/datafile/seiseki/report/2022/2022-3chukyo4.pdf,official_daily_result_pdf
202207030411,2022,中京,3,4,11,2022-05-15,https://www.jra.go.jp/datafile/seiseki/report/2022/2022-3chukyo4.pdf,official_daily_result_pdf
202207030412,2022,中京,3,4,12,2022-05-15,https://www.jra.go.jp/datafile/seiseki/report/2022/2022-3chukyo4.pdf,official_daily_result_pdf
202207030501,2022,中京,3,5,1,2022-05-21,https://www.jra.go.jp/datafile/seiseki/report/2022/2022-3chukyo5.pdf,official_daily_result_pdf
202207030502,2022,中京,3,5,2,2022-05-21,https://www.jra.go.jp/datafile/seiseki/report/2022/2022-3chukyo5.pdf,official_daily_result_pdf
202207030503,2022,中京,3,5,3,2022-05-21,https://www.jra.go.jp/datafile/seiseki/report/2022/2022-3chukyo5.pdf,official_daily_result_pdf
202207030504,2022,中京,3,5,4,2022-05-21,https://www.jra.go.jp/datafile/seiseki/report/2022/2022-3chukyo5.pdf,official_daily_result_pdf
202207030505,2022,中京,3,5,5,2022-05-21,https://www.jra.go.jp/datafile/seiseki/report/2022/2022-3chukyo5.pdf,official_daily_result_pdf
202207030506,2022,中京,3,5,6,2022-05-21,https://www.jra.go.jp/datafile/seiseki/report/2022/2022-3chukyo5.pdf,official_daily_result_pdf
202207030507,2022,中京,3,5,7,2022-05-21,https://www.jra.go.jp/datafile/seiseki/report/2022/2022-3chukyo5.pdf,official_daily_result_pdf
202207030508,2022,中京,3,5,8,2022-05-21,https://www.jra.go.jp/datafile/seiseki/report/2022/2022-3chukyo5.pdf,official_daily_result_pdf
202207030509,2022,中京,3,5,9,2022-05-21,https://www.jra.go.jp/datafile/seiseki/report/2022/2022-3chukyo5.pdf,official_daily_result_pdf
202207030510,2022,中京,3,5,10,2022-05-21,https://www.jra.go.jp/datafile/seiseki/report/2022/2022-3chukyo5.pdf,official_daily_result_pdf
202207030511,2022,中京,3,5,11,2022-05-21,https://www.jra.go.jp/datafile/seiseki/report/2022/2022-3chukyo5.pdf,official_daily_result_pdf
202207030512,2022,中京,3,5,12,2022-05-21,https://www.jra.go.jp/datafile/seiseki/report/2022/2022-3chukyo5.pdf,official_daily_result_pdf
202207030601,2022,中京,3,6,1,2022-05-22,https://www.jra.go.jp/datafile/seiseki/report/2022/2022-3chukyo6.pdf,official_daily_result_pdf
202207030602,2022,中京,3,6,2,2022-05-22,https://www.jra.go.jp/datafile/seiseki/report/2022/2022-3chukyo6.pdf,official_daily_result_pdf
202207030603,2022,中京,3,6,3,2022-05-22,https://www.jra.go.jp/datafile/seiseki/report/2022/2022-3chukyo6.pdf,official_daily_result_pdf
202207030604,2022,中京,3,6,4,2022-05-22,https://www.jra.go.jp/datafile/seiseki/report/2022/2022-3chukyo6.pdf,official_daily_result_pdf
202207030605,2022,中京,3,6,5,2022-05-22,https://www.jra.go.jp/datafile/seiseki/report/2022/2022-3chukyo6.pdf,official_daily_result_pdf
202207030606,2022,中京,3,6,6,2022-05-22,https://www.jra.go.jp/datafile/seiseki/report/2022/2022-3chukyo6.pdf,official_daily_result_pdf
202207030607,2022,中京,3,6,7,2022-05-22,https://www.jra.go.jp/datafile/seiseki/report/2022/2022-3chukyo6.pdf,official_daily_result_pdf
202207030608,2022,中京,3,6,8,2022-05-22,https://www.jra.go.jp/datafile/seiseki/report/2022/2022-3chukyo6.pdf,official_daily_result_pdf
202207030609,2022,中京,3,6,9,2022-05-22,https://www.jra.go.jp/datafile/seiseki/report/2022/2022-3chukyo6.pdf,official_daily_result_pdf
202207030610,2022,中京,3,6,10,2022-05-22,https://www.jra.go.jp/datafile/seiseki/report/2022/2022-3chukyo6.pdf,official_daily_result_pdf
202207030611,2022,中京,3,6,11,2022-05-22,https://www.jra.go.jp/datafile/seiseki/report/2022/2022-3chukyo6.pdf,official_daily_result_pdf
202207030612,2022,中京,3,6,12,2022-05-22,https://www.jra.go.jp/datafile/seiseki/report/2022/2022-3chukyo6.pdf,official_daily_result_pdf
202207030701,2022,中京,3,7,1,2022-05-28,https://www.jra.go.jp/datafile/seiseki/report/2022/2022-3chukyo7.pdf,official_daily_result_pdf
202207030702,2022,中京,3,7,2,2022-05-28,https://www.jra.go.jp/datafile/seiseki/report/2022/2022-3chukyo7.pdf,official_daily_result_pdf
202207030703,2022,中京,3,7,3,2022-05-28,https://www.jra.go.jp/datafile/seiseki/report/2022/2022-3chukyo7.pdf,official_daily_result_pdf
202207030704,2022,中京,3,7,4,2022-05-28,https://www.jra.go.jp/datafile/seiseki/report/2022/2022-3chukyo7.pdf,official_daily_result_pdf
202207030705,2022,中京,3,7,5,2022-05-28,https://www.jra.go.jp/datafile/seiseki/report/2022/2022-3chukyo7.pdf,official_daily_result_pdf
202207030706,2022,中京,3,7,6,2022-05-28,https://www.jra.go.jp/datafile/seiseki/report/2022/2022-3chukyo7.pdf,official_daily_result_pdf
202207030707,2022,中京,3,7,7,2022-05-28,https://www.jra.go.jp/datafile/seiseki/report/2022/2022-3chukyo7.pdf,official_daily_result_pdf
202207030708,2022,中京,3,7,8,2022-05-28,https://www.jra.go.jp/datafile/seiseki/report/2022/2022-3chukyo7.pdf,official_daily_result_pdf
202207030709,2022,中京,3,7,9,2022-05-28,https://www.jra.go.jp/datafile/seiseki/report/2022/2022-3chukyo7.pdf,official_daily_result_pdf
202207030710,2022,中京,3,7,10,2022-05-28,https://www.jra.go.jp/datafile/seiseki/report/2022/2022-3chukyo7.pdf,official_daily_result_pdf
202207030711,2022,中京,3,7,11,2022-05-28,https://www.jra.go.jp/datafile/seiseki/report/2022/2022-3chukyo7.pdf,official_daily_result_pdf
202207030712,2022,中京,3,7,12,2022-05-28,https://www.jra.go.jp/datafile/seiseki/report/2022/2022-3chukyo7.pdf,official_daily_result_pdf
202207030801,2022,中京,3,8,1,2022-05-29,https://www.jra.go.jp/datafile/seiseki/report/2022/2022-3chukyo8.pdf,official_daily_result_pdf
202207030802,2022,中京,3,8,2,2022-05-29,https://www.jra.go.jp/datafile/seiseki/report/2022/2022-3chukyo8.pdf,official_daily_result_pdf
202207030803,2022,中京,3,8,3,2022-05-29,https://www.jra.go.jp/datafile/seiseki/report/2022/2022-3chukyo8.pdf,official_daily_result_pdf
202207030804,2022,中京,3,8,4,2022-05-29,https://www.jra.go.jp/datafile/seiseki/report/2022/2022-3chukyo8.pdf,official_daily_result_pdf
202207030805,2022,中京,3,8,5,2022-05-29,https://www.jra.go.jp/datafile/seiseki/report/2022/2022-3chukyo8.pdf,official_daily_result_pdf
202207030806,2022,中京,3,8,6,2022-05-29,https://www.jra.go.jp/datafile/seiseki/report/2022/2022-3chukyo8.pdf,official_daily_result_pdf
202207030807,2022,中京,3,8,7,2022-05-29,https://www.jra.go.jp/datafile/seiseki/report/2022/2022-3chukyo8.pdf,official_daily_result_pdf
202207030808,2022,中京,3,8,8,2022-05-29,https://www.jra.go.jp/datafile/seiseki/report/2022/2022-3chukyo8.pdf,official_daily_result_pdf
202207030809,2022,中京,3,8,9,2022-05-29,https://www.jra.go.jp/datafile/seiseki/report/2022/2022-3chukyo8.pdf,official_daily_result_pdf
202207030810,2022,中京,3,8,10,2022-05-29,https://www.jra.go.jp/datafile/seiseki/report/2022/2022-3chukyo8.pdf,official_daily_result_pdf
202207030811,2022,中京,3,8,11,2022-05-29,https://www.jra.go.jp/datafile/seiseki/report/2022/2022-3chukyo8.pdf,official_daily_result_pdf
202207030812,2022,中京,3,8,12,2022-05-29,https://www.jra.go.jp/datafile/seiseki/report/2022/2022-3chukyo8.pdf,official_daily_result_pdf
202207040101,2022,中京,4,1,1,2022-06-04,https://www.jra.go.jp/datafile/seiseki/report/2022/2022-4chukyo1.pdf,official_daily_result_pdf
202207040102,2022,中京,4,1,2,2022-06-04,https://www.jra.go.jp/datafile/seiseki/report/2022/2022-4chukyo1.pdf,official_daily_result_pdf
202207040103,2022,中京,4,1,3,2022-06-04,https://www.jra.go.jp/datafile/seiseki/report/2022/2022-4chukyo1.pdf,official_daily_result_pdf
202207040104,2022,中京,4,1,4,2022-06-04,https://www.jra.go.jp/datafile/seiseki/report/2022/2022-4chukyo1.pdf,official_daily_result_pdf
202207040105,2022,中京,4,1,5,2022-06-04,https://www.jra.go.jp/datafile/seiseki/report/2022/2022-4chukyo1.pdf,official_daily_result_pdf
202207040106,2022,中京,4,1,6,2022-06-04,https://www.jra.go.jp/datafile/seiseki/report/2022/2022-4chukyo1.pdf,official_daily_result_pdf
202207040107,2022,中京,4,1,7,2022-06-04,https://www.jra.go.jp/datafile/seiseki/report/2022/2022-4chukyo1.pdf,official_daily_result_pdf
202207040108,2022,中京,4,1,8,2022-06-04,https://www.jra.go.jp/datafile/seiseki/report/2022/2022-4chukyo1.pdf,official_daily_result_pdf
202207040109,2022,中京,4,1,9,2022-06-04,https://www.jra.go.jp/datafile/seiseki/report/2022/2022-4chukyo1.pdf,official_daily_result_pdf
202207040110,2022,中京,4,1,10,2022-06-04,https://www.jra.go.jp/datafile/seiseki/report/2022/2022-4chukyo1.pdf,official_daily_result_pdf
202207040111,2022,中京,4,1,11,2022-06-04,https://www.jra.go.jp/datafile/seiseki/report/2022/2022-4chukyo1.pdf,official_daily_result_pdf
202207040112,2022,中京,4,1,12,2022-06-04,https://www.jra.go.jp/datafile/seiseki/report/2022/2022-4chukyo1.pdf,official_daily_result_pdf
202207040201,2022,中京,4,2,1,2022-06-05,https://www.jra.go.jp/datafile/seiseki/report/2022/2022-4chukyo2.pdf,official_daily_result_pdf
202207040202,2022,中京,4,2,2,2022-06-05,https://www.jra.go.jp/datafile/seiseki/report/2022/2022-4chukyo2.pdf,official_daily_result_pdf
202207040203,2022,中京,4,2,3,2022-06-05,https://www.jra.go.jp/datafile/seiseki/report/2022/2022-4chukyo2.pdf,official_daily_result_pdf
202207040204,2022,中京,4,2,4,2022-06-05,https://www.jra.go.jp/datafile/seiseki/report/2022/2022-4chukyo2.pdf,official_daily_result_pdf
202207040205,2022,中京,4,2,5,2022-06-05,https://www.jra.go.jp/datafile/seiseki/report/2022/2022-4chukyo2.pdf,official_daily_result_pdf
202207040206,2022,中京,4,2,6,2022-06-05,https://www.jra.go.jp/datafile/seiseki/report/2022/2022-4chukyo2.pdf,official_daily_result_pdf
202207040207,2022,中京,4,2,7,2022-06-05,https://www.jra.go.jp/datafile/seiseki/report/2022/2022-4chukyo2.pdf,official_daily_result_pdf
202207040208,2022,中京,4,2,8,2022-06-05,https://www.jra.go.jp/datafile/seiseki/report/2022/2022-4chukyo2.pdf,official_daily_result_pdf
202207040209,2022,中京,4,2,9,2022-06-05,https://www.jra.go.jp/datafile/seiseki/report/2022/2022-4chukyo2.pdf,official_daily_result_pdf
202207040210,2022,中京,4,2,10,2022-06-05,https://www.jra.go.jp/datafile/seiseki/report/2022/2022-4chukyo2.pdf,official_daily_result_pdf
202207040211,2022,中京,4,2,11,2022-06-05,https://www.jra.go.jp/datafile/seiseki/report/2022/2022-4chukyo2.pdf,official_daily_result_pdf
202207040212,2022,中京,4,2,12,2022-06-05,https://www.jra.go.jp/datafile/seiseki/report/2022/2022-4chukyo2.pdf,official_daily_result_pdf
202207040301,2022,中京,4,3,1,2022-06-11,https://www.jra.go.jp/datafile/seiseki/report/2022/2022-4chukyo3.pdf,official_daily_result_pdf
202207040302,2022,中京,4,3,2,2022-06-11,https://www.jra.go.jp/datafile/seiseki/report/2022/2022-4chukyo3.pdf,official_daily_result_pdf
202207040303,2022,中京,4,3,3,2022-06-11,https://www.jra.go.jp/datafile/seiseki/report/2022/2022-4chukyo3.pdf,official_daily_result_pdf
202207040304,2022,中京,4,3,4,2022-06-11,https://www.jra.go.jp/datafile/seiseki/report/2022/2022-4chukyo3.pdf,official_daily_result_pdf
202207040305,2022,中京,4,3,5,2022-06-11,https://www.jra.go.jp/datafile/seiseki/report/2022/2022-4chukyo3.pdf,official_daily_result_pdf
202207040306,2022,中京,4,3,6,2022-06-11,https://www.jra.go.jp/datafile/seiseki/report/2022/2022-4chukyo3.pdf,official_daily_result_pdf
202207040307,2022,中京,4,3,7,2022-06-11,https://www.jra.go.jp/datafile/seiseki/report/2022/2022-4chukyo3.pdf,official_daily_result_pdf
202207040308,2022,中京,4,3,8,2022-06-11,https://www.jra.go.jp/datafile/seiseki/report/2022/2022-4chukyo3.pdf,official_daily_result_pdf
202207040309,2022,中京,4,3,9,2022-06-11,https://www.jra.go.jp/datafile/seiseki/report/2022/2022-4chukyo3.pdf,official_daily_result_pdf
202207040310,2022,中京,4,3,10,2022-06-11,https://www.jra.go.jp/datafile/seiseki/report/2022/2022-4chukyo3.pdf,official_daily_result_pdf
202207040311,2022,中京,4,3,11,2022-06-11,https://www.jra.go.jp/datafile/seiseki/report/2022/2022-4chukyo3.pdf,official_daily_result_pdf
202207040312,2022,中京,4,3,12,2022-06-11,https://www.jra.go.jp/datafile/seiseki/report/2022/2022-4chukyo3.pdf,official_daily_result_pdf
202207040401,2022,中京,4,4,1,2022-06-12,https://www.jra.go.jp/datafile/seiseki/report/2022/2022-4chukyo4.pdf,official_daily_result_pdf
202207040402,2022,中京,4,4,2,2022-06-12,https://www.jra.go.jp/datafile/seiseki/report/2022/2022-4chukyo4.pdf,official_daily_result_pdf
202207040403,2022,中京,4,4,3,2022-06-12,https://www.jra.go.jp/datafile/seiseki/report/2022/2022-4chukyo4.pdf,official_daily_result_pdf
202207040404,2022,中京,4,4,4,2022-06-12,https://www.jra.go.jp/datafile/seiseki/report/2022/2022-4chukyo4.pdf,official_daily_result_pdf
202207040405,2022,中京,4,4,5,2022-06-12,https://www.jra.go.jp/datafile/seiseki/report/2022/2022-4chukyo4.pdf,official_daily_result_pdf
202207040406,2022,中京,4,4,6,2022-06-12,https://www.jra.go.jp/datafile/seiseki/report/2022/2022-4chukyo4.pdf,official_daily_result_pdf
202207040407,2022,中京,4,4,7,2022-06-12,https://www.jra.go.jp/datafile/seiseki/report/2022/2022-4chukyo4.pdf,official_daily_result_pdf
202207040408,2022,中京,4,4,8,2022-06-12,https://www.jra.go.jp/datafile/seiseki/report/2022/2022-4chukyo4.pdf,official_daily_result_pdf
202207040409,2022,中京,4,4,9,2022-06-12,https://www.jra.go.jp/datafile/seiseki/report/2022/2022-4chukyo4.pdf,official_daily_result_pdf
202207040410,2022,中京,4,4,10,2022-06-12,https://www.jra.go.jp/datafile/seiseki/report/2022/2022-4chukyo4.pdf,official_daily_result_pdf
202207040411,2022,中京,4,4,11,2022-06-12,https://www.jra.go.jp/datafile/seiseki/report/2022/2022-4chukyo4.pdf,official_daily_result_pdf
202207040412,2022,中京,4,4,12,2022-06-12,https://www.jra.go.jp/datafile/seiseki/report/2022/2022-4chukyo4.pdf,official_daily_result_pdf
202207050101,2022,中京,5,1,1,2022-09-10,https://www.jra.go.jp/datafile/seiseki/report/2022/2022-5chukyo1.pdf,official_daily_result_pdf
202207050102,2022,中京,5,1,2,2022-09-10,https://www.jra.go.jp/datafile/seiseki/report/2022/2022-5chukyo1.pdf,official_daily_result_pdf
202207050103,2022,中京,5,1,3,2022-09-10,https://www.jra.go.jp/datafile/seiseki/report/2022/2022-5chukyo1.pdf,official_daily_result_pdf
202207050104,2022,中京,5,1,4,2022-09-10,https://www.jra.go.jp/datafile/seiseki/report/2022/2022-5chukyo1.pdf,official_daily_result_pdf
202207050105,2022,中京,5,1,5,2022-09-10,https://www.jra.go.jp/datafile/seiseki/report/2022/2022-5chukyo1.pdf,official_daily_result_pdf
202207050106,2022,中京,5,1,6,2022-09-10,https://www.jra.go.jp/datafile/seiseki/report/2022/2022-5chukyo1.pdf,official_daily_result_pdf
202207050107,2022,中京,5,1,7,2022-09-10,https://www.jra.go.jp/datafile/seiseki/report/2022/2022-5chukyo1.pdf,official_daily_result_pdf
202207050108,2022,中京,5,1,8,2022-09-10,https://www.jra.go.jp/datafile/seiseki/report/2022/2022-5chukyo1.pdf,official_daily_result_pdf
202207050109,2022,中京,5,1,9,2022-09-10,https://www.jra.go.jp/datafile/seiseki/report/2022/2022-5chukyo1.pdf,official_daily_result_pdf
202207050110,2022,中京,5,1,10,2022-09-10,https://www.jra.go.jp/datafile/seiseki/report/2022/2022-5chukyo1.pdf,official_daily_result_pdf
202207050111,2022,中京,5,1,11,2022-09-10,https://www.jra.go.jp/datafile/seiseki/report/2022/2022-5chukyo1.pdf,official_daily_result_pdf
202207050112,2022,中京,5,1,12,2022-09-10,https://www.jra.go.jp/datafile/seiseki/report/2022/2022-5chukyo1.pdf,official_daily_result_pdf
202207050201,2022,中京,5,2,1,2022-09-11,https://www.jra.go.jp/datafile/seiseki/report/2022/2022-5chukyo2.pdf,official_daily_result_pdf
202207050202,2022,中京,5,2,2,2022-09-11,https://www.jra.go.jp/datafile/seiseki/report/2022/2022-5chukyo2.pdf,official_daily_result_pdf
202207050203,2022,中京,5,2,3,2022-09-11,https://www.jra.go.jp/datafile/seiseki/report/2022/2022-5chukyo2.pdf,official_daily_result_pdf
202207050204,2022,中京,5,2,4,2022-09-11,https://www.jra.go.jp/datafile/seiseki/report/2022/2022-5chukyo2.pdf,official_daily_result_pdf
202207050205,2022,中京,5,2,5,2022-09-11,https://www.jra.go.jp/datafile/seiseki/report/2022/2022-5chukyo2.pdf,official_daily_result_pdf
202207050206,2022,中京,5,2,6,2022-09-11,https://www.jra.go.jp/datafile/seiseki/report/2022/2022-5chukyo2.pdf,official_daily_result_pdf
202207050207,2022,中京,5,2,7,2022-09-11,https://www.jra.go.jp/datafile/seiseki/report/2022/2022-5chukyo2.pdf,official_daily_result_pdf
202207050208,2022,中京,5,2,8,2022-09-11,https://www.jra.go.jp/datafile/seiseki/report/2022/2022-5chukyo2.pdf,official_daily_result_pdf
202207050209,2022,中京,5,2,9,2022-09-11,https://www.jra.go.jp/datafile/seiseki/report/2022/2022-5chukyo2.pdf,official_daily_result_pdf
202207050210,2022,中京,5,2,10,2022-09-11,https://www.jra.go.jp/datafile/seiseki/report/2022/2022-5chukyo2.pdf,official_daily_result_pdf
202207050211,2022,中京,5,2,11,2022-09-11,https://www.jra.go.jp/datafile/seiseki/report/2022/2022-5chukyo2.pdf,official_daily_result_pdf
202207050212,2022,中京,5,2,12,2022-09-11,https://www.jra.go.jp/datafile/seiseki/report/2022/2022-5chukyo2.pdf,official_daily_result_pdf
202207050301,2022,中京,5,3,1,2022-09-17,https://www.jra.go.jp/datafile/seiseki/report/2022/2022-5chukyo3.pdf,official_daily_result_pdf
202207050302,2022,中京,5,3,2,2022-09-17,https://www.jra.go.jp/datafile/seiseki/report/2022/2022-5chukyo3.pdf,official_daily_result_pdf
202207050303,2022,中京,5,3,3,2022-09-17,https://www.jra.go.jp/datafile/seiseki/report/2022/2022-5chukyo3.pdf,official_daily_result_pdf
202207050304,2022,中京,5,3,4,2022-09-17,https://www.jra.go.jp/datafile/seiseki/report/2022/2022-5chukyo3.pdf,official_daily_result_pdf
202207050305,2022,中京,5,3,5,2022-09-17,https://www.jra.go.jp/datafile/seiseki/report/2022/2022-5chukyo3.pdf,official_daily_result_pdf
202207050306,2022,中京,5,3,6,2022-09-17,https://www.jra.go.jp/datafile/seiseki/report/2022/2022-5chukyo3.pdf,official_daily_result_pdf
202207050307,2022,中京,5,3,7,2022-09-17,https://www.jra.go.jp/datafile/seiseki/report/2022/2022-5chukyo3.pdf,official_daily_result_pdf
202207050308,2022,中京,5,3,8,2022-09-17,https://www.jra.go.jp/datafile/seiseki/report/2022/2022-5chukyo3.pdf,official_daily_result_pdf
202207050309,2022,中京,5,3,9,2022-09-17,https://www.jra.go.jp/datafile/seiseki/report/2022/2022-5chukyo3.pdf,official_daily_result_pdf
202207050310,2022,中京,5,3,10,2022-09-17,https://www.jra.go.jp/datafile/seiseki/report/2022/2022-5chukyo3.pdf,official_daily_result_pdf
202207050311,2022,中京,5,3,11,2022-09-17,https://www.jra.go.jp/datafile/seiseki/report/2022/2022-5chukyo3.pdf,official_daily_result_pdf
202207050312,2022,中京,5,3,12,2022-09-17,https://www.jra.go.jp/datafile/seiseki/report/2022/2022-5chukyo3.pdf,official_daily_result_pdf
202207050401,2022,中京,5,4,1,2022-09-18,https://www.jra.go.jp/datafile/seiseki/report/2022/2022-5chukyo4.pdf,official_daily_result_pdf
202207050402,2022,中京,5,4,2,2022-09-18,https://www.jra.go.jp/datafile/seiseki/report/2022/2022-5chukyo4.pdf,official_daily_result_pdf
202207050403,2022,中京,5,4,3,2022-09-18,https://www.jra.go.jp/datafile/seiseki/report/2022/2022-5chukyo4.pdf,official_daily_result_pdf
202207050404,2022,中京,5,4,4,2022-09-18,https://www.jra.go.jp/datafile/seiseki/report/2022/2022-5chukyo4.pdf,official_daily_result_pdf
202207050405,2022,中京,5,4,5,2022-09-18,https://www.jra.go.jp/datafile/seiseki/report/2022/2022-5chukyo4.pdf,official_daily_result_pdf
202207050406,2022,中京,5,4,6,2022-09-18,https://www.jra.go.jp/datafile/seiseki/report/2022/2022-5chukyo4.pdf,official_daily_result_pdf
202207050407,2022,中京,5,4,7,2022-09-18,https://www.jra.go.jp/datafile/seiseki/report/2022/2022-5chukyo4.pdf,official_daily_result_pdf
202207050408,2022,中京,5,4,8,2022-09-18,https://www.jra.go.jp/datafile/seiseki/report/2022/2022-5chukyo4.pdf,official_daily_result_pdf
202207050409,2022,中京,5,4,9,2022-09-18,https://www.jra.go.jp/datafile/seiseki/report/2022/2022-5chukyo4.pdf,official_daily_result_pdf
202207050410,2022,中京,5,4,10,2022-09-18,https://www.jra.go.jp/datafile/seiseki/report/2022/2022-5chukyo4.pdf,official_daily_result_pdf
202207050411,2022,中京,5,4,11,2022-09-18,https://www.jra.go.jp/datafile/seiseki/report/2022/2022-5chukyo4.pdf,official_daily_result_pdf
202207050412,2022,中京,5,4,12,2022-09-18,https://www.jra.go.jp/datafile/seiseki/report/2022/2022-5chukyo4.pdf,official_daily_result_pdf
202207050501,2022,中京,5,5,1,2022-09-19,https://www.jra.go.jp/datafile/seiseki/report/2022/2022-5chukyo5.pdf,official_daily_result_pdf
202207050502,2022,中京,5,5,2,2022-09-19,https://www.jra.go.jp/datafile/seiseki/report/2022/2022-5chukyo5.pdf,official_daily_result_pdf
202207050503,2022,中京,5,5,3,2022-09-19,https://www.jra.go.jp/datafile/seiseki/report/2022/2022-5chukyo5.pdf,official_daily_result_pdf
202207050504,2022,中京,5,5,4,2022-09-19,https://www.jra.go.jp/datafile/seiseki/report/2022/2022-5chukyo5.pdf,official_daily_result_pdf
202207050505,2022,中京,5,5,5,2022-09-19,https://www.jra.go.jp/datafile/seiseki/report/2022/2022-5chukyo5.pdf,official_daily_result_pdf
202207050506,2022,中京,5,5,6,2022-09-19,https://www.jra.go.jp/datafile/seiseki/report/2022/2022-5chukyo5.pdf,official_daily_result_pdf
202207050507,2022,中京,5,5,7,2022-09-19,https://www.jra.go.jp/datafile/seiseki/report/2022/2022-5chukyo5.pdf,official_daily_result_pdf
202207050508,2022,中京,5,5,8,2022-09-19,https://www.jra.go.jp/datafile/seiseki/report/2022/2022-5chukyo5.pdf,official_daily_result_pdf
202207050509,2022,中京,5,5,9,2022-09-19,https://www.jra.go.jp/datafile/seiseki/report/2022/2022-5chukyo5.pdf,official_daily_result_pdf
202207050510,2022,中京,5,5,10,2022-09-19,https://www.jra.go.jp/datafile/seiseki/report/2022/2022-5chukyo5.pdf,official_daily_result_pdf
202207050511,2022,中京,5,5,11,2022-09-19,https://www.jra.go.jp/datafile/seiseki/report/2022/2022-5chukyo5.pdf,official_daily_result_pdf
202207050512,2022,中京,5,5,12,2022-09-19,https://www.jra.go.jp/datafile/seiseki/report/2022/2022-5chukyo5.pdf,official_daily_result_pdf
202207050601,2022,中京,5,6,1,2022-09-24,https://www.jra.go.jp/datafile/seiseki/report/2022/2022-5chukyo6.pdf,official_daily_result_pdf
202207050602,2022,中京,5,6,2,2022-09-24,https://www.jra.go.jp/datafile/seiseki/report/2022/2022-5chukyo6.pdf,official_daily_result_pdf
202207050603,2022,中京,5,6,3,2022-09-24,https://www.jra.go.jp/datafile/seiseki/report/2022/2022-5chukyo6.pdf,official_daily_result_pdf
202207050604,2022,中京,5,6,4,2022-09-24,https://www.jra.go.jp/datafile/seiseki/report/2022/2022-5chukyo6.pdf,official_daily_result_pdf
202207050605,2022,中京,5,6,5,2022-09-24,https://www.jra.go.jp/datafile/seiseki/report/2022/2022-5chukyo6.pdf,official_daily_result_pdf
202207050606,2022,中京,5,6,6,2022-09-24,https://www.jra.go.jp/datafile/seiseki/report/2022/2022-5chukyo6.pdf,official_daily_result_pdf
202207050607,2022,中京,5,6,7,2022-09-24,https://www.jra.go.jp/datafile/seiseki/report/2022/2022-5chukyo6.pdf,official_daily_result_pdf
202207050608,2022,中京,5,6,8,2022-09-24,https://www.jra.go.jp/datafile/seiseki/report/2022/2022-5chukyo6.pdf,official_daily_result_pdf
202207050609,2022,中京,5,6,9,2022-09-24,https://www.jra.go.jp/datafile/seiseki/report/2022/2022-5chukyo6.pdf,official_daily_result_pdf
202207050610,2022,中京,5,6,10,2022-09-24,https://www.jra.go.jp/datafile/seiseki/report/2022/2022-5chukyo6.pdf,official_daily_result_pdf
202207050611,2022,中京,5,6,11,2022-09-24,https://www.jra.go.jp/datafile/seiseki/report/2022/2022-5chukyo6.pdf,official_daily_result_pdf
202207050612,2022,中京,5,6,12,2022-09-24,https://www.jra.go.jp/datafile/seiseki/report/2022/2022-5chukyo6.pdf,official_daily_result_pdf
202207050701,2022,中京,5,7,1,2022-09-25,https://www.jra.go.jp/datafile/seiseki/report/2022/2022-5chukyo7.pdf,official_daily_result_pdf
202207050702,2022,中京,5,7,2,2022-09-25,https://www.jra.go.jp/datafile/seiseki/report/2022/2022-5chukyo7.pdf,official_daily_result_pdf
202207050703,2022,中京,5,7,3,2022-09-25,https://www.jra.go.jp/datafile/seiseki/report/2022/2022-5chukyo7.pdf,official_daily_result_pdf
202207050704,2022,中京,5,7,4,2022-09-25,https://www.jra.go.jp/datafile/seiseki/report/2022/2022-5chukyo7.pdf,official_daily_result_pdf
202207050705,2022,中京,5,7,5,2022-09-25,https://www.jra.go.jp/datafile/seiseki/report/2022/2022-5chukyo7.pdf,official_daily_result_pdf
202207050706,2022,中京,5,7,6,2022-09-25,https://www.jra.go.jp/datafile/seiseki/report/2022/2022-5chukyo7.pdf,official_daily_result_pdf
202207050707,2022,中京,5,7,7,2022-09-25,https://www.jra.go.jp/datafile/seiseki/report/2022/2022-5chukyo7.pdf,official_daily_result_pdf
202207050708,2022,中京,5,7,8,2022-09-25,https://www.jra.go.jp/datafile/seiseki/report/2022/2022-5chukyo7.pdf,official_daily_result_pdf
202207050709,2022,中京,5,7,9,2022-09-25,https://www.jra.go.jp/datafile/seiseki/report/2022/2022-5chukyo7.pdf,official_daily_result_pdf
202207050710,2022,中京,5,7,10,2022-09-25,https://www.jra.go.jp/datafile/seiseki/report/2022/2022-5chukyo7.pdf,official_daily_result_pdf
202207050711,2022,中京,5,7,11,2022-09-25,https://www.jra.go.jp/datafile/seiseki/report/2022/2022-5chukyo7.pdf,official_daily_result_pdf
202207050712,2022,中京,5,7,12,2022-09-25,https://www.jra.go.jp/datafile/seiseki/report/2022/2022-5chukyo7.pdf,official_daily_result_pdf
202207050801,2022,中京,5,8,1,2022-10-01,https://www.jra.go.jp/datafile/seiseki/report/2022/2022-5chukyo8.pdf,official_daily_result_pdf
202207050802,2022,中京,5,8,2,2022-10-01,https://www.jra.go.jp/datafile/seiseki/report/2022/2022-5chukyo8.pdf,official_daily_result_pdf
202207050803,2022,中京,5,8,3,2022-10-01,https://www.jra.go.jp/datafile/seiseki/report/2022/2022-5chukyo8.pdf,official_daily_result_pdf
202207050804,2022,中京,5,8,4,2022-10-01,https://www.jra.go.jp/datafile/seiseki/report/2022/2022-5chukyo8.pdf,official_daily_result_pdf
202207050805,2022,中京,5,8,5,2022-10-01,https://www.jra.go.jp/datafile/seiseki/report/2022/2022-5chukyo8.pdf,official_daily_result_pdf
202207050806,2022,中京,5,8,6,2022-10-01,https://www.jra.go.jp/datafile/seiseki/report/2022/2022-5chukyo8.pdf,official_daily_result_pdf
202207050807,2022,中京,5,8,7,2022-10-01,https://www.jra.go.jp/datafile/seiseki/report/2022/2022-5chukyo8.pdf,official_daily_result_pdf
202207050808,2022,中京,5,8,8,2022-10-01,https://www.jra.go.jp/datafile/seiseki/report/2022/2022-5chukyo8.pdf,official_daily_result_pdf
202207050809,2022,中京,5,8,9,2022-10-01,https://www.jra.go.jp/datafile/seiseki/report/2022/2022-5chukyo8.pdf,official_daily_result_pdf
202207050810,2022,中京,5,8,10,2022-10-01,https://www.jra.go.jp/datafile/seiseki/report/2022/2022-5chukyo8.pdf,official_daily_result_pdf
202207050811,2022,中京,5,8,11,2022-10-01,https://www.jra.go.jp/datafile/seiseki/report/2022/2022-5chukyo8.pdf,official_daily_result_pdf
202207050812,2022,中京,5,8,12,2022-10-01,https://www.jra.go.jp/datafile/seiseki/report/2022/2022-5chukyo8.pdf,official_daily_result_pdf
202207050901,2022,中京,5,9,1,2022-10-02,https://www.jra.go.jp/datafile/seiseki/report/2022/2022-5chukyo9.pdf,official_daily_result_pdf
202207050902,2022,中京,5,9,2,2022-10-02,https://www.jra.go.jp/datafile/seiseki/report/2022/2022-5chukyo9.pdf,official_daily_result_pdf
202207050903,2022,中京,5,9,3,2022-10-02,https://www.jra.go.jp/datafile/seiseki/report/2022/2022-5chukyo9.pdf,official_daily_result_pdf
202207050904,2022,中京,5,9,4,2022-10-02,https://www.jra.go.jp/datafile/seiseki/report/2022/2022-5chukyo9.pdf,official_daily_result_pdf
202207050905,2022,中京,5,9,5,2022-10-02,https://www.jra.go.jp/datafile/seiseki/report/2022/2022-5chukyo9.pdf,official_daily_result_pdf
202207050906,2022,中京,5,9,6,2022-10-02,https://www.jra.go.jp/datafile/seiseki/report/2022/2022-5chukyo9.pdf,official_daily_result_pdf
202207050907,2022,中京,5,9,7,2022-10-02,https://www.jra.go.jp/datafile/seiseki/report/2022/2022-5chukyo9.pdf,official_daily_result_pdf
202207050908,2022,中京,5,9,8,2022-10-02,https://www.jra.go.jp/datafile/seiseki/report/2022/2022-5chukyo9.pdf,official_daily_result_pdf
202207050909,2022,中京,5,9,9,2022-10-02,https://www.jra.go.jp/datafile/seiseki/report/2022/2022-5chukyo9.pdf,official_daily_result_pdf
202207050910,2022,中京,5,9,10,2022-10-02,https://www.jra.go.jp/datafile/seiseki/report/2022/2022-5chukyo9.pdf,official_daily_result_pdf
202207050911,2022,中京,5,9,11,2022-10-02,https://www.jra.go.jp/datafile/seiseki/report/2022/2022-5chukyo9.pdf,official_daily_result_pdf
202207050912,2022,中京,5,9,12,2022-10-02,https://www.jra.go.jp/datafile/seiseki/report/2022/2022-5chukyo9.pdf,official_daily_result_pdf
202207060101,2022,中京,6,1,1,2022-12-03,https://www.jra.go.jp/datafile/seiseki/report/2022/2022-6chukyo1.pdf,official_daily_result_pdf
202207060102,2022,中京,6,1,2,2022-12-03,https://www.jra.go.jp/datafile/seiseki/report/2022/2022-6chukyo1.pdf,official_daily_result_pdf
202207060103,2022,中京,6,1,3,2022-12-03,https://www.jra.go.jp/datafile/seiseki/report/2022/2022-6chukyo1.pdf,official_daily_result_pdf
202207060104,2022,中京,6,1,4,2022-12-03,https://www.jra.go.jp/datafile/seiseki/report/2022/2022-6chukyo1.pdf,official_daily_result_pdf
202207060105,2022,中京,6,1,5,2022-12-03,https://www.jra.go.jp/datafile/seiseki/report/2022/2022-6chukyo1.pdf,official_daily_result_pdf
202207060106,2022,中京,6,1,6,2022-12-03,https://www.jra.go.jp/datafile/seiseki/report/2022/2022-6chukyo1.pdf,official_daily_result_pdf
202207060107,2022,中京,6,1,7,2022-12-03,https://www.jra.go.jp/datafile/seiseki/report/2022/2022-6chukyo1.pdf,official_daily_result_pdf
202207060108,2022,中京,6,1,8,2022-12-03,https://www.jra.go.jp/datafile/seiseki/report/2022/2022-6chukyo1.pdf,official_daily_result_pdf
202207060109,2022,中京,6,1,9,2022-12-03,https://www.jra.go.jp/datafile/seiseki/report/2022/2022-6chukyo1.pdf,official_daily_result_pdf
202207060110,2022,中京,6,1,10,2022-12-03,https://www.jra.go.jp/datafile/seiseki/report/2022/2022-6chukyo1.pdf,official_daily_result_pdf
202207060111,2022,中京,6,1,11,2022-12-03,https://www.jra.go.jp/datafile/seiseki/report/2022/2022-6chukyo1.pdf,official_daily_result_pdf
202207060112,2022,中京,6,1,12,2022-12-03,https://www.jra.go.jp/datafile/seiseki/report/2022/2022-6chukyo1.pdf,official_daily_result_pdf
202207060201,2022,中京,6,2,1,2022-12-04,https://www.jra.go.jp/datafile/seiseki/report/2022/2022-6chukyo2.pdf,official_daily_result_pdf
202207060202,2022,中京,6,2,2,2022-12-04,https://www.jra.go.jp/datafile/seiseki/report/2022/2022-6chukyo2.pdf,official_daily_result_pdf
202207060203,2022,中京,6,2,3,2022-12-04,https://www.jra.go.jp/datafile/seiseki/report/2022/2022-6chukyo2.pdf,official_daily_result_pdf
202207060204,2022,中京,6,2,4,2022-12-04,https://www.jra.go.jp/datafile/seiseki/report/2022/2022-6chukyo2.pdf,official_daily_result_pdf
202207060205,2022,中京,6,2,5,2022-12-04,https://www.jra.go.jp/datafile/seiseki/report/2022/2022-6chukyo2.pdf,official_daily_result_pdf
202207060206,2022,中京,6,2,6,2022-12-04,https://www.jra.go.jp/datafile/seiseki/report/2022/2022-6chukyo2.pdf,official_daily_result_pdf
202207060207,2022,中京,6,2,7,2022-12-04,https://www.jra.go.jp/datafile/seiseki/report/2022/2022-6chukyo2.pdf,official_daily_result_pdf
202207060208,2022,中京,6,2,8,2022-12-04,https://www.jra.go.jp/datafile/seiseki/report/2022/2022-6chukyo2.pdf,official_daily_result_pdf
202207060209,2022,中京,6,2,9,2022-12-04,https://www.jra.go.jp/datafile/seiseki/report/2022/2022-6chukyo2.pdf,official_daily_result_pdf
202207060210,2022,中京,6,2,10,2022-12-04,https://www.jra.go.jp/datafile/seiseki/report/2022/2022-6chukyo2.pdf,official_daily_result_pdf
202207060211,2022,中京,6,2,11,2022-12-04,https://www.jra.go.jp/datafile/seiseki/report/2022/2022-6chukyo2.pdf,official_daily_result_pdf
202207060212,2022,中京,6,2,12,2022-12-04,https://www.jra.go.jp/datafile/seiseki/report/2022/2022-6chukyo2.pdf,official_daily_result_pdf
202207060301,2022,中京,6,3,1,2022-12-10,https://www.jra.go.jp/datafile/seiseki/report/2022/2022-6chukyo3.pdf,official_daily_result_pdf
202207060302,2022,中京,6,3,2,2022-12-10,https://www.jra.go.jp/datafile/seiseki/report/2022/2022-6chukyo3.pdf,official_daily_result_pdf
202207060303,2022,中京,6,3,3,2022-12-10,https://www.jra.go.jp/datafile/seiseki/report/2022/2022-6chukyo3.pdf,official_daily_result_pdf
202207060304,2022,中京,6,3,4,2022-12-10,https://www.jra.go.jp/datafile/seiseki/report/2022/2022-6chukyo3.pdf,official_daily_result_pdf
202207060305,2022,中京,6,3,5,2022-12-10,https://www.jra.go.jp/datafile/seiseki/report/2022/2022-6chukyo3.pdf,official_daily_result_pdf
202207060306,2022,中京,6,3,6,2022-12-10,https://www.jra.go.jp/datafile/seiseki/report/2022/2022-6chukyo3.pdf,official_daily_result_pdf
202207060307,2022,中京,6,3,7,2022-12-10,https://www.jra.go.jp/datafile/seiseki/report/2022/2022-6chukyo3.pdf,official_daily_result_pdf
202207060308,2022,中京,6,3,8,2022-12-10,https://www.jra.go.jp/datafile/seiseki/report/2022/2022-6chukyo3.pdf,official_daily_result_pdf
202207060309,2022,中京,6,3,9,2022-12-10,https://www.jra.go.jp/datafile/seiseki/report/2022/2022-6chukyo3.pdf,official_daily_result_pdf
202207060310,2022,中京,6,3,10,2022-12-10,https://www.jra.go.jp/datafile/seiseki/report/2022/2022-6chukyo3.pdf,official_daily_result_pdf
202207060311,2022,中京,6,3,11,2022-12-10,https://www.jra.go.jp/datafile/seiseki/report/2022/2022-6chukyo3.pdf,official_daily_result_pdf
202207060312,2022,中京,6,3,12,2022-12-10,https://www.jra.go.jp/datafile/seiseki/report/2022/2022-6chukyo3.pdf,official_daily_result_pdf
202207060401,2022,中京,6,4,1,2022-12-11,https://www.jra.go.jp/datafile/seiseki/report/2022/2022-6chukyo4.pdf,official_daily_result_pdf
202207060402,2022,中京,6,4,2,2022-12-11,https://www.jra.go.jp/datafile/seiseki/report/2022/2022-6chukyo4.pdf,official_daily_result_pdf
202207060403,2022,中京,6,4,3,2022-12-11,https://www.jra.go.jp/datafile/seiseki/report/2022/2022-6chukyo4.pdf,official_daily_result_pdf
202207060404,2022,中京,6,4,4,2022-12-11,https://www.jra.go.jp/datafile/seiseki/report/2022/2022-6chukyo4.pdf,official_daily_result_pdf
202207060405,2022,中京,6,4,5,2022-12-11,https://www.jra.go.jp/datafile/seiseki/report/2022/2022-6chukyo4.pdf,official_daily_result_pdf
202207060406,2022,中京,6,4,6,2022-12-11,https://www.jra.go.jp/datafile/seiseki/report/2022/2022-6chukyo4.pdf,official_daily_result_pdf
202207060407,2022,中京,6,4,7,2022-12-11,https://www.jra.go.jp/datafile/seiseki/report/2022/2022-6chukyo4.pdf,official_daily_result_pdf
202207060408,2022,中京,6,4,8,2022-12-11,https://www.jra.go.jp/datafile/seiseki/report/2022/2022-6chukyo4.pdf,official_daily_result_pdf
202207060409,2022,中京,6,4,9,2022-12-11,https://www.jra.go.jp/datafile/seiseki/report/2022/2022-6chukyo4.pdf,official_daily_result_pdf
202207060410,2022,中京,6,4,10,2022-12-11,https://www.jra.go.jp/datafile/seiseki/report/2022/2022-6chukyo4.pdf,official_daily_result_pdf
202207060411,2022,中京,6,4,11,2022-12-11,https://www.jra.go.jp/datafile/seiseki/report/2022/2022-6chukyo4.pdf,official_daily_result_pdf
202207060412,2022,中京,6,4,12,2022-12-11,https://www.jra.go.jp/datafile/seiseki/report/2022/2022-6chukyo4.pdf,official_daily_result_pdf
202207060501,2022,中京,6,5,1,2022-12-17,https://www.jra.go.jp/datafile/seiseki/report/2022/2022-6chukyo5.pdf,official_daily_result_pdf
202207060502,2022,中京,6,5,2,2022-12-17,https://www.jra.go.jp/datafile/seiseki/report/2022/2022-6chukyo5.pdf,official_daily_result_pdf
202207060503,2022,中京,6,5,3,2022-12-17,https://www.jra.go.jp/datafile/seiseki/report/2022/2022-6chukyo5.pdf,official_daily_result_pdf
202207060504,2022,中京,6,5,4,2022-12-17,https://www.jra.go.jp/datafile/seiseki/report/2022/2022-6chukyo5.pdf,official_daily_result_pdf
202207060505,2022,中京,6,5,5,2022-12-17,https://www.jra.go.jp/datafile/seiseki/report/2022/2022-6chukyo5.pdf,official_daily_result_pdf
202207060506,2022,中京,6,5,6,2022-12-17,https://www.jra.go.jp/datafile/seiseki/report/2022/2022-6chukyo5.pdf,official_daily_result_pdf
202207060507,2022,中京,6,5,7,2022-12-17,https://www.jra.go.jp/datafile/seiseki/report/2022/2022-6chukyo5.pdf,official_daily_result_pdf
202207060508,2022,中京,6,5,8,2022-12-17,https://www.jra.go.jp/datafile/seiseki/report/2022/2022-6chukyo5.pdf,official_daily_result_pdf
202207060509,2022,中京,6,5,9,2022-12-17,https://www.jra.go.jp/datafile/seiseki/report/2022/2022-6chukyo5.pdf,official_daily_result_pdf
202207060510,2022,中京,6,5,10,2022-12-17,https://www.jra.go.jp/datafile/seiseki/report/2022/2022-6chukyo5.pdf,official_daily_result_pdf
202207060511,2022,中京,6,5,11,2022-12-17,https://www.jra.go.jp/datafile/seiseki/report/2022/2022-6chukyo5.pdf,official_daily_result_pdf
202207060512,2022,中京,6,5,12,2022-12-17,https://www.jra.go.jp/datafile/seiseki/report/2022/2022-6chukyo5.pdf,official_daily_result_pdf
202207060601,2022,中京,6,6,1,2022-12-18,https://www.jra.go.jp/datafile/seiseki/report/2022/2022-6chukyo6.pdf,official_daily_result_pdf
202207060602,2022,中京,6,6,2,2022-12-18,https://www.jra.go.jp/datafile/seiseki/report/2022/2022-6chukyo6.pdf,official_daily_result_pdf
202207060603,2022,中京,6,6,3,2022-12-18,https://www.jra.go.jp/datafile/seiseki/report/2022/2022-6chukyo6.pdf,official_daily_result_pdf
202207060604,2022,中京,6,6,4,2022-12-18,https://www.jra.go.jp/datafile/seiseki/report/2022/2022-6chukyo6.pdf,official_daily_result_pdf
202207060605,2022,中京,6,6,5,2022-12-18,https://www.jra.go.jp/datafile/seiseki/report/2022/2022-6chukyo6.pdf,official_daily_result_pdf
202207060606,2022,中京,6,6,6,2022-12-18,https://www.jra.go.jp/datafile/seiseki/report/2022/2022-6chukyo6.pdf,official_daily_result_pdf
202207060607,2022,中京,6,6,7,2022-12-18,https://www.jra.go.jp/datafile/seiseki/report/2022/2022-6chukyo6.pdf,official_daily_result_pdf
202207060608,2022,中京,6,6,8,2022-12-18,https://www.jra.go.jp/datafile/seiseki/report/2022/2022-6chukyo6.pdf,official_daily_result_pdf
202207060609,2022,中京,6,6,9,2022-12-18,https://www.jra.go.jp/datafile/seiseki/report/2022/2022-6chukyo6.pdf,official_daily_result_pdf
202207060610,2022,中京,6,6,10,2022-12-18,https://www.jra.go.jp/datafile/seiseki/report/2022/2022-6chukyo6.pdf,official_daily_result_pdf
202207060611,2022,中京,6,6,11,2022-12-18,https://www.jra.go.jp/datafile/seiseki/report/2022/2022-6chukyo6.pdf,official_daily_result_pdf
202207060612,2022,中京,6,6,12,2022-12-18,https://www.jra.go.jp/datafile/seiseki/report/2022/2022-6chukyo6.pdf,official_daily_result_pdf
202209010101,2022,阪神,1,1,1,2022-02-12,https://www.jra.go.jp/datafile/seiseki/report/2022/2022-1hanshin1.pdf,official_daily_result_pdf
202209010102,2022,阪神,1,1,2,2022-02-12,https://www.jra.go.jp/datafile/seiseki/report/2022/2022-1hanshin1.pdf,official_daily_result_pdf
202209010103,2022,阪神,1,1,3,2022-02-12,https://www.jra.go.jp/datafile/seiseki/report/2022/2022-1hanshin1.pdf,official_daily_result_pdf
202209010104,2022,阪神,1,1,4,2022-02-12,https://www.jra.go.jp/datafile/seiseki/report/2022/2022-1hanshin1.pdf,official_daily_result_pdf
202209010105,2022,阪神,1,1,5,2022-02-12,https://www.jra.go.jp/datafile/seiseki/report/2022/2022-1hanshin1.pdf,official_daily_result_pdf
202209010106,2022,阪神,1,1,6,2022-02-12,https://www.jra.go.jp/datafile/seiseki/report/2022/2022-1hanshin1.pdf,official_daily_result_pdf
202209010107,2022,阪神,1,1,7,2022-02-12,https://www.jra.go.jp/datafile/seiseki/report/2022/2022-1hanshin1.pdf,official_daily_result_pdf
202209010108,2022,阪神,1,1,8,2022-02-12,https://www.jra.go.jp/datafile/seiseki/report/2022/2022-1hanshin1.pdf,official_daily_result_pdf
202209010109,2022,阪神,1,1,9,2022-02-12,https://www.jra.go.jp/datafile/seiseki/report/2022/2022-1hanshin1.pdf,official_daily_result_pdf
202209010110,2022,阪神,1,1,10,2022-02-12,https://www.jra.go.jp/datafile/seiseki/report/2022/2022-1hanshin1.pdf,official_daily_result_pdf
202209010111,2022,阪神,1,1,11,2022-02-12,https://www.jra.go.jp/datafile/seiseki/report/2022/2022-1hanshin1.pdf,official_daily_result_pdf
202209010112,2022,阪神,1,1,12,2022-02-12,https://www.jra.go.jp/datafile/seiseki/report/2022/2022-1hanshin1.pdf,official_daily_result_pdf
202209010201,2022,阪神,1,2,1,2022-02-13,https://www.jra.go.jp/datafile/seiseki/report/2022/2022-1hanshin2.pdf,official_daily_result_pdf
202209010202,2022,阪神,1,2,2,2022-02-13,https://www.jra.go.jp/datafile/seiseki/report/2022/2022-1hanshin2.pdf,official_daily_result_pdf
202209010203,2022,阪神,1,2,3,2022-02-13,https://www.jra.go.jp/datafile/seiseki/report/2022/2022-1hanshin2.pdf,official_daily_result_pdf
202209010204,2022,阪神,1,2,4,2022-02-13,https://www.jra.go.jp/datafile/seiseki/report/2022/2022-1hanshin2.pdf,official_daily_result_pdf
202209010205,2022,阪神,1,2,5,2022-02-13,https://www.jra.go.jp/datafile/seiseki/report/2022/2022-1hanshin2.pdf,official_daily_result_pdf
202209010206,2022,阪神,1,2,6,2022-02-13,https://www.jra.go.jp/datafile/seiseki/report/2022/2022-1hanshin2.pdf,official_daily_result_pdf
202209010207,2022,阪神,1,2,7,2022-02-13,https://www.jra.go.jp/datafile/seiseki/report/2022/2022-1hanshin2.pdf,official_daily_result_pdf
202209010208,2022,阪神,1,2,8,2022-02-13,https://www.jra.go.jp/datafile/seiseki/report/2022/2022-1hanshin2.pdf,official_daily_result_pdf
202209010209,2022,阪神,1,2,9,2022-02-13,https://www.jra.go.jp/datafile/seiseki/report/2022/2022-1hanshin2.pdf,official_daily_result_pdf
202209010210,2022,阪神,1,2,10,2022-02-13,https://www.jra.go.jp/datafile/seiseki/report/2022/2022-1hanshin2.pdf,official_daily_result_pdf
202209010211,2022,阪神,1,2,11,2022-02-13,https://www.jra.go.jp/datafile/seiseki/report/2022/2022-1hanshin2.pdf,official_daily_result_pdf
202209010212,2022,阪神,1,2,12,2022-02-13,https://www.jra.go.jp/datafile/seiseki/report/2022/2022-1hanshin2.pdf,official_daily_result_pdf
202209010301,2022,阪神,1,3,1,2022-02-19,https://www.jra.go.jp/datafile/seiseki/report/2022/2022-1hanshin3.pdf,official_daily_result_pdf
202209010302,2022,阪神,1,3,2,2022-02-19,https://www.jra.go.jp/datafile/seiseki/report/2022/2022-1hanshin3.pdf,official_daily_result_pdf
202209010303,2022,阪神,1,3,3,2022-02-19,https://www.jra.go.jp/datafile/seiseki/report/2022/2022-1hanshin3.pdf,official_daily_result_pdf
202209010304,2022,阪神,1,3,4,2022-02-19,https://www.jra.go.jp/datafile/seiseki/report/2022/2022-1hanshin3.pdf,official_daily_result_pdf
202209010305,2022,阪神,1,3,5,2022-02-19,https://www.jra.go.jp/datafile/seiseki/report/2022/2022-1hanshin3.pdf,official_daily_result_pdf
202209010306,2022,阪神,1,3,6,2022-02-19,https://www.jra.go.jp/datafile/seiseki/report/2022/2022-1hanshin3.pdf,official_daily_result_pdf
202209010307,2022,阪神,1,3,7,2022-02-19,https://www.jra.go.jp/datafile/seiseki/report/2022/2022-1hanshin3.pdf,official_daily_result_pdf
202209010308,2022,阪神,1,3,8,2022-02-19,https://www.jra.go.jp/datafile/seiseki/report/2022/2022-1hanshin3.pdf,official_daily_result_pdf
202209010309,2022,阪神,1,3,9,2022-02-19,https://www.jra.go.jp/datafile/seiseki/report/2022/2022-1hanshin3.pdf,official_daily_result_pdf
202209010310,2022,阪神,1,3,10,2022-02-19,https://www.jra.go.jp/datafile/seiseki/report/2022/2022-1hanshin3.pdf,official_daily_result_pdf
202209010311,2022,阪神,1,3,11,2022-02-19,https://www.jra.go.jp/datafile/seiseki/report/2022/2022-1hanshin3.pdf,official_daily_result_pdf
202209010312,2022,阪神,1,3,12,2022-02-19,https://www.jra.go.jp/datafile/seiseki/report/2022/2022-1hanshin3.pdf,official_daily_result_pdf
202209010401,2022,阪神,1,4,1,2022-02-20,https://www.jra.go.jp/datafile/seiseki/report/2022/2022-1hanshin4.pdf,official_daily_result_pdf
202209010402,2022,阪神,1,4,2,2022-02-20,https://www.jra.go.jp/datafile/seiseki/report/2022/2022-1hanshin4.pdf,official_daily_result_pdf
202209010403,2022,阪神,1,4,3,2022-02-20,https://www.jra.go.jp/datafile/seiseki/report/2022/2022-1hanshin4.pdf,official_daily_result_pdf
202209010404,2022,阪神,1,4,4,2022-02-20,https://www.jra.go.jp/datafile/seiseki/report/2022/2022-1hanshin4.pdf,official_daily_result_pdf
202209010405,2022,阪神,1,4,5,2022-02-20,https://www.jra.go.jp/datafile/seiseki/report/2022/2022-1hanshin4.pdf,official_daily_result_pdf
202209010406,2022,阪神,1,4,6,2022-02-20,https://www.jra.go.jp/datafile/seiseki/report/2022/2022-1hanshin4.pdf,official_daily_result_pdf
202209010407,2022,阪神,1,4,7,2022-02-20,https://www.jra.go.jp/datafile/seiseki/report/2022/2022-1hanshin4.pdf,official_daily_result_pdf
202209010408,2022,阪神,1,4,8,2022-02-20,https://www.jra.go.jp/datafile/seiseki/report/2022/2022-1hanshin4.pdf,official_daily_result_pdf
202209010409,2022,阪神,1,4,9,2022-02-20,https://www.jra.go.jp/datafile/seiseki/report/2022/2022-1hanshin4.pdf,official_daily_result_pdf
202209010410,2022,阪神,1,4,10,2022-02-20,https://www.jra.go.jp/datafile/seiseki/report/2022/2022-1hanshin4.pdf,official_daily_result_pdf
202209010411,2022,阪神,1,4,11,2022-02-20,https://www.jra.go.jp/datafile/seiseki/report/2022/2022-1hanshin4.pdf,official_daily_result_pdf
202209010412,2022,阪神,1,4,12,2022-02-20,https://www.jra.go.jp/datafile/seiseki/report/2022/2022-1hanshin4.pdf,official_daily_result_pdf
202209010501,2022,阪神,1,5,1,2022-02-26,https://www.jra.go.jp/datafile/seiseki/report/2022/2022-1hanshin5.pdf,official_daily_result_pdf
202209010502,2022,阪神,1,5,2,2022-02-26,https://www.jra.go.jp/datafile/seiseki/report/2022/2022-1hanshin5.pdf,official_daily_result_pdf
202209010503,2022,阪神,1,5,3,2022-02-26,https://www.jra.go.jp/datafile/seiseki/report/2022/2022-1hanshin5.pdf,official_daily_result_pdf
202209010504,2022,阪神,1,5,4,2022-02-26,https://www.jra.go.jp/datafile/seiseki/report/2022/2022-1hanshin5.pdf,official_daily_result_pdf
202209010505,2022,阪神,1,5,5,2022-02-26,https://www.jra.go.jp/datafile/seiseki/report/2022/2022-1hanshin5.pdf,official_daily_result_pdf
202209010506,2022,阪神,1,5,6,2022-02-26,https://www.jra.go.jp/datafile/seiseki/report/2022/2022-1hanshin5.pdf,official_daily_result_pdf
202209010507,2022,阪神,1,5,7,2022-02-26,https://www.jra.go.jp/datafile/seiseki/report/2022/2022-1hanshin5.pdf,official_daily_result_pdf
202209010508,2022,阪神,1,5,8,2022-02-26,https://www.jra.go.jp/datafile/seiseki/report/2022/2022-1hanshin5.pdf,official_daily_result_pdf
202209010509,2022,阪神,1,5,9,2022-02-26,https://www.jra.go.jp/datafile/seiseki/report/2022/2022-1hanshin5.pdf,official_daily_result_pdf
202209010510,2022,阪神,1,5,10,2022-02-26,https://www.jra.go.jp/datafile/seiseki/report/2022/2022-1hanshin5.pdf,official_daily_result_pdf
202209010511,2022,阪神,1,5,11,2022-02-26,https://www.jra.go.jp/datafile/seiseki/report/2022/2022-1hanshin5.pdf,official_daily_result_pdf
202209010512,2022,阪神,1,5,12,2022-02-26,https://www.jra.go.jp/datafile/seiseki/report/2022/2022-1hanshin5.pdf,official_daily_result_pdf
202209010601,2022,阪神,1,6,1,2022-02-27,https://www.jra.go.jp/datafile/seiseki/report/2022/2022-1hanshin6.pdf,official_daily_result_pdf
202209010602,2022,阪神,1,6,2,2022-02-27,https://www.jra.go.jp/datafile/seiseki/report/2022/2022-1hanshin6.pdf,official_daily_result_pdf
202209010603,2022,阪神,1,6,3,2022-02-27,https://www.jra.go.jp/datafile/seiseki/report/2022/2022-1hanshin6.pdf,official_daily_result_pdf
202209010604,2022,阪神,1,6,4,2022-02-27,https://www.jra.go.jp/datafile/seiseki/report/2022/2022-1hanshin6.pdf,official_daily_result_pdf
202209010605,2022,阪神,1,6,5,2022-02-27,https://www.jra.go.jp/datafile/seiseki/report/2022/2022-1hanshin6.pdf,official_daily_result_pdf
202209010606,2022,阪神,1,6,6,2022-02-27,https://www.jra.go.jp/datafile/seiseki/report/2022/2022-1hanshin6.pdf,official_daily_result_pdf
202209010607,2022,阪神,1,6,7,2022-02-27,https://www.jra.go.jp/datafile/seiseki/report/2022/2022-1hanshin6.pdf,official_daily_result_pdf
202209010608,2022,阪神,1,6,8,2022-02-27,https://www.jra.go.jp/datafile/seiseki/report/2022/2022-1hanshin6.pdf,official_daily_result_pdf
202209010609,2022,阪神,1,6,9,2022-02-27,https://www.jra.go.jp/datafile/seiseki/report/2022/2022-1hanshin6.pdf,official_daily_result_pdf
202209010610,2022,阪神,1,6,10,2022-02-27,https://www.jra.go.jp/datafile/seiseki/report/2022/2022-1hanshin6.pdf,official_daily_result_pdf
202209010611,2022,阪神,1,6,11,2022-02-27,https://www.jra.go.jp/datafile/seiseki/report/2022/2022-1hanshin6.pdf,official_daily_result_pdf
202209010612,2022,阪神,1,6,12,2022-02-27,https://www.jra.go.jp/datafile/seiseki/report/2022/2022-1hanshin6.pdf,official_daily_result_pdf
202209010701,2022,阪神,1,7,1,2022-03-05,https://www.jra.go.jp/datafile/seiseki/report/2022/2022-1hanshin7.pdf,official_daily_result_pdf
202209010702,2022,阪神,1,7,2,2022-03-05,https://www.jra.go.jp/datafile/seiseki/report/2022/2022-1hanshin7.pdf,official_daily_result_pdf
202209010703,2022,阪神,1,7,3,2022-03-05,https://www.jra.go.jp/datafile/seiseki/report/2022/2022-1hanshin7.pdf,official_daily_result_pdf
202209010704,2022,阪神,1,7,4,2022-03-05,https://www.jra.go.jp/datafile/seiseki/report/2022/2022-1hanshin7.pdf,official_daily_result_pdf
202209010705,2022,阪神,1,7,5,2022-03-05,https://www.jra.go.jp/datafile/seiseki/report/2022/2022-1hanshin7.pdf,official_daily_result_pdf
202209010706,2022,阪神,1,7,6,2022-03-05,https://www.jra.go.jp/datafile/seiseki/report/2022/2022-1hanshin7.pdf,official_daily_result_pdf
202209010707,2022,阪神,1,7,7,2022-03-05,https://www.jra.go.jp/datafile/seiseki/report/2022/2022-1hanshin7.pdf,official_daily_result_pdf
202209010708,2022,阪神,1,7,8,2022-03-05,https://www.jra.go.jp/datafile/seiseki/report/2022/2022-1hanshin7.pdf,official_daily_result_pdf
202209010709,2022,阪神,1,7,9,2022-03-05,https://www.jra.go.jp/datafile/seiseki/report/2022/2022-1hanshin7.pdf,official_daily_result_pdf
202209010710,2022,阪神,1,7,10,2022-03-05,https://www.jra.go.jp/datafile/seiseki/report/2022/2022-1hanshin7.pdf,official_daily_result_pdf
202209010711,2022,阪神,1,7,11,2022-03-05,https://www.jra.go.jp/datafile/seiseki/report/2022/2022-1hanshin7.pdf,official_daily_result_pdf
202209010712,2022,阪神,1,7,12,2022-03-05,https://www.jra.go.jp/datafile/seiseki/report/2022/2022-1hanshin7.pdf,official_daily_result_pdf
202209010801,2022,阪神,1,8,1,2022-03-06,https://www.jra.go.jp/datafile/seiseki/report/2022/2022-1hanshin8.pdf,official_daily_result_pdf
202209010802,2022,阪神,1,8,2,2022-03-06,https://www.jra.go.jp/datafile/seiseki/report/2022/2022-1hanshin8.pdf,official_daily_result_pdf
202209010803,2022,阪神,1,8,3,2022-03-06,https://www.jra.go.jp/datafile/seiseki/report/2022/2022-1hanshin8.pdf,official_daily_result_pdf
202209010804,2022,阪神,1,8,4,2022-03-06,https://www.jra.go.jp/datafile/seiseki/report/2022/2022-1hanshin8.pdf,official_daily_result_pdf
202209010805,2022,阪神,1,8,5,2022-03-06,https://www.jra.go.jp/datafile/seiseki/report/2022/2022-1hanshin8.pdf,official_daily_result_pdf
202209010806,2022,阪神,1,8,6,2022-03-06,https://www.jra.go.jp/datafile/seiseki/report/2022/2022-1hanshin8.pdf,official_daily_result_pdf
202209010807,2022,阪神,1,8,7,2022-03-06,https://www.jra.go.jp/datafile/seiseki/report/2022/2022-1hanshin8.pdf,official_daily_result_pdf
202209010808,2022,阪神,1,8,8,2022-03-06,https://www.jra.go.jp/datafile/seiseki/report/2022/2022-1hanshin8.pdf,official_daily_result_pdf
202209010809,2022,阪神,1,8,9,2022-03-06,https://www.jra.go.jp/datafile/seiseki/report/2022/2022-1hanshin8.pdf,official_daily_result_pdf
202209010810,2022,阪神,1,8,10,2022-03-06,https://www.jra.go.jp/datafile/seiseki/report/2022/2022-1hanshin8.pdf,official_daily_result_pdf
202209010811,2022,阪神,1,8,11,2022-03-06,https://www.jra.go.jp/datafile/seiseki/report/2022/2022-1hanshin8.pdf,official_daily_result_pdf
202209010812,2022,阪神,1,8,12,2022-03-06,https://www.jra.go.jp/datafile/seiseki/report/2022/2022-1hanshin8.pdf,official_daily_result_pdf
202209010901,2022,阪神,1,9,1,2022-03-12,https://www.jra.go.jp/datafile/seiseki/report/2022/2022-1hanshin9.pdf,official_daily_result_pdf
202209010902,2022,阪神,1,9,2,2022-03-12,https://www.jra.go.jp/datafile/seiseki/report/2022/2022-1hanshin9.pdf,official_daily_result_pdf
202209010903,2022,阪神,1,9,3,2022-03-12,https://www.jra.go.jp/datafile/seiseki/report/2022/2022-1hanshin9.pdf,official_daily_result_pdf
202209010904,2022,阪神,1,9,4,2022-03-12,https://www.jra.go.jp/datafile/seiseki/report/2022/2022-1hanshin9.pdf,official_daily_result_pdf
202209010905,2022,阪神,1,9,5,2022-03-12,https://www.jra.go.jp/datafile/seiseki/report/2022/2022-1hanshin9.pdf,official_daily_result_pdf
202209010906,2022,阪神,1,9,6,2022-03-12,https://www.jra.go.jp/datafile/seiseki/report/2022/2022-1hanshin9.pdf,official_daily_result_pdf
202209010907,2022,阪神,1,9,7,2022-03-12,https://www.jra.go.jp/datafile/seiseki/report/2022/2022-1hanshin9.pdf,official_daily_result_pdf
202209010908,2022,阪神,1,9,8,2022-03-12,https://www.jra.go.jp/datafile/seiseki/report/2022/2022-1hanshin9.pdf,official_daily_result_pdf
202209010909,2022,阪神,1,9,9,2022-03-12,https://www.jra.go.jp/datafile/seiseki/report/2022/2022-1hanshin9.pdf,official_daily_result_pdf
202209010910,2022,阪神,1,9,10,2022-03-12,https://www.jra.go.jp/datafile/seiseki/report/2022/2022-1hanshin9.pdf,official_daily_result_pdf
202209010911,2022,阪神,1,9,11,2022-03-12,https://www.jra.go.jp/datafile/seiseki/report/2022/2022-1hanshin9.pdf,official_daily_result_pdf
202209010912,2022,阪神,1,9,12,2022-03-12,https://www.jra.go.jp/datafile/seiseki/report/2022/2022-1hanshin9.pdf,official_daily_result_pdf
202209011001,2022,阪神,1,10,1,2022-03-13,https://www.jra.go.jp/datafile/seiseki/report/2022/2022-1hanshin10.pdf,official_daily_result_pdf
202209011002,2022,阪神,1,10,2,2022-03-13,https://www.jra.go.jp/datafile/seiseki/report/2022/2022-1hanshin10.pdf,official_daily_result_pdf
202209011003,2022,阪神,1,10,3,2022-03-13,https://www.jra.go.jp/datafile/seiseki/report/2022/2022-1hanshin10.pdf,official_daily_result_pdf
202209011004,2022,阪神,1,10,4,2022-03-13,https://www.jra.go.jp/datafile/seiseki/report/2022/2022-1hanshin10.pdf,official_daily_result_pdf
202209011005,2022,阪神,1,10,5,2022-03-13,https://www.jra.go.jp/datafile/seiseki/report/2022/2022-1hanshin10.pdf,official_daily_result_pdf
202209011006,2022,阪神,1,10,6,2022-03-13,https://www.jra.go.jp/datafile/seiseki/report/2022/2022-1hanshin10.pdf,official_daily_result_pdf
202209011007,2022,阪神,1,10,7,2022-03-13,https://www.jra.go.jp/datafile/seiseki/report/2022/2022-1hanshin10.pdf,official_daily_result_pdf
202209011008,2022,阪神,1,10,8,2022-03-13,https://www.jra.go.jp/datafile/seiseki/report/2022/2022-1hanshin10.pdf,official_daily_result_pdf
202209011009,2022,阪神,1,10,9,2022-03-13,https://www.jra.go.jp/datafile/seiseki/report/2022/2022-1hanshin10.pdf,official_daily_result_pdf
202209011010,2022,阪神,1,10,10,2022-03-13,https://www.jra.go.jp/datafile/seiseki/report/2022/2022-1hanshin10.pdf,official_daily_result_pdf
202209011011,2022,阪神,1,10,11,2022-03-13,https://www.jra.go.jp/datafile/seiseki/report/2022/2022-1hanshin10.pdf,official_daily_result_pdf
202209011012,2022,阪神,1,10,12,2022-03-13,https://www.jra.go.jp/datafile/seiseki/report/2022/2022-1hanshin10.pdf,official_daily_result_pdf
202209011101,2022,阪神,1,11,1,2022-03-19,https://www.jra.go.jp/datafile/seiseki/report/2022/2022-1hanshin11.pdf,official_daily_result_pdf
202209011102,2022,阪神,1,11,2,2022-03-19,https://www.jra.go.jp/datafile/seiseki/report/2022/2022-1hanshin11.pdf,official_daily_result_pdf
202209011103,2022,阪神,1,11,3,2022-03-19,https://www.jra.go.jp/datafile/seiseki/report/2022/2022-1hanshin11.pdf,official_daily_result_pdf
202209011104,2022,阪神,1,11,4,2022-03-19,https://www.jra.go.jp/datafile/seiseki/report/2022/2022-1hanshin11.pdf,official_daily_result_pdf
202209011105,2022,阪神,1,11,5,2022-03-19,https://www.jra.go.jp/datafile/seiseki/report/2022/2022-1hanshin11.pdf,official_daily_result_pdf
202209011106,2022,阪神,1,11,6,2022-03-19,https://www.jra.go.jp/datafile/seiseki/report/2022/2022-1hanshin11.pdf,official_daily_result_pdf
202209011107,2022,阪神,1,11,7,2022-03-19,https://www.jra.go.jp/datafile/seiseki/report/2022/2022-1hanshin11.pdf,official_daily_result_pdf
202209011108,2022,阪神,1,11,8,2022-03-19,https://www.jra.go.jp/datafile/seiseki/report/2022/2022-1hanshin11.pdf,official_daily_result_pdf
202209011109,2022,阪神,1,11,9,2022-03-19,https://www.jra.go.jp/datafile/seiseki/report/2022/2022-1hanshin11.pdf,official_daily_result_pdf
202209011110,2022,阪神,1,11,10,2022-03-19,https://www.jra.go.jp/datafile/seiseki/report/2022/2022-1hanshin11.pdf,official_daily_result_pdf
202209011111,2022,阪神,1,11,11,2022-03-19,https://www.jra.go.jp/datafile/seiseki/report/2022/2022-1hanshin11.pdf,official_daily_result_pdf
202209011112,2022,阪神,1,11,12,2022-03-19,https://www.jra.go.jp/datafile/seiseki/report/2022/2022-1hanshin11.pdf,official_daily_result_pdf
202209011201,2022,阪神,1,12,1,2022-03-20,https://www.jra.go.jp/datafile/seiseki/report/2022/2022-1hanshin12.pdf,official_daily_result_pdf
202209011202,2022,阪神,1,12,2,2022-03-20,https://www.jra.go.jp/datafile/seiseki/report/2022/2022-1hanshin12.pdf,official_daily_result_pdf
202209011203,2022,阪神,1,12,3,2022-03-20,https://www.jra.go.jp/datafile/seiseki/report/2022/2022-1hanshin12.pdf,official_daily_result_pdf
202209011204,2022,阪神,1,12,4,2022-03-20,https://www.jra.go.jp/datafile/seiseki/report/2022/2022-1hanshin12.pdf,official_daily_result_pdf
202209011205,2022,阪神,1,12,5,2022-03-20,https://www.jra.go.jp/datafile/seiseki/report/2022/2022-1hanshin12.pdf,official_daily_result_pdf
202209011206,2022,阪神,1,12,6,2022-03-20,https://www.jra.go.jp/datafile/seiseki/report/2022/2022-1hanshin12.pdf,official_daily_result_pdf
202209011207,2022,阪神,1,12,7,2022-03-20,https://www.jra.go.jp/datafile/seiseki/report/2022/2022-1hanshin12.pdf,official_daily_result_pdf
202209011208,2022,阪神,1,12,8,2022-03-20,https://www.jra.go.jp/datafile/seiseki/report/2022/2022-1hanshin12.pdf,official_daily_result_pdf
202209011209,2022,阪神,1,12,9,2022-03-20,https://www.jra.go.jp/datafile/seiseki/report/2022/2022-1hanshin12.pdf,official_daily_result_pdf
202209011210,2022,阪神,1,12,10,2022-03-20,https://www.jra.go.jp/datafile/seiseki/report/2022/2022-1hanshin12.pdf,official_daily_result_pdf
202209011211,2022,阪神,1,12,11,2022-03-20,https://www.jra.go.jp/datafile/seiseki/report/2022/2022-1hanshin12.pdf,official_daily_result_pdf
202209011212,2022,阪神,1,12,12,2022-03-20,https://www.jra.go.jp/datafile/seiseki/report/2022/2022-1hanshin12.pdf,official_daily_result_pdf
202209020101,2022,阪神,2,1,1,2022-03-26,https://www.jra.go.jp/datafile/seiseki/report/2022/2022-2hanshin1.pdf,official_daily_result_pdf
202209020102,2022,阪神,2,1,2,2022-03-26,https://www.jra.go.jp/datafile/seiseki/report/2022/2022-2hanshin1.pdf,official_daily_result_pdf
202209020103,2022,阪神,2,1,3,2022-03-26,https://www.jra.go.jp/datafile/seiseki/report/2022/2022-2hanshin1.pdf,official_daily_result_pdf
202209020104,2022,阪神,2,1,4,2022-03-26,https://www.jra.go.jp/datafile/seiseki/report/2022/2022-2hanshin1.pdf,official_daily_result_pdf
202209020105,2022,阪神,2,1,5,2022-03-26,https://www.jra.go.jp/datafile/seiseki/report/2022/2022-2hanshin1.pdf,official_daily_result_pdf
202209020106,2022,阪神,2,1,6,2022-03-26,https://www.jra.go.jp/datafile/seiseki/report/2022/2022-2hanshin1.pdf,official_daily_result_pdf
202209020107,2022,阪神,2,1,7,2022-03-26,https://www.jra.go.jp/datafile/seiseki/report/2022/2022-2hanshin1.pdf,official_daily_result_pdf
202209020108,2022,阪神,2,1,8,2022-03-26,https://www.jra.go.jp/datafile/seiseki/report/2022/2022-2hanshin1.pdf,official_daily_result_pdf
202209020109,2022,阪神,2,1,9,2022-03-26,https://www.jra.go.jp/datafile/seiseki/report/2022/2022-2hanshin1.pdf,official_daily_result_pdf
202209020110,2022,阪神,2,1,10,2022-03-26,https://www.jra.go.jp/datafile/seiseki/report/2022/2022-2hanshin1.pdf,official_daily_result_pdf
202209020111,2022,阪神,2,1,11,2022-03-26,https://www.jra.go.jp/datafile/seiseki/report/2022/2022-2hanshin1.pdf,official_daily_result_pdf
202209020112,2022,阪神,2,1,12,2022-03-26,https://www.jra.go.jp/datafile/seiseki/report/2022/2022-2hanshin1.pdf,official_daily_result_pdf
202209020201,2022,阪神,2,2,1,2022-03-27,https://www.jra.go.jp/datafile/seiseki/report/2022/2022-2hanshin2.pdf,official_daily_result_pdf
202209020202,2022,阪神,2,2,2,2022-03-27,https://www.jra.go.jp/datafile/seiseki/report/2022/2022-2hanshin2.pdf,official_daily_result_pdf
202209020203,2022,阪神,2,2,3,2022-03-27,https://www.jra.go.jp/datafile/seiseki/report/2022/2022-2hanshin2.pdf,official_daily_result_pdf
202209020204,2022,阪神,2,2,4,2022-03-27,https://www.jra.go.jp/datafile/seiseki/report/2022/2022-2hanshin2.pdf,official_daily_result_pdf
202209020205,2022,阪神,2,2,5,2022-03-27,https://www.jra.go.jp/datafile/seiseki/report/2022/2022-2hanshin2.pdf,official_daily_result_pdf
202209020206,2022,阪神,2,2,6,2022-03-27,https://www.jra.go.jp/datafile/seiseki/report/2022/2022-2hanshin2.pdf,official_daily_result_pdf
202209020207,2022,阪神,2,2,7,2022-03-27,https://www.jra.go.jp/datafile/seiseki/report/2022/2022-2hanshin2.pdf,official_daily_result_pdf
202209020208,2022,阪神,2,2,8,2022-03-27,https://www.jra.go.jp/datafile/seiseki/report/2022/2022-2hanshin2.pdf,official_daily_result_pdf
202209020209,2022,阪神,2,2,9,2022-03-27,https://www.jra.go.jp/datafile/seiseki/report/2022/2022-2hanshin2.pdf,official_daily_result_pdf
202209020210,2022,阪神,2,2,10,2022-03-27,https://www.jra.go.jp/datafile/seiseki/report/2022/2022-2hanshin2.pdf,official_daily_result_pdf
202209020211,2022,阪神,2,2,11,2022-03-27,https://www.jra.go.jp/datafile/seiseki/report/2022/2022-2hanshin2.pdf,official_daily_result_pdf
202209020212,2022,阪神,2,2,12,2022-03-27,https://www.jra.go.jp/datafile/seiseki/report/2022/2022-2hanshin2.pdf,official_daily_result_pdf
202209020301,2022,阪神,2,3,1,2022-04-02,https://www.jra.go.jp/datafile/seiseki/report/2022/2022-2hanshin3.pdf,official_daily_result_pdf
202209020302,2022,阪神,2,3,2,2022-04-02,https://www.jra.go.jp/datafile/seiseki/report/2022/2022-2hanshin3.pdf,official_daily_result_pdf
202209020303,2022,阪神,2,3,3,2022-04-02,https://www.jra.go.jp/datafile/seiseki/report/2022/2022-2hanshin3.pdf,official_daily_result_pdf
202209020304,2022,阪神,2,3,4,2022-04-02,https://www.jra.go.jp/datafile/seiseki/report/2022/2022-2hanshin3.pdf,official_daily_result_pdf
202209020305,2022,阪神,2,3,5,2022-04-02,https://www.jra.go.jp/datafile/seiseki/report/2022/2022-2hanshin3.pdf,official_daily_result_pdf
202209020306,2022,阪神,2,3,6,2022-04-02,https://www.jra.go.jp/datafile/seiseki/report/2022/2022-2hanshin3.pdf,official_daily_result_pdf
202209020307,2022,阪神,2,3,7,2022-04-02,https://www.jra.go.jp/datafile/seiseki/report/2022/2022-2hanshin3.pdf,official_daily_result_pdf
202209020308,2022,阪神,2,3,8,2022-04-02,https://www.jra.go.jp/datafile/seiseki/report/2022/2022-2hanshin3.pdf,official_daily_result_pdf
202209020309,2022,阪神,2,3,9,2022-04-02,https://www.jra.go.jp/datafile/seiseki/report/2022/2022-2hanshin3.pdf,official_daily_result_pdf
202209020310,2022,阪神,2,3,10,2022-04-02,https://www.jra.go.jp/datafile/seiseki/report/2022/2022-2hanshin3.pdf,official_daily_result_pdf
202209020311,2022,阪神,2,3,11,2022-04-02,https://www.jra.go.jp/datafile/seiseki/report/2022/2022-2hanshin3.pdf,official_daily_result_pdf
202209020312,2022,阪神,2,3,12,2022-04-02,https://www.jra.go.jp/datafile/seiseki/report/2022/2022-2hanshin3.pdf,official_daily_result_pdf
202209020401,2022,阪神,2,4,1,2022-04-03,https://www.jra.go.jp/datafile/seiseki/report/2022/2022-2hanshin4.pdf,official_daily_result_pdf
202209020402,2022,阪神,2,4,2,2022-04-03,https://www.jra.go.jp/datafile/seiseki/report/2022/2022-2hanshin4.pdf,official_daily_result_pdf
202209020403,2022,阪神,2,4,3,2022-04-03,https://www.jra.go.jp/datafile/seiseki/report/2022/2022-2hanshin4.pdf,official_daily_result_pdf
202209020404,2022,阪神,2,4,4,2022-04-03,https://www.jra.go.jp/datafile/seiseki/report/2022/2022-2hanshin4.pdf,official_daily_result_pdf
202209020405,2022,阪神,2,4,5,2022-04-03,https://www.jra.go.jp/datafile/seiseki/report/2022/2022-2hanshin4.pdf,official_daily_result_pdf
202209020406,2022,阪神,2,4,6,2022-04-03,https://www.jra.go.jp/datafile/seiseki/report/2022/2022-2hanshin4.pdf,official_daily_result_pdf
202209020407,2022,阪神,2,4,7,2022-04-03,https://www.jra.go.jp/datafile/seiseki/report/2022/2022-2hanshin4.pdf,official_daily_result_pdf
202209020408,2022,阪神,2,4,8,2022-04-03,https://www.jra.go.jp/datafile/seiseki/report/2022/2022-2hanshin4.pdf,official_daily_result_pdf
202209020409,2022,阪神,2,4,9,2022-04-03,https://www.jra.go.jp/datafile/seiseki/report/2022/2022-2hanshin4.pdf,official_daily_result_pdf
202209020410,2022,阪神,2,4,10,2022-04-03,https://www.jra.go.jp/datafile/seiseki/report/2022/2022-2hanshin4.pdf,official_daily_result_pdf
202209020411,2022,阪神,2,4,11,2022-04-03,https://www.jra.go.jp/datafile/seiseki/report/2022/2022-2hanshin4.pdf,official_daily_result_pdf
202209020412,2022,阪神,2,4,12,2022-04-03,https://www.jra.go.jp/datafile/seiseki/report/2022/2022-2hanshin4.pdf,official_daily_result_pdf
202209020501,2022,阪神,2,5,1,2022-04-09,https://www.jra.go.jp/datafile/seiseki/report/2022/2022-2hanshin5.pdf,official_daily_result_pdf
202209020502,2022,阪神,2,5,2,2022-04-09,https://www.jra.go.jp/datafile/seiseki/report/2022/2022-2hanshin5.pdf,official_daily_result_pdf
202209020503,2022,阪神,2,5,3,2022-04-09,https://www.jra.go.jp/datafile/seiseki/report/2022/2022-2hanshin5.pdf,official_daily_result_pdf
202209020504,2022,阪神,2,5,4,2022-04-09,https://www.jra.go.jp/datafile/seiseki/report/2022/2022-2hanshin5.pdf,official_daily_result_pdf
202209020505,2022,阪神,2,5,5,2022-04-09,https://www.jra.go.jp/datafile/seiseki/report/2022/2022-2hanshin5.pdf,official_daily_result_pdf
202209020506,2022,阪神,2,5,6,2022-04-09,https://www.jra.go.jp/datafile/seiseki/report/2022/2022-2hanshin5.pdf,official_daily_result_pdf
202209020507,2022,阪神,2,5,7,2022-04-09,https://www.jra.go.jp/datafile/seiseki/report/2022/2022-2hanshin5.pdf,official_daily_result_pdf
202209020508,2022,阪神,2,5,8,2022-04-09,https://www.jra.go.jp/datafile/seiseki/report/2022/2022-2hanshin5.pdf,official_daily_result_pdf
202209020509,2022,阪神,2,5,9,2022-04-09,https://www.jra.go.jp/datafile/seiseki/report/2022/2022-2hanshin5.pdf,official_daily_result_pdf
202209020510,2022,阪神,2,5,10,2022-04-09,https://www.jra.go.jp/datafile/seiseki/report/2022/2022-2hanshin5.pdf,official_daily_result_pdf
202209020511,2022,阪神,2,5,11,2022-04-09,https://www.jra.go.jp/datafile/seiseki/report/2022/2022-2hanshin5.pdf,official_daily_result_pdf
202209020512,2022,阪神,2,5,12,2022-04-09,https://www.jra.go.jp/datafile/seiseki/report/2022/2022-2hanshin5.pdf,official_daily_result_pdf
202209020601,2022,阪神,2,6,1,2022-04-10,https://www.jra.go.jp/datafile/seiseki/report/2022/2022-2hanshin6.pdf,official_daily_result_pdf
202209020602,2022,阪神,2,6,2,2022-04-10,https://www.jra.go.jp/datafile/seiseki/report/2022/2022-2hanshin6.pdf,official_daily_result_pdf
202209020603,2022,阪神,2,6,3,2022-04-10,https://www.jra.go.jp/datafile/seiseki/report/2022/2022-2hanshin6.pdf,official_daily_result_pdf
202209020604,2022,阪神,2,6,4,2022-04-10,https://www.jra.go.jp/datafile/seiseki/report/2022/2022-2hanshin6.pdf,official_daily_result_pdf
202209020605,2022,阪神,2,6,5,2022-04-10,https://www.jra.go.jp/datafile/seiseki/report/2022/2022-2hanshin6.pdf,official_daily_result_pdf
202209020606,2022,阪神,2,6,6,2022-04-10,https://www.jra.go.jp/datafile/seiseki/report/2022/2022-2hanshin6.pdf,official_daily_result_pdf
202209020607,2022,阪神,2,6,7,2022-04-10,https://www.jra.go.jp/datafile/seiseki/report/2022/2022-2hanshin6.pdf,official_daily_result_pdf
202209020608,2022,阪神,2,6,8,2022-04-10,https://www.jra.go.jp/datafile/seiseki/report/2022/2022-2hanshin6.pdf,official_daily_result_pdf
202209020609,2022,阪神,2,6,9,2022-04-10,https://www.jra.go.jp/datafile/seiseki/report/2022/2022-2hanshin6.pdf,official_daily_result_pdf
202209020610,2022,阪神,2,6,10,2022-04-10,https://www.jra.go.jp/datafile/seiseki/report/2022/2022-2hanshin6.pdf,official_daily_result_pdf
202209020611,2022,阪神,2,6,11,2022-04-10,https://www.jra.go.jp/datafile/seiseki/report/2022/2022-2hanshin6.pdf,official_daily_result_pdf
202209020612,2022,阪神,2,6,12,2022-04-10,https://www.jra.go.jp/datafile/seiseki/report/2022/2022-2hanshin6.pdf,official_daily_result_pdf
202209020701,2022,阪神,2,7,1,2022-04-16,https://www.jra.go.jp/datafile/seiseki/report/2022/2022-2hanshin7.pdf,official_daily_result_pdf
202209020702,2022,阪神,2,7,2,2022-04-16,https://www.jra.go.jp/datafile/seiseki/report/2022/2022-2hanshin7.pdf,official_daily_result_pdf
202209020703,2022,阪神,2,7,3,2022-04-16,https://www.jra.go.jp/datafile/seiseki/report/2022/2022-2hanshin7.pdf,official_daily_result_pdf
202209020704,2022,阪神,2,7,4,2022-04-16,https://www.jra.go.jp/datafile/seiseki/report/2022/2022-2hanshin7.pdf,official_daily_result_pdf
202209020705,2022,阪神,2,7,5,2022-04-16,https://www.jra.go.jp/datafile/seiseki/report/2022/2022-2hanshin7.pdf,official_daily_result_pdf
202209020706,2022,阪神,2,7,6,2022-04-16,https://www.jra.go.jp/datafile/seiseki/report/2022/2022-2hanshin7.pdf,official_daily_result_pdf
202209020707,2022,阪神,2,7,7,2022-04-16,https://www.jra.go.jp/datafile/seiseki/report/2022/2022-2hanshin7.pdf,official_daily_result_pdf
202209020708,2022,阪神,2,7,8,2022-04-16,https://www.jra.go.jp/datafile/seiseki/report/2022/2022-2hanshin7.pdf,official_daily_result_pdf
202209020709,2022,阪神,2,7,9,2022-04-16,https://www.jra.go.jp/datafile/seiseki/report/2022/2022-2hanshin7.pdf,official_daily_result_pdf
202209020710,2022,阪神,2,7,10,2022-04-16,https://www.jra.go.jp/datafile/seiseki/report/2022/2022-2hanshin7.pdf,official_daily_result_pdf
202209020711,2022,阪神,2,7,11,2022-04-16,https://www.jra.go.jp/datafile/seiseki/report/2022/2022-2hanshin7.pdf,official_daily_result_pdf
202209020712,2022,阪神,2,7,12,2022-04-16,https://www.jra.go.jp/datafile/seiseki/report/2022/2022-2hanshin7.pdf,official_daily_result_pdf
202209020801,2022,阪神,2,8,1,2022-04-17,https://www.jra.go.jp/datafile/seiseki/report/2022/2022-2hanshin8.pdf,official_daily_result_pdf
202209020802,2022,阪神,2,8,2,2022-04-17,https://www.jra.go.jp/datafile/seiseki/report/2022/2022-2hanshin8.pdf,official_daily_result_pdf
202209020803,2022,阪神,2,8,3,2022-04-17,https://www.jra.go.jp/datafile/seiseki/report/2022/2022-2hanshin8.pdf,official_daily_result_pdf
202209020804,2022,阪神,2,8,4,2022-04-17,https://www.jra.go.jp/datafile/seiseki/report/2022/2022-2hanshin8.pdf,official_daily_result_pdf
202209020805,2022,阪神,2,8,5,2022-04-17,https://www.jra.go.jp/datafile/seiseki/report/2022/2022-2hanshin8.pdf,official_daily_result_pdf
202209020806,2022,阪神,2,8,6,2022-04-17,https://www.jra.go.jp/datafile/seiseki/report/2022/2022-2hanshin8.pdf,official_daily_result_pdf
202209020807,2022,阪神,2,8,7,2022-04-17,https://www.jra.go.jp/datafile/seiseki/report/2022/2022-2hanshin8.pdf,official_daily_result_pdf
202209020808,2022,阪神,2,8,8,2022-04-17,https://www.jra.go.jp/datafile/seiseki/report/2022/2022-2hanshin8.pdf,official_daily_result_pdf
202209020809,2022,阪神,2,8,9,2022-04-17,https://www.jra.go.jp/datafile/seiseki/report/2022/2022-2hanshin8.pdf,official_daily_result_pdf
202209020810,2022,阪神,2,8,10,2022-04-17,https://www.jra.go.jp/datafile/seiseki/report/2022/2022-2hanshin8.pdf,official_daily_result_pdf
202209020811,2022,阪神,2,8,11,2022-04-17,https://www.jra.go.jp/datafile/seiseki/report/2022/2022-2hanshin8.pdf,official_daily_result_pdf
202209020812,2022,阪神,2,8,12,2022-04-17,https://www.jra.go.jp/datafile/seiseki/report/2022/2022-2hanshin8.pdf,official_daily_result_pdf
202209020901,2022,阪神,2,9,1,2022-04-23,https://www.jra.go.jp/datafile/seiseki/report/2022/2022-2hanshin9.pdf,official_daily_result_pdf
202209020902,2022,阪神,2,9,2,2022-04-23,https://www.jra.go.jp/datafile/seiseki/report/2022/2022-2hanshin9.pdf,official_daily_result_pdf
202209020903,2022,阪神,2,9,3,2022-04-23,https://www.jra.go.jp/datafile/seiseki/report/2022/2022-2hanshin9.pdf,official_daily_result_pdf
202209020904,2022,阪神,2,9,4,2022-04-23,https://www.jra.go.jp/datafile/seiseki/report/2022/2022-2hanshin9.pdf,official_daily_result_pdf
202209020905,2022,阪神,2,9,5,2022-04-23,https://www.jra.go.jp/datafile/seiseki/report/2022/2022-2hanshin9.pdf,official_daily_result_pdf
202209020906,2022,阪神,2,9,6,2022-04-23,https://www.jra.go.jp/datafile/seiseki/report/2022/2022-2hanshin9.pdf,official_daily_result_pdf
202209020907,2022,阪神,2,9,7,2022-04-23,https://www.jra.go.jp/datafile/seiseki/report/2022/2022-2hanshin9.pdf,official_daily_result_pdf
202209020908,2022,阪神,2,9,8,2022-04-23,https://www.jra.go.jp/datafile/seiseki/report/2022/2022-2hanshin9.pdf,official_daily_result_pdf
202209020909,2022,阪神,2,9,9,2022-04-23,https://www.jra.go.jp/datafile/seiseki/report/2022/2022-2hanshin9.pdf,official_daily_result_pdf
202209020910,2022,阪神,2,9,10,2022-04-23,https://www.jra.go.jp/datafile/seiseki/report/2022/2022-2hanshin9.pdf,official_daily_result_pdf
202209020911,2022,阪神,2,9,11,2022-04-23,https://www.jra.go.jp/datafile/seiseki/report/2022/2022-2hanshin9.pdf,official_daily_result_pdf
202209020912,2022,阪神,2,9,12,2022-04-23,https://www.jra.go.jp/datafile/seiseki/report/2022/2022-2hanshin9.pdf,official_daily_result_pdf
202209021001,2022,阪神,2,10,1,2022-04-24,https://www.jra.go.jp/datafile/seiseki/report/2022/2022-2hanshin10.pdf,official_daily_result_pdf
202209021002,2022,阪神,2,10,2,2022-04-24,https://www.jra.go.jp/datafile/seiseki/report/2022/2022-2hanshin10.pdf,official_daily_result_pdf
202209021003,2022,阪神,2,10,3,2022-04-24,https://www.jra.go.jp/datafile/seiseki/report/2022/2022-2hanshin10.pdf,official_daily_result_pdf
202209021004,2022,阪神,2,10,4,2022-04-24,https://www.jra.go.jp/datafile/seiseki/report/2022/2022-2hanshin10.pdf,official_daily_result_pdf
202209021005,2022,阪神,2,10,5,2022-04-24,https://www.jra.go.jp/datafile/seiseki/report/2022/2022-2hanshin10.pdf,official_daily_result_pdf
202209021006,2022,阪神,2,10,6,2022-04-24,https://www.jra.go.jp/datafile/seiseki/report/2022/2022-2hanshin10.pdf,official_daily_result_pdf
202209021007,2022,阪神,2,10,7,2022-04-24,https://www.jra.go.jp/datafile/seiseki/report/2022/2022-2hanshin10.pdf,official_daily_result_pdf
202209021008,2022,阪神,2,10,8,2022-04-24,https://www.jra.go.jp/datafile/seiseki/report/2022/2022-2hanshin10.pdf,official_daily_result_pdf
202209021009,2022,阪神,2,10,9,2022-04-24,https://www.jra.go.jp/datafile/seiseki/report/2022/2022-2hanshin10.pdf,official_daily_result_pdf
202209021010,2022,阪神,2,10,10,2022-04-24,https://www.jra.go.jp/datafile/seiseki/report/2022/2022-2hanshin10.pdf,official_daily_result_pdf
202209021011,2022,阪神,2,10,11,2022-04-24,https://www.jra.go.jp/datafile/seiseki/report/2022/2022-2hanshin10.pdf,official_daily_result_pdf
202209021012,2022,阪神,2,10,12,2022-04-24,https://www.jra.go.jp/datafile/seiseki/report/2022/2022-2hanshin10.pdf,official_daily_result_pdf
202209021101,2022,阪神,2,11,1,2022-04-30,https://www.jra.go.jp/datafile/seiseki/report/2022/2022-2hanshin11.pdf,official_daily_result_pdf
202209021102,2022,阪神,2,11,2,2022-04-30,https://www.jra.go.jp/datafile/seiseki/report/2022/2022-2hanshin11.pdf,official_daily_result_pdf
202209021103,2022,阪神,2,11,3,2022-04-30,https://www.jra.go.jp/datafile/seiseki/report/2022/2022-2hanshin11.pdf,official_daily_result_pdf
202209021104,2022,阪神,2,11,4,2022-04-30,https://www.jra.go.jp/datafile/seiseki/report/2022/2022-2hanshin11.pdf,official_daily_result_pdf
202209021105,2022,阪神,2,11,5,2022-04-30,https://www.jra.go.jp/datafile/seiseki/report/2022/2022-2hanshin11.pdf,official_daily_result_pdf
202209021106,2022,阪神,2,11,6,2022-04-30,https://www.jra.go.jp/datafile/seiseki/report/2022/2022-2hanshin11.pdf,official_daily_result_pdf
202209021107,2022,阪神,2,11,7,2022-04-30,https://www.jra.go.jp/datafile/seiseki/report/2022/2022-2hanshin11.pdf,official_daily_result_pdf
202209021108,2022,阪神,2,11,8,2022-04-30,https://www.jra.go.jp/datafile/seiseki/report/2022/2022-2hanshin11.pdf,official_daily_result_pdf
202209021109,2022,阪神,2,11,9,2022-04-30,https://www.jra.go.jp/datafile/seiseki/report/2022/2022-2hanshin11.pdf,official_daily_result_pdf
202209021110,2022,阪神,2,11,10,2022-04-30,https://www.jra.go.jp/datafile/seiseki/report/2022/2022-2hanshin11.pdf,official_daily_result_pdf
202209021111,2022,阪神,2,11,11,2022-04-30,https://www.jra.go.jp/datafile/seiseki/report/2022/2022-2hanshin11.pdf,official_daily_result_pdf
202209021112,2022,阪神,2,11,12,2022-04-30,https://www.jra.go.jp/datafile/seiseki/report/2022/2022-2hanshin11.pdf,official_daily_result_pdf
202209021201,2022,阪神,2,12,1,2022-05-01,https://www.jra.go.jp/datafile/seiseki/report/2022/2022-2hanshin12.pdf,official_daily_result_pdf
202209021202,2022,阪神,2,12,2,2022-05-01,https://www.jra.go.jp/datafile/seiseki/report/2022/2022-2hanshin12.pdf,official_daily_result_pdf
202209021203,2022,阪神,2,12,3,2022-05-01,https://www.jra.go.jp/datafile/seiseki/report/2022/2022-2hanshin12.pdf,official_daily_result_pdf
202209021204,2022,阪神,2,12,4,2022-05-01,https://www.jra.go.jp/datafile/seiseki/report/2022/2022-2hanshin12.pdf,official_daily_result_pdf
202209021205,2022,阪神,2,12,5,2022-05-01,https://www.jra.go.jp/datafile/seiseki/report/2022/2022-2hanshin12.pdf,official_daily_result_pdf
202209021206,2022,阪神,2,12,6,2022-05-01,https://www.jra.go.jp/datafile/seiseki/report/2022/2022-2hanshin12.pdf,official_daily_result_pdf
202209021207,2022,阪神,2,12,7,2022-05-01,https://www.jra.go.jp/datafile/seiseki/report/2022/2022-2hanshin12.pdf,official_daily_result_pdf
202209021208,2022,阪神,2,12,8,2022-05-01,https://www.jra.go.jp/datafile/seiseki/report/2022/2022-2hanshin12.pdf,official_daily_result_pdf
202209021209,2022,阪神,2,12,9,2022-05-01,https://www.jra.go.jp/datafile/seiseki/report/2022/2022-2hanshin12.pdf,official_daily_result_pdf
202209021210,2022,阪神,2,12,10,2022-05-01,https://www.jra.go.jp/datafile/seiseki/report/2022/2022-2hanshin12.pdf,official_daily_result_pdf
202209021211,2022,阪神,2,12,11,2022-05-01,https://www.jra.go.jp/datafile/seiseki/report/2022/2022-2hanshin12.pdf,official_daily_result_pdf
202209021212,2022,阪神,2,12,12,2022-05-01,https://www.jra.go.jp/datafile/seiseki/report/2022/2022-2hanshin12.pdf,official_daily_result_pdf
202209030101,2022,阪神,3,1,1,2022-06-18,https://www.jra.go.jp/datafile/seiseki/report/2022/2022-3hanshin1.pdf,official_daily_result_pdf
202209030102,2022,阪神,3,1,2,2022-06-18,https://www.jra.go.jp/datafile/seiseki/report/2022/2022-3hanshin1.pdf,official_daily_result_pdf
202209030103,2022,阪神,3,1,3,2022-06-18,https://www.jra.go.jp/datafile/seiseki/report/2022/2022-3hanshin1.pdf,official_daily_result_pdf
202209030104,2022,阪神,3,1,4,2022-06-18,https://www.jra.go.jp/datafile/seiseki/report/2022/2022-3hanshin1.pdf,official_daily_result_pdf
202209030105,2022,阪神,3,1,5,2022-06-18,https://www.jra.go.jp/datafile/seiseki/report/2022/2022-3hanshin1.pdf,official_daily_result_pdf
202209030106,2022,阪神,3,1,6,2022-06-18,https://www.jra.go.jp/datafile/seiseki/report/2022/2022-3hanshin1.pdf,official_daily_result_pdf
202209030107,2022,阪神,3,1,7,2022-06-18,https://www.jra.go.jp/datafile/seiseki/report/2022/2022-3hanshin1.pdf,official_daily_result_pdf
202209030108,2022,阪神,3,1,8,2022-06-18,https://www.jra.go.jp/datafile/seiseki/report/2022/2022-3hanshin1.pdf,official_daily_result_pdf
202209030109,2022,阪神,3,1,9,2022-06-18,https://www.jra.go.jp/datafile/seiseki/report/2022/2022-3hanshin1.pdf,official_daily_result_pdf
202209030110,2022,阪神,3,1,10,2022-06-18,https://www.jra.go.jp/datafile/seiseki/report/2022/2022-3hanshin1.pdf,official_daily_result_pdf
202209030111,2022,阪神,3,1,11,2022-06-18,https://www.jra.go.jp/datafile/seiseki/report/2022/2022-3hanshin1.pdf,official_daily_result_pdf
202209030112,2022,阪神,3,1,12,2022-06-18,https://www.jra.go.jp/datafile/seiseki/report/2022/2022-3hanshin1.pdf,official_daily_result_pdf
202209030201,2022,阪神,3,2,1,2022-06-19,https://www.jra.go.jp/datafile/seiseki/report/2022/2022-3hanshin2.pdf,official_daily_result_pdf
202209030202,2022,阪神,3,2,2,2022-06-19,https://www.jra.go.jp/datafile/seiseki/report/2022/2022-3hanshin2.pdf,official_daily_result_pdf
202209030203,2022,阪神,3,2,3,2022-06-19,https://www.jra.go.jp/datafile/seiseki/report/2022/2022-3hanshin2.pdf,official_daily_result_pdf
202209030204,2022,阪神,3,2,4,2022-06-19,https://www.jra.go.jp/datafile/seiseki/report/2022/2022-3hanshin2.pdf,official_daily_result_pdf
202209030205,2022,阪神,3,2,5,2022-06-19,https://www.jra.go.jp/datafile/seiseki/report/2022/2022-3hanshin2.pdf,official_daily_result_pdf
202209030206,2022,阪神,3,2,6,2022-06-19,https://www.jra.go.jp/datafile/seiseki/report/2022/2022-3hanshin2.pdf,official_daily_result_pdf
202209030207,2022,阪神,3,2,7,2022-06-19,https://www.jra.go.jp/datafile/seiseki/report/2022/2022-3hanshin2.pdf,official_daily_result_pdf
202209030208,2022,阪神,3,2,8,2022-06-19,https://www.jra.go.jp/datafile/seiseki/report/2022/2022-3hanshin2.pdf,official_daily_result_pdf
202209030209,2022,阪神,3,2,9,2022-06-19,https://www.jra.go.jp/datafile/seiseki/report/2022/2022-3hanshin2.pdf,official_daily_result_pdf
202209030210,2022,阪神,3,2,10,2022-06-19,https://www.jra.go.jp/datafile/seiseki/report/2022/2022-3hanshin2.pdf,official_daily_result_pdf
202209030211,2022,阪神,3,2,11,2022-06-19,https://www.jra.go.jp/datafile/seiseki/report/2022/2022-3hanshin2.pdf,official_daily_result_pdf
202209030212,2022,阪神,3,2,12,2022-06-19,https://www.jra.go.jp/datafile/seiseki/report/2022/2022-3hanshin2.pdf,official_daily_result_pdf
202209030301,2022,阪神,3,3,1,2022-06-25,https://www.jra.go.jp/datafile/seiseki/report/2022/2022-3hanshin3.pdf,official_daily_result_pdf
202209030302,2022,阪神,3,3,2,2022-06-25,https://www.jra.go.jp/datafile/seiseki/report/2022/2022-3hanshin3.pdf,official_daily_result_pdf
202209030303,2022,阪神,3,3,3,2022-06-25,https://www.jra.go.jp/datafile/seiseki/report/2022/2022-3hanshin3.pdf,official_daily_result_pdf
202209030304,2022,阪神,3,3,4,2022-06-25,https://www.jra.go.jp/datafile/seiseki/report/2022/2022-3hanshin3.pdf,official_daily_result_pdf
202209030305,2022,阪神,3,3,5,2022-06-25,https://www.jra.go.jp/datafile/seiseki/report/2022/2022-3hanshin3.pdf,official_daily_result_pdf
202209030306,2022,阪神,3,3,6,2022-06-25,https://www.jra.go.jp/datafile/seiseki/report/2022/2022-3hanshin3.pdf,official_daily_result_pdf
202209030307,2022,阪神,3,3,7,2022-06-25,https://www.jra.go.jp/datafile/seiseki/report/2022/2022-3hanshin3.pdf,official_daily_result_pdf
202209030308,2022,阪神,3,3,8,2022-06-25,https://www.jra.go.jp/datafile/seiseki/report/2022/2022-3hanshin3.pdf,official_daily_result_pdf
202209030309,2022,阪神,3,3,9,2022-06-25,https://www.jra.go.jp/datafile/seiseki/report/2022/2022-3hanshin3.pdf,official_daily_result_pdf
202209030310,2022,阪神,3,3,10,2022-06-25,https://www.jra.go.jp/datafile/seiseki/report/2022/2022-3hanshin3.pdf,official_daily_result_pdf
202209030311,2022,阪神,3,3,11,2022-06-25,https://www.jra.go.jp/datafile/seiseki/report/2022/2022-3hanshin3.pdf,official_daily_result_pdf
202209030312,2022,阪神,3,3,12,2022-06-25,https://www.jra.go.jp/datafile/seiseki/report/2022/2022-3hanshin3.pdf,official_daily_result_pdf
202209030401,2022,阪神,3,4,1,2022-06-26,https://www.jra.go.jp/datafile/seiseki/report/2022/2022-3hanshin4.pdf,official_daily_result_pdf
202209030402,2022,阪神,3,4,2,2022-06-26,https://www.jra.go.jp/datafile/seiseki/report/2022/2022-3hanshin4.pdf,official_daily_result_pdf
202209030403,2022,阪神,3,4,3,2022-06-26,https://www.jra.go.jp/datafile/seiseki/report/2022/2022-3hanshin4.pdf,official_daily_result_pdf
202209030404,2022,阪神,3,4,4,2022-06-26,https://www.jra.go.jp/datafile/seiseki/report/2022/2022-3hanshin4.pdf,official_daily_result_pdf
202209030405,2022,阪神,3,4,5,2022-06-26,https://www.jra.go.jp/datafile/seiseki/report/2022/2022-3hanshin4.pdf,official_daily_result_pdf
202209030406,2022,阪神,3,4,6,2022-06-26,https://www.jra.go.jp/datafile/seiseki/report/2022/2022-3hanshin4.pdf,official_daily_result_pdf
202209030407,2022,阪神,3,4,7,2022-06-26,https://www.jra.go.jp/datafile/seiseki/report/2022/2022-3hanshin4.pdf,official_daily_result_pdf
202209030408,2022,阪神,3,4,8,2022-06-26,https://www.jra.go.jp/datafile/seiseki/report/2022/2022-3hanshin4.pdf,official_daily_result_pdf
202209030409,2022,阪神,3,4,9,2022-06-26,https://www.jra.go.jp/datafile/seiseki/report/2022/2022-3hanshin4.pdf,official_daily_result_pdf
202209030410,2022,阪神,3,4,10,2022-06-26,https://www.jra.go.jp/datafile/seiseki/report/2022/2022-3hanshin4.pdf,official_daily_result_pdf
202209030411,2022,阪神,3,4,11,2022-06-26,https://www.jra.go.jp/datafile/seiseki/report/2022/2022-3hanshin4.pdf,official_daily_result_pdf
202209030412,2022,阪神,3,4,12,2022-06-26,https://www.jra.go.jp/datafile/seiseki/report/2022/2022-3hanshin4.pdf,official_daily_result_pdf
202209040101,2022,阪神,4,1,1,2022-10-08,https://www.jra.go.jp/datafile/seiseki/report/2022/2022-4hanshin1.pdf,official_daily_result_pdf
202209040102,2022,阪神,4,1,2,2022-10-08,https://www.jra.go.jp/datafile/seiseki/report/2022/2022-4hanshin1.pdf,official_daily_result_pdf
202209040103,2022,阪神,4,1,3,2022-10-08,https://www.jra.go.jp/datafile/seiseki/report/2022/2022-4hanshin1.pdf,official_daily_result_pdf
202209040104,2022,阪神,4,1,4,2022-10-08,https://www.jra.go.jp/datafile/seiseki/report/2022/2022-4hanshin1.pdf,official_daily_result_pdf
202209040105,2022,阪神,4,1,5,2022-10-08,https://www.jra.go.jp/datafile/seiseki/report/2022/2022-4hanshin1.pdf,official_daily_result_pdf
202209040106,2022,阪神,4,1,6,2022-10-08,https://www.jra.go.jp/datafile/seiseki/report/2022/2022-4hanshin1.pdf,official_daily_result_pdf
202209040107,2022,阪神,4,1,7,2022-10-08,https://www.jra.go.jp/datafile/seiseki/report/2022/2022-4hanshin1.pdf,official_daily_result_pdf
202209040108,2022,阪神,4,1,8,2022-10-08,https://www.jra.go.jp/datafile/seiseki/report/2022/2022-4hanshin1.pdf,official_daily_result_pdf
202209040109,2022,阪神,4,1,9,2022-10-08,https://www.jra.go.jp/datafile/seiseki/report/2022/2022-4hanshin1.pdf,official_daily_result_pdf
202209040110,2022,阪神,4,1,10,2022-10-08,https://www.jra.go.jp/datafile/seiseki/report/2022/2022-4hanshin1.pdf,official_daily_result_pdf
202209040111,2022,阪神,4,1,11,2022-10-08,https://www.jra.go.jp/datafile/seiseki/report/2022/2022-4hanshin1.pdf,official_daily_result_pdf
202209040112,2022,阪神,4,1,12,2022-10-08,https://www.jra.go.jp/datafile/seiseki/report/2022/2022-4hanshin1.pdf,official_daily_result_pdf
202209040201,2022,阪神,4,2,1,2022-10-09,https://www.jra.go.jp/datafile/seiseki/report/2022/2022-4hanshin2.pdf,official_daily_result_pdf
202209040202,2022,阪神,4,2,2,2022-10-09,https://www.jra.go.jp/datafile/seiseki/report/2022/2022-4hanshin2.pdf,official_daily_result_pdf
202209040203,2022,阪神,4,2,3,2022-10-09,https://www.jra.go.jp/datafile/seiseki/report/2022/2022-4hanshin2.pdf,official_daily_result_pdf
202209040204,2022,阪神,4,2,4,2022-10-09,https://www.jra.go.jp/datafile/seiseki/report/2022/2022-4hanshin2.pdf,official_daily_result_pdf
202209040205,2022,阪神,4,2,5,2022-10-09,https://www.jra.go.jp/datafile/seiseki/report/2022/2022-4hanshin2.pdf,official_daily_result_pdf
202209040206,2022,阪神,4,2,6,2022-10-09,https://www.jra.go.jp/datafile/seiseki/report/2022/2022-4hanshin2.pdf,official_daily_result_pdf
202209040207,2022,阪神,4,2,7,2022-10-09,https://www.jra.go.jp/datafile/seiseki/report/2022/2022-4hanshin2.pdf,official_daily_result_pdf
202209040208,2022,阪神,4,2,8,2022-10-09,https://www.jra.go.jp/datafile/seiseki/report/2022/2022-4hanshin2.pdf,official_daily_result_pdf
202209040209,2022,阪神,4,2,9,2022-10-09,https://www.jra.go.jp/datafile/seiseki/report/2022/2022-4hanshin2.pdf,official_daily_result_pdf
202209040210,2022,阪神,4,2,10,2022-10-09,https://www.jra.go.jp/datafile/seiseki/report/2022/2022-4hanshin2.pdf,official_daily_result_pdf
202209040211,2022,阪神,4,2,11,2022-10-09,https://www.jra.go.jp/datafile/seiseki/report/2022/2022-4hanshin2.pdf,official_daily_result_pdf
202209040212,2022,阪神,4,2,12,2022-10-09,https://www.jra.go.jp/datafile/seiseki/report/2022/2022-4hanshin2.pdf,official_daily_result_pdf
202209040301,2022,阪神,4,3,1,2022-10-10,https://www.jra.go.jp/datafile/seiseki/report/2022/2022-4hanshin3.pdf,official_daily_result_pdf
202209040302,2022,阪神,4,3,2,2022-10-10,https://www.jra.go.jp/datafile/seiseki/report/2022/2022-4hanshin3.pdf,official_daily_result_pdf
202209040303,2022,阪神,4,3,3,2022-10-10,https://www.jra.go.jp/datafile/seiseki/report/2022/2022-4hanshin3.pdf,official_daily_result_pdf
202209040304,2022,阪神,4,3,4,2022-10-10,https://www.jra.go.jp/datafile/seiseki/report/2022/2022-4hanshin3.pdf,official_daily_result_pdf
202209040305,2022,阪神,4,3,5,2022-10-10,https://www.jra.go.jp/datafile/seiseki/report/2022/2022-4hanshin3.pdf,official_daily_result_pdf
202209040306,2022,阪神,4,3,6,2022-10-10,https://www.jra.go.jp/datafile/seiseki/report/2022/2022-4hanshin3.pdf,official_daily_result_pdf
202209040307,2022,阪神,4,3,7,2022-10-10,https://www.jra.go.jp/datafile/seiseki/report/2022/2022-4hanshin3.pdf,official_daily_result_pdf
202209040308,2022,阪神,4,3,8,2022-10-10,https://www.jra.go.jp/datafile/seiseki/report/2022/2022-4hanshin3.pdf,official_daily_result_pdf
202209040309,2022,阪神,4,3,9,2022-10-10,https://www.jra.go.jp/datafile/seiseki/report/2022/2022-4hanshin3.pdf,official_daily_result_pdf
202209040310,2022,阪神,4,3,10,2022-10-10,https://www.jra.go.jp/datafile/seiseki/report/2022/2022-4hanshin3.pdf,official_daily_result_pdf
202209040311,2022,阪神,4,3,11,2022-10-10,https://www.jra.go.jp/datafile/seiseki/report/2022/2022-4hanshin3.pdf,official_daily_result_pdf
202209040312,2022,阪神,4,3,12,2022-10-10,https://www.jra.go.jp/datafile/seiseki/report/2022/2022-4hanshin3.pdf,official_daily_result_pdf
202209040401,2022,阪神,4,4,1,2022-10-15,https://www.jra.go.jp/datafile/seiseki/report/2022/2022-4hanshin4.pdf,official_daily_result_pdf
202209040402,2022,阪神,4,4,2,2022-10-15,https://www.jra.go.jp/datafile/seiseki/report/2022/2022-4hanshin4.pdf,official_daily_result_pdf
202209040403,2022,阪神,4,4,3,2022-10-15,https://www.jra.go.jp/datafile/seiseki/report/2022/2022-4hanshin4.pdf,official_daily_result_pdf
202209040404,2022,阪神,4,4,4,2022-10-15,https://www.jra.go.jp/datafile/seiseki/report/2022/2022-4hanshin4.pdf,official_daily_result_pdf
202209040405,2022,阪神,4,4,5,2022-10-15,https://www.jra.go.jp/datafile/seiseki/report/2022/2022-4hanshin4.pdf,official_daily_result_pdf
202209040406,2022,阪神,4,4,6,2022-10-15,https://www.jra.go.jp/datafile/seiseki/report/2022/2022-4hanshin4.pdf,official_daily_result_pdf
202209040407,2022,阪神,4,4,7,2022-10-15,https://www.jra.go.jp/datafile/seiseki/report/2022/2022-4hanshin4.pdf,official_daily_result_pdf
202209040408,2022,阪神,4,4,8,2022-10-15,https://www.jra.go.jp/datafile/seiseki/report/2022/2022-4hanshin4.pdf,official_daily_result_pdf
202209040409,2022,阪神,4,4,9,2022-10-15,https://www.jra.go.jp/datafile/seiseki/report/2022/2022-4hanshin4.pdf,official_daily_result_pdf
202209040410,2022,阪神,4,4,10,2022-10-15,https://www.jra.go.jp/datafile/seiseki/report/2022/2022-4hanshin4.pdf,official_daily_result_pdf
202209040411,2022,阪神,4,4,11,2022-10-15,https://www.jra.go.jp/datafile/seiseki/report/2022/2022-4hanshin4.pdf,official_daily_result_pdf
202209040412,2022,阪神,4,4,12,2022-10-15,https://www.jra.go.jp/datafile/seiseki/report/2022/2022-4hanshin4.pdf,official_daily_result_pdf
202209040501,2022,阪神,4,5,1,2022-10-16,https://www.jra.go.jp/datafile/seiseki/report/2022/2022-4hanshin5.pdf,official_daily_result_pdf
202209040502,2022,阪神,4,5,2,2022-10-16,https://www.jra.go.jp/datafile/seiseki/report/2022/2022-4hanshin5.pdf,official_daily_result_pdf
202209040503,2022,阪神,4,5,3,2022-10-16,https://www.jra.go.jp/datafile/seiseki/report/2022/2022-4hanshin5.pdf,official_daily_result_pdf
202209040504,2022,阪神,4,5,4,2022-10-16,https://www.jra.go.jp/datafile/seiseki/report/2022/2022-4hanshin5.pdf,official_daily_result_pdf
202209040505,2022,阪神,4,5,5,2022-10-16,https://www.jra.go.jp/datafile/seiseki/report/2022/2022-4hanshin5.pdf,official_daily_result_pdf
202209040506,2022,阪神,4,5,6,2022-10-16,https://www.jra.go.jp/datafile/seiseki/report/2022/2022-4hanshin5.pdf,official_daily_result_pdf
202209040507,2022,阪神,4,5,7,2022-10-16,https://www.jra.go.jp/datafile/seiseki/report/2022/2022-4hanshin5.pdf,official_daily_result_pdf
202209040508,2022,阪神,4,5,8,2022-10-16,https://www.jra.go.jp/datafile/seiseki/report/2022/2022-4hanshin5.pdf,official_daily_result_pdf
202209040509,2022,阪神,4,5,9,2022-10-16,https://www.jra.go.jp/datafile/seiseki/report/2022/2022-4hanshin5.pdf,official_daily_result_pdf
202209040510,2022,阪神,4,5,10,2022-10-16,https://www.jra.go.jp/datafile/seiseki/report/2022/2022-4hanshin5.pdf,official_daily_result_pdf
202209040511,2022,阪神,4,5,11,2022-10-16,https://www.jra.go.jp/datafile/seiseki/report/2022/2022-4hanshin5.pdf,official_daily_result_pdf
202209040512,2022,阪神,4,5,12,2022-10-16,https://www.jra.go.jp/datafile/seiseki/report/2022/2022-4hanshin5.pdf,official_daily_result_pdf
202209040601,2022,阪神,4,6,1,2022-10-22,https://www.jra.go.jp/datafile/seiseki/report/2022/2022-4hanshin6.pdf,official_daily_result_pdf
202209040602,2022,阪神,4,6,2,2022-10-22,https://www.jra.go.jp/datafile/seiseki/report/2022/2022-4hanshin6.pdf,official_daily_result_pdf
202209040603,2022,阪神,4,6,3,2022-10-22,https://www.jra.go.jp/datafile/seiseki/report/2022/2022-4hanshin6.pdf,official_daily_result_pdf
202209040604,2022,阪神,4,6,4,2022-10-22,https://www.jra.go.jp/datafile/seiseki/report/2022/2022-4hanshin6.pdf,official_daily_result_pdf
202209040605,2022,阪神,4,6,5,2022-10-22,https://www.jra.go.jp/datafile/seiseki/report/2022/2022-4hanshin6.pdf,official_daily_result_pdf
202209040606,2022,阪神,4,6,6,2022-10-22,https://www.jra.go.jp/datafile/seiseki/report/2022/2022-4hanshin6.pdf,official_daily_result_pdf
202209040607,2022,阪神,4,6,7,2022-10-22,https://www.jra.go.jp/datafile/seiseki/report/2022/2022-4hanshin6.pdf,official_daily_result_pdf
202209040608,2022,阪神,4,6,8,2022-10-22,https://www.jra.go.jp/datafile/seiseki/report/2022/2022-4hanshin6.pdf,official_daily_result_pdf
202209040609,2022,阪神,4,6,9,2022-10-22,https://www.jra.go.jp/datafile/seiseki/report/2022/2022-4hanshin6.pdf,official_daily_result_pdf
202209040610,2022,阪神,4,6,10,2022-10-22,https://www.jra.go.jp/datafile/seiseki/report/2022/2022-4hanshin6.pdf,official_daily_result_pdf
202209040611,2022,阪神,4,6,11,2022-10-22,https://www.jra.go.jp/datafile/seiseki/report/2022/2022-4hanshin6.pdf,official_daily_result_pdf
202209040612,2022,阪神,4,6,12,2022-10-22,https://www.jra.go.jp/datafile/seiseki/report/2022/2022-4hanshin6.pdf,official_daily_result_pdf
202209040701,2022,阪神,4,7,1,2022-10-23,https://www.jra.go.jp/datafile/seiseki/report/2022/2022-4hanshin7.pdf,official_daily_result_pdf
202209040702,2022,阪神,4,7,2,2022-10-23,https://www.jra.go.jp/datafile/seiseki/report/2022/2022-4hanshin7.pdf,official_daily_result_pdf
202209040703,2022,阪神,4,7,3,2022-10-23,https://www.jra.go.jp/datafile/seiseki/report/2022/2022-4hanshin7.pdf,official_daily_result_pdf
202209040704,2022,阪神,4,7,4,2022-10-23,https://www.jra.go.jp/datafile/seiseki/report/2022/2022-4hanshin7.pdf,official_daily_result_pdf
202209040705,2022,阪神,4,7,5,2022-10-23,https://www.jra.go.jp/datafile/seiseki/report/2022/2022-4hanshin7.pdf,official_daily_result_pdf
202209040706,2022,阪神,4,7,6,2022-10-23,https://www.jra.go.jp/datafile/seiseki/report/2022/2022-4hanshin7.pdf,official_daily_result_pdf
202209040707,2022,阪神,4,7,7,2022-10-23,https://www.jra.go.jp/datafile/seiseki/report/2022/2022-4hanshin7.pdf,official_daily_result_pdf
202209040708,2022,阪神,4,7,8,2022-10-23,https://www.jra.go.jp/datafile/seiseki/report/2022/2022-4hanshin7.pdf,official_daily_result_pdf
202209040709,2022,阪神,4,7,9,2022-10-23,https://www.jra.go.jp/datafile/seiseki/report/2022/2022-4hanshin7.pdf,official_daily_result_pdf
202209040710,2022,阪神,4,7,10,2022-10-23,https://www.jra.go.jp/datafile/seiseki/report/2022/2022-4hanshin7.pdf,official_daily_result_pdf
202209040711,2022,阪神,4,7,11,2022-10-23,https://www.jra.go.jp/datafile/seiseki/report/2022/2022-4hanshin7.pdf,official_daily_result_pdf
202209040712,2022,阪神,4,7,12,2022-10-23,https://www.jra.go.jp/datafile/seiseki/report/2022/2022-4hanshin7.pdf,official_daily_result_pdf
202209040801,2022,阪神,4,8,1,2022-10-29,https://www.jra.go.jp/datafile/seiseki/report/2022/2022-4hanshin8.pdf,official_daily_result_pdf
202209040802,2022,阪神,4,8,2,2022-10-29,https://www.jra.go.jp/datafile/seiseki/report/2022/2022-4hanshin8.pdf,official_daily_result_pdf
202209040803,2022,阪神,4,8,3,2022-10-29,https://www.jra.go.jp/datafile/seiseki/report/2022/2022-4hanshin8.pdf,official_daily_result_pdf
202209040804,2022,阪神,4,8,4,2022-10-29,https://www.jra.go.jp/datafile/seiseki/report/2022/2022-4hanshin8.pdf,official_daily_result_pdf
202209040805,2022,阪神,4,8,5,2022-10-29,https://www.jra.go.jp/datafile/seiseki/report/2022/2022-4hanshin8.pdf,official_daily_result_pdf
202209040806,2022,阪神,4,8,6,2022-10-29,https://www.jra.go.jp/datafile/seiseki/report/2022/2022-4hanshin8.pdf,official_daily_result_pdf
202209040807,2022,阪神,4,8,7,2022-10-29,https://www.jra.go.jp/datafile/seiseki/report/2022/2022-4hanshin8.pdf,official_daily_result_pdf
202209040808,2022,阪神,4,8,8,2022-10-29,https://www.jra.go.jp/datafile/seiseki/report/2022/2022-4hanshin8.pdf,official_daily_result_pdf
202209040809,2022,阪神,4,8,9,2022-10-29,https://www.jra.go.jp/datafile/seiseki/report/2022/2022-4hanshin8.pdf,official_daily_result_pdf
202209040810,2022,阪神,4,8,10,2022-10-29,https://www.jra.go.jp/datafile/seiseki/report/2022/2022-4hanshin8.pdf,official_daily_result_pdf
202209040811,2022,阪神,4,8,11,2022-10-29,https://www.jra.go.jp/datafile/seiseki/report/2022/2022-4hanshin8.pdf,official_daily_result_pdf
202209040812,2022,阪神,4,8,12,2022-10-29,https://www.jra.go.jp/datafile/seiseki/report/2022/2022-4hanshin8.pdf,official_daily_result_pdf
202209040901,2022,阪神,4,9,1,2022-10-30,https://www.jra.go.jp/datafile/seiseki/report/2022/2022-4hanshin9.pdf,official_daily_result_pdf
202209040902,2022,阪神,4,9,2,2022-10-30,https://www.jra.go.jp/datafile/seiseki/report/2022/2022-4hanshin9.pdf,official_daily_result_pdf
202209040903,2022,阪神,4,9,3,2022-10-30,https://www.jra.go.jp/datafile/seiseki/report/2022/2022-4hanshin9.pdf,official_daily_result_pdf
202209040904,2022,阪神,4,9,4,2022-10-30,https://www.jra.go.jp/datafile/seiseki/report/2022/2022-4hanshin9.pdf,official_daily_result_pdf
202209040905,2022,阪神,4,9,5,2022-10-30,https://www.jra.go.jp/datafile/seiseki/report/2022/2022-4hanshin9.pdf,official_daily_result_pdf
202209040906,2022,阪神,4,9,6,2022-10-30,https://www.jra.go.jp/datafile/seiseki/report/2022/2022-4hanshin9.pdf,official_daily_result_pdf
202209040907,2022,阪神,4,9,7,2022-10-30,https://www.jra.go.jp/datafile/seiseki/report/2022/2022-4hanshin9.pdf,official_daily_result_pdf
202209040908,2022,阪神,4,9,8,2022-10-30,https://www.jra.go.jp/datafile/seiseki/report/2022/2022-4hanshin9.pdf,official_daily_result_pdf
202209040909,2022,阪神,4,9,9,2022-10-30,https://www.jra.go.jp/datafile/seiseki/report/2022/2022-4hanshin9.pdf,official_daily_result_pdf
202209040910,2022,阪神,4,9,10,2022-10-30,https://www.jra.go.jp/datafile/seiseki/report/2022/2022-4hanshin9.pdf,official_daily_result_pdf
202209040911,2022,阪神,4,9,11,2022-10-30,https://www.jra.go.jp/datafile/seiseki/report/2022/2022-4hanshin9.pdf,official_daily_result_pdf
202209040912,2022,阪神,4,9,12,2022-10-30,https://www.jra.go.jp/datafile/seiseki/report/2022/2022-4hanshin9.pdf,official_daily_result_pdf
202209050101,2022,阪神,5,1,1,2022-11-05,https://www.jra.go.jp/datafile/seiseki/report/2022/2022-5hanshin1.pdf,official_daily_result_pdf
202209050102,2022,阪神,5,1,2,2022-11-05,https://www.jra.go.jp/datafile/seiseki/report/2022/2022-5hanshin1.pdf,official_daily_result_pdf
202209050103,2022,阪神,5,1,3,2022-11-05,https://www.jra.go.jp/datafile/seiseki/report/2022/2022-5hanshin1.pdf,official_daily_result_pdf
202209050104,2022,阪神,5,1,4,2022-11-05,https://www.jra.go.jp/datafile/seiseki/report/2022/2022-5hanshin1.pdf,official_daily_result_pdf
202209050105,2022,阪神,5,1,5,2022-11-05,https://www.jra.go.jp/datafile/seiseki/report/2022/2022-5hanshin1.pdf,official_daily_result_pdf
202209050106,2022,阪神,5,1,6,2022-11-05,https://www.jra.go.jp/datafile/seiseki/report/2022/2022-5hanshin1.pdf,official_daily_result_pdf
202209050107,2022,阪神,5,1,7,2022-11-05,https://www.jra.go.jp/datafile/seiseki/report/2022/2022-5hanshin1.pdf,official_daily_result_pdf
202209050108,2022,阪神,5,1,8,2022-11-05,https://www.jra.go.jp/datafile/seiseki/report/2022/2022-5hanshin1.pdf,official_daily_result_pdf
202209050109,2022,阪神,5,1,9,2022-11-05,https://www.jra.go.jp/datafile/seiseki/report/2022/2022-5hanshin1.pdf,official_daily_result_pdf
202209050110,2022,阪神,5,1,10,2022-11-05,https://www.jra.go.jp/datafile/seiseki/report/2022/2022-5hanshin1.pdf,official_daily_result_pdf
202209050111,2022,阪神,5,1,11,2022-11-05,https://www.jra.go.jp/datafile/seiseki/report/2022/2022-5hanshin1.pdf,official_daily_result_pdf
202209050112,2022,阪神,5,1,12,2022-11-05,https://www.jra.go.jp/datafile/seiseki/report/2022/2022-5hanshin1.pdf,official_daily_result_pdf
202209050201,2022,阪神,5,2,1,2022-11-06,https://www.jra.go.jp/datafile/seiseki/report/2022/2022-5hanshin2.pdf,official_daily_result_pdf
202209050202,2022,阪神,5,2,2,2022-11-06,https://www.jra.go.jp/datafile/seiseki/report/2022/2022-5hanshin2.pdf,official_daily_result_pdf
202209050203,2022,阪神,5,2,3,2022-11-06,https://www.jra.go.jp/datafile/seiseki/report/2022/2022-5hanshin2.pdf,official_daily_result_pdf
202209050204,2022,阪神,5,2,4,2022-11-06,https://www.jra.go.jp/datafile/seiseki/report/2022/2022-5hanshin2.pdf,official_daily_result_pdf
202209050205,2022,阪神,5,2,5,2022-11-06,https://www.jra.go.jp/datafile/seiseki/report/2022/2022-5hanshin2.pdf,official_daily_result_pdf
202209050206,2022,阪神,5,2,6,2022-11-06,https://www.jra.go.jp/datafile/seiseki/report/2022/2022-5hanshin2.pdf,official_daily_result_pdf
202209050207,2022,阪神,5,2,7,2022-11-06,https://www.jra.go.jp/datafile/seiseki/report/2022/2022-5hanshin2.pdf,official_daily_result_pdf
202209050208,2022,阪神,5,2,8,2022-11-06,https://www.jra.go.jp/datafile/seiseki/report/2022/2022-5hanshin2.pdf,official_daily_result_pdf
202209050209,2022,阪神,5,2,9,2022-11-06,https://www.jra.go.jp/datafile/seiseki/report/2022/2022-5hanshin2.pdf,official_daily_result_pdf
202209050210,2022,阪神,5,2,10,2022-11-06,https://www.jra.go.jp/datafile/seiseki/report/2022/2022-5hanshin2.pdf,official_daily_result_pdf
202209050211,2022,阪神,5,2,11,2022-11-06,https://www.jra.go.jp/datafile/seiseki/report/2022/2022-5hanshin2.pdf,official_daily_result_pdf
202209050212,2022,阪神,5,2,12,2022-11-06,https://www.jra.go.jp/datafile/seiseki/report/2022/2022-5hanshin2.pdf,official_daily_result_pdf
202209050301,2022,阪神,5,3,1,2022-11-12,https://www.jra.go.jp/datafile/seiseki/report/2022/2022-5hanshin3.pdf,official_daily_result_pdf
202209050302,2022,阪神,5,3,2,2022-11-12,https://www.jra.go.jp/datafile/seiseki/report/2022/2022-5hanshin3.pdf,official_daily_result_pdf
202209050303,2022,阪神,5,3,3,2022-11-12,https://www.jra.go.jp/datafile/seiseki/report/2022/2022-5hanshin3.pdf,official_daily_result_pdf
202209050304,2022,阪神,5,3,4,2022-11-12,https://www.jra.go.jp/datafile/seiseki/report/2022/2022-5hanshin3.pdf,official_daily_result_pdf
202209050305,2022,阪神,5,3,5,2022-11-12,https://www.jra.go.jp/datafile/seiseki/report/2022/2022-5hanshin3.pdf,official_daily_result_pdf
202209050306,2022,阪神,5,3,6,2022-11-12,https://www.jra.go.jp/datafile/seiseki/report/2022/2022-5hanshin3.pdf,official_daily_result_pdf
202209050307,2022,阪神,5,3,7,2022-11-12,https://www.jra.go.jp/datafile/seiseki/report/2022/2022-5hanshin3.pdf,official_daily_result_pdf
202209050308,2022,阪神,5,3,8,2022-11-12,https://www.jra.go.jp/datafile/seiseki/report/2022/2022-5hanshin3.pdf,official_daily_result_pdf
202209050309,2022,阪神,5,3,9,2022-11-12,https://www.jra.go.jp/datafile/seiseki/report/2022/2022-5hanshin3.pdf,official_daily_result_pdf
202209050310,2022,阪神,5,3,10,2022-11-12,https://www.jra.go.jp/datafile/seiseki/report/2022/2022-5hanshin3.pdf,official_daily_result_pdf
202209050311,2022,阪神,5,3,11,2022-11-12,https://www.jra.go.jp/datafile/seiseki/report/2022/2022-5hanshin3.pdf,official_daily_result_pdf
202209050312,2022,阪神,5,3,12,2022-11-12,https://www.jra.go.jp/datafile/seiseki/report/2022/2022-5hanshin3.pdf,official_daily_result_pdf
202209050401,2022,阪神,5,4,1,2022-11-13,https://www.jra.go.jp/datafile/seiseki/report/2022/2022-5hanshin4.pdf,official_daily_result_pdf
202209050402,2022,阪神,5,4,2,2022-11-13,https://www.jra.go.jp/datafile/seiseki/report/2022/2022-5hanshin4.pdf,official_daily_result_pdf
202209050403,2022,阪神,5,4,3,2022-11-13,https://www.jra.go.jp/datafile/seiseki/report/2022/2022-5hanshin4.pdf,official_daily_result_pdf
202209050404,2022,阪神,5,4,4,2022-11-13,https://www.jra.go.jp/datafile/seiseki/report/2022/2022-5hanshin4.pdf,official_daily_result_pdf
202209050405,2022,阪神,5,4,5,2022-11-13,https://www.jra.go.jp/datafile/seiseki/report/2022/2022-5hanshin4.pdf,official_daily_result_pdf
202209050406,2022,阪神,5,4,6,2022-11-13,https://www.jra.go.jp/datafile/seiseki/report/2022/2022-5hanshin4.pdf,official_daily_result_pdf
202209050407,2022,阪神,5,4,7,2022-11-13,https://www.jra.go.jp/datafile/seiseki/report/2022/2022-5hanshin4.pdf,official_daily_result_pdf
202209050408,2022,阪神,5,4,8,2022-11-13,https://www.jra.go.jp/datafile/seiseki/report/2022/2022-5hanshin4.pdf,official_daily_result_pdf
202209050409,2022,阪神,5,4,9,2022-11-13,https://www.jra.go.jp/datafile/seiseki/report/2022/2022-5hanshin4.pdf,official_daily_result_pdf
202209050410,2022,阪神,5,4,10,2022-11-13,https://www.jra.go.jp/datafile/seiseki/report/2022/2022-5hanshin4.pdf,official_daily_result_pdf
202209050411,2022,阪神,5,4,11,2022-11-13,https://www.jra.go.jp/datafile/seiseki/report/2022/2022-5hanshin4.pdf,official_daily_result_pdf
202209050412,2022,阪神,5,4,12,2022-11-13,https://www.jra.go.jp/datafile/seiseki/report/2022/2022-5hanshin4.pdf,official_daily_result_pdf
202209050501,2022,阪神,5,5,1,2022-11-19,https://www.jra.go.jp/datafile/seiseki/report/2022/2022-5hanshin5.pdf,official_daily_result_pdf
202209050502,2022,阪神,5,5,2,2022-11-19,https://www.jra.go.jp/datafile/seiseki/report/2022/2022-5hanshin5.pdf,official_daily_result_pdf
202209050503,2022,阪神,5,5,3,2022-11-19,https://www.jra.go.jp/datafile/seiseki/report/2022/2022-5hanshin5.pdf,official_daily_result_pdf
202209050504,2022,阪神,5,5,4,2022-11-19,https://www.jra.go.jp/datafile/seiseki/report/2022/2022-5hanshin5.pdf,official_daily_result_pdf
202209050505,2022,阪神,5,5,5,2022-11-19,https://www.jra.go.jp/datafile/seiseki/report/2022/2022-5hanshin5.pdf,official_daily_result_pdf
202209050506,2022,阪神,5,5,6,2022-11-19,https://www.jra.go.jp/datafile/seiseki/report/2022/2022-5hanshin5.pdf,official_daily_result_pdf
202209050507,2022,阪神,5,5,7,2022-11-19,https://www.jra.go.jp/datafile/seiseki/report/2022/2022-5hanshin5.pdf,official_daily_result_pdf
202209050508,2022,阪神,5,5,8,2022-11-19,https://www.jra.go.jp/datafile/seiseki/report/2022/2022-5hanshin5.pdf,official_daily_result_pdf
202209050509,2022,阪神,5,5,9,2022-11-19,https://www.jra.go.jp/datafile/seiseki/report/2022/2022-5hanshin5.pdf,official_daily_result_pdf
202209050510,2022,阪神,5,5,10,2022-11-19,https://www.jra.go.jp/datafile/seiseki/report/2022/2022-5hanshin5.pdf,official_daily_result_pdf
202209050511,2022,阪神,5,5,11,2022-11-19,https://www.jra.go.jp/datafile/seiseki/report/2022/2022-5hanshin5.pdf,official_daily_result_pdf
202209050512,2022,阪神,5,5,12,2022-11-19,https://www.jra.go.jp/datafile/seiseki/report/2022/2022-5hanshin5.pdf,official_daily_result_pdf
202209050601,2022,阪神,5,6,1,2022-11-20,https://www.jra.go.jp/datafile/seiseki/report/2022/2022-5hanshin6.pdf,official_daily_result_pdf
202209050602,2022,阪神,5,6,2,2022-11-20,https://www.jra.go.jp/datafile/seiseki/report/2022/2022-5hanshin6.pdf,official_daily_result_pdf
202209050603,2022,阪神,5,6,3,2022-11-20,https://www.jra.go.jp/datafile/seiseki/report/2022/2022-5hanshin6.pdf,official_daily_result_pdf
202209050604,2022,阪神,5,6,4,2022-11-20,https://www.jra.go.jp/datafile/seiseki/report/2022/2022-5hanshin6.pdf,official_daily_result_pdf
202209050605,2022,阪神,5,6,5,2022-11-20,https://www.jra.go.jp/datafile/seiseki/report/2022/2022-5hanshin6.pdf,official_daily_result_pdf
202209050606,2022,阪神,5,6,6,2022-11-20,https://www.jra.go.jp/datafile/seiseki/report/2022/2022-5hanshin6.pdf,official_daily_result_pdf
202209050607,2022,阪神,5,6,7,2022-11-20,https://www.jra.go.jp/datafile/seiseki/report/2022/2022-5hanshin6.pdf,official_daily_result_pdf
202209050608,2022,阪神,5,6,8,2022-11-20,https://www.jra.go.jp/datafile/seiseki/report/2022/2022-5hanshin6.pdf,official_daily_result_pdf
202209050609,2022,阪神,5,6,9,2022-11-20,https://www.jra.go.jp/datafile/seiseki/report/2022/2022-5hanshin6.pdf,official_daily_result_pdf
202209050610,2022,阪神,5,6,10,2022-11-20,https://www.jra.go.jp/datafile/seiseki/report/2022/2022-5hanshin6.pdf,official_daily_result_pdf
202209050611,2022,阪神,5,6,11,2022-11-20,https://www.jra.go.jp/datafile/seiseki/report/2022/2022-5hanshin6.pdf,official_daily_result_pdf
202209050612,2022,阪神,5,6,12,2022-11-20,https://www.jra.go.jp/datafile/seiseki/report/2022/2022-5hanshin6.pdf,official_daily_result_pdf
202209050701,2022,阪神,5,7,1,2022-11-26,https://www.jra.go.jp/datafile/seiseki/report/2022/2022-5hanshin7.pdf,official_daily_result_pdf
202209050702,2022,阪神,5,7,2,2022-11-26,https://www.jra.go.jp/datafile/seiseki/report/2022/2022-5hanshin7.pdf,official_daily_result_pdf
202209050703,2022,阪神,5,7,3,2022-11-26,https://www.jra.go.jp/datafile/seiseki/report/2022/2022-5hanshin7.pdf,official_daily_result_pdf
202209050704,2022,阪神,5,7,4,2022-11-26,https://www.jra.go.jp/datafile/seiseki/report/2022/2022-5hanshin7.pdf,official_daily_result_pdf
202209050705,2022,阪神,5,7,5,2022-11-26,https://www.jra.go.jp/datafile/seiseki/report/2022/2022-5hanshin7.pdf,official_daily_result_pdf
202209050706,2022,阪神,5,7,6,2022-11-26,https://www.jra.go.jp/datafile/seiseki/report/2022/2022-5hanshin7.pdf,official_daily_result_pdf
202209050707,2022,阪神,5,7,7,2022-11-26,https://www.jra.go.jp/datafile/seiseki/report/2022/2022-5hanshin7.pdf,official_daily_result_pdf
202209050708,2022,阪神,5,7,8,2022-11-26,https://www.jra.go.jp/datafile/seiseki/report/2022/2022-5hanshin7.pdf,official_daily_result_pdf
202209050709,2022,阪神,5,7,9,2022-11-26,https://www.jra.go.jp/datafile/seiseki/report/2022/2022-5hanshin7.pdf,official_daily_result_pdf
202209050710,2022,阪神,5,7,10,2022-11-26,https://www.jra.go.jp/datafile/seiseki/report/2022/2022-5hanshin7.pdf,official_daily_result_pdf
202209050711,2022,阪神,5,7,11,2022-11-26,https://www.jra.go.jp/datafile/seiseki/report/2022/2022-5hanshin7.pdf,official_daily_result_pdf
202209050712,2022,阪神,5,7,12,2022-11-26,https://www.jra.go.jp/datafile/seiseki/report/2022/2022-5hanshin7.pdf,official_daily_result_pdf
202209050801,2022,阪神,5,8,1,2022-11-27,https://www.jra.go.jp/datafile/seiseki/report/2022/2022-5hanshin8.pdf,official_daily_result_pdf
202209050802,2022,阪神,5,8,2,2022-11-27,https://www.jra.go.jp/datafile/seiseki/report/2022/2022-5hanshin8.pdf,official_daily_result_pdf
202209050803,2022,阪神,5,8,3,2022-11-27,https://www.jra.go.jp/datafile/seiseki/report/2022/2022-5hanshin8.pdf,official_daily_result_pdf
202209050804,2022,阪神,5,8,4,2022-11-27,https://www.jra.go.jp/datafile/seiseki/report/2022/2022-5hanshin8.pdf,official_daily_result_pdf
202209050805,2022,阪神,5,8,5,2022-11-27,https://www.jra.go.jp/datafile/seiseki/report/2022/2022-5hanshin8.pdf,official_daily_result_pdf
202209050806,2022,阪神,5,8,6,2022-11-27,https://www.jra.go.jp/datafile/seiseki/report/2022/2022-5hanshin8.pdf,official_daily_result_pdf
202209050807,2022,阪神,5,8,7,2022-11-27,https://www.jra.go.jp/datafile/seiseki/report/2022/2022-5hanshin8.pdf,official_daily_result_pdf
202209050808,2022,阪神,5,8,8,2022-11-27,https://www.jra.go.jp/datafile/seiseki/report/2022/2022-5hanshin8.pdf,official_daily_result_pdf
202209050809,2022,阪神,5,8,9,2022-11-27,https://www.jra.go.jp/datafile/seiseki/report/2022/2022-5hanshin8.pdf,official_daily_result_pdf
202209050810,2022,阪神,5,8,10,2022-11-27,https://www.jra.go.jp/datafile/seiseki/report/2022/2022-5hanshin8.pdf,official_daily_result_pdf
202209050811,2022,阪神,5,8,11,2022-11-27,https://www.jra.go.jp/datafile/seiseki/report/2022/2022-5hanshin8.pdf,official_daily_result_pdf
202209050812,2022,阪神,5,8,12,2022-11-27,https://www.jra.go.jp/datafile/seiseki/report/2022/2022-5hanshin8.pdf,official_daily_result_pdf
202209060101,2022,阪神,6,1,1,2022-12-03,https://www.jra.go.jp/datafile/seiseki/report/2022/2022-6hanshin1.pdf,official_daily_result_pdf
202209060102,2022,阪神,6,1,2,2022-12-03,https://www.jra.go.jp/datafile/seiseki/report/2022/2022-6hanshin1.pdf,official_daily_result_pdf
202209060103,2022,阪神,6,1,3,2022-12-03,https://www.jra.go.jp/datafile/seiseki/report/2022/2022-6hanshin1.pdf,official_daily_result_pdf
202209060104,2022,阪神,6,1,4,2022-12-03,https://www.jra.go.jp/datafile/seiseki/report/2022/2022-6hanshin1.pdf,official_daily_result_pdf
202209060105,2022,阪神,6,1,5,2022-12-03,https://www.jra.go.jp/datafile/seiseki/report/2022/2022-6hanshin1.pdf,official_daily_result_pdf
202209060106,2022,阪神,6,1,6,2022-12-03,https://www.jra.go.jp/datafile/seiseki/report/2022/2022-6hanshin1.pdf,official_daily_result_pdf
202209060107,2022,阪神,6,1,7,2022-12-03,https://www.jra.go.jp/datafile/seiseki/report/2022/2022-6hanshin1.pdf,official_daily_result_pdf
202209060108,2022,阪神,6,1,8,2022-12-03,https://www.jra.go.jp/datafile/seiseki/report/2022/2022-6hanshin1.pdf,official_daily_result_pdf
202209060109,2022,阪神,6,1,9,2022-12-03,https://www.jra.go.jp/datafile/seiseki/report/2022/2022-6hanshin1.pdf,official_daily_result_pdf
202209060110,2022,阪神,6,1,10,2022-12-03,https://www.jra.go.jp/datafile/seiseki/report/2022/2022-6hanshin1.pdf,official_daily_result_pdf
202209060111,2022,阪神,6,1,11,2022-12-03,https://www.jra.go.jp/datafile/seiseki/report/2022/2022-6hanshin1.pdf,official_daily_result_pdf
202209060112,2022,阪神,6,1,12,2022-12-03,https://www.jra.go.jp/datafile/seiseki/report/2022/2022-6hanshin1.pdf,official_daily_result_pdf
202209060201,2022,阪神,6,2,1,2022-12-04,https://www.jra.go.jp/datafile/seiseki/report/2022/2022-6hanshin2.pdf,official_daily_result_pdf
202209060202,2022,阪神,6,2,2,2022-12-04,https://www.jra.go.jp/datafile/seiseki/report/2022/2022-6hanshin2.pdf,official_daily_result_pdf
202209060203,2022,阪神,6,2,3,2022-12-04,https://www.jra.go.jp/datafile/seiseki/report/2022/2022-6hanshin2.pdf,official_daily_result_pdf
202209060204,2022,阪神,6,2,4,2022-12-04,https://www.jra.go.jp/datafile/seiseki/report/2022/2022-6hanshin2.pdf,official_daily_result_pdf
202209060205,2022,阪神,6,2,5,2022-12-04,https://www.jra.go.jp/datafile/seiseki/report/2022/2022-6hanshin2.pdf,official_daily_result_pdf
202209060206,2022,阪神,6,2,6,2022-12-04,https://www.jra.go.jp/datafile/seiseki/report/2022/2022-6hanshin2.pdf,official_daily_result_pdf
202209060207,2022,阪神,6,2,7,2022-12-04,https://www.jra.go.jp/datafile/seiseki/report/2022/2022-6hanshin2.pdf,official_daily_result_pdf
202209060208,2022,阪神,6,2,8,2022-12-04,https://www.jra.go.jp/datafile/seiseki/report/2022/2022-6hanshin2.pdf,official_daily_result_pdf
202209060209,2022,阪神,6,2,9,2022-12-04,https://www.jra.go.jp/datafile/seiseki/report/2022/2022-6hanshin2.pdf,official_daily_result_pdf
202209060210,2022,阪神,6,2,10,2022-12-04,https://www.jra.go.jp/datafile/seiseki/report/2022/2022-6hanshin2.pdf,official_daily_result_pdf
202209060211,2022,阪神,6,2,11,2022-12-04,https://www.jra.go.jp/datafile/seiseki/report/2022/2022-6hanshin2.pdf,official_daily_result_pdf
202209060212,2022,阪神,6,2,12,2022-12-04,https://www.jra.go.jp/datafile/seiseki/report/2022/2022-6hanshin2.pdf,official_daily_result_pdf
202209060301,2022,阪神,6,3,1,2022-12-10,https://www.jra.go.jp/datafile/seiseki/report/2022/2022-6hanshin3.pdf,official_daily_result_pdf
202209060302,2022,阪神,6,3,2,2022-12-10,https://www.jra.go.jp/datafile/seiseki/report/2022/2022-6hanshin3.pdf,official_daily_result_pdf
202209060303,2022,阪神,6,3,3,2022-12-10,https://www.jra.go.jp/datafile/seiseki/report/2022/2022-6hanshin3.pdf,official_daily_result_pdf
202209060304,2022,阪神,6,3,4,2022-12-10,https://www.jra.go.jp/datafile/seiseki/report/2022/2022-6hanshin3.pdf,official_daily_result_pdf
202209060305,2022,阪神,6,3,5,2022-12-10,https://www.jra.go.jp/datafile/seiseki/report/2022/2022-6hanshin3.pdf,official_daily_result_pdf
202209060306,2022,阪神,6,3,6,2022-12-10,https://www.jra.go.jp/datafile/seiseki/report/2022/2022-6hanshin3.pdf,official_daily_result_pdf
202209060307,2022,阪神,6,3,7,2022-12-10,https://www.jra.go.jp/datafile/seiseki/report/2022/2022-6hanshin3.pdf,official_daily_result_pdf
202209060308,2022,阪神,6,3,8,2022-12-10,https://www.jra.go.jp/datafile/seiseki/report/2022/2022-6hanshin3.pdf,official_daily_result_pdf
202209060309,2022,阪神,6,3,9,2022-12-10,https://www.jra.go.jp/datafile/seiseki/report/2022/2022-6hanshin3.pdf,official_daily_result_pdf
202209060310,2022,阪神,6,3,10,2022-12-10,https://www.jra.go.jp/datafile/seiseki/report/2022/2022-6hanshin3.pdf,official_daily_result_pdf
202209060311,2022,阪神,6,3,11,2022-12-10,https://www.jra.go.jp/datafile/seiseki/report/2022/2022-6hanshin3.pdf,official_daily_result_pdf
202209060312,2022,阪神,6,3,12,2022-12-10,https://www.jra.go.jp/datafile/seiseki/report/2022/2022-6hanshin3.pdf,official_daily_result_pdf
202209060401,2022,阪神,6,4,1,2022-12-11,https://www.jra.go.jp/datafile/seiseki/report/2022/2022-6hanshin4.pdf,official_daily_result_pdf
202209060402,2022,阪神,6,4,2,2022-12-11,https://www.jra.go.jp/datafile/seiseki/report/2022/2022-6hanshin4.pdf,official_daily_result_pdf
202209060403,2022,阪神,6,4,3,2022-12-11,https://www.jra.go.jp/datafile/seiseki/report/2022/2022-6hanshin4.pdf,official_daily_result_pdf
202209060404,2022,阪神,6,4,4,2022-12-11,https://www.jra.go.jp/datafile/seiseki/report/2022/2022-6hanshin4.pdf,official_daily_result_pdf
202209060405,2022,阪神,6,4,5,2022-12-11,https://www.jra.go.jp/datafile/seiseki/report/2022/2022-6hanshin4.pdf,official_daily_result_pdf
202209060406,2022,阪神,6,4,6,2022-12-11,https://www.jra.go.jp/datafile/seiseki/report/2022/2022-6hanshin4.pdf,official_daily_result_pdf
202209060407,2022,阪神,6,4,7,2022-12-11,https://www.jra.go.jp/datafile/seiseki/report/2022/2022-6hanshin4.pdf,official_daily_result_pdf
202209060408,2022,阪神,6,4,8,2022-12-11,https://www.jra.go.jp/datafile/seiseki/report/2022/2022-6hanshin4.pdf,official_daily_result_pdf
202209060409,2022,阪神,6,4,9,2022-12-11,https://www.jra.go.jp/datafile/seiseki/report/2022/2022-6hanshin4.pdf,official_daily_result_pdf
202209060410,2022,阪神,6,4,10,2022-12-11,https://www.jra.go.jp/datafile/seiseki/report/2022/2022-6hanshin4.pdf,official_daily_result_pdf
202209060411,2022,阪神,6,4,11,2022-12-11,https://www.jra.go.jp/datafile/seiseki/report/2022/2022-6hanshin4.pdf,official_daily_result_pdf
202209060412,2022,阪神,6,4,12,2022-12-11,https://www.jra.go.jp/datafile/seiseki/report/2022/2022-6hanshin4.pdf,official_daily_result_pdf
202209060501,2022,阪神,6,5,1,2022-12-17,https://www.jra.go.jp/datafile/seiseki/report/2022/2022-6hanshin5.pdf,official_daily_result_pdf
202209060502,2022,阪神,6,5,2,2022-12-17,https://www.jra.go.jp/datafile/seiseki/report/2022/2022-6hanshin5.pdf,official_daily_result_pdf
202209060503,2022,阪神,6,5,3,2022-12-17,https://www.jra.go.jp/datafile/seiseki/report/2022/2022-6hanshin5.pdf,official_daily_result_pdf
202209060504,2022,阪神,6,5,4,2022-12-17,https://www.jra.go.jp/datafile/seiseki/report/2022/2022-6hanshin5.pdf,official_daily_result_pdf
202209060505,2022,阪神,6,5,5,2022-12-17,https://www.jra.go.jp/datafile/seiseki/report/2022/2022-6hanshin5.pdf,official_daily_result_pdf
202209060506,2022,阪神,6,5,6,2022-12-17,https://www.jra.go.jp/datafile/seiseki/report/2022/2022-6hanshin5.pdf,official_daily_result_pdf
202209060507,2022,阪神,6,5,7,2022-12-17,https://www.jra.go.jp/datafile/seiseki/report/2022/2022-6hanshin5.pdf,official_daily_result_pdf
202209060508,2022,阪神,6,5,8,2022-12-17,https://www.jra.go.jp/datafile/seiseki/report/2022/2022-6hanshin5.pdf,official_daily_result_pdf
202209060509,2022,阪神,6,5,9,2022-12-17,https://www.jra.go.jp/datafile/seiseki/report/2022/2022-6hanshin5.pdf,official_daily_result_pdf
202209060510,2022,阪神,6,5,10,2022-12-17,https://www.jra.go.jp/datafile/seiseki/report/2022/2022-6hanshin5.pdf,official_daily_result_pdf
202209060511,2022,阪神,6,5,11,2022-12-17,https://www.jra.go.jp/datafile/seiseki/report/2022/2022-6hanshin5.pdf,official_daily_result_pdf
202209060512,2022,阪神,6,5,12,2022-12-17,https://www.jra.go.jp/datafile/seiseki/report/2022/2022-6hanshin5.pdf,official_daily_result_pdf
202209060601,2022,阪神,6,6,1,2022-12-18,https://www.jra.go.jp/datafile/seiseki/report/2022/2022-6hanshin6.pdf,official_daily_result_pdf
202209060602,2022,阪神,6,6,2,2022-12-18,https://www.jra.go.jp/datafile/seiseki/report/2022/2022-6hanshin6.pdf,official_daily_result_pdf
202209060603,2022,阪神,6,6,3,2022-12-18,https://www.jra.go.jp/datafile/seiseki/report/2022/2022-6hanshin6.pdf,official_daily_result_pdf
202209060604,2022,阪神,6,6,4,2022-12-18,https://www.jra.go.jp/datafile/seiseki/report/2022/2022-6hanshin6.pdf,official_daily_result_pdf
202209060605,2022,阪神,6,6,5,2022-12-18,https://www.jra.go.jp/datafile/seiseki/report/2022/2022-6hanshin6.pdf,official_daily_result_pdf
202209060606,2022,阪神,6,6,6,2022-12-18,https://www.jra.go.jp/datafile/seiseki/report/2022/2022-6hanshin6.pdf,official_daily_result_pdf
202209060607,2022,阪神,6,6,7,2022-12-18,https://www.jra.go.jp/datafile/seiseki/report/2022/2022-6hanshin6.pdf,official_daily_result_pdf
202209060608,2022,阪神,6,6,8,2022-12-18,https://www.jra.go.jp/datafile/seiseki/report/2022/2022-6hanshin6.pdf,official_daily_result_pdf
202209060609,2022,阪神,6,6,9,2022-12-18,https://www.jra.go.jp/datafile/seiseki/report/2022/2022-6hanshin6.pdf,official_daily_result_pdf
202209060610,2022,阪神,6,6,10,2022-12-18,https://www.jra.go.jp/datafile/seiseki/report/2022/2022-6hanshin6.pdf,official_daily_result_pdf
202209060611,2022,阪神,6,6,11,2022-12-18,https://www.jra.go.jp/datafile/seiseki/report/2022/2022-6hanshin6.pdf,official_daily_result_pdf
202209060612,2022,阪神,6,6,12,2022-12-18,https://www.jra.go.jp/datafile/seiseki/report/2022/2022-6hanshin6.pdf,official_daily_result_pdf
202209060701,2022,阪神,6,7,1,2022-12-24,https://www.jra.go.jp/datafile/seiseki/report/2022/2022-6hanshin7.pdf,official_daily_result_pdf
202209060702,2022,阪神,6,7,2,2022-12-24,https://www.jra.go.jp/datafile/seiseki/report/2022/2022-6hanshin7.pdf,official_daily_result_pdf
202209060703,2022,阪神,6,7,3,2022-12-24,https://www.jra.go.jp/datafile/seiseki/report/2022/2022-6hanshin7.pdf,official_daily_result_pdf
202209060704,2022,阪神,6,7,4,2022-12-24,https://www.jra.go.jp/datafile/seiseki/report/2022/2022-6hanshin7.pdf,official_daily_result_pdf
202209060705,2022,阪神,6,7,5,2022-12-24,https://www.jra.go.jp/datafile/seiseki/report/2022/2022-6hanshin7.pdf,official_daily_result_pdf
202209060706,2022,阪神,6,7,6,2022-12-24,https://www.jra.go.jp/datafile/seiseki/report/2022/2022-6hanshin7.pdf,official_daily_result_pdf
202209060707,2022,阪神,6,7,7,2022-12-24,https://www.jra.go.jp/datafile/seiseki/report/2022/2022-6hanshin7.pdf,official_daily_result_pdf
202209060708,2022,阪神,6,7,8,2022-12-24,https://www.jra.go.jp/datafile/seiseki/report/2022/2022-6hanshin7.pdf,official_daily_result_pdf
202209060709,2022,阪神,6,7,9,2022-12-24,https://www.jra.go.jp/datafile/seiseki/report/2022/2022-6hanshin7.pdf,official_daily_result_pdf
202209060710,2022,阪神,6,7,10,2022-12-24,https://www.jra.go.jp/datafile/seiseki/report/2022/2022-6hanshin7.pdf,official_daily_result_pdf
202209060711,2022,阪神,6,7,11,2022-12-24,https://www.jra.go.jp/datafile/seiseki/report/2022/2022-6hanshin7.pdf,official_daily_result_pdf
202209060712,2022,阪神,6,7,12,2022-12-24,https://www.jra.go.jp/datafile/seiseki/report/2022/2022-6hanshin7.pdf,official_daily_result_pdf
202209060801,2022,阪神,6,8,1,2022-12-25,https://www.jra.go.jp/datafile/seiseki/report/2022/2022-6hanshin8.pdf,official_daily_result_pdf
202209060802,2022,阪神,6,8,2,2022-12-25,https://www.jra.go.jp/datafile/seiseki/report/2022/2022-6hanshin8.pdf,official_daily_result_pdf
202209060803,2022,阪神,6,8,3,2022-12-25,https://www.jra.go.jp/datafile/seiseki/report/2022/2022-6hanshin8.pdf,official_daily_result_pdf
202209060804,2022,阪神,6,8,4,2022-12-25,https://www.jra.go.jp/datafile/seiseki/report/2022/2022-6hanshin8.pdf,official_daily_result_pdf
202209060805,2022,阪神,6,8,5,2022-12-25,https://www.jra.go.jp/datafile/seiseki/report/2022/2022-6hanshin8.pdf,official_daily_result_pdf
202209060806,2022,阪神,6,8,6,2022-12-25,https://www.jra.go.jp/datafile/seiseki/report/2022/2022-6hanshin8.pdf,official_daily_result_pdf
202209060807,2022,阪神,6,8,7,2022-12-25,https://www.jra.go.jp/datafile/seiseki/report/2022/2022-6hanshin8.pdf,official_daily_result_pdf
202209060808,2022,阪神,6,8,8,2022-12-25,https://www.jra.go.jp/datafile/seiseki/report/2022/2022-6hanshin8.pdf,official_daily_result_pdf
202209060809,2022,阪神,6,8,9,2022-12-25,https://www.jra.go.jp/datafile/seiseki/report/2022/2022-6hanshin8.pdf,official_daily_result_pdf
202209060810,2022,阪神,6,8,10,2022-12-25,https://www.jra.go.jp/datafile/seiseki/report/2022/2022-6hanshin8.pdf,official_daily_result_pdf
202209060811,2022,阪神,6,8,11,2022-12-25,https://www.jra.go.jp/datafile/seiseki/report/2022/2022-6hanshin8.pdf,official_daily_result_pdf
202209060812,2022,阪神,6,8,12,2022-12-25,https://www.jra.go.jp/datafile/seiseki/report/2022/2022-6hanshin8.pdf,official_daily_result_pdf
202209060901,2022,阪神,6,9,1,2022-12-28,https://www.jra.go.jp/datafile/seiseki/report/2022/2022-6hanshin9.pdf,official_daily_result_pdf
202209060902,2022,阪神,6,9,2,2022-12-28,https://www.jra.go.jp/datafile/seiseki/report/2022/2022-6hanshin9.pdf,official_daily_result_pdf
202209060903,2022,阪神,6,9,3,2022-12-28,https://www.jra.go.jp/datafile/seiseki/report/2022/2022-6hanshin9.pdf,official_daily_result_pdf
202209060904,2022,阪神,6,9,4,2022-12-28,https://www.jra.go.jp/datafile/seiseki/report/2022/2022-6hanshin9.pdf,official_daily_result_pdf
202209060905,2022,阪神,6,9,5,2022-12-28,https://www.jra.go.jp/datafile/seiseki/report/2022/2022-6hanshin9.pdf,official_daily_result_pdf
202209060906,2022,阪神,6,9,6,2022-12-28,https://www.jra.go.jp/datafile/seiseki/report/2022/2022-6hanshin9.pdf,official_daily_result_pdf
202209060907,2022,阪神,6,9,7,2022-12-28,https://www.jra.go.jp/datafile/seiseki/report/2022/2022-6hanshin9.pdf,official_daily_result_pdf
202209060908,2022,阪神,6,9,8,2022-12-28,https://www.jra.go.jp/datafile/seiseki/report/2022/2022-6hanshin9.pdf,official_daily_result_pdf
202209060909,2022,阪神,6,9,9,2022-12-28,https://www.jra.go.jp/datafile/seiseki/report/2022/2022-6hanshin9.pdf,official_daily_result_pdf
202209060910,2022,阪神,6,9,10,2022-12-28,https://www.jra.go.jp/datafile/seiseki/report/2022/2022-6hanshin9.pdf,official_daily_result_pdf
202209060911,2022,阪神,6,9,11,2022-12-28,https://www.jra.go.jp/datafile/seiseki/report/2022/2022-6hanshin9.pdf,official_daily_result_pdf
202209060912,2022,阪神,6,9,12,2022-12-28,https://www.jra.go.jp/datafile/seiseki/report/2022/2022-6hanshin9.pdf,official_daily_result_pdf
202210010101,2022,小倉,1,1,1,2022-01-15,https://www.jra.go.jp/datafile/seiseki/report/2022/2022-1kokura1.pdf,official_daily_result_pdf
202210010102,2022,小倉,1,1,2,2022-01-15,https://www.jra.go.jp/datafile/seiseki/report/2022/2022-1kokura1.pdf,official_daily_result_pdf
202210010103,2022,小倉,1,1,3,2022-01-15,https://www.jra.go.jp/datafile/seiseki/report/2022/2022-1kokura1.pdf,official_daily_result_pdf
202210010104,2022,小倉,1,1,4,2022-01-15,https://www.jra.go.jp/datafile/seiseki/report/2022/2022-1kokura1.pdf,official_daily_result_pdf
202210010105,2022,小倉,1,1,5,2022-01-15,https://www.jra.go.jp/datafile/seiseki/report/2022/2022-1kokura1.pdf,official_daily_result_pdf
202210010106,2022,小倉,1,1,6,2022-01-15,https://www.jra.go.jp/datafile/seiseki/report/2022/2022-1kokura1.pdf,official_daily_result_pdf
202210010107,2022,小倉,1,1,7,2022-01-15,https://www.jra.go.jp/datafile/seiseki/report/2022/2022-1kokura1.pdf,official_daily_result_pdf
202210010108,2022,小倉,1,1,8,2022-01-15,https://www.jra.go.jp/datafile/seiseki/report/2022/2022-1kokura1.pdf,official_daily_result_pdf
202210010109,2022,小倉,1,1,9,2022-01-15,https://www.jra.go.jp/datafile/seiseki/report/2022/2022-1kokura1.pdf,official_daily_result_pdf
202210010110,2022,小倉,1,1,10,2022-01-15,https://www.jra.go.jp/datafile/seiseki/report/2022/2022-1kokura1.pdf,official_daily_result_pdf
202210010111,2022,小倉,1,1,11,2022-01-15,https://www.jra.go.jp/datafile/seiseki/report/2022/2022-1kokura1.pdf,official_daily_result_pdf
202210010112,2022,小倉,1,1,12,2022-01-15,https://www.jra.go.jp/datafile/seiseki/report/2022/2022-1kokura1.pdf,official_daily_result_pdf
202210010201,2022,小倉,1,2,1,2022-01-16,https://www.jra.go.jp/datafile/seiseki/report/2022/2022-1kokura2.pdf,official_daily_result_pdf
202210010202,2022,小倉,1,2,2,2022-01-16,https://www.jra.go.jp/datafile/seiseki/report/2022/2022-1kokura2.pdf,official_daily_result_pdf
202210010203,2022,小倉,1,2,3,2022-01-16,https://www.jra.go.jp/datafile/seiseki/report/2022/2022-1kokura2.pdf,official_daily_result_pdf
202210010204,2022,小倉,1,2,4,2022-01-16,https://www.jra.go.jp/datafile/seiseki/report/2022/2022-1kokura2.pdf,official_daily_result_pdf
202210010205,2022,小倉,1,2,5,2022-01-16,https://www.jra.go.jp/datafile/seiseki/report/2022/2022-1kokura2.pdf,official_daily_result_pdf
202210010206,2022,小倉,1,2,6,2022-01-16,https://www.jra.go.jp/datafile/seiseki/report/2022/2022-1kokura2.pdf,official_daily_result_pdf
202210010207,2022,小倉,1,2,7,2022-01-16,https://www.jra.go.jp/datafile/seiseki/report/2022/2022-1kokura2.pdf,official_daily_result_pdf
202210010208,2022,小倉,1,2,8,2022-01-16,https://www.jra.go.jp/datafile/seiseki/report/2022/2022-1kokura2.pdf,official_daily_result_pdf
202210010209,2022,小倉,1,2,9,2022-01-16,https://www.jra.go.jp/datafile/seiseki/report/2022/2022-1kokura2.pdf,official_daily_result_pdf
202210010210,2022,小倉,1,2,10,2022-01-16,https://www.jra.go.jp/datafile/seiseki/report/2022/2022-1kokura2.pdf,official_daily_result_pdf
202210010211,2022,小倉,1,2,11,2022-01-16,https://www.jra.go.jp/datafile/seiseki/report/2022/2022-1kokura2.pdf,official_daily_result_pdf
202210010212,2022,小倉,1,2,12,2022-01-16,https://www.jra.go.jp/datafile/seiseki/report/2022/2022-1kokura2.pdf,official_daily_result_pdf
202210010301,2022,小倉,1,3,1,2022-01-22,https://www.jra.go.jp/datafile/seiseki/report/2022/2022-1kokura3.pdf,official_daily_result_pdf
202210010302,2022,小倉,1,3,2,2022-01-22,https://www.jra.go.jp/datafile/seiseki/report/2022/2022-1kokura3.pdf,official_daily_result_pdf
202210010303,2022,小倉,1,3,3,2022-01-22,https://www.jra.go.jp/datafile/seiseki/report/2022/2022-1kokura3.pdf,official_daily_result_pdf
202210010304,2022,小倉,1,3,4,2022-01-22,https://www.jra.go.jp/datafile/seiseki/report/2022/2022-1kokura3.pdf,official_daily_result_pdf
202210010305,2022,小倉,1,3,5,2022-01-22,https://www.jra.go.jp/datafile/seiseki/report/2022/2022-1kokura3.pdf,official_daily_result_pdf
202210010306,2022,小倉,1,3,6,2022-01-22,https://www.jra.go.jp/datafile/seiseki/report/2022/2022-1kokura3.pdf,official_daily_result_pdf
202210010307,2022,小倉,1,3,7,2022-01-22,https://www.jra.go.jp/datafile/seiseki/report/2022/2022-1kokura3.pdf,official_daily_result_pdf
202210010308,2022,小倉,1,3,8,2022-01-22,https://www.jra.go.jp/datafile/seiseki/report/2022/2022-1kokura3.pdf,official_daily_result_pdf
202210010309,2022,小倉,1,3,9,2022-01-22,https://www.jra.go.jp/datafile/seiseki/report/2022/2022-1kokura3.pdf,official_daily_result_pdf
202210010310,2022,小倉,1,3,10,2022-01-22,https://www.jra.go.jp/datafile/seiseki/report/2022/2022-1kokura3.pdf,official_daily_result_pdf
202210010311,2022,小倉,1,3,11,2022-01-22,https://www.jra.go.jp/datafile/seiseki/report/2022/2022-1kokura3.pdf,official_daily_result_pdf
202210010312,2022,小倉,1,3,12,2022-01-22,https://www.jra.go.jp/datafile/seiseki/report/2022/2022-1kokura3.pdf,official_daily_result_pdf
202210010401,2022,小倉,1,4,1,2022-01-23,https://www.jra.go.jp/datafile/seiseki/report/2022/2022-1kokura4.pdf,official_daily_result_pdf
202210010402,2022,小倉,1,4,2,2022-01-23,https://www.jra.go.jp/datafile/seiseki/report/2022/2022-1kokura4.pdf,official_daily_result_pdf
202210010403,2022,小倉,1,4,3,2022-01-23,https://www.jra.go.jp/datafile/seiseki/report/2022/2022-1kokura4.pdf,official_daily_result_pdf
202210010404,2022,小倉,1,4,4,2022-01-23,https://www.jra.go.jp/datafile/seiseki/report/2022/2022-1kokura4.pdf,official_daily_result_pdf
202210010405,2022,小倉,1,4,5,2022-01-23,https://www.jra.go.jp/datafile/seiseki/report/2022/2022-1kokura4.pdf,official_daily_result_pdf
202210010406,2022,小倉,1,4,6,2022-01-23,https://www.jra.go.jp/datafile/seiseki/report/2022/2022-1kokura4.pdf,official_daily_result_pdf
202210010407,2022,小倉,1,4,7,2022-01-23,https://www.jra.go.jp/datafile/seiseki/report/2022/2022-1kokura4.pdf,official_daily_result_pdf
202210010408,2022,小倉,1,4,8,2022-01-23,https://www.jra.go.jp/datafile/seiseki/report/2022/2022-1kokura4.pdf,official_daily_result_pdf
202210010409,2022,小倉,1,4,9,2022-01-23,https://www.jra.go.jp/datafile/seiseki/report/2022/2022-1kokura4.pdf,official_daily_result_pdf
202210010410,2022,小倉,1,4,10,2022-01-23,https://www.jra.go.jp/datafile/seiseki/report/2022/2022-1kokura4.pdf,official_daily_result_pdf
202210010411,2022,小倉,1,4,11,2022-01-23,https://www.jra.go.jp/datafile/seiseki/report/2022/2022-1kokura4.pdf,official_daily_result_pdf
202210010412,2022,小倉,1,4,12,2022-01-23,https://www.jra.go.jp/datafile/seiseki/report/2022/2022-1kokura4.pdf,official_daily_result_pdf
202210010501,2022,小倉,1,5,1,2022-01-29,https://www.jra.go.jp/datafile/seiseki/report/2022/2022-1kokura5.pdf,official_daily_result_pdf
202210010502,2022,小倉,1,5,2,2022-01-29,https://www.jra.go.jp/datafile/seiseki/report/2022/2022-1kokura5.pdf,official_daily_result_pdf
202210010503,2022,小倉,1,5,3,2022-01-29,https://www.jra.go.jp/datafile/seiseki/report/2022/2022-1kokura5.pdf,official_daily_result_pdf
202210010504,2022,小倉,1,5,4,2022-01-29,https://www.jra.go.jp/datafile/seiseki/report/2022/2022-1kokura5.pdf,official_daily_result_pdf
202210010505,2022,小倉,1,5,5,2022-01-29,https://www.jra.go.jp/datafile/seiseki/report/2022/2022-1kokura5.pdf,official_daily_result_pdf
202210010506,2022,小倉,1,5,6,2022-01-29,https://www.jra.go.jp/datafile/seiseki/report/2022/2022-1kokura5.pdf,official_daily_result_pdf
202210010507,2022,小倉,1,5,7,2022-01-29,https://www.jra.go.jp/datafile/seiseki/report/2022/2022-1kokura5.pdf,official_daily_result_pdf
202210010508,2022,小倉,1,5,8,2022-01-29,https://www.jra.go.jp/datafile/seiseki/report/2022/2022-1kokura5.pdf,official_daily_result_pdf
202210010509,2022,小倉,1,5,9,2022-01-29,https://www.jra.go.jp/datafile/seiseki/report/2022/2022-1kokura5.pdf,official_daily_result_pdf
202210010510,2022,小倉,1,5,10,2022-01-29,https://www.jra.go.jp/datafile/seiseki/report/2022/2022-1kokura5.pdf,official_daily_result_pdf
202210010511,2022,小倉,1,5,11,2022-01-29,https://www.jra.go.jp/datafile/seiseki/report/2022/2022-1kokura5.pdf,official_daily_result_pdf
202210010512,2022,小倉,1,5,12,2022-01-29,https://www.jra.go.jp/datafile/seiseki/report/2022/2022-1kokura5.pdf,official_daily_result_pdf
202210010601,2022,小倉,1,6,1,2022-01-30,https://www.jra.go.jp/datafile/seiseki/report/2022/2022-1kokura6.pdf,official_daily_result_pdf
202210010602,2022,小倉,1,6,2,2022-01-30,https://www.jra.go.jp/datafile/seiseki/report/2022/2022-1kokura6.pdf,official_daily_result_pdf
202210010603,2022,小倉,1,6,3,2022-01-30,https://www.jra.go.jp/datafile/seiseki/report/2022/2022-1kokura6.pdf,official_daily_result_pdf
202210010604,2022,小倉,1,6,4,2022-01-30,https://www.jra.go.jp/datafile/seiseki/report/2022/2022-1kokura6.pdf,official_daily_result_pdf
202210010605,2022,小倉,1,6,5,2022-01-30,https://www.jra.go.jp/datafile/seiseki/report/2022/2022-1kokura6.pdf,official_daily_result_pdf
202210010606,2022,小倉,1,6,6,2022-01-30,https://www.jra.go.jp/datafile/seiseki/report/2022/2022-1kokura6.pdf,official_daily_result_pdf
202210010607,2022,小倉,1,6,7,2022-01-30,https://www.jra.go.jp/datafile/seiseki/report/2022/2022-1kokura6.pdf,official_daily_result_pdf
202210010608,2022,小倉,1,6,8,2022-01-30,https://www.jra.go.jp/datafile/seiseki/report/2022/2022-1kokura6.pdf,official_daily_result_pdf
202210010609,2022,小倉,1,6,9,2022-01-30,https://www.jra.go.jp/datafile/seiseki/report/2022/2022-1kokura6.pdf,official_daily_result_pdf
202210010610,2022,小倉,1,6,10,2022-01-30,https://www.jra.go.jp/datafile/seiseki/report/2022/2022-1kokura6.pdf,official_daily_result_pdf
202210010611,2022,小倉,1,6,11,2022-01-30,https://www.jra.go.jp/datafile/seiseki/report/2022/2022-1kokura6.pdf,official_daily_result_pdf
202210010612,2022,小倉,1,6,12,2022-01-30,https://www.jra.go.jp/datafile/seiseki/report/2022/2022-1kokura6.pdf,official_daily_result_pdf
202210010701,2022,小倉,1,7,1,2022-02-05,https://www.jra.go.jp/datafile/seiseki/report/2022/2022-1kokura7.pdf,official_daily_result_pdf
202210010702,2022,小倉,1,7,2,2022-02-05,https://www.jra.go.jp/datafile/seiseki/report/2022/2022-1kokura7.pdf,official_daily_result_pdf
202210010703,2022,小倉,1,7,3,2022-02-05,https://www.jra.go.jp/datafile/seiseki/report/2022/2022-1kokura7.pdf,official_daily_result_pdf
202210010704,2022,小倉,1,7,4,2022-02-05,https://www.jra.go.jp/datafile/seiseki/report/2022/2022-1kokura7.pdf,official_daily_result_pdf
202210010705,2022,小倉,1,7,5,2022-02-05,https://www.jra.go.jp/datafile/seiseki/report/2022/2022-1kokura7.pdf,official_daily_result_pdf
202210010706,2022,小倉,1,7,6,2022-02-05,https://www.jra.go.jp/datafile/seiseki/report/2022/2022-1kokura7.pdf,official_daily_result_pdf
202210010707,2022,小倉,1,7,7,2022-02-05,https://www.jra.go.jp/datafile/seiseki/report/2022/2022-1kokura7.pdf,official_daily_result_pdf
202210010708,2022,小倉,1,7,8,2022-02-05,https://www.jra.go.jp/datafile/seiseki/report/2022/2022-1kokura7.pdf,official_daily_result_pdf
202210010709,2022,小倉,1,7,9,2022-02-05,https://www.jra.go.jp/datafile/seiseki/report/2022/2022-1kokura7.pdf,official_daily_result_pdf
202210010710,2022,小倉,1,7,10,2022-02-05,https://www.jra.go.jp/datafile/seiseki/report/2022/2022-1kokura7.pdf,official_daily_result_pdf
202210010711,2022,小倉,1,7,11,2022-02-05,https://www.jra.go.jp/datafile/seiseki/report/2022/2022-1kokura7.pdf,official_daily_result_pdf
202210010712,2022,小倉,1,7,12,2022-02-05,https://www.jra.go.jp/datafile/seiseki/report/2022/2022-1kokura7.pdf,official_daily_result_pdf
202210010801,2022,小倉,1,8,1,2022-02-06,https://www.jra.go.jp/datafile/seiseki/report/2022/2022-1kokura8.pdf,official_daily_result_pdf
202210010802,2022,小倉,1,8,2,2022-02-06,https://www.jra.go.jp/datafile/seiseki/report/2022/2022-1kokura8.pdf,official_daily_result_pdf
202210010803,2022,小倉,1,8,3,2022-02-06,https://www.jra.go.jp/datafile/seiseki/report/2022/2022-1kokura8.pdf,official_daily_result_pdf
202210010804,2022,小倉,1,8,4,2022-02-06,https://www.jra.go.jp/datafile/seiseki/report/2022/2022-1kokura8.pdf,official_daily_result_pdf
202210010805,2022,小倉,1,8,5,2022-02-06,https://www.jra.go.jp/datafile/seiseki/report/2022/2022-1kokura8.pdf,official_daily_result_pdf
202210010806,2022,小倉,1,8,6,2022-02-06,https://www.jra.go.jp/datafile/seiseki/report/2022/2022-1kokura8.pdf,official_daily_result_pdf
202210010807,2022,小倉,1,8,7,2022-02-06,https://www.jra.go.jp/datafile/seiseki/report/2022/2022-1kokura8.pdf,official_daily_result_pdf
202210010808,2022,小倉,1,8,8,2022-02-06,https://www.jra.go.jp/datafile/seiseki/report/2022/2022-1kokura8.pdf,official_daily_result_pdf
202210010809,2022,小倉,1,8,9,2022-02-06,https://www.jra.go.jp/datafile/seiseki/report/2022/2022-1kokura8.pdf,official_daily_result_pdf
202210010810,2022,小倉,1,8,10,2022-02-06,https://www.jra.go.jp/datafile/seiseki/report/2022/2022-1kokura8.pdf,official_daily_result_pdf
202210010811,2022,小倉,1,8,11,2022-02-06,https://www.jra.go.jp/datafile/seiseki/report/2022/2022-1kokura8.pdf,official_daily_result_pdf
202210010812,2022,小倉,1,8,12,2022-02-06,https://www.jra.go.jp/datafile/seiseki/report/2022/2022-1kokura8.pdf,official_daily_result_pdf
202210020101,2022,小倉,2,1,1,2022-02-12,https://www.jra.go.jp/datafile/seiseki/report/2022/2022-2kokura1.pdf,official_daily_result_pdf
202210020102,2022,小倉,2,1,2,2022-02-12,https://www.jra.go.jp/datafile/seiseki/report/2022/2022-2kokura1.pdf,official_daily_result_pdf
202210020103,2022,小倉,2,1,3,2022-02-12,https://www.jra.go.jp/datafile/seiseki/report/2022/2022-2kokura1.pdf,official_daily_result_pdf
202210020104,2022,小倉,2,1,4,2022-02-12,https://www.jra.go.jp/datafile/seiseki/report/2022/2022-2kokura1.pdf,official_daily_result_pdf
202210020105,2022,小倉,2,1,5,2022-02-12,https://www.jra.go.jp/datafile/seiseki/report/2022/2022-2kokura1.pdf,official_daily_result_pdf
202210020106,2022,小倉,2,1,6,2022-02-12,https://www.jra.go.jp/datafile/seiseki/report/2022/2022-2kokura1.pdf,official_daily_result_pdf
202210020107,2022,小倉,2,1,7,2022-02-12,https://www.jra.go.jp/datafile/seiseki/report/2022/2022-2kokura1.pdf,official_daily_result_pdf
202210020108,2022,小倉,2,1,8,2022-02-12,https://www.jra.go.jp/datafile/seiseki/report/2022/2022-2kokura1.pdf,official_daily_result_pdf
202210020109,2022,小倉,2,1,9,2022-02-12,https://www.jra.go.jp/datafile/seiseki/report/2022/2022-2kokura1.pdf,official_daily_result_pdf
202210020110,2022,小倉,2,1,10,2022-02-12,https://www.jra.go.jp/datafile/seiseki/report/2022/2022-2kokura1.pdf,official_daily_result_pdf
202210020111,2022,小倉,2,1,11,2022-02-12,https://www.jra.go.jp/datafile/seiseki/report/2022/2022-2kokura1.pdf,official_daily_result_pdf
202210020112,2022,小倉,2,1,12,2022-02-12,https://www.jra.go.jp/datafile/seiseki/report/2022/2022-2kokura1.pdf,official_daily_result_pdf
202210020201,2022,小倉,2,2,1,2022-02-13,https://www.jra.go.jp/datafile/seiseki/report/2022/2022-2kokura2.pdf,official_daily_result_pdf
202210020202,2022,小倉,2,2,2,2022-02-13,https://www.jra.go.jp/datafile/seiseki/report/2022/2022-2kokura2.pdf,official_daily_result_pdf
202210020203,2022,小倉,2,2,3,2022-02-13,https://www.jra.go.jp/datafile/seiseki/report/2022/2022-2kokura2.pdf,official_daily_result_pdf
202210020204,2022,小倉,2,2,4,2022-02-13,https://www.jra.go.jp/datafile/seiseki/report/2022/2022-2kokura2.pdf,official_daily_result_pdf
202210020205,2022,小倉,2,2,5,2022-02-13,https://www.jra.go.jp/datafile/seiseki/report/2022/2022-2kokura2.pdf,official_daily_result_pdf
202210020206,2022,小倉,2,2,6,2022-02-13,https://www.jra.go.jp/datafile/seiseki/report/2022/2022-2kokura2.pdf,official_daily_result_pdf
202210020207,2022,小倉,2,2,7,2022-02-13,https://www.jra.go.jp/datafile/seiseki/report/2022/2022-2kokura2.pdf,official_daily_result_pdf
202210020208,2022,小倉,2,2,8,2022-02-13,https://www.jra.go.jp/datafile/seiseki/report/2022/2022-2kokura2.pdf,official_daily_result_pdf
202210020209,2022,小倉,2,2,9,2022-02-13,https://www.jra.go.jp/datafile/seiseki/report/2022/2022-2kokura2.pdf,official_daily_result_pdf
202210020210,2022,小倉,2,2,10,2022-02-13,https://www.jra.go.jp/datafile/seiseki/report/2022/2022-2kokura2.pdf,official_daily_result_pdf
202210020211,2022,小倉,2,2,11,2022-02-13,https://www.jra.go.jp/datafile/seiseki/report/2022/2022-2kokura2.pdf,official_daily_result_pdf
202210020212,2022,小倉,2,2,12,2022-02-13,https://www.jra.go.jp/datafile/seiseki/report/2022/2022-2kokura2.pdf,official_daily_result_pdf
202210020301,2022,小倉,2,3,1,2022-02-19,https://www.jra.go.jp/datafile/seiseki/report/2022/2022-2kokura3.pdf,official_daily_result_pdf
202210020302,2022,小倉,2,3,2,2022-02-19,https://www.jra.go.jp/datafile/seiseki/report/2022/2022-2kokura3.pdf,official_daily_result_pdf
202210020303,2022,小倉,2,3,3,2022-02-19,https://www.jra.go.jp/datafile/seiseki/report/2022/2022-2kokura3.pdf,official_daily_result_pdf
202210020304,2022,小倉,2,3,4,2022-02-19,https://www.jra.go.jp/datafile/seiseki/report/2022/2022-2kokura3.pdf,official_daily_result_pdf
202210020305,2022,小倉,2,3,5,2022-02-19,https://www.jra.go.jp/datafile/seiseki/report/2022/2022-2kokura3.pdf,official_daily_result_pdf
202210020306,2022,小倉,2,3,6,2022-02-19,https://www.jra.go.jp/datafile/seiseki/report/2022/2022-2kokura3.pdf,official_daily_result_pdf
202210020307,2022,小倉,2,3,7,2022-02-19,https://www.jra.go.jp/datafile/seiseki/report/2022/2022-2kokura3.pdf,official_daily_result_pdf
202210020308,2022,小倉,2,3,8,2022-02-19,https://www.jra.go.jp/datafile/seiseki/report/2022/2022-2kokura3.pdf,official_daily_result_pdf
202210020309,2022,小倉,2,3,9,2022-02-19,https://www.jra.go.jp/datafile/seiseki/report/2022/2022-2kokura3.pdf,official_daily_result_pdf
202210020310,2022,小倉,2,3,10,2022-02-19,https://www.jra.go.jp/datafile/seiseki/report/2022/2022-2kokura3.pdf,official_daily_result_pdf
202210020311,2022,小倉,2,3,11,2022-02-19,https://www.jra.go.jp/datafile/seiseki/report/2022/2022-2kokura3.pdf,official_daily_result_pdf
202210020312,2022,小倉,2,3,12,2022-02-19,https://www.jra.go.jp/datafile/seiseki/report/2022/2022-2kokura3.pdf,official_daily_result_pdf
202210020401,2022,小倉,2,4,1,2022-02-20,https://www.jra.go.jp/datafile/seiseki/report/2022/2022-2kokura4.pdf,official_daily_result_pdf
202210020402,2022,小倉,2,4,2,2022-02-20,https://www.jra.go.jp/datafile/seiseki/report/2022/2022-2kokura4.pdf,official_daily_result_pdf
202210020403,2022,小倉,2,4,3,2022-02-20,https://www.jra.go.jp/datafile/seiseki/report/2022/2022-2kokura4.pdf,official_daily_result_pdf
202210020404,2022,小倉,2,4,4,2022-02-20,https://www.jra.go.jp/datafile/seiseki/report/2022/2022-2kokura4.pdf,official_daily_result_pdf
202210020405,2022,小倉,2,4,5,2022-02-20,https://www.jra.go.jp/datafile/seiseki/report/2022/2022-2kokura4.pdf,official_daily_result_pdf
202210020406,2022,小倉,2,4,6,2022-02-20,https://www.jra.go.jp/datafile/seiseki/report/2022/2022-2kokura4.pdf,official_daily_result_pdf
202210020407,2022,小倉,2,4,7,2022-02-20,https://www.jra.go.jp/datafile/seiseki/report/2022/2022-2kokura4.pdf,official_daily_result_pdf
202210020408,2022,小倉,2,4,8,2022-02-20,https://www.jra.go.jp/datafile/seiseki/report/2022/2022-2kokura4.pdf,official_daily_result_pdf
202210020409,2022,小倉,2,4,9,2022-02-20,https://www.jra.go.jp/datafile/seiseki/report/2022/2022-2kokura4.pdf,official_daily_result_pdf
202210020410,2022,小倉,2,4,10,2022-02-20,https://www.jra.go.jp/datafile/seiseki/report/2022/2022-2kokura4.pdf,official_daily_result_pdf
202210020411,2022,小倉,2,4,11,2022-02-20,https://www.jra.go.jp/datafile/seiseki/report/2022/2022-2kokura4.pdf,official_daily_result_pdf
202210020412,2022,小倉,2,4,12,2022-02-20,https://www.jra.go.jp/datafile/seiseki/report/2022/2022-2kokura4.pdf,official_daily_result_pdf
202210020501,2022,小倉,2,5,1,2022-02-26,https://www.jra.go.jp/datafile/seiseki/report/2022/2022-2kokura5.pdf,official_daily_result_pdf
202210020502,2022,小倉,2,5,2,2022-02-26,https://www.jra.go.jp/datafile/seiseki/report/2022/2022-2kokura5.pdf,official_daily_result_pdf
202210020503,2022,小倉,2,5,3,2022-02-26,https://www.jra.go.jp/datafile/seiseki/report/2022/2022-2kokura5.pdf,official_daily_result_pdf
202210020504,2022,小倉,2,5,4,2022-02-26,https://www.jra.go.jp/datafile/seiseki/report/2022/2022-2kokura5.pdf,official_daily_result_pdf
202210020505,2022,小倉,2,5,5,2022-02-26,https://www.jra.go.jp/datafile/seiseki/report/2022/2022-2kokura5.pdf,official_daily_result_pdf
202210020506,2022,小倉,2,5,6,2022-02-26,https://www.jra.go.jp/datafile/seiseki/report/2022/2022-2kokura5.pdf,official_daily_result_pdf
202210020507,2022,小倉,2,5,7,2022-02-26,https://www.jra.go.jp/datafile/seiseki/report/2022/2022-2kokura5.pdf,official_daily_result_pdf
202210020508,2022,小倉,2,5,8,2022-02-26,https://www.jra.go.jp/datafile/seiseki/report/2022/2022-2kokura5.pdf,official_daily_result_pdf
202210020509,2022,小倉,2,5,9,2022-02-26,https://www.jra.go.jp/datafile/seiseki/report/2022/2022-2kokura5.pdf,official_daily_result_pdf
202210020510,2022,小倉,2,5,10,2022-02-26,https://www.jra.go.jp/datafile/seiseki/report/2022/2022-2kokura5.pdf,official_daily_result_pdf
202210020511,2022,小倉,2,5,11,2022-02-26,https://www.jra.go.jp/datafile/seiseki/report/2022/2022-2kokura5.pdf,official_daily_result_pdf
202210020512,2022,小倉,2,5,12,2022-02-26,https://www.jra.go.jp/datafile/seiseki/report/2022/2022-2kokura5.pdf,official_daily_result_pdf
202210020601,2022,小倉,2,6,1,2022-02-27,https://www.jra.go.jp/datafile/seiseki/report/2022/2022-2kokura6.pdf,official_daily_result_pdf
202210020602,2022,小倉,2,6,2,2022-02-27,https://www.jra.go.jp/datafile/seiseki/report/2022/2022-2kokura6.pdf,official_daily_result_pdf
202210020603,2022,小倉,2,6,3,2022-02-27,https://www.jra.go.jp/datafile/seiseki/report/2022/2022-2kokura6.pdf,official_daily_result_pdf
202210020604,2022,小倉,2,6,4,2022-02-27,https://www.jra.go.jp/datafile/seiseki/report/2022/2022-2kokura6.pdf,official_daily_result_pdf
202210020605,2022,小倉,2,6,5,2022-02-27,https://www.jra.go.jp/datafile/seiseki/report/2022/2022-2kokura6.pdf,official_daily_result_pdf
202210020606,2022,小倉,2,6,6,2022-02-27,https://www.jra.go.jp/datafile/seiseki/report/2022/2022-2kokura6.pdf,official_daily_result_pdf
202210020607,2022,小倉,2,6,7,2022-02-27,https://www.jra.go.jp/datafile/seiseki/report/2022/2022-2kokura6.pdf,official_daily_result_pdf
202210020608,2022,小倉,2,6,8,2022-02-27,https://www.jra.go.jp/datafile/seiseki/report/2022/2022-2kokura6.pdf,official_daily_result_pdf
202210020609,2022,小倉,2,6,9,2022-02-27,https://www.jra.go.jp/datafile/seiseki/report/2022/2022-2kokura6.pdf,official_daily_result_pdf
202210020610,2022,小倉,2,6,10,2022-02-27,https://www.jra.go.jp/datafile/seiseki/report/2022/2022-2kokura6.pdf,official_daily_result_pdf
202210020611,2022,小倉,2,6,11,2022-02-27,https://www.jra.go.jp/datafile/seiseki/report/2022/2022-2kokura6.pdf,official_daily_result_pdf
202210020612,2022,小倉,2,6,12,2022-02-27,https://www.jra.go.jp/datafile/seiseki/report/2022/2022-2kokura6.pdf,official_daily_result_pdf
202210030101,2022,小倉,3,1,1,2022-07-02,https://www.jra.go.jp/datafile/seiseki/report/2022/2022-3kokura1.pdf,official_daily_result_pdf
202210030102,2022,小倉,3,1,2,2022-07-02,https://www.jra.go.jp/datafile/seiseki/report/2022/2022-3kokura1.pdf,official_daily_result_pdf
202210030103,2022,小倉,3,1,3,2022-07-02,https://www.jra.go.jp/datafile/seiseki/report/2022/2022-3kokura1.pdf,official_daily_result_pdf
202210030104,2022,小倉,3,1,4,2022-07-02,https://www.jra.go.jp/datafile/seiseki/report/2022/2022-3kokura1.pdf,official_daily_result_pdf
202210030105,2022,小倉,3,1,5,2022-07-02,https://www.jra.go.jp/datafile/seiseki/report/2022/2022-3kokura1.pdf,official_daily_result_pdf
202210030106,2022,小倉,3,1,6,2022-07-02,https://www.jra.go.jp/datafile/seiseki/report/2022/2022-3kokura1.pdf,official_daily_result_pdf
202210030107,2022,小倉,3,1,7,2022-07-02,https://www.jra.go.jp/datafile/seiseki/report/2022/2022-3kokura1.pdf,official_daily_result_pdf
202210030108,2022,小倉,3,1,8,2022-07-02,https://www.jra.go.jp/datafile/seiseki/report/2022/2022-3kokura1.pdf,official_daily_result_pdf
202210030109,2022,小倉,3,1,9,2022-07-02,https://www.jra.go.jp/datafile/seiseki/report/2022/2022-3kokura1.pdf,official_daily_result_pdf
202210030110,2022,小倉,3,1,10,2022-07-02,https://www.jra.go.jp/datafile/seiseki/report/2022/2022-3kokura1.pdf,official_daily_result_pdf
202210030111,2022,小倉,3,1,11,2022-07-02,https://www.jra.go.jp/datafile/seiseki/report/2022/2022-3kokura1.pdf,official_daily_result_pdf
202210030112,2022,小倉,3,1,12,2022-07-02,https://www.jra.go.jp/datafile/seiseki/report/2022/2022-3kokura1.pdf,official_daily_result_pdf
202210030201,2022,小倉,3,2,1,2022-07-03,https://www.jra.go.jp/datafile/seiseki/report/2022/2022-3kokura2.pdf,official_daily_result_pdf
202210030202,2022,小倉,3,2,2,2022-07-03,https://www.jra.go.jp/datafile/seiseki/report/2022/2022-3kokura2.pdf,official_daily_result_pdf
202210030203,2022,小倉,3,2,3,2022-07-03,https://www.jra.go.jp/datafile/seiseki/report/2022/2022-3kokura2.pdf,official_daily_result_pdf
202210030204,2022,小倉,3,2,4,2022-07-03,https://www.jra.go.jp/datafile/seiseki/report/2022/2022-3kokura2.pdf,official_daily_result_pdf
202210030205,2022,小倉,3,2,5,2022-07-03,https://www.jra.go.jp/datafile/seiseki/report/2022/2022-3kokura2.pdf,official_daily_result_pdf
202210030206,2022,小倉,3,2,6,2022-07-03,https://www.jra.go.jp/datafile/seiseki/report/2022/2022-3kokura2.pdf,official_daily_result_pdf
202210030207,2022,小倉,3,2,7,2022-07-03,https://www.jra.go.jp/datafile/seiseki/report/2022/2022-3kokura2.pdf,official_daily_result_pdf
202210030208,2022,小倉,3,2,8,2022-07-03,https://www.jra.go.jp/datafile/seiseki/report/2022/2022-3kokura2.pdf,official_daily_result_pdf
202210030209,2022,小倉,3,2,9,2022-07-03,https://www.jra.go.jp/datafile/seiseki/report/2022/2022-3kokura2.pdf,official_daily_result_pdf
202210030210,2022,小倉,3,2,10,2022-07-03,https://www.jra.go.jp/datafile/seiseki/report/2022/2022-3kokura2.pdf,official_daily_result_pdf
202210030211,2022,小倉,3,2,11,2022-07-03,https://www.jra.go.jp/datafile/seiseki/report/2022/2022-3kokura2.pdf,official_daily_result_pdf
202210030212,2022,小倉,3,2,12,2022-07-03,https://www.jra.go.jp/datafile/seiseki/report/2022/2022-3kokura2.pdf,official_daily_result_pdf
202210030301,2022,小倉,3,3,1,2022-07-09,https://www.jra.go.jp/datafile/seiseki/report/2022/2022-3kokura3.pdf,official_daily_result_pdf
202210030302,2022,小倉,3,3,2,2022-07-09,https://www.jra.go.jp/datafile/seiseki/report/2022/2022-3kokura3.pdf,official_daily_result_pdf
202210030303,2022,小倉,3,3,3,2022-07-09,https://www.jra.go.jp/datafile/seiseki/report/2022/2022-3kokura3.pdf,official_daily_result_pdf
202210030304,2022,小倉,3,3,4,2022-07-09,https://www.jra.go.jp/datafile/seiseki/report/2022/2022-3kokura3.pdf,official_daily_result_pdf
202210030305,2022,小倉,3,3,5,2022-07-09,https://www.jra.go.jp/datafile/seiseki/report/2022/2022-3kokura3.pdf,official_daily_result_pdf
202210030306,2022,小倉,3,3,6,2022-07-09,https://www.jra.go.jp/datafile/seiseki/report/2022/2022-3kokura3.pdf,official_daily_result_pdf
202210030307,2022,小倉,3,3,7,2022-07-09,https://www.jra.go.jp/datafile/seiseki/report/2022/2022-3kokura3.pdf,official_daily_result_pdf
202210030308,2022,小倉,3,3,8,2022-07-09,https://www.jra.go.jp/datafile/seiseki/report/2022/2022-3kokura3.pdf,official_daily_result_pdf
202210030309,2022,小倉,3,3,9,2022-07-09,https://www.jra.go.jp/datafile/seiseki/report/2022/2022-3kokura3.pdf,official_daily_result_pdf
202210030310,2022,小倉,3,3,10,2022-07-09,https://www.jra.go.jp/datafile/seiseki/report/2022/2022-3kokura3.pdf,official_daily_result_pdf
202210030311,2022,小倉,3,3,11,2022-07-09,https://www.jra.go.jp/datafile/seiseki/report/2022/2022-3kokura3.pdf,official_daily_result_pdf
202210030312,2022,小倉,3,3,12,2022-07-09,https://www.jra.go.jp/datafile/seiseki/report/2022/2022-3kokura3.pdf,official_daily_result_pdf
202210030401,2022,小倉,3,4,1,2022-07-10,https://www.jra.go.jp/datafile/seiseki/report/2022/2022-3kokura4.pdf,official_daily_result_pdf
202210030402,2022,小倉,3,4,2,2022-07-10,https://www.jra.go.jp/datafile/seiseki/report/2022/2022-3kokura4.pdf,official_daily_result_pdf
202210030403,2022,小倉,3,4,3,2022-07-10,https://www.jra.go.jp/datafile/seiseki/report/2022/2022-3kokura4.pdf,official_daily_result_pdf
202210030404,2022,小倉,3,4,4,2022-07-10,https://www.jra.go.jp/datafile/seiseki/report/2022/2022-3kokura4.pdf,official_daily_result_pdf
202210030405,2022,小倉,3,4,5,2022-07-10,https://www.jra.go.jp/datafile/seiseki/report/2022/2022-3kokura4.pdf,official_daily_result_pdf
202210030406,2022,小倉,3,4,6,2022-07-10,https://www.jra.go.jp/datafile/seiseki/report/2022/2022-3kokura4.pdf,official_daily_result_pdf
202210030407,2022,小倉,3,4,7,2022-07-10,https://www.jra.go.jp/datafile/seiseki/report/2022/2022-3kokura4.pdf,official_daily_result_pdf
202210030408,2022,小倉,3,4,8,2022-07-10,https://www.jra.go.jp/datafile/seiseki/report/2022/2022-3kokura4.pdf,official_daily_result_pdf
202210030409,2022,小倉,3,4,9,2022-07-10,https://www.jra.go.jp/datafile/seiseki/report/2022/2022-3kokura4.pdf,official_daily_result_pdf
202210030410,2022,小倉,3,4,10,2022-07-10,https://www.jra.go.jp/datafile/seiseki/report/2022/2022-3kokura4.pdf,official_daily_result_pdf
202210030411,2022,小倉,3,4,11,2022-07-10,https://www.jra.go.jp/datafile/seiseki/report/2022/2022-3kokura4.pdf,official_daily_result_pdf
202210030412,2022,小倉,3,4,12,2022-07-10,https://www.jra.go.jp/datafile/seiseki/report/2022/2022-3kokura4.pdf,official_daily_result_pdf
202210030501,2022,小倉,3,5,1,2022-07-16,https://www.jra.go.jp/datafile/seiseki/report/2022/2022-3kokura5.pdf,official_daily_result_pdf
202210030502,2022,小倉,3,5,2,2022-07-16,https://www.jra.go.jp/datafile/seiseki/report/2022/2022-3kokura5.pdf,official_daily_result_pdf
202210030503,2022,小倉,3,5,3,2022-07-16,https://www.jra.go.jp/datafile/seiseki/report/2022/2022-3kokura5.pdf,official_daily_result_pdf
202210030504,2022,小倉,3,5,4,2022-07-16,https://www.jra.go.jp/datafile/seiseki/report/2022/2022-3kokura5.pdf,official_daily_result_pdf
202210030505,2022,小倉,3,5,5,2022-07-16,https://www.jra.go.jp/datafile/seiseki/report/2022/2022-3kokura5.pdf,official_daily_result_pdf
202210030506,2022,小倉,3,5,6,2022-07-16,https://www.jra.go.jp/datafile/seiseki/report/2022/2022-3kokura5.pdf,official_daily_result_pdf
202210030507,2022,小倉,3,5,7,2022-07-16,https://www.jra.go.jp/datafile/seiseki/report/2022/2022-3kokura5.pdf,official_daily_result_pdf
202210030508,2022,小倉,3,5,8,2022-07-16,https://www.jra.go.jp/datafile/seiseki/report/2022/2022-3kokura5.pdf,official_daily_result_pdf
202210030509,2022,小倉,3,5,9,2022-07-16,https://www.jra.go.jp/datafile/seiseki/report/2022/2022-3kokura5.pdf,official_daily_result_pdf
202210030510,2022,小倉,3,5,10,2022-07-16,https://www.jra.go.jp/datafile/seiseki/report/2022/2022-3kokura5.pdf,official_daily_result_pdf
202210030511,2022,小倉,3,5,11,2022-07-16,https://www.jra.go.jp/datafile/seiseki/report/2022/2022-3kokura5.pdf,official_daily_result_pdf
202210030512,2022,小倉,3,5,12,2022-07-16,https://www.jra.go.jp/datafile/seiseki/report/2022/2022-3kokura5.pdf,official_daily_result_pdf
202210030601,2022,小倉,3,6,1,2022-07-17,https://www.jra.go.jp/datafile/seiseki/report/2022/2022-3kokura6.pdf,official_daily_result_pdf
202210030602,2022,小倉,3,6,2,2022-07-17,https://www.jra.go.jp/datafile/seiseki/report/2022/2022-3kokura6.pdf,official_daily_result_pdf
202210030603,2022,小倉,3,6,3,2022-07-17,https://www.jra.go.jp/datafile/seiseki/report/2022/2022-3kokura6.pdf,official_daily_result_pdf
202210030604,2022,小倉,3,6,4,2022-07-17,https://www.jra.go.jp/datafile/seiseki/report/2022/2022-3kokura6.pdf,official_daily_result_pdf
202210030605,2022,小倉,3,6,5,2022-07-17,https://www.jra.go.jp/datafile/seiseki/report/2022/2022-3kokura6.pdf,official_daily_result_pdf
202210030606,2022,小倉,3,6,6,2022-07-17,https://www.jra.go.jp/datafile/seiseki/report/2022/2022-3kokura6.pdf,official_daily_result_pdf
202210030607,2022,小倉,3,6,7,2022-07-17,https://www.jra.go.jp/datafile/seiseki/report/2022/2022-3kokura6.pdf,official_daily_result_pdf
202210030608,2022,小倉,3,6,8,2022-07-17,https://www.jra.go.jp/datafile/seiseki/report/2022/2022-3kokura6.pdf,official_daily_result_pdf
202210030609,2022,小倉,3,6,9,2022-07-17,https://www.jra.go.jp/datafile/seiseki/report/2022/2022-3kokura6.pdf,official_daily_result_pdf
202210030610,2022,小倉,3,6,10,2022-07-17,https://www.jra.go.jp/datafile/seiseki/report/2022/2022-3kokura6.pdf,official_daily_result_pdf
202210030611,2022,小倉,3,6,11,2022-07-17,https://www.jra.go.jp/datafile/seiseki/report/2022/2022-3kokura6.pdf,official_daily_result_pdf
202210030612,2022,小倉,3,6,12,2022-07-17,https://www.jra.go.jp/datafile/seiseki/report/2022/2022-3kokura6.pdf,official_daily_result_pdf
202210030701,2022,小倉,3,7,1,2022-07-23,https://www.jra.go.jp/datafile/seiseki/report/2022/2022-3kokura7.pdf,official_daily_result_pdf
202210030702,2022,小倉,3,7,2,2022-07-23,https://www.jra.go.jp/datafile/seiseki/report/2022/2022-3kokura7.pdf,official_daily_result_pdf
202210030703,2022,小倉,3,7,3,2022-07-23,https://www.jra.go.jp/datafile/seiseki/report/2022/2022-3kokura7.pdf,official_daily_result_pdf
202210030704,2022,小倉,3,7,4,2022-07-23,https://www.jra.go.jp/datafile/seiseki/report/2022/2022-3kokura7.pdf,official_daily_result_pdf
202210030705,2022,小倉,3,7,5,2022-07-23,https://www.jra.go.jp/datafile/seiseki/report/2022/2022-3kokura7.pdf,official_daily_result_pdf
202210030706,2022,小倉,3,7,6,2022-07-23,https://www.jra.go.jp/datafile/seiseki/report/2022/2022-3kokura7.pdf,official_daily_result_pdf
202210030707,2022,小倉,3,7,7,2022-07-23,https://www.jra.go.jp/datafile/seiseki/report/2022/2022-3kokura7.pdf,official_daily_result_pdf
202210030708,2022,小倉,3,7,8,2022-07-23,https://www.jra.go.jp/datafile/seiseki/report/2022/2022-3kokura7.pdf,official_daily_result_pdf
202210030709,2022,小倉,3,7,9,2022-07-23,https://www.jra.go.jp/datafile/seiseki/report/2022/2022-3kokura7.pdf,official_daily_result_pdf
202210030710,2022,小倉,3,7,10,2022-07-23,https://www.jra.go.jp/datafile/seiseki/report/2022/2022-3kokura7.pdf,official_daily_result_pdf
202210030711,2022,小倉,3,7,11,2022-07-23,https://www.jra.go.jp/datafile/seiseki/report/2022/2022-3kokura7.pdf,official_daily_result_pdf
202210030712,2022,小倉,3,7,12,2022-07-23,https://www.jra.go.jp/datafile/seiseki/report/2022/2022-3kokura7.pdf,official_daily_result_pdf
202210030801,2022,小倉,3,8,1,2022-07-24,https://www.jra.go.jp/datafile/seiseki/report/2022/2022-3kokura8.pdf,official_daily_result_pdf
202210030802,2022,小倉,3,8,2,2022-07-24,https://www.jra.go.jp/datafile/seiseki/report/2022/2022-3kokura8.pdf,official_daily_result_pdf
202210030803,2022,小倉,3,8,3,2022-07-24,https://www.jra.go.jp/datafile/seiseki/report/2022/2022-3kokura8.pdf,official_daily_result_pdf
202210030804,2022,小倉,3,8,4,2022-07-24,https://www.jra.go.jp/datafile/seiseki/report/2022/2022-3kokura8.pdf,official_daily_result_pdf
202210030805,2022,小倉,3,8,5,2022-07-24,https://www.jra.go.jp/datafile/seiseki/report/2022/2022-3kokura8.pdf,official_daily_result_pdf
202210030806,2022,小倉,3,8,6,2022-07-24,https://www.jra.go.jp/datafile/seiseki/report/2022/2022-3kokura8.pdf,official_daily_result_pdf
202210030807,2022,小倉,3,8,7,2022-07-24,https://www.jra.go.jp/datafile/seiseki/report/2022/2022-3kokura8.pdf,official_daily_result_pdf
202210030808,2022,小倉,3,8,8,2022-07-24,https://www.jra.go.jp/datafile/seiseki/report/2022/2022-3kokura8.pdf,official_daily_result_pdf
202210030809,2022,小倉,3,8,9,2022-07-24,https://www.jra.go.jp/datafile/seiseki/report/2022/2022-3kokura8.pdf,official_daily_result_pdf
202210030810,2022,小倉,3,8,10,2022-07-24,https://www.jra.go.jp/datafile/seiseki/report/2022/2022-3kokura8.pdf,official_daily_result_pdf
202210030811,2022,小倉,3,8,11,2022-07-24,https://www.jra.go.jp/datafile/seiseki/report/2022/2022-3kokura8.pdf,official_daily_result_pdf
202210030812,2022,小倉,3,8,12,2022-07-24,https://www.jra.go.jp/datafile/seiseki/report/2022/2022-3kokura8.pdf,official_daily_result_pdf
202210040101,2022,小倉,4,1,1,2022-08-13,https://www.jra.go.jp/datafile/seiseki/report/2022/2022-4kokura1.pdf,official_daily_result_pdf
202210040102,2022,小倉,4,1,2,2022-08-13,https://www.jra.go.jp/datafile/seiseki/report/2022/2022-4kokura1.pdf,official_daily_result_pdf
202210040103,2022,小倉,4,1,3,2022-08-13,https://www.jra.go.jp/datafile/seiseki/report/2022/2022-4kokura1.pdf,official_daily_result_pdf
202210040104,2022,小倉,4,1,4,2022-08-13,https://www.jra.go.jp/datafile/seiseki/report/2022/2022-4kokura1.pdf,official_daily_result_pdf
202210040105,2022,小倉,4,1,5,2022-08-13,https://www.jra.go.jp/datafile/seiseki/report/2022/2022-4kokura1.pdf,official_daily_result_pdf
202210040106,2022,小倉,4,1,6,2022-08-13,https://www.jra.go.jp/datafile/seiseki/report/2022/2022-4kokura1.pdf,official_daily_result_pdf
202210040107,2022,小倉,4,1,7,2022-08-13,https://www.jra.go.jp/datafile/seiseki/report/2022/2022-4kokura1.pdf,official_daily_result_pdf
202210040108,2022,小倉,4,1,8,2022-08-13,https://www.jra.go.jp/datafile/seiseki/report/2022/2022-4kokura1.pdf,official_daily_result_pdf
202210040109,2022,小倉,4,1,9,2022-08-13,https://www.jra.go.jp/datafile/seiseki/report/2022/2022-4kokura1.pdf,official_daily_result_pdf
202210040110,2022,小倉,4,1,10,2022-08-13,https://www.jra.go.jp/datafile/seiseki/report/2022/2022-4kokura1.pdf,official_daily_result_pdf
202210040111,2022,小倉,4,1,11,2022-08-13,https://www.jra.go.jp/datafile/seiseki/report/2022/2022-4kokura1.pdf,official_daily_result_pdf
202210040112,2022,小倉,4,1,12,2022-08-13,https://www.jra.go.jp/datafile/seiseki/report/2022/2022-4kokura1.pdf,official_daily_result_pdf
202210040201,2022,小倉,4,2,1,2022-08-14,https://www.jra.go.jp/datafile/seiseki/report/2022/2022-4kokura2.pdf,official_daily_result_pdf
202210040202,2022,小倉,4,2,2,2022-08-14,https://www.jra.go.jp/datafile/seiseki/report/2022/2022-4kokura2.pdf,official_daily_result_pdf
202210040203,2022,小倉,4,2,3,2022-08-14,https://www.jra.go.jp/datafile/seiseki/report/2022/2022-4kokura2.pdf,official_daily_result_pdf
202210040204,2022,小倉,4,2,4,2022-08-14,https://www.jra.go.jp/datafile/seiseki/report/2022/2022-4kokura2.pdf,official_daily_result_pdf
202210040205,2022,小倉,4,2,5,2022-08-14,https://www.jra.go.jp/datafile/seiseki/report/2022/2022-4kokura2.pdf,official_daily_result_pdf
202210040206,2022,小倉,4,2,6,2022-08-14,https://www.jra.go.jp/datafile/seiseki/report/2022/2022-4kokura2.pdf,official_daily_result_pdf
202210040207,2022,小倉,4,2,7,2022-08-14,https://www.jra.go.jp/datafile/seiseki/report/2022/2022-4kokura2.pdf,official_daily_result_pdf
202210040208,2022,小倉,4,2,8,2022-08-14,https://www.jra.go.jp/datafile/seiseki/report/2022/2022-4kokura2.pdf,official_daily_result_pdf
202210040209,2022,小倉,4,2,9,2022-08-14,https://www.jra.go.jp/datafile/seiseki/report/2022/2022-4kokura2.pdf,official_daily_result_pdf
202210040210,2022,小倉,4,2,10,2022-08-14,https://www.jra.go.jp/datafile/seiseki/report/2022/2022-4kokura2.pdf,official_daily_result_pdf
202210040211,2022,小倉,4,2,11,2022-08-14,https://www.jra.go.jp/datafile/seiseki/report/2022/2022-4kokura2.pdf,official_daily_result_pdf
202210040212,2022,小倉,4,2,12,2022-08-14,https://www.jra.go.jp/datafile/seiseki/report/2022/2022-4kokura2.pdf,official_daily_result_pdf
202210040301,2022,小倉,4,3,1,2022-08-20,https://www.jra.go.jp/datafile/seiseki/report/2022/2022-4kokura3.pdf,official_daily_result_pdf
202210040302,2022,小倉,4,3,2,2022-08-20,https://www.jra.go.jp/datafile/seiseki/report/2022/2022-4kokura3.pdf,official_daily_result_pdf
202210040303,2022,小倉,4,3,3,2022-08-20,https://www.jra.go.jp/datafile/seiseki/report/2022/2022-4kokura3.pdf,official_daily_result_pdf
202210040304,2022,小倉,4,3,4,2022-08-20,https://www.jra.go.jp/datafile/seiseki/report/2022/2022-4kokura3.pdf,official_daily_result_pdf
202210040305,2022,小倉,4,3,5,2022-08-20,https://www.jra.go.jp/datafile/seiseki/report/2022/2022-4kokura3.pdf,official_daily_result_pdf
202210040306,2022,小倉,4,3,6,2022-08-20,https://www.jra.go.jp/datafile/seiseki/report/2022/2022-4kokura3.pdf,official_daily_result_pdf
202210040307,2022,小倉,4,3,7,2022-08-20,https://www.jra.go.jp/datafile/seiseki/report/2022/2022-4kokura3.pdf,official_daily_result_pdf
202210040308,2022,小倉,4,3,8,2022-08-20,https://www.jra.go.jp/datafile/seiseki/report/2022/2022-4kokura3.pdf,official_daily_result_pdf
202210040309,2022,小倉,4,3,9,2022-08-20,https://www.jra.go.jp/datafile/seiseki/report/2022/2022-4kokura3.pdf,official_daily_result_pdf
202210040310,2022,小倉,4,3,10,2022-08-20,https://www.jra.go.jp/datafile/seiseki/report/2022/2022-4kokura3.pdf,official_daily_result_pdf
202210040311,2022,小倉,4,3,11,2022-08-20,https://www.jra.go.jp/datafile/seiseki/report/2022/2022-4kokura3.pdf,official_daily_result_pdf
202210040312,2022,小倉,4,3,12,2022-08-20,https://www.jra.go.jp/datafile/seiseki/report/2022/2022-4kokura3.pdf,official_daily_result_pdf
202210040401,2022,小倉,4,4,1,2022-08-21,https://www.jra.go.jp/datafile/seiseki/report/2022/2022-4kokura4.pdf,official_daily_result_pdf
202210040402,2022,小倉,4,4,2,2022-08-21,https://www.jra.go.jp/datafile/seiseki/report/2022/2022-4kokura4.pdf,official_daily_result_pdf
202210040403,2022,小倉,4,4,3,2022-08-21,https://www.jra.go.jp/datafile/seiseki/report/2022/2022-4kokura4.pdf,official_daily_result_pdf
202210040404,2022,小倉,4,4,4,2022-08-21,https://www.jra.go.jp/datafile/seiseki/report/2022/2022-4kokura4.pdf,official_daily_result_pdf
202210040405,2022,小倉,4,4,5,2022-08-21,https://www.jra.go.jp/datafile/seiseki/report/2022/2022-4kokura4.pdf,official_daily_result_pdf
202210040406,2022,小倉,4,4,6,2022-08-21,https://www.jra.go.jp/datafile/seiseki/report/2022/2022-4kokura4.pdf,official_daily_result_pdf
202210040407,2022,小倉,4,4,7,2022-08-21,https://www.jra.go.jp/datafile/seiseki/report/2022/2022-4kokura4.pdf,official_daily_result_pdf
202210040408,2022,小倉,4,4,8,2022-08-21,https://www.jra.go.jp/datafile/seiseki/report/2022/2022-4kokura4.pdf,official_daily_result_pdf
202210040409,2022,小倉,4,4,9,2022-08-21,https://www.jra.go.jp/datafile/seiseki/report/2022/2022-4kokura4.pdf,official_daily_result_pdf
202210040410,2022,小倉,4,4,10,2022-08-21,https://www.jra.go.jp/datafile/seiseki/report/2022/2022-4kokura4.pdf,official_daily_result_pdf
202210040411,2022,小倉,4,4,11,2022-08-21,https://www.jra.go.jp/datafile/seiseki/report/2022/2022-4kokura4.pdf,official_daily_result_pdf
202210040412,2022,小倉,4,4,12,2022-08-21,https://www.jra.go.jp/datafile/seiseki/report/2022/2022-4kokura4.pdf,official_daily_result_pdf
202210040501,2022,小倉,4,5,1,2022-08-27,https://www.jra.go.jp/datafile/seiseki/report/2022/2022-4kokura5.pdf,official_daily_result_pdf
202210040502,2022,小倉,4,5,2,2022-08-27,https://www.jra.go.jp/datafile/seiseki/report/2022/2022-4kokura5.pdf,official_daily_result_pdf
202210040503,2022,小倉,4,5,3,2022-08-27,https://www.jra.go.jp/datafile/seiseki/report/2022/2022-4kokura5.pdf,official_daily_result_pdf
202210040504,2022,小倉,4,5,4,2022-08-27,https://www.jra.go.jp/datafile/seiseki/report/2022/2022-4kokura5.pdf,official_daily_result_pdf
202210040505,2022,小倉,4,5,5,2022-08-27,https://www.jra.go.jp/datafile/seiseki/report/2022/2022-4kokura5.pdf,official_daily_result_pdf
202210040506,2022,小倉,4,5,6,2022-08-27,https://www.jra.go.jp/datafile/seiseki/report/2022/2022-4kokura5.pdf,official_daily_result_pdf
202210040507,2022,小倉,4,5,7,2022-08-27,https://www.jra.go.jp/datafile/seiseki/report/2022/2022-4kokura5.pdf,official_daily_result_pdf
202210040508,2022,小倉,4,5,8,2022-08-27,https://www.jra.go.jp/datafile/seiseki/report/2022/2022-4kokura5.pdf,official_daily_result_pdf
202210040509,2022,小倉,4,5,9,2022-08-27,https://www.jra.go.jp/datafile/seiseki/report/2022/2022-4kokura5.pdf,official_daily_result_pdf
202210040510,2022,小倉,4,5,10,2022-08-27,https://www.jra.go.jp/datafile/seiseki/report/2022/2022-4kokura5.pdf,official_daily_result_pdf
202210040511,2022,小倉,4,5,11,2022-08-27,https://www.jra.go.jp/datafile/seiseki/report/2022/2022-4kokura5.pdf,official_daily_result_pdf
202210040512,2022,小倉,4,5,12,2022-08-27,https://www.jra.go.jp/datafile/seiseki/report/2022/2022-4kokura5.pdf,official_daily_result_pdf
202210040601,2022,小倉,4,6,1,2022-08-28,https://www.jra.go.jp/datafile/seiseki/report/2022/2022-4kokura6.pdf,official_daily_result_pdf
202210040602,2022,小倉,4,6,2,2022-08-28,https://www.jra.go.jp/datafile/seiseki/report/2022/2022-4kokura6.pdf,official_daily_result_pdf
202210040603,2022,小倉,4,6,3,2022-08-28,https://www.jra.go.jp/datafile/seiseki/report/2022/2022-4kokura6.pdf,official_daily_result_pdf
202210040604,2022,小倉,4,6,4,2022-08-28,https://www.jra.go.jp/datafile/seiseki/report/2022/2022-4kokura6.pdf,official_daily_result_pdf
202210040605,2022,小倉,4,6,5,2022-08-28,https://www.jra.go.jp/datafile/seiseki/report/2022/2022-4kokura6.pdf,official_daily_result_pdf
202210040606,2022,小倉,4,6,6,2022-08-28,https://www.jra.go.jp/datafile/seiseki/report/2022/2022-4kokura6.pdf,official_daily_result_pdf
202210040607,2022,小倉,4,6,7,2022-08-28,https://www.jra.go.jp/datafile/seiseki/report/2022/2022-4kokura6.pdf,official_daily_result_pdf
202210040608,2022,小倉,4,6,8,2022-08-28,https://www.jra.go.jp/datafile/seiseki/report/2022/2022-4kokura6.pdf,official_daily_result_pdf
202210040609,2022,小倉,4,6,9,2022-08-28,https://www.jra.go.jp/datafile/seiseki/report/2022/2022-4kokura6.pdf,official_daily_result_pdf
202210040610,2022,小倉,4,6,10,2022-08-28,https://www.jra.go.jp/datafile/seiseki/report/2022/2022-4kokura6.pdf,official_daily_result_pdf
202210040611,2022,小倉,4,6,11,2022-08-28,https://www.jra.go.jp/datafile/seiseki/report/2022/2022-4kokura6.pdf,official_daily_result_pdf
202210040612,2022,小倉,4,6,12,2022-08-28,https://www.jra.go.jp/datafile/seiseki/report/2022/2022-4kokura6.pdf,official_daily_result_pdf
202210040701,2022,小倉,4,7,1,2022-09-03,https://www.jra.go.jp/datafile/seiseki/report/2022/2022-4kokura7.pdf,official_daily_result_pdf
202210040702,2022,小倉,4,7,2,2022-09-03,https://www.jra.go.jp/datafile/seiseki/report/2022/2022-4kokura7.pdf,official_daily_result_pdf
202210040703,2022,小倉,4,7,3,2022-09-03,https://www.jra.go.jp/datafile/seiseki/report/2022/2022-4kokura7.pdf,official_daily_result_pdf
202210040704,2022,小倉,4,7,4,2022-09-03,https://www.jra.go.jp/datafile/seiseki/report/2022/2022-4kokura7.pdf,official_daily_result_pdf
202210040705,2022,小倉,4,7,5,2022-09-03,https://www.jra.go.jp/datafile/seiseki/report/2022/2022-4kokura7.pdf,official_daily_result_pdf
202210040706,2022,小倉,4,7,6,2022-09-03,https://www.jra.go.jp/datafile/seiseki/report/2022/2022-4kokura7.pdf,official_daily_result_pdf
202210040707,2022,小倉,4,7,7,2022-09-03,https://www.jra.go.jp/datafile/seiseki/report/2022/2022-4kokura7.pdf,official_daily_result_pdf
202210040708,2022,小倉,4,7,8,2022-09-03,https://www.jra.go.jp/datafile/seiseki/report/2022/2022-4kokura7.pdf,official_daily_result_pdf
202210040709,2022,小倉,4,7,9,2022-09-03,https://www.jra.go.jp/datafile/seiseki/report/2022/2022-4kokura7.pdf,official_daily_result_pdf
202210040710,2022,小倉,4,7,10,2022-09-03,https://www.jra.go.jp/datafile/seiseki/report/2022/2022-4kokura7.pdf,official_daily_result_pdf
202210040711,2022,小倉,4,7,11,2022-09-03,https://www.jra.go.jp/datafile/seiseki/report/2022/2022-4kokura7.pdf,official_daily_result_pdf
202210040712,2022,小倉,4,7,12,2022-09-03,https://www.jra.go.jp/datafile/seiseki/report/2022/2022-4kokura7.pdf,official_daily_result_pdf
202210040801,2022,小倉,4,8,1,2022-09-04,https://www.jra.go.jp/datafile/seiseki/report/2022/2022-4kokura8.pdf,official_daily_result_pdf
202210040802,2022,小倉,4,8,2,2022-09-04,https://www.jra.go.jp/datafile/seiseki/report/2022/2022-4kokura8.pdf,official_daily_result_pdf
202210040803,2022,小倉,4,8,3,2022-09-04,https://www.jra.go.jp/datafile/seiseki/report/2022/2022-4kokura8.pdf,official_daily_result_pdf
202210040804,2022,小倉,4,8,4,2022-09-04,https://www.jra.go.jp/datafile/seiseki/report/2022/2022-4kokura8.pdf,official_daily_result_pdf
202210040805,2022,小倉,4,8,5,2022-09-04,https://www.jra.go.jp/datafile/seiseki/report/2022/2022-4kokura8.pdf,official_daily_result_pdf
202210040806,2022,小倉,4,8,6,2022-09-04,https://www.jra.go.jp/datafile/seiseki/report/2022/2022-4kokura8.pdf,official_daily_result_pdf
202210040807,2022,小倉,4,8,7,2022-09-04,https://www.jra.go.jp/datafile/seiseki/report/2022/2022-4kokura8.pdf,official_daily_result_pdf
202210040808,2022,小倉,4,8,8,2022-09-04,https://www.jra.go.jp/datafile/seiseki/report/2022/2022-4kokura8.pdf,official_daily_result_pdf
202210040809,2022,小倉,4,8,9,2022-09-04,https://www.jra.go.jp/datafile/seiseki/report/2022/2022-4kokura8.pdf,official_daily_result_pdf
202210040810,2022,小倉,4,8,10,2022-09-04,https://www.jra.go.jp/datafile/seiseki/report/2022/2022-4kokura8.pdf,official_daily_result_pdf
202210040811,2022,小倉,4,8,11,2022-09-04,https://www.jra.go.jp/datafile/seiseki/report/2022/2022-4kokura8.pdf,official_daily_result_pdf
202210040812,2022,小倉,4,8,12,2022-09-04,https://www.jra.go.jp/datafile/seiseki/report/2022/2022-4kokura8.pdf,official_daily_result_pdf
202301010101,2023,札幌,1,1,1,2023-07-22,https://www.jra.go.jp/datafile/seiseki/report/2023/2023-1sapporo1.pdf,official_daily_result_pdf
202301010102,2023,札幌,1,1,2,2023-07-22,https://www.jra.go.jp/datafile/seiseki/report/2023/2023-1sapporo1.pdf,official_daily_result_pdf
202301010103,2023,札幌,1,1,3,2023-07-22,https://www.jra.go.jp/datafile/seiseki/report/2023/2023-1sapporo1.pdf,official_daily_result_pdf
202301010104,2023,札幌,1,1,4,2023-07-22,https://www.jra.go.jp/datafile/seiseki/report/2023/2023-1sapporo1.pdf,official_daily_result_pdf
202301010105,2023,札幌,1,1,5,2023-07-22,https://www.jra.go.jp/datafile/seiseki/report/2023/2023-1sapporo1.pdf,official_daily_result_pdf
202301010106,2023,札幌,1,1,6,2023-07-22,https://www.jra.go.jp/datafile/seiseki/report/2023/2023-1sapporo1.pdf,official_daily_result_pdf
202301010107,2023,札幌,1,1,7,2023-07-22,https://www.jra.go.jp/datafile/seiseki/report/2023/2023-1sapporo1.pdf,official_daily_result_pdf
202301010108,2023,札幌,1,1,8,2023-07-22,https://www.jra.go.jp/datafile/seiseki/report/2023/2023-1sapporo1.pdf,official_daily_result_pdf
202301010109,2023,札幌,1,1,9,2023-07-22,https://www.jra.go.jp/datafile/seiseki/report/2023/2023-1sapporo1.pdf,official_daily_result_pdf
202301010110,2023,札幌,1,1,10,2023-07-22,https://www.jra.go.jp/datafile/seiseki/report/2023/2023-1sapporo1.pdf,official_daily_result_pdf
202301010111,2023,札幌,1,1,11,2023-07-22,https://www.jra.go.jp/datafile/seiseki/report/2023/2023-1sapporo1.pdf,official_daily_result_pdf
202301010112,2023,札幌,1,1,12,2023-07-22,https://www.jra.go.jp/datafile/seiseki/report/2023/2023-1sapporo1.pdf,official_daily_result_pdf
202301010201,2023,札幌,1,2,1,2023-07-23,https://www.jra.go.jp/datafile/seiseki/report/2023/2023-1sapporo2.pdf,official_daily_result_pdf
202301010202,2023,札幌,1,2,2,2023-07-23,https://www.jra.go.jp/datafile/seiseki/report/2023/2023-1sapporo2.pdf,official_daily_result_pdf
202301010203,2023,札幌,1,2,3,2023-07-23,https://www.jra.go.jp/datafile/seiseki/report/2023/2023-1sapporo2.pdf,official_daily_result_pdf
202301010204,2023,札幌,1,2,4,2023-07-23,https://www.jra.go.jp/datafile/seiseki/report/2023/2023-1sapporo2.pdf,official_daily_result_pdf
202301010205,2023,札幌,1,2,5,2023-07-23,https://www.jra.go.jp/datafile/seiseki/report/2023/2023-1sapporo2.pdf,official_daily_result_pdf
202301010206,2023,札幌,1,2,6,2023-07-23,https://www.jra.go.jp/datafile/seiseki/report/2023/2023-1sapporo2.pdf,official_daily_result_pdf
202301010207,2023,札幌,1,2,7,2023-07-23,https://www.jra.go.jp/datafile/seiseki/report/2023/2023-1sapporo2.pdf,official_daily_result_pdf
202301010208,2023,札幌,1,2,8,2023-07-23,https://www.jra.go.jp/datafile/seiseki/report/2023/2023-1sapporo2.pdf,official_daily_result_pdf
202301010209,2023,札幌,1,2,9,2023-07-23,https://www.jra.go.jp/datafile/seiseki/report/2023/2023-1sapporo2.pdf,official_daily_result_pdf
202301010210,2023,札幌,1,2,10,2023-07-23,https://www.jra.go.jp/datafile/seiseki/report/2023/2023-1sapporo2.pdf,official_daily_result_pdf
202301010211,2023,札幌,1,2,11,2023-07-23,https://www.jra.go.jp/datafile/seiseki/report/2023/2023-1sapporo2.pdf,official_daily_result_pdf
202301010212,2023,札幌,1,2,12,2023-07-23,https://www.jra.go.jp/datafile/seiseki/report/2023/2023-1sapporo2.pdf,official_daily_result_pdf
202301010301,2023,札幌,1,3,1,2023-07-29,https://www.jra.go.jp/datafile/seiseki/report/2023/2023-1sapporo3.pdf,official_daily_result_pdf
202301010302,2023,札幌,1,3,2,2023-07-29,https://www.jra.go.jp/datafile/seiseki/report/2023/2023-1sapporo3.pdf,official_daily_result_pdf
202301010303,2023,札幌,1,3,3,2023-07-29,https://www.jra.go.jp/datafile/seiseki/report/2023/2023-1sapporo3.pdf,official_daily_result_pdf
202301010304,2023,札幌,1,3,4,2023-07-29,https://www.jra.go.jp/datafile/seiseki/report/2023/2023-1sapporo3.pdf,official_daily_result_pdf
202301010305,2023,札幌,1,3,5,2023-07-29,https://www.jra.go.jp/datafile/seiseki/report/2023/2023-1sapporo3.pdf,official_daily_result_pdf
202301010306,2023,札幌,1,3,6,2023-07-29,https://www.jra.go.jp/datafile/seiseki/report/2023/2023-1sapporo3.pdf,official_daily_result_pdf
202301010307,2023,札幌,1,3,7,2023-07-29,https://www.jra.go.jp/datafile/seiseki/report/2023/2023-1sapporo3.pdf,official_daily_result_pdf
202301010308,2023,札幌,1,3,8,2023-07-29,https://www.jra.go.jp/datafile/seiseki/report/2023/2023-1sapporo3.pdf,official_daily_result_pdf
202301010309,2023,札幌,1,3,9,2023-07-29,https://www.jra.go.jp/datafile/seiseki/report/2023/2023-1sapporo3.pdf,official_daily_result_pdf
202301010310,2023,札幌,1,3,10,2023-07-29,https://www.jra.go.jp/datafile/seiseki/report/2023/2023-1sapporo3.pdf,official_daily_result_pdf
202301010311,2023,札幌,1,3,11,2023-07-29,https://www.jra.go.jp/datafile/seiseki/report/2023/2023-1sapporo3.pdf,official_daily_result_pdf
202301010312,2023,札幌,1,3,12,2023-07-29,https://www.jra.go.jp/datafile/seiseki/report/2023/2023-1sapporo3.pdf,official_daily_result_pdf
202301010401,2023,札幌,1,4,1,2023-07-30,https://www.jra.go.jp/datafile/seiseki/report/2023/2023-1sapporo4.pdf,official_daily_result_pdf
202301010402,2023,札幌,1,4,2,2023-07-30,https://www.jra.go.jp/datafile/seiseki/report/2023/2023-1sapporo4.pdf,official_daily_result_pdf
202301010403,2023,札幌,1,4,3,2023-07-30,https://www.jra.go.jp/datafile/seiseki/report/2023/2023-1sapporo4.pdf,official_daily_result_pdf
202301010404,2023,札幌,1,4,4,2023-07-30,https://www.jra.go.jp/datafile/seiseki/report/2023/2023-1sapporo4.pdf,official_daily_result_pdf
202301010405,2023,札幌,1,4,5,2023-07-30,https://www.jra.go.jp/datafile/seiseki/report/2023/2023-1sapporo4.pdf,official_daily_result_pdf
202301010406,2023,札幌,1,4,6,2023-07-30,https://www.jra.go.jp/datafile/seiseki/report/2023/2023-1sapporo4.pdf,official_daily_result_pdf
202301010407,2023,札幌,1,4,7,2023-07-30,https://www.jra.go.jp/datafile/seiseki/report/2023/2023-1sapporo4.pdf,official_daily_result_pdf
202301010408,2023,札幌,1,4,8,2023-07-30,https://www.jra.go.jp/datafile/seiseki/report/2023/2023-1sapporo4.pdf,official_daily_result_pdf
202301010409,2023,札幌,1,4,9,2023-07-30,https://www.jra.go.jp/datafile/seiseki/report/2023/2023-1sapporo4.pdf,official_daily_result_pdf
202301010410,2023,札幌,1,4,10,2023-07-30,https://www.jra.go.jp/datafile/seiseki/report/2023/2023-1sapporo4.pdf,official_daily_result_pdf
202301010411,2023,札幌,1,4,11,2023-07-30,https://www.jra.go.jp/datafile/seiseki/report/2023/2023-1sapporo4.pdf,official_daily_result_pdf
202301010412,2023,札幌,1,4,12,2023-07-30,https://www.jra.go.jp/datafile/seiseki/report/2023/2023-1sapporo4.pdf,official_daily_result_pdf
202301010501,2023,札幌,1,5,1,2023-08-05,https://www.jra.go.jp/datafile/seiseki/report/2023/2023-1sapporo5.pdf,official_daily_result_pdf
202301010502,2023,札幌,1,5,2,2023-08-05,https://www.jra.go.jp/datafile/seiseki/report/2023/2023-1sapporo5.pdf,official_daily_result_pdf
202301010503,2023,札幌,1,5,3,2023-08-05,https://www.jra.go.jp/datafile/seiseki/report/2023/2023-1sapporo5.pdf,official_daily_result_pdf
202301010504,2023,札幌,1,5,4,2023-08-05,https://www.jra.go.jp/datafile/seiseki/report/2023/2023-1sapporo5.pdf,official_daily_result_pdf
202301010505,2023,札幌,1,5,5,2023-08-05,https://www.jra.go.jp/datafile/seiseki/report/2023/2023-1sapporo5.pdf,official_daily_result_pdf
202301010506,2023,札幌,1,5,6,2023-08-05,https://www.jra.go.jp/datafile/seiseki/report/2023/2023-1sapporo5.pdf,official_daily_result_pdf
202301010507,2023,札幌,1,5,7,2023-08-05,https://www.jra.go.jp/datafile/seiseki/report/2023/2023-1sapporo5.pdf,official_daily_result_pdf
202301010508,2023,札幌,1,5,8,2023-08-05,https://www.jra.go.jp/datafile/seiseki/report/2023/2023-1sapporo5.pdf,official_daily_result_pdf
202301010509,2023,札幌,1,5,9,2023-08-05,https://www.jra.go.jp/datafile/seiseki/report/2023/2023-1sapporo5.pdf,official_daily_result_pdf
202301010510,2023,札幌,1,5,10,2023-08-05,https://www.jra.go.jp/datafile/seiseki/report/2023/2023-1sapporo5.pdf,official_daily_result_pdf
202301010511,2023,札幌,1,5,11,2023-08-05,https://www.jra.go.jp/datafile/seiseki/report/2023/2023-1sapporo5.pdf,official_daily_result_pdf
202301010512,2023,札幌,1,5,12,2023-08-05,https://www.jra.go.jp/datafile/seiseki/report/2023/2023-1sapporo5.pdf,official_daily_result_pdf
202301010601,2023,札幌,1,6,1,2023-08-06,https://www.jra.go.jp/datafile/seiseki/report/2023/2023-1sapporo6.pdf,official_daily_result_pdf
202301010602,2023,札幌,1,6,2,2023-08-06,https://www.jra.go.jp/datafile/seiseki/report/2023/2023-1sapporo6.pdf,official_daily_result_pdf
202301010603,2023,札幌,1,6,3,2023-08-06,https://www.jra.go.jp/datafile/seiseki/report/2023/2023-1sapporo6.pdf,official_daily_result_pdf
202301010604,2023,札幌,1,6,4,2023-08-06,https://www.jra.go.jp/datafile/seiseki/report/2023/2023-1sapporo6.pdf,official_daily_result_pdf
202301010605,2023,札幌,1,6,5,2023-08-06,https://www.jra.go.jp/datafile/seiseki/report/2023/2023-1sapporo6.pdf,official_daily_result_pdf
202301010606,2023,札幌,1,6,6,2023-08-06,https://www.jra.go.jp/datafile/seiseki/report/2023/2023-1sapporo6.pdf,official_daily_result_pdf
202301010607,2023,札幌,1,6,7,2023-08-06,https://www.jra.go.jp/datafile/seiseki/report/2023/2023-1sapporo6.pdf,official_daily_result_pdf
202301010608,2023,札幌,1,6,8,2023-08-06,https://www.jra.go.jp/datafile/seiseki/report/2023/2023-1sapporo6.pdf,official_daily_result_pdf
202301010609,2023,札幌,1,6,9,2023-08-06,https://www.jra.go.jp/datafile/seiseki/report/2023/2023-1sapporo6.pdf,official_daily_result_pdf
202301010610,2023,札幌,1,6,10,2023-08-06,https://www.jra.go.jp/datafile/seiseki/report/2023/2023-1sapporo6.pdf,official_daily_result_pdf
202301010611,2023,札幌,1,6,11,2023-08-06,https://www.jra.go.jp/datafile/seiseki/report/2023/2023-1sapporo6.pdf,official_daily_result_pdf
202301010612,2023,札幌,1,6,12,2023-08-06,https://www.jra.go.jp/datafile/seiseki/report/2023/2023-1sapporo6.pdf,official_daily_result_pdf
202301020101,2023,札幌,2,1,1,2023-08-12,https://www.jra.go.jp/datafile/seiseki/report/2023/2023-2sapporo1.pdf,official_daily_result_pdf
202301020102,2023,札幌,2,1,2,2023-08-12,https://www.jra.go.jp/datafile/seiseki/report/2023/2023-2sapporo1.pdf,official_daily_result_pdf
202301020103,2023,札幌,2,1,3,2023-08-12,https://www.jra.go.jp/datafile/seiseki/report/2023/2023-2sapporo1.pdf,official_daily_result_pdf
202301020104,2023,札幌,2,1,4,2023-08-12,https://www.jra.go.jp/datafile/seiseki/report/2023/2023-2sapporo1.pdf,official_daily_result_pdf
202301020105,2023,札幌,2,1,5,2023-08-12,https://www.jra.go.jp/datafile/seiseki/report/2023/2023-2sapporo1.pdf,official_daily_result_pdf
202301020106,2023,札幌,2,1,6,2023-08-12,https://www.jra.go.jp/datafile/seiseki/report/2023/2023-2sapporo1.pdf,official_daily_result_pdf
202301020107,2023,札幌,2,1,7,2023-08-12,https://www.jra.go.jp/datafile/seiseki/report/2023/2023-2sapporo1.pdf,official_daily_result_pdf
202301020108,2023,札幌,2,1,8,2023-08-12,https://www.jra.go.jp/datafile/seiseki/report/2023/2023-2sapporo1.pdf,official_daily_result_pdf
202301020109,2023,札幌,2,1,9,2023-08-12,https://www.jra.go.jp/datafile/seiseki/report/2023/2023-2sapporo1.pdf,official_daily_result_pdf
202301020110,2023,札幌,2,1,10,2023-08-12,https://www.jra.go.jp/datafile/seiseki/report/2023/2023-2sapporo1.pdf,official_daily_result_pdf
202301020111,2023,札幌,2,1,11,2023-08-12,https://www.jra.go.jp/datafile/seiseki/report/2023/2023-2sapporo1.pdf,official_daily_result_pdf
202301020112,2023,札幌,2,1,12,2023-08-12,https://www.jra.go.jp/datafile/seiseki/report/2023/2023-2sapporo1.pdf,official_daily_result_pdf
202301020201,2023,札幌,2,2,1,2023-08-13,https://www.jra.go.jp/datafile/seiseki/report/2023/2023-2sapporo2.pdf,official_daily_result_pdf
202301020202,2023,札幌,2,2,2,2023-08-13,https://www.jra.go.jp/datafile/seiseki/report/2023/2023-2sapporo2.pdf,official_daily_result_pdf
202301020203,2023,札幌,2,2,3,2023-08-13,https://www.jra.go.jp/datafile/seiseki/report/2023/2023-2sapporo2.pdf,official_daily_result_pdf
202301020204,2023,札幌,2,2,4,2023-08-13,https://www.jra.go.jp/datafile/seiseki/report/2023/2023-2sapporo2.pdf,official_daily_result_pdf
202301020205,2023,札幌,2,2,5,2023-08-13,https://www.jra.go.jp/datafile/seiseki/report/2023/2023-2sapporo2.pdf,official_daily_result_pdf
202301020206,2023,札幌,2,2,6,2023-08-13,https://www.jra.go.jp/datafile/seiseki/report/2023/2023-2sapporo2.pdf,official_daily_result_pdf
202301020207,2023,札幌,2,2,7,2023-08-13,https://www.jra.go.jp/datafile/seiseki/report/2023/2023-2sapporo2.pdf,official_daily_result_pdf
202301020208,2023,札幌,2,2,8,2023-08-13,https://www.jra.go.jp/datafile/seiseki/report/2023/2023-2sapporo2.pdf,official_daily_result_pdf
202301020209,2023,札幌,2,2,9,2023-08-13,https://www.jra.go.jp/datafile/seiseki/report/2023/2023-2sapporo2.pdf,official_daily_result_pdf
202301020210,2023,札幌,2,2,10,2023-08-13,https://www.jra.go.jp/datafile/seiseki/report/2023/2023-2sapporo2.pdf,official_daily_result_pdf
202301020211,2023,札幌,2,2,11,2023-08-13,https://www.jra.go.jp/datafile/seiseki/report/2023/2023-2sapporo2.pdf,official_daily_result_pdf
202301020212,2023,札幌,2,2,12,2023-08-13,https://www.jra.go.jp/datafile/seiseki/report/2023/2023-2sapporo2.pdf,official_daily_result_pdf
202301020301,2023,札幌,2,3,1,2023-08-19,https://www.jra.go.jp/datafile/seiseki/report/2023/2023-2sapporo3.pdf,official_daily_result_pdf
202301020302,2023,札幌,2,3,2,2023-08-19,https://www.jra.go.jp/datafile/seiseki/report/2023/2023-2sapporo3.pdf,official_daily_result_pdf
202301020303,2023,札幌,2,3,3,2023-08-19,https://www.jra.go.jp/datafile/seiseki/report/2023/2023-2sapporo3.pdf,official_daily_result_pdf
202301020304,2023,札幌,2,3,4,2023-08-19,https://www.jra.go.jp/datafile/seiseki/report/2023/2023-2sapporo3.pdf,official_daily_result_pdf
202301020305,2023,札幌,2,3,5,2023-08-19,https://www.jra.go.jp/datafile/seiseki/report/2023/2023-2sapporo3.pdf,official_daily_result_pdf
202301020306,2023,札幌,2,3,6,2023-08-19,https://www.jra.go.jp/datafile/seiseki/report/2023/2023-2sapporo3.pdf,official_daily_result_pdf
202301020307,2023,札幌,2,3,7,2023-08-19,https://www.jra.go.jp/datafile/seiseki/report/2023/2023-2sapporo3.pdf,official_daily_result_pdf
202301020308,2023,札幌,2,3,8,2023-08-19,https://www.jra.go.jp/datafile/seiseki/report/2023/2023-2sapporo3.pdf,official_daily_result_pdf
202301020309,2023,札幌,2,3,9,2023-08-19,https://www.jra.go.jp/datafile/seiseki/report/2023/2023-2sapporo3.pdf,official_daily_result_pdf
202301020310,2023,札幌,2,3,10,2023-08-19,https://www.jra.go.jp/datafile/seiseki/report/2023/2023-2sapporo3.pdf,official_daily_result_pdf
202301020311,2023,札幌,2,3,11,2023-08-19,https://www.jra.go.jp/datafile/seiseki/report/2023/2023-2sapporo3.pdf,official_daily_result_pdf
202301020312,2023,札幌,2,3,12,2023-08-19,https://www.jra.go.jp/datafile/seiseki/report/2023/2023-2sapporo3.pdf,official_daily_result_pdf
202301020401,2023,札幌,2,4,1,2023-08-20,https://www.jra.go.jp/datafile/seiseki/report/2023/2023-2sapporo4.pdf,official_daily_result_pdf
202301020402,2023,札幌,2,4,2,2023-08-20,https://www.jra.go.jp/datafile/seiseki/report/2023/2023-2sapporo4.pdf,official_daily_result_pdf
202301020403,2023,札幌,2,4,3,2023-08-20,https://www.jra.go.jp/datafile/seiseki/report/2023/2023-2sapporo4.pdf,official_daily_result_pdf
202301020404,2023,札幌,2,4,4,2023-08-20,https://www.jra.go.jp/datafile/seiseki/report/2023/2023-2sapporo4.pdf,official_daily_result_pdf
202301020405,2023,札幌,2,4,5,2023-08-20,https://www.jra.go.jp/datafile/seiseki/report/2023/2023-2sapporo4.pdf,official_daily_result_pdf
202301020406,2023,札幌,2,4,6,2023-08-20,https://www.jra.go.jp/datafile/seiseki/report/2023/2023-2sapporo4.pdf,official_daily_result_pdf
202301020407,2023,札幌,2,4,7,2023-08-20,https://www.jra.go.jp/datafile/seiseki/report/2023/2023-2sapporo4.pdf,official_daily_result_pdf
202301020408,2023,札幌,2,4,8,2023-08-20,https://www.jra.go.jp/datafile/seiseki/report/2023/2023-2sapporo4.pdf,official_daily_result_pdf
202301020409,2023,札幌,2,4,9,2023-08-20,https://www.jra.go.jp/datafile/seiseki/report/2023/2023-2sapporo4.pdf,official_daily_result_pdf
202301020410,2023,札幌,2,4,10,2023-08-20,https://www.jra.go.jp/datafile/seiseki/report/2023/2023-2sapporo4.pdf,official_daily_result_pdf
202301020411,2023,札幌,2,4,11,2023-08-20,https://www.jra.go.jp/datafile/seiseki/report/2023/2023-2sapporo4.pdf,official_daily_result_pdf
202301020412,2023,札幌,2,4,12,2023-08-20,https://www.jra.go.jp/datafile/seiseki/report/2023/2023-2sapporo4.pdf,official_daily_result_pdf
202301020501,2023,札幌,2,5,1,2023-08-26,https://www.jra.go.jp/datafile/seiseki/report/2023/2023-2sapporo5.pdf,official_daily_result_pdf
202301020502,2023,札幌,2,5,2,2023-08-26,https://www.jra.go.jp/datafile/seiseki/report/2023/2023-2sapporo5.pdf,official_daily_result_pdf
202301020503,2023,札幌,2,5,3,2023-08-26,https://www.jra.go.jp/datafile/seiseki/report/2023/2023-2sapporo5.pdf,official_daily_result_pdf
202301020504,2023,札幌,2,5,4,2023-08-26,https://www.jra.go.jp/datafile/seiseki/report/2023/2023-2sapporo5.pdf,official_daily_result_pdf
202301020505,2023,札幌,2,5,5,2023-08-26,https://www.jra.go.jp/datafile/seiseki/report/2023/2023-2sapporo5.pdf,official_daily_result_pdf
202301020506,2023,札幌,2,5,6,2023-08-26,https://www.jra.go.jp/datafile/seiseki/report/2023/2023-2sapporo5.pdf,official_daily_result_pdf
202301020507,2023,札幌,2,5,7,2023-08-26,https://www.jra.go.jp/datafile/seiseki/report/2023/2023-2sapporo5.pdf,official_daily_result_pdf
202301020508,2023,札幌,2,5,8,2023-08-26,https://www.jra.go.jp/datafile/seiseki/report/2023/2023-2sapporo5.pdf,official_daily_result_pdf
202301020509,2023,札幌,2,5,9,2023-08-26,https://www.jra.go.jp/datafile/seiseki/report/2023/2023-2sapporo5.pdf,official_daily_result_pdf
202301020510,2023,札幌,2,5,10,2023-08-26,https://www.jra.go.jp/datafile/seiseki/report/2023/2023-2sapporo5.pdf,official_daily_result_pdf
202301020511,2023,札幌,2,5,11,2023-08-26,https://www.jra.go.jp/datafile/seiseki/report/2023/2023-2sapporo5.pdf,official_daily_result_pdf
202301020512,2023,札幌,2,5,12,2023-08-26,https://www.jra.go.jp/datafile/seiseki/report/2023/2023-2sapporo5.pdf,official_daily_result_pdf
202301020601,2023,札幌,2,6,1,2023-08-27,https://www.jra.go.jp/datafile/seiseki/report/2023/2023-2sapporo6.pdf,official_daily_result_pdf
202301020602,2023,札幌,2,6,2,2023-08-27,https://www.jra.go.jp/datafile/seiseki/report/2023/2023-2sapporo6.pdf,official_daily_result_pdf
202301020603,2023,札幌,2,6,3,2023-08-27,https://www.jra.go.jp/datafile/seiseki/report/2023/2023-2sapporo6.pdf,official_daily_result_pdf
202301020604,2023,札幌,2,6,4,2023-08-27,https://www.jra.go.jp/datafile/seiseki/report/2023/2023-2sapporo6.pdf,official_daily_result_pdf
202301020605,2023,札幌,2,6,5,2023-08-27,https://www.jra.go.jp/datafile/seiseki/report/2023/2023-2sapporo6.pdf,official_daily_result_pdf
202301020606,2023,札幌,2,6,6,2023-08-27,https://www.jra.go.jp/datafile/seiseki/report/2023/2023-2sapporo6.pdf,official_daily_result_pdf
202301020607,2023,札幌,2,6,7,2023-08-27,https://www.jra.go.jp/datafile/seiseki/report/2023/2023-2sapporo6.pdf,official_daily_result_pdf
202301020608,2023,札幌,2,6,8,2023-08-27,https://www.jra.go.jp/datafile/seiseki/report/2023/2023-2sapporo6.pdf,official_daily_result_pdf
202301020609,2023,札幌,2,6,9,2023-08-27,https://www.jra.go.jp/datafile/seiseki/report/2023/2023-2sapporo6.pdf,official_daily_result_pdf
202301020610,2023,札幌,2,6,10,2023-08-27,https://www.jra.go.jp/datafile/seiseki/report/2023/2023-2sapporo6.pdf,official_daily_result_pdf
202301020611,2023,札幌,2,6,11,2023-08-27,https://www.jra.go.jp/datafile/seiseki/report/2023/2023-2sapporo6.pdf,official_daily_result_pdf
202301020612,2023,札幌,2,6,12,2023-08-27,https://www.jra.go.jp/datafile/seiseki/report/2023/2023-2sapporo6.pdf,official_daily_result_pdf
202301020701,2023,札幌,2,7,1,2023-09-02,https://www.jra.go.jp/datafile/seiseki/report/2023/2023-2sapporo7.pdf,official_daily_result_pdf
202301020702,2023,札幌,2,7,2,2023-09-02,https://www.jra.go.jp/datafile/seiseki/report/2023/2023-2sapporo7.pdf,official_daily_result_pdf
202301020703,2023,札幌,2,7,3,2023-09-02,https://www.jra.go.jp/datafile/seiseki/report/2023/2023-2sapporo7.pdf,official_daily_result_pdf
202301020704,2023,札幌,2,7,4,2023-09-02,https://www.jra.go.jp/datafile/seiseki/report/2023/2023-2sapporo7.pdf,official_daily_result_pdf
202301020705,2023,札幌,2,7,5,2023-09-02,https://www.jra.go.jp/datafile/seiseki/report/2023/2023-2sapporo7.pdf,official_daily_result_pdf
202301020706,2023,札幌,2,7,6,2023-09-02,https://www.jra.go.jp/datafile/seiseki/report/2023/2023-2sapporo7.pdf,official_daily_result_pdf
202301020707,2023,札幌,2,7,7,2023-09-02,https://www.jra.go.jp/datafile/seiseki/report/2023/2023-2sapporo7.pdf,official_daily_result_pdf
202301020708,2023,札幌,2,7,8,2023-09-02,https://www.jra.go.jp/datafile/seiseki/report/2023/2023-2sapporo7.pdf,official_daily_result_pdf
202301020709,2023,札幌,2,7,9,2023-09-02,https://www.jra.go.jp/datafile/seiseki/report/2023/2023-2sapporo7.pdf,official_daily_result_pdf
202301020710,2023,札幌,2,7,10,2023-09-02,https://www.jra.go.jp/datafile/seiseki/report/2023/2023-2sapporo7.pdf,official_daily_result_pdf
202301020711,2023,札幌,2,7,11,2023-09-02,https://www.jra.go.jp/datafile/seiseki/report/2023/2023-2sapporo7.pdf,official_daily_result_pdf
202301020712,2023,札幌,2,7,12,2023-09-02,https://www.jra.go.jp/datafile/seiseki/report/2023/2023-2sapporo7.pdf,official_daily_result_pdf
202301020801,2023,札幌,2,8,1,2023-09-03,https://www.jra.go.jp/datafile/seiseki/report/2023/2023-2sapporo8.pdf,official_daily_result_pdf
202301020802,2023,札幌,2,8,2,2023-09-03,https://www.jra.go.jp/datafile/seiseki/report/2023/2023-2sapporo8.pdf,official_daily_result_pdf
202301020803,2023,札幌,2,8,3,2023-09-03,https://www.jra.go.jp/datafile/seiseki/report/2023/2023-2sapporo8.pdf,official_daily_result_pdf
202301020804,2023,札幌,2,8,4,2023-09-03,https://www.jra.go.jp/datafile/seiseki/report/2023/2023-2sapporo8.pdf,official_daily_result_pdf
202301020805,2023,札幌,2,8,5,2023-09-03,https://www.jra.go.jp/datafile/seiseki/report/2023/2023-2sapporo8.pdf,official_daily_result_pdf
202301020806,2023,札幌,2,8,6,2023-09-03,https://www.jra.go.jp/datafile/seiseki/report/2023/2023-2sapporo8.pdf,official_daily_result_pdf
202301020807,2023,札幌,2,8,7,2023-09-03,https://www.jra.go.jp/datafile/seiseki/report/2023/2023-2sapporo8.pdf,official_daily_result_pdf
202301020808,2023,札幌,2,8,8,2023-09-03,https://www.jra.go.jp/datafile/seiseki/report/2023/2023-2sapporo8.pdf,official_daily_result_pdf
202301020809,2023,札幌,2,8,9,2023-09-03,https://www.jra.go.jp/datafile/seiseki/report/2023/2023-2sapporo8.pdf,official_daily_result_pdf
202301020810,2023,札幌,2,8,10,2023-09-03,https://www.jra.go.jp/datafile/seiseki/report/2023/2023-2sapporo8.pdf,official_daily_result_pdf
202301020811,2023,札幌,2,8,11,2023-09-03,https://www.jra.go.jp/datafile/seiseki/report/2023/2023-2sapporo8.pdf,official_daily_result_pdf
202301020812,2023,札幌,2,8,12,2023-09-03,https://www.jra.go.jp/datafile/seiseki/report/2023/2023-2sapporo8.pdf,official_daily_result_pdf
202302010101,2023,函館,1,1,1,2023-06-10,https://www.jra.go.jp/datafile/seiseki/report/2023/2023-1hakodate1.pdf,official_daily_result_pdf
202302010102,2023,函館,1,1,2,2023-06-10,https://www.jra.go.jp/datafile/seiseki/report/2023/2023-1hakodate1.pdf,official_daily_result_pdf
202302010103,2023,函館,1,1,3,2023-06-10,https://www.jra.go.jp/datafile/seiseki/report/2023/2023-1hakodate1.pdf,official_daily_result_pdf
202302010104,2023,函館,1,1,4,2023-06-10,https://www.jra.go.jp/datafile/seiseki/report/2023/2023-1hakodate1.pdf,official_daily_result_pdf
202302010105,2023,函館,1,1,5,2023-06-10,https://www.jra.go.jp/datafile/seiseki/report/2023/2023-1hakodate1.pdf,official_daily_result_pdf
202302010106,2023,函館,1,1,6,2023-06-10,https://www.jra.go.jp/datafile/seiseki/report/2023/2023-1hakodate1.pdf,official_daily_result_pdf
202302010107,2023,函館,1,1,7,2023-06-10,https://www.jra.go.jp/datafile/seiseki/report/2023/2023-1hakodate1.pdf,official_daily_result_pdf
202302010108,2023,函館,1,1,8,2023-06-10,https://www.jra.go.jp/datafile/seiseki/report/2023/2023-1hakodate1.pdf,official_daily_result_pdf
202302010109,2023,函館,1,1,9,2023-06-10,https://www.jra.go.jp/datafile/seiseki/report/2023/2023-1hakodate1.pdf,official_daily_result_pdf
202302010110,2023,函館,1,1,10,2023-06-10,https://www.jra.go.jp/datafile/seiseki/report/2023/2023-1hakodate1.pdf,official_daily_result_pdf
202302010111,2023,函館,1,1,11,2023-06-10,https://www.jra.go.jp/datafile/seiseki/report/2023/2023-1hakodate1.pdf,official_daily_result_pdf
202302010112,2023,函館,1,1,12,2023-06-10,https://www.jra.go.jp/datafile/seiseki/report/2023/2023-1hakodate1.pdf,official_daily_result_pdf
202302010201,2023,函館,1,2,1,2023-06-11,https://www.jra.go.jp/datafile/seiseki/report/2023/2023-1hakodate2.pdf,official_daily_result_pdf
202302010202,2023,函館,1,2,2,2023-06-11,https://www.jra.go.jp/datafile/seiseki/report/2023/2023-1hakodate2.pdf,official_daily_result_pdf
202302010203,2023,函館,1,2,3,2023-06-11,https://www.jra.go.jp/datafile/seiseki/report/2023/2023-1hakodate2.pdf,official_daily_result_pdf
202302010204,2023,函館,1,2,4,2023-06-11,https://www.jra.go.jp/datafile/seiseki/report/2023/2023-1hakodate2.pdf,official_daily_result_pdf
202302010205,2023,函館,1,2,5,2023-06-11,https://www.jra.go.jp/datafile/seiseki/report/2023/2023-1hakodate2.pdf,official_daily_result_pdf
202302010206,2023,函館,1,2,6,2023-06-11,https://www.jra.go.jp/datafile/seiseki/report/2023/2023-1hakodate2.pdf,official_daily_result_pdf
202302010207,2023,函館,1,2,7,2023-06-11,https://www.jra.go.jp/datafile/seiseki/report/2023/2023-1hakodate2.pdf,official_daily_result_pdf
202302010208,2023,函館,1,2,8,2023-06-11,https://www.jra.go.jp/datafile/seiseki/report/2023/2023-1hakodate2.pdf,official_daily_result_pdf
202302010209,2023,函館,1,2,9,2023-06-11,https://www.jra.go.jp/datafile/seiseki/report/2023/2023-1hakodate2.pdf,official_daily_result_pdf
202302010210,2023,函館,1,2,10,2023-06-11,https://www.jra.go.jp/datafile/seiseki/report/2023/2023-1hakodate2.pdf,official_daily_result_pdf
202302010211,2023,函館,1,2,11,2023-06-11,https://www.jra.go.jp/datafile/seiseki/report/2023/2023-1hakodate2.pdf,official_daily_result_pdf
202302010212,2023,函館,1,2,12,2023-06-11,https://www.jra.go.jp/datafile/seiseki/report/2023/2023-1hakodate2.pdf,official_daily_result_pdf
202302010301,2023,函館,1,3,1,2023-06-17,https://www.jra.go.jp/datafile/seiseki/report/2023/2023-1hakodate3.pdf,official_daily_result_pdf
202302010302,2023,函館,1,3,2,2023-06-17,https://www.jra.go.jp/datafile/seiseki/report/2023/2023-1hakodate3.pdf,official_daily_result_pdf
202302010303,2023,函館,1,3,3,2023-06-17,https://www.jra.go.jp/datafile/seiseki/report/2023/2023-1hakodate3.pdf,official_daily_result_pdf
202302010304,2023,函館,1,3,4,2023-06-17,https://www.jra.go.jp/datafile/seiseki/report/2023/2023-1hakodate3.pdf,official_daily_result_pdf
202302010305,2023,函館,1,3,5,2023-06-17,https://www.jra.go.jp/datafile/seiseki/report/2023/2023-1hakodate3.pdf,official_daily_result_pdf
202302010306,2023,函館,1,3,6,2023-06-17,https://www.jra.go.jp/datafile/seiseki/report/2023/2023-1hakodate3.pdf,official_daily_result_pdf
202302010307,2023,函館,1,3,7,2023-06-17,https://www.jra.go.jp/datafile/seiseki/report/2023/2023-1hakodate3.pdf,official_daily_result_pdf
202302010308,2023,函館,1,3,8,2023-06-17,https://www.jra.go.jp/datafile/seiseki/report/2023/2023-1hakodate3.pdf,official_daily_result_pdf
202302010309,2023,函館,1,3,9,2023-06-17,https://www.jra.go.jp/datafile/seiseki/report/2023/2023-1hakodate3.pdf,official_daily_result_pdf
202302010310,2023,函館,1,3,10,2023-06-17,https://www.jra.go.jp/datafile/seiseki/report/2023/2023-1hakodate3.pdf,official_daily_result_pdf
202302010311,2023,函館,1,3,11,2023-06-17,https://www.jra.go.jp/datafile/seiseki/report/2023/2023-1hakodate3.pdf,official_daily_result_pdf
202302010312,2023,函館,1,3,12,2023-06-17,https://www.jra.go.jp/datafile/seiseki/report/2023/2023-1hakodate3.pdf,official_daily_result_pdf
202302010401,2023,函館,1,4,1,2023-06-18,https://www.jra.go.jp/datafile/seiseki/report/2023/2023-1hakodate4.pdf,official_daily_result_pdf
202302010402,2023,函館,1,4,2,2023-06-18,https://www.jra.go.jp/datafile/seiseki/report/2023/2023-1hakodate4.pdf,official_daily_result_pdf
202302010403,2023,函館,1,4,3,2023-06-18,https://www.jra.go.jp/datafile/seiseki/report/2023/2023-1hakodate4.pdf,official_daily_result_pdf
202302010404,2023,函館,1,4,4,2023-06-18,https://www.jra.go.jp/datafile/seiseki/report/2023/2023-1hakodate4.pdf,official_daily_result_pdf
202302010405,2023,函館,1,4,5,2023-06-18,https://www.jra.go.jp/datafile/seiseki/report/2023/2023-1hakodate4.pdf,official_daily_result_pdf
202302010406,2023,函館,1,4,6,2023-06-18,https://www.jra.go.jp/datafile/seiseki/report/2023/2023-1hakodate4.pdf,official_daily_result_pdf
202302010407,2023,函館,1,4,7,2023-06-18,https://www.jra.go.jp/datafile/seiseki/report/2023/2023-1hakodate4.pdf,official_daily_result_pdf
202302010408,2023,函館,1,4,8,2023-06-18,https://www.jra.go.jp/datafile/seiseki/report/2023/2023-1hakodate4.pdf,official_daily_result_pdf
202302010409,2023,函館,1,4,9,2023-06-18,https://www.jra.go.jp/datafile/seiseki/report/2023/2023-1hakodate4.pdf,official_daily_result_pdf
202302010410,2023,函館,1,4,10,2023-06-18,https://www.jra.go.jp/datafile/seiseki/report/2023/2023-1hakodate4.pdf,official_daily_result_pdf
202302010411,2023,函館,1,4,11,2023-06-18,https://www.jra.go.jp/datafile/seiseki/report/2023/2023-1hakodate4.pdf,official_daily_result_pdf
202302010412,2023,函館,1,4,12,2023-06-18,https://www.jra.go.jp/datafile/seiseki/report/2023/2023-1hakodate4.pdf,official_daily_result_pdf
202302010501,2023,函館,1,5,1,2023-06-24,https://www.jra.go.jp/datafile/seiseki/report/2023/2023-1hakodate5.pdf,official_daily_result_pdf
202302010502,2023,函館,1,5,2,2023-06-24,https://www.jra.go.jp/datafile/seiseki/report/2023/2023-1hakodate5.pdf,official_daily_result_pdf
202302010503,2023,函館,1,5,3,2023-06-24,https://www.jra.go.jp/datafile/seiseki/report/2023/2023-1hakodate5.pdf,official_daily_result_pdf
202302010504,2023,函館,1,5,4,2023-06-24,https://www.jra.go.jp/datafile/seiseki/report/2023/2023-1hakodate5.pdf,official_daily_result_pdf
202302010505,2023,函館,1,5,5,2023-06-24,https://www.jra.go.jp/datafile/seiseki/report/2023/2023-1hakodate5.pdf,official_daily_result_pdf
202302010506,2023,函館,1,5,6,2023-06-24,https://www.jra.go.jp/datafile/seiseki/report/2023/2023-1hakodate5.pdf,official_daily_result_pdf
202302010507,2023,函館,1,5,7,2023-06-24,https://www.jra.go.jp/datafile/seiseki/report/2023/2023-1hakodate5.pdf,official_daily_result_pdf
202302010508,2023,函館,1,5,8,2023-06-24,https://www.jra.go.jp/datafile/seiseki/report/2023/2023-1hakodate5.pdf,official_daily_result_pdf
202302010509,2023,函館,1,5,9,2023-06-24,https://www.jra.go.jp/datafile/seiseki/report/2023/2023-1hakodate5.pdf,official_daily_result_pdf
202302010510,2023,函館,1,5,10,2023-06-24,https://www.jra.go.jp/datafile/seiseki/report/2023/2023-1hakodate5.pdf,official_daily_result_pdf
202302010511,2023,函館,1,5,11,2023-06-24,https://www.jra.go.jp/datafile/seiseki/report/2023/2023-1hakodate5.pdf,official_daily_result_pdf
202302010512,2023,函館,1,5,12,2023-06-24,https://www.jra.go.jp/datafile/seiseki/report/2023/2023-1hakodate5.pdf,official_daily_result_pdf
202302010601,2023,函館,1,6,1,2023-06-25,https://www.jra.go.jp/datafile/seiseki/report/2023/2023-1hakodate6.pdf,official_daily_result_pdf
202302010602,2023,函館,1,6,2,2023-06-25,https://www.jra.go.jp/datafile/seiseki/report/2023/2023-1hakodate6.pdf,official_daily_result_pdf
202302010603,2023,函館,1,6,3,2023-06-25,https://www.jra.go.jp/datafile/seiseki/report/2023/2023-1hakodate6.pdf,official_daily_result_pdf
202302010604,2023,函館,1,6,4,2023-06-25,https://www.jra.go.jp/datafile/seiseki/report/2023/2023-1hakodate6.pdf,official_daily_result_pdf
202302010605,2023,函館,1,6,5,2023-06-25,https://www.jra.go.jp/datafile/seiseki/report/2023/2023-1hakodate6.pdf,official_daily_result_pdf
202302010606,2023,函館,1,6,6,2023-06-25,https://www.jra.go.jp/datafile/seiseki/report/2023/2023-1hakodate6.pdf,official_daily_result_pdf
202302010607,2023,函館,1,6,7,2023-06-25,https://www.jra.go.jp/datafile/seiseki/report/2023/2023-1hakodate6.pdf,official_daily_result_pdf
202302010608,2023,函館,1,6,8,2023-06-25,https://www.jra.go.jp/datafile/seiseki/report/2023/2023-1hakodate6.pdf,official_daily_result_pdf
202302010609,2023,函館,1,6,9,2023-06-25,https://www.jra.go.jp/datafile/seiseki/report/2023/2023-1hakodate6.pdf,official_daily_result_pdf
202302010610,2023,函館,1,6,10,2023-06-25,https://www.jra.go.jp/datafile/seiseki/report/2023/2023-1hakodate6.pdf,official_daily_result_pdf
202302010611,2023,函館,1,6,11,2023-06-25,https://www.jra.go.jp/datafile/seiseki/report/2023/2023-1hakodate6.pdf,official_daily_result_pdf
202302010612,2023,函館,1,6,12,2023-06-25,https://www.jra.go.jp/datafile/seiseki/report/2023/2023-1hakodate6.pdf,official_daily_result_pdf
202302020101,2023,函館,2,1,1,2023-07-01,https://www.jra.go.jp/datafile/seiseki/report/2023/2023-2hakodate1.pdf,official_daily_result_pdf
202302020102,2023,函館,2,1,2,2023-07-01,https://www.jra.go.jp/datafile/seiseki/report/2023/2023-2hakodate1.pdf,official_daily_result_pdf
202302020103,2023,函館,2,1,3,2023-07-01,https://www.jra.go.jp/datafile/seiseki/report/2023/2023-2hakodate1.pdf,official_daily_result_pdf
202302020104,2023,函館,2,1,4,2023-07-01,https://www.jra.go.jp/datafile/seiseki/report/2023/2023-2hakodate1.pdf,official_daily_result_pdf
202302020105,2023,函館,2,1,5,2023-07-01,https://www.jra.go.jp/datafile/seiseki/report/2023/2023-2hakodate1.pdf,official_daily_result_pdf
202302020106,2023,函館,2,1,6,2023-07-01,https://www.jra.go.jp/datafile/seiseki/report/2023/2023-2hakodate1.pdf,official_daily_result_pdf
202302020107,2023,函館,2,1,7,2023-07-01,https://www.jra.go.jp/datafile/seiseki/report/2023/2023-2hakodate1.pdf,official_daily_result_pdf
202302020108,2023,函館,2,1,8,2023-07-01,https://www.jra.go.jp/datafile/seiseki/report/2023/2023-2hakodate1.pdf,official_daily_result_pdf
202302020109,2023,函館,2,1,9,2023-07-01,https://www.jra.go.jp/datafile/seiseki/report/2023/2023-2hakodate1.pdf,official_daily_result_pdf
202302020110,2023,函館,2,1,10,2023-07-01,https://www.jra.go.jp/datafile/seiseki/report/2023/2023-2hakodate1.pdf,official_daily_result_pdf
202302020111,2023,函館,2,1,11,2023-07-01,https://www.jra.go.jp/datafile/seiseki/report/2023/2023-2hakodate1.pdf,official_daily_result_pdf
202302020112,2023,函館,2,1,12,2023-07-01,https://www.jra.go.jp/datafile/seiseki/report/2023/2023-2hakodate1.pdf,official_daily_result_pdf
202302020201,2023,函館,2,2,1,2023-07-02,https://www.jra.go.jp/datafile/seiseki/report/2023/2023-2hakodate2.pdf,official_daily_result_pdf
202302020202,2023,函館,2,2,2,2023-07-02,https://www.jra.go.jp/datafile/seiseki/report/2023/2023-2hakodate2.pdf,official_daily_result_pdf
202302020203,2023,函館,2,2,3,2023-07-02,https://www.jra.go.jp/datafile/seiseki/report/2023/2023-2hakodate2.pdf,official_daily_result_pdf
202302020204,2023,函館,2,2,4,2023-07-02,https://www.jra.go.jp/datafile/seiseki/report/2023/2023-2hakodate2.pdf,official_daily_result_pdf
202302020205,2023,函館,2,2,5,2023-07-02,https://www.jra.go.jp/datafile/seiseki/report/2023/2023-2hakodate2.pdf,official_daily_result_pdf
202302020206,2023,函館,2,2,6,2023-07-02,https://www.jra.go.jp/datafile/seiseki/report/2023/2023-2hakodate2.pdf,official_daily_result_pdf
202302020207,2023,函館,2,2,7,2023-07-02,https://www.jra.go.jp/datafile/seiseki/report/2023/2023-2hakodate2.pdf,official_daily_result_pdf
202302020208,2023,函館,2,2,8,2023-07-02,https://www.jra.go.jp/datafile/seiseki/report/2023/2023-2hakodate2.pdf,official_daily_result_pdf
202302020209,2023,函館,2,2,9,2023-07-02,https://www.jra.go.jp/datafile/seiseki/report/2023/2023-2hakodate2.pdf,official_daily_result_pdf
202302020210,2023,函館,2,2,10,2023-07-02,https://www.jra.go.jp/datafile/seiseki/report/2023/2023-2hakodate2.pdf,official_daily_result_pdf
202302020211,2023,函館,2,2,11,2023-07-02,https://www.jra.go.jp/datafile/seiseki/report/2023/2023-2hakodate2.pdf,official_daily_result_pdf
202302020212,2023,函館,2,2,12,2023-07-02,https://www.jra.go.jp/datafile/seiseki/report/2023/2023-2hakodate2.pdf,official_daily_result_pdf
202302020301,2023,函館,2,3,1,2023-07-08,https://www.jra.go.jp/datafile/seiseki/report/2023/2023-2hakodate3.pdf,official_daily_result_pdf
202302020302,2023,函館,2,3,2,2023-07-08,https://www.jra.go.jp/datafile/seiseki/report/2023/2023-2hakodate3.pdf,official_daily_result_pdf
202302020303,2023,函館,2,3,3,2023-07-08,https://www.jra.go.jp/datafile/seiseki/report/2023/2023-2hakodate3.pdf,official_daily_result_pdf
202302020304,2023,函館,2,3,4,2023-07-08,https://www.jra.go.jp/datafile/seiseki/report/2023/2023-2hakodate3.pdf,official_daily_result_pdf
202302020305,2023,函館,2,3,5,2023-07-08,https://www.jra.go.jp/datafile/seiseki/report/2023/2023-2hakodate3.pdf,official_daily_result_pdf
202302020306,2023,函館,2,3,6,2023-07-08,https://www.jra.go.jp/datafile/seiseki/report/2023/2023-2hakodate3.pdf,official_daily_result_pdf
202302020307,2023,函館,2,3,7,2023-07-08,https://www.jra.go.jp/datafile/seiseki/report/2023/2023-2hakodate3.pdf,official_daily_result_pdf
202302020308,2023,函館,2,3,8,2023-07-08,https://www.jra.go.jp/datafile/seiseki/report/2023/2023-2hakodate3.pdf,official_daily_result_pdf
202302020309,2023,函館,2,3,9,2023-07-08,https://www.jra.go.jp/datafile/seiseki/report/2023/2023-2hakodate3.pdf,official_daily_result_pdf
202302020310,2023,函館,2,3,10,2023-07-08,https://www.jra.go.jp/datafile/seiseki/report/2023/2023-2hakodate3.pdf,official_daily_result_pdf
202302020311,2023,函館,2,3,11,2023-07-08,https://www.jra.go.jp/datafile/seiseki/report/2023/2023-2hakodate3.pdf,official_daily_result_pdf
202302020312,2023,函館,2,3,12,2023-07-08,https://www.jra.go.jp/datafile/seiseki/report/2023/2023-2hakodate3.pdf,official_daily_result_pdf
202302020401,2023,函館,2,4,1,2023-07-09,https://www.jra.go.jp/datafile/seiseki/report/2023/2023-2hakodate4.pdf,official_daily_result_pdf
202302020402,2023,函館,2,4,2,2023-07-09,https://www.jra.go.jp/datafile/seiseki/report/2023/2023-2hakodate4.pdf,official_daily_result_pdf
202302020403,2023,函館,2,4,3,2023-07-09,https://www.jra.go.jp/datafile/seiseki/report/2023/2023-2hakodate4.pdf,official_daily_result_pdf
202302020404,2023,函館,2,4,4,2023-07-09,https://www.jra.go.jp/datafile/seiseki/report/2023/2023-2hakodate4.pdf,official_daily_result_pdf
202302020405,2023,函館,2,4,5,2023-07-09,https://www.jra.go.jp/datafile/seiseki/report/2023/2023-2hakodate4.pdf,official_daily_result_pdf
202302020406,2023,函館,2,4,6,2023-07-09,https://www.jra.go.jp/datafile/seiseki/report/2023/2023-2hakodate4.pdf,official_daily_result_pdf
202302020407,2023,函館,2,4,7,2023-07-09,https://www.jra.go.jp/datafile/seiseki/report/2023/2023-2hakodate4.pdf,official_daily_result_pdf
202302020408,2023,函館,2,4,8,2023-07-09,https://www.jra.go.jp/datafile/seiseki/report/2023/2023-2hakodate4.pdf,official_daily_result_pdf
202302020409,2023,函館,2,4,9,2023-07-09,https://www.jra.go.jp/datafile/seiseki/report/2023/2023-2hakodate4.pdf,official_daily_result_pdf
202302020410,2023,函館,2,4,10,2023-07-09,https://www.jra.go.jp/datafile/seiseki/report/2023/2023-2hakodate4.pdf,official_daily_result_pdf
202302020411,2023,函館,2,4,11,2023-07-09,https://www.jra.go.jp/datafile/seiseki/report/2023/2023-2hakodate4.pdf,official_daily_result_pdf
202302020412,2023,函館,2,4,12,2023-07-09,https://www.jra.go.jp/datafile/seiseki/report/2023/2023-2hakodate4.pdf,official_daily_result_pdf
202302020501,2023,函館,2,5,1,2023-07-15,https://www.jra.go.jp/datafile/seiseki/report/2023/2023-2hakodate5.pdf,official_daily_result_pdf
202302020502,2023,函館,2,5,2,2023-07-15,https://www.jra.go.jp/datafile/seiseki/report/2023/2023-2hakodate5.pdf,official_daily_result_pdf
202302020503,2023,函館,2,5,3,2023-07-15,https://www.jra.go.jp/datafile/seiseki/report/2023/2023-2hakodate5.pdf,official_daily_result_pdf
202302020504,2023,函館,2,5,4,2023-07-15,https://www.jra.go.jp/datafile/seiseki/report/2023/2023-2hakodate5.pdf,official_daily_result_pdf
202302020505,2023,函館,2,5,5,2023-07-15,https://www.jra.go.jp/datafile/seiseki/report/2023/2023-2hakodate5.pdf,official_daily_result_pdf
202302020506,2023,函館,2,5,6,2023-07-15,https://www.jra.go.jp/datafile/seiseki/report/2023/2023-2hakodate5.pdf,official_daily_result_pdf
202302020507,2023,函館,2,5,7,2023-07-15,https://www.jra.go.jp/datafile/seiseki/report/2023/2023-2hakodate5.pdf,official_daily_result_pdf
202302020508,2023,函館,2,5,8,2023-07-15,https://www.jra.go.jp/datafile/seiseki/report/2023/2023-2hakodate5.pdf,official_daily_result_pdf
202302020509,2023,函館,2,5,9,2023-07-15,https://www.jra.go.jp/datafile/seiseki/report/2023/2023-2hakodate5.pdf,official_daily_result_pdf
202302020510,2023,函館,2,5,10,2023-07-15,https://www.jra.go.jp/datafile/seiseki/report/2023/2023-2hakodate5.pdf,official_daily_result_pdf
202302020511,2023,函館,2,5,11,2023-07-15,https://www.jra.go.jp/datafile/seiseki/report/2023/2023-2hakodate5.pdf,official_daily_result_pdf
202302020512,2023,函館,2,5,12,2023-07-15,https://www.jra.go.jp/datafile/seiseki/report/2023/2023-2hakodate5.pdf,official_daily_result_pdf
202302020601,2023,函館,2,6,1,2023-07-16,https://www.jra.go.jp/datafile/seiseki/report/2023/2023-2hakodate6.pdf,official_daily_result_pdf
202302020602,2023,函館,2,6,2,2023-07-16,https://www.jra.go.jp/datafile/seiseki/report/2023/2023-2hakodate6.pdf,official_daily_result_pdf
202302020603,2023,函館,2,6,3,2023-07-16,https://www.jra.go.jp/datafile/seiseki/report/2023/2023-2hakodate6.pdf,official_daily_result_pdf
202302020604,2023,函館,2,6,4,2023-07-16,https://www.jra.go.jp/datafile/seiseki/report/2023/2023-2hakodate6.pdf,official_daily_result_pdf
202302020605,2023,函館,2,6,5,2023-07-16,https://www.jra.go.jp/datafile/seiseki/report/2023/2023-2hakodate6.pdf,official_daily_result_pdf
202302020606,2023,函館,2,6,6,2023-07-16,https://www.jra.go.jp/datafile/seiseki/report/2023/2023-2hakodate6.pdf,official_daily_result_pdf
202302020607,2023,函館,2,6,7,2023-07-16,https://www.jra.go.jp/datafile/seiseki/report/2023/2023-2hakodate6.pdf,official_daily_result_pdf
202302020608,2023,函館,2,6,8,2023-07-16,https://www.jra.go.jp/datafile/seiseki/report/2023/2023-2hakodate6.pdf,official_daily_result_pdf
202302020609,2023,函館,2,6,9,2023-07-16,https://www.jra.go.jp/datafile/seiseki/report/2023/2023-2hakodate6.pdf,official_daily_result_pdf
202302020610,2023,函館,2,6,10,2023-07-16,https://www.jra.go.jp/datafile/seiseki/report/2023/2023-2hakodate6.pdf,official_daily_result_pdf
202302020611,2023,函館,2,6,11,2023-07-16,https://www.jra.go.jp/datafile/seiseki/report/2023/2023-2hakodate6.pdf,official_daily_result_pdf
202302020612,2023,函館,2,6,12,2023-07-16,https://www.jra.go.jp/datafile/seiseki/report/2023/2023-2hakodate6.pdf,official_daily_result_pdf
202303010101,2023,福島,1,1,1,2023-04-08,https://www.jra.go.jp/datafile/seiseki/report/2023/2023-1fukushima1.pdf,official_daily_result_pdf
202303010102,2023,福島,1,1,2,2023-04-08,https://www.jra.go.jp/datafile/seiseki/report/2023/2023-1fukushima1.pdf,official_daily_result_pdf
202303010103,2023,福島,1,1,3,2023-04-08,https://www.jra.go.jp/datafile/seiseki/report/2023/2023-1fukushima1.pdf,official_daily_result_pdf
202303010104,2023,福島,1,1,4,2023-04-08,https://www.jra.go.jp/datafile/seiseki/report/2023/2023-1fukushima1.pdf,official_daily_result_pdf
202303010105,2023,福島,1,1,5,2023-04-08,https://www.jra.go.jp/datafile/seiseki/report/2023/2023-1fukushima1.pdf,official_daily_result_pdf
202303010106,2023,福島,1,1,6,2023-04-08,https://www.jra.go.jp/datafile/seiseki/report/2023/2023-1fukushima1.pdf,official_daily_result_pdf
202303010107,2023,福島,1,1,7,2023-04-08,https://www.jra.go.jp/datafile/seiseki/report/2023/2023-1fukushima1.pdf,official_daily_result_pdf
202303010108,2023,福島,1,1,8,2023-04-08,https://www.jra.go.jp/datafile/seiseki/report/2023/2023-1fukushima1.pdf,official_daily_result_pdf
202303010109,2023,福島,1,1,9,2023-04-08,https://www.jra.go.jp/datafile/seiseki/report/2023/2023-1fukushima1.pdf,official_daily_result_pdf
202303010110,2023,福島,1,1,10,2023-04-08,https://www.jra.go.jp/datafile/seiseki/report/2023/2023-1fukushima1.pdf,official_daily_result_pdf
202303010111,2023,福島,1,1,11,2023-04-08,https://www.jra.go.jp/datafile/seiseki/report/2023/2023-1fukushima1.pdf,official_daily_result_pdf
202303010112,2023,福島,1,1,12,2023-04-08,https://www.jra.go.jp/datafile/seiseki/report/2023/2023-1fukushima1.pdf,official_daily_result_pdf
202303010201,2023,福島,1,2,1,2023-04-09,https://www.jra.go.jp/datafile/seiseki/report/2023/2023-1fukushima2.pdf,official_daily_result_pdf
202303010202,2023,福島,1,2,2,2023-04-09,https://www.jra.go.jp/datafile/seiseki/report/2023/2023-1fukushima2.pdf,official_daily_result_pdf
202303010203,2023,福島,1,2,3,2023-04-09,https://www.jra.go.jp/datafile/seiseki/report/2023/2023-1fukushima2.pdf,official_daily_result_pdf
202303010204,2023,福島,1,2,4,2023-04-09,https://www.jra.go.jp/datafile/seiseki/report/2023/2023-1fukushima2.pdf,official_daily_result_pdf
202303010205,2023,福島,1,2,5,2023-04-09,https://www.jra.go.jp/datafile/seiseki/report/2023/2023-1fukushima2.pdf,official_daily_result_pdf
202303010206,2023,福島,1,2,6,2023-04-09,https://www.jra.go.jp/datafile/seiseki/report/2023/2023-1fukushima2.pdf,official_daily_result_pdf
202303010207,2023,福島,1,2,7,2023-04-09,https://www.jra.go.jp/datafile/seiseki/report/2023/2023-1fukushima2.pdf,official_daily_result_pdf
202303010208,2023,福島,1,2,8,2023-04-09,https://www.jra.go.jp/datafile/seiseki/report/2023/2023-1fukushima2.pdf,official_daily_result_pdf
202303010209,2023,福島,1,2,9,2023-04-09,https://www.jra.go.jp/datafile/seiseki/report/2023/2023-1fukushima2.pdf,official_daily_result_pdf
202303010210,2023,福島,1,2,10,2023-04-09,https://www.jra.go.jp/datafile/seiseki/report/2023/2023-1fukushima2.pdf,official_daily_result_pdf
202303010211,2023,福島,1,2,11,2023-04-09,https://www.jra.go.jp/datafile/seiseki/report/2023/2023-1fukushima2.pdf,official_daily_result_pdf
202303010212,2023,福島,1,2,12,2023-04-09,https://www.jra.go.jp/datafile/seiseki/report/2023/2023-1fukushima2.pdf,official_daily_result_pdf
202303010301,2023,福島,1,3,1,2023-04-15,https://www.jra.go.jp/datafile/seiseki/report/2023/2023-1fukushima3.pdf,official_daily_result_pdf
202303010302,2023,福島,1,3,2,2023-04-15,https://www.jra.go.jp/datafile/seiseki/report/2023/2023-1fukushima3.pdf,official_daily_result_pdf
202303010303,2023,福島,1,3,3,2023-04-15,https://www.jra.go.jp/datafile/seiseki/report/2023/2023-1fukushima3.pdf,official_daily_result_pdf
202303010304,2023,福島,1,3,4,2023-04-15,https://www.jra.go.jp/datafile/seiseki/report/2023/2023-1fukushima3.pdf,official_daily_result_pdf
202303010305,2023,福島,1,3,5,2023-04-15,https://www.jra.go.jp/datafile/seiseki/report/2023/2023-1fukushima3.pdf,official_daily_result_pdf
202303010306,2023,福島,1,3,6,2023-04-15,https://www.jra.go.jp/datafile/seiseki/report/2023/2023-1fukushima3.pdf,official_daily_result_pdf
202303010307,2023,福島,1,3,7,2023-04-15,https://www.jra.go.jp/datafile/seiseki/report/2023/2023-1fukushima3.pdf,official_daily_result_pdf
202303010308,2023,福島,1,3,8,2023-04-15,https://www.jra.go.jp/datafile/seiseki/report/2023/2023-1fukushima3.pdf,official_daily_result_pdf
202303010309,2023,福島,1,3,9,2023-04-15,https://www.jra.go.jp/datafile/seiseki/report/2023/2023-1fukushima3.pdf,official_daily_result_pdf
202303010310,2023,福島,1,3,10,2023-04-15,https://www.jra.go.jp/datafile/seiseki/report/2023/2023-1fukushima3.pdf,official_daily_result_pdf
202303010311,2023,福島,1,3,11,2023-04-15,https://www.jra.go.jp/datafile/seiseki/report/2023/2023-1fukushima3.pdf,official_daily_result_pdf
202303010312,2023,福島,1,3,12,2023-04-15,https://www.jra.go.jp/datafile/seiseki/report/2023/2023-1fukushima3.pdf,official_daily_result_pdf
202303010401,2023,福島,1,4,1,2023-04-16,https://www.jra.go.jp/datafile/seiseki/report/2023/2023-1fukushima4.pdf,official_daily_result_pdf
202303010402,2023,福島,1,4,2,2023-04-16,https://www.jra.go.jp/datafile/seiseki/report/2023/2023-1fukushima4.pdf,official_daily_result_pdf
202303010403,2023,福島,1,4,3,2023-04-16,https://www.jra.go.jp/datafile/seiseki/report/2023/2023-1fukushima4.pdf,official_daily_result_pdf
202303010404,2023,福島,1,4,4,2023-04-16,https://www.jra.go.jp/datafile/seiseki/report/2023/2023-1fukushima4.pdf,official_daily_result_pdf
202303010405,2023,福島,1,4,5,2023-04-16,https://www.jra.go.jp/datafile/seiseki/report/2023/2023-1fukushima4.pdf,official_daily_result_pdf
202303010406,2023,福島,1,4,6,2023-04-16,https://www.jra.go.jp/datafile/seiseki/report/2023/2023-1fukushima4.pdf,official_daily_result_pdf
202303010407,2023,福島,1,4,7,2023-04-16,https://www.jra.go.jp/datafile/seiseki/report/2023/2023-1fukushima4.pdf,official_daily_result_pdf
202303010408,2023,福島,1,4,8,2023-04-16,https://www.jra.go.jp/datafile/seiseki/report/2023/2023-1fukushima4.pdf,official_daily_result_pdf
202303010409,2023,福島,1,4,9,2023-04-16,https://www.jra.go.jp/datafile/seiseki/report/2023/2023-1fukushima4.pdf,official_daily_result_pdf
202303010410,2023,福島,1,4,10,2023-04-16,https://www.jra.go.jp/datafile/seiseki/report/2023/2023-1fukushima4.pdf,official_daily_result_pdf
202303010411,2023,福島,1,4,11,2023-04-16,https://www.jra.go.jp/datafile/seiseki/report/2023/2023-1fukushima4.pdf,official_daily_result_pdf
202303010412,2023,福島,1,4,12,2023-04-16,https://www.jra.go.jp/datafile/seiseki/report/2023/2023-1fukushima4.pdf,official_daily_result_pdf
202303010501,2023,福島,1,5,1,2023-04-22,https://www.jra.go.jp/datafile/seiseki/report/2023/2023-1fukushima5.pdf,official_daily_result_pdf
202303010502,2023,福島,1,5,2,2023-04-22,https://www.jra.go.jp/datafile/seiseki/report/2023/2023-1fukushima5.pdf,official_daily_result_pdf
202303010503,2023,福島,1,5,3,2023-04-22,https://www.jra.go.jp/datafile/seiseki/report/2023/2023-1fukushima5.pdf,official_daily_result_pdf
202303010504,2023,福島,1,5,4,2023-04-22,https://www.jra.go.jp/datafile/seiseki/report/2023/2023-1fukushima5.pdf,official_daily_result_pdf
202303010505,2023,福島,1,5,5,2023-04-22,https://www.jra.go.jp/datafile/seiseki/report/2023/2023-1fukushima5.pdf,official_daily_result_pdf
202303010506,2023,福島,1,5,6,2023-04-22,https://www.jra.go.jp/datafile/seiseki/report/2023/2023-1fukushima5.pdf,official_daily_result_pdf
202303010507,2023,福島,1,5,7,2023-04-22,https://www.jra.go.jp/datafile/seiseki/report/2023/2023-1fukushima5.pdf,official_daily_result_pdf
202303010508,2023,福島,1,5,8,2023-04-22,https://www.jra.go.jp/datafile/seiseki/report/2023/2023-1fukushima5.pdf,official_daily_result_pdf
202303010509,2023,福島,1,5,9,2023-04-22,https://www.jra.go.jp/datafile/seiseki/report/2023/2023-1fukushima5.pdf,official_daily_result_pdf
202303010510,2023,福島,1,5,10,2023-04-22,https://www.jra.go.jp/datafile/seiseki/report/2023/2023-1fukushima5.pdf,official_daily_result_pdf
202303010511,2023,福島,1,5,11,2023-04-22,https://www.jra.go.jp/datafile/seiseki/report/2023/2023-1fukushima5.pdf,official_daily_result_pdf
202303010512,2023,福島,1,5,12,2023-04-22,https://www.jra.go.jp/datafile/seiseki/report/2023/2023-1fukushima5.pdf,official_daily_result_pdf
202303010601,2023,福島,1,6,1,2023-04-23,https://www.jra.go.jp/datafile/seiseki/report/2023/2023-1fukushima6.pdf,official_daily_result_pdf
202303010602,2023,福島,1,6,2,2023-04-23,https://www.jra.go.jp/datafile/seiseki/report/2023/2023-1fukushima6.pdf,official_daily_result_pdf
202303010603,2023,福島,1,6,3,2023-04-23,https://www.jra.go.jp/datafile/seiseki/report/2023/2023-1fukushima6.pdf,official_daily_result_pdf
202303010604,2023,福島,1,6,4,2023-04-23,https://www.jra.go.jp/datafile/seiseki/report/2023/2023-1fukushima6.pdf,official_daily_result_pdf
202303010605,2023,福島,1,6,5,2023-04-23,https://www.jra.go.jp/datafile/seiseki/report/2023/2023-1fukushima6.pdf,official_daily_result_pdf
202303010606,2023,福島,1,6,6,2023-04-23,https://www.jra.go.jp/datafile/seiseki/report/2023/2023-1fukushima6.pdf,official_daily_result_pdf
202303010607,2023,福島,1,6,7,2023-04-23,https://www.jra.go.jp/datafile/seiseki/report/2023/2023-1fukushima6.pdf,official_daily_result_pdf
202303010608,2023,福島,1,6,8,2023-04-23,https://www.jra.go.jp/datafile/seiseki/report/2023/2023-1fukushima6.pdf,official_daily_result_pdf
202303010609,2023,福島,1,6,9,2023-04-23,https://www.jra.go.jp/datafile/seiseki/report/2023/2023-1fukushima6.pdf,official_daily_result_pdf
202303010610,2023,福島,1,6,10,2023-04-23,https://www.jra.go.jp/datafile/seiseki/report/2023/2023-1fukushima6.pdf,official_daily_result_pdf
202303010611,2023,福島,1,6,11,2023-04-23,https://www.jra.go.jp/datafile/seiseki/report/2023/2023-1fukushima6.pdf,official_daily_result_pdf
202303010612,2023,福島,1,6,12,2023-04-23,https://www.jra.go.jp/datafile/seiseki/report/2023/2023-1fukushima6.pdf,official_daily_result_pdf
202303020101,2023,福島,2,1,1,2023-07-01,https://www.jra.go.jp/datafile/seiseki/report/2023/2023-2fukushima1.pdf,official_daily_result_pdf
202303020102,2023,福島,2,1,2,2023-07-01,https://www.jra.go.jp/datafile/seiseki/report/2023/2023-2fukushima1.pdf,official_daily_result_pdf
202303020103,2023,福島,2,1,3,2023-07-01,https://www.jra.go.jp/datafile/seiseki/report/2023/2023-2fukushima1.pdf,official_daily_result_pdf
202303020104,2023,福島,2,1,4,2023-07-01,https://www.jra.go.jp/datafile/seiseki/report/2023/2023-2fukushima1.pdf,official_daily_result_pdf
202303020105,2023,福島,2,1,5,2023-07-01,https://www.jra.go.jp/datafile/seiseki/report/2023/2023-2fukushima1.pdf,official_daily_result_pdf
202303020106,2023,福島,2,1,6,2023-07-01,https://www.jra.go.jp/datafile/seiseki/report/2023/2023-2fukushima1.pdf,official_daily_result_pdf
202303020107,2023,福島,2,1,7,2023-07-01,https://www.jra.go.jp/datafile/seiseki/report/2023/2023-2fukushima1.pdf,official_daily_result_pdf
202303020108,2023,福島,2,1,8,2023-07-01,https://www.jra.go.jp/datafile/seiseki/report/2023/2023-2fukushima1.pdf,official_daily_result_pdf
202303020109,2023,福島,2,1,9,2023-07-01,https://www.jra.go.jp/datafile/seiseki/report/2023/2023-2fukushima1.pdf,official_daily_result_pdf
202303020110,2023,福島,2,1,10,2023-07-01,https://www.jra.go.jp/datafile/seiseki/report/2023/2023-2fukushima1.pdf,official_daily_result_pdf
202303020111,2023,福島,2,1,11,2023-07-01,https://www.jra.go.jp/datafile/seiseki/report/2023/2023-2fukushima1.pdf,official_daily_result_pdf
202303020112,2023,福島,2,1,12,2023-07-01,https://www.jra.go.jp/datafile/seiseki/report/2023/2023-2fukushima1.pdf,official_daily_result_pdf
202303020201,2023,福島,2,2,1,2023-07-02,https://www.jra.go.jp/datafile/seiseki/report/2023/2023-2fukushima2.pdf,official_daily_result_pdf
202303020202,2023,福島,2,2,2,2023-07-02,https://www.jra.go.jp/datafile/seiseki/report/2023/2023-2fukushima2.pdf,official_daily_result_pdf
202303020203,2023,福島,2,2,3,2023-07-02,https://www.jra.go.jp/datafile/seiseki/report/2023/2023-2fukushima2.pdf,official_daily_result_pdf
202303020204,2023,福島,2,2,4,2023-07-02,https://www.jra.go.jp/datafile/seiseki/report/2023/2023-2fukushima2.pdf,official_daily_result_pdf
202303020205,2023,福島,2,2,5,2023-07-02,https://www.jra.go.jp/datafile/seiseki/report/2023/2023-2fukushima2.pdf,official_daily_result_pdf
202303020206,2023,福島,2,2,6,2023-07-02,https://www.jra.go.jp/datafile/seiseki/report/2023/2023-2fukushima2.pdf,official_daily_result_pdf
202303020207,2023,福島,2,2,7,2023-07-02,https://www.jra.go.jp/datafile/seiseki/report/2023/2023-2fukushima2.pdf,official_daily_result_pdf
202303020208,2023,福島,2,2,8,2023-07-02,https://www.jra.go.jp/datafile/seiseki/report/2023/2023-2fukushima2.pdf,official_daily_result_pdf
202303020209,2023,福島,2,2,9,2023-07-02,https://www.jra.go.jp/datafile/seiseki/report/2023/2023-2fukushima2.pdf,official_daily_result_pdf
202303020210,2023,福島,2,2,10,2023-07-02,https://www.jra.go.jp/datafile/seiseki/report/2023/2023-2fukushima2.pdf,official_daily_result_pdf
202303020211,2023,福島,2,2,11,2023-07-02,https://www.jra.go.jp/datafile/seiseki/report/2023/2023-2fukushima2.pdf,official_daily_result_pdf
202303020212,2023,福島,2,2,12,2023-07-02,https://www.jra.go.jp/datafile/seiseki/report/2023/2023-2fukushima2.pdf,official_daily_result_pdf
202303020301,2023,福島,2,3,1,2023-07-08,https://www.jra.go.jp/datafile/seiseki/report/2023/2023-2fukushima3.pdf,official_daily_result_pdf
202303020302,2023,福島,2,3,2,2023-07-08,https://www.jra.go.jp/datafile/seiseki/report/2023/2023-2fukushima3.pdf,official_daily_result_pdf
202303020303,2023,福島,2,3,3,2023-07-08,https://www.jra.go.jp/datafile/seiseki/report/2023/2023-2fukushima3.pdf,official_daily_result_pdf
202303020304,2023,福島,2,3,4,2023-07-08,https://www.jra.go.jp/datafile/seiseki/report/2023/2023-2fukushima3.pdf,official_daily_result_pdf
202303020305,2023,福島,2,3,5,2023-07-08,https://www.jra.go.jp/datafile/seiseki/report/2023/2023-2fukushima3.pdf,official_daily_result_pdf
202303020306,2023,福島,2,3,6,2023-07-08,https://www.jra.go.jp/datafile/seiseki/report/2023/2023-2fukushima3.pdf,official_daily_result_pdf
202303020307,2023,福島,2,3,7,2023-07-08,https://www.jra.go.jp/datafile/seiseki/report/2023/2023-2fukushima3.pdf,official_daily_result_pdf
202303020308,2023,福島,2,3,8,2023-07-08,https://www.jra.go.jp/datafile/seiseki/report/2023/2023-2fukushima3.pdf,official_daily_result_pdf
202303020309,2023,福島,2,3,9,2023-07-08,https://www.jra.go.jp/datafile/seiseki/report/2023/2023-2fukushima3.pdf,official_daily_result_pdf
202303020310,2023,福島,2,3,10,2023-07-08,https://www.jra.go.jp/datafile/seiseki/report/2023/2023-2fukushima3.pdf,official_daily_result_pdf
202303020311,2023,福島,2,3,11,2023-07-08,https://www.jra.go.jp/datafile/seiseki/report/2023/2023-2fukushima3.pdf,official_daily_result_pdf
202303020312,2023,福島,2,3,12,2023-07-08,https://www.jra.go.jp/datafile/seiseki/report/2023/2023-2fukushima3.pdf,official_daily_result_pdf
202303020401,2023,福島,2,4,1,2023-07-09,https://www.jra.go.jp/datafile/seiseki/report/2023/2023-2fukushima4.pdf,official_daily_result_pdf
202303020402,2023,福島,2,4,2,2023-07-09,https://www.jra.go.jp/datafile/seiseki/report/2023/2023-2fukushima4.pdf,official_daily_result_pdf
202303020403,2023,福島,2,4,3,2023-07-09,https://www.jra.go.jp/datafile/seiseki/report/2023/2023-2fukushima4.pdf,official_daily_result_pdf
202303020404,2023,福島,2,4,4,2023-07-09,https://www.jra.go.jp/datafile/seiseki/report/2023/2023-2fukushima4.pdf,official_daily_result_pdf
202303020405,2023,福島,2,4,5,2023-07-09,https://www.jra.go.jp/datafile/seiseki/report/2023/2023-2fukushima4.pdf,official_daily_result_pdf
202303020406,2023,福島,2,4,6,2023-07-09,https://www.jra.go.jp/datafile/seiseki/report/2023/2023-2fukushima4.pdf,official_daily_result_pdf
202303020407,2023,福島,2,4,7,2023-07-09,https://www.jra.go.jp/datafile/seiseki/report/2023/2023-2fukushima4.pdf,official_daily_result_pdf
202303020408,2023,福島,2,4,8,2023-07-09,https://www.jra.go.jp/datafile/seiseki/report/2023/2023-2fukushima4.pdf,official_daily_result_pdf
202303020409,2023,福島,2,4,9,2023-07-09,https://www.jra.go.jp/datafile/seiseki/report/2023/2023-2fukushima4.pdf,official_daily_result_pdf
202303020410,2023,福島,2,4,10,2023-07-09,https://www.jra.go.jp/datafile/seiseki/report/2023/2023-2fukushima4.pdf,official_daily_result_pdf
202303020411,2023,福島,2,4,11,2023-07-09,https://www.jra.go.jp/datafile/seiseki/report/2023/2023-2fukushima4.pdf,official_daily_result_pdf
202303020412,2023,福島,2,4,12,2023-07-09,https://www.jra.go.jp/datafile/seiseki/report/2023/2023-2fukushima4.pdf,official_daily_result_pdf
202303020501,2023,福島,2,5,1,2023-07-15,https://www.jra.go.jp/datafile/seiseki/report/2023/2023-2fukushima5.pdf,official_daily_result_pdf
202303020502,2023,福島,2,5,2,2023-07-15,https://www.jra.go.jp/datafile/seiseki/report/2023/2023-2fukushima5.pdf,official_daily_result_pdf
202303020503,2023,福島,2,5,3,2023-07-15,https://www.jra.go.jp/datafile/seiseki/report/2023/2023-2fukushima5.pdf,official_daily_result_pdf
202303020504,2023,福島,2,5,4,2023-07-15,https://www.jra.go.jp/datafile/seiseki/report/2023/2023-2fukushima5.pdf,official_daily_result_pdf
202303020505,2023,福島,2,5,5,2023-07-15,https://www.jra.go.jp/datafile/seiseki/report/2023/2023-2fukushima5.pdf,official_daily_result_pdf
202303020506,2023,福島,2,5,6,2023-07-15,https://www.jra.go.jp/datafile/seiseki/report/2023/2023-2fukushima5.pdf,official_daily_result_pdf
202303020507,2023,福島,2,5,7,2023-07-15,https://www.jra.go.jp/datafile/seiseki/report/2023/2023-2fukushima5.pdf,official_daily_result_pdf
202303020508,2023,福島,2,5,8,2023-07-15,https://www.jra.go.jp/datafile/seiseki/report/2023/2023-2fukushima5.pdf,official_daily_result_pdf
202303020509,2023,福島,2,5,9,2023-07-15,https://www.jra.go.jp/datafile/seiseki/report/2023/2023-2fukushima5.pdf,official_daily_result_pdf
202303020510,2023,福島,2,5,10,2023-07-15,https://www.jra.go.jp/datafile/seiseki/report/2023/2023-2fukushima5.pdf,official_daily_result_pdf
202303020511,2023,福島,2,5,11,2023-07-15,https://www.jra.go.jp/datafile/seiseki/report/2023/2023-2fukushima5.pdf,official_daily_result_pdf
202303020512,2023,福島,2,5,12,2023-07-15,https://www.jra.go.jp/datafile/seiseki/report/2023/2023-2fukushima5.pdf,official_daily_result_pdf
202303020601,2023,福島,2,6,1,2023-07-16,https://www.jra.go.jp/datafile/seiseki/report/2023/2023-2fukushima6.pdf,official_daily_result_pdf
202303020602,2023,福島,2,6,2,2023-07-16,https://www.jra.go.jp/datafile/seiseki/report/2023/2023-2fukushima6.pdf,official_daily_result_pdf
202303020603,2023,福島,2,6,3,2023-07-16,https://www.jra.go.jp/datafile/seiseki/report/2023/2023-2fukushima6.pdf,official_daily_result_pdf
202303020604,2023,福島,2,6,4,2023-07-16,https://www.jra.go.jp/datafile/seiseki/report/2023/2023-2fukushima6.pdf,official_daily_result_pdf
202303020605,2023,福島,2,6,5,2023-07-16,https://www.jra.go.jp/datafile/seiseki/report/2023/2023-2fukushima6.pdf,official_daily_result_pdf
202303020606,2023,福島,2,6,6,2023-07-16,https://www.jra.go.jp/datafile/seiseki/report/2023/2023-2fukushima6.pdf,official_daily_result_pdf
202303020607,2023,福島,2,6,7,2023-07-16,https://www.jra.go.jp/datafile/seiseki/report/2023/2023-2fukushima6.pdf,official_daily_result_pdf
202303020608,2023,福島,2,6,8,2023-07-16,https://www.jra.go.jp/datafile/seiseki/report/2023/2023-2fukushima6.pdf,official_daily_result_pdf
202303020609,2023,福島,2,6,9,2023-07-16,https://www.jra.go.jp/datafile/seiseki/report/2023/2023-2fukushima6.pdf,official_daily_result_pdf
202303020610,2023,福島,2,6,10,2023-07-16,https://www.jra.go.jp/datafile/seiseki/report/2023/2023-2fukushima6.pdf,official_daily_result_pdf
202303020611,2023,福島,2,6,11,2023-07-16,https://www.jra.go.jp/datafile/seiseki/report/2023/2023-2fukushima6.pdf,official_daily_result_pdf
202303020612,2023,福島,2,6,12,2023-07-16,https://www.jra.go.jp/datafile/seiseki/report/2023/2023-2fukushima6.pdf,official_daily_result_pdf
202303020701,2023,福島,2,7,1,2023-07-22,https://www.jra.go.jp/datafile/seiseki/report/2023/2023-2fukushima7.pdf,official_daily_result_pdf
202303020702,2023,福島,2,7,2,2023-07-22,https://www.jra.go.jp/datafile/seiseki/report/2023/2023-2fukushima7.pdf,official_daily_result_pdf
202303020703,2023,福島,2,7,3,2023-07-22,https://www.jra.go.jp/datafile/seiseki/report/2023/2023-2fukushima7.pdf,official_daily_result_pdf
202303020704,2023,福島,2,7,4,2023-07-22,https://www.jra.go.jp/datafile/seiseki/report/2023/2023-2fukushima7.pdf,official_daily_result_pdf
202303020705,2023,福島,2,7,5,2023-07-22,https://www.jra.go.jp/datafile/seiseki/report/2023/2023-2fukushima7.pdf,official_daily_result_pdf
202303020706,2023,福島,2,7,6,2023-07-22,https://www.jra.go.jp/datafile/seiseki/report/2023/2023-2fukushima7.pdf,official_daily_result_pdf
202303020707,2023,福島,2,7,7,2023-07-22,https://www.jra.go.jp/datafile/seiseki/report/2023/2023-2fukushima7.pdf,official_daily_result_pdf
202303020708,2023,福島,2,7,8,2023-07-22,https://www.jra.go.jp/datafile/seiseki/report/2023/2023-2fukushima7.pdf,official_daily_result_pdf
202303020709,2023,福島,2,7,9,2023-07-22,https://www.jra.go.jp/datafile/seiseki/report/2023/2023-2fukushima7.pdf,official_daily_result_pdf
202303020710,2023,福島,2,7,10,2023-07-22,https://www.jra.go.jp/datafile/seiseki/report/2023/2023-2fukushima7.pdf,official_daily_result_pdf
202303020711,2023,福島,2,7,11,2023-07-22,https://www.jra.go.jp/datafile/seiseki/report/2023/2023-2fukushima7.pdf,official_daily_result_pdf
202303020712,2023,福島,2,7,12,2023-07-22,https://www.jra.go.jp/datafile/seiseki/report/2023/2023-2fukushima7.pdf,official_daily_result_pdf
202303020801,2023,福島,2,8,1,2023-07-23,https://www.jra.go.jp/datafile/seiseki/report/2023/2023-2fukushima8.pdf,official_daily_result_pdf
202303020802,2023,福島,2,8,2,2023-07-23,https://www.jra.go.jp/datafile/seiseki/report/2023/2023-2fukushima8.pdf,official_daily_result_pdf
202303020803,2023,福島,2,8,3,2023-07-23,https://www.jra.go.jp/datafile/seiseki/report/2023/2023-2fukushima8.pdf,official_daily_result_pdf
202303020804,2023,福島,2,8,4,2023-07-23,https://www.jra.go.jp/datafile/seiseki/report/2023/2023-2fukushima8.pdf,official_daily_result_pdf
202303020805,2023,福島,2,8,5,2023-07-23,https://www.jra.go.jp/datafile/seiseki/report/2023/2023-2fukushima8.pdf,official_daily_result_pdf
202303020806,2023,福島,2,8,6,2023-07-23,https://www.jra.go.jp/datafile/seiseki/report/2023/2023-2fukushima8.pdf,official_daily_result_pdf
202303020807,2023,福島,2,8,7,2023-07-23,https://www.jra.go.jp/datafile/seiseki/report/2023/2023-2fukushima8.pdf,official_daily_result_pdf
202303020808,2023,福島,2,8,8,2023-07-23,https://www.jra.go.jp/datafile/seiseki/report/2023/2023-2fukushima8.pdf,official_daily_result_pdf
202303020809,2023,福島,2,8,9,2023-07-23,https://www.jra.go.jp/datafile/seiseki/report/2023/2023-2fukushima8.pdf,official_daily_result_pdf
202303020810,2023,福島,2,8,10,2023-07-23,https://www.jra.go.jp/datafile/seiseki/report/2023/2023-2fukushima8.pdf,official_daily_result_pdf
202303020811,2023,福島,2,8,11,2023-07-23,https://www.jra.go.jp/datafile/seiseki/report/2023/2023-2fukushima8.pdf,official_daily_result_pdf
202303020812,2023,福島,2,8,12,2023-07-23,https://www.jra.go.jp/datafile/seiseki/report/2023/2023-2fukushima8.pdf,official_daily_result_pdf
202303030101,2023,福島,3,1,1,2023-11-04,https://www.jra.go.jp/datafile/seiseki/report/2023/2023-3fukushima1.pdf,official_daily_result_pdf
202303030102,2023,福島,3,1,2,2023-11-04,https://www.jra.go.jp/datafile/seiseki/report/2023/2023-3fukushima1.pdf,official_daily_result_pdf
202303030103,2023,福島,3,1,3,2023-11-04,https://www.jra.go.jp/datafile/seiseki/report/2023/2023-3fukushima1.pdf,official_daily_result_pdf
202303030104,2023,福島,3,1,4,2023-11-04,https://www.jra.go.jp/datafile/seiseki/report/2023/2023-3fukushima1.pdf,official_daily_result_pdf
202303030105,2023,福島,3,1,5,2023-11-04,https://www.jra.go.jp/datafile/seiseki/report/2023/2023-3fukushima1.pdf,official_daily_result_pdf
202303030106,2023,福島,3,1,6,2023-11-04,https://www.jra.go.jp/datafile/seiseki/report/2023/2023-3fukushima1.pdf,official_daily_result_pdf
202303030107,2023,福島,3,1,7,2023-11-04,https://www.jra.go.jp/datafile/seiseki/report/2023/2023-3fukushima1.pdf,official_daily_result_pdf
202303030108,2023,福島,3,1,8,2023-11-04,https://www.jra.go.jp/datafile/seiseki/report/2023/2023-3fukushima1.pdf,official_daily_result_pdf
202303030109,2023,福島,3,1,9,2023-11-04,https://www.jra.go.jp/datafile/seiseki/report/2023/2023-3fukushima1.pdf,official_daily_result_pdf
202303030110,2023,福島,3,1,10,2023-11-04,https://www.jra.go.jp/datafile/seiseki/report/2023/2023-3fukushima1.pdf,official_daily_result_pdf
202303030111,2023,福島,3,1,11,2023-11-04,https://www.jra.go.jp/datafile/seiseki/report/2023/2023-3fukushima1.pdf,official_daily_result_pdf
202303030112,2023,福島,3,1,12,2023-11-04,https://www.jra.go.jp/datafile/seiseki/report/2023/2023-3fukushima1.pdf,official_daily_result_pdf
202303030201,2023,福島,3,2,1,2023-11-05,https://www.jra.go.jp/datafile/seiseki/report/2023/2023-3fukushima2.pdf,official_daily_result_pdf
202303030202,2023,福島,3,2,2,2023-11-05,https://www.jra.go.jp/datafile/seiseki/report/2023/2023-3fukushima2.pdf,official_daily_result_pdf
202303030203,2023,福島,3,2,3,2023-11-05,https://www.jra.go.jp/datafile/seiseki/report/2023/2023-3fukushima2.pdf,official_daily_result_pdf
202303030204,2023,福島,3,2,4,2023-11-05,https://www.jra.go.jp/datafile/seiseki/report/2023/2023-3fukushima2.pdf,official_daily_result_pdf
202303030205,2023,福島,3,2,5,2023-11-05,https://www.jra.go.jp/datafile/seiseki/report/2023/2023-3fukushima2.pdf,official_daily_result_pdf
202303030206,2023,福島,3,2,6,2023-11-05,https://www.jra.go.jp/datafile/seiseki/report/2023/2023-3fukushima2.pdf,official_daily_result_pdf
202303030207,2023,福島,3,2,7,2023-11-05,https://www.jra.go.jp/datafile/seiseki/report/2023/2023-3fukushima2.pdf,official_daily_result_pdf
202303030208,2023,福島,3,2,8,2023-11-05,https://www.jra.go.jp/datafile/seiseki/report/2023/2023-3fukushima2.pdf,official_daily_result_pdf
202303030209,2023,福島,3,2,9,2023-11-05,https://www.jra.go.jp/datafile/seiseki/report/2023/2023-3fukushima2.pdf,official_daily_result_pdf
202303030210,2023,福島,3,2,10,2023-11-05,https://www.jra.go.jp/datafile/seiseki/report/2023/2023-3fukushima2.pdf,official_daily_result_pdf
202303030211,2023,福島,3,2,11,2023-11-05,https://www.jra.go.jp/datafile/seiseki/report/2023/2023-3fukushima2.pdf,official_daily_result_pdf
202303030212,2023,福島,3,2,12,2023-11-05,https://www.jra.go.jp/datafile/seiseki/report/2023/2023-3fukushima2.pdf,official_daily_result_pdf
202303030301,2023,福島,3,3,1,2023-11-11,https://www.jra.go.jp/datafile/seiseki/report/2023/2023-3fukushima3.pdf,official_daily_result_pdf
202303030302,2023,福島,3,3,2,2023-11-11,https://www.jra.go.jp/datafile/seiseki/report/2023/2023-3fukushima3.pdf,official_daily_result_pdf
202303030303,2023,福島,3,3,3,2023-11-11,https://www.jra.go.jp/datafile/seiseki/report/2023/2023-3fukushima3.pdf,official_daily_result_pdf
202303030304,2023,福島,3,3,4,2023-11-11,https://www.jra.go.jp/datafile/seiseki/report/2023/2023-3fukushima3.pdf,official_daily_result_pdf
202303030305,2023,福島,3,3,5,2023-11-11,https://www.jra.go.jp/datafile/seiseki/report/2023/2023-3fukushima3.pdf,official_daily_result_pdf
202303030306,2023,福島,3,3,6,2023-11-11,https://www.jra.go.jp/datafile/seiseki/report/2023/2023-3fukushima3.pdf,official_daily_result_pdf
202303030307,2023,福島,3,3,7,2023-11-11,https://www.jra.go.jp/datafile/seiseki/report/2023/2023-3fukushima3.pdf,official_daily_result_pdf
202303030308,2023,福島,3,3,8,2023-11-11,https://www.jra.go.jp/datafile/seiseki/report/2023/2023-3fukushima3.pdf,official_daily_result_pdf
202303030309,2023,福島,3,3,9,2023-11-11,https://www.jra.go.jp/datafile/seiseki/report/2023/2023-3fukushima3.pdf,official_daily_result_pdf
202303030310,2023,福島,3,3,10,2023-11-11,https://www.jra.go.jp/datafile/seiseki/report/2023/2023-3fukushima3.pdf,official_daily_result_pdf
202303030311,2023,福島,3,3,11,2023-11-11,https://www.jra.go.jp/datafile/seiseki/report/2023/2023-3fukushima3.pdf,official_daily_result_pdf
202303030312,2023,福島,3,3,12,2023-11-11,https://www.jra.go.jp/datafile/seiseki/report/2023/2023-3fukushima3.pdf,official_daily_result_pdf
202303030401,2023,福島,3,4,1,2023-11-12,https://www.jra.go.jp/datafile/seiseki/report/2023/2023-3fukushima4.pdf,official_daily_result_pdf
202303030402,2023,福島,3,4,2,2023-11-12,https://www.jra.go.jp/datafile/seiseki/report/2023/2023-3fukushima4.pdf,official_daily_result_pdf
202303030403,2023,福島,3,4,3,2023-11-12,https://www.jra.go.jp/datafile/seiseki/report/2023/2023-3fukushima4.pdf,official_daily_result_pdf
202303030404,2023,福島,3,4,4,2023-11-12,https://www.jra.go.jp/datafile/seiseki/report/2023/2023-3fukushima4.pdf,official_daily_result_pdf
202303030405,2023,福島,3,4,5,2023-11-12,https://www.jra.go.jp/datafile/seiseki/report/2023/2023-3fukushima4.pdf,official_daily_result_pdf
202303030406,2023,福島,3,4,6,2023-11-12,https://www.jra.go.jp/datafile/seiseki/report/2023/2023-3fukushima4.pdf,official_daily_result_pdf
202303030407,2023,福島,3,4,7,2023-11-12,https://www.jra.go.jp/datafile/seiseki/report/2023/2023-3fukushima4.pdf,official_daily_result_pdf
202303030408,2023,福島,3,4,8,2023-11-12,https://www.jra.go.jp/datafile/seiseki/report/2023/2023-3fukushima4.pdf,official_daily_result_pdf
202303030409,2023,福島,3,4,9,2023-11-12,https://www.jra.go.jp/datafile/seiseki/report/2023/2023-3fukushima4.pdf,official_daily_result_pdf
202303030410,2023,福島,3,4,10,2023-11-12,https://www.jra.go.jp/datafile/seiseki/report/2023/2023-3fukushima4.pdf,official_daily_result_pdf
202303030411,2023,福島,3,4,11,2023-11-12,https://www.jra.go.jp/datafile/seiseki/report/2023/2023-3fukushima4.pdf,official_daily_result_pdf
202303030412,2023,福島,3,4,12,2023-11-12,https://www.jra.go.jp/datafile/seiseki/report/2023/2023-3fukushima4.pdf,official_daily_result_pdf
202303030501,2023,福島,3,5,1,2023-11-18,https://www.jra.go.jp/datafile/seiseki/report/2023/2023-3fukushima5.pdf,official_daily_result_pdf
202303030502,2023,福島,3,5,2,2023-11-18,https://www.jra.go.jp/datafile/seiseki/report/2023/2023-3fukushima5.pdf,official_daily_result_pdf
202303030503,2023,福島,3,5,3,2023-11-18,https://www.jra.go.jp/datafile/seiseki/report/2023/2023-3fukushima5.pdf,official_daily_result_pdf
202303030504,2023,福島,3,5,4,2023-11-18,https://www.jra.go.jp/datafile/seiseki/report/2023/2023-3fukushima5.pdf,official_daily_result_pdf
202303030505,2023,福島,3,5,5,2023-11-18,https://www.jra.go.jp/datafile/seiseki/report/2023/2023-3fukushima5.pdf,official_daily_result_pdf
202303030506,2023,福島,3,5,6,2023-11-18,https://www.jra.go.jp/datafile/seiseki/report/2023/2023-3fukushima5.pdf,official_daily_result_pdf
202303030507,2023,福島,3,5,7,2023-11-18,https://www.jra.go.jp/datafile/seiseki/report/2023/2023-3fukushima5.pdf,official_daily_result_pdf
202303030508,2023,福島,3,5,8,2023-11-18,https://www.jra.go.jp/datafile/seiseki/report/2023/2023-3fukushima5.pdf,official_daily_result_pdf
202303030509,2023,福島,3,5,9,2023-11-18,https://www.jra.go.jp/datafile/seiseki/report/2023/2023-3fukushima5.pdf,official_daily_result_pdf
202303030510,2023,福島,3,5,10,2023-11-18,https://www.jra.go.jp/datafile/seiseki/report/2023/2023-3fukushima5.pdf,official_daily_result_pdf
202303030511,2023,福島,3,5,11,2023-11-18,https://www.jra.go.jp/datafile/seiseki/report/2023/2023-3fukushima5.pdf,official_daily_result_pdf
202303030512,2023,福島,3,5,12,2023-11-18,https://www.jra.go.jp/datafile/seiseki/report/2023/2023-3fukushima5.pdf,official_daily_result_pdf
202303030601,2023,福島,3,6,1,2023-11-19,https://www.jra.go.jp/datafile/seiseki/report/2023/2023-3fukushima6.pdf,official_daily_result_pdf
202303030602,2023,福島,3,6,2,2023-11-19,https://www.jra.go.jp/datafile/seiseki/report/2023/2023-3fukushima6.pdf,official_daily_result_pdf
202303030603,2023,福島,3,6,3,2023-11-19,https://www.jra.go.jp/datafile/seiseki/report/2023/2023-3fukushima6.pdf,official_daily_result_pdf
202303030604,2023,福島,3,6,4,2023-11-19,https://www.jra.go.jp/datafile/seiseki/report/2023/2023-3fukushima6.pdf,official_daily_result_pdf
202303030605,2023,福島,3,6,5,2023-11-19,https://www.jra.go.jp/datafile/seiseki/report/2023/2023-3fukushima6.pdf,official_daily_result_pdf
202303030606,2023,福島,3,6,6,2023-11-19,https://www.jra.go.jp/datafile/seiseki/report/2023/2023-3fukushima6.pdf,official_daily_result_pdf
202303030607,2023,福島,3,6,7,2023-11-19,https://www.jra.go.jp/datafile/seiseki/report/2023/2023-3fukushima6.pdf,official_daily_result_pdf
202303030608,2023,福島,3,6,8,2023-11-19,https://www.jra.go.jp/datafile/seiseki/report/2023/2023-3fukushima6.pdf,official_daily_result_pdf
202303030609,2023,福島,3,6,9,2023-11-19,https://www.jra.go.jp/datafile/seiseki/report/2023/2023-3fukushima6.pdf,official_daily_result_pdf
202303030610,2023,福島,3,6,10,2023-11-19,https://www.jra.go.jp/datafile/seiseki/report/2023/2023-3fukushima6.pdf,official_daily_result_pdf
202303030611,2023,福島,3,6,11,2023-11-19,https://www.jra.go.jp/datafile/seiseki/report/2023/2023-3fukushima6.pdf,official_daily_result_pdf
202303030612,2023,福島,3,6,12,2023-11-19,https://www.jra.go.jp/datafile/seiseki/report/2023/2023-3fukushima6.pdf,official_daily_result_pdf
202304010101,2023,新潟,1,1,1,2023-04-29,https://www.jra.go.jp/datafile/seiseki/report/2023/2023-1niigata1.pdf,official_daily_result_pdf
202304010102,2023,新潟,1,1,2,2023-04-29,https://www.jra.go.jp/datafile/seiseki/report/2023/2023-1niigata1.pdf,official_daily_result_pdf
202304010103,2023,新潟,1,1,3,2023-04-29,https://www.jra.go.jp/datafile/seiseki/report/2023/2023-1niigata1.pdf,official_daily_result_pdf
202304010104,2023,新潟,1,1,4,2023-04-29,https://www.jra.go.jp/datafile/seiseki/report/2023/2023-1niigata1.pdf,official_daily_result_pdf
202304010105,2023,新潟,1,1,5,2023-04-29,https://www.jra.go.jp/datafile/seiseki/report/2023/2023-1niigata1.pdf,official_daily_result_pdf
202304010106,2023,新潟,1,1,6,2023-04-29,https://www.jra.go.jp/datafile/seiseki/report/2023/2023-1niigata1.pdf,official_daily_result_pdf
202304010107,2023,新潟,1,1,7,2023-04-29,https://www.jra.go.jp/datafile/seiseki/report/2023/2023-1niigata1.pdf,official_daily_result_pdf
202304010108,2023,新潟,1,1,8,2023-04-29,https://www.jra.go.jp/datafile/seiseki/report/2023/2023-1niigata1.pdf,official_daily_result_pdf
202304010109,2023,新潟,1,1,9,2023-04-29,https://www.jra.go.jp/datafile/seiseki/report/2023/2023-1niigata1.pdf,official_daily_result_pdf
202304010110,2023,新潟,1,1,10,2023-04-29,https://www.jra.go.jp/datafile/seiseki/report/2023/2023-1niigata1.pdf,official_daily_result_pdf
202304010111,2023,新潟,1,1,11,2023-04-29,https://www.jra.go.jp/datafile/seiseki/report/2023/2023-1niigata1.pdf,official_daily_result_pdf
202304010112,2023,新潟,1,1,12,2023-04-29,https://www.jra.go.jp/datafile/seiseki/report/2023/2023-1niigata1.pdf,official_daily_result_pdf
202304010201,2023,新潟,1,2,1,2023-04-30,https://www.jra.go.jp/datafile/seiseki/report/2023/2023-1niigata2.pdf,official_daily_result_pdf
202304010202,2023,新潟,1,2,2,2023-04-30,https://www.jra.go.jp/datafile/seiseki/report/2023/2023-1niigata2.pdf,official_daily_result_pdf
202304010203,2023,新潟,1,2,3,2023-04-30,https://www.jra.go.jp/datafile/seiseki/report/2023/2023-1niigata2.pdf,official_daily_result_pdf
202304010204,2023,新潟,1,2,4,2023-04-30,https://www.jra.go.jp/datafile/seiseki/report/2023/2023-1niigata2.pdf,official_daily_result_pdf
202304010205,2023,新潟,1,2,5,2023-04-30,https://www.jra.go.jp/datafile/seiseki/report/2023/2023-1niigata2.pdf,official_daily_result_pdf
202304010206,2023,新潟,1,2,6,2023-04-30,https://www.jra.go.jp/datafile/seiseki/report/2023/2023-1niigata2.pdf,official_daily_result_pdf
202304010207,2023,新潟,1,2,7,2023-04-30,https://www.jra.go.jp/datafile/seiseki/report/2023/2023-1niigata2.pdf,official_daily_result_pdf
202304010208,2023,新潟,1,2,8,2023-04-30,https://www.jra.go.jp/datafile/seiseki/report/2023/2023-1niigata2.pdf,official_daily_result_pdf
202304010209,2023,新潟,1,2,9,2023-04-30,https://www.jra.go.jp/datafile/seiseki/report/2023/2023-1niigata2.pdf,official_daily_result_pdf
202304010210,2023,新潟,1,2,10,2023-04-30,https://www.jra.go.jp/datafile/seiseki/report/2023/2023-1niigata2.pdf,official_daily_result_pdf
202304010211,2023,新潟,1,2,11,2023-04-30,https://www.jra.go.jp/datafile/seiseki/report/2023/2023-1niigata2.pdf,official_daily_result_pdf
202304010212,2023,新潟,1,2,12,2023-04-30,https://www.jra.go.jp/datafile/seiseki/report/2023/2023-1niigata2.pdf,official_daily_result_pdf
202304010301,2023,新潟,1,3,1,2023-05-06,https://www.jra.go.jp/datafile/seiseki/report/2023/2023-1niigata3.pdf,official_daily_result_pdf
202304010302,2023,新潟,1,3,2,2023-05-06,https://www.jra.go.jp/datafile/seiseki/report/2023/2023-1niigata3.pdf,official_daily_result_pdf
202304010303,2023,新潟,1,3,3,2023-05-06,https://www.jra.go.jp/datafile/seiseki/report/2023/2023-1niigata3.pdf,official_daily_result_pdf
202304010304,2023,新潟,1,3,4,2023-05-06,https://www.jra.go.jp/datafile/seiseki/report/2023/2023-1niigata3.pdf,official_daily_result_pdf
202304010305,2023,新潟,1,3,5,2023-05-06,https://www.jra.go.jp/datafile/seiseki/report/2023/2023-1niigata3.pdf,official_daily_result_pdf
202304010306,2023,新潟,1,3,6,2023-05-06,https://www.jra.go.jp/datafile/seiseki/report/2023/2023-1niigata3.pdf,official_daily_result_pdf
202304010307,2023,新潟,1,3,7,2023-05-06,https://www.jra.go.jp/datafile/seiseki/report/2023/2023-1niigata3.pdf,official_daily_result_pdf
202304010308,2023,新潟,1,3,8,2023-05-06,https://www.jra.go.jp/datafile/seiseki/report/2023/2023-1niigata3.pdf,official_daily_result_pdf
202304010309,2023,新潟,1,3,9,2023-05-06,https://www.jra.go.jp/datafile/seiseki/report/2023/2023-1niigata3.pdf,official_daily_result_pdf
202304010310,2023,新潟,1,3,10,2023-05-06,https://www.jra.go.jp/datafile/seiseki/report/2023/2023-1niigata3.pdf,official_daily_result_pdf
202304010311,2023,新潟,1,3,11,2023-05-06,https://www.jra.go.jp/datafile/seiseki/report/2023/2023-1niigata3.pdf,official_daily_result_pdf
202304010312,2023,新潟,1,3,12,2023-05-06,https://www.jra.go.jp/datafile/seiseki/report/2023/2023-1niigata3.pdf,official_daily_result_pdf
202304010401,2023,新潟,1,4,1,2023-05-07,https://www.jra.go.jp/datafile/seiseki/report/2023/2023-1niigata4.pdf,official_daily_result_pdf
202304010402,2023,新潟,1,4,2,2023-05-07,https://www.jra.go.jp/datafile/seiseki/report/2023/2023-1niigata4.pdf,official_daily_result_pdf
202304010403,2023,新潟,1,4,3,2023-05-07,https://www.jra.go.jp/datafile/seiseki/report/2023/2023-1niigata4.pdf,official_daily_result_pdf
202304010404,2023,新潟,1,4,4,2023-05-07,https://www.jra.go.jp/datafile/seiseki/report/2023/2023-1niigata4.pdf,official_daily_result_pdf
202304010405,2023,新潟,1,4,5,2023-05-07,https://www.jra.go.jp/datafile/seiseki/report/2023/2023-1niigata4.pdf,official_daily_result_pdf
202304010406,2023,新潟,1,4,6,2023-05-07,https://www.jra.go.jp/datafile/seiseki/report/2023/2023-1niigata4.pdf,official_daily_result_pdf
202304010407,2023,新潟,1,4,7,2023-05-07,https://www.jra.go.jp/datafile/seiseki/report/2023/2023-1niigata4.pdf,official_daily_result_pdf
202304010408,2023,新潟,1,4,8,2023-05-07,https://www.jra.go.jp/datafile/seiseki/report/2023/2023-1niigata4.pdf,official_daily_result_pdf
202304010409,2023,新潟,1,4,9,2023-05-07,https://www.jra.go.jp/datafile/seiseki/report/2023/2023-1niigata4.pdf,official_daily_result_pdf
202304010410,2023,新潟,1,4,10,2023-05-07,https://www.jra.go.jp/datafile/seiseki/report/2023/2023-1niigata4.pdf,official_daily_result_pdf
202304010411,2023,新潟,1,4,11,2023-05-07,https://www.jra.go.jp/datafile/seiseki/report/2023/2023-1niigata4.pdf,official_daily_result_pdf
202304010412,2023,新潟,1,4,12,2023-05-07,https://www.jra.go.jp/datafile/seiseki/report/2023/2023-1niigata4.pdf,official_daily_result_pdf
202304010501,2023,新潟,1,5,1,2023-05-13,https://www.jra.go.jp/datafile/seiseki/report/2023/2023-1niigata5.pdf,official_daily_result_pdf
202304010502,2023,新潟,1,5,2,2023-05-13,https://www.jra.go.jp/datafile/seiseki/report/2023/2023-1niigata5.pdf,official_daily_result_pdf
202304010503,2023,新潟,1,5,3,2023-05-13,https://www.jra.go.jp/datafile/seiseki/report/2023/2023-1niigata5.pdf,official_daily_result_pdf
202304010504,2023,新潟,1,5,4,2023-05-13,https://www.jra.go.jp/datafile/seiseki/report/2023/2023-1niigata5.pdf,official_daily_result_pdf
202304010505,2023,新潟,1,5,5,2023-05-13,https://www.jra.go.jp/datafile/seiseki/report/2023/2023-1niigata5.pdf,official_daily_result_pdf
202304010506,2023,新潟,1,5,6,2023-05-13,https://www.jra.go.jp/datafile/seiseki/report/2023/2023-1niigata5.pdf,official_daily_result_pdf
202304010507,2023,新潟,1,5,7,2023-05-13,https://www.jra.go.jp/datafile/seiseki/report/2023/2023-1niigata5.pdf,official_daily_result_pdf
202304010508,2023,新潟,1,5,8,2023-05-13,https://www.jra.go.jp/datafile/seiseki/report/2023/2023-1niigata5.pdf,official_daily_result_pdf
202304010509,2023,新潟,1,5,9,2023-05-13,https://www.jra.go.jp/datafile/seiseki/report/2023/2023-1niigata5.pdf,official_daily_result_pdf
202304010510,2023,新潟,1,5,10,2023-05-13,https://www.jra.go.jp/datafile/seiseki/report/2023/2023-1niigata5.pdf,official_daily_result_pdf
202304010511,2023,新潟,1,5,11,2023-05-13,https://www.jra.go.jp/datafile/seiseki/report/2023/2023-1niigata5.pdf,official_daily_result_pdf
202304010512,2023,新潟,1,5,12,2023-05-13,https://www.jra.go.jp/datafile/seiseki/report/2023/2023-1niigata5.pdf,official_daily_result_pdf
202304010601,2023,新潟,1,6,1,2023-05-14,https://www.jra.go.jp/datafile/seiseki/report/2023/2023-1niigata6.pdf,official_daily_result_pdf
202304010602,2023,新潟,1,6,2,2023-05-14,https://www.jra.go.jp/datafile/seiseki/report/2023/2023-1niigata6.pdf,official_daily_result_pdf
202304010603,2023,新潟,1,6,3,2023-05-14,https://www.jra.go.jp/datafile/seiseki/report/2023/2023-1niigata6.pdf,official_daily_result_pdf
202304010604,2023,新潟,1,6,4,2023-05-14,https://www.jra.go.jp/datafile/seiseki/report/2023/2023-1niigata6.pdf,official_daily_result_pdf
202304010605,2023,新潟,1,6,5,2023-05-14,https://www.jra.go.jp/datafile/seiseki/report/2023/2023-1niigata6.pdf,official_daily_result_pdf
202304010606,2023,新潟,1,6,6,2023-05-14,https://www.jra.go.jp/datafile/seiseki/report/2023/2023-1niigata6.pdf,official_daily_result_pdf
202304010607,2023,新潟,1,6,7,2023-05-14,https://www.jra.go.jp/datafile/seiseki/report/2023/2023-1niigata6.pdf,official_daily_result_pdf
202304010608,2023,新潟,1,6,8,2023-05-14,https://www.jra.go.jp/datafile/seiseki/report/2023/2023-1niigata6.pdf,official_daily_result_pdf
202304010609,2023,新潟,1,6,9,2023-05-14,https://www.jra.go.jp/datafile/seiseki/report/2023/2023-1niigata6.pdf,official_daily_result_pdf
202304010610,2023,新潟,1,6,10,2023-05-14,https://www.jra.go.jp/datafile/seiseki/report/2023/2023-1niigata6.pdf,official_daily_result_pdf
202304010611,2023,新潟,1,6,11,2023-05-14,https://www.jra.go.jp/datafile/seiseki/report/2023/2023-1niigata6.pdf,official_daily_result_pdf
202304010612,2023,新潟,1,6,12,2023-05-14,https://www.jra.go.jp/datafile/seiseki/report/2023/2023-1niigata6.pdf,official_daily_result_pdf
202304010701,2023,新潟,1,7,1,2023-05-20,https://www.jra.go.jp/datafile/seiseki/report/2023/2023-1niigata7.pdf,official_daily_result_pdf
202304010702,2023,新潟,1,7,2,2023-05-20,https://www.jra.go.jp/datafile/seiseki/report/2023/2023-1niigata7.pdf,official_daily_result_pdf
202304010703,2023,新潟,1,7,3,2023-05-20,https://www.jra.go.jp/datafile/seiseki/report/2023/2023-1niigata7.pdf,official_daily_result_pdf
202304010704,2023,新潟,1,7,4,2023-05-20,https://www.jra.go.jp/datafile/seiseki/report/2023/2023-1niigata7.pdf,official_daily_result_pdf
202304010705,2023,新潟,1,7,5,2023-05-20,https://www.jra.go.jp/datafile/seiseki/report/2023/2023-1niigata7.pdf,official_daily_result_pdf
202304010706,2023,新潟,1,7,6,2023-05-20,https://www.jra.go.jp/datafile/seiseki/report/2023/2023-1niigata7.pdf,official_daily_result_pdf
202304010707,2023,新潟,1,7,7,2023-05-20,https://www.jra.go.jp/datafile/seiseki/report/2023/2023-1niigata7.pdf,official_daily_result_pdf
202304010708,2023,新潟,1,7,8,2023-05-20,https://www.jra.go.jp/datafile/seiseki/report/2023/2023-1niigata7.pdf,official_daily_result_pdf
202304010709,2023,新潟,1,7,9,2023-05-20,https://www.jra.go.jp/datafile/seiseki/report/2023/2023-1niigata7.pdf,official_daily_result_pdf
202304010710,2023,新潟,1,7,10,2023-05-20,https://www.jra.go.jp/datafile/seiseki/report/2023/2023-1niigata7.pdf,official_daily_result_pdf
202304010711,2023,新潟,1,7,11,2023-05-20,https://www.jra.go.jp/datafile/seiseki/report/2023/2023-1niigata7.pdf,official_daily_result_pdf
202304010712,2023,新潟,1,7,12,2023-05-20,https://www.jra.go.jp/datafile/seiseki/report/2023/2023-1niigata7.pdf,official_daily_result_pdf
202304010801,2023,新潟,1,8,1,2023-05-21,https://www.jra.go.jp/datafile/seiseki/report/2023/2023-1niigata8.pdf,official_daily_result_pdf
202304010802,2023,新潟,1,8,2,2023-05-21,https://www.jra.go.jp/datafile/seiseki/report/2023/2023-1niigata8.pdf,official_daily_result_pdf
202304010803,2023,新潟,1,8,3,2023-05-21,https://www.jra.go.jp/datafile/seiseki/report/2023/2023-1niigata8.pdf,official_daily_result_pdf
202304010804,2023,新潟,1,8,4,2023-05-21,https://www.jra.go.jp/datafile/seiseki/report/2023/2023-1niigata8.pdf,official_daily_result_pdf
202304010805,2023,新潟,1,8,5,2023-05-21,https://www.jra.go.jp/datafile/seiseki/report/2023/2023-1niigata8.pdf,official_daily_result_pdf
202304010806,2023,新潟,1,8,6,2023-05-21,https://www.jra.go.jp/datafile/seiseki/report/2023/2023-1niigata8.pdf,official_daily_result_pdf
202304010807,2023,新潟,1,8,7,2023-05-21,https://www.jra.go.jp/datafile/seiseki/report/2023/2023-1niigata8.pdf,official_daily_result_pdf
202304010808,2023,新潟,1,8,8,2023-05-21,https://www.jra.go.jp/datafile/seiseki/report/2023/2023-1niigata8.pdf,official_daily_result_pdf
202304010809,2023,新潟,1,8,9,2023-05-21,https://www.jra.go.jp/datafile/seiseki/report/2023/2023-1niigata8.pdf,official_daily_result_pdf
202304010810,2023,新潟,1,8,10,2023-05-21,https://www.jra.go.jp/datafile/seiseki/report/2023/2023-1niigata8.pdf,official_daily_result_pdf
202304010811,2023,新潟,1,8,11,2023-05-21,https://www.jra.go.jp/datafile/seiseki/report/2023/2023-1niigata8.pdf,official_daily_result_pdf
202304010812,2023,新潟,1,8,12,2023-05-21,https://www.jra.go.jp/datafile/seiseki/report/2023/2023-1niigata8.pdf,official_daily_result_pdf
202304020101,2023,新潟,2,1,1,2023-07-29,https://www.jra.go.jp/datafile/seiseki/report/2023/2023-2niigata1.pdf,official_daily_result_pdf
202304020102,2023,新潟,2,1,2,2023-07-29,https://www.jra.go.jp/datafile/seiseki/report/2023/2023-2niigata1.pdf,official_daily_result_pdf
202304020103,2023,新潟,2,1,3,2023-07-29,https://www.jra.go.jp/datafile/seiseki/report/2023/2023-2niigata1.pdf,official_daily_result_pdf
202304020104,2023,新潟,2,1,4,2023-07-29,https://www.jra.go.jp/datafile/seiseki/report/2023/2023-2niigata1.pdf,official_daily_result_pdf
202304020105,2023,新潟,2,1,5,2023-07-29,https://www.jra.go.jp/datafile/seiseki/report/2023/2023-2niigata1.pdf,official_daily_result_pdf
202304020106,2023,新潟,2,1,6,2023-07-29,https://www.jra.go.jp/datafile/seiseki/report/2023/2023-2niigata1.pdf,official_daily_result_pdf
202304020107,2023,新潟,2,1,7,2023-07-29,https://www.jra.go.jp/datafile/seiseki/report/2023/2023-2niigata1.pdf,official_daily_result_pdf
202304020108,2023,新潟,2,1,8,2023-07-29,https://www.jra.go.jp/datafile/seiseki/report/2023/2023-2niigata1.pdf,official_daily_result_pdf
202304020109,2023,新潟,2,1,9,2023-07-29,https://www.jra.go.jp/datafile/seiseki/report/2023/2023-2niigata1.pdf,official_daily_result_pdf
202304020110,2023,新潟,2,1,10,2023-07-29,https://www.jra.go.jp/datafile/seiseki/report/2023/2023-2niigata1.pdf,official_daily_result_pdf
202304020111,2023,新潟,2,1,11,2023-07-29,https://www.jra.go.jp/datafile/seiseki/report/2023/2023-2niigata1.pdf,official_daily_result_pdf
202304020112,2023,新潟,2,1,12,2023-07-29,https://www.jra.go.jp/datafile/seiseki/report/2023/2023-2niigata1.pdf,official_daily_result_pdf
202304020201,2023,新潟,2,2,1,2023-07-30,https://www.jra.go.jp/datafile/seiseki/report/2023/2023-2niigata2.pdf,official_daily_result_pdf
202304020202,2023,新潟,2,2,2,2023-07-30,https://www.jra.go.jp/datafile/seiseki/report/2023/2023-2niigata2.pdf,official_daily_result_pdf
202304020203,2023,新潟,2,2,3,2023-07-30,https://www.jra.go.jp/datafile/seiseki/report/2023/2023-2niigata2.pdf,official_daily_result_pdf
202304020204,2023,新潟,2,2,4,2023-07-30,https://www.jra.go.jp/datafile/seiseki/report/2023/2023-2niigata2.pdf,official_daily_result_pdf
202304020205,2023,新潟,2,2,5,2023-07-30,https://www.jra.go.jp/datafile/seiseki/report/2023/2023-2niigata2.pdf,official_daily_result_pdf
202304020206,2023,新潟,2,2,6,2023-07-30,https://www.jra.go.jp/datafile/seiseki/report/2023/2023-2niigata2.pdf,official_daily_result_pdf
202304020207,2023,新潟,2,2,7,2023-07-30,https://www.jra.go.jp/datafile/seiseki/report/2023/2023-2niigata2.pdf,official_daily_result_pdf
202304020208,2023,新潟,2,2,8,2023-07-30,https://www.jra.go.jp/datafile/seiseki/report/2023/2023-2niigata2.pdf,official_daily_result_pdf
202304020209,2023,新潟,2,2,9,2023-07-30,https://www.jra.go.jp/datafile/seiseki/report/2023/2023-2niigata2.pdf,official_daily_result_pdf
202304020210,2023,新潟,2,2,10,2023-07-30,https://www.jra.go.jp/datafile/seiseki/report/2023/2023-2niigata2.pdf,official_daily_result_pdf
202304020211,2023,新潟,2,2,11,2023-07-30,https://www.jra.go.jp/datafile/seiseki/report/2023/2023-2niigata2.pdf,official_daily_result_pdf
202304020212,2023,新潟,2,2,12,2023-07-30,https://www.jra.go.jp/datafile/seiseki/report/2023/2023-2niigata2.pdf,official_daily_result_pdf
202304020301,2023,新潟,2,3,1,2023-08-05,https://www.jra.go.jp/datafile/seiseki/report/2023/2023-2niigata3.pdf,official_daily_result_pdf
202304020302,2023,新潟,2,3,2,2023-08-05,https://www.jra.go.jp/datafile/seiseki/report/2023/2023-2niigata3.pdf,official_daily_result_pdf
202304020303,2023,新潟,2,3,3,2023-08-05,https://www.jra.go.jp/datafile/seiseki/report/2023/2023-2niigata3.pdf,official_daily_result_pdf
202304020304,2023,新潟,2,3,4,2023-08-05,https://www.jra.go.jp/datafile/seiseki/report/2023/2023-2niigata3.pdf,official_daily_result_pdf
202304020305,2023,新潟,2,3,5,2023-08-05,https://www.jra.go.jp/datafile/seiseki/report/2023/2023-2niigata3.pdf,official_daily_result_pdf
202304020306,2023,新潟,2,3,6,2023-08-05,https://www.jra.go.jp/datafile/seiseki/report/2023/2023-2niigata3.pdf,official_daily_result_pdf
202304020307,2023,新潟,2,3,7,2023-08-05,https://www.jra.go.jp/datafile/seiseki/report/2023/2023-2niigata3.pdf,official_daily_result_pdf
202304020308,2023,新潟,2,3,8,2023-08-05,https://www.jra.go.jp/datafile/seiseki/report/2023/2023-2niigata3.pdf,official_daily_result_pdf
202304020309,2023,新潟,2,3,9,2023-08-05,https://www.jra.go.jp/datafile/seiseki/report/2023/2023-2niigata3.pdf,official_daily_result_pdf
202304020310,2023,新潟,2,3,10,2023-08-05,https://www.jra.go.jp/datafile/seiseki/report/2023/2023-2niigata3.pdf,official_daily_result_pdf
202304020311,2023,新潟,2,3,11,2023-08-05,https://www.jra.go.jp/datafile/seiseki/report/2023/2023-2niigata3.pdf,official_daily_result_pdf
202304020312,2023,新潟,2,3,12,2023-08-05,https://www.jra.go.jp/datafile/seiseki/report/2023/2023-2niigata3.pdf,official_daily_result_pdf
202304020401,2023,新潟,2,4,1,2023-08-06,https://www.jra.go.jp/datafile/seiseki/report/2023/2023-2niigata4.pdf,official_daily_result_pdf
202304020402,2023,新潟,2,4,2,2023-08-06,https://www.jra.go.jp/datafile/seiseki/report/2023/2023-2niigata4.pdf,official_daily_result_pdf
202304020403,2023,新潟,2,4,3,2023-08-06,https://www.jra.go.jp/datafile/seiseki/report/2023/2023-2niigata4.pdf,official_daily_result_pdf
202304020404,2023,新潟,2,4,4,2023-08-06,https://www.jra.go.jp/datafile/seiseki/report/2023/2023-2niigata4.pdf,official_daily_result_pdf
202304020405,2023,新潟,2,4,5,2023-08-06,https://www.jra.go.jp/datafile/seiseki/report/2023/2023-2niigata4.pdf,official_daily_result_pdf
202304020406,2023,新潟,2,4,6,2023-08-06,https://www.jra.go.jp/datafile/seiseki/report/2023/2023-2niigata4.pdf,official_daily_result_pdf
202304020407,2023,新潟,2,4,7,2023-08-06,https://www.jra.go.jp/datafile/seiseki/report/2023/2023-2niigata4.pdf,official_daily_result_pdf
202304020408,2023,新潟,2,4,8,2023-08-06,https://www.jra.go.jp/datafile/seiseki/report/2023/2023-2niigata4.pdf,official_daily_result_pdf
202304020409,2023,新潟,2,4,9,2023-08-06,https://www.jra.go.jp/datafile/seiseki/report/2023/2023-2niigata4.pdf,official_daily_result_pdf
202304020410,2023,新潟,2,4,10,2023-08-06,https://www.jra.go.jp/datafile/seiseki/report/2023/2023-2niigata4.pdf,official_daily_result_pdf
202304020411,2023,新潟,2,4,11,2023-08-06,https://www.jra.go.jp/datafile/seiseki/report/2023/2023-2niigata4.pdf,official_daily_result_pdf
202304020412,2023,新潟,2,4,12,2023-08-06,https://www.jra.go.jp/datafile/seiseki/report/2023/2023-2niigata4.pdf,official_daily_result_pdf
202304030101,2023,新潟,3,1,1,2023-08-12,https://www.jra.go.jp/datafile/seiseki/report/2023/2023-3niigata1.pdf,official_daily_result_pdf
202304030102,2023,新潟,3,1,2,2023-08-12,https://www.jra.go.jp/datafile/seiseki/report/2023/2023-3niigata1.pdf,official_daily_result_pdf
202304030103,2023,新潟,3,1,3,2023-08-12,https://www.jra.go.jp/datafile/seiseki/report/2023/2023-3niigata1.pdf,official_daily_result_pdf
202304030104,2023,新潟,3,1,4,2023-08-12,https://www.jra.go.jp/datafile/seiseki/report/2023/2023-3niigata1.pdf,official_daily_result_pdf
202304030105,2023,新潟,3,1,5,2023-08-12,https://www.jra.go.jp/datafile/seiseki/report/2023/2023-3niigata1.pdf,official_daily_result_pdf
202304030106,2023,新潟,3,1,6,2023-08-12,https://www.jra.go.jp/datafile/seiseki/report/2023/2023-3niigata1.pdf,official_daily_result_pdf
202304030107,2023,新潟,3,1,7,2023-08-12,https://www.jra.go.jp/datafile/seiseki/report/2023/2023-3niigata1.pdf,official_daily_result_pdf
202304030108,2023,新潟,3,1,8,2023-08-12,https://www.jra.go.jp/datafile/seiseki/report/2023/2023-3niigata1.pdf,official_daily_result_pdf
202304030109,2023,新潟,3,1,9,2023-08-12,https://www.jra.go.jp/datafile/seiseki/report/2023/2023-3niigata1.pdf,official_daily_result_pdf
202304030110,2023,新潟,3,1,10,2023-08-12,https://www.jra.go.jp/datafile/seiseki/report/2023/2023-3niigata1.pdf,official_daily_result_pdf
202304030111,2023,新潟,3,1,11,2023-08-12,https://www.jra.go.jp/datafile/seiseki/report/2023/2023-3niigata1.pdf,official_daily_result_pdf
202304030112,2023,新潟,3,1,12,2023-08-12,https://www.jra.go.jp/datafile/seiseki/report/2023/2023-3niigata1.pdf,official_daily_result_pdf
202304030201,2023,新潟,3,2,1,2023-08-13,https://www.jra.go.jp/datafile/seiseki/report/2023/2023-3niigata2.pdf,official_daily_result_pdf
202304030202,2023,新潟,3,2,2,2023-08-13,https://www.jra.go.jp/datafile/seiseki/report/2023/2023-3niigata2.pdf,official_daily_result_pdf
202304030203,2023,新潟,3,2,3,2023-08-13,https://www.jra.go.jp/datafile/seiseki/report/2023/2023-3niigata2.pdf,official_daily_result_pdf
202304030204,2023,新潟,3,2,4,2023-08-13,https://www.jra.go.jp/datafile/seiseki/report/2023/2023-3niigata2.pdf,official_daily_result_pdf
202304030205,2023,新潟,3,2,5,2023-08-13,https://www.jra.go.jp/datafile/seiseki/report/2023/2023-3niigata2.pdf,official_daily_result_pdf
202304030206,2023,新潟,3,2,6,2023-08-13,https://www.jra.go.jp/datafile/seiseki/report/2023/2023-3niigata2.pdf,official_daily_result_pdf
202304030207,2023,新潟,3,2,7,2023-08-13,https://www.jra.go.jp/datafile/seiseki/report/2023/2023-3niigata2.pdf,official_daily_result_pdf
202304030208,2023,新潟,3,2,8,2023-08-13,https://www.jra.go.jp/datafile/seiseki/report/2023/2023-3niigata2.pdf,official_daily_result_pdf
202304030209,2023,新潟,3,2,9,2023-08-13,https://www.jra.go.jp/datafile/seiseki/report/2023/2023-3niigata2.pdf,official_daily_result_pdf
202304030210,2023,新潟,3,2,10,2023-08-13,https://www.jra.go.jp/datafile/seiseki/report/2023/2023-3niigata2.pdf,official_daily_result_pdf
202304030211,2023,新潟,3,2,11,2023-08-13,https://www.jra.go.jp/datafile/seiseki/report/2023/2023-3niigata2.pdf,official_daily_result_pdf
202304030212,2023,新潟,3,2,12,2023-08-13,https://www.jra.go.jp/datafile/seiseki/report/2023/2023-3niigata2.pdf,official_daily_result_pdf
202304030301,2023,新潟,3,3,1,2023-08-19,https://www.jra.go.jp/datafile/seiseki/report/2023/2023-3niigata3.pdf,official_daily_result_pdf
202304030302,2023,新潟,3,3,2,2023-08-19,https://www.jra.go.jp/datafile/seiseki/report/2023/2023-3niigata3.pdf,official_daily_result_pdf
202304030303,2023,新潟,3,3,3,2023-08-19,https://www.jra.go.jp/datafile/seiseki/report/2023/2023-3niigata3.pdf,official_daily_result_pdf
202304030304,2023,新潟,3,3,4,2023-08-19,https://www.jra.go.jp/datafile/seiseki/report/2023/2023-3niigata3.pdf,official_daily_result_pdf
202304030305,2023,新潟,3,3,5,2023-08-19,https://www.jra.go.jp/datafile/seiseki/report/2023/2023-3niigata3.pdf,official_daily_result_pdf
202304030306,2023,新潟,3,3,6,2023-08-19,https://www.jra.go.jp/datafile/seiseki/report/2023/2023-3niigata3.pdf,official_daily_result_pdf
202304030307,2023,新潟,3,3,7,2023-08-19,https://www.jra.go.jp/datafile/seiseki/report/2023/2023-3niigata3.pdf,official_daily_result_pdf
202304030308,2023,新潟,3,3,8,2023-08-19,https://www.jra.go.jp/datafile/seiseki/report/2023/2023-3niigata3.pdf,official_daily_result_pdf
202304030309,2023,新潟,3,3,9,2023-08-19,https://www.jra.go.jp/datafile/seiseki/report/2023/2023-3niigata3.pdf,official_daily_result_pdf
202304030310,2023,新潟,3,3,10,2023-08-19,https://www.jra.go.jp/datafile/seiseki/report/2023/2023-3niigata3.pdf,official_daily_result_pdf
202304030311,2023,新潟,3,3,11,2023-08-19,https://www.jra.go.jp/datafile/seiseki/report/2023/2023-3niigata3.pdf,official_daily_result_pdf
202304030312,2023,新潟,3,3,12,2023-08-19,https://www.jra.go.jp/datafile/seiseki/report/2023/2023-3niigata3.pdf,official_daily_result_pdf
202304030401,2023,新潟,3,4,1,2023-08-20,https://www.jra.go.jp/datafile/seiseki/report/2023/2023-3niigata4.pdf,official_daily_result_pdf
202304030402,2023,新潟,3,4,2,2023-08-20,https://www.jra.go.jp/datafile/seiseki/report/2023/2023-3niigata4.pdf,official_daily_result_pdf
202304030403,2023,新潟,3,4,3,2023-08-20,https://www.jra.go.jp/datafile/seiseki/report/2023/2023-3niigata4.pdf,official_daily_result_pdf
202304030404,2023,新潟,3,4,4,2023-08-20,https://www.jra.go.jp/datafile/seiseki/report/2023/2023-3niigata4.pdf,official_daily_result_pdf
202304030405,2023,新潟,3,4,5,2023-08-20,https://www.jra.go.jp/datafile/seiseki/report/2023/2023-3niigata4.pdf,official_daily_result_pdf
202304030406,2023,新潟,3,4,6,2023-08-20,https://www.jra.go.jp/datafile/seiseki/report/2023/2023-3niigata4.pdf,official_daily_result_pdf
202304030407,2023,新潟,3,4,7,2023-08-20,https://www.jra.go.jp/datafile/seiseki/report/2023/2023-3niigata4.pdf,official_daily_result_pdf
202304030408,2023,新潟,3,4,8,2023-08-20,https://www.jra.go.jp/datafile/seiseki/report/2023/2023-3niigata4.pdf,official_daily_result_pdf
202304030409,2023,新潟,3,4,9,2023-08-20,https://www.jra.go.jp/datafile/seiseki/report/2023/2023-3niigata4.pdf,official_daily_result_pdf
202304030410,2023,新潟,3,4,10,2023-08-20,https://www.jra.go.jp/datafile/seiseki/report/2023/2023-3niigata4.pdf,official_daily_result_pdf
202304030411,2023,新潟,3,4,11,2023-08-20,https://www.jra.go.jp/datafile/seiseki/report/2023/2023-3niigata4.pdf,official_daily_result_pdf
202304030412,2023,新潟,3,4,12,2023-08-20,https://www.jra.go.jp/datafile/seiseki/report/2023/2023-3niigata4.pdf,official_daily_result_pdf
202304030501,2023,新潟,3,5,1,2023-08-26,https://www.jra.go.jp/datafile/seiseki/report/2023/2023-3niigata5.pdf,official_daily_result_pdf
202304030502,2023,新潟,3,5,2,2023-08-26,https://www.jra.go.jp/datafile/seiseki/report/2023/2023-3niigata5.pdf,official_daily_result_pdf
202304030503,2023,新潟,3,5,3,2023-08-26,https://www.jra.go.jp/datafile/seiseki/report/2023/2023-3niigata5.pdf,official_daily_result_pdf
202304030504,2023,新潟,3,5,4,2023-08-26,https://www.jra.go.jp/datafile/seiseki/report/2023/2023-3niigata5.pdf,official_daily_result_pdf
202304030505,2023,新潟,3,5,5,2023-08-26,https://www.jra.go.jp/datafile/seiseki/report/2023/2023-3niigata5.pdf,official_daily_result_pdf
202304030506,2023,新潟,3,5,6,2023-08-26,https://www.jra.go.jp/datafile/seiseki/report/2023/2023-3niigata5.pdf,official_daily_result_pdf
202304030507,2023,新潟,3,5,7,2023-08-26,https://www.jra.go.jp/datafile/seiseki/report/2023/2023-3niigata5.pdf,official_daily_result_pdf
202304030508,2023,新潟,3,5,8,2023-08-26,https://www.jra.go.jp/datafile/seiseki/report/2023/2023-3niigata5.pdf,official_daily_result_pdf
202304030509,2023,新潟,3,5,9,2023-08-26,https://www.jra.go.jp/datafile/seiseki/report/2023/2023-3niigata5.pdf,official_daily_result_pdf
202304030510,2023,新潟,3,5,10,2023-08-26,https://www.jra.go.jp/datafile/seiseki/report/2023/2023-3niigata5.pdf,official_daily_result_pdf
202304030511,2023,新潟,3,5,11,2023-08-26,https://www.jra.go.jp/datafile/seiseki/report/2023/2023-3niigata5.pdf,official_daily_result_pdf
202304030512,2023,新潟,3,5,12,2023-08-26,https://www.jra.go.jp/datafile/seiseki/report/2023/2023-3niigata5.pdf,official_daily_result_pdf
202304030601,2023,新潟,3,6,1,2023-08-27,https://www.jra.go.jp/datafile/seiseki/report/2023/2023-3niigata6.pdf,official_daily_result_pdf
202304030602,2023,新潟,3,6,2,2023-08-27,https://www.jra.go.jp/datafile/seiseki/report/2023/2023-3niigata6.pdf,official_daily_result_pdf
202304030603,2023,新潟,3,6,3,2023-08-27,https://www.jra.go.jp/datafile/seiseki/report/2023/2023-3niigata6.pdf,official_daily_result_pdf
202304030604,2023,新潟,3,6,4,2023-08-27,https://www.jra.go.jp/datafile/seiseki/report/2023/2023-3niigata6.pdf,official_daily_result_pdf
202304030605,2023,新潟,3,6,5,2023-08-27,https://www.jra.go.jp/datafile/seiseki/report/2023/2023-3niigata6.pdf,official_daily_result_pdf
202304030606,2023,新潟,3,6,6,2023-08-27,https://www.jra.go.jp/datafile/seiseki/report/2023/2023-3niigata6.pdf,official_daily_result_pdf
202304030607,2023,新潟,3,6,7,2023-08-27,https://www.jra.go.jp/datafile/seiseki/report/2023/2023-3niigata6.pdf,official_daily_result_pdf
202304030608,2023,新潟,3,6,8,2023-08-27,https://www.jra.go.jp/datafile/seiseki/report/2023/2023-3niigata6.pdf,official_daily_result_pdf
202304030609,2023,新潟,3,6,9,2023-08-27,https://www.jra.go.jp/datafile/seiseki/report/2023/2023-3niigata6.pdf,official_daily_result_pdf
202304030610,2023,新潟,3,6,10,2023-08-27,https://www.jra.go.jp/datafile/seiseki/report/2023/2023-3niigata6.pdf,official_daily_result_pdf
202304030611,2023,新潟,3,6,11,2023-08-27,https://www.jra.go.jp/datafile/seiseki/report/2023/2023-3niigata6.pdf,official_daily_result_pdf
202304030612,2023,新潟,3,6,12,2023-08-27,https://www.jra.go.jp/datafile/seiseki/report/2023/2023-3niigata6.pdf,official_daily_result_pdf
202304030701,2023,新潟,3,7,1,2023-09-02,https://www.jra.go.jp/datafile/seiseki/report/2023/2023-3niigata7.pdf,official_daily_result_pdf
202304030702,2023,新潟,3,7,2,2023-09-02,https://www.jra.go.jp/datafile/seiseki/report/2023/2023-3niigata7.pdf,official_daily_result_pdf
202304030703,2023,新潟,3,7,3,2023-09-02,https://www.jra.go.jp/datafile/seiseki/report/2023/2023-3niigata7.pdf,official_daily_result_pdf
202304030704,2023,新潟,3,7,4,2023-09-02,https://www.jra.go.jp/datafile/seiseki/report/2023/2023-3niigata7.pdf,official_daily_result_pdf
202304030705,2023,新潟,3,7,5,2023-09-02,https://www.jra.go.jp/datafile/seiseki/report/2023/2023-3niigata7.pdf,official_daily_result_pdf
202304030706,2023,新潟,3,7,6,2023-09-02,https://www.jra.go.jp/datafile/seiseki/report/2023/2023-3niigata7.pdf,official_daily_result_pdf
202304030707,2023,新潟,3,7,7,2023-09-02,https://www.jra.go.jp/datafile/seiseki/report/2023/2023-3niigata7.pdf,official_daily_result_pdf
202304030708,2023,新潟,3,7,8,2023-09-02,https://www.jra.go.jp/datafile/seiseki/report/2023/2023-3niigata7.pdf,official_daily_result_pdf
202304030709,2023,新潟,3,7,9,2023-09-02,https://www.jra.go.jp/datafile/seiseki/report/2023/2023-3niigata7.pdf,official_daily_result_pdf
202304030710,2023,新潟,3,7,10,2023-09-02,https://www.jra.go.jp/datafile/seiseki/report/2023/2023-3niigata7.pdf,official_daily_result_pdf
202304030711,2023,新潟,3,7,11,2023-09-02,https://www.jra.go.jp/datafile/seiseki/report/2023/2023-3niigata7.pdf,official_daily_result_pdf
202304030712,2023,新潟,3,7,12,2023-09-02,https://www.jra.go.jp/datafile/seiseki/report/2023/2023-3niigata7.pdf,official_daily_result_pdf
202304030801,2023,新潟,3,8,1,2023-09-03,https://www.jra.go.jp/datafile/seiseki/report/2023/2023-3niigata8.pdf,official_daily_result_pdf
202304030802,2023,新潟,3,8,2,2023-09-03,https://www.jra.go.jp/datafile/seiseki/report/2023/2023-3niigata8.pdf,official_daily_result_pdf
202304030803,2023,新潟,3,8,3,2023-09-03,https://www.jra.go.jp/datafile/seiseki/report/2023/2023-3niigata8.pdf,official_daily_result_pdf
202304030804,2023,新潟,3,8,4,2023-09-03,https://www.jra.go.jp/datafile/seiseki/report/2023/2023-3niigata8.pdf,official_daily_result_pdf
202304030805,2023,新潟,3,8,5,2023-09-03,https://www.jra.go.jp/datafile/seiseki/report/2023/2023-3niigata8.pdf,official_daily_result_pdf
202304030806,2023,新潟,3,8,6,2023-09-03,https://www.jra.go.jp/datafile/seiseki/report/2023/2023-3niigata8.pdf,official_daily_result_pdf
202304030807,2023,新潟,3,8,7,2023-09-03,https://www.jra.go.jp/datafile/seiseki/report/2023/2023-3niigata8.pdf,official_daily_result_pdf
202304030808,2023,新潟,3,8,8,2023-09-03,https://www.jra.go.jp/datafile/seiseki/report/2023/2023-3niigata8.pdf,official_daily_result_pdf
202304030809,2023,新潟,3,8,9,2023-09-03,https://www.jra.go.jp/datafile/seiseki/report/2023/2023-3niigata8.pdf,official_daily_result_pdf
202304030810,2023,新潟,3,8,10,2023-09-03,https://www.jra.go.jp/datafile/seiseki/report/2023/2023-3niigata8.pdf,official_daily_result_pdf
202304030811,2023,新潟,3,8,11,2023-09-03,https://www.jra.go.jp/datafile/seiseki/report/2023/2023-3niigata8.pdf,official_daily_result_pdf
202304030812,2023,新潟,3,8,12,2023-09-03,https://www.jra.go.jp/datafile/seiseki/report/2023/2023-3niigata8.pdf,official_daily_result_pdf
202304040101,2023,新潟,4,1,1,2023-10-14,https://www.jra.go.jp/datafile/seiseki/report/2023/2023-4niigata1.pdf,official_daily_result_pdf
202304040102,2023,新潟,4,1,2,2023-10-14,https://www.jra.go.jp/datafile/seiseki/report/2023/2023-4niigata1.pdf,official_daily_result_pdf
202304040103,2023,新潟,4,1,3,2023-10-14,https://www.jra.go.jp/datafile/seiseki/report/2023/2023-4niigata1.pdf,official_daily_result_pdf
202304040104,2023,新潟,4,1,4,2023-10-14,https://www.jra.go.jp/datafile/seiseki/report/2023/2023-4niigata1.pdf,official_daily_result_pdf
202304040105,2023,新潟,4,1,5,2023-10-14,https://www.jra.go.jp/datafile/seiseki/report/2023/2023-4niigata1.pdf,official_daily_result_pdf
202304040106,2023,新潟,4,1,6,2023-10-14,https://www.jra.go.jp/datafile/seiseki/report/2023/2023-4niigata1.pdf,official_daily_result_pdf
202304040107,2023,新潟,4,1,7,2023-10-14,https://www.jra.go.jp/datafile/seiseki/report/2023/2023-4niigata1.pdf,official_daily_result_pdf
202304040108,2023,新潟,4,1,8,2023-10-14,https://www.jra.go.jp/datafile/seiseki/report/2023/2023-4niigata1.pdf,official_daily_result_pdf
202304040109,2023,新潟,4,1,9,2023-10-14,https://www.jra.go.jp/datafile/seiseki/report/2023/2023-4niigata1.pdf,official_daily_result_pdf
202304040110,2023,新潟,4,1,10,2023-10-14,https://www.jra.go.jp/datafile/seiseki/report/2023/2023-4niigata1.pdf,official_daily_result_pdf
202304040111,2023,新潟,4,1,11,2023-10-14,https://www.jra.go.jp/datafile/seiseki/report/2023/2023-4niigata1.pdf,official_daily_result_pdf
202304040112,2023,新潟,4,1,12,2023-10-14,https://www.jra.go.jp/datafile/seiseki/report/2023/2023-4niigata1.pdf,official_daily_result_pdf
202304040201,2023,新潟,4,2,1,2023-10-15,https://www.jra.go.jp/datafile/seiseki/report/2023/2023-4niigata2.pdf,official_daily_result_pdf
202304040202,2023,新潟,4,2,2,2023-10-15,https://www.jra.go.jp/datafile/seiseki/report/2023/2023-4niigata2.pdf,official_daily_result_pdf
202304040203,2023,新潟,4,2,3,2023-10-15,https://www.jra.go.jp/datafile/seiseki/report/2023/2023-4niigata2.pdf,official_daily_result_pdf
202304040204,2023,新潟,4,2,4,2023-10-15,https://www.jra.go.jp/datafile/seiseki/report/2023/2023-4niigata2.pdf,official_daily_result_pdf
202304040205,2023,新潟,4,2,5,2023-10-15,https://www.jra.go.jp/datafile/seiseki/report/2023/2023-4niigata2.pdf,official_daily_result_pdf
202304040206,2023,新潟,4,2,6,2023-10-15,https://www.jra.go.jp/datafile/seiseki/report/2023/2023-4niigata2.pdf,official_daily_result_pdf
202304040207,2023,新潟,4,2,7,2023-10-15,https://www.jra.go.jp/datafile/seiseki/report/2023/2023-4niigata2.pdf,official_daily_result_pdf
202304040208,2023,新潟,4,2,8,2023-10-15,https://www.jra.go.jp/datafile/seiseki/report/2023/2023-4niigata2.pdf,official_daily_result_pdf
202304040209,2023,新潟,4,2,9,2023-10-15,https://www.jra.go.jp/datafile/seiseki/report/2023/2023-4niigata2.pdf,official_daily_result_pdf
202304040210,2023,新潟,4,2,10,2023-10-15,https://www.jra.go.jp/datafile/seiseki/report/2023/2023-4niigata2.pdf,official_daily_result_pdf
202304040211,2023,新潟,4,2,11,2023-10-15,https://www.jra.go.jp/datafile/seiseki/report/2023/2023-4niigata2.pdf,official_daily_result_pdf
202304040212,2023,新潟,4,2,12,2023-10-15,https://www.jra.go.jp/datafile/seiseki/report/2023/2023-4niigata2.pdf,official_daily_result_pdf
202304040301,2023,新潟,4,3,1,2023-10-21,https://www.jra.go.jp/datafile/seiseki/report/2023/2023-4niigata3.pdf,official_daily_result_pdf
202304040302,2023,新潟,4,3,2,2023-10-21,https://www.jra.go.jp/datafile/seiseki/report/2023/2023-4niigata3.pdf,official_daily_result_pdf
202304040303,2023,新潟,4,3,3,2023-10-21,https://www.jra.go.jp/datafile/seiseki/report/2023/2023-4niigata3.pdf,official_daily_result_pdf
202304040304,2023,新潟,4,3,4,2023-10-21,https://www.jra.go.jp/datafile/seiseki/report/2023/2023-4niigata3.pdf,official_daily_result_pdf
202304040305,2023,新潟,4,3,5,2023-10-21,https://www.jra.go.jp/datafile/seiseki/report/2023/2023-4niigata3.pdf,official_daily_result_pdf
202304040306,2023,新潟,4,3,6,2023-10-21,https://www.jra.go.jp/datafile/seiseki/report/2023/2023-4niigata3.pdf,official_daily_result_pdf
202304040307,2023,新潟,4,3,7,2023-10-21,https://www.jra.go.jp/datafile/seiseki/report/2023/2023-4niigata3.pdf,official_daily_result_pdf
202304040308,2023,新潟,4,3,8,2023-10-21,https://www.jra.go.jp/datafile/seiseki/report/2023/2023-4niigata3.pdf,official_daily_result_pdf
202304040309,2023,新潟,4,3,9,2023-10-21,https://www.jra.go.jp/datafile/seiseki/report/2023/2023-4niigata3.pdf,official_daily_result_pdf
202304040310,2023,新潟,4,3,10,2023-10-21,https://www.jra.go.jp/datafile/seiseki/report/2023/2023-4niigata3.pdf,official_daily_result_pdf
202304040311,2023,新潟,4,3,11,2023-10-21,https://www.jra.go.jp/datafile/seiseki/report/2023/2023-4niigata3.pdf,official_daily_result_pdf
202304040312,2023,新潟,4,3,12,2023-10-21,https://www.jra.go.jp/datafile/seiseki/report/2023/2023-4niigata3.pdf,official_daily_result_pdf
202304040401,2023,新潟,4,4,1,2023-10-22,https://www.jra.go.jp/datafile/seiseki/report/2023/2023-4niigata4.pdf,official_daily_result_pdf
202304040402,2023,新潟,4,4,2,2023-10-22,https://www.jra.go.jp/datafile/seiseki/report/2023/2023-4niigata4.pdf,official_daily_result_pdf
202304040403,2023,新潟,4,4,3,2023-10-22,https://www.jra.go.jp/datafile/seiseki/report/2023/2023-4niigata4.pdf,official_daily_result_pdf
202304040404,2023,新潟,4,4,4,2023-10-22,https://www.jra.go.jp/datafile/seiseki/report/2023/2023-4niigata4.pdf,official_daily_result_pdf
202304040405,2023,新潟,4,4,5,2023-10-22,https://www.jra.go.jp/datafile/seiseki/report/2023/2023-4niigata4.pdf,official_daily_result_pdf
202304040406,2023,新潟,4,4,6,2023-10-22,https://www.jra.go.jp/datafile/seiseki/report/2023/2023-4niigata4.pdf,official_daily_result_pdf
202304040407,2023,新潟,4,4,7,2023-10-22,https://www.jra.go.jp/datafile/seiseki/report/2023/2023-4niigata4.pdf,official_daily_result_pdf
202304040408,2023,新潟,4,4,8,2023-10-22,https://www.jra.go.jp/datafile/seiseki/report/2023/2023-4niigata4.pdf,official_daily_result_pdf
202304040409,2023,新潟,4,4,9,2023-10-22,https://www.jra.go.jp/datafile/seiseki/report/2023/2023-4niigata4.pdf,official_daily_result_pdf
202304040410,2023,新潟,4,4,10,2023-10-22,https://www.jra.go.jp/datafile/seiseki/report/2023/2023-4niigata4.pdf,official_daily_result_pdf
202304040411,2023,新潟,4,4,11,2023-10-22,https://www.jra.go.jp/datafile/seiseki/report/2023/2023-4niigata4.pdf,official_daily_result_pdf
202304040412,2023,新潟,4,4,12,2023-10-22,https://www.jra.go.jp/datafile/seiseki/report/2023/2023-4niigata4.pdf,official_daily_result_pdf
202304040501,2023,新潟,4,5,1,2023-10-28,https://www.jra.go.jp/datafile/seiseki/report/2023/2023-4niigata5.pdf,official_daily_result_pdf
202304040502,2023,新潟,4,5,2,2023-10-28,https://www.jra.go.jp/datafile/seiseki/report/2023/2023-4niigata5.pdf,official_daily_result_pdf
202304040503,2023,新潟,4,5,3,2023-10-28,https://www.jra.go.jp/datafile/seiseki/report/2023/2023-4niigata5.pdf,official_daily_result_pdf
202304040504,2023,新潟,4,5,4,2023-10-28,https://www.jra.go.jp/datafile/seiseki/report/2023/2023-4niigata5.pdf,official_daily_result_pdf
202304040505,2023,新潟,4,5,5,2023-10-28,https://www.jra.go.jp/datafile/seiseki/report/2023/2023-4niigata5.pdf,official_daily_result_pdf
202304040506,2023,新潟,4,5,6,2023-10-28,https://www.jra.go.jp/datafile/seiseki/report/2023/2023-4niigata5.pdf,official_daily_result_pdf
202304040507,2023,新潟,4,5,7,2023-10-28,https://www.jra.go.jp/datafile/seiseki/report/2023/2023-4niigata5.pdf,official_daily_result_pdf
202304040508,2023,新潟,4,5,8,2023-10-28,https://www.jra.go.jp/datafile/seiseki/report/2023/2023-4niigata5.pdf,official_daily_result_pdf
202304040509,2023,新潟,4,5,9,2023-10-28,https://www.jra.go.jp/datafile/seiseki/report/2023/2023-4niigata5.pdf,official_daily_result_pdf
202304040510,2023,新潟,4,5,10,2023-10-28,https://www.jra.go.jp/datafile/seiseki/report/2023/2023-4niigata5.pdf,official_daily_result_pdf
202304040511,2023,新潟,4,5,11,2023-10-28,https://www.jra.go.jp/datafile/seiseki/report/2023/2023-4niigata5.pdf,official_daily_result_pdf
202304040512,2023,新潟,4,5,12,2023-10-28,https://www.jra.go.jp/datafile/seiseki/report/2023/2023-4niigata5.pdf,official_daily_result_pdf
202304040601,2023,新潟,4,6,1,2023-10-29,https://www.jra.go.jp/datafile/seiseki/report/2023/2023-4niigata6.pdf,official_daily_result_pdf
202304040602,2023,新潟,4,6,2,2023-10-29,https://www.jra.go.jp/datafile/seiseki/report/2023/2023-4niigata6.pdf,official_daily_result_pdf
202304040603,2023,新潟,4,6,3,2023-10-29,https://www.jra.go.jp/datafile/seiseki/report/2023/2023-4niigata6.pdf,official_daily_result_pdf
202304040604,2023,新潟,4,6,4,2023-10-29,https://www.jra.go.jp/datafile/seiseki/report/2023/2023-4niigata6.pdf,official_daily_result_pdf
202304040605,2023,新潟,4,6,5,2023-10-29,https://www.jra.go.jp/datafile/seiseki/report/2023/2023-4niigata6.pdf,official_daily_result_pdf
202304040606,2023,新潟,4,6,6,2023-10-29,https://www.jra.go.jp/datafile/seiseki/report/2023/2023-4niigata6.pdf,official_daily_result_pdf
202304040607,2023,新潟,4,6,7,2023-10-29,https://www.jra.go.jp/datafile/seiseki/report/2023/2023-4niigata6.pdf,official_daily_result_pdf
202304040608,2023,新潟,4,6,8,2023-10-29,https://www.jra.go.jp/datafile/seiseki/report/2023/2023-4niigata6.pdf,official_daily_result_pdf
202304040609,2023,新潟,4,6,9,2023-10-29,https://www.jra.go.jp/datafile/seiseki/report/2023/2023-4niigata6.pdf,official_daily_result_pdf
202304040610,2023,新潟,4,6,10,2023-10-29,https://www.jra.go.jp/datafile/seiseki/report/2023/2023-4niigata6.pdf,official_daily_result_pdf
202304040611,2023,新潟,4,6,11,2023-10-29,https://www.jra.go.jp/datafile/seiseki/report/2023/2023-4niigata6.pdf,official_daily_result_pdf
202304040612,2023,新潟,4,6,12,2023-10-29,https://www.jra.go.jp/datafile/seiseki/report/2023/2023-4niigata6.pdf,official_daily_result_pdf
202305010101,2023,東京,1,1,1,2023-01-28,https://www.jra.go.jp/datafile/seiseki/report/2023/2023-1tokyo1.pdf,official_daily_result_pdf
202305010102,2023,東京,1,1,2,2023-01-28,https://www.jra.go.jp/datafile/seiseki/report/2023/2023-1tokyo1.pdf,official_daily_result_pdf
202305010103,2023,東京,1,1,3,2023-01-28,https://www.jra.go.jp/datafile/seiseki/report/2023/2023-1tokyo1.pdf,official_daily_result_pdf
202305010104,2023,東京,1,1,4,2023-01-28,https://www.jra.go.jp/datafile/seiseki/report/2023/2023-1tokyo1.pdf,official_daily_result_pdf
202305010105,2023,東京,1,1,5,2023-01-28,https://www.jra.go.jp/datafile/seiseki/report/2023/2023-1tokyo1.pdf,official_daily_result_pdf
202305010106,2023,東京,1,1,6,2023-01-28,https://www.jra.go.jp/datafile/seiseki/report/2023/2023-1tokyo1.pdf,official_daily_result_pdf
202305010107,2023,東京,1,1,7,2023-01-28,https://www.jra.go.jp/datafile/seiseki/report/2023/2023-1tokyo1.pdf,official_daily_result_pdf
202305010108,2023,東京,1,1,8,2023-01-28,https://www.jra.go.jp/datafile/seiseki/report/2023/2023-1tokyo1.pdf,official_daily_result_pdf
202305010109,2023,東京,1,1,9,2023-01-28,https://www.jra.go.jp/datafile/seiseki/report/2023/2023-1tokyo1.pdf,official_daily_result_pdf
202305010110,2023,東京,1,1,10,2023-01-28,https://www.jra.go.jp/datafile/seiseki/report/2023/2023-1tokyo1.pdf,official_daily_result_pdf
202305010111,2023,東京,1,1,11,2023-01-28,https://www.jra.go.jp/datafile/seiseki/report/2023/2023-1tokyo1.pdf,official_daily_result_pdf
202305010112,2023,東京,1,1,12,2023-01-28,https://www.jra.go.jp/datafile/seiseki/report/2023/2023-1tokyo1.pdf,official_daily_result_pdf
202305010201,2023,東京,1,2,1,2023-01-29,https://www.jra.go.jp/datafile/seiseki/report/2023/2023-1tokyo2.pdf,official_daily_result_pdf
202305010202,2023,東京,1,2,2,2023-01-29,https://www.jra.go.jp/datafile/seiseki/report/2023/2023-1tokyo2.pdf,official_daily_result_pdf
202305010203,2023,東京,1,2,3,2023-01-29,https://www.jra.go.jp/datafile/seiseki/report/2023/2023-1tokyo2.pdf,official_daily_result_pdf
202305010204,2023,東京,1,2,4,2023-01-29,https://www.jra.go.jp/datafile/seiseki/report/2023/2023-1tokyo2.pdf,official_daily_result_pdf
202305010205,2023,東京,1,2,5,2023-01-29,https://www.jra.go.jp/datafile/seiseki/report/2023/2023-1tokyo2.pdf,official_daily_result_pdf
202305010206,2023,東京,1,2,6,2023-01-29,https://www.jra.go.jp/datafile/seiseki/report/2023/2023-1tokyo2.pdf,official_daily_result_pdf
202305010207,2023,東京,1,2,7,2023-01-29,https://www.jra.go.jp/datafile/seiseki/report/2023/2023-1tokyo2.pdf,official_daily_result_pdf
202305010208,2023,東京,1,2,8,2023-01-29,https://www.jra.go.jp/datafile/seiseki/report/2023/2023-1tokyo2.pdf,official_daily_result_pdf
202305010209,2023,東京,1,2,9,2023-01-29,https://www.jra.go.jp/datafile/seiseki/report/2023/2023-1tokyo2.pdf,official_daily_result_pdf
202305010210,2023,東京,1,2,10,2023-01-29,https://www.jra.go.jp/datafile/seiseki/report/2023/2023-1tokyo2.pdf,official_daily_result_pdf
202305010211,2023,東京,1,2,11,2023-01-29,https://www.jra.go.jp/datafile/seiseki/report/2023/2023-1tokyo2.pdf,official_daily_result_pdf
202305010212,2023,東京,1,2,12,2023-01-29,https://www.jra.go.jp/datafile/seiseki/report/2023/2023-1tokyo2.pdf,official_daily_result_pdf
202305010301,2023,東京,1,3,1,2023-02-04,https://www.jra.go.jp/datafile/seiseki/report/2023/2023-1tokyo3.pdf,official_daily_result_pdf
202305010302,2023,東京,1,3,2,2023-02-04,https://www.jra.go.jp/datafile/seiseki/report/2023/2023-1tokyo3.pdf,official_daily_result_pdf
202305010303,2023,東京,1,3,3,2023-02-04,https://www.jra.go.jp/datafile/seiseki/report/2023/2023-1tokyo3.pdf,official_daily_result_pdf
202305010304,2023,東京,1,3,4,2023-02-04,https://www.jra.go.jp/datafile/seiseki/report/2023/2023-1tokyo3.pdf,official_daily_result_pdf
202305010305,2023,東京,1,3,5,2023-02-04,https://www.jra.go.jp/datafile/seiseki/report/2023/2023-1tokyo3.pdf,official_daily_result_pdf
202305010306,2023,東京,1,3,6,2023-02-04,https://www.jra.go.jp/datafile/seiseki/report/2023/2023-1tokyo3.pdf,official_daily_result_pdf
202305010307,2023,東京,1,3,7,2023-02-04,https://www.jra.go.jp/datafile/seiseki/report/2023/2023-1tokyo3.pdf,official_daily_result_pdf
202305010308,2023,東京,1,3,8,2023-02-04,https://www.jra.go.jp/datafile/seiseki/report/2023/2023-1tokyo3.pdf,official_daily_result_pdf
202305010309,2023,東京,1,3,9,2023-02-04,https://www.jra.go.jp/datafile/seiseki/report/2023/2023-1tokyo3.pdf,official_daily_result_pdf
202305010310,2023,東京,1,3,10,2023-02-04,https://www.jra.go.jp/datafile/seiseki/report/2023/2023-1tokyo3.pdf,official_daily_result_pdf
202305010311,2023,東京,1,3,11,2023-02-04,https://www.jra.go.jp/datafile/seiseki/report/2023/2023-1tokyo3.pdf,official_daily_result_pdf
202305010312,2023,東京,1,3,12,2023-02-04,https://www.jra.go.jp/datafile/seiseki/report/2023/2023-1tokyo3.pdf,official_daily_result_pdf
202305010401,2023,東京,1,4,1,2023-02-05,https://www.jra.go.jp/datafile/seiseki/report/2023/2023-1tokyo4.pdf,official_daily_result_pdf
202305010402,2023,東京,1,4,2,2023-02-05,https://www.jra.go.jp/datafile/seiseki/report/2023/2023-1tokyo4.pdf,official_daily_result_pdf
202305010403,2023,東京,1,4,3,2023-02-05,https://www.jra.go.jp/datafile/seiseki/report/2023/2023-1tokyo4.pdf,official_daily_result_pdf
202305010404,2023,東京,1,4,4,2023-02-05,https://www.jra.go.jp/datafile/seiseki/report/2023/2023-1tokyo4.pdf,official_daily_result_pdf
202305010405,2023,東京,1,4,5,2023-02-05,https://www.jra.go.jp/datafile/seiseki/report/2023/2023-1tokyo4.pdf,official_daily_result_pdf
202305010406,2023,東京,1,4,6,2023-02-05,https://www.jra.go.jp/datafile/seiseki/report/2023/2023-1tokyo4.pdf,official_daily_result_pdf
202305010407,2023,東京,1,4,7,2023-02-05,https://www.jra.go.jp/datafile/seiseki/report/2023/2023-1tokyo4.pdf,official_daily_result_pdf
202305010408,2023,東京,1,4,8,2023-02-05,https://www.jra.go.jp/datafile/seiseki/report/2023/2023-1tokyo4.pdf,official_daily_result_pdf
202305010409,2023,東京,1,4,9,2023-02-05,https://www.jra.go.jp/datafile/seiseki/report/2023/2023-1tokyo4.pdf,official_daily_result_pdf
202305010410,2023,東京,1,4,10,2023-02-05,https://www.jra.go.jp/datafile/seiseki/report/2023/2023-1tokyo4.pdf,official_daily_result_pdf
202305010411,2023,東京,1,4,11,2023-02-05,https://www.jra.go.jp/datafile/seiseki/report/2023/2023-1tokyo4.pdf,official_daily_result_pdf
202305010412,2023,東京,1,4,12,2023-02-05,https://www.jra.go.jp/datafile/seiseki/report/2023/2023-1tokyo4.pdf,official_daily_result_pdf
202305010501,2023,東京,1,5,1,2023-02-11,https://www.jra.go.jp/datafile/seiseki/report/2023/2023-1tokyo5.pdf,official_daily_result_pdf
202305010502,2023,東京,1,5,2,2023-02-11,https://www.jra.go.jp/datafile/seiseki/report/2023/2023-1tokyo5.pdf,official_daily_result_pdf
202305010503,2023,東京,1,5,3,2023-02-11,https://www.jra.go.jp/datafile/seiseki/report/2023/2023-1tokyo5.pdf,official_daily_result_pdf
202305010504,2023,東京,1,5,4,2023-02-11,https://www.jra.go.jp/datafile/seiseki/report/2023/2023-1tokyo5.pdf,official_daily_result_pdf
202305010505,2023,東京,1,5,5,2023-02-11,https://www.jra.go.jp/datafile/seiseki/report/2023/2023-1tokyo5.pdf,official_daily_result_pdf
202305010506,2023,東京,1,5,6,2023-02-11,https://www.jra.go.jp/datafile/seiseki/report/2023/2023-1tokyo5.pdf,official_daily_result_pdf
202305010507,2023,東京,1,5,7,2023-02-11,https://www.jra.go.jp/datafile/seiseki/report/2023/2023-1tokyo5.pdf,official_daily_result_pdf
202305010508,2023,東京,1,5,8,2023-02-11,https://www.jra.go.jp/datafile/seiseki/report/2023/2023-1tokyo5.pdf,official_daily_result_pdf
202305010509,2023,東京,1,5,9,2023-02-11,https://www.jra.go.jp/datafile/seiseki/report/2023/2023-1tokyo5.pdf,official_daily_result_pdf
202305010510,2023,東京,1,5,10,2023-02-11,https://www.jra.go.jp/datafile/seiseki/report/2023/2023-1tokyo5.pdf,official_daily_result_pdf
202305010511,2023,東京,1,5,11,2023-02-11,https://www.jra.go.jp/datafile/seiseki/report/2023/2023-1tokyo5.pdf,official_daily_result_pdf
202305010512,2023,東京,1,5,12,2023-02-11,https://www.jra.go.jp/datafile/seiseki/report/2023/2023-1tokyo5.pdf,official_daily_result_pdf
202305010601,2023,東京,1,6,1,2023-02-12,https://www.jra.go.jp/datafile/seiseki/report/2023/2023-1tokyo6.pdf,official_daily_result_pdf
202305010602,2023,東京,1,6,2,2023-02-12,https://www.jra.go.jp/datafile/seiseki/report/2023/2023-1tokyo6.pdf,official_daily_result_pdf
202305010603,2023,東京,1,6,3,2023-02-12,https://www.jra.go.jp/datafile/seiseki/report/2023/2023-1tokyo6.pdf,official_daily_result_pdf
202305010604,2023,東京,1,6,4,2023-02-12,https://www.jra.go.jp/datafile/seiseki/report/2023/2023-1tokyo6.pdf,official_daily_result_pdf
202305010605,2023,東京,1,6,5,2023-02-12,https://www.jra.go.jp/datafile/seiseki/report/2023/2023-1tokyo6.pdf,official_daily_result_pdf
202305010606,2023,東京,1,6,6,2023-02-12,https://www.jra.go.jp/datafile/seiseki/report/2023/2023-1tokyo6.pdf,official_daily_result_pdf
202305010607,2023,東京,1,6,7,2023-02-12,https://www.jra.go.jp/datafile/seiseki/report/2023/2023-1tokyo6.pdf,official_daily_result_pdf
202305010608,2023,東京,1,6,8,2023-02-12,https://www.jra.go.jp/datafile/seiseki/report/2023/2023-1tokyo6.pdf,official_daily_result_pdf
202305010609,2023,東京,1,6,9,2023-02-12,https://www.jra.go.jp/datafile/seiseki/report/2023/2023-1tokyo6.pdf,official_daily_result_pdf
202305010610,2023,東京,1,6,10,2023-02-12,https://www.jra.go.jp/datafile/seiseki/report/2023/2023-1tokyo6.pdf,official_daily_result_pdf
202305010611,2023,東京,1,6,11,2023-02-12,https://www.jra.go.jp/datafile/seiseki/report/2023/2023-1tokyo6.pdf,official_daily_result_pdf
202305010612,2023,東京,1,6,12,2023-02-12,https://www.jra.go.jp/datafile/seiseki/report/2023/2023-1tokyo6.pdf,official_daily_result_pdf
202305010701,2023,東京,1,7,1,2023-02-18,https://www.jra.go.jp/datafile/seiseki/report/2023/2023-1tokyo7.pdf,official_daily_result_pdf
202305010702,2023,東京,1,7,2,2023-02-18,https://www.jra.go.jp/datafile/seiseki/report/2023/2023-1tokyo7.pdf,official_daily_result_pdf
202305010703,2023,東京,1,7,3,2023-02-18,https://www.jra.go.jp/datafile/seiseki/report/2023/2023-1tokyo7.pdf,official_daily_result_pdf
202305010704,2023,東京,1,7,4,2023-02-18,https://www.jra.go.jp/datafile/seiseki/report/2023/2023-1tokyo7.pdf,official_daily_result_pdf
202305010705,2023,東京,1,7,5,2023-02-18,https://www.jra.go.jp/datafile/seiseki/report/2023/2023-1tokyo7.pdf,official_daily_result_pdf
202305010706,2023,東京,1,7,6,2023-02-18,https://www.jra.go.jp/datafile/seiseki/report/2023/2023-1tokyo7.pdf,official_daily_result_pdf
202305010707,2023,東京,1,7,7,2023-02-18,https://www.jra.go.jp/datafile/seiseki/report/2023/2023-1tokyo7.pdf,official_daily_result_pdf
202305010708,2023,東京,1,7,8,2023-02-18,https://www.jra.go.jp/datafile/seiseki/report/2023/2023-1tokyo7.pdf,official_daily_result_pdf
202305010709,2023,東京,1,7,9,2023-02-18,https://www.jra.go.jp/datafile/seiseki/report/2023/2023-1tokyo7.pdf,official_daily_result_pdf
202305010710,2023,東京,1,7,10,2023-02-18,https://www.jra.go.jp/datafile/seiseki/report/2023/2023-1tokyo7.pdf,official_daily_result_pdf
202305010711,2023,東京,1,7,11,2023-02-18,https://www.jra.go.jp/datafile/seiseki/report/2023/2023-1tokyo7.pdf,official_daily_result_pdf
202305010712,2023,東京,1,7,12,2023-02-18,https://www.jra.go.jp/datafile/seiseki/report/2023/2023-1tokyo7.pdf,official_daily_result_pdf
202305010801,2023,東京,1,8,1,2023-02-19,https://www.jra.go.jp/datafile/seiseki/report/2023/2023-1tokyo8.pdf,official_daily_result_pdf
202305010802,2023,東京,1,8,2,2023-02-19,https://www.jra.go.jp/datafile/seiseki/report/2023/2023-1tokyo8.pdf,official_daily_result_pdf
202305010803,2023,東京,1,8,3,2023-02-19,https://www.jra.go.jp/datafile/seiseki/report/2023/2023-1tokyo8.pdf,official_daily_result_pdf
202305010804,2023,東京,1,8,4,2023-02-19,https://www.jra.go.jp/datafile/seiseki/report/2023/2023-1tokyo8.pdf,official_daily_result_pdf
202305010805,2023,東京,1,8,5,2023-02-19,https://www.jra.go.jp/datafile/seiseki/report/2023/2023-1tokyo8.pdf,official_daily_result_pdf
202305010806,2023,東京,1,8,6,2023-02-19,https://www.jra.go.jp/datafile/seiseki/report/2023/2023-1tokyo8.pdf,official_daily_result_pdf
202305010807,2023,東京,1,8,7,2023-02-19,https://www.jra.go.jp/datafile/seiseki/report/2023/2023-1tokyo8.pdf,official_daily_result_pdf
202305010808,2023,東京,1,8,8,2023-02-19,https://www.jra.go.jp/datafile/seiseki/report/2023/2023-1tokyo8.pdf,official_daily_result_pdf
202305010809,2023,東京,1,8,9,2023-02-19,https://www.jra.go.jp/datafile/seiseki/report/2023/2023-1tokyo8.pdf,official_daily_result_pdf
202305010810,2023,東京,1,8,10,2023-02-19,https://www.jra.go.jp/datafile/seiseki/report/2023/2023-1tokyo8.pdf,official_daily_result_pdf
202305010811,2023,東京,1,8,11,2023-02-19,https://www.jra.go.jp/datafile/seiseki/report/2023/2023-1tokyo8.pdf,official_daily_result_pdf
202305010812,2023,東京,1,8,12,2023-02-19,https://www.jra.go.jp/datafile/seiseki/report/2023/2023-1tokyo8.pdf,official_daily_result_pdf
202305020101,2023,東京,2,1,1,2023-04-22,https://www.jra.go.jp/datafile/seiseki/report/2023/2023-2tokyo1.pdf,official_daily_result_pdf
202305020102,2023,東京,2,1,2,2023-04-22,https://www.jra.go.jp/datafile/seiseki/report/2023/2023-2tokyo1.pdf,official_daily_result_pdf
202305020103,2023,東京,2,1,3,2023-04-22,https://www.jra.go.jp/datafile/seiseki/report/2023/2023-2tokyo1.pdf,official_daily_result_pdf
202305020104,2023,東京,2,1,4,2023-04-22,https://www.jra.go.jp/datafile/seiseki/report/2023/2023-2tokyo1.pdf,official_daily_result_pdf
202305020105,2023,東京,2,1,5,2023-04-22,https://www.jra.go.jp/datafile/seiseki/report/2023/2023-2tokyo1.pdf,official_daily_result_pdf
202305020106,2023,東京,2,1,6,2023-04-22,https://www.jra.go.jp/datafile/seiseki/report/2023/2023-2tokyo1.pdf,official_daily_result_pdf
202305020107,2023,東京,2,1,7,2023-04-22,https://www.jra.go.jp/datafile/seiseki/report/2023/2023-2tokyo1.pdf,official_daily_result_pdf
202305020108,2023,東京,2,1,8,2023-04-22,https://www.jra.go.jp/datafile/seiseki/report/2023/2023-2tokyo1.pdf,official_daily_result_pdf
202305020109,2023,東京,2,1,9,2023-04-22,https://www.jra.go.jp/datafile/seiseki/report/2023/2023-2tokyo1.pdf,official_daily_result_pdf
202305020110,2023,東京,2,1,10,2023-04-22,https://www.jra.go.jp/datafile/seiseki/report/2023/2023-2tokyo1.pdf,official_daily_result_pdf
202305020111,2023,東京,2,1,11,2023-04-22,https://www.jra.go.jp/datafile/seiseki/report/2023/2023-2tokyo1.pdf,official_daily_result_pdf
202305020112,2023,東京,2,1,12,2023-04-22,https://www.jra.go.jp/datafile/seiseki/report/2023/2023-2tokyo1.pdf,official_daily_result_pdf
202305020201,2023,東京,2,2,1,2023-04-23,https://www.jra.go.jp/datafile/seiseki/report/2023/2023-2tokyo2.pdf,official_daily_result_pdf
202305020202,2023,東京,2,2,2,2023-04-23,https://www.jra.go.jp/datafile/seiseki/report/2023/2023-2tokyo2.pdf,official_daily_result_pdf
202305020203,2023,東京,2,2,3,2023-04-23,https://www.jra.go.jp/datafile/seiseki/report/2023/2023-2tokyo2.pdf,official_daily_result_pdf
202305020204,2023,東京,2,2,4,2023-04-23,https://www.jra.go.jp/datafile/seiseki/report/2023/2023-2tokyo2.pdf,official_daily_result_pdf
202305020205,2023,東京,2,2,5,2023-04-23,https://www.jra.go.jp/datafile/seiseki/report/2023/2023-2tokyo2.pdf,official_daily_result_pdf
202305020206,2023,東京,2,2,6,2023-04-23,https://www.jra.go.jp/datafile/seiseki/report/2023/2023-2tokyo2.pdf,official_daily_result_pdf
202305020207,2023,東京,2,2,7,2023-04-23,https://www.jra.go.jp/datafile/seiseki/report/2023/2023-2tokyo2.pdf,official_daily_result_pdf
202305020208,2023,東京,2,2,8,2023-04-23,https://www.jra.go.jp/datafile/seiseki/report/2023/2023-2tokyo2.pdf,official_daily_result_pdf
202305020209,2023,東京,2,2,9,2023-04-23,https://www.jra.go.jp/datafile/seiseki/report/2023/2023-2tokyo2.pdf,official_daily_result_pdf
202305020210,2023,東京,2,2,10,2023-04-23,https://www.jra.go.jp/datafile/seiseki/report/2023/2023-2tokyo2.pdf,official_daily_result_pdf
202305020211,2023,東京,2,2,11,2023-04-23,https://www.jra.go.jp/datafile/seiseki/report/2023/2023-2tokyo2.pdf,official_daily_result_pdf
202305020212,2023,東京,2,2,12,2023-04-23,https://www.jra.go.jp/datafile/seiseki/report/2023/2023-2tokyo2.pdf,official_daily_result_pdf
202305020301,2023,東京,2,3,1,2023-04-29,https://www.jra.go.jp/datafile/seiseki/report/2023/2023-2tokyo3.pdf,official_daily_result_pdf
202305020302,2023,東京,2,3,2,2023-04-29,https://www.jra.go.jp/datafile/seiseki/report/2023/2023-2tokyo3.pdf,official_daily_result_pdf
202305020303,2023,東京,2,3,3,2023-04-29,https://www.jra.go.jp/datafile/seiseki/report/2023/2023-2tokyo3.pdf,official_daily_result_pdf
202305020304,2023,東京,2,3,4,2023-04-29,https://www.jra.go.jp/datafile/seiseki/report/2023/2023-2tokyo3.pdf,official_daily_result_pdf
202305020305,2023,東京,2,3,5,2023-04-29,https://www.jra.go.jp/datafile/seiseki/report/2023/2023-2tokyo3.pdf,official_daily_result_pdf
202305020306,2023,東京,2,3,6,2023-04-29,https://www.jra.go.jp/datafile/seiseki/report/2023/2023-2tokyo3.pdf,official_daily_result_pdf
202305020307,2023,東京,2,3,7,2023-04-29,https://www.jra.go.jp/datafile/seiseki/report/2023/2023-2tokyo3.pdf,official_daily_result_pdf
202305020308,2023,東京,2,3,8,2023-04-29,https://www.jra.go.jp/datafile/seiseki/report/2023/2023-2tokyo3.pdf,official_daily_result_pdf
202305020309,2023,東京,2,3,9,2023-04-29,https://www.jra.go.jp/datafile/seiseki/report/2023/2023-2tokyo3.pdf,official_daily_result_pdf
202305020310,2023,東京,2,3,10,2023-04-29,https://www.jra.go.jp/datafile/seiseki/report/2023/2023-2tokyo3.pdf,official_daily_result_pdf
202305020311,2023,東京,2,3,11,2023-04-29,https://www.jra.go.jp/datafile/seiseki/report/2023/2023-2tokyo3.pdf,official_daily_result_pdf
202305020312,2023,東京,2,3,12,2023-04-29,https://www.jra.go.jp/datafile/seiseki/report/2023/2023-2tokyo3.pdf,official_daily_result_pdf
202305020401,2023,東京,2,4,1,2023-04-30,https://www.jra.go.jp/datafile/seiseki/report/2023/2023-2tokyo4.pdf,official_daily_result_pdf
202305020402,2023,東京,2,4,2,2023-04-30,https://www.jra.go.jp/datafile/seiseki/report/2023/2023-2tokyo4.pdf,official_daily_result_pdf
202305020403,2023,東京,2,4,3,2023-04-30,https://www.jra.go.jp/datafile/seiseki/report/2023/2023-2tokyo4.pdf,official_daily_result_pdf
202305020404,2023,東京,2,4,4,2023-04-30,https://www.jra.go.jp/datafile/seiseki/report/2023/2023-2tokyo4.pdf,official_daily_result_pdf
202305020405,2023,東京,2,4,5,2023-04-30,https://www.jra.go.jp/datafile/seiseki/report/2023/2023-2tokyo4.pdf,official_daily_result_pdf
202305020406,2023,東京,2,4,6,2023-04-30,https://www.jra.go.jp/datafile/seiseki/report/2023/2023-2tokyo4.pdf,official_daily_result_pdf
202305020407,2023,東京,2,4,7,2023-04-30,https://www.jra.go.jp/datafile/seiseki/report/2023/2023-2tokyo4.pdf,official_daily_result_pdf
202305020408,2023,東京,2,4,8,2023-04-30,https://www.jra.go.jp/datafile/seiseki/report/2023/2023-2tokyo4.pdf,official_daily_result_pdf
202305020409,2023,東京,2,4,9,2023-04-30,https://www.jra.go.jp/datafile/seiseki/report/2023/2023-2tokyo4.pdf,official_daily_result_pdf
202305020410,2023,東京,2,4,10,2023-04-30,https://www.jra.go.jp/datafile/seiseki/report/2023/2023-2tokyo4.pdf,official_daily_result_pdf
202305020411,2023,東京,2,4,11,2023-04-30,https://www.jra.go.jp/datafile/seiseki/report/2023/2023-2tokyo4.pdf,official_daily_result_pdf
202305020412,2023,東京,2,4,12,2023-04-30,https://www.jra.go.jp/datafile/seiseki/report/2023/2023-2tokyo4.pdf,official_daily_result_pdf
202305020501,2023,東京,2,5,1,2023-05-06,https://www.jra.go.jp/datafile/seiseki/report/2023/2023-2tokyo5.pdf,official_daily_result_pdf
202305020502,2023,東京,2,5,2,2023-05-06,https://www.jra.go.jp/datafile/seiseki/report/2023/2023-2tokyo5.pdf,official_daily_result_pdf
202305020503,2023,東京,2,5,3,2023-05-06,https://www.jra.go.jp/datafile/seiseki/report/2023/2023-2tokyo5.pdf,official_daily_result_pdf
202305020504,2023,東京,2,5,4,2023-05-06,https://www.jra.go.jp/datafile/seiseki/report/2023/2023-2tokyo5.pdf,official_daily_result_pdf
202305020505,2023,東京,2,5,5,2023-05-06,https://www.jra.go.jp/datafile/seiseki/report/2023/2023-2tokyo5.pdf,official_daily_result_pdf
202305020506,2023,東京,2,5,6,2023-05-06,https://www.jra.go.jp/datafile/seiseki/report/2023/2023-2tokyo5.pdf,official_daily_result_pdf
202305020507,2023,東京,2,5,7,2023-05-06,https://www.jra.go.jp/datafile/seiseki/report/2023/2023-2tokyo5.pdf,official_daily_result_pdf
202305020508,2023,東京,2,5,8,2023-05-06,https://www.jra.go.jp/datafile/seiseki/report/2023/2023-2tokyo5.pdf,official_daily_result_pdf
202305020509,2023,東京,2,5,9,2023-05-06,https://www.jra.go.jp/datafile/seiseki/report/2023/2023-2tokyo5.pdf,official_daily_result_pdf
202305020510,2023,東京,2,5,10,2023-05-06,https://www.jra.go.jp/datafile/seiseki/report/2023/2023-2tokyo5.pdf,official_daily_result_pdf
202305020511,2023,東京,2,5,11,2023-05-06,https://www.jra.go.jp/datafile/seiseki/report/2023/2023-2tokyo5.pdf,official_daily_result_pdf
202305020512,2023,東京,2,5,12,2023-05-06,https://www.jra.go.jp/datafile/seiseki/report/2023/2023-2tokyo5.pdf,official_daily_result_pdf
202305020601,2023,東京,2,6,1,2023-05-07,https://www.jra.go.jp/datafile/seiseki/report/2023/2023-2tokyo6.pdf,official_daily_result_pdf
202305020602,2023,東京,2,6,2,2023-05-07,https://www.jra.go.jp/datafile/seiseki/report/2023/2023-2tokyo6.pdf,official_daily_result_pdf
202305020603,2023,東京,2,6,3,2023-05-07,https://www.jra.go.jp/datafile/seiseki/report/2023/2023-2tokyo6.pdf,official_daily_result_pdf
202305020604,2023,東京,2,6,4,2023-05-07,https://www.jra.go.jp/datafile/seiseki/report/2023/2023-2tokyo6.pdf,official_daily_result_pdf
202305020605,2023,東京,2,6,5,2023-05-07,https://www.jra.go.jp/datafile/seiseki/report/2023/2023-2tokyo6.pdf,official_daily_result_pdf
202305020606,2023,東京,2,6,6,2023-05-07,https://www.jra.go.jp/datafile/seiseki/report/2023/2023-2tokyo6.pdf,official_daily_result_pdf
202305020607,2023,東京,2,6,7,2023-05-07,https://www.jra.go.jp/datafile/seiseki/report/2023/2023-2tokyo6.pdf,official_daily_result_pdf
202305020608,2023,東京,2,6,8,2023-05-07,https://www.jra.go.jp/datafile/seiseki/report/2023/2023-2tokyo6.pdf,official_daily_result_pdf
202305020609,2023,東京,2,6,9,2023-05-07,https://www.jra.go.jp/datafile/seiseki/report/2023/2023-2tokyo6.pdf,official_daily_result_pdf
202305020610,2023,東京,2,6,10,2023-05-07,https://www.jra.go.jp/datafile/seiseki/report/2023/2023-2tokyo6.pdf,official_daily_result_pdf
202305020611,2023,東京,2,6,11,2023-05-07,https://www.jra.go.jp/datafile/seiseki/report/2023/2023-2tokyo6.pdf,official_daily_result_pdf
202305020612,2023,東京,2,6,12,2023-05-07,https://www.jra.go.jp/datafile/seiseki/report/2023/2023-2tokyo6.pdf,official_daily_result_pdf
202305020701,2023,東京,2,7,1,2023-05-13,https://www.jra.go.jp/datafile/seiseki/report/2023/2023-2tokyo7.pdf,official_daily_result_pdf
202305020702,2023,東京,2,7,2,2023-05-13,https://www.jra.go.jp/datafile/seiseki/report/2023/2023-2tokyo7.pdf,official_daily_result_pdf
202305020703,2023,東京,2,7,3,2023-05-13,https://www.jra.go.jp/datafile/seiseki/report/2023/2023-2tokyo7.pdf,official_daily_result_pdf
202305020704,2023,東京,2,7,4,2023-05-13,https://www.jra.go.jp/datafile/seiseki/report/2023/2023-2tokyo7.pdf,official_daily_result_pdf
202305020705,2023,東京,2,7,5,2023-05-13,https://www.jra.go.jp/datafile/seiseki/report/2023/2023-2tokyo7.pdf,official_daily_result_pdf
202305020706,2023,東京,2,7,6,2023-05-13,https://www.jra.go.jp/datafile/seiseki/report/2023/2023-2tokyo7.pdf,official_daily_result_pdf
202305020707,2023,東京,2,7,7,2023-05-13,https://www.jra.go.jp/datafile/seiseki/report/2023/2023-2tokyo7.pdf,official_daily_result_pdf
202305020708,2023,東京,2,7,8,2023-05-13,https://www.jra.go.jp/datafile/seiseki/report/2023/2023-2tokyo7.pdf,official_daily_result_pdf
202305020709,2023,東京,2,7,9,2023-05-13,https://www.jra.go.jp/datafile/seiseki/report/2023/2023-2tokyo7.pdf,official_daily_result_pdf
202305020710,2023,東京,2,7,10,2023-05-13,https://www.jra.go.jp/datafile/seiseki/report/2023/2023-2tokyo7.pdf,official_daily_result_pdf
202305020711,2023,東京,2,7,11,2023-05-13,https://www.jra.go.jp/datafile/seiseki/report/2023/2023-2tokyo7.pdf,official_daily_result_pdf
202305020712,2023,東京,2,7,12,2023-05-13,https://www.jra.go.jp/datafile/seiseki/report/2023/2023-2tokyo7.pdf,official_daily_result_pdf
202305020801,2023,東京,2,8,1,2023-05-14,https://www.jra.go.jp/datafile/seiseki/report/2023/2023-2tokyo8.pdf,official_daily_result_pdf
202305020802,2023,東京,2,8,2,2023-05-14,https://www.jra.go.jp/datafile/seiseki/report/2023/2023-2tokyo8.pdf,official_daily_result_pdf
202305020803,2023,東京,2,8,3,2023-05-14,https://www.jra.go.jp/datafile/seiseki/report/2023/2023-2tokyo8.pdf,official_daily_result_pdf
202305020804,2023,東京,2,8,4,2023-05-14,https://www.jra.go.jp/datafile/seiseki/report/2023/2023-2tokyo8.pdf,official_daily_result_pdf
202305020805,2023,東京,2,8,5,2023-05-14,https://www.jra.go.jp/datafile/seiseki/report/2023/2023-2tokyo8.pdf,official_daily_result_pdf
202305020806,2023,東京,2,8,6,2023-05-14,https://www.jra.go.jp/datafile/seiseki/report/2023/2023-2tokyo8.pdf,official_daily_result_pdf
202305020807,2023,東京,2,8,7,2023-05-14,https://www.jra.go.jp/datafile/seiseki/report/2023/2023-2tokyo8.pdf,official_daily_result_pdf
202305020808,2023,東京,2,8,8,2023-05-14,https://www.jra.go.jp/datafile/seiseki/report/2023/2023-2tokyo8.pdf,official_daily_result_pdf
202305020809,2023,東京,2,8,9,2023-05-14,https://www.jra.go.jp/datafile/seiseki/report/2023/2023-2tokyo8.pdf,official_daily_result_pdf
202305020810,2023,東京,2,8,10,2023-05-14,https://www.jra.go.jp/datafile/seiseki/report/2023/2023-2tokyo8.pdf,official_daily_result_pdf
202305020811,2023,東京,2,8,11,2023-05-14,https://www.jra.go.jp/datafile/seiseki/report/2023/2023-2tokyo8.pdf,official_daily_result_pdf
202305020812,2023,東京,2,8,12,2023-05-14,https://www.jra.go.jp/datafile/seiseki/report/2023/2023-2tokyo8.pdf,official_daily_result_pdf
202305020901,2023,東京,2,9,1,2023-05-20,https://www.jra.go.jp/datafile/seiseki/report/2023/2023-2tokyo9.pdf,official_daily_result_pdf
202305020902,2023,東京,2,9,2,2023-05-20,https://www.jra.go.jp/datafile/seiseki/report/2023/2023-2tokyo9.pdf,official_daily_result_pdf
202305020903,2023,東京,2,9,3,2023-05-20,https://www.jra.go.jp/datafile/seiseki/report/2023/2023-2tokyo9.pdf,official_daily_result_pdf
202305020904,2023,東京,2,9,4,2023-05-20,https://www.jra.go.jp/datafile/seiseki/report/2023/2023-2tokyo9.pdf,official_daily_result_pdf
202305020905,2023,東京,2,9,5,2023-05-20,https://www.jra.go.jp/datafile/seiseki/report/2023/2023-2tokyo9.pdf,official_daily_result_pdf
202305020906,2023,東京,2,9,6,2023-05-20,https://www.jra.go.jp/datafile/seiseki/report/2023/2023-2tokyo9.pdf,official_daily_result_pdf
202305020907,2023,東京,2,9,7,2023-05-20,https://www.jra.go.jp/datafile/seiseki/report/2023/2023-2tokyo9.pdf,official_daily_result_pdf
202305020908,2023,東京,2,9,8,2023-05-20,https://www.jra.go.jp/datafile/seiseki/report/2023/2023-2tokyo9.pdf,official_daily_result_pdf
202305020909,2023,東京,2,9,9,2023-05-20,https://www.jra.go.jp/datafile/seiseki/report/2023/2023-2tokyo9.pdf,official_daily_result_pdf
202305020910,2023,東京,2,9,10,2023-05-20,https://www.jra.go.jp/datafile/seiseki/report/2023/2023-2tokyo9.pdf,official_daily_result_pdf
202305020911,2023,東京,2,9,11,2023-05-20,https://www.jra.go.jp/datafile/seiseki/report/2023/2023-2tokyo9.pdf,official_daily_result_pdf
202305020912,2023,東京,2,9,12,2023-05-20,https://www.jra.go.jp/datafile/seiseki/report/2023/2023-2tokyo9.pdf,official_daily_result_pdf
202305021001,2023,東京,2,10,1,2023-05-21,https://www.jra.go.jp/datafile/seiseki/report/2023/2023-2tokyo10.pdf,official_daily_result_pdf
202305021002,2023,東京,2,10,2,2023-05-21,https://www.jra.go.jp/datafile/seiseki/report/2023/2023-2tokyo10.pdf,official_daily_result_pdf
202305021003,2023,東京,2,10,3,2023-05-21,https://www.jra.go.jp/datafile/seiseki/report/2023/2023-2tokyo10.pdf,official_daily_result_pdf
202305021004,2023,東京,2,10,4,2023-05-21,https://www.jra.go.jp/datafile/seiseki/report/2023/2023-2tokyo10.pdf,official_daily_result_pdf
202305021005,2023,東京,2,10,5,2023-05-21,https://www.jra.go.jp/datafile/seiseki/report/2023/2023-2tokyo10.pdf,official_daily_result_pdf
202305021006,2023,東京,2,10,6,2023-05-21,https://www.jra.go.jp/datafile/seiseki/report/2023/2023-2tokyo10.pdf,official_daily_result_pdf
202305021007,2023,東京,2,10,7,2023-05-21,https://www.jra.go.jp/datafile/seiseki/report/2023/2023-2tokyo10.pdf,official_daily_result_pdf
202305021008,2023,東京,2,10,8,2023-05-21,https://www.jra.go.jp/datafile/seiseki/report/2023/2023-2tokyo10.pdf,official_daily_result_pdf
202305021009,2023,東京,2,10,9,2023-05-21,https://www.jra.go.jp/datafile/seiseki/report/2023/2023-2tokyo10.pdf,official_daily_result_pdf
202305021010,2023,東京,2,10,10,2023-05-21,https://www.jra.go.jp/datafile/seiseki/report/2023/2023-2tokyo10.pdf,official_daily_result_pdf
202305021011,2023,東京,2,10,11,2023-05-21,https://www.jra.go.jp/datafile/seiseki/report/2023/2023-2tokyo10.pdf,official_daily_result_pdf
202305021012,2023,東京,2,10,12,2023-05-21,https://www.jra.go.jp/datafile/seiseki/report/2023/2023-2tokyo10.pdf,official_daily_result_pdf
202305021101,2023,東京,2,11,1,2023-05-27,https://www.jra.go.jp/datafile/seiseki/report/2023/2023-2tokyo11.pdf,official_daily_result_pdf
202305021102,2023,東京,2,11,2,2023-05-27,https://www.jra.go.jp/datafile/seiseki/report/2023/2023-2tokyo11.pdf,official_daily_result_pdf
202305021103,2023,東京,2,11,3,2023-05-27,https://www.jra.go.jp/datafile/seiseki/report/2023/2023-2tokyo11.pdf,official_daily_result_pdf
202305021104,2023,東京,2,11,4,2023-05-27,https://www.jra.go.jp/datafile/seiseki/report/2023/2023-2tokyo11.pdf,official_daily_result_pdf
202305021105,2023,東京,2,11,5,2023-05-27,https://www.jra.go.jp/datafile/seiseki/report/2023/2023-2tokyo11.pdf,official_daily_result_pdf
202305021106,2023,東京,2,11,6,2023-05-27,https://www.jra.go.jp/datafile/seiseki/report/2023/2023-2tokyo11.pdf,official_daily_result_pdf
202305021107,2023,東京,2,11,7,2023-05-27,https://www.jra.go.jp/datafile/seiseki/report/2023/2023-2tokyo11.pdf,official_daily_result_pdf
202305021108,2023,東京,2,11,8,2023-05-27,https://www.jra.go.jp/datafile/seiseki/report/2023/2023-2tokyo11.pdf,official_daily_result_pdf
202305021109,2023,東京,2,11,9,2023-05-27,https://www.jra.go.jp/datafile/seiseki/report/2023/2023-2tokyo11.pdf,official_daily_result_pdf
202305021110,2023,東京,2,11,10,2023-05-27,https://www.jra.go.jp/datafile/seiseki/report/2023/2023-2tokyo11.pdf,official_daily_result_pdf
202305021111,2023,東京,2,11,11,2023-05-27,https://www.jra.go.jp/datafile/seiseki/report/2023/2023-2tokyo11.pdf,official_daily_result_pdf
202305021112,2023,東京,2,11,12,2023-05-27,https://www.jra.go.jp/datafile/seiseki/report/2023/2023-2tokyo11.pdf,official_daily_result_pdf
202305021201,2023,東京,2,12,1,2023-05-28,https://www.jra.go.jp/datafile/seiseki/report/2023/2023-2tokyo12.pdf,official_daily_result_pdf
202305021202,2023,東京,2,12,2,2023-05-28,https://www.jra.go.jp/datafile/seiseki/report/2023/2023-2tokyo12.pdf,official_daily_result_pdf
202305021203,2023,東京,2,12,3,2023-05-28,https://www.jra.go.jp/datafile/seiseki/report/2023/2023-2tokyo12.pdf,official_daily_result_pdf
202305021204,2023,東京,2,12,4,2023-05-28,https://www.jra.go.jp/datafile/seiseki/report/2023/2023-2tokyo12.pdf,official_daily_result_pdf
202305021205,2023,東京,2,12,5,2023-05-28,https://www.jra.go.jp/datafile/seiseki/report/2023/2023-2tokyo12.pdf,official_daily_result_pdf
202305021206,2023,東京,2,12,6,2023-05-28,https://www.jra.go.jp/datafile/seiseki/report/2023/2023-2tokyo12.pdf,official_daily_result_pdf
202305021207,2023,東京,2,12,7,2023-05-28,https://www.jra.go.jp/datafile/seiseki/report/2023/2023-2tokyo12.pdf,official_daily_result_pdf
202305021208,2023,東京,2,12,8,2023-05-28,https://www.jra.go.jp/datafile/seiseki/report/2023/2023-2tokyo12.pdf,official_daily_result_pdf
202305021209,2023,東京,2,12,9,2023-05-28,https://www.jra.go.jp/datafile/seiseki/report/2023/2023-2tokyo12.pdf,official_daily_result_pdf
202305021210,2023,東京,2,12,10,2023-05-28,https://www.jra.go.jp/datafile/seiseki/report/2023/2023-2tokyo12.pdf,official_daily_result_pdf
202305021211,2023,東京,2,12,11,2023-05-28,https://www.jra.go.jp/datafile/seiseki/report/2023/2023-2tokyo12.pdf,official_daily_result_pdf
202305021212,2023,東京,2,12,12,2023-05-28,https://www.jra.go.jp/datafile/seiseki/report/2023/2023-2tokyo12.pdf,official_daily_result_pdf
202305030101,2023,東京,3,1,1,2023-06-03,https://www.jra.go.jp/datafile/seiseki/report/2023/2023-3tokyo1.pdf,official_daily_result_pdf
202305030102,2023,東京,3,1,2,2023-06-03,https://www.jra.go.jp/datafile/seiseki/report/2023/2023-3tokyo1.pdf,official_daily_result_pdf
202305030103,2023,東京,3,1,3,2023-06-03,https://www.jra.go.jp/datafile/seiseki/report/2023/2023-3tokyo1.pdf,official_daily_result_pdf
202305030104,2023,東京,3,1,4,2023-06-03,https://www.jra.go.jp/datafile/seiseki/report/2023/2023-3tokyo1.pdf,official_daily_result_pdf
202305030105,2023,東京,3,1,5,2023-06-03,https://www.jra.go.jp/datafile/seiseki/report/2023/2023-3tokyo1.pdf,official_daily_result_pdf
202305030106,2023,東京,3,1,6,2023-06-03,https://www.jra.go.jp/datafile/seiseki/report/2023/2023-3tokyo1.pdf,official_daily_result_pdf
202305030107,2023,東京,3,1,7,2023-06-03,https://www.jra.go.jp/datafile/seiseki/report/2023/2023-3tokyo1.pdf,official_daily_result_pdf
202305030108,2023,東京,3,1,8,2023-06-03,https://www.jra.go.jp/datafile/seiseki/report/2023/2023-3tokyo1.pdf,official_daily_result_pdf
202305030109,2023,東京,3,1,9,2023-06-03,https://www.jra.go.jp/datafile/seiseki/report/2023/2023-3tokyo1.pdf,official_daily_result_pdf
202305030110,2023,東京,3,1,10,2023-06-03,https://www.jra.go.jp/datafile/seiseki/report/2023/2023-3tokyo1.pdf,official_daily_result_pdf
202305030111,2023,東京,3,1,11,2023-06-03,https://www.jra.go.jp/datafile/seiseki/report/2023/2023-3tokyo1.pdf,official_daily_result_pdf
202305030112,2023,東京,3,1,12,2023-06-03,https://www.jra.go.jp/datafile/seiseki/report/2023/2023-3tokyo1.pdf,official_daily_result_pdf
202305030201,2023,東京,3,2,1,2023-06-04,https://www.jra.go.jp/datafile/seiseki/report/2023/2023-3tokyo2.pdf,official_daily_result_pdf
202305030202,2023,東京,3,2,2,2023-06-04,https://www.jra.go.jp/datafile/seiseki/report/2023/2023-3tokyo2.pdf,official_daily_result_pdf
202305030203,2023,東京,3,2,3,2023-06-04,https://www.jra.go.jp/datafile/seiseki/report/2023/2023-3tokyo2.pdf,official_daily_result_pdf
202305030204,2023,東京,3,2,4,2023-06-04,https://www.jra.go.jp/datafile/seiseki/report/2023/2023-3tokyo2.pdf,official_daily_result_pdf
202305030205,2023,東京,3,2,5,2023-06-04,https://www.jra.go.jp/datafile/seiseki/report/2023/2023-3tokyo2.pdf,official_daily_result_pdf
202305030206,2023,東京,3,2,6,2023-06-04,https://www.jra.go.jp/datafile/seiseki/report/2023/2023-3tokyo2.pdf,official_daily_result_pdf
202305030207,2023,東京,3,2,7,2023-06-04,https://www.jra.go.jp/datafile/seiseki/report/2023/2023-3tokyo2.pdf,official_daily_result_pdf
202305030208,2023,東京,3,2,8,2023-06-04,https://www.jra.go.jp/datafile/seiseki/report/2023/2023-3tokyo2.pdf,official_daily_result_pdf
202305030209,2023,東京,3,2,9,2023-06-04,https://www.jra.go.jp/datafile/seiseki/report/2023/2023-3tokyo2.pdf,official_daily_result_pdf
202305030210,2023,東京,3,2,10,2023-06-04,https://www.jra.go.jp/datafile/seiseki/report/2023/2023-3tokyo2.pdf,official_daily_result_pdf
202305030211,2023,東京,3,2,11,2023-06-04,https://www.jra.go.jp/datafile/seiseki/report/2023/2023-3tokyo2.pdf,official_daily_result_pdf
202305030212,2023,東京,3,2,12,2023-06-04,https://www.jra.go.jp/datafile/seiseki/report/2023/2023-3tokyo2.pdf,official_daily_result_pdf
202305030301,2023,東京,3,3,1,2023-06-10,https://www.jra.go.jp/datafile/seiseki/report/2023/2023-3tokyo3.pdf,official_daily_result_pdf
202305030302,2023,東京,3,3,2,2023-06-10,https://www.jra.go.jp/datafile/seiseki/report/2023/2023-3tokyo3.pdf,official_daily_result_pdf
202305030303,2023,東京,3,3,3,2023-06-10,https://www.jra.go.jp/datafile/seiseki/report/2023/2023-3tokyo3.pdf,official_daily_result_pdf
202305030304,2023,東京,3,3,4,2023-06-10,https://www.jra.go.jp/datafile/seiseki/report/2023/2023-3tokyo3.pdf,official_daily_result_pdf
202305030305,2023,東京,3,3,5,2023-06-10,https://www.jra.go.jp/datafile/seiseki/report/2023/2023-3tokyo3.pdf,official_daily_result_pdf
202305030306,2023,東京,3,3,6,2023-06-10,https://www.jra.go.jp/datafile/seiseki/report/2023/2023-3tokyo3.pdf,official_daily_result_pdf
202305030307,2023,東京,3,3,7,2023-06-10,https://www.jra.go.jp/datafile/seiseki/report/2023/2023-3tokyo3.pdf,official_daily_result_pdf
202305030308,2023,東京,3,3,8,2023-06-10,https://www.jra.go.jp/datafile/seiseki/report/2023/2023-3tokyo3.pdf,official_daily_result_pdf
202305030309,2023,東京,3,3,9,2023-06-10,https://www.jra.go.jp/datafile/seiseki/report/2023/2023-3tokyo3.pdf,official_daily_result_pdf
202305030310,2023,東京,3,3,10,2023-06-10,https://www.jra.go.jp/datafile/seiseki/report/2023/2023-3tokyo3.pdf,official_daily_result_pdf
202305030311,2023,東京,3,3,11,2023-06-10,https://www.jra.go.jp/datafile/seiseki/report/2023/2023-3tokyo3.pdf,official_daily_result_pdf
202305030312,2023,東京,3,3,12,2023-06-10,https://www.jra.go.jp/datafile/seiseki/report/2023/2023-3tokyo3.pdf,official_daily_result_pdf
202305030401,2023,東京,3,4,1,2023-06-11,https://www.jra.go.jp/datafile/seiseki/report/2023/2023-3tokyo4.pdf,official_daily_result_pdf
202305030402,2023,東京,3,4,2,2023-06-11,https://www.jra.go.jp/datafile/seiseki/report/2023/2023-3tokyo4.pdf,official_daily_result_pdf
202305030403,2023,東京,3,4,3,2023-06-11,https://www.jra.go.jp/datafile/seiseki/report/2023/2023-3tokyo4.pdf,official_daily_result_pdf
202305030404,2023,東京,3,4,4,2023-06-11,https://www.jra.go.jp/datafile/seiseki/report/2023/2023-3tokyo4.pdf,official_daily_result_pdf
202305030405,2023,東京,3,4,5,2023-06-11,https://www.jra.go.jp/datafile/seiseki/report/2023/2023-3tokyo4.pdf,official_daily_result_pdf
202305030406,2023,東京,3,4,6,2023-06-11,https://www.jra.go.jp/datafile/seiseki/report/2023/2023-3tokyo4.pdf,official_daily_result_pdf
202305030407,2023,東京,3,4,7,2023-06-11,https://www.jra.go.jp/datafile/seiseki/report/2023/2023-3tokyo4.pdf,official_daily_result_pdf
202305030408,2023,東京,3,4,8,2023-06-11,https://www.jra.go.jp/datafile/seiseki/report/2023/2023-3tokyo4.pdf,official_daily_result_pdf
202305030409,2023,東京,3,4,9,2023-06-11,https://www.jra.go.jp/datafile/seiseki/report/2023/2023-3tokyo4.pdf,official_daily_result_pdf
202305030410,2023,東京,3,4,10,2023-06-11,https://www.jra.go.jp/datafile/seiseki/report/2023/2023-3tokyo4.pdf,official_daily_result_pdf
202305030411,2023,東京,3,4,11,2023-06-11,https://www.jra.go.jp/datafile/seiseki/report/2023/2023-3tokyo4.pdf,official_daily_result_pdf
202305030412,2023,東京,3,4,12,2023-06-11,https://www.jra.go.jp/datafile/seiseki/report/2023/2023-3tokyo4.pdf,official_daily_result_pdf
202305030501,2023,東京,3,5,1,2023-06-17,https://www.jra.go.jp/datafile/seiseki/report/2023/2023-3tokyo5.pdf,official_daily_result_pdf
202305030502,2023,東京,3,5,2,2023-06-17,https://www.jra.go.jp/datafile/seiseki/report/2023/2023-3tokyo5.pdf,official_daily_result_pdf
202305030503,2023,東京,3,5,3,2023-06-17,https://www.jra.go.jp/datafile/seiseki/report/2023/2023-3tokyo5.pdf,official_daily_result_pdf
202305030504,2023,東京,3,5,4,2023-06-17,https://www.jra.go.jp/datafile/seiseki/report/2023/2023-3tokyo5.pdf,official_daily_result_pdf
202305030505,2023,東京,3,5,5,2023-06-17,https://www.jra.go.jp/datafile/seiseki/report/2023/2023-3tokyo5.pdf,official_daily_result_pdf
202305030506,2023,東京,3,5,6,2023-06-17,https://www.jra.go.jp/datafile/seiseki/report/2023/2023-3tokyo5.pdf,official_daily_result_pdf
202305030507,2023,東京,3,5,7,2023-06-17,https://www.jra.go.jp/datafile/seiseki/report/2023/2023-3tokyo5.pdf,official_daily_result_pdf
202305030508,2023,東京,3,5,8,2023-06-17,https://www.jra.go.jp/datafile/seiseki/report/2023/2023-3tokyo5.pdf,official_daily_result_pdf
202305030509,2023,東京,3,5,9,2023-06-17,https://www.jra.go.jp/datafile/seiseki/report/2023/2023-3tokyo5.pdf,official_daily_result_pdf
202305030510,2023,東京,3,5,10,2023-06-17,https://www.jra.go.jp/datafile/seiseki/report/2023/2023-3tokyo5.pdf,official_daily_result_pdf
202305030511,2023,東京,3,5,11,2023-06-17,https://www.jra.go.jp/datafile/seiseki/report/2023/2023-3tokyo5.pdf,official_daily_result_pdf
202305030512,2023,東京,3,5,12,2023-06-17,https://www.jra.go.jp/datafile/seiseki/report/2023/2023-3tokyo5.pdf,official_daily_result_pdf
202305030601,2023,東京,3,6,1,2023-06-18,https://www.jra.go.jp/datafile/seiseki/report/2023/2023-3tokyo6.pdf,official_daily_result_pdf
202305030602,2023,東京,3,6,2,2023-06-18,https://www.jra.go.jp/datafile/seiseki/report/2023/2023-3tokyo6.pdf,official_daily_result_pdf
202305030603,2023,東京,3,6,3,2023-06-18,https://www.jra.go.jp/datafile/seiseki/report/2023/2023-3tokyo6.pdf,official_daily_result_pdf
202305030604,2023,東京,3,6,4,2023-06-18,https://www.jra.go.jp/datafile/seiseki/report/2023/2023-3tokyo6.pdf,official_daily_result_pdf
202305030605,2023,東京,3,6,5,2023-06-18,https://www.jra.go.jp/datafile/seiseki/report/2023/2023-3tokyo6.pdf,official_daily_result_pdf
202305030606,2023,東京,3,6,6,2023-06-18,https://www.jra.go.jp/datafile/seiseki/report/2023/2023-3tokyo6.pdf,official_daily_result_pdf
202305030607,2023,東京,3,6,7,2023-06-18,https://www.jra.go.jp/datafile/seiseki/report/2023/2023-3tokyo6.pdf,official_daily_result_pdf
202305030608,2023,東京,3,6,8,2023-06-18,https://www.jra.go.jp/datafile/seiseki/report/2023/2023-3tokyo6.pdf,official_daily_result_pdf
202305030609,2023,東京,3,6,9,2023-06-18,https://www.jra.go.jp/datafile/seiseki/report/2023/2023-3tokyo6.pdf,official_daily_result_pdf
202305030610,2023,東京,3,6,10,2023-06-18,https://www.jra.go.jp/datafile/seiseki/report/2023/2023-3tokyo6.pdf,official_daily_result_pdf
202305030611,2023,東京,3,6,11,2023-06-18,https://www.jra.go.jp/datafile/seiseki/report/2023/2023-3tokyo6.pdf,official_daily_result_pdf
202305030612,2023,東京,3,6,12,2023-06-18,https://www.jra.go.jp/datafile/seiseki/report/2023/2023-3tokyo6.pdf,official_daily_result_pdf
202305030701,2023,東京,3,7,1,2023-06-24,https://www.jra.go.jp/datafile/seiseki/report/2023/2023-3tokyo7.pdf,official_daily_result_pdf
202305030702,2023,東京,3,7,2,2023-06-24,https://www.jra.go.jp/datafile/seiseki/report/2023/2023-3tokyo7.pdf,official_daily_result_pdf
202305030703,2023,東京,3,7,3,2023-06-24,https://www.jra.go.jp/datafile/seiseki/report/2023/2023-3tokyo7.pdf,official_daily_result_pdf
202305030704,2023,東京,3,7,4,2023-06-24,https://www.jra.go.jp/datafile/seiseki/report/2023/2023-3tokyo7.pdf,official_daily_result_pdf
202305030705,2023,東京,3,7,5,2023-06-24,https://www.jra.go.jp/datafile/seiseki/report/2023/2023-3tokyo7.pdf,official_daily_result_pdf
202305030706,2023,東京,3,7,6,2023-06-24,https://www.jra.go.jp/datafile/seiseki/report/2023/2023-3tokyo7.pdf,official_daily_result_pdf
202305030707,2023,東京,3,7,7,2023-06-24,https://www.jra.go.jp/datafile/seiseki/report/2023/2023-3tokyo7.pdf,official_daily_result_pdf
202305030708,2023,東京,3,7,8,2023-06-24,https://www.jra.go.jp/datafile/seiseki/report/2023/2023-3tokyo7.pdf,official_daily_result_pdf
202305030709,2023,東京,3,7,9,2023-06-24,https://www.jra.go.jp/datafile/seiseki/report/2023/2023-3tokyo7.pdf,official_daily_result_pdf
202305030710,2023,東京,3,7,10,2023-06-24,https://www.jra.go.jp/datafile/seiseki/report/2023/2023-3tokyo7.pdf,official_daily_result_pdf
202305030711,2023,東京,3,7,11,2023-06-24,https://www.jra.go.jp/datafile/seiseki/report/2023/2023-3tokyo7.pdf,official_daily_result_pdf
202305030712,2023,東京,3,7,12,2023-06-24,https://www.jra.go.jp/datafile/seiseki/report/2023/2023-3tokyo7.pdf,official_daily_result_pdf
202305030801,2023,東京,3,8,1,2023-06-25,https://www.jra.go.jp/datafile/seiseki/report/2023/2023-3tokyo8.pdf,official_daily_result_pdf
202305030802,2023,東京,3,8,2,2023-06-25,https://www.jra.go.jp/datafile/seiseki/report/2023/2023-3tokyo8.pdf,official_daily_result_pdf
202305030803,2023,東京,3,8,3,2023-06-25,https://www.jra.go.jp/datafile/seiseki/report/2023/2023-3tokyo8.pdf,official_daily_result_pdf
202305030804,2023,東京,3,8,4,2023-06-25,https://www.jra.go.jp/datafile/seiseki/report/2023/2023-3tokyo8.pdf,official_daily_result_pdf
202305030805,2023,東京,3,8,5,2023-06-25,https://www.jra.go.jp/datafile/seiseki/report/2023/2023-3tokyo8.pdf,official_daily_result_pdf
202305030806,2023,東京,3,8,6,2023-06-25,https://www.jra.go.jp/datafile/seiseki/report/2023/2023-3tokyo8.pdf,official_daily_result_pdf
202305030807,2023,東京,3,8,7,2023-06-25,https://www.jra.go.jp/datafile/seiseki/report/2023/2023-3tokyo8.pdf,official_daily_result_pdf
202305030808,2023,東京,3,8,8,2023-06-25,https://www.jra.go.jp/datafile/seiseki/report/2023/2023-3tokyo8.pdf,official_daily_result_pdf
202305030809,2023,東京,3,8,9,2023-06-25,https://www.jra.go.jp/datafile/seiseki/report/2023/2023-3tokyo8.pdf,official_daily_result_pdf
202305030810,2023,東京,3,8,10,2023-06-25,https://www.jra.go.jp/datafile/seiseki/report/2023/2023-3tokyo8.pdf,official_daily_result_pdf
202305030811,2023,東京,3,8,11,2023-06-25,https://www.jra.go.jp/datafile/seiseki/report/2023/2023-3tokyo8.pdf,official_daily_result_pdf
202305030812,2023,東京,3,8,12,2023-06-25,https://www.jra.go.jp/datafile/seiseki/report/2023/2023-3tokyo8.pdf,official_daily_result_pdf
202305040101,2023,東京,4,1,1,2023-10-07,https://www.jra.go.jp/datafile/seiseki/report/2023/2023-4tokyo1.pdf,official_daily_result_pdf
202305040102,2023,東京,4,1,2,2023-10-07,https://www.jra.go.jp/datafile/seiseki/report/2023/2023-4tokyo1.pdf,official_daily_result_pdf
202305040103,2023,東京,4,1,3,2023-10-07,https://www.jra.go.jp/datafile/seiseki/report/2023/2023-4tokyo1.pdf,official_daily_result_pdf
202305040104,2023,東京,4,1,4,2023-10-07,https://www.jra.go.jp/datafile/seiseki/report/2023/2023-4tokyo1.pdf,official_daily_result_pdf
202305040105,2023,東京,4,1,5,2023-10-07,https://www.jra.go.jp/datafile/seiseki/report/2023/2023-4tokyo1.pdf,official_daily_result_pdf
202305040106,2023,東京,4,1,6,2023-10-07,https://www.jra.go.jp/datafile/seiseki/report/2023/2023-4tokyo1.pdf,official_daily_result_pdf
202305040107,2023,東京,4,1,7,2023-10-07,https://www.jra.go.jp/datafile/seiseki/report/2023/2023-4tokyo1.pdf,official_daily_result_pdf
202305040108,2023,東京,4,1,8,2023-10-07,https://www.jra.go.jp/datafile/seiseki/report/2023/2023-4tokyo1.pdf,official_daily_result_pdf
202305040109,2023,東京,4,1,9,2023-10-07,https://www.jra.go.jp/datafile/seiseki/report/2023/2023-4tokyo1.pdf,official_daily_result_pdf
202305040110,2023,東京,4,1,10,2023-10-07,https://www.jra.go.jp/datafile/seiseki/report/2023/2023-4tokyo1.pdf,official_daily_result_pdf
202305040111,2023,東京,4,1,11,2023-10-07,https://www.jra.go.jp/datafile/seiseki/report/2023/2023-4tokyo1.pdf,official_daily_result_pdf
202305040112,2023,東京,4,1,12,2023-10-07,https://www.jra.go.jp/datafile/seiseki/report/2023/2023-4tokyo1.pdf,official_daily_result_pdf
202305040201,2023,東京,4,2,1,2023-10-08,https://www.jra.go.jp/datafile/seiseki/report/2023/2023-4tokyo2.pdf,official_daily_result_pdf
202305040202,2023,東京,4,2,2,2023-10-08,https://www.jra.go.jp/datafile/seiseki/report/2023/2023-4tokyo2.pdf,official_daily_result_pdf
202305040203,2023,東京,4,2,3,2023-10-08,https://www.jra.go.jp/datafile/seiseki/report/2023/2023-4tokyo2.pdf,official_daily_result_pdf
202305040204,2023,東京,4,2,4,2023-10-08,https://www.jra.go.jp/datafile/seiseki/report/2023/2023-4tokyo2.pdf,official_daily_result_pdf
202305040205,2023,東京,4,2,5,2023-10-08,https://www.jra.go.jp/datafile/seiseki/report/2023/2023-4tokyo2.pdf,official_daily_result_pdf
202305040206,2023,東京,4,2,6,2023-10-08,https://www.jra.go.jp/datafile/seiseki/report/2023/2023-4tokyo2.pdf,official_daily_result_pdf
202305040207,2023,東京,4,2,7,2023-10-08,https://www.jra.go.jp/datafile/seiseki/report/2023/2023-4tokyo2.pdf,official_daily_result_pdf
202305040208,2023,東京,4,2,8,2023-10-08,https://www.jra.go.jp/datafile/seiseki/report/2023/2023-4tokyo2.pdf,official_daily_result_pdf
202305040209,2023,東京,4,2,9,2023-10-08,https://www.jra.go.jp/datafile/seiseki/report/2023/2023-4tokyo2.pdf,official_daily_result_pdf
202305040210,2023,東京,4,2,10,2023-10-08,https://www.jra.go.jp/datafile/seiseki/report/2023/2023-4tokyo2.pdf,official_daily_result_pdf
202305040211,2023,東京,4,2,11,2023-10-08,https://www.jra.go.jp/datafile/seiseki/report/2023/2023-4tokyo2.pdf,official_daily_result_pdf
202305040212,2023,東京,4,2,12,2023-10-08,https://www.jra.go.jp/datafile/seiseki/report/2023/2023-4tokyo2.pdf,official_daily_result_pdf
202305040301,2023,東京,4,3,1,2023-10-09,https://www.jra.go.jp/datafile/seiseki/report/2023/2023-4tokyo3.pdf,official_daily_result_pdf
202305040302,2023,東京,4,3,2,2023-10-09,https://www.jra.go.jp/datafile/seiseki/report/2023/2023-4tokyo3.pdf,official_daily_result_pdf
202305040303,2023,東京,4,3,3,2023-10-09,https://www.jra.go.jp/datafile/seiseki/report/2023/2023-4tokyo3.pdf,official_daily_result_pdf
202305040304,2023,東京,4,3,4,2023-10-09,https://www.jra.go.jp/datafile/seiseki/report/2023/2023-4tokyo3.pdf,official_daily_result_pdf
202305040305,2023,東京,4,3,5,2023-10-09,https://www.jra.go.jp/datafile/seiseki/report/2023/2023-4tokyo3.pdf,official_daily_result_pdf
202305040306,2023,東京,4,3,6,2023-10-09,https://www.jra.go.jp/datafile/seiseki/report/2023/2023-4tokyo3.pdf,official_daily_result_pdf
202305040307,2023,東京,4,3,7,2023-10-09,https://www.jra.go.jp/datafile/seiseki/report/2023/2023-4tokyo3.pdf,official_daily_result_pdf
202305040308,2023,東京,4,3,8,2023-10-09,https://www.jra.go.jp/datafile/seiseki/report/2023/2023-4tokyo3.pdf,official_daily_result_pdf
202305040309,2023,東京,4,3,9,2023-10-09,https://www.jra.go.jp/datafile/seiseki/report/2023/2023-4tokyo3.pdf,official_daily_result_pdf
202305040310,2023,東京,4,3,10,2023-10-09,https://www.jra.go.jp/datafile/seiseki/report/2023/2023-4tokyo3.pdf,official_daily_result_pdf
202305040311,2023,東京,4,3,11,2023-10-09,https://www.jra.go.jp/datafile/seiseki/report/2023/2023-4tokyo3.pdf,official_daily_result_pdf
202305040312,2023,東京,4,3,12,2023-10-09,https://www.jra.go.jp/datafile/seiseki/report/2023/2023-4tokyo3.pdf,official_daily_result_pdf
202305040401,2023,東京,4,4,1,2023-10-14,https://www.jra.go.jp/datafile/seiseki/report/2023/2023-4tokyo4.pdf,official_daily_result_pdf
202305040402,2023,東京,4,4,2,2023-10-14,https://www.jra.go.jp/datafile/seiseki/report/2023/2023-4tokyo4.pdf,official_daily_result_pdf
202305040403,2023,東京,4,4,3,2023-10-14,https://www.jra.go.jp/datafile/seiseki/report/2023/2023-4tokyo4.pdf,official_daily_result_pdf
202305040404,2023,東京,4,4,4,2023-10-14,https://www.jra.go.jp/datafile/seiseki/report/2023/2023-4tokyo4.pdf,official_daily_result_pdf
202305040405,2023,東京,4,4,5,2023-10-14,https://www.jra.go.jp/datafile/seiseki/report/2023/2023-4tokyo4.pdf,official_daily_result_pdf
202305040406,2023,東京,4,4,6,2023-10-14,https://www.jra.go.jp/datafile/seiseki/report/2023/2023-4tokyo4.pdf,official_daily_result_pdf
202305040407,2023,東京,4,4,7,2023-10-14,https://www.jra.go.jp/datafile/seiseki/report/2023/2023-4tokyo4.pdf,official_daily_result_pdf
202305040408,2023,東京,4,4,8,2023-10-14,https://www.jra.go.jp/datafile/seiseki/report/2023/2023-4tokyo4.pdf,official_daily_result_pdf
202305040409,2023,東京,4,4,9,2023-10-14,https://www.jra.go.jp/datafile/seiseki/report/2023/2023-4tokyo4.pdf,official_daily_result_pdf
202305040410,2023,東京,4,4,10,2023-10-14,https://www.jra.go.jp/datafile/seiseki/report/2023/2023-4tokyo4.pdf,official_daily_result_pdf
202305040411,2023,東京,4,4,11,2023-10-14,https://www.jra.go.jp/datafile/seiseki/report/2023/2023-4tokyo4.pdf,official_daily_result_pdf
202305040412,2023,東京,4,4,12,2023-10-14,https://www.jra.go.jp/datafile/seiseki/report/2023/2023-4tokyo4.pdf,official_daily_result_pdf
202305040501,2023,東京,4,5,1,2023-10-15,https://www.jra.go.jp/datafile/seiseki/report/2023/2023-4tokyo5.pdf,official_daily_result_pdf
202305040502,2023,東京,4,5,2,2023-10-15,https://www.jra.go.jp/datafile/seiseki/report/2023/2023-4tokyo5.pdf,official_daily_result_pdf
202305040503,2023,東京,4,5,3,2023-10-15,https://www.jra.go.jp/datafile/seiseki/report/2023/2023-4tokyo5.pdf,official_daily_result_pdf
202305040504,2023,東京,4,5,4,2023-10-15,https://www.jra.go.jp/datafile/seiseki/report/2023/2023-4tokyo5.pdf,official_daily_result_pdf
202305040505,2023,東京,4,5,5,2023-10-15,https://www.jra.go.jp/datafile/seiseki/report/2023/2023-4tokyo5.pdf,official_daily_result_pdf
202305040506,2023,東京,4,5,6,2023-10-15,https://www.jra.go.jp/datafile/seiseki/report/2023/2023-4tokyo5.pdf,official_daily_result_pdf
202305040507,2023,東京,4,5,7,2023-10-15,https://www.jra.go.jp/datafile/seiseki/report/2023/2023-4tokyo5.pdf,official_daily_result_pdf
202305040508,2023,東京,4,5,8,2023-10-15,https://www.jra.go.jp/datafile/seiseki/report/2023/2023-4tokyo5.pdf,official_daily_result_pdf
202305040509,2023,東京,4,5,9,2023-10-15,https://www.jra.go.jp/datafile/seiseki/report/2023/2023-4tokyo5.pdf,official_daily_result_pdf
202305040510,2023,東京,4,5,10,2023-10-15,https://www.jra.go.jp/datafile/seiseki/report/2023/2023-4tokyo5.pdf,official_daily_result_pdf
202305040511,2023,東京,4,5,11,2023-10-15,https://www.jra.go.jp/datafile/seiseki/report/2023/2023-4tokyo5.pdf,official_daily_result_pdf
202305040512,2023,東京,4,5,12,2023-10-15,https://www.jra.go.jp/datafile/seiseki/report/2023/2023-4tokyo5.pdf,official_daily_result_pdf
202305040601,2023,東京,4,6,1,2023-10-21,https://www.jra.go.jp/datafile/seiseki/report/2023/2023-4tokyo6.pdf,official_daily_result_pdf
202305040602,2023,東京,4,6,2,2023-10-21,https://www.jra.go.jp/datafile/seiseki/report/2023/2023-4tokyo6.pdf,official_daily_result_pdf
202305040603,2023,東京,4,6,3,2023-10-21,https://www.jra.go.jp/datafile/seiseki/report/2023/2023-4tokyo6.pdf,official_daily_result_pdf
202305040604,2023,東京,4,6,4,2023-10-21,https://www.jra.go.jp/datafile/seiseki/report/2023/2023-4tokyo6.pdf,official_daily_result_pdf
202305040605,2023,東京,4,6,5,2023-10-21,https://www.jra.go.jp/datafile/seiseki/report/2023/2023-4tokyo6.pdf,official_daily_result_pdf
202305040606,2023,東京,4,6,6,2023-10-21,https://www.jra.go.jp/datafile/seiseki/report/2023/2023-4tokyo6.pdf,official_daily_result_pdf
202305040607,2023,東京,4,6,7,2023-10-21,https://www.jra.go.jp/datafile/seiseki/report/2023/2023-4tokyo6.pdf,official_daily_result_pdf
202305040608,2023,東京,4,6,8,2023-10-21,https://www.jra.go.jp/datafile/seiseki/report/2023/2023-4tokyo6.pdf,official_daily_result_pdf
202305040609,2023,東京,4,6,9,2023-10-21,https://www.jra.go.jp/datafile/seiseki/report/2023/2023-4tokyo6.pdf,official_daily_result_pdf
202305040610,2023,東京,4,6,10,2023-10-21,https://www.jra.go.jp/datafile/seiseki/report/2023/2023-4tokyo6.pdf,official_daily_result_pdf
202305040611,2023,東京,4,6,11,2023-10-21,https://www.jra.go.jp/datafile/seiseki/report/2023/2023-4tokyo6.pdf,official_daily_result_pdf
202305040612,2023,東京,4,6,12,2023-10-21,https://www.jra.go.jp/datafile/seiseki/report/2023/2023-4tokyo6.pdf,official_daily_result_pdf
202305040701,2023,東京,4,7,1,2023-10-22,https://www.jra.go.jp/datafile/seiseki/report/2023/2023-4tokyo7.pdf,official_daily_result_pdf
202305040702,2023,東京,4,7,2,2023-10-22,https://www.jra.go.jp/datafile/seiseki/report/2023/2023-4tokyo7.pdf,official_daily_result_pdf
202305040703,2023,東京,4,7,3,2023-10-22,https://www.jra.go.jp/datafile/seiseki/report/2023/2023-4tokyo7.pdf,official_daily_result_pdf
202305040704,2023,東京,4,7,4,2023-10-22,https://www.jra.go.jp/datafile/seiseki/report/2023/2023-4tokyo7.pdf,official_daily_result_pdf
202305040705,2023,東京,4,7,5,2023-10-22,https://www.jra.go.jp/datafile/seiseki/report/2023/2023-4tokyo7.pdf,official_daily_result_pdf
202305040706,2023,東京,4,7,6,2023-10-22,https://www.jra.go.jp/datafile/seiseki/report/2023/2023-4tokyo7.pdf,official_daily_result_pdf
202305040707,2023,東京,4,7,7,2023-10-22,https://www.jra.go.jp/datafile/seiseki/report/2023/2023-4tokyo7.pdf,official_daily_result_pdf
202305040708,2023,東京,4,7,8,2023-10-22,https://www.jra.go.jp/datafile/seiseki/report/2023/2023-4tokyo7.pdf,official_daily_result_pdf
202305040709,2023,東京,4,7,9,2023-10-22,https://www.jra.go.jp/datafile/seiseki/report/2023/2023-4tokyo7.pdf,official_daily_result_pdf
202305040710,2023,東京,4,7,10,2023-10-22,https://www.jra.go.jp/datafile/seiseki/report/2023/2023-4tokyo7.pdf,official_daily_result_pdf
202305040711,2023,東京,4,7,11,2023-10-22,https://www.jra.go.jp/datafile/seiseki/report/2023/2023-4tokyo7.pdf,official_daily_result_pdf
202305040712,2023,東京,4,7,12,2023-10-22,https://www.jra.go.jp/datafile/seiseki/report/2023/2023-4tokyo7.pdf,official_daily_result_pdf
202305040801,2023,東京,4,8,1,2023-10-28,https://www.jra.go.jp/datafile/seiseki/report/2023/2023-4tokyo8.pdf,official_daily_result_pdf
202305040802,2023,東京,4,8,2,2023-10-28,https://www.jra.go.jp/datafile/seiseki/report/2023/2023-4tokyo8.pdf,official_daily_result_pdf
202305040803,2023,東京,4,8,3,2023-10-28,https://www.jra.go.jp/datafile/seiseki/report/2023/2023-4tokyo8.pdf,official_daily_result_pdf
202305040804,2023,東京,4,8,4,2023-10-28,https://www.jra.go.jp/datafile/seiseki/report/2023/2023-4tokyo8.pdf,official_daily_result_pdf
202305040805,2023,東京,4,8,5,2023-10-28,https://www.jra.go.jp/datafile/seiseki/report/2023/2023-4tokyo8.pdf,official_daily_result_pdf
202305040806,2023,東京,4,8,6,2023-10-28,https://www.jra.go.jp/datafile/seiseki/report/2023/2023-4tokyo8.pdf,official_daily_result_pdf
202305040807,2023,東京,4,8,7,2023-10-28,https://www.jra.go.jp/datafile/seiseki/report/2023/2023-4tokyo8.pdf,official_daily_result_pdf
202305040808,2023,東京,4,8,8,2023-10-28,https://www.jra.go.jp/datafile/seiseki/report/2023/2023-4tokyo8.pdf,official_daily_result_pdf
202305040809,2023,東京,4,8,9,2023-10-28,https://www.jra.go.jp/datafile/seiseki/report/2023/2023-4tokyo8.pdf,official_daily_result_pdf
202305040810,2023,東京,4,8,10,2023-10-28,https://www.jra.go.jp/datafile/seiseki/report/2023/2023-4tokyo8.pdf,official_daily_result_pdf
202305040811,2023,東京,4,8,11,2023-10-28,https://www.jra.go.jp/datafile/seiseki/report/2023/2023-4tokyo8.pdf,official_daily_result_pdf
202305040812,2023,東京,4,8,12,2023-10-28,https://www.jra.go.jp/datafile/seiseki/report/2023/2023-4tokyo8.pdf,official_daily_result_pdf
202305040901,2023,東京,4,9,1,2023-10-29,https://www.jra.go.jp/datafile/seiseki/report/2023/2023-4tokyo9.pdf,official_daily_result_pdf
202305040902,2023,東京,4,9,2,2023-10-29,https://www.jra.go.jp/datafile/seiseki/report/2023/2023-4tokyo9.pdf,official_daily_result_pdf
202305040903,2023,東京,4,9,3,2023-10-29,https://www.jra.go.jp/datafile/seiseki/report/2023/2023-4tokyo9.pdf,official_daily_result_pdf
202305040904,2023,東京,4,9,4,2023-10-29,https://www.jra.go.jp/datafile/seiseki/report/2023/2023-4tokyo9.pdf,official_daily_result_pdf
202305040905,2023,東京,4,9,5,2023-10-29,https://www.jra.go.jp/datafile/seiseki/report/2023/2023-4tokyo9.pdf,official_daily_result_pdf
202305040906,2023,東京,4,9,6,2023-10-29,https://www.jra.go.jp/datafile/seiseki/report/2023/2023-4tokyo9.pdf,official_daily_result_pdf
202305040907,2023,東京,4,9,7,2023-10-29,https://www.jra.go.jp/datafile/seiseki/report/2023/2023-4tokyo9.pdf,official_daily_result_pdf
202305040908,2023,東京,4,9,8,2023-10-29,https://www.jra.go.jp/datafile/seiseki/report/2023/2023-4tokyo9.pdf,official_daily_result_pdf
202305040909,2023,東京,4,9,9,2023-10-29,https://www.jra.go.jp/datafile/seiseki/report/2023/2023-4tokyo9.pdf,official_daily_result_pdf
202305040910,2023,東京,4,9,10,2023-10-29,https://www.jra.go.jp/datafile/seiseki/report/2023/2023-4tokyo9.pdf,official_daily_result_pdf
202305040911,2023,東京,4,9,11,2023-10-29,https://www.jra.go.jp/datafile/seiseki/report/2023/2023-4tokyo9.pdf,official_daily_result_pdf
202305040912,2023,東京,4,9,12,2023-10-29,https://www.jra.go.jp/datafile/seiseki/report/2023/2023-4tokyo9.pdf,official_daily_result_pdf
202305050101,2023,東京,5,1,1,2023-11-04,https://www.jra.go.jp/datafile/seiseki/report/2023/2023-5tokyo1.pdf,official_daily_result_pdf
202305050102,2023,東京,5,1,2,2023-11-04,https://www.jra.go.jp/datafile/seiseki/report/2023/2023-5tokyo1.pdf,official_daily_result_pdf
202305050103,2023,東京,5,1,3,2023-11-04,https://www.jra.go.jp/datafile/seiseki/report/2023/2023-5tokyo1.pdf,official_daily_result_pdf
202305050104,2023,東京,5,1,4,2023-11-04,https://www.jra.go.jp/datafile/seiseki/report/2023/2023-5tokyo1.pdf,official_daily_result_pdf
202305050105,2023,東京,5,1,5,2023-11-04,https://www.jra.go.jp/datafile/seiseki/report/2023/2023-5tokyo1.pdf,official_daily_result_pdf
202305050106,2023,東京,5,1,6,2023-11-04,https://www.jra.go.jp/datafile/seiseki/report/2023/2023-5tokyo1.pdf,official_daily_result_pdf
202305050107,2023,東京,5,1,7,2023-11-04,https://www.jra.go.jp/datafile/seiseki/report/2023/2023-5tokyo1.pdf,official_daily_result_pdf
202305050108,2023,東京,5,1,8,2023-11-04,https://www.jra.go.jp/datafile/seiseki/report/2023/2023-5tokyo1.pdf,official_daily_result_pdf
202305050109,2023,東京,5,1,9,2023-11-04,https://www.jra.go.jp/datafile/seiseki/report/2023/2023-5tokyo1.pdf,official_daily_result_pdf
202305050110,2023,東京,5,1,10,2023-11-04,https://www.jra.go.jp/datafile/seiseki/report/2023/2023-5tokyo1.pdf,official_daily_result_pdf
202305050111,2023,東京,5,1,11,2023-11-04,https://www.jra.go.jp/datafile/seiseki/report/2023/2023-5tokyo1.pdf,official_daily_result_pdf
202305050112,2023,東京,5,1,12,2023-11-04,https://www.jra.go.jp/datafile/seiseki/report/2023/2023-5tokyo1.pdf,official_daily_result_pdf
202305050201,2023,東京,5,2,1,2023-11-05,https://www.jra.go.jp/datafile/seiseki/report/2023/2023-5tokyo2.pdf,official_daily_result_pdf
202305050202,2023,東京,5,2,2,2023-11-05,https://www.jra.go.jp/datafile/seiseki/report/2023/2023-5tokyo2.pdf,official_daily_result_pdf
202305050203,2023,東京,5,2,3,2023-11-05,https://www.jra.go.jp/datafile/seiseki/report/2023/2023-5tokyo2.pdf,official_daily_result_pdf
202305050204,2023,東京,5,2,4,2023-11-05,https://www.jra.go.jp/datafile/seiseki/report/2023/2023-5tokyo2.pdf,official_daily_result_pdf
202305050205,2023,東京,5,2,5,2023-11-05,https://www.jra.go.jp/datafile/seiseki/report/2023/2023-5tokyo2.pdf,official_daily_result_pdf
202305050206,2023,東京,5,2,6,2023-11-05,https://www.jra.go.jp/datafile/seiseki/report/2023/2023-5tokyo2.pdf,official_daily_result_pdf
202305050207,2023,東京,5,2,7,2023-11-05,https://www.jra.go.jp/datafile/seiseki/report/2023/2023-5tokyo2.pdf,official_daily_result_pdf
202305050208,2023,東京,5,2,8,2023-11-05,https://www.jra.go.jp/datafile/seiseki/report/2023/2023-5tokyo2.pdf,official_daily_result_pdf
202305050209,2023,東京,5,2,9,2023-11-05,https://www.jra.go.jp/datafile/seiseki/report/2023/2023-5tokyo2.pdf,official_daily_result_pdf
202305050210,2023,東京,5,2,10,2023-11-05,https://www.jra.go.jp/datafile/seiseki/report/2023/2023-5tokyo2.pdf,official_daily_result_pdf
202305050211,2023,東京,5,2,11,2023-11-05,https://www.jra.go.jp/datafile/seiseki/report/2023/2023-5tokyo2.pdf,official_daily_result_pdf
202305050212,2023,東京,5,2,12,2023-11-05,https://www.jra.go.jp/datafile/seiseki/report/2023/2023-5tokyo2.pdf,official_daily_result_pdf
202305050301,2023,東京,5,3,1,2023-11-11,https://www.jra.go.jp/datafile/seiseki/report/2023/2023-5tokyo3.pdf,official_daily_result_pdf
202305050302,2023,東京,5,3,2,2023-11-11,https://www.jra.go.jp/datafile/seiseki/report/2023/2023-5tokyo3.pdf,official_daily_result_pdf
202305050303,2023,東京,5,3,3,2023-11-11,https://www.jra.go.jp/datafile/seiseki/report/2023/2023-5tokyo3.pdf,official_daily_result_pdf
202305050304,2023,東京,5,3,4,2023-11-11,https://www.jra.go.jp/datafile/seiseki/report/2023/2023-5tokyo3.pdf,official_daily_result_pdf
202305050305,2023,東京,5,3,5,2023-11-11,https://www.jra.go.jp/datafile/seiseki/report/2023/2023-5tokyo3.pdf,official_daily_result_pdf
202305050306,2023,東京,5,3,6,2023-11-11,https://www.jra.go.jp/datafile/seiseki/report/2023/2023-5tokyo3.pdf,official_daily_result_pdf
202305050307,2023,東京,5,3,7,2023-11-11,https://www.jra.go.jp/datafile/seiseki/report/2023/2023-5tokyo3.pdf,official_daily_result_pdf
202305050308,2023,東京,5,3,8,2023-11-11,https://www.jra.go.jp/datafile/seiseki/report/2023/2023-5tokyo3.pdf,official_daily_result_pdf
202305050309,2023,東京,5,3,9,2023-11-11,https://www.jra.go.jp/datafile/seiseki/report/2023/2023-5tokyo3.pdf,official_daily_result_pdf
202305050310,2023,東京,5,3,10,2023-11-11,https://www.jra.go.jp/datafile/seiseki/report/2023/2023-5tokyo3.pdf,official_daily_result_pdf
202305050311,2023,東京,5,3,11,2023-11-11,https://www.jra.go.jp/datafile/seiseki/report/2023/2023-5tokyo3.pdf,official_daily_result_pdf
202305050312,2023,東京,5,3,12,2023-11-11,https://www.jra.go.jp/datafile/seiseki/report/2023/2023-5tokyo3.pdf,official_daily_result_pdf
202305050401,2023,東京,5,4,1,2023-11-12,https://www.jra.go.jp/datafile/seiseki/report/2023/2023-5tokyo4.pdf,official_daily_result_pdf
202305050402,2023,東京,5,4,2,2023-11-12,https://www.jra.go.jp/datafile/seiseki/report/2023/2023-5tokyo4.pdf,official_daily_result_pdf
202305050403,2023,東京,5,4,3,2023-11-12,https://www.jra.go.jp/datafile/seiseki/report/2023/2023-5tokyo4.pdf,official_daily_result_pdf
202305050404,2023,東京,5,4,4,2023-11-12,https://www.jra.go.jp/datafile/seiseki/report/2023/2023-5tokyo4.pdf,official_daily_result_pdf
202305050405,2023,東京,5,4,5,2023-11-12,https://www.jra.go.jp/datafile/seiseki/report/2023/2023-5tokyo4.pdf,official_daily_result_pdf
202305050406,2023,東京,5,4,6,2023-11-12,https://www.jra.go.jp/datafile/seiseki/report/2023/2023-5tokyo4.pdf,official_daily_result_pdf
202305050407,2023,東京,5,4,7,2023-11-12,https://www.jra.go.jp/datafile/seiseki/report/2023/2023-5tokyo4.pdf,official_daily_result_pdf
202305050408,2023,東京,5,4,8,2023-11-12,https://www.jra.go.jp/datafile/seiseki/report/2023/2023-5tokyo4.pdf,official_daily_result_pdf
202305050409,2023,東京,5,4,9,2023-11-12,https://www.jra.go.jp/datafile/seiseki/report/2023/2023-5tokyo4.pdf,official_daily_result_pdf
202305050410,2023,東京,5,4,10,2023-11-12,https://www.jra.go.jp/datafile/seiseki/report/2023/2023-5tokyo4.pdf,official_daily_result_pdf
202305050411,2023,東京,5,4,11,2023-11-12,https://www.jra.go.jp/datafile/seiseki/report/2023/2023-5tokyo4.pdf,official_daily_result_pdf
202305050412,2023,東京,5,4,12,2023-11-12,https://www.jra.go.jp/datafile/seiseki/report/2023/2023-5tokyo4.pdf,official_daily_result_pdf
202305050501,2023,東京,5,5,1,2023-11-18,https://www.jra.go.jp/datafile/seiseki/report/2023/2023-5tokyo5.pdf,official_daily_result_pdf
202305050502,2023,東京,5,5,2,2023-11-18,https://www.jra.go.jp/datafile/seiseki/report/2023/2023-5tokyo5.pdf,official_daily_result_pdf
202305050503,2023,東京,5,5,3,2023-11-18,https://www.jra.go.jp/datafile/seiseki/report/2023/2023-5tokyo5.pdf,official_daily_result_pdf
202305050504,2023,東京,5,5,4,2023-11-18,https://www.jra.go.jp/datafile/seiseki/report/2023/2023-5tokyo5.pdf,official_daily_result_pdf
202305050505,2023,東京,5,5,5,2023-11-18,https://www.jra.go.jp/datafile/seiseki/report/2023/2023-5tokyo5.pdf,official_daily_result_pdf
202305050506,2023,東京,5,5,6,2023-11-18,https://www.jra.go.jp/datafile/seiseki/report/2023/2023-5tokyo5.pdf,official_daily_result_pdf
202305050507,2023,東京,5,5,7,2023-11-18,https://www.jra.go.jp/datafile/seiseki/report/2023/2023-5tokyo5.pdf,official_daily_result_pdf
202305050508,2023,東京,5,5,8,2023-11-18,https://www.jra.go.jp/datafile/seiseki/report/2023/2023-5tokyo5.pdf,official_daily_result_pdf
202305050509,2023,東京,5,5,9,2023-11-18,https://www.jra.go.jp/datafile/seiseki/report/2023/2023-5tokyo5.pdf,official_daily_result_pdf
202305050510,2023,東京,5,5,10,2023-11-18,https://www.jra.go.jp/datafile/seiseki/report/2023/2023-5tokyo5.pdf,official_daily_result_pdf
202305050511,2023,東京,5,5,11,2023-11-18,https://www.jra.go.jp/datafile/seiseki/report/2023/2023-5tokyo5.pdf,official_daily_result_pdf
202305050512,2023,東京,5,5,12,2023-11-18,https://www.jra.go.jp/datafile/seiseki/report/2023/2023-5tokyo5.pdf,official_daily_result_pdf
202305050601,2023,東京,5,6,1,2023-11-19,https://www.jra.go.jp/datafile/seiseki/report/2023/2023-5tokyo6.pdf,official_daily_result_pdf
202305050602,2023,東京,5,6,2,2023-11-19,https://www.jra.go.jp/datafile/seiseki/report/2023/2023-5tokyo6.pdf,official_daily_result_pdf
202305050603,2023,東京,5,6,3,2023-11-19,https://www.jra.go.jp/datafile/seiseki/report/2023/2023-5tokyo6.pdf,official_daily_result_pdf
202305050604,2023,東京,5,6,4,2023-11-19,https://www.jra.go.jp/datafile/seiseki/report/2023/2023-5tokyo6.pdf,official_daily_result_pdf
202305050605,2023,東京,5,6,5,2023-11-19,https://www.jra.go.jp/datafile/seiseki/report/2023/2023-5tokyo6.pdf,official_daily_result_pdf
202305050606,2023,東京,5,6,6,2023-11-19,https://www.jra.go.jp/datafile/seiseki/report/2023/2023-5tokyo6.pdf,official_daily_result_pdf
202305050607,2023,東京,5,6,7,2023-11-19,https://www.jra.go.jp/datafile/seiseki/report/2023/2023-5tokyo6.pdf,official_daily_result_pdf
202305050608,2023,東京,5,6,8,2023-11-19,https://www.jra.go.jp/datafile/seiseki/report/2023/2023-5tokyo6.pdf,official_daily_result_pdf
202305050609,2023,東京,5,6,9,2023-11-19,https://www.jra.go.jp/datafile/seiseki/report/2023/2023-5tokyo6.pdf,official_daily_result_pdf
202305050610,2023,東京,5,6,10,2023-11-19,https://www.jra.go.jp/datafile/seiseki/report/2023/2023-5tokyo6.pdf,official_daily_result_pdf
202305050611,2023,東京,5,6,11,2023-11-19,https://www.jra.go.jp/datafile/seiseki/report/2023/2023-5tokyo6.pdf,official_daily_result_pdf
202305050612,2023,東京,5,6,12,2023-11-19,https://www.jra.go.jp/datafile/seiseki/report/2023/2023-5tokyo6.pdf,official_daily_result_pdf
202305050701,2023,東京,5,7,1,2023-11-25,https://www.jra.go.jp/datafile/seiseki/report/2023/2023-5tokyo7.pdf,official_daily_result_pdf
202305050702,2023,東京,5,7,2,2023-11-25,https://www.jra.go.jp/datafile/seiseki/report/2023/2023-5tokyo7.pdf,official_daily_result_pdf
202305050703,2023,東京,5,7,3,2023-11-25,https://www.jra.go.jp/datafile/seiseki/report/2023/2023-5tokyo7.pdf,official_daily_result_pdf
202305050704,2023,東京,5,7,4,2023-11-25,https://www.jra.go.jp/datafile/seiseki/report/2023/2023-5tokyo7.pdf,official_daily_result_pdf
202305050705,2023,東京,5,7,5,2023-11-25,https://www.jra.go.jp/datafile/seiseki/report/2023/2023-5tokyo7.pdf,official_daily_result_pdf
202305050706,2023,東京,5,7,6,2023-11-25,https://www.jra.go.jp/datafile/seiseki/report/2023/2023-5tokyo7.pdf,official_daily_result_pdf
202305050707,2023,東京,5,7,7,2023-11-25,https://www.jra.go.jp/datafile/seiseki/report/2023/2023-5tokyo7.pdf,official_daily_result_pdf
202305050708,2023,東京,5,7,8,2023-11-25,https://www.jra.go.jp/datafile/seiseki/report/2023/2023-5tokyo7.pdf,official_daily_result_pdf
202305050709,2023,東京,5,7,9,2023-11-25,https://www.jra.go.jp/datafile/seiseki/report/2023/2023-5tokyo7.pdf,official_daily_result_pdf
202305050710,2023,東京,5,7,10,2023-11-25,https://www.jra.go.jp/datafile/seiseki/report/2023/2023-5tokyo7.pdf,official_daily_result_pdf
202305050711,2023,東京,5,7,11,2023-11-25,https://www.jra.go.jp/datafile/seiseki/report/2023/2023-5tokyo7.pdf,official_daily_result_pdf
202305050712,2023,東京,5,7,12,2023-11-25,https://www.jra.go.jp/datafile/seiseki/report/2023/2023-5tokyo7.pdf,official_daily_result_pdf
202305050801,2023,東京,5,8,1,2023-11-26,https://www.jra.go.jp/datafile/seiseki/report/2023/2023-5tokyo8.pdf,official_daily_result_pdf
202305050802,2023,東京,5,8,2,2023-11-26,https://www.jra.go.jp/datafile/seiseki/report/2023/2023-5tokyo8.pdf,official_daily_result_pdf
202305050803,2023,東京,5,8,3,2023-11-26,https://www.jra.go.jp/datafile/seiseki/report/2023/2023-5tokyo8.pdf,official_daily_result_pdf
202305050804,2023,東京,5,8,4,2023-11-26,https://www.jra.go.jp/datafile/seiseki/report/2023/2023-5tokyo8.pdf,official_daily_result_pdf
202305050805,2023,東京,5,8,5,2023-11-26,https://www.jra.go.jp/datafile/seiseki/report/2023/2023-5tokyo8.pdf,official_daily_result_pdf
202305050806,2023,東京,5,8,6,2023-11-26,https://www.jra.go.jp/datafile/seiseki/report/2023/2023-5tokyo8.pdf,official_daily_result_pdf
202305050807,2023,東京,5,8,7,2023-11-26,https://www.jra.go.jp/datafile/seiseki/report/2023/2023-5tokyo8.pdf,official_daily_result_pdf
202305050808,2023,東京,5,8,8,2023-11-26,https://www.jra.go.jp/datafile/seiseki/report/2023/2023-5tokyo8.pdf,official_daily_result_pdf
202305050809,2023,東京,5,8,9,2023-11-26,https://www.jra.go.jp/datafile/seiseki/report/2023/2023-5tokyo8.pdf,official_daily_result_pdf
202305050810,2023,東京,5,8,10,2023-11-26,https://www.jra.go.jp/datafile/seiseki/report/2023/2023-5tokyo8.pdf,official_daily_result_pdf
202305050811,2023,東京,5,8,11,2023-11-26,https://www.jra.go.jp/datafile/seiseki/report/2023/2023-5tokyo8.pdf,official_daily_result_pdf
202305050812,2023,東京,5,8,12,2023-11-26,https://www.jra.go.jp/datafile/seiseki/report/2023/2023-5tokyo8.pdf,official_daily_result_pdf
202306010101,2023,中山,1,1,1,2023-01-05,https://www.jra.go.jp/datafile/seiseki/report/2023/2023-1nakayama1.pdf,official_daily_result_pdf
202306010102,2023,中山,1,1,2,2023-01-05,https://www.jra.go.jp/datafile/seiseki/report/2023/2023-1nakayama1.pdf,official_daily_result_pdf
202306010103,2023,中山,1,1,3,2023-01-05,https://www.jra.go.jp/datafile/seiseki/report/2023/2023-1nakayama1.pdf,official_daily_result_pdf
202306010104,2023,中山,1,1,4,2023-01-05,https://www.jra.go.jp/datafile/seiseki/report/2023/2023-1nakayama1.pdf,official_daily_result_pdf
202306010105,2023,中山,1,1,5,2023-01-05,https://www.jra.go.jp/datafile/seiseki/report/2023/2023-1nakayama1.pdf,official_daily_result_pdf
202306010106,2023,中山,1,1,6,2023-01-05,https://www.jra.go.jp/datafile/seiseki/report/2023/2023-1nakayama1.pdf,official_daily_result_pdf
202306010107,2023,中山,1,1,7,2023-01-05,https://www.jra.go.jp/datafile/seiseki/report/2023/2023-1nakayama1.pdf,official_daily_result_pdf
202306010108,2023,中山,1,1,8,2023-01-05,https://www.jra.go.jp/datafile/seiseki/report/2023/2023-1nakayama1.pdf,official_daily_result_pdf
202306010109,2023,中山,1,1,9,2023-01-05,https://www.jra.go.jp/datafile/seiseki/report/2023/2023-1nakayama1.pdf,official_daily_result_pdf
202306010110,2023,中山,1,1,10,2023-01-05,https://www.jra.go.jp/datafile/seiseki/report/2023/2023-1nakayama1.pdf,official_daily_result_pdf
202306010111,2023,中山,1,1,11,2023-01-05,https://www.jra.go.jp/datafile/seiseki/report/2023/2023-1nakayama1.pdf,official_daily_result_pdf
202306010112,2023,中山,1,1,12,2023-01-05,https://www.jra.go.jp/datafile/seiseki/report/2023/2023-1nakayama1.pdf,official_daily_result_pdf
202306010201,2023,中山,1,2,1,2023-01-07,https://www.jra.go.jp/datafile/seiseki/report/2023/2023-1nakayama2.pdf,official_daily_result_pdf
202306010202,2023,中山,1,2,2,2023-01-07,https://www.jra.go.jp/datafile/seiseki/report/2023/2023-1nakayama2.pdf,official_daily_result_pdf
202306010203,2023,中山,1,2,3,2023-01-07,https://www.jra.go.jp/datafile/seiseki/report/2023/2023-1nakayama2.pdf,official_daily_result_pdf
202306010204,2023,中山,1,2,4,2023-01-07,https://www.jra.go.jp/datafile/seiseki/report/2023/2023-1nakayama2.pdf,official_daily_result_pdf
202306010205,2023,中山,1,2,5,2023-01-07,https://www.jra.go.jp/datafile/seiseki/report/2023/2023-1nakayama2.pdf,official_daily_result_pdf
202306010206,2023,中山,1,2,6,2023-01-07,https://www.jra.go.jp/datafile/seiseki/report/2023/2023-1nakayama2.pdf,official_daily_result_pdf
202306010207,2023,中山,1,2,7,2023-01-07,https://www.jra.go.jp/datafile/seiseki/report/2023/2023-1nakayama2.pdf,official_daily_result_pdf
202306010208,2023,中山,1,2,8,2023-01-07,https://www.jra.go.jp/datafile/seiseki/report/2023/2023-1nakayama2.pdf,official_daily_result_pdf
202306010209,2023,中山,1,2,9,2023-01-07,https://www.jra.go.jp/datafile/seiseki/report/2023/2023-1nakayama2.pdf,official_daily_result_pdf
202306010210,2023,中山,1,2,10,2023-01-07,https://www.jra.go.jp/datafile/seiseki/report/2023/2023-1nakayama2.pdf,official_daily_result_pdf
202306010211,2023,中山,1,2,11,2023-01-07,https://www.jra.go.jp/datafile/seiseki/report/2023/2023-1nakayama2.pdf,official_daily_result_pdf
202306010212,2023,中山,1,2,12,2023-01-07,https://www.jra.go.jp/datafile/seiseki/report/2023/2023-1nakayama2.pdf,official_daily_result_pdf
202306010301,2023,中山,1,3,1,2023-01-08,https://www.jra.go.jp/datafile/seiseki/report/2023/2023-1nakayama3.pdf,official_daily_result_pdf
202306010302,2023,中山,1,3,2,2023-01-08,https://www.jra.go.jp/datafile/seiseki/report/2023/2023-1nakayama3.pdf,official_daily_result_pdf
202306010303,2023,中山,1,3,3,2023-01-08,https://www.jra.go.jp/datafile/seiseki/report/2023/2023-1nakayama3.pdf,official_daily_result_pdf
202306010304,2023,中山,1,3,4,2023-01-08,https://www.jra.go.jp/datafile/seiseki/report/2023/2023-1nakayama3.pdf,official_daily_result_pdf
202306010305,2023,中山,1,3,5,2023-01-08,https://www.jra.go.jp/datafile/seiseki/report/2023/2023-1nakayama3.pdf,official_daily_result_pdf
202306010306,2023,中山,1,3,6,2023-01-08,https://www.jra.go.jp/datafile/seiseki/report/2023/2023-1nakayama3.pdf,official_daily_result_pdf
202306010307,2023,中山,1,3,7,2023-01-08,https://www.jra.go.jp/datafile/seiseki/report/2023/2023-1nakayama3.pdf,official_daily_result_pdf
202306010308,2023,中山,1,3,8,2023-01-08,https://www.jra.go.jp/datafile/seiseki/report/2023/2023-1nakayama3.pdf,official_daily_result_pdf
202306010309,2023,中山,1,3,9,2023-01-08,https://www.jra.go.jp/datafile/seiseki/report/2023/2023-1nakayama3.pdf,official_daily_result_pdf
202306010310,2023,中山,1,3,10,2023-01-08,https://www.jra.go.jp/datafile/seiseki/report/2023/2023-1nakayama3.pdf,official_daily_result_pdf
202306010311,2023,中山,1,3,11,2023-01-08,https://www.jra.go.jp/datafile/seiseki/report/2023/2023-1nakayama3.pdf,official_daily_result_pdf
202306010312,2023,中山,1,3,12,2023-01-08,https://www.jra.go.jp/datafile/seiseki/report/2023/2023-1nakayama3.pdf,official_daily_result_pdf
202306010401,2023,中山,1,4,1,2023-01-09,https://www.jra.go.jp/datafile/seiseki/report/2023/2023-1nakayama4.pdf,official_daily_result_pdf
202306010402,2023,中山,1,4,2,2023-01-09,https://www.jra.go.jp/datafile/seiseki/report/2023/2023-1nakayama4.pdf,official_daily_result_pdf
202306010403,2023,中山,1,4,3,2023-01-09,https://www.jra.go.jp/datafile/seiseki/report/2023/2023-1nakayama4.pdf,official_daily_result_pdf
202306010404,2023,中山,1,4,4,2023-01-09,https://www.jra.go.jp/datafile/seiseki/report/2023/2023-1nakayama4.pdf,official_daily_result_pdf
202306010405,2023,中山,1,4,5,2023-01-09,https://www.jra.go.jp/datafile/seiseki/report/2023/2023-1nakayama4.pdf,official_daily_result_pdf
202306010406,2023,中山,1,4,6,2023-01-09,https://www.jra.go.jp/datafile/seiseki/report/2023/2023-1nakayama4.pdf,official_daily_result_pdf
202306010407,2023,中山,1,4,7,2023-01-09,https://www.jra.go.jp/datafile/seiseki/report/2023/2023-1nakayama4.pdf,official_daily_result_pdf
202306010408,2023,中山,1,4,8,2023-01-09,https://www.jra.go.jp/datafile/seiseki/report/2023/2023-1nakayama4.pdf,official_daily_result_pdf
202306010409,2023,中山,1,4,9,2023-01-09,https://www.jra.go.jp/datafile/seiseki/report/2023/2023-1nakayama4.pdf,official_daily_result_pdf
202306010410,2023,中山,1,4,10,2023-01-09,https://www.jra.go.jp/datafile/seiseki/report/2023/2023-1nakayama4.pdf,official_daily_result_pdf
202306010411,2023,中山,1,4,11,2023-01-09,https://www.jra.go.jp/datafile/seiseki/report/2023/2023-1nakayama4.pdf,official_daily_result_pdf
202306010412,2023,中山,1,4,12,2023-01-09,https://www.jra.go.jp/datafile/seiseki/report/2023/2023-1nakayama4.pdf,official_daily_result_pdf
202306010501,2023,中山,1,5,1,2023-01-14,https://www.jra.go.jp/datafile/seiseki/report/2023/2023-1nakayama5.pdf,official_daily_result_pdf
202306010502,2023,中山,1,5,2,2023-01-14,https://www.jra.go.jp/datafile/seiseki/report/2023/2023-1nakayama5.pdf,official_daily_result_pdf
202306010503,2023,中山,1,5,3,2023-01-14,https://www.jra.go.jp/datafile/seiseki/report/2023/2023-1nakayama5.pdf,official_daily_result_pdf
202306010504,2023,中山,1,5,4,2023-01-14,https://www.jra.go.jp/datafile/seiseki/report/2023/2023-1nakayama5.pdf,official_daily_result_pdf
202306010505,2023,中山,1,5,5,2023-01-14,https://www.jra.go.jp/datafile/seiseki/report/2023/2023-1nakayama5.pdf,official_daily_result_pdf
202306010506,2023,中山,1,5,6,2023-01-14,https://www.jra.go.jp/datafile/seiseki/report/2023/2023-1nakayama5.pdf,official_daily_result_pdf
202306010507,2023,中山,1,5,7,2023-01-14,https://www.jra.go.jp/datafile/seiseki/report/2023/2023-1nakayama5.pdf,official_daily_result_pdf
202306010508,2023,中山,1,5,8,2023-01-14,https://www.jra.go.jp/datafile/seiseki/report/2023/2023-1nakayama5.pdf,official_daily_result_pdf
202306010509,2023,中山,1,5,9,2023-01-14,https://www.jra.go.jp/datafile/seiseki/report/2023/2023-1nakayama5.pdf,official_daily_result_pdf
202306010510,2023,中山,1,5,10,2023-01-14,https://www.jra.go.jp/datafile/seiseki/report/2023/2023-1nakayama5.pdf,official_daily_result_pdf
202306010511,2023,中山,1,5,11,2023-01-14,https://www.jra.go.jp/datafile/seiseki/report/2023/2023-1nakayama5.pdf,official_daily_result_pdf
202306010512,2023,中山,1,5,12,2023-01-14,https://www.jra.go.jp/datafile/seiseki/report/2023/2023-1nakayama5.pdf,official_daily_result_pdf
202306010601,2023,中山,1,6,1,2023-01-15,https://www.jra.go.jp/datafile/seiseki/report/2023/2023-1nakayama6.pdf,official_daily_result_pdf
202306010602,2023,中山,1,6,2,2023-01-15,https://www.jra.go.jp/datafile/seiseki/report/2023/2023-1nakayama6.pdf,official_daily_result_pdf
202306010603,2023,中山,1,6,3,2023-01-15,https://www.jra.go.jp/datafile/seiseki/report/2023/2023-1nakayama6.pdf,official_daily_result_pdf
202306010604,2023,中山,1,6,4,2023-01-15,https://www.jra.go.jp/datafile/seiseki/report/2023/2023-1nakayama6.pdf,official_daily_result_pdf
202306010605,2023,中山,1,6,5,2023-01-15,https://www.jra.go.jp/datafile/seiseki/report/2023/2023-1nakayama6.pdf,official_daily_result_pdf
202306010606,2023,中山,1,6,6,2023-01-15,https://www.jra.go.jp/datafile/seiseki/report/2023/2023-1nakayama6.pdf,official_daily_result_pdf
202306010607,2023,中山,1,6,7,2023-01-15,https://www.jra.go.jp/datafile/seiseki/report/2023/2023-1nakayama6.pdf,official_daily_result_pdf
202306010608,2023,中山,1,6,8,2023-01-15,https://www.jra.go.jp/datafile/seiseki/report/2023/2023-1nakayama6.pdf,official_daily_result_pdf
202306010609,2023,中山,1,6,9,2023-01-15,https://www.jra.go.jp/datafile/seiseki/report/2023/2023-1nakayama6.pdf,official_daily_result_pdf
202306010610,2023,中山,1,6,10,2023-01-15,https://www.jra.go.jp/datafile/seiseki/report/2023/2023-1nakayama6.pdf,official_daily_result_pdf
202306010611,2023,中山,1,6,11,2023-01-15,https://www.jra.go.jp/datafile/seiseki/report/2023/2023-1nakayama6.pdf,official_daily_result_pdf
202306010612,2023,中山,1,6,12,2023-01-15,https://www.jra.go.jp/datafile/seiseki/report/2023/2023-1nakayama6.pdf,official_daily_result_pdf
202306010701,2023,中山,1,7,1,2023-01-21,https://www.jra.go.jp/datafile/seiseki/report/2023/2023-1nakayama7.pdf,official_daily_result_pdf
202306010702,2023,中山,1,7,2,2023-01-21,https://www.jra.go.jp/datafile/seiseki/report/2023/2023-1nakayama7.pdf,official_daily_result_pdf
202306010703,2023,中山,1,7,3,2023-01-21,https://www.jra.go.jp/datafile/seiseki/report/2023/2023-1nakayama7.pdf,official_daily_result_pdf
202306010704,2023,中山,1,7,4,2023-01-21,https://www.jra.go.jp/datafile/seiseki/report/2023/2023-1nakayama7.pdf,official_daily_result_pdf
202306010705,2023,中山,1,7,5,2023-01-21,https://www.jra.go.jp/datafile/seiseki/report/2023/2023-1nakayama7.pdf,official_daily_result_pdf
202306010706,2023,中山,1,7,6,2023-01-21,https://www.jra.go.jp/datafile/seiseki/report/2023/2023-1nakayama7.pdf,official_daily_result_pdf
202306010707,2023,中山,1,7,7,2023-01-21,https://www.jra.go.jp/datafile/seiseki/report/2023/2023-1nakayama7.pdf,official_daily_result_pdf
202306010708,2023,中山,1,7,8,2023-01-21,https://www.jra.go.jp/datafile/seiseki/report/2023/2023-1nakayama7.pdf,official_daily_result_pdf
202306010709,2023,中山,1,7,9,2023-01-21,https://www.jra.go.jp/datafile/seiseki/report/2023/2023-1nakayama7.pdf,official_daily_result_pdf
202306010710,2023,中山,1,7,10,2023-01-21,https://www.jra.go.jp/datafile/seiseki/report/2023/2023-1nakayama7.pdf,official_daily_result_pdf
202306010711,2023,中山,1,7,11,2023-01-21,https://www.jra.go.jp/datafile/seiseki/report/2023/2023-1nakayama7.pdf,official_daily_result_pdf
202306010712,2023,中山,1,7,12,2023-01-21,https://www.jra.go.jp/datafile/seiseki/report/2023/2023-1nakayama7.pdf,official_daily_result_pdf
202306010801,2023,中山,1,8,1,2023-01-22,https://www.jra.go.jp/datafile/seiseki/report/2023/2023-1nakayama8.pdf,official_daily_result_pdf
202306010802,2023,中山,1,8,2,2023-01-22,https://www.jra.go.jp/datafile/seiseki/report/2023/2023-1nakayama8.pdf,official_daily_result_pdf
202306010803,2023,中山,1,8,3,2023-01-22,https://www.jra.go.jp/datafile/seiseki/report/2023/2023-1nakayama8.pdf,official_daily_result_pdf
202306010804,2023,中山,1,8,4,2023-01-22,https://www.jra.go.jp/datafile/seiseki/report/2023/2023-1nakayama8.pdf,official_daily_result_pdf
202306010805,2023,中山,1,8,5,2023-01-22,https://www.jra.go.jp/datafile/seiseki/report/2023/2023-1nakayama8.pdf,official_daily_result_pdf
202306010806,2023,中山,1,8,6,2023-01-22,https://www.jra.go.jp/datafile/seiseki/report/2023/2023-1nakayama8.pdf,official_daily_result_pdf
202306010807,2023,中山,1,8,7,2023-01-22,https://www.jra.go.jp/datafile/seiseki/report/2023/2023-1nakayama8.pdf,official_daily_result_pdf
202306010808,2023,中山,1,8,8,2023-01-22,https://www.jra.go.jp/datafile/seiseki/report/2023/2023-1nakayama8.pdf,official_daily_result_pdf
202306010809,2023,中山,1,8,9,2023-01-22,https://www.jra.go.jp/datafile/seiseki/report/2023/2023-1nakayama8.pdf,official_daily_result_pdf
202306010810,2023,中山,1,8,10,2023-01-22,https://www.jra.go.jp/datafile/seiseki/report/2023/2023-1nakayama8.pdf,official_daily_result_pdf
202306010811,2023,中山,1,8,11,2023-01-22,https://www.jra.go.jp/datafile/seiseki/report/2023/2023-1nakayama8.pdf,official_daily_result_pdf
202306010812,2023,中山,1,8,12,2023-01-22,https://www.jra.go.jp/datafile/seiseki/report/2023/2023-1nakayama8.pdf,official_daily_result_pdf
202306020101,2023,中山,2,1,1,2023-02-25,https://www.jra.go.jp/datafile/seiseki/report/2023/2023-2nakayama1.pdf,official_daily_result_pdf
202306020102,2023,中山,2,1,2,2023-02-25,https://www.jra.go.jp/datafile/seiseki/report/2023/2023-2nakayama1.pdf,official_daily_result_pdf
202306020103,2023,中山,2,1,3,2023-02-25,https://www.jra.go.jp/datafile/seiseki/report/2023/2023-2nakayama1.pdf,official_daily_result_pdf
202306020104,2023,中山,2,1,4,2023-02-25,https://www.jra.go.jp/datafile/seiseki/report/2023/2023-2nakayama1.pdf,official_daily_result_pdf
202306020105,2023,中山,2,1,5,2023-02-25,https://www.jra.go.jp/datafile/seiseki/report/2023/2023-2nakayama1.pdf,official_daily_result_pdf
202306020106,2023,中山,2,1,6,2023-02-25,https://www.jra.go.jp/datafile/seiseki/report/2023/2023-2nakayama1.pdf,official_daily_result_pdf
202306020107,2023,中山,2,1,7,2023-02-25,https://www.jra.go.jp/datafile/seiseki/report/2023/2023-2nakayama1.pdf,official_daily_result_pdf
202306020108,2023,中山,2,1,8,2023-02-25,https://www.jra.go.jp/datafile/seiseki/report/2023/2023-2nakayama1.pdf,official_daily_result_pdf
202306020109,2023,中山,2,1,9,2023-02-25,https://www.jra.go.jp/datafile/seiseki/report/2023/2023-2nakayama1.pdf,official_daily_result_pdf
202306020110,2023,中山,2,1,10,2023-02-25,https://www.jra.go.jp/datafile/seiseki/report/2023/2023-2nakayama1.pdf,official_daily_result_pdf
202306020111,2023,中山,2,1,11,2023-02-25,https://www.jra.go.jp/datafile/seiseki/report/2023/2023-2nakayama1.pdf,official_daily_result_pdf
202306020112,2023,中山,2,1,12,2023-02-25,https://www.jra.go.jp/datafile/seiseki/report/2023/2023-2nakayama1.pdf,official_daily_result_pdf
202306020201,2023,中山,2,2,1,2023-02-26,https://www.jra.go.jp/datafile/seiseki/report/2023/2023-2nakayama2.pdf,official_daily_result_pdf
202306020202,2023,中山,2,2,2,2023-02-26,https://www.jra.go.jp/datafile/seiseki/report/2023/2023-2nakayama2.pdf,official_daily_result_pdf
202306020203,2023,中山,2,2,3,2023-02-26,https://www.jra.go.jp/datafile/seiseki/report/2023/2023-2nakayama2.pdf,official_daily_result_pdf
202306020204,2023,中山,2,2,4,2023-02-26,https://www.jra.go.jp/datafile/seiseki/report/2023/2023-2nakayama2.pdf,official_daily_result_pdf
202306020205,2023,中山,2,2,5,2023-02-26,https://www.jra.go.jp/datafile/seiseki/report/2023/2023-2nakayama2.pdf,official_daily_result_pdf
202306020206,2023,中山,2,2,6,2023-02-26,https://www.jra.go.jp/datafile/seiseki/report/2023/2023-2nakayama2.pdf,official_daily_result_pdf
202306020207,2023,中山,2,2,7,2023-02-26,https://www.jra.go.jp/datafile/seiseki/report/2023/2023-2nakayama2.pdf,official_daily_result_pdf
202306020208,2023,中山,2,2,8,2023-02-26,https://www.jra.go.jp/datafile/seiseki/report/2023/2023-2nakayama2.pdf,official_daily_result_pdf
202306020209,2023,中山,2,2,9,2023-02-26,https://www.jra.go.jp/datafile/seiseki/report/2023/2023-2nakayama2.pdf,official_daily_result_pdf
202306020210,2023,中山,2,2,10,2023-02-26,https://www.jra.go.jp/datafile/seiseki/report/2023/2023-2nakayama2.pdf,official_daily_result_pdf
202306020211,2023,中山,2,2,11,2023-02-26,https://www.jra.go.jp/datafile/seiseki/report/2023/2023-2nakayama2.pdf,official_daily_result_pdf
202306020212,2023,中山,2,2,12,2023-02-26,https://www.jra.go.jp/datafile/seiseki/report/2023/2023-2nakayama2.pdf,official_daily_result_pdf
202306020301,2023,中山,2,3,1,2023-03-04,https://www.jra.go.jp/datafile/seiseki/report/2023/2023-2nakayama3.pdf,official_daily_result_pdf
202306020302,2023,中山,2,3,2,2023-03-04,https://www.jra.go.jp/datafile/seiseki/report/2023/2023-2nakayama3.pdf,official_daily_result_pdf
202306020303,2023,中山,2,3,3,2023-03-04,https://www.jra.go.jp/datafile/seiseki/report/2023/2023-2nakayama3.pdf,official_daily_result_pdf
202306020304,2023,中山,2,3,4,2023-03-04,https://www.jra.go.jp/datafile/seiseki/report/2023/2023-2nakayama3.pdf,official_daily_result_pdf
202306020305,2023,中山,2,3,5,2023-03-04,https://www.jra.go.jp/datafile/seiseki/report/2023/2023-2nakayama3.pdf,official_daily_result_pdf
202306020306,2023,中山,2,3,6,2023-03-04,https://www.jra.go.jp/datafile/seiseki/report/2023/2023-2nakayama3.pdf,official_daily_result_pdf
202306020307,2023,中山,2,3,7,2023-03-04,https://www.jra.go.jp/datafile/seiseki/report/2023/2023-2nakayama3.pdf,official_daily_result_pdf
202306020308,2023,中山,2,3,8,2023-03-04,https://www.jra.go.jp/datafile/seiseki/report/2023/2023-2nakayama3.pdf,official_daily_result_pdf
202306020309,2023,中山,2,3,9,2023-03-04,https://www.jra.go.jp/datafile/seiseki/report/2023/2023-2nakayama3.pdf,official_daily_result_pdf
202306020310,2023,中山,2,3,10,2023-03-04,https://www.jra.go.jp/datafile/seiseki/report/2023/2023-2nakayama3.pdf,official_daily_result_pdf
202306020311,2023,中山,2,3,11,2023-03-04,https://www.jra.go.jp/datafile/seiseki/report/2023/2023-2nakayama3.pdf,official_daily_result_pdf
202306020312,2023,中山,2,3,12,2023-03-04,https://www.jra.go.jp/datafile/seiseki/report/2023/2023-2nakayama3.pdf,official_daily_result_pdf
202306020401,2023,中山,2,4,1,2023-03-05,https://www.jra.go.jp/datafile/seiseki/report/2023/2023-2nakayama4.pdf,official_daily_result_pdf
202306020402,2023,中山,2,4,2,2023-03-05,https://www.jra.go.jp/datafile/seiseki/report/2023/2023-2nakayama4.pdf,official_daily_result_pdf
202306020403,2023,中山,2,4,3,2023-03-05,https://www.jra.go.jp/datafile/seiseki/report/2023/2023-2nakayama4.pdf,official_daily_result_pdf
202306020404,2023,中山,2,4,4,2023-03-05,https://www.jra.go.jp/datafile/seiseki/report/2023/2023-2nakayama4.pdf,official_daily_result_pdf
202306020405,2023,中山,2,4,5,2023-03-05,https://www.jra.go.jp/datafile/seiseki/report/2023/2023-2nakayama4.pdf,official_daily_result_pdf
202306020406,2023,中山,2,4,6,2023-03-05,https://www.jra.go.jp/datafile/seiseki/report/2023/2023-2nakayama4.pdf,official_daily_result_pdf
202306020407,2023,中山,2,4,7,2023-03-05,https://www.jra.go.jp/datafile/seiseki/report/2023/2023-2nakayama4.pdf,official_daily_result_pdf
202306020408,2023,中山,2,4,8,2023-03-05,https://www.jra.go.jp/datafile/seiseki/report/2023/2023-2nakayama4.pdf,official_daily_result_pdf
202306020409,2023,中山,2,4,9,2023-03-05,https://www.jra.go.jp/datafile/seiseki/report/2023/2023-2nakayama4.pdf,official_daily_result_pdf
202306020410,2023,中山,2,4,10,2023-03-05,https://www.jra.go.jp/datafile/seiseki/report/2023/2023-2nakayama4.pdf,official_daily_result_pdf
202306020411,2023,中山,2,4,11,2023-03-05,https://www.jra.go.jp/datafile/seiseki/report/2023/2023-2nakayama4.pdf,official_daily_result_pdf
202306020412,2023,中山,2,4,12,2023-03-05,https://www.jra.go.jp/datafile/seiseki/report/2023/2023-2nakayama4.pdf,official_daily_result_pdf
202306020501,2023,中山,2,5,1,2023-03-11,https://www.jra.go.jp/datafile/seiseki/report/2023/2023-2nakayama5.pdf,official_daily_result_pdf
202306020502,2023,中山,2,5,2,2023-03-11,https://www.jra.go.jp/datafile/seiseki/report/2023/2023-2nakayama5.pdf,official_daily_result_pdf
202306020503,2023,中山,2,5,3,2023-03-11,https://www.jra.go.jp/datafile/seiseki/report/2023/2023-2nakayama5.pdf,official_daily_result_pdf
202306020504,2023,中山,2,5,4,2023-03-11,https://www.jra.go.jp/datafile/seiseki/report/2023/2023-2nakayama5.pdf,official_daily_result_pdf
202306020505,2023,中山,2,5,5,2023-03-11,https://www.jra.go.jp/datafile/seiseki/report/2023/2023-2nakayama5.pdf,official_daily_result_pdf
202306020506,2023,中山,2,5,6,2023-03-11,https://www.jra.go.jp/datafile/seiseki/report/2023/2023-2nakayama5.pdf,official_daily_result_pdf
202306020507,2023,中山,2,5,7,2023-03-11,https://www.jra.go.jp/datafile/seiseki/report/2023/2023-2nakayama5.pdf,official_daily_result_pdf
202306020508,2023,中山,2,5,8,2023-03-11,https://www.jra.go.jp/datafile/seiseki/report/2023/2023-2nakayama5.pdf,official_daily_result_pdf
202306020509,2023,中山,2,5,9,2023-03-11,https://www.jra.go.jp/datafile/seiseki/report/2023/2023-2nakayama5.pdf,official_daily_result_pdf
202306020510,2023,中山,2,5,10,2023-03-11,https://www.jra.go.jp/datafile/seiseki/report/2023/2023-2nakayama5.pdf,official_daily_result_pdf
202306020511,2023,中山,2,5,11,2023-03-11,https://www.jra.go.jp/datafile/seiseki/report/2023/2023-2nakayama5.pdf,official_daily_result_pdf
202306020512,2023,中山,2,5,12,2023-03-11,https://www.jra.go.jp/datafile/seiseki/report/2023/2023-2nakayama5.pdf,official_daily_result_pdf
202306020601,2023,中山,2,6,1,2023-03-12,https://www.jra.go.jp/datafile/seiseki/report/2023/2023-2nakayama6.pdf,official_daily_result_pdf
202306020602,2023,中山,2,6,2,2023-03-12,https://www.jra.go.jp/datafile/seiseki/report/2023/2023-2nakayama6.pdf,official_daily_result_pdf
202306020603,2023,中山,2,6,3,2023-03-12,https://www.jra.go.jp/datafile/seiseki/report/2023/2023-2nakayama6.pdf,official_daily_result_pdf
202306020604,2023,中山,2,6,4,2023-03-12,https://www.jra.go.jp/datafile/seiseki/report/2023/2023-2nakayama6.pdf,official_daily_result_pdf
202306020605,2023,中山,2,6,5,2023-03-12,https://www.jra.go.jp/datafile/seiseki/report/2023/2023-2nakayama6.pdf,official_daily_result_pdf
202306020606,2023,中山,2,6,6,2023-03-12,https://www.jra.go.jp/datafile/seiseki/report/2023/2023-2nakayama6.pdf,official_daily_result_pdf
202306020607,2023,中山,2,6,7,2023-03-12,https://www.jra.go.jp/datafile/seiseki/report/2023/2023-2nakayama6.pdf,official_daily_result_pdf
202306020608,2023,中山,2,6,8,2023-03-12,https://www.jra.go.jp/datafile/seiseki/report/2023/2023-2nakayama6.pdf,official_daily_result_pdf
202306020609,2023,中山,2,6,9,2023-03-12,https://www.jra.go.jp/datafile/seiseki/report/2023/2023-2nakayama6.pdf,official_daily_result_pdf
202306020610,2023,中山,2,6,10,2023-03-12,https://www.jra.go.jp/datafile/seiseki/report/2023/2023-2nakayama6.pdf,official_daily_result_pdf
202306020611,2023,中山,2,6,11,2023-03-12,https://www.jra.go.jp/datafile/seiseki/report/2023/2023-2nakayama6.pdf,official_daily_result_pdf
202306020612,2023,中山,2,6,12,2023-03-12,https://www.jra.go.jp/datafile/seiseki/report/2023/2023-2nakayama6.pdf,official_daily_result_pdf
202306020701,2023,中山,2,7,1,2023-03-18,https://www.jra.go.jp/datafile/seiseki/report/2023/2023-2nakayama7.pdf,official_daily_result_pdf
202306020702,2023,中山,2,7,2,2023-03-18,https://www.jra.go.jp/datafile/seiseki/report/2023/2023-2nakayama7.pdf,official_daily_result_pdf
202306020703,2023,中山,2,7,3,2023-03-18,https://www.jra.go.jp/datafile/seiseki/report/2023/2023-2nakayama7.pdf,official_daily_result_pdf
202306020704,2023,中山,2,7,4,2023-03-18,https://www.jra.go.jp/datafile/seiseki/report/2023/2023-2nakayama7.pdf,official_daily_result_pdf
202306020705,2023,中山,2,7,5,2023-03-18,https://www.jra.go.jp/datafile/seiseki/report/2023/2023-2nakayama7.pdf,official_daily_result_pdf
202306020706,2023,中山,2,7,6,2023-03-18,https://www.jra.go.jp/datafile/seiseki/report/2023/2023-2nakayama7.pdf,official_daily_result_pdf
202306020707,2023,中山,2,7,7,2023-03-18,https://www.jra.go.jp/datafile/seiseki/report/2023/2023-2nakayama7.pdf,official_daily_result_pdf
202306020708,2023,中山,2,7,8,2023-03-18,https://www.jra.go.jp/datafile/seiseki/report/2023/2023-2nakayama7.pdf,official_daily_result_pdf
202306020709,2023,中山,2,7,9,2023-03-18,https://www.jra.go.jp/datafile/seiseki/report/2023/2023-2nakayama7.pdf,official_daily_result_pdf
202306020710,2023,中山,2,7,10,2023-03-18,https://www.jra.go.jp/datafile/seiseki/report/2023/2023-2nakayama7.pdf,official_daily_result_pdf
202306020711,2023,中山,2,7,11,2023-03-18,https://www.jra.go.jp/datafile/seiseki/report/2023/2023-2nakayama7.pdf,official_daily_result_pdf
202306020712,2023,中山,2,7,12,2023-03-18,https://www.jra.go.jp/datafile/seiseki/report/2023/2023-2nakayama7.pdf,official_daily_result_pdf
202306020801,2023,中山,2,8,1,2023-03-19,https://www.jra.go.jp/datafile/seiseki/report/2023/2023-2nakayama8.pdf,official_daily_result_pdf
202306020802,2023,中山,2,8,2,2023-03-19,https://www.jra.go.jp/datafile/seiseki/report/2023/2023-2nakayama8.pdf,official_daily_result_pdf
202306020803,2023,中山,2,8,3,2023-03-19,https://www.jra.go.jp/datafile/seiseki/report/2023/2023-2nakayama8.pdf,official_daily_result_pdf
202306020804,2023,中山,2,8,4,2023-03-19,https://www.jra.go.jp/datafile/seiseki/report/2023/2023-2nakayama8.pdf,official_daily_result_pdf
202306020805,2023,中山,2,8,5,2023-03-19,https://www.jra.go.jp/datafile/seiseki/report/2023/2023-2nakayama8.pdf,official_daily_result_pdf
202306020806,2023,中山,2,8,6,2023-03-19,https://www.jra.go.jp/datafile/seiseki/report/2023/2023-2nakayama8.pdf,official_daily_result_pdf
202306020807,2023,中山,2,8,7,2023-03-19,https://www.jra.go.jp/datafile/seiseki/report/2023/2023-2nakayama8.pdf,official_daily_result_pdf
202306020808,2023,中山,2,8,8,2023-03-19,https://www.jra.go.jp/datafile/seiseki/report/2023/2023-2nakayama8.pdf,official_daily_result_pdf
202306020809,2023,中山,2,8,9,2023-03-19,https://www.jra.go.jp/datafile/seiseki/report/2023/2023-2nakayama8.pdf,official_daily_result_pdf
202306020810,2023,中山,2,8,10,2023-03-19,https://www.jra.go.jp/datafile/seiseki/report/2023/2023-2nakayama8.pdf,official_daily_result_pdf
202306020811,2023,中山,2,8,11,2023-03-19,https://www.jra.go.jp/datafile/seiseki/report/2023/2023-2nakayama8.pdf,official_daily_result_pdf
202306020812,2023,中山,2,8,12,2023-03-19,https://www.jra.go.jp/datafile/seiseki/report/2023/2023-2nakayama8.pdf,official_daily_result_pdf
202306030101,2023,中山,3,1,1,2023-03-25,https://www.jra.go.jp/datafile/seiseki/report/2023/2023-3nakayama1.pdf,official_daily_result_pdf
202306030102,2023,中山,3,1,2,2023-03-25,https://www.jra.go.jp/datafile/seiseki/report/2023/2023-3nakayama1.pdf,official_daily_result_pdf
202306030103,2023,中山,3,1,3,2023-03-25,https://www.jra.go.jp/datafile/seiseki/report/2023/2023-3nakayama1.pdf,official_daily_result_pdf
202306030104,2023,中山,3,1,4,2023-03-25,https://www.jra.go.jp/datafile/seiseki/report/2023/2023-3nakayama1.pdf,official_daily_result_pdf
202306030105,2023,中山,3,1,5,2023-03-25,https://www.jra.go.jp/datafile/seiseki/report/2023/2023-3nakayama1.pdf,official_daily_result_pdf
202306030106,2023,中山,3,1,6,2023-03-25,https://www.jra.go.jp/datafile/seiseki/report/2023/2023-3nakayama1.pdf,official_daily_result_pdf
202306030107,2023,中山,3,1,7,2023-03-25,https://www.jra.go.jp/datafile/seiseki/report/2023/2023-3nakayama1.pdf,official_daily_result_pdf
202306030108,2023,中山,3,1,8,2023-03-25,https://www.jra.go.jp/datafile/seiseki/report/2023/2023-3nakayama1.pdf,official_daily_result_pdf
202306030109,2023,中山,3,1,9,2023-03-25,https://www.jra.go.jp/datafile/seiseki/report/2023/2023-3nakayama1.pdf,official_daily_result_pdf
202306030110,2023,中山,3,1,10,2023-03-25,https://www.jra.go.jp/datafile/seiseki/report/2023/2023-3nakayama1.pdf,official_daily_result_pdf
202306030111,2023,中山,3,1,11,2023-03-25,https://www.jra.go.jp/datafile/seiseki/report/2023/2023-3nakayama1.pdf,official_daily_result_pdf
202306030112,2023,中山,3,1,12,2023-03-25,https://www.jra.go.jp/datafile/seiseki/report/2023/2023-3nakayama1.pdf,official_daily_result_pdf
202306030201,2023,中山,3,2,1,2023-03-26,https://www.jra.go.jp/datafile/seiseki/report/2023/2023-3nakayama2.pdf,official_daily_result_pdf
202306030202,2023,中山,3,2,2,2023-03-26,https://www.jra.go.jp/datafile/seiseki/report/2023/2023-3nakayama2.pdf,official_daily_result_pdf
202306030203,2023,中山,3,2,3,2023-03-26,https://www.jra.go.jp/datafile/seiseki/report/2023/2023-3nakayama2.pdf,official_daily_result_pdf
202306030204,2023,中山,3,2,4,2023-03-26,https://www.jra.go.jp/datafile/seiseki/report/2023/2023-3nakayama2.pdf,official_daily_result_pdf
202306030205,2023,中山,3,2,5,2023-03-26,https://www.jra.go.jp/datafile/seiseki/report/2023/2023-3nakayama2.pdf,official_daily_result_pdf
202306030206,2023,中山,3,2,6,2023-03-26,https://www.jra.go.jp/datafile/seiseki/report/2023/2023-3nakayama2.pdf,official_daily_result_pdf
202306030207,2023,中山,3,2,7,2023-03-26,https://www.jra.go.jp/datafile/seiseki/report/2023/2023-3nakayama2.pdf,official_daily_result_pdf
202306030208,2023,中山,3,2,8,2023-03-26,https://www.jra.go.jp/datafile/seiseki/report/2023/2023-3nakayama2.pdf,official_daily_result_pdf
202306030209,2023,中山,3,2,9,2023-03-26,https://www.jra.go.jp/datafile/seiseki/report/2023/2023-3nakayama2.pdf,official_daily_result_pdf
202306030210,2023,中山,3,2,10,2023-03-26,https://www.jra.go.jp/datafile/seiseki/report/2023/2023-3nakayama2.pdf,official_daily_result_pdf
202306030211,2023,中山,3,2,11,2023-03-26,https://www.jra.go.jp/datafile/seiseki/report/2023/2023-3nakayama2.pdf,official_daily_result_pdf
202306030212,2023,中山,3,2,12,2023-03-26,https://www.jra.go.jp/datafile/seiseki/report/2023/2023-3nakayama2.pdf,official_daily_result_pdf
202306030301,2023,中山,3,3,1,2023-04-01,https://www.jra.go.jp/datafile/seiseki/report/2023/2023-3nakayama3.pdf,official_daily_result_pdf
202306030302,2023,中山,3,3,2,2023-04-01,https://www.jra.go.jp/datafile/seiseki/report/2023/2023-3nakayama3.pdf,official_daily_result_pdf
202306030303,2023,中山,3,3,3,2023-04-01,https://www.jra.go.jp/datafile/seiseki/report/2023/2023-3nakayama3.pdf,official_daily_result_pdf
202306030304,2023,中山,3,3,4,2023-04-01,https://www.jra.go.jp/datafile/seiseki/report/2023/2023-3nakayama3.pdf,official_daily_result_pdf
202306030305,2023,中山,3,3,5,2023-04-01,https://www.jra.go.jp/datafile/seiseki/report/2023/2023-3nakayama3.pdf,official_daily_result_pdf
202306030306,2023,中山,3,3,6,2023-04-01,https://www.jra.go.jp/datafile/seiseki/report/2023/2023-3nakayama3.pdf,official_daily_result_pdf
202306030307,2023,中山,3,3,7,2023-04-01,https://www.jra.go.jp/datafile/seiseki/report/2023/2023-3nakayama3.pdf,official_daily_result_pdf
202306030308,2023,中山,3,3,8,2023-04-01,https://www.jra.go.jp/datafile/seiseki/report/2023/2023-3nakayama3.pdf,official_daily_result_pdf
202306030309,2023,中山,3,3,9,2023-04-01,https://www.jra.go.jp/datafile/seiseki/report/2023/2023-3nakayama3.pdf,official_daily_result_pdf
202306030310,2023,中山,3,3,10,2023-04-01,https://www.jra.go.jp/datafile/seiseki/report/2023/2023-3nakayama3.pdf,official_daily_result_pdf
202306030311,2023,中山,3,3,11,2023-04-01,https://www.jra.go.jp/datafile/seiseki/report/2023/2023-3nakayama3.pdf,official_daily_result_pdf
202306030312,2023,中山,3,3,12,2023-04-01,https://www.jra.go.jp/datafile/seiseki/report/2023/2023-3nakayama3.pdf,official_daily_result_pdf
202306030401,2023,中山,3,4,1,2023-04-02,https://www.jra.go.jp/datafile/seiseki/report/2023/2023-3nakayama4.pdf,official_daily_result_pdf
202306030402,2023,中山,3,4,2,2023-04-02,https://www.jra.go.jp/datafile/seiseki/report/2023/2023-3nakayama4.pdf,official_daily_result_pdf
202306030403,2023,中山,3,4,3,2023-04-02,https://www.jra.go.jp/datafile/seiseki/report/2023/2023-3nakayama4.pdf,official_daily_result_pdf
202306030404,2023,中山,3,4,4,2023-04-02,https://www.jra.go.jp/datafile/seiseki/report/2023/2023-3nakayama4.pdf,official_daily_result_pdf
202306030405,2023,中山,3,4,5,2023-04-02,https://www.jra.go.jp/datafile/seiseki/report/2023/2023-3nakayama4.pdf,official_daily_result_pdf
202306030406,2023,中山,3,4,6,2023-04-02,https://www.jra.go.jp/datafile/seiseki/report/2023/2023-3nakayama4.pdf,official_daily_result_pdf
202306030407,2023,中山,3,4,7,2023-04-02,https://www.jra.go.jp/datafile/seiseki/report/2023/2023-3nakayama4.pdf,official_daily_result_pdf
202306030408,2023,中山,3,4,8,2023-04-02,https://www.jra.go.jp/datafile/seiseki/report/2023/2023-3nakayama4.pdf,official_daily_result_pdf
202306030409,2023,中山,3,4,9,2023-04-02,https://www.jra.go.jp/datafile/seiseki/report/2023/2023-3nakayama4.pdf,official_daily_result_pdf
202306030410,2023,中山,3,4,10,2023-04-02,https://www.jra.go.jp/datafile/seiseki/report/2023/2023-3nakayama4.pdf,official_daily_result_pdf
202306030411,2023,中山,3,4,11,2023-04-02,https://www.jra.go.jp/datafile/seiseki/report/2023/2023-3nakayama4.pdf,official_daily_result_pdf
202306030412,2023,中山,3,4,12,2023-04-02,https://www.jra.go.jp/datafile/seiseki/report/2023/2023-3nakayama4.pdf,official_daily_result_pdf
202306030501,2023,中山,3,5,1,2023-04-08,https://www.jra.go.jp/datafile/seiseki/report/2023/2023-3nakayama5.pdf,official_daily_result_pdf
202306030502,2023,中山,3,5,2,2023-04-08,https://www.jra.go.jp/datafile/seiseki/report/2023/2023-3nakayama5.pdf,official_daily_result_pdf
202306030503,2023,中山,3,5,3,2023-04-08,https://www.jra.go.jp/datafile/seiseki/report/2023/2023-3nakayama5.pdf,official_daily_result_pdf
202306030504,2023,中山,3,5,4,2023-04-08,https://www.jra.go.jp/datafile/seiseki/report/2023/2023-3nakayama5.pdf,official_daily_result_pdf
202306030505,2023,中山,3,5,5,2023-04-08,https://www.jra.go.jp/datafile/seiseki/report/2023/2023-3nakayama5.pdf,official_daily_result_pdf
202306030506,2023,中山,3,5,6,2023-04-08,https://www.jra.go.jp/datafile/seiseki/report/2023/2023-3nakayama5.pdf,official_daily_result_pdf
202306030507,2023,中山,3,5,7,2023-04-08,https://www.jra.go.jp/datafile/seiseki/report/2023/2023-3nakayama5.pdf,official_daily_result_pdf
202306030508,2023,中山,3,5,8,2023-04-08,https://www.jra.go.jp/datafile/seiseki/report/2023/2023-3nakayama5.pdf,official_daily_result_pdf
202306030509,2023,中山,3,5,9,2023-04-08,https://www.jra.go.jp/datafile/seiseki/report/2023/2023-3nakayama5.pdf,official_daily_result_pdf
202306030510,2023,中山,3,5,10,2023-04-08,https://www.jra.go.jp/datafile/seiseki/report/2023/2023-3nakayama5.pdf,official_daily_result_pdf
202306030511,2023,中山,3,5,11,2023-04-08,https://www.jra.go.jp/datafile/seiseki/report/2023/2023-3nakayama5.pdf,official_daily_result_pdf
202306030512,2023,中山,3,5,12,2023-04-08,https://www.jra.go.jp/datafile/seiseki/report/2023/2023-3nakayama5.pdf,official_daily_result_pdf
202306030601,2023,中山,3,6,1,2023-04-09,https://www.jra.go.jp/datafile/seiseki/report/2023/2023-3nakayama6.pdf,official_daily_result_pdf
202306030602,2023,中山,3,6,2,2023-04-09,https://www.jra.go.jp/datafile/seiseki/report/2023/2023-3nakayama6.pdf,official_daily_result_pdf
202306030603,2023,中山,3,6,3,2023-04-09,https://www.jra.go.jp/datafile/seiseki/report/2023/2023-3nakayama6.pdf,official_daily_result_pdf
202306030604,2023,中山,3,6,4,2023-04-09,https://www.jra.go.jp/datafile/seiseki/report/2023/2023-3nakayama6.pdf,official_daily_result_pdf
202306030605,2023,中山,3,6,5,2023-04-09,https://www.jra.go.jp/datafile/seiseki/report/2023/2023-3nakayama6.pdf,official_daily_result_pdf
202306030606,2023,中山,3,6,6,2023-04-09,https://www.jra.go.jp/datafile/seiseki/report/2023/2023-3nakayama6.pdf,official_daily_result_pdf
202306030607,2023,中山,3,6,7,2023-04-09,https://www.jra.go.jp/datafile/seiseki/report/2023/2023-3nakayama6.pdf,official_daily_result_pdf
202306030608,2023,中山,3,6,8,2023-04-09,https://www.jra.go.jp/datafile/seiseki/report/2023/2023-3nakayama6.pdf,official_daily_result_pdf
202306030609,2023,中山,3,6,9,2023-04-09,https://www.jra.go.jp/datafile/seiseki/report/2023/2023-3nakayama6.pdf,official_daily_result_pdf
202306030610,2023,中山,3,6,10,2023-04-09,https://www.jra.go.jp/datafile/seiseki/report/2023/2023-3nakayama6.pdf,official_daily_result_pdf
202306030611,2023,中山,3,6,11,2023-04-09,https://www.jra.go.jp/datafile/seiseki/report/2023/2023-3nakayama6.pdf,official_daily_result_pdf
202306030612,2023,中山,3,6,12,2023-04-09,https://www.jra.go.jp/datafile/seiseki/report/2023/2023-3nakayama6.pdf,official_daily_result_pdf
202306030701,2023,中山,3,7,1,2023-04-15,https://www.jra.go.jp/datafile/seiseki/report/2023/2023-3nakayama7.pdf,official_daily_result_pdf
202306030702,2023,中山,3,7,2,2023-04-15,https://www.jra.go.jp/datafile/seiseki/report/2023/2023-3nakayama7.pdf,official_daily_result_pdf
202306030703,2023,中山,3,7,3,2023-04-15,https://www.jra.go.jp/datafile/seiseki/report/2023/2023-3nakayama7.pdf,official_daily_result_pdf
202306030704,2023,中山,3,7,4,2023-04-15,https://www.jra.go.jp/datafile/seiseki/report/2023/2023-3nakayama7.pdf,official_daily_result_pdf
202306030705,2023,中山,3,7,5,2023-04-15,https://www.jra.go.jp/datafile/seiseki/report/2023/2023-3nakayama7.pdf,official_daily_result_pdf
202306030706,2023,中山,3,7,6,2023-04-15,https://www.jra.go.jp/datafile/seiseki/report/2023/2023-3nakayama7.pdf,official_daily_result_pdf
202306030707,2023,中山,3,7,7,2023-04-15,https://www.jra.go.jp/datafile/seiseki/report/2023/2023-3nakayama7.pdf,official_daily_result_pdf
202306030708,2023,中山,3,7,8,2023-04-15,https://www.jra.go.jp/datafile/seiseki/report/2023/2023-3nakayama7.pdf,official_daily_result_pdf
202306030709,2023,中山,3,7,9,2023-04-15,https://www.jra.go.jp/datafile/seiseki/report/2023/2023-3nakayama7.pdf,official_daily_result_pdf
202306030710,2023,中山,3,7,10,2023-04-15,https://www.jra.go.jp/datafile/seiseki/report/2023/2023-3nakayama7.pdf,official_daily_result_pdf
202306030711,2023,中山,3,7,11,2023-04-15,https://www.jra.go.jp/datafile/seiseki/report/2023/2023-3nakayama7.pdf,official_daily_result_pdf
202306030712,2023,中山,3,7,12,2023-04-15,https://www.jra.go.jp/datafile/seiseki/report/2023/2023-3nakayama7.pdf,official_daily_result_pdf
202306030801,2023,中山,3,8,1,2023-04-16,https://www.jra.go.jp/datafile/seiseki/report/2023/2023-3nakayama8.pdf,official_daily_result_pdf
202306030802,2023,中山,3,8,2,2023-04-16,https://www.jra.go.jp/datafile/seiseki/report/2023/2023-3nakayama8.pdf,official_daily_result_pdf
202306030803,2023,中山,3,8,3,2023-04-16,https://www.jra.go.jp/datafile/seiseki/report/2023/2023-3nakayama8.pdf,official_daily_result_pdf
202306030804,2023,中山,3,8,4,2023-04-16,https://www.jra.go.jp/datafile/seiseki/report/2023/2023-3nakayama8.pdf,official_daily_result_pdf
202306030805,2023,中山,3,8,5,2023-04-16,https://www.jra.go.jp/datafile/seiseki/report/2023/2023-3nakayama8.pdf,official_daily_result_pdf
202306030806,2023,中山,3,8,6,2023-04-16,https://www.jra.go.jp/datafile/seiseki/report/2023/2023-3nakayama8.pdf,official_daily_result_pdf
202306030807,2023,中山,3,8,7,2023-04-16,https://www.jra.go.jp/datafile/seiseki/report/2023/2023-3nakayama8.pdf,official_daily_result_pdf
202306030808,2023,中山,3,8,8,2023-04-16,https://www.jra.go.jp/datafile/seiseki/report/2023/2023-3nakayama8.pdf,official_daily_result_pdf
202306030809,2023,中山,3,8,9,2023-04-16,https://www.jra.go.jp/datafile/seiseki/report/2023/2023-3nakayama8.pdf,official_daily_result_pdf
202306030810,2023,中山,3,8,10,2023-04-16,https://www.jra.go.jp/datafile/seiseki/report/2023/2023-3nakayama8.pdf,official_daily_result_pdf
202306030811,2023,中山,3,8,11,2023-04-16,https://www.jra.go.jp/datafile/seiseki/report/2023/2023-3nakayama8.pdf,official_daily_result_pdf
202306030812,2023,中山,3,8,12,2023-04-16,https://www.jra.go.jp/datafile/seiseki/report/2023/2023-3nakayama8.pdf,official_daily_result_pdf
202306040101,2023,中山,4,1,1,2023-09-09,https://www.jra.go.jp/datafile/seiseki/report/2023/2023-4nakayama1.pdf,official_daily_result_pdf
202306040102,2023,中山,4,1,2,2023-09-09,https://www.jra.go.jp/datafile/seiseki/report/2023/2023-4nakayama1.pdf,official_daily_result_pdf
202306040103,2023,中山,4,1,3,2023-09-09,https://www.jra.go.jp/datafile/seiseki/report/2023/2023-4nakayama1.pdf,official_daily_result_pdf
202306040104,2023,中山,4,1,4,2023-09-09,https://www.jra.go.jp/datafile/seiseki/report/2023/2023-4nakayama1.pdf,official_daily_result_pdf
202306040105,2023,中山,4,1,5,2023-09-09,https://www.jra.go.jp/datafile/seiseki/report/2023/2023-4nakayama1.pdf,official_daily_result_pdf
202306040106,2023,中山,4,1,6,2023-09-09,https://www.jra.go.jp/datafile/seiseki/report/2023/2023-4nakayama1.pdf,official_daily_result_pdf
202306040107,2023,中山,4,1,7,2023-09-09,https://www.jra.go.jp/datafile/seiseki/report/2023/2023-4nakayama1.pdf,official_daily_result_pdf
202306040108,2023,中山,4,1,8,2023-09-09,https://www.jra.go.jp/datafile/seiseki/report/2023/2023-4nakayama1.pdf,official_daily_result_pdf
202306040109,2023,中山,4,1,9,2023-09-09,https://www.jra.go.jp/datafile/seiseki/report/2023/2023-4nakayama1.pdf,official_daily_result_pdf
202306040110,2023,中山,4,1,10,2023-09-09,https://www.jra.go.jp/datafile/seiseki/report/2023/2023-4nakayama1.pdf,official_daily_result_pdf
202306040111,2023,中山,4,1,11,2023-09-09,https://www.jra.go.jp/datafile/seiseki/report/2023/2023-4nakayama1.pdf,official_daily_result_pdf
202306040112,2023,中山,4,1,12,2023-09-09,https://www.jra.go.jp/datafile/seiseki/report/2023/2023-4nakayama1.pdf,official_daily_result_pdf
202306040201,2023,中山,4,2,1,2023-09-10,https://www.jra.go.jp/datafile/seiseki/report/2023/2023-4nakayama2.pdf,official_daily_result_pdf
202306040202,2023,中山,4,2,2,2023-09-10,https://www.jra.go.jp/datafile/seiseki/report/2023/2023-4nakayama2.pdf,official_daily_result_pdf
202306040203,2023,中山,4,2,3,2023-09-10,https://www.jra.go.jp/datafile/seiseki/report/2023/2023-4nakayama2.pdf,official_daily_result_pdf
202306040204,2023,中山,4,2,4,2023-09-10,https://www.jra.go.jp/datafile/seiseki/report/2023/2023-4nakayama2.pdf,official_daily_result_pdf
202306040205,2023,中山,4,2,5,2023-09-10,https://www.jra.go.jp/datafile/seiseki/report/2023/2023-4nakayama2.pdf,official_daily_result_pdf
202306040206,2023,中山,4,2,6,2023-09-10,https://www.jra.go.jp/datafile/seiseki/report/2023/2023-4nakayama2.pdf,official_daily_result_pdf
202306040207,2023,中山,4,2,7,2023-09-10,https://www.jra.go.jp/datafile/seiseki/report/2023/2023-4nakayama2.pdf,official_daily_result_pdf
202306040208,2023,中山,4,2,8,2023-09-10,https://www.jra.go.jp/datafile/seiseki/report/2023/2023-4nakayama2.pdf,official_daily_result_pdf
202306040209,2023,中山,4,2,9,2023-09-10,https://www.jra.go.jp/datafile/seiseki/report/2023/2023-4nakayama2.pdf,official_daily_result_pdf
202306040210,2023,中山,4,2,10,2023-09-10,https://www.jra.go.jp/datafile/seiseki/report/2023/2023-4nakayama2.pdf,official_daily_result_pdf
202306040211,2023,中山,4,2,11,2023-09-10,https://www.jra.go.jp/datafile/seiseki/report/2023/2023-4nakayama2.pdf,official_daily_result_pdf
202306040212,2023,中山,4,2,12,2023-09-10,https://www.jra.go.jp/datafile/seiseki/report/2023/2023-4nakayama2.pdf,official_daily_result_pdf
202306040301,2023,中山,4,3,1,2023-09-16,https://www.jra.go.jp/datafile/seiseki/report/2023/2023-4nakayama3.pdf,official_daily_result_pdf
202306040302,2023,中山,4,3,2,2023-09-16,https://www.jra.go.jp/datafile/seiseki/report/2023/2023-4nakayama3.pdf,official_daily_result_pdf
202306040303,2023,中山,4,3,3,2023-09-16,https://www.jra.go.jp/datafile/seiseki/report/2023/2023-4nakayama3.pdf,official_daily_result_pdf
202306040304,2023,中山,4,3,4,2023-09-16,https://www.jra.go.jp/datafile/seiseki/report/2023/2023-4nakayama3.pdf,official_daily_result_pdf
202306040305,2023,中山,4,3,5,2023-09-16,https://www.jra.go.jp/datafile/seiseki/report/2023/2023-4nakayama3.pdf,official_daily_result_pdf
202306040306,2023,中山,4,3,6,2023-09-16,https://www.jra.go.jp/datafile/seiseki/report/2023/2023-4nakayama3.pdf,official_daily_result_pdf
202306040307,2023,中山,4,3,7,2023-09-16,https://www.jra.go.jp/datafile/seiseki/report/2023/2023-4nakayama3.pdf,official_daily_result_pdf
202306040308,2023,中山,4,3,8,2023-09-16,https://www.jra.go.jp/datafile/seiseki/report/2023/2023-4nakayama3.pdf,official_daily_result_pdf
202306040309,2023,中山,4,3,9,2023-09-16,https://www.jra.go.jp/datafile/seiseki/report/2023/2023-4nakayama3.pdf,official_daily_result_pdf
202306040310,2023,中山,4,3,10,2023-09-16,https://www.jra.go.jp/datafile/seiseki/report/2023/2023-4nakayama3.pdf,official_daily_result_pdf
202306040311,2023,中山,4,3,11,2023-09-16,https://www.jra.go.jp/datafile/seiseki/report/2023/2023-4nakayama3.pdf,official_daily_result_pdf
202306040312,2023,中山,4,3,12,2023-09-16,https://www.jra.go.jp/datafile/seiseki/report/2023/2023-4nakayama3.pdf,official_daily_result_pdf
202306040401,2023,中山,4,4,1,2023-09-17,https://www.jra.go.jp/datafile/seiseki/report/2023/2023-4nakayama4.pdf,official_daily_result_pdf
202306040402,2023,中山,4,4,2,2023-09-17,https://www.jra.go.jp/datafile/seiseki/report/2023/2023-4nakayama4.pdf,official_daily_result_pdf
202306040403,2023,中山,4,4,3,2023-09-17,https://www.jra.go.jp/datafile/seiseki/report/2023/2023-4nakayama4.pdf,official_daily_result_pdf
202306040404,2023,中山,4,4,4,2023-09-17,https://www.jra.go.jp/datafile/seiseki/report/2023/2023-4nakayama4.pdf,official_daily_result_pdf
202306040405,2023,中山,4,4,5,2023-09-17,https://www.jra.go.jp/datafile/seiseki/report/2023/2023-4nakayama4.pdf,official_daily_result_pdf
202306040406,2023,中山,4,4,6,2023-09-17,https://www.jra.go.jp/datafile/seiseki/report/2023/2023-4nakayama4.pdf,official_daily_result_pdf
202306040407,2023,中山,4,4,7,2023-09-17,https://www.jra.go.jp/datafile/seiseki/report/2023/2023-4nakayama4.pdf,official_daily_result_pdf
202306040408,2023,中山,4,4,8,2023-09-17,https://www.jra.go.jp/datafile/seiseki/report/2023/2023-4nakayama4.pdf,official_daily_result_pdf
202306040409,2023,中山,4,4,9,2023-09-17,https://www.jra.go.jp/datafile/seiseki/report/2023/2023-4nakayama4.pdf,official_daily_result_pdf
202306040410,2023,中山,4,4,10,2023-09-17,https://www.jra.go.jp/datafile/seiseki/report/2023/2023-4nakayama4.pdf,official_daily_result_pdf
202306040411,2023,中山,4,4,11,2023-09-17,https://www.jra.go.jp/datafile/seiseki/report/2023/2023-4nakayama4.pdf,official_daily_result_pdf
202306040412,2023,中山,4,4,12,2023-09-17,https://www.jra.go.jp/datafile/seiseki/report/2023/2023-4nakayama4.pdf,official_daily_result_pdf
202306040501,2023,中山,4,5,1,2023-09-18,https://www.jra.go.jp/datafile/seiseki/report/2023/2023-4nakayama5.pdf,official_daily_result_pdf
202306040502,2023,中山,4,5,2,2023-09-18,https://www.jra.go.jp/datafile/seiseki/report/2023/2023-4nakayama5.pdf,official_daily_result_pdf
202306040503,2023,中山,4,5,3,2023-09-18,https://www.jra.go.jp/datafile/seiseki/report/2023/2023-4nakayama5.pdf,official_daily_result_pdf
202306040504,2023,中山,4,5,4,2023-09-18,https://www.jra.go.jp/datafile/seiseki/report/2023/2023-4nakayama5.pdf,official_daily_result_pdf
202306040505,2023,中山,4,5,5,2023-09-18,https://www.jra.go.jp/datafile/seiseki/report/2023/2023-4nakayama5.pdf,official_daily_result_pdf
202306040506,2023,中山,4,5,6,2023-09-18,https://www.jra.go.jp/datafile/seiseki/report/2023/2023-4nakayama5.pdf,official_daily_result_pdf
202306040507,2023,中山,4,5,7,2023-09-18,https://www.jra.go.jp/datafile/seiseki/report/2023/2023-4nakayama5.pdf,official_daily_result_pdf
202306040508,2023,中山,4,5,8,2023-09-18,https://www.jra.go.jp/datafile/seiseki/report/2023/2023-4nakayama5.pdf,official_daily_result_pdf
202306040509,2023,中山,4,5,9,2023-09-18,https://www.jra.go.jp/datafile/seiseki/report/2023/2023-4nakayama5.pdf,official_daily_result_pdf
202306040510,2023,中山,4,5,10,2023-09-18,https://www.jra.go.jp/datafile/seiseki/report/2023/2023-4nakayama5.pdf,official_daily_result_pdf
202306040511,2023,中山,4,5,11,2023-09-18,https://www.jra.go.jp/datafile/seiseki/report/2023/2023-4nakayama5.pdf,official_daily_result_pdf
202306040512,2023,中山,4,5,12,2023-09-18,https://www.jra.go.jp/datafile/seiseki/report/2023/2023-4nakayama5.pdf,official_daily_result_pdf
202306040601,2023,中山,4,6,1,2023-09-23,https://www.jra.go.jp/datafile/seiseki/report/2023/2023-4nakayama6.pdf,official_daily_result_pdf
202306040602,2023,中山,4,6,2,2023-09-23,https://www.jra.go.jp/datafile/seiseki/report/2023/2023-4nakayama6.pdf,official_daily_result_pdf
202306040603,2023,中山,4,6,3,2023-09-23,https://www.jra.go.jp/datafile/seiseki/report/2023/2023-4nakayama6.pdf,official_daily_result_pdf
202306040604,2023,中山,4,6,4,2023-09-23,https://www.jra.go.jp/datafile/seiseki/report/2023/2023-4nakayama6.pdf,official_daily_result_pdf
202306040605,2023,中山,4,6,5,2023-09-23,https://www.jra.go.jp/datafile/seiseki/report/2023/2023-4nakayama6.pdf,official_daily_result_pdf
202306040606,2023,中山,4,6,6,2023-09-23,https://www.jra.go.jp/datafile/seiseki/report/2023/2023-4nakayama6.pdf,official_daily_result_pdf
202306040607,2023,中山,4,6,7,2023-09-23,https://www.jra.go.jp/datafile/seiseki/report/2023/2023-4nakayama6.pdf,official_daily_result_pdf
202306040608,2023,中山,4,6,8,2023-09-23,https://www.jra.go.jp/datafile/seiseki/report/2023/2023-4nakayama6.pdf,official_daily_result_pdf
202306040609,2023,中山,4,6,9,2023-09-23,https://www.jra.go.jp/datafile/seiseki/report/2023/2023-4nakayama6.pdf,official_daily_result_pdf
202306040610,2023,中山,4,6,10,2023-09-23,https://www.jra.go.jp/datafile/seiseki/report/2023/2023-4nakayama6.pdf,official_daily_result_pdf
202306040611,2023,中山,4,6,11,2023-09-23,https://www.jra.go.jp/datafile/seiseki/report/2023/2023-4nakayama6.pdf,official_daily_result_pdf
202306040612,2023,中山,4,6,12,2023-09-23,https://www.jra.go.jp/datafile/seiseki/report/2023/2023-4nakayama6.pdf,official_daily_result_pdf
202306040701,2023,中山,4,7,1,2023-09-24,https://www.jra.go.jp/datafile/seiseki/report/2023/2023-4nakayama7.pdf,official_daily_result_pdf
202306040702,2023,中山,4,7,2,2023-09-24,https://www.jra.go.jp/datafile/seiseki/report/2023/2023-4nakayama7.pdf,official_daily_result_pdf
202306040703,2023,中山,4,7,3,2023-09-24,https://www.jra.go.jp/datafile/seiseki/report/2023/2023-4nakayama7.pdf,official_daily_result_pdf
202306040704,2023,中山,4,7,4,2023-09-24,https://www.jra.go.jp/datafile/seiseki/report/2023/2023-4nakayama7.pdf,official_daily_result_pdf
202306040705,2023,中山,4,7,5,2023-09-24,https://www.jra.go.jp/datafile/seiseki/report/2023/2023-4nakayama7.pdf,official_daily_result_pdf
202306040706,2023,中山,4,7,6,2023-09-24,https://www.jra.go.jp/datafile/seiseki/report/2023/2023-4nakayama7.pdf,official_daily_result_pdf
202306040707,2023,中山,4,7,7,2023-09-24,https://www.jra.go.jp/datafile/seiseki/report/2023/2023-4nakayama7.pdf,official_daily_result_pdf
202306040708,2023,中山,4,7,8,2023-09-24,https://www.jra.go.jp/datafile/seiseki/report/2023/2023-4nakayama7.pdf,official_daily_result_pdf
202306040709,2023,中山,4,7,9,2023-09-24,https://www.jra.go.jp/datafile/seiseki/report/2023/2023-4nakayama7.pdf,official_daily_result_pdf
202306040710,2023,中山,4,7,10,2023-09-24,https://www.jra.go.jp/datafile/seiseki/report/2023/2023-4nakayama7.pdf,official_daily_result_pdf
202306040711,2023,中山,4,7,11,2023-09-24,https://www.jra.go.jp/datafile/seiseki/report/2023/2023-4nakayama7.pdf,official_daily_result_pdf
202306040712,2023,中山,4,7,12,2023-09-24,https://www.jra.go.jp/datafile/seiseki/report/2023/2023-4nakayama7.pdf,official_daily_result_pdf
202306040801,2023,中山,4,8,1,2023-09-30,https://www.jra.go.jp/datafile/seiseki/report/2023/2023-4nakayama8.pdf,official_daily_result_pdf
202306040802,2023,中山,4,8,2,2023-09-30,https://www.jra.go.jp/datafile/seiseki/report/2023/2023-4nakayama8.pdf,official_daily_result_pdf
202306040803,2023,中山,4,8,3,2023-09-30,https://www.jra.go.jp/datafile/seiseki/report/2023/2023-4nakayama8.pdf,official_daily_result_pdf
202306040804,2023,中山,4,8,4,2023-09-30,https://www.jra.go.jp/datafile/seiseki/report/2023/2023-4nakayama8.pdf,official_daily_result_pdf
202306040805,2023,中山,4,8,5,2023-09-30,https://www.jra.go.jp/datafile/seiseki/report/2023/2023-4nakayama8.pdf,official_daily_result_pdf
202306040806,2023,中山,4,8,6,2023-09-30,https://www.jra.go.jp/datafile/seiseki/report/2023/2023-4nakayama8.pdf,official_daily_result_pdf
202306040807,2023,中山,4,8,7,2023-09-30,https://www.jra.go.jp/datafile/seiseki/report/2023/2023-4nakayama8.pdf,official_daily_result_pdf
202306040808,2023,中山,4,8,8,2023-09-30,https://www.jra.go.jp/datafile/seiseki/report/2023/2023-4nakayama8.pdf,official_daily_result_pdf
202306040809,2023,中山,4,8,9,2023-09-30,https://www.jra.go.jp/datafile/seiseki/report/2023/2023-4nakayama8.pdf,official_daily_result_pdf
202306040810,2023,中山,4,8,10,2023-09-30,https://www.jra.go.jp/datafile/seiseki/report/2023/2023-4nakayama8.pdf,official_daily_result_pdf
202306040811,2023,中山,4,8,11,2023-09-30,https://www.jra.go.jp/datafile/seiseki/report/2023/2023-4nakayama8.pdf,official_daily_result_pdf
202306040812,2023,中山,4,8,12,2023-09-30,https://www.jra.go.jp/datafile/seiseki/report/2023/2023-4nakayama8.pdf,official_daily_result_pdf
202306040901,2023,中山,4,9,1,2023-10-01,https://www.jra.go.jp/datafile/seiseki/report/2023/2023-4nakayama9.pdf,official_daily_result_pdf
202306040902,2023,中山,4,9,2,2023-10-01,https://www.jra.go.jp/datafile/seiseki/report/2023/2023-4nakayama9.pdf,official_daily_result_pdf
202306040903,2023,中山,4,9,3,2023-10-01,https://www.jra.go.jp/datafile/seiseki/report/2023/2023-4nakayama9.pdf,official_daily_result_pdf
202306040904,2023,中山,4,9,4,2023-10-01,https://www.jra.go.jp/datafile/seiseki/report/2023/2023-4nakayama9.pdf,official_daily_result_pdf
202306040905,2023,中山,4,9,5,2023-10-01,https://www.jra.go.jp/datafile/seiseki/report/2023/2023-4nakayama9.pdf,official_daily_result_pdf
202306040906,2023,中山,4,9,6,2023-10-01,https://www.jra.go.jp/datafile/seiseki/report/2023/2023-4nakayama9.pdf,official_daily_result_pdf
202306040907,2023,中山,4,9,7,2023-10-01,https://www.jra.go.jp/datafile/seiseki/report/2023/2023-4nakayama9.pdf,official_daily_result_pdf
202306040908,2023,中山,4,9,8,2023-10-01,https://www.jra.go.jp/datafile/seiseki/report/2023/2023-4nakayama9.pdf,official_daily_result_pdf
202306040909,2023,中山,4,9,9,2023-10-01,https://www.jra.go.jp/datafile/seiseki/report/2023/2023-4nakayama9.pdf,official_daily_result_pdf
202306040910,2023,中山,4,9,10,2023-10-01,https://www.jra.go.jp/datafile/seiseki/report/2023/2023-4nakayama9.pdf,official_daily_result_pdf
202306040911,2023,中山,4,9,11,2023-10-01,https://www.jra.go.jp/datafile/seiseki/report/2023/2023-4nakayama9.pdf,official_daily_result_pdf
202306040912,2023,中山,4,9,12,2023-10-01,https://www.jra.go.jp/datafile/seiseki/report/2023/2023-4nakayama9.pdf,official_daily_result_pdf
202306050101,2023,中山,5,1,1,2023-12-02,https://www.jra.go.jp/datafile/seiseki/report/2023/2023-5nakayama1.pdf,official_daily_result_pdf
202306050102,2023,中山,5,1,2,2023-12-02,https://www.jra.go.jp/datafile/seiseki/report/2023/2023-5nakayama1.pdf,official_daily_result_pdf
202306050103,2023,中山,5,1,3,2023-12-02,https://www.jra.go.jp/datafile/seiseki/report/2023/2023-5nakayama1.pdf,official_daily_result_pdf
202306050104,2023,中山,5,1,4,2023-12-02,https://www.jra.go.jp/datafile/seiseki/report/2023/2023-5nakayama1.pdf,official_daily_result_pdf
202306050105,2023,中山,5,1,5,2023-12-02,https://www.jra.go.jp/datafile/seiseki/report/2023/2023-5nakayama1.pdf,official_daily_result_pdf
202306050106,2023,中山,5,1,6,2023-12-02,https://www.jra.go.jp/datafile/seiseki/report/2023/2023-5nakayama1.pdf,official_daily_result_pdf
202306050107,2023,中山,5,1,7,2023-12-02,https://www.jra.go.jp/datafile/seiseki/report/2023/2023-5nakayama1.pdf,official_daily_result_pdf
202306050108,2023,中山,5,1,8,2023-12-02,https://www.jra.go.jp/datafile/seiseki/report/2023/2023-5nakayama1.pdf,official_daily_result_pdf
202306050109,2023,中山,5,1,9,2023-12-02,https://www.jra.go.jp/datafile/seiseki/report/2023/2023-5nakayama1.pdf,official_daily_result_pdf
202306050110,2023,中山,5,1,10,2023-12-02,https://www.jra.go.jp/datafile/seiseki/report/2023/2023-5nakayama1.pdf,official_daily_result_pdf
202306050111,2023,中山,5,1,11,2023-12-02,https://www.jra.go.jp/datafile/seiseki/report/2023/2023-5nakayama1.pdf,official_daily_result_pdf
202306050112,2023,中山,5,1,12,2023-12-02,https://www.jra.go.jp/datafile/seiseki/report/2023/2023-5nakayama1.pdf,official_daily_result_pdf
202306050201,2023,中山,5,2,1,2023-12-03,https://www.jra.go.jp/datafile/seiseki/report/2023/2023-5nakayama2.pdf,official_daily_result_pdf
202306050202,2023,中山,5,2,2,2023-12-03,https://www.jra.go.jp/datafile/seiseki/report/2023/2023-5nakayama2.pdf,official_daily_result_pdf
202306050203,2023,中山,5,2,3,2023-12-03,https://www.jra.go.jp/datafile/seiseki/report/2023/2023-5nakayama2.pdf,official_daily_result_pdf
202306050204,2023,中山,5,2,4,2023-12-03,https://www.jra.go.jp/datafile/seiseki/report/2023/2023-5nakayama2.pdf,official_daily_result_pdf
202306050205,2023,中山,5,2,5,2023-12-03,https://www.jra.go.jp/datafile/seiseki/report/2023/2023-5nakayama2.pdf,official_daily_result_pdf
202306050206,2023,中山,5,2,6,2023-12-03,https://www.jra.go.jp/datafile/seiseki/report/2023/2023-5nakayama2.pdf,official_daily_result_pdf
202306050207,2023,中山,5,2,7,2023-12-03,https://www.jra.go.jp/datafile/seiseki/report/2023/2023-5nakayama2.pdf,official_daily_result_pdf
202306050208,2023,中山,5,2,8,2023-12-03,https://www.jra.go.jp/datafile/seiseki/report/2023/2023-5nakayama2.pdf,official_daily_result_pdf
202306050209,2023,中山,5,2,9,2023-12-03,https://www.jra.go.jp/datafile/seiseki/report/2023/2023-5nakayama2.pdf,official_daily_result_pdf
202306050210,2023,中山,5,2,10,2023-12-03,https://www.jra.go.jp/datafile/seiseki/report/2023/2023-5nakayama2.pdf,official_daily_result_pdf
202306050211,2023,中山,5,2,11,2023-12-03,https://www.jra.go.jp/datafile/seiseki/report/2023/2023-5nakayama2.pdf,official_daily_result_pdf
202306050212,2023,中山,5,2,12,2023-12-03,https://www.jra.go.jp/datafile/seiseki/report/2023/2023-5nakayama2.pdf,official_daily_result_pdf
202306050301,2023,中山,5,3,1,2023-12-09,https://www.jra.go.jp/datafile/seiseki/report/2023/2023-5nakayama3.pdf,official_daily_result_pdf
202306050302,2023,中山,5,3,2,2023-12-09,https://www.jra.go.jp/datafile/seiseki/report/2023/2023-5nakayama3.pdf,official_daily_result_pdf
202306050303,2023,中山,5,3,3,2023-12-09,https://www.jra.go.jp/datafile/seiseki/report/2023/2023-5nakayama3.pdf,official_daily_result_pdf
202306050304,2023,中山,5,3,4,2023-12-09,https://www.jra.go.jp/datafile/seiseki/report/2023/2023-5nakayama3.pdf,official_daily_result_pdf
202306050305,2023,中山,5,3,5,2023-12-09,https://www.jra.go.jp/datafile/seiseki/report/2023/2023-5nakayama3.pdf,official_daily_result_pdf
202306050306,2023,中山,5,3,6,2023-12-09,https://www.jra.go.jp/datafile/seiseki/report/2023/2023-5nakayama3.pdf,official_daily_result_pdf
202306050307,2023,中山,5,3,7,2023-12-09,https://www.jra.go.jp/datafile/seiseki/report/2023/2023-5nakayama3.pdf,official_daily_result_pdf
202306050308,2023,中山,5,3,8,2023-12-09,https://www.jra.go.jp/datafile/seiseki/report/2023/2023-5nakayama3.pdf,official_daily_result_pdf
202306050309,2023,中山,5,3,9,2023-12-09,https://www.jra.go.jp/datafile/seiseki/report/2023/2023-5nakayama3.pdf,official_daily_result_pdf
202306050310,2023,中山,5,3,10,2023-12-09,https://www.jra.go.jp/datafile/seiseki/report/2023/2023-5nakayama3.pdf,official_daily_result_pdf
202306050311,2023,中山,5,3,11,2023-12-09,https://www.jra.go.jp/datafile/seiseki/report/2023/2023-5nakayama3.pdf,official_daily_result_pdf
202306050312,2023,中山,5,3,12,2023-12-09,https://www.jra.go.jp/datafile/seiseki/report/2023/2023-5nakayama3.pdf,official_daily_result_pdf
202306050401,2023,中山,5,4,1,2023-12-10,https://www.jra.go.jp/datafile/seiseki/report/2023/2023-5nakayama4.pdf,official_daily_result_pdf
202306050402,2023,中山,5,4,2,2023-12-10,https://www.jra.go.jp/datafile/seiseki/report/2023/2023-5nakayama4.pdf,official_daily_result_pdf
202306050403,2023,中山,5,4,3,2023-12-10,https://www.jra.go.jp/datafile/seiseki/report/2023/2023-5nakayama4.pdf,official_daily_result_pdf
202306050404,2023,中山,5,4,4,2023-12-10,https://www.jra.go.jp/datafile/seiseki/report/2023/2023-5nakayama4.pdf,official_daily_result_pdf
202306050405,2023,中山,5,4,5,2023-12-10,https://www.jra.go.jp/datafile/seiseki/report/2023/2023-5nakayama4.pdf,official_daily_result_pdf
202306050406,2023,中山,5,4,6,2023-12-10,https://www.jra.go.jp/datafile/seiseki/report/2023/2023-5nakayama4.pdf,official_daily_result_pdf
202306050407,2023,中山,5,4,7,2023-12-10,https://www.jra.go.jp/datafile/seiseki/report/2023/2023-5nakayama4.pdf,official_daily_result_pdf
202306050408,2023,中山,5,4,8,2023-12-10,https://www.jra.go.jp/datafile/seiseki/report/2023/2023-5nakayama4.pdf,official_daily_result_pdf
202306050409,2023,中山,5,4,9,2023-12-10,https://www.jra.go.jp/datafile/seiseki/report/2023/2023-5nakayama4.pdf,official_daily_result_pdf
202306050410,2023,中山,5,4,10,2023-12-10,https://www.jra.go.jp/datafile/seiseki/report/2023/2023-5nakayama4.pdf,official_daily_result_pdf
202306050411,2023,中山,5,4,11,2023-12-10,https://www.jra.go.jp/datafile/seiseki/report/2023/2023-5nakayama4.pdf,official_daily_result_pdf
202306050412,2023,中山,5,4,12,2023-12-10,https://www.jra.go.jp/datafile/seiseki/report/2023/2023-5nakayama4.pdf,official_daily_result_pdf
202306050501,2023,中山,5,5,1,2023-12-16,https://www.jra.go.jp/datafile/seiseki/report/2023/2023-5nakayama5.pdf,official_daily_result_pdf
202306050502,2023,中山,5,5,2,2023-12-16,https://www.jra.go.jp/datafile/seiseki/report/2023/2023-5nakayama5.pdf,official_daily_result_pdf
202306050503,2023,中山,5,5,3,2023-12-16,https://www.jra.go.jp/datafile/seiseki/report/2023/2023-5nakayama5.pdf,official_daily_result_pdf
202306050504,2023,中山,5,5,4,2023-12-16,https://www.jra.go.jp/datafile/seiseki/report/2023/2023-5nakayama5.pdf,official_daily_result_pdf
202306050505,2023,中山,5,5,5,2023-12-16,https://www.jra.go.jp/datafile/seiseki/report/2023/2023-5nakayama5.pdf,official_daily_result_pdf
202306050506,2023,中山,5,5,6,2023-12-16,https://www.jra.go.jp/datafile/seiseki/report/2023/2023-5nakayama5.pdf,official_daily_result_pdf
202306050507,2023,中山,5,5,7,2023-12-16,https://www.jra.go.jp/datafile/seiseki/report/2023/2023-5nakayama5.pdf,official_daily_result_pdf
202306050508,2023,中山,5,5,8,2023-12-16,https://www.jra.go.jp/datafile/seiseki/report/2023/2023-5nakayama5.pdf,official_daily_result_pdf
202306050509,2023,中山,5,5,9,2023-12-16,https://www.jra.go.jp/datafile/seiseki/report/2023/2023-5nakayama5.pdf,official_daily_result_pdf
202306050510,2023,中山,5,5,10,2023-12-16,https://www.jra.go.jp/datafile/seiseki/report/2023/2023-5nakayama5.pdf,official_daily_result_pdf
202306050511,2023,中山,5,5,11,2023-12-16,https://www.jra.go.jp/datafile/seiseki/report/2023/2023-5nakayama5.pdf,official_daily_result_pdf
202306050512,2023,中山,5,5,12,2023-12-16,https://www.jra.go.jp/datafile/seiseki/report/2023/2023-5nakayama5.pdf,official_daily_result_pdf
202306050601,2023,中山,5,6,1,2023-12-17,https://www.jra.go.jp/datafile/seiseki/report/2023/2023-5nakayama6.pdf,official_daily_result_pdf
202306050602,2023,中山,5,6,2,2023-12-17,https://www.jra.go.jp/datafile/seiseki/report/2023/2023-5nakayama6.pdf,official_daily_result_pdf
202306050603,2023,中山,5,6,3,2023-12-17,https://www.jra.go.jp/datafile/seiseki/report/2023/2023-5nakayama6.pdf,official_daily_result_pdf
202306050604,2023,中山,5,6,4,2023-12-17,https://www.jra.go.jp/datafile/seiseki/report/2023/2023-5nakayama6.pdf,official_daily_result_pdf
202306050605,2023,中山,5,6,5,2023-12-17,https://www.jra.go.jp/datafile/seiseki/report/2023/2023-5nakayama6.pdf,official_daily_result_pdf
202306050606,2023,中山,5,6,6,2023-12-17,https://www.jra.go.jp/datafile/seiseki/report/2023/2023-5nakayama6.pdf,official_daily_result_pdf
202306050607,2023,中山,5,6,7,2023-12-17,https://www.jra.go.jp/datafile/seiseki/report/2023/2023-5nakayama6.pdf,official_daily_result_pdf
202306050608,2023,中山,5,6,8,2023-12-17,https://www.jra.go.jp/datafile/seiseki/report/2023/2023-5nakayama6.pdf,official_daily_result_pdf
202306050609,2023,中山,5,6,9,2023-12-17,https://www.jra.go.jp/datafile/seiseki/report/2023/2023-5nakayama6.pdf,official_daily_result_pdf
202306050610,2023,中山,5,6,10,2023-12-17,https://www.jra.go.jp/datafile/seiseki/report/2023/2023-5nakayama6.pdf,official_daily_result_pdf
202306050611,2023,中山,5,6,11,2023-12-17,https://www.jra.go.jp/datafile/seiseki/report/2023/2023-5nakayama6.pdf,official_daily_result_pdf
202306050612,2023,中山,5,6,12,2023-12-17,https://www.jra.go.jp/datafile/seiseki/report/2023/2023-5nakayama6.pdf,official_daily_result_pdf
202306050701,2023,中山,5,7,1,2023-12-23,https://www.jra.go.jp/datafile/seiseki/report/2023/2023-5nakayama7.pdf,official_daily_result_pdf
202306050702,2023,中山,5,7,2,2023-12-23,https://www.jra.go.jp/datafile/seiseki/report/2023/2023-5nakayama7.pdf,official_daily_result_pdf
202306050703,2023,中山,5,7,3,2023-12-23,https://www.jra.go.jp/datafile/seiseki/report/2023/2023-5nakayama7.pdf,official_daily_result_pdf
202306050704,2023,中山,5,7,4,2023-12-23,https://www.jra.go.jp/datafile/seiseki/report/2023/2023-5nakayama7.pdf,official_daily_result_pdf
202306050705,2023,中山,5,7,5,2023-12-23,https://www.jra.go.jp/datafile/seiseki/report/2023/2023-5nakayama7.pdf,official_daily_result_pdf
202306050706,2023,中山,5,7,6,2023-12-23,https://www.jra.go.jp/datafile/seiseki/report/2023/2023-5nakayama7.pdf,official_daily_result_pdf
202306050707,2023,中山,5,7,7,2023-12-23,https://www.jra.go.jp/datafile/seiseki/report/2023/2023-5nakayama7.pdf,official_daily_result_pdf
202306050708,2023,中山,5,7,8,2023-12-23,https://www.jra.go.jp/datafile/seiseki/report/2023/2023-5nakayama7.pdf,official_daily_result_pdf
202306050709,2023,中山,5,7,9,2023-12-23,https://www.jra.go.jp/datafile/seiseki/report/2023/2023-5nakayama7.pdf,official_daily_result_pdf
202306050710,2023,中山,5,7,10,2023-12-23,https://www.jra.go.jp/datafile/seiseki/report/2023/2023-5nakayama7.pdf,official_daily_result_pdf
202306050711,2023,中山,5,7,11,2023-12-23,https://www.jra.go.jp/datafile/seiseki/report/2023/2023-5nakayama7.pdf,official_daily_result_pdf
202306050712,2023,中山,5,7,12,2023-12-23,https://www.jra.go.jp/datafile/seiseki/report/2023/2023-5nakayama7.pdf,official_daily_result_pdf
202306050801,2023,中山,5,8,1,2023-12-24,https://www.jra.go.jp/datafile/seiseki/report/2023/2023-5nakayama8.pdf,official_daily_result_pdf
202306050802,2023,中山,5,8,2,2023-12-24,https://www.jra.go.jp/datafile/seiseki/report/2023/2023-5nakayama8.pdf,official_daily_result_pdf
202306050803,2023,中山,5,8,3,2023-12-24,https://www.jra.go.jp/datafile/seiseki/report/2023/2023-5nakayama8.pdf,official_daily_result_pdf
202306050804,2023,中山,5,8,4,2023-12-24,https://www.jra.go.jp/datafile/seiseki/report/2023/2023-5nakayama8.pdf,official_daily_result_pdf
202306050805,2023,中山,5,8,5,2023-12-24,https://www.jra.go.jp/datafile/seiseki/report/2023/2023-5nakayama8.pdf,official_daily_result_pdf
202306050806,2023,中山,5,8,6,2023-12-24,https://www.jra.go.jp/datafile/seiseki/report/2023/2023-5nakayama8.pdf,official_daily_result_pdf
202306050807,2023,中山,5,8,7,2023-12-24,https://www.jra.go.jp/datafile/seiseki/report/2023/2023-5nakayama8.pdf,official_daily_result_pdf
202306050808,2023,中山,5,8,8,2023-12-24,https://www.jra.go.jp/datafile/seiseki/report/2023/2023-5nakayama8.pdf,official_daily_result_pdf
202306050809,2023,中山,5,8,9,2023-12-24,https://www.jra.go.jp/datafile/seiseki/report/2023/2023-5nakayama8.pdf,official_daily_result_pdf
202306050810,2023,中山,5,8,10,2023-12-24,https://www.jra.go.jp/datafile/seiseki/report/2023/2023-5nakayama8.pdf,official_daily_result_pdf
202306050811,2023,中山,5,8,11,2023-12-24,https://www.jra.go.jp/datafile/seiseki/report/2023/2023-5nakayama8.pdf,official_daily_result_pdf
202306050812,2023,中山,5,8,12,2023-12-24,https://www.jra.go.jp/datafile/seiseki/report/2023/2023-5nakayama8.pdf,official_daily_result_pdf
202306050901,2023,中山,5,9,1,2023-12-28,https://www.jra.go.jp/datafile/seiseki/report/2023/2023-5nakayama9.pdf,official_daily_result_pdf
202306050902,2023,中山,5,9,2,2023-12-28,https://www.jra.go.jp/datafile/seiseki/report/2023/2023-5nakayama9.pdf,official_daily_result_pdf
202306050903,2023,中山,5,9,3,2023-12-28,https://www.jra.go.jp/datafile/seiseki/report/2023/2023-5nakayama9.pdf,official_daily_result_pdf
202306050904,2023,中山,5,9,4,2023-12-28,https://www.jra.go.jp/datafile/seiseki/report/2023/2023-5nakayama9.pdf,official_daily_result_pdf
202306050905,2023,中山,5,9,5,2023-12-28,https://www.jra.go.jp/datafile/seiseki/report/2023/2023-5nakayama9.pdf,official_daily_result_pdf
202306050906,2023,中山,5,9,6,2023-12-28,https://www.jra.go.jp/datafile/seiseki/report/2023/2023-5nakayama9.pdf,official_daily_result_pdf
202306050907,2023,中山,5,9,7,2023-12-28,https://www.jra.go.jp/datafile/seiseki/report/2023/2023-5nakayama9.pdf,official_daily_result_pdf
202306050908,2023,中山,5,9,8,2023-12-28,https://www.jra.go.jp/datafile/seiseki/report/2023/2023-5nakayama9.pdf,official_daily_result_pdf
202306050909,2023,中山,5,9,9,2023-12-28,https://www.jra.go.jp/datafile/seiseki/report/2023/2023-5nakayama9.pdf,official_daily_result_pdf
202306050910,2023,中山,5,9,10,2023-12-28,https://www.jra.go.jp/datafile/seiseki/report/2023/2023-5nakayama9.pdf,official_daily_result_pdf
202306050911,2023,中山,5,9,11,2023-12-28,https://www.jra.go.jp/datafile/seiseki/report/2023/2023-5nakayama9.pdf,official_daily_result_pdf
202306050912,2023,中山,5,9,12,2023-12-28,https://www.jra.go.jp/datafile/seiseki/report/2023/2023-5nakayama9.pdf,official_daily_result_pdf
202307010101,2023,中京,1,1,1,2023-01-05,https://www.jra.go.jp/datafile/seiseki/report/2023/2023-1chukyo1.pdf,official_daily_result_pdf
202307010102,2023,中京,1,1,2,2023-01-05,https://www.jra.go.jp/datafile/seiseki/report/2023/2023-1chukyo1.pdf,official_daily_result_pdf
202307010103,2023,中京,1,1,3,2023-01-05,https://www.jra.go.jp/datafile/seiseki/report/2023/2023-1chukyo1.pdf,official_daily_result_pdf
202307010104,2023,中京,1,1,4,2023-01-05,https://www.jra.go.jp/datafile/seiseki/report/2023/2023-1chukyo1.pdf,official_daily_result_pdf
202307010105,2023,中京,1,1,5,2023-01-05,https://www.jra.go.jp/datafile/seiseki/report/2023/2023-1chukyo1.pdf,official_daily_result_pdf
202307010106,2023,中京,1,1,6,2023-01-05,https://www.jra.go.jp/datafile/seiseki/report/2023/2023-1chukyo1.pdf,official_daily_result_pdf
202307010107,2023,中京,1,1,7,2023-01-05,https://www.jra.go.jp/datafile/seiseki/report/2023/2023-1chukyo1.pdf,official_daily_result_pdf
202307010108,2023,中京,1,1,8,2023-01-05,https://www.jra.go.jp/datafile/seiseki/report/2023/2023-1chukyo1.pdf,official_daily_result_pdf
202307010109,2023,中京,1,1,9,2023-01-05,https://www.jra.go.jp/datafile/seiseki/report/2023/2023-1chukyo1.pdf,official_daily_result_pdf
202307010110,2023,中京,1,1,10,2023-01-05,https://www.jra.go.jp/datafile/seiseki/report/2023/2023-1chukyo1.pdf,official_daily_result_pdf
202307010111,2023,中京,1,1,11,2023-01-05,https://www.jra.go.jp/datafile/seiseki/report/2023/2023-1chukyo1.pdf,official_daily_result_pdf
202307010112,2023,中京,1,1,12,2023-01-05,https://www.jra.go.jp/datafile/seiseki/report/2023/2023-1chukyo1.pdf,official_daily_result_pdf
202307010201,2023,中京,1,2,1,2023-01-07,https://www.jra.go.jp/datafile/seiseki/report/2023/2023-1chukyo2.pdf,official_daily_result_pdf
202307010202,2023,中京,1,2,2,2023-01-07,https://www.jra.go.jp/datafile/seiseki/report/2023/2023-1chukyo2.pdf,official_daily_result_pdf
202307010203,2023,中京,1,2,3,2023-01-07,https://www.jra.go.jp/datafile/seiseki/report/2023/2023-1chukyo2.pdf,official_daily_result_pdf
202307010204,2023,中京,1,2,4,2023-01-07,https://www.jra.go.jp/datafile/seiseki/report/2023/2023-1chukyo2.pdf,official_daily_result_pdf
202307010205,2023,中京,1,2,5,2023-01-07,https://www.jra.go.jp/datafile/seiseki/report/2023/2023-1chukyo2.pdf,official_daily_result_pdf
202307010206,2023,中京,1,2,6,2023-01-07,https://www.jra.go.jp/datafile/seiseki/report/2023/2023-1chukyo2.pdf,official_daily_result_pdf
202307010207,2023,中京,1,2,7,2023-01-07,https://www.jra.go.jp/datafile/seiseki/report/2023/2023-1chukyo2.pdf,official_daily_result_pdf
202307010208,2023,中京,1,2,8,2023-01-07,https://www.jra.go.jp/datafile/seiseki/report/2023/2023-1chukyo2.pdf,official_daily_result_pdf
202307010209,2023,中京,1,2,9,2023-01-07,https://www.jra.go.jp/datafile/seiseki/report/2023/2023-1chukyo2.pdf,official_daily_result_pdf
202307010210,2023,中京,1,2,10,2023-01-07,https://www.jra.go.jp/datafile/seiseki/report/2023/2023-1chukyo2.pdf,official_daily_result_pdf
202307010211,2023,中京,1,2,11,2023-01-07,https://www.jra.go.jp/datafile/seiseki/report/2023/2023-1chukyo2.pdf,official_daily_result_pdf
202307010212,2023,中京,1,2,12,2023-01-07,https://www.jra.go.jp/datafile/seiseki/report/2023/2023-1chukyo2.pdf,official_daily_result_pdf
202307010301,2023,中京,1,3,1,2023-01-08,https://www.jra.go.jp/datafile/seiseki/report/2023/2023-1chukyo3.pdf,official_daily_result_pdf
202307010302,2023,中京,1,3,2,2023-01-08,https://www.jra.go.jp/datafile/seiseki/report/2023/2023-1chukyo3.pdf,official_daily_result_pdf
202307010303,2023,中京,1,3,3,2023-01-08,https://www.jra.go.jp/datafile/seiseki/report/2023/2023-1chukyo3.pdf,official_daily_result_pdf
202307010304,2023,中京,1,3,4,2023-01-08,https://www.jra.go.jp/datafile/seiseki/report/2023/2023-1chukyo3.pdf,official_daily_result_pdf
202307010305,2023,中京,1,3,5,2023-01-08,https://www.jra.go.jp/datafile/seiseki/report/2023/2023-1chukyo3.pdf,official_daily_result_pdf
202307010306,2023,中京,1,3,6,2023-01-08,https://www.jra.go.jp/datafile/seiseki/report/2023/2023-1chukyo3.pdf,official_daily_result_pdf
202307010307,2023,中京,1,3,7,2023-01-08,https://www.jra.go.jp/datafile/seiseki/report/2023/2023-1chukyo3.pdf,official_daily_result_pdf
202307010308,2023,中京,1,3,8,2023-01-08,https://www.jra.go.jp/datafile/seiseki/report/2023/2023-1chukyo3.pdf,official_daily_result_pdf
202307010309,2023,中京,1,3,9,2023-01-08,https://www.jra.go.jp/datafile/seiseki/report/2023/2023-1chukyo3.pdf,official_daily_result_pdf
202307010310,2023,中京,1,3,10,2023-01-08,https://www.jra.go.jp/datafile/seiseki/report/2023/2023-1chukyo3.pdf,official_daily_result_pdf
202307010311,2023,中京,1,3,11,2023-01-08,https://www.jra.go.jp/datafile/seiseki/report/2023/2023-1chukyo3.pdf,official_daily_result_pdf
202307010312,2023,中京,1,3,12,2023-01-08,https://www.jra.go.jp/datafile/seiseki/report/2023/2023-1chukyo3.pdf,official_daily_result_pdf
202307010401,2023,中京,1,4,1,2023-01-09,https://www.jra.go.jp/datafile/seiseki/report/2023/2023-1chukyo4.pdf,official_daily_result_pdf
202307010402,2023,中京,1,4,2,2023-01-09,https://www.jra.go.jp/datafile/seiseki/report/2023/2023-1chukyo4.pdf,official_daily_result_pdf
202307010403,2023,中京,1,4,3,2023-01-09,https://www.jra.go.jp/datafile/seiseki/report/2023/2023-1chukyo4.pdf,official_daily_result_pdf
202307010404,2023,中京,1,4,4,2023-01-09,https://www.jra.go.jp/datafile/seiseki/report/2023/2023-1chukyo4.pdf,official_daily_result_pdf
202307010405,2023,中京,1,4,5,2023-01-09,https://www.jra.go.jp/datafile/seiseki/report/2023/2023-1chukyo4.pdf,official_daily_result_pdf
202307010406,2023,中京,1,4,6,2023-01-09,https://www.jra.go.jp/datafile/seiseki/report/2023/2023-1chukyo4.pdf,official_daily_result_pdf
202307010407,2023,中京,1,4,7,2023-01-09,https://www.jra.go.jp/datafile/seiseki/report/2023/2023-1chukyo4.pdf,official_daily_result_pdf
202307010408,2023,中京,1,4,8,2023-01-09,https://www.jra.go.jp/datafile/seiseki/report/2023/2023-1chukyo4.pdf,official_daily_result_pdf
202307010409,2023,中京,1,4,9,2023-01-09,https://www.jra.go.jp/datafile/seiseki/report/2023/2023-1chukyo4.pdf,official_daily_result_pdf
202307010410,2023,中京,1,4,10,2023-01-09,https://www.jra.go.jp/datafile/seiseki/report/2023/2023-1chukyo4.pdf,official_daily_result_pdf
202307010411,2023,中京,1,4,11,2023-01-09,https://www.jra.go.jp/datafile/seiseki/report/2023/2023-1chukyo4.pdf,official_daily_result_pdf
202307010412,2023,中京,1,4,12,2023-01-09,https://www.jra.go.jp/datafile/seiseki/report/2023/2023-1chukyo4.pdf,official_daily_result_pdf
202307010501,2023,中京,1,5,1,2023-01-14,https://www.jra.go.jp/datafile/seiseki/report/2023/2023-1chukyo5.pdf,official_daily_result_pdf
202307010502,2023,中京,1,5,2,2023-01-14,https://www.jra.go.jp/datafile/seiseki/report/2023/2023-1chukyo5.pdf,official_daily_result_pdf
202307010503,2023,中京,1,5,3,2023-01-14,https://www.jra.go.jp/datafile/seiseki/report/2023/2023-1chukyo5.pdf,official_daily_result_pdf
202307010504,2023,中京,1,5,4,2023-01-14,https://www.jra.go.jp/datafile/seiseki/report/2023/2023-1chukyo5.pdf,official_daily_result_pdf
202307010505,2023,中京,1,5,5,2023-01-14,https://www.jra.go.jp/datafile/seiseki/report/2023/2023-1chukyo5.pdf,official_daily_result_pdf
202307010506,2023,中京,1,5,6,2023-01-14,https://www.jra.go.jp/datafile/seiseki/report/2023/2023-1chukyo5.pdf,official_daily_result_pdf
202307010507,2023,中京,1,5,7,2023-01-14,https://www.jra.go.jp/datafile/seiseki/report/2023/2023-1chukyo5.pdf,official_daily_result_pdf
202307010508,2023,中京,1,5,8,2023-01-14,https://www.jra.go.jp/datafile/seiseki/report/2023/2023-1chukyo5.pdf,official_daily_result_pdf
202307010509,2023,中京,1,5,9,2023-01-14,https://www.jra.go.jp/datafile/seiseki/report/2023/2023-1chukyo5.pdf,official_daily_result_pdf
202307010510,2023,中京,1,5,10,2023-01-14,https://www.jra.go.jp/datafile/seiseki/report/2023/2023-1chukyo5.pdf,official_daily_result_pdf
202307010511,2023,中京,1,5,11,2023-01-14,https://www.jra.go.jp/datafile/seiseki/report/2023/2023-1chukyo5.pdf,official_daily_result_pdf
202307010512,2023,中京,1,5,12,2023-01-14,https://www.jra.go.jp/datafile/seiseki/report/2023/2023-1chukyo5.pdf,official_daily_result_pdf
202307010601,2023,中京,1,6,1,2023-01-15,https://www.jra.go.jp/datafile/seiseki/report/2023/2023-1chukyo6.pdf,official_daily_result_pdf
202307010602,2023,中京,1,6,2,2023-01-15,https://www.jra.go.jp/datafile/seiseki/report/2023/2023-1chukyo6.pdf,official_daily_result_pdf
202307010603,2023,中京,1,6,3,2023-01-15,https://www.jra.go.jp/datafile/seiseki/report/2023/2023-1chukyo6.pdf,official_daily_result_pdf
202307010604,2023,中京,1,6,4,2023-01-15,https://www.jra.go.jp/datafile/seiseki/report/2023/2023-1chukyo6.pdf,official_daily_result_pdf
202307010605,2023,中京,1,6,5,2023-01-15,https://www.jra.go.jp/datafile/seiseki/report/2023/2023-1chukyo6.pdf,official_daily_result_pdf
202307010606,2023,中京,1,6,6,2023-01-15,https://www.jra.go.jp/datafile/seiseki/report/2023/2023-1chukyo6.pdf,official_daily_result_pdf
202307010607,2023,中京,1,6,7,2023-01-15,https://www.jra.go.jp/datafile/seiseki/report/2023/2023-1chukyo6.pdf,official_daily_result_pdf
202307010608,2023,中京,1,6,8,2023-01-15,https://www.jra.go.jp/datafile/seiseki/report/2023/2023-1chukyo6.pdf,official_daily_result_pdf
202307010609,2023,中京,1,6,9,2023-01-15,https://www.jra.go.jp/datafile/seiseki/report/2023/2023-1chukyo6.pdf,official_daily_result_pdf
202307010610,2023,中京,1,6,10,2023-01-15,https://www.jra.go.jp/datafile/seiseki/report/2023/2023-1chukyo6.pdf,official_daily_result_pdf
202307010611,2023,中京,1,6,11,2023-01-15,https://www.jra.go.jp/datafile/seiseki/report/2023/2023-1chukyo6.pdf,official_daily_result_pdf
202307010612,2023,中京,1,6,12,2023-01-15,https://www.jra.go.jp/datafile/seiseki/report/2023/2023-1chukyo6.pdf,official_daily_result_pdf
202307010701,2023,中京,1,7,1,2023-01-21,https://www.jra.go.jp/datafile/seiseki/report/2023/2023-1chukyo7.pdf,official_daily_result_pdf
202307010702,2023,中京,1,7,2,2023-01-21,https://www.jra.go.jp/datafile/seiseki/report/2023/2023-1chukyo7.pdf,official_daily_result_pdf
202307010703,2023,中京,1,7,3,2023-01-21,https://www.jra.go.jp/datafile/seiseki/report/2023/2023-1chukyo7.pdf,official_daily_result_pdf
202307010704,2023,中京,1,7,4,2023-01-21,https://www.jra.go.jp/datafile/seiseki/report/2023/2023-1chukyo7.pdf,official_daily_result_pdf
202307010705,2023,中京,1,7,5,2023-01-21,https://www.jra.go.jp/datafile/seiseki/report/2023/2023-1chukyo7.pdf,official_daily_result_pdf
202307010706,2023,中京,1,7,6,2023-01-21,https://www.jra.go.jp/datafile/seiseki/report/2023/2023-1chukyo7.pdf,official_daily_result_pdf
202307010707,2023,中京,1,7,7,2023-01-21,https://www.jra.go.jp/datafile/seiseki/report/2023/2023-1chukyo7.pdf,official_daily_result_pdf
202307010708,2023,中京,1,7,8,2023-01-21,https://www.jra.go.jp/datafile/seiseki/report/2023/2023-1chukyo7.pdf,official_daily_result_pdf
202307010709,2023,中京,1,7,9,2023-01-21,https://www.jra.go.jp/datafile/seiseki/report/2023/2023-1chukyo7.pdf,official_daily_result_pdf
202307010710,2023,中京,1,7,10,2023-01-21,https://www.jra.go.jp/datafile/seiseki/report/2023/2023-1chukyo7.pdf,official_daily_result_pdf
202307010711,2023,中京,1,7,11,2023-01-21,https://www.jra.go.jp/datafile/seiseki/report/2023/2023-1chukyo7.pdf,official_daily_result_pdf
202307010712,2023,中京,1,7,12,2023-01-21,https://www.jra.go.jp/datafile/seiseki/report/2023/2023-1chukyo7.pdf,official_daily_result_pdf
202307010801,2023,中京,1,8,1,2023-01-22,https://www.jra.go.jp/datafile/seiseki/report/2023/2023-1chukyo8.pdf,official_daily_result_pdf
202307010802,2023,中京,1,8,2,2023-01-22,https://www.jra.go.jp/datafile/seiseki/report/2023/2023-1chukyo8.pdf,official_daily_result_pdf
202307010803,2023,中京,1,8,3,2023-01-22,https://www.jra.go.jp/datafile/seiseki/report/2023/2023-1chukyo8.pdf,official_daily_result_pdf
202307010804,2023,中京,1,8,4,2023-01-22,https://www.jra.go.jp/datafile/seiseki/report/2023/2023-1chukyo8.pdf,official_daily_result_pdf
202307010805,2023,中京,1,8,5,2023-01-22,https://www.jra.go.jp/datafile/seiseki/report/2023/2023-1chukyo8.pdf,official_daily_result_pdf
202307010806,2023,中京,1,8,6,2023-01-22,https://www.jra.go.jp/datafile/seiseki/report/2023/2023-1chukyo8.pdf,official_daily_result_pdf
202307010807,2023,中京,1,8,7,2023-01-22,https://www.jra.go.jp/datafile/seiseki/report/2023/2023-1chukyo8.pdf,official_daily_result_pdf
202307010808,2023,中京,1,8,8,2023-01-22,https://www.jra.go.jp/datafile/seiseki/report/2023/2023-1chukyo8.pdf,official_daily_result_pdf
202307010809,2023,中京,1,8,9,2023-01-22,https://www.jra.go.jp/datafile/seiseki/report/2023/2023-1chukyo8.pdf,official_daily_result_pdf
202307010810,2023,中京,1,8,10,2023-01-22,https://www.jra.go.jp/datafile/seiseki/report/2023/2023-1chukyo8.pdf,official_daily_result_pdf
202307010811,2023,中京,1,8,11,2023-01-22,https://www.jra.go.jp/datafile/seiseki/report/2023/2023-1chukyo8.pdf,official_daily_result_pdf
202307010812,2023,中京,1,8,12,2023-01-22,https://www.jra.go.jp/datafile/seiseki/report/2023/2023-1chukyo8.pdf,official_daily_result_pdf
202307010901,2023,中京,1,9,1,2023-01-28,https://www.jra.go.jp/datafile/seiseki/report/2023/2023-1chukyo9.pdf,official_daily_result_pdf
202307010902,2023,中京,1,9,2,2023-01-28,https://www.jra.go.jp/datafile/seiseki/report/2023/2023-1chukyo9.pdf,official_daily_result_pdf
202307010903,2023,中京,1,9,3,2023-01-28,https://www.jra.go.jp/datafile/seiseki/report/2023/2023-1chukyo9.pdf,official_daily_result_pdf
202307010904,2023,中京,1,9,4,2023-01-28,https://www.jra.go.jp/datafile/seiseki/report/2023/2023-1chukyo9.pdf,official_daily_result_pdf
202307010905,2023,中京,1,9,5,2023-01-28,https://www.jra.go.jp/datafile/seiseki/report/2023/2023-1chukyo9.pdf,official_daily_result_pdf
202307010906,2023,中京,1,9,6,2023-01-28,https://www.jra.go.jp/datafile/seiseki/report/2023/2023-1chukyo9.pdf,official_daily_result_pdf
202307010907,2023,中京,1,9,7,2023-01-28,https://www.jra.go.jp/datafile/seiseki/report/2023/2023-1chukyo9.pdf,official_daily_result_pdf
202307010908,2023,中京,1,9,8,2023-01-28,https://www.jra.go.jp/datafile/seiseki/report/2023/2023-1chukyo9.pdf,official_daily_result_pdf
202307010909,2023,中京,1,9,9,2023-01-28,https://www.jra.go.jp/datafile/seiseki/report/2023/2023-1chukyo9.pdf,official_daily_result_pdf
202307010910,2023,中京,1,9,10,2023-01-28,https://www.jra.go.jp/datafile/seiseki/report/2023/2023-1chukyo9.pdf,official_daily_result_pdf
202307010911,2023,中京,1,9,11,2023-01-28,https://www.jra.go.jp/datafile/seiseki/report/2023/2023-1chukyo9.pdf,official_daily_result_pdf
202307010912,2023,中京,1,9,12,2023-01-28,https://www.jra.go.jp/datafile/seiseki/report/2023/2023-1chukyo9.pdf,official_daily_result_pdf
202307011001,2023,中京,1,10,1,2023-01-29,https://www.jra.go.jp/datafile/seiseki/report/2023/2023-1chukyo10.pdf,official_daily_result_pdf
202307011002,2023,中京,1,10,2,2023-01-29,https://www.jra.go.jp/datafile/seiseki/report/2023/2023-1chukyo10.pdf,official_daily_result_pdf
202307011003,2023,中京,1,10,3,2023-01-29,https://www.jra.go.jp/datafile/seiseki/report/2023/2023-1chukyo10.pdf,official_daily_result_pdf
202307011004,2023,中京,1,10,4,2023-01-29,https://www.jra.go.jp/datafile/seiseki/report/2023/2023-1chukyo10.pdf,official_daily_result_pdf
202307011005,2023,中京,1,10,5,2023-01-29,https://www.jra.go.jp/datafile/seiseki/report/2023/2023-1chukyo10.pdf,official_daily_result_pdf
202307011006,2023,中京,1,10,6,2023-01-29,https://www.jra.go.jp/datafile/seiseki/report/2023/2023-1chukyo10.pdf,official_daily_result_pdf
202307011007,2023,中京,1,10,7,2023-01-29,https://www.jra.go.jp/datafile/seiseki/report/2023/2023-1chukyo10.pdf,official_daily_result_pdf
202307011008,2023,中京,1,10,8,2023-01-29,https://www.jra.go.jp/datafile/seiseki/report/2023/2023-1chukyo10.pdf,official_daily_result_pdf
202307011009,2023,中京,1,10,9,2023-01-29,https://www.jra.go.jp/datafile/seiseki/report/2023/2023-1chukyo10.pdf,official_daily_result_pdf
202307011010,2023,中京,1,10,10,2023-01-29,https://www.jra.go.jp/datafile/seiseki/report/2023/2023-1chukyo10.pdf,official_daily_result_pdf
202307011011,2023,中京,1,10,11,2023-01-29,https://www.jra.go.jp/datafile/seiseki/report/2023/2023-1chukyo10.pdf,official_daily_result_pdf
202307011012,2023,中京,1,10,12,2023-01-29,https://www.jra.go.jp/datafile/seiseki/report/2023/2023-1chukyo10.pdf,official_daily_result_pdf
202307011101,2023,中京,1,11,1,2023-02-04,https://www.jra.go.jp/datafile/seiseki/report/2023/2023-1chukyo11.pdf,official_daily_result_pdf
202307011102,2023,中京,1,11,2,2023-02-04,https://www.jra.go.jp/datafile/seiseki/report/2023/2023-1chukyo11.pdf,official_daily_result_pdf
202307011103,2023,中京,1,11,3,2023-02-04,https://www.jra.go.jp/datafile/seiseki/report/2023/2023-1chukyo11.pdf,official_daily_result_pdf
202307011104,2023,中京,1,11,4,2023-02-04,https://www.jra.go.jp/datafile/seiseki/report/2023/2023-1chukyo11.pdf,official_daily_result_pdf
202307011105,2023,中京,1,11,5,2023-02-04,https://www.jra.go.jp/datafile/seiseki/report/2023/2023-1chukyo11.pdf,official_daily_result_pdf
202307011106,2023,中京,1,11,6,2023-02-04,https://www.jra.go.jp/datafile/seiseki/report/2023/2023-1chukyo11.pdf,official_daily_result_pdf
202307011107,2023,中京,1,11,7,2023-02-04,https://www.jra.go.jp/datafile/seiseki/report/2023/2023-1chukyo11.pdf,official_daily_result_pdf
202307011108,2023,中京,1,11,8,2023-02-04,https://www.jra.go.jp/datafile/seiseki/report/2023/2023-1chukyo11.pdf,official_daily_result_pdf
202307011109,2023,中京,1,11,9,2023-02-04,https://www.jra.go.jp/datafile/seiseki/report/2023/2023-1chukyo11.pdf,official_daily_result_pdf
202307011110,2023,中京,1,11,10,2023-02-04,https://www.jra.go.jp/datafile/seiseki/report/2023/2023-1chukyo11.pdf,official_daily_result_pdf
202307011111,2023,中京,1,11,11,2023-02-04,https://www.jra.go.jp/datafile/seiseki/report/2023/2023-1chukyo11.pdf,official_daily_result_pdf
202307011112,2023,中京,1,11,12,2023-02-04,https://www.jra.go.jp/datafile/seiseki/report/2023/2023-1chukyo11.pdf,official_daily_result_pdf
202307011201,2023,中京,1,12,1,2023-02-05,https://www.jra.go.jp/datafile/seiseki/report/2023/2023-1chukyo12.pdf,official_daily_result_pdf
202307011202,2023,中京,1,12,2,2023-02-05,https://www.jra.go.jp/datafile/seiseki/report/2023/2023-1chukyo12.pdf,official_daily_result_pdf
202307011203,2023,中京,1,12,3,2023-02-05,https://www.jra.go.jp/datafile/seiseki/report/2023/2023-1chukyo12.pdf,official_daily_result_pdf
202307011204,2023,中京,1,12,4,2023-02-05,https://www.jra.go.jp/datafile/seiseki/report/2023/2023-1chukyo12.pdf,official_daily_result_pdf
202307011205,2023,中京,1,12,5,2023-02-05,https://www.jra.go.jp/datafile/seiseki/report/2023/2023-1chukyo12.pdf,official_daily_result_pdf
202307011206,2023,中京,1,12,6,2023-02-05,https://www.jra.go.jp/datafile/seiseki/report/2023/2023-1chukyo12.pdf,official_daily_result_pdf
202307011207,2023,中京,1,12,7,2023-02-05,https://www.jra.go.jp/datafile/seiseki/report/2023/2023-1chukyo12.pdf,official_daily_result_pdf
202307011208,2023,中京,1,12,8,2023-02-05,https://www.jra.go.jp/datafile/seiseki/report/2023/2023-1chukyo12.pdf,official_daily_result_pdf
202307011209,2023,中京,1,12,9,2023-02-05,https://www.jra.go.jp/datafile/seiseki/report/2023/2023-1chukyo12.pdf,official_daily_result_pdf
202307011210,2023,中京,1,12,10,2023-02-05,https://www.jra.go.jp/datafile/seiseki/report/2023/2023-1chukyo12.pdf,official_daily_result_pdf
202307011211,2023,中京,1,12,11,2023-02-05,https://www.jra.go.jp/datafile/seiseki/report/2023/2023-1chukyo12.pdf,official_daily_result_pdf
202307011212,2023,中京,1,12,12,2023-02-05,https://www.jra.go.jp/datafile/seiseki/report/2023/2023-1chukyo12.pdf,official_daily_result_pdf
202307020101,2023,中京,2,1,1,2023-03-11,https://www.jra.go.jp/datafile/seiseki/report/2023/2023-2chukyo1.pdf,official_daily_result_pdf
202307020102,2023,中京,2,1,2,2023-03-11,https://www.jra.go.jp/datafile/seiseki/report/2023/2023-2chukyo1.pdf,official_daily_result_pdf
202307020103,2023,中京,2,1,3,2023-03-11,https://www.jra.go.jp/datafile/seiseki/report/2023/2023-2chukyo1.pdf,official_daily_result_pdf
202307020104,2023,中京,2,1,4,2023-03-11,https://www.jra.go.jp/datafile/seiseki/report/2023/2023-2chukyo1.pdf,official_daily_result_pdf
202307020105,2023,中京,2,1,5,2023-03-11,https://www.jra.go.jp/datafile/seiseki/report/2023/2023-2chukyo1.pdf,official_daily_result_pdf
202307020106,2023,中京,2,1,6,2023-03-11,https://www.jra.go.jp/datafile/seiseki/report/2023/2023-2chukyo1.pdf,official_daily_result_pdf
202307020107,2023,中京,2,1,7,2023-03-11,https://www.jra.go.jp/datafile/seiseki/report/2023/2023-2chukyo1.pdf,official_daily_result_pdf
202307020108,2023,中京,2,1,8,2023-03-11,https://www.jra.go.jp/datafile/seiseki/report/2023/2023-2chukyo1.pdf,official_daily_result_pdf
202307020109,2023,中京,2,1,9,2023-03-11,https://www.jra.go.jp/datafile/seiseki/report/2023/2023-2chukyo1.pdf,official_daily_result_pdf
202307020110,2023,中京,2,1,10,2023-03-11,https://www.jra.go.jp/datafile/seiseki/report/2023/2023-2chukyo1.pdf,official_daily_result_pdf
202307020111,2023,中京,2,1,11,2023-03-11,https://www.jra.go.jp/datafile/seiseki/report/2023/2023-2chukyo1.pdf,official_daily_result_pdf
202307020112,2023,中京,2,1,12,2023-03-11,https://www.jra.go.jp/datafile/seiseki/report/2023/2023-2chukyo1.pdf,official_daily_result_pdf
202307020201,2023,中京,2,2,1,2023-03-12,https://www.jra.go.jp/datafile/seiseki/report/2023/2023-2chukyo2.pdf,official_daily_result_pdf
202307020202,2023,中京,2,2,2,2023-03-12,https://www.jra.go.jp/datafile/seiseki/report/2023/2023-2chukyo2.pdf,official_daily_result_pdf
202307020203,2023,中京,2,2,3,2023-03-12,https://www.jra.go.jp/datafile/seiseki/report/2023/2023-2chukyo2.pdf,official_daily_result_pdf
202307020204,2023,中京,2,2,4,2023-03-12,https://www.jra.go.jp/datafile/seiseki/report/2023/2023-2chukyo2.pdf,official_daily_result_pdf
202307020205,2023,中京,2,2,5,2023-03-12,https://www.jra.go.jp/datafile/seiseki/report/2023/2023-2chukyo2.pdf,official_daily_result_pdf
202307020206,2023,中京,2,2,6,2023-03-12,https://www.jra.go.jp/datafile/seiseki/report/2023/2023-2chukyo2.pdf,official_daily_result_pdf
202307020207,2023,中京,2,2,7,2023-03-12,https://www.jra.go.jp/datafile/seiseki/report/2023/2023-2chukyo2.pdf,official_daily_result_pdf
202307020208,2023,中京,2,2,8,2023-03-12,https://www.jra.go.jp/datafile/seiseki/report/2023/2023-2chukyo2.pdf,official_daily_result_pdf
202307020209,2023,中京,2,2,9,2023-03-12,https://www.jra.go.jp/datafile/seiseki/report/2023/2023-2chukyo2.pdf,official_daily_result_pdf
202307020210,2023,中京,2,2,10,2023-03-12,https://www.jra.go.jp/datafile/seiseki/report/2023/2023-2chukyo2.pdf,official_daily_result_pdf
202307020211,2023,中京,2,2,11,2023-03-12,https://www.jra.go.jp/datafile/seiseki/report/2023/2023-2chukyo2.pdf,official_daily_result_pdf
202307020212,2023,中京,2,2,12,2023-03-12,https://www.jra.go.jp/datafile/seiseki/report/2023/2023-2chukyo2.pdf,official_daily_result_pdf
202307020301,2023,中京,2,3,1,2023-03-18,https://www.jra.go.jp/datafile/seiseki/report/2023/2023-2chukyo3.pdf,official_daily_result_pdf
202307020302,2023,中京,2,3,2,2023-03-18,https://www.jra.go.jp/datafile/seiseki/report/2023/2023-2chukyo3.pdf,official_daily_result_pdf
202307020303,2023,中京,2,3,3,2023-03-18,https://www.jra.go.jp/datafile/seiseki/report/2023/2023-2chukyo3.pdf,official_daily_result_pdf
202307020304,2023,中京,2,3,4,2023-03-18,https://www.jra.go.jp/datafile/seiseki/report/2023/2023-2chukyo3.pdf,official_daily_result_pdf
202307020305,2023,中京,2,3,5,2023-03-18,https://www.jra.go.jp/datafile/seiseki/report/2023/2023-2chukyo3.pdf,official_daily_result_pdf
202307020306,2023,中京,2,3,6,2023-03-18,https://www.jra.go.jp/datafile/seiseki/report/2023/2023-2chukyo3.pdf,official_daily_result_pdf
202307020307,2023,中京,2,3,7,2023-03-18,https://www.jra.go.jp/datafile/seiseki/report/2023/2023-2chukyo3.pdf,official_daily_result_pdf
202307020308,2023,中京,2,3,8,2023-03-18,https://www.jra.go.jp/datafile/seiseki/report/2023/2023-2chukyo3.pdf,official_daily_result_pdf
202307020309,2023,中京,2,3,9,2023-03-18,https://www.jra.go.jp/datafile/seiseki/report/2023/2023-2chukyo3.pdf,official_daily_result_pdf
202307020310,2023,中京,2,3,10,2023-03-18,https://www.jra.go.jp/datafile/seiseki/report/2023/2023-2chukyo3.pdf,official_daily_result_pdf
202307020311,2023,中京,2,3,11,2023-03-18,https://www.jra.go.jp/datafile/seiseki/report/2023/2023-2chukyo3.pdf,official_daily_result_pdf
202307020312,2023,中京,2,3,12,2023-03-18,https://www.jra.go.jp/datafile/seiseki/report/2023/2023-2chukyo3.pdf,official_daily_result_pdf
202307020401,2023,中京,2,4,1,2023-03-19,https://www.jra.go.jp/datafile/seiseki/report/2023/2023-2chukyo4.pdf,official_daily_result_pdf
202307020402,2023,中京,2,4,2,2023-03-19,https://www.jra.go.jp/datafile/seiseki/report/2023/2023-2chukyo4.pdf,official_daily_result_pdf
202307020403,2023,中京,2,4,3,2023-03-19,https://www.jra.go.jp/datafile/seiseki/report/2023/2023-2chukyo4.pdf,official_daily_result_pdf
202307020404,2023,中京,2,4,4,2023-03-19,https://www.jra.go.jp/datafile/seiseki/report/2023/2023-2chukyo4.pdf,official_daily_result_pdf
202307020405,2023,中京,2,4,5,2023-03-19,https://www.jra.go.jp/datafile/seiseki/report/2023/2023-2chukyo4.pdf,official_daily_result_pdf
202307020406,2023,中京,2,4,6,2023-03-19,https://www.jra.go.jp/datafile/seiseki/report/2023/2023-2chukyo4.pdf,official_daily_result_pdf
202307020407,2023,中京,2,4,7,2023-03-19,https://www.jra.go.jp/datafile/seiseki/report/2023/2023-2chukyo4.pdf,official_daily_result_pdf
202307020408,2023,中京,2,4,8,2023-03-19,https://www.jra.go.jp/datafile/seiseki/report/2023/2023-2chukyo4.pdf,official_daily_result_pdf
202307020409,2023,中京,2,4,9,2023-03-19,https://www.jra.go.jp/datafile/seiseki/report/2023/2023-2chukyo4.pdf,official_daily_result_pdf
202307020410,2023,中京,2,4,10,2023-03-19,https://www.jra.go.jp/datafile/seiseki/report/2023/2023-2chukyo4.pdf,official_daily_result_pdf
202307020411,2023,中京,2,4,11,2023-03-19,https://www.jra.go.jp/datafile/seiseki/report/2023/2023-2chukyo4.pdf,official_daily_result_pdf
202307020412,2023,中京,2,4,12,2023-03-19,https://www.jra.go.jp/datafile/seiseki/report/2023/2023-2chukyo4.pdf,official_daily_result_pdf
202307020501,2023,中京,2,5,1,2023-03-25,https://www.jra.go.jp/datafile/seiseki/report/2023/2023-2chukyo5.pdf,official_daily_result_pdf
202307020502,2023,中京,2,5,2,2023-03-25,https://www.jra.go.jp/datafile/seiseki/report/2023/2023-2chukyo5.pdf,official_daily_result_pdf
202307020503,2023,中京,2,5,3,2023-03-25,https://www.jra.go.jp/datafile/seiseki/report/2023/2023-2chukyo5.pdf,official_daily_result_pdf
202307020504,2023,中京,2,5,4,2023-03-25,https://www.jra.go.jp/datafile/seiseki/report/2023/2023-2chukyo5.pdf,official_daily_result_pdf
202307020505,2023,中京,2,5,5,2023-03-25,https://www.jra.go.jp/datafile/seiseki/report/2023/2023-2chukyo5.pdf,official_daily_result_pdf
202307020506,2023,中京,2,5,6,2023-03-25,https://www.jra.go.jp/datafile/seiseki/report/2023/2023-2chukyo5.pdf,official_daily_result_pdf
202307020507,2023,中京,2,5,7,2023-03-25,https://www.jra.go.jp/datafile/seiseki/report/2023/2023-2chukyo5.pdf,official_daily_result_pdf
202307020508,2023,中京,2,5,8,2023-03-25,https://www.jra.go.jp/datafile/seiseki/report/2023/2023-2chukyo5.pdf,official_daily_result_pdf
202307020509,2023,中京,2,5,9,2023-03-25,https://www.jra.go.jp/datafile/seiseki/report/2023/2023-2chukyo5.pdf,official_daily_result_pdf
202307020510,2023,中京,2,5,10,2023-03-25,https://www.jra.go.jp/datafile/seiseki/report/2023/2023-2chukyo5.pdf,official_daily_result_pdf
202307020511,2023,中京,2,5,11,2023-03-25,https://www.jra.go.jp/datafile/seiseki/report/2023/2023-2chukyo5.pdf,official_daily_result_pdf
202307020512,2023,中京,2,5,12,2023-03-25,https://www.jra.go.jp/datafile/seiseki/report/2023/2023-2chukyo5.pdf,official_daily_result_pdf
202307020601,2023,中京,2,6,1,2023-03-26,https://www.jra.go.jp/datafile/seiseki/report/2023/2023-2chukyo6.pdf,official_daily_result_pdf
202307020602,2023,中京,2,6,2,2023-03-26,https://www.jra.go.jp/datafile/seiseki/report/2023/2023-2chukyo6.pdf,official_daily_result_pdf
202307020603,2023,中京,2,6,3,2023-03-26,https://www.jra.go.jp/datafile/seiseki/report/2023/2023-2chukyo6.pdf,official_daily_result_pdf
202307020604,2023,中京,2,6,4,2023-03-26,https://www.jra.go.jp/datafile/seiseki/report/2023/2023-2chukyo6.pdf,official_daily_result_pdf
202307020605,2023,中京,2,6,5,2023-03-26,https://www.jra.go.jp/datafile/seiseki/report/2023/2023-2chukyo6.pdf,official_daily_result_pdf
202307020606,2023,中京,2,6,6,2023-03-26,https://www.jra.go.jp/datafile/seiseki/report/2023/2023-2chukyo6.pdf,official_daily_result_pdf
202307020607,2023,中京,2,6,7,2023-03-26,https://www.jra.go.jp/datafile/seiseki/report/2023/2023-2chukyo6.pdf,official_daily_result_pdf
202307020608,2023,中京,2,6,8,2023-03-26,https://www.jra.go.jp/datafile/seiseki/report/2023/2023-2chukyo6.pdf,official_daily_result_pdf
202307020609,2023,中京,2,6,9,2023-03-26,https://www.jra.go.jp/datafile/seiseki/report/2023/2023-2chukyo6.pdf,official_daily_result_pdf
202307020610,2023,中京,2,6,10,2023-03-26,https://www.jra.go.jp/datafile/seiseki/report/2023/2023-2chukyo6.pdf,official_daily_result_pdf
202307020611,2023,中京,2,6,11,2023-03-26,https://www.jra.go.jp/datafile/seiseki/report/2023/2023-2chukyo6.pdf,official_daily_result_pdf
202307020612,2023,中京,2,6,12,2023-03-26,https://www.jra.go.jp/datafile/seiseki/report/2023/2023-2chukyo6.pdf,official_daily_result_pdf
202307030101,2023,中京,3,1,1,2023-07-01,https://www.jra.go.jp/datafile/seiseki/report/2023/2023-3chukyo1.pdf,official_daily_result_pdf
202307030102,2023,中京,3,1,2,2023-07-01,https://www.jra.go.jp/datafile/seiseki/report/2023/2023-3chukyo1.pdf,official_daily_result_pdf
202307030103,2023,中京,3,1,3,2023-07-01,https://www.jra.go.jp/datafile/seiseki/report/2023/2023-3chukyo1.pdf,official_daily_result_pdf
202307030104,2023,中京,3,1,4,2023-07-01,https://www.jra.go.jp/datafile/seiseki/report/2023/2023-3chukyo1.pdf,official_daily_result_pdf
202307030105,2023,中京,3,1,5,2023-07-01,https://www.jra.go.jp/datafile/seiseki/report/2023/2023-3chukyo1.pdf,official_daily_result_pdf
202307030106,2023,中京,3,1,6,2023-07-01,https://www.jra.go.jp/datafile/seiseki/report/2023/2023-3chukyo1.pdf,official_daily_result_pdf
202307030107,2023,中京,3,1,7,2023-07-01,https://www.jra.go.jp/datafile/seiseki/report/2023/2023-3chukyo1.pdf,official_daily_result_pdf
202307030108,2023,中京,3,1,8,2023-07-01,https://www.jra.go.jp/datafile/seiseki/report/2023/2023-3chukyo1.pdf,official_daily_result_pdf
202307030109,2023,中京,3,1,9,2023-07-01,https://www.jra.go.jp/datafile/seiseki/report/2023/2023-3chukyo1.pdf,official_daily_result_pdf
202307030110,2023,中京,3,1,10,2023-07-01,https://www.jra.go.jp/datafile/seiseki/report/2023/2023-3chukyo1.pdf,official_daily_result_pdf
202307030111,2023,中京,3,1,11,2023-07-01,https://www.jra.go.jp/datafile/seiseki/report/2023/2023-3chukyo1.pdf,official_daily_result_pdf
202307030112,2023,中京,3,1,12,2023-07-01,https://www.jra.go.jp/datafile/seiseki/report/2023/2023-3chukyo1.pdf,official_daily_result_pdf
202307030201,2023,中京,3,2,1,2023-07-02,https://www.jra.go.jp/datafile/seiseki/report/2023/2023-3chukyo2.pdf,official_daily_result_pdf
202307030202,2023,中京,3,2,2,2023-07-02,https://www.jra.go.jp/datafile/seiseki/report/2023/2023-3chukyo2.pdf,official_daily_result_pdf
202307030203,2023,中京,3,2,3,2023-07-02,https://www.jra.go.jp/datafile/seiseki/report/2023/2023-3chukyo2.pdf,official_daily_result_pdf
202307030204,2023,中京,3,2,4,2023-07-02,https://www.jra.go.jp/datafile/seiseki/report/2023/2023-3chukyo2.pdf,official_daily_result_pdf
202307030205,2023,中京,3,2,5,2023-07-02,https://www.jra.go.jp/datafile/seiseki/report/2023/2023-3chukyo2.pdf,official_daily_result_pdf
202307030206,2023,中京,3,2,6,2023-07-02,https://www.jra.go.jp/datafile/seiseki/report/2023/2023-3chukyo2.pdf,official_daily_result_pdf
202307030207,2023,中京,3,2,7,2023-07-02,https://www.jra.go.jp/datafile/seiseki/report/2023/2023-3chukyo2.pdf,official_daily_result_pdf
202307030208,2023,中京,3,2,8,2023-07-02,https://www.jra.go.jp/datafile/seiseki/report/2023/2023-3chukyo2.pdf,official_daily_result_pdf
202307030209,2023,中京,3,2,9,2023-07-02,https://www.jra.go.jp/datafile/seiseki/report/2023/2023-3chukyo2.pdf,official_daily_result_pdf
202307030210,2023,中京,3,2,10,2023-07-02,https://www.jra.go.jp/datafile/seiseki/report/2023/2023-3chukyo2.pdf,official_daily_result_pdf
202307030211,2023,中京,3,2,11,2023-07-02,https://www.jra.go.jp/datafile/seiseki/report/2023/2023-3chukyo2.pdf,official_daily_result_pdf
202307030212,2023,中京,3,2,12,2023-07-02,https://www.jra.go.jp/datafile/seiseki/report/2023/2023-3chukyo2.pdf,official_daily_result_pdf
202307030301,2023,中京,3,3,1,2023-07-08,https://www.jra.go.jp/datafile/seiseki/report/2023/2023-3chukyo3.pdf,official_daily_result_pdf
202307030302,2023,中京,3,3,2,2023-07-08,https://www.jra.go.jp/datafile/seiseki/report/2023/2023-3chukyo3.pdf,official_daily_result_pdf
202307030303,2023,中京,3,3,3,2023-07-08,https://www.jra.go.jp/datafile/seiseki/report/2023/2023-3chukyo3.pdf,official_daily_result_pdf
202307030304,2023,中京,3,3,4,2023-07-08,https://www.jra.go.jp/datafile/seiseki/report/2023/2023-3chukyo3.pdf,official_daily_result_pdf
202307030305,2023,中京,3,3,5,2023-07-08,https://www.jra.go.jp/datafile/seiseki/report/2023/2023-3chukyo3.pdf,official_daily_result_pdf
202307030306,2023,中京,3,3,6,2023-07-08,https://www.jra.go.jp/datafile/seiseki/report/2023/2023-3chukyo3.pdf,official_daily_result_pdf
202307030307,2023,中京,3,3,7,2023-07-08,https://www.jra.go.jp/datafile/seiseki/report/2023/2023-3chukyo3.pdf,official_daily_result_pdf
202307030308,2023,中京,3,3,8,2023-07-08,https://www.jra.go.jp/datafile/seiseki/report/2023/2023-3chukyo3.pdf,official_daily_result_pdf
202307030309,2023,中京,3,3,9,2023-07-08,https://www.jra.go.jp/datafile/seiseki/report/2023/2023-3chukyo3.pdf,official_daily_result_pdf
202307030310,2023,中京,3,3,10,2023-07-08,https://www.jra.go.jp/datafile/seiseki/report/2023/2023-3chukyo3.pdf,official_daily_result_pdf
202307030311,2023,中京,3,3,11,2023-07-08,https://www.jra.go.jp/datafile/seiseki/report/2023/2023-3chukyo3.pdf,official_daily_result_pdf
202307030312,2023,中京,3,3,12,2023-07-08,https://www.jra.go.jp/datafile/seiseki/report/2023/2023-3chukyo3.pdf,official_daily_result_pdf
202307030401,2023,中京,3,4,1,2023-07-09,https://www.jra.go.jp/datafile/seiseki/report/2023/2023-3chukyo4.pdf,official_daily_result_pdf
202307030402,2023,中京,3,4,2,2023-07-09,https://www.jra.go.jp/datafile/seiseki/report/2023/2023-3chukyo4.pdf,official_daily_result_pdf
202307030403,2023,中京,3,4,3,2023-07-09,https://www.jra.go.jp/datafile/seiseki/report/2023/2023-3chukyo4.pdf,official_daily_result_pdf
202307030404,2023,中京,3,4,4,2023-07-09,https://www.jra.go.jp/datafile/seiseki/report/2023/2023-3chukyo4.pdf,official_daily_result_pdf
202307030405,2023,中京,3,4,5,2023-07-09,https://www.jra.go.jp/datafile/seiseki/report/2023/2023-3chukyo4.pdf,official_daily_result_pdf
202307030406,2023,中京,3,4,6,2023-07-09,https://www.jra.go.jp/datafile/seiseki/report/2023/2023-3chukyo4.pdf,official_daily_result_pdf
202307030407,2023,中京,3,4,7,2023-07-09,https://www.jra.go.jp/datafile/seiseki/report/2023/2023-3chukyo4.pdf,official_daily_result_pdf
202307030408,2023,中京,3,4,8,2023-07-09,https://www.jra.go.jp/datafile/seiseki/report/2023/2023-3chukyo4.pdf,official_daily_result_pdf
202307030409,2023,中京,3,4,9,2023-07-09,https://www.jra.go.jp/datafile/seiseki/report/2023/2023-3chukyo4.pdf,official_daily_result_pdf
202307030410,2023,中京,3,4,10,2023-07-09,https://www.jra.go.jp/datafile/seiseki/report/2023/2023-3chukyo4.pdf,official_daily_result_pdf
202307030411,2023,中京,3,4,11,2023-07-09,https://www.jra.go.jp/datafile/seiseki/report/2023/2023-3chukyo4.pdf,official_daily_result_pdf
202307030412,2023,中京,3,4,12,2023-07-09,https://www.jra.go.jp/datafile/seiseki/report/2023/2023-3chukyo4.pdf,official_daily_result_pdf
202307030501,2023,中京,3,5,1,2023-07-15,https://www.jra.go.jp/datafile/seiseki/report/2023/2023-3chukyo5.pdf,official_daily_result_pdf
202307030502,2023,中京,3,5,2,2023-07-15,https://www.jra.go.jp/datafile/seiseki/report/2023/2023-3chukyo5.pdf,official_daily_result_pdf
202307030503,2023,中京,3,5,3,2023-07-15,https://www.jra.go.jp/datafile/seiseki/report/2023/2023-3chukyo5.pdf,official_daily_result_pdf
202307030504,2023,中京,3,5,4,2023-07-15,https://www.jra.go.jp/datafile/seiseki/report/2023/2023-3chukyo5.pdf,official_daily_result_pdf
202307030505,2023,中京,3,5,5,2023-07-15,https://www.jra.go.jp/datafile/seiseki/report/2023/2023-3chukyo5.pdf,official_daily_result_pdf
202307030506,2023,中京,3,5,6,2023-07-15,https://www.jra.go.jp/datafile/seiseki/report/2023/2023-3chukyo5.pdf,official_daily_result_pdf
202307030507,2023,中京,3,5,7,2023-07-15,https://www.jra.go.jp/datafile/seiseki/report/2023/2023-3chukyo5.pdf,official_daily_result_pdf
202307030508,2023,中京,3,5,8,2023-07-15,https://www.jra.go.jp/datafile/seiseki/report/2023/2023-3chukyo5.pdf,official_daily_result_pdf
202307030509,2023,中京,3,5,9,2023-07-15,https://www.jra.go.jp/datafile/seiseki/report/2023/2023-3chukyo5.pdf,official_daily_result_pdf
202307030510,2023,中京,3,5,10,2023-07-15,https://www.jra.go.jp/datafile/seiseki/report/2023/2023-3chukyo5.pdf,official_daily_result_pdf
202307030511,2023,中京,3,5,11,2023-07-15,https://www.jra.go.jp/datafile/seiseki/report/2023/2023-3chukyo5.pdf,official_daily_result_pdf
202307030512,2023,中京,3,5,12,2023-07-15,https://www.jra.go.jp/datafile/seiseki/report/2023/2023-3chukyo5.pdf,official_daily_result_pdf
202307030601,2023,中京,3,6,1,2023-07-16,https://www.jra.go.jp/datafile/seiseki/report/2023/2023-3chukyo6.pdf,official_daily_result_pdf
202307030602,2023,中京,3,6,2,2023-07-16,https://www.jra.go.jp/datafile/seiseki/report/2023/2023-3chukyo6.pdf,official_daily_result_pdf
202307030603,2023,中京,3,6,3,2023-07-16,https://www.jra.go.jp/datafile/seiseki/report/2023/2023-3chukyo6.pdf,official_daily_result_pdf
202307030604,2023,中京,3,6,4,2023-07-16,https://www.jra.go.jp/datafile/seiseki/report/2023/2023-3chukyo6.pdf,official_daily_result_pdf
202307030605,2023,中京,3,6,5,2023-07-16,https://www.jra.go.jp/datafile/seiseki/report/2023/2023-3chukyo6.pdf,official_daily_result_pdf
202307030606,2023,中京,3,6,6,2023-07-16,https://www.jra.go.jp/datafile/seiseki/report/2023/2023-3chukyo6.pdf,official_daily_result_pdf
202307030607,2023,中京,3,6,7,2023-07-16,https://www.jra.go.jp/datafile/seiseki/report/2023/2023-3chukyo6.pdf,official_daily_result_pdf
202307030608,2023,中京,3,6,8,2023-07-16,https://www.jra.go.jp/datafile/seiseki/report/2023/2023-3chukyo6.pdf,official_daily_result_pdf
202307030609,2023,中京,3,6,9,2023-07-16,https://www.jra.go.jp/datafile/seiseki/report/2023/2023-3chukyo6.pdf,official_daily_result_pdf
202307030610,2023,中京,3,6,10,2023-07-16,https://www.jra.go.jp/datafile/seiseki/report/2023/2023-3chukyo6.pdf,official_daily_result_pdf
202307030611,2023,中京,3,6,11,2023-07-16,https://www.jra.go.jp/datafile/seiseki/report/2023/2023-3chukyo6.pdf,official_daily_result_pdf
202307030612,2023,中京,3,6,12,2023-07-16,https://www.jra.go.jp/datafile/seiseki/report/2023/2023-3chukyo6.pdf,official_daily_result_pdf
202307030701,2023,中京,3,7,1,2023-07-22,https://www.jra.go.jp/datafile/seiseki/report/2023/2023-3chukyo7.pdf,official_daily_result_pdf
202307030702,2023,中京,3,7,2,2023-07-22,https://www.jra.go.jp/datafile/seiseki/report/2023/2023-3chukyo7.pdf,official_daily_result_pdf
202307030703,2023,中京,3,7,3,2023-07-22,https://www.jra.go.jp/datafile/seiseki/report/2023/2023-3chukyo7.pdf,official_daily_result_pdf
202307030704,2023,中京,3,7,4,2023-07-22,https://www.jra.go.jp/datafile/seiseki/report/2023/2023-3chukyo7.pdf,official_daily_result_pdf
202307030705,2023,中京,3,7,5,2023-07-22,https://www.jra.go.jp/datafile/seiseki/report/2023/2023-3chukyo7.pdf,official_daily_result_pdf
202307030706,2023,中京,3,7,6,2023-07-22,https://www.jra.go.jp/datafile/seiseki/report/2023/2023-3chukyo7.pdf,official_daily_result_pdf
202307030707,2023,中京,3,7,7,2023-07-22,https://www.jra.go.jp/datafile/seiseki/report/2023/2023-3chukyo7.pdf,official_daily_result_pdf
202307030708,2023,中京,3,7,8,2023-07-22,https://www.jra.go.jp/datafile/seiseki/report/2023/2023-3chukyo7.pdf,official_daily_result_pdf
202307030709,2023,中京,3,7,9,2023-07-22,https://www.jra.go.jp/datafile/seiseki/report/2023/2023-3chukyo7.pdf,official_daily_result_pdf
202307030710,2023,中京,3,7,10,2023-07-22,https://www.jra.go.jp/datafile/seiseki/report/2023/2023-3chukyo7.pdf,official_daily_result_pdf
202307030711,2023,中京,3,7,11,2023-07-22,https://www.jra.go.jp/datafile/seiseki/report/2023/2023-3chukyo7.pdf,official_daily_result_pdf
202307030712,2023,中京,3,7,12,2023-07-22,https://www.jra.go.jp/datafile/seiseki/report/2023/2023-3chukyo7.pdf,official_daily_result_pdf
202307030801,2023,中京,3,8,1,2023-07-23,https://www.jra.go.jp/datafile/seiseki/report/2023/2023-3chukyo8.pdf,official_daily_result_pdf
202307030802,2023,中京,3,8,2,2023-07-23,https://www.jra.go.jp/datafile/seiseki/report/2023/2023-3chukyo8.pdf,official_daily_result_pdf
202307030803,2023,中京,3,8,3,2023-07-23,https://www.jra.go.jp/datafile/seiseki/report/2023/2023-3chukyo8.pdf,official_daily_result_pdf
202307030804,2023,中京,3,8,4,2023-07-23,https://www.jra.go.jp/datafile/seiseki/report/2023/2023-3chukyo8.pdf,official_daily_result_pdf
202307030805,2023,中京,3,8,5,2023-07-23,https://www.jra.go.jp/datafile/seiseki/report/2023/2023-3chukyo8.pdf,official_daily_result_pdf
202307030806,2023,中京,3,8,6,2023-07-23,https://www.jra.go.jp/datafile/seiseki/report/2023/2023-3chukyo8.pdf,official_daily_result_pdf
202307030807,2023,中京,3,8,7,2023-07-23,https://www.jra.go.jp/datafile/seiseki/report/2023/2023-3chukyo8.pdf,official_daily_result_pdf
202307030808,2023,中京,3,8,8,2023-07-23,https://www.jra.go.jp/datafile/seiseki/report/2023/2023-3chukyo8.pdf,official_daily_result_pdf
202307030809,2023,中京,3,8,9,2023-07-23,https://www.jra.go.jp/datafile/seiseki/report/2023/2023-3chukyo8.pdf,official_daily_result_pdf
202307030810,2023,中京,3,8,10,2023-07-23,https://www.jra.go.jp/datafile/seiseki/report/2023/2023-3chukyo8.pdf,official_daily_result_pdf
202307030811,2023,中京,3,8,11,2023-07-23,https://www.jra.go.jp/datafile/seiseki/report/2023/2023-3chukyo8.pdf,official_daily_result_pdf
202307030812,2023,中京,3,8,12,2023-07-23,https://www.jra.go.jp/datafile/seiseki/report/2023/2023-3chukyo8.pdf,official_daily_result_pdf
202307040101,2023,中京,4,1,1,2023-12-02,https://www.jra.go.jp/datafile/seiseki/report/2023/2023-4chukyo1.pdf,official_daily_result_pdf
202307040102,2023,中京,4,1,2,2023-12-02,https://www.jra.go.jp/datafile/seiseki/report/2023/2023-4chukyo1.pdf,official_daily_result_pdf
202307040103,2023,中京,4,1,3,2023-12-02,https://www.jra.go.jp/datafile/seiseki/report/2023/2023-4chukyo1.pdf,official_daily_result_pdf
202307040104,2023,中京,4,1,4,2023-12-02,https://www.jra.go.jp/datafile/seiseki/report/2023/2023-4chukyo1.pdf,official_daily_result_pdf
202307040105,2023,中京,4,1,5,2023-12-02,https://www.jra.go.jp/datafile/seiseki/report/2023/2023-4chukyo1.pdf,official_daily_result_pdf
202307040106,2023,中京,4,1,6,2023-12-02,https://www.jra.go.jp/datafile/seiseki/report/2023/2023-4chukyo1.pdf,official_daily_result_pdf
202307040107,2023,中京,4,1,7,2023-12-02,https://www.jra.go.jp/datafile/seiseki/report/2023/2023-4chukyo1.pdf,official_daily_result_pdf
202307040108,2023,中京,4,1,8,2023-12-02,https://www.jra.go.jp/datafile/seiseki/report/2023/2023-4chukyo1.pdf,official_daily_result_pdf
202307040109,2023,中京,4,1,9,2023-12-02,https://www.jra.go.jp/datafile/seiseki/report/2023/2023-4chukyo1.pdf,official_daily_result_pdf
202307040110,2023,中京,4,1,10,2023-12-02,https://www.jra.go.jp/datafile/seiseki/report/2023/2023-4chukyo1.pdf,official_daily_result_pdf
202307040111,2023,中京,4,1,11,2023-12-02,https://www.jra.go.jp/datafile/seiseki/report/2023/2023-4chukyo1.pdf,official_daily_result_pdf
202307040112,2023,中京,4,1,12,2023-12-02,https://www.jra.go.jp/datafile/seiseki/report/2023/2023-4chukyo1.pdf,official_daily_result_pdf
202307040201,2023,中京,4,2,1,2023-12-03,https://www.jra.go.jp/datafile/seiseki/report/2023/2023-4chukyo2.pdf,official_daily_result_pdf
202307040202,2023,中京,4,2,2,2023-12-03,https://www.jra.go.jp/datafile/seiseki/report/2023/2023-4chukyo2.pdf,official_daily_result_pdf
202307040203,2023,中京,4,2,3,2023-12-03,https://www.jra.go.jp/datafile/seiseki/report/2023/2023-4chukyo2.pdf,official_daily_result_pdf
202307040204,2023,中京,4,2,4,2023-12-03,https://www.jra.go.jp/datafile/seiseki/report/2023/2023-4chukyo2.pdf,official_daily_result_pdf
202307040205,2023,中京,4,2,5,2023-12-03,https://www.jra.go.jp/datafile/seiseki/report/2023/2023-4chukyo2.pdf,official_daily_result_pdf
202307040206,2023,中京,4,2,6,2023-12-03,https://www.jra.go.jp/datafile/seiseki/report/2023/2023-4chukyo2.pdf,official_daily_result_pdf
202307040207,2023,中京,4,2,7,2023-12-03,https://www.jra.go.jp/datafile/seiseki/report/2023/2023-4chukyo2.pdf,official_daily_result_pdf
202307040208,2023,中京,4,2,8,2023-12-03,https://www.jra.go.jp/datafile/seiseki/report/2023/2023-4chukyo2.pdf,official_daily_result_pdf
202307040209,2023,中京,4,2,9,2023-12-03,https://www.jra.go.jp/datafile/seiseki/report/2023/2023-4chukyo2.pdf,official_daily_result_pdf
202307040210,2023,中京,4,2,10,2023-12-03,https://www.jra.go.jp/datafile/seiseki/report/2023/2023-4chukyo2.pdf,official_daily_result_pdf
202307040211,2023,中京,4,2,11,2023-12-03,https://www.jra.go.jp/datafile/seiseki/report/2023/2023-4chukyo2.pdf,official_daily_result_pdf
202307040212,2023,中京,4,2,12,2023-12-03,https://www.jra.go.jp/datafile/seiseki/report/2023/2023-4chukyo2.pdf,official_daily_result_pdf
202307040301,2023,中京,4,3,1,2023-12-09,https://www.jra.go.jp/datafile/seiseki/report/2023/2023-4chukyo3.pdf,official_daily_result_pdf
202307040302,2023,中京,4,3,2,2023-12-09,https://www.jra.go.jp/datafile/seiseki/report/2023/2023-4chukyo3.pdf,official_daily_result_pdf
202307040303,2023,中京,4,3,3,2023-12-09,https://www.jra.go.jp/datafile/seiseki/report/2023/2023-4chukyo3.pdf,official_daily_result_pdf
202307040304,2023,中京,4,3,4,2023-12-09,https://www.jra.go.jp/datafile/seiseki/report/2023/2023-4chukyo3.pdf,official_daily_result_pdf
202307040305,2023,中京,4,3,5,2023-12-09,https://www.jra.go.jp/datafile/seiseki/report/2023/2023-4chukyo3.pdf,official_daily_result_pdf
202307040306,2023,中京,4,3,6,2023-12-09,https://www.jra.go.jp/datafile/seiseki/report/2023/2023-4chukyo3.pdf,official_daily_result_pdf
202307040307,2023,中京,4,3,7,2023-12-09,https://www.jra.go.jp/datafile/seiseki/report/2023/2023-4chukyo3.pdf,official_daily_result_pdf
202307040308,2023,中京,4,3,8,2023-12-09,https://www.jra.go.jp/datafile/seiseki/report/2023/2023-4chukyo3.pdf,official_daily_result_pdf
202307040309,2023,中京,4,3,9,2023-12-09,https://www.jra.go.jp/datafile/seiseki/report/2023/2023-4chukyo3.pdf,official_daily_result_pdf
202307040310,2023,中京,4,3,10,2023-12-09,https://www.jra.go.jp/datafile/seiseki/report/2023/2023-4chukyo3.pdf,official_daily_result_pdf
202307040311,2023,中京,4,3,11,2023-12-09,https://www.jra.go.jp/datafile/seiseki/report/2023/2023-4chukyo3.pdf,official_daily_result_pdf
202307040312,2023,中京,4,3,12,2023-12-09,https://www.jra.go.jp/datafile/seiseki/report/2023/2023-4chukyo3.pdf,official_daily_result_pdf
202307040401,2023,中京,4,4,1,2023-12-10,https://www.jra.go.jp/datafile/seiseki/report/2023/2023-4chukyo4.pdf,official_daily_result_pdf
202307040402,2023,中京,4,4,2,2023-12-10,https://www.jra.go.jp/datafile/seiseki/report/2023/2023-4chukyo4.pdf,official_daily_result_pdf
202307040403,2023,中京,4,4,3,2023-12-10,https://www.jra.go.jp/datafile/seiseki/report/2023/2023-4chukyo4.pdf,official_daily_result_pdf
202307040404,2023,中京,4,4,4,2023-12-10,https://www.jra.go.jp/datafile/seiseki/report/2023/2023-4chukyo4.pdf,official_daily_result_pdf
202307040405,2023,中京,4,4,5,2023-12-10,https://www.jra.go.jp/datafile/seiseki/report/2023/2023-4chukyo4.pdf,official_daily_result_pdf
202307040406,2023,中京,4,4,6,2023-12-10,https://www.jra.go.jp/datafile/seiseki/report/2023/2023-4chukyo4.pdf,official_daily_result_pdf
202307040407,2023,中京,4,4,7,2023-12-10,https://www.jra.go.jp/datafile/seiseki/report/2023/2023-4chukyo4.pdf,official_daily_result_pdf
202307040408,2023,中京,4,4,8,2023-12-10,https://www.jra.go.jp/datafile/seiseki/report/2023/2023-4chukyo4.pdf,official_daily_result_pdf
202307040409,2023,中京,4,4,9,2023-12-10,https://www.jra.go.jp/datafile/seiseki/report/2023/2023-4chukyo4.pdf,official_daily_result_pdf
202307040410,2023,中京,4,4,10,2023-12-10,https://www.jra.go.jp/datafile/seiseki/report/2023/2023-4chukyo4.pdf,official_daily_result_pdf
202307040411,2023,中京,4,4,11,2023-12-10,https://www.jra.go.jp/datafile/seiseki/report/2023/2023-4chukyo4.pdf,official_daily_result_pdf
202307040412,2023,中京,4,4,12,2023-12-10,https://www.jra.go.jp/datafile/seiseki/report/2023/2023-4chukyo4.pdf,official_daily_result_pdf
202307040501,2023,中京,4,5,1,2023-12-16,https://www.jra.go.jp/datafile/seiseki/report/2023/2023-4chukyo5.pdf,official_daily_result_pdf
202307040502,2023,中京,4,5,2,2023-12-16,https://www.jra.go.jp/datafile/seiseki/report/2023/2023-4chukyo5.pdf,official_daily_result_pdf
202307040503,2023,中京,4,5,3,2023-12-16,https://www.jra.go.jp/datafile/seiseki/report/2023/2023-4chukyo5.pdf,official_daily_result_pdf
202307040504,2023,中京,4,5,4,2023-12-16,https://www.jra.go.jp/datafile/seiseki/report/2023/2023-4chukyo5.pdf,official_daily_result_pdf
202307040505,2023,中京,4,5,5,2023-12-16,https://www.jra.go.jp/datafile/seiseki/report/2023/2023-4chukyo5.pdf,official_daily_result_pdf
202307040506,2023,中京,4,5,6,2023-12-16,https://www.jra.go.jp/datafile/seiseki/report/2023/2023-4chukyo5.pdf,official_daily_result_pdf
202307040507,2023,中京,4,5,7,2023-12-16,https://www.jra.go.jp/datafile/seiseki/report/2023/2023-4chukyo5.pdf,official_daily_result_pdf
202307040508,2023,中京,4,5,8,2023-12-16,https://www.jra.go.jp/datafile/seiseki/report/2023/2023-4chukyo5.pdf,official_daily_result_pdf
202307040509,2023,中京,4,5,9,2023-12-16,https://www.jra.go.jp/datafile/seiseki/report/2023/2023-4chukyo5.pdf,official_daily_result_pdf
202307040510,2023,中京,4,5,10,2023-12-16,https://www.jra.go.jp/datafile/seiseki/report/2023/2023-4chukyo5.pdf,official_daily_result_pdf
202307040511,2023,中京,4,5,11,2023-12-16,https://www.jra.go.jp/datafile/seiseki/report/2023/2023-4chukyo5.pdf,official_daily_result_pdf
202307040512,2023,中京,4,5,12,2023-12-16,https://www.jra.go.jp/datafile/seiseki/report/2023/2023-4chukyo5.pdf,official_daily_result_pdf
202307040601,2023,中京,4,6,1,2023-12-17,https://www.jra.go.jp/datafile/seiseki/report/2023/2023-4chukyo6.pdf,official_daily_result_pdf
202307040602,2023,中京,4,6,2,2023-12-17,https://www.jra.go.jp/datafile/seiseki/report/2023/2023-4chukyo6.pdf,official_daily_result_pdf
202307040603,2023,中京,4,6,3,2023-12-17,https://www.jra.go.jp/datafile/seiseki/report/2023/2023-4chukyo6.pdf,official_daily_result_pdf
202307040604,2023,中京,4,6,4,2023-12-17,https://www.jra.go.jp/datafile/seiseki/report/2023/2023-4chukyo6.pdf,official_daily_result_pdf
202307040605,2023,中京,4,6,5,2023-12-17,https://www.jra.go.jp/datafile/seiseki/report/2023/2023-4chukyo6.pdf,official_daily_result_pdf
202307040606,2023,中京,4,6,6,2023-12-17,https://www.jra.go.jp/datafile/seiseki/report/2023/2023-4chukyo6.pdf,official_daily_result_pdf
202307040607,2023,中京,4,6,7,2023-12-17,https://www.jra.go.jp/datafile/seiseki/report/2023/2023-4chukyo6.pdf,official_daily_result_pdf
202307040608,2023,中京,4,6,8,2023-12-17,https://www.jra.go.jp/datafile/seiseki/report/2023/2023-4chukyo6.pdf,official_daily_result_pdf
202307040609,2023,中京,4,6,9,2023-12-17,https://www.jra.go.jp/datafile/seiseki/report/2023/2023-4chukyo6.pdf,official_daily_result_pdf
202307040610,2023,中京,4,6,10,2023-12-17,https://www.jra.go.jp/datafile/seiseki/report/2023/2023-4chukyo6.pdf,official_daily_result_pdf
202307040611,2023,中京,4,6,11,2023-12-17,https://www.jra.go.jp/datafile/seiseki/report/2023/2023-4chukyo6.pdf,official_daily_result_pdf
202307040612,2023,中京,4,6,12,2023-12-17,https://www.jra.go.jp/datafile/seiseki/report/2023/2023-4chukyo6.pdf,official_daily_result_pdf
202308010101,2023,京都,1,1,1,2023-04-22,https://www.jra.go.jp/datafile/seiseki/report/2023/2023-1kyoto1.pdf,official_daily_result_pdf
202308010102,2023,京都,1,1,2,2023-04-22,https://www.jra.go.jp/datafile/seiseki/report/2023/2023-1kyoto1.pdf,official_daily_result_pdf
202308010103,2023,京都,1,1,3,2023-04-22,https://www.jra.go.jp/datafile/seiseki/report/2023/2023-1kyoto1.pdf,official_daily_result_pdf
202308010104,2023,京都,1,1,4,2023-04-22,https://www.jra.go.jp/datafile/seiseki/report/2023/2023-1kyoto1.pdf,official_daily_result_pdf
202308010105,2023,京都,1,1,5,2023-04-22,https://www.jra.go.jp/datafile/seiseki/report/2023/2023-1kyoto1.pdf,official_daily_result_pdf
202308010106,2023,京都,1,1,6,2023-04-22,https://www.jra.go.jp/datafile/seiseki/report/2023/2023-1kyoto1.pdf,official_daily_result_pdf
202308010107,2023,京都,1,1,7,2023-04-22,https://www.jra.go.jp/datafile/seiseki/report/2023/2023-1kyoto1.pdf,official_daily_result_pdf
202308010108,2023,京都,1,1,8,2023-04-22,https://www.jra.go.jp/datafile/seiseki/report/2023/2023-1kyoto1.pdf,official_daily_result_pdf
202308010109,2023,京都,1,1,9,2023-04-22,https://www.jra.go.jp/datafile/seiseki/report/2023/2023-1kyoto1.pdf,official_daily_result_pdf
202308010110,2023,京都,1,1,10,2023-04-22,https://www.jra.go.jp/datafile/seiseki/report/2023/2023-1kyoto1.pdf,official_daily_result_pdf
202308010111,2023,京都,1,1,11,2023-04-22,https://www.jra.go.jp/datafile/seiseki/report/2023/2023-1kyoto1.pdf,official_daily_result_pdf
202308010112,2023,京都,1,1,12,2023-04-22,https://www.jra.go.jp/datafile/seiseki/report/2023/2023-1kyoto1.pdf,official_daily_result_pdf
202308010201,2023,京都,1,2,1,2023-04-23,https://www.jra.go.jp/datafile/seiseki/report/2023/2023-1kyoto2.pdf,official_daily_result_pdf
202308010202,2023,京都,1,2,2,2023-04-23,https://www.jra.go.jp/datafile/seiseki/report/2023/2023-1kyoto2.pdf,official_daily_result_pdf
202308010203,2023,京都,1,2,3,2023-04-23,https://www.jra.go.jp/datafile/seiseki/report/2023/2023-1kyoto2.pdf,official_daily_result_pdf
202308010204,2023,京都,1,2,4,2023-04-23,https://www.jra.go.jp/datafile/seiseki/report/2023/2023-1kyoto2.pdf,official_daily_result_pdf
202308010205,2023,京都,1,2,5,2023-04-23,https://www.jra.go.jp/datafile/seiseki/report/2023/2023-1kyoto2.pdf,official_daily_result_pdf
202308010206,2023,京都,1,2,6,2023-04-23,https://www.jra.go.jp/datafile/seiseki/report/2023/2023-1kyoto2.pdf,official_daily_result_pdf
202308010207,2023,京都,1,2,7,2023-04-23,https://www.jra.go.jp/datafile/seiseki/report/2023/2023-1kyoto2.pdf,official_daily_result_pdf
202308010208,2023,京都,1,2,8,2023-04-23,https://www.jra.go.jp/datafile/seiseki/report/2023/2023-1kyoto2.pdf,official_daily_result_pdf
202308010209,2023,京都,1,2,9,2023-04-23,https://www.jra.go.jp/datafile/seiseki/report/2023/2023-1kyoto2.pdf,official_daily_result_pdf
202308010210,2023,京都,1,2,10,2023-04-23,https://www.jra.go.jp/datafile/seiseki/report/2023/2023-1kyoto2.pdf,official_daily_result_pdf
202308010211,2023,京都,1,2,11,2023-04-23,https://www.jra.go.jp/datafile/seiseki/report/2023/2023-1kyoto2.pdf,official_daily_result_pdf
202308010212,2023,京都,1,2,12,2023-04-23,https://www.jra.go.jp/datafile/seiseki/report/2023/2023-1kyoto2.pdf,official_daily_result_pdf
202308010301,2023,京都,1,3,1,2023-04-29,https://www.jra.go.jp/datafile/seiseki/report/2023/2023-1kyoto3.pdf,official_daily_result_pdf
202308010302,2023,京都,1,3,2,2023-04-29,https://www.jra.go.jp/datafile/seiseki/report/2023/2023-1kyoto3.pdf,official_daily_result_pdf
202308010303,2023,京都,1,3,3,2023-04-29,https://www.jra.go.jp/datafile/seiseki/report/2023/2023-1kyoto3.pdf,official_daily_result_pdf
202308010304,2023,京都,1,3,4,2023-04-29,https://www.jra.go.jp/datafile/seiseki/report/2023/2023-1kyoto3.pdf,official_daily_result_pdf
202308010305,2023,京都,1,3,5,2023-04-29,https://www.jra.go.jp/datafile/seiseki/report/2023/2023-1kyoto3.pdf,official_daily_result_pdf
202308010306,2023,京都,1,3,6,2023-04-29,https://www.jra.go.jp/datafile/seiseki/report/2023/2023-1kyoto3.pdf,official_daily_result_pdf
202308010307,2023,京都,1,3,7,2023-04-29,https://www.jra.go.jp/datafile/seiseki/report/2023/2023-1kyoto3.pdf,official_daily_result_pdf
202308010308,2023,京都,1,3,8,2023-04-29,https://www.jra.go.jp/datafile/seiseki/report/2023/2023-1kyoto3.pdf,official_daily_result_pdf
202308010309,2023,京都,1,3,9,2023-04-29,https://www.jra.go.jp/datafile/seiseki/report/2023/2023-1kyoto3.pdf,official_daily_result_pdf
202308010310,2023,京都,1,3,10,2023-04-29,https://www.jra.go.jp/datafile/seiseki/report/2023/2023-1kyoto3.pdf,official_daily_result_pdf
202308010311,2023,京都,1,3,11,2023-04-29,https://www.jra.go.jp/datafile/seiseki/report/2023/2023-1kyoto3.pdf,official_daily_result_pdf
202308010312,2023,京都,1,3,12,2023-04-29,https://www.jra.go.jp/datafile/seiseki/report/2023/2023-1kyoto3.pdf,official_daily_result_pdf
202308010401,2023,京都,1,4,1,2023-04-30,https://www.jra.go.jp/datafile/seiseki/report/2023/2023-1kyoto4.pdf,official_daily_result_pdf
202308010402,2023,京都,1,4,2,2023-04-30,https://www.jra.go.jp/datafile/seiseki/report/2023/2023-1kyoto4.pdf,official_daily_result_pdf
202308010403,2023,京都,1,4,3,2023-04-30,https://www.jra.go.jp/datafile/seiseki/report/2023/2023-1kyoto4.pdf,official_daily_result_pdf
202308010404,2023,京都,1,4,4,2023-04-30,https://www.jra.go.jp/datafile/seiseki/report/2023/2023-1kyoto4.pdf,official_daily_result_pdf
202308010405,2023,京都,1,4,5,2023-04-30,https://www.jra.go.jp/datafile/seiseki/report/2023/2023-1kyoto4.pdf,official_daily_result_pdf
202308010406,2023,京都,1,4,6,2023-04-30,https://www.jra.go.jp/datafile/seiseki/report/2023/2023-1kyoto4.pdf,official_daily_result_pdf
202308010407,2023,京都,1,4,7,2023-04-30,https://www.jra.go.jp/datafile/seiseki/report/2023/2023-1kyoto4.pdf,official_daily_result_pdf
202308010408,2023,京都,1,4,8,2023-04-30,https://www.jra.go.jp/datafile/seiseki/report/2023/2023-1kyoto4.pdf,official_daily_result_pdf
202308010409,2023,京都,1,4,9,2023-04-30,https://www.jra.go.jp/datafile/seiseki/report/2023/2023-1kyoto4.pdf,official_daily_result_pdf
202308010410,2023,京都,1,4,10,2023-04-30,https://www.jra.go.jp/datafile/seiseki/report/2023/2023-1kyoto4.pdf,official_daily_result_pdf
202308010411,2023,京都,1,4,11,2023-04-30,https://www.jra.go.jp/datafile/seiseki/report/2023/2023-1kyoto4.pdf,official_daily_result_pdf
202308010412,2023,京都,1,4,12,2023-04-30,https://www.jra.go.jp/datafile/seiseki/report/2023/2023-1kyoto4.pdf,official_daily_result_pdf
202308010501,2023,京都,1,5,1,2023-05-06,https://www.jra.go.jp/datafile/seiseki/report/2023/2023-1kyoto5.pdf,official_daily_result_pdf
202308010502,2023,京都,1,5,2,2023-05-06,https://www.jra.go.jp/datafile/seiseki/report/2023/2023-1kyoto5.pdf,official_daily_result_pdf
202308010503,2023,京都,1,5,3,2023-05-06,https://www.jra.go.jp/datafile/seiseki/report/2023/2023-1kyoto5.pdf,official_daily_result_pdf
202308010504,2023,京都,1,5,4,2023-05-06,https://www.jra.go.jp/datafile/seiseki/report/2023/2023-1kyoto5.pdf,official_daily_result_pdf
202308010505,2023,京都,1,5,5,2023-05-06,https://www.jra.go.jp/datafile/seiseki/report/2023/2023-1kyoto5.pdf,official_daily_result_pdf
202308010506,2023,京都,1,5,6,2023-05-06,https://www.jra.go.jp/datafile/seiseki/report/2023/2023-1kyoto5.pdf,official_daily_result_pdf
202308010507,2023,京都,1,5,7,2023-05-06,https://www.jra.go.jp/datafile/seiseki/report/2023/2023-1kyoto5.pdf,official_daily_result_pdf
202308010508,2023,京都,1,5,8,2023-05-06,https://www.jra.go.jp/datafile/seiseki/report/2023/2023-1kyoto5.pdf,official_daily_result_pdf
202308010509,2023,京都,1,5,9,2023-05-06,https://www.jra.go.jp/datafile/seiseki/report/2023/2023-1kyoto5.pdf,official_daily_result_pdf
202308010510,2023,京都,1,5,10,2023-05-06,https://www.jra.go.jp/datafile/seiseki/report/2023/2023-1kyoto5.pdf,official_daily_result_pdf
202308010511,2023,京都,1,5,11,2023-05-06,https://www.jra.go.jp/datafile/seiseki/report/2023/2023-1kyoto5.pdf,official_daily_result_pdf
202308010512,2023,京都,1,5,12,2023-05-06,https://www.jra.go.jp/datafile/seiseki/report/2023/2023-1kyoto5.pdf,official_daily_result_pdf
202308010601,2023,京都,1,6,1,2023-05-07,https://www.jra.go.jp/datafile/seiseki/report/2023/2023-1kyoto6.pdf,official_daily_result_pdf
202308010602,2023,京都,1,6,2,2023-05-07,https://www.jra.go.jp/datafile/seiseki/report/2023/2023-1kyoto6.pdf,official_daily_result_pdf
202308010603,2023,京都,1,6,3,2023-05-07,https://www.jra.go.jp/datafile/seiseki/report/2023/2023-1kyoto6.pdf,official_daily_result_pdf
202308010604,2023,京都,1,6,4,2023-05-07,https://www.jra.go.jp/datafile/seiseki/report/2023/2023-1kyoto6.pdf,official_daily_result_pdf
202308010605,2023,京都,1,6,5,2023-05-07,https://www.jra.go.jp/datafile/seiseki/report/2023/2023-1kyoto6.pdf,official_daily_result_pdf
202308010606,2023,京都,1,6,6,2023-05-07,https://www.jra.go.jp/datafile/seiseki/report/2023/2023-1kyoto6.pdf,official_daily_result_pdf
202308010607,2023,京都,1,6,7,2023-05-07,https://www.jra.go.jp/datafile/seiseki/report/2023/2023-1kyoto6.pdf,official_daily_result_pdf
202308010608,2023,京都,1,6,8,2023-05-07,https://www.jra.go.jp/datafile/seiseki/report/2023/2023-1kyoto6.pdf,official_daily_result_pdf
202308010609,2023,京都,1,6,9,2023-05-07,https://www.jra.go.jp/datafile/seiseki/report/2023/2023-1kyoto6.pdf,official_daily_result_pdf
202308010610,2023,京都,1,6,10,2023-05-07,https://www.jra.go.jp/datafile/seiseki/report/2023/2023-1kyoto6.pdf,official_daily_result_pdf
202308010611,2023,京都,1,6,11,2023-05-07,https://www.jra.go.jp/datafile/seiseki/report/2023/2023-1kyoto6.pdf,official_daily_result_pdf
202308010612,2023,京都,1,6,12,2023-05-07,https://www.jra.go.jp/datafile/seiseki/report/2023/2023-1kyoto6.pdf,official_daily_result_pdf
202308010701,2023,京都,1,7,1,2023-05-13,https://www.jra.go.jp/datafile/seiseki/report/2023/2023-1kyoto7.pdf,official_daily_result_pdf
202308010702,2023,京都,1,7,2,2023-05-13,https://www.jra.go.jp/datafile/seiseki/report/2023/2023-1kyoto7.pdf,official_daily_result_pdf
202308010703,2023,京都,1,7,3,2023-05-13,https://www.jra.go.jp/datafile/seiseki/report/2023/2023-1kyoto7.pdf,official_daily_result_pdf
202308010704,2023,京都,1,7,4,2023-05-13,https://www.jra.go.jp/datafile/seiseki/report/2023/2023-1kyoto7.pdf,official_daily_result_pdf
202308010705,2023,京都,1,7,5,2023-05-13,https://www.jra.go.jp/datafile/seiseki/report/2023/2023-1kyoto7.pdf,official_daily_result_pdf
202308010706,2023,京都,1,7,6,2023-05-13,https://www.jra.go.jp/datafile/seiseki/report/2023/2023-1kyoto7.pdf,official_daily_result_pdf
202308010707,2023,京都,1,7,7,2023-05-13,https://www.jra.go.jp/datafile/seiseki/report/2023/2023-1kyoto7.pdf,official_daily_result_pdf
202308010708,2023,京都,1,7,8,2023-05-13,https://www.jra.go.jp/datafile/seiseki/report/2023/2023-1kyoto7.pdf,official_daily_result_pdf
202308010709,2023,京都,1,7,9,2023-05-13,https://www.jra.go.jp/datafile/seiseki/report/2023/2023-1kyoto7.pdf,official_daily_result_pdf
202308010710,2023,京都,1,7,10,2023-05-13,https://www.jra.go.jp/datafile/seiseki/report/2023/2023-1kyoto7.pdf,official_daily_result_pdf
202308010711,2023,京都,1,7,11,2023-05-13,https://www.jra.go.jp/datafile/seiseki/report/2023/2023-1kyoto7.pdf,official_daily_result_pdf
202308010712,2023,京都,1,7,12,2023-05-13,https://www.jra.go.jp/datafile/seiseki/report/2023/2023-1kyoto7.pdf,official_daily_result_pdf
202308010801,2023,京都,1,8,1,2023-05-14,https://www.jra.go.jp/datafile/seiseki/report/2023/2023-1kyoto8.pdf,official_daily_result_pdf
202308010802,2023,京都,1,8,2,2023-05-14,https://www.jra.go.jp/datafile/seiseki/report/2023/2023-1kyoto8.pdf,official_daily_result_pdf
202308010803,2023,京都,1,8,3,2023-05-14,https://www.jra.go.jp/datafile/seiseki/report/2023/2023-1kyoto8.pdf,official_daily_result_pdf
202308010804,2023,京都,1,8,4,2023-05-14,https://www.jra.go.jp/datafile/seiseki/report/2023/2023-1kyoto8.pdf,official_daily_result_pdf
202308010805,2023,京都,1,8,5,2023-05-14,https://www.jra.go.jp/datafile/seiseki/report/2023/2023-1kyoto8.pdf,official_daily_result_pdf
202308010806,2023,京都,1,8,6,2023-05-14,https://www.jra.go.jp/datafile/seiseki/report/2023/2023-1kyoto8.pdf,official_daily_result_pdf
202308010807,2023,京都,1,8,7,2023-05-14,https://www.jra.go.jp/datafile/seiseki/report/2023/2023-1kyoto8.pdf,official_daily_result_pdf
202308010808,2023,京都,1,8,8,2023-05-14,https://www.jra.go.jp/datafile/seiseki/report/2023/2023-1kyoto8.pdf,official_daily_result_pdf
202308010809,2023,京都,1,8,9,2023-05-14,https://www.jra.go.jp/datafile/seiseki/report/2023/2023-1kyoto8.pdf,official_daily_result_pdf
202308010810,2023,京都,1,8,10,2023-05-14,https://www.jra.go.jp/datafile/seiseki/report/2023/2023-1kyoto8.pdf,official_daily_result_pdf
202308010811,2023,京都,1,8,11,2023-05-14,https://www.jra.go.jp/datafile/seiseki/report/2023/2023-1kyoto8.pdf,official_daily_result_pdf
202308010812,2023,京都,1,8,12,2023-05-14,https://www.jra.go.jp/datafile/seiseki/report/2023/2023-1kyoto8.pdf,official_daily_result_pdf
202308010901,2023,京都,1,9,1,2023-05-20,https://www.jra.go.jp/datafile/seiseki/report/2023/2023-1kyoto9.pdf,official_daily_result_pdf
202308010902,2023,京都,1,9,2,2023-05-20,https://www.jra.go.jp/datafile/seiseki/report/2023/2023-1kyoto9.pdf,official_daily_result_pdf
202308010903,2023,京都,1,9,3,2023-05-20,https://www.jra.go.jp/datafile/seiseki/report/2023/2023-1kyoto9.pdf,official_daily_result_pdf
202308010904,2023,京都,1,9,4,2023-05-20,https://www.jra.go.jp/datafile/seiseki/report/2023/2023-1kyoto9.pdf,official_daily_result_pdf
202308010905,2023,京都,1,9,5,2023-05-20,https://www.jra.go.jp/datafile/seiseki/report/2023/2023-1kyoto9.pdf,official_daily_result_pdf
202308010906,2023,京都,1,9,6,2023-05-20,https://www.jra.go.jp/datafile/seiseki/report/2023/2023-1kyoto9.pdf,official_daily_result_pdf
202308010907,2023,京都,1,9,7,2023-05-20,https://www.jra.go.jp/datafile/seiseki/report/2023/2023-1kyoto9.pdf,official_daily_result_pdf
202308010908,2023,京都,1,9,8,2023-05-20,https://www.jra.go.jp/datafile/seiseki/report/2023/2023-1kyoto9.pdf,official_daily_result_pdf
202308010909,2023,京都,1,9,9,2023-05-20,https://www.jra.go.jp/datafile/seiseki/report/2023/2023-1kyoto9.pdf,official_daily_result_pdf
202308010910,2023,京都,1,9,10,2023-05-20,https://www.jra.go.jp/datafile/seiseki/report/2023/2023-1kyoto9.pdf,official_daily_result_pdf
202308010911,2023,京都,1,9,11,2023-05-20,https://www.jra.go.jp/datafile/seiseki/report/2023/2023-1kyoto9.pdf,official_daily_result_pdf
202308010912,2023,京都,1,9,12,2023-05-20,https://www.jra.go.jp/datafile/seiseki/report/2023/2023-1kyoto9.pdf,official_daily_result_pdf
202308011001,2023,京都,1,10,1,2023-05-21,https://www.jra.go.jp/datafile/seiseki/report/2023/2023-1kyoto10.pdf,official_daily_result_pdf
202308011002,2023,京都,1,10,2,2023-05-21,https://www.jra.go.jp/datafile/seiseki/report/2023/2023-1kyoto10.pdf,official_daily_result_pdf
202308011003,2023,京都,1,10,3,2023-05-21,https://www.jra.go.jp/datafile/seiseki/report/2023/2023-1kyoto10.pdf,official_daily_result_pdf
202308011004,2023,京都,1,10,4,2023-05-21,https://www.jra.go.jp/datafile/seiseki/report/2023/2023-1kyoto10.pdf,official_daily_result_pdf
202308011005,2023,京都,1,10,5,2023-05-21,https://www.jra.go.jp/datafile/seiseki/report/2023/2023-1kyoto10.pdf,official_daily_result_pdf
202308011006,2023,京都,1,10,6,2023-05-21,https://www.jra.go.jp/datafile/seiseki/report/2023/2023-1kyoto10.pdf,official_daily_result_pdf
202308011007,2023,京都,1,10,7,2023-05-21,https://www.jra.go.jp/datafile/seiseki/report/2023/2023-1kyoto10.pdf,official_daily_result_pdf
202308011008,2023,京都,1,10,8,2023-05-21,https://www.jra.go.jp/datafile/seiseki/report/2023/2023-1kyoto10.pdf,official_daily_result_pdf
202308011009,2023,京都,1,10,9,2023-05-21,https://www.jra.go.jp/datafile/seiseki/report/2023/2023-1kyoto10.pdf,official_daily_result_pdf
202308011010,2023,京都,1,10,10,2023-05-21,https://www.jra.go.jp/datafile/seiseki/report/2023/2023-1kyoto10.pdf,official_daily_result_pdf
202308011011,2023,京都,1,10,11,2023-05-21,https://www.jra.go.jp/datafile/seiseki/report/2023/2023-1kyoto10.pdf,official_daily_result_pdf
202308011012,2023,京都,1,10,12,2023-05-21,https://www.jra.go.jp/datafile/seiseki/report/2023/2023-1kyoto10.pdf,official_daily_result_pdf
202308011101,2023,京都,1,11,1,2023-05-27,https://www.jra.go.jp/datafile/seiseki/report/2023/2023-1kyoto11.pdf,official_daily_result_pdf
202308011102,2023,京都,1,11,2,2023-05-27,https://www.jra.go.jp/datafile/seiseki/report/2023/2023-1kyoto11.pdf,official_daily_result_pdf
202308011103,2023,京都,1,11,3,2023-05-27,https://www.jra.go.jp/datafile/seiseki/report/2023/2023-1kyoto11.pdf,official_daily_result_pdf
202308011104,2023,京都,1,11,4,2023-05-27,https://www.jra.go.jp/datafile/seiseki/report/2023/2023-1kyoto11.pdf,official_daily_result_pdf
202308011105,2023,京都,1,11,5,2023-05-27,https://www.jra.go.jp/datafile/seiseki/report/2023/2023-1kyoto11.pdf,official_daily_result_pdf
202308011106,2023,京都,1,11,6,2023-05-27,https://www.jra.go.jp/datafile/seiseki/report/2023/2023-1kyoto11.pdf,official_daily_result_pdf
202308011107,2023,京都,1,11,7,2023-05-27,https://www.jra.go.jp/datafile/seiseki/report/2023/2023-1kyoto11.pdf,official_daily_result_pdf
202308011108,2023,京都,1,11,8,2023-05-27,https://www.jra.go.jp/datafile/seiseki/report/2023/2023-1kyoto11.pdf,official_daily_result_pdf
202308011109,2023,京都,1,11,9,2023-05-27,https://www.jra.go.jp/datafile/seiseki/report/2023/2023-1kyoto11.pdf,official_daily_result_pdf
202308011110,2023,京都,1,11,10,2023-05-27,https://www.jra.go.jp/datafile/seiseki/report/2023/2023-1kyoto11.pdf,official_daily_result_pdf
202308011111,2023,京都,1,11,11,2023-05-27,https://www.jra.go.jp/datafile/seiseki/report/2023/2023-1kyoto11.pdf,official_daily_result_pdf
202308011112,2023,京都,1,11,12,2023-05-27,https://www.jra.go.jp/datafile/seiseki/report/2023/2023-1kyoto11.pdf,official_daily_result_pdf
202308011201,2023,京都,1,12,1,2023-05-28,https://www.jra.go.jp/datafile/seiseki/report/2023/2023-1kyoto12.pdf,official_daily_result_pdf
202308011202,2023,京都,1,12,2,2023-05-28,https://www.jra.go.jp/datafile/seiseki/report/2023/2023-1kyoto12.pdf,official_daily_result_pdf
202308011203,2023,京都,1,12,3,2023-05-28,https://www.jra.go.jp/datafile/seiseki/report/2023/2023-1kyoto12.pdf,official_daily_result_pdf
202308011204,2023,京都,1,12,4,2023-05-28,https://www.jra.go.jp/datafile/seiseki/report/2023/2023-1kyoto12.pdf,official_daily_result_pdf
202308011205,2023,京都,1,12,5,2023-05-28,https://www.jra.go.jp/datafile/seiseki/report/2023/2023-1kyoto12.pdf,official_daily_result_pdf
202308011206,2023,京都,1,12,6,2023-05-28,https://www.jra.go.jp/datafile/seiseki/report/2023/2023-1kyoto12.pdf,official_daily_result_pdf
202308011207,2023,京都,1,12,7,2023-05-28,https://www.jra.go.jp/datafile/seiseki/report/2023/2023-1kyoto12.pdf,official_daily_result_pdf
202308011208,2023,京都,1,12,8,2023-05-28,https://www.jra.go.jp/datafile/seiseki/report/2023/2023-1kyoto12.pdf,official_daily_result_pdf
202308011209,2023,京都,1,12,9,2023-05-28,https://www.jra.go.jp/datafile/seiseki/report/2023/2023-1kyoto12.pdf,official_daily_result_pdf
202308011210,2023,京都,1,12,10,2023-05-28,https://www.jra.go.jp/datafile/seiseki/report/2023/2023-1kyoto12.pdf,official_daily_result_pdf
202308011211,2023,京都,1,12,11,2023-05-28,https://www.jra.go.jp/datafile/seiseki/report/2023/2023-1kyoto12.pdf,official_daily_result_pdf
202308011212,2023,京都,1,12,12,2023-05-28,https://www.jra.go.jp/datafile/seiseki/report/2023/2023-1kyoto12.pdf,official_daily_result_pdf
202308020101,2023,京都,2,1,1,2023-10-07,https://www.jra.go.jp/datafile/seiseki/report/2023/2023-2kyoto1.pdf,official_daily_result_pdf
202308020102,2023,京都,2,1,2,2023-10-07,https://www.jra.go.jp/datafile/seiseki/report/2023/2023-2kyoto1.pdf,official_daily_result_pdf
202308020103,2023,京都,2,1,3,2023-10-07,https://www.jra.go.jp/datafile/seiseki/report/2023/2023-2kyoto1.pdf,official_daily_result_pdf
202308020104,2023,京都,2,1,4,2023-10-07,https://www.jra.go.jp/datafile/seiseki/report/2023/2023-2kyoto1.pdf,official_daily_result_pdf
202308020105,2023,京都,2,1,5,2023-10-07,https://www.jra.go.jp/datafile/seiseki/report/2023/2023-2kyoto1.pdf,official_daily_result_pdf
202308020106,2023,京都,2,1,6,2023-10-07,https://www.jra.go.jp/datafile/seiseki/report/2023/2023-2kyoto1.pdf,official_daily_result_pdf
202308020107,2023,京都,2,1,7,2023-10-07,https://www.jra.go.jp/datafile/seiseki/report/2023/2023-2kyoto1.pdf,official_daily_result_pdf
202308020108,2023,京都,2,1,8,2023-10-07,https://www.jra.go.jp/datafile/seiseki/report/2023/2023-2kyoto1.pdf,official_daily_result_pdf
202308020109,2023,京都,2,1,9,2023-10-07,https://www.jra.go.jp/datafile/seiseki/report/2023/2023-2kyoto1.pdf,official_daily_result_pdf
202308020110,2023,京都,2,1,10,2023-10-07,https://www.jra.go.jp/datafile/seiseki/report/2023/2023-2kyoto1.pdf,official_daily_result_pdf
202308020111,2023,京都,2,1,11,2023-10-07,https://www.jra.go.jp/datafile/seiseki/report/2023/2023-2kyoto1.pdf,official_daily_result_pdf
202308020112,2023,京都,2,1,12,2023-10-07,https://www.jra.go.jp/datafile/seiseki/report/2023/2023-2kyoto1.pdf,official_daily_result_pdf
202308020201,2023,京都,2,2,1,2023-10-08,https://www.jra.go.jp/datafile/seiseki/report/2023/2023-2kyoto2.pdf,official_daily_result_pdf
202308020202,2023,京都,2,2,2,2023-10-08,https://www.jra.go.jp/datafile/seiseki/report/2023/2023-2kyoto2.pdf,official_daily_result_pdf
202308020203,2023,京都,2,2,3,2023-10-08,https://www.jra.go.jp/datafile/seiseki/report/2023/2023-2kyoto2.pdf,official_daily_result_pdf
202308020204,2023,京都,2,2,4,2023-10-08,https://www.jra.go.jp/datafile/seiseki/report/2023/2023-2kyoto2.pdf,official_daily_result_pdf
202308020205,2023,京都,2,2,5,2023-10-08,https://www.jra.go.jp/datafile/seiseki/report/2023/2023-2kyoto2.pdf,official_daily_result_pdf
202308020206,2023,京都,2,2,6,2023-10-08,https://www.jra.go.jp/datafile/seiseki/report/2023/2023-2kyoto2.pdf,official_daily_result_pdf
202308020207,2023,京都,2,2,7,2023-10-08,https://www.jra.go.jp/datafile/seiseki/report/2023/2023-2kyoto2.pdf,official_daily_result_pdf
202308020208,2023,京都,2,2,8,2023-10-08,https://www.jra.go.jp/datafile/seiseki/report/2023/2023-2kyoto2.pdf,official_daily_result_pdf
202308020209,2023,京都,2,2,9,2023-10-08,https://www.jra.go.jp/datafile/seiseki/report/2023/2023-2kyoto2.pdf,official_daily_result_pdf
202308020210,2023,京都,2,2,10,2023-10-08,https://www.jra.go.jp/datafile/seiseki/report/2023/2023-2kyoto2.pdf,official_daily_result_pdf
202308020211,2023,京都,2,2,11,2023-10-08,https://www.jra.go.jp/datafile/seiseki/report/2023/2023-2kyoto2.pdf,official_daily_result_pdf
202308020212,2023,京都,2,2,12,2023-10-08,https://www.jra.go.jp/datafile/seiseki/report/2023/2023-2kyoto2.pdf,official_daily_result_pdf
202308020301,2023,京都,2,3,1,2023-10-09,https://www.jra.go.jp/datafile/seiseki/report/2023/2023-2kyoto3.pdf,official_daily_result_pdf
202308020302,2023,京都,2,3,2,2023-10-09,https://www.jra.go.jp/datafile/seiseki/report/2023/2023-2kyoto3.pdf,official_daily_result_pdf
202308020303,2023,京都,2,3,3,2023-10-09,https://www.jra.go.jp/datafile/seiseki/report/2023/2023-2kyoto3.pdf,official_daily_result_pdf
202308020304,2023,京都,2,3,4,2023-10-09,https://www.jra.go.jp/datafile/seiseki/report/2023/2023-2kyoto3.pdf,official_daily_result_pdf
202308020305,2023,京都,2,3,5,2023-10-09,https://www.jra.go.jp/datafile/seiseki/report/2023/2023-2kyoto3.pdf,official_daily_result_pdf
202308020306,2023,京都,2,3,6,2023-10-09,https://www.jra.go.jp/datafile/seiseki/report/2023/2023-2kyoto3.pdf,official_daily_result_pdf
202308020307,2023,京都,2,3,7,2023-10-09,https://www.jra.go.jp/datafile/seiseki/report/2023/2023-2kyoto3.pdf,official_daily_result_pdf
202308020308,2023,京都,2,3,8,2023-10-09,https://www.jra.go.jp/datafile/seiseki/report/2023/2023-2kyoto3.pdf,official_daily_result_pdf
202308020309,2023,京都,2,3,9,2023-10-09,https://www.jra.go.jp/datafile/seiseki/report/2023/2023-2kyoto3.pdf,official_daily_result_pdf
202308020310,2023,京都,2,3,10,2023-10-09,https://www.jra.go.jp/datafile/seiseki/report/2023/2023-2kyoto3.pdf,official_daily_result_pdf
202308020311,2023,京都,2,3,11,2023-10-09,https://www.jra.go.jp/datafile/seiseki/report/2023/2023-2kyoto3.pdf,official_daily_result_pdf
202308020312,2023,京都,2,3,12,2023-10-09,https://www.jra.go.jp/datafile/seiseki/report/2023/2023-2kyoto3.pdf,official_daily_result_pdf
202308020401,2023,京都,2,4,1,2023-10-14,https://www.jra.go.jp/datafile/seiseki/report/2023/2023-2kyoto4.pdf,official_daily_result_pdf
202308020402,2023,京都,2,4,2,2023-10-14,https://www.jra.go.jp/datafile/seiseki/report/2023/2023-2kyoto4.pdf,official_daily_result_pdf
202308020403,2023,京都,2,4,3,2023-10-14,https://www.jra.go.jp/datafile/seiseki/report/2023/2023-2kyoto4.pdf,official_daily_result_pdf
202308020404,2023,京都,2,4,4,2023-10-14,https://www.jra.go.jp/datafile/seiseki/report/2023/2023-2kyoto4.pdf,official_daily_result_pdf
202308020405,2023,京都,2,4,5,2023-10-14,https://www.jra.go.jp/datafile/seiseki/report/2023/2023-2kyoto4.pdf,official_daily_result_pdf
202308020406,2023,京都,2,4,6,2023-10-14,https://www.jra.go.jp/datafile/seiseki/report/2023/2023-2kyoto4.pdf,official_daily_result_pdf
202308020407,2023,京都,2,4,7,2023-10-14,https://www.jra.go.jp/datafile/seiseki/report/2023/2023-2kyoto4.pdf,official_daily_result_pdf
202308020408,2023,京都,2,4,8,2023-10-14,https://www.jra.go.jp/datafile/seiseki/report/2023/2023-2kyoto4.pdf,official_daily_result_pdf
202308020409,2023,京都,2,4,9,2023-10-14,https://www.jra.go.jp/datafile/seiseki/report/2023/2023-2kyoto4.pdf,official_daily_result_pdf
202308020410,2023,京都,2,4,10,2023-10-14,https://www.jra.go.jp/datafile/seiseki/report/2023/2023-2kyoto4.pdf,official_daily_result_pdf
202308020411,2023,京都,2,4,11,2023-10-14,https://www.jra.go.jp/datafile/seiseki/report/2023/2023-2kyoto4.pdf,official_daily_result_pdf
202308020412,2023,京都,2,4,12,2023-10-14,https://www.jra.go.jp/datafile/seiseki/report/2023/2023-2kyoto4.pdf,official_daily_result_pdf
202308020501,2023,京都,2,5,1,2023-10-15,https://www.jra.go.jp/datafile/seiseki/report/2023/2023-2kyoto5.pdf,official_daily_result_pdf
202308020502,2023,京都,2,5,2,2023-10-15,https://www.jra.go.jp/datafile/seiseki/report/2023/2023-2kyoto5.pdf,official_daily_result_pdf
202308020503,2023,京都,2,5,3,2023-10-15,https://www.jra.go.jp/datafile/seiseki/report/2023/2023-2kyoto5.pdf,official_daily_result_pdf
202308020504,2023,京都,2,5,4,2023-10-15,https://www.jra.go.jp/datafile/seiseki/report/2023/2023-2kyoto5.pdf,official_daily_result_pdf
202308020505,2023,京都,2,5,5,2023-10-15,https://www.jra.go.jp/datafile/seiseki/report/2023/2023-2kyoto5.pdf,official_daily_result_pdf
202308020506,2023,京都,2,5,6,2023-10-15,https://www.jra.go.jp/datafile/seiseki/report/2023/2023-2kyoto5.pdf,official_daily_result_pdf
202308020507,2023,京都,2,5,7,2023-10-15,https://www.jra.go.jp/datafile/seiseki/report/2023/2023-2kyoto5.pdf,official_daily_result_pdf
202308020508,2023,京都,2,5,8,2023-10-15,https://www.jra.go.jp/datafile/seiseki/report/2023/2023-2kyoto5.pdf,official_daily_result_pdf
202308020509,2023,京都,2,5,9,2023-10-15,https://www.jra.go.jp/datafile/seiseki/report/2023/2023-2kyoto5.pdf,official_daily_result_pdf
202308020510,2023,京都,2,5,10,2023-10-15,https://www.jra.go.jp/datafile/seiseki/report/2023/2023-2kyoto5.pdf,official_daily_result_pdf
202308020511,2023,京都,2,5,11,2023-10-15,https://www.jra.go.jp/datafile/seiseki/report/2023/2023-2kyoto5.pdf,official_daily_result_pdf
202308020512,2023,京都,2,5,12,2023-10-15,https://www.jra.go.jp/datafile/seiseki/report/2023/2023-2kyoto5.pdf,official_daily_result_pdf
202308020601,2023,京都,2,6,1,2023-10-21,https://www.jra.go.jp/datafile/seiseki/report/2023/2023-2kyoto6.pdf,official_daily_result_pdf
202308020602,2023,京都,2,6,2,2023-10-21,https://www.jra.go.jp/datafile/seiseki/report/2023/2023-2kyoto6.pdf,official_daily_result_pdf
202308020603,2023,京都,2,6,3,2023-10-21,https://www.jra.go.jp/datafile/seiseki/report/2023/2023-2kyoto6.pdf,official_daily_result_pdf
202308020604,2023,京都,2,6,4,2023-10-21,https://www.jra.go.jp/datafile/seiseki/report/2023/2023-2kyoto6.pdf,official_daily_result_pdf
202308020605,2023,京都,2,6,5,2023-10-21,https://www.jra.go.jp/datafile/seiseki/report/2023/2023-2kyoto6.pdf,official_daily_result_pdf
202308020606,2023,京都,2,6,6,2023-10-21,https://www.jra.go.jp/datafile/seiseki/report/2023/2023-2kyoto6.pdf,official_daily_result_pdf
202308020607,2023,京都,2,6,7,2023-10-21,https://www.jra.go.jp/datafile/seiseki/report/2023/2023-2kyoto6.pdf,official_daily_result_pdf
202308020608,2023,京都,2,6,8,2023-10-21,https://www.jra.go.jp/datafile/seiseki/report/2023/2023-2kyoto6.pdf,official_daily_result_pdf
202308020609,2023,京都,2,6,9,2023-10-21,https://www.jra.go.jp/datafile/seiseki/report/2023/2023-2kyoto6.pdf,official_daily_result_pdf
202308020610,2023,京都,2,6,10,2023-10-21,https://www.jra.go.jp/datafile/seiseki/report/2023/2023-2kyoto6.pdf,official_daily_result_pdf
202308020611,2023,京都,2,6,11,2023-10-21,https://www.jra.go.jp/datafile/seiseki/report/2023/2023-2kyoto6.pdf,official_daily_result_pdf
202308020612,2023,京都,2,6,12,2023-10-21,https://www.jra.go.jp/datafile/seiseki/report/2023/2023-2kyoto6.pdf,official_daily_result_pdf
202308020701,2023,京都,2,7,1,2023-10-22,https://www.jra.go.jp/datafile/seiseki/report/2023/2023-2kyoto7.pdf,official_daily_result_pdf
202308020702,2023,京都,2,7,2,2023-10-22,https://www.jra.go.jp/datafile/seiseki/report/2023/2023-2kyoto7.pdf,official_daily_result_pdf
202308020703,2023,京都,2,7,3,2023-10-22,https://www.jra.go.jp/datafile/seiseki/report/2023/2023-2kyoto7.pdf,official_daily_result_pdf
202308020704,2023,京都,2,7,4,2023-10-22,https://www.jra.go.jp/datafile/seiseki/report/2023/2023-2kyoto7.pdf,official_daily_result_pdf
202308020705,2023,京都,2,7,5,2023-10-22,https://www.jra.go.jp/datafile/seiseki/report/2023/2023-2kyoto7.pdf,official_daily_result_pdf
202308020706,2023,京都,2,7,6,2023-10-22,https://www.jra.go.jp/datafile/seiseki/report/2023/2023-2kyoto7.pdf,official_daily_result_pdf
202308020707,2023,京都,2,7,7,2023-10-22,https://www.jra.go.jp/datafile/seiseki/report/2023/2023-2kyoto7.pdf,official_daily_result_pdf
202308020708,2023,京都,2,7,8,2023-10-22,https://www.jra.go.jp/datafile/seiseki/report/2023/2023-2kyoto7.pdf,official_daily_result_pdf
202308020709,2023,京都,2,7,9,2023-10-22,https://www.jra.go.jp/datafile/seiseki/report/2023/2023-2kyoto7.pdf,official_daily_result_pdf
202308020710,2023,京都,2,7,10,2023-10-22,https://www.jra.go.jp/datafile/seiseki/report/2023/2023-2kyoto7.pdf,official_daily_result_pdf
202308020711,2023,京都,2,7,11,2023-10-22,https://www.jra.go.jp/datafile/seiseki/report/2023/2023-2kyoto7.pdf,official_daily_result_pdf
202308020712,2023,京都,2,7,12,2023-10-22,https://www.jra.go.jp/datafile/seiseki/report/2023/2023-2kyoto7.pdf,official_daily_result_pdf
202308020801,2023,京都,2,8,1,2023-10-28,https://www.jra.go.jp/datafile/seiseki/report/2023/2023-2kyoto8.pdf,official_daily_result_pdf
202308020802,2023,京都,2,8,2,2023-10-28,https://www.jra.go.jp/datafile/seiseki/report/2023/2023-2kyoto8.pdf,official_daily_result_pdf
202308020803,2023,京都,2,8,3,2023-10-28,https://www.jra.go.jp/datafile/seiseki/report/2023/2023-2kyoto8.pdf,official_daily_result_pdf
202308020804,2023,京都,2,8,4,2023-10-28,https://www.jra.go.jp/datafile/seiseki/report/2023/2023-2kyoto8.pdf,official_daily_result_pdf
202308020805,2023,京都,2,8,5,2023-10-28,https://www.jra.go.jp/datafile/seiseki/report/2023/2023-2kyoto8.pdf,official_daily_result_pdf
202308020806,2023,京都,2,8,6,2023-10-28,https://www.jra.go.jp/datafile/seiseki/report/2023/2023-2kyoto8.pdf,official_daily_result_pdf
202308020807,2023,京都,2,8,7,2023-10-28,https://www.jra.go.jp/datafile/seiseki/report/2023/2023-2kyoto8.pdf,official_daily_result_pdf
202308020808,2023,京都,2,8,8,2023-10-28,https://www.jra.go.jp/datafile/seiseki/report/2023/2023-2kyoto8.pdf,official_daily_result_pdf
202308020809,2023,京都,2,8,9,2023-10-28,https://www.jra.go.jp/datafile/seiseki/report/2023/2023-2kyoto8.pdf,official_daily_result_pdf
202308020810,2023,京都,2,8,10,2023-10-28,https://www.jra.go.jp/datafile/seiseki/report/2023/2023-2kyoto8.pdf,official_daily_result_pdf
202308020811,2023,京都,2,8,11,2023-10-28,https://www.jra.go.jp/datafile/seiseki/report/2023/2023-2kyoto8.pdf,official_daily_result_pdf
202308020812,2023,京都,2,8,12,2023-10-28,https://www.jra.go.jp/datafile/seiseki/report/2023/2023-2kyoto8.pdf,official_daily_result_pdf
202308020901,2023,京都,2,9,1,2023-10-29,https://www.jra.go.jp/datafile/seiseki/report/2023/2023-2kyoto9.pdf,official_daily_result_pdf
202308020902,2023,京都,2,9,2,2023-10-29,https://www.jra.go.jp/datafile/seiseki/report/2023/2023-2kyoto9.pdf,official_daily_result_pdf
202308020903,2023,京都,2,9,3,2023-10-29,https://www.jra.go.jp/datafile/seiseki/report/2023/2023-2kyoto9.pdf,official_daily_result_pdf
202308020904,2023,京都,2,9,4,2023-10-29,https://www.jra.go.jp/datafile/seiseki/report/2023/2023-2kyoto9.pdf,official_daily_result_pdf
202308020905,2023,京都,2,9,5,2023-10-29,https://www.jra.go.jp/datafile/seiseki/report/2023/2023-2kyoto9.pdf,official_daily_result_pdf
202308020906,2023,京都,2,9,6,2023-10-29,https://www.jra.go.jp/datafile/seiseki/report/2023/2023-2kyoto9.pdf,official_daily_result_pdf
202308020907,2023,京都,2,9,7,2023-10-29,https://www.jra.go.jp/datafile/seiseki/report/2023/2023-2kyoto9.pdf,official_daily_result_pdf
202308020908,2023,京都,2,9,8,2023-10-29,https://www.jra.go.jp/datafile/seiseki/report/2023/2023-2kyoto9.pdf,official_daily_result_pdf
202308020909,2023,京都,2,9,9,2023-10-29,https://www.jra.go.jp/datafile/seiseki/report/2023/2023-2kyoto9.pdf,official_daily_result_pdf
202308020910,2023,京都,2,9,10,2023-10-29,https://www.jra.go.jp/datafile/seiseki/report/2023/2023-2kyoto9.pdf,official_daily_result_pdf
202308020911,2023,京都,2,9,11,2023-10-29,https://www.jra.go.jp/datafile/seiseki/report/2023/2023-2kyoto9.pdf,official_daily_result_pdf
202308020912,2023,京都,2,9,12,2023-10-29,https://www.jra.go.jp/datafile/seiseki/report/2023/2023-2kyoto9.pdf,official_daily_result_pdf
202308030101,2023,京都,3,1,1,2023-11-04,https://www.jra.go.jp/datafile/seiseki/report/2023/2023-3kyoto1.pdf,official_daily_result_pdf
202308030102,2023,京都,3,1,2,2023-11-04,https://www.jra.go.jp/datafile/seiseki/report/2023/2023-3kyoto1.pdf,official_daily_result_pdf
202308030103,2023,京都,3,1,3,2023-11-04,https://www.jra.go.jp/datafile/seiseki/report/2023/2023-3kyoto1.pdf,official_daily_result_pdf
202308030104,2023,京都,3,1,4,2023-11-04,https://www.jra.go.jp/datafile/seiseki/report/2023/2023-3kyoto1.pdf,official_daily_result_pdf
202308030105,2023,京都,3,1,5,2023-11-04,https://www.jra.go.jp/datafile/seiseki/report/2023/2023-3kyoto1.pdf,official_daily_result_pdf
202308030106,2023,京都,3,1,6,2023-11-04,https://www.jra.go.jp/datafile/seiseki/report/2023/2023-3kyoto1.pdf,official_daily_result_pdf
202308030107,2023,京都,3,1,7,2023-11-04,https://www.jra.go.jp/datafile/seiseki/report/2023/2023-3kyoto1.pdf,official_daily_result_pdf
202308030108,2023,京都,3,1,8,2023-11-04,https://www.jra.go.jp/datafile/seiseki/report/2023/2023-3kyoto1.pdf,official_daily_result_pdf
202308030109,2023,京都,3,1,9,2023-11-04,https://www.jra.go.jp/datafile/seiseki/report/2023/2023-3kyoto1.pdf,official_daily_result_pdf
202308030110,2023,京都,3,1,10,2023-11-04,https://www.jra.go.jp/datafile/seiseki/report/2023/2023-3kyoto1.pdf,official_daily_result_pdf
202308030111,2023,京都,3,1,11,2023-11-04,https://www.jra.go.jp/datafile/seiseki/report/2023/2023-3kyoto1.pdf,official_daily_result_pdf
202308030112,2023,京都,3,1,12,2023-11-04,https://www.jra.go.jp/datafile/seiseki/report/2023/2023-3kyoto1.pdf,official_daily_result_pdf
202308030201,2023,京都,3,2,1,2023-11-05,https://www.jra.go.jp/datafile/seiseki/report/2023/2023-3kyoto2.pdf,official_daily_result_pdf
202308030202,2023,京都,3,2,2,2023-11-05,https://www.jra.go.jp/datafile/seiseki/report/2023/2023-3kyoto2.pdf,official_daily_result_pdf
202308030203,2023,京都,3,2,3,2023-11-05,https://www.jra.go.jp/datafile/seiseki/report/2023/2023-3kyoto2.pdf,official_daily_result_pdf
202308030204,2023,京都,3,2,4,2023-11-05,https://www.jra.go.jp/datafile/seiseki/report/2023/2023-3kyoto2.pdf,official_daily_result_pdf
202308030205,2023,京都,3,2,5,2023-11-05,https://www.jra.go.jp/datafile/seiseki/report/2023/2023-3kyoto2.pdf,official_daily_result_pdf
202308030206,2023,京都,3,2,6,2023-11-05,https://www.jra.go.jp/datafile/seiseki/report/2023/2023-3kyoto2.pdf,official_daily_result_pdf
202308030207,2023,京都,3,2,7,2023-11-05,https://www.jra.go.jp/datafile/seiseki/report/2023/2023-3kyoto2.pdf,official_daily_result_pdf
202308030208,2023,京都,3,2,8,2023-11-05,https://www.jra.go.jp/datafile/seiseki/report/2023/2023-3kyoto2.pdf,official_daily_result_pdf
202308030209,2023,京都,3,2,9,2023-11-05,https://www.jra.go.jp/datafile/seiseki/report/2023/2023-3kyoto2.pdf,official_daily_result_pdf
202308030210,2023,京都,3,2,10,2023-11-05,https://www.jra.go.jp/datafile/seiseki/report/2023/2023-3kyoto2.pdf,official_daily_result_pdf
202308030211,2023,京都,3,2,11,2023-11-05,https://www.jra.go.jp/datafile/seiseki/report/2023/2023-3kyoto2.pdf,official_daily_result_pdf
202308030212,2023,京都,3,2,12,2023-11-05,https://www.jra.go.jp/datafile/seiseki/report/2023/2023-3kyoto2.pdf,official_daily_result_pdf
202308030301,2023,京都,3,3,1,2023-11-11,https://www.jra.go.jp/datafile/seiseki/report/2023/2023-3kyoto3.pdf,official_daily_result_pdf
202308030302,2023,京都,3,3,2,2023-11-11,https://www.jra.go.jp/datafile/seiseki/report/2023/2023-3kyoto3.pdf,official_daily_result_pdf
202308030303,2023,京都,3,3,3,2023-11-11,https://www.jra.go.jp/datafile/seiseki/report/2023/2023-3kyoto3.pdf,official_daily_result_pdf
202308030304,2023,京都,3,3,4,2023-11-11,https://www.jra.go.jp/datafile/seiseki/report/2023/2023-3kyoto3.pdf,official_daily_result_pdf
202308030305,2023,京都,3,3,5,2023-11-11,https://www.jra.go.jp/datafile/seiseki/report/2023/2023-3kyoto3.pdf,official_daily_result_pdf
202308030306,2023,京都,3,3,6,2023-11-11,https://www.jra.go.jp/datafile/seiseki/report/2023/2023-3kyoto3.pdf,official_daily_result_pdf
202308030307,2023,京都,3,3,7,2023-11-11,https://www.jra.go.jp/datafile/seiseki/report/2023/2023-3kyoto3.pdf,official_daily_result_pdf
202308030308,2023,京都,3,3,8,2023-11-11,https://www.jra.go.jp/datafile/seiseki/report/2023/2023-3kyoto3.pdf,official_daily_result_pdf
202308030309,2023,京都,3,3,9,2023-11-11,https://www.jra.go.jp/datafile/seiseki/report/2023/2023-3kyoto3.pdf,official_daily_result_pdf
202308030310,2023,京都,3,3,10,2023-11-11,https://www.jra.go.jp/datafile/seiseki/report/2023/2023-3kyoto3.pdf,official_daily_result_pdf
202308030311,2023,京都,3,3,11,2023-11-11,https://www.jra.go.jp/datafile/seiseki/report/2023/2023-3kyoto3.pdf,official_daily_result_pdf
202308030312,2023,京都,3,3,12,2023-11-11,https://www.jra.go.jp/datafile/seiseki/report/2023/2023-3kyoto3.pdf,official_daily_result_pdf
202308030401,2023,京都,3,4,1,2023-11-12,https://www.jra.go.jp/datafile/seiseki/report/2023/2023-3kyoto4.pdf,official_daily_result_pdf
202308030402,2023,京都,3,4,2,2023-11-12,https://www.jra.go.jp/datafile/seiseki/report/2023/2023-3kyoto4.pdf,official_daily_result_pdf
202308030403,2023,京都,3,4,3,2023-11-12,https://www.jra.go.jp/datafile/seiseki/report/2023/2023-3kyoto4.pdf,official_daily_result_pdf
202308030404,2023,京都,3,4,4,2023-11-12,https://www.jra.go.jp/datafile/seiseki/report/2023/2023-3kyoto4.pdf,official_daily_result_pdf
202308030405,2023,京都,3,4,5,2023-11-12,https://www.jra.go.jp/datafile/seiseki/report/2023/2023-3kyoto4.pdf,official_daily_result_pdf
202308030406,2023,京都,3,4,6,2023-11-12,https://www.jra.go.jp/datafile/seiseki/report/2023/2023-3kyoto4.pdf,official_daily_result_pdf
202308030407,2023,京都,3,4,7,2023-11-12,https://www.jra.go.jp/datafile/seiseki/report/2023/2023-3kyoto4.pdf,official_daily_result_pdf
202308030408,2023,京都,3,4,8,2023-11-12,https://www.jra.go.jp/datafile/seiseki/report/2023/2023-3kyoto4.pdf,official_daily_result_pdf
202308030409,2023,京都,3,4,9,2023-11-12,https://www.jra.go.jp/datafile/seiseki/report/2023/2023-3kyoto4.pdf,official_daily_result_pdf
202308030410,2023,京都,3,4,10,2023-11-12,https://www.jra.go.jp/datafile/seiseki/report/2023/2023-3kyoto4.pdf,official_daily_result_pdf
202308030411,2023,京都,3,4,11,2023-11-12,https://www.jra.go.jp/datafile/seiseki/report/2023/2023-3kyoto4.pdf,official_daily_result_pdf
202308030412,2023,京都,3,4,12,2023-11-12,https://www.jra.go.jp/datafile/seiseki/report/2023/2023-3kyoto4.pdf,official_daily_result_pdf
202308030501,2023,京都,3,5,1,2023-11-18,https://www.jra.go.jp/datafile/seiseki/report/2023/2023-3kyoto5.pdf,official_daily_result_pdf
202308030502,2023,京都,3,5,2,2023-11-18,https://www.jra.go.jp/datafile/seiseki/report/2023/2023-3kyoto5.pdf,official_daily_result_pdf
202308030503,2023,京都,3,5,3,2023-11-18,https://www.jra.go.jp/datafile/seiseki/report/2023/2023-3kyoto5.pdf,official_daily_result_pdf
202308030504,2023,京都,3,5,4,2023-11-18,https://www.jra.go.jp/datafile/seiseki/report/2023/2023-3kyoto5.pdf,official_daily_result_pdf
202308030505,2023,京都,3,5,5,2023-11-18,https://www.jra.go.jp/datafile/seiseki/report/2023/2023-3kyoto5.pdf,official_daily_result_pdf
202308030506,2023,京都,3,5,6,2023-11-18,https://www.jra.go.jp/datafile/seiseki/report/2023/2023-3kyoto5.pdf,official_daily_result_pdf
202308030507,2023,京都,3,5,7,2023-11-18,https://www.jra.go.jp/datafile/seiseki/report/2023/2023-3kyoto5.pdf,official_daily_result_pdf
202308030508,2023,京都,3,5,8,2023-11-18,https://www.jra.go.jp/datafile/seiseki/report/2023/2023-3kyoto5.pdf,official_daily_result_pdf
202308030509,2023,京都,3,5,9,2023-11-18,https://www.jra.go.jp/datafile/seiseki/report/2023/2023-3kyoto5.pdf,official_daily_result_pdf
202308030510,2023,京都,3,5,10,2023-11-18,https://www.jra.go.jp/datafile/seiseki/report/2023/2023-3kyoto5.pdf,official_daily_result_pdf
202308030511,2023,京都,3,5,11,2023-11-18,https://www.jra.go.jp/datafile/seiseki/report/2023/2023-3kyoto5.pdf,official_daily_result_pdf
202308030512,2023,京都,3,5,12,2023-11-18,https://www.jra.go.jp/datafile/seiseki/report/2023/2023-3kyoto5.pdf,official_daily_result_pdf
202308030601,2023,京都,3,6,1,2023-11-19,https://www.jra.go.jp/datafile/seiseki/report/2023/2023-3kyoto6.pdf,official_daily_result_pdf
202308030602,2023,京都,3,6,2,2023-11-19,https://www.jra.go.jp/datafile/seiseki/report/2023/2023-3kyoto6.pdf,official_daily_result_pdf
202308030603,2023,京都,3,6,3,2023-11-19,https://www.jra.go.jp/datafile/seiseki/report/2023/2023-3kyoto6.pdf,official_daily_result_pdf
202308030604,2023,京都,3,6,4,2023-11-19,https://www.jra.go.jp/datafile/seiseki/report/2023/2023-3kyoto6.pdf,official_daily_result_pdf
202308030605,2023,京都,3,6,5,2023-11-19,https://www.jra.go.jp/datafile/seiseki/report/2023/2023-3kyoto6.pdf,official_daily_result_pdf
202308030606,2023,京都,3,6,6,2023-11-19,https://www.jra.go.jp/datafile/seiseki/report/2023/2023-3kyoto6.pdf,official_daily_result_pdf
202308030607,2023,京都,3,6,7,2023-11-19,https://www.jra.go.jp/datafile/seiseki/report/2023/2023-3kyoto6.pdf,official_daily_result_pdf
202308030608,2023,京都,3,6,8,2023-11-19,https://www.jra.go.jp/datafile/seiseki/report/2023/2023-3kyoto6.pdf,official_daily_result_pdf
202308030609,2023,京都,3,6,9,2023-11-19,https://www.jra.go.jp/datafile/seiseki/report/2023/2023-3kyoto6.pdf,official_daily_result_pdf
202308030610,2023,京都,3,6,10,2023-11-19,https://www.jra.go.jp/datafile/seiseki/report/2023/2023-3kyoto6.pdf,official_daily_result_pdf
202308030611,2023,京都,3,6,11,2023-11-19,https://www.jra.go.jp/datafile/seiseki/report/2023/2023-3kyoto6.pdf,official_daily_result_pdf
202308030612,2023,京都,3,6,12,2023-11-19,https://www.jra.go.jp/datafile/seiseki/report/2023/2023-3kyoto6.pdf,official_daily_result_pdf
202308030701,2023,京都,3,7,1,2023-11-25,https://www.jra.go.jp/datafile/seiseki/report/2023/2023-3kyoto7.pdf,official_daily_result_pdf
202308030702,2023,京都,3,7,2,2023-11-25,https://www.jra.go.jp/datafile/seiseki/report/2023/2023-3kyoto7.pdf,official_daily_result_pdf
202308030703,2023,京都,3,7,3,2023-11-25,https://www.jra.go.jp/datafile/seiseki/report/2023/2023-3kyoto7.pdf,official_daily_result_pdf
202308030704,2023,京都,3,7,4,2023-11-25,https://www.jra.go.jp/datafile/seiseki/report/2023/2023-3kyoto7.pdf,official_daily_result_pdf
202308030705,2023,京都,3,7,5,2023-11-25,https://www.jra.go.jp/datafile/seiseki/report/2023/2023-3kyoto7.pdf,official_daily_result_pdf
202308030706,2023,京都,3,7,6,2023-11-25,https://www.jra.go.jp/datafile/seiseki/report/2023/2023-3kyoto7.pdf,official_daily_result_pdf
202308030707,2023,京都,3,7,7,2023-11-25,https://www.jra.go.jp/datafile/seiseki/report/2023/2023-3kyoto7.pdf,official_daily_result_pdf
202308030708,2023,京都,3,7,8,2023-11-25,https://www.jra.go.jp/datafile/seiseki/report/2023/2023-3kyoto7.pdf,official_daily_result_pdf
202308030709,2023,京都,3,7,9,2023-11-25,https://www.jra.go.jp/datafile/seiseki/report/2023/2023-3kyoto7.pdf,official_daily_result_pdf
202308030710,2023,京都,3,7,10,2023-11-25,https://www.jra.go.jp/datafile/seiseki/report/2023/2023-3kyoto7.pdf,official_daily_result_pdf
202308030711,2023,京都,3,7,11,2023-11-25,https://www.jra.go.jp/datafile/seiseki/report/2023/2023-3kyoto7.pdf,official_daily_result_pdf
202308030712,2023,京都,3,7,12,2023-11-25,https://www.jra.go.jp/datafile/seiseki/report/2023/2023-3kyoto7.pdf,official_daily_result_pdf
202308030801,2023,京都,3,8,1,2023-11-26,https://www.jra.go.jp/datafile/seiseki/report/2023/2023-3kyoto8.pdf,official_daily_result_pdf
202308030802,2023,京都,3,8,2,2023-11-26,https://www.jra.go.jp/datafile/seiseki/report/2023/2023-3kyoto8.pdf,official_daily_result_pdf
202308030803,2023,京都,3,8,3,2023-11-26,https://www.jra.go.jp/datafile/seiseki/report/2023/2023-3kyoto8.pdf,official_daily_result_pdf
202308030804,2023,京都,3,8,4,2023-11-26,https://www.jra.go.jp/datafile/seiseki/report/2023/2023-3kyoto8.pdf,official_daily_result_pdf
202308030805,2023,京都,3,8,5,2023-11-26,https://www.jra.go.jp/datafile/seiseki/report/2023/2023-3kyoto8.pdf,official_daily_result_pdf
202308030806,2023,京都,3,8,6,2023-11-26,https://www.jra.go.jp/datafile/seiseki/report/2023/2023-3kyoto8.pdf,official_daily_result_pdf
202308030807,2023,京都,3,8,7,2023-11-26,https://www.jra.go.jp/datafile/seiseki/report/2023/2023-3kyoto8.pdf,official_daily_result_pdf
202308030808,2023,京都,3,8,8,2023-11-26,https://www.jra.go.jp/datafile/seiseki/report/2023/2023-3kyoto8.pdf,official_daily_result_pdf
202308030809,2023,京都,3,8,9,2023-11-26,https://www.jra.go.jp/datafile/seiseki/report/2023/2023-3kyoto8.pdf,official_daily_result_pdf
202308030810,2023,京都,3,8,10,2023-11-26,https://www.jra.go.jp/datafile/seiseki/report/2023/2023-3kyoto8.pdf,official_daily_result_pdf
202308030811,2023,京都,3,8,11,2023-11-26,https://www.jra.go.jp/datafile/seiseki/report/2023/2023-3kyoto8.pdf,official_daily_result_pdf
202308030812,2023,京都,3,8,12,2023-11-26,https://www.jra.go.jp/datafile/seiseki/report/2023/2023-3kyoto8.pdf,official_daily_result_pdf
202309010101,2023,阪神,1,1,1,2023-02-11,https://www.jra.go.jp/datafile/seiseki/report/2023/2023-1hanshin1.pdf,official_daily_result_pdf
202309010102,2023,阪神,1,1,2,2023-02-11,https://www.jra.go.jp/datafile/seiseki/report/2023/2023-1hanshin1.pdf,official_daily_result_pdf
202309010103,2023,阪神,1,1,3,2023-02-11,https://www.jra.go.jp/datafile/seiseki/report/2023/2023-1hanshin1.pdf,official_daily_result_pdf
202309010104,2023,阪神,1,1,4,2023-02-11,https://www.jra.go.jp/datafile/seiseki/report/2023/2023-1hanshin1.pdf,official_daily_result_pdf
202309010105,2023,阪神,1,1,5,2023-02-11,https://www.jra.go.jp/datafile/seiseki/report/2023/2023-1hanshin1.pdf,official_daily_result_pdf
202309010106,2023,阪神,1,1,6,2023-02-11,https://www.jra.go.jp/datafile/seiseki/report/2023/2023-1hanshin1.pdf,official_daily_result_pdf
202309010107,2023,阪神,1,1,7,2023-02-11,https://www.jra.go.jp/datafile/seiseki/report/2023/2023-1hanshin1.pdf,official_daily_result_pdf
202309010108,2023,阪神,1,1,8,2023-02-11,https://www.jra.go.jp/datafile/seiseki/report/2023/2023-1hanshin1.pdf,official_daily_result_pdf
202309010109,2023,阪神,1,1,9,2023-02-11,https://www.jra.go.jp/datafile/seiseki/report/2023/2023-1hanshin1.pdf,official_daily_result_pdf
202309010110,2023,阪神,1,1,10,2023-02-11,https://www.jra.go.jp/datafile/seiseki/report/2023/2023-1hanshin1.pdf,official_daily_result_pdf
202309010111,2023,阪神,1,1,11,2023-02-11,https://www.jra.go.jp/datafile/seiseki/report/2023/2023-1hanshin1.pdf,official_daily_result_pdf
202309010112,2023,阪神,1,1,12,2023-02-11,https://www.jra.go.jp/datafile/seiseki/report/2023/2023-1hanshin1.pdf,official_daily_result_pdf
202309010201,2023,阪神,1,2,1,2023-02-12,https://www.jra.go.jp/datafile/seiseki/report/2023/2023-1hanshin2.pdf,official_daily_result_pdf
202309010202,2023,阪神,1,2,2,2023-02-12,https://www.jra.go.jp/datafile/seiseki/report/2023/2023-1hanshin2.pdf,official_daily_result_pdf
202309010203,2023,阪神,1,2,3,2023-02-12,https://www.jra.go.jp/datafile/seiseki/report/2023/2023-1hanshin2.pdf,official_daily_result_pdf
202309010204,2023,阪神,1,2,4,2023-02-12,https://www.jra.go.jp/datafile/seiseki/report/2023/2023-1hanshin2.pdf,official_daily_result_pdf
202309010205,2023,阪神,1,2,5,2023-02-12,https://www.jra.go.jp/datafile/seiseki/report/2023/2023-1hanshin2.pdf,official_daily_result_pdf
202309010206,2023,阪神,1,2,6,2023-02-12,https://www.jra.go.jp/datafile/seiseki/report/2023/2023-1hanshin2.pdf,official_daily_result_pdf
202309010207,2023,阪神,1,2,7,2023-02-12,https://www.jra.go.jp/datafile/seiseki/report/2023/2023-1hanshin2.pdf,official_daily_result_pdf
202309010208,2023,阪神,1,2,8,2023-02-12,https://www.jra.go.jp/datafile/seiseki/report/2023/2023-1hanshin2.pdf,official_daily_result_pdf
202309010209,2023,阪神,1,2,9,2023-02-12,https://www.jra.go.jp/datafile/seiseki/report/2023/2023-1hanshin2.pdf,official_daily_result_pdf
202309010210,2023,阪神,1,2,10,2023-02-12,https://www.jra.go.jp/datafile/seiseki/report/2023/2023-1hanshin2.pdf,official_daily_result_pdf
202309010211,2023,阪神,1,2,11,2023-02-12,https://www.jra.go.jp/datafile/seiseki/report/2023/2023-1hanshin2.pdf,official_daily_result_pdf
202309010212,2023,阪神,1,2,12,2023-02-12,https://www.jra.go.jp/datafile/seiseki/report/2023/2023-1hanshin2.pdf,official_daily_result_pdf
202309010301,2023,阪神,1,3,1,2023-02-18,https://www.jra.go.jp/datafile/seiseki/report/2023/2023-1hanshin3.pdf,official_daily_result_pdf
202309010302,2023,阪神,1,3,2,2023-02-18,https://www.jra.go.jp/datafile/seiseki/report/2023/2023-1hanshin3.pdf,official_daily_result_pdf
202309010303,2023,阪神,1,3,3,2023-02-18,https://www.jra.go.jp/datafile/seiseki/report/2023/2023-1hanshin3.pdf,official_daily_result_pdf
202309010304,2023,阪神,1,3,4,2023-02-18,https://www.jra.go.jp/datafile/seiseki/report/2023/2023-1hanshin3.pdf,official_daily_result_pdf
202309010305,2023,阪神,1,3,5,2023-02-18,https://www.jra.go.jp/datafile/seiseki/report/2023/2023-1hanshin3.pdf,official_daily_result_pdf
202309010306,2023,阪神,1,3,6,2023-02-18,https://www.jra.go.jp/datafile/seiseki/report/2023/2023-1hanshin3.pdf,official_daily_result_pdf
202309010307,2023,阪神,1,3,7,2023-02-18,https://www.jra.go.jp/datafile/seiseki/report/2023/2023-1hanshin3.pdf,official_daily_result_pdf
202309010308,2023,阪神,1,3,8,2023-02-18,https://www.jra.go.jp/datafile/seiseki/report/2023/2023-1hanshin3.pdf,official_daily_result_pdf
202309010309,2023,阪神,1,3,9,2023-02-18,https://www.jra.go.jp/datafile/seiseki/report/2023/2023-1hanshin3.pdf,official_daily_result_pdf
202309010310,2023,阪神,1,3,10,2023-02-18,https://www.jra.go.jp/datafile/seiseki/report/2023/2023-1hanshin3.pdf,official_daily_result_pdf
202309010311,2023,阪神,1,3,11,2023-02-18,https://www.jra.go.jp/datafile/seiseki/report/2023/2023-1hanshin3.pdf,official_daily_result_pdf
202309010312,2023,阪神,1,3,12,2023-02-18,https://www.jra.go.jp/datafile/seiseki/report/2023/2023-1hanshin3.pdf,official_daily_result_pdf
202309010401,2023,阪神,1,4,1,2023-02-19,https://www.jra.go.jp/datafile/seiseki/report/2023/2023-1hanshin4.pdf,official_daily_result_pdf
202309010402,2023,阪神,1,4,2,2023-02-19,https://www.jra.go.jp/datafile/seiseki/report/2023/2023-1hanshin4.pdf,official_daily_result_pdf
202309010403,2023,阪神,1,4,3,2023-02-19,https://www.jra.go.jp/datafile/seiseki/report/2023/2023-1hanshin4.pdf,official_daily_result_pdf
202309010404,2023,阪神,1,4,4,2023-02-19,https://www.jra.go.jp/datafile/seiseki/report/2023/2023-1hanshin4.pdf,official_daily_result_pdf
202309010405,2023,阪神,1,4,5,2023-02-19,https://www.jra.go.jp/datafile/seiseki/report/2023/2023-1hanshin4.pdf,official_daily_result_pdf
202309010406,2023,阪神,1,4,6,2023-02-19,https://www.jra.go.jp/datafile/seiseki/report/2023/2023-1hanshin4.pdf,official_daily_result_pdf
202309010407,2023,阪神,1,4,7,2023-02-19,https://www.jra.go.jp/datafile/seiseki/report/2023/2023-1hanshin4.pdf,official_daily_result_pdf
202309010408,2023,阪神,1,4,8,2023-02-19,https://www.jra.go.jp/datafile/seiseki/report/2023/2023-1hanshin4.pdf,official_daily_result_pdf
202309010409,2023,阪神,1,4,9,2023-02-19,https://www.jra.go.jp/datafile/seiseki/report/2023/2023-1hanshin4.pdf,official_daily_result_pdf
202309010410,2023,阪神,1,4,10,2023-02-19,https://www.jra.go.jp/datafile/seiseki/report/2023/2023-1hanshin4.pdf,official_daily_result_pdf
202309010411,2023,阪神,1,4,11,2023-02-19,https://www.jra.go.jp/datafile/seiseki/report/2023/2023-1hanshin4.pdf,official_daily_result_pdf
202309010412,2023,阪神,1,4,12,2023-02-19,https://www.jra.go.jp/datafile/seiseki/report/2023/2023-1hanshin4.pdf,official_daily_result_pdf
202309010501,2023,阪神,1,5,1,2023-02-25,https://www.jra.go.jp/datafile/seiseki/report/2023/2023-1hanshin5.pdf,official_daily_result_pdf
202309010502,2023,阪神,1,5,2,2023-02-25,https://www.jra.go.jp/datafile/seiseki/report/2023/2023-1hanshin5.pdf,official_daily_result_pdf
202309010503,2023,阪神,1,5,3,2023-02-25,https://www.jra.go.jp/datafile/seiseki/report/2023/2023-1hanshin5.pdf,official_daily_result_pdf
202309010504,2023,阪神,1,5,4,2023-02-25,https://www.jra.go.jp/datafile/seiseki/report/2023/2023-1hanshin5.pdf,official_daily_result_pdf
202309010505,2023,阪神,1,5,5,2023-02-25,https://www.jra.go.jp/datafile/seiseki/report/2023/2023-1hanshin5.pdf,official_daily_result_pdf
202309010506,2023,阪神,1,5,6,2023-02-25,https://www.jra.go.jp/datafile/seiseki/report/2023/2023-1hanshin5.pdf,official_daily_result_pdf
202309010507,2023,阪神,1,5,7,2023-02-25,https://www.jra.go.jp/datafile/seiseki/report/2023/2023-1hanshin5.pdf,official_daily_result_pdf
202309010508,2023,阪神,1,5,8,2023-02-25,https://www.jra.go.jp/datafile/seiseki/report/2023/2023-1hanshin5.pdf,official_daily_result_pdf
202309010509,2023,阪神,1,5,9,2023-02-25,https://www.jra.go.jp/datafile/seiseki/report/2023/2023-1hanshin5.pdf,official_daily_result_pdf
202309010510,2023,阪神,1,5,10,2023-02-25,https://www.jra.go.jp/datafile/seiseki/report/2023/2023-1hanshin5.pdf,official_daily_result_pdf
202309010511,2023,阪神,1,5,11,2023-02-25,https://www.jra.go.jp/datafile/seiseki/report/2023/2023-1hanshin5.pdf,official_daily_result_pdf
202309010512,2023,阪神,1,5,12,2023-02-25,https://www.jra.go.jp/datafile/seiseki/report/2023/2023-1hanshin5.pdf,official_daily_result_pdf
202309010601,2023,阪神,1,6,1,2023-02-26,https://www.jra.go.jp/datafile/seiseki/report/2023/2023-1hanshin6.pdf,official_daily_result_pdf
202309010602,2023,阪神,1,6,2,2023-02-26,https://www.jra.go.jp/datafile/seiseki/report/2023/2023-1hanshin6.pdf,official_daily_result_pdf
202309010603,2023,阪神,1,6,3,2023-02-26,https://www.jra.go.jp/datafile/seiseki/report/2023/2023-1hanshin6.pdf,official_daily_result_pdf
202309010604,2023,阪神,1,6,4,2023-02-26,https://www.jra.go.jp/datafile/seiseki/report/2023/2023-1hanshin6.pdf,official_daily_result_pdf
202309010605,2023,阪神,1,6,5,2023-02-26,https://www.jra.go.jp/datafile/seiseki/report/2023/2023-1hanshin6.pdf,official_daily_result_pdf
202309010606,2023,阪神,1,6,6,2023-02-26,https://www.jra.go.jp/datafile/seiseki/report/2023/2023-1hanshin6.pdf,official_daily_result_pdf
202309010607,2023,阪神,1,6,7,2023-02-26,https://www.jra.go.jp/datafile/seiseki/report/2023/2023-1hanshin6.pdf,official_daily_result_pdf
202309010608,2023,阪神,1,6,8,2023-02-26,https://www.jra.go.jp/datafile/seiseki/report/2023/2023-1hanshin6.pdf,official_daily_result_pdf
202309010609,2023,阪神,1,6,9,2023-02-26,https://www.jra.go.jp/datafile/seiseki/report/2023/2023-1hanshin6.pdf,official_daily_result_pdf
202309010610,2023,阪神,1,6,10,2023-02-26,https://www.jra.go.jp/datafile/seiseki/report/2023/2023-1hanshin6.pdf,official_daily_result_pdf
202309010611,2023,阪神,1,6,11,2023-02-26,https://www.jra.go.jp/datafile/seiseki/report/2023/2023-1hanshin6.pdf,official_daily_result_pdf
202309010612,2023,阪神,1,6,12,2023-02-26,https://www.jra.go.jp/datafile/seiseki/report/2023/2023-1hanshin6.pdf,official_daily_result_pdf
202309010701,2023,阪神,1,7,1,2023-03-04,https://www.jra.go.jp/datafile/seiseki/report/2023/2023-1hanshin7.pdf,official_daily_result_pdf
202309010702,2023,阪神,1,7,2,2023-03-04,https://www.jra.go.jp/datafile/seiseki/report/2023/2023-1hanshin7.pdf,official_daily_result_pdf
202309010703,2023,阪神,1,7,3,2023-03-04,https://www.jra.go.jp/datafile/seiseki/report/2023/2023-1hanshin7.pdf,official_daily_result_pdf
202309010704,2023,阪神,1,7,4,2023-03-04,https://www.jra.go.jp/datafile/seiseki/report/2023/2023-1hanshin7.pdf,official_daily_result_pdf
202309010705,2023,阪神,1,7,5,2023-03-04,https://www.jra.go.jp/datafile/seiseki/report/2023/2023-1hanshin7.pdf,official_daily_result_pdf
202309010706,2023,阪神,1,7,6,2023-03-04,https://www.jra.go.jp/datafile/seiseki/report/2023/2023-1hanshin7.pdf,official_daily_result_pdf
202309010707,2023,阪神,1,7,7,2023-03-04,https://www.jra.go.jp/datafile/seiseki/report/2023/2023-1hanshin7.pdf,official_daily_result_pdf
202309010708,2023,阪神,1,7,8,2023-03-04,https://www.jra.go.jp/datafile/seiseki/report/2023/2023-1hanshin7.pdf,official_daily_result_pdf
202309010709,2023,阪神,1,7,9,2023-03-04,https://www.jra.go.jp/datafile/seiseki/report/2023/2023-1hanshin7.pdf,official_daily_result_pdf
202309010710,2023,阪神,1,7,10,2023-03-04,https://www.jra.go.jp/datafile/seiseki/report/2023/2023-1hanshin7.pdf,official_daily_result_pdf
202309010711,2023,阪神,1,7,11,2023-03-04,https://www.jra.go.jp/datafile/seiseki/report/2023/2023-1hanshin7.pdf,official_daily_result_pdf
202309010712,2023,阪神,1,7,12,2023-03-04,https://www.jra.go.jp/datafile/seiseki/report/2023/2023-1hanshin7.pdf,official_daily_result_pdf
202309010801,2023,阪神,1,8,1,2023-03-05,https://www.jra.go.jp/datafile/seiseki/report/2023/2023-1hanshin8.pdf,official_daily_result_pdf
202309010802,2023,阪神,1,8,2,2023-03-05,https://www.jra.go.jp/datafile/seiseki/report/2023/2023-1hanshin8.pdf,official_daily_result_pdf
202309010803,2023,阪神,1,8,3,2023-03-05,https://www.jra.go.jp/datafile/seiseki/report/2023/2023-1hanshin8.pdf,official_daily_result_pdf
202309010804,2023,阪神,1,8,4,2023-03-05,https://www.jra.go.jp/datafile/seiseki/report/2023/2023-1hanshin8.pdf,official_daily_result_pdf
202309010805,2023,阪神,1,8,5,2023-03-05,https://www.jra.go.jp/datafile/seiseki/report/2023/2023-1hanshin8.pdf,official_daily_result_pdf
202309010806,2023,阪神,1,8,6,2023-03-05,https://www.jra.go.jp/datafile/seiseki/report/2023/2023-1hanshin8.pdf,official_daily_result_pdf
202309010807,2023,阪神,1,8,7,2023-03-05,https://www.jra.go.jp/datafile/seiseki/report/2023/2023-1hanshin8.pdf,official_daily_result_pdf
202309010808,2023,阪神,1,8,8,2023-03-05,https://www.jra.go.jp/datafile/seiseki/report/2023/2023-1hanshin8.pdf,official_daily_result_pdf
202309010809,2023,阪神,1,8,9,2023-03-05,https://www.jra.go.jp/datafile/seiseki/report/2023/2023-1hanshin8.pdf,official_daily_result_pdf
202309010810,2023,阪神,1,8,10,2023-03-05,https://www.jra.go.jp/datafile/seiseki/report/2023/2023-1hanshin8.pdf,official_daily_result_pdf
202309010811,2023,阪神,1,8,11,2023-03-05,https://www.jra.go.jp/datafile/seiseki/report/2023/2023-1hanshin8.pdf,official_daily_result_pdf
202309010812,2023,阪神,1,8,12,2023-03-05,https://www.jra.go.jp/datafile/seiseki/report/2023/2023-1hanshin8.pdf,official_daily_result_pdf
202309010901,2023,阪神,1,9,1,2023-03-11,https://www.jra.go.jp/datafile/seiseki/report/2023/2023-1hanshin9.pdf,official_daily_result_pdf
202309010902,2023,阪神,1,9,2,2023-03-11,https://www.jra.go.jp/datafile/seiseki/report/2023/2023-1hanshin9.pdf,official_daily_result_pdf
202309010903,2023,阪神,1,9,3,2023-03-11,https://www.jra.go.jp/datafile/seiseki/report/2023/2023-1hanshin9.pdf,official_daily_result_pdf
202309010904,2023,阪神,1,9,4,2023-03-11,https://www.jra.go.jp/datafile/seiseki/report/2023/2023-1hanshin9.pdf,official_daily_result_pdf
202309010905,2023,阪神,1,9,5,2023-03-11,https://www.jra.go.jp/datafile/seiseki/report/2023/2023-1hanshin9.pdf,official_daily_result_pdf
202309010906,2023,阪神,1,9,6,2023-03-11,https://www.jra.go.jp/datafile/seiseki/report/2023/2023-1hanshin9.pdf,official_daily_result_pdf
202309010907,2023,阪神,1,9,7,2023-03-11,https://www.jra.go.jp/datafile/seiseki/report/2023/2023-1hanshin9.pdf,official_daily_result_pdf
202309010908,2023,阪神,1,9,8,2023-03-11,https://www.jra.go.jp/datafile/seiseki/report/2023/2023-1hanshin9.pdf,official_daily_result_pdf
202309010909,2023,阪神,1,9,9,2023-03-11,https://www.jra.go.jp/datafile/seiseki/report/2023/2023-1hanshin9.pdf,official_daily_result_pdf
202309010910,2023,阪神,1,9,10,2023-03-11,https://www.jra.go.jp/datafile/seiseki/report/2023/2023-1hanshin9.pdf,official_daily_result_pdf
202309010911,2023,阪神,1,9,11,2023-03-11,https://www.jra.go.jp/datafile/seiseki/report/2023/2023-1hanshin9.pdf,official_daily_result_pdf
202309010912,2023,阪神,1,9,12,2023-03-11,https://www.jra.go.jp/datafile/seiseki/report/2023/2023-1hanshin9.pdf,official_daily_result_pdf
202309011001,2023,阪神,1,10,1,2023-03-12,https://www.jra.go.jp/datafile/seiseki/report/2023/2023-1hanshin10.pdf,official_daily_result_pdf
202309011002,2023,阪神,1,10,2,2023-03-12,https://www.jra.go.jp/datafile/seiseki/report/2023/2023-1hanshin10.pdf,official_daily_result_pdf
202309011003,2023,阪神,1,10,3,2023-03-12,https://www.jra.go.jp/datafile/seiseki/report/2023/2023-1hanshin10.pdf,official_daily_result_pdf
202309011004,2023,阪神,1,10,4,2023-03-12,https://www.jra.go.jp/datafile/seiseki/report/2023/2023-1hanshin10.pdf,official_daily_result_pdf
202309011005,2023,阪神,1,10,5,2023-03-12,https://www.jra.go.jp/datafile/seiseki/report/2023/2023-1hanshin10.pdf,official_daily_result_pdf
202309011006,2023,阪神,1,10,6,2023-03-12,https://www.jra.go.jp/datafile/seiseki/report/2023/2023-1hanshin10.pdf,official_daily_result_pdf
202309011007,2023,阪神,1,10,7,2023-03-12,https://www.jra.go.jp/datafile/seiseki/report/2023/2023-1hanshin10.pdf,official_daily_result_pdf
202309011008,2023,阪神,1,10,8,2023-03-12,https://www.jra.go.jp/datafile/seiseki/report/2023/2023-1hanshin10.pdf,official_daily_result_pdf
202309011009,2023,阪神,1,10,9,2023-03-12,https://www.jra.go.jp/datafile/seiseki/report/2023/2023-1hanshin10.pdf,official_daily_result_pdf
202309011010,2023,阪神,1,10,10,2023-03-12,https://www.jra.go.jp/datafile/seiseki/report/2023/2023-1hanshin10.pdf,official_daily_result_pdf
202309011011,2023,阪神,1,10,11,2023-03-12,https://www.jra.go.jp/datafile/seiseki/report/2023/2023-1hanshin10.pdf,official_daily_result_pdf
202309011012,2023,阪神,1,10,12,2023-03-12,https://www.jra.go.jp/datafile/seiseki/report/2023/2023-1hanshin10.pdf,official_daily_result_pdf
202309011101,2023,阪神,1,11,1,2023-03-18,https://www.jra.go.jp/datafile/seiseki/report/2023/2023-1hanshin11.pdf,official_daily_result_pdf
202309011102,2023,阪神,1,11,2,2023-03-18,https://www.jra.go.jp/datafile/seiseki/report/2023/2023-1hanshin11.pdf,official_daily_result_pdf
202309011103,2023,阪神,1,11,3,2023-03-18,https://www.jra.go.jp/datafile/seiseki/report/2023/2023-1hanshin11.pdf,official_daily_result_pdf
202309011104,2023,阪神,1,11,4,2023-03-18,https://www.jra.go.jp/datafile/seiseki/report/2023/2023-1hanshin11.pdf,official_daily_result_pdf
202309011105,2023,阪神,1,11,5,2023-03-18,https://www.jra.go.jp/datafile/seiseki/report/2023/2023-1hanshin11.pdf,official_daily_result_pdf
202309011106,2023,阪神,1,11,6,2023-03-18,https://www.jra.go.jp/datafile/seiseki/report/2023/2023-1hanshin11.pdf,official_daily_result_pdf
202309011107,2023,阪神,1,11,7,2023-03-18,https://www.jra.go.jp/datafile/seiseki/report/2023/2023-1hanshin11.pdf,official_daily_result_pdf
202309011108,2023,阪神,1,11,8,2023-03-18,https://www.jra.go.jp/datafile/seiseki/report/2023/2023-1hanshin11.pdf,official_daily_result_pdf
202309011109,2023,阪神,1,11,9,2023-03-18,https://www.jra.go.jp/datafile/seiseki/report/2023/2023-1hanshin11.pdf,official_daily_result_pdf
202309011110,2023,阪神,1,11,10,2023-03-18,https://www.jra.go.jp/datafile/seiseki/report/2023/2023-1hanshin11.pdf,official_daily_result_pdf
202309011111,2023,阪神,1,11,11,2023-03-18,https://www.jra.go.jp/datafile/seiseki/report/2023/2023-1hanshin11.pdf,official_daily_result_pdf
202309011112,2023,阪神,1,11,12,2023-03-18,https://www.jra.go.jp/datafile/seiseki/report/2023/2023-1hanshin11.pdf,official_daily_result_pdf
202309011201,2023,阪神,1,12,1,2023-03-19,https://www.jra.go.jp/datafile/seiseki/report/2023/2023-1hanshin12.pdf,official_daily_result_pdf
202309011202,2023,阪神,1,12,2,2023-03-19,https://www.jra.go.jp/datafile/seiseki/report/2023/2023-1hanshin12.pdf,official_daily_result_pdf
202309011203,2023,阪神,1,12,3,2023-03-19,https://www.jra.go.jp/datafile/seiseki/report/2023/2023-1hanshin12.pdf,official_daily_result_pdf
202309011204,2023,阪神,1,12,4,2023-03-19,https://www.jra.go.jp/datafile/seiseki/report/2023/2023-1hanshin12.pdf,official_daily_result_pdf
202309011205,2023,阪神,1,12,5,2023-03-19,https://www.jra.go.jp/datafile/seiseki/report/2023/2023-1hanshin12.pdf,official_daily_result_pdf
202309011206,2023,阪神,1,12,6,2023-03-19,https://www.jra.go.jp/datafile/seiseki/report/2023/2023-1hanshin12.pdf,official_daily_result_pdf
202309011207,2023,阪神,1,12,7,2023-03-19,https://www.jra.go.jp/datafile/seiseki/report/2023/2023-1hanshin12.pdf,official_daily_result_pdf
202309011208,2023,阪神,1,12,8,2023-03-19,https://www.jra.go.jp/datafile/seiseki/report/2023/2023-1hanshin12.pdf,official_daily_result_pdf
202309011209,2023,阪神,1,12,9,2023-03-19,https://www.jra.go.jp/datafile/seiseki/report/2023/2023-1hanshin12.pdf,official_daily_result_pdf
202309011210,2023,阪神,1,12,10,2023-03-19,https://www.jra.go.jp/datafile/seiseki/report/2023/2023-1hanshin12.pdf,official_daily_result_pdf
202309011211,2023,阪神,1,12,11,2023-03-19,https://www.jra.go.jp/datafile/seiseki/report/2023/2023-1hanshin12.pdf,official_daily_result_pdf
202309011212,2023,阪神,1,12,12,2023-03-19,https://www.jra.go.jp/datafile/seiseki/report/2023/2023-1hanshin12.pdf,official_daily_result_pdf
202309020101,2023,阪神,2,1,1,2023-03-25,https://www.jra.go.jp/datafile/seiseki/report/2023/2023-2hanshin1.pdf,official_daily_result_pdf
202309020102,2023,阪神,2,1,2,2023-03-25,https://www.jra.go.jp/datafile/seiseki/report/2023/2023-2hanshin1.pdf,official_daily_result_pdf
202309020103,2023,阪神,2,1,3,2023-03-25,https://www.jra.go.jp/datafile/seiseki/report/2023/2023-2hanshin1.pdf,official_daily_result_pdf
202309020104,2023,阪神,2,1,4,2023-03-25,https://www.jra.go.jp/datafile/seiseki/report/2023/2023-2hanshin1.pdf,official_daily_result_pdf
202309020105,2023,阪神,2,1,5,2023-03-25,https://www.jra.go.jp/datafile/seiseki/report/2023/2023-2hanshin1.pdf,official_daily_result_pdf
202309020106,2023,阪神,2,1,6,2023-03-25,https://www.jra.go.jp/datafile/seiseki/report/2023/2023-2hanshin1.pdf,official_daily_result_pdf
202309020107,2023,阪神,2,1,7,2023-03-25,https://www.jra.go.jp/datafile/seiseki/report/2023/2023-2hanshin1.pdf,official_daily_result_pdf
202309020108,2023,阪神,2,1,8,2023-03-25,https://www.jra.go.jp/datafile/seiseki/report/2023/2023-2hanshin1.pdf,official_daily_result_pdf
202309020109,2023,阪神,2,1,9,2023-03-25,https://www.jra.go.jp/datafile/seiseki/report/2023/2023-2hanshin1.pdf,official_daily_result_pdf
202309020110,2023,阪神,2,1,10,2023-03-25,https://www.jra.go.jp/datafile/seiseki/report/2023/2023-2hanshin1.pdf,official_daily_result_pdf
202309020111,2023,阪神,2,1,11,2023-03-25,https://www.jra.go.jp/datafile/seiseki/report/2023/2023-2hanshin1.pdf,official_daily_result_pdf
202309020112,2023,阪神,2,1,12,2023-03-25,https://www.jra.go.jp/datafile/seiseki/report/2023/2023-2hanshin1.pdf,official_daily_result_pdf
202309020201,2023,阪神,2,2,1,2023-03-26,https://www.jra.go.jp/datafile/seiseki/report/2023/2023-2hanshin2.pdf,official_daily_result_pdf
202309020202,2023,阪神,2,2,2,2023-03-26,https://www.jra.go.jp/datafile/seiseki/report/2023/2023-2hanshin2.pdf,official_daily_result_pdf
202309020203,2023,阪神,2,2,3,2023-03-26,https://www.jra.go.jp/datafile/seiseki/report/2023/2023-2hanshin2.pdf,official_daily_result_pdf
202309020204,2023,阪神,2,2,4,2023-03-26,https://www.jra.go.jp/datafile/seiseki/report/2023/2023-2hanshin2.pdf,official_daily_result_pdf
202309020205,2023,阪神,2,2,5,2023-03-26,https://www.jra.go.jp/datafile/seiseki/report/2023/2023-2hanshin2.pdf,official_daily_result_pdf
202309020206,2023,阪神,2,2,6,2023-03-26,https://www.jra.go.jp/datafile/seiseki/report/2023/2023-2hanshin2.pdf,official_daily_result_pdf
202309020207,2023,阪神,2,2,7,2023-03-26,https://www.jra.go.jp/datafile/seiseki/report/2023/2023-2hanshin2.pdf,official_daily_result_pdf
202309020208,2023,阪神,2,2,8,2023-03-26,https://www.jra.go.jp/datafile/seiseki/report/2023/2023-2hanshin2.pdf,official_daily_result_pdf
202309020209,2023,阪神,2,2,9,2023-03-26,https://www.jra.go.jp/datafile/seiseki/report/2023/2023-2hanshin2.pdf,official_daily_result_pdf
202309020210,2023,阪神,2,2,10,2023-03-26,https://www.jra.go.jp/datafile/seiseki/report/2023/2023-2hanshin2.pdf,official_daily_result_pdf
202309020211,2023,阪神,2,2,11,2023-03-26,https://www.jra.go.jp/datafile/seiseki/report/2023/2023-2hanshin2.pdf,official_daily_result_pdf
202309020212,2023,阪神,2,2,12,2023-03-26,https://www.jra.go.jp/datafile/seiseki/report/2023/2023-2hanshin2.pdf,official_daily_result_pdf
202309020301,2023,阪神,2,3,1,2023-04-01,https://www.jra.go.jp/datafile/seiseki/report/2023/2023-2hanshin3.pdf,official_daily_result_pdf
202309020302,2023,阪神,2,3,2,2023-04-01,https://www.jra.go.jp/datafile/seiseki/report/2023/2023-2hanshin3.pdf,official_daily_result_pdf
202309020303,2023,阪神,2,3,3,2023-04-01,https://www.jra.go.jp/datafile/seiseki/report/2023/2023-2hanshin3.pdf,official_daily_result_pdf
202309020304,2023,阪神,2,3,4,2023-04-01,https://www.jra.go.jp/datafile/seiseki/report/2023/2023-2hanshin3.pdf,official_daily_result_pdf
202309020305,2023,阪神,2,3,5,2023-04-01,https://www.jra.go.jp/datafile/seiseki/report/2023/2023-2hanshin3.pdf,official_daily_result_pdf
202309020306,2023,阪神,2,3,6,2023-04-01,https://www.jra.go.jp/datafile/seiseki/report/2023/2023-2hanshin3.pdf,official_daily_result_pdf
202309020307,2023,阪神,2,3,7,2023-04-01,https://www.jra.go.jp/datafile/seiseki/report/2023/2023-2hanshin3.pdf,official_daily_result_pdf
202309020308,2023,阪神,2,3,8,2023-04-01,https://www.jra.go.jp/datafile/seiseki/report/2023/2023-2hanshin3.pdf,official_daily_result_pdf
202309020309,2023,阪神,2,3,9,2023-04-01,https://www.jra.go.jp/datafile/seiseki/report/2023/2023-2hanshin3.pdf,official_daily_result_pdf
202309020310,2023,阪神,2,3,10,2023-04-01,https://www.jra.go.jp/datafile/seiseki/report/2023/2023-2hanshin3.pdf,official_daily_result_pdf
202309020311,2023,阪神,2,3,11,2023-04-01,https://www.jra.go.jp/datafile/seiseki/report/2023/2023-2hanshin3.pdf,official_daily_result_pdf
202309020312,2023,阪神,2,3,12,2023-04-01,https://www.jra.go.jp/datafile/seiseki/report/2023/2023-2hanshin3.pdf,official_daily_result_pdf
202309020401,2023,阪神,2,4,1,2023-04-02,https://www.jra.go.jp/datafile/seiseki/report/2023/2023-2hanshin4.pdf,official_daily_result_pdf
202309020402,2023,阪神,2,4,2,2023-04-02,https://www.jra.go.jp/datafile/seiseki/report/2023/2023-2hanshin4.pdf,official_daily_result_pdf
202309020403,2023,阪神,2,4,3,2023-04-02,https://www.jra.go.jp/datafile/seiseki/report/2023/2023-2hanshin4.pdf,official_daily_result_pdf
202309020404,2023,阪神,2,4,4,2023-04-02,https://www.jra.go.jp/datafile/seiseki/report/2023/2023-2hanshin4.pdf,official_daily_result_pdf
202309020405,2023,阪神,2,4,5,2023-04-02,https://www.jra.go.jp/datafile/seiseki/report/2023/2023-2hanshin4.pdf,official_daily_result_pdf
202309020406,2023,阪神,2,4,6,2023-04-02,https://www.jra.go.jp/datafile/seiseki/report/2023/2023-2hanshin4.pdf,official_daily_result_pdf
202309020407,2023,阪神,2,4,7,2023-04-02,https://www.jra.go.jp/datafile/seiseki/report/2023/2023-2hanshin4.pdf,official_daily_result_pdf
202309020408,2023,阪神,2,4,8,2023-04-02,https://www.jra.go.jp/datafile/seiseki/report/2023/2023-2hanshin4.pdf,official_daily_result_pdf
202309020409,2023,阪神,2,4,9,2023-04-02,https://www.jra.go.jp/datafile/seiseki/report/2023/2023-2hanshin4.pdf,official_daily_result_pdf
202309020410,2023,阪神,2,4,10,2023-04-02,https://www.jra.go.jp/datafile/seiseki/report/2023/2023-2hanshin4.pdf,official_daily_result_pdf
202309020411,2023,阪神,2,4,11,2023-04-02,https://www.jra.go.jp/datafile/seiseki/report/2023/2023-2hanshin4.pdf,official_daily_result_pdf
202309020412,2023,阪神,2,4,12,2023-04-02,https://www.jra.go.jp/datafile/seiseki/report/2023/2023-2hanshin4.pdf,official_daily_result_pdf
202309020501,2023,阪神,2,5,1,2023-04-08,https://www.jra.go.jp/datafile/seiseki/report/2023/2023-2hanshin5.pdf,official_daily_result_pdf
202309020502,2023,阪神,2,5,2,2023-04-08,https://www.jra.go.jp/datafile/seiseki/report/2023/2023-2hanshin5.pdf,official_daily_result_pdf
202309020503,2023,阪神,2,5,3,2023-04-08,https://www.jra.go.jp/datafile/seiseki/report/2023/2023-2hanshin5.pdf,official_daily_result_pdf
202309020504,2023,阪神,2,5,4,2023-04-08,https://www.jra.go.jp/datafile/seiseki/report/2023/2023-2hanshin5.pdf,official_daily_result_pdf
202309020505,2023,阪神,2,5,5,2023-04-08,https://www.jra.go.jp/datafile/seiseki/report/2023/2023-2hanshin5.pdf,official_daily_result_pdf
202309020506,2023,阪神,2,5,6,2023-04-08,https://www.jra.go.jp/datafile/seiseki/report/2023/2023-2hanshin5.pdf,official_daily_result_pdf
202309020507,2023,阪神,2,5,7,2023-04-08,https://www.jra.go.jp/datafile/seiseki/report/2023/2023-2hanshin5.pdf,official_daily_result_pdf
202309020508,2023,阪神,2,5,8,2023-04-08,https://www.jra.go.jp/datafile/seiseki/report/2023/2023-2hanshin5.pdf,official_daily_result_pdf
202309020509,2023,阪神,2,5,9,2023-04-08,https://www.jra.go.jp/datafile/seiseki/report/2023/2023-2hanshin5.pdf,official_daily_result_pdf
202309020510,2023,阪神,2,5,10,2023-04-08,https://www.jra.go.jp/datafile/seiseki/report/2023/2023-2hanshin5.pdf,official_daily_result_pdf
202309020511,2023,阪神,2,5,11,2023-04-08,https://www.jra.go.jp/datafile/seiseki/report/2023/2023-2hanshin5.pdf,official_daily_result_pdf
202309020512,2023,阪神,2,5,12,2023-04-08,https://www.jra.go.jp/datafile/seiseki/report/2023/2023-2hanshin5.pdf,official_daily_result_pdf
202309020601,2023,阪神,2,6,1,2023-04-09,https://www.jra.go.jp/datafile/seiseki/report/2023/2023-2hanshin6.pdf,official_daily_result_pdf
202309020602,2023,阪神,2,6,2,2023-04-09,https://www.jra.go.jp/datafile/seiseki/report/2023/2023-2hanshin6.pdf,official_daily_result_pdf
202309020603,2023,阪神,2,6,3,2023-04-09,https://www.jra.go.jp/datafile/seiseki/report/2023/2023-2hanshin6.pdf,official_daily_result_pdf
202309020604,2023,阪神,2,6,4,2023-04-09,https://www.jra.go.jp/datafile/seiseki/report/2023/2023-2hanshin6.pdf,official_daily_result_pdf
202309020605,2023,阪神,2,6,5,2023-04-09,https://www.jra.go.jp/datafile/seiseki/report/2023/2023-2hanshin6.pdf,official_daily_result_pdf
202309020606,2023,阪神,2,6,6,2023-04-09,https://www.jra.go.jp/datafile/seiseki/report/2023/2023-2hanshin6.pdf,official_daily_result_pdf
202309020607,2023,阪神,2,6,7,2023-04-09,https://www.jra.go.jp/datafile/seiseki/report/2023/2023-2hanshin6.pdf,official_daily_result_pdf
202309020608,2023,阪神,2,6,8,2023-04-09,https://www.jra.go.jp/datafile/seiseki/report/2023/2023-2hanshin6.pdf,official_daily_result_pdf
202309020609,2023,阪神,2,6,9,2023-04-09,https://www.jra.go.jp/datafile/seiseki/report/2023/2023-2hanshin6.pdf,official_daily_result_pdf
202309020610,2023,阪神,2,6,10,2023-04-09,https://www.jra.go.jp/datafile/seiseki/report/2023/2023-2hanshin6.pdf,official_daily_result_pdf
202309020611,2023,阪神,2,6,11,2023-04-09,https://www.jra.go.jp/datafile/seiseki/report/2023/2023-2hanshin6.pdf,official_daily_result_pdf
202309020612,2023,阪神,2,6,12,2023-04-09,https://www.jra.go.jp/datafile/seiseki/report/2023/2023-2hanshin6.pdf,official_daily_result_pdf
202309020701,2023,阪神,2,7,1,2023-04-15,https://www.jra.go.jp/datafile/seiseki/report/2023/2023-2hanshin7.pdf,official_daily_result_pdf
202309020702,2023,阪神,2,7,2,2023-04-15,https://www.jra.go.jp/datafile/seiseki/report/2023/2023-2hanshin7.pdf,official_daily_result_pdf
202309020703,2023,阪神,2,7,3,2023-04-15,https://www.jra.go.jp/datafile/seiseki/report/2023/2023-2hanshin7.pdf,official_daily_result_pdf
202309020704,2023,阪神,2,7,4,2023-04-15,https://www.jra.go.jp/datafile/seiseki/report/2023/2023-2hanshin7.pdf,official_daily_result_pdf
202309020705,2023,阪神,2,7,5,2023-04-15,https://www.jra.go.jp/datafile/seiseki/report/2023/2023-2hanshin7.pdf,official_daily_result_pdf
202309020706,2023,阪神,2,7,6,2023-04-15,https://www.jra.go.jp/datafile/seiseki/report/2023/2023-2hanshin7.pdf,official_daily_result_pdf
202309020707,2023,阪神,2,7,7,2023-04-15,https://www.jra.go.jp/datafile/seiseki/report/2023/2023-2hanshin7.pdf,official_daily_result_pdf
202309020708,2023,阪神,2,7,8,2023-04-15,https://www.jra.go.jp/datafile/seiseki/report/2023/2023-2hanshin7.pdf,official_daily_result_pdf
202309020709,2023,阪神,2,7,9,2023-04-15,https://www.jra.go.jp/datafile/seiseki/report/2023/2023-2hanshin7.pdf,official_daily_result_pdf
202309020710,2023,阪神,2,7,10,2023-04-15,https://www.jra.go.jp/datafile/seiseki/report/2023/2023-2hanshin7.pdf,official_daily_result_pdf
202309020711,2023,阪神,2,7,11,2023-04-15,https://www.jra.go.jp/datafile/seiseki/report/2023/2023-2hanshin7.pdf,official_daily_result_pdf
202309020712,2023,阪神,2,7,12,2023-04-15,https://www.jra.go.jp/datafile/seiseki/report/2023/2023-2hanshin7.pdf,official_daily_result_pdf
202309020801,2023,阪神,2,8,1,2023-04-16,https://www.jra.go.jp/datafile/seiseki/report/2023/2023-2hanshin8.pdf,official_daily_result_pdf
202309020802,2023,阪神,2,8,2,2023-04-16,https://www.jra.go.jp/datafile/seiseki/report/2023/2023-2hanshin8.pdf,official_daily_result_pdf
202309020803,2023,阪神,2,8,3,2023-04-16,https://www.jra.go.jp/datafile/seiseki/report/2023/2023-2hanshin8.pdf,official_daily_result_pdf
202309020804,2023,阪神,2,8,4,2023-04-16,https://www.jra.go.jp/datafile/seiseki/report/2023/2023-2hanshin8.pdf,official_daily_result_pdf
202309020805,2023,阪神,2,8,5,2023-04-16,https://www.jra.go.jp/datafile/seiseki/report/2023/2023-2hanshin8.pdf,official_daily_result_pdf
202309020806,2023,阪神,2,8,6,2023-04-16,https://www.jra.go.jp/datafile/seiseki/report/2023/2023-2hanshin8.pdf,official_daily_result_pdf
202309020807,2023,阪神,2,8,7,2023-04-16,https://www.jra.go.jp/datafile/seiseki/report/2023/2023-2hanshin8.pdf,official_daily_result_pdf
202309020808,2023,阪神,2,8,8,2023-04-16,https://www.jra.go.jp/datafile/seiseki/report/2023/2023-2hanshin8.pdf,official_daily_result_pdf
202309020809,2023,阪神,2,8,9,2023-04-16,https://www.jra.go.jp/datafile/seiseki/report/2023/2023-2hanshin8.pdf,official_daily_result_pdf
202309020810,2023,阪神,2,8,10,2023-04-16,https://www.jra.go.jp/datafile/seiseki/report/2023/2023-2hanshin8.pdf,official_daily_result_pdf
202309020811,2023,阪神,2,8,11,2023-04-16,https://www.jra.go.jp/datafile/seiseki/report/2023/2023-2hanshin8.pdf,official_daily_result_pdf
202309020812,2023,阪神,2,8,12,2023-04-16,https://www.jra.go.jp/datafile/seiseki/report/2023/2023-2hanshin8.pdf,official_daily_result_pdf
202309030101,2023,阪神,3,1,1,2023-06-03,https://www.jra.go.jp/datafile/seiseki/report/2023/2023-3hanshin1.pdf,official_daily_result_pdf
202309030102,2023,阪神,3,1,2,2023-06-03,https://www.jra.go.jp/datafile/seiseki/report/2023/2023-3hanshin1.pdf,official_daily_result_pdf
202309030103,2023,阪神,3,1,3,2023-06-03,https://www.jra.go.jp/datafile/seiseki/report/2023/2023-3hanshin1.pdf,official_daily_result_pdf
202309030104,2023,阪神,3,1,4,2023-06-03,https://www.jra.go.jp/datafile/seiseki/report/2023/2023-3hanshin1.pdf,official_daily_result_pdf
202309030105,2023,阪神,3,1,5,2023-06-03,https://www.jra.go.jp/datafile/seiseki/report/2023/2023-3hanshin1.pdf,official_daily_result_pdf
202309030106,2023,阪神,3,1,6,2023-06-03,https://www.jra.go.jp/datafile/seiseki/report/2023/2023-3hanshin1.pdf,official_daily_result_pdf
202309030107,2023,阪神,3,1,7,2023-06-03,https://www.jra.go.jp/datafile/seiseki/report/2023/2023-3hanshin1.pdf,official_daily_result_pdf
202309030108,2023,阪神,3,1,8,2023-06-03,https://www.jra.go.jp/datafile/seiseki/report/2023/2023-3hanshin1.pdf,official_daily_result_pdf
202309030109,2023,阪神,3,1,9,2023-06-03,https://www.jra.go.jp/datafile/seiseki/report/2023/2023-3hanshin1.pdf,official_daily_result_pdf
202309030110,2023,阪神,3,1,10,2023-06-03,https://www.jra.go.jp/datafile/seiseki/report/2023/2023-3hanshin1.pdf,official_daily_result_pdf
202309030111,2023,阪神,3,1,11,2023-06-03,https://www.jra.go.jp/datafile/seiseki/report/2023/2023-3hanshin1.pdf,official_daily_result_pdf
202309030112,2023,阪神,3,1,12,2023-06-03,https://www.jra.go.jp/datafile/seiseki/report/2023/2023-3hanshin1.pdf,official_daily_result_pdf
202309030201,2023,阪神,3,2,1,2023-06-04,https://www.jra.go.jp/datafile/seiseki/report/2023/2023-3hanshin2.pdf,official_daily_result_pdf
202309030202,2023,阪神,3,2,2,2023-06-04,https://www.jra.go.jp/datafile/seiseki/report/2023/2023-3hanshin2.pdf,official_daily_result_pdf
202309030203,2023,阪神,3,2,3,2023-06-04,https://www.jra.go.jp/datafile/seiseki/report/2023/2023-3hanshin2.pdf,official_daily_result_pdf
202309030204,2023,阪神,3,2,4,2023-06-04,https://www.jra.go.jp/datafile/seiseki/report/2023/2023-3hanshin2.pdf,official_daily_result_pdf
202309030205,2023,阪神,3,2,5,2023-06-04,https://www.jra.go.jp/datafile/seiseki/report/2023/2023-3hanshin2.pdf,official_daily_result_pdf
202309030206,2023,阪神,3,2,6,2023-06-04,https://www.jra.go.jp/datafile/seiseki/report/2023/2023-3hanshin2.pdf,official_daily_result_pdf
202309030207,2023,阪神,3,2,7,2023-06-04,https://www.jra.go.jp/datafile/seiseki/report/2023/2023-3hanshin2.pdf,official_daily_result_pdf
202309030208,2023,阪神,3,2,8,2023-06-04,https://www.jra.go.jp/datafile/seiseki/report/2023/2023-3hanshin2.pdf,official_daily_result_pdf
202309030209,2023,阪神,3,2,9,2023-06-04,https://www.jra.go.jp/datafile/seiseki/report/2023/2023-3hanshin2.pdf,official_daily_result_pdf
202309030210,2023,阪神,3,2,10,2023-06-04,https://www.jra.go.jp/datafile/seiseki/report/2023/2023-3hanshin2.pdf,official_daily_result_pdf
202309030211,2023,阪神,3,2,11,2023-06-04,https://www.jra.go.jp/datafile/seiseki/report/2023/2023-3hanshin2.pdf,official_daily_result_pdf
202309030212,2023,阪神,3,2,12,2023-06-04,https://www.jra.go.jp/datafile/seiseki/report/2023/2023-3hanshin2.pdf,official_daily_result_pdf
202309030301,2023,阪神,3,3,1,2023-06-10,https://www.jra.go.jp/datafile/seiseki/report/2023/2023-3hanshin3.pdf,official_daily_result_pdf
202309030302,2023,阪神,3,3,2,2023-06-10,https://www.jra.go.jp/datafile/seiseki/report/2023/2023-3hanshin3.pdf,official_daily_result_pdf
202309030303,2023,阪神,3,3,3,2023-06-10,https://www.jra.go.jp/datafile/seiseki/report/2023/2023-3hanshin3.pdf,official_daily_result_pdf
202309030304,2023,阪神,3,3,4,2023-06-10,https://www.jra.go.jp/datafile/seiseki/report/2023/2023-3hanshin3.pdf,official_daily_result_pdf
202309030305,2023,阪神,3,3,5,2023-06-10,https://www.jra.go.jp/datafile/seiseki/report/2023/2023-3hanshin3.pdf,official_daily_result_pdf
202309030306,2023,阪神,3,3,6,2023-06-10,https://www.jra.go.jp/datafile/seiseki/report/2023/2023-3hanshin3.pdf,official_daily_result_pdf
202309030307,2023,阪神,3,3,7,2023-06-10,https://www.jra.go.jp/datafile/seiseki/report/2023/2023-3hanshin3.pdf,official_daily_result_pdf
202309030308,2023,阪神,3,3,8,2023-06-10,https://www.jra.go.jp/datafile/seiseki/report/2023/2023-3hanshin3.pdf,official_daily_result_pdf
202309030309,2023,阪神,3,3,9,2023-06-10,https://www.jra.go.jp/datafile/seiseki/report/2023/2023-3hanshin3.pdf,official_daily_result_pdf
202309030310,2023,阪神,3,3,10,2023-06-10,https://www.jra.go.jp/datafile/seiseki/report/2023/2023-3hanshin3.pdf,official_daily_result_pdf
202309030311,2023,阪神,3,3,11,2023-06-10,https://www.jra.go.jp/datafile/seiseki/report/2023/2023-3hanshin3.pdf,official_daily_result_pdf
202309030312,2023,阪神,3,3,12,2023-06-10,https://www.jra.go.jp/datafile/seiseki/report/2023/2023-3hanshin3.pdf,official_daily_result_pdf
202309030401,2023,阪神,3,4,1,2023-06-11,https://www.jra.go.jp/datafile/seiseki/report/2023/2023-3hanshin4.pdf,official_daily_result_pdf
202309030402,2023,阪神,3,4,2,2023-06-11,https://www.jra.go.jp/datafile/seiseki/report/2023/2023-3hanshin4.pdf,official_daily_result_pdf
202309030403,2023,阪神,3,4,3,2023-06-11,https://www.jra.go.jp/datafile/seiseki/report/2023/2023-3hanshin4.pdf,official_daily_result_pdf
202309030404,2023,阪神,3,4,4,2023-06-11,https://www.jra.go.jp/datafile/seiseki/report/2023/2023-3hanshin4.pdf,official_daily_result_pdf
202309030405,2023,阪神,3,4,5,2023-06-11,https://www.jra.go.jp/datafile/seiseki/report/2023/2023-3hanshin4.pdf,official_daily_result_pdf
202309030406,2023,阪神,3,4,6,2023-06-11,https://www.jra.go.jp/datafile/seiseki/report/2023/2023-3hanshin4.pdf,official_daily_result_pdf
202309030407,2023,阪神,3,4,7,2023-06-11,https://www.jra.go.jp/datafile/seiseki/report/2023/2023-3hanshin4.pdf,official_daily_result_pdf
202309030408,2023,阪神,3,4,8,2023-06-11,https://www.jra.go.jp/datafile/seiseki/report/2023/2023-3hanshin4.pdf,official_daily_result_pdf
202309030409,2023,阪神,3,4,9,2023-06-11,https://www.jra.go.jp/datafile/seiseki/report/2023/2023-3hanshin4.pdf,official_daily_result_pdf
202309030410,2023,阪神,3,4,10,2023-06-11,https://www.jra.go.jp/datafile/seiseki/report/2023/2023-3hanshin4.pdf,official_daily_result_pdf
202309030411,2023,阪神,3,4,11,2023-06-11,https://www.jra.go.jp/datafile/seiseki/report/2023/2023-3hanshin4.pdf,official_daily_result_pdf
202309030412,2023,阪神,3,4,12,2023-06-11,https://www.jra.go.jp/datafile/seiseki/report/2023/2023-3hanshin4.pdf,official_daily_result_pdf
202309030501,2023,阪神,3,5,1,2023-06-17,https://www.jra.go.jp/datafile/seiseki/report/2023/2023-3hanshin5.pdf,official_daily_result_pdf
202309030502,2023,阪神,3,5,2,2023-06-17,https://www.jra.go.jp/datafile/seiseki/report/2023/2023-3hanshin5.pdf,official_daily_result_pdf
202309030503,2023,阪神,3,5,3,2023-06-17,https://www.jra.go.jp/datafile/seiseki/report/2023/2023-3hanshin5.pdf,official_daily_result_pdf
202309030504,2023,阪神,3,5,4,2023-06-17,https://www.jra.go.jp/datafile/seiseki/report/2023/2023-3hanshin5.pdf,official_daily_result_pdf
202309030505,2023,阪神,3,5,5,2023-06-17,https://www.jra.go.jp/datafile/seiseki/report/2023/2023-3hanshin5.pdf,official_daily_result_pdf
202309030506,2023,阪神,3,5,6,2023-06-17,https://www.jra.go.jp/datafile/seiseki/report/2023/2023-3hanshin5.pdf,official_daily_result_pdf
202309030507,2023,阪神,3,5,7,2023-06-17,https://www.jra.go.jp/datafile/seiseki/report/2023/2023-3hanshin5.pdf,official_daily_result_pdf
202309030508,2023,阪神,3,5,8,2023-06-17,https://www.jra.go.jp/datafile/seiseki/report/2023/2023-3hanshin5.pdf,official_daily_result_pdf
202309030509,2023,阪神,3,5,9,2023-06-17,https://www.jra.go.jp/datafile/seiseki/report/2023/2023-3hanshin5.pdf,official_daily_result_pdf
202309030510,2023,阪神,3,5,10,2023-06-17,https://www.jra.go.jp/datafile/seiseki/report/2023/2023-3hanshin5.pdf,official_daily_result_pdf
202309030511,2023,阪神,3,5,11,2023-06-17,https://www.jra.go.jp/datafile/seiseki/report/2023/2023-3hanshin5.pdf,official_daily_result_pdf
202309030512,2023,阪神,3,5,12,2023-06-17,https://www.jra.go.jp/datafile/seiseki/report/2023/2023-3hanshin5.pdf,official_daily_result_pdf
202309030601,2023,阪神,3,6,1,2023-06-18,https://www.jra.go.jp/datafile/seiseki/report/2023/2023-3hanshin6.pdf,official_daily_result_pdf
202309030602,2023,阪神,3,6,2,2023-06-18,https://www.jra.go.jp/datafile/seiseki/report/2023/2023-3hanshin6.pdf,official_daily_result_pdf
202309030603,2023,阪神,3,6,3,2023-06-18,https://www.jra.go.jp/datafile/seiseki/report/2023/2023-3hanshin6.pdf,official_daily_result_pdf
202309030604,2023,阪神,3,6,4,2023-06-18,https://www.jra.go.jp/datafile/seiseki/report/2023/2023-3hanshin6.pdf,official_daily_result_pdf
202309030605,2023,阪神,3,6,5,2023-06-18,https://www.jra.go.jp/datafile/seiseki/report/2023/2023-3hanshin6.pdf,official_daily_result_pdf
202309030606,2023,阪神,3,6,6,2023-06-18,https://www.jra.go.jp/datafile/seiseki/report/2023/2023-3hanshin6.pdf,official_daily_result_pdf
202309030607,2023,阪神,3,6,7,2023-06-18,https://www.jra.go.jp/datafile/seiseki/report/2023/2023-3hanshin6.pdf,official_daily_result_pdf
202309030608,2023,阪神,3,6,8,2023-06-18,https://www.jra.go.jp/datafile/seiseki/report/2023/2023-3hanshin6.pdf,official_daily_result_pdf
202309030609,2023,阪神,3,6,9,2023-06-18,https://www.jra.go.jp/datafile/seiseki/report/2023/2023-3hanshin6.pdf,official_daily_result_pdf
202309030610,2023,阪神,3,6,10,2023-06-18,https://www.jra.go.jp/datafile/seiseki/report/2023/2023-3hanshin6.pdf,official_daily_result_pdf
202309030611,2023,阪神,3,6,11,2023-06-18,https://www.jra.go.jp/datafile/seiseki/report/2023/2023-3hanshin6.pdf,official_daily_result_pdf
202309030612,2023,阪神,3,6,12,2023-06-18,https://www.jra.go.jp/datafile/seiseki/report/2023/2023-3hanshin6.pdf,official_daily_result_pdf
202309030701,2023,阪神,3,7,1,2023-06-24,https://www.jra.go.jp/datafile/seiseki/report/2023/2023-3hanshin7.pdf,official_daily_result_pdf
202309030702,2023,阪神,3,7,2,2023-06-24,https://www.jra.go.jp/datafile/seiseki/report/2023/2023-3hanshin7.pdf,official_daily_result_pdf
202309030703,2023,阪神,3,7,3,2023-06-24,https://www.jra.go.jp/datafile/seiseki/report/2023/2023-3hanshin7.pdf,official_daily_result_pdf
202309030704,2023,阪神,3,7,4,2023-06-24,https://www.jra.go.jp/datafile/seiseki/report/2023/2023-3hanshin7.pdf,official_daily_result_pdf
202309030705,2023,阪神,3,7,5,2023-06-24,https://www.jra.go.jp/datafile/seiseki/report/2023/2023-3hanshin7.pdf,official_daily_result_pdf
202309030706,2023,阪神,3,7,6,2023-06-24,https://www.jra.go.jp/datafile/seiseki/report/2023/2023-3hanshin7.pdf,official_daily_result_pdf
202309030707,2023,阪神,3,7,7,2023-06-24,https://www.jra.go.jp/datafile/seiseki/report/2023/2023-3hanshin7.pdf,official_daily_result_pdf
202309030708,2023,阪神,3,7,8,2023-06-24,https://www.jra.go.jp/datafile/seiseki/report/2023/2023-3hanshin7.pdf,official_daily_result_pdf
202309030709,2023,阪神,3,7,9,2023-06-24,https://www.jra.go.jp/datafile/seiseki/report/2023/2023-3hanshin7.pdf,official_daily_result_pdf
202309030710,2023,阪神,3,7,10,2023-06-24,https://www.jra.go.jp/datafile/seiseki/report/2023/2023-3hanshin7.pdf,official_daily_result_pdf
202309030711,2023,阪神,3,7,11,2023-06-24,https://www.jra.go.jp/datafile/seiseki/report/2023/2023-3hanshin7.pdf,official_daily_result_pdf
202309030712,2023,阪神,3,7,12,2023-06-24,https://www.jra.go.jp/datafile/seiseki/report/2023/2023-3hanshin7.pdf,official_daily_result_pdf
202309030801,2023,阪神,3,8,1,2023-06-25,https://www.jra.go.jp/datafile/seiseki/report/2023/2023-3hanshin8.pdf,official_daily_result_pdf
202309030802,2023,阪神,3,8,2,2023-06-25,https://www.jra.go.jp/datafile/seiseki/report/2023/2023-3hanshin8.pdf,official_daily_result_pdf
202309030803,2023,阪神,3,8,3,2023-06-25,https://www.jra.go.jp/datafile/seiseki/report/2023/2023-3hanshin8.pdf,official_daily_result_pdf
202309030804,2023,阪神,3,8,4,2023-06-25,https://www.jra.go.jp/datafile/seiseki/report/2023/2023-3hanshin8.pdf,official_daily_result_pdf
202309030805,2023,阪神,3,8,5,2023-06-25,https://www.jra.go.jp/datafile/seiseki/report/2023/2023-3hanshin8.pdf,official_daily_result_pdf
202309030806,2023,阪神,3,8,6,2023-06-25,https://www.jra.go.jp/datafile/seiseki/report/2023/2023-3hanshin8.pdf,official_daily_result_pdf
202309030807,2023,阪神,3,8,7,2023-06-25,https://www.jra.go.jp/datafile/seiseki/report/2023/2023-3hanshin8.pdf,official_daily_result_pdf
202309030808,2023,阪神,3,8,8,2023-06-25,https://www.jra.go.jp/datafile/seiseki/report/2023/2023-3hanshin8.pdf,official_daily_result_pdf
202309030809,2023,阪神,3,8,9,2023-06-25,https://www.jra.go.jp/datafile/seiseki/report/2023/2023-3hanshin8.pdf,official_daily_result_pdf
202309030810,2023,阪神,3,8,10,2023-06-25,https://www.jra.go.jp/datafile/seiseki/report/2023/2023-3hanshin8.pdf,official_daily_result_pdf
202309030811,2023,阪神,3,8,11,2023-06-25,https://www.jra.go.jp/datafile/seiseki/report/2023/2023-3hanshin8.pdf,official_daily_result_pdf
202309030812,2023,阪神,3,8,12,2023-06-25,https://www.jra.go.jp/datafile/seiseki/report/2023/2023-3hanshin8.pdf,official_daily_result_pdf
202309040101,2023,阪神,4,1,1,2023-09-09,https://www.jra.go.jp/datafile/seiseki/report/2023/2023-4hanshin1.pdf,official_daily_result_pdf
202309040102,2023,阪神,4,1,2,2023-09-09,https://www.jra.go.jp/datafile/seiseki/report/2023/2023-4hanshin1.pdf,official_daily_result_pdf
202309040103,2023,阪神,4,1,3,2023-09-09,https://www.jra.go.jp/datafile/seiseki/report/2023/2023-4hanshin1.pdf,official_daily_result_pdf
202309040104,2023,阪神,4,1,4,2023-09-09,https://www.jra.go.jp/datafile/seiseki/report/2023/2023-4hanshin1.pdf,official_daily_result_pdf
202309040105,2023,阪神,4,1,5,2023-09-09,https://www.jra.go.jp/datafile/seiseki/report/2023/2023-4hanshin1.pdf,official_daily_result_pdf
202309040106,2023,阪神,4,1,6,2023-09-09,https://www.jra.go.jp/datafile/seiseki/report/2023/2023-4hanshin1.pdf,official_daily_result_pdf
202309040107,2023,阪神,4,1,7,2023-09-09,https://www.jra.go.jp/datafile/seiseki/report/2023/2023-4hanshin1.pdf,official_daily_result_pdf
202309040108,2023,阪神,4,1,8,2023-09-09,https://www.jra.go.jp/datafile/seiseki/report/2023/2023-4hanshin1.pdf,official_daily_result_pdf
202309040109,2023,阪神,4,1,9,2023-09-09,https://www.jra.go.jp/datafile/seiseki/report/2023/2023-4hanshin1.pdf,official_daily_result_pdf
202309040110,2023,阪神,4,1,10,2023-09-09,https://www.jra.go.jp/datafile/seiseki/report/2023/2023-4hanshin1.pdf,official_daily_result_pdf
202309040111,2023,阪神,4,1,11,2023-09-09,https://www.jra.go.jp/datafile/seiseki/report/2023/2023-4hanshin1.pdf,official_daily_result_pdf
202309040112,2023,阪神,4,1,12,2023-09-09,https://www.jra.go.jp/datafile/seiseki/report/2023/2023-4hanshin1.pdf,official_daily_result_pdf
202309040201,2023,阪神,4,2,1,2023-09-10,https://www.jra.go.jp/datafile/seiseki/report/2023/2023-4hanshin2.pdf,official_daily_result_pdf
202309040202,2023,阪神,4,2,2,2023-09-10,https://www.jra.go.jp/datafile/seiseki/report/2023/2023-4hanshin2.pdf,official_daily_result_pdf
202309040203,2023,阪神,4,2,3,2023-09-10,https://www.jra.go.jp/datafile/seiseki/report/2023/2023-4hanshin2.pdf,official_daily_result_pdf
202309040204,2023,阪神,4,2,4,2023-09-10,https://www.jra.go.jp/datafile/seiseki/report/2023/2023-4hanshin2.pdf,official_daily_result_pdf
202309040205,2023,阪神,4,2,5,2023-09-10,https://www.jra.go.jp/datafile/seiseki/report/2023/2023-4hanshin2.pdf,official_daily_result_pdf
202309040206,2023,阪神,4,2,6,2023-09-10,https://www.jra.go.jp/datafile/seiseki/report/2023/2023-4hanshin2.pdf,official_daily_result_pdf
202309040207,2023,阪神,4,2,7,2023-09-10,https://www.jra.go.jp/datafile/seiseki/report/2023/2023-4hanshin2.pdf,official_daily_result_pdf
202309040208,2023,阪神,4,2,8,2023-09-10,https://www.jra.go.jp/datafile/seiseki/report/2023/2023-4hanshin2.pdf,official_daily_result_pdf
202309040209,2023,阪神,4,2,9,2023-09-10,https://www.jra.go.jp/datafile/seiseki/report/2023/2023-4hanshin2.pdf,official_daily_result_pdf
202309040210,2023,阪神,4,2,10,2023-09-10,https://www.jra.go.jp/datafile/seiseki/report/2023/2023-4hanshin2.pdf,official_daily_result_pdf
202309040211,2023,阪神,4,2,11,2023-09-10,https://www.jra.go.jp/datafile/seiseki/report/2023/2023-4hanshin2.pdf,official_daily_result_pdf
202309040212,2023,阪神,4,2,12,2023-09-10,https://www.jra.go.jp/datafile/seiseki/report/2023/2023-4hanshin2.pdf,official_daily_result_pdf
202309040301,2023,阪神,4,3,1,2023-09-16,https://www.jra.go.jp/datafile/seiseki/report/2023/2023-4hanshin3.pdf,official_daily_result_pdf
202309040302,2023,阪神,4,3,2,2023-09-16,https://www.jra.go.jp/datafile/seiseki/report/2023/2023-4hanshin3.pdf,official_daily_result_pdf
202309040303,2023,阪神,4,3,3,2023-09-16,https://www.jra.go.jp/datafile/seiseki/report/2023/2023-4hanshin3.pdf,official_daily_result_pdf
202309040304,2023,阪神,4,3,4,2023-09-16,https://www.jra.go.jp/datafile/seiseki/report/2023/2023-4hanshin3.pdf,official_daily_result_pdf
202309040305,2023,阪神,4,3,5,2023-09-16,https://www.jra.go.jp/datafile/seiseki/report/2023/2023-4hanshin3.pdf,official_daily_result_pdf
202309040306,2023,阪神,4,3,6,2023-09-16,https://www.jra.go.jp/datafile/seiseki/report/2023/2023-4hanshin3.pdf,official_daily_result_pdf
202309040307,2023,阪神,4,3,7,2023-09-16,https://www.jra.go.jp/datafile/seiseki/report/2023/2023-4hanshin3.pdf,official_daily_result_pdf
202309040308,2023,阪神,4,3,8,2023-09-16,https://www.jra.go.jp/datafile/seiseki/report/2023/2023-4hanshin3.pdf,official_daily_result_pdf
202309040309,2023,阪神,4,3,9,2023-09-16,https://www.jra.go.jp/datafile/seiseki/report/2023/2023-4hanshin3.pdf,official_daily_result_pdf
202309040310,2023,阪神,4,3,10,2023-09-16,https://www.jra.go.jp/datafile/seiseki/report/2023/2023-4hanshin3.pdf,official_daily_result_pdf
202309040311,2023,阪神,4,3,11,2023-09-16,https://www.jra.go.jp/datafile/seiseki/report/2023/2023-4hanshin3.pdf,official_daily_result_pdf
202309040312,2023,阪神,4,3,12,2023-09-16,https://www.jra.go.jp/datafile/seiseki/report/2023/2023-4hanshin3.pdf,official_daily_result_pdf
202309040401,2023,阪神,4,4,1,2023-09-17,https://www.jra.go.jp/datafile/seiseki/report/2023/2023-4hanshin4.pdf,official_daily_result_pdf
202309040402,2023,阪神,4,4,2,2023-09-17,https://www.jra.go.jp/datafile/seiseki/report/2023/2023-4hanshin4.pdf,official_daily_result_pdf
202309040403,2023,阪神,4,4,3,2023-09-17,https://www.jra.go.jp/datafile/seiseki/report/2023/2023-4hanshin4.pdf,official_daily_result_pdf
202309040404,2023,阪神,4,4,4,2023-09-17,https://www.jra.go.jp/datafile/seiseki/report/2023/2023-4hanshin4.pdf,official_daily_result_pdf
202309040405,2023,阪神,4,4,5,2023-09-17,https://www.jra.go.jp/datafile/seiseki/report/2023/2023-4hanshin4.pdf,official_daily_result_pdf
202309040406,2023,阪神,4,4,6,2023-09-17,https://www.jra.go.jp/datafile/seiseki/report/2023/2023-4hanshin4.pdf,official_daily_result_pdf
202309040407,2023,阪神,4,4,7,2023-09-17,https://www.jra.go.jp/datafile/seiseki/report/2023/2023-4hanshin4.pdf,official_daily_result_pdf
202309040408,2023,阪神,4,4,8,2023-09-17,https://www.jra.go.jp/datafile/seiseki/report/2023/2023-4hanshin4.pdf,official_daily_result_pdf
202309040409,2023,阪神,4,4,9,2023-09-17,https://www.jra.go.jp/datafile/seiseki/report/2023/2023-4hanshin4.pdf,official_daily_result_pdf
202309040410,2023,阪神,4,4,10,2023-09-17,https://www.jra.go.jp/datafile/seiseki/report/2023/2023-4hanshin4.pdf,official_daily_result_pdf
202309040411,2023,阪神,4,4,11,2023-09-17,https://www.jra.go.jp/datafile/seiseki/report/2023/2023-4hanshin4.pdf,official_daily_result_pdf
202309040412,2023,阪神,4,4,12,2023-09-17,https://www.jra.go.jp/datafile/seiseki/report/2023/2023-4hanshin4.pdf,official_daily_result_pdf
202309040501,2023,阪神,4,5,1,2023-09-18,https://www.jra.go.jp/datafile/seiseki/report/2023/2023-4hanshin5.pdf,official_daily_result_pdf
202309040502,2023,阪神,4,5,2,2023-09-18,https://www.jra.go.jp/datafile/seiseki/report/2023/2023-4hanshin5.pdf,official_daily_result_pdf
202309040503,2023,阪神,4,5,3,2023-09-18,https://www.jra.go.jp/datafile/seiseki/report/2023/2023-4hanshin5.pdf,official_daily_result_pdf
202309040504,2023,阪神,4,5,4,2023-09-18,https://www.jra.go.jp/datafile/seiseki/report/2023/2023-4hanshin5.pdf,official_daily_result_pdf
202309040505,2023,阪神,4,5,5,2023-09-18,https://www.jra.go.jp/datafile/seiseki/report/2023/2023-4hanshin5.pdf,official_daily_result_pdf
202309040506,2023,阪神,4,5,6,2023-09-18,https://www.jra.go.jp/datafile/seiseki/report/2023/2023-4hanshin5.pdf,official_daily_result_pdf
202309040507,2023,阪神,4,5,7,2023-09-18,https://www.jra.go.jp/datafile/seiseki/report/2023/2023-4hanshin5.pdf,official_daily_result_pdf
202309040508,2023,阪神,4,5,8,2023-09-18,https://www.jra.go.jp/datafile/seiseki/report/2023/2023-4hanshin5.pdf,official_daily_result_pdf
202309040509,2023,阪神,4,5,9,2023-09-18,https://www.jra.go.jp/datafile/seiseki/report/2023/2023-4hanshin5.pdf,official_daily_result_pdf
202309040510,2023,阪神,4,5,10,2023-09-18,https://www.jra.go.jp/datafile/seiseki/report/2023/2023-4hanshin5.pdf,official_daily_result_pdf
202309040511,2023,阪神,4,5,11,2023-09-18,https://www.jra.go.jp/datafile/seiseki/report/2023/2023-4hanshin5.pdf,official_daily_result_pdf
202309040512,2023,阪神,4,5,12,2023-09-18,https://www.jra.go.jp/datafile/seiseki/report/2023/2023-4hanshin5.pdf,official_daily_result_pdf
202309040601,2023,阪神,4,6,1,2023-09-23,https://www.jra.go.jp/datafile/seiseki/report/2023/2023-4hanshin6.pdf,official_daily_result_pdf
202309040602,2023,阪神,4,6,2,2023-09-23,https://www.jra.go.jp/datafile/seiseki/report/2023/2023-4hanshin6.pdf,official_daily_result_pdf
202309040603,2023,阪神,4,6,3,2023-09-23,https://www.jra.go.jp/datafile/seiseki/report/2023/2023-4hanshin6.pdf,official_daily_result_pdf
202309040604,2023,阪神,4,6,4,2023-09-23,https://www.jra.go.jp/datafile/seiseki/report/2023/2023-4hanshin6.pdf,official_daily_result_pdf
202309040605,2023,阪神,4,6,5,2023-09-23,https://www.jra.go.jp/datafile/seiseki/report/2023/2023-4hanshin6.pdf,official_daily_result_pdf
202309040606,2023,阪神,4,6,6,2023-09-23,https://www.jra.go.jp/datafile/seiseki/report/2023/2023-4hanshin6.pdf,official_daily_result_pdf
202309040607,2023,阪神,4,6,7,2023-09-23,https://www.jra.go.jp/datafile/seiseki/report/2023/2023-4hanshin6.pdf,official_daily_result_pdf
202309040608,2023,阪神,4,6,8,2023-09-23,https://www.jra.go.jp/datafile/seiseki/report/2023/2023-4hanshin6.pdf,official_daily_result_pdf
202309040609,2023,阪神,4,6,9,2023-09-23,https://www.jra.go.jp/datafile/seiseki/report/2023/2023-4hanshin6.pdf,official_daily_result_pdf
202309040610,2023,阪神,4,6,10,2023-09-23,https://www.jra.go.jp/datafile/seiseki/report/2023/2023-4hanshin6.pdf,official_daily_result_pdf
202309040611,2023,阪神,4,6,11,2023-09-23,https://www.jra.go.jp/datafile/seiseki/report/2023/2023-4hanshin6.pdf,official_daily_result_pdf
202309040612,2023,阪神,4,6,12,2023-09-23,https://www.jra.go.jp/datafile/seiseki/report/2023/2023-4hanshin6.pdf,official_daily_result_pdf
202309040701,2023,阪神,4,7,1,2023-09-24,https://www.jra.go.jp/datafile/seiseki/report/2023/2023-4hanshin7.pdf,official_daily_result_pdf
202309040702,2023,阪神,4,7,2,2023-09-24,https://www.jra.go.jp/datafile/seiseki/report/2023/2023-4hanshin7.pdf,official_daily_result_pdf
202309040703,2023,阪神,4,7,3,2023-09-24,https://www.jra.go.jp/datafile/seiseki/report/2023/2023-4hanshin7.pdf,official_daily_result_pdf
202309040704,2023,阪神,4,7,4,2023-09-24,https://www.jra.go.jp/datafile/seiseki/report/2023/2023-4hanshin7.pdf,official_daily_result_pdf
202309040705,2023,阪神,4,7,5,2023-09-24,https://www.jra.go.jp/datafile/seiseki/report/2023/2023-4hanshin7.pdf,official_daily_result_pdf
202309040706,2023,阪神,4,7,6,2023-09-24,https://www.jra.go.jp/datafile/seiseki/report/2023/2023-4hanshin7.pdf,official_daily_result_pdf
202309040707,2023,阪神,4,7,7,2023-09-24,https://www.jra.go.jp/datafile/seiseki/report/2023/2023-4hanshin7.pdf,official_daily_result_pdf
202309040708,2023,阪神,4,7,8,2023-09-24,https://www.jra.go.jp/datafile/seiseki/report/2023/2023-4hanshin7.pdf,official_daily_result_pdf
202309040709,2023,阪神,4,7,9,2023-09-24,https://www.jra.go.jp/datafile/seiseki/report/2023/2023-4hanshin7.pdf,official_daily_result_pdf
202309040710,2023,阪神,4,7,10,2023-09-24,https://www.jra.go.jp/datafile/seiseki/report/2023/2023-4hanshin7.pdf,official_daily_result_pdf
202309040711,2023,阪神,4,7,11,2023-09-24,https://www.jra.go.jp/datafile/seiseki/report/2023/2023-4hanshin7.pdf,official_daily_result_pdf
202309040712,2023,阪神,4,7,12,2023-09-24,https://www.jra.go.jp/datafile/seiseki/report/2023/2023-4hanshin7.pdf,official_daily_result_pdf
202309040801,2023,阪神,4,8,1,2023-09-30,https://www.jra.go.jp/datafile/seiseki/report/2023/2023-4hanshin8.pdf,official_daily_result_pdf
202309040802,2023,阪神,4,8,2,2023-09-30,https://www.jra.go.jp/datafile/seiseki/report/2023/2023-4hanshin8.pdf,official_daily_result_pdf
202309040803,2023,阪神,4,8,3,2023-09-30,https://www.jra.go.jp/datafile/seiseki/report/2023/2023-4hanshin8.pdf,official_daily_result_pdf
202309040804,2023,阪神,4,8,4,2023-09-30,https://www.jra.go.jp/datafile/seiseki/report/2023/2023-4hanshin8.pdf,official_daily_result_pdf
202309040805,2023,阪神,4,8,5,2023-09-30,https://www.jra.go.jp/datafile/seiseki/report/2023/2023-4hanshin8.pdf,official_daily_result_pdf
202309040806,2023,阪神,4,8,6,2023-09-30,https://www.jra.go.jp/datafile/seiseki/report/2023/2023-4hanshin8.pdf,official_daily_result_pdf
202309040807,2023,阪神,4,8,7,2023-09-30,https://www.jra.go.jp/datafile/seiseki/report/2023/2023-4hanshin8.pdf,official_daily_result_pdf
202309040808,2023,阪神,4,8,8,2023-09-30,https://www.jra.go.jp/datafile/seiseki/report/2023/2023-4hanshin8.pdf,official_daily_result_pdf
202309040809,2023,阪神,4,8,9,2023-09-30,https://www.jra.go.jp/datafile/seiseki/report/2023/2023-4hanshin8.pdf,official_daily_result_pdf
202309040810,2023,阪神,4,8,10,2023-09-30,https://www.jra.go.jp/datafile/seiseki/report/2023/2023-4hanshin8.pdf,official_daily_result_pdf
202309040811,2023,阪神,4,8,11,2023-09-30,https://www.jra.go.jp/datafile/seiseki/report/2023/2023-4hanshin8.pdf,official_daily_result_pdf
202309040812,2023,阪神,4,8,12,2023-09-30,https://www.jra.go.jp/datafile/seiseki/report/2023/2023-4hanshin8.pdf,official_daily_result_pdf
202309040901,2023,阪神,4,9,1,2023-10-01,https://www.jra.go.jp/datafile/seiseki/report/2023/2023-4hanshin9.pdf,official_daily_result_pdf
202309040902,2023,阪神,4,9,2,2023-10-01,https://www.jra.go.jp/datafile/seiseki/report/2023/2023-4hanshin9.pdf,official_daily_result_pdf
202309040903,2023,阪神,4,9,3,2023-10-01,https://www.jra.go.jp/datafile/seiseki/report/2023/2023-4hanshin9.pdf,official_daily_result_pdf
202309040904,2023,阪神,4,9,4,2023-10-01,https://www.jra.go.jp/datafile/seiseki/report/2023/2023-4hanshin9.pdf,official_daily_result_pdf
202309040905,2023,阪神,4,9,5,2023-10-01,https://www.jra.go.jp/datafile/seiseki/report/2023/2023-4hanshin9.pdf,official_daily_result_pdf
202309040906,2023,阪神,4,9,6,2023-10-01,https://www.jra.go.jp/datafile/seiseki/report/2023/2023-4hanshin9.pdf,official_daily_result_pdf
202309040907,2023,阪神,4,9,7,2023-10-01,https://www.jra.go.jp/datafile/seiseki/report/2023/2023-4hanshin9.pdf,official_daily_result_pdf
202309040908,2023,阪神,4,9,8,2023-10-01,https://www.jra.go.jp/datafile/seiseki/report/2023/2023-4hanshin9.pdf,official_daily_result_pdf
202309040909,2023,阪神,4,9,9,2023-10-01,https://www.jra.go.jp/datafile/seiseki/report/2023/2023-4hanshin9.pdf,official_daily_result_pdf
202309040910,2023,阪神,4,9,10,2023-10-01,https://www.jra.go.jp/datafile/seiseki/report/2023/2023-4hanshin9.pdf,official_daily_result_pdf
202309040911,2023,阪神,4,9,11,2023-10-01,https://www.jra.go.jp/datafile/seiseki/report/2023/2023-4hanshin9.pdf,official_daily_result_pdf
202309040912,2023,阪神,4,9,12,2023-10-01,https://www.jra.go.jp/datafile/seiseki/report/2023/2023-4hanshin9.pdf,official_daily_result_pdf
202309050101,2023,阪神,5,1,1,2023-12-02,https://www.jra.go.jp/datafile/seiseki/report/2023/2023-5hanshin1.pdf,official_daily_result_pdf
202309050102,2023,阪神,5,1,2,2023-12-02,https://www.jra.go.jp/datafile/seiseki/report/2023/2023-5hanshin1.pdf,official_daily_result_pdf
202309050103,2023,阪神,5,1,3,2023-12-02,https://www.jra.go.jp/datafile/seiseki/report/2023/2023-5hanshin1.pdf,official_daily_result_pdf
202309050104,2023,阪神,5,1,4,2023-12-02,https://www.jra.go.jp/datafile/seiseki/report/2023/2023-5hanshin1.pdf,official_daily_result_pdf
202309050105,2023,阪神,5,1,5,2023-12-02,https://www.jra.go.jp/datafile/seiseki/report/2023/2023-5hanshin1.pdf,official_daily_result_pdf
202309050106,2023,阪神,5,1,6,2023-12-02,https://www.jra.go.jp/datafile/seiseki/report/2023/2023-5hanshin1.pdf,official_daily_result_pdf
202309050107,2023,阪神,5,1,7,2023-12-02,https://www.jra.go.jp/datafile/seiseki/report/2023/2023-5hanshin1.pdf,official_daily_result_pdf
202309050108,2023,阪神,5,1,8,2023-12-02,https://www.jra.go.jp/datafile/seiseki/report/2023/2023-5hanshin1.pdf,official_daily_result_pdf
202309050109,2023,阪神,5,1,9,2023-12-02,https://www.jra.go.jp/datafile/seiseki/report/2023/2023-5hanshin1.pdf,official_daily_result_pdf
202309050110,2023,阪神,5,1,10,2023-12-02,https://www.jra.go.jp/datafile/seiseki/report/2023/2023-5hanshin1.pdf,official_daily_result_pdf
202309050111,2023,阪神,5,1,11,2023-12-02,https://www.jra.go.jp/datafile/seiseki/report/2023/2023-5hanshin1.pdf,official_daily_result_pdf
202309050112,2023,阪神,5,1,12,2023-12-02,https://www.jra.go.jp/datafile/seiseki/report/2023/2023-5hanshin1.pdf,official_daily_result_pdf
202309050201,2023,阪神,5,2,1,2023-12-03,https://www.jra.go.jp/datafile/seiseki/report/2023/2023-5hanshin2.pdf,official_daily_result_pdf
202309050202,2023,阪神,5,2,2,2023-12-03,https://www.jra.go.jp/datafile/seiseki/report/2023/2023-5hanshin2.pdf,official_daily_result_pdf
202309050203,2023,阪神,5,2,3,2023-12-03,https://www.jra.go.jp/datafile/seiseki/report/2023/2023-5hanshin2.pdf,official_daily_result_pdf
202309050204,2023,阪神,5,2,4,2023-12-03,https://www.jra.go.jp/datafile/seiseki/report/2023/2023-5hanshin2.pdf,official_daily_result_pdf
202309050205,2023,阪神,5,2,5,2023-12-03,https://www.jra.go.jp/datafile/seiseki/report/2023/2023-5hanshin2.pdf,official_daily_result_pdf
202309050206,2023,阪神,5,2,6,2023-12-03,https://www.jra.go.jp/datafile/seiseki/report/2023/2023-5hanshin2.pdf,official_daily_result_pdf
202309050207,2023,阪神,5,2,7,2023-12-03,https://www.jra.go.jp/datafile/seiseki/report/2023/2023-5hanshin2.pdf,official_daily_result_pdf
202309050208,2023,阪神,5,2,8,2023-12-03,https://www.jra.go.jp/datafile/seiseki/report/2023/2023-5hanshin2.pdf,official_daily_result_pdf
202309050209,2023,阪神,5,2,9,2023-12-03,https://www.jra.go.jp/datafile/seiseki/report/2023/2023-5hanshin2.pdf,official_daily_result_pdf
202309050210,2023,阪神,5,2,10,2023-12-03,https://www.jra.go.jp/datafile/seiseki/report/2023/2023-5hanshin2.pdf,official_daily_result_pdf
202309050211,2023,阪神,5,2,11,2023-12-03,https://www.jra.go.jp/datafile/seiseki/report/2023/2023-5hanshin2.pdf,official_daily_result_pdf
202309050212,2023,阪神,5,2,12,2023-12-03,https://www.jra.go.jp/datafile/seiseki/report/2023/2023-5hanshin2.pdf,official_daily_result_pdf
202309050301,2023,阪神,5,3,1,2023-12-09,https://www.jra.go.jp/datafile/seiseki/report/2023/2023-5hanshin3.pdf,official_daily_result_pdf
202309050302,2023,阪神,5,3,2,2023-12-09,https://www.jra.go.jp/datafile/seiseki/report/2023/2023-5hanshin3.pdf,official_daily_result_pdf
202309050303,2023,阪神,5,3,3,2023-12-09,https://www.jra.go.jp/datafile/seiseki/report/2023/2023-5hanshin3.pdf,official_daily_result_pdf
202309050304,2023,阪神,5,3,4,2023-12-09,https://www.jra.go.jp/datafile/seiseki/report/2023/2023-5hanshin3.pdf,official_daily_result_pdf
202309050305,2023,阪神,5,3,5,2023-12-09,https://www.jra.go.jp/datafile/seiseki/report/2023/2023-5hanshin3.pdf,official_daily_result_pdf
202309050306,2023,阪神,5,3,6,2023-12-09,https://www.jra.go.jp/datafile/seiseki/report/2023/2023-5hanshin3.pdf,official_daily_result_pdf
202309050307,2023,阪神,5,3,7,2023-12-09,https://www.jra.go.jp/datafile/seiseki/report/2023/2023-5hanshin3.pdf,official_daily_result_pdf
202309050308,2023,阪神,5,3,8,2023-12-09,https://www.jra.go.jp/datafile/seiseki/report/2023/2023-5hanshin3.pdf,official_daily_result_pdf
202309050309,2023,阪神,5,3,9,2023-12-09,https://www.jra.go.jp/datafile/seiseki/report/2023/2023-5hanshin3.pdf,official_daily_result_pdf
202309050310,2023,阪神,5,3,10,2023-12-09,https://www.jra.go.jp/datafile/seiseki/report/2023/2023-5hanshin3.pdf,official_daily_result_pdf
202309050311,2023,阪神,5,3,11,2023-12-09,https://www.jra.go.jp/datafile/seiseki/report/2023/2023-5hanshin3.pdf,official_daily_result_pdf
202309050312,2023,阪神,5,3,12,2023-12-09,https://www.jra.go.jp/datafile/seiseki/report/2023/2023-5hanshin3.pdf,official_daily_result_pdf
202309050401,2023,阪神,5,4,1,2023-12-10,https://www.jra.go.jp/datafile/seiseki/report/2023/2023-5hanshin4.pdf,official_daily_result_pdf
202309050402,2023,阪神,5,4,2,2023-12-10,https://www.jra.go.jp/datafile/seiseki/report/2023/2023-5hanshin4.pdf,official_daily_result_pdf
202309050403,2023,阪神,5,4,3,2023-12-10,https://www.jra.go.jp/datafile/seiseki/report/2023/2023-5hanshin4.pdf,official_daily_result_pdf
202309050404,2023,阪神,5,4,4,2023-12-10,https://www.jra.go.jp/datafile/seiseki/report/2023/2023-5hanshin4.pdf,official_daily_result_pdf
202309050405,2023,阪神,5,4,5,2023-12-10,https://www.jra.go.jp/datafile/seiseki/report/2023/2023-5hanshin4.pdf,official_daily_result_pdf
202309050406,2023,阪神,5,4,6,2023-12-10,https://www.jra.go.jp/datafile/seiseki/report/2023/2023-5hanshin4.pdf,official_daily_result_pdf
202309050407,2023,阪神,5,4,7,2023-12-10,https://www.jra.go.jp/datafile/seiseki/report/2023/2023-5hanshin4.pdf,official_daily_result_pdf
202309050408,2023,阪神,5,4,8,2023-12-10,https://www.jra.go.jp/datafile/seiseki/report/2023/2023-5hanshin4.pdf,official_daily_result_pdf
202309050409,2023,阪神,5,4,9,2023-12-10,https://www.jra.go.jp/datafile/seiseki/report/2023/2023-5hanshin4.pdf,official_daily_result_pdf
202309050410,2023,阪神,5,4,10,2023-12-10,https://www.jra.go.jp/datafile/seiseki/report/2023/2023-5hanshin4.pdf,official_daily_result_pdf
202309050411,2023,阪神,5,4,11,2023-12-10,https://www.jra.go.jp/datafile/seiseki/report/2023/2023-5hanshin4.pdf,official_daily_result_pdf
202309050412,2023,阪神,5,4,12,2023-12-10,https://www.jra.go.jp/datafile/seiseki/report/2023/2023-5hanshin4.pdf,official_daily_result_pdf
202309050501,2023,阪神,5,5,1,2023-12-16,https://www.jra.go.jp/datafile/seiseki/report/2023/2023-5hanshin5.pdf,official_daily_result_pdf
202309050502,2023,阪神,5,5,2,2023-12-16,https://www.jra.go.jp/datafile/seiseki/report/2023/2023-5hanshin5.pdf,official_daily_result_pdf
202309050503,2023,阪神,5,5,3,2023-12-16,https://www.jra.go.jp/datafile/seiseki/report/2023/2023-5hanshin5.pdf,official_daily_result_pdf
202309050504,2023,阪神,5,5,4,2023-12-16,https://www.jra.go.jp/datafile/seiseki/report/2023/2023-5hanshin5.pdf,official_daily_result_pdf
202309050505,2023,阪神,5,5,5,2023-12-16,https://www.jra.go.jp/datafile/seiseki/report/2023/2023-5hanshin5.pdf,official_daily_result_pdf
202309050506,2023,阪神,5,5,6,2023-12-16,https://www.jra.go.jp/datafile/seiseki/report/2023/2023-5hanshin5.pdf,official_daily_result_pdf
202309050507,2023,阪神,5,5,7,2023-12-16,https://www.jra.go.jp/datafile/seiseki/report/2023/2023-5hanshin5.pdf,official_daily_result_pdf
202309050508,2023,阪神,5,5,8,2023-12-16,https://www.jra.go.jp/datafile/seiseki/report/2023/2023-5hanshin5.pdf,official_daily_result_pdf
202309050509,2023,阪神,5,5,9,2023-12-16,https://www.jra.go.jp/datafile/seiseki/report/2023/2023-5hanshin5.pdf,official_daily_result_pdf
202309050510,2023,阪神,5,5,10,2023-12-16,https://www.jra.go.jp/datafile/seiseki/report/2023/2023-5hanshin5.pdf,official_daily_result_pdf
202309050511,2023,阪神,5,5,11,2023-12-16,https://www.jra.go.jp/datafile/seiseki/report/2023/2023-5hanshin5.pdf,official_daily_result_pdf
202309050512,2023,阪神,5,5,12,2023-12-16,https://www.jra.go.jp/datafile/seiseki/report/2023/2023-5hanshin5.pdf,official_daily_result_pdf
202309050601,2023,阪神,5,6,1,2023-12-17,https://www.jra.go.jp/datafile/seiseki/report/2023/2023-5hanshin6.pdf,official_daily_result_pdf
202309050602,2023,阪神,5,6,2,2023-12-17,https://www.jra.go.jp/datafile/seiseki/report/2023/2023-5hanshin6.pdf,official_daily_result_pdf
202309050603,2023,阪神,5,6,3,2023-12-17,https://www.jra.go.jp/datafile/seiseki/report/2023/2023-5hanshin6.pdf,official_daily_result_pdf
202309050604,2023,阪神,5,6,4,2023-12-17,https://www.jra.go.jp/datafile/seiseki/report/2023/2023-5hanshin6.pdf,official_daily_result_pdf
202309050605,2023,阪神,5,6,5,2023-12-17,https://www.jra.go.jp/datafile/seiseki/report/2023/2023-5hanshin6.pdf,official_daily_result_pdf
202309050606,2023,阪神,5,6,6,2023-12-17,https://www.jra.go.jp/datafile/seiseki/report/2023/2023-5hanshin6.pdf,official_daily_result_pdf
202309050607,2023,阪神,5,6,7,2023-12-17,https://www.jra.go.jp/datafile/seiseki/report/2023/2023-5hanshin6.pdf,official_daily_result_pdf
202309050608,2023,阪神,5,6,8,2023-12-17,https://www.jra.go.jp/datafile/seiseki/report/2023/2023-5hanshin6.pdf,official_daily_result_pdf
202309050609,2023,阪神,5,6,9,2023-12-17,https://www.jra.go.jp/datafile/seiseki/report/2023/2023-5hanshin6.pdf,official_daily_result_pdf
202309050610,2023,阪神,5,6,10,2023-12-17,https://www.jra.go.jp/datafile/seiseki/report/2023/2023-5hanshin6.pdf,official_daily_result_pdf
202309050611,2023,阪神,5,6,11,2023-12-17,https://www.jra.go.jp/datafile/seiseki/report/2023/2023-5hanshin6.pdf,official_daily_result_pdf
202309050612,2023,阪神,5,6,12,2023-12-17,https://www.jra.go.jp/datafile/seiseki/report/2023/2023-5hanshin6.pdf,official_daily_result_pdf
202309050701,2023,阪神,5,7,1,2023-12-23,https://www.jra.go.jp/datafile/seiseki/report/2023/2023-5hanshin7.pdf,official_daily_result_pdf
202309050702,2023,阪神,5,7,2,2023-12-23,https://www.jra.go.jp/datafile/seiseki/report/2023/2023-5hanshin7.pdf,official_daily_result_pdf
202309050703,2023,阪神,5,7,3,2023-12-23,https://www.jra.go.jp/datafile/seiseki/report/2023/2023-5hanshin7.pdf,official_daily_result_pdf
202309050704,2023,阪神,5,7,4,2023-12-23,https://www.jra.go.jp/datafile/seiseki/report/2023/2023-5hanshin7.pdf,official_daily_result_pdf
202309050705,2023,阪神,5,7,5,2023-12-23,https://www.jra.go.jp/datafile/seiseki/report/2023/2023-5hanshin7.pdf,official_daily_result_pdf
202309050706,2023,阪神,5,7,6,2023-12-23,https://www.jra.go.jp/datafile/seiseki/report/2023/2023-5hanshin7.pdf,official_daily_result_pdf
202309050707,2023,阪神,5,7,7,2023-12-23,https://www.jra.go.jp/datafile/seiseki/report/2023/2023-5hanshin7.pdf,official_daily_result_pdf
202309050708,2023,阪神,5,7,8,2023-12-23,https://www.jra.go.jp/datafile/seiseki/report/2023/2023-5hanshin7.pdf,official_daily_result_pdf
202309050709,2023,阪神,5,7,9,2023-12-23,https://www.jra.go.jp/datafile/seiseki/report/2023/2023-5hanshin7.pdf,official_daily_result_pdf
202309050710,2023,阪神,5,7,10,2023-12-23,https://www.jra.go.jp/datafile/seiseki/report/2023/2023-5hanshin7.pdf,official_daily_result_pdf
202309050711,2023,阪神,5,7,11,2023-12-23,https://www.jra.go.jp/datafile/seiseki/report/2023/2023-5hanshin7.pdf,official_daily_result_pdf
202309050712,2023,阪神,5,7,12,2023-12-23,https://www.jra.go.jp/datafile/seiseki/report/2023/2023-5hanshin7.pdf,official_daily_result_pdf
202309050801,2023,阪神,5,8,1,2023-12-24,https://www.jra.go.jp/datafile/seiseki/report/2023/2023-5hanshin8.pdf,official_daily_result_pdf
202309050802,2023,阪神,5,8,2,2023-12-24,https://www.jra.go.jp/datafile/seiseki/report/2023/2023-5hanshin8.pdf,official_daily_result_pdf
202309050803,2023,阪神,5,8,3,2023-12-24,https://www.jra.go.jp/datafile/seiseki/report/2023/2023-5hanshin8.pdf,official_daily_result_pdf
202309050804,2023,阪神,5,8,4,2023-12-24,https://www.jra.go.jp/datafile/seiseki/report/2023/2023-5hanshin8.pdf,official_daily_result_pdf
202309050805,2023,阪神,5,8,5,2023-12-24,https://www.jra.go.jp/datafile/seiseki/report/2023/2023-5hanshin8.pdf,official_daily_result_pdf
202309050806,2023,阪神,5,8,6,2023-12-24,https://www.jra.go.jp/datafile/seiseki/report/2023/2023-5hanshin8.pdf,official_daily_result_pdf
202309050807,2023,阪神,5,8,7,2023-12-24,https://www.jra.go.jp/datafile/seiseki/report/2023/2023-5hanshin8.pdf,official_daily_result_pdf
202309050808,2023,阪神,5,8,8,2023-12-24,https://www.jra.go.jp/datafile/seiseki/report/2023/2023-5hanshin8.pdf,official_daily_result_pdf
202309050809,2023,阪神,5,8,9,2023-12-24,https://www.jra.go.jp/datafile/seiseki/report/2023/2023-5hanshin8.pdf,official_daily_result_pdf
202309050810,2023,阪神,5,8,10,2023-12-24,https://www.jra.go.jp/datafile/seiseki/report/2023/2023-5hanshin8.pdf,official_daily_result_pdf
202309050811,2023,阪神,5,8,11,2023-12-24,https://www.jra.go.jp/datafile/seiseki/report/2023/2023-5hanshin8.pdf,official_daily_result_pdf
202309050812,2023,阪神,5,8,12,2023-12-24,https://www.jra.go.jp/datafile/seiseki/report/2023/2023-5hanshin8.pdf,official_daily_result_pdf
202309050901,2023,阪神,5,9,1,2023-12-28,https://www.jra.go.jp/datafile/seiseki/report/2023/2023-5hanshin9.pdf,official_daily_result_pdf
202309050902,2023,阪神,5,9,2,2023-12-28,https://www.jra.go.jp/datafile/seiseki/report/2023/2023-5hanshin9.pdf,official_daily_result_pdf
202309050903,2023,阪神,5,9,3,2023-12-28,https://www.jra.go.jp/datafile/seiseki/report/2023/2023-5hanshin9.pdf,official_daily_result_pdf
202309050904,2023,阪神,5,9,4,2023-12-28,https://www.jra.go.jp/datafile/seiseki/report/2023/2023-5hanshin9.pdf,official_daily_result_pdf
202309050905,2023,阪神,5,9,5,2023-12-28,https://www.jra.go.jp/datafile/seiseki/report/2023/2023-5hanshin9.pdf,official_daily_result_pdf
202309050906,2023,阪神,5,9,6,2023-12-28,https://www.jra.go.jp/datafile/seiseki/report/2023/2023-5hanshin9.pdf,official_daily_result_pdf
202309050907,2023,阪神,5,9,7,2023-12-28,https://www.jra.go.jp/datafile/seiseki/report/2023/2023-5hanshin9.pdf,official_daily_result_pdf
202309050908,2023,阪神,5,9,8,2023-12-28,https://www.jra.go.jp/datafile/seiseki/report/2023/2023-5hanshin9.pdf,official_daily_result_pdf
202309050909,2023,阪神,5,9,9,2023-12-28,https://www.jra.go.jp/datafile/seiseki/report/2023/2023-5hanshin9.pdf,official_daily_result_pdf
202309050910,2023,阪神,5,9,10,2023-12-28,https://www.jra.go.jp/datafile/seiseki/report/2023/2023-5hanshin9.pdf,official_daily_result_pdf
202309050911,2023,阪神,5,9,11,2023-12-28,https://www.jra.go.jp/datafile/seiseki/report/2023/2023-5hanshin9.pdf,official_daily_result_pdf
202309050912,2023,阪神,5,9,12,2023-12-28,https://www.jra.go.jp/datafile/seiseki/report/2023/2023-5hanshin9.pdf,official_daily_result_pdf
202310010101,2023,小倉,1,1,1,2023-01-14,https://www.jra.go.jp/datafile/seiseki/report/2023/2023-1kokura1.pdf,official_daily_result_pdf
202310010102,2023,小倉,1,1,2,2023-01-14,https://www.jra.go.jp/datafile/seiseki/report/2023/2023-1kokura1.pdf,official_daily_result_pdf
202310010103,2023,小倉,1,1,3,2023-01-14,https://www.jra.go.jp/datafile/seiseki/report/2023/2023-1kokura1.pdf,official_daily_result_pdf
202310010104,2023,小倉,1,1,4,2023-01-14,https://www.jra.go.jp/datafile/seiseki/report/2023/2023-1kokura1.pdf,official_daily_result_pdf
202310010105,2023,小倉,1,1,5,2023-01-14,https://www.jra.go.jp/datafile/seiseki/report/2023/2023-1kokura1.pdf,official_daily_result_pdf
202310010106,2023,小倉,1,1,6,2023-01-14,https://www.jra.go.jp/datafile/seiseki/report/2023/2023-1kokura1.pdf,official_daily_result_pdf
202310010107,2023,小倉,1,1,7,2023-01-14,https://www.jra.go.jp/datafile/seiseki/report/2023/2023-1kokura1.pdf,official_daily_result_pdf
202310010108,2023,小倉,1,1,8,2023-01-14,https://www.jra.go.jp/datafile/seiseki/report/2023/2023-1kokura1.pdf,official_daily_result_pdf
202310010109,2023,小倉,1,1,9,2023-01-14,https://www.jra.go.jp/datafile/seiseki/report/2023/2023-1kokura1.pdf,official_daily_result_pdf
202310010110,2023,小倉,1,1,10,2023-01-14,https://www.jra.go.jp/datafile/seiseki/report/2023/2023-1kokura1.pdf,official_daily_result_pdf
202310010111,2023,小倉,1,1,11,2023-01-14,https://www.jra.go.jp/datafile/seiseki/report/2023/2023-1kokura1.pdf,official_daily_result_pdf
202310010112,2023,小倉,1,1,12,2023-01-14,https://www.jra.go.jp/datafile/seiseki/report/2023/2023-1kokura1.pdf,official_daily_result_pdf
202310010201,2023,小倉,1,2,1,2023-01-15,https://www.jra.go.jp/datafile/seiseki/report/2023/2023-1kokura2.pdf,official_daily_result_pdf
202310010202,2023,小倉,1,2,2,2023-01-15,https://www.jra.go.jp/datafile/seiseki/report/2023/2023-1kokura2.pdf,official_daily_result_pdf
202310010203,2023,小倉,1,2,3,2023-01-15,https://www.jra.go.jp/datafile/seiseki/report/2023/2023-1kokura2.pdf,official_daily_result_pdf
202310010204,2023,小倉,1,2,4,2023-01-15,https://www.jra.go.jp/datafile/seiseki/report/2023/2023-1kokura2.pdf,official_daily_result_pdf
202310010205,2023,小倉,1,2,5,2023-01-15,https://www.jra.go.jp/datafile/seiseki/report/2023/2023-1kokura2.pdf,official_daily_result_pdf
202310010206,2023,小倉,1,2,6,2023-01-15,https://www.jra.go.jp/datafile/seiseki/report/2023/2023-1kokura2.pdf,official_daily_result_pdf
202310010207,2023,小倉,1,2,7,2023-01-15,https://www.jra.go.jp/datafile/seiseki/report/2023/2023-1kokura2.pdf,official_daily_result_pdf
202310010208,2023,小倉,1,2,8,2023-01-15,https://www.jra.go.jp/datafile/seiseki/report/2023/2023-1kokura2.pdf,official_daily_result_pdf
202310010209,2023,小倉,1,2,9,2023-01-15,https://www.jra.go.jp/datafile/seiseki/report/2023/2023-1kokura2.pdf,official_daily_result_pdf
202310010210,2023,小倉,1,2,10,2023-01-15,https://www.jra.go.jp/datafile/seiseki/report/2023/2023-1kokura2.pdf,official_daily_result_pdf
202310010211,2023,小倉,1,2,11,2023-01-15,https://www.jra.go.jp/datafile/seiseki/report/2023/2023-1kokura2.pdf,official_daily_result_pdf
202310010212,2023,小倉,1,2,12,2023-01-15,https://www.jra.go.jp/datafile/seiseki/report/2023/2023-1kokura2.pdf,official_daily_result_pdf
202310010301,2023,小倉,1,3,1,2023-01-21,https://www.jra.go.jp/datafile/seiseki/report/2023/2023-1kokura3.pdf,official_daily_result_pdf
202310010302,2023,小倉,1,3,2,2023-01-21,https://www.jra.go.jp/datafile/seiseki/report/2023/2023-1kokura3.pdf,official_daily_result_pdf
202310010303,2023,小倉,1,3,3,2023-01-21,https://www.jra.go.jp/datafile/seiseki/report/2023/2023-1kokura3.pdf,official_daily_result_pdf
202310010304,2023,小倉,1,3,4,2023-01-21,https://www.jra.go.jp/datafile/seiseki/report/2023/2023-1kokura3.pdf,official_daily_result_pdf
202310010305,2023,小倉,1,3,5,2023-01-21,https://www.jra.go.jp/datafile/seiseki/report/2023/2023-1kokura3.pdf,official_daily_result_pdf
202310010306,2023,小倉,1,3,6,2023-01-21,https://www.jra.go.jp/datafile/seiseki/report/2023/2023-1kokura3.pdf,official_daily_result_pdf
202310010307,2023,小倉,1,3,7,2023-01-21,https://www.jra.go.jp/datafile/seiseki/report/2023/2023-1kokura3.pdf,official_daily_result_pdf
202310010308,2023,小倉,1,3,8,2023-01-21,https://www.jra.go.jp/datafile/seiseki/report/2023/2023-1kokura3.pdf,official_daily_result_pdf
202310010309,2023,小倉,1,3,9,2023-01-21,https://www.jra.go.jp/datafile/seiseki/report/2023/2023-1kokura3.pdf,official_daily_result_pdf
202310010310,2023,小倉,1,3,10,2023-01-21,https://www.jra.go.jp/datafile/seiseki/report/2023/2023-1kokura3.pdf,official_daily_result_pdf
202310010311,2023,小倉,1,3,11,2023-01-21,https://www.jra.go.jp/datafile/seiseki/report/2023/2023-1kokura3.pdf,official_daily_result_pdf
202310010312,2023,小倉,1,3,12,2023-01-21,https://www.jra.go.jp/datafile/seiseki/report/2023/2023-1kokura3.pdf,official_daily_result_pdf
202310010401,2023,小倉,1,4,1,2023-01-22,https://www.jra.go.jp/datafile/seiseki/report/2023/2023-1kokura4.pdf,official_daily_result_pdf
202310010402,2023,小倉,1,4,2,2023-01-22,https://www.jra.go.jp/datafile/seiseki/report/2023/2023-1kokura4.pdf,official_daily_result_pdf
202310010403,2023,小倉,1,4,3,2023-01-22,https://www.jra.go.jp/datafile/seiseki/report/2023/2023-1kokura4.pdf,official_daily_result_pdf
202310010404,2023,小倉,1,4,4,2023-01-22,https://www.jra.go.jp/datafile/seiseki/report/2023/2023-1kokura4.pdf,official_daily_result_pdf
202310010405,2023,小倉,1,4,5,2023-01-22,https://www.jra.go.jp/datafile/seiseki/report/2023/2023-1kokura4.pdf,official_daily_result_pdf
202310010406,2023,小倉,1,4,6,2023-01-22,https://www.jra.go.jp/datafile/seiseki/report/2023/2023-1kokura4.pdf,official_daily_result_pdf
202310010407,2023,小倉,1,4,7,2023-01-22,https://www.jra.go.jp/datafile/seiseki/report/2023/2023-1kokura4.pdf,official_daily_result_pdf
202310010408,2023,小倉,1,4,8,2023-01-22,https://www.jra.go.jp/datafile/seiseki/report/2023/2023-1kokura4.pdf,official_daily_result_pdf
202310010409,2023,小倉,1,4,9,2023-01-22,https://www.jra.go.jp/datafile/seiseki/report/2023/2023-1kokura4.pdf,official_daily_result_pdf
202310010410,2023,小倉,1,4,10,2023-01-22,https://www.jra.go.jp/datafile/seiseki/report/2023/2023-1kokura4.pdf,official_daily_result_pdf
202310010411,2023,小倉,1,4,11,2023-01-22,https://www.jra.go.jp/datafile/seiseki/report/2023/2023-1kokura4.pdf,official_daily_result_pdf
202310010412,2023,小倉,1,4,12,2023-01-22,https://www.jra.go.jp/datafile/seiseki/report/2023/2023-1kokura4.pdf,official_daily_result_pdf
202310010501,2023,小倉,1,5,1,2023-01-28,https://www.jra.go.jp/datafile/seiseki/report/2023/2023-1kokura5.pdf,official_daily_result_pdf
202310010502,2023,小倉,1,5,2,2023-01-28,https://www.jra.go.jp/datafile/seiseki/report/2023/2023-1kokura5.pdf,official_daily_result_pdf
202310010503,2023,小倉,1,5,3,2023-01-28,https://www.jra.go.jp/datafile/seiseki/report/2023/2023-1kokura5.pdf,official_daily_result_pdf
202310010504,2023,小倉,1,5,4,2023-01-28,https://www.jra.go.jp/datafile/seiseki/report/2023/2023-1kokura5.pdf,official_daily_result_pdf
202310010505,2023,小倉,1,5,5,2023-01-28,https://www.jra.go.jp/datafile/seiseki/report/2023/2023-1kokura5.pdf,official_daily_result_pdf
202310010506,2023,小倉,1,5,6,2023-01-28,https://www.jra.go.jp/datafile/seiseki/report/2023/2023-1kokura5.pdf,official_daily_result_pdf
202310010507,2023,小倉,1,5,7,2023-01-28,https://www.jra.go.jp/datafile/seiseki/report/2023/2023-1kokura5.pdf,official_daily_result_pdf
202310010508,2023,小倉,1,5,8,2023-01-28,https://www.jra.go.jp/datafile/seiseki/report/2023/2023-1kokura5.pdf,official_daily_result_pdf
202310010509,2023,小倉,1,5,9,2023-01-28,https://www.jra.go.jp/datafile/seiseki/report/2023/2023-1kokura5.pdf,official_daily_result_pdf
202310010510,2023,小倉,1,5,10,2023-01-28,https://www.jra.go.jp/datafile/seiseki/report/2023/2023-1kokura5.pdf,official_daily_result_pdf
202310010511,2023,小倉,1,5,11,2023-01-28,https://www.jra.go.jp/datafile/seiseki/report/2023/2023-1kokura5.pdf,official_daily_result_pdf
202310010512,2023,小倉,1,5,12,2023-01-28,https://www.jra.go.jp/datafile/seiseki/report/2023/2023-1kokura5.pdf,official_daily_result_pdf
202310010601,2023,小倉,1,6,1,2023-01-29,https://www.jra.go.jp/datafile/seiseki/report/2023/2023-1kokura6.pdf,official_daily_result_pdf
202310010602,2023,小倉,1,6,2,2023-01-29,https://www.jra.go.jp/datafile/seiseki/report/2023/2023-1kokura6.pdf,official_daily_result_pdf
202310010603,2023,小倉,1,6,3,2023-01-29,https://www.jra.go.jp/datafile/seiseki/report/2023/2023-1kokura6.pdf,official_daily_result_pdf
202310010604,2023,小倉,1,6,4,2023-01-29,https://www.jra.go.jp/datafile/seiseki/report/2023/2023-1kokura6.pdf,official_daily_result_pdf
202310010605,2023,小倉,1,6,5,2023-01-29,https://www.jra.go.jp/datafile/seiseki/report/2023/2023-1kokura6.pdf,official_daily_result_pdf
202310010606,2023,小倉,1,6,6,2023-01-29,https://www.jra.go.jp/datafile/seiseki/report/2023/2023-1kokura6.pdf,official_daily_result_pdf
202310010607,2023,小倉,1,6,7,2023-01-29,https://www.jra.go.jp/datafile/seiseki/report/2023/2023-1kokura6.pdf,official_daily_result_pdf
202310010608,2023,小倉,1,6,8,2023-01-29,https://www.jra.go.jp/datafile/seiseki/report/2023/2023-1kokura6.pdf,official_daily_result_pdf
202310010609,2023,小倉,1,6,9,2023-01-29,https://www.jra.go.jp/datafile/seiseki/report/2023/2023-1kokura6.pdf,official_daily_result_pdf
202310010610,2023,小倉,1,6,10,2023-01-29,https://www.jra.go.jp/datafile/seiseki/report/2023/2023-1kokura6.pdf,official_daily_result_pdf
202310010611,2023,小倉,1,6,11,2023-01-29,https://www.jra.go.jp/datafile/seiseki/report/2023/2023-1kokura6.pdf,official_daily_result_pdf
202310010612,2023,小倉,1,6,12,2023-01-29,https://www.jra.go.jp/datafile/seiseki/report/2023/2023-1kokura6.pdf,official_daily_result_pdf
202310010701,2023,小倉,1,7,1,2023-02-04,https://www.jra.go.jp/datafile/seiseki/report/2023/2023-1kokura7.pdf,official_daily_result_pdf
202310010702,2023,小倉,1,7,2,2023-02-04,https://www.jra.go.jp/datafile/seiseki/report/2023/2023-1kokura7.pdf,official_daily_result_pdf
202310010703,2023,小倉,1,7,3,2023-02-04,https://www.jra.go.jp/datafile/seiseki/report/2023/2023-1kokura7.pdf,official_daily_result_pdf
202310010704,2023,小倉,1,7,4,2023-02-04,https://www.jra.go.jp/datafile/seiseki/report/2023/2023-1kokura7.pdf,official_daily_result_pdf
202310010705,2023,小倉,1,7,5,2023-02-04,https://www.jra.go.jp/datafile/seiseki/report/2023/2023-1kokura7.pdf,official_daily_result_pdf
202310010706,2023,小倉,1,7,6,2023-02-04,https://www.jra.go.jp/datafile/seiseki/report/2023/2023-1kokura7.pdf,official_daily_result_pdf
202310010707,2023,小倉,1,7,7,2023-02-04,https://www.jra.go.jp/datafile/seiseki/report/2023/2023-1kokura7.pdf,official_daily_result_pdf
202310010708,2023,小倉,1,7,8,2023-02-04,https://www.jra.go.jp/datafile/seiseki/report/2023/2023-1kokura7.pdf,official_daily_result_pdf
202310010709,2023,小倉,1,7,9,2023-02-04,https://www.jra.go.jp/datafile/seiseki/report/2023/2023-1kokura7.pdf,official_daily_result_pdf
202310010710,2023,小倉,1,7,10,2023-02-04,https://www.jra.go.jp/datafile/seiseki/report/2023/2023-1kokura7.pdf,official_daily_result_pdf
202310010711,2023,小倉,1,7,11,2023-02-04,https://www.jra.go.jp/datafile/seiseki/report/2023/2023-1kokura7.pdf,official_daily_result_pdf
202310010712,2023,小倉,1,7,12,2023-02-04,https://www.jra.go.jp/datafile/seiseki/report/2023/2023-1kokura7.pdf,official_daily_result_pdf
202310010801,2023,小倉,1,8,1,2023-02-05,https://www.jra.go.jp/datafile/seiseki/report/2023/2023-1kokura8.pdf,official_daily_result_pdf
202310010802,2023,小倉,1,8,2,2023-02-05,https://www.jra.go.jp/datafile/seiseki/report/2023/2023-1kokura8.pdf,official_daily_result_pdf
202310010803,2023,小倉,1,8,3,2023-02-05,https://www.jra.go.jp/datafile/seiseki/report/2023/2023-1kokura8.pdf,official_daily_result_pdf
202310010804,2023,小倉,1,8,4,2023-02-05,https://www.jra.go.jp/datafile/seiseki/report/2023/2023-1kokura8.pdf,official_daily_result_pdf
202310010805,2023,小倉,1,8,5,2023-02-05,https://www.jra.go.jp/datafile/seiseki/report/2023/2023-1kokura8.pdf,official_daily_result_pdf
202310010806,2023,小倉,1,8,6,2023-02-05,https://www.jra.go.jp/datafile/seiseki/report/2023/2023-1kokura8.pdf,official_daily_result_pdf
202310010807,2023,小倉,1,8,7,2023-02-05,https://www.jra.go.jp/datafile/seiseki/report/2023/2023-1kokura8.pdf,official_daily_result_pdf
202310010808,2023,小倉,1,8,8,2023-02-05,https://www.jra.go.jp/datafile/seiseki/report/2023/2023-1kokura8.pdf,official_daily_result_pdf
202310010809,2023,小倉,1,8,9,2023-02-05,https://www.jra.go.jp/datafile/seiseki/report/2023/2023-1kokura8.pdf,official_daily_result_pdf
202310010810,2023,小倉,1,8,10,2023-02-05,https://www.jra.go.jp/datafile/seiseki/report/2023/2023-1kokura8.pdf,official_daily_result_pdf
202310010811,2023,小倉,1,8,11,2023-02-05,https://www.jra.go.jp/datafile/seiseki/report/2023/2023-1kokura8.pdf,official_daily_result_pdf
202310010812,2023,小倉,1,8,12,2023-02-05,https://www.jra.go.jp/datafile/seiseki/report/2023/2023-1kokura8.pdf,official_daily_result_pdf
202310020101,2023,小倉,2,1,1,2023-02-11,https://www.jra.go.jp/datafile/seiseki/report/2023/2023-2kokura1.pdf,official_daily_result_pdf
202310020102,2023,小倉,2,1,2,2023-02-11,https://www.jra.go.jp/datafile/seiseki/report/2023/2023-2kokura1.pdf,official_daily_result_pdf
202310020103,2023,小倉,2,1,3,2023-02-11,https://www.jra.go.jp/datafile/seiseki/report/2023/2023-2kokura1.pdf,official_daily_result_pdf
202310020104,2023,小倉,2,1,4,2023-02-11,https://www.jra.go.jp/datafile/seiseki/report/2023/2023-2kokura1.pdf,official_daily_result_pdf
202310020105,2023,小倉,2,1,5,2023-02-11,https://www.jra.go.jp/datafile/seiseki/report/2023/2023-2kokura1.pdf,official_daily_result_pdf
202310020106,2023,小倉,2,1,6,2023-02-11,https://www.jra.go.jp/datafile/seiseki/report/2023/2023-2kokura1.pdf,official_daily_result_pdf
202310020107,2023,小倉,2,1,7,2023-02-11,https://www.jra.go.jp/datafile/seiseki/report/2023/2023-2kokura1.pdf,official_daily_result_pdf
202310020108,2023,小倉,2,1,8,2023-02-11,https://www.jra.go.jp/datafile/seiseki/report/2023/2023-2kokura1.pdf,official_daily_result_pdf
202310020109,2023,小倉,2,1,9,2023-02-11,https://www.jra.go.jp/datafile/seiseki/report/2023/2023-2kokura1.pdf,official_daily_result_pdf
202310020110,2023,小倉,2,1,10,2023-02-11,https://www.jra.go.jp/datafile/seiseki/report/2023/2023-2kokura1.pdf,official_daily_result_pdf
202310020111,2023,小倉,2,1,11,2023-02-11,https://www.jra.go.jp/datafile/seiseki/report/2023/2023-2kokura1.pdf,official_daily_result_pdf
202310020112,2023,小倉,2,1,12,2023-02-11,https://www.jra.go.jp/datafile/seiseki/report/2023/2023-2kokura1.pdf,official_daily_result_pdf
202310020201,2023,小倉,2,2,1,2023-02-12,https://www.jra.go.jp/datafile/seiseki/report/2023/2023-2kokura2.pdf,official_daily_result_pdf
202310020202,2023,小倉,2,2,2,2023-02-12,https://www.jra.go.jp/datafile/seiseki/report/2023/2023-2kokura2.pdf,official_daily_result_pdf
202310020203,2023,小倉,2,2,3,2023-02-12,https://www.jra.go.jp/datafile/seiseki/report/2023/2023-2kokura2.pdf,official_daily_result_pdf
202310020204,2023,小倉,2,2,4,2023-02-12,https://www.jra.go.jp/datafile/seiseki/report/2023/2023-2kokura2.pdf,official_daily_result_pdf
202310020205,2023,小倉,2,2,5,2023-02-12,https://www.jra.go.jp/datafile/seiseki/report/2023/2023-2kokura2.pdf,official_daily_result_pdf
202310020206,2023,小倉,2,2,6,2023-02-12,https://www.jra.go.jp/datafile/seiseki/report/2023/2023-2kokura2.pdf,official_daily_result_pdf
202310020207,2023,小倉,2,2,7,2023-02-12,https://www.jra.go.jp/datafile/seiseki/report/2023/2023-2kokura2.pdf,official_daily_result_pdf
202310020208,2023,小倉,2,2,8,2023-02-12,https://www.jra.go.jp/datafile/seiseki/report/2023/2023-2kokura2.pdf,official_daily_result_pdf
202310020209,2023,小倉,2,2,9,2023-02-12,https://www.jra.go.jp/datafile/seiseki/report/2023/2023-2kokura2.pdf,official_daily_result_pdf
202310020210,2023,小倉,2,2,10,2023-02-12,https://www.jra.go.jp/datafile/seiseki/report/2023/2023-2kokura2.pdf,official_daily_result_pdf
202310020211,2023,小倉,2,2,11,2023-02-12,https://www.jra.go.jp/datafile/seiseki/report/2023/2023-2kokura2.pdf,official_daily_result_pdf
202310020212,2023,小倉,2,2,12,2023-02-12,https://www.jra.go.jp/datafile/seiseki/report/2023/2023-2kokura2.pdf,official_daily_result_pdf
202310020301,2023,小倉,2,3,1,2023-02-18,https://www.jra.go.jp/datafile/seiseki/report/2023/2023-2kokura3.pdf,official_daily_result_pdf
202310020302,2023,小倉,2,3,2,2023-02-18,https://www.jra.go.jp/datafile/seiseki/report/2023/2023-2kokura3.pdf,official_daily_result_pdf
202310020303,2023,小倉,2,3,3,2023-02-18,https://www.jra.go.jp/datafile/seiseki/report/2023/2023-2kokura3.pdf,official_daily_result_pdf
202310020304,2023,小倉,2,3,4,2023-02-18,https://www.jra.go.jp/datafile/seiseki/report/2023/2023-2kokura3.pdf,official_daily_result_pdf
202310020305,2023,小倉,2,3,5,2023-02-18,https://www.jra.go.jp/datafile/seiseki/report/2023/2023-2kokura3.pdf,official_daily_result_pdf
202310020306,2023,小倉,2,3,6,2023-02-18,https://www.jra.go.jp/datafile/seiseki/report/2023/2023-2kokura3.pdf,official_daily_result_pdf
202310020307,2023,小倉,2,3,7,2023-02-18,https://www.jra.go.jp/datafile/seiseki/report/2023/2023-2kokura3.pdf,official_daily_result_pdf
202310020308,2023,小倉,2,3,8,2023-02-18,https://www.jra.go.jp/datafile/seiseki/report/2023/2023-2kokura3.pdf,official_daily_result_pdf
202310020309,2023,小倉,2,3,9,2023-02-18,https://www.jra.go.jp/datafile/seiseki/report/2023/2023-2kokura3.pdf,official_daily_result_pdf
202310020310,2023,小倉,2,3,10,2023-02-18,https://www.jra.go.jp/datafile/seiseki/report/2023/2023-2kokura3.pdf,official_daily_result_pdf
202310020311,2023,小倉,2,3,11,2023-02-18,https://www.jra.go.jp/datafile/seiseki/report/2023/2023-2kokura3.pdf,official_daily_result_pdf
202310020312,2023,小倉,2,3,12,2023-02-18,https://www.jra.go.jp/datafile/seiseki/report/2023/2023-2kokura3.pdf,official_daily_result_pdf
202310020401,2023,小倉,2,4,1,2023-02-19,https://www.jra.go.jp/datafile/seiseki/report/2023/2023-2kokura4.pdf,official_daily_result_pdf
202310020402,2023,小倉,2,4,2,2023-02-19,https://www.jra.go.jp/datafile/seiseki/report/2023/2023-2kokura4.pdf,official_daily_result_pdf
202310020403,2023,小倉,2,4,3,2023-02-19,https://www.jra.go.jp/datafile/seiseki/report/2023/2023-2kokura4.pdf,official_daily_result_pdf
202310020404,2023,小倉,2,4,4,2023-02-19,https://www.jra.go.jp/datafile/seiseki/report/2023/2023-2kokura4.pdf,official_daily_result_pdf
202310020405,2023,小倉,2,4,5,2023-02-19,https://www.jra.go.jp/datafile/seiseki/report/2023/2023-2kokura4.pdf,official_daily_result_pdf
202310020406,2023,小倉,2,4,6,2023-02-19,https://www.jra.go.jp/datafile/seiseki/report/2023/2023-2kokura4.pdf,official_daily_result_pdf
202310020407,2023,小倉,2,4,7,2023-02-19,https://www.jra.go.jp/datafile/seiseki/report/2023/2023-2kokura4.pdf,official_daily_result_pdf
202310020408,2023,小倉,2,4,8,2023-02-19,https://www.jra.go.jp/datafile/seiseki/report/2023/2023-2kokura4.pdf,official_daily_result_pdf
202310020409,2023,小倉,2,4,9,2023-02-19,https://www.jra.go.jp/datafile/seiseki/report/2023/2023-2kokura4.pdf,official_daily_result_pdf
202310020410,2023,小倉,2,4,10,2023-02-19,https://www.jra.go.jp/datafile/seiseki/report/2023/2023-2kokura4.pdf,official_daily_result_pdf
202310020411,2023,小倉,2,4,11,2023-02-19,https://www.jra.go.jp/datafile/seiseki/report/2023/2023-2kokura4.pdf,official_daily_result_pdf
202310020412,2023,小倉,2,4,12,2023-02-19,https://www.jra.go.jp/datafile/seiseki/report/2023/2023-2kokura4.pdf,official_daily_result_pdf
202310020501,2023,小倉,2,5,1,2023-02-25,https://www.jra.go.jp/datafile/seiseki/report/2023/2023-2kokura5.pdf,official_daily_result_pdf
202310020502,2023,小倉,2,5,2,2023-02-25,https://www.jra.go.jp/datafile/seiseki/report/2023/2023-2kokura5.pdf,official_daily_result_pdf
202310020503,2023,小倉,2,5,3,2023-02-25,https://www.jra.go.jp/datafile/seiseki/report/2023/2023-2kokura5.pdf,official_daily_result_pdf
202310020504,2023,小倉,2,5,4,2023-02-25,https://www.jra.go.jp/datafile/seiseki/report/2023/2023-2kokura5.pdf,official_daily_result_pdf
202310020505,2023,小倉,2,5,5,2023-02-25,https://www.jra.go.jp/datafile/seiseki/report/2023/2023-2kokura5.pdf,official_daily_result_pdf
202310020506,2023,小倉,2,5,6,2023-02-25,https://www.jra.go.jp/datafile/seiseki/report/2023/2023-2kokura5.pdf,official_daily_result_pdf
202310020507,2023,小倉,2,5,7,2023-02-25,https://www.jra.go.jp/datafile/seiseki/report/2023/2023-2kokura5.pdf,official_daily_result_pdf
202310020508,2023,小倉,2,5,8,2023-02-25,https://www.jra.go.jp/datafile/seiseki/report/2023/2023-2kokura5.pdf,official_daily_result_pdf
202310020509,2023,小倉,2,5,9,2023-02-25,https://www.jra.go.jp/datafile/seiseki/report/2023/2023-2kokura5.pdf,official_daily_result_pdf
202310020510,2023,小倉,2,5,10,2023-02-25,https://www.jra.go.jp/datafile/seiseki/report/2023/2023-2kokura5.pdf,official_daily_result_pdf
202310020511,2023,小倉,2,5,11,2023-02-25,https://www.jra.go.jp/datafile/seiseki/report/2023/2023-2kokura5.pdf,official_daily_result_pdf
202310020512,2023,小倉,2,5,12,2023-02-25,https://www.jra.go.jp/datafile/seiseki/report/2023/2023-2kokura5.pdf,official_daily_result_pdf
202310020601,2023,小倉,2,6,1,2023-02-26,https://www.jra.go.jp/datafile/seiseki/report/2023/2023-2kokura6.pdf,official_daily_result_pdf
202310020602,2023,小倉,2,6,2,2023-02-26,https://www.jra.go.jp/datafile/seiseki/report/2023/2023-2kokura6.pdf,official_daily_result_pdf
202310020603,2023,小倉,2,6,3,2023-02-26,https://www.jra.go.jp/datafile/seiseki/report/2023/2023-2kokura6.pdf,official_daily_result_pdf
202310020604,2023,小倉,2,6,4,2023-02-26,https://www.jra.go.jp/datafile/seiseki/report/2023/2023-2kokura6.pdf,official_daily_result_pdf
202310020605,2023,小倉,2,6,5,2023-02-26,https://www.jra.go.jp/datafile/seiseki/report/2023/2023-2kokura6.pdf,official_daily_result_pdf
202310020606,2023,小倉,2,6,6,2023-02-26,https://www.jra.go.jp/datafile/seiseki/report/2023/2023-2kokura6.pdf,official_daily_result_pdf
202310020607,2023,小倉,2,6,7,2023-02-26,https://www.jra.go.jp/datafile/seiseki/report/2023/2023-2kokura6.pdf,official_daily_result_pdf
202310020608,2023,小倉,2,6,8,2023-02-26,https://www.jra.go.jp/datafile/seiseki/report/2023/2023-2kokura6.pdf,official_daily_result_pdf
202310020609,2023,小倉,2,6,9,2023-02-26,https://www.jra.go.jp/datafile/seiseki/report/2023/2023-2kokura6.pdf,official_daily_result_pdf
202310020610,2023,小倉,2,6,10,2023-02-26,https://www.jra.go.jp/datafile/seiseki/report/2023/2023-2kokura6.pdf,official_daily_result_pdf
202310020611,2023,小倉,2,6,11,2023-02-26,https://www.jra.go.jp/datafile/seiseki/report/2023/2023-2kokura6.pdf,official_daily_result_pdf
202310020612,2023,小倉,2,6,12,2023-02-26,https://www.jra.go.jp/datafile/seiseki/report/2023/2023-2kokura6.pdf,official_daily_result_pdf
202310030101,2023,小倉,3,1,1,2023-08-12,https://www.jra.go.jp/datafile/seiseki/report/2023/2023-3kokura1.pdf,official_daily_result_pdf
202310030102,2023,小倉,3,1,2,2023-08-12,https://www.jra.go.jp/datafile/seiseki/report/2023/2023-3kokura1.pdf,official_daily_result_pdf
202310030103,2023,小倉,3,1,3,2023-08-12,https://www.jra.go.jp/datafile/seiseki/report/2023/2023-3kokura1.pdf,official_daily_result_pdf
202310030104,2023,小倉,3,1,4,2023-08-12,https://www.jra.go.jp/datafile/seiseki/report/2023/2023-3kokura1.pdf,official_daily_result_pdf
202310030105,2023,小倉,3,1,5,2023-08-12,https://www.jra.go.jp/datafile/seiseki/report/2023/2023-3kokura1.pdf,official_daily_result_pdf
202310030106,2023,小倉,3,1,6,2023-08-12,https://www.jra.go.jp/datafile/seiseki/report/2023/2023-3kokura1.pdf,official_daily_result_pdf
202310030107,2023,小倉,3,1,7,2023-08-12,https://www.jra.go.jp/datafile/seiseki/report/2023/2023-3kokura1.pdf,official_daily_result_pdf
202310030108,2023,小倉,3,1,8,2023-08-12,https://www.jra.go.jp/datafile/seiseki/report/2023/2023-3kokura1.pdf,official_daily_result_pdf
202310030109,2023,小倉,3,1,9,2023-08-12,https://www.jra.go.jp/datafile/seiseki/report/2023/2023-3kokura1.pdf,official_daily_result_pdf
202310030110,2023,小倉,3,1,10,2023-08-12,https://www.jra.go.jp/datafile/seiseki/report/2023/2023-3kokura1.pdf,official_daily_result_pdf
202310030111,2023,小倉,3,1,11,2023-08-12,https://www.jra.go.jp/datafile/seiseki/report/2023/2023-3kokura1.pdf,official_daily_result_pdf
202310030112,2023,小倉,3,1,12,2023-08-12,https://www.jra.go.jp/datafile/seiseki/report/2023/2023-3kokura1.pdf,official_daily_result_pdf
202310030201,2023,小倉,3,2,1,2023-08-13,https://www.jra.go.jp/datafile/seiseki/report/2023/2023-3kokura2.pdf,official_daily_result_pdf
202310030202,2023,小倉,3,2,2,2023-08-13,https://www.jra.go.jp/datafile/seiseki/report/2023/2023-3kokura2.pdf,official_daily_result_pdf
202310030203,2023,小倉,3,2,3,2023-08-13,https://www.jra.go.jp/datafile/seiseki/report/2023/2023-3kokura2.pdf,official_daily_result_pdf
202310030204,2023,小倉,3,2,4,2023-08-13,https://www.jra.go.jp/datafile/seiseki/report/2023/2023-3kokura2.pdf,official_daily_result_pdf
202310030205,2023,小倉,3,2,5,2023-08-13,https://www.jra.go.jp/datafile/seiseki/report/2023/2023-3kokura2.pdf,official_daily_result_pdf
202310030206,2023,小倉,3,2,6,2023-08-13,https://www.jra.go.jp/datafile/seiseki/report/2023/2023-3kokura2.pdf,official_daily_result_pdf
202310030207,2023,小倉,3,2,7,2023-08-13,https://www.jra.go.jp/datafile/seiseki/report/2023/2023-3kokura2.pdf,official_daily_result_pdf
202310030208,2023,小倉,3,2,8,2023-08-13,https://www.jra.go.jp/datafile/seiseki/report/2023/2023-3kokura2.pdf,official_daily_result_pdf
202310030209,2023,小倉,3,2,9,2023-08-13,https://www.jra.go.jp/datafile/seiseki/report/2023/2023-3kokura2.pdf,official_daily_result_pdf
202310030210,2023,小倉,3,2,10,2023-08-13,https://www.jra.go.jp/datafile/seiseki/report/2023/2023-3kokura2.pdf,official_daily_result_pdf
202310030211,2023,小倉,3,2,11,2023-08-13,https://www.jra.go.jp/datafile/seiseki/report/2023/2023-3kokura2.pdf,official_daily_result_pdf
202310030212,2023,小倉,3,2,12,2023-08-13,https://www.jra.go.jp/datafile/seiseki/report/2023/2023-3kokura2.pdf,official_daily_result_pdf
202310030301,2023,小倉,3,3,1,2023-08-19,https://www.jra.go.jp/datafile/seiseki/report/2023/2023-3kokura3.pdf,official_daily_result_pdf
202310030302,2023,小倉,3,3,2,2023-08-19,https://www.jra.go.jp/datafile/seiseki/report/2023/2023-3kokura3.pdf,official_daily_result_pdf
202310030303,2023,小倉,3,3,3,2023-08-19,https://www.jra.go.jp/datafile/seiseki/report/2023/2023-3kokura3.pdf,official_daily_result_pdf
202310030304,2023,小倉,3,3,4,2023-08-19,https://www.jra.go.jp/datafile/seiseki/report/2023/2023-3kokura3.pdf,official_daily_result_pdf
202310030305,2023,小倉,3,3,5,2023-08-19,https://www.jra.go.jp/datafile/seiseki/report/2023/2023-3kokura3.pdf,official_daily_result_pdf
202310030306,2023,小倉,3,3,6,2023-08-19,https://www.jra.go.jp/datafile/seiseki/report/2023/2023-3kokura3.pdf,official_daily_result_pdf
202310030307,2023,小倉,3,3,7,2023-08-19,https://www.jra.go.jp/datafile/seiseki/report/2023/2023-3kokura3.pdf,official_daily_result_pdf
202310030308,2023,小倉,3,3,8,2023-08-19,https://www.jra.go.jp/datafile/seiseki/report/2023/2023-3kokura3.pdf,official_daily_result_pdf
202310030309,2023,小倉,3,3,9,2023-08-19,https://www.jra.go.jp/datafile/seiseki/report/2023/2023-3kokura3.pdf,official_daily_result_pdf
202310030310,2023,小倉,3,3,10,2023-08-19,https://www.jra.go.jp/datafile/seiseki/report/2023/2023-3kokura3.pdf,official_daily_result_pdf
202310030311,2023,小倉,3,3,11,2023-08-19,https://www.jra.go.jp/datafile/seiseki/report/2023/2023-3kokura3.pdf,official_daily_result_pdf
202310030312,2023,小倉,3,3,12,2023-08-19,https://www.jra.go.jp/datafile/seiseki/report/2023/2023-3kokura3.pdf,official_daily_result_pdf
202310030401,2023,小倉,3,4,1,2023-08-20,https://www.jra.go.jp/datafile/seiseki/report/2023/2023-3kokura4.pdf,official_daily_result_pdf
202310030402,2023,小倉,3,4,2,2023-08-20,https://www.jra.go.jp/datafile/seiseki/report/2023/2023-3kokura4.pdf,official_daily_result_pdf
202310030403,2023,小倉,3,4,3,2023-08-20,https://www.jra.go.jp/datafile/seiseki/report/2023/2023-3kokura4.pdf,official_daily_result_pdf
202310030404,2023,小倉,3,4,4,2023-08-20,https://www.jra.go.jp/datafile/seiseki/report/2023/2023-3kokura4.pdf,official_daily_result_pdf
202310030405,2023,小倉,3,4,5,2023-08-20,https://www.jra.go.jp/datafile/seiseki/report/2023/2023-3kokura4.pdf,official_daily_result_pdf
202310030406,2023,小倉,3,4,6,2023-08-20,https://www.jra.go.jp/datafile/seiseki/report/2023/2023-3kokura4.pdf,official_daily_result_pdf
202310030407,2023,小倉,3,4,7,2023-08-20,https://www.jra.go.jp/datafile/seiseki/report/2023/2023-3kokura4.pdf,official_daily_result_pdf
202310030408,2023,小倉,3,4,8,2023-08-20,https://www.jra.go.jp/datafile/seiseki/report/2023/2023-3kokura4.pdf,official_daily_result_pdf
202310030409,2023,小倉,3,4,9,2023-08-20,https://www.jra.go.jp/datafile/seiseki/report/2023/2023-3kokura4.pdf,official_daily_result_pdf
202310030410,2023,小倉,3,4,10,2023-08-20,https://www.jra.go.jp/datafile/seiseki/report/2023/2023-3kokura4.pdf,official_daily_result_pdf
202310030411,2023,小倉,3,4,11,2023-08-20,https://www.jra.go.jp/datafile/seiseki/report/2023/2023-3kokura4.pdf,official_daily_result_pdf
202310030412,2023,小倉,3,4,12,2023-08-20,https://www.jra.go.jp/datafile/seiseki/report/2023/2023-3kokura4.pdf,official_daily_result_pdf
202310030501,2023,小倉,3,5,1,2023-08-26,https://www.jra.go.jp/datafile/seiseki/report/2023/2023-3kokura5.pdf,official_daily_result_pdf
202310030502,2023,小倉,3,5,2,2023-08-26,https://www.jra.go.jp/datafile/seiseki/report/2023/2023-3kokura5.pdf,official_daily_result_pdf
202310030503,2023,小倉,3,5,3,2023-08-26,https://www.jra.go.jp/datafile/seiseki/report/2023/2023-3kokura5.pdf,official_daily_result_pdf
202310030504,2023,小倉,3,5,4,2023-08-26,https://www.jra.go.jp/datafile/seiseki/report/2023/2023-3kokura5.pdf,official_daily_result_pdf
202310030505,2023,小倉,3,5,5,2023-08-26,https://www.jra.go.jp/datafile/seiseki/report/2023/2023-3kokura5.pdf,official_daily_result_pdf
202310030506,2023,小倉,3,5,6,2023-08-26,https://www.jra.go.jp/datafile/seiseki/report/2023/2023-3kokura5.pdf,official_daily_result_pdf
202310030507,2023,小倉,3,5,7,2023-08-26,https://www.jra.go.jp/datafile/seiseki/report/2023/2023-3kokura5.pdf,official_daily_result_pdf
202310030508,2023,小倉,3,5,8,2023-08-26,https://www.jra.go.jp/datafile/seiseki/report/2023/2023-3kokura5.pdf,official_daily_result_pdf
202310030509,2023,小倉,3,5,9,2023-08-26,https://www.jra.go.jp/datafile/seiseki/report/2023/2023-3kokura5.pdf,official_daily_result_pdf
202310030510,2023,小倉,3,5,10,2023-08-26,https://www.jra.go.jp/datafile/seiseki/report/2023/2023-3kokura5.pdf,official_daily_result_pdf
202310030511,2023,小倉,3,5,11,2023-08-26,https://www.jra.go.jp/datafile/seiseki/report/2023/2023-3kokura5.pdf,official_daily_result_pdf
202310030512,2023,小倉,3,5,12,2023-08-26,https://www.jra.go.jp/datafile/seiseki/report/2023/2023-3kokura5.pdf,official_daily_result_pdf
202310030601,2023,小倉,3,6,1,2023-08-27,https://www.jra.go.jp/datafile/seiseki/report/2023/2023-3kokura6.pdf,official_daily_result_pdf
202310030602,2023,小倉,3,6,2,2023-08-27,https://www.jra.go.jp/datafile/seiseki/report/2023/2023-3kokura6.pdf,official_daily_result_pdf
202310030603,2023,小倉,3,6,3,2023-08-27,https://www.jra.go.jp/datafile/seiseki/report/2023/2023-3kokura6.pdf,official_daily_result_pdf
202310030604,2023,小倉,3,6,4,2023-08-27,https://www.jra.go.jp/datafile/seiseki/report/2023/2023-3kokura6.pdf,official_daily_result_pdf
202310030605,2023,小倉,3,6,5,2023-08-27,https://www.jra.go.jp/datafile/seiseki/report/2023/2023-3kokura6.pdf,official_daily_result_pdf
202310030606,2023,小倉,3,6,6,2023-08-27,https://www.jra.go.jp/datafile/seiseki/report/2023/2023-3kokura6.pdf,official_daily_result_pdf
202310030607,2023,小倉,3,6,7,2023-08-27,https://www.jra.go.jp/datafile/seiseki/report/2023/2023-3kokura6.pdf,official_daily_result_pdf
202310030608,2023,小倉,3,6,8,2023-08-27,https://www.jra.go.jp/datafile/seiseki/report/2023/2023-3kokura6.pdf,official_daily_result_pdf
202310030609,2023,小倉,3,6,9,2023-08-27,https://www.jra.go.jp/datafile/seiseki/report/2023/2023-3kokura6.pdf,official_daily_result_pdf
202310030610,2023,小倉,3,6,10,2023-08-27,https://www.jra.go.jp/datafile/seiseki/report/2023/2023-3kokura6.pdf,official_daily_result_pdf
202310030611,2023,小倉,3,6,11,2023-08-27,https://www.jra.go.jp/datafile/seiseki/report/2023/2023-3kokura6.pdf,official_daily_result_pdf
202310030612,2023,小倉,3,6,12,2023-08-27,https://www.jra.go.jp/datafile/seiseki/report/2023/2023-3kokura6.pdf,official_daily_result_pdf
202310030701,2023,小倉,3,7,1,2023-09-02,https://www.jra.go.jp/datafile/seiseki/report/2023/2023-3kokura7.pdf,official_daily_result_pdf
202310030702,2023,小倉,3,7,2,2023-09-02,https://www.jra.go.jp/datafile/seiseki/report/2023/2023-3kokura7.pdf,official_daily_result_pdf
202310030703,2023,小倉,3,7,3,2023-09-02,https://www.jra.go.jp/datafile/seiseki/report/2023/2023-3kokura7.pdf,official_daily_result_pdf
202310030704,2023,小倉,3,7,4,2023-09-02,https://www.jra.go.jp/datafile/seiseki/report/2023/2023-3kokura7.pdf,official_daily_result_pdf
202310030705,2023,小倉,3,7,5,2023-09-02,https://www.jra.go.jp/datafile/seiseki/report/2023/2023-3kokura7.pdf,official_daily_result_pdf
202310030706,2023,小倉,3,7,6,2023-09-02,https://www.jra.go.jp/datafile/seiseki/report/2023/2023-3kokura7.pdf,official_daily_result_pdf
202310030707,2023,小倉,3,7,7,2023-09-02,https://www.jra.go.jp/datafile/seiseki/report/2023/2023-3kokura7.pdf,official_daily_result_pdf
202310030708,2023,小倉,3,7,8,2023-09-02,https://www.jra.go.jp/datafile/seiseki/report/2023/2023-3kokura7.pdf,official_daily_result_pdf
202310030709,2023,小倉,3,7,9,2023-09-02,https://www.jra.go.jp/datafile/seiseki/report/2023/2023-3kokura7.pdf,official_daily_result_pdf
202310030710,2023,小倉,3,7,10,2023-09-02,https://www.jra.go.jp/datafile/seiseki/report/2023/2023-3kokura7.pdf,official_daily_result_pdf
202310030711,2023,小倉,3,7,11,2023-09-02,https://www.jra.go.jp/datafile/seiseki/report/2023/2023-3kokura7.pdf,official_daily_result_pdf
202310030712,2023,小倉,3,7,12,2023-09-02,https://www.jra.go.jp/datafile/seiseki/report/2023/2023-3kokura7.pdf,official_daily_result_pdf
202310030801,2023,小倉,3,8,1,2023-09-03,https://www.jra.go.jp/datafile/seiseki/report/2023/2023-3kokura8.pdf,official_daily_result_pdf
202310030802,2023,小倉,3,8,2,2023-09-03,https://www.jra.go.jp/datafile/seiseki/report/2023/2023-3kokura8.pdf,official_daily_result_pdf
202310030803,2023,小倉,3,8,3,2023-09-03,https://www.jra.go.jp/datafile/seiseki/report/2023/2023-3kokura8.pdf,official_daily_result_pdf
202310030804,2023,小倉,3,8,4,2023-09-03,https://www.jra.go.jp/datafile/seiseki/report/2023/2023-3kokura8.pdf,official_daily_result_pdf
202310030805,2023,小倉,3,8,5,2023-09-03,https://www.jra.go.jp/datafile/seiseki/report/2023/2023-3kokura8.pdf,official_daily_result_pdf
202310030806,2023,小倉,3,8,6,2023-09-03,https://www.jra.go.jp/datafile/seiseki/report/2023/2023-3kokura8.pdf,official_daily_result_pdf
202310030807,2023,小倉,3,8,7,2023-09-03,https://www.jra.go.jp/datafile/seiseki/report/2023/2023-3kokura8.pdf,official_daily_result_pdf
202310030808,2023,小倉,3,8,8,2023-09-03,https://www.jra.go.jp/datafile/seiseki/report/2023/2023-3kokura8.pdf,official_daily_result_pdf
202310030809,2023,小倉,3,8,9,2023-09-03,https://www.jra.go.jp/datafile/seiseki/report/2023/2023-3kokura8.pdf,official_daily_result_pdf
202310030810,2023,小倉,3,8,10,2023-09-03,https://www.jra.go.jp/datafile/seiseki/report/2023/2023-3kokura8.pdf,official_daily_result_pdf
202310030811,2023,小倉,3,8,11,2023-09-03,https://www.jra.go.jp/datafile/seiseki/report/2023/2023-3kokura8.pdf,official_daily_result_pdf
202310030812,2023,小倉,3,8,12,2023-09-03,https://www.jra.go.jp/datafile/seiseki/report/2023/2023-3kokura8.pdf,official_daily_result_pdf
202401010101,2024,札幌,1,1,1,2024-07-20,https://www.jra.go.jp/datafile/seiseki/report/2024/2024-1sapporo1.pdf,official_daily_result_pdf
202401010102,2024,札幌,1,1,2,2024-07-20,https://www.jra.go.jp/datafile/seiseki/report/2024/2024-1sapporo1.pdf,official_daily_result_pdf
202401010103,2024,札幌,1,1,3,2024-07-20,https://www.jra.go.jp/datafile/seiseki/report/2024/2024-1sapporo1.pdf,official_daily_result_pdf
202401010104,2024,札幌,1,1,4,2024-07-20,https://www.jra.go.jp/datafile/seiseki/report/2024/2024-1sapporo1.pdf,official_daily_result_pdf
202401010105,2024,札幌,1,1,5,2024-07-20,https://www.jra.go.jp/datafile/seiseki/report/2024/2024-1sapporo1.pdf,official_daily_result_pdf
202401010106,2024,札幌,1,1,6,2024-07-20,https://www.jra.go.jp/datafile/seiseki/report/2024/2024-1sapporo1.pdf,official_daily_result_pdf
202401010107,2024,札幌,1,1,7,2024-07-20,https://www.jra.go.jp/datafile/seiseki/report/2024/2024-1sapporo1.pdf,official_daily_result_pdf
202401010108,2024,札幌,1,1,8,2024-07-20,https://www.jra.go.jp/datafile/seiseki/report/2024/2024-1sapporo1.pdf,official_daily_result_pdf
202401010109,2024,札幌,1,1,9,2024-07-20,https://www.jra.go.jp/datafile/seiseki/report/2024/2024-1sapporo1.pdf,official_daily_result_pdf
202401010110,2024,札幌,1,1,10,2024-07-20,https://www.jra.go.jp/datafile/seiseki/report/2024/2024-1sapporo1.pdf,official_daily_result_pdf
202401010111,2024,札幌,1,1,11,2024-07-20,https://www.jra.go.jp/datafile/seiseki/report/2024/2024-1sapporo1.pdf,official_daily_result_pdf
202401010112,2024,札幌,1,1,12,2024-07-20,https://www.jra.go.jp/datafile/seiseki/report/2024/2024-1sapporo1.pdf,official_daily_result_pdf
202401010201,2024,札幌,1,2,1,2024-07-21,https://www.jra.go.jp/datafile/seiseki/report/2024/2024-1sapporo2.pdf,official_daily_result_pdf
202401010202,2024,札幌,1,2,2,2024-07-21,https://www.jra.go.jp/datafile/seiseki/report/2024/2024-1sapporo2.pdf,official_daily_result_pdf
202401010203,2024,札幌,1,2,3,2024-07-21,https://www.jra.go.jp/datafile/seiseki/report/2024/2024-1sapporo2.pdf,official_daily_result_pdf
202401010204,2024,札幌,1,2,4,2024-07-21,https://www.jra.go.jp/datafile/seiseki/report/2024/2024-1sapporo2.pdf,official_daily_result_pdf
202401010205,2024,札幌,1,2,5,2024-07-21,https://www.jra.go.jp/datafile/seiseki/report/2024/2024-1sapporo2.pdf,official_daily_result_pdf
202401010206,2024,札幌,1,2,6,2024-07-21,https://www.jra.go.jp/datafile/seiseki/report/2024/2024-1sapporo2.pdf,official_daily_result_pdf
202401010207,2024,札幌,1,2,7,2024-07-21,https://www.jra.go.jp/datafile/seiseki/report/2024/2024-1sapporo2.pdf,official_daily_result_pdf
202401010208,2024,札幌,1,2,8,2024-07-21,https://www.jra.go.jp/datafile/seiseki/report/2024/2024-1sapporo2.pdf,official_daily_result_pdf
202401010209,2024,札幌,1,2,9,2024-07-21,https://www.jra.go.jp/datafile/seiseki/report/2024/2024-1sapporo2.pdf,official_daily_result_pdf
202401010210,2024,札幌,1,2,10,2024-07-21,https://www.jra.go.jp/datafile/seiseki/report/2024/2024-1sapporo2.pdf,official_daily_result_pdf
202401010211,2024,札幌,1,2,11,2024-07-21,https://www.jra.go.jp/datafile/seiseki/report/2024/2024-1sapporo2.pdf,official_daily_result_pdf
202401010212,2024,札幌,1,2,12,2024-07-21,https://www.jra.go.jp/datafile/seiseki/report/2024/2024-1sapporo2.pdf,official_daily_result_pdf
202401010301,2024,札幌,1,3,1,2024-07-27,https://www.jra.go.jp/datafile/seiseki/report/2024/2024-1sapporo3.pdf,official_daily_result_pdf
202401010302,2024,札幌,1,3,2,2024-07-27,https://www.jra.go.jp/datafile/seiseki/report/2024/2024-1sapporo3.pdf,official_daily_result_pdf
202401010303,2024,札幌,1,3,3,2024-07-27,https://www.jra.go.jp/datafile/seiseki/report/2024/2024-1sapporo3.pdf,official_daily_result_pdf
202401010304,2024,札幌,1,3,4,2024-07-27,https://www.jra.go.jp/datafile/seiseki/report/2024/2024-1sapporo3.pdf,official_daily_result_pdf
202401010305,2024,札幌,1,3,5,2024-07-27,https://www.jra.go.jp/datafile/seiseki/report/2024/2024-1sapporo3.pdf,official_daily_result_pdf
202401010306,2024,札幌,1,3,6,2024-07-27,https://www.jra.go.jp/datafile/seiseki/report/2024/2024-1sapporo3.pdf,official_daily_result_pdf
202401010307,2024,札幌,1,3,7,2024-07-27,https://www.jra.go.jp/datafile/seiseki/report/2024/2024-1sapporo3.pdf,official_daily_result_pdf
202401010308,2024,札幌,1,3,8,2024-07-27,https://www.jra.go.jp/datafile/seiseki/report/2024/2024-1sapporo3.pdf,official_daily_result_pdf
202401010309,2024,札幌,1,3,9,2024-07-27,https://www.jra.go.jp/datafile/seiseki/report/2024/2024-1sapporo3.pdf,official_daily_result_pdf
202401010310,2024,札幌,1,3,10,2024-07-27,https://www.jra.go.jp/datafile/seiseki/report/2024/2024-1sapporo3.pdf,official_daily_result_pdf
202401010311,2024,札幌,1,3,11,2024-07-27,https://www.jra.go.jp/datafile/seiseki/report/2024/2024-1sapporo3.pdf,official_daily_result_pdf
202401010312,2024,札幌,1,3,12,2024-07-27,https://www.jra.go.jp/datafile/seiseki/report/2024/2024-1sapporo3.pdf,official_daily_result_pdf
202401010401,2024,札幌,1,4,1,2024-07-28,https://www.jra.go.jp/datafile/seiseki/report/2024/2024-1sapporo4.pdf,official_daily_result_pdf
202401010402,2024,札幌,1,4,2,2024-07-28,https://www.jra.go.jp/datafile/seiseki/report/2024/2024-1sapporo4.pdf,official_daily_result_pdf
202401010403,2024,札幌,1,4,3,2024-07-28,https://www.jra.go.jp/datafile/seiseki/report/2024/2024-1sapporo4.pdf,official_daily_result_pdf
202401010404,2024,札幌,1,4,4,2024-07-28,https://www.jra.go.jp/datafile/seiseki/report/2024/2024-1sapporo4.pdf,official_daily_result_pdf
202401010405,2024,札幌,1,4,5,2024-07-28,https://www.jra.go.jp/datafile/seiseki/report/2024/2024-1sapporo4.pdf,official_daily_result_pdf
202401010406,2024,札幌,1,4,6,2024-07-28,https://www.jra.go.jp/datafile/seiseki/report/2024/2024-1sapporo4.pdf,official_daily_result_pdf
202401010407,2024,札幌,1,4,7,2024-07-28,https://www.jra.go.jp/datafile/seiseki/report/2024/2024-1sapporo4.pdf,official_daily_result_pdf
202401010408,2024,札幌,1,4,8,2024-07-28,https://www.jra.go.jp/datafile/seiseki/report/2024/2024-1sapporo4.pdf,official_daily_result_pdf
202401010409,2024,札幌,1,4,9,2024-07-28,https://www.jra.go.jp/datafile/seiseki/report/2024/2024-1sapporo4.pdf,official_daily_result_pdf
202401010410,2024,札幌,1,4,10,2024-07-28,https://www.jra.go.jp/datafile/seiseki/report/2024/2024-1sapporo4.pdf,official_daily_result_pdf
202401010411,2024,札幌,1,4,11,2024-07-28,https://www.jra.go.jp/datafile/seiseki/report/2024/2024-1sapporo4.pdf,official_daily_result_pdf
202401010412,2024,札幌,1,4,12,2024-07-28,https://www.jra.go.jp/datafile/seiseki/report/2024/2024-1sapporo4.pdf,official_daily_result_pdf
202401010501,2024,札幌,1,5,1,2024-08-03,https://www.jra.go.jp/datafile/seiseki/report/2024/2024-1sapporo5.pdf,official_daily_result_pdf
202401010502,2024,札幌,1,5,2,2024-08-03,https://www.jra.go.jp/datafile/seiseki/report/2024/2024-1sapporo5.pdf,official_daily_result_pdf
202401010503,2024,札幌,1,5,3,2024-08-03,https://www.jra.go.jp/datafile/seiseki/report/2024/2024-1sapporo5.pdf,official_daily_result_pdf
202401010504,2024,札幌,1,5,4,2024-08-03,https://www.jra.go.jp/datafile/seiseki/report/2024/2024-1sapporo5.pdf,official_daily_result_pdf
202401010505,2024,札幌,1,5,5,2024-08-03,https://www.jra.go.jp/datafile/seiseki/report/2024/2024-1sapporo5.pdf,official_daily_result_pdf
202401010506,2024,札幌,1,5,6,2024-08-03,https://www.jra.go.jp/datafile/seiseki/report/2024/2024-1sapporo5.pdf,official_daily_result_pdf
202401010507,2024,札幌,1,5,7,2024-08-03,https://www.jra.go.jp/datafile/seiseki/report/2024/2024-1sapporo5.pdf,official_daily_result_pdf
202401010508,2024,札幌,1,5,8,2024-08-03,https://www.jra.go.jp/datafile/seiseki/report/2024/2024-1sapporo5.pdf,official_daily_result_pdf
202401010509,2024,札幌,1,5,9,2024-08-03,https://www.jra.go.jp/datafile/seiseki/report/2024/2024-1sapporo5.pdf,official_daily_result_pdf
202401010510,2024,札幌,1,5,10,2024-08-03,https://www.jra.go.jp/datafile/seiseki/report/2024/2024-1sapporo5.pdf,official_daily_result_pdf
202401010511,2024,札幌,1,5,11,2024-08-03,https://www.jra.go.jp/datafile/seiseki/report/2024/2024-1sapporo5.pdf,official_daily_result_pdf
202401010512,2024,札幌,1,5,12,2024-08-03,https://www.jra.go.jp/datafile/seiseki/report/2024/2024-1sapporo5.pdf,official_daily_result_pdf
202401010601,2024,札幌,1,6,1,2024-08-04,https://www.jra.go.jp/datafile/seiseki/report/2024/2024-1sapporo6.pdf,official_daily_result_pdf
202401010602,2024,札幌,1,6,2,2024-08-04,https://www.jra.go.jp/datafile/seiseki/report/2024/2024-1sapporo6.pdf,official_daily_result_pdf
202401010603,2024,札幌,1,6,3,2024-08-04,https://www.jra.go.jp/datafile/seiseki/report/2024/2024-1sapporo6.pdf,official_daily_result_pdf
202401010604,2024,札幌,1,6,4,2024-08-04,https://www.jra.go.jp/datafile/seiseki/report/2024/2024-1sapporo6.pdf,official_daily_result_pdf
202401010605,2024,札幌,1,6,5,2024-08-04,https://www.jra.go.jp/datafile/seiseki/report/2024/2024-1sapporo6.pdf,official_daily_result_pdf
202401010606,2024,札幌,1,6,6,2024-08-04,https://www.jra.go.jp/datafile/seiseki/report/2024/2024-1sapporo6.pdf,official_daily_result_pdf
202401010607,2024,札幌,1,6,7,2024-08-04,https://www.jra.go.jp/datafile/seiseki/report/2024/2024-1sapporo6.pdf,official_daily_result_pdf
202401010608,2024,札幌,1,6,8,2024-08-04,https://www.jra.go.jp/datafile/seiseki/report/2024/2024-1sapporo6.pdf,official_daily_result_pdf
202401010609,2024,札幌,1,6,9,2024-08-04,https://www.jra.go.jp/datafile/seiseki/report/2024/2024-1sapporo6.pdf,official_daily_result_pdf
202401010610,2024,札幌,1,6,10,2024-08-04,https://www.jra.go.jp/datafile/seiseki/report/2024/2024-1sapporo6.pdf,official_daily_result_pdf
202401010611,2024,札幌,1,6,11,2024-08-04,https://www.jra.go.jp/datafile/seiseki/report/2024/2024-1sapporo6.pdf,official_daily_result_pdf
202401010612,2024,札幌,1,6,12,2024-08-04,https://www.jra.go.jp/datafile/seiseki/report/2024/2024-1sapporo6.pdf,official_daily_result_pdf
202401020101,2024,札幌,2,1,1,2024-08-10,https://www.jra.go.jp/datafile/seiseki/report/2024/2024-2sapporo1.pdf,official_daily_result_pdf
202401020102,2024,札幌,2,1,2,2024-08-10,https://www.jra.go.jp/datafile/seiseki/report/2024/2024-2sapporo1.pdf,official_daily_result_pdf
202401020103,2024,札幌,2,1,3,2024-08-10,https://www.jra.go.jp/datafile/seiseki/report/2024/2024-2sapporo1.pdf,official_daily_result_pdf
202401020104,2024,札幌,2,1,4,2024-08-10,https://www.jra.go.jp/datafile/seiseki/report/2024/2024-2sapporo1.pdf,official_daily_result_pdf
202401020105,2024,札幌,2,1,5,2024-08-10,https://www.jra.go.jp/datafile/seiseki/report/2024/2024-2sapporo1.pdf,official_daily_result_pdf
202401020106,2024,札幌,2,1,6,2024-08-10,https://www.jra.go.jp/datafile/seiseki/report/2024/2024-2sapporo1.pdf,official_daily_result_pdf
202401020107,2024,札幌,2,1,7,2024-08-10,https://www.jra.go.jp/datafile/seiseki/report/2024/2024-2sapporo1.pdf,official_daily_result_pdf
202401020108,2024,札幌,2,1,8,2024-08-10,https://www.jra.go.jp/datafile/seiseki/report/2024/2024-2sapporo1.pdf,official_daily_result_pdf
202401020109,2024,札幌,2,1,9,2024-08-10,https://www.jra.go.jp/datafile/seiseki/report/2024/2024-2sapporo1.pdf,official_daily_result_pdf
202401020110,2024,札幌,2,1,10,2024-08-10,https://www.jra.go.jp/datafile/seiseki/report/2024/2024-2sapporo1.pdf,official_daily_result_pdf
202401020111,2024,札幌,2,1,11,2024-08-10,https://www.jra.go.jp/datafile/seiseki/report/2024/2024-2sapporo1.pdf,official_daily_result_pdf
202401020112,2024,札幌,2,1,12,2024-08-10,https://www.jra.go.jp/datafile/seiseki/report/2024/2024-2sapporo1.pdf,official_daily_result_pdf
202401020201,2024,札幌,2,2,1,2024-08-11,https://www.jra.go.jp/datafile/seiseki/report/2024/2024-2sapporo2.pdf,official_daily_result_pdf
202401020202,2024,札幌,2,2,2,2024-08-11,https://www.jra.go.jp/datafile/seiseki/report/2024/2024-2sapporo2.pdf,official_daily_result_pdf
202401020203,2024,札幌,2,2,3,2024-08-11,https://www.jra.go.jp/datafile/seiseki/report/2024/2024-2sapporo2.pdf,official_daily_result_pdf
202401020204,2024,札幌,2,2,4,2024-08-11,https://www.jra.go.jp/datafile/seiseki/report/2024/2024-2sapporo2.pdf,official_daily_result_pdf
202401020205,2024,札幌,2,2,5,2024-08-11,https://www.jra.go.jp/datafile/seiseki/report/2024/2024-2sapporo2.pdf,official_daily_result_pdf
202401020206,2024,札幌,2,2,6,2024-08-11,https://www.jra.go.jp/datafile/seiseki/report/2024/2024-2sapporo2.pdf,official_daily_result_pdf
202401020207,2024,札幌,2,2,7,2024-08-11,https://www.jra.go.jp/datafile/seiseki/report/2024/2024-2sapporo2.pdf,official_daily_result_pdf
202401020208,2024,札幌,2,2,8,2024-08-11,https://www.jra.go.jp/datafile/seiseki/report/2024/2024-2sapporo2.pdf,official_daily_result_pdf
202401020209,2024,札幌,2,2,9,2024-08-11,https://www.jra.go.jp/datafile/seiseki/report/2024/2024-2sapporo2.pdf,official_daily_result_pdf
202401020210,2024,札幌,2,2,10,2024-08-11,https://www.jra.go.jp/datafile/seiseki/report/2024/2024-2sapporo2.pdf,official_daily_result_pdf
202401020211,2024,札幌,2,2,11,2024-08-11,https://www.jra.go.jp/datafile/seiseki/report/2024/2024-2sapporo2.pdf,official_daily_result_pdf
202401020212,2024,札幌,2,2,12,2024-08-11,https://www.jra.go.jp/datafile/seiseki/report/2024/2024-2sapporo2.pdf,official_daily_result_pdf
202401020301,2024,札幌,2,3,1,2024-08-17,https://www.jra.go.jp/datafile/seiseki/report/2024/2024-2sapporo3.pdf,official_daily_result_pdf
202401020302,2024,札幌,2,3,2,2024-08-17,https://www.jra.go.jp/datafile/seiseki/report/2024/2024-2sapporo3.pdf,official_daily_result_pdf
202401020303,2024,札幌,2,3,3,2024-08-17,https://www.jra.go.jp/datafile/seiseki/report/2024/2024-2sapporo3.pdf,official_daily_result_pdf
202401020304,2024,札幌,2,3,4,2024-08-17,https://www.jra.go.jp/datafile/seiseki/report/2024/2024-2sapporo3.pdf,official_daily_result_pdf
202401020305,2024,札幌,2,3,5,2024-08-17,https://www.jra.go.jp/datafile/seiseki/report/2024/2024-2sapporo3.pdf,official_daily_result_pdf
202401020306,2024,札幌,2,3,6,2024-08-17,https://www.jra.go.jp/datafile/seiseki/report/2024/2024-2sapporo3.pdf,official_daily_result_pdf
202401020307,2024,札幌,2,3,7,2024-08-17,https://www.jra.go.jp/datafile/seiseki/report/2024/2024-2sapporo3.pdf,official_daily_result_pdf
202401020308,2024,札幌,2,3,8,2024-08-17,https://www.jra.go.jp/datafile/seiseki/report/2024/2024-2sapporo3.pdf,official_daily_result_pdf
202401020309,2024,札幌,2,3,9,2024-08-17,https://www.jra.go.jp/datafile/seiseki/report/2024/2024-2sapporo3.pdf,official_daily_result_pdf
202401020310,2024,札幌,2,3,10,2024-08-17,https://www.jra.go.jp/datafile/seiseki/report/2024/2024-2sapporo3.pdf,official_daily_result_pdf
202401020311,2024,札幌,2,3,11,2024-08-17,https://www.jra.go.jp/datafile/seiseki/report/2024/2024-2sapporo3.pdf,official_daily_result_pdf
202401020312,2024,札幌,2,3,12,2024-08-17,https://www.jra.go.jp/datafile/seiseki/report/2024/2024-2sapporo3.pdf,official_daily_result_pdf
202401020401,2024,札幌,2,4,1,2024-08-18,https://www.jra.go.jp/datafile/seiseki/report/2024/2024-2sapporo4.pdf,official_daily_result_pdf
202401020402,2024,札幌,2,4,2,2024-08-18,https://www.jra.go.jp/datafile/seiseki/report/2024/2024-2sapporo4.pdf,official_daily_result_pdf
202401020403,2024,札幌,2,4,3,2024-08-18,https://www.jra.go.jp/datafile/seiseki/report/2024/2024-2sapporo4.pdf,official_daily_result_pdf
202401020404,2024,札幌,2,4,4,2024-08-18,https://www.jra.go.jp/datafile/seiseki/report/2024/2024-2sapporo4.pdf,official_daily_result_pdf
202401020405,2024,札幌,2,4,5,2024-08-18,https://www.jra.go.jp/datafile/seiseki/report/2024/2024-2sapporo4.pdf,official_daily_result_pdf
202401020406,2024,札幌,2,4,6,2024-08-18,https://www.jra.go.jp/datafile/seiseki/report/2024/2024-2sapporo4.pdf,official_daily_result_pdf
202401020407,2024,札幌,2,4,7,2024-08-18,https://www.jra.go.jp/datafile/seiseki/report/2024/2024-2sapporo4.pdf,official_daily_result_pdf
202401020408,2024,札幌,2,4,8,2024-08-18,https://www.jra.go.jp/datafile/seiseki/report/2024/2024-2sapporo4.pdf,official_daily_result_pdf
202401020409,2024,札幌,2,4,9,2024-08-18,https://www.jra.go.jp/datafile/seiseki/report/2024/2024-2sapporo4.pdf,official_daily_result_pdf
202401020410,2024,札幌,2,4,10,2024-08-18,https://www.jra.go.jp/datafile/seiseki/report/2024/2024-2sapporo4.pdf,official_daily_result_pdf
202401020411,2024,札幌,2,4,11,2024-08-18,https://www.jra.go.jp/datafile/seiseki/report/2024/2024-2sapporo4.pdf,official_daily_result_pdf
202401020412,2024,札幌,2,4,12,2024-08-18,https://www.jra.go.jp/datafile/seiseki/report/2024/2024-2sapporo4.pdf,official_daily_result_pdf
202401020501,2024,札幌,2,5,1,2024-08-24,https://www.jra.go.jp/datafile/seiseki/report/2024/2024-2sapporo5.pdf,official_daily_result_pdf
202401020502,2024,札幌,2,5,2,2024-08-24,https://www.jra.go.jp/datafile/seiseki/report/2024/2024-2sapporo5.pdf,official_daily_result_pdf
202401020503,2024,札幌,2,5,3,2024-08-24,https://www.jra.go.jp/datafile/seiseki/report/2024/2024-2sapporo5.pdf,official_daily_result_pdf
202401020504,2024,札幌,2,5,4,2024-08-24,https://www.jra.go.jp/datafile/seiseki/report/2024/2024-2sapporo5.pdf,official_daily_result_pdf
202401020505,2024,札幌,2,5,5,2024-08-24,https://www.jra.go.jp/datafile/seiseki/report/2024/2024-2sapporo5.pdf,official_daily_result_pdf
202401020506,2024,札幌,2,5,6,2024-08-24,https://www.jra.go.jp/datafile/seiseki/report/2024/2024-2sapporo5.pdf,official_daily_result_pdf
202401020507,2024,札幌,2,5,7,2024-08-24,https://www.jra.go.jp/datafile/seiseki/report/2024/2024-2sapporo5.pdf,official_daily_result_pdf
202401020508,2024,札幌,2,5,8,2024-08-24,https://www.jra.go.jp/datafile/seiseki/report/2024/2024-2sapporo5.pdf,official_daily_result_pdf
202401020509,2024,札幌,2,5,9,2024-08-24,https://www.jra.go.jp/datafile/seiseki/report/2024/2024-2sapporo5.pdf,official_daily_result_pdf
202401020510,2024,札幌,2,5,10,2024-08-24,https://www.jra.go.jp/datafile/seiseki/report/2024/2024-2sapporo5.pdf,official_daily_result_pdf
202401020511,2024,札幌,2,5,11,2024-08-24,https://www.jra.go.jp/datafile/seiseki/report/2024/2024-2sapporo5.pdf,official_daily_result_pdf
202401020512,2024,札幌,2,5,12,2024-08-24,https://www.jra.go.jp/datafile/seiseki/report/2024/2024-2sapporo5.pdf,official_daily_result_pdf
202401020601,2024,札幌,2,6,1,2024-08-25,https://www.jra.go.jp/datafile/seiseki/report/2024/2024-2sapporo6.pdf,official_daily_result_pdf
202401020602,2024,札幌,2,6,2,2024-08-25,https://www.jra.go.jp/datafile/seiseki/report/2024/2024-2sapporo6.pdf,official_daily_result_pdf
202401020603,2024,札幌,2,6,3,2024-08-25,https://www.jra.go.jp/datafile/seiseki/report/2024/2024-2sapporo6.pdf,official_daily_result_pdf
202401020604,2024,札幌,2,6,4,2024-08-25,https://www.jra.go.jp/datafile/seiseki/report/2024/2024-2sapporo6.pdf,official_daily_result_pdf
202401020605,2024,札幌,2,6,5,2024-08-25,https://www.jra.go.jp/datafile/seiseki/report/2024/2024-2sapporo6.pdf,official_daily_result_pdf
202401020606,2024,札幌,2,6,6,2024-08-25,https://www.jra.go.jp/datafile/seiseki/report/2024/2024-2sapporo6.pdf,official_daily_result_pdf
202401020607,2024,札幌,2,6,7,2024-08-25,https://www.jra.go.jp/datafile/seiseki/report/2024/2024-2sapporo6.pdf,official_daily_result_pdf
202401020608,2024,札幌,2,6,8,2024-08-25,https://www.jra.go.jp/datafile/seiseki/report/2024/2024-2sapporo6.pdf,official_daily_result_pdf
202401020609,2024,札幌,2,6,9,2024-08-25,https://www.jra.go.jp/datafile/seiseki/report/2024/2024-2sapporo6.pdf,official_daily_result_pdf
202401020610,2024,札幌,2,6,10,2024-08-25,https://www.jra.go.jp/datafile/seiseki/report/2024/2024-2sapporo6.pdf,official_daily_result_pdf
202401020611,2024,札幌,2,6,11,2024-08-25,https://www.jra.go.jp/datafile/seiseki/report/2024/2024-2sapporo6.pdf,official_daily_result_pdf
202401020612,2024,札幌,2,6,12,2024-08-25,https://www.jra.go.jp/datafile/seiseki/report/2024/2024-2sapporo6.pdf,official_daily_result_pdf
202401020701,2024,札幌,2,7,1,2024-08-31,https://www.jra.go.jp/datafile/seiseki/report/2024/2024-2sapporo7.pdf,official_daily_result_pdf
202401020702,2024,札幌,2,7,2,2024-08-31,https://www.jra.go.jp/datafile/seiseki/report/2024/2024-2sapporo7.pdf,official_daily_result_pdf
202401020703,2024,札幌,2,7,3,2024-08-31,https://www.jra.go.jp/datafile/seiseki/report/2024/2024-2sapporo7.pdf,official_daily_result_pdf
202401020704,2024,札幌,2,7,4,2024-08-31,https://www.jra.go.jp/datafile/seiseki/report/2024/2024-2sapporo7.pdf,official_daily_result_pdf
202401020705,2024,札幌,2,7,5,2024-08-31,https://www.jra.go.jp/datafile/seiseki/report/2024/2024-2sapporo7.pdf,official_daily_result_pdf
202401020706,2024,札幌,2,7,6,2024-08-31,https://www.jra.go.jp/datafile/seiseki/report/2024/2024-2sapporo7.pdf,official_daily_result_pdf
202401020707,2024,札幌,2,7,7,2024-08-31,https://www.jra.go.jp/datafile/seiseki/report/2024/2024-2sapporo7.pdf,official_daily_result_pdf
202401020708,2024,札幌,2,7,8,2024-08-31,https://www.jra.go.jp/datafile/seiseki/report/2024/2024-2sapporo7.pdf,official_daily_result_pdf
202401020709,2024,札幌,2,7,9,2024-08-31,https://www.jra.go.jp/datafile/seiseki/report/2024/2024-2sapporo7.pdf,official_daily_result_pdf
202401020710,2024,札幌,2,7,10,2024-08-31,https://www.jra.go.jp/datafile/seiseki/report/2024/2024-2sapporo7.pdf,official_daily_result_pdf
202401020711,2024,札幌,2,7,11,2024-08-31,https://www.jra.go.jp/datafile/seiseki/report/2024/2024-2sapporo7.pdf,official_daily_result_pdf
202401020712,2024,札幌,2,7,12,2024-08-31,https://www.jra.go.jp/datafile/seiseki/report/2024/2024-2sapporo7.pdf,official_daily_result_pdf
202401020801,2024,札幌,2,8,1,2024-09-01,https://www.jra.go.jp/datafile/seiseki/report/2024/2024-2sapporo8.pdf,official_daily_result_pdf
202401020802,2024,札幌,2,8,2,2024-09-01,https://www.jra.go.jp/datafile/seiseki/report/2024/2024-2sapporo8.pdf,official_daily_result_pdf
202401020803,2024,札幌,2,8,3,2024-09-01,https://www.jra.go.jp/datafile/seiseki/report/2024/2024-2sapporo8.pdf,official_daily_result_pdf
202401020804,2024,札幌,2,8,4,2024-09-01,https://www.jra.go.jp/datafile/seiseki/report/2024/2024-2sapporo8.pdf,official_daily_result_pdf
202401020805,2024,札幌,2,8,5,2024-09-01,https://www.jra.go.jp/datafile/seiseki/report/2024/2024-2sapporo8.pdf,official_daily_result_pdf
202401020806,2024,札幌,2,8,6,2024-09-01,https://www.jra.go.jp/datafile/seiseki/report/2024/2024-2sapporo8.pdf,official_daily_result_pdf
202401020807,2024,札幌,2,8,7,2024-09-01,https://www.jra.go.jp/datafile/seiseki/report/2024/2024-2sapporo8.pdf,official_daily_result_pdf
202401020808,2024,札幌,2,8,8,2024-09-01,https://www.jra.go.jp/datafile/seiseki/report/2024/2024-2sapporo8.pdf,official_daily_result_pdf
202401020809,2024,札幌,2,8,9,2024-09-01,https://www.jra.go.jp/datafile/seiseki/report/2024/2024-2sapporo8.pdf,official_daily_result_pdf
202401020810,2024,札幌,2,8,10,2024-09-01,https://www.jra.go.jp/datafile/seiseki/report/2024/2024-2sapporo8.pdf,official_daily_result_pdf
202401020811,2024,札幌,2,8,11,2024-09-01,https://www.jra.go.jp/datafile/seiseki/report/2024/2024-2sapporo8.pdf,official_daily_result_pdf
202401020812,2024,札幌,2,8,12,2024-09-01,https://www.jra.go.jp/datafile/seiseki/report/2024/2024-2sapporo8.pdf,official_daily_result_pdf
202402010101,2024,函館,1,1,1,2024-06-08,https://www.jra.go.jp/datafile/seiseki/report/2024/2024-1hakodate1.pdf,official_daily_result_pdf
202402010102,2024,函館,1,1,2,2024-06-08,https://www.jra.go.jp/datafile/seiseki/report/2024/2024-1hakodate1.pdf,official_daily_result_pdf
202402010103,2024,函館,1,1,3,2024-06-08,https://www.jra.go.jp/datafile/seiseki/report/2024/2024-1hakodate1.pdf,official_daily_result_pdf
202402010104,2024,函館,1,1,4,2024-06-08,https://www.jra.go.jp/datafile/seiseki/report/2024/2024-1hakodate1.pdf,official_daily_result_pdf
202402010105,2024,函館,1,1,5,2024-06-08,https://www.jra.go.jp/datafile/seiseki/report/2024/2024-1hakodate1.pdf,official_daily_result_pdf
202402010106,2024,函館,1,1,6,2024-06-08,https://www.jra.go.jp/datafile/seiseki/report/2024/2024-1hakodate1.pdf,official_daily_result_pdf
202402010107,2024,函館,1,1,7,2024-06-08,https://www.jra.go.jp/datafile/seiseki/report/2024/2024-1hakodate1.pdf,official_daily_result_pdf
202402010108,2024,函館,1,1,8,2024-06-08,https://www.jra.go.jp/datafile/seiseki/report/2024/2024-1hakodate1.pdf,official_daily_result_pdf
202402010109,2024,函館,1,1,9,2024-06-08,https://www.jra.go.jp/datafile/seiseki/report/2024/2024-1hakodate1.pdf,official_daily_result_pdf
202402010110,2024,函館,1,1,10,2024-06-08,https://www.jra.go.jp/datafile/seiseki/report/2024/2024-1hakodate1.pdf,official_daily_result_pdf
202402010111,2024,函館,1,1,11,2024-06-08,https://www.jra.go.jp/datafile/seiseki/report/2024/2024-1hakodate1.pdf,official_daily_result_pdf
202402010112,2024,函館,1,1,12,2024-06-08,https://www.jra.go.jp/datafile/seiseki/report/2024/2024-1hakodate1.pdf,official_daily_result_pdf
202402010201,2024,函館,1,2,1,2024-06-09,https://www.jra.go.jp/datafile/seiseki/report/2024/2024-1hakodate2.pdf,official_daily_result_pdf
202402010202,2024,函館,1,2,2,2024-06-09,https://www.jra.go.jp/datafile/seiseki/report/2024/2024-1hakodate2.pdf,official_daily_result_pdf
202402010203,2024,函館,1,2,3,2024-06-09,https://www.jra.go.jp/datafile/seiseki/report/2024/2024-1hakodate2.pdf,official_daily_result_pdf
202402010204,2024,函館,1,2,4,2024-06-09,https://www.jra.go.jp/datafile/seiseki/report/2024/2024-1hakodate2.pdf,official_daily_result_pdf
202402010205,2024,函館,1,2,5,2024-06-09,https://www.jra.go.jp/datafile/seiseki/report/2024/2024-1hakodate2.pdf,official_daily_result_pdf
202402010206,2024,函館,1,2,6,2024-06-09,https://www.jra.go.jp/datafile/seiseki/report/2024/2024-1hakodate2.pdf,official_daily_result_pdf
202402010207,2024,函館,1,2,7,2024-06-09,https://www.jra.go.jp/datafile/seiseki/report/2024/2024-1hakodate2.pdf,official_daily_result_pdf
202402010208,2024,函館,1,2,8,2024-06-09,https://www.jra.go.jp/datafile/seiseki/report/2024/2024-1hakodate2.pdf,official_daily_result_pdf
202402010209,2024,函館,1,2,9,2024-06-09,https://www.jra.go.jp/datafile/seiseki/report/2024/2024-1hakodate2.pdf,official_daily_result_pdf
202402010210,2024,函館,1,2,10,2024-06-09,https://www.jra.go.jp/datafile/seiseki/report/2024/2024-1hakodate2.pdf,official_daily_result_pdf
202402010211,2024,函館,1,2,11,2024-06-09,https://www.jra.go.jp/datafile/seiseki/report/2024/2024-1hakodate2.pdf,official_daily_result_pdf
202402010212,2024,函館,1,2,12,2024-06-09,https://www.jra.go.jp/datafile/seiseki/report/2024/2024-1hakodate2.pdf,official_daily_result_pdf
202402010301,2024,函館,1,3,1,2024-06-15,https://www.jra.go.jp/datafile/seiseki/report/2024/2024-1hakodate3.pdf,official_daily_result_pdf
202402010302,2024,函館,1,3,2,2024-06-15,https://www.jra.go.jp/datafile/seiseki/report/2024/2024-1hakodate3.pdf,official_daily_result_pdf
202402010303,2024,函館,1,3,3,2024-06-15,https://www.jra.go.jp/datafile/seiseki/report/2024/2024-1hakodate3.pdf,official_daily_result_pdf
202402010304,2024,函館,1,3,4,2024-06-15,https://www.jra.go.jp/datafile/seiseki/report/2024/2024-1hakodate3.pdf,official_daily_result_pdf
202402010305,2024,函館,1,3,5,2024-06-15,https://www.jra.go.jp/datafile/seiseki/report/2024/2024-1hakodate3.pdf,official_daily_result_pdf
202402010306,2024,函館,1,3,6,2024-06-15,https://www.jra.go.jp/datafile/seiseki/report/2024/2024-1hakodate3.pdf,official_daily_result_pdf
202402010307,2024,函館,1,3,7,2024-06-15,https://www.jra.go.jp/datafile/seiseki/report/2024/2024-1hakodate3.pdf,official_daily_result_pdf
202402010308,2024,函館,1,3,8,2024-06-15,https://www.jra.go.jp/datafile/seiseki/report/2024/2024-1hakodate3.pdf,official_daily_result_pdf
202402010309,2024,函館,1,3,9,2024-06-15,https://www.jra.go.jp/datafile/seiseki/report/2024/2024-1hakodate3.pdf,official_daily_result_pdf
202402010310,2024,函館,1,3,10,2024-06-15,https://www.jra.go.jp/datafile/seiseki/report/2024/2024-1hakodate3.pdf,official_daily_result_pdf
202402010311,2024,函館,1,3,11,2024-06-15,https://www.jra.go.jp/datafile/seiseki/report/2024/2024-1hakodate3.pdf,official_daily_result_pdf
202402010312,2024,函館,1,3,12,2024-06-15,https://www.jra.go.jp/datafile/seiseki/report/2024/2024-1hakodate3.pdf,official_daily_result_pdf
202402010401,2024,函館,1,4,1,2024-06-16,https://www.jra.go.jp/datafile/seiseki/report/2024/2024-1hakodate4.pdf,official_daily_result_pdf
202402010402,2024,函館,1,4,2,2024-06-16,https://www.jra.go.jp/datafile/seiseki/report/2024/2024-1hakodate4.pdf,official_daily_result_pdf
202402010403,2024,函館,1,4,3,2024-06-16,https://www.jra.go.jp/datafile/seiseki/report/2024/2024-1hakodate4.pdf,official_daily_result_pdf
202402010404,2024,函館,1,4,4,2024-06-16,https://www.jra.go.jp/datafile/seiseki/report/2024/2024-1hakodate4.pdf,official_daily_result_pdf
202402010405,2024,函館,1,4,5,2024-06-16,https://www.jra.go.jp/datafile/seiseki/report/2024/2024-1hakodate4.pdf,official_daily_result_pdf
202402010406,2024,函館,1,4,6,2024-06-16,https://www.jra.go.jp/datafile/seiseki/report/2024/2024-1hakodate4.pdf,official_daily_result_pdf
202402010407,2024,函館,1,4,7,2024-06-16,https://www.jra.go.jp/datafile/seiseki/report/2024/2024-1hakodate4.pdf,official_daily_result_pdf
202402010408,2024,函館,1,4,8,2024-06-16,https://www.jra.go.jp/datafile/seiseki/report/2024/2024-1hakodate4.pdf,official_daily_result_pdf
202402010409,2024,函館,1,4,9,2024-06-16,https://www.jra.go.jp/datafile/seiseki/report/2024/2024-1hakodate4.pdf,official_daily_result_pdf
202402010410,2024,函館,1,4,10,2024-06-16,https://www.jra.go.jp/datafile/seiseki/report/2024/2024-1hakodate4.pdf,official_daily_result_pdf
202402010411,2024,函館,1,4,11,2024-06-16,https://www.jra.go.jp/datafile/seiseki/report/2024/2024-1hakodate4.pdf,official_daily_result_pdf
202402010412,2024,函館,1,4,12,2024-06-16,https://www.jra.go.jp/datafile/seiseki/report/2024/2024-1hakodate4.pdf,official_daily_result_pdf
202402010501,2024,函館,1,5,1,2024-06-22,https://www.jra.go.jp/datafile/seiseki/report/2024/2024-1hakodate5.pdf,official_daily_result_pdf
202402010502,2024,函館,1,5,2,2024-06-22,https://www.jra.go.jp/datafile/seiseki/report/2024/2024-1hakodate5.pdf,official_daily_result_pdf
202402010503,2024,函館,1,5,3,2024-06-22,https://www.jra.go.jp/datafile/seiseki/report/2024/2024-1hakodate5.pdf,official_daily_result_pdf
202402010504,2024,函館,1,5,4,2024-06-22,https://www.jra.go.jp/datafile/seiseki/report/2024/2024-1hakodate5.pdf,official_daily_result_pdf
202402010505,2024,函館,1,5,5,2024-06-22,https://www.jra.go.jp/datafile/seiseki/report/2024/2024-1hakodate5.pdf,official_daily_result_pdf
202402010506,2024,函館,1,5,6,2024-06-22,https://www.jra.go.jp/datafile/seiseki/report/2024/2024-1hakodate5.pdf,official_daily_result_pdf
202402010507,2024,函館,1,5,7,2024-06-22,https://www.jra.go.jp/datafile/seiseki/report/2024/2024-1hakodate5.pdf,official_daily_result_pdf
202402010508,2024,函館,1,5,8,2024-06-22,https://www.jra.go.jp/datafile/seiseki/report/2024/2024-1hakodate5.pdf,official_daily_result_pdf
202402010509,2024,函館,1,5,9,2024-06-22,https://www.jra.go.jp/datafile/seiseki/report/2024/2024-1hakodate5.pdf,official_daily_result_pdf
202402010510,2024,函館,1,5,10,2024-06-22,https://www.jra.go.jp/datafile/seiseki/report/2024/2024-1hakodate5.pdf,official_daily_result_pdf
202402010511,2024,函館,1,5,11,2024-06-22,https://www.jra.go.jp/datafile/seiseki/report/2024/2024-1hakodate5.pdf,official_daily_result_pdf
202402010512,2024,函館,1,5,12,2024-06-22,https://www.jra.go.jp/datafile/seiseki/report/2024/2024-1hakodate5.pdf,official_daily_result_pdf
202402010601,2024,函館,1,6,1,2024-06-23,https://www.jra.go.jp/datafile/seiseki/report/2024/2024-1hakodate6.pdf,official_daily_result_pdf
202402010602,2024,函館,1,6,2,2024-06-23,https://www.jra.go.jp/datafile/seiseki/report/2024/2024-1hakodate6.pdf,official_daily_result_pdf
202402010603,2024,函館,1,6,3,2024-06-23,https://www.jra.go.jp/datafile/seiseki/report/2024/2024-1hakodate6.pdf,official_daily_result_pdf
202402010604,2024,函館,1,6,4,2024-06-23,https://www.jra.go.jp/datafile/seiseki/report/2024/2024-1hakodate6.pdf,official_daily_result_pdf
202402010605,2024,函館,1,6,5,2024-06-23,https://www.jra.go.jp/datafile/seiseki/report/2024/2024-1hakodate6.pdf,official_daily_result_pdf
202402010606,2024,函館,1,6,6,2024-06-23,https://www.jra.go.jp/datafile/seiseki/report/2024/2024-1hakodate6.pdf,official_daily_result_pdf
202402010607,2024,函館,1,6,7,2024-06-23,https://www.jra.go.jp/datafile/seiseki/report/2024/2024-1hakodate6.pdf,official_daily_result_pdf
202402010608,2024,函館,1,6,8,2024-06-23,https://www.jra.go.jp/datafile/seiseki/report/2024/2024-1hakodate6.pdf,official_daily_result_pdf
202402010609,2024,函館,1,6,9,2024-06-23,https://www.jra.go.jp/datafile/seiseki/report/2024/2024-1hakodate6.pdf,official_daily_result_pdf
202402010610,2024,函館,1,6,10,2024-06-23,https://www.jra.go.jp/datafile/seiseki/report/2024/2024-1hakodate6.pdf,official_daily_result_pdf
202402010611,2024,函館,1,6,11,2024-06-23,https://www.jra.go.jp/datafile/seiseki/report/2024/2024-1hakodate6.pdf,official_daily_result_pdf
202402010612,2024,函館,1,6,12,2024-06-23,https://www.jra.go.jp/datafile/seiseki/report/2024/2024-1hakodate6.pdf,official_daily_result_pdf
202402010701,2024,函館,1,7,1,2024-06-29,https://www.jra.go.jp/datafile/seiseki/report/2024/2024-1hakodate7.pdf,official_daily_result_pdf
202402010702,2024,函館,1,7,2,2024-06-29,https://www.jra.go.jp/datafile/seiseki/report/2024/2024-1hakodate7.pdf,official_daily_result_pdf
202402010703,2024,函館,1,7,3,2024-06-29,https://www.jra.go.jp/datafile/seiseki/report/2024/2024-1hakodate7.pdf,official_daily_result_pdf
202402010704,2024,函館,1,7,4,2024-06-29,https://www.jra.go.jp/datafile/seiseki/report/2024/2024-1hakodate7.pdf,official_daily_result_pdf
202402010705,2024,函館,1,7,5,2024-06-29,https://www.jra.go.jp/datafile/seiseki/report/2024/2024-1hakodate7.pdf,official_daily_result_pdf
202402010706,2024,函館,1,7,6,2024-06-29,https://www.jra.go.jp/datafile/seiseki/report/2024/2024-1hakodate7.pdf,official_daily_result_pdf
202402010707,2024,函館,1,7,7,2024-06-29,https://www.jra.go.jp/datafile/seiseki/report/2024/2024-1hakodate7.pdf,official_daily_result_pdf
202402010708,2024,函館,1,7,8,2024-06-29,https://www.jra.go.jp/datafile/seiseki/report/2024/2024-1hakodate7.pdf,official_daily_result_pdf
202402010709,2024,函館,1,7,9,2024-06-29,https://www.jra.go.jp/datafile/seiseki/report/2024/2024-1hakodate7.pdf,official_daily_result_pdf
202402010710,2024,函館,1,7,10,2024-06-29,https://www.jra.go.jp/datafile/seiseki/report/2024/2024-1hakodate7.pdf,official_daily_result_pdf
202402010711,2024,函館,1,7,11,2024-06-29,https://www.jra.go.jp/datafile/seiseki/report/2024/2024-1hakodate7.pdf,official_daily_result_pdf
202402010712,2024,函館,1,7,12,2024-06-29,https://www.jra.go.jp/datafile/seiseki/report/2024/2024-1hakodate7.pdf,official_daily_result_pdf
202402010801,2024,函館,1,8,1,2024-06-30,https://www.jra.go.jp/datafile/seiseki/report/2024/2024-1hakodate8.pdf,official_daily_result_pdf
202402010802,2024,函館,1,8,2,2024-06-30,https://www.jra.go.jp/datafile/seiseki/report/2024/2024-1hakodate8.pdf,official_daily_result_pdf
202402010803,2024,函館,1,8,3,2024-06-30,https://www.jra.go.jp/datafile/seiseki/report/2024/2024-1hakodate8.pdf,official_daily_result_pdf
202402010804,2024,函館,1,8,4,2024-06-30,https://www.jra.go.jp/datafile/seiseki/report/2024/2024-1hakodate8.pdf,official_daily_result_pdf
202402010805,2024,函館,1,8,5,2024-06-30,https://www.jra.go.jp/datafile/seiseki/report/2024/2024-1hakodate8.pdf,official_daily_result_pdf
202402010806,2024,函館,1,8,6,2024-06-30,https://www.jra.go.jp/datafile/seiseki/report/2024/2024-1hakodate8.pdf,official_daily_result_pdf
202402010807,2024,函館,1,8,7,2024-06-30,https://www.jra.go.jp/datafile/seiseki/report/2024/2024-1hakodate8.pdf,official_daily_result_pdf
202402010808,2024,函館,1,8,8,2024-06-30,https://www.jra.go.jp/datafile/seiseki/report/2024/2024-1hakodate8.pdf,official_daily_result_pdf
202402010809,2024,函館,1,8,9,2024-06-30,https://www.jra.go.jp/datafile/seiseki/report/2024/2024-1hakodate8.pdf,official_daily_result_pdf
202402010810,2024,函館,1,8,10,2024-06-30,https://www.jra.go.jp/datafile/seiseki/report/2024/2024-1hakodate8.pdf,official_daily_result_pdf
202402010811,2024,函館,1,8,11,2024-06-30,https://www.jra.go.jp/datafile/seiseki/report/2024/2024-1hakodate8.pdf,official_daily_result_pdf
202402010812,2024,函館,1,8,12,2024-06-30,https://www.jra.go.jp/datafile/seiseki/report/2024/2024-1hakodate8.pdf,official_daily_result_pdf
202402010901,2024,函館,1,9,1,2024-07-06,https://www.jra.go.jp/datafile/seiseki/report/2024/2024-1hakodate9.pdf,official_daily_result_pdf
202402010902,2024,函館,1,9,2,2024-07-06,https://www.jra.go.jp/datafile/seiseki/report/2024/2024-1hakodate9.pdf,official_daily_result_pdf
202402010903,2024,函館,1,9,3,2024-07-06,https://www.jra.go.jp/datafile/seiseki/report/2024/2024-1hakodate9.pdf,official_daily_result_pdf
202402010904,2024,函館,1,9,4,2024-07-06,https://www.jra.go.jp/datafile/seiseki/report/2024/2024-1hakodate9.pdf,official_daily_result_pdf
202402010905,2024,函館,1,9,5,2024-07-06,https://www.jra.go.jp/datafile/seiseki/report/2024/2024-1hakodate9.pdf,official_daily_result_pdf
202402010906,2024,函館,1,9,6,2024-07-06,https://www.jra.go.jp/datafile/seiseki/report/2024/2024-1hakodate9.pdf,official_daily_result_pdf
202402010907,2024,函館,1,9,7,2024-07-06,https://www.jra.go.jp/datafile/seiseki/report/2024/2024-1hakodate9.pdf,official_daily_result_pdf
202402010908,2024,函館,1,9,8,2024-07-06,https://www.jra.go.jp/datafile/seiseki/report/2024/2024-1hakodate9.pdf,official_daily_result_pdf
202402010909,2024,函館,1,9,9,2024-07-06,https://www.jra.go.jp/datafile/seiseki/report/2024/2024-1hakodate9.pdf,official_daily_result_pdf
202402010910,2024,函館,1,9,10,2024-07-06,https://www.jra.go.jp/datafile/seiseki/report/2024/2024-1hakodate9.pdf,official_daily_result_pdf
202402010911,2024,函館,1,9,11,2024-07-06,https://www.jra.go.jp/datafile/seiseki/report/2024/2024-1hakodate9.pdf,official_daily_result_pdf
202402010912,2024,函館,1,9,12,2024-07-06,https://www.jra.go.jp/datafile/seiseki/report/2024/2024-1hakodate9.pdf,official_daily_result_pdf
202402011001,2024,函館,1,10,1,2024-07-07,https://www.jra.go.jp/datafile/seiseki/report/2024/2024-1hakodate10.pdf,official_daily_result_pdf
202402011002,2024,函館,1,10,2,2024-07-07,https://www.jra.go.jp/datafile/seiseki/report/2024/2024-1hakodate10.pdf,official_daily_result_pdf
202402011003,2024,函館,1,10,3,2024-07-07,https://www.jra.go.jp/datafile/seiseki/report/2024/2024-1hakodate10.pdf,official_daily_result_pdf
202402011004,2024,函館,1,10,4,2024-07-07,https://www.jra.go.jp/datafile/seiseki/report/2024/2024-1hakodate10.pdf,official_daily_result_pdf
202402011005,2024,函館,1,10,5,2024-07-07,https://www.jra.go.jp/datafile/seiseki/report/2024/2024-1hakodate10.pdf,official_daily_result_pdf
202402011006,2024,函館,1,10,6,2024-07-07,https://www.jra.go.jp/datafile/seiseki/report/2024/2024-1hakodate10.pdf,official_daily_result_pdf
202402011007,2024,函館,1,10,7,2024-07-07,https://www.jra.go.jp/datafile/seiseki/report/2024/2024-1hakodate10.pdf,official_daily_result_pdf
202402011008,2024,函館,1,10,8,2024-07-07,https://www.jra.go.jp/datafile/seiseki/report/2024/2024-1hakodate10.pdf,official_daily_result_pdf
202402011009,2024,函館,1,10,9,2024-07-07,https://www.jra.go.jp/datafile/seiseki/report/2024/2024-1hakodate10.pdf,official_daily_result_pdf
202402011010,2024,函館,1,10,10,2024-07-07,https://www.jra.go.jp/datafile/seiseki/report/2024/2024-1hakodate10.pdf,official_daily_result_pdf
202402011011,2024,函館,1,10,11,2024-07-07,https://www.jra.go.jp/datafile/seiseki/report/2024/2024-1hakodate10.pdf,official_daily_result_pdf
202402011012,2024,函館,1,10,12,2024-07-07,https://www.jra.go.jp/datafile/seiseki/report/2024/2024-1hakodate10.pdf,official_daily_result_pdf
202402011101,2024,函館,1,11,1,2024-07-13,https://www.jra.go.jp/datafile/seiseki/report/2024/2024-1hakodate11.pdf,official_daily_result_pdf
202402011102,2024,函館,1,11,2,2024-07-13,https://www.jra.go.jp/datafile/seiseki/report/2024/2024-1hakodate11.pdf,official_daily_result_pdf
202402011103,2024,函館,1,11,3,2024-07-13,https://www.jra.go.jp/datafile/seiseki/report/2024/2024-1hakodate11.pdf,official_daily_result_pdf
202402011104,2024,函館,1,11,4,2024-07-13,https://www.jra.go.jp/datafile/seiseki/report/2024/2024-1hakodate11.pdf,official_daily_result_pdf
202402011105,2024,函館,1,11,5,2024-07-13,https://www.jra.go.jp/datafile/seiseki/report/2024/2024-1hakodate11.pdf,official_daily_result_pdf
202402011106,2024,函館,1,11,6,2024-07-13,https://www.jra.go.jp/datafile/seiseki/report/2024/2024-1hakodate11.pdf,official_daily_result_pdf
202402011107,2024,函館,1,11,7,2024-07-13,https://www.jra.go.jp/datafile/seiseki/report/2024/2024-1hakodate11.pdf,official_daily_result_pdf
202402011108,2024,函館,1,11,8,2024-07-13,https://www.jra.go.jp/datafile/seiseki/report/2024/2024-1hakodate11.pdf,official_daily_result_pdf
202402011109,2024,函館,1,11,9,2024-07-13,https://www.jra.go.jp/datafile/seiseki/report/2024/2024-1hakodate11.pdf,official_daily_result_pdf
202402011110,2024,函館,1,11,10,2024-07-13,https://www.jra.go.jp/datafile/seiseki/report/2024/2024-1hakodate11.pdf,official_daily_result_pdf
202402011111,2024,函館,1,11,11,2024-07-13,https://www.jra.go.jp/datafile/seiseki/report/2024/2024-1hakodate11.pdf,official_daily_result_pdf
202402011112,2024,函館,1,11,12,2024-07-13,https://www.jra.go.jp/datafile/seiseki/report/2024/2024-1hakodate11.pdf,official_daily_result_pdf
202402011201,2024,函館,1,12,1,2024-07-14,https://www.jra.go.jp/datafile/seiseki/report/2024/2024-1hakodate12.pdf,official_daily_result_pdf
202402011202,2024,函館,1,12,2,2024-07-14,https://www.jra.go.jp/datafile/seiseki/report/2024/2024-1hakodate12.pdf,official_daily_result_pdf
202402011203,2024,函館,1,12,3,2024-07-14,https://www.jra.go.jp/datafile/seiseki/report/2024/2024-1hakodate12.pdf,official_daily_result_pdf
202402011204,2024,函館,1,12,4,2024-07-14,https://www.jra.go.jp/datafile/seiseki/report/2024/2024-1hakodate12.pdf,official_daily_result_pdf
202402011205,2024,函館,1,12,5,2024-07-14,https://www.jra.go.jp/datafile/seiseki/report/2024/2024-1hakodate12.pdf,official_daily_result_pdf
202402011206,2024,函館,1,12,6,2024-07-14,https://www.jra.go.jp/datafile/seiseki/report/2024/2024-1hakodate12.pdf,official_daily_result_pdf
202402011207,2024,函館,1,12,7,2024-07-14,https://www.jra.go.jp/datafile/seiseki/report/2024/2024-1hakodate12.pdf,official_daily_result_pdf
202402011208,2024,函館,1,12,8,2024-07-14,https://www.jra.go.jp/datafile/seiseki/report/2024/2024-1hakodate12.pdf,official_daily_result_pdf
202402011209,2024,函館,1,12,9,2024-07-14,https://www.jra.go.jp/datafile/seiseki/report/2024/2024-1hakodate12.pdf,official_daily_result_pdf
202402011210,2024,函館,1,12,10,2024-07-14,https://www.jra.go.jp/datafile/seiseki/report/2024/2024-1hakodate12.pdf,official_daily_result_pdf
202402011211,2024,函館,1,12,11,2024-07-14,https://www.jra.go.jp/datafile/seiseki/report/2024/2024-1hakodate12.pdf,official_daily_result_pdf
202402011212,2024,函館,1,12,12,2024-07-14,https://www.jra.go.jp/datafile/seiseki/report/2024/2024-1hakodate12.pdf,official_daily_result_pdf
202403010101,2024,福島,1,1,1,2024-04-06,https://www.jra.go.jp/datafile/seiseki/report/2024/2024-1fukushima1.pdf,official_daily_result_pdf
202403010102,2024,福島,1,1,2,2024-04-06,https://www.jra.go.jp/datafile/seiseki/report/2024/2024-1fukushima1.pdf,official_daily_result_pdf
202403010103,2024,福島,1,1,3,2024-04-06,https://www.jra.go.jp/datafile/seiseki/report/2024/2024-1fukushima1.pdf,official_daily_result_pdf
202403010104,2024,福島,1,1,4,2024-04-06,https://www.jra.go.jp/datafile/seiseki/report/2024/2024-1fukushima1.pdf,official_daily_result_pdf
202403010105,2024,福島,1,1,5,2024-04-06,https://www.jra.go.jp/datafile/seiseki/report/2024/2024-1fukushima1.pdf,official_daily_result_pdf
202403010106,2024,福島,1,1,6,2024-04-06,https://www.jra.go.jp/datafile/seiseki/report/2024/2024-1fukushima1.pdf,official_daily_result_pdf
202403010107,2024,福島,1,1,7,2024-04-06,https://www.jra.go.jp/datafile/seiseki/report/2024/2024-1fukushima1.pdf,official_daily_result_pdf
202403010108,2024,福島,1,1,8,2024-04-06,https://www.jra.go.jp/datafile/seiseki/report/2024/2024-1fukushima1.pdf,official_daily_result_pdf
202403010109,2024,福島,1,1,9,2024-04-06,https://www.jra.go.jp/datafile/seiseki/report/2024/2024-1fukushima1.pdf,official_daily_result_pdf
202403010110,2024,福島,1,1,10,2024-04-06,https://www.jra.go.jp/datafile/seiseki/report/2024/2024-1fukushima1.pdf,official_daily_result_pdf
202403010111,2024,福島,1,1,11,2024-04-06,https://www.jra.go.jp/datafile/seiseki/report/2024/2024-1fukushima1.pdf,official_daily_result_pdf
202403010112,2024,福島,1,1,12,2024-04-06,https://www.jra.go.jp/datafile/seiseki/report/2024/2024-1fukushima1.pdf,official_daily_result_pdf
202403010201,2024,福島,1,2,1,2024-04-07,https://www.jra.go.jp/datafile/seiseki/report/2024/2024-1fukushima2.pdf,official_daily_result_pdf
202403010202,2024,福島,1,2,2,2024-04-07,https://www.jra.go.jp/datafile/seiseki/report/2024/2024-1fukushima2.pdf,official_daily_result_pdf
202403010203,2024,福島,1,2,3,2024-04-07,https://www.jra.go.jp/datafile/seiseki/report/2024/2024-1fukushima2.pdf,official_daily_result_pdf
202403010204,2024,福島,1,2,4,2024-04-07,https://www.jra.go.jp/datafile/seiseki/report/2024/2024-1fukushima2.pdf,official_daily_result_pdf
202403010205,2024,福島,1,2,5,2024-04-07,https://www.jra.go.jp/datafile/seiseki/report/2024/2024-1fukushima2.pdf,official_daily_result_pdf
202403010206,2024,福島,1,2,6,2024-04-07,https://www.jra.go.jp/datafile/seiseki/report/2024/2024-1fukushima2.pdf,official_daily_result_pdf
202403010207,2024,福島,1,2,7,2024-04-07,https://www.jra.go.jp/datafile/seiseki/report/2024/2024-1fukushima2.pdf,official_daily_result_pdf
202403010208,2024,福島,1,2,8,2024-04-07,https://www.jra.go.jp/datafile/seiseki/report/2024/2024-1fukushima2.pdf,official_daily_result_pdf
202403010209,2024,福島,1,2,9,2024-04-07,https://www.jra.go.jp/datafile/seiseki/report/2024/2024-1fukushima2.pdf,official_daily_result_pdf
202403010210,2024,福島,1,2,10,2024-04-07,https://www.jra.go.jp/datafile/seiseki/report/2024/2024-1fukushima2.pdf,official_daily_result_pdf
202403010211,2024,福島,1,2,11,2024-04-07,https://www.jra.go.jp/datafile/seiseki/report/2024/2024-1fukushima2.pdf,official_daily_result_pdf
202403010212,2024,福島,1,2,12,2024-04-07,https://www.jra.go.jp/datafile/seiseki/report/2024/2024-1fukushima2.pdf,official_daily_result_pdf
202403010301,2024,福島,1,3,1,2024-04-13,https://www.jra.go.jp/datafile/seiseki/report/2024/2024-1fukushima3.pdf,official_daily_result_pdf
202403010302,2024,福島,1,3,2,2024-04-13,https://www.jra.go.jp/datafile/seiseki/report/2024/2024-1fukushima3.pdf,official_daily_result_pdf
202403010303,2024,福島,1,3,3,2024-04-13,https://www.jra.go.jp/datafile/seiseki/report/2024/2024-1fukushima3.pdf,official_daily_result_pdf
202403010304,2024,福島,1,3,4,2024-04-13,https://www.jra.go.jp/datafile/seiseki/report/2024/2024-1fukushima3.pdf,official_daily_result_pdf
202403010305,2024,福島,1,3,5,2024-04-13,https://www.jra.go.jp/datafile/seiseki/report/2024/2024-1fukushima3.pdf,official_daily_result_pdf
202403010306,2024,福島,1,3,6,2024-04-13,https://www.jra.go.jp/datafile/seiseki/report/2024/2024-1fukushima3.pdf,official_daily_result_pdf
202403010307,2024,福島,1,3,7,2024-04-13,https://www.jra.go.jp/datafile/seiseki/report/2024/2024-1fukushima3.pdf,official_daily_result_pdf
202403010308,2024,福島,1,3,8,2024-04-13,https://www.jra.go.jp/datafile/seiseki/report/2024/2024-1fukushima3.pdf,official_daily_result_pdf
202403010309,2024,福島,1,3,9,2024-04-13,https://www.jra.go.jp/datafile/seiseki/report/2024/2024-1fukushima3.pdf,official_daily_result_pdf
202403010310,2024,福島,1,3,10,2024-04-13,https://www.jra.go.jp/datafile/seiseki/report/2024/2024-1fukushima3.pdf,official_daily_result_pdf
202403010311,2024,福島,1,3,11,2024-04-13,https://www.jra.go.jp/datafile/seiseki/report/2024/2024-1fukushima3.pdf,official_daily_result_pdf
202403010312,2024,福島,1,3,12,2024-04-13,https://www.jra.go.jp/datafile/seiseki/report/2024/2024-1fukushima3.pdf,official_daily_result_pdf
202403010401,2024,福島,1,4,1,2024-04-14,https://www.jra.go.jp/datafile/seiseki/report/2024/2024-1fukushima4.pdf,official_daily_result_pdf
202403010402,2024,福島,1,4,2,2024-04-14,https://www.jra.go.jp/datafile/seiseki/report/2024/2024-1fukushima4.pdf,official_daily_result_pdf
202403010403,2024,福島,1,4,3,2024-04-14,https://www.jra.go.jp/datafile/seiseki/report/2024/2024-1fukushima4.pdf,official_daily_result_pdf
202403010404,2024,福島,1,4,4,2024-04-14,https://www.jra.go.jp/datafile/seiseki/report/2024/2024-1fukushima4.pdf,official_daily_result_pdf
202403010405,2024,福島,1,4,5,2024-04-14,https://www.jra.go.jp/datafile/seiseki/report/2024/2024-1fukushima4.pdf,official_daily_result_pdf
202403010406,2024,福島,1,4,6,2024-04-14,https://www.jra.go.jp/datafile/seiseki/report/2024/2024-1fukushima4.pdf,official_daily_result_pdf
202403010407,2024,福島,1,4,7,2024-04-14,https://www.jra.go.jp/datafile/seiseki/report/2024/2024-1fukushima4.pdf,official_daily_result_pdf
202403010408,2024,福島,1,4,8,2024-04-14,https://www.jra.go.jp/datafile/seiseki/report/2024/2024-1fukushima4.pdf,official_daily_result_pdf
202403010409,2024,福島,1,4,9,2024-04-14,https://www.jra.go.jp/datafile/seiseki/report/2024/2024-1fukushima4.pdf,official_daily_result_pdf
202403010410,2024,福島,1,4,10,2024-04-14,https://www.jra.go.jp/datafile/seiseki/report/2024/2024-1fukushima4.pdf,official_daily_result_pdf
202403010411,2024,福島,1,4,11,2024-04-14,https://www.jra.go.jp/datafile/seiseki/report/2024/2024-1fukushima4.pdf,official_daily_result_pdf
202403010412,2024,福島,1,4,12,2024-04-14,https://www.jra.go.jp/datafile/seiseki/report/2024/2024-1fukushima4.pdf,official_daily_result_pdf
202403010501,2024,福島,1,5,1,2024-04-20,https://www.jra.go.jp/datafile/seiseki/report/2024/2024-1fukushima5.pdf,official_daily_result_pdf
202403010502,2024,福島,1,5,2,2024-04-20,https://www.jra.go.jp/datafile/seiseki/report/2024/2024-1fukushima5.pdf,official_daily_result_pdf
202403010503,2024,福島,1,5,3,2024-04-20,https://www.jra.go.jp/datafile/seiseki/report/2024/2024-1fukushima5.pdf,official_daily_result_pdf
202403010504,2024,福島,1,5,4,2024-04-20,https://www.jra.go.jp/datafile/seiseki/report/2024/2024-1fukushima5.pdf,official_daily_result_pdf
202403010505,2024,福島,1,5,5,2024-04-20,https://www.jra.go.jp/datafile/seiseki/report/2024/2024-1fukushima5.pdf,official_daily_result_pdf
202403010506,2024,福島,1,5,6,2024-04-20,https://www.jra.go.jp/datafile/seiseki/report/2024/2024-1fukushima5.pdf,official_daily_result_pdf
202403010507,2024,福島,1,5,7,2024-04-20,https://www.jra.go.jp/datafile/seiseki/report/2024/2024-1fukushima5.pdf,official_daily_result_pdf
202403010508,2024,福島,1,5,8,2024-04-20,https://www.jra.go.jp/datafile/seiseki/report/2024/2024-1fukushima5.pdf,official_daily_result_pdf
202403010509,2024,福島,1,5,9,2024-04-20,https://www.jra.go.jp/datafile/seiseki/report/2024/2024-1fukushima5.pdf,official_daily_result_pdf
202403010510,2024,福島,1,5,10,2024-04-20,https://www.jra.go.jp/datafile/seiseki/report/2024/2024-1fukushima5.pdf,official_daily_result_pdf
202403010511,2024,福島,1,5,11,2024-04-20,https://www.jra.go.jp/datafile/seiseki/report/2024/2024-1fukushima5.pdf,official_daily_result_pdf
202403010512,2024,福島,1,5,12,2024-04-20,https://www.jra.go.jp/datafile/seiseki/report/2024/2024-1fukushima5.pdf,official_daily_result_pdf
202403010601,2024,福島,1,6,1,2024-04-21,https://www.jra.go.jp/datafile/seiseki/report/2024/2024-1fukushima6.pdf,official_daily_result_pdf
202403010602,2024,福島,1,6,2,2024-04-21,https://www.jra.go.jp/datafile/seiseki/report/2024/2024-1fukushima6.pdf,official_daily_result_pdf
202403010603,2024,福島,1,6,3,2024-04-21,https://www.jra.go.jp/datafile/seiseki/report/2024/2024-1fukushima6.pdf,official_daily_result_pdf
202403010604,2024,福島,1,6,4,2024-04-21,https://www.jra.go.jp/datafile/seiseki/report/2024/2024-1fukushima6.pdf,official_daily_result_pdf
202403010605,2024,福島,1,6,5,2024-04-21,https://www.jra.go.jp/datafile/seiseki/report/2024/2024-1fukushima6.pdf,official_daily_result_pdf
202403010606,2024,福島,1,6,6,2024-04-21,https://www.jra.go.jp/datafile/seiseki/report/2024/2024-1fukushima6.pdf,official_daily_result_pdf
202403010607,2024,福島,1,6,7,2024-04-21,https://www.jra.go.jp/datafile/seiseki/report/2024/2024-1fukushima6.pdf,official_daily_result_pdf
202403010608,2024,福島,1,6,8,2024-04-21,https://www.jra.go.jp/datafile/seiseki/report/2024/2024-1fukushima6.pdf,official_daily_result_pdf
202403010609,2024,福島,1,6,9,2024-04-21,https://www.jra.go.jp/datafile/seiseki/report/2024/2024-1fukushima6.pdf,official_daily_result_pdf
202403010610,2024,福島,1,6,10,2024-04-21,https://www.jra.go.jp/datafile/seiseki/report/2024/2024-1fukushima6.pdf,official_daily_result_pdf
202403010611,2024,福島,1,6,11,2024-04-21,https://www.jra.go.jp/datafile/seiseki/report/2024/2024-1fukushima6.pdf,official_daily_result_pdf
202403010612,2024,福島,1,6,12,2024-04-21,https://www.jra.go.jp/datafile/seiseki/report/2024/2024-1fukushima6.pdf,official_daily_result_pdf
202403020101,2024,福島,2,1,1,2024-06-29,https://www.jra.go.jp/datafile/seiseki/report/2024/2024-2fukushima1.pdf,official_daily_result_pdf
202403020102,2024,福島,2,1,2,2024-06-29,https://www.jra.go.jp/datafile/seiseki/report/2024/2024-2fukushima1.pdf,official_daily_result_pdf
202403020103,2024,福島,2,1,3,2024-06-29,https://www.jra.go.jp/datafile/seiseki/report/2024/2024-2fukushima1.pdf,official_daily_result_pdf
202403020104,2024,福島,2,1,4,2024-06-29,https://www.jra.go.jp/datafile/seiseki/report/2024/2024-2fukushima1.pdf,official_daily_result_pdf
202403020105,2024,福島,2,1,5,2024-06-29,https://www.jra.go.jp/datafile/seiseki/report/2024/2024-2fukushima1.pdf,official_daily_result_pdf
202403020106,2024,福島,2,1,6,2024-06-29,https://www.jra.go.jp/datafile/seiseki/report/2024/2024-2fukushima1.pdf,official_daily_result_pdf
202403020107,2024,福島,2,1,7,2024-06-29,https://www.jra.go.jp/datafile/seiseki/report/2024/2024-2fukushima1.pdf,official_daily_result_pdf
202403020108,2024,福島,2,1,8,2024-06-29,https://www.jra.go.jp/datafile/seiseki/report/2024/2024-2fukushima1.pdf,official_daily_result_pdf
202403020109,2024,福島,2,1,9,2024-06-29,https://www.jra.go.jp/datafile/seiseki/report/2024/2024-2fukushima1.pdf,official_daily_result_pdf
202403020110,2024,福島,2,1,10,2024-06-29,https://www.jra.go.jp/datafile/seiseki/report/2024/2024-2fukushima1.pdf,official_daily_result_pdf
202403020111,2024,福島,2,1,11,2024-06-29,https://www.jra.go.jp/datafile/seiseki/report/2024/2024-2fukushima1.pdf,official_daily_result_pdf
202403020112,2024,福島,2,1,12,2024-06-29,https://www.jra.go.jp/datafile/seiseki/report/2024/2024-2fukushima1.pdf,official_daily_result_pdf
202403020201,2024,福島,2,2,1,2024-06-30,https://www.jra.go.jp/datafile/seiseki/report/2024/2024-2fukushima2.pdf,official_daily_result_pdf
202403020202,2024,福島,2,2,2,2024-06-30,https://www.jra.go.jp/datafile/seiseki/report/2024/2024-2fukushima2.pdf,official_daily_result_pdf
202403020203,2024,福島,2,2,3,2024-06-30,https://www.jra.go.jp/datafile/seiseki/report/2024/2024-2fukushima2.pdf,official_daily_result_pdf
202403020204,2024,福島,2,2,4,2024-06-30,https://www.jra.go.jp/datafile/seiseki/report/2024/2024-2fukushima2.pdf,official_daily_result_pdf
202403020205,2024,福島,2,2,5,2024-06-30,https://www.jra.go.jp/datafile/seiseki/report/2024/2024-2fukushima2.pdf,official_daily_result_pdf
202403020206,2024,福島,2,2,6,2024-06-30,https://www.jra.go.jp/datafile/seiseki/report/2024/2024-2fukushima2.pdf,official_daily_result_pdf
202403020207,2024,福島,2,2,7,2024-06-30,https://www.jra.go.jp/datafile/seiseki/report/2024/2024-2fukushima2.pdf,official_daily_result_pdf
202403020208,2024,福島,2,2,8,2024-06-30,https://www.jra.go.jp/datafile/seiseki/report/2024/2024-2fukushima2.pdf,official_daily_result_pdf
202403020209,2024,福島,2,2,9,2024-06-30,https://www.jra.go.jp/datafile/seiseki/report/2024/2024-2fukushima2.pdf,official_daily_result_pdf
202403020210,2024,福島,2,2,10,2024-06-30,https://www.jra.go.jp/datafile/seiseki/report/2024/2024-2fukushima2.pdf,official_daily_result_pdf
202403020211,2024,福島,2,2,11,2024-06-30,https://www.jra.go.jp/datafile/seiseki/report/2024/2024-2fukushima2.pdf,official_daily_result_pdf
202403020212,2024,福島,2,2,12,2024-06-30,https://www.jra.go.jp/datafile/seiseki/report/2024/2024-2fukushima2.pdf,official_daily_result_pdf
202403020301,2024,福島,2,3,1,2024-07-06,https://www.jra.go.jp/datafile/seiseki/report/2024/2024-2fukushima3.pdf,official_daily_result_pdf
202403020302,2024,福島,2,3,2,2024-07-06,https://www.jra.go.jp/datafile/seiseki/report/2024/2024-2fukushima3.pdf,official_daily_result_pdf
202403020303,2024,福島,2,3,3,2024-07-06,https://www.jra.go.jp/datafile/seiseki/report/2024/2024-2fukushima3.pdf,official_daily_result_pdf
202403020304,2024,福島,2,3,4,2024-07-06,https://www.jra.go.jp/datafile/seiseki/report/2024/2024-2fukushima3.pdf,official_daily_result_pdf
202403020305,2024,福島,2,3,5,2024-07-06,https://www.jra.go.jp/datafile/seiseki/report/2024/2024-2fukushima3.pdf,official_daily_result_pdf
202403020306,2024,福島,2,3,6,2024-07-06,https://www.jra.go.jp/datafile/seiseki/report/2024/2024-2fukushima3.pdf,official_daily_result_pdf
202403020307,2024,福島,2,3,7,2024-07-06,https://www.jra.go.jp/datafile/seiseki/report/2024/2024-2fukushima3.pdf,official_daily_result_pdf
202403020308,2024,福島,2,3,8,2024-07-06,https://www.jra.go.jp/datafile/seiseki/report/2024/2024-2fukushima3.pdf,official_daily_result_pdf
202403020309,2024,福島,2,3,9,2024-07-06,https://www.jra.go.jp/datafile/seiseki/report/2024/2024-2fukushima3.pdf,official_daily_result_pdf
202403020310,2024,福島,2,3,10,2024-07-06,https://www.jra.go.jp/datafile/seiseki/report/2024/2024-2fukushima3.pdf,official_daily_result_pdf
202403020311,2024,福島,2,3,11,2024-07-06,https://www.jra.go.jp/datafile/seiseki/report/2024/2024-2fukushima3.pdf,official_daily_result_pdf
202403020312,2024,福島,2,3,12,2024-07-06,https://www.jra.go.jp/datafile/seiseki/report/2024/2024-2fukushima3.pdf,official_daily_result_pdf
202403020401,2024,福島,2,4,1,2024-07-07,https://www.jra.go.jp/datafile/seiseki/report/2024/2024-2fukushima4.pdf,official_daily_result_pdf
202403020402,2024,福島,2,4,2,2024-07-07,https://www.jra.go.jp/datafile/seiseki/report/2024/2024-2fukushima4.pdf,official_daily_result_pdf
202403020403,2024,福島,2,4,3,2024-07-07,https://www.jra.go.jp/datafile/seiseki/report/2024/2024-2fukushima4.pdf,official_daily_result_pdf
202403020404,2024,福島,2,4,4,2024-07-07,https://www.jra.go.jp/datafile/seiseki/report/2024/2024-2fukushima4.pdf,official_daily_result_pdf
202403020405,2024,福島,2,4,5,2024-07-07,https://www.jra.go.jp/datafile/seiseki/report/2024/2024-2fukushima4.pdf,official_daily_result_pdf
202403020406,2024,福島,2,4,6,2024-07-07,https://www.jra.go.jp/datafile/seiseki/report/2024/2024-2fukushima4.pdf,official_daily_result_pdf
202403020407,2024,福島,2,4,7,2024-07-07,https://www.jra.go.jp/datafile/seiseki/report/2024/2024-2fukushima4.pdf,official_daily_result_pdf
202403020408,2024,福島,2,4,8,2024-07-07,https://www.jra.go.jp/datafile/seiseki/report/2024/2024-2fukushima4.pdf,official_daily_result_pdf
202403020409,2024,福島,2,4,9,2024-07-07,https://www.jra.go.jp/datafile/seiseki/report/2024/2024-2fukushima4.pdf,official_daily_result_pdf
202403020410,2024,福島,2,4,10,2024-07-07,https://www.jra.go.jp/datafile/seiseki/report/2024/2024-2fukushima4.pdf,official_daily_result_pdf
202403020411,2024,福島,2,4,11,2024-07-07,https://www.jra.go.jp/datafile/seiseki/report/2024/2024-2fukushima4.pdf,official_daily_result_pdf
202403020412,2024,福島,2,4,12,2024-07-07,https://www.jra.go.jp/datafile/seiseki/report/2024/2024-2fukushima4.pdf,official_daily_result_pdf
202403020501,2024,福島,2,5,1,2024-07-13,https://www.jra.go.jp/datafile/seiseki/report/2024/2024-2fukushima5.pdf,official_daily_result_pdf
202403020502,2024,福島,2,5,2,2024-07-13,https://www.jra.go.jp/datafile/seiseki/report/2024/2024-2fukushima5.pdf,official_daily_result_pdf
202403020503,2024,福島,2,5,3,2024-07-13,https://www.jra.go.jp/datafile/seiseki/report/2024/2024-2fukushima5.pdf,official_daily_result_pdf
202403020504,2024,福島,2,5,4,2024-07-13,https://www.jra.go.jp/datafile/seiseki/report/2024/2024-2fukushima5.pdf,official_daily_result_pdf
202403020505,2024,福島,2,5,5,2024-07-13,https://www.jra.go.jp/datafile/seiseki/report/2024/2024-2fukushima5.pdf,official_daily_result_pdf
202403020506,2024,福島,2,5,6,2024-07-13,https://www.jra.go.jp/datafile/seiseki/report/2024/2024-2fukushima5.pdf,official_daily_result_pdf
202403020507,2024,福島,2,5,7,2024-07-13,https://www.jra.go.jp/datafile/seiseki/report/2024/2024-2fukushima5.pdf,official_daily_result_pdf
202403020508,2024,福島,2,5,8,2024-07-13,https://www.jra.go.jp/datafile/seiseki/report/2024/2024-2fukushima5.pdf,official_daily_result_pdf
202403020509,2024,福島,2,5,9,2024-07-13,https://www.jra.go.jp/datafile/seiseki/report/2024/2024-2fukushima5.pdf,official_daily_result_pdf
202403020510,2024,福島,2,5,10,2024-07-13,https://www.jra.go.jp/datafile/seiseki/report/2024/2024-2fukushima5.pdf,official_daily_result_pdf
202403020511,2024,福島,2,5,11,2024-07-13,https://www.jra.go.jp/datafile/seiseki/report/2024/2024-2fukushima5.pdf,official_daily_result_pdf
202403020512,2024,福島,2,5,12,2024-07-13,https://www.jra.go.jp/datafile/seiseki/report/2024/2024-2fukushima5.pdf,official_daily_result_pdf
202403020601,2024,福島,2,6,1,2024-07-14,https://www.jra.go.jp/datafile/seiseki/report/2024/2024-2fukushima6.pdf,official_daily_result_pdf
202403020602,2024,福島,2,6,2,2024-07-14,https://www.jra.go.jp/datafile/seiseki/report/2024/2024-2fukushima6.pdf,official_daily_result_pdf
202403020603,2024,福島,2,6,3,2024-07-14,https://www.jra.go.jp/datafile/seiseki/report/2024/2024-2fukushima6.pdf,official_daily_result_pdf
202403020604,2024,福島,2,6,4,2024-07-14,https://www.jra.go.jp/datafile/seiseki/report/2024/2024-2fukushima6.pdf,official_daily_result_pdf
202403020605,2024,福島,2,6,5,2024-07-14,https://www.jra.go.jp/datafile/seiseki/report/2024/2024-2fukushima6.pdf,official_daily_result_pdf
202403020606,2024,福島,2,6,6,2024-07-14,https://www.jra.go.jp/datafile/seiseki/report/2024/2024-2fukushima6.pdf,official_daily_result_pdf
202403020607,2024,福島,2,6,7,2024-07-14,https://www.jra.go.jp/datafile/seiseki/report/2024/2024-2fukushima6.pdf,official_daily_result_pdf
202403020608,2024,福島,2,6,8,2024-07-14,https://www.jra.go.jp/datafile/seiseki/report/2024/2024-2fukushima6.pdf,official_daily_result_pdf
202403020609,2024,福島,2,6,9,2024-07-14,https://www.jra.go.jp/datafile/seiseki/report/2024/2024-2fukushima6.pdf,official_daily_result_pdf
202403020610,2024,福島,2,6,10,2024-07-14,https://www.jra.go.jp/datafile/seiseki/report/2024/2024-2fukushima6.pdf,official_daily_result_pdf
202403020611,2024,福島,2,6,11,2024-07-14,https://www.jra.go.jp/datafile/seiseki/report/2024/2024-2fukushima6.pdf,official_daily_result_pdf
202403020612,2024,福島,2,6,12,2024-07-14,https://www.jra.go.jp/datafile/seiseki/report/2024/2024-2fukushima6.pdf,official_daily_result_pdf
202403020701,2024,福島,2,7,1,2024-07-20,https://www.jra.go.jp/datafile/seiseki/report/2024/2024-2fukushima7.pdf,official_daily_result_pdf
202403020702,2024,福島,2,7,2,2024-07-20,https://www.jra.go.jp/datafile/seiseki/report/2024/2024-2fukushima7.pdf,official_daily_result_pdf
202403020703,2024,福島,2,7,3,2024-07-20,https://www.jra.go.jp/datafile/seiseki/report/2024/2024-2fukushima7.pdf,official_daily_result_pdf
202403020704,2024,福島,2,7,4,2024-07-20,https://www.jra.go.jp/datafile/seiseki/report/2024/2024-2fukushima7.pdf,official_daily_result_pdf
202403020705,2024,福島,2,7,5,2024-07-20,https://www.jra.go.jp/datafile/seiseki/report/2024/2024-2fukushima7.pdf,official_daily_result_pdf
202403020706,2024,福島,2,7,6,2024-07-20,https://www.jra.go.jp/datafile/seiseki/report/2024/2024-2fukushima7.pdf,official_daily_result_pdf
202403020707,2024,福島,2,7,7,2024-07-20,https://www.jra.go.jp/datafile/seiseki/report/2024/2024-2fukushima7.pdf,official_daily_result_pdf
202403020708,2024,福島,2,7,8,2024-07-20,https://www.jra.go.jp/datafile/seiseki/report/2024/2024-2fukushima7.pdf,official_daily_result_pdf
202403020709,2024,福島,2,7,9,2024-07-20,https://www.jra.go.jp/datafile/seiseki/report/2024/2024-2fukushima7.pdf,official_daily_result_pdf
202403020710,2024,福島,2,7,10,2024-07-20,https://www.jra.go.jp/datafile/seiseki/report/2024/2024-2fukushima7.pdf,official_daily_result_pdf
202403020711,2024,福島,2,7,11,2024-07-20,https://www.jra.go.jp/datafile/seiseki/report/2024/2024-2fukushima7.pdf,official_daily_result_pdf
202403020712,2024,福島,2,7,12,2024-07-20,https://www.jra.go.jp/datafile/seiseki/report/2024/2024-2fukushima7.pdf,official_daily_result_pdf
202403020801,2024,福島,2,8,1,2024-07-21,https://www.jra.go.jp/datafile/seiseki/report/2024/2024-2fukushima8.pdf,official_daily_result_pdf
202403020802,2024,福島,2,8,2,2024-07-21,https://www.jra.go.jp/datafile/seiseki/report/2024/2024-2fukushima8.pdf,official_daily_result_pdf
202403020803,2024,福島,2,8,3,2024-07-21,https://www.jra.go.jp/datafile/seiseki/report/2024/2024-2fukushima8.pdf,official_daily_result_pdf
202403020804,2024,福島,2,8,4,2024-07-21,https://www.jra.go.jp/datafile/seiseki/report/2024/2024-2fukushima8.pdf,official_daily_result_pdf
202403020805,2024,福島,2,8,5,2024-07-21,https://www.jra.go.jp/datafile/seiseki/report/2024/2024-2fukushima8.pdf,official_daily_result_pdf
202403020806,2024,福島,2,8,6,2024-07-21,https://www.jra.go.jp/datafile/seiseki/report/2024/2024-2fukushima8.pdf,official_daily_result_pdf
202403020807,2024,福島,2,8,7,2024-07-21,https://www.jra.go.jp/datafile/seiseki/report/2024/2024-2fukushima8.pdf,official_daily_result_pdf
202403020808,2024,福島,2,8,8,2024-07-21,https://www.jra.go.jp/datafile/seiseki/report/2024/2024-2fukushima8.pdf,official_daily_result_pdf
202403020809,2024,福島,2,8,9,2024-07-21,https://www.jra.go.jp/datafile/seiseki/report/2024/2024-2fukushima8.pdf,official_daily_result_pdf
202403020810,2024,福島,2,8,10,2024-07-21,https://www.jra.go.jp/datafile/seiseki/report/2024/2024-2fukushima8.pdf,official_daily_result_pdf
202403020811,2024,福島,2,8,11,2024-07-21,https://www.jra.go.jp/datafile/seiseki/report/2024/2024-2fukushima8.pdf,official_daily_result_pdf
202403020812,2024,福島,2,8,12,2024-07-21,https://www.jra.go.jp/datafile/seiseki/report/2024/2024-2fukushima8.pdf,official_daily_result_pdf
202403030101,2024,福島,3,1,1,2024-11-02,https://www.jra.go.jp/datafile/seiseki/report/2024/2024-3fukushima1.pdf,official_daily_result_pdf
202403030102,2024,福島,3,1,2,2024-11-02,https://www.jra.go.jp/datafile/seiseki/report/2024/2024-3fukushima1.pdf,official_daily_result_pdf
202403030103,2024,福島,3,1,3,2024-11-02,https://www.jra.go.jp/datafile/seiseki/report/2024/2024-3fukushima1.pdf,official_daily_result_pdf
202403030104,2024,福島,3,1,4,2024-11-02,https://www.jra.go.jp/datafile/seiseki/report/2024/2024-3fukushima1.pdf,official_daily_result_pdf
202403030105,2024,福島,3,1,5,2024-11-02,https://www.jra.go.jp/datafile/seiseki/report/2024/2024-3fukushima1.pdf,official_daily_result_pdf
202403030106,2024,福島,3,1,6,2024-11-02,https://www.jra.go.jp/datafile/seiseki/report/2024/2024-3fukushima1.pdf,official_daily_result_pdf
202403030107,2024,福島,3,1,7,2024-11-02,https://www.jra.go.jp/datafile/seiseki/report/2024/2024-3fukushima1.pdf,official_daily_result_pdf
202403030108,2024,福島,3,1,8,2024-11-02,https://www.jra.go.jp/datafile/seiseki/report/2024/2024-3fukushima1.pdf,official_daily_result_pdf
202403030109,2024,福島,3,1,9,2024-11-02,https://www.jra.go.jp/datafile/seiseki/report/2024/2024-3fukushima1.pdf,official_daily_result_pdf
202403030110,2024,福島,3,1,10,2024-11-02,https://www.jra.go.jp/datafile/seiseki/report/2024/2024-3fukushima1.pdf,official_daily_result_pdf
202403030111,2024,福島,3,1,11,2024-11-02,https://www.jra.go.jp/datafile/seiseki/report/2024/2024-3fukushima1.pdf,official_daily_result_pdf
202403030112,2024,福島,3,1,12,2024-11-02,https://www.jra.go.jp/datafile/seiseki/report/2024/2024-3fukushima1.pdf,official_daily_result_pdf
202403030201,2024,福島,3,2,1,2024-11-03,https://www.jra.go.jp/datafile/seiseki/report/2024/2024-3fukushima2.pdf,official_daily_result_pdf
202403030202,2024,福島,3,2,2,2024-11-03,https://www.jra.go.jp/datafile/seiseki/report/2024/2024-3fukushima2.pdf,official_daily_result_pdf
202403030203,2024,福島,3,2,3,2024-11-03,https://www.jra.go.jp/datafile/seiseki/report/2024/2024-3fukushima2.pdf,official_daily_result_pdf
202403030204,2024,福島,3,2,4,2024-11-03,https://www.jra.go.jp/datafile/seiseki/report/2024/2024-3fukushima2.pdf,official_daily_result_pdf
202403030205,2024,福島,3,2,5,2024-11-03,https://www.jra.go.jp/datafile/seiseki/report/2024/2024-3fukushima2.pdf,official_daily_result_pdf
202403030206,2024,福島,3,2,6,2024-11-03,https://www.jra.go.jp/datafile/seiseki/report/2024/2024-3fukushima2.pdf,official_daily_result_pdf
202403030207,2024,福島,3,2,7,2024-11-03,https://www.jra.go.jp/datafile/seiseki/report/2024/2024-3fukushima2.pdf,official_daily_result_pdf
202403030208,2024,福島,3,2,8,2024-11-03,https://www.jra.go.jp/datafile/seiseki/report/2024/2024-3fukushima2.pdf,official_daily_result_pdf
202403030209,2024,福島,3,2,9,2024-11-03,https://www.jra.go.jp/datafile/seiseki/report/2024/2024-3fukushima2.pdf,official_daily_result_pdf
202403030210,2024,福島,3,2,10,2024-11-03,https://www.jra.go.jp/datafile/seiseki/report/2024/2024-3fukushima2.pdf,official_daily_result_pdf
202403030211,2024,福島,3,2,11,2024-11-03,https://www.jra.go.jp/datafile/seiseki/report/2024/2024-3fukushima2.pdf,official_daily_result_pdf
202403030212,2024,福島,3,2,12,2024-11-03,https://www.jra.go.jp/datafile/seiseki/report/2024/2024-3fukushima2.pdf,official_daily_result_pdf
202403030301,2024,福島,3,3,1,2024-11-09,https://www.jra.go.jp/datafile/seiseki/report/2024/2024-3fukushima3.pdf,official_daily_result_pdf
202403030302,2024,福島,3,3,2,2024-11-09,https://www.jra.go.jp/datafile/seiseki/report/2024/2024-3fukushima3.pdf,official_daily_result_pdf
202403030303,2024,福島,3,3,3,2024-11-09,https://www.jra.go.jp/datafile/seiseki/report/2024/2024-3fukushima3.pdf,official_daily_result_pdf
202403030304,2024,福島,3,3,4,2024-11-09,https://www.jra.go.jp/datafile/seiseki/report/2024/2024-3fukushima3.pdf,official_daily_result_pdf
202403030305,2024,福島,3,3,5,2024-11-09,https://www.jra.go.jp/datafile/seiseki/report/2024/2024-3fukushima3.pdf,official_daily_result_pdf
202403030306,2024,福島,3,3,6,2024-11-09,https://www.jra.go.jp/datafile/seiseki/report/2024/2024-3fukushima3.pdf,official_daily_result_pdf
202403030307,2024,福島,3,3,7,2024-11-09,https://www.jra.go.jp/datafile/seiseki/report/2024/2024-3fukushima3.pdf,official_daily_result_pdf
202403030308,2024,福島,3,3,8,2024-11-09,https://www.jra.go.jp/datafile/seiseki/report/2024/2024-3fukushima3.pdf,official_daily_result_pdf
202403030309,2024,福島,3,3,9,2024-11-09,https://www.jra.go.jp/datafile/seiseki/report/2024/2024-3fukushima3.pdf,official_daily_result_pdf
202403030310,2024,福島,3,3,10,2024-11-09,https://www.jra.go.jp/datafile/seiseki/report/2024/2024-3fukushima3.pdf,official_daily_result_pdf
202403030311,2024,福島,3,3,11,2024-11-09,https://www.jra.go.jp/datafile/seiseki/report/2024/2024-3fukushima3.pdf,official_daily_result_pdf
202403030312,2024,福島,3,3,12,2024-11-09,https://www.jra.go.jp/datafile/seiseki/report/2024/2024-3fukushima3.pdf,official_daily_result_pdf
202403030401,2024,福島,3,4,1,2024-11-10,https://www.jra.go.jp/datafile/seiseki/report/2024/2024-3fukushima4.pdf,official_daily_result_pdf
202403030402,2024,福島,3,4,2,2024-11-10,https://www.jra.go.jp/datafile/seiseki/report/2024/2024-3fukushima4.pdf,official_daily_result_pdf
202403030403,2024,福島,3,4,3,2024-11-10,https://www.jra.go.jp/datafile/seiseki/report/2024/2024-3fukushima4.pdf,official_daily_result_pdf
202403030404,2024,福島,3,4,4,2024-11-10,https://www.jra.go.jp/datafile/seiseki/report/2024/2024-3fukushima4.pdf,official_daily_result_pdf
202403030405,2024,福島,3,4,5,2024-11-10,https://www.jra.go.jp/datafile/seiseki/report/2024/2024-3fukushima4.pdf,official_daily_result_pdf
202403030406,2024,福島,3,4,6,2024-11-10,https://www.jra.go.jp/datafile/seiseki/report/2024/2024-3fukushima4.pdf,official_daily_result_pdf
202403030407,2024,福島,3,4,7,2024-11-10,https://www.jra.go.jp/datafile/seiseki/report/2024/2024-3fukushima4.pdf,official_daily_result_pdf
202403030408,2024,福島,3,4,8,2024-11-10,https://www.jra.go.jp/datafile/seiseki/report/2024/2024-3fukushima4.pdf,official_daily_result_pdf
202403030409,2024,福島,3,4,9,2024-11-10,https://www.jra.go.jp/datafile/seiseki/report/2024/2024-3fukushima4.pdf,official_daily_result_pdf
202403030410,2024,福島,3,4,10,2024-11-10,https://www.jra.go.jp/datafile/seiseki/report/2024/2024-3fukushima4.pdf,official_daily_result_pdf
202403030411,2024,福島,3,4,11,2024-11-10,https://www.jra.go.jp/datafile/seiseki/report/2024/2024-3fukushima4.pdf,official_daily_result_pdf
202403030412,2024,福島,3,4,12,2024-11-10,https://www.jra.go.jp/datafile/seiseki/report/2024/2024-3fukushima4.pdf,official_daily_result_pdf
202403030501,2024,福島,3,5,1,2024-11-16,https://www.jra.go.jp/datafile/seiseki/report/2024/2024-3fukushima5.pdf,official_daily_result_pdf
202403030502,2024,福島,3,5,2,2024-11-16,https://www.jra.go.jp/datafile/seiseki/report/2024/2024-3fukushima5.pdf,official_daily_result_pdf
202403030503,2024,福島,3,5,3,2024-11-16,https://www.jra.go.jp/datafile/seiseki/report/2024/2024-3fukushima5.pdf,official_daily_result_pdf
202403030504,2024,福島,3,5,4,2024-11-16,https://www.jra.go.jp/datafile/seiseki/report/2024/2024-3fukushima5.pdf,official_daily_result_pdf
202403030505,2024,福島,3,5,5,2024-11-16,https://www.jra.go.jp/datafile/seiseki/report/2024/2024-3fukushima5.pdf,official_daily_result_pdf
202403030506,2024,福島,3,5,6,2024-11-16,https://www.jra.go.jp/datafile/seiseki/report/2024/2024-3fukushima5.pdf,official_daily_result_pdf
202403030507,2024,福島,3,5,7,2024-11-16,https://www.jra.go.jp/datafile/seiseki/report/2024/2024-3fukushima5.pdf,official_daily_result_pdf
202403030508,2024,福島,3,5,8,2024-11-16,https://www.jra.go.jp/datafile/seiseki/report/2024/2024-3fukushima5.pdf,official_daily_result_pdf
202403030509,2024,福島,3,5,9,2024-11-16,https://www.jra.go.jp/datafile/seiseki/report/2024/2024-3fukushima5.pdf,official_daily_result_pdf
202403030510,2024,福島,3,5,10,2024-11-16,https://www.jra.go.jp/datafile/seiseki/report/2024/2024-3fukushima5.pdf,official_daily_result_pdf
202403030511,2024,福島,3,5,11,2024-11-16,https://www.jra.go.jp/datafile/seiseki/report/2024/2024-3fukushima5.pdf,official_daily_result_pdf
202403030512,2024,福島,3,5,12,2024-11-16,https://www.jra.go.jp/datafile/seiseki/report/2024/2024-3fukushima5.pdf,official_daily_result_pdf
202403030601,2024,福島,3,6,1,2024-11-17,https://www.jra.go.jp/datafile/seiseki/report/2024/2024-3fukushima6.pdf,official_daily_result_pdf
202403030602,2024,福島,3,6,2,2024-11-17,https://www.jra.go.jp/datafile/seiseki/report/2024/2024-3fukushima6.pdf,official_daily_result_pdf
202403030603,2024,福島,3,6,3,2024-11-17,https://www.jra.go.jp/datafile/seiseki/report/2024/2024-3fukushima6.pdf,official_daily_result_pdf
202403030604,2024,福島,3,6,4,2024-11-17,https://www.jra.go.jp/datafile/seiseki/report/2024/2024-3fukushima6.pdf,official_daily_result_pdf
202403030605,2024,福島,3,6,5,2024-11-17,https://www.jra.go.jp/datafile/seiseki/report/2024/2024-3fukushima6.pdf,official_daily_result_pdf
202403030606,2024,福島,3,6,6,2024-11-17,https://www.jra.go.jp/datafile/seiseki/report/2024/2024-3fukushima6.pdf,official_daily_result_pdf
202403030607,2024,福島,3,6,7,2024-11-17,https://www.jra.go.jp/datafile/seiseki/report/2024/2024-3fukushima6.pdf,official_daily_result_pdf
202403030608,2024,福島,3,6,8,2024-11-17,https://www.jra.go.jp/datafile/seiseki/report/2024/2024-3fukushima6.pdf,official_daily_result_pdf
202403030609,2024,福島,3,6,9,2024-11-17,https://www.jra.go.jp/datafile/seiseki/report/2024/2024-3fukushima6.pdf,official_daily_result_pdf
202403030610,2024,福島,3,6,10,2024-11-17,https://www.jra.go.jp/datafile/seiseki/report/2024/2024-3fukushima6.pdf,official_daily_result_pdf
202403030611,2024,福島,3,6,11,2024-11-17,https://www.jra.go.jp/datafile/seiseki/report/2024/2024-3fukushima6.pdf,official_daily_result_pdf
202403030612,2024,福島,3,6,12,2024-11-17,https://www.jra.go.jp/datafile/seiseki/report/2024/2024-3fukushima6.pdf,official_daily_result_pdf
202404010101,2024,新潟,1,1,1,2024-04-27,https://www.jra.go.jp/datafile/seiseki/report/2024/2024-1niigata1.pdf,official_daily_result_pdf
202404010102,2024,新潟,1,1,2,2024-04-27,https://www.jra.go.jp/datafile/seiseki/report/2024/2024-1niigata1.pdf,official_daily_result_pdf
202404010103,2024,新潟,1,1,3,2024-04-27,https://www.jra.go.jp/datafile/seiseki/report/2024/2024-1niigata1.pdf,official_daily_result_pdf
202404010104,2024,新潟,1,1,4,2024-04-27,https://www.jra.go.jp/datafile/seiseki/report/2024/2024-1niigata1.pdf,official_daily_result_pdf
202404010105,2024,新潟,1,1,5,2024-04-27,https://www.jra.go.jp/datafile/seiseki/report/2024/2024-1niigata1.pdf,official_daily_result_pdf
202404010106,2024,新潟,1,1,6,2024-04-27,https://www.jra.go.jp/datafile/seiseki/report/2024/2024-1niigata1.pdf,official_daily_result_pdf
202404010107,2024,新潟,1,1,7,2024-04-27,https://www.jra.go.jp/datafile/seiseki/report/2024/2024-1niigata1.pdf,official_daily_result_pdf
202404010108,2024,新潟,1,1,8,2024-04-27,https://www.jra.go.jp/datafile/seiseki/report/2024/2024-1niigata1.pdf,official_daily_result_pdf
202404010109,2024,新潟,1,1,9,2024-04-27,https://www.jra.go.jp/datafile/seiseki/report/2024/2024-1niigata1.pdf,official_daily_result_pdf
202404010110,2024,新潟,1,1,10,2024-04-27,https://www.jra.go.jp/datafile/seiseki/report/2024/2024-1niigata1.pdf,official_daily_result_pdf
202404010111,2024,新潟,1,1,11,2024-04-27,https://www.jra.go.jp/datafile/seiseki/report/2024/2024-1niigata1.pdf,official_daily_result_pdf
202404010112,2024,新潟,1,1,12,2024-04-27,https://www.jra.go.jp/datafile/seiseki/report/2024/2024-1niigata1.pdf,official_daily_result_pdf
202404010201,2024,新潟,1,2,1,2024-04-28,https://www.jra.go.jp/datafile/seiseki/report/2024/2024-1niigata2.pdf,official_daily_result_pdf
202404010202,2024,新潟,1,2,2,2024-04-28,https://www.jra.go.jp/datafile/seiseki/report/2024/2024-1niigata2.pdf,official_daily_result_pdf
202404010203,2024,新潟,1,2,3,2024-04-28,https://www.jra.go.jp/datafile/seiseki/report/2024/2024-1niigata2.pdf,official_daily_result_pdf
202404010204,2024,新潟,1,2,4,2024-04-28,https://www.jra.go.jp/datafile/seiseki/report/2024/2024-1niigata2.pdf,official_daily_result_pdf
202404010205,2024,新潟,1,2,5,2024-04-28,https://www.jra.go.jp/datafile/seiseki/report/2024/2024-1niigata2.pdf,official_daily_result_pdf
202404010206,2024,新潟,1,2,6,2024-04-28,https://www.jra.go.jp/datafile/seiseki/report/2024/2024-1niigata2.pdf,official_daily_result_pdf
202404010207,2024,新潟,1,2,7,2024-04-28,https://www.jra.go.jp/datafile/seiseki/report/2024/2024-1niigata2.pdf,official_daily_result_pdf
202404010208,2024,新潟,1,2,8,2024-04-28,https://www.jra.go.jp/datafile/seiseki/report/2024/2024-1niigata2.pdf,official_daily_result_pdf
202404010209,2024,新潟,1,2,9,2024-04-28,https://www.jra.go.jp/datafile/seiseki/report/2024/2024-1niigata2.pdf,official_daily_result_pdf
202404010210,2024,新潟,1,2,10,2024-04-28,https://www.jra.go.jp/datafile/seiseki/report/2024/2024-1niigata2.pdf,official_daily_result_pdf
202404010211,2024,新潟,1,2,11,2024-04-28,https://www.jra.go.jp/datafile/seiseki/report/2024/2024-1niigata2.pdf,official_daily_result_pdf
202404010212,2024,新潟,1,2,12,2024-04-28,https://www.jra.go.jp/datafile/seiseki/report/2024/2024-1niigata2.pdf,official_daily_result_pdf
202404010301,2024,新潟,1,3,1,2024-05-04,https://www.jra.go.jp/datafile/seiseki/report/2024/2024-1niigata3.pdf,official_daily_result_pdf
202404010302,2024,新潟,1,3,2,2024-05-04,https://www.jra.go.jp/datafile/seiseki/report/2024/2024-1niigata3.pdf,official_daily_result_pdf
202404010303,2024,新潟,1,3,3,2024-05-04,https://www.jra.go.jp/datafile/seiseki/report/2024/2024-1niigata3.pdf,official_daily_result_pdf
202404010304,2024,新潟,1,3,4,2024-05-04,https://www.jra.go.jp/datafile/seiseki/report/2024/2024-1niigata3.pdf,official_daily_result_pdf
202404010305,2024,新潟,1,3,5,2024-05-04,https://www.jra.go.jp/datafile/seiseki/report/2024/2024-1niigata3.pdf,official_daily_result_pdf
202404010306,2024,新潟,1,3,6,2024-05-04,https://www.jra.go.jp/datafile/seiseki/report/2024/2024-1niigata3.pdf,official_daily_result_pdf
202404010307,2024,新潟,1,3,7,2024-05-04,https://www.jra.go.jp/datafile/seiseki/report/2024/2024-1niigata3.pdf,official_daily_result_pdf
202404010308,2024,新潟,1,3,8,2024-05-04,https://www.jra.go.jp/datafile/seiseki/report/2024/2024-1niigata3.pdf,official_daily_result_pdf
202404010309,2024,新潟,1,3,9,2024-05-04,https://www.jra.go.jp/datafile/seiseki/report/2024/2024-1niigata3.pdf,official_daily_result_pdf
202404010310,2024,新潟,1,3,10,2024-05-04,https://www.jra.go.jp/datafile/seiseki/report/2024/2024-1niigata3.pdf,official_daily_result_pdf
202404010311,2024,新潟,1,3,11,2024-05-04,https://www.jra.go.jp/datafile/seiseki/report/2024/2024-1niigata3.pdf,official_daily_result_pdf
202404010312,2024,新潟,1,3,12,2024-05-04,https://www.jra.go.jp/datafile/seiseki/report/2024/2024-1niigata3.pdf,official_daily_result_pdf
202404010401,2024,新潟,1,4,1,2024-05-05,https://www.jra.go.jp/datafile/seiseki/report/2024/2024-1niigata4.pdf,official_daily_result_pdf
202404010402,2024,新潟,1,4,2,2024-05-05,https://www.jra.go.jp/datafile/seiseki/report/2024/2024-1niigata4.pdf,official_daily_result_pdf
202404010403,2024,新潟,1,4,3,2024-05-05,https://www.jra.go.jp/datafile/seiseki/report/2024/2024-1niigata4.pdf,official_daily_result_pdf
202404010404,2024,新潟,1,4,4,2024-05-05,https://www.jra.go.jp/datafile/seiseki/report/2024/2024-1niigata4.pdf,official_daily_result_pdf
202404010405,2024,新潟,1,4,5,2024-05-05,https://www.jra.go.jp/datafile/seiseki/report/2024/2024-1niigata4.pdf,official_daily_result_pdf
202404010406,2024,新潟,1,4,6,2024-05-05,https://www.jra.go.jp/datafile/seiseki/report/2024/2024-1niigata4.pdf,official_daily_result_pdf
202404010407,2024,新潟,1,4,7,2024-05-05,https://www.jra.go.jp/datafile/seiseki/report/2024/2024-1niigata4.pdf,official_daily_result_pdf
202404010408,2024,新潟,1,4,8,2024-05-05,https://www.jra.go.jp/datafile/seiseki/report/2024/2024-1niigata4.pdf,official_daily_result_pdf
202404010409,2024,新潟,1,4,9,2024-05-05,https://www.jra.go.jp/datafile/seiseki/report/2024/2024-1niigata4.pdf,official_daily_result_pdf
202404010410,2024,新潟,1,4,10,2024-05-05,https://www.jra.go.jp/datafile/seiseki/report/2024/2024-1niigata4.pdf,official_daily_result_pdf
202404010411,2024,新潟,1,4,11,2024-05-05,https://www.jra.go.jp/datafile/seiseki/report/2024/2024-1niigata4.pdf,official_daily_result_pdf
202404010412,2024,新潟,1,4,12,2024-05-05,https://www.jra.go.jp/datafile/seiseki/report/2024/2024-1niigata4.pdf,official_daily_result_pdf
202404010501,2024,新潟,1,5,1,2024-05-11,https://www.jra.go.jp/datafile/seiseki/report/2024/2024-1niigata5.pdf,official_daily_result_pdf
202404010502,2024,新潟,1,5,2,2024-05-11,https://www.jra.go.jp/datafile/seiseki/report/2024/2024-1niigata5.pdf,official_daily_result_pdf
202404010503,2024,新潟,1,5,3,2024-05-11,https://www.jra.go.jp/datafile/seiseki/report/2024/2024-1niigata5.pdf,official_daily_result_pdf
202404010504,2024,新潟,1,5,4,2024-05-11,https://www.jra.go.jp/datafile/seiseki/report/2024/2024-1niigata5.pdf,official_daily_result_pdf
202404010505,2024,新潟,1,5,5,2024-05-11,https://www.jra.go.jp/datafile/seiseki/report/2024/2024-1niigata5.pdf,official_daily_result_pdf
202404010506,2024,新潟,1,5,6,2024-05-11,https://www.jra.go.jp/datafile/seiseki/report/2024/2024-1niigata5.pdf,official_daily_result_pdf
202404010507,2024,新潟,1,5,7,2024-05-11,https://www.jra.go.jp/datafile/seiseki/report/2024/2024-1niigata5.pdf,official_daily_result_pdf
202404010508,2024,新潟,1,5,8,2024-05-11,https://www.jra.go.jp/datafile/seiseki/report/2024/2024-1niigata5.pdf,official_daily_result_pdf
202404010509,2024,新潟,1,5,9,2024-05-11,https://www.jra.go.jp/datafile/seiseki/report/2024/2024-1niigata5.pdf,official_daily_result_pdf
202404010510,2024,新潟,1,5,10,2024-05-11,https://www.jra.go.jp/datafile/seiseki/report/2024/2024-1niigata5.pdf,official_daily_result_pdf
202404010511,2024,新潟,1,5,11,2024-05-11,https://www.jra.go.jp/datafile/seiseki/report/2024/2024-1niigata5.pdf,official_daily_result_pdf
202404010512,2024,新潟,1,5,12,2024-05-11,https://www.jra.go.jp/datafile/seiseki/report/2024/2024-1niigata5.pdf,official_daily_result_pdf
202404010601,2024,新潟,1,6,1,2024-05-12,https://www.jra.go.jp/datafile/seiseki/report/2024/2024-1niigata6.pdf,official_daily_result_pdf
202404010602,2024,新潟,1,6,2,2024-05-12,https://www.jra.go.jp/datafile/seiseki/report/2024/2024-1niigata6.pdf,official_daily_result_pdf
202404010603,2024,新潟,1,6,3,2024-05-12,https://www.jra.go.jp/datafile/seiseki/report/2024/2024-1niigata6.pdf,official_daily_result_pdf
202404010604,2024,新潟,1,6,4,2024-05-12,https://www.jra.go.jp/datafile/seiseki/report/2024/2024-1niigata6.pdf,official_daily_result_pdf
202404010605,2024,新潟,1,6,5,2024-05-12,https://www.jra.go.jp/datafile/seiseki/report/2024/2024-1niigata6.pdf,official_daily_result_pdf
202404010606,2024,新潟,1,6,6,2024-05-12,https://www.jra.go.jp/datafile/seiseki/report/2024/2024-1niigata6.pdf,official_daily_result_pdf
202404010607,2024,新潟,1,6,7,2024-05-12,https://www.jra.go.jp/datafile/seiseki/report/2024/2024-1niigata6.pdf,official_daily_result_pdf
202404010608,2024,新潟,1,6,8,2024-05-12,https://www.jra.go.jp/datafile/seiseki/report/2024/2024-1niigata6.pdf,official_daily_result_pdf
202404010609,2024,新潟,1,6,9,2024-05-12,https://www.jra.go.jp/datafile/seiseki/report/2024/2024-1niigata6.pdf,official_daily_result_pdf
202404010610,2024,新潟,1,6,10,2024-05-12,https://www.jra.go.jp/datafile/seiseki/report/2024/2024-1niigata6.pdf,official_daily_result_pdf
202404010611,2024,新潟,1,6,11,2024-05-12,https://www.jra.go.jp/datafile/seiseki/report/2024/2024-1niigata6.pdf,official_daily_result_pdf
202404010612,2024,新潟,1,6,12,2024-05-12,https://www.jra.go.jp/datafile/seiseki/report/2024/2024-1niigata6.pdf,official_daily_result_pdf
202404010701,2024,新潟,1,7,1,2024-05-18,https://www.jra.go.jp/datafile/seiseki/report/2024/2024-1niigata7.pdf,official_daily_result_pdf
202404010702,2024,新潟,1,7,2,2024-05-18,https://www.jra.go.jp/datafile/seiseki/report/2024/2024-1niigata7.pdf,official_daily_result_pdf
202404010703,2024,新潟,1,7,3,2024-05-18,https://www.jra.go.jp/datafile/seiseki/report/2024/2024-1niigata7.pdf,official_daily_result_pdf
202404010704,2024,新潟,1,7,4,2024-05-18,https://www.jra.go.jp/datafile/seiseki/report/2024/2024-1niigata7.pdf,official_daily_result_pdf
202404010705,2024,新潟,1,7,5,2024-05-18,https://www.jra.go.jp/datafile/seiseki/report/2024/2024-1niigata7.pdf,official_daily_result_pdf
202404010706,2024,新潟,1,7,6,2024-05-18,https://www.jra.go.jp/datafile/seiseki/report/2024/2024-1niigata7.pdf,official_daily_result_pdf
202404010707,2024,新潟,1,7,7,2024-05-18,https://www.jra.go.jp/datafile/seiseki/report/2024/2024-1niigata7.pdf,official_daily_result_pdf
202404010708,2024,新潟,1,7,8,2024-05-18,https://www.jra.go.jp/datafile/seiseki/report/2024/2024-1niigata7.pdf,official_daily_result_pdf
202404010709,2024,新潟,1,7,9,2024-05-18,https://www.jra.go.jp/datafile/seiseki/report/2024/2024-1niigata7.pdf,official_daily_result_pdf
202404010710,2024,新潟,1,7,10,2024-05-18,https://www.jra.go.jp/datafile/seiseki/report/2024/2024-1niigata7.pdf,official_daily_result_pdf
202404010711,2024,新潟,1,7,11,2024-05-18,https://www.jra.go.jp/datafile/seiseki/report/2024/2024-1niigata7.pdf,official_daily_result_pdf
202404010712,2024,新潟,1,7,12,2024-05-18,https://www.jra.go.jp/datafile/seiseki/report/2024/2024-1niigata7.pdf,official_daily_result_pdf
202404010801,2024,新潟,1,8,1,2024-05-19,https://www.jra.go.jp/datafile/seiseki/report/2024/2024-1niigata8.pdf,official_daily_result_pdf
202404010802,2024,新潟,1,8,2,2024-05-19,https://www.jra.go.jp/datafile/seiseki/report/2024/2024-1niigata8.pdf,official_daily_result_pdf
202404010803,2024,新潟,1,8,3,2024-05-19,https://www.jra.go.jp/datafile/seiseki/report/2024/2024-1niigata8.pdf,official_daily_result_pdf
202404010804,2024,新潟,1,8,4,2024-05-19,https://www.jra.go.jp/datafile/seiseki/report/2024/2024-1niigata8.pdf,official_daily_result_pdf
202404010805,2024,新潟,1,8,5,2024-05-19,https://www.jra.go.jp/datafile/seiseki/report/2024/2024-1niigata8.pdf,official_daily_result_pdf
202404010806,2024,新潟,1,8,6,2024-05-19,https://www.jra.go.jp/datafile/seiseki/report/2024/2024-1niigata8.pdf,official_daily_result_pdf
202404010807,2024,新潟,1,8,7,2024-05-19,https://www.jra.go.jp/datafile/seiseki/report/2024/2024-1niigata8.pdf,official_daily_result_pdf
202404010808,2024,新潟,1,8,8,2024-05-19,https://www.jra.go.jp/datafile/seiseki/report/2024/2024-1niigata8.pdf,official_daily_result_pdf
202404010809,2024,新潟,1,8,9,2024-05-19,https://www.jra.go.jp/datafile/seiseki/report/2024/2024-1niigata8.pdf,official_daily_result_pdf
202404010810,2024,新潟,1,8,10,2024-05-19,https://www.jra.go.jp/datafile/seiseki/report/2024/2024-1niigata8.pdf,official_daily_result_pdf
202404010811,2024,新潟,1,8,11,2024-05-19,https://www.jra.go.jp/datafile/seiseki/report/2024/2024-1niigata8.pdf,official_daily_result_pdf
202404010812,2024,新潟,1,8,12,2024-05-19,https://www.jra.go.jp/datafile/seiseki/report/2024/2024-1niigata8.pdf,official_daily_result_pdf
202404020101,2024,新潟,2,1,1,2024-07-27,https://www.jra.go.jp/datafile/seiseki/report/2024/2024-2niigata1.pdf,official_daily_result_pdf
202404020102,2024,新潟,2,1,2,2024-07-27,https://www.jra.go.jp/datafile/seiseki/report/2024/2024-2niigata1.pdf,official_daily_result_pdf
202404020103,2024,新潟,2,1,3,2024-07-27,https://www.jra.go.jp/datafile/seiseki/report/2024/2024-2niigata1.pdf,official_daily_result_pdf
202404020104,2024,新潟,2,1,4,2024-07-27,https://www.jra.go.jp/datafile/seiseki/report/2024/2024-2niigata1.pdf,official_daily_result_pdf
202404020105,2024,新潟,2,1,5,2024-07-27,https://www.jra.go.jp/datafile/seiseki/report/2024/2024-2niigata1.pdf,official_daily_result_pdf
202404020106,2024,新潟,2,1,6,2024-07-27,https://www.jra.go.jp/datafile/seiseki/report/2024/2024-2niigata1.pdf,official_daily_result_pdf
202404020107,2024,新潟,2,1,7,2024-07-27,https://www.jra.go.jp/datafile/seiseki/report/2024/2024-2niigata1.pdf,official_daily_result_pdf
202404020108,2024,新潟,2,1,8,2024-07-27,https://www.jra.go.jp/datafile/seiseki/report/2024/2024-2niigata1.pdf,official_daily_result_pdf
202404020109,2024,新潟,2,1,9,2024-07-27,https://www.jra.go.jp/datafile/seiseki/report/2024/2024-2niigata1.pdf,official_daily_result_pdf
202404020110,2024,新潟,2,1,10,2024-07-27,https://www.jra.go.jp/datafile/seiseki/report/2024/2024-2niigata1.pdf,official_daily_result_pdf
202404020111,2024,新潟,2,1,11,2024-07-27,https://www.jra.go.jp/datafile/seiseki/report/2024/2024-2niigata1.pdf,official_daily_result_pdf
202404020112,2024,新潟,2,1,12,2024-07-27,https://www.jra.go.jp/datafile/seiseki/report/2024/2024-2niigata1.pdf,official_daily_result_pdf
202404020201,2024,新潟,2,2,1,2024-07-28,https://www.jra.go.jp/datafile/seiseki/report/2024/2024-2niigata2.pdf,official_daily_result_pdf
202404020202,2024,新潟,2,2,2,2024-07-28,https://www.jra.go.jp/datafile/seiseki/report/2024/2024-2niigata2.pdf,official_daily_result_pdf
202404020203,2024,新潟,2,2,3,2024-07-28,https://www.jra.go.jp/datafile/seiseki/report/2024/2024-2niigata2.pdf,official_daily_result_pdf
202404020204,2024,新潟,2,2,4,2024-07-28,https://www.jra.go.jp/datafile/seiseki/report/2024/2024-2niigata2.pdf,official_daily_result_pdf
202404020205,2024,新潟,2,2,5,2024-07-28,https://www.jra.go.jp/datafile/seiseki/report/2024/2024-2niigata2.pdf,official_daily_result_pdf
202404020206,2024,新潟,2,2,6,2024-07-28,https://www.jra.go.jp/datafile/seiseki/report/2024/2024-2niigata2.pdf,official_daily_result_pdf
202404020207,2024,新潟,2,2,7,2024-07-28,https://www.jra.go.jp/datafile/seiseki/report/2024/2024-2niigata2.pdf,official_daily_result_pdf
202404020208,2024,新潟,2,2,8,2024-07-28,https://www.jra.go.jp/datafile/seiseki/report/2024/2024-2niigata2.pdf,official_daily_result_pdf
202404020209,2024,新潟,2,2,9,2024-07-28,https://www.jra.go.jp/datafile/seiseki/report/2024/2024-2niigata2.pdf,official_daily_result_pdf
202404020210,2024,新潟,2,2,10,2024-07-28,https://www.jra.go.jp/datafile/seiseki/report/2024/2024-2niigata2.pdf,official_daily_result_pdf
202404020211,2024,新潟,2,2,11,2024-07-28,https://www.jra.go.jp/datafile/seiseki/report/2024/2024-2niigata2.pdf,official_daily_result_pdf
202404020212,2024,新潟,2,2,12,2024-07-28,https://www.jra.go.jp/datafile/seiseki/report/2024/2024-2niigata2.pdf,official_daily_result_pdf
202404020301,2024,新潟,2,3,1,2024-08-03,https://www.jra.go.jp/datafile/seiseki/report/2024/2024-2niigata3.pdf,official_daily_result_pdf
202404020302,2024,新潟,2,3,2,2024-08-03,https://www.jra.go.jp/datafile/seiseki/report/2024/2024-2niigata3.pdf,official_daily_result_pdf
202404020303,2024,新潟,2,3,3,2024-08-03,https://www.jra.go.jp/datafile/seiseki/report/2024/2024-2niigata3.pdf,official_daily_result_pdf
202404020304,2024,新潟,2,3,4,2024-08-03,https://www.jra.go.jp/datafile/seiseki/report/2024/2024-2niigata3.pdf,official_daily_result_pdf
202404020305,2024,新潟,2,3,5,2024-08-03,https://www.jra.go.jp/datafile/seiseki/report/2024/2024-2niigata3.pdf,official_daily_result_pdf
202404020306,2024,新潟,2,3,6,2024-08-03,https://www.jra.go.jp/datafile/seiseki/report/2024/2024-2niigata3.pdf,official_daily_result_pdf
202404020307,2024,新潟,2,3,7,2024-08-03,https://www.jra.go.jp/datafile/seiseki/report/2024/2024-2niigata3.pdf,official_daily_result_pdf
202404020308,2024,新潟,2,3,8,2024-08-03,https://www.jra.go.jp/datafile/seiseki/report/2024/2024-2niigata3.pdf,official_daily_result_pdf
202404020309,2024,新潟,2,3,9,2024-08-03,https://www.jra.go.jp/datafile/seiseki/report/2024/2024-2niigata3.pdf,official_daily_result_pdf
202404020310,2024,新潟,2,3,10,2024-08-03,https://www.jra.go.jp/datafile/seiseki/report/2024/2024-2niigata3.pdf,official_daily_result_pdf
202404020311,2024,新潟,2,3,11,2024-08-03,https://www.jra.go.jp/datafile/seiseki/report/2024/2024-2niigata3.pdf,official_daily_result_pdf
202404020312,2024,新潟,2,3,12,2024-08-03,https://www.jra.go.jp/datafile/seiseki/report/2024/2024-2niigata3.pdf,official_daily_result_pdf
202404020401,2024,新潟,2,4,1,2024-08-04,https://www.jra.go.jp/datafile/seiseki/report/2024/2024-2niigata4.pdf,official_daily_result_pdf
202404020402,2024,新潟,2,4,2,2024-08-04,https://www.jra.go.jp/datafile/seiseki/report/2024/2024-2niigata4.pdf,official_daily_result_pdf
202404020403,2024,新潟,2,4,3,2024-08-04,https://www.jra.go.jp/datafile/seiseki/report/2024/2024-2niigata4.pdf,official_daily_result_pdf
202404020404,2024,新潟,2,4,4,2024-08-04,https://www.jra.go.jp/datafile/seiseki/report/2024/2024-2niigata4.pdf,official_daily_result_pdf
202404020405,2024,新潟,2,4,5,2024-08-04,https://www.jra.go.jp/datafile/seiseki/report/2024/2024-2niigata4.pdf,official_daily_result_pdf
202404020406,2024,新潟,2,4,6,2024-08-04,https://www.jra.go.jp/datafile/seiseki/report/2024/2024-2niigata4.pdf,official_daily_result_pdf
202404020407,2024,新潟,2,4,7,2024-08-04,https://www.jra.go.jp/datafile/seiseki/report/2024/2024-2niigata4.pdf,official_daily_result_pdf
202404020408,2024,新潟,2,4,8,2024-08-04,https://www.jra.go.jp/datafile/seiseki/report/2024/2024-2niigata4.pdf,official_daily_result_pdf
202404020409,2024,新潟,2,4,9,2024-08-04,https://www.jra.go.jp/datafile/seiseki/report/2024/2024-2niigata4.pdf,official_daily_result_pdf
202404020410,2024,新潟,2,4,10,2024-08-04,https://www.jra.go.jp/datafile/seiseki/report/2024/2024-2niigata4.pdf,official_daily_result_pdf
202404020411,2024,新潟,2,4,11,2024-08-04,https://www.jra.go.jp/datafile/seiseki/report/2024/2024-2niigata4.pdf,official_daily_result_pdf
202404020412,2024,新潟,2,4,12,2024-08-04,https://www.jra.go.jp/datafile/seiseki/report/2024/2024-2niigata4.pdf,official_daily_result_pdf
202404030101,2024,新潟,3,1,1,2024-08-10,https://www.jra.go.jp/datafile/seiseki/report/2024/2024-3niigata1.pdf,official_daily_result_pdf
202404030102,2024,新潟,3,1,2,2024-08-10,https://www.jra.go.jp/datafile/seiseki/report/2024/2024-3niigata1.pdf,official_daily_result_pdf
202404030103,2024,新潟,3,1,3,2024-08-10,https://www.jra.go.jp/datafile/seiseki/report/2024/2024-3niigata1.pdf,official_daily_result_pdf
202404030104,2024,新潟,3,1,4,2024-08-10,https://www.jra.go.jp/datafile/seiseki/report/2024/2024-3niigata1.pdf,official_daily_result_pdf
202404030105,2024,新潟,3,1,5,2024-08-10,https://www.jra.go.jp/datafile/seiseki/report/2024/2024-3niigata1.pdf,official_daily_result_pdf
202404030106,2024,新潟,3,1,6,2024-08-10,https://www.jra.go.jp/datafile/seiseki/report/2024/2024-3niigata1.pdf,official_daily_result_pdf
202404030107,2024,新潟,3,1,7,2024-08-10,https://www.jra.go.jp/datafile/seiseki/report/2024/2024-3niigata1.pdf,official_daily_result_pdf
202404030108,2024,新潟,3,1,8,2024-08-10,https://www.jra.go.jp/datafile/seiseki/report/2024/2024-3niigata1.pdf,official_daily_result_pdf
202404030109,2024,新潟,3,1,9,2024-08-10,https://www.jra.go.jp/datafile/seiseki/report/2024/2024-3niigata1.pdf,official_daily_result_pdf
202404030110,2024,新潟,3,1,10,2024-08-10,https://www.jra.go.jp/datafile/seiseki/report/2024/2024-3niigata1.pdf,official_daily_result_pdf
202404030111,2024,新潟,3,1,11,2024-08-10,https://www.jra.go.jp/datafile/seiseki/report/2024/2024-3niigata1.pdf,official_daily_result_pdf
202404030112,2024,新潟,3,1,12,2024-08-10,https://www.jra.go.jp/datafile/seiseki/report/2024/2024-3niigata1.pdf,official_daily_result_pdf
202404030201,2024,新潟,3,2,1,2024-08-11,https://www.jra.go.jp/datafile/seiseki/report/2024/2024-3niigata2.pdf,official_daily_result_pdf
202404030202,2024,新潟,3,2,2,2024-08-11,https://www.jra.go.jp/datafile/seiseki/report/2024/2024-3niigata2.pdf,official_daily_result_pdf
202404030203,2024,新潟,3,2,3,2024-08-11,https://www.jra.go.jp/datafile/seiseki/report/2024/2024-3niigata2.pdf,official_daily_result_pdf
202404030204,2024,新潟,3,2,4,2024-08-11,https://www.jra.go.jp/datafile/seiseki/report/2024/2024-3niigata2.pdf,official_daily_result_pdf
202404030205,2024,新潟,3,2,5,2024-08-11,https://www.jra.go.jp/datafile/seiseki/report/2024/2024-3niigata2.pdf,official_daily_result_pdf
202404030206,2024,新潟,3,2,6,2024-08-11,https://www.jra.go.jp/datafile/seiseki/report/2024/2024-3niigata2.pdf,official_daily_result_pdf
202404030207,2024,新潟,3,2,7,2024-08-11,https://www.jra.go.jp/datafile/seiseki/report/2024/2024-3niigata2.pdf,official_daily_result_pdf
202404030208,2024,新潟,3,2,8,2024-08-11,https://www.jra.go.jp/datafile/seiseki/report/2024/2024-3niigata2.pdf,official_daily_result_pdf
202404030209,2024,新潟,3,2,9,2024-08-11,https://www.jra.go.jp/datafile/seiseki/report/2024/2024-3niigata2.pdf,official_daily_result_pdf
202404030210,2024,新潟,3,2,10,2024-08-11,https://www.jra.go.jp/datafile/seiseki/report/2024/2024-3niigata2.pdf,official_daily_result_pdf
202404030211,2024,新潟,3,2,11,2024-08-11,https://www.jra.go.jp/datafile/seiseki/report/2024/2024-3niigata2.pdf,official_daily_result_pdf
202404030212,2024,新潟,3,2,12,2024-08-11,https://www.jra.go.jp/datafile/seiseki/report/2024/2024-3niigata2.pdf,official_daily_result_pdf
202404030301,2024,新潟,3,3,1,2024-08-17,https://www.jra.go.jp/datafile/seiseki/report/2024/2024-3niigata3.pdf,official_daily_result_pdf
202404030302,2024,新潟,3,3,2,2024-08-17,https://www.jra.go.jp/datafile/seiseki/report/2024/2024-3niigata3.pdf,official_daily_result_pdf
202404030303,2024,新潟,3,3,3,2024-08-17,https://www.jra.go.jp/datafile/seiseki/report/2024/2024-3niigata3.pdf,official_daily_result_pdf
202404030304,2024,新潟,3,3,4,2024-08-17,https://www.jra.go.jp/datafile/seiseki/report/2024/2024-3niigata3.pdf,official_daily_result_pdf
202404030305,2024,新潟,3,3,5,2024-08-17,https://www.jra.go.jp/datafile/seiseki/report/2024/2024-3niigata3.pdf,official_daily_result_pdf
202404030306,2024,新潟,3,3,6,2024-08-17,https://www.jra.go.jp/datafile/seiseki/report/2024/2024-3niigata3.pdf,official_daily_result_pdf
202404030307,2024,新潟,3,3,7,2024-08-17,https://www.jra.go.jp/datafile/seiseki/report/2024/2024-3niigata3.pdf,official_daily_result_pdf
202404030308,2024,新潟,3,3,8,2024-08-17,https://www.jra.go.jp/datafile/seiseki/report/2024/2024-3niigata3.pdf,official_daily_result_pdf
202404030309,2024,新潟,3,3,9,2024-08-17,https://www.jra.go.jp/datafile/seiseki/report/2024/2024-3niigata3.pdf,official_daily_result_pdf
202404030310,2024,新潟,3,3,10,2024-08-17,https://www.jra.go.jp/datafile/seiseki/report/2024/2024-3niigata3.pdf,official_daily_result_pdf
202404030311,2024,新潟,3,3,11,2024-08-17,https://www.jra.go.jp/datafile/seiseki/report/2024/2024-3niigata3.pdf,official_daily_result_pdf
202404030312,2024,新潟,3,3,12,2024-08-17,https://www.jra.go.jp/datafile/seiseki/report/2024/2024-3niigata3.pdf,official_daily_result_pdf
202404030401,2024,新潟,3,4,1,2024-08-18,https://www.jra.go.jp/datafile/seiseki/report/2024/2024-3niigata4.pdf,official_daily_result_pdf
202404030402,2024,新潟,3,4,2,2024-08-18,https://www.jra.go.jp/datafile/seiseki/report/2024/2024-3niigata4.pdf,official_daily_result_pdf
202404030403,2024,新潟,3,4,3,2024-08-18,https://www.jra.go.jp/datafile/seiseki/report/2024/2024-3niigata4.pdf,official_daily_result_pdf
202404030404,2024,新潟,3,4,4,2024-08-18,https://www.jra.go.jp/datafile/seiseki/report/2024/2024-3niigata4.pdf,official_daily_result_pdf
202404030405,2024,新潟,3,4,5,2024-08-18,https://www.jra.go.jp/datafile/seiseki/report/2024/2024-3niigata4.pdf,official_daily_result_pdf
202404030406,2024,新潟,3,4,6,2024-08-18,https://www.jra.go.jp/datafile/seiseki/report/2024/2024-3niigata4.pdf,official_daily_result_pdf
202404030407,2024,新潟,3,4,7,2024-08-18,https://www.jra.go.jp/datafile/seiseki/report/2024/2024-3niigata4.pdf,official_daily_result_pdf
202404030408,2024,新潟,3,4,8,2024-08-18,https://www.jra.go.jp/datafile/seiseki/report/2024/2024-3niigata4.pdf,official_daily_result_pdf
202404030409,2024,新潟,3,4,9,2024-08-18,https://www.jra.go.jp/datafile/seiseki/report/2024/2024-3niigata4.pdf,official_daily_result_pdf
202404030410,2024,新潟,3,4,10,2024-08-18,https://www.jra.go.jp/datafile/seiseki/report/2024/2024-3niigata4.pdf,official_daily_result_pdf
202404030411,2024,新潟,3,4,11,2024-08-18,https://www.jra.go.jp/datafile/seiseki/report/2024/2024-3niigata4.pdf,official_daily_result_pdf
202404030412,2024,新潟,3,4,12,2024-08-18,https://www.jra.go.jp/datafile/seiseki/report/2024/2024-3niigata4.pdf,official_daily_result_pdf
202404030501,2024,新潟,3,5,1,2024-08-24,https://www.jra.go.jp/datafile/seiseki/report/2024/2024-3niigata5.pdf,official_daily_result_pdf
202404030502,2024,新潟,3,5,2,2024-08-24,https://www.jra.go.jp/datafile/seiseki/report/2024/2024-3niigata5.pdf,official_daily_result_pdf
202404030503,2024,新潟,3,5,3,2024-08-24,https://www.jra.go.jp/datafile/seiseki/report/2024/2024-3niigata5.pdf,official_daily_result_pdf
202404030504,2024,新潟,3,5,4,2024-08-24,https://www.jra.go.jp/datafile/seiseki/report/2024/2024-3niigata5.pdf,official_daily_result_pdf
202404030505,2024,新潟,3,5,5,2024-08-24,https://www.jra.go.jp/datafile/seiseki/report/2024/2024-3niigata5.pdf,official_daily_result_pdf
202404030506,2024,新潟,3,5,6,2024-08-24,https://www.jra.go.jp/datafile/seiseki/report/2024/2024-3niigata5.pdf,official_daily_result_pdf
202404030507,2024,新潟,3,5,7,2024-08-24,https://www.jra.go.jp/datafile/seiseki/report/2024/2024-3niigata5.pdf,official_daily_result_pdf
202404030508,2024,新潟,3,5,8,2024-08-24,https://www.jra.go.jp/datafile/seiseki/report/2024/2024-3niigata5.pdf,official_daily_result_pdf
202404030509,2024,新潟,3,5,9,2024-08-24,https://www.jra.go.jp/datafile/seiseki/report/2024/2024-3niigata5.pdf,official_daily_result_pdf
202404030510,2024,新潟,3,5,10,2024-08-24,https://www.jra.go.jp/datafile/seiseki/report/2024/2024-3niigata5.pdf,official_daily_result_pdf
202404030511,2024,新潟,3,5,11,2024-08-24,https://www.jra.go.jp/datafile/seiseki/report/2024/2024-3niigata5.pdf,official_daily_result_pdf
202404030512,2024,新潟,3,5,12,2024-08-24,https://www.jra.go.jp/datafile/seiseki/report/2024/2024-3niigata5.pdf,official_daily_result_pdf
202404030601,2024,新潟,3,6,1,2024-08-25,https://www.jra.go.jp/datafile/seiseki/report/2024/2024-3niigata6.pdf,official_daily_result_pdf
202404030602,2024,新潟,3,6,2,2024-08-25,https://www.jra.go.jp/datafile/seiseki/report/2024/2024-3niigata6.pdf,official_daily_result_pdf
202404030603,2024,新潟,3,6,3,2024-08-25,https://www.jra.go.jp/datafile/seiseki/report/2024/2024-3niigata6.pdf,official_daily_result_pdf
202404030604,2024,新潟,3,6,4,2024-08-25,https://www.jra.go.jp/datafile/seiseki/report/2024/2024-3niigata6.pdf,official_daily_result_pdf
202404030605,2024,新潟,3,6,5,2024-08-25,https://www.jra.go.jp/datafile/seiseki/report/2024/2024-3niigata6.pdf,official_daily_result_pdf
202404030606,2024,新潟,3,6,6,2024-08-25,https://www.jra.go.jp/datafile/seiseki/report/2024/2024-3niigata6.pdf,official_daily_result_pdf
202404030607,2024,新潟,3,6,7,2024-08-25,https://www.jra.go.jp/datafile/seiseki/report/2024/2024-3niigata6.pdf,official_daily_result_pdf
202404030608,2024,新潟,3,6,8,2024-08-25,https://www.jra.go.jp/datafile/seiseki/report/2024/2024-3niigata6.pdf,official_daily_result_pdf
202404030609,2024,新潟,3,6,9,2024-08-25,https://www.jra.go.jp/datafile/seiseki/report/2024/2024-3niigata6.pdf,official_daily_result_pdf
202404030610,2024,新潟,3,6,10,2024-08-25,https://www.jra.go.jp/datafile/seiseki/report/2024/2024-3niigata6.pdf,official_daily_result_pdf
202404030611,2024,新潟,3,6,11,2024-08-25,https://www.jra.go.jp/datafile/seiseki/report/2024/2024-3niigata6.pdf,official_daily_result_pdf
202404030701,2024,新潟,3,7,1,2024-08-31,https://www.jra.go.jp/datafile/seiseki/report/2024/2024-3niigata7.pdf,official_daily_result_pdf
202404030702,2024,新潟,3,7,2,2024-08-31,https://www.jra.go.jp/datafile/seiseki/report/2024/2024-3niigata7.pdf,official_daily_result_pdf
202404030703,2024,新潟,3,7,3,2024-08-31,https://www.jra.go.jp/datafile/seiseki/report/2024/2024-3niigata7.pdf,official_daily_result_pdf
202404030704,2024,新潟,3,7,4,2024-08-31,https://www.jra.go.jp/datafile/seiseki/report/2024/2024-3niigata7.pdf,official_daily_result_pdf
202404030705,2024,新潟,3,7,5,2024-08-31,https://www.jra.go.jp/datafile/seiseki/report/2024/2024-3niigata7.pdf,official_daily_result_pdf
202404030706,2024,新潟,3,7,6,2024-08-31,https://www.jra.go.jp/datafile/seiseki/report/2024/2024-3niigata7.pdf,official_daily_result_pdf
202404030707,2024,新潟,3,7,7,2024-08-31,https://www.jra.go.jp/datafile/seiseki/report/2024/2024-3niigata7.pdf,official_daily_result_pdf
202404030708,2024,新潟,3,7,8,2024-08-31,https://www.jra.go.jp/datafile/seiseki/report/2024/2024-3niigata7.pdf,official_daily_result_pdf
202404030709,2024,新潟,3,7,9,2024-08-31,https://www.jra.go.jp/datafile/seiseki/report/2024/2024-3niigata7.pdf,official_daily_result_pdf
202404030710,2024,新潟,3,7,10,2024-08-31,https://www.jra.go.jp/datafile/seiseki/report/2024/2024-3niigata7.pdf,official_daily_result_pdf
202404030711,2024,新潟,3,7,11,2024-08-31,https://www.jra.go.jp/datafile/seiseki/report/2024/2024-3niigata7.pdf,official_daily_result_pdf
202404030712,2024,新潟,3,7,12,2024-08-31,https://www.jra.go.jp/datafile/seiseki/report/2024/2024-3niigata7.pdf,official_daily_result_pdf
202404030801,2024,新潟,3,8,1,2024-09-01,https://www.jra.go.jp/datafile/seiseki/report/2024/2024-3niigata8.pdf,official_daily_result_pdf
202404030802,2024,新潟,3,8,2,2024-09-01,https://www.jra.go.jp/datafile/seiseki/report/2024/2024-3niigata8.pdf,official_daily_result_pdf
202404030803,2024,新潟,3,8,3,2024-09-01,https://www.jra.go.jp/datafile/seiseki/report/2024/2024-3niigata8.pdf,official_daily_result_pdf
202404030804,2024,新潟,3,8,4,2024-09-01,https://www.jra.go.jp/datafile/seiseki/report/2024/2024-3niigata8.pdf,official_daily_result_pdf
202404030805,2024,新潟,3,8,5,2024-09-01,https://www.jra.go.jp/datafile/seiseki/report/2024/2024-3niigata8.pdf,official_daily_result_pdf
202404030806,2024,新潟,3,8,6,2024-09-01,https://www.jra.go.jp/datafile/seiseki/report/2024/2024-3niigata8.pdf,official_daily_result_pdf
202404030807,2024,新潟,3,8,7,2024-09-01,https://www.jra.go.jp/datafile/seiseki/report/2024/2024-3niigata8.pdf,official_daily_result_pdf
202404030808,2024,新潟,3,8,8,2024-09-01,https://www.jra.go.jp/datafile/seiseki/report/2024/2024-3niigata8.pdf,official_daily_result_pdf
202404030809,2024,新潟,3,8,9,2024-09-01,https://www.jra.go.jp/datafile/seiseki/report/2024/2024-3niigata8.pdf,official_daily_result_pdf
202404030810,2024,新潟,3,8,10,2024-09-01,https://www.jra.go.jp/datafile/seiseki/report/2024/2024-3niigata8.pdf,official_daily_result_pdf
202404030811,2024,新潟,3,8,11,2024-09-01,https://www.jra.go.jp/datafile/seiseki/report/2024/2024-3niigata8.pdf,official_daily_result_pdf
202404030812,2024,新潟,3,8,12,2024-09-01,https://www.jra.go.jp/datafile/seiseki/report/2024/2024-3niigata8.pdf,official_daily_result_pdf
202404040101,2024,新潟,4,1,1,2024-10-05,https://www.jra.go.jp/datafile/seiseki/report/2024/2024-4niigata1.pdf,official_daily_result_pdf
202404040102,2024,新潟,4,1,2,2024-10-05,https://www.jra.go.jp/datafile/seiseki/report/2024/2024-4niigata1.pdf,official_daily_result_pdf
202404040103,2024,新潟,4,1,3,2024-10-05,https://www.jra.go.jp/datafile/seiseki/report/2024/2024-4niigata1.pdf,official_daily_result_pdf
202404040104,2024,新潟,4,1,4,2024-10-05,https://www.jra.go.jp/datafile/seiseki/report/2024/2024-4niigata1.pdf,official_daily_result_pdf
202404040105,2024,新潟,4,1,5,2024-10-05,https://www.jra.go.jp/datafile/seiseki/report/2024/2024-4niigata1.pdf,official_daily_result_pdf
202404040106,2024,新潟,4,1,6,2024-10-05,https://www.jra.go.jp/datafile/seiseki/report/2024/2024-4niigata1.pdf,official_daily_result_pdf
202404040107,2024,新潟,4,1,7,2024-10-05,https://www.jra.go.jp/datafile/seiseki/report/2024/2024-4niigata1.pdf,official_daily_result_pdf
202404040108,2024,新潟,4,1,8,2024-10-05,https://www.jra.go.jp/datafile/seiseki/report/2024/2024-4niigata1.pdf,official_daily_result_pdf
202404040109,2024,新潟,4,1,9,2024-10-05,https://www.jra.go.jp/datafile/seiseki/report/2024/2024-4niigata1.pdf,official_daily_result_pdf
202404040110,2024,新潟,4,1,10,2024-10-05,https://www.jra.go.jp/datafile/seiseki/report/2024/2024-4niigata1.pdf,official_daily_result_pdf
202404040111,2024,新潟,4,1,11,2024-10-05,https://www.jra.go.jp/datafile/seiseki/report/2024/2024-4niigata1.pdf,official_daily_result_pdf
202404040112,2024,新潟,4,1,12,2024-10-05,https://www.jra.go.jp/datafile/seiseki/report/2024/2024-4niigata1.pdf,official_daily_result_pdf
202404040201,2024,新潟,4,2,1,2024-10-06,https://www.jra.go.jp/datafile/seiseki/report/2024/2024-4niigata2.pdf,official_daily_result_pdf
202404040202,2024,新潟,4,2,2,2024-10-06,https://www.jra.go.jp/datafile/seiseki/report/2024/2024-4niigata2.pdf,official_daily_result_pdf
202404040203,2024,新潟,4,2,3,2024-10-06,https://www.jra.go.jp/datafile/seiseki/report/2024/2024-4niigata2.pdf,official_daily_result_pdf
202404040204,2024,新潟,4,2,4,2024-10-06,https://www.jra.go.jp/datafile/seiseki/report/2024/2024-4niigata2.pdf,official_daily_result_pdf
202404040205,2024,新潟,4,2,5,2024-10-06,https://www.jra.go.jp/datafile/seiseki/report/2024/2024-4niigata2.pdf,official_daily_result_pdf
202404040206,2024,新潟,4,2,6,2024-10-06,https://www.jra.go.jp/datafile/seiseki/report/2024/2024-4niigata2.pdf,official_daily_result_pdf
202404040207,2024,新潟,4,2,7,2024-10-06,https://www.jra.go.jp/datafile/seiseki/report/2024/2024-4niigata2.pdf,official_daily_result_pdf
202404040208,2024,新潟,4,2,8,2024-10-06,https://www.jra.go.jp/datafile/seiseki/report/2024/2024-4niigata2.pdf,official_daily_result_pdf
202404040209,2024,新潟,4,2,9,2024-10-06,https://www.jra.go.jp/datafile/seiseki/report/2024/2024-4niigata2.pdf,official_daily_result_pdf
202404040210,2024,新潟,4,2,10,2024-10-06,https://www.jra.go.jp/datafile/seiseki/report/2024/2024-4niigata2.pdf,official_daily_result_pdf
202404040211,2024,新潟,4,2,11,2024-10-06,https://www.jra.go.jp/datafile/seiseki/report/2024/2024-4niigata2.pdf,official_daily_result_pdf
202404040212,2024,新潟,4,2,12,2024-10-06,https://www.jra.go.jp/datafile/seiseki/report/2024/2024-4niigata2.pdf,official_daily_result_pdf
202404040301,2024,新潟,4,3,1,2024-10-12,https://www.jra.go.jp/datafile/seiseki/report/2024/2024-4niigata3.pdf,official_daily_result_pdf
202404040302,2024,新潟,4,3,2,2024-10-12,https://www.jra.go.jp/datafile/seiseki/report/2024/2024-4niigata3.pdf,official_daily_result_pdf
202404040303,2024,新潟,4,3,3,2024-10-12,https://www.jra.go.jp/datafile/seiseki/report/2024/2024-4niigata3.pdf,official_daily_result_pdf
202404040304,2024,新潟,4,3,4,2024-10-12,https://www.jra.go.jp/datafile/seiseki/report/2024/2024-4niigata3.pdf,official_daily_result_pdf
202404040305,2024,新潟,4,3,5,2024-10-12,https://www.jra.go.jp/datafile/seiseki/report/2024/2024-4niigata3.pdf,official_daily_result_pdf
202404040306,2024,新潟,4,3,6,2024-10-12,https://www.jra.go.jp/datafile/seiseki/report/2024/2024-4niigata3.pdf,official_daily_result_pdf
202404040307,2024,新潟,4,3,7,2024-10-12,https://www.jra.go.jp/datafile/seiseki/report/2024/2024-4niigata3.pdf,official_daily_result_pdf
202404040308,2024,新潟,4,3,8,2024-10-12,https://www.jra.go.jp/datafile/seiseki/report/2024/2024-4niigata3.pdf,official_daily_result_pdf
202404040309,2024,新潟,4,3,9,2024-10-12,https://www.jra.go.jp/datafile/seiseki/report/2024/2024-4niigata3.pdf,official_daily_result_pdf
202404040310,2024,新潟,4,3,10,2024-10-12,https://www.jra.go.jp/datafile/seiseki/report/2024/2024-4niigata3.pdf,official_daily_result_pdf
202404040311,2024,新潟,4,3,11,2024-10-12,https://www.jra.go.jp/datafile/seiseki/report/2024/2024-4niigata3.pdf,official_daily_result_pdf
202404040312,2024,新潟,4,3,12,2024-10-12,https://www.jra.go.jp/datafile/seiseki/report/2024/2024-4niigata3.pdf,official_daily_result_pdf
202404040401,2024,新潟,4,4,1,2024-10-14,https://www.jra.go.jp/datafile/seiseki/report/2024/2024-4niigata4.pdf,official_daily_result_pdf
202404040402,2024,新潟,4,4,2,2024-10-14,https://www.jra.go.jp/datafile/seiseki/report/2024/2024-4niigata4.pdf,official_daily_result_pdf
202404040403,2024,新潟,4,4,3,2024-10-14,https://www.jra.go.jp/datafile/seiseki/report/2024/2024-4niigata4.pdf,official_daily_result_pdf
202404040404,2024,新潟,4,4,4,2024-10-14,https://www.jra.go.jp/datafile/seiseki/report/2024/2024-4niigata4.pdf,official_daily_result_pdf
202404040405,2024,新潟,4,4,5,2024-10-14,https://www.jra.go.jp/datafile/seiseki/report/2024/2024-4niigata4.pdf,official_daily_result_pdf
202404040406,2024,新潟,4,4,6,2024-10-14,https://www.jra.go.jp/datafile/seiseki/report/2024/2024-4niigata4.pdf,official_daily_result_pdf
202404040407,2024,新潟,4,4,7,2024-10-14,https://www.jra.go.jp/datafile/seiseki/report/2024/2024-4niigata4.pdf,official_daily_result_pdf
202404040408,2024,新潟,4,4,8,2024-10-14,https://www.jra.go.jp/datafile/seiseki/report/2024/2024-4niigata4.pdf,official_daily_result_pdf
202404040409,2024,新潟,4,4,9,2024-10-14,https://www.jra.go.jp/datafile/seiseki/report/2024/2024-4niigata4.pdf,official_daily_result_pdf
202404040410,2024,新潟,4,4,10,2024-10-14,https://www.jra.go.jp/datafile/seiseki/report/2024/2024-4niigata4.pdf,official_daily_result_pdf
202404040411,2024,新潟,4,4,11,2024-10-14,https://www.jra.go.jp/datafile/seiseki/report/2024/2024-4niigata4.pdf,official_daily_result_pdf
202404040412,2024,新潟,4,4,12,2024-10-14,https://www.jra.go.jp/datafile/seiseki/report/2024/2024-4niigata4.pdf,official_daily_result_pdf
202404040501,2024,新潟,4,5,1,2024-10-19,https://www.jra.go.jp/datafile/seiseki/report/2024/2024-4niigata5.pdf,official_daily_result_pdf
202404040502,2024,新潟,4,5,2,2024-10-19,https://www.jra.go.jp/datafile/seiseki/report/2024/2024-4niigata5.pdf,official_daily_result_pdf
202404040503,2024,新潟,4,5,3,2024-10-19,https://www.jra.go.jp/datafile/seiseki/report/2024/2024-4niigata5.pdf,official_daily_result_pdf
202404040504,2024,新潟,4,5,4,2024-10-19,https://www.jra.go.jp/datafile/seiseki/report/2024/2024-4niigata5.pdf,official_daily_result_pdf
202404040505,2024,新潟,4,5,5,2024-10-19,https://www.jra.go.jp/datafile/seiseki/report/2024/2024-4niigata5.pdf,official_daily_result_pdf
202404040506,2024,新潟,4,5,6,2024-10-19,https://www.jra.go.jp/datafile/seiseki/report/2024/2024-4niigata5.pdf,official_daily_result_pdf
202404040507,2024,新潟,4,5,7,2024-10-19,https://www.jra.go.jp/datafile/seiseki/report/2024/2024-4niigata5.pdf,official_daily_result_pdf
202404040508,2024,新潟,4,5,8,2024-10-19,https://www.jra.go.jp/datafile/seiseki/report/2024/2024-4niigata5.pdf,official_daily_result_pdf
202404040509,2024,新潟,4,5,9,2024-10-19,https://www.jra.go.jp/datafile/seiseki/report/2024/2024-4niigata5.pdf,official_daily_result_pdf
202404040510,2024,新潟,4,5,10,2024-10-19,https://www.jra.go.jp/datafile/seiseki/report/2024/2024-4niigata5.pdf,official_daily_result_pdf
202404040511,2024,新潟,4,5,11,2024-10-19,https://www.jra.go.jp/datafile/seiseki/report/2024/2024-4niigata5.pdf,official_daily_result_pdf
202404040512,2024,新潟,4,5,12,2024-10-19,https://www.jra.go.jp/datafile/seiseki/report/2024/2024-4niigata5.pdf,official_daily_result_pdf
202404040601,2024,新潟,4,6,1,2024-10-20,https://www.jra.go.jp/datafile/seiseki/report/2024/2024-4niigata6.pdf,official_daily_result_pdf
202404040602,2024,新潟,4,6,2,2024-10-20,https://www.jra.go.jp/datafile/seiseki/report/2024/2024-4niigata6.pdf,official_daily_result_pdf
202404040603,2024,新潟,4,6,3,2024-10-20,https://www.jra.go.jp/datafile/seiseki/report/2024/2024-4niigata6.pdf,official_daily_result_pdf
202404040604,2024,新潟,4,6,4,2024-10-20,https://www.jra.go.jp/datafile/seiseki/report/2024/2024-4niigata6.pdf,official_daily_result_pdf
202404040605,2024,新潟,4,6,5,2024-10-20,https://www.jra.go.jp/datafile/seiseki/report/2024/2024-4niigata6.pdf,official_daily_result_pdf
202404040606,2024,新潟,4,6,6,2024-10-20,https://www.jra.go.jp/datafile/seiseki/report/2024/2024-4niigata6.pdf,official_daily_result_pdf
202404040607,2024,新潟,4,6,7,2024-10-20,https://www.jra.go.jp/datafile/seiseki/report/2024/2024-4niigata6.pdf,official_daily_result_pdf
202404040608,2024,新潟,4,6,8,2024-10-20,https://www.jra.go.jp/datafile/seiseki/report/2024/2024-4niigata6.pdf,official_daily_result_pdf
202404040609,2024,新潟,4,6,9,2024-10-20,https://www.jra.go.jp/datafile/seiseki/report/2024/2024-4niigata6.pdf,official_daily_result_pdf
202404040610,2024,新潟,4,6,10,2024-10-20,https://www.jra.go.jp/datafile/seiseki/report/2024/2024-4niigata6.pdf,official_daily_result_pdf
202404040611,2024,新潟,4,6,11,2024-10-20,https://www.jra.go.jp/datafile/seiseki/report/2024/2024-4niigata6.pdf,official_daily_result_pdf
202404040612,2024,新潟,4,6,12,2024-10-20,https://www.jra.go.jp/datafile/seiseki/report/2024/2024-4niigata6.pdf,official_daily_result_pdf
202404040701,2024,新潟,4,7,1,2024-10-26,https://www.jra.go.jp/datafile/seiseki/report/2024/2024-4niigata7.pdf,official_daily_result_pdf
202404040702,2024,新潟,4,7,2,2024-10-26,https://www.jra.go.jp/datafile/seiseki/report/2024/2024-4niigata7.pdf,official_daily_result_pdf
202404040703,2024,新潟,4,7,3,2024-10-26,https://www.jra.go.jp/datafile/seiseki/report/2024/2024-4niigata7.pdf,official_daily_result_pdf
202404040704,2024,新潟,4,7,4,2024-10-26,https://www.jra.go.jp/datafile/seiseki/report/2024/2024-4niigata7.pdf,official_daily_result_pdf
202404040705,2024,新潟,4,7,5,2024-10-26,https://www.jra.go.jp/datafile/seiseki/report/2024/2024-4niigata7.pdf,official_daily_result_pdf
202404040706,2024,新潟,4,7,6,2024-10-26,https://www.jra.go.jp/datafile/seiseki/report/2024/2024-4niigata7.pdf,official_daily_result_pdf
202404040707,2024,新潟,4,7,7,2024-10-26,https://www.jra.go.jp/datafile/seiseki/report/2024/2024-4niigata7.pdf,official_daily_result_pdf
202404040708,2024,新潟,4,7,8,2024-10-26,https://www.jra.go.jp/datafile/seiseki/report/2024/2024-4niigata7.pdf,official_daily_result_pdf
202404040709,2024,新潟,4,7,9,2024-10-26,https://www.jra.go.jp/datafile/seiseki/report/2024/2024-4niigata7.pdf,official_daily_result_pdf
202404040710,2024,新潟,4,7,10,2024-10-26,https://www.jra.go.jp/datafile/seiseki/report/2024/2024-4niigata7.pdf,official_daily_result_pdf
202404040711,2024,新潟,4,7,11,2024-10-26,https://www.jra.go.jp/datafile/seiseki/report/2024/2024-4niigata7.pdf,official_daily_result_pdf
202404040712,2024,新潟,4,7,12,2024-10-26,https://www.jra.go.jp/datafile/seiseki/report/2024/2024-4niigata7.pdf,official_daily_result_pdf
202404040801,2024,新潟,4,8,1,2024-10-27,https://www.jra.go.jp/datafile/seiseki/report/2024/2024-4niigata8.pdf,official_daily_result_pdf
202404040802,2024,新潟,4,8,2,2024-10-27,https://www.jra.go.jp/datafile/seiseki/report/2024/2024-4niigata8.pdf,official_daily_result_pdf
202404040803,2024,新潟,4,8,3,2024-10-27,https://www.jra.go.jp/datafile/seiseki/report/2024/2024-4niigata8.pdf,official_daily_result_pdf
202404040804,2024,新潟,4,8,4,2024-10-27,https://www.jra.go.jp/datafile/seiseki/report/2024/2024-4niigata8.pdf,official_daily_result_pdf
202404040805,2024,新潟,4,8,5,2024-10-27,https://www.jra.go.jp/datafile/seiseki/report/2024/2024-4niigata8.pdf,official_daily_result_pdf
202404040806,2024,新潟,4,8,6,2024-10-27,https://www.jra.go.jp/datafile/seiseki/report/2024/2024-4niigata8.pdf,official_daily_result_pdf
202404040807,2024,新潟,4,8,7,2024-10-27,https://www.jra.go.jp/datafile/seiseki/report/2024/2024-4niigata8.pdf,official_daily_result_pdf
202404040808,2024,新潟,4,8,8,2024-10-27,https://www.jra.go.jp/datafile/seiseki/report/2024/2024-4niigata8.pdf,official_daily_result_pdf
202404040809,2024,新潟,4,8,9,2024-10-27,https://www.jra.go.jp/datafile/seiseki/report/2024/2024-4niigata8.pdf,official_daily_result_pdf
202404040810,2024,新潟,4,8,10,2024-10-27,https://www.jra.go.jp/datafile/seiseki/report/2024/2024-4niigata8.pdf,official_daily_result_pdf
202404040811,2024,新潟,4,8,11,2024-10-27,https://www.jra.go.jp/datafile/seiseki/report/2024/2024-4niigata8.pdf,official_daily_result_pdf
202404040812,2024,新潟,4,8,12,2024-10-27,https://www.jra.go.jp/datafile/seiseki/report/2024/2024-4niigata8.pdf,official_daily_result_pdf
202405010101,2024,東京,1,1,1,2024-01-27,https://www.jra.go.jp/datafile/seiseki/report/2024/2024-1tokyo1.pdf,official_daily_result_pdf
202405010102,2024,東京,1,1,2,2024-01-27,https://www.jra.go.jp/datafile/seiseki/report/2024/2024-1tokyo1.pdf,official_daily_result_pdf
202405010103,2024,東京,1,1,3,2024-01-27,https://www.jra.go.jp/datafile/seiseki/report/2024/2024-1tokyo1.pdf,official_daily_result_pdf
202405010104,2024,東京,1,1,4,2024-01-27,https://www.jra.go.jp/datafile/seiseki/report/2024/2024-1tokyo1.pdf,official_daily_result_pdf
202405010105,2024,東京,1,1,5,2024-01-27,https://www.jra.go.jp/datafile/seiseki/report/2024/2024-1tokyo1.pdf,official_daily_result_pdf
202405010106,2024,東京,1,1,6,2024-01-27,https://www.jra.go.jp/datafile/seiseki/report/2024/2024-1tokyo1.pdf,official_daily_result_pdf
202405010107,2024,東京,1,1,7,2024-01-27,https://www.jra.go.jp/datafile/seiseki/report/2024/2024-1tokyo1.pdf,official_daily_result_pdf
202405010108,2024,東京,1,1,8,2024-01-27,https://www.jra.go.jp/datafile/seiseki/report/2024/2024-1tokyo1.pdf,official_daily_result_pdf
202405010109,2024,東京,1,1,9,2024-01-27,https://www.jra.go.jp/datafile/seiseki/report/2024/2024-1tokyo1.pdf,official_daily_result_pdf
202405010110,2024,東京,1,1,10,2024-01-27,https://www.jra.go.jp/datafile/seiseki/report/2024/2024-1tokyo1.pdf,official_daily_result_pdf
202405010111,2024,東京,1,1,11,2024-01-27,https://www.jra.go.jp/datafile/seiseki/report/2024/2024-1tokyo1.pdf,official_daily_result_pdf
202405010112,2024,東京,1,1,12,2024-01-27,https://www.jra.go.jp/datafile/seiseki/report/2024/2024-1tokyo1.pdf,official_daily_result_pdf
202405010201,2024,東京,1,2,1,2024-01-28,https://www.jra.go.jp/datafile/seiseki/report/2024/2024-1tokyo2.pdf,official_daily_result_pdf
202405010202,2024,東京,1,2,2,2024-01-28,https://www.jra.go.jp/datafile/seiseki/report/2024/2024-1tokyo2.pdf,official_daily_result_pdf
202405010203,2024,東京,1,2,3,2024-01-28,https://www.jra.go.jp/datafile/seiseki/report/2024/2024-1tokyo2.pdf,official_daily_result_pdf
202405010204,2024,東京,1,2,4,2024-01-28,https://www.jra.go.jp/datafile/seiseki/report/2024/2024-1tokyo2.pdf,official_daily_result_pdf
202405010205,2024,東京,1,2,5,2024-01-28,https://www.jra.go.jp/datafile/seiseki/report/2024/2024-1tokyo2.pdf,official_daily_result_pdf
202405010206,2024,東京,1,2,6,2024-01-28,https://www.jra.go.jp/datafile/seiseki/report/2024/2024-1tokyo2.pdf,official_daily_result_pdf
202405010207,2024,東京,1,2,7,2024-01-28,https://www.jra.go.jp/datafile/seiseki/report/2024/2024-1tokyo2.pdf,official_daily_result_pdf
202405010208,2024,東京,1,2,8,2024-01-28,https://www.jra.go.jp/datafile/seiseki/report/2024/2024-1tokyo2.pdf,official_daily_result_pdf
202405010209,2024,東京,1,2,9,2024-01-28,https://www.jra.go.jp/datafile/seiseki/report/2024/2024-1tokyo2.pdf,official_daily_result_pdf
202405010210,2024,東京,1,2,10,2024-01-28,https://www.jra.go.jp/datafile/seiseki/report/2024/2024-1tokyo2.pdf,official_daily_result_pdf
202405010211,2024,東京,1,2,11,2024-01-28,https://www.jra.go.jp/datafile/seiseki/report/2024/2024-1tokyo2.pdf,official_daily_result_pdf
202405010212,2024,東京,1,2,12,2024-01-28,https://www.jra.go.jp/datafile/seiseki/report/2024/2024-1tokyo2.pdf,official_daily_result_pdf
202405010301,2024,東京,1,3,1,2024-02-03,https://www.jra.go.jp/datafile/seiseki/report/2024/2024-1tokyo3.pdf,official_daily_result_pdf
202405010302,2024,東京,1,3,2,2024-02-03,https://www.jra.go.jp/datafile/seiseki/report/2024/2024-1tokyo3.pdf,official_daily_result_pdf
202405010303,2024,東京,1,3,3,2024-02-03,https://www.jra.go.jp/datafile/seiseki/report/2024/2024-1tokyo3.pdf,official_daily_result_pdf
202405010304,2024,東京,1,3,4,2024-02-03,https://www.jra.go.jp/datafile/seiseki/report/2024/2024-1tokyo3.pdf,official_daily_result_pdf
202405010305,2024,東京,1,3,5,2024-02-03,https://www.jra.go.jp/datafile/seiseki/report/2024/2024-1tokyo3.pdf,official_daily_result_pdf
202405010306,2024,東京,1,3,6,2024-02-03,https://www.jra.go.jp/datafile/seiseki/report/2024/2024-1tokyo3.pdf,official_daily_result_pdf
202405010307,2024,東京,1,3,7,2024-02-03,https://www.jra.go.jp/datafile/seiseki/report/2024/2024-1tokyo3.pdf,official_daily_result_pdf
202405010308,2024,東京,1,3,8,2024-02-03,https://www.jra.go.jp/datafile/seiseki/report/2024/2024-1tokyo3.pdf,official_daily_result_pdf
202405010309,2024,東京,1,3,9,2024-02-03,https://www.jra.go.jp/datafile/seiseki/report/2024/2024-1tokyo3.pdf,official_daily_result_pdf
202405010310,2024,東京,1,3,10,2024-02-03,https://www.jra.go.jp/datafile/seiseki/report/2024/2024-1tokyo3.pdf,official_daily_result_pdf
202405010311,2024,東京,1,3,11,2024-02-03,https://www.jra.go.jp/datafile/seiseki/report/2024/2024-1tokyo3.pdf,official_daily_result_pdf
202405010312,2024,東京,1,3,12,2024-02-03,https://www.jra.go.jp/datafile/seiseki/report/2024/2024-1tokyo3.pdf,official_daily_result_pdf
202405010401,2024,東京,1,4,1,2024-02-04,https://www.jra.go.jp/datafile/seiseki/report/2024/2024-1tokyo4.pdf,official_daily_result_pdf
202405010402,2024,東京,1,4,2,2024-02-04,https://www.jra.go.jp/datafile/seiseki/report/2024/2024-1tokyo4.pdf,official_daily_result_pdf
202405010403,2024,東京,1,4,3,2024-02-04,https://www.jra.go.jp/datafile/seiseki/report/2024/2024-1tokyo4.pdf,official_daily_result_pdf
202405010404,2024,東京,1,4,4,2024-02-04,https://www.jra.go.jp/datafile/seiseki/report/2024/2024-1tokyo4.pdf,official_daily_result_pdf
202405010405,2024,東京,1,4,5,2024-02-04,https://www.jra.go.jp/datafile/seiseki/report/2024/2024-1tokyo4.pdf,official_daily_result_pdf
202405010406,2024,東京,1,4,6,2024-02-04,https://www.jra.go.jp/datafile/seiseki/report/2024/2024-1tokyo4.pdf,official_daily_result_pdf
202405010407,2024,東京,1,4,7,2024-02-04,https://www.jra.go.jp/datafile/seiseki/report/2024/2024-1tokyo4.pdf,official_daily_result_pdf
202405010408,2024,東京,1,4,8,2024-02-04,https://www.jra.go.jp/datafile/seiseki/report/2024/2024-1tokyo4.pdf,official_daily_result_pdf
202405010409,2024,東京,1,4,9,2024-02-04,https://www.jra.go.jp/datafile/seiseki/report/2024/2024-1tokyo4.pdf,official_daily_result_pdf
202405010410,2024,東京,1,4,10,2024-02-04,https://www.jra.go.jp/datafile/seiseki/report/2024/2024-1tokyo4.pdf,official_daily_result_pdf
202405010411,2024,東京,1,4,11,2024-02-04,https://www.jra.go.jp/datafile/seiseki/report/2024/2024-1tokyo4.pdf,official_daily_result_pdf
202405010412,2024,東京,1,4,12,2024-02-04,https://www.jra.go.jp/datafile/seiseki/report/2024/2024-1tokyo4.pdf,official_daily_result_pdf
202405010501,2024,東京,1,5,1,2024-02-10,https://www.jra.go.jp/datafile/seiseki/report/2024/2024-1tokyo5.pdf,official_daily_result_pdf
202405010502,2024,東京,1,5,2,2024-02-10,https://www.jra.go.jp/datafile/seiseki/report/2024/2024-1tokyo5.pdf,official_daily_result_pdf
202405010503,2024,東京,1,5,3,2024-02-10,https://www.jra.go.jp/datafile/seiseki/report/2024/2024-1tokyo5.pdf,official_daily_result_pdf
202405010504,2024,東京,1,5,4,2024-02-10,https://www.jra.go.jp/datafile/seiseki/report/2024/2024-1tokyo5.pdf,official_daily_result_pdf
202405010505,2024,東京,1,5,5,2024-02-10,https://www.jra.go.jp/datafile/seiseki/report/2024/2024-1tokyo5.pdf,official_daily_result_pdf
202405010506,2024,東京,1,5,6,2024-02-10,https://www.jra.go.jp/datafile/seiseki/report/2024/2024-1tokyo5.pdf,official_daily_result_pdf
202405010507,2024,東京,1,5,7,2024-02-10,https://www.jra.go.jp/datafile/seiseki/report/2024/2024-1tokyo5.pdf,official_daily_result_pdf
202405010508,2024,東京,1,5,8,2024-02-10,https://www.jra.go.jp/datafile/seiseki/report/2024/2024-1tokyo5.pdf,official_daily_result_pdf
202405010509,2024,東京,1,5,9,2024-02-10,https://www.jra.go.jp/datafile/seiseki/report/2024/2024-1tokyo5.pdf,official_daily_result_pdf
202405010510,2024,東京,1,5,10,2024-02-10,https://www.jra.go.jp/datafile/seiseki/report/2024/2024-1tokyo5.pdf,official_daily_result_pdf
202405010511,2024,東京,1,5,11,2024-02-10,https://www.jra.go.jp/datafile/seiseki/report/2024/2024-1tokyo5.pdf,official_daily_result_pdf
202405010512,2024,東京,1,5,12,2024-02-10,https://www.jra.go.jp/datafile/seiseki/report/2024/2024-1tokyo5.pdf,official_daily_result_pdf
202405010601,2024,東京,1,6,1,2024-02-11,https://www.jra.go.jp/datafile/seiseki/report/2024/2024-1tokyo6.pdf,official_daily_result_pdf
202405010602,2024,東京,1,6,2,2024-02-11,https://www.jra.go.jp/datafile/seiseki/report/2024/2024-1tokyo6.pdf,official_daily_result_pdf
202405010603,2024,東京,1,6,3,2024-02-11,https://www.jra.go.jp/datafile/seiseki/report/2024/2024-1tokyo6.pdf,official_daily_result_pdf
202405010604,2024,東京,1,6,4,2024-02-11,https://www.jra.go.jp/datafile/seiseki/report/2024/2024-1tokyo6.pdf,official_daily_result_pdf
202405010605,2024,東京,1,6,5,2024-02-11,https://www.jra.go.jp/datafile/seiseki/report/2024/2024-1tokyo6.pdf,official_daily_result_pdf
202405010606,2024,東京,1,6,6,2024-02-11,https://www.jra.go.jp/datafile/seiseki/report/2024/2024-1tokyo6.pdf,official_daily_result_pdf
202405010607,2024,東京,1,6,7,2024-02-11,https://www.jra.go.jp/datafile/seiseki/report/2024/2024-1tokyo6.pdf,official_daily_result_pdf
202405010608,2024,東京,1,6,8,2024-02-11,https://www.jra.go.jp/datafile/seiseki/report/2024/2024-1tokyo6.pdf,official_daily_result_pdf
202405010609,2024,東京,1,6,9,2024-02-11,https://www.jra.go.jp/datafile/seiseki/report/2024/2024-1tokyo6.pdf,official_daily_result_pdf
202405010610,2024,東京,1,6,10,2024-02-11,https://www.jra.go.jp/datafile/seiseki/report/2024/2024-1tokyo6.pdf,official_daily_result_pdf
202405010611,2024,東京,1,6,11,2024-02-11,https://www.jra.go.jp/datafile/seiseki/report/2024/2024-1tokyo6.pdf,official_daily_result_pdf
202405010612,2024,東京,1,6,12,2024-02-11,https://www.jra.go.jp/datafile/seiseki/report/2024/2024-1tokyo6.pdf,official_daily_result_pdf
202405010701,2024,東京,1,7,1,2024-02-17,https://www.jra.go.jp/datafile/seiseki/report/2024/2024-1tokyo7.pdf,official_daily_result_pdf
202405010702,2024,東京,1,7,2,2024-02-17,https://www.jra.go.jp/datafile/seiseki/report/2024/2024-1tokyo7.pdf,official_daily_result_pdf
202405010703,2024,東京,1,7,3,2024-02-17,https://www.jra.go.jp/datafile/seiseki/report/2024/2024-1tokyo7.pdf,official_daily_result_pdf
202405010704,2024,東京,1,7,4,2024-02-17,https://www.jra.go.jp/datafile/seiseki/report/2024/2024-1tokyo7.pdf,official_daily_result_pdf
202405010705,2024,東京,1,7,5,2024-02-17,https://www.jra.go.jp/datafile/seiseki/report/2024/2024-1tokyo7.pdf,official_daily_result_pdf
202405010706,2024,東京,1,7,6,2024-02-17,https://www.jra.go.jp/datafile/seiseki/report/2024/2024-1tokyo7.pdf,official_daily_result_pdf
202405010707,2024,東京,1,7,7,2024-02-17,https://www.jra.go.jp/datafile/seiseki/report/2024/2024-1tokyo7.pdf,official_daily_result_pdf
202405010708,2024,東京,1,7,8,2024-02-17,https://www.jra.go.jp/datafile/seiseki/report/2024/2024-1tokyo7.pdf,official_daily_result_pdf
202405010709,2024,東京,1,7,9,2024-02-17,https://www.jra.go.jp/datafile/seiseki/report/2024/2024-1tokyo7.pdf,official_daily_result_pdf
202405010710,2024,東京,1,7,10,2024-02-17,https://www.jra.go.jp/datafile/seiseki/report/2024/2024-1tokyo7.pdf,official_daily_result_pdf
202405010711,2024,東京,1,7,11,2024-02-17,https://www.jra.go.jp/datafile/seiseki/report/2024/2024-1tokyo7.pdf,official_daily_result_pdf
202405010712,2024,東京,1,7,12,2024-02-17,https://www.jra.go.jp/datafile/seiseki/report/2024/2024-1tokyo7.pdf,official_daily_result_pdf
202405010801,2024,東京,1,8,1,2024-02-18,https://www.jra.go.jp/datafile/seiseki/report/2024/2024-1tokyo8.pdf,official_daily_result_pdf
202405010802,2024,東京,1,8,2,2024-02-18,https://www.jra.go.jp/datafile/seiseki/report/2024/2024-1tokyo8.pdf,official_daily_result_pdf
202405010803,2024,東京,1,8,3,2024-02-18,https://www.jra.go.jp/datafile/seiseki/report/2024/2024-1tokyo8.pdf,official_daily_result_pdf
202405010804,2024,東京,1,8,4,2024-02-18,https://www.jra.go.jp/datafile/seiseki/report/2024/2024-1tokyo8.pdf,official_daily_result_pdf
202405010805,2024,東京,1,8,5,2024-02-18,https://www.jra.go.jp/datafile/seiseki/report/2024/2024-1tokyo8.pdf,official_daily_result_pdf
202405010806,2024,東京,1,8,6,2024-02-18,https://www.jra.go.jp/datafile/seiseki/report/2024/2024-1tokyo8.pdf,official_daily_result_pdf
202405010807,2024,東京,1,8,7,2024-02-18,https://www.jra.go.jp/datafile/seiseki/report/2024/2024-1tokyo8.pdf,official_daily_result_pdf
202405010808,2024,東京,1,8,8,2024-02-18,https://www.jra.go.jp/datafile/seiseki/report/2024/2024-1tokyo8.pdf,official_daily_result_pdf
202405010809,2024,東京,1,8,9,2024-02-18,https://www.jra.go.jp/datafile/seiseki/report/2024/2024-1tokyo8.pdf,official_daily_result_pdf
202405010810,2024,東京,1,8,10,2024-02-18,https://www.jra.go.jp/datafile/seiseki/report/2024/2024-1tokyo8.pdf,official_daily_result_pdf
202405010811,2024,東京,1,8,11,2024-02-18,https://www.jra.go.jp/datafile/seiseki/report/2024/2024-1tokyo8.pdf,official_daily_result_pdf
202405010812,2024,東京,1,8,12,2024-02-18,https://www.jra.go.jp/datafile/seiseki/report/2024/2024-1tokyo8.pdf,official_daily_result_pdf
202405020101,2024,東京,2,1,1,2024-04-20,https://www.jra.go.jp/datafile/seiseki/report/2024/2024-2tokyo1.pdf,official_daily_result_pdf
202405020102,2024,東京,2,1,2,2024-04-20,https://www.jra.go.jp/datafile/seiseki/report/2024/2024-2tokyo1.pdf,official_daily_result_pdf
202405020103,2024,東京,2,1,3,2024-04-20,https://www.jra.go.jp/datafile/seiseki/report/2024/2024-2tokyo1.pdf,official_daily_result_pdf
202405020104,2024,東京,2,1,4,2024-04-20,https://www.jra.go.jp/datafile/seiseki/report/2024/2024-2tokyo1.pdf,official_daily_result_pdf
202405020105,2024,東京,2,1,5,2024-04-20,https://www.jra.go.jp/datafile/seiseki/report/2024/2024-2tokyo1.pdf,official_daily_result_pdf
202405020106,2024,東京,2,1,6,2024-04-20,https://www.jra.go.jp/datafile/seiseki/report/2024/2024-2tokyo1.pdf,official_daily_result_pdf
202405020107,2024,東京,2,1,7,2024-04-20,https://www.jra.go.jp/datafile/seiseki/report/2024/2024-2tokyo1.pdf,official_daily_result_pdf
202405020108,2024,東京,2,1,8,2024-04-20,https://www.jra.go.jp/datafile/seiseki/report/2024/2024-2tokyo1.pdf,official_daily_result_pdf
202405020109,2024,東京,2,1,9,2024-04-20,https://www.jra.go.jp/datafile/seiseki/report/2024/2024-2tokyo1.pdf,official_daily_result_pdf
202405020110,2024,東京,2,1,10,2024-04-20,https://www.jra.go.jp/datafile/seiseki/report/2024/2024-2tokyo1.pdf,official_daily_result_pdf
202405020111,2024,東京,2,1,11,2024-04-20,https://www.jra.go.jp/datafile/seiseki/report/2024/2024-2tokyo1.pdf,official_daily_result_pdf
202405020112,2024,東京,2,1,12,2024-04-20,https://www.jra.go.jp/datafile/seiseki/report/2024/2024-2tokyo1.pdf,official_daily_result_pdf
202405020201,2024,東京,2,2,1,2024-04-21,https://www.jra.go.jp/datafile/seiseki/report/2024/2024-2tokyo2.pdf,official_daily_result_pdf
202405020202,2024,東京,2,2,2,2024-04-21,https://www.jra.go.jp/datafile/seiseki/report/2024/2024-2tokyo2.pdf,official_daily_result_pdf
202405020203,2024,東京,2,2,3,2024-04-21,https://www.jra.go.jp/datafile/seiseki/report/2024/2024-2tokyo2.pdf,official_daily_result_pdf
202405020204,2024,東京,2,2,4,2024-04-21,https://www.jra.go.jp/datafile/seiseki/report/2024/2024-2tokyo2.pdf,official_daily_result_pdf
202405020205,2024,東京,2,2,5,2024-04-21,https://www.jra.go.jp/datafile/seiseki/report/2024/2024-2tokyo2.pdf,official_daily_result_pdf
202405020206,2024,東京,2,2,6,2024-04-21,https://www.jra.go.jp/datafile/seiseki/report/2024/2024-2tokyo2.pdf,official_daily_result_pdf
202405020207,2024,東京,2,2,7,2024-04-21,https://www.jra.go.jp/datafile/seiseki/report/2024/2024-2tokyo2.pdf,official_daily_result_pdf
202405020208,2024,東京,2,2,8,2024-04-21,https://www.jra.go.jp/datafile/seiseki/report/2024/2024-2tokyo2.pdf,official_daily_result_pdf
202405020209,2024,東京,2,2,9,2024-04-21,https://www.jra.go.jp/datafile/seiseki/report/2024/2024-2tokyo2.pdf,official_daily_result_pdf
202405020210,2024,東京,2,2,10,2024-04-21,https://www.jra.go.jp/datafile/seiseki/report/2024/2024-2tokyo2.pdf,official_daily_result_pdf
202405020211,2024,東京,2,2,11,2024-04-21,https://www.jra.go.jp/datafile/seiseki/report/2024/2024-2tokyo2.pdf,official_daily_result_pdf
202405020212,2024,東京,2,2,12,2024-04-21,https://www.jra.go.jp/datafile/seiseki/report/2024/2024-2tokyo2.pdf,official_daily_result_pdf
202405020301,2024,東京,2,3,1,2024-04-27,https://www.jra.go.jp/datafile/seiseki/report/2024/2024-2tokyo3.pdf,official_daily_result_pdf
202405020302,2024,東京,2,3,2,2024-04-27,https://www.jra.go.jp/datafile/seiseki/report/2024/2024-2tokyo3.pdf,official_daily_result_pdf
202405020303,2024,東京,2,3,3,2024-04-27,https://www.jra.go.jp/datafile/seiseki/report/2024/2024-2tokyo3.pdf,official_daily_result_pdf
202405020304,2024,東京,2,3,4,2024-04-27,https://www.jra.go.jp/datafile/seiseki/report/2024/2024-2tokyo3.pdf,official_daily_result_pdf
202405020305,2024,東京,2,3,5,2024-04-27,https://www.jra.go.jp/datafile/seiseki/report/2024/2024-2tokyo3.pdf,official_daily_result_pdf
202405020306,2024,東京,2,3,6,2024-04-27,https://www.jra.go.jp/datafile/seiseki/report/2024/2024-2tokyo3.pdf,official_daily_result_pdf
202405020307,2024,東京,2,3,7,2024-04-27,https://www.jra.go.jp/datafile/seiseki/report/2024/2024-2tokyo3.pdf,official_daily_result_pdf
202405020308,2024,東京,2,3,8,2024-04-27,https://www.jra.go.jp/datafile/seiseki/report/2024/2024-2tokyo3.pdf,official_daily_result_pdf
202405020309,2024,東京,2,3,9,2024-04-27,https://www.jra.go.jp/datafile/seiseki/report/2024/2024-2tokyo3.pdf,official_daily_result_pdf
202405020310,2024,東京,2,3,10,2024-04-27,https://www.jra.go.jp/datafile/seiseki/report/2024/2024-2tokyo3.pdf,official_daily_result_pdf
202405020311,2024,東京,2,3,11,2024-04-27,https://www.jra.go.jp/datafile/seiseki/report/2024/2024-2tokyo3.pdf,official_daily_result_pdf
202405020312,2024,東京,2,3,12,2024-04-27,https://www.jra.go.jp/datafile/seiseki/report/2024/2024-2tokyo3.pdf,official_daily_result_pdf
202405020401,2024,東京,2,4,1,2024-04-28,https://www.jra.go.jp/datafile/seiseki/report/2024/2024-2tokyo4.pdf,official_daily_result_pdf
202405020402,2024,東京,2,4,2,2024-04-28,https://www.jra.go.jp/datafile/seiseki/report/2024/2024-2tokyo4.pdf,official_daily_result_pdf
202405020403,2024,東京,2,4,3,2024-04-28,https://www.jra.go.jp/datafile/seiseki/report/2024/2024-2tokyo4.pdf,official_daily_result_pdf
202405020404,2024,東京,2,4,4,2024-04-28,https://www.jra.go.jp/datafile/seiseki/report/2024/2024-2tokyo4.pdf,official_daily_result_pdf
202405020405,2024,東京,2,4,5,2024-04-28,https://www.jra.go.jp/datafile/seiseki/report/2024/2024-2tokyo4.pdf,official_daily_result_pdf
202405020406,2024,東京,2,4,6,2024-04-28,https://www.jra.go.jp/datafile/seiseki/report/2024/2024-2tokyo4.pdf,official_daily_result_pdf
202405020407,2024,東京,2,4,7,2024-04-28,https://www.jra.go.jp/datafile/seiseki/report/2024/2024-2tokyo4.pdf,official_daily_result_pdf
202405020408,2024,東京,2,4,8,2024-04-28,https://www.jra.go.jp/datafile/seiseki/report/2024/2024-2tokyo4.pdf,official_daily_result_pdf
202405020409,2024,東京,2,4,9,2024-04-28,https://www.jra.go.jp/datafile/seiseki/report/2024/2024-2tokyo4.pdf,official_daily_result_pdf
202405020410,2024,東京,2,4,10,2024-04-28,https://www.jra.go.jp/datafile/seiseki/report/2024/2024-2tokyo4.pdf,official_daily_result_pdf
202405020411,2024,東京,2,4,11,2024-04-28,https://www.jra.go.jp/datafile/seiseki/report/2024/2024-2tokyo4.pdf,official_daily_result_pdf
202405020412,2024,東京,2,4,12,2024-04-28,https://www.jra.go.jp/datafile/seiseki/report/2024/2024-2tokyo4.pdf,official_daily_result_pdf
202405020501,2024,東京,2,5,1,2024-05-04,https://www.jra.go.jp/datafile/seiseki/report/2024/2024-2tokyo5.pdf,official_daily_result_pdf
202405020502,2024,東京,2,5,2,2024-05-04,https://www.jra.go.jp/datafile/seiseki/report/2024/2024-2tokyo5.pdf,official_daily_result_pdf
202405020503,2024,東京,2,5,3,2024-05-04,https://www.jra.go.jp/datafile/seiseki/report/2024/2024-2tokyo5.pdf,official_daily_result_pdf
202405020504,2024,東京,2,5,4,2024-05-04,https://www.jra.go.jp/datafile/seiseki/report/2024/2024-2tokyo5.pdf,official_daily_result_pdf
202405020505,2024,東京,2,5,5,2024-05-04,https://www.jra.go.jp/datafile/seiseki/report/2024/2024-2tokyo5.pdf,official_daily_result_pdf
202405020506,2024,東京,2,5,6,2024-05-04,https://www.jra.go.jp/datafile/seiseki/report/2024/2024-2tokyo5.pdf,official_daily_result_pdf
202405020507,2024,東京,2,5,7,2024-05-04,https://www.jra.go.jp/datafile/seiseki/report/2024/2024-2tokyo5.pdf,official_daily_result_pdf
202405020508,2024,東京,2,5,8,2024-05-04,https://www.jra.go.jp/datafile/seiseki/report/2024/2024-2tokyo5.pdf,official_daily_result_pdf
202405020509,2024,東京,2,5,9,2024-05-04,https://www.jra.go.jp/datafile/seiseki/report/2024/2024-2tokyo5.pdf,official_daily_result_pdf
202405020510,2024,東京,2,5,10,2024-05-04,https://www.jra.go.jp/datafile/seiseki/report/2024/2024-2tokyo5.pdf,official_daily_result_pdf
202405020511,2024,東京,2,5,11,2024-05-04,https://www.jra.go.jp/datafile/seiseki/report/2024/2024-2tokyo5.pdf,official_daily_result_pdf
202405020512,2024,東京,2,5,12,2024-05-04,https://www.jra.go.jp/datafile/seiseki/report/2024/2024-2tokyo5.pdf,official_daily_result_pdf
202405020601,2024,東京,2,6,1,2024-05-05,https://www.jra.go.jp/datafile/seiseki/report/2024/2024-2tokyo6.pdf,official_daily_result_pdf
202405020602,2024,東京,2,6,2,2024-05-05,https://www.jra.go.jp/datafile/seiseki/report/2024/2024-2tokyo6.pdf,official_daily_result_pdf
202405020603,2024,東京,2,6,3,2024-05-05,https://www.jra.go.jp/datafile/seiseki/report/2024/2024-2tokyo6.pdf,official_daily_result_pdf
202405020604,2024,東京,2,6,4,2024-05-05,https://www.jra.go.jp/datafile/seiseki/report/2024/2024-2tokyo6.pdf,official_daily_result_pdf
202405020605,2024,東京,2,6,5,2024-05-05,https://www.jra.go.jp/datafile/seiseki/report/2024/2024-2tokyo6.pdf,official_daily_result_pdf
202405020606,2024,東京,2,6,6,2024-05-05,https://www.jra.go.jp/datafile/seiseki/report/2024/2024-2tokyo6.pdf,official_daily_result_pdf
202405020607,2024,東京,2,6,7,2024-05-05,https://www.jra.go.jp/datafile/seiseki/report/2024/2024-2tokyo6.pdf,official_daily_result_pdf
202405020608,2024,東京,2,6,8,2024-05-05,https://www.jra.go.jp/datafile/seiseki/report/2024/2024-2tokyo6.pdf,official_daily_result_pdf
202405020609,2024,東京,2,6,9,2024-05-05,https://www.jra.go.jp/datafile/seiseki/report/2024/2024-2tokyo6.pdf,official_daily_result_pdf
202405020610,2024,東京,2,6,10,2024-05-05,https://www.jra.go.jp/datafile/seiseki/report/2024/2024-2tokyo6.pdf,official_daily_result_pdf
202405020611,2024,東京,2,6,11,2024-05-05,https://www.jra.go.jp/datafile/seiseki/report/2024/2024-2tokyo6.pdf,official_daily_result_pdf
202405020612,2024,東京,2,6,12,2024-05-05,https://www.jra.go.jp/datafile/seiseki/report/2024/2024-2tokyo6.pdf,official_daily_result_pdf
202405020701,2024,東京,2,7,1,2024-05-11,https://www.jra.go.jp/datafile/seiseki/report/2024/2024-2tokyo7.pdf,official_daily_result_pdf
202405020702,2024,東京,2,7,2,2024-05-11,https://www.jra.go.jp/datafile/seiseki/report/2024/2024-2tokyo7.pdf,official_daily_result_pdf
202405020703,2024,東京,2,7,3,2024-05-11,https://www.jra.go.jp/datafile/seiseki/report/2024/2024-2tokyo7.pdf,official_daily_result_pdf
202405020704,2024,東京,2,7,4,2024-05-11,https://www.jra.go.jp/datafile/seiseki/report/2024/2024-2tokyo7.pdf,official_daily_result_pdf
202405020705,2024,東京,2,7,5,2024-05-11,https://www.jra.go.jp/datafile/seiseki/report/2024/2024-2tokyo7.pdf,official_daily_result_pdf
202405020706,2024,東京,2,7,6,2024-05-11,https://www.jra.go.jp/datafile/seiseki/report/2024/2024-2tokyo7.pdf,official_daily_result_pdf
202405020707,2024,東京,2,7,7,2024-05-11,https://www.jra.go.jp/datafile/seiseki/report/2024/2024-2tokyo7.pdf,official_daily_result_pdf
202405020708,2024,東京,2,7,8,2024-05-11,https://www.jra.go.jp/datafile/seiseki/report/2024/2024-2tokyo7.pdf,official_daily_result_pdf
202405020709,2024,東京,2,7,9,2024-05-11,https://www.jra.go.jp/datafile/seiseki/report/2024/2024-2tokyo7.pdf,official_daily_result_pdf
202405020710,2024,東京,2,7,10,2024-05-11,https://www.jra.go.jp/datafile/seiseki/report/2024/2024-2tokyo7.pdf,official_daily_result_pdf
202405020711,2024,東京,2,7,11,2024-05-11,https://www.jra.go.jp/datafile/seiseki/report/2024/2024-2tokyo7.pdf,official_daily_result_pdf
202405020712,2024,東京,2,7,12,2024-05-11,https://www.jra.go.jp/datafile/seiseki/report/2024/2024-2tokyo7.pdf,official_daily_result_pdf
202405020801,2024,東京,2,8,1,2024-05-12,https://www.jra.go.jp/datafile/seiseki/report/2024/2024-2tokyo8.pdf,official_daily_result_pdf
202405020802,2024,東京,2,8,2,2024-05-12,https://www.jra.go.jp/datafile/seiseki/report/2024/2024-2tokyo8.pdf,official_daily_result_pdf
202405020803,2024,東京,2,8,3,2024-05-12,https://www.jra.go.jp/datafile/seiseki/report/2024/2024-2tokyo8.pdf,official_daily_result_pdf
202405020804,2024,東京,2,8,4,2024-05-12,https://www.jra.go.jp/datafile/seiseki/report/2024/2024-2tokyo8.pdf,official_daily_result_pdf
202405020805,2024,東京,2,8,5,2024-05-12,https://www.jra.go.jp/datafile/seiseki/report/2024/2024-2tokyo8.pdf,official_daily_result_pdf
202405020806,2024,東京,2,8,6,2024-05-12,https://www.jra.go.jp/datafile/seiseki/report/2024/2024-2tokyo8.pdf,official_daily_result_pdf
202405020807,2024,東京,2,8,7,2024-05-12,https://www.jra.go.jp/datafile/seiseki/report/2024/2024-2tokyo8.pdf,official_daily_result_pdf
202405020808,2024,東京,2,8,8,2024-05-12,https://www.jra.go.jp/datafile/seiseki/report/2024/2024-2tokyo8.pdf,official_daily_result_pdf
202405020809,2024,東京,2,8,9,2024-05-12,https://www.jra.go.jp/datafile/seiseki/report/2024/2024-2tokyo8.pdf,official_daily_result_pdf
202405020810,2024,東京,2,8,10,2024-05-12,https://www.jra.go.jp/datafile/seiseki/report/2024/2024-2tokyo8.pdf,official_daily_result_pdf
202405020811,2024,東京,2,8,11,2024-05-12,https://www.jra.go.jp/datafile/seiseki/report/2024/2024-2tokyo8.pdf,official_daily_result_pdf
202405020812,2024,東京,2,8,12,2024-05-12,https://www.jra.go.jp/datafile/seiseki/report/2024/2024-2tokyo8.pdf,official_daily_result_pdf
202405020901,2024,東京,2,9,1,2024-05-18,https://www.jra.go.jp/datafile/seiseki/report/2024/2024-2tokyo9.pdf,official_daily_result_pdf
202405020902,2024,東京,2,9,2,2024-05-18,https://www.jra.go.jp/datafile/seiseki/report/2024/2024-2tokyo9.pdf,official_daily_result_pdf
202405020903,2024,東京,2,9,3,2024-05-18,https://www.jra.go.jp/datafile/seiseki/report/2024/2024-2tokyo9.pdf,official_daily_result_pdf
202405020904,2024,東京,2,9,4,2024-05-18,https://www.jra.go.jp/datafile/seiseki/report/2024/2024-2tokyo9.pdf,official_daily_result_pdf
202405020905,2024,東京,2,9,5,2024-05-18,https://www.jra.go.jp/datafile/seiseki/report/2024/2024-2tokyo9.pdf,official_daily_result_pdf
202405020906,2024,東京,2,9,6,2024-05-18,https://www.jra.go.jp/datafile/seiseki/report/2024/2024-2tokyo9.pdf,official_daily_result_pdf
202405020907,2024,東京,2,9,7,2024-05-18,https://www.jra.go.jp/datafile/seiseki/report/2024/2024-2tokyo9.pdf,official_daily_result_pdf
202405020908,2024,東京,2,9,8,2024-05-18,https://www.jra.go.jp/datafile/seiseki/report/2024/2024-2tokyo9.pdf,official_daily_result_pdf
202405020909,2024,東京,2,9,9,2024-05-18,https://www.jra.go.jp/datafile/seiseki/report/2024/2024-2tokyo9.pdf,official_daily_result_pdf
202405020910,2024,東京,2,9,10,2024-05-18,https://www.jra.go.jp/datafile/seiseki/report/2024/2024-2tokyo9.pdf,official_daily_result_pdf
202405020911,2024,東京,2,9,11,2024-05-18,https://www.jra.go.jp/datafile/seiseki/report/2024/2024-2tokyo9.pdf,official_daily_result_pdf
202405020912,2024,東京,2,9,12,2024-05-18,https://www.jra.go.jp/datafile/seiseki/report/2024/2024-2tokyo9.pdf,official_daily_result_pdf
202405021001,2024,東京,2,10,1,2024-05-19,https://www.jra.go.jp/datafile/seiseki/report/2024/2024-2tokyo10.pdf,official_daily_result_pdf
202405021002,2024,東京,2,10,2,2024-05-19,https://www.jra.go.jp/datafile/seiseki/report/2024/2024-2tokyo10.pdf,official_daily_result_pdf
202405021003,2024,東京,2,10,3,2024-05-19,https://www.jra.go.jp/datafile/seiseki/report/2024/2024-2tokyo10.pdf,official_daily_result_pdf
202405021004,2024,東京,2,10,4,2024-05-19,https://www.jra.go.jp/datafile/seiseki/report/2024/2024-2tokyo10.pdf,official_daily_result_pdf
202405021005,2024,東京,2,10,5,2024-05-19,https://www.jra.go.jp/datafile/seiseki/report/2024/2024-2tokyo10.pdf,official_daily_result_pdf
202405021006,2024,東京,2,10,6,2024-05-19,https://www.jra.go.jp/datafile/seiseki/report/2024/2024-2tokyo10.pdf,official_daily_result_pdf
202405021007,2024,東京,2,10,7,2024-05-19,https://www.jra.go.jp/datafile/seiseki/report/2024/2024-2tokyo10.pdf,official_daily_result_pdf
202405021008,2024,東京,2,10,8,2024-05-19,https://www.jra.go.jp/datafile/seiseki/report/2024/2024-2tokyo10.pdf,official_daily_result_pdf
202405021009,2024,東京,2,10,9,2024-05-19,https://www.jra.go.jp/datafile/seiseki/report/2024/2024-2tokyo10.pdf,official_daily_result_pdf
202405021010,2024,東京,2,10,10,2024-05-19,https://www.jra.go.jp/datafile/seiseki/report/2024/2024-2tokyo10.pdf,official_daily_result_pdf
202405021011,2024,東京,2,10,11,2024-05-19,https://www.jra.go.jp/datafile/seiseki/report/2024/2024-2tokyo10.pdf,official_daily_result_pdf
202405021012,2024,東京,2,10,12,2024-05-19,https://www.jra.go.jp/datafile/seiseki/report/2024/2024-2tokyo10.pdf,official_daily_result_pdf
202405021101,2024,東京,2,11,1,2024-05-25,https://www.jra.go.jp/datafile/seiseki/report/2024/2024-2tokyo11.pdf,official_daily_result_pdf
202405021102,2024,東京,2,11,2,2024-05-25,https://www.jra.go.jp/datafile/seiseki/report/2024/2024-2tokyo11.pdf,official_daily_result_pdf
202405021103,2024,東京,2,11,3,2024-05-25,https://www.jra.go.jp/datafile/seiseki/report/2024/2024-2tokyo11.pdf,official_daily_result_pdf
202405021104,2024,東京,2,11,4,2024-05-25,https://www.jra.go.jp/datafile/seiseki/report/2024/2024-2tokyo11.pdf,official_daily_result_pdf
202405021105,2024,東京,2,11,5,2024-05-25,https://www.jra.go.jp/datafile/seiseki/report/2024/2024-2tokyo11.pdf,official_daily_result_pdf
202405021106,2024,東京,2,11,6,2024-05-25,https://www.jra.go.jp/datafile/seiseki/report/2024/2024-2tokyo11.pdf,official_daily_result_pdf
202405021107,2024,東京,2,11,7,2024-05-25,https://www.jra.go.jp/datafile/seiseki/report/2024/2024-2tokyo11.pdf,official_daily_result_pdf
202405021108,2024,東京,2,11,8,2024-05-25,https://www.jra.go.jp/datafile/seiseki/report/2024/2024-2tokyo11.pdf,official_daily_result_pdf
202405021109,2024,東京,2,11,9,2024-05-25,https://www.jra.go.jp/datafile/seiseki/report/2024/2024-2tokyo11.pdf,official_daily_result_pdf
202405021110,2024,東京,2,11,10,2024-05-25,https://www.jra.go.jp/datafile/seiseki/report/2024/2024-2tokyo11.pdf,official_daily_result_pdf
202405021111,2024,東京,2,11,11,2024-05-25,https://www.jra.go.jp/datafile/seiseki/report/2024/2024-2tokyo11.pdf,official_daily_result_pdf
202405021112,2024,東京,2,11,12,2024-05-25,https://www.jra.go.jp/datafile/seiseki/report/2024/2024-2tokyo11.pdf,official_daily_result_pdf
202405021201,2024,東京,2,12,1,2024-05-26,https://www.jra.go.jp/datafile/seiseki/report/2024/2024-2tokyo12.pdf,official_daily_result_pdf
202405021202,2024,東京,2,12,2,2024-05-26,https://www.jra.go.jp/datafile/seiseki/report/2024/2024-2tokyo12.pdf,official_daily_result_pdf
202405021203,2024,東京,2,12,3,2024-05-26,https://www.jra.go.jp/datafile/seiseki/report/2024/2024-2tokyo12.pdf,official_daily_result_pdf
202405021204,2024,東京,2,12,4,2024-05-26,https://www.jra.go.jp/datafile/seiseki/report/2024/2024-2tokyo12.pdf,official_daily_result_pdf
202405021205,2024,東京,2,12,5,2024-05-26,https://www.jra.go.jp/datafile/seiseki/report/2024/2024-2tokyo12.pdf,official_daily_result_pdf
202405021206,2024,東京,2,12,6,2024-05-26,https://www.jra.go.jp/datafile/seiseki/report/2024/2024-2tokyo12.pdf,official_daily_result_pdf
202405021207,2024,東京,2,12,7,2024-05-26,https://www.jra.go.jp/datafile/seiseki/report/2024/2024-2tokyo12.pdf,official_daily_result_pdf
202405021208,2024,東京,2,12,8,2024-05-26,https://www.jra.go.jp/datafile/seiseki/report/2024/2024-2tokyo12.pdf,official_daily_result_pdf
202405021209,2024,東京,2,12,9,2024-05-26,https://www.jra.go.jp/datafile/seiseki/report/2024/2024-2tokyo12.pdf,official_daily_result_pdf
202405021210,2024,東京,2,12,10,2024-05-26,https://www.jra.go.jp/datafile/seiseki/report/2024/2024-2tokyo12.pdf,official_daily_result_pdf
202405021211,2024,東京,2,12,11,2024-05-26,https://www.jra.go.jp/datafile/seiseki/report/2024/2024-2tokyo12.pdf,official_daily_result_pdf
202405021212,2024,東京,2,12,12,2024-05-26,https://www.jra.go.jp/datafile/seiseki/report/2024/2024-2tokyo12.pdf,official_daily_result_pdf
202405030101,2024,東京,3,1,1,2024-06-01,https://www.jra.go.jp/datafile/seiseki/report/2024/2024-3tokyo1.pdf,official_daily_result_pdf
202405030102,2024,東京,3,1,2,2024-06-01,https://www.jra.go.jp/datafile/seiseki/report/2024/2024-3tokyo1.pdf,official_daily_result_pdf
202405030103,2024,東京,3,1,3,2024-06-01,https://www.jra.go.jp/datafile/seiseki/report/2024/2024-3tokyo1.pdf,official_daily_result_pdf
202405030104,2024,東京,3,1,4,2024-06-01,https://www.jra.go.jp/datafile/seiseki/report/2024/2024-3tokyo1.pdf,official_daily_result_pdf
202405030105,2024,東京,3,1,5,2024-06-01,https://www.jra.go.jp/datafile/seiseki/report/2024/2024-3tokyo1.pdf,official_daily_result_pdf
202405030106,2024,東京,3,1,6,2024-06-01,https://www.jra.go.jp/datafile/seiseki/report/2024/2024-3tokyo1.pdf,official_daily_result_pdf
202405030107,2024,東京,3,1,7,2024-06-01,https://www.jra.go.jp/datafile/seiseki/report/2024/2024-3tokyo1.pdf,official_daily_result_pdf
202405030108,2024,東京,3,1,8,2024-06-01,https://www.jra.go.jp/datafile/seiseki/report/2024/2024-3tokyo1.pdf,official_daily_result_pdf
202405030109,2024,東京,3,1,9,2024-06-01,https://www.jra.go.jp/datafile/seiseki/report/2024/2024-3tokyo1.pdf,official_daily_result_pdf
202405030110,2024,東京,3,1,10,2024-06-01,https://www.jra.go.jp/datafile/seiseki/report/2024/2024-3tokyo1.pdf,official_daily_result_pdf
202405030111,2024,東京,3,1,11,2024-06-01,https://www.jra.go.jp/datafile/seiseki/report/2024/2024-3tokyo1.pdf,official_daily_result_pdf
202405030112,2024,東京,3,1,12,2024-06-01,https://www.jra.go.jp/datafile/seiseki/report/2024/2024-3tokyo1.pdf,official_daily_result_pdf
202405030201,2024,東京,3,2,1,2024-06-02,https://www.jra.go.jp/datafile/seiseki/report/2024/2024-3tokyo2.pdf,official_daily_result_pdf
202405030202,2024,東京,3,2,2,2024-06-02,https://www.jra.go.jp/datafile/seiseki/report/2024/2024-3tokyo2.pdf,official_daily_result_pdf
202405030203,2024,東京,3,2,3,2024-06-02,https://www.jra.go.jp/datafile/seiseki/report/2024/2024-3tokyo2.pdf,official_daily_result_pdf
202405030204,2024,東京,3,2,4,2024-06-02,https://www.jra.go.jp/datafile/seiseki/report/2024/2024-3tokyo2.pdf,official_daily_result_pdf
202405030205,2024,東京,3,2,5,2024-06-02,https://www.jra.go.jp/datafile/seiseki/report/2024/2024-3tokyo2.pdf,official_daily_result_pdf
202405030206,2024,東京,3,2,6,2024-06-02,https://www.jra.go.jp/datafile/seiseki/report/2024/2024-3tokyo2.pdf,official_daily_result_pdf
202405030207,2024,東京,3,2,7,2024-06-02,https://www.jra.go.jp/datafile/seiseki/report/2024/2024-3tokyo2.pdf,official_daily_result_pdf
202405030208,2024,東京,3,2,8,2024-06-02,https://www.jra.go.jp/datafile/seiseki/report/2024/2024-3tokyo2.pdf,official_daily_result_pdf
202405030209,2024,東京,3,2,9,2024-06-02,https://www.jra.go.jp/datafile/seiseki/report/2024/2024-3tokyo2.pdf,official_daily_result_pdf
202405030210,2024,東京,3,2,10,2024-06-02,https://www.jra.go.jp/datafile/seiseki/report/2024/2024-3tokyo2.pdf,official_daily_result_pdf
202405030211,2024,東京,3,2,11,2024-06-02,https://www.jra.go.jp/datafile/seiseki/report/2024/2024-3tokyo2.pdf,official_daily_result_pdf
202405030212,2024,東京,3,2,12,2024-06-02,https://www.jra.go.jp/datafile/seiseki/report/2024/2024-3tokyo2.pdf,official_daily_result_pdf
202405030301,2024,東京,3,3,1,2024-06-08,https://www.jra.go.jp/datafile/seiseki/report/2024/2024-3tokyo3.pdf,official_daily_result_pdf
202405030302,2024,東京,3,3,2,2024-06-08,https://www.jra.go.jp/datafile/seiseki/report/2024/2024-3tokyo3.pdf,official_daily_result_pdf
202405030303,2024,東京,3,3,3,2024-06-08,https://www.jra.go.jp/datafile/seiseki/report/2024/2024-3tokyo3.pdf,official_daily_result_pdf
202405030304,2024,東京,3,3,4,2024-06-08,https://www.jra.go.jp/datafile/seiseki/report/2024/2024-3tokyo3.pdf,official_daily_result_pdf
202405030305,2024,東京,3,3,5,2024-06-08,https://www.jra.go.jp/datafile/seiseki/report/2024/2024-3tokyo3.pdf,official_daily_result_pdf
202405030306,2024,東京,3,3,6,2024-06-08,https://www.jra.go.jp/datafile/seiseki/report/2024/2024-3tokyo3.pdf,official_daily_result_pdf
202405030307,2024,東京,3,3,7,2024-06-08,https://www.jra.go.jp/datafile/seiseki/report/2024/2024-3tokyo3.pdf,official_daily_result_pdf
202405030308,2024,東京,3,3,8,2024-06-08,https://www.jra.go.jp/datafile/seiseki/report/2024/2024-3tokyo3.pdf,official_daily_result_pdf
202405030309,2024,東京,3,3,9,2024-06-08,https://www.jra.go.jp/datafile/seiseki/report/2024/2024-3tokyo3.pdf,official_daily_result_pdf
202405030310,2024,東京,3,3,10,2024-06-08,https://www.jra.go.jp/datafile/seiseki/report/2024/2024-3tokyo3.pdf,official_daily_result_pdf
202405030311,2024,東京,3,3,11,2024-06-08,https://www.jra.go.jp/datafile/seiseki/report/2024/2024-3tokyo3.pdf,official_daily_result_pdf
202405030312,2024,東京,3,3,12,2024-06-08,https://www.jra.go.jp/datafile/seiseki/report/2024/2024-3tokyo3.pdf,official_daily_result_pdf
202405030401,2024,東京,3,4,1,2024-06-09,https://www.jra.go.jp/datafile/seiseki/report/2024/2024-3tokyo4.pdf,official_daily_result_pdf
202405030402,2024,東京,3,4,2,2024-06-09,https://www.jra.go.jp/datafile/seiseki/report/2024/2024-3tokyo4.pdf,official_daily_result_pdf
202405030403,2024,東京,3,4,3,2024-06-09,https://www.jra.go.jp/datafile/seiseki/report/2024/2024-3tokyo4.pdf,official_daily_result_pdf
202405030404,2024,東京,3,4,4,2024-06-09,https://www.jra.go.jp/datafile/seiseki/report/2024/2024-3tokyo4.pdf,official_daily_result_pdf
202405030405,2024,東京,3,4,5,2024-06-09,https://www.jra.go.jp/datafile/seiseki/report/2024/2024-3tokyo4.pdf,official_daily_result_pdf
202405030406,2024,東京,3,4,6,2024-06-09,https://www.jra.go.jp/datafile/seiseki/report/2024/2024-3tokyo4.pdf,official_daily_result_pdf
202405030407,2024,東京,3,4,7,2024-06-09,https://www.jra.go.jp/datafile/seiseki/report/2024/2024-3tokyo4.pdf,official_daily_result_pdf
202405030408,2024,東京,3,4,8,2024-06-09,https://www.jra.go.jp/datafile/seiseki/report/2024/2024-3tokyo4.pdf,official_daily_result_pdf
202405030409,2024,東京,3,4,9,2024-06-09,https://www.jra.go.jp/datafile/seiseki/report/2024/2024-3tokyo4.pdf,official_daily_result_pdf
202405030410,2024,東京,3,4,10,2024-06-09,https://www.jra.go.jp/datafile/seiseki/report/2024/2024-3tokyo4.pdf,official_daily_result_pdf
202405030411,2024,東京,3,4,11,2024-06-09,https://www.jra.go.jp/datafile/seiseki/report/2024/2024-3tokyo4.pdf,official_daily_result_pdf
202405030412,2024,東京,3,4,12,2024-06-09,https://www.jra.go.jp/datafile/seiseki/report/2024/2024-3tokyo4.pdf,official_daily_result_pdf
202405030501,2024,東京,3,5,1,2024-06-15,https://www.jra.go.jp/datafile/seiseki/report/2024/2024-3tokyo5.pdf,official_daily_result_pdf
202405030502,2024,東京,3,5,2,2024-06-15,https://www.jra.go.jp/datafile/seiseki/report/2024/2024-3tokyo5.pdf,official_daily_result_pdf
202405030503,2024,東京,3,5,3,2024-06-15,https://www.jra.go.jp/datafile/seiseki/report/2024/2024-3tokyo5.pdf,official_daily_result_pdf
202405030504,2024,東京,3,5,4,2024-06-15,https://www.jra.go.jp/datafile/seiseki/report/2024/2024-3tokyo5.pdf,official_daily_result_pdf
202405030505,2024,東京,3,5,5,2024-06-15,https://www.jra.go.jp/datafile/seiseki/report/2024/2024-3tokyo5.pdf,official_daily_result_pdf
202405030506,2024,東京,3,5,6,2024-06-15,https://www.jra.go.jp/datafile/seiseki/report/2024/2024-3tokyo5.pdf,official_daily_result_pdf
202405030507,2024,東京,3,5,7,2024-06-15,https://www.jra.go.jp/datafile/seiseki/report/2024/2024-3tokyo5.pdf,official_daily_result_pdf
202405030508,2024,東京,3,5,8,2024-06-15,https://www.jra.go.jp/datafile/seiseki/report/2024/2024-3tokyo5.pdf,official_daily_result_pdf
202405030509,2024,東京,3,5,9,2024-06-15,https://www.jra.go.jp/datafile/seiseki/report/2024/2024-3tokyo5.pdf,official_daily_result_pdf
202405030510,2024,東京,3,5,10,2024-06-15,https://www.jra.go.jp/datafile/seiseki/report/2024/2024-3tokyo5.pdf,official_daily_result_pdf
202405030511,2024,東京,3,5,11,2024-06-15,https://www.jra.go.jp/datafile/seiseki/report/2024/2024-3tokyo5.pdf,official_daily_result_pdf
202405030512,2024,東京,3,5,12,2024-06-15,https://www.jra.go.jp/datafile/seiseki/report/2024/2024-3tokyo5.pdf,official_daily_result_pdf
202405030601,2024,東京,3,6,1,2024-06-16,https://www.jra.go.jp/datafile/seiseki/report/2024/2024-3tokyo6.pdf,official_daily_result_pdf
202405030602,2024,東京,3,6,2,2024-06-16,https://www.jra.go.jp/datafile/seiseki/report/2024/2024-3tokyo6.pdf,official_daily_result_pdf
202405030603,2024,東京,3,6,3,2024-06-16,https://www.jra.go.jp/datafile/seiseki/report/2024/2024-3tokyo6.pdf,official_daily_result_pdf
202405030604,2024,東京,3,6,4,2024-06-16,https://www.jra.go.jp/datafile/seiseki/report/2024/2024-3tokyo6.pdf,official_daily_result_pdf
202405030605,2024,東京,3,6,5,2024-06-16,https://www.jra.go.jp/datafile/seiseki/report/2024/2024-3tokyo6.pdf,official_daily_result_pdf
202405030606,2024,東京,3,6,6,2024-06-16,https://www.jra.go.jp/datafile/seiseki/report/2024/2024-3tokyo6.pdf,official_daily_result_pdf
202405030607,2024,東京,3,6,7,2024-06-16,https://www.jra.go.jp/datafile/seiseki/report/2024/2024-3tokyo6.pdf,official_daily_result_pdf
202405030608,2024,東京,3,6,8,2024-06-16,https://www.jra.go.jp/datafile/seiseki/report/2024/2024-3tokyo6.pdf,official_daily_result_pdf
202405030609,2024,東京,3,6,9,2024-06-16,https://www.jra.go.jp/datafile/seiseki/report/2024/2024-3tokyo6.pdf,official_daily_result_pdf
202405030610,2024,東京,3,6,10,2024-06-16,https://www.jra.go.jp/datafile/seiseki/report/2024/2024-3tokyo6.pdf,official_daily_result_pdf
202405030611,2024,東京,3,6,11,2024-06-16,https://www.jra.go.jp/datafile/seiseki/report/2024/2024-3tokyo6.pdf,official_daily_result_pdf
202405030612,2024,東京,3,6,12,2024-06-16,https://www.jra.go.jp/datafile/seiseki/report/2024/2024-3tokyo6.pdf,official_daily_result_pdf
202405030701,2024,東京,3,7,1,2024-06-22,https://www.jra.go.jp/datafile/seiseki/report/2024/2024-3tokyo7.pdf,official_daily_result_pdf
202405030702,2024,東京,3,7,2,2024-06-22,https://www.jra.go.jp/datafile/seiseki/report/2024/2024-3tokyo7.pdf,official_daily_result_pdf
202405030703,2024,東京,3,7,3,2024-06-22,https://www.jra.go.jp/datafile/seiseki/report/2024/2024-3tokyo7.pdf,official_daily_result_pdf
202405030704,2024,東京,3,7,4,2024-06-22,https://www.jra.go.jp/datafile/seiseki/report/2024/2024-3tokyo7.pdf,official_daily_result_pdf
202405030705,2024,東京,3,7,5,2024-06-22,https://www.jra.go.jp/datafile/seiseki/report/2024/2024-3tokyo7.pdf,official_daily_result_pdf
202405030706,2024,東京,3,7,6,2024-06-22,https://www.jra.go.jp/datafile/seiseki/report/2024/2024-3tokyo7.pdf,official_daily_result_pdf
202405030707,2024,東京,3,7,7,2024-06-22,https://www.jra.go.jp/datafile/seiseki/report/2024/2024-3tokyo7.pdf,official_daily_result_pdf
202405030708,2024,東京,3,7,8,2024-06-22,https://www.jra.go.jp/datafile/seiseki/report/2024/2024-3tokyo7.pdf,official_daily_result_pdf
202405030709,2024,東京,3,7,9,2024-06-22,https://www.jra.go.jp/datafile/seiseki/report/2024/2024-3tokyo7.pdf,official_daily_result_pdf
202405030710,2024,東京,3,7,10,2024-06-22,https://www.jra.go.jp/datafile/seiseki/report/2024/2024-3tokyo7.pdf,official_daily_result_pdf
202405030711,2024,東京,3,7,11,2024-06-22,https://www.jra.go.jp/datafile/seiseki/report/2024/2024-3tokyo7.pdf,official_daily_result_pdf
202405030712,2024,東京,3,7,12,2024-06-22,https://www.jra.go.jp/datafile/seiseki/report/2024/2024-3tokyo7.pdf,official_daily_result_pdf
202405030801,2024,東京,3,8,1,2024-06-23,https://www.jra.go.jp/datafile/seiseki/report/2024/2024-3tokyo8.pdf,official_daily_result_pdf
202405030802,2024,東京,3,8,2,2024-06-23,https://www.jra.go.jp/datafile/seiseki/report/2024/2024-3tokyo8.pdf,official_daily_result_pdf
202405030803,2024,東京,3,8,3,2024-06-23,https://www.jra.go.jp/datafile/seiseki/report/2024/2024-3tokyo8.pdf,official_daily_result_pdf
202405030804,2024,東京,3,8,4,2024-06-23,https://www.jra.go.jp/datafile/seiseki/report/2024/2024-3tokyo8.pdf,official_daily_result_pdf
202405030805,2024,東京,3,8,5,2024-06-23,https://www.jra.go.jp/datafile/seiseki/report/2024/2024-3tokyo8.pdf,official_daily_result_pdf
202405030806,2024,東京,3,8,6,2024-06-23,https://www.jra.go.jp/datafile/seiseki/report/2024/2024-3tokyo8.pdf,official_daily_result_pdf
202405030807,2024,東京,3,8,7,2024-06-23,https://www.jra.go.jp/datafile/seiseki/report/2024/2024-3tokyo8.pdf,official_daily_result_pdf
202405030808,2024,東京,3,8,8,2024-06-23,https://www.jra.go.jp/datafile/seiseki/report/2024/2024-3tokyo8.pdf,official_daily_result_pdf
202405030809,2024,東京,3,8,9,2024-06-23,https://www.jra.go.jp/datafile/seiseki/report/2024/2024-3tokyo8.pdf,official_daily_result_pdf
202405030810,2024,東京,3,8,10,2024-06-23,https://www.jra.go.jp/datafile/seiseki/report/2024/2024-3tokyo8.pdf,official_daily_result_pdf
202405030811,2024,東京,3,8,11,2024-06-23,https://www.jra.go.jp/datafile/seiseki/report/2024/2024-3tokyo8.pdf,official_daily_result_pdf
202405030812,2024,東京,3,8,12,2024-06-23,https://www.jra.go.jp/datafile/seiseki/report/2024/2024-3tokyo8.pdf,official_daily_result_pdf
202405040101,2024,東京,4,1,1,2024-10-05,https://www.jra.go.jp/datafile/seiseki/report/2024/2024-4tokyo1.pdf,official_daily_result_pdf
202405040102,2024,東京,4,1,2,2024-10-05,https://www.jra.go.jp/datafile/seiseki/report/2024/2024-4tokyo1.pdf,official_daily_result_pdf
202405040103,2024,東京,4,1,3,2024-10-05,https://www.jra.go.jp/datafile/seiseki/report/2024/2024-4tokyo1.pdf,official_daily_result_pdf
202405040104,2024,東京,4,1,4,2024-10-05,https://www.jra.go.jp/datafile/seiseki/report/2024/2024-4tokyo1.pdf,official_daily_result_pdf
202405040105,2024,東京,4,1,5,2024-10-05,https://www.jra.go.jp/datafile/seiseki/report/2024/2024-4tokyo1.pdf,official_daily_result_pdf
202405040106,2024,東京,4,1,6,2024-10-05,https://www.jra.go.jp/datafile/seiseki/report/2024/2024-4tokyo1.pdf,official_daily_result_pdf
202405040107,2024,東京,4,1,7,2024-10-05,https://www.jra.go.jp/datafile/seiseki/report/2024/2024-4tokyo1.pdf,official_daily_result_pdf
202405040108,2024,東京,4,1,8,2024-10-05,https://www.jra.go.jp/datafile/seiseki/report/2024/2024-4tokyo1.pdf,official_daily_result_pdf
202405040109,2024,東京,4,1,9,2024-10-05,https://www.jra.go.jp/datafile/seiseki/report/2024/2024-4tokyo1.pdf,official_daily_result_pdf
202405040110,2024,東京,4,1,10,2024-10-05,https://www.jra.go.jp/datafile/seiseki/report/2024/2024-4tokyo1.pdf,official_daily_result_pdf
202405040111,2024,東京,4,1,11,2024-10-05,https://www.jra.go.jp/datafile/seiseki/report/2024/2024-4tokyo1.pdf,official_daily_result_pdf
202405040112,2024,東京,4,1,12,2024-10-05,https://www.jra.go.jp/datafile/seiseki/report/2024/2024-4tokyo1.pdf,official_daily_result_pdf
202405040201,2024,東京,4,2,1,2024-10-06,https://www.jra.go.jp/datafile/seiseki/report/2024/2024-4tokyo2.pdf,official_daily_result_pdf
202405040202,2024,東京,4,2,2,2024-10-06,https://www.jra.go.jp/datafile/seiseki/report/2024/2024-4tokyo2.pdf,official_daily_result_pdf
202405040203,2024,東京,4,2,3,2024-10-06,https://www.jra.go.jp/datafile/seiseki/report/2024/2024-4tokyo2.pdf,official_daily_result_pdf
202405040204,2024,東京,4,2,4,2024-10-06,https://www.jra.go.jp/datafile/seiseki/report/2024/2024-4tokyo2.pdf,official_daily_result_pdf
202405040205,2024,東京,4,2,5,2024-10-06,https://www.jra.go.jp/datafile/seiseki/report/2024/2024-4tokyo2.pdf,official_daily_result_pdf
202405040206,2024,東京,4,2,6,2024-10-06,https://www.jra.go.jp/datafile/seiseki/report/2024/2024-4tokyo2.pdf,official_daily_result_pdf
202405040207,2024,東京,4,2,7,2024-10-06,https://www.jra.go.jp/datafile/seiseki/report/2024/2024-4tokyo2.pdf,official_daily_result_pdf
202405040208,2024,東京,4,2,8,2024-10-06,https://www.jra.go.jp/datafile/seiseki/report/2024/2024-4tokyo2.pdf,official_daily_result_pdf
202405040209,2024,東京,4,2,9,2024-10-06,https://www.jra.go.jp/datafile/seiseki/report/2024/2024-4tokyo2.pdf,official_daily_result_pdf
202405040210,2024,東京,4,2,10,2024-10-06,https://www.jra.go.jp/datafile/seiseki/report/2024/2024-4tokyo2.pdf,official_daily_result_pdf
202405040211,2024,東京,4,2,11,2024-10-06,https://www.jra.go.jp/datafile/seiseki/report/2024/2024-4tokyo2.pdf,official_daily_result_pdf
202405040212,2024,東京,4,2,12,2024-10-06,https://www.jra.go.jp/datafile/seiseki/report/2024/2024-4tokyo2.pdf,official_daily_result_pdf
202405040301,2024,東京,4,3,1,2024-10-13,https://www.jra.go.jp/datafile/seiseki/report/2024/2024-4tokyo3.pdf,official_daily_result_pdf
202405040302,2024,東京,4,3,2,2024-10-13,https://www.jra.go.jp/datafile/seiseki/report/2024/2024-4tokyo3.pdf,official_daily_result_pdf
202405040303,2024,東京,4,3,3,2024-10-13,https://www.jra.go.jp/datafile/seiseki/report/2024/2024-4tokyo3.pdf,official_daily_result_pdf
202405040304,2024,東京,4,3,4,2024-10-13,https://www.jra.go.jp/datafile/seiseki/report/2024/2024-4tokyo3.pdf,official_daily_result_pdf
202405040305,2024,東京,4,3,5,2024-10-13,https://www.jra.go.jp/datafile/seiseki/report/2024/2024-4tokyo3.pdf,official_daily_result_pdf
202405040306,2024,東京,4,3,6,2024-10-13,https://www.jra.go.jp/datafile/seiseki/report/2024/2024-4tokyo3.pdf,official_daily_result_pdf
202405040307,2024,東京,4,3,7,2024-10-13,https://www.jra.go.jp/datafile/seiseki/report/2024/2024-4tokyo3.pdf,official_daily_result_pdf
202405040308,2024,東京,4,3,8,2024-10-13,https://www.jra.go.jp/datafile/seiseki/report/2024/2024-4tokyo3.pdf,official_daily_result_pdf
202405040309,2024,東京,4,3,9,2024-10-13,https://www.jra.go.jp/datafile/seiseki/report/2024/2024-4tokyo3.pdf,official_daily_result_pdf
202405040310,2024,東京,4,3,10,2024-10-13,https://www.jra.go.jp/datafile/seiseki/report/2024/2024-4tokyo3.pdf,official_daily_result_pdf
202405040311,2024,東京,4,3,11,2024-10-13,https://www.jra.go.jp/datafile/seiseki/report/2024/2024-4tokyo3.pdf,official_daily_result_pdf
202405040312,2024,東京,4,3,12,2024-10-13,https://www.jra.go.jp/datafile/seiseki/report/2024/2024-4tokyo3.pdf,official_daily_result_pdf
202405040401,2024,東京,4,4,1,2024-10-14,https://www.jra.go.jp/datafile/seiseki/report/2024/2024-4tokyo4.pdf,official_daily_result_pdf
202405040402,2024,東京,4,4,2,2024-10-14,https://www.jra.go.jp/datafile/seiseki/report/2024/2024-4tokyo4.pdf,official_daily_result_pdf
202405040403,2024,東京,4,4,3,2024-10-14,https://www.jra.go.jp/datafile/seiseki/report/2024/2024-4tokyo4.pdf,official_daily_result_pdf
202405040404,2024,東京,4,4,4,2024-10-14,https://www.jra.go.jp/datafile/seiseki/report/2024/2024-4tokyo4.pdf,official_daily_result_pdf
202405040405,2024,東京,4,4,5,2024-10-14,https://www.jra.go.jp/datafile/seiseki/report/2024/2024-4tokyo4.pdf,official_daily_result_pdf
202405040406,2024,東京,4,4,6,2024-10-14,https://www.jra.go.jp/datafile/seiseki/report/2024/2024-4tokyo4.pdf,official_daily_result_pdf
202405040407,2024,東京,4,4,7,2024-10-14,https://www.jra.go.jp/datafile/seiseki/report/2024/2024-4tokyo4.pdf,official_daily_result_pdf
202405040408,2024,東京,4,4,8,2024-10-14,https://www.jra.go.jp/datafile/seiseki/report/2024/2024-4tokyo4.pdf,official_daily_result_pdf
202405040409,2024,東京,4,4,9,2024-10-14,https://www.jra.go.jp/datafile/seiseki/report/2024/2024-4tokyo4.pdf,official_daily_result_pdf
202405040410,2024,東京,4,4,10,2024-10-14,https://www.jra.go.jp/datafile/seiseki/report/2024/2024-4tokyo4.pdf,official_daily_result_pdf
202405040411,2024,東京,4,4,11,2024-10-14,https://www.jra.go.jp/datafile/seiseki/report/2024/2024-4tokyo4.pdf,official_daily_result_pdf
202405040412,2024,東京,4,4,12,2024-10-14,https://www.jra.go.jp/datafile/seiseki/report/2024/2024-4tokyo4.pdf,official_daily_result_pdf
202405040501,2024,東京,4,5,1,2024-10-19,https://www.jra.go.jp/datafile/seiseki/report/2024/2024-4tokyo5.pdf,official_daily_result_pdf
202405040502,2024,東京,4,5,2,2024-10-19,https://www.jra.go.jp/datafile/seiseki/report/2024/2024-4tokyo5.pdf,official_daily_result_pdf
202405040503,2024,東京,4,5,3,2024-10-19,https://www.jra.go.jp/datafile/seiseki/report/2024/2024-4tokyo5.pdf,official_daily_result_pdf
202405040504,2024,東京,4,5,4,2024-10-19,https://www.jra.go.jp/datafile/seiseki/report/2024/2024-4tokyo5.pdf,official_daily_result_pdf
202405040505,2024,東京,4,5,5,2024-10-19,https://www.jra.go.jp/datafile/seiseki/report/2024/2024-4tokyo5.pdf,official_daily_result_pdf
202405040506,2024,東京,4,5,6,2024-10-19,https://www.jra.go.jp/datafile/seiseki/report/2024/2024-4tokyo5.pdf,official_daily_result_pdf
202405040507,2024,東京,4,5,7,2024-10-19,https://www.jra.go.jp/datafile/seiseki/report/2024/2024-4tokyo5.pdf,official_daily_result_pdf
202405040508,2024,東京,4,5,8,2024-10-19,https://www.jra.go.jp/datafile/seiseki/report/2024/2024-4tokyo5.pdf,official_daily_result_pdf
202405040509,2024,東京,4,5,9,2024-10-19,https://www.jra.go.jp/datafile/seiseki/report/2024/2024-4tokyo5.pdf,official_daily_result_pdf
202405040510,2024,東京,4,5,10,2024-10-19,https://www.jra.go.jp/datafile/seiseki/report/2024/2024-4tokyo5.pdf,official_daily_result_pdf
202405040511,2024,東京,4,5,11,2024-10-19,https://www.jra.go.jp/datafile/seiseki/report/2024/2024-4tokyo5.pdf,official_daily_result_pdf
202405040512,2024,東京,4,5,12,2024-10-19,https://www.jra.go.jp/datafile/seiseki/report/2024/2024-4tokyo5.pdf,official_daily_result_pdf
202405040601,2024,東京,4,6,1,2024-10-20,https://www.jra.go.jp/datafile/seiseki/report/2024/2024-4tokyo6.pdf,official_daily_result_pdf
202405040602,2024,東京,4,6,2,2024-10-20,https://www.jra.go.jp/datafile/seiseki/report/2024/2024-4tokyo6.pdf,official_daily_result_pdf
202405040603,2024,東京,4,6,3,2024-10-20,https://www.jra.go.jp/datafile/seiseki/report/2024/2024-4tokyo6.pdf,official_daily_result_pdf
202405040604,2024,東京,4,6,4,2024-10-20,https://www.jra.go.jp/datafile/seiseki/report/2024/2024-4tokyo6.pdf,official_daily_result_pdf
202405040605,2024,東京,4,6,5,2024-10-20,https://www.jra.go.jp/datafile/seiseki/report/2024/2024-4tokyo6.pdf,official_daily_result_pdf
202405040606,2024,東京,4,6,6,2024-10-20,https://www.jra.go.jp/datafile/seiseki/report/2024/2024-4tokyo6.pdf,official_daily_result_pdf
202405040607,2024,東京,4,6,7,2024-10-20,https://www.jra.go.jp/datafile/seiseki/report/2024/2024-4tokyo6.pdf,official_daily_result_pdf
202405040608,2024,東京,4,6,8,2024-10-20,https://www.jra.go.jp/datafile/seiseki/report/2024/2024-4tokyo6.pdf,official_daily_result_pdf
202405040609,2024,東京,4,6,9,2024-10-20,https://www.jra.go.jp/datafile/seiseki/report/2024/2024-4tokyo6.pdf,official_daily_result_pdf
202405040610,2024,東京,4,6,10,2024-10-20,https://www.jra.go.jp/datafile/seiseki/report/2024/2024-4tokyo6.pdf,official_daily_result_pdf
202405040611,2024,東京,4,6,11,2024-10-20,https://www.jra.go.jp/datafile/seiseki/report/2024/2024-4tokyo6.pdf,official_daily_result_pdf
202405040612,2024,東京,4,6,12,2024-10-20,https://www.jra.go.jp/datafile/seiseki/report/2024/2024-4tokyo6.pdf,official_daily_result_pdf
202405040701,2024,東京,4,7,1,2024-10-26,https://www.jra.go.jp/datafile/seiseki/report/2024/2024-4tokyo7.pdf,official_daily_result_pdf
202405040702,2024,東京,4,7,2,2024-10-26,https://www.jra.go.jp/datafile/seiseki/report/2024/2024-4tokyo7.pdf,official_daily_result_pdf
202405040703,2024,東京,4,7,3,2024-10-26,https://www.jra.go.jp/datafile/seiseki/report/2024/2024-4tokyo7.pdf,official_daily_result_pdf
202405040704,2024,東京,4,7,4,2024-10-26,https://www.jra.go.jp/datafile/seiseki/report/2024/2024-4tokyo7.pdf,official_daily_result_pdf
202405040705,2024,東京,4,7,5,2024-10-26,https://www.jra.go.jp/datafile/seiseki/report/2024/2024-4tokyo7.pdf,official_daily_result_pdf
202405040706,2024,東京,4,7,6,2024-10-26,https://www.jra.go.jp/datafile/seiseki/report/2024/2024-4tokyo7.pdf,official_daily_result_pdf
202405040707,2024,東京,4,7,7,2024-10-26,https://www.jra.go.jp/datafile/seiseki/report/2024/2024-4tokyo7.pdf,official_daily_result_pdf
202405040708,2024,東京,4,7,8,2024-10-26,https://www.jra.go.jp/datafile/seiseki/report/2024/2024-4tokyo7.pdf,official_daily_result_pdf
202405040709,2024,東京,4,7,9,2024-10-26,https://www.jra.go.jp/datafile/seiseki/report/2024/2024-4tokyo7.pdf,official_daily_result_pdf
202405040710,2024,東京,4,7,10,2024-10-26,https://www.jra.go.jp/datafile/seiseki/report/2024/2024-4tokyo7.pdf,official_daily_result_pdf
202405040711,2024,東京,4,7,11,2024-10-26,https://www.jra.go.jp/datafile/seiseki/report/2024/2024-4tokyo7.pdf,official_daily_result_pdf
202405040712,2024,東京,4,7,12,2024-10-26,https://www.jra.go.jp/datafile/seiseki/report/2024/2024-4tokyo7.pdf,official_daily_result_pdf
202405040801,2024,東京,4,8,1,2024-10-27,https://www.jra.go.jp/datafile/seiseki/report/2024/2024-4tokyo8.pdf,official_daily_result_pdf
202405040802,2024,東京,4,8,2,2024-10-27,https://www.jra.go.jp/datafile/seiseki/report/2024/2024-4tokyo8.pdf,official_daily_result_pdf
202405040803,2024,東京,4,8,3,2024-10-27,https://www.jra.go.jp/datafile/seiseki/report/2024/2024-4tokyo8.pdf,official_daily_result_pdf
202405040804,2024,東京,4,8,4,2024-10-27,https://www.jra.go.jp/datafile/seiseki/report/2024/2024-4tokyo8.pdf,official_daily_result_pdf
202405040805,2024,東京,4,8,5,2024-10-27,https://www.jra.go.jp/datafile/seiseki/report/2024/2024-4tokyo8.pdf,official_daily_result_pdf
202405040806,2024,東京,4,8,6,2024-10-27,https://www.jra.go.jp/datafile/seiseki/report/2024/2024-4tokyo8.pdf,official_daily_result_pdf
202405040807,2024,東京,4,8,7,2024-10-27,https://www.jra.go.jp/datafile/seiseki/report/2024/2024-4tokyo8.pdf,official_daily_result_pdf
202405040808,2024,東京,4,8,8,2024-10-27,https://www.jra.go.jp/datafile/seiseki/report/2024/2024-4tokyo8.pdf,official_daily_result_pdf
202405040809,2024,東京,4,8,9,2024-10-27,https://www.jra.go.jp/datafile/seiseki/report/2024/2024-4tokyo8.pdf,official_daily_result_pdf
202405040810,2024,東京,4,8,10,2024-10-27,https://www.jra.go.jp/datafile/seiseki/report/2024/2024-4tokyo8.pdf,official_daily_result_pdf
202405040811,2024,東京,4,8,11,2024-10-27,https://www.jra.go.jp/datafile/seiseki/report/2024/2024-4tokyo8.pdf,official_daily_result_pdf
202405040812,2024,東京,4,8,12,2024-10-27,https://www.jra.go.jp/datafile/seiseki/report/2024/2024-4tokyo8.pdf,official_daily_result_pdf
202405050101,2024,東京,5,1,1,2024-11-02,https://www.jra.go.jp/datafile/seiseki/report/2024/2024-5tokyo1.pdf,official_daily_result_pdf
202405050102,2024,東京,5,1,2,2024-11-02,https://www.jra.go.jp/datafile/seiseki/report/2024/2024-5tokyo1.pdf,official_daily_result_pdf
202405050103,2024,東京,5,1,3,2024-11-02,https://www.jra.go.jp/datafile/seiseki/report/2024/2024-5tokyo1.pdf,official_daily_result_pdf
202405050104,2024,東京,5,1,4,2024-11-02,https://www.jra.go.jp/datafile/seiseki/report/2024/2024-5tokyo1.pdf,official_daily_result_pdf
202405050105,2024,東京,5,1,5,2024-11-02,https://www.jra.go.jp/datafile/seiseki/report/2024/2024-5tokyo1.pdf,official_daily_result_pdf
202405050106,2024,東京,5,1,6,2024-11-02,https://www.jra.go.jp/datafile/seiseki/report/2024/2024-5tokyo1.pdf,official_daily_result_pdf
202405050107,2024,東京,5,1,7,2024-11-02,https://www.jra.go.jp/datafile/seiseki/report/2024/2024-5tokyo1.pdf,official_daily_result_pdf
202405050108,2024,東京,5,1,8,2024-11-02,https://www.jra.go.jp/datafile/seiseki/report/2024/2024-5tokyo1.pdf,official_daily_result_pdf
202405050109,2024,東京,5,1,9,2024-11-02,https://www.jra.go.jp/datafile/seiseki/report/2024/2024-5tokyo1.pdf,official_daily_result_pdf
202405050110,2024,東京,5,1,10,2024-11-02,https://www.jra.go.jp/datafile/seiseki/report/2024/2024-5tokyo1.pdf,official_daily_result_pdf
202405050111,2024,東京,5,1,11,2024-11-02,https://www.jra.go.jp/datafile/seiseki/report/2024/2024-5tokyo1.pdf,official_daily_result_pdf
202405050112,2024,東京,5,1,12,2024-11-02,https://www.jra.go.jp/datafile/seiseki/report/2024/2024-5tokyo1.pdf,official_daily_result_pdf
202405050201,2024,東京,5,2,1,2024-11-03,https://www.jra.go.jp/datafile/seiseki/report/2024/2024-5tokyo2.pdf,official_daily_result_pdf
202405050202,2024,東京,5,2,2,2024-11-03,https://www.jra.go.jp/datafile/seiseki/report/2024/2024-5tokyo2.pdf,official_daily_result_pdf
202405050203,2024,東京,5,2,3,2024-11-03,https://www.jra.go.jp/datafile/seiseki/report/2024/2024-5tokyo2.pdf,official_daily_result_pdf
202405050204,2024,東京,5,2,4,2024-11-03,https://www.jra.go.jp/datafile/seiseki/report/2024/2024-5tokyo2.pdf,official_daily_result_pdf
202405050205,2024,東京,5,2,5,2024-11-03,https://www.jra.go.jp/datafile/seiseki/report/2024/2024-5tokyo2.pdf,official_daily_result_pdf
202405050206,2024,東京,5,2,6,2024-11-03,https://www.jra.go.jp/datafile/seiseki/report/2024/2024-5tokyo2.pdf,official_daily_result_pdf
202405050207,2024,東京,5,2,7,2024-11-03,https://www.jra.go.jp/datafile/seiseki/report/2024/2024-5tokyo2.pdf,official_daily_result_pdf
202405050208,2024,東京,5,2,8,2024-11-03,https://www.jra.go.jp/datafile/seiseki/report/2024/2024-5tokyo2.pdf,official_daily_result_pdf
202405050209,2024,東京,5,2,9,2024-11-03,https://www.jra.go.jp/datafile/seiseki/report/2024/2024-5tokyo2.pdf,official_daily_result_pdf
202405050210,2024,東京,5,2,10,2024-11-03,https://www.jra.go.jp/datafile/seiseki/report/2024/2024-5tokyo2.pdf,official_daily_result_pdf
202405050211,2024,東京,5,2,11,2024-11-03,https://www.jra.go.jp/datafile/seiseki/report/2024/2024-5tokyo2.pdf,official_daily_result_pdf
202405050212,2024,東京,5,2,12,2024-11-03,https://www.jra.go.jp/datafile/seiseki/report/2024/2024-5tokyo2.pdf,official_daily_result_pdf
202405050301,2024,東京,5,3,1,2024-11-09,https://www.jra.go.jp/datafile/seiseki/report/2024/2024-5tokyo3.pdf,official_daily_result_pdf
202405050302,2024,東京,5,3,2,2024-11-09,https://www.jra.go.jp/datafile/seiseki/report/2024/2024-5tokyo3.pdf,official_daily_result_pdf
202405050303,2024,東京,5,3,3,2024-11-09,https://www.jra.go.jp/datafile/seiseki/report/2024/2024-5tokyo3.pdf,official_daily_result_pdf
202405050304,2024,東京,5,3,4,2024-11-09,https://www.jra.go.jp/datafile/seiseki/report/2024/2024-5tokyo3.pdf,official_daily_result_pdf
202405050305,2024,東京,5,3,5,2024-11-09,https://www.jra.go.jp/datafile/seiseki/report/2024/2024-5tokyo3.pdf,official_daily_result_pdf
202405050306,2024,東京,5,3,6,2024-11-09,https://www.jra.go.jp/datafile/seiseki/report/2024/2024-5tokyo3.pdf,official_daily_result_pdf
202405050307,2024,東京,5,3,7,2024-11-09,https://www.jra.go.jp/datafile/seiseki/report/2024/2024-5tokyo3.pdf,official_daily_result_pdf
202405050308,2024,東京,5,3,8,2024-11-09,https://www.jra.go.jp/datafile/seiseki/report/2024/2024-5tokyo3.pdf,official_daily_result_pdf
202405050309,2024,東京,5,3,9,2024-11-09,https://www.jra.go.jp/datafile/seiseki/report/2024/2024-5tokyo3.pdf,official_daily_result_pdf
202405050310,2024,東京,5,3,10,2024-11-09,https://www.jra.go.jp/datafile/seiseki/report/2024/2024-5tokyo3.pdf,official_daily_result_pdf
202405050311,2024,東京,5,3,11,2024-11-09,https://www.jra.go.jp/datafile/seiseki/report/2024/2024-5tokyo3.pdf,official_daily_result_pdf
202405050312,2024,東京,5,3,12,2024-11-09,https://www.jra.go.jp/datafile/seiseki/report/2024/2024-5tokyo3.pdf,official_daily_result_pdf
202405050401,2024,東京,5,4,1,2024-11-10,https://www.jra.go.jp/datafile/seiseki/report/2024/2024-5tokyo4.pdf,official_daily_result_pdf
202405050402,2024,東京,5,4,2,2024-11-10,https://www.jra.go.jp/datafile/seiseki/report/2024/2024-5tokyo4.pdf,official_daily_result_pdf
202405050403,2024,東京,5,4,3,2024-11-10,https://www.jra.go.jp/datafile/seiseki/report/2024/2024-5tokyo4.pdf,official_daily_result_pdf
202405050404,2024,東京,5,4,4,2024-11-10,https://www.jra.go.jp/datafile/seiseki/report/2024/2024-5tokyo4.pdf,official_daily_result_pdf
202405050405,2024,東京,5,4,5,2024-11-10,https://www.jra.go.jp/datafile/seiseki/report/2024/2024-5tokyo4.pdf,official_daily_result_pdf
202405050406,2024,東京,5,4,6,2024-11-10,https://www.jra.go.jp/datafile/seiseki/report/2024/2024-5tokyo4.pdf,official_daily_result_pdf
202405050407,2024,東京,5,4,7,2024-11-10,https://www.jra.go.jp/datafile/seiseki/report/2024/2024-5tokyo4.pdf,official_daily_result_pdf
202405050408,2024,東京,5,4,8,2024-11-10,https://www.jra.go.jp/datafile/seiseki/report/2024/2024-5tokyo4.pdf,official_daily_result_pdf
202405050409,2024,東京,5,4,9,2024-11-10,https://www.jra.go.jp/datafile/seiseki/report/2024/2024-5tokyo4.pdf,official_daily_result_pdf
202405050410,2024,東京,5,4,10,2024-11-10,https://www.jra.go.jp/datafile/seiseki/report/2024/2024-5tokyo4.pdf,official_daily_result_pdf
202405050411,2024,東京,5,4,11,2024-11-10,https://www.jra.go.jp/datafile/seiseki/report/2024/2024-5tokyo4.pdf,official_daily_result_pdf
202405050412,2024,東京,5,4,12,2024-11-10,https://www.jra.go.jp/datafile/seiseki/report/2024/2024-5tokyo4.pdf,official_daily_result_pdf
202405050501,2024,東京,5,5,1,2024-11-16,https://www.jra.go.jp/datafile/seiseki/report/2024/2024-5tokyo5.pdf,official_daily_result_pdf
202405050502,2024,東京,5,5,2,2024-11-16,https://www.jra.go.jp/datafile/seiseki/report/2024/2024-5tokyo5.pdf,official_daily_result_pdf
202405050503,2024,東京,5,5,3,2024-11-16,https://www.jra.go.jp/datafile/seiseki/report/2024/2024-5tokyo5.pdf,official_daily_result_pdf
202405050504,2024,東京,5,5,4,2024-11-16,https://www.jra.go.jp/datafile/seiseki/report/2024/2024-5tokyo5.pdf,official_daily_result_pdf
202405050505,2024,東京,5,5,5,2024-11-16,https://www.jra.go.jp/datafile/seiseki/report/2024/2024-5tokyo5.pdf,official_daily_result_pdf
202405050506,2024,東京,5,5,6,2024-11-16,https://www.jra.go.jp/datafile/seiseki/report/2024/2024-5tokyo5.pdf,official_daily_result_pdf
202405050507,2024,東京,5,5,7,2024-11-16,https://www.jra.go.jp/datafile/seiseki/report/2024/2024-5tokyo5.pdf,official_daily_result_pdf
202405050508,2024,東京,5,5,8,2024-11-16,https://www.jra.go.jp/datafile/seiseki/report/2024/2024-5tokyo5.pdf,official_daily_result_pdf
202405050509,2024,東京,5,5,9,2024-11-16,https://www.jra.go.jp/datafile/seiseki/report/2024/2024-5tokyo5.pdf,official_daily_result_pdf
202405050510,2024,東京,5,5,10,2024-11-16,https://www.jra.go.jp/datafile/seiseki/report/2024/2024-5tokyo5.pdf,official_daily_result_pdf
202405050511,2024,東京,5,5,11,2024-11-16,https://www.jra.go.jp/datafile/seiseki/report/2024/2024-5tokyo5.pdf,official_daily_result_pdf
202405050512,2024,東京,5,5,12,2024-11-16,https://www.jra.go.jp/datafile/seiseki/report/2024/2024-5tokyo5.pdf,official_daily_result_pdf
202405050601,2024,東京,5,6,1,2024-11-17,https://www.jra.go.jp/datafile/seiseki/report/2024/2024-5tokyo6.pdf,official_daily_result_pdf
202405050602,2024,東京,5,6,2,2024-11-17,https://www.jra.go.jp/datafile/seiseki/report/2024/2024-5tokyo6.pdf,official_daily_result_pdf
202405050603,2024,東京,5,6,3,2024-11-17,https://www.jra.go.jp/datafile/seiseki/report/2024/2024-5tokyo6.pdf,official_daily_result_pdf
202405050604,2024,東京,5,6,4,2024-11-17,https://www.jra.go.jp/datafile/seiseki/report/2024/2024-5tokyo6.pdf,official_daily_result_pdf
202405050605,2024,東京,5,6,5,2024-11-17,https://www.jra.go.jp/datafile/seiseki/report/2024/2024-5tokyo6.pdf,official_daily_result_pdf
202405050606,2024,東京,5,6,6,2024-11-17,https://www.jra.go.jp/datafile/seiseki/report/2024/2024-5tokyo6.pdf,official_daily_result_pdf
202405050607,2024,東京,5,6,7,2024-11-17,https://www.jra.go.jp/datafile/seiseki/report/2024/2024-5tokyo6.pdf,official_daily_result_pdf
202405050608,2024,東京,5,6,8,2024-11-17,https://www.jra.go.jp/datafile/seiseki/report/2024/2024-5tokyo6.pdf,official_daily_result_pdf
202405050609,2024,東京,5,6,9,2024-11-17,https://www.jra.go.jp/datafile/seiseki/report/2024/2024-5tokyo6.pdf,official_daily_result_pdf
202405050610,2024,東京,5,6,10,2024-11-17,https://www.jra.go.jp/datafile/seiseki/report/2024/2024-5tokyo6.pdf,official_daily_result_pdf
202405050611,2024,東京,5,6,11,2024-11-17,https://www.jra.go.jp/datafile/seiseki/report/2024/2024-5tokyo6.pdf,official_daily_result_pdf
202405050612,2024,東京,5,6,12,2024-11-17,https://www.jra.go.jp/datafile/seiseki/report/2024/2024-5tokyo6.pdf,official_daily_result_pdf
202405050701,2024,東京,5,7,1,2024-11-23,https://www.jra.go.jp/datafile/seiseki/report/2024/2024-5tokyo7.pdf,official_daily_result_pdf
202405050702,2024,東京,5,7,2,2024-11-23,https://www.jra.go.jp/datafile/seiseki/report/2024/2024-5tokyo7.pdf,official_daily_result_pdf
202405050703,2024,東京,5,7,3,2024-11-23,https://www.jra.go.jp/datafile/seiseki/report/2024/2024-5tokyo7.pdf,official_daily_result_pdf
202405050704,2024,東京,5,7,4,2024-11-23,https://www.jra.go.jp/datafile/seiseki/report/2024/2024-5tokyo7.pdf,official_daily_result_pdf
202405050705,2024,東京,5,7,5,2024-11-23,https://www.jra.go.jp/datafile/seiseki/report/2024/2024-5tokyo7.pdf,official_daily_result_pdf
202405050706,2024,東京,5,7,6,2024-11-23,https://www.jra.go.jp/datafile/seiseki/report/2024/2024-5tokyo7.pdf,official_daily_result_pdf
202405050707,2024,東京,5,7,7,2024-11-23,https://www.jra.go.jp/datafile/seiseki/report/2024/2024-5tokyo7.pdf,official_daily_result_pdf
202405050708,2024,東京,5,7,8,2024-11-23,https://www.jra.go.jp/datafile/seiseki/report/2024/2024-5tokyo7.pdf,official_daily_result_pdf
202405050709,2024,東京,5,7,9,2024-11-23,https://www.jra.go.jp/datafile/seiseki/report/2024/2024-5tokyo7.pdf,official_daily_result_pdf
202405050710,2024,東京,5,7,10,2024-11-23,https://www.jra.go.jp/datafile/seiseki/report/2024/2024-5tokyo7.pdf,official_daily_result_pdf
202405050711,2024,東京,5,7,11,2024-11-23,https://www.jra.go.jp/datafile/seiseki/report/2024/2024-5tokyo7.pdf,official_daily_result_pdf
202405050712,2024,東京,5,7,12,2024-11-23,https://www.jra.go.jp/datafile/seiseki/report/2024/2024-5tokyo7.pdf,official_daily_result_pdf
202405050801,2024,東京,5,8,1,2024-11-24,https://www.jra.go.jp/datafile/seiseki/report/2024/2024-5tokyo8.pdf,official_daily_result_pdf
202405050802,2024,東京,5,8,2,2024-11-24,https://www.jra.go.jp/datafile/seiseki/report/2024/2024-5tokyo8.pdf,official_daily_result_pdf
202405050803,2024,東京,5,8,3,2024-11-24,https://www.jra.go.jp/datafile/seiseki/report/2024/2024-5tokyo8.pdf,official_daily_result_pdf
202405050804,2024,東京,5,8,4,2024-11-24,https://www.jra.go.jp/datafile/seiseki/report/2024/2024-5tokyo8.pdf,official_daily_result_pdf
202405050805,2024,東京,5,8,5,2024-11-24,https://www.jra.go.jp/datafile/seiseki/report/2024/2024-5tokyo8.pdf,official_daily_result_pdf
202405050806,2024,東京,5,8,6,2024-11-24,https://www.jra.go.jp/datafile/seiseki/report/2024/2024-5tokyo8.pdf,official_daily_result_pdf
202405050807,2024,東京,5,8,7,2024-11-24,https://www.jra.go.jp/datafile/seiseki/report/2024/2024-5tokyo8.pdf,official_daily_result_pdf
202405050808,2024,東京,5,8,8,2024-11-24,https://www.jra.go.jp/datafile/seiseki/report/2024/2024-5tokyo8.pdf,official_daily_result_pdf
202405050809,2024,東京,5,8,9,2024-11-24,https://www.jra.go.jp/datafile/seiseki/report/2024/2024-5tokyo8.pdf,official_daily_result_pdf
202405050810,2024,東京,5,8,10,2024-11-24,https://www.jra.go.jp/datafile/seiseki/report/2024/2024-5tokyo8.pdf,official_daily_result_pdf
202405050811,2024,東京,5,8,11,2024-11-24,https://www.jra.go.jp/datafile/seiseki/report/2024/2024-5tokyo8.pdf,official_daily_result_pdf
202405050812,2024,東京,5,8,12,2024-11-24,https://www.jra.go.jp/datafile/seiseki/report/2024/2024-5tokyo8.pdf,official_daily_result_pdf
202406010101,2024,中山,1,1,1,2024-01-06,https://www.jra.go.jp/datafile/seiseki/report/2024/2024-1nakayama1.pdf,official_daily_result_pdf
202406010102,2024,中山,1,1,2,2024-01-06,https://www.jra.go.jp/datafile/seiseki/report/2024/2024-1nakayama1.pdf,official_daily_result_pdf
202406010103,2024,中山,1,1,3,2024-01-06,https://www.jra.go.jp/datafile/seiseki/report/2024/2024-1nakayama1.pdf,official_daily_result_pdf
202406010104,2024,中山,1,1,4,2024-01-06,https://www.jra.go.jp/datafile/seiseki/report/2024/2024-1nakayama1.pdf,official_daily_result_pdf
202406010105,2024,中山,1,1,5,2024-01-06,https://www.jra.go.jp/datafile/seiseki/report/2024/2024-1nakayama1.pdf,official_daily_result_pdf
202406010106,2024,中山,1,1,6,2024-01-06,https://www.jra.go.jp/datafile/seiseki/report/2024/2024-1nakayama1.pdf,official_daily_result_pdf
202406010107,2024,中山,1,1,7,2024-01-06,https://www.jra.go.jp/datafile/seiseki/report/2024/2024-1nakayama1.pdf,official_daily_result_pdf
202406010108,2024,中山,1,1,8,2024-01-06,https://www.jra.go.jp/datafile/seiseki/report/2024/2024-1nakayama1.pdf,official_daily_result_pdf
202406010109,2024,中山,1,1,9,2024-01-06,https://www.jra.go.jp/datafile/seiseki/report/2024/2024-1nakayama1.pdf,official_daily_result_pdf
202406010110,2024,中山,1,1,10,2024-01-06,https://www.jra.go.jp/datafile/seiseki/report/2024/2024-1nakayama1.pdf,official_daily_result_pdf
202406010111,2024,中山,1,1,11,2024-01-06,https://www.jra.go.jp/datafile/seiseki/report/2024/2024-1nakayama1.pdf,official_daily_result_pdf
202406010112,2024,中山,1,1,12,2024-01-06,https://www.jra.go.jp/datafile/seiseki/report/2024/2024-1nakayama1.pdf,official_daily_result_pdf
202406010201,2024,中山,1,2,1,2024-01-07,https://www.jra.go.jp/datafile/seiseki/report/2024/2024-1nakayama2.pdf,official_daily_result_pdf
202406010202,2024,中山,1,2,2,2024-01-07,https://www.jra.go.jp/datafile/seiseki/report/2024/2024-1nakayama2.pdf,official_daily_result_pdf
202406010203,2024,中山,1,2,3,2024-01-07,https://www.jra.go.jp/datafile/seiseki/report/2024/2024-1nakayama2.pdf,official_daily_result_pdf
202406010204,2024,中山,1,2,4,2024-01-07,https://www.jra.go.jp/datafile/seiseki/report/2024/2024-1nakayama2.pdf,official_daily_result_pdf
202406010205,2024,中山,1,2,5,2024-01-07,https://www.jra.go.jp/datafile/seiseki/report/2024/2024-1nakayama2.pdf,official_daily_result_pdf
202406010206,2024,中山,1,2,6,2024-01-07,https://www.jra.go.jp/datafile/seiseki/report/2024/2024-1nakayama2.pdf,official_daily_result_pdf
202406010207,2024,中山,1,2,7,2024-01-07,https://www.jra.go.jp/datafile/seiseki/report/2024/2024-1nakayama2.pdf,official_daily_result_pdf
202406010208,2024,中山,1,2,8,2024-01-07,https://www.jra.go.jp/datafile/seiseki/report/2024/2024-1nakayama2.pdf,official_daily_result_pdf
202406010209,2024,中山,1,2,9,2024-01-07,https://www.jra.go.jp/datafile/seiseki/report/2024/2024-1nakayama2.pdf,official_daily_result_pdf
202406010210,2024,中山,1,2,10,2024-01-07,https://www.jra.go.jp/datafile/seiseki/report/2024/2024-1nakayama2.pdf,official_daily_result_pdf
202406010211,2024,中山,1,2,11,2024-01-07,https://www.jra.go.jp/datafile/seiseki/report/2024/2024-1nakayama2.pdf,official_daily_result_pdf
202406010212,2024,中山,1,2,12,2024-01-07,https://www.jra.go.jp/datafile/seiseki/report/2024/2024-1nakayama2.pdf,official_daily_result_pdf
202406010301,2024,中山,1,3,1,2024-01-08,https://www.jra.go.jp/datafile/seiseki/report/2024/2024-1nakayama3.pdf,official_daily_result_pdf
202406010302,2024,中山,1,3,2,2024-01-08,https://www.jra.go.jp/datafile/seiseki/report/2024/2024-1nakayama3.pdf,official_daily_result_pdf
202406010303,2024,中山,1,3,3,2024-01-08,https://www.jra.go.jp/datafile/seiseki/report/2024/2024-1nakayama3.pdf,official_daily_result_pdf
202406010304,2024,中山,1,3,4,2024-01-08,https://www.jra.go.jp/datafile/seiseki/report/2024/2024-1nakayama3.pdf,official_daily_result_pdf
202406010305,2024,中山,1,3,5,2024-01-08,https://www.jra.go.jp/datafile/seiseki/report/2024/2024-1nakayama3.pdf,official_daily_result_pdf
202406010306,2024,中山,1,3,6,2024-01-08,https://www.jra.go.jp/datafile/seiseki/report/2024/2024-1nakayama3.pdf,official_daily_result_pdf
202406010307,2024,中山,1,3,7,2024-01-08,https://www.jra.go.jp/datafile/seiseki/report/2024/2024-1nakayama3.pdf,official_daily_result_pdf
202406010308,2024,中山,1,3,8,2024-01-08,https://www.jra.go.jp/datafile/seiseki/report/2024/2024-1nakayama3.pdf,official_daily_result_pdf
202406010309,2024,中山,1,3,9,2024-01-08,https://www.jra.go.jp/datafile/seiseki/report/2024/2024-1nakayama3.pdf,official_daily_result_pdf
202406010310,2024,中山,1,3,10,2024-01-08,https://www.jra.go.jp/datafile/seiseki/report/2024/2024-1nakayama3.pdf,official_daily_result_pdf
202406010311,2024,中山,1,3,11,2024-01-08,https://www.jra.go.jp/datafile/seiseki/report/2024/2024-1nakayama3.pdf,official_daily_result_pdf
202406010312,2024,中山,1,3,12,2024-01-08,https://www.jra.go.jp/datafile/seiseki/report/2024/2024-1nakayama3.pdf,official_daily_result_pdf
202406010401,2024,中山,1,4,1,2024-01-13,https://www.jra.go.jp/datafile/seiseki/report/2024/2024-1nakayama4.pdf,official_daily_result_pdf
202406010402,2024,中山,1,4,2,2024-01-13,https://www.jra.go.jp/datafile/seiseki/report/2024/2024-1nakayama4.pdf,official_daily_result_pdf
202406010403,2024,中山,1,4,3,2024-01-13,https://www.jra.go.jp/datafile/seiseki/report/2024/2024-1nakayama4.pdf,official_daily_result_pdf
202406010404,2024,中山,1,4,4,2024-01-13,https://www.jra.go.jp/datafile/seiseki/report/2024/2024-1nakayama4.pdf,official_daily_result_pdf
202406010405,2024,中山,1,4,5,2024-01-13,https://www.jra.go.jp/datafile/seiseki/report/2024/2024-1nakayama4.pdf,official_daily_result_pdf
202406010406,2024,中山,1,4,6,2024-01-13,https://www.jra.go.jp/datafile/seiseki/report/2024/2024-1nakayama4.pdf,official_daily_result_pdf
202406010407,2024,中山,1,4,7,2024-01-13,https://www.jra.go.jp/datafile/seiseki/report/2024/2024-1nakayama4.pdf,official_daily_result_pdf
202406010408,2024,中山,1,4,8,2024-01-13,https://www.jra.go.jp/datafile/seiseki/report/2024/2024-1nakayama4.pdf,official_daily_result_pdf
202406010409,2024,中山,1,4,9,2024-01-13,https://www.jra.go.jp/datafile/seiseki/report/2024/2024-1nakayama4.pdf,official_daily_result_pdf
202406010410,2024,中山,1,4,10,2024-01-13,https://www.jra.go.jp/datafile/seiseki/report/2024/2024-1nakayama4.pdf,official_daily_result_pdf
202406010411,2024,中山,1,4,11,2024-01-13,https://www.jra.go.jp/datafile/seiseki/report/2024/2024-1nakayama4.pdf,official_daily_result_pdf
202406010412,2024,中山,1,4,12,2024-01-13,https://www.jra.go.jp/datafile/seiseki/report/2024/2024-1nakayama4.pdf,official_daily_result_pdf
202406010501,2024,中山,1,5,1,2024-01-14,https://www.jra.go.jp/datafile/seiseki/report/2024/2024-1nakayama5.pdf,official_daily_result_pdf
202406010502,2024,中山,1,5,2,2024-01-14,https://www.jra.go.jp/datafile/seiseki/report/2024/2024-1nakayama5.pdf,official_daily_result_pdf
202406010503,2024,中山,1,5,3,2024-01-14,https://www.jra.go.jp/datafile/seiseki/report/2024/2024-1nakayama5.pdf,official_daily_result_pdf
202406010504,2024,中山,1,5,4,2024-01-14,https://www.jra.go.jp/datafile/seiseki/report/2024/2024-1nakayama5.pdf,official_daily_result_pdf
202406010505,2024,中山,1,5,5,2024-01-14,https://www.jra.go.jp/datafile/seiseki/report/2024/2024-1nakayama5.pdf,official_daily_result_pdf
202406010506,2024,中山,1,5,6,2024-01-14,https://www.jra.go.jp/datafile/seiseki/report/2024/2024-1nakayama5.pdf,official_daily_result_pdf
202406010507,2024,中山,1,5,7,2024-01-14,https://www.jra.go.jp/datafile/seiseki/report/2024/2024-1nakayama5.pdf,official_daily_result_pdf
202406010508,2024,中山,1,5,8,2024-01-14,https://www.jra.go.jp/datafile/seiseki/report/2024/2024-1nakayama5.pdf,official_daily_result_pdf
202406010509,2024,中山,1,5,9,2024-01-14,https://www.jra.go.jp/datafile/seiseki/report/2024/2024-1nakayama5.pdf,official_daily_result_pdf
202406010510,2024,中山,1,5,10,2024-01-14,https://www.jra.go.jp/datafile/seiseki/report/2024/2024-1nakayama5.pdf,official_daily_result_pdf
202406010511,2024,中山,1,5,11,2024-01-14,https://www.jra.go.jp/datafile/seiseki/report/2024/2024-1nakayama5.pdf,official_daily_result_pdf
202406010512,2024,中山,1,5,12,2024-01-14,https://www.jra.go.jp/datafile/seiseki/report/2024/2024-1nakayama5.pdf,official_daily_result_pdf
202406010601,2024,中山,1,6,1,2024-01-20,https://www.jra.go.jp/datafile/seiseki/report/2024/2024-1nakayama6.pdf,official_daily_result_pdf
202406010602,2024,中山,1,6,2,2024-01-20,https://www.jra.go.jp/datafile/seiseki/report/2024/2024-1nakayama6.pdf,official_daily_result_pdf
202406010603,2024,中山,1,6,3,2024-01-20,https://www.jra.go.jp/datafile/seiseki/report/2024/2024-1nakayama6.pdf,official_daily_result_pdf
202406010604,2024,中山,1,6,4,2024-01-20,https://www.jra.go.jp/datafile/seiseki/report/2024/2024-1nakayama6.pdf,official_daily_result_pdf
202406010605,2024,中山,1,6,5,2024-01-20,https://www.jra.go.jp/datafile/seiseki/report/2024/2024-1nakayama6.pdf,official_daily_result_pdf
202406010606,2024,中山,1,6,6,2024-01-20,https://www.jra.go.jp/datafile/seiseki/report/2024/2024-1nakayama6.pdf,official_daily_result_pdf
202406010607,2024,中山,1,6,7,2024-01-20,https://www.jra.go.jp/datafile/seiseki/report/2024/2024-1nakayama6.pdf,official_daily_result_pdf
202406010608,2024,中山,1,6,8,2024-01-20,https://www.jra.go.jp/datafile/seiseki/report/2024/2024-1nakayama6.pdf,official_daily_result_pdf
202406010609,2024,中山,1,6,9,2024-01-20,https://www.jra.go.jp/datafile/seiseki/report/2024/2024-1nakayama6.pdf,official_daily_result_pdf
202406010610,2024,中山,1,6,10,2024-01-20,https://www.jra.go.jp/datafile/seiseki/report/2024/2024-1nakayama6.pdf,official_daily_result_pdf
202406010611,2024,中山,1,6,11,2024-01-20,https://www.jra.go.jp/datafile/seiseki/report/2024/2024-1nakayama6.pdf,official_daily_result_pdf
202406010612,2024,中山,1,6,12,2024-01-20,https://www.jra.go.jp/datafile/seiseki/report/2024/2024-1nakayama6.pdf,official_daily_result_pdf
202406010701,2024,中山,1,7,1,2024-01-21,https://www.jra.go.jp/datafile/seiseki/report/2024/2024-1nakayama7.pdf,official_daily_result_pdf
202406010702,2024,中山,1,7,2,2024-01-21,https://www.jra.go.jp/datafile/seiseki/report/2024/2024-1nakayama7.pdf,official_daily_result_pdf
202406010703,2024,中山,1,7,3,2024-01-21,https://www.jra.go.jp/datafile/seiseki/report/2024/2024-1nakayama7.pdf,official_daily_result_pdf
202406010704,2024,中山,1,7,4,2024-01-21,https://www.jra.go.jp/datafile/seiseki/report/2024/2024-1nakayama7.pdf,official_daily_result_pdf
202406010705,2024,中山,1,7,5,2024-01-21,https://www.jra.go.jp/datafile/seiseki/report/2024/2024-1nakayama7.pdf,official_daily_result_pdf
202406010706,2024,中山,1,7,6,2024-01-21,https://www.jra.go.jp/datafile/seiseki/report/2024/2024-1nakayama7.pdf,official_daily_result_pdf
202406010707,2024,中山,1,7,7,2024-01-21,https://www.jra.go.jp/datafile/seiseki/report/2024/2024-1nakayama7.pdf,official_daily_result_pdf
202406010708,2024,中山,1,7,8,2024-01-21,https://www.jra.go.jp/datafile/seiseki/report/2024/2024-1nakayama7.pdf,official_daily_result_pdf
202406010709,2024,中山,1,7,9,2024-01-21,https://www.jra.go.jp/datafile/seiseki/report/2024/2024-1nakayama7.pdf,official_daily_result_pdf
202406010710,2024,中山,1,7,10,2024-01-21,https://www.jra.go.jp/datafile/seiseki/report/2024/2024-1nakayama7.pdf,official_daily_result_pdf
202406010711,2024,中山,1,7,11,2024-01-21,https://www.jra.go.jp/datafile/seiseki/report/2024/2024-1nakayama7.pdf,official_daily_result_pdf
202406010712,2024,中山,1,7,12,2024-01-21,https://www.jra.go.jp/datafile/seiseki/report/2024/2024-1nakayama7.pdf,official_daily_result_pdf
202406020101,2024,中山,2,1,1,2024-02-24,https://www.jra.go.jp/datafile/seiseki/report/2024/2024-2nakayama1.pdf,official_daily_result_pdf
202406020102,2024,中山,2,1,2,2024-02-24,https://www.jra.go.jp/datafile/seiseki/report/2024/2024-2nakayama1.pdf,official_daily_result_pdf
202406020103,2024,中山,2,1,3,2024-02-24,https://www.jra.go.jp/datafile/seiseki/report/2024/2024-2nakayama1.pdf,official_daily_result_pdf
202406020104,2024,中山,2,1,4,2024-02-24,https://www.jra.go.jp/datafile/seiseki/report/2024/2024-2nakayama1.pdf,official_daily_result_pdf
202406020105,2024,中山,2,1,5,2024-02-24,https://www.jra.go.jp/datafile/seiseki/report/2024/2024-2nakayama1.pdf,official_daily_result_pdf
202406020106,2024,中山,2,1,6,2024-02-24,https://www.jra.go.jp/datafile/seiseki/report/2024/2024-2nakayama1.pdf,official_daily_result_pdf
202406020107,2024,中山,2,1,7,2024-02-24,https://www.jra.go.jp/datafile/seiseki/report/2024/2024-2nakayama1.pdf,official_daily_result_pdf
202406020108,2024,中山,2,1,8,2024-02-24,https://www.jra.go.jp/datafile/seiseki/report/2024/2024-2nakayama1.pdf,official_daily_result_pdf
202406020109,2024,中山,2,1,9,2024-02-24,https://www.jra.go.jp/datafile/seiseki/report/2024/2024-2nakayama1.pdf,official_daily_result_pdf
202406020110,2024,中山,2,1,10,2024-02-24,https://www.jra.go.jp/datafile/seiseki/report/2024/2024-2nakayama1.pdf,official_daily_result_pdf
202406020111,2024,中山,2,1,11,2024-02-24,https://www.jra.go.jp/datafile/seiseki/report/2024/2024-2nakayama1.pdf,official_daily_result_pdf
202406020112,2024,中山,2,1,12,2024-02-24,https://www.jra.go.jp/datafile/seiseki/report/2024/2024-2nakayama1.pdf,official_daily_result_pdf
202406020201,2024,中山,2,2,1,2024-02-25,https://www.jra.go.jp/datafile/seiseki/report/2024/2024-2nakayama2.pdf,official_daily_result_pdf
202406020202,2024,中山,2,2,2,2024-02-25,https://www.jra.go.jp/datafile/seiseki/report/2024/2024-2nakayama2.pdf,official_daily_result_pdf
202406020203,2024,中山,2,2,3,2024-02-25,https://www.jra.go.jp/datafile/seiseki/report/2024/2024-2nakayama2.pdf,official_daily_result_pdf
202406020204,2024,中山,2,2,4,2024-02-25,https://www.jra.go.jp/datafile/seiseki/report/2024/2024-2nakayama2.pdf,official_daily_result_pdf
202406020205,2024,中山,2,2,5,2024-02-25,https://www.jra.go.jp/datafile/seiseki/report/2024/2024-2nakayama2.pdf,official_daily_result_pdf
202406020206,2024,中山,2,2,6,2024-02-25,https://www.jra.go.jp/datafile/seiseki/report/2024/2024-2nakayama2.pdf,official_daily_result_pdf
202406020207,2024,中山,2,2,7,2024-02-25,https://www.jra.go.jp/datafile/seiseki/report/2024/2024-2nakayama2.pdf,official_daily_result_pdf
202406020208,2024,中山,2,2,8,2024-02-25,https://www.jra.go.jp/datafile/seiseki/report/2024/2024-2nakayama2.pdf,official_daily_result_pdf
202406020209,2024,中山,2,2,9,2024-02-25,https://www.jra.go.jp/datafile/seiseki/report/2024/2024-2nakayama2.pdf,official_daily_result_pdf
202406020210,2024,中山,2,2,10,2024-02-25,https://www.jra.go.jp/datafile/seiseki/report/2024/2024-2nakayama2.pdf,official_daily_result_pdf
202406020211,2024,中山,2,2,11,2024-02-25,https://www.jra.go.jp/datafile/seiseki/report/2024/2024-2nakayama2.pdf,official_daily_result_pdf
202406020212,2024,中山,2,2,12,2024-02-25,https://www.jra.go.jp/datafile/seiseki/report/2024/2024-2nakayama2.pdf,official_daily_result_pdf
202406020301,2024,中山,2,3,1,2024-03-02,https://www.jra.go.jp/datafile/seiseki/report/2024/2024-2nakayama3.pdf,official_daily_result_pdf
202406020302,2024,中山,2,3,2,2024-03-02,https://www.jra.go.jp/datafile/seiseki/report/2024/2024-2nakayama3.pdf,official_daily_result_pdf
202406020303,2024,中山,2,3,3,2024-03-02,https://www.jra.go.jp/datafile/seiseki/report/2024/2024-2nakayama3.pdf,official_daily_result_pdf
202406020304,2024,中山,2,3,4,2024-03-02,https://www.jra.go.jp/datafile/seiseki/report/2024/2024-2nakayama3.pdf,official_daily_result_pdf
202406020305,2024,中山,2,3,5,2024-03-02,https://www.jra.go.jp/datafile/seiseki/report/2024/2024-2nakayama3.pdf,official_daily_result_pdf
202406020306,2024,中山,2,3,6,2024-03-02,https://www.jra.go.jp/datafile/seiseki/report/2024/2024-2nakayama3.pdf,official_daily_result_pdf
202406020307,2024,中山,2,3,7,2024-03-02,https://www.jra.go.jp/datafile/seiseki/report/2024/2024-2nakayama3.pdf,official_daily_result_pdf
202406020308,2024,中山,2,3,8,2024-03-02,https://www.jra.go.jp/datafile/seiseki/report/2024/2024-2nakayama3.pdf,official_daily_result_pdf
202406020309,2024,中山,2,3,9,2024-03-02,https://www.jra.go.jp/datafile/seiseki/report/2024/2024-2nakayama3.pdf,official_daily_result_pdf
202406020310,2024,中山,2,3,10,2024-03-02,https://www.jra.go.jp/datafile/seiseki/report/2024/2024-2nakayama3.pdf,official_daily_result_pdf
202406020311,2024,中山,2,3,11,2024-03-02,https://www.jra.go.jp/datafile/seiseki/report/2024/2024-2nakayama3.pdf,official_daily_result_pdf
202406020312,2024,中山,2,3,12,2024-03-02,https://www.jra.go.jp/datafile/seiseki/report/2024/2024-2nakayama3.pdf,official_daily_result_pdf
202406020401,2024,中山,2,4,1,2024-03-03,https://www.jra.go.jp/datafile/seiseki/report/2024/2024-2nakayama4.pdf,official_daily_result_pdf
202406020402,2024,中山,2,4,2,2024-03-03,https://www.jra.go.jp/datafile/seiseki/report/2024/2024-2nakayama4.pdf,official_daily_result_pdf
202406020403,2024,中山,2,4,3,2024-03-03,https://www.jra.go.jp/datafile/seiseki/report/2024/2024-2nakayama4.pdf,official_daily_result_pdf
202406020404,2024,中山,2,4,4,2024-03-03,https://www.jra.go.jp/datafile/seiseki/report/2024/2024-2nakayama4.pdf,official_daily_result_pdf
202406020405,2024,中山,2,4,5,2024-03-03,https://www.jra.go.jp/datafile/seiseki/report/2024/2024-2nakayama4.pdf,official_daily_result_pdf
202406020406,2024,中山,2,4,6,2024-03-03,https://www.jra.go.jp/datafile/seiseki/report/2024/2024-2nakayama4.pdf,official_daily_result_pdf
202406020407,2024,中山,2,4,7,2024-03-03,https://www.jra.go.jp/datafile/seiseki/report/2024/2024-2nakayama4.pdf,official_daily_result_pdf
202406020408,2024,中山,2,4,8,2024-03-03,https://www.jra.go.jp/datafile/seiseki/report/2024/2024-2nakayama4.pdf,official_daily_result_pdf
202406020409,2024,中山,2,4,9,2024-03-03,https://www.jra.go.jp/datafile/seiseki/report/2024/2024-2nakayama4.pdf,official_daily_result_pdf
202406020410,2024,中山,2,4,10,2024-03-03,https://www.jra.go.jp/datafile/seiseki/report/2024/2024-2nakayama4.pdf,official_daily_result_pdf
202406020411,2024,中山,2,4,11,2024-03-03,https://www.jra.go.jp/datafile/seiseki/report/2024/2024-2nakayama4.pdf,official_daily_result_pdf
202406020412,2024,中山,2,4,12,2024-03-03,https://www.jra.go.jp/datafile/seiseki/report/2024/2024-2nakayama4.pdf,official_daily_result_pdf
202406020501,2024,中山,2,5,1,2024-03-09,https://www.jra.go.jp/datafile/seiseki/report/2024/2024-2nakayama5.pdf,official_daily_result_pdf
202406020502,2024,中山,2,5,2,2024-03-09,https://www.jra.go.jp/datafile/seiseki/report/2024/2024-2nakayama5.pdf,official_daily_result_pdf
202406020503,2024,中山,2,5,3,2024-03-09,https://www.jra.go.jp/datafile/seiseki/report/2024/2024-2nakayama5.pdf,official_daily_result_pdf
202406020504,2024,中山,2,5,4,2024-03-09,https://www.jra.go.jp/datafile/seiseki/report/2024/2024-2nakayama5.pdf,official_daily_result_pdf
202406020505,2024,中山,2,5,5,2024-03-09,https://www.jra.go.jp/datafile/seiseki/report/2024/2024-2nakayama5.pdf,official_daily_result_pdf
202406020506,2024,中山,2,5,6,2024-03-09,https://www.jra.go.jp/datafile/seiseki/report/2024/2024-2nakayama5.pdf,official_daily_result_pdf
202406020507,2024,中山,2,5,7,2024-03-09,https://www.jra.go.jp/datafile/seiseki/report/2024/2024-2nakayama5.pdf,official_daily_result_pdf
202406020508,2024,中山,2,5,8,2024-03-09,https://www.jra.go.jp/datafile/seiseki/report/2024/2024-2nakayama5.pdf,official_daily_result_pdf
202406020509,2024,中山,2,5,9,2024-03-09,https://www.jra.go.jp/datafile/seiseki/report/2024/2024-2nakayama5.pdf,official_daily_result_pdf
202406020510,2024,中山,2,5,10,2024-03-09,https://www.jra.go.jp/datafile/seiseki/report/2024/2024-2nakayama5.pdf,official_daily_result_pdf
202406020511,2024,中山,2,5,11,2024-03-09,https://www.jra.go.jp/datafile/seiseki/report/2024/2024-2nakayama5.pdf,official_daily_result_pdf
202406020512,2024,中山,2,5,12,2024-03-09,https://www.jra.go.jp/datafile/seiseki/report/2024/2024-2nakayama5.pdf,official_daily_result_pdf
202406020601,2024,中山,2,6,1,2024-03-10,https://www.jra.go.jp/datafile/seiseki/report/2024/2024-2nakayama6.pdf,official_daily_result_pdf
202406020602,2024,中山,2,6,2,2024-03-10,https://www.jra.go.jp/datafile/seiseki/report/2024/2024-2nakayama6.pdf,official_daily_result_pdf
202406020603,2024,中山,2,6,3,2024-03-10,https://www.jra.go.jp/datafile/seiseki/report/2024/2024-2nakayama6.pdf,official_daily_result_pdf
202406020604,2024,中山,2,6,4,2024-03-10,https://www.jra.go.jp/datafile/seiseki/report/2024/2024-2nakayama6.pdf,official_daily_result_pdf
202406020605,2024,中山,2,6,5,2024-03-10,https://www.jra.go.jp/datafile/seiseki/report/2024/2024-2nakayama6.pdf,official_daily_result_pdf
202406020606,2024,中山,2,6,6,2024-03-10,https://www.jra.go.jp/datafile/seiseki/report/2024/2024-2nakayama6.pdf,official_daily_result_pdf
202406020607,2024,中山,2,6,7,2024-03-10,https://www.jra.go.jp/datafile/seiseki/report/2024/2024-2nakayama6.pdf,official_daily_result_pdf
202406020608,2024,中山,2,6,8,2024-03-10,https://www.jra.go.jp/datafile/seiseki/report/2024/2024-2nakayama6.pdf,official_daily_result_pdf
202406020609,2024,中山,2,6,9,2024-03-10,https://www.jra.go.jp/datafile/seiseki/report/2024/2024-2nakayama6.pdf,official_daily_result_pdf
202406020610,2024,中山,2,6,10,2024-03-10,https://www.jra.go.jp/datafile/seiseki/report/2024/2024-2nakayama6.pdf,official_daily_result_pdf
202406020611,2024,中山,2,6,11,2024-03-10,https://www.jra.go.jp/datafile/seiseki/report/2024/2024-2nakayama6.pdf,official_daily_result_pdf
202406020612,2024,中山,2,6,12,2024-03-10,https://www.jra.go.jp/datafile/seiseki/report/2024/2024-2nakayama6.pdf,official_daily_result_pdf
202406020701,2024,中山,2,7,1,2024-03-16,https://www.jra.go.jp/datafile/seiseki/report/2024/2024-2nakayama7.pdf,official_daily_result_pdf
202406020702,2024,中山,2,7,2,2024-03-16,https://www.jra.go.jp/datafile/seiseki/report/2024/2024-2nakayama7.pdf,official_daily_result_pdf
202406020703,2024,中山,2,7,3,2024-03-16,https://www.jra.go.jp/datafile/seiseki/report/2024/2024-2nakayama7.pdf,official_daily_result_pdf
202406020704,2024,中山,2,7,4,2024-03-16,https://www.jra.go.jp/datafile/seiseki/report/2024/2024-2nakayama7.pdf,official_daily_result_pdf
202406020705,2024,中山,2,7,5,2024-03-16,https://www.jra.go.jp/datafile/seiseki/report/2024/2024-2nakayama7.pdf,official_daily_result_pdf
202406020706,2024,中山,2,7,6,2024-03-16,https://www.jra.go.jp/datafile/seiseki/report/2024/2024-2nakayama7.pdf,official_daily_result_pdf
202406020707,2024,中山,2,7,7,2024-03-16,https://www.jra.go.jp/datafile/seiseki/report/2024/2024-2nakayama7.pdf,official_daily_result_pdf
202406020708,2024,中山,2,7,8,2024-03-16,https://www.jra.go.jp/datafile/seiseki/report/2024/2024-2nakayama7.pdf,official_daily_result_pdf
202406020709,2024,中山,2,7,9,2024-03-16,https://www.jra.go.jp/datafile/seiseki/report/2024/2024-2nakayama7.pdf,official_daily_result_pdf
202406020710,2024,中山,2,7,10,2024-03-16,https://www.jra.go.jp/datafile/seiseki/report/2024/2024-2nakayama7.pdf,official_daily_result_pdf
202406020711,2024,中山,2,7,11,2024-03-16,https://www.jra.go.jp/datafile/seiseki/report/2024/2024-2nakayama7.pdf,official_daily_result_pdf
202406020712,2024,中山,2,7,12,2024-03-16,https://www.jra.go.jp/datafile/seiseki/report/2024/2024-2nakayama7.pdf,official_daily_result_pdf
202406020801,2024,中山,2,8,1,2024-03-17,https://www.jra.go.jp/datafile/seiseki/report/2024/2024-2nakayama8.pdf,official_daily_result_pdf
202406020802,2024,中山,2,8,2,2024-03-17,https://www.jra.go.jp/datafile/seiseki/report/2024/2024-2nakayama8.pdf,official_daily_result_pdf
202406020803,2024,中山,2,8,3,2024-03-17,https://www.jra.go.jp/datafile/seiseki/report/2024/2024-2nakayama8.pdf,official_daily_result_pdf
202406020804,2024,中山,2,8,4,2024-03-17,https://www.jra.go.jp/datafile/seiseki/report/2024/2024-2nakayama8.pdf,official_daily_result_pdf
202406020805,2024,中山,2,8,5,2024-03-17,https://www.jra.go.jp/datafile/seiseki/report/2024/2024-2nakayama8.pdf,official_daily_result_pdf
202406020806,2024,中山,2,8,6,2024-03-17,https://www.jra.go.jp/datafile/seiseki/report/2024/2024-2nakayama8.pdf,official_daily_result_pdf
202406020807,2024,中山,2,8,7,2024-03-17,https://www.jra.go.jp/datafile/seiseki/report/2024/2024-2nakayama8.pdf,official_daily_result_pdf
202406020808,2024,中山,2,8,8,2024-03-17,https://www.jra.go.jp/datafile/seiseki/report/2024/2024-2nakayama8.pdf,official_daily_result_pdf
202406020809,2024,中山,2,8,9,2024-03-17,https://www.jra.go.jp/datafile/seiseki/report/2024/2024-2nakayama8.pdf,official_daily_result_pdf
202406020810,2024,中山,2,8,10,2024-03-17,https://www.jra.go.jp/datafile/seiseki/report/2024/2024-2nakayama8.pdf,official_daily_result_pdf
202406020811,2024,中山,2,8,11,2024-03-17,https://www.jra.go.jp/datafile/seiseki/report/2024/2024-2nakayama8.pdf,official_daily_result_pdf
202406020812,2024,中山,2,8,12,2024-03-17,https://www.jra.go.jp/datafile/seiseki/report/2024/2024-2nakayama8.pdf,official_daily_result_pdf
202406030101,2024,中山,3,1,1,2024-03-23,https://www.jra.go.jp/datafile/seiseki/report/2024/2024-3nakayama1.pdf,official_daily_result_pdf
202406030102,2024,中山,3,1,2,2024-03-23,https://www.jra.go.jp/datafile/seiseki/report/2024/2024-3nakayama1.pdf,official_daily_result_pdf
202406030103,2024,中山,3,1,3,2024-03-23,https://www.jra.go.jp/datafile/seiseki/report/2024/2024-3nakayama1.pdf,official_daily_result_pdf
202406030104,2024,中山,3,1,4,2024-03-23,https://www.jra.go.jp/datafile/seiseki/report/2024/2024-3nakayama1.pdf,official_daily_result_pdf
202406030105,2024,中山,3,1,5,2024-03-23,https://www.jra.go.jp/datafile/seiseki/report/2024/2024-3nakayama1.pdf,official_daily_result_pdf
202406030106,2024,中山,3,1,6,2024-03-23,https://www.jra.go.jp/datafile/seiseki/report/2024/2024-3nakayama1.pdf,official_daily_result_pdf
202406030107,2024,中山,3,1,7,2024-03-23,https://www.jra.go.jp/datafile/seiseki/report/2024/2024-3nakayama1.pdf,official_daily_result_pdf
202406030108,2024,中山,3,1,8,2024-03-23,https://www.jra.go.jp/datafile/seiseki/report/2024/2024-3nakayama1.pdf,official_daily_result_pdf
202406030109,2024,中山,3,1,9,2024-03-23,https://www.jra.go.jp/datafile/seiseki/report/2024/2024-3nakayama1.pdf,official_daily_result_pdf
202406030110,2024,中山,3,1,10,2024-03-23,https://www.jra.go.jp/datafile/seiseki/report/2024/2024-3nakayama1.pdf,official_daily_result_pdf
202406030111,2024,中山,3,1,11,2024-03-23,https://www.jra.go.jp/datafile/seiseki/report/2024/2024-3nakayama1.pdf,official_daily_result_pdf
202406030112,2024,中山,3,1,12,2024-03-23,https://www.jra.go.jp/datafile/seiseki/report/2024/2024-3nakayama1.pdf,official_daily_result_pdf
202406030201,2024,中山,3,2,1,2024-03-24,https://www.jra.go.jp/datafile/seiseki/report/2024/2024-3nakayama2.pdf,official_daily_result_pdf
202406030202,2024,中山,3,2,2,2024-03-24,https://www.jra.go.jp/datafile/seiseki/report/2024/2024-3nakayama2.pdf,official_daily_result_pdf
202406030203,2024,中山,3,2,3,2024-03-24,https://www.jra.go.jp/datafile/seiseki/report/2024/2024-3nakayama2.pdf,official_daily_result_pdf
202406030204,2024,中山,3,2,4,2024-03-24,https://www.jra.go.jp/datafile/seiseki/report/2024/2024-3nakayama2.pdf,official_daily_result_pdf
202406030205,2024,中山,3,2,5,2024-03-24,https://www.jra.go.jp/datafile/seiseki/report/2024/2024-3nakayama2.pdf,official_daily_result_pdf
202406030206,2024,中山,3,2,6,2024-03-24,https://www.jra.go.jp/datafile/seiseki/report/2024/2024-3nakayama2.pdf,official_daily_result_pdf
202406030207,2024,中山,3,2,7,2024-03-24,https://www.jra.go.jp/datafile/seiseki/report/2024/2024-3nakayama2.pdf,official_daily_result_pdf
202406030208,2024,中山,3,2,8,2024-03-24,https://www.jra.go.jp/datafile/seiseki/report/2024/2024-3nakayama2.pdf,official_daily_result_pdf
202406030209,2024,中山,3,2,9,2024-03-24,https://www.jra.go.jp/datafile/seiseki/report/2024/2024-3nakayama2.pdf,official_daily_result_pdf
202406030210,2024,中山,3,2,10,2024-03-24,https://www.jra.go.jp/datafile/seiseki/report/2024/2024-3nakayama2.pdf,official_daily_result_pdf
202406030211,2024,中山,3,2,11,2024-03-24,https://www.jra.go.jp/datafile/seiseki/report/2024/2024-3nakayama2.pdf,official_daily_result_pdf
202406030212,2024,中山,3,2,12,2024-03-24,https://www.jra.go.jp/datafile/seiseki/report/2024/2024-3nakayama2.pdf,official_daily_result_pdf
202406030301,2024,中山,3,3,1,2024-03-30,https://www.jra.go.jp/datafile/seiseki/report/2024/2024-3nakayama3.pdf,official_daily_result_pdf
202406030302,2024,中山,3,3,2,2024-03-30,https://www.jra.go.jp/datafile/seiseki/report/2024/2024-3nakayama3.pdf,official_daily_result_pdf
202406030303,2024,中山,3,3,3,2024-03-30,https://www.jra.go.jp/datafile/seiseki/report/2024/2024-3nakayama3.pdf,official_daily_result_pdf
202406030304,2024,中山,3,3,4,2024-03-30,https://www.jra.go.jp/datafile/seiseki/report/2024/2024-3nakayama3.pdf,official_daily_result_pdf
202406030305,2024,中山,3,3,5,2024-03-30,https://www.jra.go.jp/datafile/seiseki/report/2024/2024-3nakayama3.pdf,official_daily_result_pdf
202406030306,2024,中山,3,3,6,2024-03-30,https://www.jra.go.jp/datafile/seiseki/report/2024/2024-3nakayama3.pdf,official_daily_result_pdf
202406030307,2024,中山,3,3,7,2024-03-30,https://www.jra.go.jp/datafile/seiseki/report/2024/2024-3nakayama3.pdf,official_daily_result_pdf
202406030308,2024,中山,3,3,8,2024-03-30,https://www.jra.go.jp/datafile/seiseki/report/2024/2024-3nakayama3.pdf,official_daily_result_pdf
202406030309,2024,中山,3,3,9,2024-03-30,https://www.jra.go.jp/datafile/seiseki/report/2024/2024-3nakayama3.pdf,official_daily_result_pdf
202406030310,2024,中山,3,3,10,2024-03-30,https://www.jra.go.jp/datafile/seiseki/report/2024/2024-3nakayama3.pdf,official_daily_result_pdf
202406030311,2024,中山,3,3,11,2024-03-30,https://www.jra.go.jp/datafile/seiseki/report/2024/2024-3nakayama3.pdf,official_daily_result_pdf
202406030312,2024,中山,3,3,12,2024-03-30,https://www.jra.go.jp/datafile/seiseki/report/2024/2024-3nakayama3.pdf,official_daily_result_pdf
202406030401,2024,中山,3,4,1,2024-03-31,https://www.jra.go.jp/datafile/seiseki/report/2024/2024-3nakayama4.pdf,official_daily_result_pdf
202406030402,2024,中山,3,4,2,2024-03-31,https://www.jra.go.jp/datafile/seiseki/report/2024/2024-3nakayama4.pdf,official_daily_result_pdf
202406030403,2024,中山,3,4,3,2024-03-31,https://www.jra.go.jp/datafile/seiseki/report/2024/2024-3nakayama4.pdf,official_daily_result_pdf
202406030404,2024,中山,3,4,4,2024-03-31,https://www.jra.go.jp/datafile/seiseki/report/2024/2024-3nakayama4.pdf,official_daily_result_pdf
202406030405,2024,中山,3,4,5,2024-03-31,https://www.jra.go.jp/datafile/seiseki/report/2024/2024-3nakayama4.pdf,official_daily_result_pdf
202406030406,2024,中山,3,4,6,2024-03-31,https://www.jra.go.jp/datafile/seiseki/report/2024/2024-3nakayama4.pdf,official_daily_result_pdf
202406030407,2024,中山,3,4,7,2024-03-31,https://www.jra.go.jp/datafile/seiseki/report/2024/2024-3nakayama4.pdf,official_daily_result_pdf
202406030408,2024,中山,3,4,8,2024-03-31,https://www.jra.go.jp/datafile/seiseki/report/2024/2024-3nakayama4.pdf,official_daily_result_pdf
202406030409,2024,中山,3,4,9,2024-03-31,https://www.jra.go.jp/datafile/seiseki/report/2024/2024-3nakayama4.pdf,official_daily_result_pdf
202406030410,2024,中山,3,4,10,2024-03-31,https://www.jra.go.jp/datafile/seiseki/report/2024/2024-3nakayama4.pdf,official_daily_result_pdf
202406030411,2024,中山,3,4,11,2024-03-31,https://www.jra.go.jp/datafile/seiseki/report/2024/2024-3nakayama4.pdf,official_daily_result_pdf
202406030412,2024,中山,3,4,12,2024-03-31,https://www.jra.go.jp/datafile/seiseki/report/2024/2024-3nakayama4.pdf,official_daily_result_pdf
202406030501,2024,中山,3,5,1,2024-04-06,https://www.jra.go.jp/datafile/seiseki/report/2024/2024-3nakayama5.pdf,official_daily_result_pdf
202406030502,2024,中山,3,5,2,2024-04-06,https://www.jra.go.jp/datafile/seiseki/report/2024/2024-3nakayama5.pdf,official_daily_result_pdf
202406030503,2024,中山,3,5,3,2024-04-06,https://www.jra.go.jp/datafile/seiseki/report/2024/2024-3nakayama5.pdf,official_daily_result_pdf
202406030504,2024,中山,3,5,4,2024-04-06,https://www.jra.go.jp/datafile/seiseki/report/2024/2024-3nakayama5.pdf,official_daily_result_pdf
202406030505,2024,中山,3,5,5,2024-04-06,https://www.jra.go.jp/datafile/seiseki/report/2024/2024-3nakayama5.pdf,official_daily_result_pdf
202406030506,2024,中山,3,5,6,2024-04-06,https://www.jra.go.jp/datafile/seiseki/report/2024/2024-3nakayama5.pdf,official_daily_result_pdf
202406030507,2024,中山,3,5,7,2024-04-06,https://www.jra.go.jp/datafile/seiseki/report/2024/2024-3nakayama5.pdf,official_daily_result_pdf
202406030508,2024,中山,3,5,8,2024-04-06,https://www.jra.go.jp/datafile/seiseki/report/2024/2024-3nakayama5.pdf,official_daily_result_pdf
202406030509,2024,中山,3,5,9,2024-04-06,https://www.jra.go.jp/datafile/seiseki/report/2024/2024-3nakayama5.pdf,official_daily_result_pdf
202406030510,2024,中山,3,5,10,2024-04-06,https://www.jra.go.jp/datafile/seiseki/report/2024/2024-3nakayama5.pdf,official_daily_result_pdf
202406030511,2024,中山,3,5,11,2024-04-06,https://www.jra.go.jp/datafile/seiseki/report/2024/2024-3nakayama5.pdf,official_daily_result_pdf
202406030512,2024,中山,3,5,12,2024-04-06,https://www.jra.go.jp/datafile/seiseki/report/2024/2024-3nakayama5.pdf,official_daily_result_pdf
202406030601,2024,中山,3,6,1,2024-04-07,https://www.jra.go.jp/datafile/seiseki/report/2024/2024-3nakayama6.pdf,official_daily_result_pdf
202406030602,2024,中山,3,6,2,2024-04-07,https://www.jra.go.jp/datafile/seiseki/report/2024/2024-3nakayama6.pdf,official_daily_result_pdf
202406030603,2024,中山,3,6,3,2024-04-07,https://www.jra.go.jp/datafile/seiseki/report/2024/2024-3nakayama6.pdf,official_daily_result_pdf
202406030604,2024,中山,3,6,4,2024-04-07,https://www.jra.go.jp/datafile/seiseki/report/2024/2024-3nakayama6.pdf,official_daily_result_pdf
202406030605,2024,中山,3,6,5,2024-04-07,https://www.jra.go.jp/datafile/seiseki/report/2024/2024-3nakayama6.pdf,official_daily_result_pdf
202406030606,2024,中山,3,6,6,2024-04-07,https://www.jra.go.jp/datafile/seiseki/report/2024/2024-3nakayama6.pdf,official_daily_result_pdf
202406030607,2024,中山,3,6,7,2024-04-07,https://www.jra.go.jp/datafile/seiseki/report/2024/2024-3nakayama6.pdf,official_daily_result_pdf
202406030608,2024,中山,3,6,8,2024-04-07,https://www.jra.go.jp/datafile/seiseki/report/2024/2024-3nakayama6.pdf,official_daily_result_pdf
202406030609,2024,中山,3,6,9,2024-04-07,https://www.jra.go.jp/datafile/seiseki/report/2024/2024-3nakayama6.pdf,official_daily_result_pdf
202406030610,2024,中山,3,6,10,2024-04-07,https://www.jra.go.jp/datafile/seiseki/report/2024/2024-3nakayama6.pdf,official_daily_result_pdf
202406030611,2024,中山,3,6,11,2024-04-07,https://www.jra.go.jp/datafile/seiseki/report/2024/2024-3nakayama6.pdf,official_daily_result_pdf
202406030612,2024,中山,3,6,12,2024-04-07,https://www.jra.go.jp/datafile/seiseki/report/2024/2024-3nakayama6.pdf,official_daily_result_pdf
202406030701,2024,中山,3,7,1,2024-04-13,https://www.jra.go.jp/datafile/seiseki/report/2024/2024-3nakayama7.pdf,official_daily_result_pdf
202406030702,2024,中山,3,7,2,2024-04-13,https://www.jra.go.jp/datafile/seiseki/report/2024/2024-3nakayama7.pdf,official_daily_result_pdf
202406030703,2024,中山,3,7,3,2024-04-13,https://www.jra.go.jp/datafile/seiseki/report/2024/2024-3nakayama7.pdf,official_daily_result_pdf
202406030704,2024,中山,3,7,4,2024-04-13,https://www.jra.go.jp/datafile/seiseki/report/2024/2024-3nakayama7.pdf,official_daily_result_pdf
202406030705,2024,中山,3,7,5,2024-04-13,https://www.jra.go.jp/datafile/seiseki/report/2024/2024-3nakayama7.pdf,official_daily_result_pdf
202406030706,2024,中山,3,7,6,2024-04-13,https://www.jra.go.jp/datafile/seiseki/report/2024/2024-3nakayama7.pdf,official_daily_result_pdf
202406030707,2024,中山,3,7,7,2024-04-13,https://www.jra.go.jp/datafile/seiseki/report/2024/2024-3nakayama7.pdf,official_daily_result_pdf
202406030708,2024,中山,3,7,8,2024-04-13,https://www.jra.go.jp/datafile/seiseki/report/2024/2024-3nakayama7.pdf,official_daily_result_pdf
202406030709,2024,中山,3,7,9,2024-04-13,https://www.jra.go.jp/datafile/seiseki/report/2024/2024-3nakayama7.pdf,official_daily_result_pdf
202406030710,2024,中山,3,7,10,2024-04-13,https://www.jra.go.jp/datafile/seiseki/report/2024/2024-3nakayama7.pdf,official_daily_result_pdf
202406030711,2024,中山,3,7,11,2024-04-13,https://www.jra.go.jp/datafile/seiseki/report/2024/2024-3nakayama7.pdf,official_daily_result_pdf
202406030712,2024,中山,3,7,12,2024-04-13,https://www.jra.go.jp/datafile/seiseki/report/2024/2024-3nakayama7.pdf,official_daily_result_pdf
202406030801,2024,中山,3,8,1,2024-04-14,https://www.jra.go.jp/datafile/seiseki/report/2024/2024-3nakayama8.pdf,official_daily_result_pdf
202406030802,2024,中山,3,8,2,2024-04-14,https://www.jra.go.jp/datafile/seiseki/report/2024/2024-3nakayama8.pdf,official_daily_result_pdf
202406030803,2024,中山,3,8,3,2024-04-14,https://www.jra.go.jp/datafile/seiseki/report/2024/2024-3nakayama8.pdf,official_daily_result_pdf
202406030804,2024,中山,3,8,4,2024-04-14,https://www.jra.go.jp/datafile/seiseki/report/2024/2024-3nakayama8.pdf,official_daily_result_pdf
202406030805,2024,中山,3,8,5,2024-04-14,https://www.jra.go.jp/datafile/seiseki/report/2024/2024-3nakayama8.pdf,official_daily_result_pdf
202406030806,2024,中山,3,8,6,2024-04-14,https://www.jra.go.jp/datafile/seiseki/report/2024/2024-3nakayama8.pdf,official_daily_result_pdf
202406030807,2024,中山,3,8,7,2024-04-14,https://www.jra.go.jp/datafile/seiseki/report/2024/2024-3nakayama8.pdf,official_daily_result_pdf
202406030808,2024,中山,3,8,8,2024-04-14,https://www.jra.go.jp/datafile/seiseki/report/2024/2024-3nakayama8.pdf,official_daily_result_pdf
202406030809,2024,中山,3,8,9,2024-04-14,https://www.jra.go.jp/datafile/seiseki/report/2024/2024-3nakayama8.pdf,official_daily_result_pdf
202406030810,2024,中山,3,8,10,2024-04-14,https://www.jra.go.jp/datafile/seiseki/report/2024/2024-3nakayama8.pdf,official_daily_result_pdf
202406030811,2024,中山,3,8,11,2024-04-14,https://www.jra.go.jp/datafile/seiseki/report/2024/2024-3nakayama8.pdf,official_daily_result_pdf
202406030812,2024,中山,3,8,12,2024-04-14,https://www.jra.go.jp/datafile/seiseki/report/2024/2024-3nakayama8.pdf,official_daily_result_pdf
202406040101,2024,中山,4,1,1,2024-09-07,https://www.jra.go.jp/datafile/seiseki/report/2024/2024-4nakayama1.pdf,official_daily_result_pdf
202406040102,2024,中山,4,1,2,2024-09-07,https://www.jra.go.jp/datafile/seiseki/report/2024/2024-4nakayama1.pdf,official_daily_result_pdf
202406040103,2024,中山,4,1,3,2024-09-07,https://www.jra.go.jp/datafile/seiseki/report/2024/2024-4nakayama1.pdf,official_daily_result_pdf
202406040104,2024,中山,4,1,4,2024-09-07,https://www.jra.go.jp/datafile/seiseki/report/2024/2024-4nakayama1.pdf,official_daily_result_pdf
202406040105,2024,中山,4,1,5,2024-09-07,https://www.jra.go.jp/datafile/seiseki/report/2024/2024-4nakayama1.pdf,official_daily_result_pdf
202406040106,2024,中山,4,1,6,2024-09-07,https://www.jra.go.jp/datafile/seiseki/report/2024/2024-4nakayama1.pdf,official_daily_result_pdf
202406040107,2024,中山,4,1,7,2024-09-07,https://www.jra.go.jp/datafile/seiseki/report/2024/2024-4nakayama1.pdf,official_daily_result_pdf
202406040108,2024,中山,4,1,8,2024-09-07,https://www.jra.go.jp/datafile/seiseki/report/2024/2024-4nakayama1.pdf,official_daily_result_pdf
202406040109,2024,中山,4,1,9,2024-09-07,https://www.jra.go.jp/datafile/seiseki/report/2024/2024-4nakayama1.pdf,official_daily_result_pdf
202406040110,2024,中山,4,1,10,2024-09-07,https://www.jra.go.jp/datafile/seiseki/report/2024/2024-4nakayama1.pdf,official_daily_result_pdf
202406040111,2024,中山,4,1,11,2024-09-07,https://www.jra.go.jp/datafile/seiseki/report/2024/2024-4nakayama1.pdf,official_daily_result_pdf
202406040112,2024,中山,4,1,12,2024-09-07,https://www.jra.go.jp/datafile/seiseki/report/2024/2024-4nakayama1.pdf,official_daily_result_pdf
202406040201,2024,中山,4,2,1,2024-09-08,https://www.jra.go.jp/datafile/seiseki/report/2024/2024-4nakayama2.pdf,official_daily_result_pdf
202406040202,2024,中山,4,2,2,2024-09-08,https://www.jra.go.jp/datafile/seiseki/report/2024/2024-4nakayama2.pdf,official_daily_result_pdf
202406040203,2024,中山,4,2,3,2024-09-08,https://www.jra.go.jp/datafile/seiseki/report/2024/2024-4nakayama2.pdf,official_daily_result_pdf
202406040204,2024,中山,4,2,4,2024-09-08,https://www.jra.go.jp/datafile/seiseki/report/2024/2024-4nakayama2.pdf,official_daily_result_pdf
202406040205,2024,中山,4,2,5,2024-09-08,https://www.jra.go.jp/datafile/seiseki/report/2024/2024-4nakayama2.pdf,official_daily_result_pdf
202406040206,2024,中山,4,2,6,2024-09-08,https://www.jra.go.jp/datafile/seiseki/report/2024/2024-4nakayama2.pdf,official_daily_result_pdf
202406040207,2024,中山,4,2,7,2024-09-08,https://www.jra.go.jp/datafile/seiseki/report/2024/2024-4nakayama2.pdf,official_daily_result_pdf
202406040208,2024,中山,4,2,8,2024-09-08,https://www.jra.go.jp/datafile/seiseki/report/2024/2024-4nakayama2.pdf,official_daily_result_pdf
202406040209,2024,中山,4,2,9,2024-09-08,https://www.jra.go.jp/datafile/seiseki/report/2024/2024-4nakayama2.pdf,official_daily_result_pdf
202406040210,2024,中山,4,2,10,2024-09-08,https://www.jra.go.jp/datafile/seiseki/report/2024/2024-4nakayama2.pdf,official_daily_result_pdf
202406040211,2024,中山,4,2,11,2024-09-08,https://www.jra.go.jp/datafile/seiseki/report/2024/2024-4nakayama2.pdf,official_daily_result_pdf
202406040212,2024,中山,4,2,12,2024-09-08,https://www.jra.go.jp/datafile/seiseki/report/2024/2024-4nakayama2.pdf,official_daily_result_pdf
202406040301,2024,中山,4,3,1,2024-09-14,https://www.jra.go.jp/datafile/seiseki/report/2024/2024-4nakayama3.pdf,official_daily_result_pdf
202406040302,2024,中山,4,3,2,2024-09-14,https://www.jra.go.jp/datafile/seiseki/report/2024/2024-4nakayama3.pdf,official_daily_result_pdf
202406040303,2024,中山,4,3,3,2024-09-14,https://www.jra.go.jp/datafile/seiseki/report/2024/2024-4nakayama3.pdf,official_daily_result_pdf
202406040304,2024,中山,4,3,4,2024-09-14,https://www.jra.go.jp/datafile/seiseki/report/2024/2024-4nakayama3.pdf,official_daily_result_pdf
202406040305,2024,中山,4,3,5,2024-09-14,https://www.jra.go.jp/datafile/seiseki/report/2024/2024-4nakayama3.pdf,official_daily_result_pdf
202406040306,2024,中山,4,3,6,2024-09-14,https://www.jra.go.jp/datafile/seiseki/report/2024/2024-4nakayama3.pdf,official_daily_result_pdf
202406040307,2024,中山,4,3,7,2024-09-14,https://www.jra.go.jp/datafile/seiseki/report/2024/2024-4nakayama3.pdf,official_daily_result_pdf
202406040308,2024,中山,4,3,8,2024-09-14,https://www.jra.go.jp/datafile/seiseki/report/2024/2024-4nakayama3.pdf,official_daily_result_pdf
202406040309,2024,中山,4,3,9,2024-09-14,https://www.jra.go.jp/datafile/seiseki/report/2024/2024-4nakayama3.pdf,official_daily_result_pdf
202406040310,2024,中山,4,3,10,2024-09-14,https://www.jra.go.jp/datafile/seiseki/report/2024/2024-4nakayama3.pdf,official_daily_result_pdf
202406040311,2024,中山,4,3,11,2024-09-14,https://www.jra.go.jp/datafile/seiseki/report/2024/2024-4nakayama3.pdf,official_daily_result_pdf
202406040312,2024,中山,4,3,12,2024-09-14,https://www.jra.go.jp/datafile/seiseki/report/2024/2024-4nakayama3.pdf,official_daily_result_pdf
202406040401,2024,中山,4,4,1,2024-09-15,https://www.jra.go.jp/datafile/seiseki/report/2024/2024-4nakayama4.pdf,official_daily_result_pdf
202406040402,2024,中山,4,4,2,2024-09-15,https://www.jra.go.jp/datafile/seiseki/report/2024/2024-4nakayama4.pdf,official_daily_result_pdf
202406040403,2024,中山,4,4,3,2024-09-15,https://www.jra.go.jp/datafile/seiseki/report/2024/2024-4nakayama4.pdf,official_daily_result_pdf
202406040404,2024,中山,4,4,4,2024-09-15,https://www.jra.go.jp/datafile/seiseki/report/2024/2024-4nakayama4.pdf,official_daily_result_pdf
202406040405,2024,中山,4,4,5,2024-09-15,https://www.jra.go.jp/datafile/seiseki/report/2024/2024-4nakayama4.pdf,official_daily_result_pdf
202406040406,2024,中山,4,4,6,2024-09-15,https://www.jra.go.jp/datafile/seiseki/report/2024/2024-4nakayama4.pdf,official_daily_result_pdf
202406040407,2024,中山,4,4,7,2024-09-15,https://www.jra.go.jp/datafile/seiseki/report/2024/2024-4nakayama4.pdf,official_daily_result_pdf
202406040408,2024,中山,4,4,8,2024-09-15,https://www.jra.go.jp/datafile/seiseki/report/2024/2024-4nakayama4.pdf,official_daily_result_pdf
202406040409,2024,中山,4,4,9,2024-09-15,https://www.jra.go.jp/datafile/seiseki/report/2024/2024-4nakayama4.pdf,official_daily_result_pdf
202406040410,2024,中山,4,4,10,2024-09-15,https://www.jra.go.jp/datafile/seiseki/report/2024/2024-4nakayama4.pdf,official_daily_result_pdf
202406040411,2024,中山,4,4,11,2024-09-15,https://www.jra.go.jp/datafile/seiseki/report/2024/2024-4nakayama4.pdf,official_daily_result_pdf
202406040412,2024,中山,4,4,12,2024-09-15,https://www.jra.go.jp/datafile/seiseki/report/2024/2024-4nakayama4.pdf,official_daily_result_pdf
202406040501,2024,中山,4,5,1,2024-09-16,https://www.jra.go.jp/datafile/seiseki/report/2024/2024-4nakayama5.pdf,official_daily_result_pdf
202406040502,2024,中山,4,5,2,2024-09-16,https://www.jra.go.jp/datafile/seiseki/report/2024/2024-4nakayama5.pdf,official_daily_result_pdf
202406040503,2024,中山,4,5,3,2024-09-16,https://www.jra.go.jp/datafile/seiseki/report/2024/2024-4nakayama5.pdf,official_daily_result_pdf
202406040504,2024,中山,4,5,4,2024-09-16,https://www.jra.go.jp/datafile/seiseki/report/2024/2024-4nakayama5.pdf,official_daily_result_pdf
202406040505,2024,中山,4,5,5,2024-09-16,https://www.jra.go.jp/datafile/seiseki/report/2024/2024-4nakayama5.pdf,official_daily_result_pdf
202406040506,2024,中山,4,5,6,2024-09-16,https://www.jra.go.jp/datafile/seiseki/report/2024/2024-4nakayama5.pdf,official_daily_result_pdf
202406040507,2024,中山,4,5,7,2024-09-16,https://www.jra.go.jp/datafile/seiseki/report/2024/2024-4nakayama5.pdf,official_daily_result_pdf
202406040508,2024,中山,4,5,8,2024-09-16,https://www.jra.go.jp/datafile/seiseki/report/2024/2024-4nakayama5.pdf,official_daily_result_pdf
202406040509,2024,中山,4,5,9,2024-09-16,https://www.jra.go.jp/datafile/seiseki/report/2024/2024-4nakayama5.pdf,official_daily_result_pdf
202406040510,2024,中山,4,5,10,2024-09-16,https://www.jra.go.jp/datafile/seiseki/report/2024/2024-4nakayama5.pdf,official_daily_result_pdf
202406040511,2024,中山,4,5,11,2024-09-16,https://www.jra.go.jp/datafile/seiseki/report/2024/2024-4nakayama5.pdf,official_daily_result_pdf
202406040512,2024,中山,4,5,12,2024-09-16,https://www.jra.go.jp/datafile/seiseki/report/2024/2024-4nakayama5.pdf,official_daily_result_pdf
202406040601,2024,中山,4,6,1,2024-09-21,https://www.jra.go.jp/datafile/seiseki/report/2024/2024-4nakayama6.pdf,official_daily_result_pdf
202406040602,2024,中山,4,6,2,2024-09-21,https://www.jra.go.jp/datafile/seiseki/report/2024/2024-4nakayama6.pdf,official_daily_result_pdf
202406040603,2024,中山,4,6,3,2024-09-21,https://www.jra.go.jp/datafile/seiseki/report/2024/2024-4nakayama6.pdf,official_daily_result_pdf
202406040604,2024,中山,4,6,4,2024-09-21,https://www.jra.go.jp/datafile/seiseki/report/2024/2024-4nakayama6.pdf,official_daily_result_pdf
202406040605,2024,中山,4,6,5,2024-09-21,https://www.jra.go.jp/datafile/seiseki/report/2024/2024-4nakayama6.pdf,official_daily_result_pdf
202406040606,2024,中山,4,6,6,2024-09-21,https://www.jra.go.jp/datafile/seiseki/report/2024/2024-4nakayama6.pdf,official_daily_result_pdf
202406040607,2024,中山,4,6,7,2024-09-21,https://www.jra.go.jp/datafile/seiseki/report/2024/2024-4nakayama6.pdf,official_daily_result_pdf
202406040608,2024,中山,4,6,8,2024-09-21,https://www.jra.go.jp/datafile/seiseki/report/2024/2024-4nakayama6.pdf,official_daily_result_pdf
202406040609,2024,中山,4,6,9,2024-09-21,https://www.jra.go.jp/datafile/seiseki/report/2024/2024-4nakayama6.pdf,official_daily_result_pdf
202406040610,2024,中山,4,6,10,2024-09-21,https://www.jra.go.jp/datafile/seiseki/report/2024/2024-4nakayama6.pdf,official_daily_result_pdf
202406040611,2024,中山,4,6,11,2024-09-21,https://www.jra.go.jp/datafile/seiseki/report/2024/2024-4nakayama6.pdf,official_daily_result_pdf
202406040612,2024,中山,4,6,12,2024-09-21,https://www.jra.go.jp/datafile/seiseki/report/2024/2024-4nakayama6.pdf,official_daily_result_pdf
202406040701,2024,中山,4,7,1,2024-09-22,https://www.jra.go.jp/datafile/seiseki/report/2024/2024-4nakayama7.pdf,official_daily_result_pdf
202406040702,2024,中山,4,7,2,2024-09-22,https://www.jra.go.jp/datafile/seiseki/report/2024/2024-4nakayama7.pdf,official_daily_result_pdf
202406040703,2024,中山,4,7,3,2024-09-22,https://www.jra.go.jp/datafile/seiseki/report/2024/2024-4nakayama7.pdf,official_daily_result_pdf
202406040704,2024,中山,4,7,4,2024-09-22,https://www.jra.go.jp/datafile/seiseki/report/2024/2024-4nakayama7.pdf,official_daily_result_pdf
202406040705,2024,中山,4,7,5,2024-09-22,https://www.jra.go.jp/datafile/seiseki/report/2024/2024-4nakayama7.pdf,official_daily_result_pdf
202406040706,2024,中山,4,7,6,2024-09-22,https://www.jra.go.jp/datafile/seiseki/report/2024/2024-4nakayama7.pdf,official_daily_result_pdf
202406040707,2024,中山,4,7,7,2024-09-22,https://www.jra.go.jp/datafile/seiseki/report/2024/2024-4nakayama7.pdf,official_daily_result_pdf
202406040708,2024,中山,4,7,8,2024-09-22,https://www.jra.go.jp/datafile/seiseki/report/2024/2024-4nakayama7.pdf,official_daily_result_pdf
202406040709,2024,中山,4,7,9,2024-09-22,https://www.jra.go.jp/datafile/seiseki/report/2024/2024-4nakayama7.pdf,official_daily_result_pdf
202406040710,2024,中山,4,7,10,2024-09-22,https://www.jra.go.jp/datafile/seiseki/report/2024/2024-4nakayama7.pdf,official_daily_result_pdf
202406040711,2024,中山,4,7,11,2024-09-22,https://www.jra.go.jp/datafile/seiseki/report/2024/2024-4nakayama7.pdf,official_daily_result_pdf
202406040712,2024,中山,4,7,12,2024-09-22,https://www.jra.go.jp/datafile/seiseki/report/2024/2024-4nakayama7.pdf,official_daily_result_pdf
202406040801,2024,中山,4,8,1,2024-09-28,https://www.jra.go.jp/datafile/seiseki/report/2024/2024-4nakayama8.pdf,official_daily_result_pdf
202406040802,2024,中山,4,8,2,2024-09-28,https://www.jra.go.jp/datafile/seiseki/report/2024/2024-4nakayama8.pdf,official_daily_result_pdf
202406040803,2024,中山,4,8,3,2024-09-28,https://www.jra.go.jp/datafile/seiseki/report/2024/2024-4nakayama8.pdf,official_daily_result_pdf
202406040804,2024,中山,4,8,4,2024-09-28,https://www.jra.go.jp/datafile/seiseki/report/2024/2024-4nakayama8.pdf,official_daily_result_pdf
202406040805,2024,中山,4,8,5,2024-09-28,https://www.jra.go.jp/datafile/seiseki/report/2024/2024-4nakayama8.pdf,official_daily_result_pdf
202406040806,2024,中山,4,8,6,2024-09-28,https://www.jra.go.jp/datafile/seiseki/report/2024/2024-4nakayama8.pdf,official_daily_result_pdf
202406040807,2024,中山,4,8,7,2024-09-28,https://www.jra.go.jp/datafile/seiseki/report/2024/2024-4nakayama8.pdf,official_daily_result_pdf
202406040808,2024,中山,4,8,8,2024-09-28,https://www.jra.go.jp/datafile/seiseki/report/2024/2024-4nakayama8.pdf,official_daily_result_pdf
202406040809,2024,中山,4,8,9,2024-09-28,https://www.jra.go.jp/datafile/seiseki/report/2024/2024-4nakayama8.pdf,official_daily_result_pdf
202406040810,2024,中山,4,8,10,2024-09-28,https://www.jra.go.jp/datafile/seiseki/report/2024/2024-4nakayama8.pdf,official_daily_result_pdf
202406040811,2024,中山,4,8,11,2024-09-28,https://www.jra.go.jp/datafile/seiseki/report/2024/2024-4nakayama8.pdf,official_daily_result_pdf
202406040812,2024,中山,4,8,12,2024-09-28,https://www.jra.go.jp/datafile/seiseki/report/2024/2024-4nakayama8.pdf,official_daily_result_pdf
202406040901,2024,中山,4,9,1,2024-09-29,https://www.jra.go.jp/datafile/seiseki/report/2024/2024-4nakayama9.pdf,official_daily_result_pdf
202406040902,2024,中山,4,9,2,2024-09-29,https://www.jra.go.jp/datafile/seiseki/report/2024/2024-4nakayama9.pdf,official_daily_result_pdf
202406040903,2024,中山,4,9,3,2024-09-29,https://www.jra.go.jp/datafile/seiseki/report/2024/2024-4nakayama9.pdf,official_daily_result_pdf
202406040904,2024,中山,4,9,4,2024-09-29,https://www.jra.go.jp/datafile/seiseki/report/2024/2024-4nakayama9.pdf,official_daily_result_pdf
202406040905,2024,中山,4,9,5,2024-09-29,https://www.jra.go.jp/datafile/seiseki/report/2024/2024-4nakayama9.pdf,official_daily_result_pdf
202406040906,2024,中山,4,9,6,2024-09-29,https://www.jra.go.jp/datafile/seiseki/report/2024/2024-4nakayama9.pdf,official_daily_result_pdf
202406040907,2024,中山,4,9,7,2024-09-29,https://www.jra.go.jp/datafile/seiseki/report/2024/2024-4nakayama9.pdf,official_daily_result_pdf
202406040908,2024,中山,4,9,8,2024-09-29,https://www.jra.go.jp/datafile/seiseki/report/2024/2024-4nakayama9.pdf,official_daily_result_pdf
202406040909,2024,中山,4,9,9,2024-09-29,https://www.jra.go.jp/datafile/seiseki/report/2024/2024-4nakayama9.pdf,official_daily_result_pdf
202406040910,2024,中山,4,9,10,2024-09-29,https://www.jra.go.jp/datafile/seiseki/report/2024/2024-4nakayama9.pdf,official_daily_result_pdf
202406040911,2024,中山,4,9,11,2024-09-29,https://www.jra.go.jp/datafile/seiseki/report/2024/2024-4nakayama9.pdf,official_daily_result_pdf
202406040912,2024,中山,4,9,12,2024-09-29,https://www.jra.go.jp/datafile/seiseki/report/2024/2024-4nakayama9.pdf,official_daily_result_pdf
202406050101,2024,中山,5,1,1,2024-11-30,https://www.jra.go.jp/datafile/seiseki/report/2024/2024-5nakayama1.pdf,official_daily_result_pdf
202406050102,2024,中山,5,1,2,2024-11-30,https://www.jra.go.jp/datafile/seiseki/report/2024/2024-5nakayama1.pdf,official_daily_result_pdf
202406050103,2024,中山,5,1,3,2024-11-30,https://www.jra.go.jp/datafile/seiseki/report/2024/2024-5nakayama1.pdf,official_daily_result_pdf
202406050104,2024,中山,5,1,4,2024-11-30,https://www.jra.go.jp/datafile/seiseki/report/2024/2024-5nakayama1.pdf,official_daily_result_pdf
202406050105,2024,中山,5,1,5,2024-11-30,https://www.jra.go.jp/datafile/seiseki/report/2024/2024-5nakayama1.pdf,official_daily_result_pdf
202406050106,2024,中山,5,1,6,2024-11-30,https://www.jra.go.jp/datafile/seiseki/report/2024/2024-5nakayama1.pdf,official_daily_result_pdf
202406050107,2024,中山,5,1,7,2024-11-30,https://www.jra.go.jp/datafile/seiseki/report/2024/2024-5nakayama1.pdf,official_daily_result_pdf
202406050108,2024,中山,5,1,8,2024-11-30,https://www.jra.go.jp/datafile/seiseki/report/2024/2024-5nakayama1.pdf,official_daily_result_pdf
202406050109,2024,中山,5,1,9,2024-11-30,https://www.jra.go.jp/datafile/seiseki/report/2024/2024-5nakayama1.pdf,official_daily_result_pdf
202406050110,2024,中山,5,1,10,2024-11-30,https://www.jra.go.jp/datafile/seiseki/report/2024/2024-5nakayama1.pdf,official_daily_result_pdf
202406050111,2024,中山,5,1,11,2024-11-30,https://www.jra.go.jp/datafile/seiseki/report/2024/2024-5nakayama1.pdf,official_daily_result_pdf
202406050112,2024,中山,5,1,12,2024-11-30,https://www.jra.go.jp/datafile/seiseki/report/2024/2024-5nakayama1.pdf,official_daily_result_pdf
202406050201,2024,中山,5,2,1,2024-12-01,https://www.jra.go.jp/datafile/seiseki/report/2024/2024-5nakayama2.pdf,official_daily_result_pdf
202406050202,2024,中山,5,2,2,2024-12-01,https://www.jra.go.jp/datafile/seiseki/report/2024/2024-5nakayama2.pdf,official_daily_result_pdf
202406050203,2024,中山,5,2,3,2024-12-01,https://www.jra.go.jp/datafile/seiseki/report/2024/2024-5nakayama2.pdf,official_daily_result_pdf
202406050204,2024,中山,5,2,4,2024-12-01,https://www.jra.go.jp/datafile/seiseki/report/2024/2024-5nakayama2.pdf,official_daily_result_pdf
202406050205,2024,中山,5,2,5,2024-12-01,https://www.jra.go.jp/datafile/seiseki/report/2024/2024-5nakayama2.pdf,official_daily_result_pdf
202406050206,2024,中山,5,2,6,2024-12-01,https://www.jra.go.jp/datafile/seiseki/report/2024/2024-5nakayama2.pdf,official_daily_result_pdf
202406050207,2024,中山,5,2,7,2024-12-01,https://www.jra.go.jp/datafile/seiseki/report/2024/2024-5nakayama2.pdf,official_daily_result_pdf
202406050208,2024,中山,5,2,8,2024-12-01,https://www.jra.go.jp/datafile/seiseki/report/2024/2024-5nakayama2.pdf,official_daily_result_pdf
202406050209,2024,中山,5,2,9,2024-12-01,https://www.jra.go.jp/datafile/seiseki/report/2024/2024-5nakayama2.pdf,official_daily_result_pdf
202406050210,2024,中山,5,2,10,2024-12-01,https://www.jra.go.jp/datafile/seiseki/report/2024/2024-5nakayama2.pdf,official_daily_result_pdf
202406050211,2024,中山,5,2,11,2024-12-01,https://www.jra.go.jp/datafile/seiseki/report/2024/2024-5nakayama2.pdf,official_daily_result_pdf
202406050212,2024,中山,5,2,12,2024-12-01,https://www.jra.go.jp/datafile/seiseki/report/2024/2024-5nakayama2.pdf,official_daily_result_pdf
202406050301,2024,中山,5,3,1,2024-12-07,https://www.jra.go.jp/datafile/seiseki/report/2024/2024-5nakayama3.pdf,official_daily_result_pdf
202406050302,2024,中山,5,3,2,2024-12-07,https://www.jra.go.jp/datafile/seiseki/report/2024/2024-5nakayama3.pdf,official_daily_result_pdf
202406050303,2024,中山,5,3,3,2024-12-07,https://www.jra.go.jp/datafile/seiseki/report/2024/2024-5nakayama3.pdf,official_daily_result_pdf
202406050304,2024,中山,5,3,4,2024-12-07,https://www.jra.go.jp/datafile/seiseki/report/2024/2024-5nakayama3.pdf,official_daily_result_pdf
202406050305,2024,中山,5,3,5,2024-12-07,https://www.jra.go.jp/datafile/seiseki/report/2024/2024-5nakayama3.pdf,official_daily_result_pdf
202406050306,2024,中山,5,3,6,2024-12-07,https://www.jra.go.jp/datafile/seiseki/report/2024/2024-5nakayama3.pdf,official_daily_result_pdf
202406050307,2024,中山,5,3,7,2024-12-07,https://www.jra.go.jp/datafile/seiseki/report/2024/2024-5nakayama3.pdf,official_daily_result_pdf
202406050308,2024,中山,5,3,8,2024-12-07,https://www.jra.go.jp/datafile/seiseki/report/2024/2024-5nakayama3.pdf,official_daily_result_pdf
202406050309,2024,中山,5,3,9,2024-12-07,https://www.jra.go.jp/datafile/seiseki/report/2024/2024-5nakayama3.pdf,official_daily_result_pdf
202406050310,2024,中山,5,3,10,2024-12-07,https://www.jra.go.jp/datafile/seiseki/report/2024/2024-5nakayama3.pdf,official_daily_result_pdf
202406050311,2024,中山,5,3,11,2024-12-07,https://www.jra.go.jp/datafile/seiseki/report/2024/2024-5nakayama3.pdf,official_daily_result_pdf
202406050312,2024,中山,5,3,12,2024-12-07,https://www.jra.go.jp/datafile/seiseki/report/2024/2024-5nakayama3.pdf,official_daily_result_pdf
202406050401,2024,中山,5,4,1,2024-12-08,https://www.jra.go.jp/datafile/seiseki/report/2024/2024-5nakayama4.pdf,official_daily_result_pdf
202406050402,2024,中山,5,4,2,2024-12-08,https://www.jra.go.jp/datafile/seiseki/report/2024/2024-5nakayama4.pdf,official_daily_result_pdf
202406050403,2024,中山,5,4,3,2024-12-08,https://www.jra.go.jp/datafile/seiseki/report/2024/2024-5nakayama4.pdf,official_daily_result_pdf
202406050404,2024,中山,5,4,4,2024-12-08,https://www.jra.go.jp/datafile/seiseki/report/2024/2024-5nakayama4.pdf,official_daily_result_pdf
202406050405,2024,中山,5,4,5,2024-12-08,https://www.jra.go.jp/datafile/seiseki/report/2024/2024-5nakayama4.pdf,official_daily_result_pdf
202406050406,2024,中山,5,4,6,2024-12-08,https://www.jra.go.jp/datafile/seiseki/report/2024/2024-5nakayama4.pdf,official_daily_result_pdf
202406050407,2024,中山,5,4,7,2024-12-08,https://www.jra.go.jp/datafile/seiseki/report/2024/2024-5nakayama4.pdf,official_daily_result_pdf
202406050408,2024,中山,5,4,8,2024-12-08,https://www.jra.go.jp/datafile/seiseki/report/2024/2024-5nakayama4.pdf,official_daily_result_pdf
202406050409,2024,中山,5,4,9,2024-12-08,https://www.jra.go.jp/datafile/seiseki/report/2024/2024-5nakayama4.pdf,official_daily_result_pdf
202406050410,2024,中山,5,4,10,2024-12-08,https://www.jra.go.jp/datafile/seiseki/report/2024/2024-5nakayama4.pdf,official_daily_result_pdf
202406050411,2024,中山,5,4,11,2024-12-08,https://www.jra.go.jp/datafile/seiseki/report/2024/2024-5nakayama4.pdf,official_daily_result_pdf
202406050412,2024,中山,5,4,12,2024-12-08,https://www.jra.go.jp/datafile/seiseki/report/2024/2024-5nakayama4.pdf,official_daily_result_pdf
202406050501,2024,中山,5,5,1,2024-12-14,https://www.jra.go.jp/datafile/seiseki/report/2024/2024-5nakayama5.pdf,official_daily_result_pdf
202406050502,2024,中山,5,5,2,2024-12-14,https://www.jra.go.jp/datafile/seiseki/report/2024/2024-5nakayama5.pdf,official_daily_result_pdf
202406050503,2024,中山,5,5,3,2024-12-14,https://www.jra.go.jp/datafile/seiseki/report/2024/2024-5nakayama5.pdf,official_daily_result_pdf
202406050504,2024,中山,5,5,4,2024-12-14,https://www.jra.go.jp/datafile/seiseki/report/2024/2024-5nakayama5.pdf,official_daily_result_pdf
202406050505,2024,中山,5,5,5,2024-12-14,https://www.jra.go.jp/datafile/seiseki/report/2024/2024-5nakayama5.pdf,official_daily_result_pdf
202406050506,2024,中山,5,5,6,2024-12-14,https://www.jra.go.jp/datafile/seiseki/report/2024/2024-5nakayama5.pdf,official_daily_result_pdf
202406050507,2024,中山,5,5,7,2024-12-14,https://www.jra.go.jp/datafile/seiseki/report/2024/2024-5nakayama5.pdf,official_daily_result_pdf
202406050508,2024,中山,5,5,8,2024-12-14,https://www.jra.go.jp/datafile/seiseki/report/2024/2024-5nakayama5.pdf,official_daily_result_pdf
202406050509,2024,中山,5,5,9,2024-12-14,https://www.jra.go.jp/datafile/seiseki/report/2024/2024-5nakayama5.pdf,official_daily_result_pdf
202406050510,2024,中山,5,5,10,2024-12-14,https://www.jra.go.jp/datafile/seiseki/report/2024/2024-5nakayama5.pdf,official_daily_result_pdf
202406050511,2024,中山,5,5,11,2024-12-14,https://www.jra.go.jp/datafile/seiseki/report/2024/2024-5nakayama5.pdf,official_daily_result_pdf
202406050512,2024,中山,5,5,12,2024-12-14,https://www.jra.go.jp/datafile/seiseki/report/2024/2024-5nakayama5.pdf,official_daily_result_pdf
202406050601,2024,中山,5,6,1,2024-12-15,https://www.jra.go.jp/datafile/seiseki/report/2024/2024-5nakayama6.pdf,official_daily_result_pdf
202406050602,2024,中山,5,6,2,2024-12-15,https://www.jra.go.jp/datafile/seiseki/report/2024/2024-5nakayama6.pdf,official_daily_result_pdf
202406050603,2024,中山,5,6,3,2024-12-15,https://www.jra.go.jp/datafile/seiseki/report/2024/2024-5nakayama6.pdf,official_daily_result_pdf
202406050604,2024,中山,5,6,4,2024-12-15,https://www.jra.go.jp/datafile/seiseki/report/2024/2024-5nakayama6.pdf,official_daily_result_pdf
202406050605,2024,中山,5,6,5,2024-12-15,https://www.jra.go.jp/datafile/seiseki/report/2024/2024-5nakayama6.pdf,official_daily_result_pdf
202406050606,2024,中山,5,6,6,2024-12-15,https://www.jra.go.jp/datafile/seiseki/report/2024/2024-5nakayama6.pdf,official_daily_result_pdf
202406050607,2024,中山,5,6,7,2024-12-15,https://www.jra.go.jp/datafile/seiseki/report/2024/2024-5nakayama6.pdf,official_daily_result_pdf
202406050608,2024,中山,5,6,8,2024-12-15,https://www.jra.go.jp/datafile/seiseki/report/2024/2024-5nakayama6.pdf,official_daily_result_pdf
202406050609,2024,中山,5,6,9,2024-12-15,https://www.jra.go.jp/datafile/seiseki/report/2024/2024-5nakayama6.pdf,official_daily_result_pdf
202406050610,2024,中山,5,6,10,2024-12-15,https://www.jra.go.jp/datafile/seiseki/report/2024/2024-5nakayama6.pdf,official_daily_result_pdf
202406050611,2024,中山,5,6,11,2024-12-15,https://www.jra.go.jp/datafile/seiseki/report/2024/2024-5nakayama6.pdf,official_daily_result_pdf
202406050612,2024,中山,5,6,12,2024-12-15,https://www.jra.go.jp/datafile/seiseki/report/2024/2024-5nakayama6.pdf,official_daily_result_pdf
202406050701,2024,中山,5,7,1,2024-12-21,https://www.jra.go.jp/datafile/seiseki/report/2024/2024-5nakayama7.pdf,official_daily_result_pdf
202406050702,2024,中山,5,7,2,2024-12-21,https://www.jra.go.jp/datafile/seiseki/report/2024/2024-5nakayama7.pdf,official_daily_result_pdf
202406050703,2024,中山,5,7,3,2024-12-21,https://www.jra.go.jp/datafile/seiseki/report/2024/2024-5nakayama7.pdf,official_daily_result_pdf
202406050704,2024,中山,5,7,4,2024-12-21,https://www.jra.go.jp/datafile/seiseki/report/2024/2024-5nakayama7.pdf,official_daily_result_pdf
202406050705,2024,中山,5,7,5,2024-12-21,https://www.jra.go.jp/datafile/seiseki/report/2024/2024-5nakayama7.pdf,official_daily_result_pdf
202406050706,2024,中山,5,7,6,2024-12-21,https://www.jra.go.jp/datafile/seiseki/report/2024/2024-5nakayama7.pdf,official_daily_result_pdf
202406050707,2024,中山,5,7,7,2024-12-21,https://www.jra.go.jp/datafile/seiseki/report/2024/2024-5nakayama7.pdf,official_daily_result_pdf
202406050708,2024,中山,5,7,8,2024-12-21,https://www.jra.go.jp/datafile/seiseki/report/2024/2024-5nakayama7.pdf,official_daily_result_pdf
202406050709,2024,中山,5,7,9,2024-12-21,https://www.jra.go.jp/datafile/seiseki/report/2024/2024-5nakayama7.pdf,official_daily_result_pdf
202406050710,2024,中山,5,7,10,2024-12-21,https://www.jra.go.jp/datafile/seiseki/report/2024/2024-5nakayama7.pdf,official_daily_result_pdf
202406050711,2024,中山,5,7,11,2024-12-21,https://www.jra.go.jp/datafile/seiseki/report/2024/2024-5nakayama7.pdf,official_daily_result_pdf
202406050712,2024,中山,5,7,12,2024-12-21,https://www.jra.go.jp/datafile/seiseki/report/2024/2024-5nakayama7.pdf,official_daily_result_pdf
202406050801,2024,中山,5,8,1,2024-12-22,https://www.jra.go.jp/datafile/seiseki/report/2024/2024-5nakayama8.pdf,official_daily_result_pdf
202406050802,2024,中山,5,8,2,2024-12-22,https://www.jra.go.jp/datafile/seiseki/report/2024/2024-5nakayama8.pdf,official_daily_result_pdf
202406050803,2024,中山,5,8,3,2024-12-22,https://www.jra.go.jp/datafile/seiseki/report/2024/2024-5nakayama8.pdf,official_daily_result_pdf
202406050804,2024,中山,5,8,4,2024-12-22,https://www.jra.go.jp/datafile/seiseki/report/2024/2024-5nakayama8.pdf,official_daily_result_pdf
202406050805,2024,中山,5,8,5,2024-12-22,https://www.jra.go.jp/datafile/seiseki/report/2024/2024-5nakayama8.pdf,official_daily_result_pdf
202406050806,2024,中山,5,8,6,2024-12-22,https://www.jra.go.jp/datafile/seiseki/report/2024/2024-5nakayama8.pdf,official_daily_result_pdf
202406050807,2024,中山,5,8,7,2024-12-22,https://www.jra.go.jp/datafile/seiseki/report/2024/2024-5nakayama8.pdf,official_daily_result_pdf
202406050808,2024,中山,5,8,8,2024-12-22,https://www.jra.go.jp/datafile/seiseki/report/2024/2024-5nakayama8.pdf,official_daily_result_pdf
202406050809,2024,中山,5,8,9,2024-12-22,https://www.jra.go.jp/datafile/seiseki/report/2024/2024-5nakayama8.pdf,official_daily_result_pdf
202406050810,2024,中山,5,8,10,2024-12-22,https://www.jra.go.jp/datafile/seiseki/report/2024/2024-5nakayama8.pdf,official_daily_result_pdf
202406050811,2024,中山,5,8,11,2024-12-22,https://www.jra.go.jp/datafile/seiseki/report/2024/2024-5nakayama8.pdf,official_daily_result_pdf
202406050812,2024,中山,5,8,12,2024-12-22,https://www.jra.go.jp/datafile/seiseki/report/2024/2024-5nakayama8.pdf,official_daily_result_pdf
202406050901,2024,中山,5,9,1,2024-12-28,https://www.jra.go.jp/datafile/seiseki/report/2024/2024-5nakayama9.pdf,official_daily_result_pdf
202406050902,2024,中山,5,9,2,2024-12-28,https://www.jra.go.jp/datafile/seiseki/report/2024/2024-5nakayama9.pdf,official_daily_result_pdf
202406050903,2024,中山,5,9,3,2024-12-28,https://www.jra.go.jp/datafile/seiseki/report/2024/2024-5nakayama9.pdf,official_daily_result_pdf
202406050904,2024,中山,5,9,4,2024-12-28,https://www.jra.go.jp/datafile/seiseki/report/2024/2024-5nakayama9.pdf,official_daily_result_pdf
202406050905,2024,中山,5,9,5,2024-12-28,https://www.jra.go.jp/datafile/seiseki/report/2024/2024-5nakayama9.pdf,official_daily_result_pdf
202406050906,2024,中山,5,9,6,2024-12-28,https://www.jra.go.jp/datafile/seiseki/report/2024/2024-5nakayama9.pdf,official_daily_result_pdf
202406050907,2024,中山,5,9,7,2024-12-28,https://www.jra.go.jp/datafile/seiseki/report/2024/2024-5nakayama9.pdf,official_daily_result_pdf
202406050908,2024,中山,5,9,8,2024-12-28,https://www.jra.go.jp/datafile/seiseki/report/2024/2024-5nakayama9.pdf,official_daily_result_pdf
202406050909,2024,中山,5,9,9,2024-12-28,https://www.jra.go.jp/datafile/seiseki/report/2024/2024-5nakayama9.pdf,official_daily_result_pdf
202406050910,2024,中山,5,9,10,2024-12-28,https://www.jra.go.jp/datafile/seiseki/report/2024/2024-5nakayama9.pdf,official_daily_result_pdf
202406050911,2024,中山,5,9,11,2024-12-28,https://www.jra.go.jp/datafile/seiseki/report/2024/2024-5nakayama9.pdf,official_daily_result_pdf
202406050912,2024,中山,5,9,12,2024-12-28,https://www.jra.go.jp/datafile/seiseki/report/2024/2024-5nakayama9.pdf,official_daily_result_pdf
202407010101,2024,中京,1,1,1,2024-03-09,https://www.jra.go.jp/datafile/seiseki/report/2024/2024-1chukyo1.pdf,official_daily_result_pdf
202407010102,2024,中京,1,1,2,2024-03-09,https://www.jra.go.jp/datafile/seiseki/report/2024/2024-1chukyo1.pdf,official_daily_result_pdf
202407010103,2024,中京,1,1,3,2024-03-09,https://www.jra.go.jp/datafile/seiseki/report/2024/2024-1chukyo1.pdf,official_daily_result_pdf
202407010104,2024,中京,1,1,4,2024-03-09,https://www.jra.go.jp/datafile/seiseki/report/2024/2024-1chukyo1.pdf,official_daily_result_pdf
202407010105,2024,中京,1,1,5,2024-03-09,https://www.jra.go.jp/datafile/seiseki/report/2024/2024-1chukyo1.pdf,official_daily_result_pdf
202407010106,2024,中京,1,1,6,2024-03-09,https://www.jra.go.jp/datafile/seiseki/report/2024/2024-1chukyo1.pdf,official_daily_result_pdf
202407010107,2024,中京,1,1,7,2024-03-09,https://www.jra.go.jp/datafile/seiseki/report/2024/2024-1chukyo1.pdf,official_daily_result_pdf
202407010108,2024,中京,1,1,8,2024-03-09,https://www.jra.go.jp/datafile/seiseki/report/2024/2024-1chukyo1.pdf,official_daily_result_pdf
202407010109,2024,中京,1,1,9,2024-03-09,https://www.jra.go.jp/datafile/seiseki/report/2024/2024-1chukyo1.pdf,official_daily_result_pdf
202407010110,2024,中京,1,1,10,2024-03-09,https://www.jra.go.jp/datafile/seiseki/report/2024/2024-1chukyo1.pdf,official_daily_result_pdf
202407010111,2024,中京,1,1,11,2024-03-09,https://www.jra.go.jp/datafile/seiseki/report/2024/2024-1chukyo1.pdf,official_daily_result_pdf
202407010112,2024,中京,1,1,12,2024-03-09,https://www.jra.go.jp/datafile/seiseki/report/2024/2024-1chukyo1.pdf,official_daily_result_pdf
202407010201,2024,中京,1,2,1,2024-03-10,https://www.jra.go.jp/datafile/seiseki/report/2024/2024-1chukyo2.pdf,official_daily_result_pdf
202407010202,2024,中京,1,2,2,2024-03-10,https://www.jra.go.jp/datafile/seiseki/report/2024/2024-1chukyo2.pdf,official_daily_result_pdf
202407010203,2024,中京,1,2,3,2024-03-10,https://www.jra.go.jp/datafile/seiseki/report/2024/2024-1chukyo2.pdf,official_daily_result_pdf
202407010204,2024,中京,1,2,4,2024-03-10,https://www.jra.go.jp/datafile/seiseki/report/2024/2024-1chukyo2.pdf,official_daily_result_pdf
202407010205,2024,中京,1,2,5,2024-03-10,https://www.jra.go.jp/datafile/seiseki/report/2024/2024-1chukyo2.pdf,official_daily_result_pdf
202407010206,2024,中京,1,2,6,2024-03-10,https://www.jra.go.jp/datafile/seiseki/report/2024/2024-1chukyo2.pdf,official_daily_result_pdf
202407010207,2024,中京,1,2,7,2024-03-10,https://www.jra.go.jp/datafile/seiseki/report/2024/2024-1chukyo2.pdf,official_daily_result_pdf
202407010208,2024,中京,1,2,8,2024-03-10,https://www.jra.go.jp/datafile/seiseki/report/2024/2024-1chukyo2.pdf,official_daily_result_pdf
202407010209,2024,中京,1,2,9,2024-03-10,https://www.jra.go.jp/datafile/seiseki/report/2024/2024-1chukyo2.pdf,official_daily_result_pdf
202407010210,2024,中京,1,2,10,2024-03-10,https://www.jra.go.jp/datafile/seiseki/report/2024/2024-1chukyo2.pdf,official_daily_result_pdf
202407010211,2024,中京,1,2,11,2024-03-10,https://www.jra.go.jp/datafile/seiseki/report/2024/2024-1chukyo2.pdf,official_daily_result_pdf
202407010212,2024,中京,1,2,12,2024-03-10,https://www.jra.go.jp/datafile/seiseki/report/2024/2024-1chukyo2.pdf,official_daily_result_pdf
202407010301,2024,中京,1,3,1,2024-03-16,https://www.jra.go.jp/datafile/seiseki/report/2024/2024-1chukyo3.pdf,official_daily_result_pdf
202407010302,2024,中京,1,3,2,2024-03-16,https://www.jra.go.jp/datafile/seiseki/report/2024/2024-1chukyo3.pdf,official_daily_result_pdf
202407010303,2024,中京,1,3,3,2024-03-16,https://www.jra.go.jp/datafile/seiseki/report/2024/2024-1chukyo3.pdf,official_daily_result_pdf
202407010304,2024,中京,1,3,4,2024-03-16,https://www.jra.go.jp/datafile/seiseki/report/2024/2024-1chukyo3.pdf,official_daily_result_pdf
202407010305,2024,中京,1,3,5,2024-03-16,https://www.jra.go.jp/datafile/seiseki/report/2024/2024-1chukyo3.pdf,official_daily_result_pdf
202407010306,2024,中京,1,3,6,2024-03-16,https://www.jra.go.jp/datafile/seiseki/report/2024/2024-1chukyo3.pdf,official_daily_result_pdf
202407010307,2024,中京,1,3,7,2024-03-16,https://www.jra.go.jp/datafile/seiseki/report/2024/2024-1chukyo3.pdf,official_daily_result_pdf
202407010308,2024,中京,1,3,8,2024-03-16,https://www.jra.go.jp/datafile/seiseki/report/2024/2024-1chukyo3.pdf,official_daily_result_pdf
202407010309,2024,中京,1,3,9,2024-03-16,https://www.jra.go.jp/datafile/seiseki/report/2024/2024-1chukyo3.pdf,official_daily_result_pdf
202407010310,2024,中京,1,3,10,2024-03-16,https://www.jra.go.jp/datafile/seiseki/report/2024/2024-1chukyo3.pdf,official_daily_result_pdf
202407010311,2024,中京,1,3,11,2024-03-16,https://www.jra.go.jp/datafile/seiseki/report/2024/2024-1chukyo3.pdf,official_daily_result_pdf
202407010312,2024,中京,1,3,12,2024-03-16,https://www.jra.go.jp/datafile/seiseki/report/2024/2024-1chukyo3.pdf,official_daily_result_pdf
202407010401,2024,中京,1,4,1,2024-03-17,https://www.jra.go.jp/datafile/seiseki/report/2024/2024-1chukyo4.pdf,official_daily_result_pdf
202407010402,2024,中京,1,4,2,2024-03-17,https://www.jra.go.jp/datafile/seiseki/report/2024/2024-1chukyo4.pdf,official_daily_result_pdf
202407010403,2024,中京,1,4,3,2024-03-17,https://www.jra.go.jp/datafile/seiseki/report/2024/2024-1chukyo4.pdf,official_daily_result_pdf
202407010404,2024,中京,1,4,4,2024-03-17,https://www.jra.go.jp/datafile/seiseki/report/2024/2024-1chukyo4.pdf,official_daily_result_pdf
202407010405,2024,中京,1,4,5,2024-03-17,https://www.jra.go.jp/datafile/seiseki/report/2024/2024-1chukyo4.pdf,official_daily_result_pdf
202407010406,2024,中京,1,4,6,2024-03-17,https://www.jra.go.jp/datafile/seiseki/report/2024/2024-1chukyo4.pdf,official_daily_result_pdf
202407010407,2024,中京,1,4,7,2024-03-17,https://www.jra.go.jp/datafile/seiseki/report/2024/2024-1chukyo4.pdf,official_daily_result_pdf
202407010408,2024,中京,1,4,8,2024-03-17,https://www.jra.go.jp/datafile/seiseki/report/2024/2024-1chukyo4.pdf,official_daily_result_pdf
202407010409,2024,中京,1,4,9,2024-03-17,https://www.jra.go.jp/datafile/seiseki/report/2024/2024-1chukyo4.pdf,official_daily_result_pdf
202407010410,2024,中京,1,4,10,2024-03-17,https://www.jra.go.jp/datafile/seiseki/report/2024/2024-1chukyo4.pdf,official_daily_result_pdf
202407010411,2024,中京,1,4,11,2024-03-17,https://www.jra.go.jp/datafile/seiseki/report/2024/2024-1chukyo4.pdf,official_daily_result_pdf
202407010412,2024,中京,1,4,12,2024-03-17,https://www.jra.go.jp/datafile/seiseki/report/2024/2024-1chukyo4.pdf,official_daily_result_pdf
202407010501,2024,中京,1,5,1,2024-03-23,https://www.jra.go.jp/datafile/seiseki/report/2024/2024-1chukyo5.pdf,official_daily_result_pdf
202407010502,2024,中京,1,5,2,2024-03-23,https://www.jra.go.jp/datafile/seiseki/report/2024/2024-1chukyo5.pdf,official_daily_result_pdf
202407010503,2024,中京,1,5,3,2024-03-23,https://www.jra.go.jp/datafile/seiseki/report/2024/2024-1chukyo5.pdf,official_daily_result_pdf
202407010504,2024,中京,1,5,4,2024-03-23,https://www.jra.go.jp/datafile/seiseki/report/2024/2024-1chukyo5.pdf,official_daily_result_pdf
202407010505,2024,中京,1,5,5,2024-03-23,https://www.jra.go.jp/datafile/seiseki/report/2024/2024-1chukyo5.pdf,official_daily_result_pdf
202407010506,2024,中京,1,5,6,2024-03-23,https://www.jra.go.jp/datafile/seiseki/report/2024/2024-1chukyo5.pdf,official_daily_result_pdf
202407010507,2024,中京,1,5,7,2024-03-23,https://www.jra.go.jp/datafile/seiseki/report/2024/2024-1chukyo5.pdf,official_daily_result_pdf
202407010508,2024,中京,1,5,8,2024-03-23,https://www.jra.go.jp/datafile/seiseki/report/2024/2024-1chukyo5.pdf,official_daily_result_pdf
202407010509,2024,中京,1,5,9,2024-03-23,https://www.jra.go.jp/datafile/seiseki/report/2024/2024-1chukyo5.pdf,official_daily_result_pdf
202407010510,2024,中京,1,5,10,2024-03-23,https://www.jra.go.jp/datafile/seiseki/report/2024/2024-1chukyo5.pdf,official_daily_result_pdf
202407010511,2024,中京,1,5,11,2024-03-23,https://www.jra.go.jp/datafile/seiseki/report/2024/2024-1chukyo5.pdf,official_daily_result_pdf
202407010512,2024,中京,1,5,12,2024-03-23,https://www.jra.go.jp/datafile/seiseki/report/2024/2024-1chukyo5.pdf,official_daily_result_pdf
202407010601,2024,中京,1,6,1,2024-03-24,https://www.jra.go.jp/datafile/seiseki/report/2024/2024-1chukyo6.pdf,official_daily_result_pdf
202407010602,2024,中京,1,6,2,2024-03-24,https://www.jra.go.jp/datafile/seiseki/report/2024/2024-1chukyo6.pdf,official_daily_result_pdf
202407010603,2024,中京,1,6,3,2024-03-24,https://www.jra.go.jp/datafile/seiseki/report/2024/2024-1chukyo6.pdf,official_daily_result_pdf
202407010604,2024,中京,1,6,4,2024-03-24,https://www.jra.go.jp/datafile/seiseki/report/2024/2024-1chukyo6.pdf,official_daily_result_pdf
202407010605,2024,中京,1,6,5,2024-03-24,https://www.jra.go.jp/datafile/seiseki/report/2024/2024-1chukyo6.pdf,official_daily_result_pdf
202407010606,2024,中京,1,6,6,2024-03-24,https://www.jra.go.jp/datafile/seiseki/report/2024/2024-1chukyo6.pdf,official_daily_result_pdf
202407010607,2024,中京,1,6,7,2024-03-24,https://www.jra.go.jp/datafile/seiseki/report/2024/2024-1chukyo6.pdf,official_daily_result_pdf
202407010608,2024,中京,1,6,8,2024-03-24,https://www.jra.go.jp/datafile/seiseki/report/2024/2024-1chukyo6.pdf,official_daily_result_pdf
202407010609,2024,中京,1,6,9,2024-03-24,https://www.jra.go.jp/datafile/seiseki/report/2024/2024-1chukyo6.pdf,official_daily_result_pdf
202407010610,2024,中京,1,6,10,2024-03-24,https://www.jra.go.jp/datafile/seiseki/report/2024/2024-1chukyo6.pdf,official_daily_result_pdf
202407010611,2024,中京,1,6,11,2024-03-24,https://www.jra.go.jp/datafile/seiseki/report/2024/2024-1chukyo6.pdf,official_daily_result_pdf
202407010612,2024,中京,1,6,12,2024-03-24,https://www.jra.go.jp/datafile/seiseki/report/2024/2024-1chukyo6.pdf,official_daily_result_pdf
202407020101,2024,中京,2,1,1,2024-08-10,https://www.jra.go.jp/datafile/seiseki/report/2024/2024-2chukyo1.pdf,official_daily_result_pdf
202407020102,2024,中京,2,1,2,2024-08-10,https://www.jra.go.jp/datafile/seiseki/report/2024/2024-2chukyo1.pdf,official_daily_result_pdf
202407020103,2024,中京,2,1,3,2024-08-10,https://www.jra.go.jp/datafile/seiseki/report/2024/2024-2chukyo1.pdf,official_daily_result_pdf
202407020104,2024,中京,2,1,4,2024-08-10,https://www.jra.go.jp/datafile/seiseki/report/2024/2024-2chukyo1.pdf,official_daily_result_pdf
202407020105,2024,中京,2,1,5,2024-08-10,https://www.jra.go.jp/datafile/seiseki/report/2024/2024-2chukyo1.pdf,official_daily_result_pdf
202407020106,2024,中京,2,1,6,2024-08-10,https://www.jra.go.jp/datafile/seiseki/report/2024/2024-2chukyo1.pdf,official_daily_result_pdf
202407020107,2024,中京,2,1,7,2024-08-10,https://www.jra.go.jp/datafile/seiseki/report/2024/2024-2chukyo1.pdf,official_daily_result_pdf
202407020108,2024,中京,2,1,8,2024-08-10,https://www.jra.go.jp/datafile/seiseki/report/2024/2024-2chukyo1.pdf,official_daily_result_pdf
202407020109,2024,中京,2,1,9,2024-08-10,https://www.jra.go.jp/datafile/seiseki/report/2024/2024-2chukyo1.pdf,official_daily_result_pdf
202407020110,2024,中京,2,1,10,2024-08-10,https://www.jra.go.jp/datafile/seiseki/report/2024/2024-2chukyo1.pdf,official_daily_result_pdf
202407020111,2024,中京,2,1,11,2024-08-10,https://www.jra.go.jp/datafile/seiseki/report/2024/2024-2chukyo1.pdf,official_daily_result_pdf
202407020112,2024,中京,2,1,12,2024-08-10,https://www.jra.go.jp/datafile/seiseki/report/2024/2024-2chukyo1.pdf,official_daily_result_pdf
202407020201,2024,中京,2,2,1,2024-08-11,https://www.jra.go.jp/datafile/seiseki/report/2024/2024-2chukyo2.pdf,official_daily_result_pdf
202407020202,2024,中京,2,2,2,2024-08-11,https://www.jra.go.jp/datafile/seiseki/report/2024/2024-2chukyo2.pdf,official_daily_result_pdf
202407020203,2024,中京,2,2,3,2024-08-11,https://www.jra.go.jp/datafile/seiseki/report/2024/2024-2chukyo2.pdf,official_daily_result_pdf
202407020204,2024,中京,2,2,4,2024-08-11,https://www.jra.go.jp/datafile/seiseki/report/2024/2024-2chukyo2.pdf,official_daily_result_pdf
202407020205,2024,中京,2,2,5,2024-08-11,https://www.jra.go.jp/datafile/seiseki/report/2024/2024-2chukyo2.pdf,official_daily_result_pdf
202407020206,2024,中京,2,2,6,2024-08-11,https://www.jra.go.jp/datafile/seiseki/report/2024/2024-2chukyo2.pdf,official_daily_result_pdf
202407020207,2024,中京,2,2,7,2024-08-11,https://www.jra.go.jp/datafile/seiseki/report/2024/2024-2chukyo2.pdf,official_daily_result_pdf
202407020208,2024,中京,2,2,8,2024-08-11,https://www.jra.go.jp/datafile/seiseki/report/2024/2024-2chukyo2.pdf,official_daily_result_pdf
202407020209,2024,中京,2,2,9,2024-08-11,https://www.jra.go.jp/datafile/seiseki/report/2024/2024-2chukyo2.pdf,official_daily_result_pdf
202407020210,2024,中京,2,2,10,2024-08-11,https://www.jra.go.jp/datafile/seiseki/report/2024/2024-2chukyo2.pdf,official_daily_result_pdf
202407020211,2024,中京,2,2,11,2024-08-11,https://www.jra.go.jp/datafile/seiseki/report/2024/2024-2chukyo2.pdf,official_daily_result_pdf
202407020212,2024,中京,2,2,12,2024-08-11,https://www.jra.go.jp/datafile/seiseki/report/2024/2024-2chukyo2.pdf,official_daily_result_pdf
202407020301,2024,中京,2,3,1,2024-08-17,https://www.jra.go.jp/datafile/seiseki/report/2024/2024-2chukyo3.pdf,official_daily_result_pdf
202407020302,2024,中京,2,3,2,2024-08-17,https://www.jra.go.jp/datafile/seiseki/report/2024/2024-2chukyo3.pdf,official_daily_result_pdf
202407020303,2024,中京,2,3,3,2024-08-17,https://www.jra.go.jp/datafile/seiseki/report/2024/2024-2chukyo3.pdf,official_daily_result_pdf
202407020304,2024,中京,2,3,4,2024-08-17,https://www.jra.go.jp/datafile/seiseki/report/2024/2024-2chukyo3.pdf,official_daily_result_pdf
202407020305,2024,中京,2,3,5,2024-08-17,https://www.jra.go.jp/datafile/seiseki/report/2024/2024-2chukyo3.pdf,official_daily_result_pdf
202407020306,2024,中京,2,3,6,2024-08-17,https://www.jra.go.jp/datafile/seiseki/report/2024/2024-2chukyo3.pdf,official_daily_result_pdf
202407020307,2024,中京,2,3,7,2024-08-17,https://www.jra.go.jp/datafile/seiseki/report/2024/2024-2chukyo3.pdf,official_daily_result_pdf
202407020308,2024,中京,2,3,8,2024-08-17,https://www.jra.go.jp/datafile/seiseki/report/2024/2024-2chukyo3.pdf,official_daily_result_pdf
202407020309,2024,中京,2,3,9,2024-08-17,https://www.jra.go.jp/datafile/seiseki/report/2024/2024-2chukyo3.pdf,official_daily_result_pdf
202407020310,2024,中京,2,3,10,2024-08-17,https://www.jra.go.jp/datafile/seiseki/report/2024/2024-2chukyo3.pdf,official_daily_result_pdf
202407020311,2024,中京,2,3,11,2024-08-17,https://www.jra.go.jp/datafile/seiseki/report/2024/2024-2chukyo3.pdf,official_daily_result_pdf
202407020312,2024,中京,2,3,12,2024-08-17,https://www.jra.go.jp/datafile/seiseki/report/2024/2024-2chukyo3.pdf,official_daily_result_pdf
202407020401,2024,中京,2,4,1,2024-08-18,https://www.jra.go.jp/datafile/seiseki/report/2024/2024-2chukyo4.pdf,official_daily_result_pdf
202407020402,2024,中京,2,4,2,2024-08-18,https://www.jra.go.jp/datafile/seiseki/report/2024/2024-2chukyo4.pdf,official_daily_result_pdf
202407020403,2024,中京,2,4,3,2024-08-18,https://www.jra.go.jp/datafile/seiseki/report/2024/2024-2chukyo4.pdf,official_daily_result_pdf
202407020404,2024,中京,2,4,4,2024-08-18,https://www.jra.go.jp/datafile/seiseki/report/2024/2024-2chukyo4.pdf,official_daily_result_pdf
202407020405,2024,中京,2,4,5,2024-08-18,https://www.jra.go.jp/datafile/seiseki/report/2024/2024-2chukyo4.pdf,official_daily_result_pdf
202407020406,2024,中京,2,4,6,2024-08-18,https://www.jra.go.jp/datafile/seiseki/report/2024/2024-2chukyo4.pdf,official_daily_result_pdf
202407020407,2024,中京,2,4,7,2024-08-18,https://www.jra.go.jp/datafile/seiseki/report/2024/2024-2chukyo4.pdf,official_daily_result_pdf
202407020408,2024,中京,2,4,8,2024-08-18,https://www.jra.go.jp/datafile/seiseki/report/2024/2024-2chukyo4.pdf,official_daily_result_pdf
202407020409,2024,中京,2,4,9,2024-08-18,https://www.jra.go.jp/datafile/seiseki/report/2024/2024-2chukyo4.pdf,official_daily_result_pdf
202407020410,2024,中京,2,4,10,2024-08-18,https://www.jra.go.jp/datafile/seiseki/report/2024/2024-2chukyo4.pdf,official_daily_result_pdf
202407020411,2024,中京,2,4,11,2024-08-18,https://www.jra.go.jp/datafile/seiseki/report/2024/2024-2chukyo4.pdf,official_daily_result_pdf
202407020412,2024,中京,2,4,12,2024-08-18,https://www.jra.go.jp/datafile/seiseki/report/2024/2024-2chukyo4.pdf,official_daily_result_pdf
202407020501,2024,中京,2,5,1,2024-08-24,https://www.jra.go.jp/datafile/seiseki/report/2024/2024-2chukyo5.pdf,official_daily_result_pdf
202407020502,2024,中京,2,5,2,2024-08-24,https://www.jra.go.jp/datafile/seiseki/report/2024/2024-2chukyo5.pdf,official_daily_result_pdf
202407020503,2024,中京,2,5,3,2024-08-24,https://www.jra.go.jp/datafile/seiseki/report/2024/2024-2chukyo5.pdf,official_daily_result_pdf
202407020504,2024,中京,2,5,4,2024-08-24,https://www.jra.go.jp/datafile/seiseki/report/2024/2024-2chukyo5.pdf,official_daily_result_pdf
202407020505,2024,中京,2,5,5,2024-08-24,https://www.jra.go.jp/datafile/seiseki/report/2024/2024-2chukyo5.pdf,official_daily_result_pdf
202407020506,2024,中京,2,5,6,2024-08-24,https://www.jra.go.jp/datafile/seiseki/report/2024/2024-2chukyo5.pdf,official_daily_result_pdf
202407020507,2024,中京,2,5,7,2024-08-24,https://www.jra.go.jp/datafile/seiseki/report/2024/2024-2chukyo5.pdf,official_daily_result_pdf
202407020508,2024,中京,2,5,8,2024-08-24,https://www.jra.go.jp/datafile/seiseki/report/2024/2024-2chukyo5.pdf,official_daily_result_pdf
202407020509,2024,中京,2,5,9,2024-08-24,https://www.jra.go.jp/datafile/seiseki/report/2024/2024-2chukyo5.pdf,official_daily_result_pdf
202407020510,2024,中京,2,5,10,2024-08-24,https://www.jra.go.jp/datafile/seiseki/report/2024/2024-2chukyo5.pdf,official_daily_result_pdf
202407020511,2024,中京,2,5,11,2024-08-24,https://www.jra.go.jp/datafile/seiseki/report/2024/2024-2chukyo5.pdf,official_daily_result_pdf
202407020512,2024,中京,2,5,12,2024-08-24,https://www.jra.go.jp/datafile/seiseki/report/2024/2024-2chukyo5.pdf,official_daily_result_pdf
202407020601,2024,中京,2,6,1,2024-08-25,https://www.jra.go.jp/datafile/seiseki/report/2024/2024-2chukyo6.pdf,official_daily_result_pdf
202407020602,2024,中京,2,6,2,2024-08-25,https://www.jra.go.jp/datafile/seiseki/report/2024/2024-2chukyo6.pdf,official_daily_result_pdf
202407020603,2024,中京,2,6,3,2024-08-25,https://www.jra.go.jp/datafile/seiseki/report/2024/2024-2chukyo6.pdf,official_daily_result_pdf
202407020604,2024,中京,2,6,4,2024-08-25,https://www.jra.go.jp/datafile/seiseki/report/2024/2024-2chukyo6.pdf,official_daily_result_pdf
202407020605,2024,中京,2,6,5,2024-08-25,https://www.jra.go.jp/datafile/seiseki/report/2024/2024-2chukyo6.pdf,official_daily_result_pdf
202407020606,2024,中京,2,6,6,2024-08-25,https://www.jra.go.jp/datafile/seiseki/report/2024/2024-2chukyo6.pdf,official_daily_result_pdf
202407020607,2024,中京,2,6,7,2024-08-25,https://www.jra.go.jp/datafile/seiseki/report/2024/2024-2chukyo6.pdf,official_daily_result_pdf
202407020608,2024,中京,2,6,8,2024-08-25,https://www.jra.go.jp/datafile/seiseki/report/2024/2024-2chukyo6.pdf,official_daily_result_pdf
202407020609,2024,中京,2,6,9,2024-08-25,https://www.jra.go.jp/datafile/seiseki/report/2024/2024-2chukyo6.pdf,official_daily_result_pdf
202407020610,2024,中京,2,6,10,2024-08-25,https://www.jra.go.jp/datafile/seiseki/report/2024/2024-2chukyo6.pdf,official_daily_result_pdf
202407020611,2024,中京,2,6,11,2024-08-25,https://www.jra.go.jp/datafile/seiseki/report/2024/2024-2chukyo6.pdf,official_daily_result_pdf
202407020612,2024,中京,2,6,12,2024-08-25,https://www.jra.go.jp/datafile/seiseki/report/2024/2024-2chukyo6.pdf,official_daily_result_pdf
202407020701,2024,中京,2,7,1,2024-08-31,https://www.jra.go.jp/datafile/seiseki/report/2024/2024-2chukyo7.pdf,official_daily_result_pdf
202407020702,2024,中京,2,7,2,2024-08-31,https://www.jra.go.jp/datafile/seiseki/report/2024/2024-2chukyo7.pdf,official_daily_result_pdf
202407020703,2024,中京,2,7,3,2024-08-31,https://www.jra.go.jp/datafile/seiseki/report/2024/2024-2chukyo7.pdf,official_daily_result_pdf
202407020704,2024,中京,2,7,4,2024-08-31,https://www.jra.go.jp/datafile/seiseki/report/2024/2024-2chukyo7.pdf,official_daily_result_pdf
202407020705,2024,中京,2,7,5,2024-08-31,https://www.jra.go.jp/datafile/seiseki/report/2024/2024-2chukyo7.pdf,official_daily_result_pdf
202407020706,2024,中京,2,7,6,2024-08-31,https://www.jra.go.jp/datafile/seiseki/report/2024/2024-2chukyo7.pdf,official_daily_result_pdf
202407020707,2024,中京,2,7,7,2024-08-31,https://www.jra.go.jp/datafile/seiseki/report/2024/2024-2chukyo7.pdf,official_daily_result_pdf
202407020708,2024,中京,2,7,8,2024-08-31,https://www.jra.go.jp/datafile/seiseki/report/2024/2024-2chukyo7.pdf,official_daily_result_pdf
202407020709,2024,中京,2,7,9,2024-08-31,https://www.jra.go.jp/datafile/seiseki/report/2024/2024-2chukyo7.pdf,official_daily_result_pdf
202407020710,2024,中京,2,7,10,2024-08-31,https://www.jra.go.jp/datafile/seiseki/report/2024/2024-2chukyo7.pdf,official_daily_result_pdf
202407020711,2024,中京,2,7,11,2024-08-31,https://www.jra.go.jp/datafile/seiseki/report/2024/2024-2chukyo7.pdf,official_daily_result_pdf
202407020712,2024,中京,2,7,12,2024-08-31,https://www.jra.go.jp/datafile/seiseki/report/2024/2024-2chukyo7.pdf,official_daily_result_pdf
202407020801,2024,中京,2,8,1,2024-09-01,https://www.jra.go.jp/datafile/seiseki/report/2024/2024-2chukyo8.pdf,official_daily_result_pdf
202407020802,2024,中京,2,8,2,2024-09-01,https://www.jra.go.jp/datafile/seiseki/report/2024/2024-2chukyo8.pdf,official_daily_result_pdf
202407020803,2024,中京,2,8,3,2024-09-01,https://www.jra.go.jp/datafile/seiseki/report/2024/2024-2chukyo8.pdf,official_daily_result_pdf
202407020804,2024,中京,2,8,4,2024-09-01,https://www.jra.go.jp/datafile/seiseki/report/2024/2024-2chukyo8.pdf,official_daily_result_pdf
202407020805,2024,中京,2,8,5,2024-09-01,https://www.jra.go.jp/datafile/seiseki/report/2024/2024-2chukyo8.pdf,official_daily_result_pdf
202407020806,2024,中京,2,8,6,2024-09-01,https://www.jra.go.jp/datafile/seiseki/report/2024/2024-2chukyo8.pdf,official_daily_result_pdf
202407020807,2024,中京,2,8,7,2024-09-01,https://www.jra.go.jp/datafile/seiseki/report/2024/2024-2chukyo8.pdf,official_daily_result_pdf
202407020808,2024,中京,2,8,8,2024-09-01,https://www.jra.go.jp/datafile/seiseki/report/2024/2024-2chukyo8.pdf,official_daily_result_pdf
202407020809,2024,中京,2,8,9,2024-09-01,https://www.jra.go.jp/datafile/seiseki/report/2024/2024-2chukyo8.pdf,official_daily_result_pdf
202407020810,2024,中京,2,8,10,2024-09-01,https://www.jra.go.jp/datafile/seiseki/report/2024/2024-2chukyo8.pdf,official_daily_result_pdf
202407020811,2024,中京,2,8,11,2024-09-01,https://www.jra.go.jp/datafile/seiseki/report/2024/2024-2chukyo8.pdf,official_daily_result_pdf
202407020812,2024,中京,2,8,12,2024-09-01,https://www.jra.go.jp/datafile/seiseki/report/2024/2024-2chukyo8.pdf,official_daily_result_pdf
202407030101,2024,中京,3,1,1,2024-09-07,https://www.jra.go.jp/datafile/seiseki/report/2024/2024-3chukyo1.pdf,official_daily_result_pdf
202407030102,2024,中京,3,1,2,2024-09-07,https://www.jra.go.jp/datafile/seiseki/report/2024/2024-3chukyo1.pdf,official_daily_result_pdf
202407030103,2024,中京,3,1,3,2024-09-07,https://www.jra.go.jp/datafile/seiseki/report/2024/2024-3chukyo1.pdf,official_daily_result_pdf
202407030104,2024,中京,3,1,4,2024-09-07,https://www.jra.go.jp/datafile/seiseki/report/2024/2024-3chukyo1.pdf,official_daily_result_pdf
202407030105,2024,中京,3,1,5,2024-09-07,https://www.jra.go.jp/datafile/seiseki/report/2024/2024-3chukyo1.pdf,official_daily_result_pdf
202407030106,2024,中京,3,1,6,2024-09-07,https://www.jra.go.jp/datafile/seiseki/report/2024/2024-3chukyo1.pdf,official_daily_result_pdf
202407030107,2024,中京,3,1,7,2024-09-07,https://www.jra.go.jp/datafile/seiseki/report/2024/2024-3chukyo1.pdf,official_daily_result_pdf
202407030108,2024,中京,3,1,8,2024-09-07,https://www.jra.go.jp/datafile/seiseki/report/2024/2024-3chukyo1.pdf,official_daily_result_pdf
202407030109,2024,中京,3,1,9,2024-09-07,https://www.jra.go.jp/datafile/seiseki/report/2024/2024-3chukyo1.pdf,official_daily_result_pdf
202407030110,2024,中京,3,1,10,2024-09-07,https://www.jra.go.jp/datafile/seiseki/report/2024/2024-3chukyo1.pdf,official_daily_result_pdf
202407030111,2024,中京,3,1,11,2024-09-07,https://www.jra.go.jp/datafile/seiseki/report/2024/2024-3chukyo1.pdf,official_daily_result_pdf
202407030112,2024,中京,3,1,12,2024-09-07,https://www.jra.go.jp/datafile/seiseki/report/2024/2024-3chukyo1.pdf,official_daily_result_pdf
202407030201,2024,中京,3,2,1,2024-09-08,https://www.jra.go.jp/datafile/seiseki/report/2024/2024-3chukyo2.pdf,official_daily_result_pdf
202407030202,2024,中京,3,2,2,2024-09-08,https://www.jra.go.jp/datafile/seiseki/report/2024/2024-3chukyo2.pdf,official_daily_result_pdf
202407030203,2024,中京,3,2,3,2024-09-08,https://www.jra.go.jp/datafile/seiseki/report/2024/2024-3chukyo2.pdf,official_daily_result_pdf
202407030204,2024,中京,3,2,4,2024-09-08,https://www.jra.go.jp/datafile/seiseki/report/2024/2024-3chukyo2.pdf,official_daily_result_pdf
202407030205,2024,中京,3,2,5,2024-09-08,https://www.jra.go.jp/datafile/seiseki/report/2024/2024-3chukyo2.pdf,official_daily_result_pdf
202407030206,2024,中京,3,2,6,2024-09-08,https://www.jra.go.jp/datafile/seiseki/report/2024/2024-3chukyo2.pdf,official_daily_result_pdf
202407030207,2024,中京,3,2,7,2024-09-08,https://www.jra.go.jp/datafile/seiseki/report/2024/2024-3chukyo2.pdf,official_daily_result_pdf
202407030208,2024,中京,3,2,8,2024-09-08,https://www.jra.go.jp/datafile/seiseki/report/2024/2024-3chukyo2.pdf,official_daily_result_pdf
202407030209,2024,中京,3,2,9,2024-09-08,https://www.jra.go.jp/datafile/seiseki/report/2024/2024-3chukyo2.pdf,official_daily_result_pdf
202407030210,2024,中京,3,2,10,2024-09-08,https://www.jra.go.jp/datafile/seiseki/report/2024/2024-3chukyo2.pdf,official_daily_result_pdf
202407030211,2024,中京,3,2,11,2024-09-08,https://www.jra.go.jp/datafile/seiseki/report/2024/2024-3chukyo2.pdf,official_daily_result_pdf
202407030212,2024,中京,3,2,12,2024-09-08,https://www.jra.go.jp/datafile/seiseki/report/2024/2024-3chukyo2.pdf,official_daily_result_pdf
202407030301,2024,中京,3,3,1,2024-09-14,https://www.jra.go.jp/datafile/seiseki/report/2024/2024-3chukyo3.pdf,official_daily_result_pdf
202407030302,2024,中京,3,3,2,2024-09-14,https://www.jra.go.jp/datafile/seiseki/report/2024/2024-3chukyo3.pdf,official_daily_result_pdf
202407030303,2024,中京,3,3,3,2024-09-14,https://www.jra.go.jp/datafile/seiseki/report/2024/2024-3chukyo3.pdf,official_daily_result_pdf
202407030304,2024,中京,3,3,4,2024-09-14,https://www.jra.go.jp/datafile/seiseki/report/2024/2024-3chukyo3.pdf,official_daily_result_pdf
202407030305,2024,中京,3,3,5,2024-09-14,https://www.jra.go.jp/datafile/seiseki/report/2024/2024-3chukyo3.pdf,official_daily_result_pdf
202407030306,2024,中京,3,3,6,2024-09-14,https://www.jra.go.jp/datafile/seiseki/report/2024/2024-3chukyo3.pdf,official_daily_result_pdf
202407030307,2024,中京,3,3,7,2024-09-14,https://www.jra.go.jp/datafile/seiseki/report/2024/2024-3chukyo3.pdf,official_daily_result_pdf
202407030308,2024,中京,3,3,8,2024-09-14,https://www.jra.go.jp/datafile/seiseki/report/2024/2024-3chukyo3.pdf,official_daily_result_pdf
202407030309,2024,中京,3,3,9,2024-09-14,https://www.jra.go.jp/datafile/seiseki/report/2024/2024-3chukyo3.pdf,official_daily_result_pdf
202407030310,2024,中京,3,3,10,2024-09-14,https://www.jra.go.jp/datafile/seiseki/report/2024/2024-3chukyo3.pdf,official_daily_result_pdf
202407030311,2024,中京,3,3,11,2024-09-14,https://www.jra.go.jp/datafile/seiseki/report/2024/2024-3chukyo3.pdf,official_daily_result_pdf
202407030312,2024,中京,3,3,12,2024-09-14,https://www.jra.go.jp/datafile/seiseki/report/2024/2024-3chukyo3.pdf,official_daily_result_pdf
202407030401,2024,中京,3,4,1,2024-09-15,https://www.jra.go.jp/datafile/seiseki/report/2024/2024-3chukyo4.pdf,official_daily_result_pdf
202407030402,2024,中京,3,4,2,2024-09-15,https://www.jra.go.jp/datafile/seiseki/report/2024/2024-3chukyo4.pdf,official_daily_result_pdf
202407030403,2024,中京,3,4,3,2024-09-15,https://www.jra.go.jp/datafile/seiseki/report/2024/2024-3chukyo4.pdf,official_daily_result_pdf
202407030404,2024,中京,3,4,4,2024-09-15,https://www.jra.go.jp/datafile/seiseki/report/2024/2024-3chukyo4.pdf,official_daily_result_pdf
202407030405,2024,中京,3,4,5,2024-09-15,https://www.jra.go.jp/datafile/seiseki/report/2024/2024-3chukyo4.pdf,official_daily_result_pdf
202407030406,2024,中京,3,4,6,2024-09-15,https://www.jra.go.jp/datafile/seiseki/report/2024/2024-3chukyo4.pdf,official_daily_result_pdf
202407030407,2024,中京,3,4,7,2024-09-15,https://www.jra.go.jp/datafile/seiseki/report/2024/2024-3chukyo4.pdf,official_daily_result_pdf
202407030408,2024,中京,3,4,8,2024-09-15,https://www.jra.go.jp/datafile/seiseki/report/2024/2024-3chukyo4.pdf,official_daily_result_pdf
202407030409,2024,中京,3,4,9,2024-09-15,https://www.jra.go.jp/datafile/seiseki/report/2024/2024-3chukyo4.pdf,official_daily_result_pdf
202407030410,2024,中京,3,4,10,2024-09-15,https://www.jra.go.jp/datafile/seiseki/report/2024/2024-3chukyo4.pdf,official_daily_result_pdf
202407030411,2024,中京,3,4,11,2024-09-15,https://www.jra.go.jp/datafile/seiseki/report/2024/2024-3chukyo4.pdf,official_daily_result_pdf
202407030412,2024,中京,3,4,12,2024-09-15,https://www.jra.go.jp/datafile/seiseki/report/2024/2024-3chukyo4.pdf,official_daily_result_pdf
202407030501,2024,中京,3,5,1,2024-09-16,https://www.jra.go.jp/datafile/seiseki/report/2024/2024-3chukyo5.pdf,official_daily_result_pdf
202407030502,2024,中京,3,5,2,2024-09-16,https://www.jra.go.jp/datafile/seiseki/report/2024/2024-3chukyo5.pdf,official_daily_result_pdf
202407030503,2024,中京,3,5,3,2024-09-16,https://www.jra.go.jp/datafile/seiseki/report/2024/2024-3chukyo5.pdf,official_daily_result_pdf
202407030504,2024,中京,3,5,4,2024-09-16,https://www.jra.go.jp/datafile/seiseki/report/2024/2024-3chukyo5.pdf,official_daily_result_pdf
202407030505,2024,中京,3,5,5,2024-09-16,https://www.jra.go.jp/datafile/seiseki/report/2024/2024-3chukyo5.pdf,official_daily_result_pdf
202407030506,2024,中京,3,5,6,2024-09-16,https://www.jra.go.jp/datafile/seiseki/report/2024/2024-3chukyo5.pdf,official_daily_result_pdf
202407030507,2024,中京,3,5,7,2024-09-16,https://www.jra.go.jp/datafile/seiseki/report/2024/2024-3chukyo5.pdf,official_daily_result_pdf
202407030508,2024,中京,3,5,8,2024-09-16,https://www.jra.go.jp/datafile/seiseki/report/2024/2024-3chukyo5.pdf,official_daily_result_pdf
202407030509,2024,中京,3,5,9,2024-09-16,https://www.jra.go.jp/datafile/seiseki/report/2024/2024-3chukyo5.pdf,official_daily_result_pdf
202407030510,2024,中京,3,5,10,2024-09-16,https://www.jra.go.jp/datafile/seiseki/report/2024/2024-3chukyo5.pdf,official_daily_result_pdf
202407030511,2024,中京,3,5,11,2024-09-16,https://www.jra.go.jp/datafile/seiseki/report/2024/2024-3chukyo5.pdf,official_daily_result_pdf
202407030512,2024,中京,3,5,12,2024-09-16,https://www.jra.go.jp/datafile/seiseki/report/2024/2024-3chukyo5.pdf,official_daily_result_pdf
202407030601,2024,中京,3,6,1,2024-09-21,https://www.jra.go.jp/datafile/seiseki/report/2024/2024-3chukyo6.pdf,official_daily_result_pdf
202407030602,2024,中京,3,6,2,2024-09-21,https://www.jra.go.jp/datafile/seiseki/report/2024/2024-3chukyo6.pdf,official_daily_result_pdf
202407030603,2024,中京,3,6,3,2024-09-21,https://www.jra.go.jp/datafile/seiseki/report/2024/2024-3chukyo6.pdf,official_daily_result_pdf
202407030604,2024,中京,3,6,4,2024-09-21,https://www.jra.go.jp/datafile/seiseki/report/2024/2024-3chukyo6.pdf,official_daily_result_pdf
202407030605,2024,中京,3,6,5,2024-09-21,https://www.jra.go.jp/datafile/seiseki/report/2024/2024-3chukyo6.pdf,official_daily_result_pdf
202407030606,2024,中京,3,6,6,2024-09-21,https://www.jra.go.jp/datafile/seiseki/report/2024/2024-3chukyo6.pdf,official_daily_result_pdf
202407030607,2024,中京,3,6,7,2024-09-21,https://www.jra.go.jp/datafile/seiseki/report/2024/2024-3chukyo6.pdf,official_daily_result_pdf
202407030608,2024,中京,3,6,8,2024-09-21,https://www.jra.go.jp/datafile/seiseki/report/2024/2024-3chukyo6.pdf,official_daily_result_pdf
202407030609,2024,中京,3,6,9,2024-09-21,https://www.jra.go.jp/datafile/seiseki/report/2024/2024-3chukyo6.pdf,official_daily_result_pdf
202407030610,2024,中京,3,6,10,2024-09-21,https://www.jra.go.jp/datafile/seiseki/report/2024/2024-3chukyo6.pdf,official_daily_result_pdf
202407030611,2024,中京,3,6,11,2024-09-21,https://www.jra.go.jp/datafile/seiseki/report/2024/2024-3chukyo6.pdf,official_daily_result_pdf
202407030612,2024,中京,3,6,12,2024-09-21,https://www.jra.go.jp/datafile/seiseki/report/2024/2024-3chukyo6.pdf,official_daily_result_pdf
202407030701,2024,中京,3,7,1,2024-09-22,https://www.jra.go.jp/datafile/seiseki/report/2024/2024-3chukyo7.pdf,official_daily_result_pdf
202407030702,2024,中京,3,7,2,2024-09-22,https://www.jra.go.jp/datafile/seiseki/report/2024/2024-3chukyo7.pdf,official_daily_result_pdf
202407030703,2024,中京,3,7,3,2024-09-22,https://www.jra.go.jp/datafile/seiseki/report/2024/2024-3chukyo7.pdf,official_daily_result_pdf
202407030704,2024,中京,3,7,4,2024-09-22,https://www.jra.go.jp/datafile/seiseki/report/2024/2024-3chukyo7.pdf,official_daily_result_pdf
202407030705,2024,中京,3,7,5,2024-09-22,https://www.jra.go.jp/datafile/seiseki/report/2024/2024-3chukyo7.pdf,official_daily_result_pdf
202407030706,2024,中京,3,7,6,2024-09-22,https://www.jra.go.jp/datafile/seiseki/report/2024/2024-3chukyo7.pdf,official_daily_result_pdf
202407030707,2024,中京,3,7,7,2024-09-22,https://www.jra.go.jp/datafile/seiseki/report/2024/2024-3chukyo7.pdf,official_daily_result_pdf
202407030708,2024,中京,3,7,8,2024-09-22,https://www.jra.go.jp/datafile/seiseki/report/2024/2024-3chukyo7.pdf,official_daily_result_pdf
202407030709,2024,中京,3,7,9,2024-09-22,https://www.jra.go.jp/datafile/seiseki/report/2024/2024-3chukyo7.pdf,official_daily_result_pdf
202407030710,2024,中京,3,7,10,2024-09-22,https://www.jra.go.jp/datafile/seiseki/report/2024/2024-3chukyo7.pdf,official_daily_result_pdf
202407030711,2024,中京,3,7,11,2024-09-22,https://www.jra.go.jp/datafile/seiseki/report/2024/2024-3chukyo7.pdf,official_daily_result_pdf
202407030712,2024,中京,3,7,12,2024-09-22,https://www.jra.go.jp/datafile/seiseki/report/2024/2024-3chukyo7.pdf,official_daily_result_pdf
202407030801,2024,中京,3,8,1,2024-09-28,https://www.jra.go.jp/datafile/seiseki/report/2024/2024-3chukyo8.pdf,official_daily_result_pdf
202407030802,2024,中京,3,8,2,2024-09-28,https://www.jra.go.jp/datafile/seiseki/report/2024/2024-3chukyo8.pdf,official_daily_result_pdf
202407030803,2024,中京,3,8,3,2024-09-28,https://www.jra.go.jp/datafile/seiseki/report/2024/2024-3chukyo8.pdf,official_daily_result_pdf
202407030804,2024,中京,3,8,4,2024-09-28,https://www.jra.go.jp/datafile/seiseki/report/2024/2024-3chukyo8.pdf,official_daily_result_pdf
202407030805,2024,中京,3,8,5,2024-09-28,https://www.jra.go.jp/datafile/seiseki/report/2024/2024-3chukyo8.pdf,official_daily_result_pdf
202407030806,2024,中京,3,8,6,2024-09-28,https://www.jra.go.jp/datafile/seiseki/report/2024/2024-3chukyo8.pdf,official_daily_result_pdf
202407030807,2024,中京,3,8,7,2024-09-28,https://www.jra.go.jp/datafile/seiseki/report/2024/2024-3chukyo8.pdf,official_daily_result_pdf
202407030808,2024,中京,3,8,8,2024-09-28,https://www.jra.go.jp/datafile/seiseki/report/2024/2024-3chukyo8.pdf,official_daily_result_pdf
202407030809,2024,中京,3,8,9,2024-09-28,https://www.jra.go.jp/datafile/seiseki/report/2024/2024-3chukyo8.pdf,official_daily_result_pdf
202407030810,2024,中京,3,8,10,2024-09-28,https://www.jra.go.jp/datafile/seiseki/report/2024/2024-3chukyo8.pdf,official_daily_result_pdf
202407030811,2024,中京,3,8,11,2024-09-28,https://www.jra.go.jp/datafile/seiseki/report/2024/2024-3chukyo8.pdf,official_daily_result_pdf
202407030812,2024,中京,3,8,12,2024-09-28,https://www.jra.go.jp/datafile/seiseki/report/2024/2024-3chukyo8.pdf,official_daily_result_pdf
202407030901,2024,中京,3,9,1,2024-09-29,https://www.jra.go.jp/datafile/seiseki/report/2024/2024-3chukyo9.pdf,official_daily_result_pdf
202407030902,2024,中京,3,9,2,2024-09-29,https://www.jra.go.jp/datafile/seiseki/report/2024/2024-3chukyo9.pdf,official_daily_result_pdf
202407030903,2024,中京,3,9,3,2024-09-29,https://www.jra.go.jp/datafile/seiseki/report/2024/2024-3chukyo9.pdf,official_daily_result_pdf
202407030904,2024,中京,3,9,4,2024-09-29,https://www.jra.go.jp/datafile/seiseki/report/2024/2024-3chukyo9.pdf,official_daily_result_pdf
202407030905,2024,中京,3,9,5,2024-09-29,https://www.jra.go.jp/datafile/seiseki/report/2024/2024-3chukyo9.pdf,official_daily_result_pdf
202407030906,2024,中京,3,9,6,2024-09-29,https://www.jra.go.jp/datafile/seiseki/report/2024/2024-3chukyo9.pdf,official_daily_result_pdf
202407030907,2024,中京,3,9,7,2024-09-29,https://www.jra.go.jp/datafile/seiseki/report/2024/2024-3chukyo9.pdf,official_daily_result_pdf
202407030908,2024,中京,3,9,8,2024-09-29,https://www.jra.go.jp/datafile/seiseki/report/2024/2024-3chukyo9.pdf,official_daily_result_pdf
202407030909,2024,中京,3,9,9,2024-09-29,https://www.jra.go.jp/datafile/seiseki/report/2024/2024-3chukyo9.pdf,official_daily_result_pdf
202407030910,2024,中京,3,9,10,2024-09-29,https://www.jra.go.jp/datafile/seiseki/report/2024/2024-3chukyo9.pdf,official_daily_result_pdf
202407030911,2024,中京,3,9,11,2024-09-29,https://www.jra.go.jp/datafile/seiseki/report/2024/2024-3chukyo9.pdf,official_daily_result_pdf
202407030912,2024,中京,3,9,12,2024-09-29,https://www.jra.go.jp/datafile/seiseki/report/2024/2024-3chukyo9.pdf,official_daily_result_pdf
202407040101,2024,中京,4,1,1,2024-11-30,https://www.jra.go.jp/datafile/seiseki/report/2024/2024-4chukyo1.pdf,official_daily_result_pdf
202407040102,2024,中京,4,1,2,2024-11-30,https://www.jra.go.jp/datafile/seiseki/report/2024/2024-4chukyo1.pdf,official_daily_result_pdf
202407040103,2024,中京,4,1,3,2024-11-30,https://www.jra.go.jp/datafile/seiseki/report/2024/2024-4chukyo1.pdf,official_daily_result_pdf
202407040104,2024,中京,4,1,4,2024-11-30,https://www.jra.go.jp/datafile/seiseki/report/2024/2024-4chukyo1.pdf,official_daily_result_pdf
202407040105,2024,中京,4,1,5,2024-11-30,https://www.jra.go.jp/datafile/seiseki/report/2024/2024-4chukyo1.pdf,official_daily_result_pdf
202407040106,2024,中京,4,1,6,2024-11-30,https://www.jra.go.jp/datafile/seiseki/report/2024/2024-4chukyo1.pdf,official_daily_result_pdf
202407040107,2024,中京,4,1,7,2024-11-30,https://www.jra.go.jp/datafile/seiseki/report/2024/2024-4chukyo1.pdf,official_daily_result_pdf
202407040108,2024,中京,4,1,8,2024-11-30,https://www.jra.go.jp/datafile/seiseki/report/2024/2024-4chukyo1.pdf,official_daily_result_pdf
202407040109,2024,中京,4,1,9,2024-11-30,https://www.jra.go.jp/datafile/seiseki/report/2024/2024-4chukyo1.pdf,official_daily_result_pdf
202407040110,2024,中京,4,1,10,2024-11-30,https://www.jra.go.jp/datafile/seiseki/report/2024/2024-4chukyo1.pdf,official_daily_result_pdf
202407040111,2024,中京,4,1,11,2024-11-30,https://www.jra.go.jp/datafile/seiseki/report/2024/2024-4chukyo1.pdf,official_daily_result_pdf
202407040112,2024,中京,4,1,12,2024-11-30,https://www.jra.go.jp/datafile/seiseki/report/2024/2024-4chukyo1.pdf,official_daily_result_pdf
202407040201,2024,中京,4,2,1,2024-12-01,https://www.jra.go.jp/datafile/seiseki/report/2024/2024-4chukyo2.pdf,official_daily_result_pdf
202407040202,2024,中京,4,2,2,2024-12-01,https://www.jra.go.jp/datafile/seiseki/report/2024/2024-4chukyo2.pdf,official_daily_result_pdf
202407040203,2024,中京,4,2,3,2024-12-01,https://www.jra.go.jp/datafile/seiseki/report/2024/2024-4chukyo2.pdf,official_daily_result_pdf
202407040204,2024,中京,4,2,4,2024-12-01,https://www.jra.go.jp/datafile/seiseki/report/2024/2024-4chukyo2.pdf,official_daily_result_pdf
202407040205,2024,中京,4,2,5,2024-12-01,https://www.jra.go.jp/datafile/seiseki/report/2024/2024-4chukyo2.pdf,official_daily_result_pdf
202407040206,2024,中京,4,2,6,2024-12-01,https://www.jra.go.jp/datafile/seiseki/report/2024/2024-4chukyo2.pdf,official_daily_result_pdf
202407040207,2024,中京,4,2,7,2024-12-01,https://www.jra.go.jp/datafile/seiseki/report/2024/2024-4chukyo2.pdf,official_daily_result_pdf
202407040208,2024,中京,4,2,8,2024-12-01,https://www.jra.go.jp/datafile/seiseki/report/2024/2024-4chukyo2.pdf,official_daily_result_pdf
202407040209,2024,中京,4,2,9,2024-12-01,https://www.jra.go.jp/datafile/seiseki/report/2024/2024-4chukyo2.pdf,official_daily_result_pdf
202407040210,2024,中京,4,2,10,2024-12-01,https://www.jra.go.jp/datafile/seiseki/report/2024/2024-4chukyo2.pdf,official_daily_result_pdf
202407040211,2024,中京,4,2,11,2024-12-01,https://www.jra.go.jp/datafile/seiseki/report/2024/2024-4chukyo2.pdf,official_daily_result_pdf
202407040212,2024,中京,4,2,12,2024-12-01,https://www.jra.go.jp/datafile/seiseki/report/2024/2024-4chukyo2.pdf,official_daily_result_pdf
202407040301,2024,中京,4,3,1,2024-12-07,https://www.jra.go.jp/datafile/seiseki/report/2024/2024-4chukyo3.pdf,official_daily_result_pdf
202407040302,2024,中京,4,3,2,2024-12-07,https://www.jra.go.jp/datafile/seiseki/report/2024/2024-4chukyo3.pdf,official_daily_result_pdf
202407040303,2024,中京,4,3,3,2024-12-07,https://www.jra.go.jp/datafile/seiseki/report/2024/2024-4chukyo3.pdf,official_daily_result_pdf
202407040304,2024,中京,4,3,4,2024-12-07,https://www.jra.go.jp/datafile/seiseki/report/2024/2024-4chukyo3.pdf,official_daily_result_pdf
202407040305,2024,中京,4,3,5,2024-12-07,https://www.jra.go.jp/datafile/seiseki/report/2024/2024-4chukyo3.pdf,official_daily_result_pdf
202407040306,2024,中京,4,3,6,2024-12-07,https://www.jra.go.jp/datafile/seiseki/report/2024/2024-4chukyo3.pdf,official_daily_result_pdf
202407040307,2024,中京,4,3,7,2024-12-07,https://www.jra.go.jp/datafile/seiseki/report/2024/2024-4chukyo3.pdf,official_daily_result_pdf
202407040308,2024,中京,4,3,8,2024-12-07,https://www.jra.go.jp/datafile/seiseki/report/2024/2024-4chukyo3.pdf,official_daily_result_pdf
202407040309,2024,中京,4,3,9,2024-12-07,https://www.jra.go.jp/datafile/seiseki/report/2024/2024-4chukyo3.pdf,official_daily_result_pdf
202407040310,2024,中京,4,3,10,2024-12-07,https://www.jra.go.jp/datafile/seiseki/report/2024/2024-4chukyo3.pdf,official_daily_result_pdf
202407040311,2024,中京,4,3,11,2024-12-07,https://www.jra.go.jp/datafile/seiseki/report/2024/2024-4chukyo3.pdf,official_daily_result_pdf
202407040312,2024,中京,4,3,12,2024-12-07,https://www.jra.go.jp/datafile/seiseki/report/2024/2024-4chukyo3.pdf,official_daily_result_pdf
202407040401,2024,中京,4,4,1,2024-12-08,https://www.jra.go.jp/datafile/seiseki/report/2024/2024-4chukyo4.pdf,official_daily_result_pdf
202407040402,2024,中京,4,4,2,2024-12-08,https://www.jra.go.jp/datafile/seiseki/report/2024/2024-4chukyo4.pdf,official_daily_result_pdf
202407040403,2024,中京,4,4,3,2024-12-08,https://www.jra.go.jp/datafile/seiseki/report/2024/2024-4chukyo4.pdf,official_daily_result_pdf
202407040404,2024,中京,4,4,4,2024-12-08,https://www.jra.go.jp/datafile/seiseki/report/2024/2024-4chukyo4.pdf,official_daily_result_pdf
202407040405,2024,中京,4,4,5,2024-12-08,https://www.jra.go.jp/datafile/seiseki/report/2024/2024-4chukyo4.pdf,official_daily_result_pdf
202407040406,2024,中京,4,4,6,2024-12-08,https://www.jra.go.jp/datafile/seiseki/report/2024/2024-4chukyo4.pdf,official_daily_result_pdf
202407040407,2024,中京,4,4,7,2024-12-08,https://www.jra.go.jp/datafile/seiseki/report/2024/2024-4chukyo4.pdf,official_daily_result_pdf
202407040408,2024,中京,4,4,8,2024-12-08,https://www.jra.go.jp/datafile/seiseki/report/2024/2024-4chukyo4.pdf,official_daily_result_pdf
202407040409,2024,中京,4,4,9,2024-12-08,https://www.jra.go.jp/datafile/seiseki/report/2024/2024-4chukyo4.pdf,official_daily_result_pdf
202407040410,2024,中京,4,4,10,2024-12-08,https://www.jra.go.jp/datafile/seiseki/report/2024/2024-4chukyo4.pdf,official_daily_result_pdf
202407040411,2024,中京,4,4,11,2024-12-08,https://www.jra.go.jp/datafile/seiseki/report/2024/2024-4chukyo4.pdf,official_daily_result_pdf
202407040412,2024,中京,4,4,12,2024-12-08,https://www.jra.go.jp/datafile/seiseki/report/2024/2024-4chukyo4.pdf,official_daily_result_pdf
202407040501,2024,中京,4,5,1,2024-12-14,https://www.jra.go.jp/datafile/seiseki/report/2024/2024-4chukyo5.pdf,official_daily_result_pdf
202407040502,2024,中京,4,5,2,2024-12-14,https://www.jra.go.jp/datafile/seiseki/report/2024/2024-4chukyo5.pdf,official_daily_result_pdf
202407040503,2024,中京,4,5,3,2024-12-14,https://www.jra.go.jp/datafile/seiseki/report/2024/2024-4chukyo5.pdf,official_daily_result_pdf
202407040504,2024,中京,4,5,4,2024-12-14,https://www.jra.go.jp/datafile/seiseki/report/2024/2024-4chukyo5.pdf,official_daily_result_pdf
202407040505,2024,中京,4,5,5,2024-12-14,https://www.jra.go.jp/datafile/seiseki/report/2024/2024-4chukyo5.pdf,official_daily_result_pdf
202407040506,2024,中京,4,5,6,2024-12-14,https://www.jra.go.jp/datafile/seiseki/report/2024/2024-4chukyo5.pdf,official_daily_result_pdf
202407040507,2024,中京,4,5,7,2024-12-14,https://www.jra.go.jp/datafile/seiseki/report/2024/2024-4chukyo5.pdf,official_daily_result_pdf
202407040508,2024,中京,4,5,8,2024-12-14,https://www.jra.go.jp/datafile/seiseki/report/2024/2024-4chukyo5.pdf,official_daily_result_pdf
202407040509,2024,中京,4,5,9,2024-12-14,https://www.jra.go.jp/datafile/seiseki/report/2024/2024-4chukyo5.pdf,official_daily_result_pdf
202407040510,2024,中京,4,5,10,2024-12-14,https://www.jra.go.jp/datafile/seiseki/report/2024/2024-4chukyo5.pdf,official_daily_result_pdf
202407040511,2024,中京,4,5,11,2024-12-14,https://www.jra.go.jp/datafile/seiseki/report/2024/2024-4chukyo5.pdf,official_daily_result_pdf
202407040512,2024,中京,4,5,12,2024-12-14,https://www.jra.go.jp/datafile/seiseki/report/2024/2024-4chukyo5.pdf,official_daily_result_pdf
202407040601,2024,中京,4,6,1,2024-12-15,https://www.jra.go.jp/datafile/seiseki/report/2024/2024-4chukyo6.pdf,official_daily_result_pdf
202407040602,2024,中京,4,6,2,2024-12-15,https://www.jra.go.jp/datafile/seiseki/report/2024/2024-4chukyo6.pdf,official_daily_result_pdf
202407040603,2024,中京,4,6,3,2024-12-15,https://www.jra.go.jp/datafile/seiseki/report/2024/2024-4chukyo6.pdf,official_daily_result_pdf
202407040604,2024,中京,4,6,4,2024-12-15,https://www.jra.go.jp/datafile/seiseki/report/2024/2024-4chukyo6.pdf,official_daily_result_pdf
202407040605,2024,中京,4,6,5,2024-12-15,https://www.jra.go.jp/datafile/seiseki/report/2024/2024-4chukyo6.pdf,official_daily_result_pdf
202407040606,2024,中京,4,6,6,2024-12-15,https://www.jra.go.jp/datafile/seiseki/report/2024/2024-4chukyo6.pdf,official_daily_result_pdf
202407040607,2024,中京,4,6,7,2024-12-15,https://www.jra.go.jp/datafile/seiseki/report/2024/2024-4chukyo6.pdf,official_daily_result_pdf
202407040608,2024,中京,4,6,8,2024-12-15,https://www.jra.go.jp/datafile/seiseki/report/2024/2024-4chukyo6.pdf,official_daily_result_pdf
202407040609,2024,中京,4,6,9,2024-12-15,https://www.jra.go.jp/datafile/seiseki/report/2024/2024-4chukyo6.pdf,official_daily_result_pdf
202407040610,2024,中京,4,6,10,2024-12-15,https://www.jra.go.jp/datafile/seiseki/report/2024/2024-4chukyo6.pdf,official_daily_result_pdf
202407040611,2024,中京,4,6,11,2024-12-15,https://www.jra.go.jp/datafile/seiseki/report/2024/2024-4chukyo6.pdf,official_daily_result_pdf
202407040612,2024,中京,4,6,12,2024-12-15,https://www.jra.go.jp/datafile/seiseki/report/2024/2024-4chukyo6.pdf,official_daily_result_pdf
202408010101,2024,京都,1,1,1,2024-01-06,https://www.jra.go.jp/datafile/seiseki/report/2024/2024-1kyoto1.pdf,official_daily_result_pdf
202408010102,2024,京都,1,1,2,2024-01-06,https://www.jra.go.jp/datafile/seiseki/report/2024/2024-1kyoto1.pdf,official_daily_result_pdf
202408010103,2024,京都,1,1,3,2024-01-06,https://www.jra.go.jp/datafile/seiseki/report/2024/2024-1kyoto1.pdf,official_daily_result_pdf
202408010104,2024,京都,1,1,4,2024-01-06,https://www.jra.go.jp/datafile/seiseki/report/2024/2024-1kyoto1.pdf,official_daily_result_pdf
202408010105,2024,京都,1,1,5,2024-01-06,https://www.jra.go.jp/datafile/seiseki/report/2024/2024-1kyoto1.pdf,official_daily_result_pdf
202408010106,2024,京都,1,1,6,2024-01-06,https://www.jra.go.jp/datafile/seiseki/report/2024/2024-1kyoto1.pdf,official_daily_result_pdf
202408010107,2024,京都,1,1,7,2024-01-06,https://www.jra.go.jp/datafile/seiseki/report/2024/2024-1kyoto1.pdf,official_daily_result_pdf
202408010108,2024,京都,1,1,8,2024-01-06,https://www.jra.go.jp/datafile/seiseki/report/2024/2024-1kyoto1.pdf,official_daily_result_pdf
202408010109,2024,京都,1,1,9,2024-01-06,https://www.jra.go.jp/datafile/seiseki/report/2024/2024-1kyoto1.pdf,official_daily_result_pdf
202408010110,2024,京都,1,1,10,2024-01-06,https://www.jra.go.jp/datafile/seiseki/report/2024/2024-1kyoto1.pdf,official_daily_result_pdf
202408010111,2024,京都,1,1,11,2024-01-06,https://www.jra.go.jp/datafile/seiseki/report/2024/2024-1kyoto1.pdf,official_daily_result_pdf
202408010112,2024,京都,1,1,12,2024-01-06,https://www.jra.go.jp/datafile/seiseki/report/2024/2024-1kyoto1.pdf,official_daily_result_pdf
202408010201,2024,京都,1,2,1,2024-01-07,https://www.jra.go.jp/datafile/seiseki/report/2024/2024-1kyoto2.pdf,official_daily_result_pdf
202408010202,2024,京都,1,2,2,2024-01-07,https://www.jra.go.jp/datafile/seiseki/report/2024/2024-1kyoto2.pdf,official_daily_result_pdf
202408010203,2024,京都,1,2,3,2024-01-07,https://www.jra.go.jp/datafile/seiseki/report/2024/2024-1kyoto2.pdf,official_daily_result_pdf
202408010204,2024,京都,1,2,4,2024-01-07,https://www.jra.go.jp/datafile/seiseki/report/2024/2024-1kyoto2.pdf,official_daily_result_pdf
202408010205,2024,京都,1,2,5,2024-01-07,https://www.jra.go.jp/datafile/seiseki/report/2024/2024-1kyoto2.pdf,official_daily_result_pdf
202408010206,2024,京都,1,2,6,2024-01-07,https://www.jra.go.jp/datafile/seiseki/report/2024/2024-1kyoto2.pdf,official_daily_result_pdf
202408010207,2024,京都,1,2,7,2024-01-07,https://www.jra.go.jp/datafile/seiseki/report/2024/2024-1kyoto2.pdf,official_daily_result_pdf
202408010208,2024,京都,1,2,8,2024-01-07,https://www.jra.go.jp/datafile/seiseki/report/2024/2024-1kyoto2.pdf,official_daily_result_pdf
202408010209,2024,京都,1,2,9,2024-01-07,https://www.jra.go.jp/datafile/seiseki/report/2024/2024-1kyoto2.pdf,official_daily_result_pdf
202408010210,2024,京都,1,2,10,2024-01-07,https://www.jra.go.jp/datafile/seiseki/report/2024/2024-1kyoto2.pdf,official_daily_result_pdf
202408010211,2024,京都,1,2,11,2024-01-07,https://www.jra.go.jp/datafile/seiseki/report/2024/2024-1kyoto2.pdf,official_daily_result_pdf
202408010212,2024,京都,1,2,12,2024-01-07,https://www.jra.go.jp/datafile/seiseki/report/2024/2024-1kyoto2.pdf,official_daily_result_pdf
202408010301,2024,京都,1,3,1,2024-01-08,https://www.jra.go.jp/datafile/seiseki/report/2024/2024-1kyoto3.pdf,official_daily_result_pdf
202408010302,2024,京都,1,3,2,2024-01-08,https://www.jra.go.jp/datafile/seiseki/report/2024/2024-1kyoto3.pdf,official_daily_result_pdf
202408010303,2024,京都,1,3,3,2024-01-08,https://www.jra.go.jp/datafile/seiseki/report/2024/2024-1kyoto3.pdf,official_daily_result_pdf
202408010304,2024,京都,1,3,4,2024-01-08,https://www.jra.go.jp/datafile/seiseki/report/2024/2024-1kyoto3.pdf,official_daily_result_pdf
202408010305,2024,京都,1,3,5,2024-01-08,https://www.jra.go.jp/datafile/seiseki/report/2024/2024-1kyoto3.pdf,official_daily_result_pdf
202408010306,2024,京都,1,3,6,2024-01-08,https://www.jra.go.jp/datafile/seiseki/report/2024/2024-1kyoto3.pdf,official_daily_result_pdf
202408010307,2024,京都,1,3,7,2024-01-08,https://www.jra.go.jp/datafile/seiseki/report/2024/2024-1kyoto3.pdf,official_daily_result_pdf
202408010308,2024,京都,1,3,8,2024-01-08,https://www.jra.go.jp/datafile/seiseki/report/2024/2024-1kyoto3.pdf,official_daily_result_pdf
202408010309,2024,京都,1,3,9,2024-01-08,https://www.jra.go.jp/datafile/seiseki/report/2024/2024-1kyoto3.pdf,official_daily_result_pdf
202408010310,2024,京都,1,3,10,2024-01-08,https://www.jra.go.jp/datafile/seiseki/report/2024/2024-1kyoto3.pdf,official_daily_result_pdf
202408010311,2024,京都,1,3,11,2024-01-08,https://www.jra.go.jp/datafile/seiseki/report/2024/2024-1kyoto3.pdf,official_daily_result_pdf
202408010312,2024,京都,1,3,12,2024-01-08,https://www.jra.go.jp/datafile/seiseki/report/2024/2024-1kyoto3.pdf,official_daily_result_pdf
202408010401,2024,京都,1,4,1,2024-01-13,https://www.jra.go.jp/datafile/seiseki/report/2024/2024-1kyoto4.pdf,official_daily_result_pdf
202408010402,2024,京都,1,4,2,2024-01-13,https://www.jra.go.jp/datafile/seiseki/report/2024/2024-1kyoto4.pdf,official_daily_result_pdf
202408010403,2024,京都,1,4,3,2024-01-13,https://www.jra.go.jp/datafile/seiseki/report/2024/2024-1kyoto4.pdf,official_daily_result_pdf
202408010404,2024,京都,1,4,4,2024-01-13,https://www.jra.go.jp/datafile/seiseki/report/2024/2024-1kyoto4.pdf,official_daily_result_pdf
202408010405,2024,京都,1,4,5,2024-01-13,https://www.jra.go.jp/datafile/seiseki/report/2024/2024-1kyoto4.pdf,official_daily_result_pdf
202408010406,2024,京都,1,4,6,2024-01-13,https://www.jra.go.jp/datafile/seiseki/report/2024/2024-1kyoto4.pdf,official_daily_result_pdf
202408010407,2024,京都,1,4,7,2024-01-13,https://www.jra.go.jp/datafile/seiseki/report/2024/2024-1kyoto4.pdf,official_daily_result_pdf
202408010408,2024,京都,1,4,8,2024-01-13,https://www.jra.go.jp/datafile/seiseki/report/2024/2024-1kyoto4.pdf,official_daily_result_pdf
202408010409,2024,京都,1,4,9,2024-01-13,https://www.jra.go.jp/datafile/seiseki/report/2024/2024-1kyoto4.pdf,official_daily_result_pdf
202408010410,2024,京都,1,4,10,2024-01-13,https://www.jra.go.jp/datafile/seiseki/report/2024/2024-1kyoto4.pdf,official_daily_result_pdf
202408010411,2024,京都,1,4,11,2024-01-13,https://www.jra.go.jp/datafile/seiseki/report/2024/2024-1kyoto4.pdf,official_daily_result_pdf
202408010412,2024,京都,1,4,12,2024-01-13,https://www.jra.go.jp/datafile/seiseki/report/2024/2024-1kyoto4.pdf,official_daily_result_pdf
202408010501,2024,京都,1,5,1,2024-01-14,https://www.jra.go.jp/datafile/seiseki/report/2024/2024-1kyoto5.pdf,official_daily_result_pdf
202408010502,2024,京都,1,5,2,2024-01-14,https://www.jra.go.jp/datafile/seiseki/report/2024/2024-1kyoto5.pdf,official_daily_result_pdf
202408010503,2024,京都,1,5,3,2024-01-14,https://www.jra.go.jp/datafile/seiseki/report/2024/2024-1kyoto5.pdf,official_daily_result_pdf
202408010504,2024,京都,1,5,4,2024-01-14,https://www.jra.go.jp/datafile/seiseki/report/2024/2024-1kyoto5.pdf,official_daily_result_pdf
202408010505,2024,京都,1,5,5,2024-01-14,https://www.jra.go.jp/datafile/seiseki/report/2024/2024-1kyoto5.pdf,official_daily_result_pdf
202408010506,2024,京都,1,5,6,2024-01-14,https://www.jra.go.jp/datafile/seiseki/report/2024/2024-1kyoto5.pdf,official_daily_result_pdf
202408010507,2024,京都,1,5,7,2024-01-14,https://www.jra.go.jp/datafile/seiseki/report/2024/2024-1kyoto5.pdf,official_daily_result_pdf
202408010508,2024,京都,1,5,8,2024-01-14,https://www.jra.go.jp/datafile/seiseki/report/2024/2024-1kyoto5.pdf,official_daily_result_pdf
202408010509,2024,京都,1,5,9,2024-01-14,https://www.jra.go.jp/datafile/seiseki/report/2024/2024-1kyoto5.pdf,official_daily_result_pdf
202408010510,2024,京都,1,5,10,2024-01-14,https://www.jra.go.jp/datafile/seiseki/report/2024/2024-1kyoto5.pdf,official_daily_result_pdf
202408010511,2024,京都,1,5,11,2024-01-14,https://www.jra.go.jp/datafile/seiseki/report/2024/2024-1kyoto5.pdf,official_daily_result_pdf
202408010512,2024,京都,1,5,12,2024-01-14,https://www.jra.go.jp/datafile/seiseki/report/2024/2024-1kyoto5.pdf,official_daily_result_pdf
202408010601,2024,京都,1,6,1,2024-01-20,https://www.jra.go.jp/datafile/seiseki/report/2024/2024-1kyoto6.pdf,official_daily_result_pdf
202408010602,2024,京都,1,6,2,2024-01-20,https://www.jra.go.jp/datafile/seiseki/report/2024/2024-1kyoto6.pdf,official_daily_result_pdf
202408010603,2024,京都,1,6,3,2024-01-20,https://www.jra.go.jp/datafile/seiseki/report/2024/2024-1kyoto6.pdf,official_daily_result_pdf
202408010604,2024,京都,1,6,4,2024-01-20,https://www.jra.go.jp/datafile/seiseki/report/2024/2024-1kyoto6.pdf,official_daily_result_pdf
202408010605,2024,京都,1,6,5,2024-01-20,https://www.jra.go.jp/datafile/seiseki/report/2024/2024-1kyoto6.pdf,official_daily_result_pdf
202408010606,2024,京都,1,6,6,2024-01-20,https://www.jra.go.jp/datafile/seiseki/report/2024/2024-1kyoto6.pdf,official_daily_result_pdf
202408010607,2024,京都,1,6,7,2024-01-20,https://www.jra.go.jp/datafile/seiseki/report/2024/2024-1kyoto6.pdf,official_daily_result_pdf
202408010608,2024,京都,1,6,8,2024-01-20,https://www.jra.go.jp/datafile/seiseki/report/2024/2024-1kyoto6.pdf,official_daily_result_pdf
202408010609,2024,京都,1,6,9,2024-01-20,https://www.jra.go.jp/datafile/seiseki/report/2024/2024-1kyoto6.pdf,official_daily_result_pdf
202408010610,2024,京都,1,6,10,2024-01-20,https://www.jra.go.jp/datafile/seiseki/report/2024/2024-1kyoto6.pdf,official_daily_result_pdf
202408010611,2024,京都,1,6,11,2024-01-20,https://www.jra.go.jp/datafile/seiseki/report/2024/2024-1kyoto6.pdf,official_daily_result_pdf
202408010612,2024,京都,1,6,12,2024-01-20,https://www.jra.go.jp/datafile/seiseki/report/2024/2024-1kyoto6.pdf,official_daily_result_pdf
202408010701,2024,京都,1,7,1,2024-01-21,https://www.jra.go.jp/datafile/seiseki/report/2024/2024-1kyoto7.pdf,official_daily_result_pdf
202408010702,2024,京都,1,7,2,2024-01-21,https://www.jra.go.jp/datafile/seiseki/report/2024/2024-1kyoto7.pdf,official_daily_result_pdf
202408010703,2024,京都,1,7,3,2024-01-21,https://www.jra.go.jp/datafile/seiseki/report/2024/2024-1kyoto7.pdf,official_daily_result_pdf
202408010704,2024,京都,1,7,4,2024-01-21,https://www.jra.go.jp/datafile/seiseki/report/2024/2024-1kyoto7.pdf,official_daily_result_pdf
202408010705,2024,京都,1,7,5,2024-01-21,https://www.jra.go.jp/datafile/seiseki/report/2024/2024-1kyoto7.pdf,official_daily_result_pdf
202408010706,2024,京都,1,7,6,2024-01-21,https://www.jra.go.jp/datafile/seiseki/report/2024/2024-1kyoto7.pdf,official_daily_result_pdf
202408010707,2024,京都,1,7,7,2024-01-21,https://www.jra.go.jp/datafile/seiseki/report/2024/2024-1kyoto7.pdf,official_daily_result_pdf
202408010708,2024,京都,1,7,8,2024-01-21,https://www.jra.go.jp/datafile/seiseki/report/2024/2024-1kyoto7.pdf,official_daily_result_pdf
202408010709,2024,京都,1,7,9,2024-01-21,https://www.jra.go.jp/datafile/seiseki/report/2024/2024-1kyoto7.pdf,official_daily_result_pdf
202408010710,2024,京都,1,7,10,2024-01-21,https://www.jra.go.jp/datafile/seiseki/report/2024/2024-1kyoto7.pdf,official_daily_result_pdf
202408010711,2024,京都,1,7,11,2024-01-21,https://www.jra.go.jp/datafile/seiseki/report/2024/2024-1kyoto7.pdf,official_daily_result_pdf
202408010712,2024,京都,1,7,12,2024-01-21,https://www.jra.go.jp/datafile/seiseki/report/2024/2024-1kyoto7.pdf,official_daily_result_pdf
202408020101,2024,京都,2,1,1,2024-01-27,https://www.jra.go.jp/datafile/seiseki/report/2024/2024-2kyoto1.pdf,official_daily_result_pdf
202408020102,2024,京都,2,1,2,2024-01-27,https://www.jra.go.jp/datafile/seiseki/report/2024/2024-2kyoto1.pdf,official_daily_result_pdf
202408020103,2024,京都,2,1,3,2024-01-27,https://www.jra.go.jp/datafile/seiseki/report/2024/2024-2kyoto1.pdf,official_daily_result_pdf
202408020104,2024,京都,2,1,4,2024-01-27,https://www.jra.go.jp/datafile/seiseki/report/2024/2024-2kyoto1.pdf,official_daily_result_pdf
202408020105,2024,京都,2,1,5,2024-01-27,https://www.jra.go.jp/datafile/seiseki/report/2024/2024-2kyoto1.pdf,official_daily_result_pdf
202408020106,2024,京都,2,1,6,2024-01-27,https://www.jra.go.jp/datafile/seiseki/report/2024/2024-2kyoto1.pdf,official_daily_result_pdf
202408020107,2024,京都,2,1,7,2024-01-27,https://www.jra.go.jp/datafile/seiseki/report/2024/2024-2kyoto1.pdf,official_daily_result_pdf
202408020108,2024,京都,2,1,8,2024-01-27,https://www.jra.go.jp/datafile/seiseki/report/2024/2024-2kyoto1.pdf,official_daily_result_pdf
202408020109,2024,京都,2,1,9,2024-01-27,https://www.jra.go.jp/datafile/seiseki/report/2024/2024-2kyoto1.pdf,official_daily_result_pdf
202408020110,2024,京都,2,1,10,2024-01-27,https://www.jra.go.jp/datafile/seiseki/report/2024/2024-2kyoto1.pdf,official_daily_result_pdf
202408020111,2024,京都,2,1,11,2024-01-27,https://www.jra.go.jp/datafile/seiseki/report/2024/2024-2kyoto1.pdf,official_daily_result_pdf
202408020112,2024,京都,2,1,12,2024-01-27,https://www.jra.go.jp/datafile/seiseki/report/2024/2024-2kyoto1.pdf,official_daily_result_pdf
202408020201,2024,京都,2,2,1,2024-01-28,https://www.jra.go.jp/datafile/seiseki/report/2024/2024-2kyoto2.pdf,official_daily_result_pdf
202408020202,2024,京都,2,2,2,2024-01-28,https://www.jra.go.jp/datafile/seiseki/report/2024/2024-2kyoto2.pdf,official_daily_result_pdf
202408020203,2024,京都,2,2,3,2024-01-28,https://www.jra.go.jp/datafile/seiseki/report/2024/2024-2kyoto2.pdf,official_daily_result_pdf
202408020204,2024,京都,2,2,4,2024-01-28,https://www.jra.go.jp/datafile/seiseki/report/2024/2024-2kyoto2.pdf,official_daily_result_pdf
202408020205,2024,京都,2,2,5,2024-01-28,https://www.jra.go.jp/datafile/seiseki/report/2024/2024-2kyoto2.pdf,official_daily_result_pdf
202408020206,2024,京都,2,2,6,2024-01-28,https://www.jra.go.jp/datafile/seiseki/report/2024/2024-2kyoto2.pdf,official_daily_result_pdf
202408020207,2024,京都,2,2,7,2024-01-28,https://www.jra.go.jp/datafile/seiseki/report/2024/2024-2kyoto2.pdf,official_daily_result_pdf
202408020208,2024,京都,2,2,8,2024-01-28,https://www.jra.go.jp/datafile/seiseki/report/2024/2024-2kyoto2.pdf,official_daily_result_pdf
202408020209,2024,京都,2,2,9,2024-01-28,https://www.jra.go.jp/datafile/seiseki/report/2024/2024-2kyoto2.pdf,official_daily_result_pdf
202408020210,2024,京都,2,2,10,2024-01-28,https://www.jra.go.jp/datafile/seiseki/report/2024/2024-2kyoto2.pdf,official_daily_result_pdf
202408020211,2024,京都,2,2,11,2024-01-28,https://www.jra.go.jp/datafile/seiseki/report/2024/2024-2kyoto2.pdf,official_daily_result_pdf
202408020212,2024,京都,2,2,12,2024-01-28,https://www.jra.go.jp/datafile/seiseki/report/2024/2024-2kyoto2.pdf,official_daily_result_pdf
202408020301,2024,京都,2,3,1,2024-02-03,https://www.jra.go.jp/datafile/seiseki/report/2024/2024-2kyoto3.pdf,official_daily_result_pdf
202408020302,2024,京都,2,3,2,2024-02-03,https://www.jra.go.jp/datafile/seiseki/report/2024/2024-2kyoto3.pdf,official_daily_result_pdf
202408020303,2024,京都,2,3,3,2024-02-03,https://www.jra.go.jp/datafile/seiseki/report/2024/2024-2kyoto3.pdf,official_daily_result_pdf
202408020304,2024,京都,2,3,4,2024-02-03,https://www.jra.go.jp/datafile/seiseki/report/2024/2024-2kyoto3.pdf,official_daily_result_pdf
202408020305,2024,京都,2,3,5,2024-02-03,https://www.jra.go.jp/datafile/seiseki/report/2024/2024-2kyoto3.pdf,official_daily_result_pdf
202408020306,2024,京都,2,3,6,2024-02-03,https://www.jra.go.jp/datafile/seiseki/report/2024/2024-2kyoto3.pdf,official_daily_result_pdf
202408020307,2024,京都,2,3,7,2024-02-03,https://www.jra.go.jp/datafile/seiseki/report/2024/2024-2kyoto3.pdf,official_daily_result_pdf
202408020308,2024,京都,2,3,8,2024-02-03,https://www.jra.go.jp/datafile/seiseki/report/2024/2024-2kyoto3.pdf,official_daily_result_pdf
202408020309,2024,京都,2,3,9,2024-02-03,https://www.jra.go.jp/datafile/seiseki/report/2024/2024-2kyoto3.pdf,official_daily_result_pdf
202408020310,2024,京都,2,3,10,2024-02-03,https://www.jra.go.jp/datafile/seiseki/report/2024/2024-2kyoto3.pdf,official_daily_result_pdf
202408020311,2024,京都,2,3,11,2024-02-03,https://www.jra.go.jp/datafile/seiseki/report/2024/2024-2kyoto3.pdf,official_daily_result_pdf
202408020312,2024,京都,2,3,12,2024-02-03,https://www.jra.go.jp/datafile/seiseki/report/2024/2024-2kyoto3.pdf,official_daily_result_pdf
202408020401,2024,京都,2,4,1,2024-02-04,https://www.jra.go.jp/datafile/seiseki/report/2024/2024-2kyoto4.pdf,official_daily_result_pdf
202408020402,2024,京都,2,4,2,2024-02-04,https://www.jra.go.jp/datafile/seiseki/report/2024/2024-2kyoto4.pdf,official_daily_result_pdf
202408020403,2024,京都,2,4,3,2024-02-04,https://www.jra.go.jp/datafile/seiseki/report/2024/2024-2kyoto4.pdf,official_daily_result_pdf
202408020404,2024,京都,2,4,4,2024-02-04,https://www.jra.go.jp/datafile/seiseki/report/2024/2024-2kyoto4.pdf,official_daily_result_pdf
202408020405,2024,京都,2,4,5,2024-02-04,https://www.jra.go.jp/datafile/seiseki/report/2024/2024-2kyoto4.pdf,official_daily_result_pdf
202408020406,2024,京都,2,4,6,2024-02-04,https://www.jra.go.jp/datafile/seiseki/report/2024/2024-2kyoto4.pdf,official_daily_result_pdf
202408020407,2024,京都,2,4,7,2024-02-04,https://www.jra.go.jp/datafile/seiseki/report/2024/2024-2kyoto4.pdf,official_daily_result_pdf
202408020408,2024,京都,2,4,8,2024-02-04,https://www.jra.go.jp/datafile/seiseki/report/2024/2024-2kyoto4.pdf,official_daily_result_pdf
202408020409,2024,京都,2,4,9,2024-02-04,https://www.jra.go.jp/datafile/seiseki/report/2024/2024-2kyoto4.pdf,official_daily_result_pdf
202408020410,2024,京都,2,4,10,2024-02-04,https://www.jra.go.jp/datafile/seiseki/report/2024/2024-2kyoto4.pdf,official_daily_result_pdf
202408020411,2024,京都,2,4,11,2024-02-04,https://www.jra.go.jp/datafile/seiseki/report/2024/2024-2kyoto4.pdf,official_daily_result_pdf
202408020412,2024,京都,2,4,12,2024-02-04,https://www.jra.go.jp/datafile/seiseki/report/2024/2024-2kyoto4.pdf,official_daily_result_pdf
202408020501,2024,京都,2,5,1,2024-02-10,https://www.jra.go.jp/datafile/seiseki/report/2024/2024-2kyoto5.pdf,official_daily_result_pdf
202408020502,2024,京都,2,5,2,2024-02-10,https://www.jra.go.jp/datafile/seiseki/report/2024/2024-2kyoto5.pdf,official_daily_result_pdf
202408020503,2024,京都,2,5,3,2024-02-10,https://www.jra.go.jp/datafile/seiseki/report/2024/2024-2kyoto5.pdf,official_daily_result_pdf
202408020504,2024,京都,2,5,4,2024-02-10,https://www.jra.go.jp/datafile/seiseki/report/2024/2024-2kyoto5.pdf,official_daily_result_pdf
202408020505,2024,京都,2,5,5,2024-02-10,https://www.jra.go.jp/datafile/seiseki/report/2024/2024-2kyoto5.pdf,official_daily_result_pdf
202408020506,2024,京都,2,5,6,2024-02-10,https://www.jra.go.jp/datafile/seiseki/report/2024/2024-2kyoto5.pdf,official_daily_result_pdf
202408020507,2024,京都,2,5,7,2024-02-10,https://www.jra.go.jp/datafile/seiseki/report/2024/2024-2kyoto5.pdf,official_daily_result_pdf
202408020508,2024,京都,2,5,8,2024-02-10,https://www.jra.go.jp/datafile/seiseki/report/2024/2024-2kyoto5.pdf,official_daily_result_pdf
202408020509,2024,京都,2,5,9,2024-02-10,https://www.jra.go.jp/datafile/seiseki/report/2024/2024-2kyoto5.pdf,official_daily_result_pdf
202408020510,2024,京都,2,5,10,2024-02-10,https://www.jra.go.jp/datafile/seiseki/report/2024/2024-2kyoto5.pdf,official_daily_result_pdf
202408020511,2024,京都,2,5,11,2024-02-10,https://www.jra.go.jp/datafile/seiseki/report/2024/2024-2kyoto5.pdf,official_daily_result_pdf
202408020512,2024,京都,2,5,12,2024-02-10,https://www.jra.go.jp/datafile/seiseki/report/2024/2024-2kyoto5.pdf,official_daily_result_pdf
202408020601,2024,京都,2,6,1,2024-02-11,https://www.jra.go.jp/datafile/seiseki/report/2024/2024-2kyoto6.pdf,official_daily_result_pdf
202408020602,2024,京都,2,6,2,2024-02-11,https://www.jra.go.jp/datafile/seiseki/report/2024/2024-2kyoto6.pdf,official_daily_result_pdf
202408020603,2024,京都,2,6,3,2024-02-11,https://www.jra.go.jp/datafile/seiseki/report/2024/2024-2kyoto6.pdf,official_daily_result_pdf
202408020604,2024,京都,2,6,4,2024-02-11,https://www.jra.go.jp/datafile/seiseki/report/2024/2024-2kyoto6.pdf,official_daily_result_pdf
202408020605,2024,京都,2,6,5,2024-02-11,https://www.jra.go.jp/datafile/seiseki/report/2024/2024-2kyoto6.pdf,official_daily_result_pdf
202408020606,2024,京都,2,6,6,2024-02-11,https://www.jra.go.jp/datafile/seiseki/report/2024/2024-2kyoto6.pdf,official_daily_result_pdf
202408020607,2024,京都,2,6,7,2024-02-11,https://www.jra.go.jp/datafile/seiseki/report/2024/2024-2kyoto6.pdf,official_daily_result_pdf
202408020608,2024,京都,2,6,8,2024-02-11,https://www.jra.go.jp/datafile/seiseki/report/2024/2024-2kyoto6.pdf,official_daily_result_pdf
202408020609,2024,京都,2,6,9,2024-02-11,https://www.jra.go.jp/datafile/seiseki/report/2024/2024-2kyoto6.pdf,official_daily_result_pdf
202408020610,2024,京都,2,6,10,2024-02-11,https://www.jra.go.jp/datafile/seiseki/report/2024/2024-2kyoto6.pdf,official_daily_result_pdf
202408020611,2024,京都,2,6,11,2024-02-11,https://www.jra.go.jp/datafile/seiseki/report/2024/2024-2kyoto6.pdf,official_daily_result_pdf
202408020612,2024,京都,2,6,12,2024-02-11,https://www.jra.go.jp/datafile/seiseki/report/2024/2024-2kyoto6.pdf,official_daily_result_pdf
202408020701,2024,京都,2,7,1,2024-02-17,https://www.jra.go.jp/datafile/seiseki/report/2024/2024-2kyoto7.pdf,official_daily_result_pdf
202408020702,2024,京都,2,7,2,2024-02-17,https://www.jra.go.jp/datafile/seiseki/report/2024/2024-2kyoto7.pdf,official_daily_result_pdf
202408020703,2024,京都,2,7,3,2024-02-17,https://www.jra.go.jp/datafile/seiseki/report/2024/2024-2kyoto7.pdf,official_daily_result_pdf
202408020704,2024,京都,2,7,4,2024-02-17,https://www.jra.go.jp/datafile/seiseki/report/2024/2024-2kyoto7.pdf,official_daily_result_pdf
202408020705,2024,京都,2,7,5,2024-02-17,https://www.jra.go.jp/datafile/seiseki/report/2024/2024-2kyoto7.pdf,official_daily_result_pdf
202408020706,2024,京都,2,7,6,2024-02-17,https://www.jra.go.jp/datafile/seiseki/report/2024/2024-2kyoto7.pdf,official_daily_result_pdf
202408020707,2024,京都,2,7,7,2024-02-17,https://www.jra.go.jp/datafile/seiseki/report/2024/2024-2kyoto7.pdf,official_daily_result_pdf
202408020708,2024,京都,2,7,8,2024-02-17,https://www.jra.go.jp/datafile/seiseki/report/2024/2024-2kyoto7.pdf,official_daily_result_pdf
202408020709,2024,京都,2,7,9,2024-02-17,https://www.jra.go.jp/datafile/seiseki/report/2024/2024-2kyoto7.pdf,official_daily_result_pdf
202408020710,2024,京都,2,7,10,2024-02-17,https://www.jra.go.jp/datafile/seiseki/report/2024/2024-2kyoto7.pdf,official_daily_result_pdf
202408020711,2024,京都,2,7,11,2024-02-17,https://www.jra.go.jp/datafile/seiseki/report/2024/2024-2kyoto7.pdf,official_daily_result_pdf
202408020712,2024,京都,2,7,12,2024-02-17,https://www.jra.go.jp/datafile/seiseki/report/2024/2024-2kyoto7.pdf,official_daily_result_pdf
202408020801,2024,京都,2,8,1,2024-02-18,https://www.jra.go.jp/datafile/seiseki/report/2024/2024-2kyoto8.pdf,official_daily_result_pdf
202408020802,2024,京都,2,8,2,2024-02-18,https://www.jra.go.jp/datafile/seiseki/report/2024/2024-2kyoto8.pdf,official_daily_result_pdf
202408020803,2024,京都,2,8,3,2024-02-18,https://www.jra.go.jp/datafile/seiseki/report/2024/2024-2kyoto8.pdf,official_daily_result_pdf
202408020804,2024,京都,2,8,4,2024-02-18,https://www.jra.go.jp/datafile/seiseki/report/2024/2024-2kyoto8.pdf,official_daily_result_pdf
202408020805,2024,京都,2,8,5,2024-02-18,https://www.jra.go.jp/datafile/seiseki/report/2024/2024-2kyoto8.pdf,official_daily_result_pdf
202408020806,2024,京都,2,8,6,2024-02-18,https://www.jra.go.jp/datafile/seiseki/report/2024/2024-2kyoto8.pdf,official_daily_result_pdf
202408020807,2024,京都,2,8,7,2024-02-18,https://www.jra.go.jp/datafile/seiseki/report/2024/2024-2kyoto8.pdf,official_daily_result_pdf
202408020808,2024,京都,2,8,8,2024-02-18,https://www.jra.go.jp/datafile/seiseki/report/2024/2024-2kyoto8.pdf,official_daily_result_pdf
202408020809,2024,京都,2,8,9,2024-02-18,https://www.jra.go.jp/datafile/seiseki/report/2024/2024-2kyoto8.pdf,official_daily_result_pdf
202408020810,2024,京都,2,8,10,2024-02-18,https://www.jra.go.jp/datafile/seiseki/report/2024/2024-2kyoto8.pdf,official_daily_result_pdf
202408020811,2024,京都,2,8,11,2024-02-18,https://www.jra.go.jp/datafile/seiseki/report/2024/2024-2kyoto8.pdf,official_daily_result_pdf
202408020812,2024,京都,2,8,12,2024-02-18,https://www.jra.go.jp/datafile/seiseki/report/2024/2024-2kyoto8.pdf,official_daily_result_pdf
202408030101,2024,京都,3,1,1,2024-04-20,https://www.jra.go.jp/datafile/seiseki/report/2024/2024-3kyoto1.pdf,official_daily_result_pdf
202408030102,2024,京都,3,1,2,2024-04-20,https://www.jra.go.jp/datafile/seiseki/report/2024/2024-3kyoto1.pdf,official_daily_result_pdf
202408030103,2024,京都,3,1,3,2024-04-20,https://www.jra.go.jp/datafile/seiseki/report/2024/2024-3kyoto1.pdf,official_daily_result_pdf
202408030104,2024,京都,3,1,4,2024-04-20,https://www.jra.go.jp/datafile/seiseki/report/2024/2024-3kyoto1.pdf,official_daily_result_pdf
202408030105,2024,京都,3,1,5,2024-04-20,https://www.jra.go.jp/datafile/seiseki/report/2024/2024-3kyoto1.pdf,official_daily_result_pdf
202408030106,2024,京都,3,1,6,2024-04-20,https://www.jra.go.jp/datafile/seiseki/report/2024/2024-3kyoto1.pdf,official_daily_result_pdf
202408030107,2024,京都,3,1,7,2024-04-20,https://www.jra.go.jp/datafile/seiseki/report/2024/2024-3kyoto1.pdf,official_daily_result_pdf
202408030108,2024,京都,3,1,8,2024-04-20,https://www.jra.go.jp/datafile/seiseki/report/2024/2024-3kyoto1.pdf,official_daily_result_pdf
202408030109,2024,京都,3,1,9,2024-04-20,https://www.jra.go.jp/datafile/seiseki/report/2024/2024-3kyoto1.pdf,official_daily_result_pdf
202408030110,2024,京都,3,1,10,2024-04-20,https://www.jra.go.jp/datafile/seiseki/report/2024/2024-3kyoto1.pdf,official_daily_result_pdf
202408030111,2024,京都,3,1,11,2024-04-20,https://www.jra.go.jp/datafile/seiseki/report/2024/2024-3kyoto1.pdf,official_daily_result_pdf
202408030112,2024,京都,3,1,12,2024-04-20,https://www.jra.go.jp/datafile/seiseki/report/2024/2024-3kyoto1.pdf,official_daily_result_pdf
202408030201,2024,京都,3,2,1,2024-04-21,https://www.jra.go.jp/datafile/seiseki/report/2024/2024-3kyoto2.pdf,official_daily_result_pdf
202408030202,2024,京都,3,2,2,2024-04-21,https://www.jra.go.jp/datafile/seiseki/report/2024/2024-3kyoto2.pdf,official_daily_result_pdf
202408030203,2024,京都,3,2,3,2024-04-21,https://www.jra.go.jp/datafile/seiseki/report/2024/2024-3kyoto2.pdf,official_daily_result_pdf
202408030204,2024,京都,3,2,4,2024-04-21,https://www.jra.go.jp/datafile/seiseki/report/2024/2024-3kyoto2.pdf,official_daily_result_pdf
202408030205,2024,京都,3,2,5,2024-04-21,https://www.jra.go.jp/datafile/seiseki/report/2024/2024-3kyoto2.pdf,official_daily_result_pdf
202408030206,2024,京都,3,2,6,2024-04-21,https://www.jra.go.jp/datafile/seiseki/report/2024/2024-3kyoto2.pdf,official_daily_result_pdf
202408030207,2024,京都,3,2,7,2024-04-21,https://www.jra.go.jp/datafile/seiseki/report/2024/2024-3kyoto2.pdf,official_daily_result_pdf
202408030208,2024,京都,3,2,8,2024-04-21,https://www.jra.go.jp/datafile/seiseki/report/2024/2024-3kyoto2.pdf,official_daily_result_pdf
202408030209,2024,京都,3,2,9,2024-04-21,https://www.jra.go.jp/datafile/seiseki/report/2024/2024-3kyoto2.pdf,official_daily_result_pdf
202408030210,2024,京都,3,2,10,2024-04-21,https://www.jra.go.jp/datafile/seiseki/report/2024/2024-3kyoto2.pdf,official_daily_result_pdf
202408030211,2024,京都,3,2,11,2024-04-21,https://www.jra.go.jp/datafile/seiseki/report/2024/2024-3kyoto2.pdf,official_daily_result_pdf
202408030212,2024,京都,3,2,12,2024-04-21,https://www.jra.go.jp/datafile/seiseki/report/2024/2024-3kyoto2.pdf,official_daily_result_pdf
202408030301,2024,京都,3,3,1,2024-04-27,https://www.jra.go.jp/datafile/seiseki/report/2024/2024-3kyoto3.pdf,official_daily_result_pdf
202408030302,2024,京都,3,3,2,2024-04-27,https://www.jra.go.jp/datafile/seiseki/report/2024/2024-3kyoto3.pdf,official_daily_result_pdf
202408030303,2024,京都,3,3,3,2024-04-27,https://www.jra.go.jp/datafile/seiseki/report/2024/2024-3kyoto3.pdf,official_daily_result_pdf
202408030304,2024,京都,3,3,4,2024-04-27,https://www.jra.go.jp/datafile/seiseki/report/2024/2024-3kyoto3.pdf,official_daily_result_pdf
202408030305,2024,京都,3,3,5,2024-04-27,https://www.jra.go.jp/datafile/seiseki/report/2024/2024-3kyoto3.pdf,official_daily_result_pdf
202408030306,2024,京都,3,3,6,2024-04-27,https://www.jra.go.jp/datafile/seiseki/report/2024/2024-3kyoto3.pdf,official_daily_result_pdf
202408030307,2024,京都,3,3,7,2024-04-27,https://www.jra.go.jp/datafile/seiseki/report/2024/2024-3kyoto3.pdf,official_daily_result_pdf
202408030308,2024,京都,3,3,8,2024-04-27,https://www.jra.go.jp/datafile/seiseki/report/2024/2024-3kyoto3.pdf,official_daily_result_pdf
202408030309,2024,京都,3,3,9,2024-04-27,https://www.jra.go.jp/datafile/seiseki/report/2024/2024-3kyoto3.pdf,official_daily_result_pdf
202408030310,2024,京都,3,3,10,2024-04-27,https://www.jra.go.jp/datafile/seiseki/report/2024/2024-3kyoto3.pdf,official_daily_result_pdf
202408030311,2024,京都,3,3,11,2024-04-27,https://www.jra.go.jp/datafile/seiseki/report/2024/2024-3kyoto3.pdf,official_daily_result_pdf
202408030312,2024,京都,3,3,12,2024-04-27,https://www.jra.go.jp/datafile/seiseki/report/2024/2024-3kyoto3.pdf,official_daily_result_pdf
202408030401,2024,京都,3,4,1,2024-04-28,https://www.jra.go.jp/datafile/seiseki/report/2024/2024-3kyoto4.pdf,official_daily_result_pdf
202408030402,2024,京都,3,4,2,2024-04-28,https://www.jra.go.jp/datafile/seiseki/report/2024/2024-3kyoto4.pdf,official_daily_result_pdf
202408030403,2024,京都,3,4,3,2024-04-28,https://www.jra.go.jp/datafile/seiseki/report/2024/2024-3kyoto4.pdf,official_daily_result_pdf
202408030404,2024,京都,3,4,4,2024-04-28,https://www.jra.go.jp/datafile/seiseki/report/2024/2024-3kyoto4.pdf,official_daily_result_pdf
202408030405,2024,京都,3,4,5,2024-04-28,https://www.jra.go.jp/datafile/seiseki/report/2024/2024-3kyoto4.pdf,official_daily_result_pdf
202408030406,2024,京都,3,4,6,2024-04-28,https://www.jra.go.jp/datafile/seiseki/report/2024/2024-3kyoto4.pdf,official_daily_result_pdf
202408030407,2024,京都,3,4,7,2024-04-28,https://www.jra.go.jp/datafile/seiseki/report/2024/2024-3kyoto4.pdf,official_daily_result_pdf
202408030408,2024,京都,3,4,8,2024-04-28,https://www.jra.go.jp/datafile/seiseki/report/2024/2024-3kyoto4.pdf,official_daily_result_pdf
202408030409,2024,京都,3,4,9,2024-04-28,https://www.jra.go.jp/datafile/seiseki/report/2024/2024-3kyoto4.pdf,official_daily_result_pdf
202408030410,2024,京都,3,4,10,2024-04-28,https://www.jra.go.jp/datafile/seiseki/report/2024/2024-3kyoto4.pdf,official_daily_result_pdf
202408030411,2024,京都,3,4,11,2024-04-28,https://www.jra.go.jp/datafile/seiseki/report/2024/2024-3kyoto4.pdf,official_daily_result_pdf
202408030412,2024,京都,3,4,12,2024-04-28,https://www.jra.go.jp/datafile/seiseki/report/2024/2024-3kyoto4.pdf,official_daily_result_pdf
202408030501,2024,京都,3,5,1,2024-05-04,https://www.jra.go.jp/datafile/seiseki/report/2024/2024-3kyoto5.pdf,official_daily_result_pdf
202408030502,2024,京都,3,5,2,2024-05-04,https://www.jra.go.jp/datafile/seiseki/report/2024/2024-3kyoto5.pdf,official_daily_result_pdf
202408030503,2024,京都,3,5,3,2024-05-04,https://www.jra.go.jp/datafile/seiseki/report/2024/2024-3kyoto5.pdf,official_daily_result_pdf
202408030504,2024,京都,3,5,4,2024-05-04,https://www.jra.go.jp/datafile/seiseki/report/2024/2024-3kyoto5.pdf,official_daily_result_pdf
202408030505,2024,京都,3,5,5,2024-05-04,https://www.jra.go.jp/datafile/seiseki/report/2024/2024-3kyoto5.pdf,official_daily_result_pdf
202408030506,2024,京都,3,5,6,2024-05-04,https://www.jra.go.jp/datafile/seiseki/report/2024/2024-3kyoto5.pdf,official_daily_result_pdf
202408030507,2024,京都,3,5,7,2024-05-04,https://www.jra.go.jp/datafile/seiseki/report/2024/2024-3kyoto5.pdf,official_daily_result_pdf
202408030508,2024,京都,3,5,8,2024-05-04,https://www.jra.go.jp/datafile/seiseki/report/2024/2024-3kyoto5.pdf,official_daily_result_pdf
202408030509,2024,京都,3,5,9,2024-05-04,https://www.jra.go.jp/datafile/seiseki/report/2024/2024-3kyoto5.pdf,official_daily_result_pdf
202408030510,2024,京都,3,5,10,2024-05-04,https://www.jra.go.jp/datafile/seiseki/report/2024/2024-3kyoto5.pdf,official_daily_result_pdf
202408030511,2024,京都,3,5,11,2024-05-04,https://www.jra.go.jp/datafile/seiseki/report/2024/2024-3kyoto5.pdf,official_daily_result_pdf
202408030512,2024,京都,3,5,12,2024-05-04,https://www.jra.go.jp/datafile/seiseki/report/2024/2024-3kyoto5.pdf,official_daily_result_pdf
202408030601,2024,京都,3,6,1,2024-05-05,https://www.jra.go.jp/datafile/seiseki/report/2024/2024-3kyoto6.pdf,official_daily_result_pdf
202408030602,2024,京都,3,6,2,2024-05-05,https://www.jra.go.jp/datafile/seiseki/report/2024/2024-3kyoto6.pdf,official_daily_result_pdf
202408030603,2024,京都,3,6,3,2024-05-05,https://www.jra.go.jp/datafile/seiseki/report/2024/2024-3kyoto6.pdf,official_daily_result_pdf
202408030604,2024,京都,3,6,4,2024-05-05,https://www.jra.go.jp/datafile/seiseki/report/2024/2024-3kyoto6.pdf,official_daily_result_pdf
202408030605,2024,京都,3,6,5,2024-05-05,https://www.jra.go.jp/datafile/seiseki/report/2024/2024-3kyoto6.pdf,official_daily_result_pdf
202408030606,2024,京都,3,6,6,2024-05-05,https://www.jra.go.jp/datafile/seiseki/report/2024/2024-3kyoto6.pdf,official_daily_result_pdf
202408030607,2024,京都,3,6,7,2024-05-05,https://www.jra.go.jp/datafile/seiseki/report/2024/2024-3kyoto6.pdf,official_daily_result_pdf
202408030608,2024,京都,3,6,8,2024-05-05,https://www.jra.go.jp/datafile/seiseki/report/2024/2024-3kyoto6.pdf,official_daily_result_pdf
202408030609,2024,京都,3,6,9,2024-05-05,https://www.jra.go.jp/datafile/seiseki/report/2024/2024-3kyoto6.pdf,official_daily_result_pdf
202408030610,2024,京都,3,6,10,2024-05-05,https://www.jra.go.jp/datafile/seiseki/report/2024/2024-3kyoto6.pdf,official_daily_result_pdf
202408030611,2024,京都,3,6,11,2024-05-05,https://www.jra.go.jp/datafile/seiseki/report/2024/2024-3kyoto6.pdf,official_daily_result_pdf
202408030612,2024,京都,3,6,12,2024-05-05,https://www.jra.go.jp/datafile/seiseki/report/2024/2024-3kyoto6.pdf,official_daily_result_pdf
202408030701,2024,京都,3,7,1,2024-05-11,https://www.jra.go.jp/datafile/seiseki/report/2024/2024-3kyoto7.pdf,official_daily_result_pdf
202408030702,2024,京都,3,7,2,2024-05-11,https://www.jra.go.jp/datafile/seiseki/report/2024/2024-3kyoto7.pdf,official_daily_result_pdf
202408030703,2024,京都,3,7,3,2024-05-11,https://www.jra.go.jp/datafile/seiseki/report/2024/2024-3kyoto7.pdf,official_daily_result_pdf
202408030704,2024,京都,3,7,4,2024-05-11,https://www.jra.go.jp/datafile/seiseki/report/2024/2024-3kyoto7.pdf,official_daily_result_pdf
202408030705,2024,京都,3,7,5,2024-05-11,https://www.jra.go.jp/datafile/seiseki/report/2024/2024-3kyoto7.pdf,official_daily_result_pdf
202408030706,2024,京都,3,7,6,2024-05-11,https://www.jra.go.jp/datafile/seiseki/report/2024/2024-3kyoto7.pdf,official_daily_result_pdf
202408030707,2024,京都,3,7,7,2024-05-11,https://www.jra.go.jp/datafile/seiseki/report/2024/2024-3kyoto7.pdf,official_daily_result_pdf
202408030708,2024,京都,3,7,8,2024-05-11,https://www.jra.go.jp/datafile/seiseki/report/2024/2024-3kyoto7.pdf,official_daily_result_pdf
202408030709,2024,京都,3,7,9,2024-05-11,https://www.jra.go.jp/datafile/seiseki/report/2024/2024-3kyoto7.pdf,official_daily_result_pdf
202408030710,2024,京都,3,7,10,2024-05-11,https://www.jra.go.jp/datafile/seiseki/report/2024/2024-3kyoto7.pdf,official_daily_result_pdf
202408030711,2024,京都,3,7,11,2024-05-11,https://www.jra.go.jp/datafile/seiseki/report/2024/2024-3kyoto7.pdf,official_daily_result_pdf
202408030712,2024,京都,3,7,12,2024-05-11,https://www.jra.go.jp/datafile/seiseki/report/2024/2024-3kyoto7.pdf,official_daily_result_pdf
202408030801,2024,京都,3,8,1,2024-05-12,https://www.jra.go.jp/datafile/seiseki/report/2024/2024-3kyoto8.pdf,official_daily_result_pdf
202408030802,2024,京都,3,8,2,2024-05-12,https://www.jra.go.jp/datafile/seiseki/report/2024/2024-3kyoto8.pdf,official_daily_result_pdf
202408030803,2024,京都,3,8,3,2024-05-12,https://www.jra.go.jp/datafile/seiseki/report/2024/2024-3kyoto8.pdf,official_daily_result_pdf
202408030804,2024,京都,3,8,4,2024-05-12,https://www.jra.go.jp/datafile/seiseki/report/2024/2024-3kyoto8.pdf,official_daily_result_pdf
202408030805,2024,京都,3,8,5,2024-05-12,https://www.jra.go.jp/datafile/seiseki/report/2024/2024-3kyoto8.pdf,official_daily_result_pdf
202408030806,2024,京都,3,8,6,2024-05-12,https://www.jra.go.jp/datafile/seiseki/report/2024/2024-3kyoto8.pdf,official_daily_result_pdf
202408030807,2024,京都,3,8,7,2024-05-12,https://www.jra.go.jp/datafile/seiseki/report/2024/2024-3kyoto8.pdf,official_daily_result_pdf
202408030808,2024,京都,3,8,8,2024-05-12,https://www.jra.go.jp/datafile/seiseki/report/2024/2024-3kyoto8.pdf,official_daily_result_pdf
202408030809,2024,京都,3,8,9,2024-05-12,https://www.jra.go.jp/datafile/seiseki/report/2024/2024-3kyoto8.pdf,official_daily_result_pdf
202408030810,2024,京都,3,8,10,2024-05-12,https://www.jra.go.jp/datafile/seiseki/report/2024/2024-3kyoto8.pdf,official_daily_result_pdf
202408030811,2024,京都,3,8,11,2024-05-12,https://www.jra.go.jp/datafile/seiseki/report/2024/2024-3kyoto8.pdf,official_daily_result_pdf
202408030812,2024,京都,3,8,12,2024-05-12,https://www.jra.go.jp/datafile/seiseki/report/2024/2024-3kyoto8.pdf,official_daily_result_pdf
202408030901,2024,京都,3,9,1,2024-05-18,https://www.jra.go.jp/datafile/seiseki/report/2024/2024-3kyoto9.pdf,official_daily_result_pdf
202408030902,2024,京都,3,9,2,2024-05-18,https://www.jra.go.jp/datafile/seiseki/report/2024/2024-3kyoto9.pdf,official_daily_result_pdf
202408030903,2024,京都,3,9,3,2024-05-18,https://www.jra.go.jp/datafile/seiseki/report/2024/2024-3kyoto9.pdf,official_daily_result_pdf
202408030904,2024,京都,3,9,4,2024-05-18,https://www.jra.go.jp/datafile/seiseki/report/2024/2024-3kyoto9.pdf,official_daily_result_pdf
202408030905,2024,京都,3,9,5,2024-05-18,https://www.jra.go.jp/datafile/seiseki/report/2024/2024-3kyoto9.pdf,official_daily_result_pdf
202408030906,2024,京都,3,9,6,2024-05-18,https://www.jra.go.jp/datafile/seiseki/report/2024/2024-3kyoto9.pdf,official_daily_result_pdf
202408030907,2024,京都,3,9,7,2024-05-18,https://www.jra.go.jp/datafile/seiseki/report/2024/2024-3kyoto9.pdf,official_daily_result_pdf
202408030908,2024,京都,3,9,8,2024-05-18,https://www.jra.go.jp/datafile/seiseki/report/2024/2024-3kyoto9.pdf,official_daily_result_pdf
202408030909,2024,京都,3,9,9,2024-05-18,https://www.jra.go.jp/datafile/seiseki/report/2024/2024-3kyoto9.pdf,official_daily_result_pdf
202408030910,2024,京都,3,9,10,2024-05-18,https://www.jra.go.jp/datafile/seiseki/report/2024/2024-3kyoto9.pdf,official_daily_result_pdf
202408030911,2024,京都,3,9,11,2024-05-18,https://www.jra.go.jp/datafile/seiseki/report/2024/2024-3kyoto9.pdf,official_daily_result_pdf
202408030912,2024,京都,3,9,12,2024-05-18,https://www.jra.go.jp/datafile/seiseki/report/2024/2024-3kyoto9.pdf,official_daily_result_pdf
202408031001,2024,京都,3,10,1,2024-05-19,https://www.jra.go.jp/datafile/seiseki/report/2024/2024-3kyoto10.pdf,official_daily_result_pdf
202408031002,2024,京都,3,10,2,2024-05-19,https://www.jra.go.jp/datafile/seiseki/report/2024/2024-3kyoto10.pdf,official_daily_result_pdf
202408031003,2024,京都,3,10,3,2024-05-19,https://www.jra.go.jp/datafile/seiseki/report/2024/2024-3kyoto10.pdf,official_daily_result_pdf
202408031004,2024,京都,3,10,4,2024-05-19,https://www.jra.go.jp/datafile/seiseki/report/2024/2024-3kyoto10.pdf,official_daily_result_pdf
202408031005,2024,京都,3,10,5,2024-05-19,https://www.jra.go.jp/datafile/seiseki/report/2024/2024-3kyoto10.pdf,official_daily_result_pdf
202408031006,2024,京都,3,10,6,2024-05-19,https://www.jra.go.jp/datafile/seiseki/report/2024/2024-3kyoto10.pdf,official_daily_result_pdf
202408031007,2024,京都,3,10,7,2024-05-19,https://www.jra.go.jp/datafile/seiseki/report/2024/2024-3kyoto10.pdf,official_daily_result_pdf
202408031008,2024,京都,3,10,8,2024-05-19,https://www.jra.go.jp/datafile/seiseki/report/2024/2024-3kyoto10.pdf,official_daily_result_pdf
202408031009,2024,京都,3,10,9,2024-05-19,https://www.jra.go.jp/datafile/seiseki/report/2024/2024-3kyoto10.pdf,official_daily_result_pdf
202408031010,2024,京都,3,10,10,2024-05-19,https://www.jra.go.jp/datafile/seiseki/report/2024/2024-3kyoto10.pdf,official_daily_result_pdf
202408031011,2024,京都,3,10,11,2024-05-19,https://www.jra.go.jp/datafile/seiseki/report/2024/2024-3kyoto10.pdf,official_daily_result_pdf
202408031012,2024,京都,3,10,12,2024-05-19,https://www.jra.go.jp/datafile/seiseki/report/2024/2024-3kyoto10.pdf,official_daily_result_pdf
202408031101,2024,京都,3,11,1,2024-05-25,https://www.jra.go.jp/datafile/seiseki/report/2024/2024-3kyoto11.pdf,official_daily_result_pdf
202408031102,2024,京都,3,11,2,2024-05-25,https://www.jra.go.jp/datafile/seiseki/report/2024/2024-3kyoto11.pdf,official_daily_result_pdf
202408031103,2024,京都,3,11,3,2024-05-25,https://www.jra.go.jp/datafile/seiseki/report/2024/2024-3kyoto11.pdf,official_daily_result_pdf
202408031104,2024,京都,3,11,4,2024-05-25,https://www.jra.go.jp/datafile/seiseki/report/2024/2024-3kyoto11.pdf,official_daily_result_pdf
202408031105,2024,京都,3,11,5,2024-05-25,https://www.jra.go.jp/datafile/seiseki/report/2024/2024-3kyoto11.pdf,official_daily_result_pdf
202408031106,2024,京都,3,11,6,2024-05-25,https://www.jra.go.jp/datafile/seiseki/report/2024/2024-3kyoto11.pdf,official_daily_result_pdf
202408031107,2024,京都,3,11,7,2024-05-25,https://www.jra.go.jp/datafile/seiseki/report/2024/2024-3kyoto11.pdf,official_daily_result_pdf
202408031108,2024,京都,3,11,8,2024-05-25,https://www.jra.go.jp/datafile/seiseki/report/2024/2024-3kyoto11.pdf,official_daily_result_pdf
202408031109,2024,京都,3,11,9,2024-05-25,https://www.jra.go.jp/datafile/seiseki/report/2024/2024-3kyoto11.pdf,official_daily_result_pdf
202408031110,2024,京都,3,11,10,2024-05-25,https://www.jra.go.jp/datafile/seiseki/report/2024/2024-3kyoto11.pdf,official_daily_result_pdf
202408031111,2024,京都,3,11,11,2024-05-25,https://www.jra.go.jp/datafile/seiseki/report/2024/2024-3kyoto11.pdf,official_daily_result_pdf
202408031112,2024,京都,3,11,12,2024-05-25,https://www.jra.go.jp/datafile/seiseki/report/2024/2024-3kyoto11.pdf,official_daily_result_pdf
202408031201,2024,京都,3,12,1,2024-05-26,https://www.jra.go.jp/datafile/seiseki/report/2024/2024-3kyoto12.pdf,official_daily_result_pdf
202408031202,2024,京都,3,12,2,2024-05-26,https://www.jra.go.jp/datafile/seiseki/report/2024/2024-3kyoto12.pdf,official_daily_result_pdf
202408031203,2024,京都,3,12,3,2024-05-26,https://www.jra.go.jp/datafile/seiseki/report/2024/2024-3kyoto12.pdf,official_daily_result_pdf
202408031204,2024,京都,3,12,4,2024-05-26,https://www.jra.go.jp/datafile/seiseki/report/2024/2024-3kyoto12.pdf,official_daily_result_pdf
202408031205,2024,京都,3,12,5,2024-05-26,https://www.jra.go.jp/datafile/seiseki/report/2024/2024-3kyoto12.pdf,official_daily_result_pdf
202408031206,2024,京都,3,12,6,2024-05-26,https://www.jra.go.jp/datafile/seiseki/report/2024/2024-3kyoto12.pdf,official_daily_result_pdf
202408031207,2024,京都,3,12,7,2024-05-26,https://www.jra.go.jp/datafile/seiseki/report/2024/2024-3kyoto12.pdf,official_daily_result_pdf
202408031208,2024,京都,3,12,8,2024-05-26,https://www.jra.go.jp/datafile/seiseki/report/2024/2024-3kyoto12.pdf,official_daily_result_pdf
202408031209,2024,京都,3,12,9,2024-05-26,https://www.jra.go.jp/datafile/seiseki/report/2024/2024-3kyoto12.pdf,official_daily_result_pdf
202408031210,2024,京都,3,12,10,2024-05-26,https://www.jra.go.jp/datafile/seiseki/report/2024/2024-3kyoto12.pdf,official_daily_result_pdf
202408031211,2024,京都,3,12,11,2024-05-26,https://www.jra.go.jp/datafile/seiseki/report/2024/2024-3kyoto12.pdf,official_daily_result_pdf
202408031212,2024,京都,3,12,12,2024-05-26,https://www.jra.go.jp/datafile/seiseki/report/2024/2024-3kyoto12.pdf,official_daily_result_pdf
202408040101,2024,京都,4,1,1,2024-06-01,https://www.jra.go.jp/datafile/seiseki/report/2024/2024-4kyoto1.pdf,official_daily_result_pdf
202408040102,2024,京都,4,1,2,2024-06-01,https://www.jra.go.jp/datafile/seiseki/report/2024/2024-4kyoto1.pdf,official_daily_result_pdf
202408040103,2024,京都,4,1,3,2024-06-01,https://www.jra.go.jp/datafile/seiseki/report/2024/2024-4kyoto1.pdf,official_daily_result_pdf
202408040104,2024,京都,4,1,4,2024-06-01,https://www.jra.go.jp/datafile/seiseki/report/2024/2024-4kyoto1.pdf,official_daily_result_pdf
202408040105,2024,京都,4,1,5,2024-06-01,https://www.jra.go.jp/datafile/seiseki/report/2024/2024-4kyoto1.pdf,official_daily_result_pdf
202408040106,2024,京都,4,1,6,2024-06-01,https://www.jra.go.jp/datafile/seiseki/report/2024/2024-4kyoto1.pdf,official_daily_result_pdf
202408040107,2024,京都,4,1,7,2024-06-01,https://www.jra.go.jp/datafile/seiseki/report/2024/2024-4kyoto1.pdf,official_daily_result_pdf
202408040108,2024,京都,4,1,8,2024-06-01,https://www.jra.go.jp/datafile/seiseki/report/2024/2024-4kyoto1.pdf,official_daily_result_pdf
202408040109,2024,京都,4,1,9,2024-06-01,https://www.jra.go.jp/datafile/seiseki/report/2024/2024-4kyoto1.pdf,official_daily_result_pdf
202408040110,2024,京都,4,1,10,2024-06-01,https://www.jra.go.jp/datafile/seiseki/report/2024/2024-4kyoto1.pdf,official_daily_result_pdf
202408040111,2024,京都,4,1,11,2024-06-01,https://www.jra.go.jp/datafile/seiseki/report/2024/2024-4kyoto1.pdf,official_daily_result_pdf
202408040112,2024,京都,4,1,12,2024-06-01,https://www.jra.go.jp/datafile/seiseki/report/2024/2024-4kyoto1.pdf,official_daily_result_pdf
202408040201,2024,京都,4,2,1,2024-06-02,https://www.jra.go.jp/datafile/seiseki/report/2024/2024-4kyoto2.pdf,official_daily_result_pdf
202408040202,2024,京都,4,2,2,2024-06-02,https://www.jra.go.jp/datafile/seiseki/report/2024/2024-4kyoto2.pdf,official_daily_result_pdf
202408040203,2024,京都,4,2,3,2024-06-02,https://www.jra.go.jp/datafile/seiseki/report/2024/2024-4kyoto2.pdf,official_daily_result_pdf
202408040204,2024,京都,4,2,4,2024-06-02,https://www.jra.go.jp/datafile/seiseki/report/2024/2024-4kyoto2.pdf,official_daily_result_pdf
202408040205,2024,京都,4,2,5,2024-06-02,https://www.jra.go.jp/datafile/seiseki/report/2024/2024-4kyoto2.pdf,official_daily_result_pdf
202408040206,2024,京都,4,2,6,2024-06-02,https://www.jra.go.jp/datafile/seiseki/report/2024/2024-4kyoto2.pdf,official_daily_result_pdf
202408040207,2024,京都,4,2,7,2024-06-02,https://www.jra.go.jp/datafile/seiseki/report/2024/2024-4kyoto2.pdf,official_daily_result_pdf
202408040208,2024,京都,4,2,8,2024-06-02,https://www.jra.go.jp/datafile/seiseki/report/2024/2024-4kyoto2.pdf,official_daily_result_pdf
202408040209,2024,京都,4,2,9,2024-06-02,https://www.jra.go.jp/datafile/seiseki/report/2024/2024-4kyoto2.pdf,official_daily_result_pdf
202408040210,2024,京都,4,2,10,2024-06-02,https://www.jra.go.jp/datafile/seiseki/report/2024/2024-4kyoto2.pdf,official_daily_result_pdf
202408040211,2024,京都,4,2,11,2024-06-02,https://www.jra.go.jp/datafile/seiseki/report/2024/2024-4kyoto2.pdf,official_daily_result_pdf
202408040212,2024,京都,4,2,12,2024-06-02,https://www.jra.go.jp/datafile/seiseki/report/2024/2024-4kyoto2.pdf,official_daily_result_pdf
202408040301,2024,京都,4,3,1,2024-06-08,https://www.jra.go.jp/datafile/seiseki/report/2024/2024-4kyoto3.pdf,official_daily_result_pdf
202408040302,2024,京都,4,3,2,2024-06-08,https://www.jra.go.jp/datafile/seiseki/report/2024/2024-4kyoto3.pdf,official_daily_result_pdf
202408040303,2024,京都,4,3,3,2024-06-08,https://www.jra.go.jp/datafile/seiseki/report/2024/2024-4kyoto3.pdf,official_daily_result_pdf
202408040304,2024,京都,4,3,4,2024-06-08,https://www.jra.go.jp/datafile/seiseki/report/2024/2024-4kyoto3.pdf,official_daily_result_pdf
202408040305,2024,京都,4,3,5,2024-06-08,https://www.jra.go.jp/datafile/seiseki/report/2024/2024-4kyoto3.pdf,official_daily_result_pdf
202408040306,2024,京都,4,3,6,2024-06-08,https://www.jra.go.jp/datafile/seiseki/report/2024/2024-4kyoto3.pdf,official_daily_result_pdf
202408040307,2024,京都,4,3,7,2024-06-08,https://www.jra.go.jp/datafile/seiseki/report/2024/2024-4kyoto3.pdf,official_daily_result_pdf
202408040308,2024,京都,4,3,8,2024-06-08,https://www.jra.go.jp/datafile/seiseki/report/2024/2024-4kyoto3.pdf,official_daily_result_pdf
202408040309,2024,京都,4,3,9,2024-06-08,https://www.jra.go.jp/datafile/seiseki/report/2024/2024-4kyoto3.pdf,official_daily_result_pdf
202408040310,2024,京都,4,3,10,2024-06-08,https://www.jra.go.jp/datafile/seiseki/report/2024/2024-4kyoto3.pdf,official_daily_result_pdf
202408040311,2024,京都,4,3,11,2024-06-08,https://www.jra.go.jp/datafile/seiseki/report/2024/2024-4kyoto3.pdf,official_daily_result_pdf
202408040312,2024,京都,4,3,12,2024-06-08,https://www.jra.go.jp/datafile/seiseki/report/2024/2024-4kyoto3.pdf,official_daily_result_pdf
202408040401,2024,京都,4,4,1,2024-06-09,https://www.jra.go.jp/datafile/seiseki/report/2024/2024-4kyoto4.pdf,official_daily_result_pdf
202408040402,2024,京都,4,4,2,2024-06-09,https://www.jra.go.jp/datafile/seiseki/report/2024/2024-4kyoto4.pdf,official_daily_result_pdf
202408040403,2024,京都,4,4,3,2024-06-09,https://www.jra.go.jp/datafile/seiseki/report/2024/2024-4kyoto4.pdf,official_daily_result_pdf
202408040404,2024,京都,4,4,4,2024-06-09,https://www.jra.go.jp/datafile/seiseki/report/2024/2024-4kyoto4.pdf,official_daily_result_pdf
202408040405,2024,京都,4,4,5,2024-06-09,https://www.jra.go.jp/datafile/seiseki/report/2024/2024-4kyoto4.pdf,official_daily_result_pdf
202408040406,2024,京都,4,4,6,2024-06-09,https://www.jra.go.jp/datafile/seiseki/report/2024/2024-4kyoto4.pdf,official_daily_result_pdf
202408040407,2024,京都,4,4,7,2024-06-09,https://www.jra.go.jp/datafile/seiseki/report/2024/2024-4kyoto4.pdf,official_daily_result_pdf
202408040408,2024,京都,4,4,8,2024-06-09,https://www.jra.go.jp/datafile/seiseki/report/2024/2024-4kyoto4.pdf,official_daily_result_pdf
202408040409,2024,京都,4,4,9,2024-06-09,https://www.jra.go.jp/datafile/seiseki/report/2024/2024-4kyoto4.pdf,official_daily_result_pdf
202408040410,2024,京都,4,4,10,2024-06-09,https://www.jra.go.jp/datafile/seiseki/report/2024/2024-4kyoto4.pdf,official_daily_result_pdf
202408040411,2024,京都,4,4,11,2024-06-09,https://www.jra.go.jp/datafile/seiseki/report/2024/2024-4kyoto4.pdf,official_daily_result_pdf
202408040412,2024,京都,4,4,12,2024-06-09,https://www.jra.go.jp/datafile/seiseki/report/2024/2024-4kyoto4.pdf,official_daily_result_pdf
202408040501,2024,京都,4,5,1,2024-06-15,https://www.jra.go.jp/datafile/seiseki/report/2024/2024-4kyoto5.pdf,official_daily_result_pdf
202408040502,2024,京都,4,5,2,2024-06-15,https://www.jra.go.jp/datafile/seiseki/report/2024/2024-4kyoto5.pdf,official_daily_result_pdf
202408040503,2024,京都,4,5,3,2024-06-15,https://www.jra.go.jp/datafile/seiseki/report/2024/2024-4kyoto5.pdf,official_daily_result_pdf
202408040504,2024,京都,4,5,4,2024-06-15,https://www.jra.go.jp/datafile/seiseki/report/2024/2024-4kyoto5.pdf,official_daily_result_pdf
202408040505,2024,京都,4,5,5,2024-06-15,https://www.jra.go.jp/datafile/seiseki/report/2024/2024-4kyoto5.pdf,official_daily_result_pdf
202408040506,2024,京都,4,5,6,2024-06-15,https://www.jra.go.jp/datafile/seiseki/report/2024/2024-4kyoto5.pdf,official_daily_result_pdf
202408040507,2024,京都,4,5,7,2024-06-15,https://www.jra.go.jp/datafile/seiseki/report/2024/2024-4kyoto5.pdf,official_daily_result_pdf
202408040508,2024,京都,4,5,8,2024-06-15,https://www.jra.go.jp/datafile/seiseki/report/2024/2024-4kyoto5.pdf,official_daily_result_pdf
202408040509,2024,京都,4,5,9,2024-06-15,https://www.jra.go.jp/datafile/seiseki/report/2024/2024-4kyoto5.pdf,official_daily_result_pdf
202408040510,2024,京都,4,5,10,2024-06-15,https://www.jra.go.jp/datafile/seiseki/report/2024/2024-4kyoto5.pdf,official_daily_result_pdf
202408040511,2024,京都,4,5,11,2024-06-15,https://www.jra.go.jp/datafile/seiseki/report/2024/2024-4kyoto5.pdf,official_daily_result_pdf
202408040512,2024,京都,4,5,12,2024-06-15,https://www.jra.go.jp/datafile/seiseki/report/2024/2024-4kyoto5.pdf,official_daily_result_pdf
202408040601,2024,京都,4,6,1,2024-06-16,https://www.jra.go.jp/datafile/seiseki/report/2024/2024-4kyoto6.pdf,official_daily_result_pdf
202408040602,2024,京都,4,6,2,2024-06-16,https://www.jra.go.jp/datafile/seiseki/report/2024/2024-4kyoto6.pdf,official_daily_result_pdf
202408040603,2024,京都,4,6,3,2024-06-16,https://www.jra.go.jp/datafile/seiseki/report/2024/2024-4kyoto6.pdf,official_daily_result_pdf
202408040604,2024,京都,4,6,4,2024-06-16,https://www.jra.go.jp/datafile/seiseki/report/2024/2024-4kyoto6.pdf,official_daily_result_pdf
202408040605,2024,京都,4,6,5,2024-06-16,https://www.jra.go.jp/datafile/seiseki/report/2024/2024-4kyoto6.pdf,official_daily_result_pdf
202408040606,2024,京都,4,6,6,2024-06-16,https://www.jra.go.jp/datafile/seiseki/report/2024/2024-4kyoto6.pdf,official_daily_result_pdf
202408040607,2024,京都,4,6,7,2024-06-16,https://www.jra.go.jp/datafile/seiseki/report/2024/2024-4kyoto6.pdf,official_daily_result_pdf
202408040608,2024,京都,4,6,8,2024-06-16,https://www.jra.go.jp/datafile/seiseki/report/2024/2024-4kyoto6.pdf,official_daily_result_pdf
202408040609,2024,京都,4,6,9,2024-06-16,https://www.jra.go.jp/datafile/seiseki/report/2024/2024-4kyoto6.pdf,official_daily_result_pdf
202408040610,2024,京都,4,6,10,2024-06-16,https://www.jra.go.jp/datafile/seiseki/report/2024/2024-4kyoto6.pdf,official_daily_result_pdf
202408040611,2024,京都,4,6,11,2024-06-16,https://www.jra.go.jp/datafile/seiseki/report/2024/2024-4kyoto6.pdf,official_daily_result_pdf
202408040612,2024,京都,4,6,12,2024-06-16,https://www.jra.go.jp/datafile/seiseki/report/2024/2024-4kyoto6.pdf,official_daily_result_pdf
202408040701,2024,京都,4,7,1,2024-06-22,https://www.jra.go.jp/datafile/seiseki/report/2024/2024-4kyoto7.pdf,official_daily_result_pdf
202408040702,2024,京都,4,7,2,2024-06-22,https://www.jra.go.jp/datafile/seiseki/report/2024/2024-4kyoto7.pdf,official_daily_result_pdf
202408040703,2024,京都,4,7,3,2024-06-22,https://www.jra.go.jp/datafile/seiseki/report/2024/2024-4kyoto7.pdf,official_daily_result_pdf
202408040704,2024,京都,4,7,4,2024-06-22,https://www.jra.go.jp/datafile/seiseki/report/2024/2024-4kyoto7.pdf,official_daily_result_pdf
202408040705,2024,京都,4,7,5,2024-06-22,https://www.jra.go.jp/datafile/seiseki/report/2024/2024-4kyoto7.pdf,official_daily_result_pdf
202408040706,2024,京都,4,7,6,2024-06-22,https://www.jra.go.jp/datafile/seiseki/report/2024/2024-4kyoto7.pdf,official_daily_result_pdf
202408040707,2024,京都,4,7,7,2024-06-22,https://www.jra.go.jp/datafile/seiseki/report/2024/2024-4kyoto7.pdf,official_daily_result_pdf
202408040708,2024,京都,4,7,8,2024-06-22,https://www.jra.go.jp/datafile/seiseki/report/2024/2024-4kyoto7.pdf,official_daily_result_pdf
202408040709,2024,京都,4,7,9,2024-06-22,https://www.jra.go.jp/datafile/seiseki/report/2024/2024-4kyoto7.pdf,official_daily_result_pdf
202408040710,2024,京都,4,7,10,2024-06-22,https://www.jra.go.jp/datafile/seiseki/report/2024/2024-4kyoto7.pdf,official_daily_result_pdf
202408040711,2024,京都,4,7,11,2024-06-22,https://www.jra.go.jp/datafile/seiseki/report/2024/2024-4kyoto7.pdf,official_daily_result_pdf
202408040712,2024,京都,4,7,12,2024-06-22,https://www.jra.go.jp/datafile/seiseki/report/2024/2024-4kyoto7.pdf,official_daily_result_pdf
202408040801,2024,京都,4,8,1,2024-06-23,https://www.jra.go.jp/datafile/seiseki/report/2024/2024-4kyoto8.pdf,official_daily_result_pdf
202408040802,2024,京都,4,8,2,2024-06-23,https://www.jra.go.jp/datafile/seiseki/report/2024/2024-4kyoto8.pdf,official_daily_result_pdf
202408040803,2024,京都,4,8,3,2024-06-23,https://www.jra.go.jp/datafile/seiseki/report/2024/2024-4kyoto8.pdf,official_daily_result_pdf
202408040804,2024,京都,4,8,4,2024-06-23,https://www.jra.go.jp/datafile/seiseki/report/2024/2024-4kyoto8.pdf,official_daily_result_pdf
202408040805,2024,京都,4,8,5,2024-06-23,https://www.jra.go.jp/datafile/seiseki/report/2024/2024-4kyoto8.pdf,official_daily_result_pdf
202408040806,2024,京都,4,8,6,2024-06-23,https://www.jra.go.jp/datafile/seiseki/report/2024/2024-4kyoto8.pdf,official_daily_result_pdf
202408040807,2024,京都,4,8,7,2024-06-23,https://www.jra.go.jp/datafile/seiseki/report/2024/2024-4kyoto8.pdf,official_daily_result_pdf
202408040808,2024,京都,4,8,8,2024-06-23,https://www.jra.go.jp/datafile/seiseki/report/2024/2024-4kyoto8.pdf,official_daily_result_pdf
202408040809,2024,京都,4,8,9,2024-06-23,https://www.jra.go.jp/datafile/seiseki/report/2024/2024-4kyoto8.pdf,official_daily_result_pdf
202408040810,2024,京都,4,8,10,2024-06-23,https://www.jra.go.jp/datafile/seiseki/report/2024/2024-4kyoto8.pdf,official_daily_result_pdf
202408040811,2024,京都,4,8,11,2024-06-23,https://www.jra.go.jp/datafile/seiseki/report/2024/2024-4kyoto8.pdf,official_daily_result_pdf
202408040812,2024,京都,4,8,12,2024-06-23,https://www.jra.go.jp/datafile/seiseki/report/2024/2024-4kyoto8.pdf,official_daily_result_pdf
202408050101,2024,京都,5,1,1,2024-10-05,https://www.jra.go.jp/datafile/seiseki/report/2024/2024-5kyoto1.pdf,official_daily_result_pdf
202408050102,2024,京都,5,1,2,2024-10-05,https://www.jra.go.jp/datafile/seiseki/report/2024/2024-5kyoto1.pdf,official_daily_result_pdf
202408050103,2024,京都,5,1,3,2024-10-05,https://www.jra.go.jp/datafile/seiseki/report/2024/2024-5kyoto1.pdf,official_daily_result_pdf
202408050104,2024,京都,5,1,4,2024-10-05,https://www.jra.go.jp/datafile/seiseki/report/2024/2024-5kyoto1.pdf,official_daily_result_pdf
202408050105,2024,京都,5,1,5,2024-10-05,https://www.jra.go.jp/datafile/seiseki/report/2024/2024-5kyoto1.pdf,official_daily_result_pdf
202408050106,2024,京都,5,1,6,2024-10-05,https://www.jra.go.jp/datafile/seiseki/report/2024/2024-5kyoto1.pdf,official_daily_result_pdf
202408050107,2024,京都,5,1,7,2024-10-05,https://www.jra.go.jp/datafile/seiseki/report/2024/2024-5kyoto1.pdf,official_daily_result_pdf
202408050108,2024,京都,5,1,8,2024-10-05,https://www.jra.go.jp/datafile/seiseki/report/2024/2024-5kyoto1.pdf,official_daily_result_pdf
202408050109,2024,京都,5,1,9,2024-10-05,https://www.jra.go.jp/datafile/seiseki/report/2024/2024-5kyoto1.pdf,official_daily_result_pdf
202408050110,2024,京都,5,1,10,2024-10-05,https://www.jra.go.jp/datafile/seiseki/report/2024/2024-5kyoto1.pdf,official_daily_result_pdf
202408050111,2024,京都,5,1,11,2024-10-05,https://www.jra.go.jp/datafile/seiseki/report/2024/2024-5kyoto1.pdf,official_daily_result_pdf
202408050112,2024,京都,5,1,12,2024-10-05,https://www.jra.go.jp/datafile/seiseki/report/2024/2024-5kyoto1.pdf,official_daily_result_pdf
202408050201,2024,京都,5,2,1,2024-10-06,https://www.jra.go.jp/datafile/seiseki/report/2024/2024-5kyoto2.pdf,official_daily_result_pdf
202408050202,2024,京都,5,2,2,2024-10-06,https://www.jra.go.jp/datafile/seiseki/report/2024/2024-5kyoto2.pdf,official_daily_result_pdf
202408050203,2024,京都,5,2,3,2024-10-06,https://www.jra.go.jp/datafile/seiseki/report/2024/2024-5kyoto2.pdf,official_daily_result_pdf
202408050204,2024,京都,5,2,4,2024-10-06,https://www.jra.go.jp/datafile/seiseki/report/2024/2024-5kyoto2.pdf,official_daily_result_pdf
202408050205,2024,京都,5,2,5,2024-10-06,https://www.jra.go.jp/datafile/seiseki/report/2024/2024-5kyoto2.pdf,official_daily_result_pdf
202408050206,2024,京都,5,2,6,2024-10-06,https://www.jra.go.jp/datafile/seiseki/report/2024/2024-5kyoto2.pdf,official_daily_result_pdf
202408050207,2024,京都,5,2,7,2024-10-06,https://www.jra.go.jp/datafile/seiseki/report/2024/2024-5kyoto2.pdf,official_daily_result_pdf
202408050208,2024,京都,5,2,8,2024-10-06,https://www.jra.go.jp/datafile/seiseki/report/2024/2024-5kyoto2.pdf,official_daily_result_pdf
202408050209,2024,京都,5,2,9,2024-10-06,https://www.jra.go.jp/datafile/seiseki/report/2024/2024-5kyoto2.pdf,official_daily_result_pdf
202408050210,2024,京都,5,2,10,2024-10-06,https://www.jra.go.jp/datafile/seiseki/report/2024/2024-5kyoto2.pdf,official_daily_result_pdf
202408050211,2024,京都,5,2,11,2024-10-06,https://www.jra.go.jp/datafile/seiseki/report/2024/2024-5kyoto2.pdf,official_daily_result_pdf
202408050212,2024,京都,5,2,12,2024-10-06,https://www.jra.go.jp/datafile/seiseki/report/2024/2024-5kyoto2.pdf,official_daily_result_pdf
202408050301,2024,京都,5,3,1,2024-10-12,https://www.jra.go.jp/datafile/seiseki/report/2024/2024-5kyoto3.pdf,official_daily_result_pdf
202408050302,2024,京都,5,3,2,2024-10-12,https://www.jra.go.jp/datafile/seiseki/report/2024/2024-5kyoto3.pdf,official_daily_result_pdf
202408050303,2024,京都,5,3,3,2024-10-12,https://www.jra.go.jp/datafile/seiseki/report/2024/2024-5kyoto3.pdf,official_daily_result_pdf
202408050304,2024,京都,5,3,4,2024-10-12,https://www.jra.go.jp/datafile/seiseki/report/2024/2024-5kyoto3.pdf,official_daily_result_pdf
202408050305,2024,京都,5,3,5,2024-10-12,https://www.jra.go.jp/datafile/seiseki/report/2024/2024-5kyoto3.pdf,official_daily_result_pdf
202408050306,2024,京都,5,3,6,2024-10-12,https://www.jra.go.jp/datafile/seiseki/report/2024/2024-5kyoto3.pdf,official_daily_result_pdf
202408050307,2024,京都,5,3,7,2024-10-12,https://www.jra.go.jp/datafile/seiseki/report/2024/2024-5kyoto3.pdf,official_daily_result_pdf
202408050308,2024,京都,5,3,8,2024-10-12,https://www.jra.go.jp/datafile/seiseki/report/2024/2024-5kyoto3.pdf,official_daily_result_pdf
202408050309,2024,京都,5,3,9,2024-10-12,https://www.jra.go.jp/datafile/seiseki/report/2024/2024-5kyoto3.pdf,official_daily_result_pdf
202408050310,2024,京都,5,3,10,2024-10-12,https://www.jra.go.jp/datafile/seiseki/report/2024/2024-5kyoto3.pdf,official_daily_result_pdf
202408050311,2024,京都,5,3,11,2024-10-12,https://www.jra.go.jp/datafile/seiseki/report/2024/2024-5kyoto3.pdf,official_daily_result_pdf
202408050312,2024,京都,5,3,12,2024-10-12,https://www.jra.go.jp/datafile/seiseki/report/2024/2024-5kyoto3.pdf,official_daily_result_pdf
202408050401,2024,京都,5,4,1,2024-10-13,https://www.jra.go.jp/datafile/seiseki/report/2024/2024-5kyoto4.pdf,official_daily_result_pdf
202408050402,2024,京都,5,4,2,2024-10-13,https://www.jra.go.jp/datafile/seiseki/report/2024/2024-5kyoto4.pdf,official_daily_result_pdf
202408050403,2024,京都,5,4,3,2024-10-13,https://www.jra.go.jp/datafile/seiseki/report/2024/2024-5kyoto4.pdf,official_daily_result_pdf
202408050404,2024,京都,5,4,4,2024-10-13,https://www.jra.go.jp/datafile/seiseki/report/2024/2024-5kyoto4.pdf,official_daily_result_pdf
202408050405,2024,京都,5,4,5,2024-10-13,https://www.jra.go.jp/datafile/seiseki/report/2024/2024-5kyoto4.pdf,official_daily_result_pdf
202408050406,2024,京都,5,4,6,2024-10-13,https://www.jra.go.jp/datafile/seiseki/report/2024/2024-5kyoto4.pdf,official_daily_result_pdf
202408050407,2024,京都,5,4,7,2024-10-13,https://www.jra.go.jp/datafile/seiseki/report/2024/2024-5kyoto4.pdf,official_daily_result_pdf
202408050408,2024,京都,5,4,8,2024-10-13,https://www.jra.go.jp/datafile/seiseki/report/2024/2024-5kyoto4.pdf,official_daily_result_pdf
202408050409,2024,京都,5,4,9,2024-10-13,https://www.jra.go.jp/datafile/seiseki/report/2024/2024-5kyoto4.pdf,official_daily_result_pdf
202408050410,2024,京都,5,4,10,2024-10-13,https://www.jra.go.jp/datafile/seiseki/report/2024/2024-5kyoto4.pdf,official_daily_result_pdf
202408050411,2024,京都,5,4,11,2024-10-13,https://www.jra.go.jp/datafile/seiseki/report/2024/2024-5kyoto4.pdf,official_daily_result_pdf
202408050412,2024,京都,5,4,12,2024-10-13,https://www.jra.go.jp/datafile/seiseki/report/2024/2024-5kyoto4.pdf,official_daily_result_pdf
202408050501,2024,京都,5,5,1,2024-10-19,https://www.jra.go.jp/datafile/seiseki/report/2024/2024-5kyoto5.pdf,official_daily_result_pdf
202408050502,2024,京都,5,5,2,2024-10-19,https://www.jra.go.jp/datafile/seiseki/report/2024/2024-5kyoto5.pdf,official_daily_result_pdf
202408050503,2024,京都,5,5,3,2024-10-19,https://www.jra.go.jp/datafile/seiseki/report/2024/2024-5kyoto5.pdf,official_daily_result_pdf
202408050504,2024,京都,5,5,4,2024-10-19,https://www.jra.go.jp/datafile/seiseki/report/2024/2024-5kyoto5.pdf,official_daily_result_pdf
202408050505,2024,京都,5,5,5,2024-10-19,https://www.jra.go.jp/datafile/seiseki/report/2024/2024-5kyoto5.pdf,official_daily_result_pdf
202408050506,2024,京都,5,5,6,2024-10-19,https://www.jra.go.jp/datafile/seiseki/report/2024/2024-5kyoto5.pdf,official_daily_result_pdf
202408050507,2024,京都,5,5,7,2024-10-19,https://www.jra.go.jp/datafile/seiseki/report/2024/2024-5kyoto5.pdf,official_daily_result_pdf
202408050508,2024,京都,5,5,8,2024-10-19,https://www.jra.go.jp/datafile/seiseki/report/2024/2024-5kyoto5.pdf,official_daily_result_pdf
202408050509,2024,京都,5,5,9,2024-10-19,https://www.jra.go.jp/datafile/seiseki/report/2024/2024-5kyoto5.pdf,official_daily_result_pdf
202408050510,2024,京都,5,5,10,2024-10-19,https://www.jra.go.jp/datafile/seiseki/report/2024/2024-5kyoto5.pdf,official_daily_result_pdf
202408050511,2024,京都,5,5,11,2024-10-19,https://www.jra.go.jp/datafile/seiseki/report/2024/2024-5kyoto5.pdf,official_daily_result_pdf
202408050512,2024,京都,5,5,12,2024-10-19,https://www.jra.go.jp/datafile/seiseki/report/2024/2024-5kyoto5.pdf,official_daily_result_pdf
202408050601,2024,京都,5,6,1,2024-10-20,https://www.jra.go.jp/datafile/seiseki/report/2024/2024-5kyoto6.pdf,official_daily_result_pdf
202408050602,2024,京都,5,6,2,2024-10-20,https://www.jra.go.jp/datafile/seiseki/report/2024/2024-5kyoto6.pdf,official_daily_result_pdf
202408050603,2024,京都,5,6,3,2024-10-20,https://www.jra.go.jp/datafile/seiseki/report/2024/2024-5kyoto6.pdf,official_daily_result_pdf
202408050604,2024,京都,5,6,4,2024-10-20,https://www.jra.go.jp/datafile/seiseki/report/2024/2024-5kyoto6.pdf,official_daily_result_pdf
202408050605,2024,京都,5,6,5,2024-10-20,https://www.jra.go.jp/datafile/seiseki/report/2024/2024-5kyoto6.pdf,official_daily_result_pdf
202408050606,2024,京都,5,6,6,2024-10-20,https://www.jra.go.jp/datafile/seiseki/report/2024/2024-5kyoto6.pdf,official_daily_result_pdf
202408050607,2024,京都,5,6,7,2024-10-20,https://www.jra.go.jp/datafile/seiseki/report/2024/2024-5kyoto6.pdf,official_daily_result_pdf
202408050608,2024,京都,5,6,8,2024-10-20,https://www.jra.go.jp/datafile/seiseki/report/2024/2024-5kyoto6.pdf,official_daily_result_pdf
202408050609,2024,京都,5,6,9,2024-10-20,https://www.jra.go.jp/datafile/seiseki/report/2024/2024-5kyoto6.pdf,official_daily_result_pdf
202408050610,2024,京都,5,6,10,2024-10-20,https://www.jra.go.jp/datafile/seiseki/report/2024/2024-5kyoto6.pdf,official_daily_result_pdf
202408050611,2024,京都,5,6,11,2024-10-20,https://www.jra.go.jp/datafile/seiseki/report/2024/2024-5kyoto6.pdf,official_daily_result_pdf
202408050612,2024,京都,5,6,12,2024-10-20,https://www.jra.go.jp/datafile/seiseki/report/2024/2024-5kyoto6.pdf,official_daily_result_pdf
202408050701,2024,京都,5,7,1,2024-10-26,https://www.jra.go.jp/datafile/seiseki/report/2024/2024-5kyoto7.pdf,official_daily_result_pdf
202408050702,2024,京都,5,7,2,2024-10-26,https://www.jra.go.jp/datafile/seiseki/report/2024/2024-5kyoto7.pdf,official_daily_result_pdf
202408050703,2024,京都,5,7,3,2024-10-26,https://www.jra.go.jp/datafile/seiseki/report/2024/2024-5kyoto7.pdf,official_daily_result_pdf
202408050704,2024,京都,5,7,4,2024-10-26,https://www.jra.go.jp/datafile/seiseki/report/2024/2024-5kyoto7.pdf,official_daily_result_pdf
202408050705,2024,京都,5,7,5,2024-10-26,https://www.jra.go.jp/datafile/seiseki/report/2024/2024-5kyoto7.pdf,official_daily_result_pdf
202408050706,2024,京都,5,7,6,2024-10-26,https://www.jra.go.jp/datafile/seiseki/report/2024/2024-5kyoto7.pdf,official_daily_result_pdf
202408050707,2024,京都,5,7,7,2024-10-26,https://www.jra.go.jp/datafile/seiseki/report/2024/2024-5kyoto7.pdf,official_daily_result_pdf
202408050708,2024,京都,5,7,8,2024-10-26,https://www.jra.go.jp/datafile/seiseki/report/2024/2024-5kyoto7.pdf,official_daily_result_pdf
202408050709,2024,京都,5,7,9,2024-10-26,https://www.jra.go.jp/datafile/seiseki/report/2024/2024-5kyoto7.pdf,official_daily_result_pdf
202408050710,2024,京都,5,7,10,2024-10-26,https://www.jra.go.jp/datafile/seiseki/report/2024/2024-5kyoto7.pdf,official_daily_result_pdf
202408050711,2024,京都,5,7,11,2024-10-26,https://www.jra.go.jp/datafile/seiseki/report/2024/2024-5kyoto7.pdf,official_daily_result_pdf
202408050712,2024,京都,5,7,12,2024-10-26,https://www.jra.go.jp/datafile/seiseki/report/2024/2024-5kyoto7.pdf,official_daily_result_pdf
202408050801,2024,京都,5,8,1,2024-10-27,https://www.jra.go.jp/datafile/seiseki/report/2024/2024-5kyoto8.pdf,official_daily_result_pdf
202408050802,2024,京都,5,8,2,2024-10-27,https://www.jra.go.jp/datafile/seiseki/report/2024/2024-5kyoto8.pdf,official_daily_result_pdf
202408050803,2024,京都,5,8,3,2024-10-27,https://www.jra.go.jp/datafile/seiseki/report/2024/2024-5kyoto8.pdf,official_daily_result_pdf
202408050804,2024,京都,5,8,4,2024-10-27,https://www.jra.go.jp/datafile/seiseki/report/2024/2024-5kyoto8.pdf,official_daily_result_pdf
202408050805,2024,京都,5,8,5,2024-10-27,https://www.jra.go.jp/datafile/seiseki/report/2024/2024-5kyoto8.pdf,official_daily_result_pdf
202408050806,2024,京都,5,8,6,2024-10-27,https://www.jra.go.jp/datafile/seiseki/report/2024/2024-5kyoto8.pdf,official_daily_result_pdf
202408050807,2024,京都,5,8,7,2024-10-27,https://www.jra.go.jp/datafile/seiseki/report/2024/2024-5kyoto8.pdf,official_daily_result_pdf
202408050808,2024,京都,5,8,8,2024-10-27,https://www.jra.go.jp/datafile/seiseki/report/2024/2024-5kyoto8.pdf,official_daily_result_pdf
202408050809,2024,京都,5,8,9,2024-10-27,https://www.jra.go.jp/datafile/seiseki/report/2024/2024-5kyoto8.pdf,official_daily_result_pdf
202408050810,2024,京都,5,8,10,2024-10-27,https://www.jra.go.jp/datafile/seiseki/report/2024/2024-5kyoto8.pdf,official_daily_result_pdf
202408050811,2024,京都,5,8,11,2024-10-27,https://www.jra.go.jp/datafile/seiseki/report/2024/2024-5kyoto8.pdf,official_daily_result_pdf
202408050812,2024,京都,5,8,12,2024-10-27,https://www.jra.go.jp/datafile/seiseki/report/2024/2024-5kyoto8.pdf,official_daily_result_pdf
202408060101,2024,京都,6,1,1,2024-11-02,https://www.jra.go.jp/datafile/seiseki/report/2024/2024-6kyoto1.pdf,official_daily_result_pdf
202408060102,2024,京都,6,1,2,2024-11-02,https://www.jra.go.jp/datafile/seiseki/report/2024/2024-6kyoto1.pdf,official_daily_result_pdf
202408060103,2024,京都,6,1,3,2024-11-02,https://www.jra.go.jp/datafile/seiseki/report/2024/2024-6kyoto1.pdf,official_daily_result_pdf
202408060104,2024,京都,6,1,4,2024-11-02,https://www.jra.go.jp/datafile/seiseki/report/2024/2024-6kyoto1.pdf,official_daily_result_pdf
202408060105,2024,京都,6,1,5,2024-11-02,https://www.jra.go.jp/datafile/seiseki/report/2024/2024-6kyoto1.pdf,official_daily_result_pdf
202408060106,2024,京都,6,1,6,2024-11-02,https://www.jra.go.jp/datafile/seiseki/report/2024/2024-6kyoto1.pdf,official_daily_result_pdf
202408060107,2024,京都,6,1,7,2024-11-02,https://www.jra.go.jp/datafile/seiseki/report/2024/2024-6kyoto1.pdf,official_daily_result_pdf
202408060109,2024,京都,6,1,9,2024-11-02,https://www.jra.go.jp/datafile/seiseki/report/2024/2024-6kyoto1.pdf,official_daily_result_pdf
202408060110,2024,京都,6,1,10,2024-11-02,https://www.jra.go.jp/datafile/seiseki/report/2024/2024-6kyoto1.pdf,official_daily_result_pdf
202408060111,2024,京都,6,1,11,2024-11-02,https://www.jra.go.jp/datafile/seiseki/report/2024/2024-6kyoto1.pdf,official_daily_result_pdf
202408060112,2024,京都,6,1,12,2024-11-02,https://www.jra.go.jp/datafile/seiseki/report/2024/2024-6kyoto1.pdf,official_daily_result_pdf
202408060201,2024,京都,6,2,1,2024-11-03,https://www.jra.go.jp/datafile/seiseki/report/2024/2024-6kyoto2.pdf,official_daily_result_pdf
202408060202,2024,京都,6,2,2,2024-11-03,https://www.jra.go.jp/datafile/seiseki/report/2024/2024-6kyoto2.pdf,official_daily_result_pdf
202408060203,2024,京都,6,2,3,2024-11-03,https://www.jra.go.jp/datafile/seiseki/report/2024/2024-6kyoto2.pdf,official_daily_result_pdf
202408060204,2024,京都,6,2,4,2024-11-03,https://www.jra.go.jp/datafile/seiseki/report/2024/2024-6kyoto2.pdf,official_daily_result_pdf
202408060205,2024,京都,6,2,5,2024-11-03,https://www.jra.go.jp/datafile/seiseki/report/2024/2024-6kyoto2.pdf,official_daily_result_pdf
202408060206,2024,京都,6,2,6,2024-11-03,https://www.jra.go.jp/datafile/seiseki/report/2024/2024-6kyoto2.pdf,official_daily_result_pdf
202408060207,2024,京都,6,2,7,2024-11-03,https://www.jra.go.jp/datafile/seiseki/report/2024/2024-6kyoto2.pdf,official_daily_result_pdf
202408060208,2024,京都,6,2,8,2024-11-03,https://www.jra.go.jp/datafile/seiseki/report/2024/2024-6kyoto2.pdf,official_daily_result_pdf
202408060209,2024,京都,6,2,9,2024-11-03,https://www.jra.go.jp/datafile/seiseki/report/2024/2024-6kyoto2.pdf,official_daily_result_pdf
202408060210,2024,京都,6,2,10,2024-11-03,https://www.jra.go.jp/datafile/seiseki/report/2024/2024-6kyoto2.pdf,official_daily_result_pdf
202408060211,2024,京都,6,2,11,2024-11-03,https://www.jra.go.jp/datafile/seiseki/report/2024/2024-6kyoto2.pdf,official_daily_result_pdf
202408060212,2024,京都,6,2,12,2024-11-03,https://www.jra.go.jp/datafile/seiseki/report/2024/2024-6kyoto2.pdf,official_daily_result_pdf
202408060301,2024,京都,6,3,1,2024-11-09,https://www.jra.go.jp/datafile/seiseki/report/2024/2024-6kyoto3.pdf,official_daily_result_pdf
202408060302,2024,京都,6,3,2,2024-11-09,https://www.jra.go.jp/datafile/seiseki/report/2024/2024-6kyoto3.pdf,official_daily_result_pdf
202408060303,2024,京都,6,3,3,2024-11-09,https://www.jra.go.jp/datafile/seiseki/report/2024/2024-6kyoto3.pdf,official_daily_result_pdf
202408060304,2024,京都,6,3,4,2024-11-09,https://www.jra.go.jp/datafile/seiseki/report/2024/2024-6kyoto3.pdf,official_daily_result_pdf
202408060305,2024,京都,6,3,5,2024-11-09,https://www.jra.go.jp/datafile/seiseki/report/2024/2024-6kyoto3.pdf,official_daily_result_pdf
202408060306,2024,京都,6,3,6,2024-11-09,https://www.jra.go.jp/datafile/seiseki/report/2024/2024-6kyoto3.pdf,official_daily_result_pdf
202408060307,2024,京都,6,3,7,2024-11-09,https://www.jra.go.jp/datafile/seiseki/report/2024/2024-6kyoto3.pdf,official_daily_result_pdf
202408060308,2024,京都,6,3,8,2024-11-09,https://www.jra.go.jp/datafile/seiseki/report/2024/2024-6kyoto3.pdf,official_daily_result_pdf
202408060309,2024,京都,6,3,9,2024-11-09,https://www.jra.go.jp/datafile/seiseki/report/2024/2024-6kyoto3.pdf,official_daily_result_pdf
202408060310,2024,京都,6,3,10,2024-11-09,https://www.jra.go.jp/datafile/seiseki/report/2024/2024-6kyoto3.pdf,official_daily_result_pdf
202408060311,2024,京都,6,3,11,2024-11-09,https://www.jra.go.jp/datafile/seiseki/report/2024/2024-6kyoto3.pdf,official_daily_result_pdf
202408060312,2024,京都,6,3,12,2024-11-09,https://www.jra.go.jp/datafile/seiseki/report/2024/2024-6kyoto3.pdf,official_daily_result_pdf
202408060401,2024,京都,6,4,1,2024-11-10,https://www.jra.go.jp/datafile/seiseki/report/2024/2024-6kyoto4.pdf,official_daily_result_pdf
202408060402,2024,京都,6,4,2,2024-11-10,https://www.jra.go.jp/datafile/seiseki/report/2024/2024-6kyoto4.pdf,official_daily_result_pdf
202408060403,2024,京都,6,4,3,2024-11-10,https://www.jra.go.jp/datafile/seiseki/report/2024/2024-6kyoto4.pdf,official_daily_result_pdf
202408060404,2024,京都,6,4,4,2024-11-10,https://www.jra.go.jp/datafile/seiseki/report/2024/2024-6kyoto4.pdf,official_daily_result_pdf
202408060405,2024,京都,6,4,5,2024-11-10,https://www.jra.go.jp/datafile/seiseki/report/2024/2024-6kyoto4.pdf,official_daily_result_pdf
202408060406,2024,京都,6,4,6,2024-11-10,https://www.jra.go.jp/datafile/seiseki/report/2024/2024-6kyoto4.pdf,official_daily_result_pdf
202408060407,2024,京都,6,4,7,2024-11-10,https://www.jra.go.jp/datafile/seiseki/report/2024/2024-6kyoto4.pdf,official_daily_result_pdf
202408060408,2024,京都,6,4,8,2024-11-10,https://www.jra.go.jp/datafile/seiseki/report/2024/2024-6kyoto4.pdf,official_daily_result_pdf
202408060409,2024,京都,6,4,9,2024-11-10,https://www.jra.go.jp/datafile/seiseki/report/2024/2024-6kyoto4.pdf,official_daily_result_pdf
202408060410,2024,京都,6,4,10,2024-11-10,https://www.jra.go.jp/datafile/seiseki/report/2024/2024-6kyoto4.pdf,official_daily_result_pdf
202408060411,2024,京都,6,4,11,2024-11-10,https://www.jra.go.jp/datafile/seiseki/report/2024/2024-6kyoto4.pdf,official_daily_result_pdf
202408060412,2024,京都,6,4,12,2024-11-10,https://www.jra.go.jp/datafile/seiseki/report/2024/2024-6kyoto4.pdf,official_daily_result_pdf
202408060501,2024,京都,6,5,1,2024-11-16,https://www.jra.go.jp/datafile/seiseki/report/2024/2024-6kyoto5.pdf,official_daily_result_pdf
202408060502,2024,京都,6,5,2,2024-11-16,https://www.jra.go.jp/datafile/seiseki/report/2024/2024-6kyoto5.pdf,official_daily_result_pdf
202408060503,2024,京都,6,5,3,2024-11-16,https://www.jra.go.jp/datafile/seiseki/report/2024/2024-6kyoto5.pdf,official_daily_result_pdf
202408060504,2024,京都,6,5,4,2024-11-16,https://www.jra.go.jp/datafile/seiseki/report/2024/2024-6kyoto5.pdf,official_daily_result_pdf
202408060505,2024,京都,6,5,5,2024-11-16,https://www.jra.go.jp/datafile/seiseki/report/2024/2024-6kyoto5.pdf,official_daily_result_pdf
202408060506,2024,京都,6,5,6,2024-11-16,https://www.jra.go.jp/datafile/seiseki/report/2024/2024-6kyoto5.pdf,official_daily_result_pdf
202408060507,2024,京都,6,5,7,2024-11-16,https://www.jra.go.jp/datafile/seiseki/report/2024/2024-6kyoto5.pdf,official_daily_result_pdf
202408060508,2024,京都,6,5,8,2024-11-16,https://www.jra.go.jp/datafile/seiseki/report/2024/2024-6kyoto5.pdf,official_daily_result_pdf
202408060509,2024,京都,6,5,9,2024-11-16,https://www.jra.go.jp/datafile/seiseki/report/2024/2024-6kyoto5.pdf,official_daily_result_pdf
202408060510,2024,京都,6,5,10,2024-11-16,https://www.jra.go.jp/datafile/seiseki/report/2024/2024-6kyoto5.pdf,official_daily_result_pdf
202408060511,2024,京都,6,5,11,2024-11-16,https://www.jra.go.jp/datafile/seiseki/report/2024/2024-6kyoto5.pdf,official_daily_result_pdf
202408060512,2024,京都,6,5,12,2024-11-16,https://www.jra.go.jp/datafile/seiseki/report/2024/2024-6kyoto5.pdf,official_daily_result_pdf
202408060601,2024,京都,6,6,1,2024-11-17,https://www.jra.go.jp/datafile/seiseki/report/2024/2024-6kyoto6.pdf,official_daily_result_pdf
202408060602,2024,京都,6,6,2,2024-11-17,https://www.jra.go.jp/datafile/seiseki/report/2024/2024-6kyoto6.pdf,official_daily_result_pdf
202408060603,2024,京都,6,6,3,2024-11-17,https://www.jra.go.jp/datafile/seiseki/report/2024/2024-6kyoto6.pdf,official_daily_result_pdf
202408060604,2024,京都,6,6,4,2024-11-17,https://www.jra.go.jp/datafile/seiseki/report/2024/2024-6kyoto6.pdf,official_daily_result_pdf
202408060605,2024,京都,6,6,5,2024-11-17,https://www.jra.go.jp/datafile/seiseki/report/2024/2024-6kyoto6.pdf,official_daily_result_pdf
202408060606,2024,京都,6,6,6,2024-11-17,https://www.jra.go.jp/datafile/seiseki/report/2024/2024-6kyoto6.pdf,official_daily_result_pdf
202408060607,2024,京都,6,6,7,2024-11-17,https://www.jra.go.jp/datafile/seiseki/report/2024/2024-6kyoto6.pdf,official_daily_result_pdf
202408060608,2024,京都,6,6,8,2024-11-17,https://www.jra.go.jp/datafile/seiseki/report/2024/2024-6kyoto6.pdf,official_daily_result_pdf
202408060609,2024,京都,6,6,9,2024-11-17,https://www.jra.go.jp/datafile/seiseki/report/2024/2024-6kyoto6.pdf,official_daily_result_pdf
202408060610,2024,京都,6,6,10,2024-11-17,https://www.jra.go.jp/datafile/seiseki/report/2024/2024-6kyoto6.pdf,official_daily_result_pdf
202408060611,2024,京都,6,6,11,2024-11-17,https://www.jra.go.jp/datafile/seiseki/report/2024/2024-6kyoto6.pdf,official_daily_result_pdf
202408060612,2024,京都,6,6,12,2024-11-17,https://www.jra.go.jp/datafile/seiseki/report/2024/2024-6kyoto6.pdf,official_daily_result_pdf
202408060701,2024,京都,6,7,1,2024-11-23,https://www.jra.go.jp/datafile/seiseki/report/2024/2024-6kyoto7.pdf,official_daily_result_pdf
202408060702,2024,京都,6,7,2,2024-11-23,https://www.jra.go.jp/datafile/seiseki/report/2024/2024-6kyoto7.pdf,official_daily_result_pdf
202408060703,2024,京都,6,7,3,2024-11-23,https://www.jra.go.jp/datafile/seiseki/report/2024/2024-6kyoto7.pdf,official_daily_result_pdf
202408060704,2024,京都,6,7,4,2024-11-23,https://www.jra.go.jp/datafile/seiseki/report/2024/2024-6kyoto7.pdf,official_daily_result_pdf
202408060705,2024,京都,6,7,5,2024-11-23,https://www.jra.go.jp/datafile/seiseki/report/2024/2024-6kyoto7.pdf,official_daily_result_pdf
202408060706,2024,京都,6,7,6,2024-11-23,https://www.jra.go.jp/datafile/seiseki/report/2024/2024-6kyoto7.pdf,official_daily_result_pdf
202408060707,2024,京都,6,7,7,2024-11-23,https://www.jra.go.jp/datafile/seiseki/report/2024/2024-6kyoto7.pdf,official_daily_result_pdf
202408060708,2024,京都,6,7,8,2024-11-23,https://www.jra.go.jp/datafile/seiseki/report/2024/2024-6kyoto7.pdf,official_daily_result_pdf
202408060709,2024,京都,6,7,9,2024-11-23,https://www.jra.go.jp/datafile/seiseki/report/2024/2024-6kyoto7.pdf,official_daily_result_pdf
202408060710,2024,京都,6,7,10,2024-11-23,https://www.jra.go.jp/datafile/seiseki/report/2024/2024-6kyoto7.pdf,official_daily_result_pdf
202408060711,2024,京都,6,7,11,2024-11-23,https://www.jra.go.jp/datafile/seiseki/report/2024/2024-6kyoto7.pdf,official_daily_result_pdf
202408060712,2024,京都,6,7,12,2024-11-23,https://www.jra.go.jp/datafile/seiseki/report/2024/2024-6kyoto7.pdf,official_daily_result_pdf
202408060801,2024,京都,6,8,1,2024-11-24,https://www.jra.go.jp/datafile/seiseki/report/2024/2024-6kyoto8.pdf,official_daily_result_pdf
202408060802,2024,京都,6,8,2,2024-11-24,https://www.jra.go.jp/datafile/seiseki/report/2024/2024-6kyoto8.pdf,official_daily_result_pdf
202408060803,2024,京都,6,8,3,2024-11-24,https://www.jra.go.jp/datafile/seiseki/report/2024/2024-6kyoto8.pdf,official_daily_result_pdf
202408060804,2024,京都,6,8,4,2024-11-24,https://www.jra.go.jp/datafile/seiseki/report/2024/2024-6kyoto8.pdf,official_daily_result_pdf
202408060805,2024,京都,6,8,5,2024-11-24,https://www.jra.go.jp/datafile/seiseki/report/2024/2024-6kyoto8.pdf,official_daily_result_pdf
202408060806,2024,京都,6,8,6,2024-11-24,https://www.jra.go.jp/datafile/seiseki/report/2024/2024-6kyoto8.pdf,official_daily_result_pdf
202408060807,2024,京都,6,8,7,2024-11-24,https://www.jra.go.jp/datafile/seiseki/report/2024/2024-6kyoto8.pdf,official_daily_result_pdf
202408060808,2024,京都,6,8,8,2024-11-24,https://www.jra.go.jp/datafile/seiseki/report/2024/2024-6kyoto8.pdf,official_daily_result_pdf
202408060809,2024,京都,6,8,9,2024-11-24,https://www.jra.go.jp/datafile/seiseki/report/2024/2024-6kyoto8.pdf,official_daily_result_pdf
202408060810,2024,京都,6,8,10,2024-11-24,https://www.jra.go.jp/datafile/seiseki/report/2024/2024-6kyoto8.pdf,official_daily_result_pdf
202408060811,2024,京都,6,8,11,2024-11-24,https://www.jra.go.jp/datafile/seiseki/report/2024/2024-6kyoto8.pdf,official_daily_result_pdf
202408060812,2024,京都,6,8,12,2024-11-24,https://www.jra.go.jp/datafile/seiseki/report/2024/2024-6kyoto8.pdf,official_daily_result_pdf
202408070101,2024,京都,7,1,1,2024-11-30,https://www.jra.go.jp/datafile/seiseki/report/2024/2024-7kyoto1.pdf,official_daily_result_pdf
202408070102,2024,京都,7,1,2,2024-11-30,https://www.jra.go.jp/datafile/seiseki/report/2024/2024-7kyoto1.pdf,official_daily_result_pdf
202408070103,2024,京都,7,1,3,2024-11-30,https://www.jra.go.jp/datafile/seiseki/report/2024/2024-7kyoto1.pdf,official_daily_result_pdf
202408070104,2024,京都,7,1,4,2024-11-30,https://www.jra.go.jp/datafile/seiseki/report/2024/2024-7kyoto1.pdf,official_daily_result_pdf
202408070105,2024,京都,7,1,5,2024-11-30,https://www.jra.go.jp/datafile/seiseki/report/2024/2024-7kyoto1.pdf,official_daily_result_pdf
202408070106,2024,京都,7,1,6,2024-11-30,https://www.jra.go.jp/datafile/seiseki/report/2024/2024-7kyoto1.pdf,official_daily_result_pdf
202408070107,2024,京都,7,1,7,2024-11-30,https://www.jra.go.jp/datafile/seiseki/report/2024/2024-7kyoto1.pdf,official_daily_result_pdf
202408070108,2024,京都,7,1,8,2024-11-30,https://www.jra.go.jp/datafile/seiseki/report/2024/2024-7kyoto1.pdf,official_daily_result_pdf
202408070109,2024,京都,7,1,9,2024-11-30,https://www.jra.go.jp/datafile/seiseki/report/2024/2024-7kyoto1.pdf,official_daily_result_pdf
202408070110,2024,京都,7,1,10,2024-11-30,https://www.jra.go.jp/datafile/seiseki/report/2024/2024-7kyoto1.pdf,official_daily_result_pdf
202408070111,2024,京都,7,1,11,2024-11-30,https://www.jra.go.jp/datafile/seiseki/report/2024/2024-7kyoto1.pdf,official_daily_result_pdf
202408070112,2024,京都,7,1,12,2024-11-30,https://www.jra.go.jp/datafile/seiseki/report/2024/2024-7kyoto1.pdf,official_daily_result_pdf
202408070201,2024,京都,7,2,1,2024-12-01,https://www.jra.go.jp/datafile/seiseki/report/2024/2024-7kyoto2.pdf,official_daily_result_pdf
202408070202,2024,京都,7,2,2,2024-12-01,https://www.jra.go.jp/datafile/seiseki/report/2024/2024-7kyoto2.pdf,official_daily_result_pdf
202408070203,2024,京都,7,2,3,2024-12-01,https://www.jra.go.jp/datafile/seiseki/report/2024/2024-7kyoto2.pdf,official_daily_result_pdf
202408070204,2024,京都,7,2,4,2024-12-01,https://www.jra.go.jp/datafile/seiseki/report/2024/2024-7kyoto2.pdf,official_daily_result_pdf
202408070205,2024,京都,7,2,5,2024-12-01,https://www.jra.go.jp/datafile/seiseki/report/2024/2024-7kyoto2.pdf,official_daily_result_pdf
202408070206,2024,京都,7,2,6,2024-12-01,https://www.jra.go.jp/datafile/seiseki/report/2024/2024-7kyoto2.pdf,official_daily_result_pdf
202408070207,2024,京都,7,2,7,2024-12-01,https://www.jra.go.jp/datafile/seiseki/report/2024/2024-7kyoto2.pdf,official_daily_result_pdf
202408070208,2024,京都,7,2,8,2024-12-01,https://www.jra.go.jp/datafile/seiseki/report/2024/2024-7kyoto2.pdf,official_daily_result_pdf
202408070209,2024,京都,7,2,9,2024-12-01,https://www.jra.go.jp/datafile/seiseki/report/2024/2024-7kyoto2.pdf,official_daily_result_pdf
202408070210,2024,京都,7,2,10,2024-12-01,https://www.jra.go.jp/datafile/seiseki/report/2024/2024-7kyoto2.pdf,official_daily_result_pdf
202408070211,2024,京都,7,2,11,2024-12-01,https://www.jra.go.jp/datafile/seiseki/report/2024/2024-7kyoto2.pdf,official_daily_result_pdf
202408070212,2024,京都,7,2,12,2024-12-01,https://www.jra.go.jp/datafile/seiseki/report/2024/2024-7kyoto2.pdf,official_daily_result_pdf
202408070301,2024,京都,7,3,1,2024-12-07,https://www.jra.go.jp/datafile/seiseki/report/2024/2024-7kyoto3.pdf,official_daily_result_pdf
202408070302,2024,京都,7,3,2,2024-12-07,https://www.jra.go.jp/datafile/seiseki/report/2024/2024-7kyoto3.pdf,official_daily_result_pdf
202408070303,2024,京都,7,3,3,2024-12-07,https://www.jra.go.jp/datafile/seiseki/report/2024/2024-7kyoto3.pdf,official_daily_result_pdf
202408070304,2024,京都,7,3,4,2024-12-07,https://www.jra.go.jp/datafile/seiseki/report/2024/2024-7kyoto3.pdf,official_daily_result_pdf
202408070305,2024,京都,7,3,5,2024-12-07,https://www.jra.go.jp/datafile/seiseki/report/2024/2024-7kyoto3.pdf,official_daily_result_pdf
202408070306,2024,京都,7,3,6,2024-12-07,https://www.jra.go.jp/datafile/seiseki/report/2024/2024-7kyoto3.pdf,official_daily_result_pdf
202408070307,2024,京都,7,3,7,2024-12-07,https://www.jra.go.jp/datafile/seiseki/report/2024/2024-7kyoto3.pdf,official_daily_result_pdf
202408070308,2024,京都,7,3,8,2024-12-07,https://www.jra.go.jp/datafile/seiseki/report/2024/2024-7kyoto3.pdf,official_daily_result_pdf
202408070309,2024,京都,7,3,9,2024-12-07,https://www.jra.go.jp/datafile/seiseki/report/2024/2024-7kyoto3.pdf,official_daily_result_pdf
202408070310,2024,京都,7,3,10,2024-12-07,https://www.jra.go.jp/datafile/seiseki/report/2024/2024-7kyoto3.pdf,official_daily_result_pdf
202408070311,2024,京都,7,3,11,2024-12-07,https://www.jra.go.jp/datafile/seiseki/report/2024/2024-7kyoto3.pdf,official_daily_result_pdf
202408070312,2024,京都,7,3,12,2024-12-07,https://www.jra.go.jp/datafile/seiseki/report/2024/2024-7kyoto3.pdf,official_daily_result_pdf
202408070401,2024,京都,7,4,1,2024-12-08,https://www.jra.go.jp/datafile/seiseki/report/2024/2024-7kyoto4.pdf,official_daily_result_pdf
202408070402,2024,京都,7,4,2,2024-12-08,https://www.jra.go.jp/datafile/seiseki/report/2024/2024-7kyoto4.pdf,official_daily_result_pdf
202408070403,2024,京都,7,4,3,2024-12-08,https://www.jra.go.jp/datafile/seiseki/report/2024/2024-7kyoto4.pdf,official_daily_result_pdf
202408070404,2024,京都,7,4,4,2024-12-08,https://www.jra.go.jp/datafile/seiseki/report/2024/2024-7kyoto4.pdf,official_daily_result_pdf
202408070405,2024,京都,7,4,5,2024-12-08,https://www.jra.go.jp/datafile/seiseki/report/2024/2024-7kyoto4.pdf,official_daily_result_pdf
202408070406,2024,京都,7,4,6,2024-12-08,https://www.jra.go.jp/datafile/seiseki/report/2024/2024-7kyoto4.pdf,official_daily_result_pdf
202408070407,2024,京都,7,4,7,2024-12-08,https://www.jra.go.jp/datafile/seiseki/report/2024/2024-7kyoto4.pdf,official_daily_result_pdf
202408070408,2024,京都,7,4,8,2024-12-08,https://www.jra.go.jp/datafile/seiseki/report/2024/2024-7kyoto4.pdf,official_daily_result_pdf
202408070409,2024,京都,7,4,9,2024-12-08,https://www.jra.go.jp/datafile/seiseki/report/2024/2024-7kyoto4.pdf,official_daily_result_pdf
202408070410,2024,京都,7,4,10,2024-12-08,https://www.jra.go.jp/datafile/seiseki/report/2024/2024-7kyoto4.pdf,official_daily_result_pdf
202408070411,2024,京都,7,4,11,2024-12-08,https://www.jra.go.jp/datafile/seiseki/report/2024/2024-7kyoto4.pdf,official_daily_result_pdf
202408070412,2024,京都,7,4,12,2024-12-08,https://www.jra.go.jp/datafile/seiseki/report/2024/2024-7kyoto4.pdf,official_daily_result_pdf
202408070501,2024,京都,7,5,1,2024-12-14,https://www.jra.go.jp/datafile/seiseki/report/2024/2024-7kyoto5.pdf,official_daily_result_pdf
202408070502,2024,京都,7,5,2,2024-12-14,https://www.jra.go.jp/datafile/seiseki/report/2024/2024-7kyoto5.pdf,official_daily_result_pdf
202408070503,2024,京都,7,5,3,2024-12-14,https://www.jra.go.jp/datafile/seiseki/report/2024/2024-7kyoto5.pdf,official_daily_result_pdf
202408070504,2024,京都,7,5,4,2024-12-14,https://www.jra.go.jp/datafile/seiseki/report/2024/2024-7kyoto5.pdf,official_daily_result_pdf
202408070505,2024,京都,7,5,5,2024-12-14,https://www.jra.go.jp/datafile/seiseki/report/2024/2024-7kyoto5.pdf,official_daily_result_pdf
202408070506,2024,京都,7,5,6,2024-12-14,https://www.jra.go.jp/datafile/seiseki/report/2024/2024-7kyoto5.pdf,official_daily_result_pdf
202408070507,2024,京都,7,5,7,2024-12-14,https://www.jra.go.jp/datafile/seiseki/report/2024/2024-7kyoto5.pdf,official_daily_result_pdf
202408070508,2024,京都,7,5,8,2024-12-14,https://www.jra.go.jp/datafile/seiseki/report/2024/2024-7kyoto5.pdf,official_daily_result_pdf
202408070509,2024,京都,7,5,9,2024-12-14,https://www.jra.go.jp/datafile/seiseki/report/2024/2024-7kyoto5.pdf,official_daily_result_pdf
202408070510,2024,京都,7,5,10,2024-12-14,https://www.jra.go.jp/datafile/seiseki/report/2024/2024-7kyoto5.pdf,official_daily_result_pdf
202408070511,2024,京都,7,5,11,2024-12-14,https://www.jra.go.jp/datafile/seiseki/report/2024/2024-7kyoto5.pdf,official_daily_result_pdf
202408070512,2024,京都,7,5,12,2024-12-14,https://www.jra.go.jp/datafile/seiseki/report/2024/2024-7kyoto5.pdf,official_daily_result_pdf
202408070601,2024,京都,7,6,1,2024-12-15,https://www.jra.go.jp/datafile/seiseki/report/2024/2024-7kyoto6.pdf,official_daily_result_pdf
202408070602,2024,京都,7,6,2,2024-12-15,https://www.jra.go.jp/datafile/seiseki/report/2024/2024-7kyoto6.pdf,official_daily_result_pdf
202408070603,2024,京都,7,6,3,2024-12-15,https://www.jra.go.jp/datafile/seiseki/report/2024/2024-7kyoto6.pdf,official_daily_result_pdf
202408070604,2024,京都,7,6,4,2024-12-15,https://www.jra.go.jp/datafile/seiseki/report/2024/2024-7kyoto6.pdf,official_daily_result_pdf
202408070605,2024,京都,7,6,5,2024-12-15,https://www.jra.go.jp/datafile/seiseki/report/2024/2024-7kyoto6.pdf,official_daily_result_pdf
202408070606,2024,京都,7,6,6,2024-12-15,https://www.jra.go.jp/datafile/seiseki/report/2024/2024-7kyoto6.pdf,official_daily_result_pdf
202408070607,2024,京都,7,6,7,2024-12-15,https://www.jra.go.jp/datafile/seiseki/report/2024/2024-7kyoto6.pdf,official_daily_result_pdf
202408070608,2024,京都,7,6,8,2024-12-15,https://www.jra.go.jp/datafile/seiseki/report/2024/2024-7kyoto6.pdf,official_daily_result_pdf
202408070609,2024,京都,7,6,9,2024-12-15,https://www.jra.go.jp/datafile/seiseki/report/2024/2024-7kyoto6.pdf,official_daily_result_pdf
202408070610,2024,京都,7,6,10,2024-12-15,https://www.jra.go.jp/datafile/seiseki/report/2024/2024-7kyoto6.pdf,official_daily_result_pdf
202408070611,2024,京都,7,6,11,2024-12-15,https://www.jra.go.jp/datafile/seiseki/report/2024/2024-7kyoto6.pdf,official_daily_result_pdf
202408070612,2024,京都,7,6,12,2024-12-15,https://www.jra.go.jp/datafile/seiseki/report/2024/2024-7kyoto6.pdf,official_daily_result_pdf
202408070701,2024,京都,7,7,1,2024-12-21,https://www.jra.go.jp/datafile/seiseki/report/2024/2024-7kyoto7.pdf,official_daily_result_pdf
202408070702,2024,京都,7,7,2,2024-12-21,https://www.jra.go.jp/datafile/seiseki/report/2024/2024-7kyoto7.pdf,official_daily_result_pdf
202408070703,2024,京都,7,7,3,2024-12-21,https://www.jra.go.jp/datafile/seiseki/report/2024/2024-7kyoto7.pdf,official_daily_result_pdf
202408070704,2024,京都,7,7,4,2024-12-21,https://www.jra.go.jp/datafile/seiseki/report/2024/2024-7kyoto7.pdf,official_daily_result_pdf
202408070705,2024,京都,7,7,5,2024-12-21,https://www.jra.go.jp/datafile/seiseki/report/2024/2024-7kyoto7.pdf,official_daily_result_pdf
202408070706,2024,京都,7,7,6,2024-12-21,https://www.jra.go.jp/datafile/seiseki/report/2024/2024-7kyoto7.pdf,official_daily_result_pdf
202408070707,2024,京都,7,7,7,2024-12-21,https://www.jra.go.jp/datafile/seiseki/report/2024/2024-7kyoto7.pdf,official_daily_result_pdf
202408070708,2024,京都,7,7,8,2024-12-21,https://www.jra.go.jp/datafile/seiseki/report/2024/2024-7kyoto7.pdf,official_daily_result_pdf
202408070709,2024,京都,7,7,9,2024-12-21,https://www.jra.go.jp/datafile/seiseki/report/2024/2024-7kyoto7.pdf,official_daily_result_pdf
202408070710,2024,京都,7,7,10,2024-12-21,https://www.jra.go.jp/datafile/seiseki/report/2024/2024-7kyoto7.pdf,official_daily_result_pdf
202408070711,2024,京都,7,7,11,2024-12-21,https://www.jra.go.jp/datafile/seiseki/report/2024/2024-7kyoto7.pdf,official_daily_result_pdf
202408070712,2024,京都,7,7,12,2024-12-21,https://www.jra.go.jp/datafile/seiseki/report/2024/2024-7kyoto7.pdf,official_daily_result_pdf
202408070801,2024,京都,7,8,1,2024-12-22,https://www.jra.go.jp/datafile/seiseki/report/2024/2024-7kyoto8.pdf,official_daily_result_pdf
202408070802,2024,京都,7,8,2,2024-12-22,https://www.jra.go.jp/datafile/seiseki/report/2024/2024-7kyoto8.pdf,official_daily_result_pdf
202408070803,2024,京都,7,8,3,2024-12-22,https://www.jra.go.jp/datafile/seiseki/report/2024/2024-7kyoto8.pdf,official_daily_result_pdf
202408070804,2024,京都,7,8,4,2024-12-22,https://www.jra.go.jp/datafile/seiseki/report/2024/2024-7kyoto8.pdf,official_daily_result_pdf
202408070805,2024,京都,7,8,5,2024-12-22,https://www.jra.go.jp/datafile/seiseki/report/2024/2024-7kyoto8.pdf,official_daily_result_pdf
202408070806,2024,京都,7,8,6,2024-12-22,https://www.jra.go.jp/datafile/seiseki/report/2024/2024-7kyoto8.pdf,official_daily_result_pdf
202408070807,2024,京都,7,8,7,2024-12-22,https://www.jra.go.jp/datafile/seiseki/report/2024/2024-7kyoto8.pdf,official_daily_result_pdf
202408070808,2024,京都,7,8,8,2024-12-22,https://www.jra.go.jp/datafile/seiseki/report/2024/2024-7kyoto8.pdf,official_daily_result_pdf
202408070809,2024,京都,7,8,9,2024-12-22,https://www.jra.go.jp/datafile/seiseki/report/2024/2024-7kyoto8.pdf,official_daily_result_pdf
202408070810,2024,京都,7,8,10,2024-12-22,https://www.jra.go.jp/datafile/seiseki/report/2024/2024-7kyoto8.pdf,official_daily_result_pdf
202408070811,2024,京都,7,8,11,2024-12-22,https://www.jra.go.jp/datafile/seiseki/report/2024/2024-7kyoto8.pdf,official_daily_result_pdf
202408070812,2024,京都,7,8,12,2024-12-22,https://www.jra.go.jp/datafile/seiseki/report/2024/2024-7kyoto8.pdf,official_daily_result_pdf
202408070901,2024,京都,7,9,1,2024-12-28,https://www.jra.go.jp/datafile/seiseki/report/2024/2024-7kyoto9.pdf,official_daily_result_pdf
202408070902,2024,京都,7,9,2,2024-12-28,https://www.jra.go.jp/datafile/seiseki/report/2024/2024-7kyoto9.pdf,official_daily_result_pdf
202408070903,2024,京都,7,9,3,2024-12-28,https://www.jra.go.jp/datafile/seiseki/report/2024/2024-7kyoto9.pdf,official_daily_result_pdf
202408070904,2024,京都,7,9,4,2024-12-28,https://www.jra.go.jp/datafile/seiseki/report/2024/2024-7kyoto9.pdf,official_daily_result_pdf
202408070905,2024,京都,7,9,5,2024-12-28,https://www.jra.go.jp/datafile/seiseki/report/2024/2024-7kyoto9.pdf,official_daily_result_pdf
202408070906,2024,京都,7,9,6,2024-12-28,https://www.jra.go.jp/datafile/seiseki/report/2024/2024-7kyoto9.pdf,official_daily_result_pdf
202408070907,2024,京都,7,9,7,2024-12-28,https://www.jra.go.jp/datafile/seiseki/report/2024/2024-7kyoto9.pdf,official_daily_result_pdf
202408070908,2024,京都,7,9,8,2024-12-28,https://www.jra.go.jp/datafile/seiseki/report/2024/2024-7kyoto9.pdf,official_daily_result_pdf
202408070909,2024,京都,7,9,9,2024-12-28,https://www.jra.go.jp/datafile/seiseki/report/2024/2024-7kyoto9.pdf,official_daily_result_pdf
202408070910,2024,京都,7,9,10,2024-12-28,https://www.jra.go.jp/datafile/seiseki/report/2024/2024-7kyoto9.pdf,official_daily_result_pdf
202408070911,2024,京都,7,9,11,2024-12-28,https://www.jra.go.jp/datafile/seiseki/report/2024/2024-7kyoto9.pdf,official_daily_result_pdf
202408070912,2024,京都,7,9,12,2024-12-28,https://www.jra.go.jp/datafile/seiseki/report/2024/2024-7kyoto9.pdf,official_daily_result_pdf
202409010101,2024,阪神,1,1,1,2024-02-24,https://www.jra.go.jp/datafile/seiseki/report/2024/2024-1hanshin1.pdf,official_daily_result_pdf
202409010102,2024,阪神,1,1,2,2024-02-24,https://www.jra.go.jp/datafile/seiseki/report/2024/2024-1hanshin1.pdf,official_daily_result_pdf
202409010103,2024,阪神,1,1,3,2024-02-24,https://www.jra.go.jp/datafile/seiseki/report/2024/2024-1hanshin1.pdf,official_daily_result_pdf
202409010104,2024,阪神,1,1,4,2024-02-24,https://www.jra.go.jp/datafile/seiseki/report/2024/2024-1hanshin1.pdf,official_daily_result_pdf
202409010105,2024,阪神,1,1,5,2024-02-24,https://www.jra.go.jp/datafile/seiseki/report/2024/2024-1hanshin1.pdf,official_daily_result_pdf
202409010106,2024,阪神,1,1,6,2024-02-24,https://www.jra.go.jp/datafile/seiseki/report/2024/2024-1hanshin1.pdf,official_daily_result_pdf
202409010107,2024,阪神,1,1,7,2024-02-24,https://www.jra.go.jp/datafile/seiseki/report/2024/2024-1hanshin1.pdf,official_daily_result_pdf
202409010108,2024,阪神,1,1,8,2024-02-24,https://www.jra.go.jp/datafile/seiseki/report/2024/2024-1hanshin1.pdf,official_daily_result_pdf
202409010109,2024,阪神,1,1,9,2024-02-24,https://www.jra.go.jp/datafile/seiseki/report/2024/2024-1hanshin1.pdf,official_daily_result_pdf
202409010110,2024,阪神,1,1,10,2024-02-24,https://www.jra.go.jp/datafile/seiseki/report/2024/2024-1hanshin1.pdf,official_daily_result_pdf
202409010111,2024,阪神,1,1,11,2024-02-24,https://www.jra.go.jp/datafile/seiseki/report/2024/2024-1hanshin1.pdf,official_daily_result_pdf
202409010112,2024,阪神,1,1,12,2024-02-24,https://www.jra.go.jp/datafile/seiseki/report/2024/2024-1hanshin1.pdf,official_daily_result_pdf
202409010201,2024,阪神,1,2,1,2024-02-25,https://www.jra.go.jp/datafile/seiseki/report/2024/2024-1hanshin2.pdf,official_daily_result_pdf
202409010202,2024,阪神,1,2,2,2024-02-25,https://www.jra.go.jp/datafile/seiseki/report/2024/2024-1hanshin2.pdf,official_daily_result_pdf
202409010203,2024,阪神,1,2,3,2024-02-25,https://www.jra.go.jp/datafile/seiseki/report/2024/2024-1hanshin2.pdf,official_daily_result_pdf
202409010204,2024,阪神,1,2,4,2024-02-25,https://www.jra.go.jp/datafile/seiseki/report/2024/2024-1hanshin2.pdf,official_daily_result_pdf
202409010205,2024,阪神,1,2,5,2024-02-25,https://www.jra.go.jp/datafile/seiseki/report/2024/2024-1hanshin2.pdf,official_daily_result_pdf
202409010206,2024,阪神,1,2,6,2024-02-25,https://www.jra.go.jp/datafile/seiseki/report/2024/2024-1hanshin2.pdf,official_daily_result_pdf
202409010207,2024,阪神,1,2,7,2024-02-25,https://www.jra.go.jp/datafile/seiseki/report/2024/2024-1hanshin2.pdf,official_daily_result_pdf
202409010208,2024,阪神,1,2,8,2024-02-25,https://www.jra.go.jp/datafile/seiseki/report/2024/2024-1hanshin2.pdf,official_daily_result_pdf
202409010209,2024,阪神,1,2,9,2024-02-25,https://www.jra.go.jp/datafile/seiseki/report/2024/2024-1hanshin2.pdf,official_daily_result_pdf
202409010210,2024,阪神,1,2,10,2024-02-25,https://www.jra.go.jp/datafile/seiseki/report/2024/2024-1hanshin2.pdf,official_daily_result_pdf
202409010211,2024,阪神,1,2,11,2024-02-25,https://www.jra.go.jp/datafile/seiseki/report/2024/2024-1hanshin2.pdf,official_daily_result_pdf
202409010212,2024,阪神,1,2,12,2024-02-25,https://www.jra.go.jp/datafile/seiseki/report/2024/2024-1hanshin2.pdf,official_daily_result_pdf
202409010301,2024,阪神,1,3,1,2024-03-02,https://www.jra.go.jp/datafile/seiseki/report/2024/2024-1hanshin3.pdf,official_daily_result_pdf
202409010302,2024,阪神,1,3,2,2024-03-02,https://www.jra.go.jp/datafile/seiseki/report/2024/2024-1hanshin3.pdf,official_daily_result_pdf
202409010303,2024,阪神,1,3,3,2024-03-02,https://www.jra.go.jp/datafile/seiseki/report/2024/2024-1hanshin3.pdf,official_daily_result_pdf
202409010304,2024,阪神,1,3,4,2024-03-02,https://www.jra.go.jp/datafile/seiseki/report/2024/2024-1hanshin3.pdf,official_daily_result_pdf
202409010305,2024,阪神,1,3,5,2024-03-02,https://www.jra.go.jp/datafile/seiseki/report/2024/2024-1hanshin3.pdf,official_daily_result_pdf
202409010306,2024,阪神,1,3,6,2024-03-02,https://www.jra.go.jp/datafile/seiseki/report/2024/2024-1hanshin3.pdf,official_daily_result_pdf
202409010307,2024,阪神,1,3,7,2024-03-02,https://www.jra.go.jp/datafile/seiseki/report/2024/2024-1hanshin3.pdf,official_daily_result_pdf
202409010308,2024,阪神,1,3,8,2024-03-02,https://www.jra.go.jp/datafile/seiseki/report/2024/2024-1hanshin3.pdf,official_daily_result_pdf
202409010309,2024,阪神,1,3,9,2024-03-02,https://www.jra.go.jp/datafile/seiseki/report/2024/2024-1hanshin3.pdf,official_daily_result_pdf
202409010310,2024,阪神,1,3,10,2024-03-02,https://www.jra.go.jp/datafile/seiseki/report/2024/2024-1hanshin3.pdf,official_daily_result_pdf
202409010311,2024,阪神,1,3,11,2024-03-02,https://www.jra.go.jp/datafile/seiseki/report/2024/2024-1hanshin3.pdf,official_daily_result_pdf
202409010312,2024,阪神,1,3,12,2024-03-02,https://www.jra.go.jp/datafile/seiseki/report/2024/2024-1hanshin3.pdf,official_daily_result_pdf
202409010401,2024,阪神,1,4,1,2024-03-03,https://www.jra.go.jp/datafile/seiseki/report/2024/2024-1hanshin4.pdf,official_daily_result_pdf
202409010402,2024,阪神,1,4,2,2024-03-03,https://www.jra.go.jp/datafile/seiseki/report/2024/2024-1hanshin4.pdf,official_daily_result_pdf
202409010403,2024,阪神,1,4,3,2024-03-03,https://www.jra.go.jp/datafile/seiseki/report/2024/2024-1hanshin4.pdf,official_daily_result_pdf
202409010404,2024,阪神,1,4,4,2024-03-03,https://www.jra.go.jp/datafile/seiseki/report/2024/2024-1hanshin4.pdf,official_daily_result_pdf
202409010405,2024,阪神,1,4,5,2024-03-03,https://www.jra.go.jp/datafile/seiseki/report/2024/2024-1hanshin4.pdf,official_daily_result_pdf
202409010406,2024,阪神,1,4,6,2024-03-03,https://www.jra.go.jp/datafile/seiseki/report/2024/2024-1hanshin4.pdf,official_daily_result_pdf
202409010407,2024,阪神,1,4,7,2024-03-03,https://www.jra.go.jp/datafile/seiseki/report/2024/2024-1hanshin4.pdf,official_daily_result_pdf
202409010408,2024,阪神,1,4,8,2024-03-03,https://www.jra.go.jp/datafile/seiseki/report/2024/2024-1hanshin4.pdf,official_daily_result_pdf
202409010409,2024,阪神,1,4,9,2024-03-03,https://www.jra.go.jp/datafile/seiseki/report/2024/2024-1hanshin4.pdf,official_daily_result_pdf
202409010410,2024,阪神,1,4,10,2024-03-03,https://www.jra.go.jp/datafile/seiseki/report/2024/2024-1hanshin4.pdf,official_daily_result_pdf
202409010411,2024,阪神,1,4,11,2024-03-03,https://www.jra.go.jp/datafile/seiseki/report/2024/2024-1hanshin4.pdf,official_daily_result_pdf
202409010412,2024,阪神,1,4,12,2024-03-03,https://www.jra.go.jp/datafile/seiseki/report/2024/2024-1hanshin4.pdf,official_daily_result_pdf
202409010501,2024,阪神,1,5,1,2024-03-09,https://www.jra.go.jp/datafile/seiseki/report/2024/2024-1hanshin5.pdf,official_daily_result_pdf
202409010502,2024,阪神,1,5,2,2024-03-09,https://www.jra.go.jp/datafile/seiseki/report/2024/2024-1hanshin5.pdf,official_daily_result_pdf
202409010503,2024,阪神,1,5,3,2024-03-09,https://www.jra.go.jp/datafile/seiseki/report/2024/2024-1hanshin5.pdf,official_daily_result_pdf
202409010504,2024,阪神,1,5,4,2024-03-09,https://www.jra.go.jp/datafile/seiseki/report/2024/2024-1hanshin5.pdf,official_daily_result_pdf
202409010505,2024,阪神,1,5,5,2024-03-09,https://www.jra.go.jp/datafile/seiseki/report/2024/2024-1hanshin5.pdf,official_daily_result_pdf
202409010506,2024,阪神,1,5,6,2024-03-09,https://www.jra.go.jp/datafile/seiseki/report/2024/2024-1hanshin5.pdf,official_daily_result_pdf
202409010507,2024,阪神,1,5,7,2024-03-09,https://www.jra.go.jp/datafile/seiseki/report/2024/2024-1hanshin5.pdf,official_daily_result_pdf
202409010508,2024,阪神,1,5,8,2024-03-09,https://www.jra.go.jp/datafile/seiseki/report/2024/2024-1hanshin5.pdf,official_daily_result_pdf
202409010509,2024,阪神,1,5,9,2024-03-09,https://www.jra.go.jp/datafile/seiseki/report/2024/2024-1hanshin5.pdf,official_daily_result_pdf
202409010510,2024,阪神,1,5,10,2024-03-09,https://www.jra.go.jp/datafile/seiseki/report/2024/2024-1hanshin5.pdf,official_daily_result_pdf
202409010511,2024,阪神,1,5,11,2024-03-09,https://www.jra.go.jp/datafile/seiseki/report/2024/2024-1hanshin5.pdf,official_daily_result_pdf
202409010512,2024,阪神,1,5,12,2024-03-09,https://www.jra.go.jp/datafile/seiseki/report/2024/2024-1hanshin5.pdf,official_daily_result_pdf
202409010601,2024,阪神,1,6,1,2024-03-10,https://www.jra.go.jp/datafile/seiseki/report/2024/2024-1hanshin6.pdf,official_daily_result_pdf
202409010602,2024,阪神,1,6,2,2024-03-10,https://www.jra.go.jp/datafile/seiseki/report/2024/2024-1hanshin6.pdf,official_daily_result_pdf
202409010603,2024,阪神,1,6,3,2024-03-10,https://www.jra.go.jp/datafile/seiseki/report/2024/2024-1hanshin6.pdf,official_daily_result_pdf
202409010604,2024,阪神,1,6,4,2024-03-10,https://www.jra.go.jp/datafile/seiseki/report/2024/2024-1hanshin6.pdf,official_daily_result_pdf
202409010605,2024,阪神,1,6,5,2024-03-10,https://www.jra.go.jp/datafile/seiseki/report/2024/2024-1hanshin6.pdf,official_daily_result_pdf
202409010606,2024,阪神,1,6,6,2024-03-10,https://www.jra.go.jp/datafile/seiseki/report/2024/2024-1hanshin6.pdf,official_daily_result_pdf
202409010607,2024,阪神,1,6,7,2024-03-10,https://www.jra.go.jp/datafile/seiseki/report/2024/2024-1hanshin6.pdf,official_daily_result_pdf
202409010608,2024,阪神,1,6,8,2024-03-10,https://www.jra.go.jp/datafile/seiseki/report/2024/2024-1hanshin6.pdf,official_daily_result_pdf
202409010609,2024,阪神,1,6,9,2024-03-10,https://www.jra.go.jp/datafile/seiseki/report/2024/2024-1hanshin6.pdf,official_daily_result_pdf
202409010610,2024,阪神,1,6,10,2024-03-10,https://www.jra.go.jp/datafile/seiseki/report/2024/2024-1hanshin6.pdf,official_daily_result_pdf
202409010611,2024,阪神,1,6,11,2024-03-10,https://www.jra.go.jp/datafile/seiseki/report/2024/2024-1hanshin6.pdf,official_daily_result_pdf
202409010612,2024,阪神,1,6,12,2024-03-10,https://www.jra.go.jp/datafile/seiseki/report/2024/2024-1hanshin6.pdf,official_daily_result_pdf
202409010701,2024,阪神,1,7,1,2024-03-16,https://www.jra.go.jp/datafile/seiseki/report/2024/2024-1hanshin7.pdf,official_daily_result_pdf
202409010702,2024,阪神,1,7,2,2024-03-16,https://www.jra.go.jp/datafile/seiseki/report/2024/2024-1hanshin7.pdf,official_daily_result_pdf
202409010703,2024,阪神,1,7,3,2024-03-16,https://www.jra.go.jp/datafile/seiseki/report/2024/2024-1hanshin7.pdf,official_daily_result_pdf
202409010704,2024,阪神,1,7,4,2024-03-16,https://www.jra.go.jp/datafile/seiseki/report/2024/2024-1hanshin7.pdf,official_daily_result_pdf
202409010705,2024,阪神,1,7,5,2024-03-16,https://www.jra.go.jp/datafile/seiseki/report/2024/2024-1hanshin7.pdf,official_daily_result_pdf
202409010706,2024,阪神,1,7,6,2024-03-16,https://www.jra.go.jp/datafile/seiseki/report/2024/2024-1hanshin7.pdf,official_daily_result_pdf
202409010707,2024,阪神,1,7,7,2024-03-16,https://www.jra.go.jp/datafile/seiseki/report/2024/2024-1hanshin7.pdf,official_daily_result_pdf
202409010708,2024,阪神,1,7,8,2024-03-16,https://www.jra.go.jp/datafile/seiseki/report/2024/2024-1hanshin7.pdf,official_daily_result_pdf
202409010709,2024,阪神,1,7,9,2024-03-16,https://www.jra.go.jp/datafile/seiseki/report/2024/2024-1hanshin7.pdf,official_daily_result_pdf
202409010710,2024,阪神,1,7,10,2024-03-16,https://www.jra.go.jp/datafile/seiseki/report/2024/2024-1hanshin7.pdf,official_daily_result_pdf
202409010711,2024,阪神,1,7,11,2024-03-16,https://www.jra.go.jp/datafile/seiseki/report/2024/2024-1hanshin7.pdf,official_daily_result_pdf
202409010712,2024,阪神,1,7,12,2024-03-16,https://www.jra.go.jp/datafile/seiseki/report/2024/2024-1hanshin7.pdf,official_daily_result_pdf
202409010801,2024,阪神,1,8,1,2024-03-17,https://www.jra.go.jp/datafile/seiseki/report/2024/2024-1hanshin8.pdf,official_daily_result_pdf
202409010802,2024,阪神,1,8,2,2024-03-17,https://www.jra.go.jp/datafile/seiseki/report/2024/2024-1hanshin8.pdf,official_daily_result_pdf
202409010803,2024,阪神,1,8,3,2024-03-17,https://www.jra.go.jp/datafile/seiseki/report/2024/2024-1hanshin8.pdf,official_daily_result_pdf
202409010804,2024,阪神,1,8,4,2024-03-17,https://www.jra.go.jp/datafile/seiseki/report/2024/2024-1hanshin8.pdf,official_daily_result_pdf
202409010805,2024,阪神,1,8,5,2024-03-17,https://www.jra.go.jp/datafile/seiseki/report/2024/2024-1hanshin8.pdf,official_daily_result_pdf
202409010806,2024,阪神,1,8,6,2024-03-17,https://www.jra.go.jp/datafile/seiseki/report/2024/2024-1hanshin8.pdf,official_daily_result_pdf
202409010807,2024,阪神,1,8,7,2024-03-17,https://www.jra.go.jp/datafile/seiseki/report/2024/2024-1hanshin8.pdf,official_daily_result_pdf
202409010808,2024,阪神,1,8,8,2024-03-17,https://www.jra.go.jp/datafile/seiseki/report/2024/2024-1hanshin8.pdf,official_daily_result_pdf
202409010809,2024,阪神,1,8,9,2024-03-17,https://www.jra.go.jp/datafile/seiseki/report/2024/2024-1hanshin8.pdf,official_daily_result_pdf
202409010810,2024,阪神,1,8,10,2024-03-17,https://www.jra.go.jp/datafile/seiseki/report/2024/2024-1hanshin8.pdf,official_daily_result_pdf
202409010811,2024,阪神,1,8,11,2024-03-17,https://www.jra.go.jp/datafile/seiseki/report/2024/2024-1hanshin8.pdf,official_daily_result_pdf
202409010812,2024,阪神,1,8,12,2024-03-17,https://www.jra.go.jp/datafile/seiseki/report/2024/2024-1hanshin8.pdf,official_daily_result_pdf
202409020101,2024,阪神,2,1,1,2024-03-23,https://www.jra.go.jp/datafile/seiseki/report/2024/2024-2hanshin1.pdf,official_daily_result_pdf
202409020102,2024,阪神,2,1,2,2024-03-23,https://www.jra.go.jp/datafile/seiseki/report/2024/2024-2hanshin1.pdf,official_daily_result_pdf
202409020103,2024,阪神,2,1,3,2024-03-23,https://www.jra.go.jp/datafile/seiseki/report/2024/2024-2hanshin1.pdf,official_daily_result_pdf
202409020104,2024,阪神,2,1,4,2024-03-23,https://www.jra.go.jp/datafile/seiseki/report/2024/2024-2hanshin1.pdf,official_daily_result_pdf
202409020105,2024,阪神,2,1,5,2024-03-23,https://www.jra.go.jp/datafile/seiseki/report/2024/2024-2hanshin1.pdf,official_daily_result_pdf
202409020106,2024,阪神,2,1,6,2024-03-23,https://www.jra.go.jp/datafile/seiseki/report/2024/2024-2hanshin1.pdf,official_daily_result_pdf
202409020107,2024,阪神,2,1,7,2024-03-23,https://www.jra.go.jp/datafile/seiseki/report/2024/2024-2hanshin1.pdf,official_daily_result_pdf
202409020108,2024,阪神,2,1,8,2024-03-23,https://www.jra.go.jp/datafile/seiseki/report/2024/2024-2hanshin1.pdf,official_daily_result_pdf
202409020109,2024,阪神,2,1,9,2024-03-23,https://www.jra.go.jp/datafile/seiseki/report/2024/2024-2hanshin1.pdf,official_daily_result_pdf
202409020110,2024,阪神,2,1,10,2024-03-23,https://www.jra.go.jp/datafile/seiseki/report/2024/2024-2hanshin1.pdf,official_daily_result_pdf
202409020111,2024,阪神,2,1,11,2024-03-23,https://www.jra.go.jp/datafile/seiseki/report/2024/2024-2hanshin1.pdf,official_daily_result_pdf
202409020112,2024,阪神,2,1,12,2024-03-23,https://www.jra.go.jp/datafile/seiseki/report/2024/2024-2hanshin1.pdf,official_daily_result_pdf
202409020201,2024,阪神,2,2,1,2024-03-24,https://www.jra.go.jp/datafile/seiseki/report/2024/2024-2hanshin2.pdf,official_daily_result_pdf
202409020202,2024,阪神,2,2,2,2024-03-24,https://www.jra.go.jp/datafile/seiseki/report/2024/2024-2hanshin2.pdf,official_daily_result_pdf
202409020203,2024,阪神,2,2,3,2024-03-24,https://www.jra.go.jp/datafile/seiseki/report/2024/2024-2hanshin2.pdf,official_daily_result_pdf
202409020204,2024,阪神,2,2,4,2024-03-24,https://www.jra.go.jp/datafile/seiseki/report/2024/2024-2hanshin2.pdf,official_daily_result_pdf
202409020205,2024,阪神,2,2,5,2024-03-24,https://www.jra.go.jp/datafile/seiseki/report/2024/2024-2hanshin2.pdf,official_daily_result_pdf
202409020206,2024,阪神,2,2,6,2024-03-24,https://www.jra.go.jp/datafile/seiseki/report/2024/2024-2hanshin2.pdf,official_daily_result_pdf
202409020207,2024,阪神,2,2,7,2024-03-24,https://www.jra.go.jp/datafile/seiseki/report/2024/2024-2hanshin2.pdf,official_daily_result_pdf
202409020208,2024,阪神,2,2,8,2024-03-24,https://www.jra.go.jp/datafile/seiseki/report/2024/2024-2hanshin2.pdf,official_daily_result_pdf
202409020209,2024,阪神,2,2,9,2024-03-24,https://www.jra.go.jp/datafile/seiseki/report/2024/2024-2hanshin2.pdf,official_daily_result_pdf
202409020210,2024,阪神,2,2,10,2024-03-24,https://www.jra.go.jp/datafile/seiseki/report/2024/2024-2hanshin2.pdf,official_daily_result_pdf
202409020211,2024,阪神,2,2,11,2024-03-24,https://www.jra.go.jp/datafile/seiseki/report/2024/2024-2hanshin2.pdf,official_daily_result_pdf
202409020212,2024,阪神,2,2,12,2024-03-24,https://www.jra.go.jp/datafile/seiseki/report/2024/2024-2hanshin2.pdf,official_daily_result_pdf
202409020301,2024,阪神,2,3,1,2024-03-30,https://www.jra.go.jp/datafile/seiseki/report/2024/2024-2hanshin3.pdf,official_daily_result_pdf
202409020302,2024,阪神,2,3,2,2024-03-30,https://www.jra.go.jp/datafile/seiseki/report/2024/2024-2hanshin3.pdf,official_daily_result_pdf
202409020303,2024,阪神,2,3,3,2024-03-30,https://www.jra.go.jp/datafile/seiseki/report/2024/2024-2hanshin3.pdf,official_daily_result_pdf
202409020304,2024,阪神,2,3,4,2024-03-30,https://www.jra.go.jp/datafile/seiseki/report/2024/2024-2hanshin3.pdf,official_daily_result_pdf
202409020305,2024,阪神,2,3,5,2024-03-30,https://www.jra.go.jp/datafile/seiseki/report/2024/2024-2hanshin3.pdf,official_daily_result_pdf
202409020306,2024,阪神,2,3,6,2024-03-30,https://www.jra.go.jp/datafile/seiseki/report/2024/2024-2hanshin3.pdf,official_daily_result_pdf
202409020307,2024,阪神,2,3,7,2024-03-30,https://www.jra.go.jp/datafile/seiseki/report/2024/2024-2hanshin3.pdf,official_daily_result_pdf
202409020308,2024,阪神,2,3,8,2024-03-30,https://www.jra.go.jp/datafile/seiseki/report/2024/2024-2hanshin3.pdf,official_daily_result_pdf
202409020309,2024,阪神,2,3,9,2024-03-30,https://www.jra.go.jp/datafile/seiseki/report/2024/2024-2hanshin3.pdf,official_daily_result_pdf
202409020310,2024,阪神,2,3,10,2024-03-30,https://www.jra.go.jp/datafile/seiseki/report/2024/2024-2hanshin3.pdf,official_daily_result_pdf
202409020311,2024,阪神,2,3,11,2024-03-30,https://www.jra.go.jp/datafile/seiseki/report/2024/2024-2hanshin3.pdf,official_daily_result_pdf
202409020312,2024,阪神,2,3,12,2024-03-30,https://www.jra.go.jp/datafile/seiseki/report/2024/2024-2hanshin3.pdf,official_daily_result_pdf
202409020401,2024,阪神,2,4,1,2024-03-31,https://www.jra.go.jp/datafile/seiseki/report/2024/2024-2hanshin4.pdf,official_daily_result_pdf
202409020402,2024,阪神,2,4,2,2024-03-31,https://www.jra.go.jp/datafile/seiseki/report/2024/2024-2hanshin4.pdf,official_daily_result_pdf
202409020403,2024,阪神,2,4,3,2024-03-31,https://www.jra.go.jp/datafile/seiseki/report/2024/2024-2hanshin4.pdf,official_daily_result_pdf
202409020404,2024,阪神,2,4,4,2024-03-31,https://www.jra.go.jp/datafile/seiseki/report/2024/2024-2hanshin4.pdf,official_daily_result_pdf
202409020405,2024,阪神,2,4,5,2024-03-31,https://www.jra.go.jp/datafile/seiseki/report/2024/2024-2hanshin4.pdf,official_daily_result_pdf
202409020406,2024,阪神,2,4,6,2024-03-31,https://www.jra.go.jp/datafile/seiseki/report/2024/2024-2hanshin4.pdf,official_daily_result_pdf
202409020407,2024,阪神,2,4,7,2024-03-31,https://www.jra.go.jp/datafile/seiseki/report/2024/2024-2hanshin4.pdf,official_daily_result_pdf
202409020408,2024,阪神,2,4,8,2024-03-31,https://www.jra.go.jp/datafile/seiseki/report/2024/2024-2hanshin4.pdf,official_daily_result_pdf
202409020409,2024,阪神,2,4,9,2024-03-31,https://www.jra.go.jp/datafile/seiseki/report/2024/2024-2hanshin4.pdf,official_daily_result_pdf
202409020410,2024,阪神,2,4,10,2024-03-31,https://www.jra.go.jp/datafile/seiseki/report/2024/2024-2hanshin4.pdf,official_daily_result_pdf
202409020411,2024,阪神,2,4,11,2024-03-31,https://www.jra.go.jp/datafile/seiseki/report/2024/2024-2hanshin4.pdf,official_daily_result_pdf
202409020412,2024,阪神,2,4,12,2024-03-31,https://www.jra.go.jp/datafile/seiseki/report/2024/2024-2hanshin4.pdf,official_daily_result_pdf
202409020501,2024,阪神,2,5,1,2024-04-06,https://www.jra.go.jp/datafile/seiseki/report/2024/2024-2hanshin5.pdf,official_daily_result_pdf
202409020502,2024,阪神,2,5,2,2024-04-06,https://www.jra.go.jp/datafile/seiseki/report/2024/2024-2hanshin5.pdf,official_daily_result_pdf
202409020503,2024,阪神,2,5,3,2024-04-06,https://www.jra.go.jp/datafile/seiseki/report/2024/2024-2hanshin5.pdf,official_daily_result_pdf
202409020504,2024,阪神,2,5,4,2024-04-06,https://www.jra.go.jp/datafile/seiseki/report/2024/2024-2hanshin5.pdf,official_daily_result_pdf
202409020505,2024,阪神,2,5,5,2024-04-06,https://www.jra.go.jp/datafile/seiseki/report/2024/2024-2hanshin5.pdf,official_daily_result_pdf
202409020506,2024,阪神,2,5,6,2024-04-06,https://www.jra.go.jp/datafile/seiseki/report/2024/2024-2hanshin5.pdf,official_daily_result_pdf
202409020507,2024,阪神,2,5,7,2024-04-06,https://www.jra.go.jp/datafile/seiseki/report/2024/2024-2hanshin5.pdf,official_daily_result_pdf
202409020508,2024,阪神,2,5,8,2024-04-06,https://www.jra.go.jp/datafile/seiseki/report/2024/2024-2hanshin5.pdf,official_daily_result_pdf
202409020509,2024,阪神,2,5,9,2024-04-06,https://www.jra.go.jp/datafile/seiseki/report/2024/2024-2hanshin5.pdf,official_daily_result_pdf
202409020510,2024,阪神,2,5,10,2024-04-06,https://www.jra.go.jp/datafile/seiseki/report/2024/2024-2hanshin5.pdf,official_daily_result_pdf
202409020511,2024,阪神,2,5,11,2024-04-06,https://www.jra.go.jp/datafile/seiseki/report/2024/2024-2hanshin5.pdf,official_daily_result_pdf
202409020512,2024,阪神,2,5,12,2024-04-06,https://www.jra.go.jp/datafile/seiseki/report/2024/2024-2hanshin5.pdf,official_daily_result_pdf
202409020601,2024,阪神,2,6,1,2024-04-07,https://www.jra.go.jp/datafile/seiseki/report/2024/2024-2hanshin6.pdf,official_daily_result_pdf
202409020602,2024,阪神,2,6,2,2024-04-07,https://www.jra.go.jp/datafile/seiseki/report/2024/2024-2hanshin6.pdf,official_daily_result_pdf
202409020603,2024,阪神,2,6,3,2024-04-07,https://www.jra.go.jp/datafile/seiseki/report/2024/2024-2hanshin6.pdf,official_daily_result_pdf
202409020604,2024,阪神,2,6,4,2024-04-07,https://www.jra.go.jp/datafile/seiseki/report/2024/2024-2hanshin6.pdf,official_daily_result_pdf
202409020605,2024,阪神,2,6,5,2024-04-07,https://www.jra.go.jp/datafile/seiseki/report/2024/2024-2hanshin6.pdf,official_daily_result_pdf
202409020606,2024,阪神,2,6,6,2024-04-07,https://www.jra.go.jp/datafile/seiseki/report/2024/2024-2hanshin6.pdf,official_daily_result_pdf
202409020607,2024,阪神,2,6,7,2024-04-07,https://www.jra.go.jp/datafile/seiseki/report/2024/2024-2hanshin6.pdf,official_daily_result_pdf
202409020608,2024,阪神,2,6,8,2024-04-07,https://www.jra.go.jp/datafile/seiseki/report/2024/2024-2hanshin6.pdf,official_daily_result_pdf
202409020609,2024,阪神,2,6,9,2024-04-07,https://www.jra.go.jp/datafile/seiseki/report/2024/2024-2hanshin6.pdf,official_daily_result_pdf
202409020610,2024,阪神,2,6,10,2024-04-07,https://www.jra.go.jp/datafile/seiseki/report/2024/2024-2hanshin6.pdf,official_daily_result_pdf
202409020611,2024,阪神,2,6,11,2024-04-07,https://www.jra.go.jp/datafile/seiseki/report/2024/2024-2hanshin6.pdf,official_daily_result_pdf
202409020612,2024,阪神,2,6,12,2024-04-07,https://www.jra.go.jp/datafile/seiseki/report/2024/2024-2hanshin6.pdf,official_daily_result_pdf
202409020701,2024,阪神,2,7,1,2024-04-13,https://www.jra.go.jp/datafile/seiseki/report/2024/2024-2hanshin7.pdf,official_daily_result_pdf
202409020702,2024,阪神,2,7,2,2024-04-13,https://www.jra.go.jp/datafile/seiseki/report/2024/2024-2hanshin7.pdf,official_daily_result_pdf
202409020703,2024,阪神,2,7,3,2024-04-13,https://www.jra.go.jp/datafile/seiseki/report/2024/2024-2hanshin7.pdf,official_daily_result_pdf
202409020704,2024,阪神,2,7,4,2024-04-13,https://www.jra.go.jp/datafile/seiseki/report/2024/2024-2hanshin7.pdf,official_daily_result_pdf
202409020705,2024,阪神,2,7,5,2024-04-13,https://www.jra.go.jp/datafile/seiseki/report/2024/2024-2hanshin7.pdf,official_daily_result_pdf
202409020706,2024,阪神,2,7,6,2024-04-13,https://www.jra.go.jp/datafile/seiseki/report/2024/2024-2hanshin7.pdf,official_daily_result_pdf
202409020707,2024,阪神,2,7,7,2024-04-13,https://www.jra.go.jp/datafile/seiseki/report/2024/2024-2hanshin7.pdf,official_daily_result_pdf
202409020708,2024,阪神,2,7,8,2024-04-13,https://www.jra.go.jp/datafile/seiseki/report/2024/2024-2hanshin7.pdf,official_daily_result_pdf
202409020709,2024,阪神,2,7,9,2024-04-13,https://www.jra.go.jp/datafile/seiseki/report/2024/2024-2hanshin7.pdf,official_daily_result_pdf
202409020710,2024,阪神,2,7,10,2024-04-13,https://www.jra.go.jp/datafile/seiseki/report/2024/2024-2hanshin7.pdf,official_daily_result_pdf
202409020711,2024,阪神,2,7,11,2024-04-13,https://www.jra.go.jp/datafile/seiseki/report/2024/2024-2hanshin7.pdf,official_daily_result_pdf
202409020712,2024,阪神,2,7,12,2024-04-13,https://www.jra.go.jp/datafile/seiseki/report/2024/2024-2hanshin7.pdf,official_daily_result_pdf
202409020801,2024,阪神,2,8,1,2024-04-14,https://www.jra.go.jp/datafile/seiseki/report/2024/2024-2hanshin8.pdf,official_daily_result_pdf
202409020802,2024,阪神,2,8,2,2024-04-14,https://www.jra.go.jp/datafile/seiseki/report/2024/2024-2hanshin8.pdf,official_daily_result_pdf
202409020803,2024,阪神,2,8,3,2024-04-14,https://www.jra.go.jp/datafile/seiseki/report/2024/2024-2hanshin8.pdf,official_daily_result_pdf
202409020804,2024,阪神,2,8,4,2024-04-14,https://www.jra.go.jp/datafile/seiseki/report/2024/2024-2hanshin8.pdf,official_daily_result_pdf
202409020805,2024,阪神,2,8,5,2024-04-14,https://www.jra.go.jp/datafile/seiseki/report/2024/2024-2hanshin8.pdf,official_daily_result_pdf
202409020806,2024,阪神,2,8,6,2024-04-14,https://www.jra.go.jp/datafile/seiseki/report/2024/2024-2hanshin8.pdf,official_daily_result_pdf
202409020807,2024,阪神,2,8,7,2024-04-14,https://www.jra.go.jp/datafile/seiseki/report/2024/2024-2hanshin8.pdf,official_daily_result_pdf
202409020808,2024,阪神,2,8,8,2024-04-14,https://www.jra.go.jp/datafile/seiseki/report/2024/2024-2hanshin8.pdf,official_daily_result_pdf
202409020809,2024,阪神,2,8,9,2024-04-14,https://www.jra.go.jp/datafile/seiseki/report/2024/2024-2hanshin8.pdf,official_daily_result_pdf
202409020810,2024,阪神,2,8,10,2024-04-14,https://www.jra.go.jp/datafile/seiseki/report/2024/2024-2hanshin8.pdf,official_daily_result_pdf
202409020811,2024,阪神,2,8,11,2024-04-14,https://www.jra.go.jp/datafile/seiseki/report/2024/2024-2hanshin8.pdf,official_daily_result_pdf
202409020812,2024,阪神,2,8,12,2024-04-14,https://www.jra.go.jp/datafile/seiseki/report/2024/2024-2hanshin8.pdf,official_daily_result_pdf
202410010101,2024,小倉,1,1,1,2024-01-13,https://www.jra.go.jp/datafile/seiseki/report/2024/2024-1kokura1.pdf,official_daily_result_pdf
202410010102,2024,小倉,1,1,2,2024-01-13,https://www.jra.go.jp/datafile/seiseki/report/2024/2024-1kokura1.pdf,official_daily_result_pdf
202410010103,2024,小倉,1,1,3,2024-01-13,https://www.jra.go.jp/datafile/seiseki/report/2024/2024-1kokura1.pdf,official_daily_result_pdf
202410010104,2024,小倉,1,1,4,2024-01-13,https://www.jra.go.jp/datafile/seiseki/report/2024/2024-1kokura1.pdf,official_daily_result_pdf
202410010105,2024,小倉,1,1,5,2024-01-13,https://www.jra.go.jp/datafile/seiseki/report/2024/2024-1kokura1.pdf,official_daily_result_pdf
202410010106,2024,小倉,1,1,6,2024-01-13,https://www.jra.go.jp/datafile/seiseki/report/2024/2024-1kokura1.pdf,official_daily_result_pdf
202410010107,2024,小倉,1,1,7,2024-01-13,https://www.jra.go.jp/datafile/seiseki/report/2024/2024-1kokura1.pdf,official_daily_result_pdf
202410010108,2024,小倉,1,1,8,2024-01-13,https://www.jra.go.jp/datafile/seiseki/report/2024/2024-1kokura1.pdf,official_daily_result_pdf
202410010109,2024,小倉,1,1,9,2024-01-13,https://www.jra.go.jp/datafile/seiseki/report/2024/2024-1kokura1.pdf,official_daily_result_pdf
202410010110,2024,小倉,1,1,10,2024-01-13,https://www.jra.go.jp/datafile/seiseki/report/2024/2024-1kokura1.pdf,official_daily_result_pdf
202410010111,2024,小倉,1,1,11,2024-01-13,https://www.jra.go.jp/datafile/seiseki/report/2024/2024-1kokura1.pdf,official_daily_result_pdf
202410010112,2024,小倉,1,1,12,2024-01-13,https://www.jra.go.jp/datafile/seiseki/report/2024/2024-1kokura1.pdf,official_daily_result_pdf
202410010201,2024,小倉,1,2,1,2024-01-14,https://www.jra.go.jp/datafile/seiseki/report/2024/2024-1kokura2.pdf,official_daily_result_pdf
202410010202,2024,小倉,1,2,2,2024-01-14,https://www.jra.go.jp/datafile/seiseki/report/2024/2024-1kokura2.pdf,official_daily_result_pdf
202410010203,2024,小倉,1,2,3,2024-01-14,https://www.jra.go.jp/datafile/seiseki/report/2024/2024-1kokura2.pdf,official_daily_result_pdf
202410010204,2024,小倉,1,2,4,2024-01-14,https://www.jra.go.jp/datafile/seiseki/report/2024/2024-1kokura2.pdf,official_daily_result_pdf
202410010205,2024,小倉,1,2,5,2024-01-14,https://www.jra.go.jp/datafile/seiseki/report/2024/2024-1kokura2.pdf,official_daily_result_pdf
202410010206,2024,小倉,1,2,6,2024-01-14,https://www.jra.go.jp/datafile/seiseki/report/2024/2024-1kokura2.pdf,official_daily_result_pdf
202410010207,2024,小倉,1,2,7,2024-01-14,https://www.jra.go.jp/datafile/seiseki/report/2024/2024-1kokura2.pdf,official_daily_result_pdf
202410010208,2024,小倉,1,2,8,2024-01-14,https://www.jra.go.jp/datafile/seiseki/report/2024/2024-1kokura2.pdf,official_daily_result_pdf
202410010209,2024,小倉,1,2,9,2024-01-14,https://www.jra.go.jp/datafile/seiseki/report/2024/2024-1kokura2.pdf,official_daily_result_pdf
202410010210,2024,小倉,1,2,10,2024-01-14,https://www.jra.go.jp/datafile/seiseki/report/2024/2024-1kokura2.pdf,official_daily_result_pdf
202410010211,2024,小倉,1,2,11,2024-01-14,https://www.jra.go.jp/datafile/seiseki/report/2024/2024-1kokura2.pdf,official_daily_result_pdf
202410010212,2024,小倉,1,2,12,2024-01-14,https://www.jra.go.jp/datafile/seiseki/report/2024/2024-1kokura2.pdf,official_daily_result_pdf
202410010301,2024,小倉,1,3,1,2024-01-20,https://www.jra.go.jp/datafile/seiseki/report/2024/2024-1kokura3.pdf,official_daily_result_pdf
202410010302,2024,小倉,1,3,2,2024-01-20,https://www.jra.go.jp/datafile/seiseki/report/2024/2024-1kokura3.pdf,official_daily_result_pdf
202410010303,2024,小倉,1,3,3,2024-01-20,https://www.jra.go.jp/datafile/seiseki/report/2024/2024-1kokura3.pdf,official_daily_result_pdf
202410010304,2024,小倉,1,3,4,2024-01-20,https://www.jra.go.jp/datafile/seiseki/report/2024/2024-1kokura3.pdf,official_daily_result_pdf
202410010305,2024,小倉,1,3,5,2024-01-20,https://www.jra.go.jp/datafile/seiseki/report/2024/2024-1kokura3.pdf,official_daily_result_pdf
202410010306,2024,小倉,1,3,6,2024-01-20,https://www.jra.go.jp/datafile/seiseki/report/2024/2024-1kokura3.pdf,official_daily_result_pdf
202410010307,2024,小倉,1,3,7,2024-01-20,https://www.jra.go.jp/datafile/seiseki/report/2024/2024-1kokura3.pdf,official_daily_result_pdf
202410010308,2024,小倉,1,3,8,2024-01-20,https://www.jra.go.jp/datafile/seiseki/report/2024/2024-1kokura3.pdf,official_daily_result_pdf
202410010309,2024,小倉,1,3,9,2024-01-20,https://www.jra.go.jp/datafile/seiseki/report/2024/2024-1kokura3.pdf,official_daily_result_pdf
202410010310,2024,小倉,1,3,10,2024-01-20,https://www.jra.go.jp/datafile/seiseki/report/2024/2024-1kokura3.pdf,official_daily_result_pdf
202410010311,2024,小倉,1,3,11,2024-01-20,https://www.jra.go.jp/datafile/seiseki/report/2024/2024-1kokura3.pdf,official_daily_result_pdf
202410010312,2024,小倉,1,3,12,2024-01-20,https://www.jra.go.jp/datafile/seiseki/report/2024/2024-1kokura3.pdf,official_daily_result_pdf
202410010401,2024,小倉,1,4,1,2024-01-21,https://www.jra.go.jp/datafile/seiseki/report/2024/2024-1kokura4.pdf,official_daily_result_pdf
202410010402,2024,小倉,1,4,2,2024-01-21,https://www.jra.go.jp/datafile/seiseki/report/2024/2024-1kokura4.pdf,official_daily_result_pdf
202410010403,2024,小倉,1,4,3,2024-01-21,https://www.jra.go.jp/datafile/seiseki/report/2024/2024-1kokura4.pdf,official_daily_result_pdf
202410010404,2024,小倉,1,4,4,2024-01-21,https://www.jra.go.jp/datafile/seiseki/report/2024/2024-1kokura4.pdf,official_daily_result_pdf
202410010405,2024,小倉,1,4,5,2024-01-21,https://www.jra.go.jp/datafile/seiseki/report/2024/2024-1kokura4.pdf,official_daily_result_pdf
202410010406,2024,小倉,1,4,6,2024-01-21,https://www.jra.go.jp/datafile/seiseki/report/2024/2024-1kokura4.pdf,official_daily_result_pdf
202410010407,2024,小倉,1,4,7,2024-01-21,https://www.jra.go.jp/datafile/seiseki/report/2024/2024-1kokura4.pdf,official_daily_result_pdf
202410010408,2024,小倉,1,4,8,2024-01-21,https://www.jra.go.jp/datafile/seiseki/report/2024/2024-1kokura4.pdf,official_daily_result_pdf
202410010409,2024,小倉,1,4,9,2024-01-21,https://www.jra.go.jp/datafile/seiseki/report/2024/2024-1kokura4.pdf,official_daily_result_pdf
202410010410,2024,小倉,1,4,10,2024-01-21,https://www.jra.go.jp/datafile/seiseki/report/2024/2024-1kokura4.pdf,official_daily_result_pdf
202410010411,2024,小倉,1,4,11,2024-01-21,https://www.jra.go.jp/datafile/seiseki/report/2024/2024-1kokura4.pdf,official_daily_result_pdf
202410010412,2024,小倉,1,4,12,2024-01-21,https://www.jra.go.jp/datafile/seiseki/report/2024/2024-1kokura4.pdf,official_daily_result_pdf
202410010501,2024,小倉,1,5,1,2024-01-27,https://www.jra.go.jp/datafile/seiseki/report/2024/2024-1kokura5.pdf,official_daily_result_pdf
202410010502,2024,小倉,1,5,2,2024-01-27,https://www.jra.go.jp/datafile/seiseki/report/2024/2024-1kokura5.pdf,official_daily_result_pdf
202410010503,2024,小倉,1,5,3,2024-01-27,https://www.jra.go.jp/datafile/seiseki/report/2024/2024-1kokura5.pdf,official_daily_result_pdf
202410010504,2024,小倉,1,5,4,2024-01-27,https://www.jra.go.jp/datafile/seiseki/report/2024/2024-1kokura5.pdf,official_daily_result_pdf
202410010505,2024,小倉,1,5,5,2024-01-27,https://www.jra.go.jp/datafile/seiseki/report/2024/2024-1kokura5.pdf,official_daily_result_pdf
202410010506,2024,小倉,1,5,6,2024-01-27,https://www.jra.go.jp/datafile/seiseki/report/2024/2024-1kokura5.pdf,official_daily_result_pdf
202410010507,2024,小倉,1,5,7,2024-01-27,https://www.jra.go.jp/datafile/seiseki/report/2024/2024-1kokura5.pdf,official_daily_result_pdf
202410010508,2024,小倉,1,5,8,2024-01-27,https://www.jra.go.jp/datafile/seiseki/report/2024/2024-1kokura5.pdf,official_daily_result_pdf
202410010509,2024,小倉,1,5,9,2024-01-27,https://www.jra.go.jp/datafile/seiseki/report/2024/2024-1kokura5.pdf,official_daily_result_pdf
202410010510,2024,小倉,1,5,10,2024-01-27,https://www.jra.go.jp/datafile/seiseki/report/2024/2024-1kokura5.pdf,official_daily_result_pdf
202410010511,2024,小倉,1,5,11,2024-01-27,https://www.jra.go.jp/datafile/seiseki/report/2024/2024-1kokura5.pdf,official_daily_result_pdf
202410010512,2024,小倉,1,5,12,2024-01-27,https://www.jra.go.jp/datafile/seiseki/report/2024/2024-1kokura5.pdf,official_daily_result_pdf
202410010601,2024,小倉,1,6,1,2024-01-28,https://www.jra.go.jp/datafile/seiseki/report/2024/2024-1kokura6.pdf,official_daily_result_pdf
202410010602,2024,小倉,1,6,2,2024-01-28,https://www.jra.go.jp/datafile/seiseki/report/2024/2024-1kokura6.pdf,official_daily_result_pdf
202410010603,2024,小倉,1,6,3,2024-01-28,https://www.jra.go.jp/datafile/seiseki/report/2024/2024-1kokura6.pdf,official_daily_result_pdf
202410010604,2024,小倉,1,6,4,2024-01-28,https://www.jra.go.jp/datafile/seiseki/report/2024/2024-1kokura6.pdf,official_daily_result_pdf
202410010605,2024,小倉,1,6,5,2024-01-28,https://www.jra.go.jp/datafile/seiseki/report/2024/2024-1kokura6.pdf,official_daily_result_pdf
202410010606,2024,小倉,1,6,6,2024-01-28,https://www.jra.go.jp/datafile/seiseki/report/2024/2024-1kokura6.pdf,official_daily_result_pdf
202410010607,2024,小倉,1,6,7,2024-01-28,https://www.jra.go.jp/datafile/seiseki/report/2024/2024-1kokura6.pdf,official_daily_result_pdf
202410010608,2024,小倉,1,6,8,2024-01-28,https://www.jra.go.jp/datafile/seiseki/report/2024/2024-1kokura6.pdf,official_daily_result_pdf
202410010609,2024,小倉,1,6,9,2024-01-28,https://www.jra.go.jp/datafile/seiseki/report/2024/2024-1kokura6.pdf,official_daily_result_pdf
202410010610,2024,小倉,1,6,10,2024-01-28,https://www.jra.go.jp/datafile/seiseki/report/2024/2024-1kokura6.pdf,official_daily_result_pdf
202410010611,2024,小倉,1,6,11,2024-01-28,https://www.jra.go.jp/datafile/seiseki/report/2024/2024-1kokura6.pdf,official_daily_result_pdf
202410010612,2024,小倉,1,6,12,2024-01-28,https://www.jra.go.jp/datafile/seiseki/report/2024/2024-1kokura6.pdf,official_daily_result_pdf
202410010701,2024,小倉,1,7,1,2024-02-03,https://www.jra.go.jp/datafile/seiseki/report/2024/2024-1kokura7.pdf,official_daily_result_pdf
202410010702,2024,小倉,1,7,2,2024-02-03,https://www.jra.go.jp/datafile/seiseki/report/2024/2024-1kokura7.pdf,official_daily_result_pdf
202410010703,2024,小倉,1,7,3,2024-02-03,https://www.jra.go.jp/datafile/seiseki/report/2024/2024-1kokura7.pdf,official_daily_result_pdf
202410010704,2024,小倉,1,7,4,2024-02-03,https://www.jra.go.jp/datafile/seiseki/report/2024/2024-1kokura7.pdf,official_daily_result_pdf
202410010705,2024,小倉,1,7,5,2024-02-03,https://www.jra.go.jp/datafile/seiseki/report/2024/2024-1kokura7.pdf,official_daily_result_pdf
202410010706,2024,小倉,1,7,6,2024-02-03,https://www.jra.go.jp/datafile/seiseki/report/2024/2024-1kokura7.pdf,official_daily_result_pdf
202410010707,2024,小倉,1,7,7,2024-02-03,https://www.jra.go.jp/datafile/seiseki/report/2024/2024-1kokura7.pdf,official_daily_result_pdf
202410010708,2024,小倉,1,7,8,2024-02-03,https://www.jra.go.jp/datafile/seiseki/report/2024/2024-1kokura7.pdf,official_daily_result_pdf
202410010709,2024,小倉,1,7,9,2024-02-03,https://www.jra.go.jp/datafile/seiseki/report/2024/2024-1kokura7.pdf,official_daily_result_pdf
202410010710,2024,小倉,1,7,10,2024-02-03,https://www.jra.go.jp/datafile/seiseki/report/2024/2024-1kokura7.pdf,official_daily_result_pdf
202410010711,2024,小倉,1,7,11,2024-02-03,https://www.jra.go.jp/datafile/seiseki/report/2024/2024-1kokura7.pdf,official_daily_result_pdf
202410010712,2024,小倉,1,7,12,2024-02-03,https://www.jra.go.jp/datafile/seiseki/report/2024/2024-1kokura7.pdf,official_daily_result_pdf
202410010801,2024,小倉,1,8,1,2024-02-04,https://www.jra.go.jp/datafile/seiseki/report/2024/2024-1kokura8.pdf,official_daily_result_pdf
202410010802,2024,小倉,1,8,2,2024-02-04,https://www.jra.go.jp/datafile/seiseki/report/2024/2024-1kokura8.pdf,official_daily_result_pdf
202410010803,2024,小倉,1,8,3,2024-02-04,https://www.jra.go.jp/datafile/seiseki/report/2024/2024-1kokura8.pdf,official_daily_result_pdf
202410010804,2024,小倉,1,8,4,2024-02-04,https://www.jra.go.jp/datafile/seiseki/report/2024/2024-1kokura8.pdf,official_daily_result_pdf
202410010805,2024,小倉,1,8,5,2024-02-04,https://www.jra.go.jp/datafile/seiseki/report/2024/2024-1kokura8.pdf,official_daily_result_pdf
202410010806,2024,小倉,1,8,6,2024-02-04,https://www.jra.go.jp/datafile/seiseki/report/2024/2024-1kokura8.pdf,official_daily_result_pdf
202410010807,2024,小倉,1,8,7,2024-02-04,https://www.jra.go.jp/datafile/seiseki/report/2024/2024-1kokura8.pdf,official_daily_result_pdf
202410010808,2024,小倉,1,8,8,2024-02-04,https://www.jra.go.jp/datafile/seiseki/report/2024/2024-1kokura8.pdf,official_daily_result_pdf
202410010809,2024,小倉,1,8,9,2024-02-04,https://www.jra.go.jp/datafile/seiseki/report/2024/2024-1kokura8.pdf,official_daily_result_pdf
202410010810,2024,小倉,1,8,10,2024-02-04,https://www.jra.go.jp/datafile/seiseki/report/2024/2024-1kokura8.pdf,official_daily_result_pdf
202410010811,2024,小倉,1,8,11,2024-02-04,https://www.jra.go.jp/datafile/seiseki/report/2024/2024-1kokura8.pdf,official_daily_result_pdf
202410010812,2024,小倉,1,8,12,2024-02-04,https://www.jra.go.jp/datafile/seiseki/report/2024/2024-1kokura8.pdf,official_daily_result_pdf
202410020101,2024,小倉,2,1,1,2024-02-10,https://www.jra.go.jp/datafile/seiseki/report/2024/2024-2kokura1.pdf,official_daily_result_pdf
202410020102,2024,小倉,2,1,2,2024-02-10,https://www.jra.go.jp/datafile/seiseki/report/2024/2024-2kokura1.pdf,official_daily_result_pdf
202410020103,2024,小倉,2,1,3,2024-02-10,https://www.jra.go.jp/datafile/seiseki/report/2024/2024-2kokura1.pdf,official_daily_result_pdf
202410020104,2024,小倉,2,1,4,2024-02-10,https://www.jra.go.jp/datafile/seiseki/report/2024/2024-2kokura1.pdf,official_daily_result_pdf
202410020105,2024,小倉,2,1,5,2024-02-10,https://www.jra.go.jp/datafile/seiseki/report/2024/2024-2kokura1.pdf,official_daily_result_pdf
202410020106,2024,小倉,2,1,6,2024-02-10,https://www.jra.go.jp/datafile/seiseki/report/2024/2024-2kokura1.pdf,official_daily_result_pdf
202410020107,2024,小倉,2,1,7,2024-02-10,https://www.jra.go.jp/datafile/seiseki/report/2024/2024-2kokura1.pdf,official_daily_result_pdf
202410020108,2024,小倉,2,1,8,2024-02-10,https://www.jra.go.jp/datafile/seiseki/report/2024/2024-2kokura1.pdf,official_daily_result_pdf
202410020109,2024,小倉,2,1,9,2024-02-10,https://www.jra.go.jp/datafile/seiseki/report/2024/2024-2kokura1.pdf,official_daily_result_pdf
202410020110,2024,小倉,2,1,10,2024-02-10,https://www.jra.go.jp/datafile/seiseki/report/2024/2024-2kokura1.pdf,official_daily_result_pdf
202410020111,2024,小倉,2,1,11,2024-02-10,https://www.jra.go.jp/datafile/seiseki/report/2024/2024-2kokura1.pdf,official_daily_result_pdf
202410020112,2024,小倉,2,1,12,2024-02-10,https://www.jra.go.jp/datafile/seiseki/report/2024/2024-2kokura1.pdf,official_daily_result_pdf
202410020201,2024,小倉,2,2,1,2024-02-11,https://www.jra.go.jp/datafile/seiseki/report/2024/2024-2kokura2.pdf,official_daily_result_pdf
202410020202,2024,小倉,2,2,2,2024-02-11,https://www.jra.go.jp/datafile/seiseki/report/2024/2024-2kokura2.pdf,official_daily_result_pdf
202410020203,2024,小倉,2,2,3,2024-02-11,https://www.jra.go.jp/datafile/seiseki/report/2024/2024-2kokura2.pdf,official_daily_result_pdf
202410020204,2024,小倉,2,2,4,2024-02-11,https://www.jra.go.jp/datafile/seiseki/report/2024/2024-2kokura2.pdf,official_daily_result_pdf
202410020205,2024,小倉,2,2,5,2024-02-11,https://www.jra.go.jp/datafile/seiseki/report/2024/2024-2kokura2.pdf,official_daily_result_pdf
202410020206,2024,小倉,2,2,6,2024-02-11,https://www.jra.go.jp/datafile/seiseki/report/2024/2024-2kokura2.pdf,official_daily_result_pdf
202410020207,2024,小倉,2,2,7,2024-02-11,https://www.jra.go.jp/datafile/seiseki/report/2024/2024-2kokura2.pdf,official_daily_result_pdf
202410020208,2024,小倉,2,2,8,2024-02-11,https://www.jra.go.jp/datafile/seiseki/report/2024/2024-2kokura2.pdf,official_daily_result_pdf
202410020209,2024,小倉,2,2,9,2024-02-11,https://www.jra.go.jp/datafile/seiseki/report/2024/2024-2kokura2.pdf,official_daily_result_pdf
202410020210,2024,小倉,2,2,10,2024-02-11,https://www.jra.go.jp/datafile/seiseki/report/2024/2024-2kokura2.pdf,official_daily_result_pdf
202410020211,2024,小倉,2,2,11,2024-02-11,https://www.jra.go.jp/datafile/seiseki/report/2024/2024-2kokura2.pdf,official_daily_result_pdf
202410020212,2024,小倉,2,2,12,2024-02-11,https://www.jra.go.jp/datafile/seiseki/report/2024/2024-2kokura2.pdf,official_daily_result_pdf
202410020301,2024,小倉,2,3,1,2024-02-17,https://www.jra.go.jp/datafile/seiseki/report/2024/2024-2kokura3.pdf,official_daily_result_pdf
202410020302,2024,小倉,2,3,2,2024-02-17,https://www.jra.go.jp/datafile/seiseki/report/2024/2024-2kokura3.pdf,official_daily_result_pdf
202410020303,2024,小倉,2,3,3,2024-02-17,https://www.jra.go.jp/datafile/seiseki/report/2024/2024-2kokura3.pdf,official_daily_result_pdf
202410020304,2024,小倉,2,3,4,2024-02-17,https://www.jra.go.jp/datafile/seiseki/report/2024/2024-2kokura3.pdf,official_daily_result_pdf
202410020305,2024,小倉,2,3,5,2024-02-17,https://www.jra.go.jp/datafile/seiseki/report/2024/2024-2kokura3.pdf,official_daily_result_pdf
202410020306,2024,小倉,2,3,6,2024-02-17,https://www.jra.go.jp/datafile/seiseki/report/2024/2024-2kokura3.pdf,official_daily_result_pdf
202410020307,2024,小倉,2,3,7,2024-02-17,https://www.jra.go.jp/datafile/seiseki/report/2024/2024-2kokura3.pdf,official_daily_result_pdf
202410020308,2024,小倉,2,3,8,2024-02-17,https://www.jra.go.jp/datafile/seiseki/report/2024/2024-2kokura3.pdf,official_daily_result_pdf
202410020309,2024,小倉,2,3,9,2024-02-17,https://www.jra.go.jp/datafile/seiseki/report/2024/2024-2kokura3.pdf,official_daily_result_pdf
202410020310,2024,小倉,2,3,10,2024-02-17,https://www.jra.go.jp/datafile/seiseki/report/2024/2024-2kokura3.pdf,official_daily_result_pdf
202410020311,2024,小倉,2,3,11,2024-02-17,https://www.jra.go.jp/datafile/seiseki/report/2024/2024-2kokura3.pdf,official_daily_result_pdf
202410020312,2024,小倉,2,3,12,2024-02-17,https://www.jra.go.jp/datafile/seiseki/report/2024/2024-2kokura3.pdf,official_daily_result_pdf
202410020401,2024,小倉,2,4,1,2024-02-18,https://www.jra.go.jp/datafile/seiseki/report/2024/2024-2kokura4.pdf,official_daily_result_pdf
202410020402,2024,小倉,2,4,2,2024-02-18,https://www.jra.go.jp/datafile/seiseki/report/2024/2024-2kokura4.pdf,official_daily_result_pdf
202410020403,2024,小倉,2,4,3,2024-02-18,https://www.jra.go.jp/datafile/seiseki/report/2024/2024-2kokura4.pdf,official_daily_result_pdf
202410020404,2024,小倉,2,4,4,2024-02-18,https://www.jra.go.jp/datafile/seiseki/report/2024/2024-2kokura4.pdf,official_daily_result_pdf
202410020405,2024,小倉,2,4,5,2024-02-18,https://www.jra.go.jp/datafile/seiseki/report/2024/2024-2kokura4.pdf,official_daily_result_pdf
202410020406,2024,小倉,2,4,6,2024-02-18,https://www.jra.go.jp/datafile/seiseki/report/2024/2024-2kokura4.pdf,official_daily_result_pdf
202410020407,2024,小倉,2,4,7,2024-02-18,https://www.jra.go.jp/datafile/seiseki/report/2024/2024-2kokura4.pdf,official_daily_result_pdf
202410020408,2024,小倉,2,4,8,2024-02-18,https://www.jra.go.jp/datafile/seiseki/report/2024/2024-2kokura4.pdf,official_daily_result_pdf
202410020409,2024,小倉,2,4,9,2024-02-18,https://www.jra.go.jp/datafile/seiseki/report/2024/2024-2kokura4.pdf,official_daily_result_pdf
202410020410,2024,小倉,2,4,10,2024-02-18,https://www.jra.go.jp/datafile/seiseki/report/2024/2024-2kokura4.pdf,official_daily_result_pdf
202410020411,2024,小倉,2,4,11,2024-02-18,https://www.jra.go.jp/datafile/seiseki/report/2024/2024-2kokura4.pdf,official_daily_result_pdf
202410020412,2024,小倉,2,4,12,2024-02-18,https://www.jra.go.jp/datafile/seiseki/report/2024/2024-2kokura4.pdf,official_daily_result_pdf
202410020501,2024,小倉,2,5,1,2024-02-24,https://www.jra.go.jp/datafile/seiseki/report/2024/2024-2kokura5.pdf,official_daily_result_pdf
202410020502,2024,小倉,2,5,2,2024-02-24,https://www.jra.go.jp/datafile/seiseki/report/2024/2024-2kokura5.pdf,official_daily_result_pdf
202410020503,2024,小倉,2,5,3,2024-02-24,https://www.jra.go.jp/datafile/seiseki/report/2024/2024-2kokura5.pdf,official_daily_result_pdf
202410020504,2024,小倉,2,5,4,2024-02-24,https://www.jra.go.jp/datafile/seiseki/report/2024/2024-2kokura5.pdf,official_daily_result_pdf
202410020505,2024,小倉,2,5,5,2024-02-24,https://www.jra.go.jp/datafile/seiseki/report/2024/2024-2kokura5.pdf,official_daily_result_pdf
202410020506,2024,小倉,2,5,6,2024-02-24,https://www.jra.go.jp/datafile/seiseki/report/2024/2024-2kokura5.pdf,official_daily_result_pdf
202410020507,2024,小倉,2,5,7,2024-02-24,https://www.jra.go.jp/datafile/seiseki/report/2024/2024-2kokura5.pdf,official_daily_result_pdf
202410020508,2024,小倉,2,5,8,2024-02-24,https://www.jra.go.jp/datafile/seiseki/report/2024/2024-2kokura5.pdf,official_daily_result_pdf
202410020509,2024,小倉,2,5,9,2024-02-24,https://www.jra.go.jp/datafile/seiseki/report/2024/2024-2kokura5.pdf,official_daily_result_pdf
202410020510,2024,小倉,2,5,10,2024-02-24,https://www.jra.go.jp/datafile/seiseki/report/2024/2024-2kokura5.pdf,official_daily_result_pdf
202410020511,2024,小倉,2,5,11,2024-02-24,https://www.jra.go.jp/datafile/seiseki/report/2024/2024-2kokura5.pdf,official_daily_result_pdf
202410020512,2024,小倉,2,5,12,2024-02-24,https://www.jra.go.jp/datafile/seiseki/report/2024/2024-2kokura5.pdf,official_daily_result_pdf
202410020601,2024,小倉,2,6,1,2024-02-25,https://www.jra.go.jp/datafile/seiseki/report/2024/2024-2kokura6.pdf,official_daily_result_pdf
202410020602,2024,小倉,2,6,2,2024-02-25,https://www.jra.go.jp/datafile/seiseki/report/2024/2024-2kokura6.pdf,official_daily_result_pdf
202410020603,2024,小倉,2,6,3,2024-02-25,https://www.jra.go.jp/datafile/seiseki/report/2024/2024-2kokura6.pdf,official_daily_result_pdf
202410020604,2024,小倉,2,6,4,2024-02-25,https://www.jra.go.jp/datafile/seiseki/report/2024/2024-2kokura6.pdf,official_daily_result_pdf
202410020605,2024,小倉,2,6,5,2024-02-25,https://www.jra.go.jp/datafile/seiseki/report/2024/2024-2kokura6.pdf,official_daily_result_pdf
202410020606,2024,小倉,2,6,6,2024-02-25,https://www.jra.go.jp/datafile/seiseki/report/2024/2024-2kokura6.pdf,official_daily_result_pdf
202410020607,2024,小倉,2,6,7,2024-02-25,https://www.jra.go.jp/datafile/seiseki/report/2024/2024-2kokura6.pdf,official_daily_result_pdf
202410020608,2024,小倉,2,6,8,2024-02-25,https://www.jra.go.jp/datafile/seiseki/report/2024/2024-2kokura6.pdf,official_daily_result_pdf
202410020609,2024,小倉,2,6,9,2024-02-25,https://www.jra.go.jp/datafile/seiseki/report/2024/2024-2kokura6.pdf,official_daily_result_pdf
202410020610,2024,小倉,2,6,10,2024-02-25,https://www.jra.go.jp/datafile/seiseki/report/2024/2024-2kokura6.pdf,official_daily_result_pdf
202410020611,2024,小倉,2,6,11,2024-02-25,https://www.jra.go.jp/datafile/seiseki/report/2024/2024-2kokura6.pdf,official_daily_result_pdf
202410020612,2024,小倉,2,6,12,2024-02-25,https://www.jra.go.jp/datafile/seiseki/report/2024/2024-2kokura6.pdf,official_daily_result_pdf
202410020701,2024,小倉,2,7,1,2024-03-02,https://www.jra.go.jp/datafile/seiseki/report/2024/2024-2kokura7.pdf,official_daily_result_pdf
202410020702,2024,小倉,2,7,2,2024-03-02,https://www.jra.go.jp/datafile/seiseki/report/2024/2024-2kokura7.pdf,official_daily_result_pdf
202410020703,2024,小倉,2,7,3,2024-03-02,https://www.jra.go.jp/datafile/seiseki/report/2024/2024-2kokura7.pdf,official_daily_result_pdf
202410020704,2024,小倉,2,7,4,2024-03-02,https://www.jra.go.jp/datafile/seiseki/report/2024/2024-2kokura7.pdf,official_daily_result_pdf
202410020705,2024,小倉,2,7,5,2024-03-02,https://www.jra.go.jp/datafile/seiseki/report/2024/2024-2kokura7.pdf,official_daily_result_pdf
202410020706,2024,小倉,2,7,6,2024-03-02,https://www.jra.go.jp/datafile/seiseki/report/2024/2024-2kokura7.pdf,official_daily_result_pdf
202410020707,2024,小倉,2,7,7,2024-03-02,https://www.jra.go.jp/datafile/seiseki/report/2024/2024-2kokura7.pdf,official_daily_result_pdf
202410020708,2024,小倉,2,7,8,2024-03-02,https://www.jra.go.jp/datafile/seiseki/report/2024/2024-2kokura7.pdf,official_daily_result_pdf
202410020709,2024,小倉,2,7,9,2024-03-02,https://www.jra.go.jp/datafile/seiseki/report/2024/2024-2kokura7.pdf,official_daily_result_pdf
202410020710,2024,小倉,2,7,10,2024-03-02,https://www.jra.go.jp/datafile/seiseki/report/2024/2024-2kokura7.pdf,official_daily_result_pdf
202410020711,2024,小倉,2,7,11,2024-03-02,https://www.jra.go.jp/datafile/seiseki/report/2024/2024-2kokura7.pdf,official_daily_result_pdf
202410020712,2024,小倉,2,7,12,2024-03-02,https://www.jra.go.jp/datafile/seiseki/report/2024/2024-2kokura7.pdf,official_daily_result_pdf
202410020801,2024,小倉,2,8,1,2024-03-03,https://www.jra.go.jp/datafile/seiseki/report/2024/2024-2kokura8.pdf,official_daily_result_pdf
202410020802,2024,小倉,2,8,2,2024-03-03,https://www.jra.go.jp/datafile/seiseki/report/2024/2024-2kokura8.pdf,official_daily_result_pdf
202410020803,2024,小倉,2,8,3,2024-03-03,https://www.jra.go.jp/datafile/seiseki/report/2024/2024-2kokura8.pdf,official_daily_result_pdf
202410020804,2024,小倉,2,8,4,2024-03-03,https://www.jra.go.jp/datafile/seiseki/report/2024/2024-2kokura8.pdf,official_daily_result_pdf
202410020805,2024,小倉,2,8,5,2024-03-03,https://www.jra.go.jp/datafile/seiseki/report/2024/2024-2kokura8.pdf,official_daily_result_pdf
202410020806,2024,小倉,2,8,6,2024-03-03,https://www.jra.go.jp/datafile/seiseki/report/2024/2024-2kokura8.pdf,official_daily_result_pdf
202410020807,2024,小倉,2,8,7,2024-03-03,https://www.jra.go.jp/datafile/seiseki/report/2024/2024-2kokura8.pdf,official_daily_result_pdf
202410020808,2024,小倉,2,8,8,2024-03-03,https://www.jra.go.jp/datafile/seiseki/report/2024/2024-2kokura8.pdf,official_daily_result_pdf
202410020809,2024,小倉,2,8,9,2024-03-03,https://www.jra.go.jp/datafile/seiseki/report/2024/2024-2kokura8.pdf,official_daily_result_pdf
202410020810,2024,小倉,2,8,10,2024-03-03,https://www.jra.go.jp/datafile/seiseki/report/2024/2024-2kokura8.pdf,official_daily_result_pdf
202410020811,2024,小倉,2,8,11,2024-03-03,https://www.jra.go.jp/datafile/seiseki/report/2024/2024-2kokura8.pdf,official_daily_result_pdf
202410020812,2024,小倉,2,8,12,2024-03-03,https://www.jra.go.jp/datafile/seiseki/report/2024/2024-2kokura8.pdf,official_daily_result_pdf
202410030101,2024,小倉,3,1,1,2024-06-29,https://www.jra.go.jp/datafile/seiseki/report/2024/2024-3kokura1.pdf,official_daily_result_pdf
202410030102,2024,小倉,3,1,2,2024-06-29,https://www.jra.go.jp/datafile/seiseki/report/2024/2024-3kokura1.pdf,official_daily_result_pdf
202410030103,2024,小倉,3,1,3,2024-06-29,https://www.jra.go.jp/datafile/seiseki/report/2024/2024-3kokura1.pdf,official_daily_result_pdf
202410030104,2024,小倉,3,1,4,2024-06-29,https://www.jra.go.jp/datafile/seiseki/report/2024/2024-3kokura1.pdf,official_daily_result_pdf
202410030105,2024,小倉,3,1,5,2024-06-29,https://www.jra.go.jp/datafile/seiseki/report/2024/2024-3kokura1.pdf,official_daily_result_pdf
202410030106,2024,小倉,3,1,6,2024-06-29,https://www.jra.go.jp/datafile/seiseki/report/2024/2024-3kokura1.pdf,official_daily_result_pdf
202410030107,2024,小倉,3,1,7,2024-06-29,https://www.jra.go.jp/datafile/seiseki/report/2024/2024-3kokura1.pdf,official_daily_result_pdf
202410030108,2024,小倉,3,1,8,2024-06-29,https://www.jra.go.jp/datafile/seiseki/report/2024/2024-3kokura1.pdf,official_daily_result_pdf
202410030109,2024,小倉,3,1,9,2024-06-29,https://www.jra.go.jp/datafile/seiseki/report/2024/2024-3kokura1.pdf,official_daily_result_pdf
202410030110,2024,小倉,3,1,10,2024-06-29,https://www.jra.go.jp/datafile/seiseki/report/2024/2024-3kokura1.pdf,official_daily_result_pdf
202410030111,2024,小倉,3,1,11,2024-06-29,https://www.jra.go.jp/datafile/seiseki/report/2024/2024-3kokura1.pdf,official_daily_result_pdf
202410030112,2024,小倉,3,1,12,2024-06-29,https://www.jra.go.jp/datafile/seiseki/report/2024/2024-3kokura1.pdf,official_daily_result_pdf
202410030201,2024,小倉,3,2,1,2024-06-30,https://www.jra.go.jp/datafile/seiseki/report/2024/2024-3kokura2.pdf,official_daily_result_pdf
202410030202,2024,小倉,3,2,2,2024-06-30,https://www.jra.go.jp/datafile/seiseki/report/2024/2024-3kokura2.pdf,official_daily_result_pdf
202410030203,2024,小倉,3,2,3,2024-06-30,https://www.jra.go.jp/datafile/seiseki/report/2024/2024-3kokura2.pdf,official_daily_result_pdf
202410030204,2024,小倉,3,2,4,2024-06-30,https://www.jra.go.jp/datafile/seiseki/report/2024/2024-3kokura2.pdf,official_daily_result_pdf
202410030205,2024,小倉,3,2,5,2024-06-30,https://www.jra.go.jp/datafile/seiseki/report/2024/2024-3kokura2.pdf,official_daily_result_pdf
202410030206,2024,小倉,3,2,6,2024-06-30,https://www.jra.go.jp/datafile/seiseki/report/2024/2024-3kokura2.pdf,official_daily_result_pdf
202410030207,2024,小倉,3,2,7,2024-06-30,https://www.jra.go.jp/datafile/seiseki/report/2024/2024-3kokura2.pdf,official_daily_result_pdf
202410030208,2024,小倉,3,2,8,2024-06-30,https://www.jra.go.jp/datafile/seiseki/report/2024/2024-3kokura2.pdf,official_daily_result_pdf
202410030209,2024,小倉,3,2,9,2024-06-30,https://www.jra.go.jp/datafile/seiseki/report/2024/2024-3kokura2.pdf,official_daily_result_pdf
202410030210,2024,小倉,3,2,10,2024-06-30,https://www.jra.go.jp/datafile/seiseki/report/2024/2024-3kokura2.pdf,official_daily_result_pdf
202410030211,2024,小倉,3,2,11,2024-06-30,https://www.jra.go.jp/datafile/seiseki/report/2024/2024-3kokura2.pdf,official_daily_result_pdf
202410030212,2024,小倉,3,2,12,2024-06-30,https://www.jra.go.jp/datafile/seiseki/report/2024/2024-3kokura2.pdf,official_daily_result_pdf
202410030301,2024,小倉,3,3,1,2024-07-06,https://www.jra.go.jp/datafile/seiseki/report/2024/2024-3kokura3.pdf,official_daily_result_pdf
202410030302,2024,小倉,3,3,2,2024-07-06,https://www.jra.go.jp/datafile/seiseki/report/2024/2024-3kokura3.pdf,official_daily_result_pdf
202410030303,2024,小倉,3,3,3,2024-07-06,https://www.jra.go.jp/datafile/seiseki/report/2024/2024-3kokura3.pdf,official_daily_result_pdf
202410030304,2024,小倉,3,3,4,2024-07-06,https://www.jra.go.jp/datafile/seiseki/report/2024/2024-3kokura3.pdf,official_daily_result_pdf
202410030305,2024,小倉,3,3,5,2024-07-06,https://www.jra.go.jp/datafile/seiseki/report/2024/2024-3kokura3.pdf,official_daily_result_pdf
202410030306,2024,小倉,3,3,6,2024-07-06,https://www.jra.go.jp/datafile/seiseki/report/2024/2024-3kokura3.pdf,official_daily_result_pdf
202410030307,2024,小倉,3,3,7,2024-07-06,https://www.jra.go.jp/datafile/seiseki/report/2024/2024-3kokura3.pdf,official_daily_result_pdf
202410030308,2024,小倉,3,3,8,2024-07-06,https://www.jra.go.jp/datafile/seiseki/report/2024/2024-3kokura3.pdf,official_daily_result_pdf
202410030309,2024,小倉,3,3,9,2024-07-06,https://www.jra.go.jp/datafile/seiseki/report/2024/2024-3kokura3.pdf,official_daily_result_pdf
202410030310,2024,小倉,3,3,10,2024-07-06,https://www.jra.go.jp/datafile/seiseki/report/2024/2024-3kokura3.pdf,official_daily_result_pdf
202410030311,2024,小倉,3,3,11,2024-07-06,https://www.jra.go.jp/datafile/seiseki/report/2024/2024-3kokura3.pdf,official_daily_result_pdf
202410030312,2024,小倉,3,3,12,2024-07-06,https://www.jra.go.jp/datafile/seiseki/report/2024/2024-3kokura3.pdf,official_daily_result_pdf
202410030401,2024,小倉,3,4,1,2024-07-07,https://www.jra.go.jp/datafile/seiseki/report/2024/2024-3kokura4.pdf,official_daily_result_pdf
202410030402,2024,小倉,3,4,2,2024-07-07,https://www.jra.go.jp/datafile/seiseki/report/2024/2024-3kokura4.pdf,official_daily_result_pdf
202410030403,2024,小倉,3,4,3,2024-07-07,https://www.jra.go.jp/datafile/seiseki/report/2024/2024-3kokura4.pdf,official_daily_result_pdf
202410030404,2024,小倉,3,4,4,2024-07-07,https://www.jra.go.jp/datafile/seiseki/report/2024/2024-3kokura4.pdf,official_daily_result_pdf
202410030405,2024,小倉,3,4,5,2024-07-07,https://www.jra.go.jp/datafile/seiseki/report/2024/2024-3kokura4.pdf,official_daily_result_pdf
202410030406,2024,小倉,3,4,6,2024-07-07,https://www.jra.go.jp/datafile/seiseki/report/2024/2024-3kokura4.pdf,official_daily_result_pdf
202410030407,2024,小倉,3,4,7,2024-07-07,https://www.jra.go.jp/datafile/seiseki/report/2024/2024-3kokura4.pdf,official_daily_result_pdf
202410030408,2024,小倉,3,4,8,2024-07-07,https://www.jra.go.jp/datafile/seiseki/report/2024/2024-3kokura4.pdf,official_daily_result_pdf
202410030409,2024,小倉,3,4,9,2024-07-07,https://www.jra.go.jp/datafile/seiseki/report/2024/2024-3kokura4.pdf,official_daily_result_pdf
202410030410,2024,小倉,3,4,10,2024-07-07,https://www.jra.go.jp/datafile/seiseki/report/2024/2024-3kokura4.pdf,official_daily_result_pdf
202410030411,2024,小倉,3,4,11,2024-07-07,https://www.jra.go.jp/datafile/seiseki/report/2024/2024-3kokura4.pdf,official_daily_result_pdf
202410030412,2024,小倉,3,4,12,2024-07-07,https://www.jra.go.jp/datafile/seiseki/report/2024/2024-3kokura4.pdf,official_daily_result_pdf
202410030501,2024,小倉,3,5,1,2024-07-13,https://www.jra.go.jp/datafile/seiseki/report/2024/2024-3kokura5.pdf,official_daily_result_pdf
202410030502,2024,小倉,3,5,2,2024-07-13,https://www.jra.go.jp/datafile/seiseki/report/2024/2024-3kokura5.pdf,official_daily_result_pdf
202410030503,2024,小倉,3,5,3,2024-07-13,https://www.jra.go.jp/datafile/seiseki/report/2024/2024-3kokura5.pdf,official_daily_result_pdf
202410030504,2024,小倉,3,5,4,2024-07-13,https://www.jra.go.jp/datafile/seiseki/report/2024/2024-3kokura5.pdf,official_daily_result_pdf
202410030505,2024,小倉,3,5,5,2024-07-13,https://www.jra.go.jp/datafile/seiseki/report/2024/2024-3kokura5.pdf,official_daily_result_pdf
202410030506,2024,小倉,3,5,6,2024-07-13,https://www.jra.go.jp/datafile/seiseki/report/2024/2024-3kokura5.pdf,official_daily_result_pdf
202410030507,2024,小倉,3,5,7,2024-07-13,https://www.jra.go.jp/datafile/seiseki/report/2024/2024-3kokura5.pdf,official_daily_result_pdf
202410030508,2024,小倉,3,5,8,2024-07-13,https://www.jra.go.jp/datafile/seiseki/report/2024/2024-3kokura5.pdf,official_daily_result_pdf
202410030509,2024,小倉,3,5,9,2024-07-13,https://www.jra.go.jp/datafile/seiseki/report/2024/2024-3kokura5.pdf,official_daily_result_pdf
202410030510,2024,小倉,3,5,10,2024-07-13,https://www.jra.go.jp/datafile/seiseki/report/2024/2024-3kokura5.pdf,official_daily_result_pdf
202410030511,2024,小倉,3,5,11,2024-07-13,https://www.jra.go.jp/datafile/seiseki/report/2024/2024-3kokura5.pdf,official_daily_result_pdf
202410030512,2024,小倉,3,5,12,2024-07-13,https://www.jra.go.jp/datafile/seiseki/report/2024/2024-3kokura5.pdf,official_daily_result_pdf
202410030601,2024,小倉,3,6,1,2024-07-14,https://www.jra.go.jp/datafile/seiseki/report/2024/2024-3kokura6.pdf,official_daily_result_pdf
202410030602,2024,小倉,3,6,2,2024-07-14,https://www.jra.go.jp/datafile/seiseki/report/2024/2024-3kokura6.pdf,official_daily_result_pdf
202410030603,2024,小倉,3,6,3,2024-07-14,https://www.jra.go.jp/datafile/seiseki/report/2024/2024-3kokura6.pdf,official_daily_result_pdf
202410030604,2024,小倉,3,6,4,2024-07-14,https://www.jra.go.jp/datafile/seiseki/report/2024/2024-3kokura6.pdf,official_daily_result_pdf
202410030605,2024,小倉,3,6,5,2024-07-14,https://www.jra.go.jp/datafile/seiseki/report/2024/2024-3kokura6.pdf,official_daily_result_pdf
202410030606,2024,小倉,3,6,6,2024-07-14,https://www.jra.go.jp/datafile/seiseki/report/2024/2024-3kokura6.pdf,official_daily_result_pdf
202410030607,2024,小倉,3,6,7,2024-07-14,https://www.jra.go.jp/datafile/seiseki/report/2024/2024-3kokura6.pdf,official_daily_result_pdf
202410030608,2024,小倉,3,6,8,2024-07-14,https://www.jra.go.jp/datafile/seiseki/report/2024/2024-3kokura6.pdf,official_daily_result_pdf
202410030609,2024,小倉,3,6,9,2024-07-14,https://www.jra.go.jp/datafile/seiseki/report/2024/2024-3kokura6.pdf,official_daily_result_pdf
202410030610,2024,小倉,3,6,10,2024-07-14,https://www.jra.go.jp/datafile/seiseki/report/2024/2024-3kokura6.pdf,official_daily_result_pdf
202410030611,2024,小倉,3,6,11,2024-07-14,https://www.jra.go.jp/datafile/seiseki/report/2024/2024-3kokura6.pdf,official_daily_result_pdf
202410030612,2024,小倉,3,6,12,2024-07-14,https://www.jra.go.jp/datafile/seiseki/report/2024/2024-3kokura6.pdf,official_daily_result_pdf
202410030701,2024,小倉,3,7,1,2024-07-20,https://www.jra.go.jp/datafile/seiseki/report/2024/2024-3kokura7.pdf,official_daily_result_pdf
202410030702,2024,小倉,3,7,2,2024-07-20,https://www.jra.go.jp/datafile/seiseki/report/2024/2024-3kokura7.pdf,official_daily_result_pdf
202410030703,2024,小倉,3,7,3,2024-07-20,https://www.jra.go.jp/datafile/seiseki/report/2024/2024-3kokura7.pdf,official_daily_result_pdf
202410030704,2024,小倉,3,7,4,2024-07-20,https://www.jra.go.jp/datafile/seiseki/report/2024/2024-3kokura7.pdf,official_daily_result_pdf
202410030705,2024,小倉,3,7,5,2024-07-20,https://www.jra.go.jp/datafile/seiseki/report/2024/2024-3kokura7.pdf,official_daily_result_pdf
202410030706,2024,小倉,3,7,6,2024-07-20,https://www.jra.go.jp/datafile/seiseki/report/2024/2024-3kokura7.pdf,official_daily_result_pdf
202410030707,2024,小倉,3,7,7,2024-07-20,https://www.jra.go.jp/datafile/seiseki/report/2024/2024-3kokura7.pdf,official_daily_result_pdf
202410030708,2024,小倉,3,7,8,2024-07-20,https://www.jra.go.jp/datafile/seiseki/report/2024/2024-3kokura7.pdf,official_daily_result_pdf
202410030709,2024,小倉,3,7,9,2024-07-20,https://www.jra.go.jp/datafile/seiseki/report/2024/2024-3kokura7.pdf,official_daily_result_pdf
202410030710,2024,小倉,3,7,10,2024-07-20,https://www.jra.go.jp/datafile/seiseki/report/2024/2024-3kokura7.pdf,official_daily_result_pdf
202410030711,2024,小倉,3,7,11,2024-07-20,https://www.jra.go.jp/datafile/seiseki/report/2024/2024-3kokura7.pdf,official_daily_result_pdf
202410030712,2024,小倉,3,7,12,2024-07-20,https://www.jra.go.jp/datafile/seiseki/report/2024/2024-3kokura7.pdf,official_daily_result_pdf
202410030801,2024,小倉,3,8,1,2024-07-21,https://www.jra.go.jp/datafile/seiseki/report/2024/2024-3kokura8.pdf,official_daily_result_pdf
202410030802,2024,小倉,3,8,2,2024-07-21,https://www.jra.go.jp/datafile/seiseki/report/2024/2024-3kokura8.pdf,official_daily_result_pdf
202410030803,2024,小倉,3,8,3,2024-07-21,https://www.jra.go.jp/datafile/seiseki/report/2024/2024-3kokura8.pdf,official_daily_result_pdf
202410030804,2024,小倉,3,8,4,2024-07-21,https://www.jra.go.jp/datafile/seiseki/report/2024/2024-3kokura8.pdf,official_daily_result_pdf
202410030805,2024,小倉,3,8,5,2024-07-21,https://www.jra.go.jp/datafile/seiseki/report/2024/2024-3kokura8.pdf,official_daily_result_pdf
202410030806,2024,小倉,3,8,6,2024-07-21,https://www.jra.go.jp/datafile/seiseki/report/2024/2024-3kokura8.pdf,official_daily_result_pdf
202410030807,2024,小倉,3,8,7,2024-07-21,https://www.jra.go.jp/datafile/seiseki/report/2024/2024-3kokura8.pdf,official_daily_result_pdf
202410030808,2024,小倉,3,8,8,2024-07-21,https://www.jra.go.jp/datafile/seiseki/report/2024/2024-3kokura8.pdf,official_daily_result_pdf
202410030809,2024,小倉,3,8,9,2024-07-21,https://www.jra.go.jp/datafile/seiseki/report/2024/2024-3kokura8.pdf,official_daily_result_pdf
202410030810,2024,小倉,3,8,10,2024-07-21,https://www.jra.go.jp/datafile/seiseki/report/2024/2024-3kokura8.pdf,official_daily_result_pdf
202410030811,2024,小倉,3,8,11,2024-07-21,https://www.jra.go.jp/datafile/seiseki/report/2024/2024-3kokura8.pdf,official_daily_result_pdf
202410030812,2024,小倉,3,8,12,2024-07-21,https://www.jra.go.jp/datafile/seiseki/report/2024/2024-3kokura8.pdf,official_daily_result_pdf
202501010101,2025,札幌,1,1,1,2025-07-26,https://www.jra.go.jp/datafile/seiseki/report/2025/2025-1sapporo1.pdf,official_daily_result_pdf
202501010102,2025,札幌,1,1,2,2025-07-26,https://www.jra.go.jp/datafile/seiseki/report/2025/2025-1sapporo1.pdf,official_daily_result_pdf
202501010103,2025,札幌,1,1,3,2025-07-26,https://www.jra.go.jp/datafile/seiseki/report/2025/2025-1sapporo1.pdf,official_daily_result_pdf
202501010104,2025,札幌,1,1,4,2025-07-26,https://www.jra.go.jp/datafile/seiseki/report/2025/2025-1sapporo1.pdf,official_daily_result_pdf
202501010105,2025,札幌,1,1,5,2025-07-26,https://www.jra.go.jp/datafile/seiseki/report/2025/2025-1sapporo1.pdf,official_daily_result_pdf
202501010106,2025,札幌,1,1,6,2025-07-26,https://www.jra.go.jp/datafile/seiseki/report/2025/2025-1sapporo1.pdf,official_daily_result_pdf
202501010107,2025,札幌,1,1,7,2025-07-26,https://www.jra.go.jp/datafile/seiseki/report/2025/2025-1sapporo1.pdf,official_daily_result_pdf
202501010108,2025,札幌,1,1,8,2025-07-26,https://www.jra.go.jp/datafile/seiseki/report/2025/2025-1sapporo1.pdf,official_daily_result_pdf
202501010109,2025,札幌,1,1,9,2025-07-26,https://www.jra.go.jp/datafile/seiseki/report/2025/2025-1sapporo1.pdf,official_daily_result_pdf
202501010110,2025,札幌,1,1,10,2025-07-26,https://www.jra.go.jp/datafile/seiseki/report/2025/2025-1sapporo1.pdf,official_daily_result_pdf
202501010111,2025,札幌,1,1,11,2025-07-26,https://www.jra.go.jp/datafile/seiseki/report/2025/2025-1sapporo1.pdf,official_daily_result_pdf
202501010112,2025,札幌,1,1,12,2025-07-26,https://www.jra.go.jp/datafile/seiseki/report/2025/2025-1sapporo1.pdf,official_daily_result_pdf
202501010201,2025,札幌,1,2,1,2025-07-27,https://www.jra.go.jp/datafile/seiseki/report/2025/2025-1sapporo2.pdf,official_daily_result_pdf
202501010202,2025,札幌,1,2,2,2025-07-27,https://www.jra.go.jp/datafile/seiseki/report/2025/2025-1sapporo2.pdf,official_daily_result_pdf
202501010203,2025,札幌,1,2,3,2025-07-27,https://www.jra.go.jp/datafile/seiseki/report/2025/2025-1sapporo2.pdf,official_daily_result_pdf
202501010204,2025,札幌,1,2,4,2025-07-27,https://www.jra.go.jp/datafile/seiseki/report/2025/2025-1sapporo2.pdf,official_daily_result_pdf
202501010205,2025,札幌,1,2,5,2025-07-27,https://www.jra.go.jp/datafile/seiseki/report/2025/2025-1sapporo2.pdf,official_daily_result_pdf
202501010206,2025,札幌,1,2,6,2025-07-27,https://www.jra.go.jp/datafile/seiseki/report/2025/2025-1sapporo2.pdf,official_daily_result_pdf
202501010207,2025,札幌,1,2,7,2025-07-27,https://www.jra.go.jp/datafile/seiseki/report/2025/2025-1sapporo2.pdf,official_daily_result_pdf
202501010208,2025,札幌,1,2,8,2025-07-27,https://www.jra.go.jp/datafile/seiseki/report/2025/2025-1sapporo2.pdf,official_daily_result_pdf
202501010209,2025,札幌,1,2,9,2025-07-27,https://www.jra.go.jp/datafile/seiseki/report/2025/2025-1sapporo2.pdf,official_daily_result_pdf
202501010210,2025,札幌,1,2,10,2025-07-27,https://www.jra.go.jp/datafile/seiseki/report/2025/2025-1sapporo2.pdf,official_daily_result_pdf
202501010211,2025,札幌,1,2,11,2025-07-27,https://www.jra.go.jp/datafile/seiseki/report/2025/2025-1sapporo2.pdf,official_daily_result_pdf
202501010212,2025,札幌,1,2,12,2025-07-27,https://www.jra.go.jp/datafile/seiseki/report/2025/2025-1sapporo2.pdf,official_daily_result_pdf
202501010301,2025,札幌,1,3,1,2025-08-02,https://www.jra.go.jp/datafile/seiseki/report/2025/2025-1sapporo3.pdf,official_daily_result_pdf
202501010302,2025,札幌,1,3,2,2025-08-02,https://www.jra.go.jp/datafile/seiseki/report/2025/2025-1sapporo3.pdf,official_daily_result_pdf
202501010303,2025,札幌,1,3,3,2025-08-02,https://www.jra.go.jp/datafile/seiseki/report/2025/2025-1sapporo3.pdf,official_daily_result_pdf
202501010304,2025,札幌,1,3,4,2025-08-02,https://www.jra.go.jp/datafile/seiseki/report/2025/2025-1sapporo3.pdf,official_daily_result_pdf
202501010305,2025,札幌,1,3,5,2025-08-02,https://www.jra.go.jp/datafile/seiseki/report/2025/2025-1sapporo3.pdf,official_daily_result_pdf
202501010306,2025,札幌,1,3,6,2025-08-02,https://www.jra.go.jp/datafile/seiseki/report/2025/2025-1sapporo3.pdf,official_daily_result_pdf
202501010307,2025,札幌,1,3,7,2025-08-02,https://www.jra.go.jp/datafile/seiseki/report/2025/2025-1sapporo3.pdf,official_daily_result_pdf
202501010308,2025,札幌,1,3,8,2025-08-02,https://www.jra.go.jp/datafile/seiseki/report/2025/2025-1sapporo3.pdf,official_daily_result_pdf
202501010309,2025,札幌,1,3,9,2025-08-02,https://www.jra.go.jp/datafile/seiseki/report/2025/2025-1sapporo3.pdf,official_daily_result_pdf
202501010310,2025,札幌,1,3,10,2025-08-02,https://www.jra.go.jp/datafile/seiseki/report/2025/2025-1sapporo3.pdf,official_daily_result_pdf
202501010311,2025,札幌,1,3,11,2025-08-02,https://www.jra.go.jp/datafile/seiseki/report/2025/2025-1sapporo3.pdf,official_daily_result_pdf
202501010312,2025,札幌,1,3,12,2025-08-02,https://www.jra.go.jp/datafile/seiseki/report/2025/2025-1sapporo3.pdf,official_daily_result_pdf
202501010401,2025,札幌,1,4,1,2025-08-03,https://www.jra.go.jp/datafile/seiseki/report/2025/2025-1sapporo4.pdf,official_daily_result_pdf
202501010402,2025,札幌,1,4,2,2025-08-03,https://www.jra.go.jp/datafile/seiseki/report/2025/2025-1sapporo4.pdf,official_daily_result_pdf
202501010403,2025,札幌,1,4,3,2025-08-03,https://www.jra.go.jp/datafile/seiseki/report/2025/2025-1sapporo4.pdf,official_daily_result_pdf
202501010404,2025,札幌,1,4,4,2025-08-03,https://www.jra.go.jp/datafile/seiseki/report/2025/2025-1sapporo4.pdf,official_daily_result_pdf
202501010405,2025,札幌,1,4,5,2025-08-03,https://www.jra.go.jp/datafile/seiseki/report/2025/2025-1sapporo4.pdf,official_daily_result_pdf
202501010406,2025,札幌,1,4,6,2025-08-03,https://www.jra.go.jp/datafile/seiseki/report/2025/2025-1sapporo4.pdf,official_daily_result_pdf
202501010407,2025,札幌,1,4,7,2025-08-03,https://www.jra.go.jp/datafile/seiseki/report/2025/2025-1sapporo4.pdf,official_daily_result_pdf
202501010408,2025,札幌,1,4,8,2025-08-03,https://www.jra.go.jp/datafile/seiseki/report/2025/2025-1sapporo4.pdf,official_daily_result_pdf
202501010409,2025,札幌,1,4,9,2025-08-03,https://www.jra.go.jp/datafile/seiseki/report/2025/2025-1sapporo4.pdf,official_daily_result_pdf
202501010410,2025,札幌,1,4,10,2025-08-03,https://www.jra.go.jp/datafile/seiseki/report/2025/2025-1sapporo4.pdf,official_daily_result_pdf
202501010411,2025,札幌,1,4,11,2025-08-03,https://www.jra.go.jp/datafile/seiseki/report/2025/2025-1sapporo4.pdf,official_daily_result_pdf
202501010412,2025,札幌,1,4,12,2025-08-03,https://www.jra.go.jp/datafile/seiseki/report/2025/2025-1sapporo4.pdf,official_daily_result_pdf
202501010501,2025,札幌,1,5,1,2025-08-09,https://www.jra.go.jp/datafile/seiseki/report/2025/2025-1sapporo5.pdf,official_daily_result_pdf
202501010502,2025,札幌,1,5,2,2025-08-09,https://www.jra.go.jp/datafile/seiseki/report/2025/2025-1sapporo5.pdf,official_daily_result_pdf
202501010503,2025,札幌,1,5,3,2025-08-09,https://www.jra.go.jp/datafile/seiseki/report/2025/2025-1sapporo5.pdf,official_daily_result_pdf
202501010504,2025,札幌,1,5,4,2025-08-09,https://www.jra.go.jp/datafile/seiseki/report/2025/2025-1sapporo5.pdf,official_daily_result_pdf
202501010505,2025,札幌,1,5,5,2025-08-09,https://www.jra.go.jp/datafile/seiseki/report/2025/2025-1sapporo5.pdf,official_daily_result_pdf
202501010506,2025,札幌,1,5,6,2025-08-09,https://www.jra.go.jp/datafile/seiseki/report/2025/2025-1sapporo5.pdf,official_daily_result_pdf
202501010507,2025,札幌,1,5,7,2025-08-09,https://www.jra.go.jp/datafile/seiseki/report/2025/2025-1sapporo5.pdf,official_daily_result_pdf
202501010508,2025,札幌,1,5,8,2025-08-09,https://www.jra.go.jp/datafile/seiseki/report/2025/2025-1sapporo5.pdf,official_daily_result_pdf
202501010509,2025,札幌,1,5,9,2025-08-09,https://www.jra.go.jp/datafile/seiseki/report/2025/2025-1sapporo5.pdf,official_daily_result_pdf
202501010510,2025,札幌,1,5,10,2025-08-09,https://www.jra.go.jp/datafile/seiseki/report/2025/2025-1sapporo5.pdf,official_daily_result_pdf
202501010511,2025,札幌,1,5,11,2025-08-09,https://www.jra.go.jp/datafile/seiseki/report/2025/2025-1sapporo5.pdf,official_daily_result_pdf
202501010512,2025,札幌,1,5,12,2025-08-09,https://www.jra.go.jp/datafile/seiseki/report/2025/2025-1sapporo5.pdf,official_daily_result_pdf
202501010601,2025,札幌,1,6,1,2025-08-10,https://www.jra.go.jp/datafile/seiseki/report/2025/2025-1sapporo6.pdf,official_daily_result_pdf
202501010602,2025,札幌,1,6,2,2025-08-10,https://www.jra.go.jp/datafile/seiseki/report/2025/2025-1sapporo6.pdf,official_daily_result_pdf
202501010603,2025,札幌,1,6,3,2025-08-10,https://www.jra.go.jp/datafile/seiseki/report/2025/2025-1sapporo6.pdf,official_daily_result_pdf
202501010604,2025,札幌,1,6,4,2025-08-10,https://www.jra.go.jp/datafile/seiseki/report/2025/2025-1sapporo6.pdf,official_daily_result_pdf
202501010605,2025,札幌,1,6,5,2025-08-10,https://www.jra.go.jp/datafile/seiseki/report/2025/2025-1sapporo6.pdf,official_daily_result_pdf
202501010606,2025,札幌,1,6,6,2025-08-10,https://www.jra.go.jp/datafile/seiseki/report/2025/2025-1sapporo6.pdf,official_daily_result_pdf
202501010607,2025,札幌,1,6,7,2025-08-10,https://www.jra.go.jp/datafile/seiseki/report/2025/2025-1sapporo6.pdf,official_daily_result_pdf
202501010608,2025,札幌,1,6,8,2025-08-10,https://www.jra.go.jp/datafile/seiseki/report/2025/2025-1sapporo6.pdf,official_daily_result_pdf
202501010609,2025,札幌,1,6,9,2025-08-10,https://www.jra.go.jp/datafile/seiseki/report/2025/2025-1sapporo6.pdf,official_daily_result_pdf
202501010610,2025,札幌,1,6,10,2025-08-10,https://www.jra.go.jp/datafile/seiseki/report/2025/2025-1sapporo6.pdf,official_daily_result_pdf
202501010611,2025,札幌,1,6,11,2025-08-10,https://www.jra.go.jp/datafile/seiseki/report/2025/2025-1sapporo6.pdf,official_daily_result_pdf
202501010612,2025,札幌,1,6,12,2025-08-10,https://www.jra.go.jp/datafile/seiseki/report/2025/2025-1sapporo6.pdf,official_daily_result_pdf
202501010701,2025,札幌,1,7,1,2025-08-16,https://www.jra.go.jp/datafile/seiseki/report/2025/2025-1sapporo7.pdf,official_daily_result_pdf
202501010702,2025,札幌,1,7,2,2025-08-16,https://www.jra.go.jp/datafile/seiseki/report/2025/2025-1sapporo7.pdf,official_daily_result_pdf
202501010703,2025,札幌,1,7,3,2025-08-16,https://www.jra.go.jp/datafile/seiseki/report/2025/2025-1sapporo7.pdf,official_daily_result_pdf
202501010704,2025,札幌,1,7,4,2025-08-16,https://www.jra.go.jp/datafile/seiseki/report/2025/2025-1sapporo7.pdf,official_daily_result_pdf
202501010705,2025,札幌,1,7,5,2025-08-16,https://www.jra.go.jp/datafile/seiseki/report/2025/2025-1sapporo7.pdf,official_daily_result_pdf
202501010706,2025,札幌,1,7,6,2025-08-16,https://www.jra.go.jp/datafile/seiseki/report/2025/2025-1sapporo7.pdf,official_daily_result_pdf
202501010707,2025,札幌,1,7,7,2025-08-16,https://www.jra.go.jp/datafile/seiseki/report/2025/2025-1sapporo7.pdf,official_daily_result_pdf
202501010708,2025,札幌,1,7,8,2025-08-16,https://www.jra.go.jp/datafile/seiseki/report/2025/2025-1sapporo7.pdf,official_daily_result_pdf
202501010709,2025,札幌,1,7,9,2025-08-16,https://www.jra.go.jp/datafile/seiseki/report/2025/2025-1sapporo7.pdf,official_daily_result_pdf
202501010710,2025,札幌,1,7,10,2025-08-16,https://www.jra.go.jp/datafile/seiseki/report/2025/2025-1sapporo7.pdf,official_daily_result_pdf
202501010711,2025,札幌,1,7,11,2025-08-16,https://www.jra.go.jp/datafile/seiseki/report/2025/2025-1sapporo7.pdf,official_daily_result_pdf
202501010712,2025,札幌,1,7,12,2025-08-16,https://www.jra.go.jp/datafile/seiseki/report/2025/2025-1sapporo7.pdf,official_daily_result_pdf
202501010801,2025,札幌,1,8,1,2025-08-17,https://www.jra.go.jp/datafile/seiseki/report/2025/2025-1sapporo8.pdf,official_daily_result_pdf
202501010802,2025,札幌,1,8,2,2025-08-17,https://www.jra.go.jp/datafile/seiseki/report/2025/2025-1sapporo8.pdf,official_daily_result_pdf
202501010803,2025,札幌,1,8,3,2025-08-17,https://www.jra.go.jp/datafile/seiseki/report/2025/2025-1sapporo8.pdf,official_daily_result_pdf
202501010804,2025,札幌,1,8,4,2025-08-17,https://www.jra.go.jp/datafile/seiseki/report/2025/2025-1sapporo8.pdf,official_daily_result_pdf
202501010805,2025,札幌,1,8,5,2025-08-17,https://www.jra.go.jp/datafile/seiseki/report/2025/2025-1sapporo8.pdf,official_daily_result_pdf
202501010806,2025,札幌,1,8,6,2025-08-17,https://www.jra.go.jp/datafile/seiseki/report/2025/2025-1sapporo8.pdf,official_daily_result_pdf
202501010807,2025,札幌,1,8,7,2025-08-17,https://www.jra.go.jp/datafile/seiseki/report/2025/2025-1sapporo8.pdf,official_daily_result_pdf
202501010808,2025,札幌,1,8,8,2025-08-17,https://www.jra.go.jp/datafile/seiseki/report/2025/2025-1sapporo8.pdf,official_daily_result_pdf
202501010809,2025,札幌,1,8,9,2025-08-17,https://www.jra.go.jp/datafile/seiseki/report/2025/2025-1sapporo8.pdf,official_daily_result_pdf
202501010810,2025,札幌,1,8,10,2025-08-17,https://www.jra.go.jp/datafile/seiseki/report/2025/2025-1sapporo8.pdf,official_daily_result_pdf
202501010811,2025,札幌,1,8,11,2025-08-17,https://www.jra.go.jp/datafile/seiseki/report/2025/2025-1sapporo8.pdf,official_daily_result_pdf
202501010812,2025,札幌,1,8,12,2025-08-17,https://www.jra.go.jp/datafile/seiseki/report/2025/2025-1sapporo8.pdf,official_daily_result_pdf
202501020101,2025,札幌,2,1,1,2025-08-23,https://www.jra.go.jp/datafile/seiseki/report/2025/2025-2sapporo1.pdf,official_daily_result_pdf
202501020102,2025,札幌,2,1,2,2025-08-23,https://www.jra.go.jp/datafile/seiseki/report/2025/2025-2sapporo1.pdf,official_daily_result_pdf
202501020103,2025,札幌,2,1,3,2025-08-23,https://www.jra.go.jp/datafile/seiseki/report/2025/2025-2sapporo1.pdf,official_daily_result_pdf
202501020104,2025,札幌,2,1,4,2025-08-23,https://www.jra.go.jp/datafile/seiseki/report/2025/2025-2sapporo1.pdf,official_daily_result_pdf
202501020105,2025,札幌,2,1,5,2025-08-23,https://www.jra.go.jp/datafile/seiseki/report/2025/2025-2sapporo1.pdf,official_daily_result_pdf
202501020106,2025,札幌,2,1,6,2025-08-23,https://www.jra.go.jp/datafile/seiseki/report/2025/2025-2sapporo1.pdf,official_daily_result_pdf
202501020107,2025,札幌,2,1,7,2025-08-23,https://www.jra.go.jp/datafile/seiseki/report/2025/2025-2sapporo1.pdf,official_daily_result_pdf
202501020108,2025,札幌,2,1,8,2025-08-23,https://www.jra.go.jp/datafile/seiseki/report/2025/2025-2sapporo1.pdf,official_daily_result_pdf
202501020109,2025,札幌,2,1,9,2025-08-23,https://www.jra.go.jp/datafile/seiseki/report/2025/2025-2sapporo1.pdf,official_daily_result_pdf
202501020110,2025,札幌,2,1,10,2025-08-23,https://www.jra.go.jp/datafile/seiseki/report/2025/2025-2sapporo1.pdf,official_daily_result_pdf
202501020111,2025,札幌,2,1,11,2025-08-23,https://www.jra.go.jp/datafile/seiseki/report/2025/2025-2sapporo1.pdf,official_daily_result_pdf
202501020112,2025,札幌,2,1,12,2025-08-23,https://www.jra.go.jp/datafile/seiseki/report/2025/2025-2sapporo1.pdf,official_daily_result_pdf
202501020201,2025,札幌,2,2,1,2025-08-24,https://www.jra.go.jp/datafile/seiseki/report/2025/2025-2sapporo2.pdf,official_daily_result_pdf
202501020202,2025,札幌,2,2,2,2025-08-24,https://www.jra.go.jp/datafile/seiseki/report/2025/2025-2sapporo2.pdf,official_daily_result_pdf
202501020203,2025,札幌,2,2,3,2025-08-24,https://www.jra.go.jp/datafile/seiseki/report/2025/2025-2sapporo2.pdf,official_daily_result_pdf
202501020204,2025,札幌,2,2,4,2025-08-24,https://www.jra.go.jp/datafile/seiseki/report/2025/2025-2sapporo2.pdf,official_daily_result_pdf
202501020205,2025,札幌,2,2,5,2025-08-24,https://www.jra.go.jp/datafile/seiseki/report/2025/2025-2sapporo2.pdf,official_daily_result_pdf
202501020206,2025,札幌,2,2,6,2025-08-24,https://www.jra.go.jp/datafile/seiseki/report/2025/2025-2sapporo2.pdf,official_daily_result_pdf
202501020207,2025,札幌,2,2,7,2025-08-24,https://www.jra.go.jp/datafile/seiseki/report/2025/2025-2sapporo2.pdf,official_daily_result_pdf
202501020208,2025,札幌,2,2,8,2025-08-24,https://www.jra.go.jp/datafile/seiseki/report/2025/2025-2sapporo2.pdf,official_daily_result_pdf
202501020209,2025,札幌,2,2,9,2025-08-24,https://www.jra.go.jp/datafile/seiseki/report/2025/2025-2sapporo2.pdf,official_daily_result_pdf
202501020210,2025,札幌,2,2,10,2025-08-24,https://www.jra.go.jp/datafile/seiseki/report/2025/2025-2sapporo2.pdf,official_daily_result_pdf
202501020211,2025,札幌,2,2,11,2025-08-24,https://www.jra.go.jp/datafile/seiseki/report/2025/2025-2sapporo2.pdf,official_daily_result_pdf
202501020212,2025,札幌,2,2,12,2025-08-24,https://www.jra.go.jp/datafile/seiseki/report/2025/2025-2sapporo2.pdf,official_daily_result_pdf
202501020301,2025,札幌,2,3,1,2025-08-30,https://www.jra.go.jp/datafile/seiseki/report/2025/2025-2sapporo3.pdf,official_daily_result_pdf
202501020302,2025,札幌,2,3,2,2025-08-30,https://www.jra.go.jp/datafile/seiseki/report/2025/2025-2sapporo3.pdf,official_daily_result_pdf
202501020303,2025,札幌,2,3,3,2025-08-30,https://www.jra.go.jp/datafile/seiseki/report/2025/2025-2sapporo3.pdf,official_daily_result_pdf
202501020304,2025,札幌,2,3,4,2025-08-30,https://www.jra.go.jp/datafile/seiseki/report/2025/2025-2sapporo3.pdf,official_daily_result_pdf
202501020305,2025,札幌,2,3,5,2025-08-30,https://www.jra.go.jp/datafile/seiseki/report/2025/2025-2sapporo3.pdf,official_daily_result_pdf
202501020306,2025,札幌,2,3,6,2025-08-30,https://www.jra.go.jp/datafile/seiseki/report/2025/2025-2sapporo3.pdf,official_daily_result_pdf
202501020307,2025,札幌,2,3,7,2025-08-30,https://www.jra.go.jp/datafile/seiseki/report/2025/2025-2sapporo3.pdf,official_daily_result_pdf
202501020308,2025,札幌,2,3,8,2025-08-30,https://www.jra.go.jp/datafile/seiseki/report/2025/2025-2sapporo3.pdf,official_daily_result_pdf
202501020309,2025,札幌,2,3,9,2025-08-30,https://www.jra.go.jp/datafile/seiseki/report/2025/2025-2sapporo3.pdf,official_daily_result_pdf
202501020310,2025,札幌,2,3,10,2025-08-30,https://www.jra.go.jp/datafile/seiseki/report/2025/2025-2sapporo3.pdf,official_daily_result_pdf
202501020311,2025,札幌,2,3,11,2025-08-30,https://www.jra.go.jp/datafile/seiseki/report/2025/2025-2sapporo3.pdf,official_daily_result_pdf
202501020312,2025,札幌,2,3,12,2025-08-30,https://www.jra.go.jp/datafile/seiseki/report/2025/2025-2sapporo3.pdf,official_daily_result_pdf
202501020401,2025,札幌,2,4,1,2025-08-31,https://www.jra.go.jp/datafile/seiseki/report/2025/2025-2sapporo4.pdf,official_daily_result_pdf
202501020402,2025,札幌,2,4,2,2025-08-31,https://www.jra.go.jp/datafile/seiseki/report/2025/2025-2sapporo4.pdf,official_daily_result_pdf
202501020403,2025,札幌,2,4,3,2025-08-31,https://www.jra.go.jp/datafile/seiseki/report/2025/2025-2sapporo4.pdf,official_daily_result_pdf
202501020404,2025,札幌,2,4,4,2025-08-31,https://www.jra.go.jp/datafile/seiseki/report/2025/2025-2sapporo4.pdf,official_daily_result_pdf
202501020405,2025,札幌,2,4,5,2025-08-31,https://www.jra.go.jp/datafile/seiseki/report/2025/2025-2sapporo4.pdf,official_daily_result_pdf
202501020406,2025,札幌,2,4,6,2025-08-31,https://www.jra.go.jp/datafile/seiseki/report/2025/2025-2sapporo4.pdf,official_daily_result_pdf
202501020407,2025,札幌,2,4,7,2025-08-31,https://www.jra.go.jp/datafile/seiseki/report/2025/2025-2sapporo4.pdf,official_daily_result_pdf
202501020408,2025,札幌,2,4,8,2025-08-31,https://www.jra.go.jp/datafile/seiseki/report/2025/2025-2sapporo4.pdf,official_daily_result_pdf
202501020409,2025,札幌,2,4,9,2025-08-31,https://www.jra.go.jp/datafile/seiseki/report/2025/2025-2sapporo4.pdf,official_daily_result_pdf
202501020410,2025,札幌,2,4,10,2025-08-31,https://www.jra.go.jp/datafile/seiseki/report/2025/2025-2sapporo4.pdf,official_daily_result_pdf
202501020411,2025,札幌,2,4,11,2025-08-31,https://www.jra.go.jp/datafile/seiseki/report/2025/2025-2sapporo4.pdf,official_daily_result_pdf
202501020412,2025,札幌,2,4,12,2025-08-31,https://www.jra.go.jp/datafile/seiseki/report/2025/2025-2sapporo4.pdf,official_daily_result_pdf
202501020501,2025,札幌,2,5,1,2025-09-06,https://www.jra.go.jp/datafile/seiseki/report/2025/2025-2sapporo5.pdf,official_daily_result_pdf
202501020502,2025,札幌,2,5,2,2025-09-06,https://www.jra.go.jp/datafile/seiseki/report/2025/2025-2sapporo5.pdf,official_daily_result_pdf
202501020503,2025,札幌,2,5,3,2025-09-06,https://www.jra.go.jp/datafile/seiseki/report/2025/2025-2sapporo5.pdf,official_daily_result_pdf
202501020504,2025,札幌,2,5,4,2025-09-06,https://www.jra.go.jp/datafile/seiseki/report/2025/2025-2sapporo5.pdf,official_daily_result_pdf
202501020505,2025,札幌,2,5,5,2025-09-06,https://www.jra.go.jp/datafile/seiseki/report/2025/2025-2sapporo5.pdf,official_daily_result_pdf
202501020506,2025,札幌,2,5,6,2025-09-06,https://www.jra.go.jp/datafile/seiseki/report/2025/2025-2sapporo5.pdf,official_daily_result_pdf
202501020507,2025,札幌,2,5,7,2025-09-06,https://www.jra.go.jp/datafile/seiseki/report/2025/2025-2sapporo5.pdf,official_daily_result_pdf
202501020508,2025,札幌,2,5,8,2025-09-06,https://www.jra.go.jp/datafile/seiseki/report/2025/2025-2sapporo5.pdf,official_daily_result_pdf
202501020509,2025,札幌,2,5,9,2025-09-06,https://www.jra.go.jp/datafile/seiseki/report/2025/2025-2sapporo5.pdf,official_daily_result_pdf
202501020510,2025,札幌,2,5,10,2025-09-06,https://www.jra.go.jp/datafile/seiseki/report/2025/2025-2sapporo5.pdf,official_daily_result_pdf
202501020511,2025,札幌,2,5,11,2025-09-06,https://www.jra.go.jp/datafile/seiseki/report/2025/2025-2sapporo5.pdf,official_daily_result_pdf
202501020512,2025,札幌,2,5,12,2025-09-06,https://www.jra.go.jp/datafile/seiseki/report/2025/2025-2sapporo5.pdf,official_daily_result_pdf
202501020601,2025,札幌,2,6,1,2025-09-07,https://www.jra.go.jp/datafile/seiseki/report/2025/2025-2sapporo6.pdf,official_daily_result_pdf
202501020602,2025,札幌,2,6,2,2025-09-07,https://www.jra.go.jp/datafile/seiseki/report/2025/2025-2sapporo6.pdf,official_daily_result_pdf
202501020603,2025,札幌,2,6,3,2025-09-07,https://www.jra.go.jp/datafile/seiseki/report/2025/2025-2sapporo6.pdf,official_daily_result_pdf
202501020604,2025,札幌,2,6,4,2025-09-07,https://www.jra.go.jp/datafile/seiseki/report/2025/2025-2sapporo6.pdf,official_daily_result_pdf
202501020605,2025,札幌,2,6,5,2025-09-07,https://www.jra.go.jp/datafile/seiseki/report/2025/2025-2sapporo6.pdf,official_daily_result_pdf
202501020606,2025,札幌,2,6,6,2025-09-07,https://www.jra.go.jp/datafile/seiseki/report/2025/2025-2sapporo6.pdf,official_daily_result_pdf
202501020607,2025,札幌,2,6,7,2025-09-07,https://www.jra.go.jp/datafile/seiseki/report/2025/2025-2sapporo6.pdf,official_daily_result_pdf
202501020608,2025,札幌,2,6,8,2025-09-07,https://www.jra.go.jp/datafile/seiseki/report/2025/2025-2sapporo6.pdf,official_daily_result_pdf
202501020609,2025,札幌,2,6,9,2025-09-07,https://www.jra.go.jp/datafile/seiseki/report/2025/2025-2sapporo6.pdf,official_daily_result_pdf
202501020610,2025,札幌,2,6,10,2025-09-07,https://www.jra.go.jp/datafile/seiseki/report/2025/2025-2sapporo6.pdf,official_daily_result_pdf
202501020611,2025,札幌,2,6,11,2025-09-07,https://www.jra.go.jp/datafile/seiseki/report/2025/2025-2sapporo6.pdf,official_daily_result_pdf
202501020612,2025,札幌,2,6,12,2025-09-07,https://www.jra.go.jp/datafile/seiseki/report/2025/2025-2sapporo6.pdf,official_daily_result_pdf
202502010101,2025,函館,1,1,1,2025-06-14,https://www.jra.go.jp/datafile/seiseki/report/2025/2025-1hakodate1.pdf,official_daily_result_pdf
202502010102,2025,函館,1,1,2,2025-06-14,https://www.jra.go.jp/datafile/seiseki/report/2025/2025-1hakodate1.pdf,official_daily_result_pdf
202502010103,2025,函館,1,1,3,2025-06-14,https://www.jra.go.jp/datafile/seiseki/report/2025/2025-1hakodate1.pdf,official_daily_result_pdf
202502010104,2025,函館,1,1,4,2025-06-14,https://www.jra.go.jp/datafile/seiseki/report/2025/2025-1hakodate1.pdf,official_daily_result_pdf
202502010105,2025,函館,1,1,5,2025-06-14,https://www.jra.go.jp/datafile/seiseki/report/2025/2025-1hakodate1.pdf,official_daily_result_pdf
202502010106,2025,函館,1,1,6,2025-06-14,https://www.jra.go.jp/datafile/seiseki/report/2025/2025-1hakodate1.pdf,official_daily_result_pdf
202502010107,2025,函館,1,1,7,2025-06-14,https://www.jra.go.jp/datafile/seiseki/report/2025/2025-1hakodate1.pdf,official_daily_result_pdf
202502010108,2025,函館,1,1,8,2025-06-14,https://www.jra.go.jp/datafile/seiseki/report/2025/2025-1hakodate1.pdf,official_daily_result_pdf
202502010109,2025,函館,1,1,9,2025-06-14,https://www.jra.go.jp/datafile/seiseki/report/2025/2025-1hakodate1.pdf,official_daily_result_pdf
202502010110,2025,函館,1,1,10,2025-06-14,https://www.jra.go.jp/datafile/seiseki/report/2025/2025-1hakodate1.pdf,official_daily_result_pdf
202502010111,2025,函館,1,1,11,2025-06-14,https://www.jra.go.jp/datafile/seiseki/report/2025/2025-1hakodate1.pdf,official_daily_result_pdf
202502010112,2025,函館,1,1,12,2025-06-14,https://www.jra.go.jp/datafile/seiseki/report/2025/2025-1hakodate1.pdf,official_daily_result_pdf
202502010201,2025,函館,1,2,1,2025-06-15,https://www.jra.go.jp/datafile/seiseki/report/2025/2025-1hakodate2.pdf,official_daily_result_pdf
202502010202,2025,函館,1,2,2,2025-06-15,https://www.jra.go.jp/datafile/seiseki/report/2025/2025-1hakodate2.pdf,official_daily_result_pdf
202502010203,2025,函館,1,2,3,2025-06-15,https://www.jra.go.jp/datafile/seiseki/report/2025/2025-1hakodate2.pdf,official_daily_result_pdf
202502010204,2025,函館,1,2,4,2025-06-15,https://www.jra.go.jp/datafile/seiseki/report/2025/2025-1hakodate2.pdf,official_daily_result_pdf
202502010205,2025,函館,1,2,5,2025-06-15,https://www.jra.go.jp/datafile/seiseki/report/2025/2025-1hakodate2.pdf,official_daily_result_pdf
202502010206,2025,函館,1,2,6,2025-06-15,https://www.jra.go.jp/datafile/seiseki/report/2025/2025-1hakodate2.pdf,official_daily_result_pdf
202502010207,2025,函館,1,2,7,2025-06-15,https://www.jra.go.jp/datafile/seiseki/report/2025/2025-1hakodate2.pdf,official_daily_result_pdf
202502010208,2025,函館,1,2,8,2025-06-15,https://www.jra.go.jp/datafile/seiseki/report/2025/2025-1hakodate2.pdf,official_daily_result_pdf
202502010209,2025,函館,1,2,9,2025-06-15,https://www.jra.go.jp/datafile/seiseki/report/2025/2025-1hakodate2.pdf,official_daily_result_pdf
202502010210,2025,函館,1,2,10,2025-06-15,https://www.jra.go.jp/datafile/seiseki/report/2025/2025-1hakodate2.pdf,official_daily_result_pdf
202502010211,2025,函館,1,2,11,2025-06-15,https://www.jra.go.jp/datafile/seiseki/report/2025/2025-1hakodate2.pdf,official_daily_result_pdf
202502010212,2025,函館,1,2,12,2025-06-15,https://www.jra.go.jp/datafile/seiseki/report/2025/2025-1hakodate2.pdf,official_daily_result_pdf
202502010301,2025,函館,1,3,1,2025-06-21,https://www.jra.go.jp/datafile/seiseki/report/2025/2025-1hakodate3.pdf,official_daily_result_pdf
202502010302,2025,函館,1,3,2,2025-06-21,https://www.jra.go.jp/datafile/seiseki/report/2025/2025-1hakodate3.pdf,official_daily_result_pdf
202502010303,2025,函館,1,3,3,2025-06-21,https://www.jra.go.jp/datafile/seiseki/report/2025/2025-1hakodate3.pdf,official_daily_result_pdf
202502010304,2025,函館,1,3,4,2025-06-21,https://www.jra.go.jp/datafile/seiseki/report/2025/2025-1hakodate3.pdf,official_daily_result_pdf
202502010305,2025,函館,1,3,5,2025-06-21,https://www.jra.go.jp/datafile/seiseki/report/2025/2025-1hakodate3.pdf,official_daily_result_pdf
202502010306,2025,函館,1,3,6,2025-06-21,https://www.jra.go.jp/datafile/seiseki/report/2025/2025-1hakodate3.pdf,official_daily_result_pdf
202502010307,2025,函館,1,3,7,2025-06-21,https://www.jra.go.jp/datafile/seiseki/report/2025/2025-1hakodate3.pdf,official_daily_result_pdf
202502010308,2025,函館,1,3,8,2025-06-21,https://www.jra.go.jp/datafile/seiseki/report/2025/2025-1hakodate3.pdf,official_daily_result_pdf
202502010309,2025,函館,1,3,9,2025-06-21,https://www.jra.go.jp/datafile/seiseki/report/2025/2025-1hakodate3.pdf,official_daily_result_pdf
202502010310,2025,函館,1,3,10,2025-06-21,https://www.jra.go.jp/datafile/seiseki/report/2025/2025-1hakodate3.pdf,official_daily_result_pdf
202502010311,2025,函館,1,3,11,2025-06-21,https://www.jra.go.jp/datafile/seiseki/report/2025/2025-1hakodate3.pdf,official_daily_result_pdf
202502010312,2025,函館,1,3,12,2025-06-21,https://www.jra.go.jp/datafile/seiseki/report/2025/2025-1hakodate3.pdf,official_daily_result_pdf
202502010401,2025,函館,1,4,1,2025-06-22,https://www.jra.go.jp/datafile/seiseki/report/2025/2025-1hakodate4.pdf,official_daily_result_pdf
202502010402,2025,函館,1,4,2,2025-06-22,https://www.jra.go.jp/datafile/seiseki/report/2025/2025-1hakodate4.pdf,official_daily_result_pdf
202502010403,2025,函館,1,4,3,2025-06-22,https://www.jra.go.jp/datafile/seiseki/report/2025/2025-1hakodate4.pdf,official_daily_result_pdf
202502010404,2025,函館,1,4,4,2025-06-22,https://www.jra.go.jp/datafile/seiseki/report/2025/2025-1hakodate4.pdf,official_daily_result_pdf
202502010405,2025,函館,1,4,5,2025-06-22,https://www.jra.go.jp/datafile/seiseki/report/2025/2025-1hakodate4.pdf,official_daily_result_pdf
202502010406,2025,函館,1,4,6,2025-06-22,https://www.jra.go.jp/datafile/seiseki/report/2025/2025-1hakodate4.pdf,official_daily_result_pdf
202502010407,2025,函館,1,4,7,2025-06-22,https://www.jra.go.jp/datafile/seiseki/report/2025/2025-1hakodate4.pdf,official_daily_result_pdf
202502010408,2025,函館,1,4,8,2025-06-22,https://www.jra.go.jp/datafile/seiseki/report/2025/2025-1hakodate4.pdf,official_daily_result_pdf
202502010409,2025,函館,1,4,9,2025-06-22,https://www.jra.go.jp/datafile/seiseki/report/2025/2025-1hakodate4.pdf,official_daily_result_pdf
202502010410,2025,函館,1,4,10,2025-06-22,https://www.jra.go.jp/datafile/seiseki/report/2025/2025-1hakodate4.pdf,official_daily_result_pdf
202502010411,2025,函館,1,4,11,2025-06-22,https://www.jra.go.jp/datafile/seiseki/report/2025/2025-1hakodate4.pdf,official_daily_result_pdf
202502010412,2025,函館,1,4,12,2025-06-22,https://www.jra.go.jp/datafile/seiseki/report/2025/2025-1hakodate4.pdf,official_daily_result_pdf
202502010501,2025,函館,1,5,1,2025-06-28,https://www.jra.go.jp/datafile/seiseki/report/2025/2025-1hakodate5.pdf,official_daily_result_pdf
202502010502,2025,函館,1,5,2,2025-06-28,https://www.jra.go.jp/datafile/seiseki/report/2025/2025-1hakodate5.pdf,official_daily_result_pdf
202502010503,2025,函館,1,5,3,2025-06-28,https://www.jra.go.jp/datafile/seiseki/report/2025/2025-1hakodate5.pdf,official_daily_result_pdf
202502010504,2025,函館,1,5,4,2025-06-28,https://www.jra.go.jp/datafile/seiseki/report/2025/2025-1hakodate5.pdf,official_daily_result_pdf
202502010505,2025,函館,1,5,5,2025-06-28,https://www.jra.go.jp/datafile/seiseki/report/2025/2025-1hakodate5.pdf,official_daily_result_pdf
202502010506,2025,函館,1,5,6,2025-06-28,https://www.jra.go.jp/datafile/seiseki/report/2025/2025-1hakodate5.pdf,official_daily_result_pdf
202502010507,2025,函館,1,5,7,2025-06-28,https://www.jra.go.jp/datafile/seiseki/report/2025/2025-1hakodate5.pdf,official_daily_result_pdf
202502010508,2025,函館,1,5,8,2025-06-28,https://www.jra.go.jp/datafile/seiseki/report/2025/2025-1hakodate5.pdf,official_daily_result_pdf
202502010509,2025,函館,1,5,9,2025-06-28,https://www.jra.go.jp/datafile/seiseki/report/2025/2025-1hakodate5.pdf,official_daily_result_pdf
202502010510,2025,函館,1,5,10,2025-06-28,https://www.jra.go.jp/datafile/seiseki/report/2025/2025-1hakodate5.pdf,official_daily_result_pdf
202502010511,2025,函館,1,5,11,2025-06-28,https://www.jra.go.jp/datafile/seiseki/report/2025/2025-1hakodate5.pdf,official_daily_result_pdf
202502010512,2025,函館,1,5,12,2025-06-28,https://www.jra.go.jp/datafile/seiseki/report/2025/2025-1hakodate5.pdf,official_daily_result_pdf
202502010601,2025,函館,1,6,1,2025-06-29,https://www.jra.go.jp/datafile/seiseki/report/2025/2025-1hakodate6.pdf,official_daily_result_pdf
202502010602,2025,函館,1,6,2,2025-06-29,https://www.jra.go.jp/datafile/seiseki/report/2025/2025-1hakodate6.pdf,official_daily_result_pdf
202502010603,2025,函館,1,6,3,2025-06-29,https://www.jra.go.jp/datafile/seiseki/report/2025/2025-1hakodate6.pdf,official_daily_result_pdf
202502010604,2025,函館,1,6,4,2025-06-29,https://www.jra.go.jp/datafile/seiseki/report/2025/2025-1hakodate6.pdf,official_daily_result_pdf
202502010605,2025,函館,1,6,5,2025-06-29,https://www.jra.go.jp/datafile/seiseki/report/2025/2025-1hakodate6.pdf,official_daily_result_pdf
202502010606,2025,函館,1,6,6,2025-06-29,https://www.jra.go.jp/datafile/seiseki/report/2025/2025-1hakodate6.pdf,official_daily_result_pdf
202502010607,2025,函館,1,6,7,2025-06-29,https://www.jra.go.jp/datafile/seiseki/report/2025/2025-1hakodate6.pdf,official_daily_result_pdf
202502010608,2025,函館,1,6,8,2025-06-29,https://www.jra.go.jp/datafile/seiseki/report/2025/2025-1hakodate6.pdf,official_daily_result_pdf
202502010609,2025,函館,1,6,9,2025-06-29,https://www.jra.go.jp/datafile/seiseki/report/2025/2025-1hakodate6.pdf,official_daily_result_pdf
202502010610,2025,函館,1,6,10,2025-06-29,https://www.jra.go.jp/datafile/seiseki/report/2025/2025-1hakodate6.pdf,official_daily_result_pdf
202502010611,2025,函館,1,6,11,2025-06-29,https://www.jra.go.jp/datafile/seiseki/report/2025/2025-1hakodate6.pdf,official_daily_result_pdf
202502010612,2025,函館,1,6,12,2025-06-29,https://www.jra.go.jp/datafile/seiseki/report/2025/2025-1hakodate6.pdf,official_daily_result_pdf
202502010701,2025,函館,1,7,1,2025-07-05,https://www.jra.go.jp/datafile/seiseki/report/2025/2025-1hakodate7.pdf,official_daily_result_pdf
202502010702,2025,函館,1,7,2,2025-07-05,https://www.jra.go.jp/datafile/seiseki/report/2025/2025-1hakodate7.pdf,official_daily_result_pdf
202502010703,2025,函館,1,7,3,2025-07-05,https://www.jra.go.jp/datafile/seiseki/report/2025/2025-1hakodate7.pdf,official_daily_result_pdf
202502010704,2025,函館,1,7,4,2025-07-05,https://www.jra.go.jp/datafile/seiseki/report/2025/2025-1hakodate7.pdf,official_daily_result_pdf
202502010705,2025,函館,1,7,5,2025-07-05,https://www.jra.go.jp/datafile/seiseki/report/2025/2025-1hakodate7.pdf,official_daily_result_pdf
202502010706,2025,函館,1,7,6,2025-07-05,https://www.jra.go.jp/datafile/seiseki/report/2025/2025-1hakodate7.pdf,official_daily_result_pdf
202502010707,2025,函館,1,7,7,2025-07-05,https://www.jra.go.jp/datafile/seiseki/report/2025/2025-1hakodate7.pdf,official_daily_result_pdf
202502010708,2025,函館,1,7,8,2025-07-05,https://www.jra.go.jp/datafile/seiseki/report/2025/2025-1hakodate7.pdf,official_daily_result_pdf
202502010709,2025,函館,1,7,9,2025-07-05,https://www.jra.go.jp/datafile/seiseki/report/2025/2025-1hakodate7.pdf,official_daily_result_pdf
202502010710,2025,函館,1,7,10,2025-07-05,https://www.jra.go.jp/datafile/seiseki/report/2025/2025-1hakodate7.pdf,official_daily_result_pdf
202502010711,2025,函館,1,7,11,2025-07-05,https://www.jra.go.jp/datafile/seiseki/report/2025/2025-1hakodate7.pdf,official_daily_result_pdf
202502010712,2025,函館,1,7,12,2025-07-05,https://www.jra.go.jp/datafile/seiseki/report/2025/2025-1hakodate7.pdf,official_daily_result_pdf
202502010801,2025,函館,1,8,1,2025-07-06,https://www.jra.go.jp/datafile/seiseki/report/2025/2025-1hakodate8.pdf,official_daily_result_pdf
202502010802,2025,函館,1,8,2,2025-07-06,https://www.jra.go.jp/datafile/seiseki/report/2025/2025-1hakodate8.pdf,official_daily_result_pdf
202502010803,2025,函館,1,8,3,2025-07-06,https://www.jra.go.jp/datafile/seiseki/report/2025/2025-1hakodate8.pdf,official_daily_result_pdf
202502010804,2025,函館,1,8,4,2025-07-06,https://www.jra.go.jp/datafile/seiseki/report/2025/2025-1hakodate8.pdf,official_daily_result_pdf
202502010805,2025,函館,1,8,5,2025-07-06,https://www.jra.go.jp/datafile/seiseki/report/2025/2025-1hakodate8.pdf,official_daily_result_pdf
202502010806,2025,函館,1,8,6,2025-07-06,https://www.jra.go.jp/datafile/seiseki/report/2025/2025-1hakodate8.pdf,official_daily_result_pdf
202502010807,2025,函館,1,8,7,2025-07-06,https://www.jra.go.jp/datafile/seiseki/report/2025/2025-1hakodate8.pdf,official_daily_result_pdf
202502010808,2025,函館,1,8,8,2025-07-06,https://www.jra.go.jp/datafile/seiseki/report/2025/2025-1hakodate8.pdf,official_daily_result_pdf
202502010809,2025,函館,1,8,9,2025-07-06,https://www.jra.go.jp/datafile/seiseki/report/2025/2025-1hakodate8.pdf,official_daily_result_pdf
202502010810,2025,函館,1,8,10,2025-07-06,https://www.jra.go.jp/datafile/seiseki/report/2025/2025-1hakodate8.pdf,official_daily_result_pdf
202502010811,2025,函館,1,8,11,2025-07-06,https://www.jra.go.jp/datafile/seiseki/report/2025/2025-1hakodate8.pdf,official_daily_result_pdf
202502010812,2025,函館,1,8,12,2025-07-06,https://www.jra.go.jp/datafile/seiseki/report/2025/2025-1hakodate8.pdf,official_daily_result_pdf
202502010901,2025,函館,1,9,1,2025-07-12,https://www.jra.go.jp/datafile/seiseki/report/2025/2025-1hakodate9.pdf,official_daily_result_pdf
202502010902,2025,函館,1,9,2,2025-07-12,https://www.jra.go.jp/datafile/seiseki/report/2025/2025-1hakodate9.pdf,official_daily_result_pdf
202502010903,2025,函館,1,9,3,2025-07-12,https://www.jra.go.jp/datafile/seiseki/report/2025/2025-1hakodate9.pdf,official_daily_result_pdf
202502010904,2025,函館,1,9,4,2025-07-12,https://www.jra.go.jp/datafile/seiseki/report/2025/2025-1hakodate9.pdf,official_daily_result_pdf
202502010905,2025,函館,1,9,5,2025-07-12,https://www.jra.go.jp/datafile/seiseki/report/2025/2025-1hakodate9.pdf,official_daily_result_pdf
202502010906,2025,函館,1,9,6,2025-07-12,https://www.jra.go.jp/datafile/seiseki/report/2025/2025-1hakodate9.pdf,official_daily_result_pdf
202502010907,2025,函館,1,9,7,2025-07-12,https://www.jra.go.jp/datafile/seiseki/report/2025/2025-1hakodate9.pdf,official_daily_result_pdf
202502010908,2025,函館,1,9,8,2025-07-12,https://www.jra.go.jp/datafile/seiseki/report/2025/2025-1hakodate9.pdf,official_daily_result_pdf
202502010909,2025,函館,1,9,9,2025-07-12,https://www.jra.go.jp/datafile/seiseki/report/2025/2025-1hakodate9.pdf,official_daily_result_pdf
202502010910,2025,函館,1,9,10,2025-07-12,https://www.jra.go.jp/datafile/seiseki/report/2025/2025-1hakodate9.pdf,official_daily_result_pdf
202502010911,2025,函館,1,9,11,2025-07-12,https://www.jra.go.jp/datafile/seiseki/report/2025/2025-1hakodate9.pdf,official_daily_result_pdf
202502010912,2025,函館,1,9,12,2025-07-12,https://www.jra.go.jp/datafile/seiseki/report/2025/2025-1hakodate9.pdf,official_daily_result_pdf
202502011001,2025,函館,1,10,1,2025-07-13,https://www.jra.go.jp/datafile/seiseki/report/2025/2025-1hakodate10.pdf,official_daily_result_pdf
202502011002,2025,函館,1,10,2,2025-07-13,https://www.jra.go.jp/datafile/seiseki/report/2025/2025-1hakodate10.pdf,official_daily_result_pdf
202502011003,2025,函館,1,10,3,2025-07-13,https://www.jra.go.jp/datafile/seiseki/report/2025/2025-1hakodate10.pdf,official_daily_result_pdf
202502011004,2025,函館,1,10,4,2025-07-13,https://www.jra.go.jp/datafile/seiseki/report/2025/2025-1hakodate10.pdf,official_daily_result_pdf
202502011005,2025,函館,1,10,5,2025-07-13,https://www.jra.go.jp/datafile/seiseki/report/2025/2025-1hakodate10.pdf,official_daily_result_pdf
202502011006,2025,函館,1,10,6,2025-07-13,https://www.jra.go.jp/datafile/seiseki/report/2025/2025-1hakodate10.pdf,official_daily_result_pdf
202502011007,2025,函館,1,10,7,2025-07-13,https://www.jra.go.jp/datafile/seiseki/report/2025/2025-1hakodate10.pdf,official_daily_result_pdf
202502011008,2025,函館,1,10,8,2025-07-13,https://www.jra.go.jp/datafile/seiseki/report/2025/2025-1hakodate10.pdf,official_daily_result_pdf
202502011009,2025,函館,1,10,9,2025-07-13,https://www.jra.go.jp/datafile/seiseki/report/2025/2025-1hakodate10.pdf,official_daily_result_pdf
202502011010,2025,函館,1,10,10,2025-07-13,https://www.jra.go.jp/datafile/seiseki/report/2025/2025-1hakodate10.pdf,official_daily_result_pdf
202502011011,2025,函館,1,10,11,2025-07-13,https://www.jra.go.jp/datafile/seiseki/report/2025/2025-1hakodate10.pdf,official_daily_result_pdf
202502011012,2025,函館,1,10,12,2025-07-13,https://www.jra.go.jp/datafile/seiseki/report/2025/2025-1hakodate10.pdf,official_daily_result_pdf
202502011101,2025,函館,1,11,1,2025-07-19,https://www.jra.go.jp/datafile/seiseki/report/2025/2025-1hakodate11.pdf,official_daily_result_pdf
202502011102,2025,函館,1,11,2,2025-07-19,https://www.jra.go.jp/datafile/seiseki/report/2025/2025-1hakodate11.pdf,official_daily_result_pdf
202502011103,2025,函館,1,11,3,2025-07-19,https://www.jra.go.jp/datafile/seiseki/report/2025/2025-1hakodate11.pdf,official_daily_result_pdf
202502011104,2025,函館,1,11,4,2025-07-19,https://www.jra.go.jp/datafile/seiseki/report/2025/2025-1hakodate11.pdf,official_daily_result_pdf
202502011105,2025,函館,1,11,5,2025-07-19,https://www.jra.go.jp/datafile/seiseki/report/2025/2025-1hakodate11.pdf,official_daily_result_pdf
202502011106,2025,函館,1,11,6,2025-07-19,https://www.jra.go.jp/datafile/seiseki/report/2025/2025-1hakodate11.pdf,official_daily_result_pdf
202502011107,2025,函館,1,11,7,2025-07-19,https://www.jra.go.jp/datafile/seiseki/report/2025/2025-1hakodate11.pdf,official_daily_result_pdf
202502011108,2025,函館,1,11,8,2025-07-19,https://www.jra.go.jp/datafile/seiseki/report/2025/2025-1hakodate11.pdf,official_daily_result_pdf
202502011109,2025,函館,1,11,9,2025-07-19,https://www.jra.go.jp/datafile/seiseki/report/2025/2025-1hakodate11.pdf,official_daily_result_pdf
202502011110,2025,函館,1,11,10,2025-07-19,https://www.jra.go.jp/datafile/seiseki/report/2025/2025-1hakodate11.pdf,official_daily_result_pdf
202502011111,2025,函館,1,11,11,2025-07-19,https://www.jra.go.jp/datafile/seiseki/report/2025/2025-1hakodate11.pdf,official_daily_result_pdf
202502011112,2025,函館,1,11,12,2025-07-19,https://www.jra.go.jp/datafile/seiseki/report/2025/2025-1hakodate11.pdf,official_daily_result_pdf
202502011201,2025,函館,1,12,1,2025-07-20,https://www.jra.go.jp/datafile/seiseki/report/2025/2025-1hakodate12.pdf,official_daily_result_pdf
202502011202,2025,函館,1,12,2,2025-07-20,https://www.jra.go.jp/datafile/seiseki/report/2025/2025-1hakodate12.pdf,official_daily_result_pdf
202502011203,2025,函館,1,12,3,2025-07-20,https://www.jra.go.jp/datafile/seiseki/report/2025/2025-1hakodate12.pdf,official_daily_result_pdf
202502011204,2025,函館,1,12,4,2025-07-20,https://www.jra.go.jp/datafile/seiseki/report/2025/2025-1hakodate12.pdf,official_daily_result_pdf
202502011205,2025,函館,1,12,5,2025-07-20,https://www.jra.go.jp/datafile/seiseki/report/2025/2025-1hakodate12.pdf,official_daily_result_pdf
202502011206,2025,函館,1,12,6,2025-07-20,https://www.jra.go.jp/datafile/seiseki/report/2025/2025-1hakodate12.pdf,official_daily_result_pdf
202502011207,2025,函館,1,12,7,2025-07-20,https://www.jra.go.jp/datafile/seiseki/report/2025/2025-1hakodate12.pdf,official_daily_result_pdf
202502011208,2025,函館,1,12,8,2025-07-20,https://www.jra.go.jp/datafile/seiseki/report/2025/2025-1hakodate12.pdf,official_daily_result_pdf
202502011209,2025,函館,1,12,9,2025-07-20,https://www.jra.go.jp/datafile/seiseki/report/2025/2025-1hakodate12.pdf,official_daily_result_pdf
202502011210,2025,函館,1,12,10,2025-07-20,https://www.jra.go.jp/datafile/seiseki/report/2025/2025-1hakodate12.pdf,official_daily_result_pdf
202502011211,2025,函館,1,12,11,2025-07-20,https://www.jra.go.jp/datafile/seiseki/report/2025/2025-1hakodate12.pdf,official_daily_result_pdf
202502011212,2025,函館,1,12,12,2025-07-20,https://www.jra.go.jp/datafile/seiseki/report/2025/2025-1hakodate12.pdf,official_daily_result_pdf
202503010101,2025,福島,1,1,1,2025-04-12,https://www.jra.go.jp/datafile/seiseki/report/2025/2025-1fukushima1.pdf,official_daily_result_pdf
202503010102,2025,福島,1,1,2,2025-04-12,https://www.jra.go.jp/datafile/seiseki/report/2025/2025-1fukushima1.pdf,official_daily_result_pdf
202503010103,2025,福島,1,1,3,2025-04-12,https://www.jra.go.jp/datafile/seiseki/report/2025/2025-1fukushima1.pdf,official_daily_result_pdf
202503010104,2025,福島,1,1,4,2025-04-12,https://www.jra.go.jp/datafile/seiseki/report/2025/2025-1fukushima1.pdf,official_daily_result_pdf
202503010105,2025,福島,1,1,5,2025-04-12,https://www.jra.go.jp/datafile/seiseki/report/2025/2025-1fukushima1.pdf,official_daily_result_pdf
202503010106,2025,福島,1,1,6,2025-04-12,https://www.jra.go.jp/datafile/seiseki/report/2025/2025-1fukushima1.pdf,official_daily_result_pdf
202503010107,2025,福島,1,1,7,2025-04-12,https://www.jra.go.jp/datafile/seiseki/report/2025/2025-1fukushima1.pdf,official_daily_result_pdf
202503010108,2025,福島,1,1,8,2025-04-12,https://www.jra.go.jp/datafile/seiseki/report/2025/2025-1fukushima1.pdf,official_daily_result_pdf
202503010109,2025,福島,1,1,9,2025-04-12,https://www.jra.go.jp/datafile/seiseki/report/2025/2025-1fukushima1.pdf,official_daily_result_pdf
202503010110,2025,福島,1,1,10,2025-04-12,https://www.jra.go.jp/datafile/seiseki/report/2025/2025-1fukushima1.pdf,official_daily_result_pdf
202503010111,2025,福島,1,1,11,2025-04-12,https://www.jra.go.jp/datafile/seiseki/report/2025/2025-1fukushima1.pdf,official_daily_result_pdf
202503010112,2025,福島,1,1,12,2025-04-12,https://www.jra.go.jp/datafile/seiseki/report/2025/2025-1fukushima1.pdf,official_daily_result_pdf
202503010201,2025,福島,1,2,1,2025-04-13,https://www.jra.go.jp/datafile/seiseki/report/2025/2025-1fukushima2.pdf,official_daily_result_pdf
202503010202,2025,福島,1,2,2,2025-04-13,https://www.jra.go.jp/datafile/seiseki/report/2025/2025-1fukushima2.pdf,official_daily_result_pdf
202503010203,2025,福島,1,2,3,2025-04-13,https://www.jra.go.jp/datafile/seiseki/report/2025/2025-1fukushima2.pdf,official_daily_result_pdf
202503010204,2025,福島,1,2,4,2025-04-13,https://www.jra.go.jp/datafile/seiseki/report/2025/2025-1fukushima2.pdf,official_daily_result_pdf
202503010205,2025,福島,1,2,5,2025-04-13,https://www.jra.go.jp/datafile/seiseki/report/2025/2025-1fukushima2.pdf,official_daily_result_pdf
202503010206,2025,福島,1,2,6,2025-04-13,https://www.jra.go.jp/datafile/seiseki/report/2025/2025-1fukushima2.pdf,official_daily_result_pdf
202503010207,2025,福島,1,2,7,2025-04-13,https://www.jra.go.jp/datafile/seiseki/report/2025/2025-1fukushima2.pdf,official_daily_result_pdf
202503010208,2025,福島,1,2,8,2025-04-13,https://www.jra.go.jp/datafile/seiseki/report/2025/2025-1fukushima2.pdf,official_daily_result_pdf
202503010209,2025,福島,1,2,9,2025-04-13,https://www.jra.go.jp/datafile/seiseki/report/2025/2025-1fukushima2.pdf,official_daily_result_pdf
202503010210,2025,福島,1,2,10,2025-04-13,https://www.jra.go.jp/datafile/seiseki/report/2025/2025-1fukushima2.pdf,official_daily_result_pdf
202503010211,2025,福島,1,2,11,2025-04-13,https://www.jra.go.jp/datafile/seiseki/report/2025/2025-1fukushima2.pdf,official_daily_result_pdf
202503010212,2025,福島,1,2,12,2025-04-13,https://www.jra.go.jp/datafile/seiseki/report/2025/2025-1fukushima2.pdf,official_daily_result_pdf
202503010301,2025,福島,1,3,1,2025-04-19,https://www.jra.go.jp/datafile/seiseki/report/2025/2025-1fukushima3.pdf,official_daily_result_pdf
202503010302,2025,福島,1,3,2,2025-04-19,https://www.jra.go.jp/datafile/seiseki/report/2025/2025-1fukushima3.pdf,official_daily_result_pdf
202503010303,2025,福島,1,3,3,2025-04-19,https://www.jra.go.jp/datafile/seiseki/report/2025/2025-1fukushima3.pdf,official_daily_result_pdf
202503010304,2025,福島,1,3,4,2025-04-19,https://www.jra.go.jp/datafile/seiseki/report/2025/2025-1fukushima3.pdf,official_daily_result_pdf
202503010305,2025,福島,1,3,5,2025-04-19,https://www.jra.go.jp/datafile/seiseki/report/2025/2025-1fukushima3.pdf,official_daily_result_pdf
202503010306,2025,福島,1,3,6,2025-04-19,https://www.jra.go.jp/datafile/seiseki/report/2025/2025-1fukushima3.pdf,official_daily_result_pdf
202503010307,2025,福島,1,3,7,2025-04-19,https://www.jra.go.jp/datafile/seiseki/report/2025/2025-1fukushima3.pdf,official_daily_result_pdf
202503010308,2025,福島,1,3,8,2025-04-19,https://www.jra.go.jp/datafile/seiseki/report/2025/2025-1fukushima3.pdf,official_daily_result_pdf
202503010309,2025,福島,1,3,9,2025-04-19,https://www.jra.go.jp/datafile/seiseki/report/2025/2025-1fukushima3.pdf,official_daily_result_pdf
202503010310,2025,福島,1,3,10,2025-04-19,https://www.jra.go.jp/datafile/seiseki/report/2025/2025-1fukushima3.pdf,official_daily_result_pdf
202503010311,2025,福島,1,3,11,2025-04-19,https://www.jra.go.jp/datafile/seiseki/report/2025/2025-1fukushima3.pdf,official_daily_result_pdf
202503010312,2025,福島,1,3,12,2025-04-19,https://www.jra.go.jp/datafile/seiseki/report/2025/2025-1fukushima3.pdf,official_daily_result_pdf
202503010401,2025,福島,1,4,1,2025-04-20,https://www.jra.go.jp/datafile/seiseki/report/2025/2025-1fukushima4.pdf,official_daily_result_pdf
202503010402,2025,福島,1,4,2,2025-04-20,https://www.jra.go.jp/datafile/seiseki/report/2025/2025-1fukushima4.pdf,official_daily_result_pdf
202503010403,2025,福島,1,4,3,2025-04-20,https://www.jra.go.jp/datafile/seiseki/report/2025/2025-1fukushima4.pdf,official_daily_result_pdf
202503010404,2025,福島,1,4,4,2025-04-20,https://www.jra.go.jp/datafile/seiseki/report/2025/2025-1fukushima4.pdf,official_daily_result_pdf
202503010405,2025,福島,1,4,5,2025-04-20,https://www.jra.go.jp/datafile/seiseki/report/2025/2025-1fukushima4.pdf,official_daily_result_pdf
202503010406,2025,福島,1,4,6,2025-04-20,https://www.jra.go.jp/datafile/seiseki/report/2025/2025-1fukushima4.pdf,official_daily_result_pdf
202503010407,2025,福島,1,4,7,2025-04-20,https://www.jra.go.jp/datafile/seiseki/report/2025/2025-1fukushima4.pdf,official_daily_result_pdf
202503010408,2025,福島,1,4,8,2025-04-20,https://www.jra.go.jp/datafile/seiseki/report/2025/2025-1fukushima4.pdf,official_daily_result_pdf
202503010409,2025,福島,1,4,9,2025-04-20,https://www.jra.go.jp/datafile/seiseki/report/2025/2025-1fukushima4.pdf,official_daily_result_pdf
202503010410,2025,福島,1,4,10,2025-04-20,https://www.jra.go.jp/datafile/seiseki/report/2025/2025-1fukushima4.pdf,official_daily_result_pdf
202503010411,2025,福島,1,4,11,2025-04-20,https://www.jra.go.jp/datafile/seiseki/report/2025/2025-1fukushima4.pdf,official_daily_result_pdf
202503010412,2025,福島,1,4,12,2025-04-20,https://www.jra.go.jp/datafile/seiseki/report/2025/2025-1fukushima4.pdf,official_daily_result_pdf
202503010501,2025,福島,1,5,1,2025-04-26,https://www.jra.go.jp/datafile/seiseki/report/2025/2025-1fukushima5.pdf,official_daily_result_pdf
202503010502,2025,福島,1,5,2,2025-04-26,https://www.jra.go.jp/datafile/seiseki/report/2025/2025-1fukushima5.pdf,official_daily_result_pdf
202503010503,2025,福島,1,5,3,2025-04-26,https://www.jra.go.jp/datafile/seiseki/report/2025/2025-1fukushima5.pdf,official_daily_result_pdf
202503010504,2025,福島,1,5,4,2025-04-26,https://www.jra.go.jp/datafile/seiseki/report/2025/2025-1fukushima5.pdf,official_daily_result_pdf
202503010505,2025,福島,1,5,5,2025-04-26,https://www.jra.go.jp/datafile/seiseki/report/2025/2025-1fukushima5.pdf,official_daily_result_pdf
202503010506,2025,福島,1,5,6,2025-04-26,https://www.jra.go.jp/datafile/seiseki/report/2025/2025-1fukushima5.pdf,official_daily_result_pdf
202503010507,2025,福島,1,5,7,2025-04-26,https://www.jra.go.jp/datafile/seiseki/report/2025/2025-1fukushima5.pdf,official_daily_result_pdf
202503010508,2025,福島,1,5,8,2025-04-26,https://www.jra.go.jp/datafile/seiseki/report/2025/2025-1fukushima5.pdf,official_daily_result_pdf
202503010509,2025,福島,1,5,9,2025-04-26,https://www.jra.go.jp/datafile/seiseki/report/2025/2025-1fukushima5.pdf,official_daily_result_pdf
202503010510,2025,福島,1,5,10,2025-04-26,https://www.jra.go.jp/datafile/seiseki/report/2025/2025-1fukushima5.pdf,official_daily_result_pdf
202503010511,2025,福島,1,5,11,2025-04-26,https://www.jra.go.jp/datafile/seiseki/report/2025/2025-1fukushima5.pdf,official_daily_result_pdf
202503010512,2025,福島,1,5,12,2025-04-26,https://www.jra.go.jp/datafile/seiseki/report/2025/2025-1fukushima5.pdf,official_daily_result_pdf
202503010601,2025,福島,1,6,1,2025-04-27,https://www.jra.go.jp/datafile/seiseki/report/2025/2025-1fukushima6.pdf,official_daily_result_pdf
202503010602,2025,福島,1,6,2,2025-04-27,https://www.jra.go.jp/datafile/seiseki/report/2025/2025-1fukushima6.pdf,official_daily_result_pdf
202503010603,2025,福島,1,6,3,2025-04-27,https://www.jra.go.jp/datafile/seiseki/report/2025/2025-1fukushima6.pdf,official_daily_result_pdf
202503010604,2025,福島,1,6,4,2025-04-27,https://www.jra.go.jp/datafile/seiseki/report/2025/2025-1fukushima6.pdf,official_daily_result_pdf
202503010605,2025,福島,1,6,5,2025-04-27,https://www.jra.go.jp/datafile/seiseki/report/2025/2025-1fukushima6.pdf,official_daily_result_pdf
202503010606,2025,福島,1,6,6,2025-04-27,https://www.jra.go.jp/datafile/seiseki/report/2025/2025-1fukushima6.pdf,official_daily_result_pdf
202503010607,2025,福島,1,6,7,2025-04-27,https://www.jra.go.jp/datafile/seiseki/report/2025/2025-1fukushima6.pdf,official_daily_result_pdf
202503010608,2025,福島,1,6,8,2025-04-27,https://www.jra.go.jp/datafile/seiseki/report/2025/2025-1fukushima6.pdf,official_daily_result_pdf
202503010609,2025,福島,1,6,9,2025-04-27,https://www.jra.go.jp/datafile/seiseki/report/2025/2025-1fukushima6.pdf,official_daily_result_pdf
202503010610,2025,福島,1,6,10,2025-04-27,https://www.jra.go.jp/datafile/seiseki/report/2025/2025-1fukushima6.pdf,official_daily_result_pdf
202503010611,2025,福島,1,6,11,2025-04-27,https://www.jra.go.jp/datafile/seiseki/report/2025/2025-1fukushima6.pdf,official_daily_result_pdf
202503010612,2025,福島,1,6,12,2025-04-27,https://www.jra.go.jp/datafile/seiseki/report/2025/2025-1fukushima6.pdf,official_daily_result_pdf
202503020101,2025,福島,2,1,1,2025-06-28,https://www.jra.go.jp/datafile/seiseki/report/2025/2025-2fukushima1.pdf,official_daily_result_pdf
202503020102,2025,福島,2,1,2,2025-06-28,https://www.jra.go.jp/datafile/seiseki/report/2025/2025-2fukushima1.pdf,official_daily_result_pdf
202503020103,2025,福島,2,1,3,2025-06-28,https://www.jra.go.jp/datafile/seiseki/report/2025/2025-2fukushima1.pdf,official_daily_result_pdf
202503020104,2025,福島,2,1,4,2025-06-28,https://www.jra.go.jp/datafile/seiseki/report/2025/2025-2fukushima1.pdf,official_daily_result_pdf
202503020105,2025,福島,2,1,5,2025-06-28,https://www.jra.go.jp/datafile/seiseki/report/2025/2025-2fukushima1.pdf,official_daily_result_pdf
202503020106,2025,福島,2,1,6,2025-06-28,https://www.jra.go.jp/datafile/seiseki/report/2025/2025-2fukushima1.pdf,official_daily_result_pdf
202503020107,2025,福島,2,1,7,2025-06-28,https://www.jra.go.jp/datafile/seiseki/report/2025/2025-2fukushima1.pdf,official_daily_result_pdf
202503020108,2025,福島,2,1,8,2025-06-28,https://www.jra.go.jp/datafile/seiseki/report/2025/2025-2fukushima1.pdf,official_daily_result_pdf
202503020109,2025,福島,2,1,9,2025-06-28,https://www.jra.go.jp/datafile/seiseki/report/2025/2025-2fukushima1.pdf,official_daily_result_pdf
202503020110,2025,福島,2,1,10,2025-06-28,https://www.jra.go.jp/datafile/seiseki/report/2025/2025-2fukushima1.pdf,official_daily_result_pdf
202503020111,2025,福島,2,1,11,2025-06-28,https://www.jra.go.jp/datafile/seiseki/report/2025/2025-2fukushima1.pdf,official_daily_result_pdf
202503020112,2025,福島,2,1,12,2025-06-28,https://www.jra.go.jp/datafile/seiseki/report/2025/2025-2fukushima1.pdf,official_daily_result_pdf
202503020201,2025,福島,2,2,1,2025-06-29,https://www.jra.go.jp/datafile/seiseki/report/2025/2025-2fukushima2.pdf,official_daily_result_pdf
202503020202,2025,福島,2,2,2,2025-06-29,https://www.jra.go.jp/datafile/seiseki/report/2025/2025-2fukushima2.pdf,official_daily_result_pdf
202503020203,2025,福島,2,2,3,2025-06-29,https://www.jra.go.jp/datafile/seiseki/report/2025/2025-2fukushima2.pdf,official_daily_result_pdf
202503020204,2025,福島,2,2,4,2025-06-29,https://www.jra.go.jp/datafile/seiseki/report/2025/2025-2fukushima2.pdf,official_daily_result_pdf
202503020205,2025,福島,2,2,5,2025-06-29,https://www.jra.go.jp/datafile/seiseki/report/2025/2025-2fukushima2.pdf,official_daily_result_pdf
202503020206,2025,福島,2,2,6,2025-06-29,https://www.jra.go.jp/datafile/seiseki/report/2025/2025-2fukushima2.pdf,official_daily_result_pdf
202503020207,2025,福島,2,2,7,2025-06-29,https://www.jra.go.jp/datafile/seiseki/report/2025/2025-2fukushima2.pdf,official_daily_result_pdf
202503020208,2025,福島,2,2,8,2025-06-29,https://www.jra.go.jp/datafile/seiseki/report/2025/2025-2fukushima2.pdf,official_daily_result_pdf
202503020209,2025,福島,2,2,9,2025-06-29,https://www.jra.go.jp/datafile/seiseki/report/2025/2025-2fukushima2.pdf,official_daily_result_pdf
202503020210,2025,福島,2,2,10,2025-06-29,https://www.jra.go.jp/datafile/seiseki/report/2025/2025-2fukushima2.pdf,official_daily_result_pdf
202503020211,2025,福島,2,2,11,2025-06-29,https://www.jra.go.jp/datafile/seiseki/report/2025/2025-2fukushima2.pdf,official_daily_result_pdf
202503020212,2025,福島,2,2,12,2025-06-29,https://www.jra.go.jp/datafile/seiseki/report/2025/2025-2fukushima2.pdf,official_daily_result_pdf
202503020301,2025,福島,2,3,1,2025-07-05,https://www.jra.go.jp/datafile/seiseki/report/2025/2025-2fukushima3.pdf,official_daily_result_pdf
202503020302,2025,福島,2,3,2,2025-07-05,https://www.jra.go.jp/datafile/seiseki/report/2025/2025-2fukushima3.pdf,official_daily_result_pdf
202503020303,2025,福島,2,3,3,2025-07-05,https://www.jra.go.jp/datafile/seiseki/report/2025/2025-2fukushima3.pdf,official_daily_result_pdf
202503020304,2025,福島,2,3,4,2025-07-05,https://www.jra.go.jp/datafile/seiseki/report/2025/2025-2fukushima3.pdf,official_daily_result_pdf
202503020305,2025,福島,2,3,5,2025-07-05,https://www.jra.go.jp/datafile/seiseki/report/2025/2025-2fukushima3.pdf,official_daily_result_pdf
202503020306,2025,福島,2,3,6,2025-07-05,https://www.jra.go.jp/datafile/seiseki/report/2025/2025-2fukushima3.pdf,official_daily_result_pdf
202503020307,2025,福島,2,3,7,2025-07-05,https://www.jra.go.jp/datafile/seiseki/report/2025/2025-2fukushima3.pdf,official_daily_result_pdf
202503020308,2025,福島,2,3,8,2025-07-05,https://www.jra.go.jp/datafile/seiseki/report/2025/2025-2fukushima3.pdf,official_daily_result_pdf
202503020309,2025,福島,2,3,9,2025-07-05,https://www.jra.go.jp/datafile/seiseki/report/2025/2025-2fukushima3.pdf,official_daily_result_pdf
202503020310,2025,福島,2,3,10,2025-07-05,https://www.jra.go.jp/datafile/seiseki/report/2025/2025-2fukushima3.pdf,official_daily_result_pdf
202503020311,2025,福島,2,3,11,2025-07-05,https://www.jra.go.jp/datafile/seiseki/report/2025/2025-2fukushima3.pdf,official_daily_result_pdf
202503020312,2025,福島,2,3,12,2025-07-05,https://www.jra.go.jp/datafile/seiseki/report/2025/2025-2fukushima3.pdf,official_daily_result_pdf
202503020401,2025,福島,2,4,1,2025-07-06,https://www.jra.go.jp/datafile/seiseki/report/2025/2025-2fukushima4.pdf,official_daily_result_pdf
202503020402,2025,福島,2,4,2,2025-07-06,https://www.jra.go.jp/datafile/seiseki/report/2025/2025-2fukushima4.pdf,official_daily_result_pdf
202503020403,2025,福島,2,4,3,2025-07-06,https://www.jra.go.jp/datafile/seiseki/report/2025/2025-2fukushima4.pdf,official_daily_result_pdf
202503020404,2025,福島,2,4,4,2025-07-06,https://www.jra.go.jp/datafile/seiseki/report/2025/2025-2fukushima4.pdf,official_daily_result_pdf
202503020405,2025,福島,2,4,5,2025-07-06,https://www.jra.go.jp/datafile/seiseki/report/2025/2025-2fukushima4.pdf,official_daily_result_pdf
202503020406,2025,福島,2,4,6,2025-07-06,https://www.jra.go.jp/datafile/seiseki/report/2025/2025-2fukushima4.pdf,official_daily_result_pdf
202503020407,2025,福島,2,4,7,2025-07-06,https://www.jra.go.jp/datafile/seiseki/report/2025/2025-2fukushima4.pdf,official_daily_result_pdf
202503020408,2025,福島,2,4,8,2025-07-06,https://www.jra.go.jp/datafile/seiseki/report/2025/2025-2fukushima4.pdf,official_daily_result_pdf
202503020409,2025,福島,2,4,9,2025-07-06,https://www.jra.go.jp/datafile/seiseki/report/2025/2025-2fukushima4.pdf,official_daily_result_pdf
202503020410,2025,福島,2,4,10,2025-07-06,https://www.jra.go.jp/datafile/seiseki/report/2025/2025-2fukushima4.pdf,official_daily_result_pdf
202503020411,2025,福島,2,4,11,2025-07-06,https://www.jra.go.jp/datafile/seiseki/report/2025/2025-2fukushima4.pdf,official_daily_result_pdf
202503020412,2025,福島,2,4,12,2025-07-06,https://www.jra.go.jp/datafile/seiseki/report/2025/2025-2fukushima4.pdf,official_daily_result_pdf
202503020501,2025,福島,2,5,1,2025-07-12,https://www.jra.go.jp/datafile/seiseki/report/2025/2025-2fukushima5.pdf,official_daily_result_pdf
202503020502,2025,福島,2,5,2,2025-07-12,https://www.jra.go.jp/datafile/seiseki/report/2025/2025-2fukushima5.pdf,official_daily_result_pdf
202503020503,2025,福島,2,5,3,2025-07-12,https://www.jra.go.jp/datafile/seiseki/report/2025/2025-2fukushima5.pdf,official_daily_result_pdf
202503020504,2025,福島,2,5,4,2025-07-12,https://www.jra.go.jp/datafile/seiseki/report/2025/2025-2fukushima5.pdf,official_daily_result_pdf
202503020505,2025,福島,2,5,5,2025-07-12,https://www.jra.go.jp/datafile/seiseki/report/2025/2025-2fukushima5.pdf,official_daily_result_pdf
202503020506,2025,福島,2,5,6,2025-07-12,https://www.jra.go.jp/datafile/seiseki/report/2025/2025-2fukushima5.pdf,official_daily_result_pdf
202503020507,2025,福島,2,5,7,2025-07-12,https://www.jra.go.jp/datafile/seiseki/report/2025/2025-2fukushima5.pdf,official_daily_result_pdf
202503020508,2025,福島,2,5,8,2025-07-12,https://www.jra.go.jp/datafile/seiseki/report/2025/2025-2fukushima5.pdf,official_daily_result_pdf
202503020509,2025,福島,2,5,9,2025-07-12,https://www.jra.go.jp/datafile/seiseki/report/2025/2025-2fukushima5.pdf,official_daily_result_pdf
202503020510,2025,福島,2,5,10,2025-07-12,https://www.jra.go.jp/datafile/seiseki/report/2025/2025-2fukushima5.pdf,official_daily_result_pdf
202503020511,2025,福島,2,5,11,2025-07-12,https://www.jra.go.jp/datafile/seiseki/report/2025/2025-2fukushima5.pdf,official_daily_result_pdf
202503020512,2025,福島,2,5,12,2025-07-12,https://www.jra.go.jp/datafile/seiseki/report/2025/2025-2fukushima5.pdf,official_daily_result_pdf
202503020601,2025,福島,2,6,1,2025-07-13,https://www.jra.go.jp/datafile/seiseki/report/2025/2025-2fukushima6.pdf,official_daily_result_pdf
202503020602,2025,福島,2,6,2,2025-07-13,https://www.jra.go.jp/datafile/seiseki/report/2025/2025-2fukushima6.pdf,official_daily_result_pdf
202503020603,2025,福島,2,6,3,2025-07-13,https://www.jra.go.jp/datafile/seiseki/report/2025/2025-2fukushima6.pdf,official_daily_result_pdf
202503020604,2025,福島,2,6,4,2025-07-13,https://www.jra.go.jp/datafile/seiseki/report/2025/2025-2fukushima6.pdf,official_daily_result_pdf
202503020605,2025,福島,2,6,5,2025-07-13,https://www.jra.go.jp/datafile/seiseki/report/2025/2025-2fukushima6.pdf,official_daily_result_pdf
202503020606,2025,福島,2,6,6,2025-07-13,https://www.jra.go.jp/datafile/seiseki/report/2025/2025-2fukushima6.pdf,official_daily_result_pdf
202503020607,2025,福島,2,6,7,2025-07-13,https://www.jra.go.jp/datafile/seiseki/report/2025/2025-2fukushima6.pdf,official_daily_result_pdf
202503020608,2025,福島,2,6,8,2025-07-13,https://www.jra.go.jp/datafile/seiseki/report/2025/2025-2fukushima6.pdf,official_daily_result_pdf
202503020609,2025,福島,2,6,9,2025-07-13,https://www.jra.go.jp/datafile/seiseki/report/2025/2025-2fukushima6.pdf,official_daily_result_pdf
202503020610,2025,福島,2,6,10,2025-07-13,https://www.jra.go.jp/datafile/seiseki/report/2025/2025-2fukushima6.pdf,official_daily_result_pdf
202503020611,2025,福島,2,6,11,2025-07-13,https://www.jra.go.jp/datafile/seiseki/report/2025/2025-2fukushima6.pdf,official_daily_result_pdf
202503020612,2025,福島,2,6,12,2025-07-13,https://www.jra.go.jp/datafile/seiseki/report/2025/2025-2fukushima6.pdf,official_daily_result_pdf
202503020701,2025,福島,2,7,1,2025-07-19,https://www.jra.go.jp/datafile/seiseki/report/2025/2025-2fukushima7.pdf,official_daily_result_pdf
202503020702,2025,福島,2,7,2,2025-07-19,https://www.jra.go.jp/datafile/seiseki/report/2025/2025-2fukushima7.pdf,official_daily_result_pdf
202503020703,2025,福島,2,7,3,2025-07-19,https://www.jra.go.jp/datafile/seiseki/report/2025/2025-2fukushima7.pdf,official_daily_result_pdf
202503020704,2025,福島,2,7,4,2025-07-19,https://www.jra.go.jp/datafile/seiseki/report/2025/2025-2fukushima7.pdf,official_daily_result_pdf
202503020705,2025,福島,2,7,5,2025-07-19,https://www.jra.go.jp/datafile/seiseki/report/2025/2025-2fukushima7.pdf,official_daily_result_pdf
202503020706,2025,福島,2,7,6,2025-07-19,https://www.jra.go.jp/datafile/seiseki/report/2025/2025-2fukushima7.pdf,official_daily_result_pdf
202503020707,2025,福島,2,7,7,2025-07-19,https://www.jra.go.jp/datafile/seiseki/report/2025/2025-2fukushima7.pdf,official_daily_result_pdf
202503020708,2025,福島,2,7,8,2025-07-19,https://www.jra.go.jp/datafile/seiseki/report/2025/2025-2fukushima7.pdf,official_daily_result_pdf
202503020709,2025,福島,2,7,9,2025-07-19,https://www.jra.go.jp/datafile/seiseki/report/2025/2025-2fukushima7.pdf,official_daily_result_pdf
202503020710,2025,福島,2,7,10,2025-07-19,https://www.jra.go.jp/datafile/seiseki/report/2025/2025-2fukushima7.pdf,official_daily_result_pdf
202503020711,2025,福島,2,7,11,2025-07-19,https://www.jra.go.jp/datafile/seiseki/report/2025/2025-2fukushima7.pdf,official_daily_result_pdf
202503020712,2025,福島,2,7,12,2025-07-19,https://www.jra.go.jp/datafile/seiseki/report/2025/2025-2fukushima7.pdf,official_daily_result_pdf
202503020801,2025,福島,2,8,1,2025-07-20,https://www.jra.go.jp/datafile/seiseki/report/2025/2025-2fukushima8.pdf,official_daily_result_pdf
202503020802,2025,福島,2,8,2,2025-07-20,https://www.jra.go.jp/datafile/seiseki/report/2025/2025-2fukushima8.pdf,official_daily_result_pdf
202503020803,2025,福島,2,8,3,2025-07-20,https://www.jra.go.jp/datafile/seiseki/report/2025/2025-2fukushima8.pdf,official_daily_result_pdf
202503020804,2025,福島,2,8,4,2025-07-20,https://www.jra.go.jp/datafile/seiseki/report/2025/2025-2fukushima8.pdf,official_daily_result_pdf
202503020805,2025,福島,2,8,5,2025-07-20,https://www.jra.go.jp/datafile/seiseki/report/2025/2025-2fukushima8.pdf,official_daily_result_pdf
202503020806,2025,福島,2,8,6,2025-07-20,https://www.jra.go.jp/datafile/seiseki/report/2025/2025-2fukushima8.pdf,official_daily_result_pdf
202503020807,2025,福島,2,8,7,2025-07-20,https://www.jra.go.jp/datafile/seiseki/report/2025/2025-2fukushima8.pdf,official_daily_result_pdf
202503020808,2025,福島,2,8,8,2025-07-20,https://www.jra.go.jp/datafile/seiseki/report/2025/2025-2fukushima8.pdf,official_daily_result_pdf
202503020809,2025,福島,2,8,9,2025-07-20,https://www.jra.go.jp/datafile/seiseki/report/2025/2025-2fukushima8.pdf,official_daily_result_pdf
202503020810,2025,福島,2,8,10,2025-07-20,https://www.jra.go.jp/datafile/seiseki/report/2025/2025-2fukushima8.pdf,official_daily_result_pdf
202503020811,2025,福島,2,8,11,2025-07-20,https://www.jra.go.jp/datafile/seiseki/report/2025/2025-2fukushima8.pdf,official_daily_result_pdf
202503020812,2025,福島,2,8,12,2025-07-20,https://www.jra.go.jp/datafile/seiseki/report/2025/2025-2fukushima8.pdf,official_daily_result_pdf
202503030101,2025,福島,3,1,1,2025-11-08,https://www.jra.go.jp/datafile/seiseki/report/2025/2025-3fukushima1.pdf,official_daily_result_pdf
202503030102,2025,福島,3,1,2,2025-11-08,https://www.jra.go.jp/datafile/seiseki/report/2025/2025-3fukushima1.pdf,official_daily_result_pdf
202503030103,2025,福島,3,1,3,2025-11-08,https://www.jra.go.jp/datafile/seiseki/report/2025/2025-3fukushima1.pdf,official_daily_result_pdf
202503030104,2025,福島,3,1,4,2025-11-08,https://www.jra.go.jp/datafile/seiseki/report/2025/2025-3fukushima1.pdf,official_daily_result_pdf
202503030105,2025,福島,3,1,5,2025-11-08,https://www.jra.go.jp/datafile/seiseki/report/2025/2025-3fukushima1.pdf,official_daily_result_pdf
202503030106,2025,福島,3,1,6,2025-11-08,https://www.jra.go.jp/datafile/seiseki/report/2025/2025-3fukushima1.pdf,official_daily_result_pdf
202503030107,2025,福島,3,1,7,2025-11-08,https://www.jra.go.jp/datafile/seiseki/report/2025/2025-3fukushima1.pdf,official_daily_result_pdf
202503030108,2025,福島,3,1,8,2025-11-08,https://www.jra.go.jp/datafile/seiseki/report/2025/2025-3fukushima1.pdf,official_daily_result_pdf
202503030109,2025,福島,3,1,9,2025-11-08,https://www.jra.go.jp/datafile/seiseki/report/2025/2025-3fukushima1.pdf,official_daily_result_pdf
202503030110,2025,福島,3,1,10,2025-11-08,https://www.jra.go.jp/datafile/seiseki/report/2025/2025-3fukushima1.pdf,official_daily_result_pdf
202503030111,2025,福島,3,1,11,2025-11-08,https://www.jra.go.jp/datafile/seiseki/report/2025/2025-3fukushima1.pdf,official_daily_result_pdf
202503030112,2025,福島,3,1,12,2025-11-08,https://www.jra.go.jp/datafile/seiseki/report/2025/2025-3fukushima1.pdf,official_daily_result_pdf
202503030201,2025,福島,3,2,1,2025-11-09,https://www.jra.go.jp/datafile/seiseki/report/2025/2025-3fukushima2.pdf,official_daily_result_pdf
202503030202,2025,福島,3,2,2,2025-11-09,https://www.jra.go.jp/datafile/seiseki/report/2025/2025-3fukushima2.pdf,official_daily_result_pdf
202503030203,2025,福島,3,2,3,2025-11-09,https://www.jra.go.jp/datafile/seiseki/report/2025/2025-3fukushima2.pdf,official_daily_result_pdf
202503030204,2025,福島,3,2,4,2025-11-09,https://www.jra.go.jp/datafile/seiseki/report/2025/2025-3fukushima2.pdf,official_daily_result_pdf
202503030205,2025,福島,3,2,5,2025-11-09,https://www.jra.go.jp/datafile/seiseki/report/2025/2025-3fukushima2.pdf,official_daily_result_pdf
202503030206,2025,福島,3,2,6,2025-11-09,https://www.jra.go.jp/datafile/seiseki/report/2025/2025-3fukushima2.pdf,official_daily_result_pdf
202503030207,2025,福島,3,2,7,2025-11-09,https://www.jra.go.jp/datafile/seiseki/report/2025/2025-3fukushima2.pdf,official_daily_result_pdf
202503030208,2025,福島,3,2,8,2025-11-09,https://www.jra.go.jp/datafile/seiseki/report/2025/2025-3fukushima2.pdf,official_daily_result_pdf
202503030209,2025,福島,3,2,9,2025-11-09,https://www.jra.go.jp/datafile/seiseki/report/2025/2025-3fukushima2.pdf,official_daily_result_pdf
202503030210,2025,福島,3,2,10,2025-11-09,https://www.jra.go.jp/datafile/seiseki/report/2025/2025-3fukushima2.pdf,official_daily_result_pdf
202503030211,2025,福島,3,2,11,2025-11-09,https://www.jra.go.jp/datafile/seiseki/report/2025/2025-3fukushima2.pdf,official_daily_result_pdf
202503030212,2025,福島,3,2,12,2025-11-09,https://www.jra.go.jp/datafile/seiseki/report/2025/2025-3fukushima2.pdf,official_daily_result_pdf
202503030301,2025,福島,3,3,1,2025-11-15,https://www.jra.go.jp/datafile/seiseki/report/2025/2025-3fukushima3.pdf,official_daily_result_pdf
202503030302,2025,福島,3,3,2,2025-11-15,https://www.jra.go.jp/datafile/seiseki/report/2025/2025-3fukushima3.pdf,official_daily_result_pdf
202503030303,2025,福島,3,3,3,2025-11-15,https://www.jra.go.jp/datafile/seiseki/report/2025/2025-3fukushima3.pdf,official_daily_result_pdf
202503030304,2025,福島,3,3,4,2025-11-15,https://www.jra.go.jp/datafile/seiseki/report/2025/2025-3fukushima3.pdf,official_daily_result_pdf
202503030305,2025,福島,3,3,5,2025-11-15,https://www.jra.go.jp/datafile/seiseki/report/2025/2025-3fukushima3.pdf,official_daily_result_pdf
202503030306,2025,福島,3,3,6,2025-11-15,https://www.jra.go.jp/datafile/seiseki/report/2025/2025-3fukushima3.pdf,official_daily_result_pdf
202503030307,2025,福島,3,3,7,2025-11-15,https://www.jra.go.jp/datafile/seiseki/report/2025/2025-3fukushima3.pdf,official_daily_result_pdf
202503030308,2025,福島,3,3,8,2025-11-15,https://www.jra.go.jp/datafile/seiseki/report/2025/2025-3fukushima3.pdf,official_daily_result_pdf
202503030309,2025,福島,3,3,9,2025-11-15,https://www.jra.go.jp/datafile/seiseki/report/2025/2025-3fukushima3.pdf,official_daily_result_pdf
202503030310,2025,福島,3,3,10,2025-11-15,https://www.jra.go.jp/datafile/seiseki/report/2025/2025-3fukushima3.pdf,official_daily_result_pdf
202503030311,2025,福島,3,3,11,2025-11-15,https://www.jra.go.jp/datafile/seiseki/report/2025/2025-3fukushima3.pdf,official_daily_result_pdf
202503030312,2025,福島,3,3,12,2025-11-15,https://www.jra.go.jp/datafile/seiseki/report/2025/2025-3fukushima3.pdf,official_daily_result_pdf
202503030401,2025,福島,3,4,1,2025-11-16,https://www.jra.go.jp/datafile/seiseki/report/2025/2025-3fukushima4.pdf,official_daily_result_pdf
202503030402,2025,福島,3,4,2,2025-11-16,https://www.jra.go.jp/datafile/seiseki/report/2025/2025-3fukushima4.pdf,official_daily_result_pdf
202503030403,2025,福島,3,4,3,2025-11-16,https://www.jra.go.jp/datafile/seiseki/report/2025/2025-3fukushima4.pdf,official_daily_result_pdf
202503030404,2025,福島,3,4,4,2025-11-16,https://www.jra.go.jp/datafile/seiseki/report/2025/2025-3fukushima4.pdf,official_daily_result_pdf
202503030405,2025,福島,3,4,5,2025-11-16,https://www.jra.go.jp/datafile/seiseki/report/2025/2025-3fukushima4.pdf,official_daily_result_pdf
202503030406,2025,福島,3,4,6,2025-11-16,https://www.jra.go.jp/datafile/seiseki/report/2025/2025-3fukushima4.pdf,official_daily_result_pdf
202503030407,2025,福島,3,4,7,2025-11-16,https://www.jra.go.jp/datafile/seiseki/report/2025/2025-3fukushima4.pdf,official_daily_result_pdf
202503030408,2025,福島,3,4,8,2025-11-16,https://www.jra.go.jp/datafile/seiseki/report/2025/2025-3fukushima4.pdf,official_daily_result_pdf
202503030409,2025,福島,3,4,9,2025-11-16,https://www.jra.go.jp/datafile/seiseki/report/2025/2025-3fukushima4.pdf,official_daily_result_pdf
202503030410,2025,福島,3,4,10,2025-11-16,https://www.jra.go.jp/datafile/seiseki/report/2025/2025-3fukushima4.pdf,official_daily_result_pdf
202503030411,2025,福島,3,4,11,2025-11-16,https://www.jra.go.jp/datafile/seiseki/report/2025/2025-3fukushima4.pdf,official_daily_result_pdf
202503030412,2025,福島,3,4,12,2025-11-16,https://www.jra.go.jp/datafile/seiseki/report/2025/2025-3fukushima4.pdf,official_daily_result_pdf
202503030501,2025,福島,3,5,1,2025-11-22,https://www.jra.go.jp/datafile/seiseki/report/2025/2025-3fukushima5.pdf,official_daily_result_pdf
202503030502,2025,福島,3,5,2,2025-11-22,https://www.jra.go.jp/datafile/seiseki/report/2025/2025-3fukushima5.pdf,official_daily_result_pdf
202503030503,2025,福島,3,5,3,2025-11-22,https://www.jra.go.jp/datafile/seiseki/report/2025/2025-3fukushima5.pdf,official_daily_result_pdf
202503030504,2025,福島,3,5,4,2025-11-22,https://www.jra.go.jp/datafile/seiseki/report/2025/2025-3fukushima5.pdf,official_daily_result_pdf
202503030505,2025,福島,3,5,5,2025-11-22,https://www.jra.go.jp/datafile/seiseki/report/2025/2025-3fukushima5.pdf,official_daily_result_pdf
202503030506,2025,福島,3,5,6,2025-11-22,https://www.jra.go.jp/datafile/seiseki/report/2025/2025-3fukushima5.pdf,official_daily_result_pdf
202503030507,2025,福島,3,5,7,2025-11-22,https://www.jra.go.jp/datafile/seiseki/report/2025/2025-3fukushima5.pdf,official_daily_result_pdf
202503030508,2025,福島,3,5,8,2025-11-22,https://www.jra.go.jp/datafile/seiseki/report/2025/2025-3fukushima5.pdf,official_daily_result_pdf
202503030509,2025,福島,3,5,9,2025-11-22,https://www.jra.go.jp/datafile/seiseki/report/2025/2025-3fukushima5.pdf,official_daily_result_pdf
202503030510,2025,福島,3,5,10,2025-11-22,https://www.jra.go.jp/datafile/seiseki/report/2025/2025-3fukushima5.pdf,official_daily_result_pdf
202503030511,2025,福島,3,5,11,2025-11-22,https://www.jra.go.jp/datafile/seiseki/report/2025/2025-3fukushima5.pdf,official_daily_result_pdf
202503030512,2025,福島,3,5,12,2025-11-22,https://www.jra.go.jp/datafile/seiseki/report/2025/2025-3fukushima5.pdf,official_daily_result_pdf
202503030601,2025,福島,3,6,1,2025-11-24,https://www.jra.go.jp/datafile/seiseki/report/2025/2025-3fukushima6.pdf,official_daily_result_pdf
202503030602,2025,福島,3,6,2,2025-11-24,https://www.jra.go.jp/datafile/seiseki/report/2025/2025-3fukushima6.pdf,official_daily_result_pdf
202503030603,2025,福島,3,6,3,2025-11-24,https://www.jra.go.jp/datafile/seiseki/report/2025/2025-3fukushima6.pdf,official_daily_result_pdf
202503030604,2025,福島,3,6,4,2025-11-24,https://www.jra.go.jp/datafile/seiseki/report/2025/2025-3fukushima6.pdf,official_daily_result_pdf
202503030605,2025,福島,3,6,5,2025-11-24,https://www.jra.go.jp/datafile/seiseki/report/2025/2025-3fukushima6.pdf,official_daily_result_pdf
202503030606,2025,福島,3,6,6,2025-11-24,https://www.jra.go.jp/datafile/seiseki/report/2025/2025-3fukushima6.pdf,official_daily_result_pdf
202503030607,2025,福島,3,6,7,2025-11-24,https://www.jra.go.jp/datafile/seiseki/report/2025/2025-3fukushima6.pdf,official_daily_result_pdf
202503030608,2025,福島,3,6,8,2025-11-24,https://www.jra.go.jp/datafile/seiseki/report/2025/2025-3fukushima6.pdf,official_daily_result_pdf
202503030609,2025,福島,3,6,9,2025-11-24,https://www.jra.go.jp/datafile/seiseki/report/2025/2025-3fukushima6.pdf,official_daily_result_pdf
202503030610,2025,福島,3,6,10,2025-11-24,https://www.jra.go.jp/datafile/seiseki/report/2025/2025-3fukushima6.pdf,official_daily_result_pdf
202503030611,2025,福島,3,6,11,2025-11-24,https://www.jra.go.jp/datafile/seiseki/report/2025/2025-3fukushima6.pdf,official_daily_result_pdf
202503030612,2025,福島,3,6,12,2025-11-24,https://www.jra.go.jp/datafile/seiseki/report/2025/2025-3fukushima6.pdf,official_daily_result_pdf
202504010101,2025,新潟,1,1,1,2025-05-03,https://www.jra.go.jp/datafile/seiseki/report/2025/2025-1niigata1.pdf,official_daily_result_pdf
202504010102,2025,新潟,1,1,2,2025-05-03,https://www.jra.go.jp/datafile/seiseki/report/2025/2025-1niigata1.pdf,official_daily_result_pdf
202504010103,2025,新潟,1,1,3,2025-05-03,https://www.jra.go.jp/datafile/seiseki/report/2025/2025-1niigata1.pdf,official_daily_result_pdf
202504010104,2025,新潟,1,1,4,2025-05-03,https://www.jra.go.jp/datafile/seiseki/report/2025/2025-1niigata1.pdf,official_daily_result_pdf
202504010105,2025,新潟,1,1,5,2025-05-03,https://www.jra.go.jp/datafile/seiseki/report/2025/2025-1niigata1.pdf,official_daily_result_pdf
202504010106,2025,新潟,1,1,6,2025-05-03,https://www.jra.go.jp/datafile/seiseki/report/2025/2025-1niigata1.pdf,official_daily_result_pdf
202504010107,2025,新潟,1,1,7,2025-05-03,https://www.jra.go.jp/datafile/seiseki/report/2025/2025-1niigata1.pdf,official_daily_result_pdf
202504010108,2025,新潟,1,1,8,2025-05-03,https://www.jra.go.jp/datafile/seiseki/report/2025/2025-1niigata1.pdf,official_daily_result_pdf
202504010109,2025,新潟,1,1,9,2025-05-03,https://www.jra.go.jp/datafile/seiseki/report/2025/2025-1niigata1.pdf,official_daily_result_pdf
202504010110,2025,新潟,1,1,10,2025-05-03,https://www.jra.go.jp/datafile/seiseki/report/2025/2025-1niigata1.pdf,official_daily_result_pdf
202504010111,2025,新潟,1,1,11,2025-05-03,https://www.jra.go.jp/datafile/seiseki/report/2025/2025-1niigata1.pdf,official_daily_result_pdf
202504010112,2025,新潟,1,1,12,2025-05-03,https://www.jra.go.jp/datafile/seiseki/report/2025/2025-1niigata1.pdf,official_daily_result_pdf
202504010201,2025,新潟,1,2,1,2025-05-04,https://www.jra.go.jp/datafile/seiseki/report/2025/2025-1niigata2.pdf,official_daily_result_pdf
202504010202,2025,新潟,1,2,2,2025-05-04,https://www.jra.go.jp/datafile/seiseki/report/2025/2025-1niigata2.pdf,official_daily_result_pdf
202504010203,2025,新潟,1,2,3,2025-05-04,https://www.jra.go.jp/datafile/seiseki/report/2025/2025-1niigata2.pdf,official_daily_result_pdf
202504010204,2025,新潟,1,2,4,2025-05-04,https://www.jra.go.jp/datafile/seiseki/report/2025/2025-1niigata2.pdf,official_daily_result_pdf
202504010205,2025,新潟,1,2,5,2025-05-04,https://www.jra.go.jp/datafile/seiseki/report/2025/2025-1niigata2.pdf,official_daily_result_pdf
202504010206,2025,新潟,1,2,6,2025-05-04,https://www.jra.go.jp/datafile/seiseki/report/2025/2025-1niigata2.pdf,official_daily_result_pdf
202504010207,2025,新潟,1,2,7,2025-05-04,https://www.jra.go.jp/datafile/seiseki/report/2025/2025-1niigata2.pdf,official_daily_result_pdf
202504010208,2025,新潟,1,2,8,2025-05-04,https://www.jra.go.jp/datafile/seiseki/report/2025/2025-1niigata2.pdf,official_daily_result_pdf
202504010209,2025,新潟,1,2,9,2025-05-04,https://www.jra.go.jp/datafile/seiseki/report/2025/2025-1niigata2.pdf,official_daily_result_pdf
202504010210,2025,新潟,1,2,10,2025-05-04,https://www.jra.go.jp/datafile/seiseki/report/2025/2025-1niigata2.pdf,official_daily_result_pdf
202504010211,2025,新潟,1,2,11,2025-05-04,https://www.jra.go.jp/datafile/seiseki/report/2025/2025-1niigata2.pdf,official_daily_result_pdf
202504010212,2025,新潟,1,2,12,2025-05-04,https://www.jra.go.jp/datafile/seiseki/report/2025/2025-1niigata2.pdf,official_daily_result_pdf
202504010301,2025,新潟,1,3,1,2025-05-10,https://www.jra.go.jp/datafile/seiseki/report/2025/2025-1niigata3.pdf,official_daily_result_pdf
202504010302,2025,新潟,1,3,2,2025-05-10,https://www.jra.go.jp/datafile/seiseki/report/2025/2025-1niigata3.pdf,official_daily_result_pdf
202504010303,2025,新潟,1,3,3,2025-05-10,https://www.jra.go.jp/datafile/seiseki/report/2025/2025-1niigata3.pdf,official_daily_result_pdf
202504010304,2025,新潟,1,3,4,2025-05-10,https://www.jra.go.jp/datafile/seiseki/report/2025/2025-1niigata3.pdf,official_daily_result_pdf
202504010305,2025,新潟,1,3,5,2025-05-10,https://www.jra.go.jp/datafile/seiseki/report/2025/2025-1niigata3.pdf,official_daily_result_pdf
202504010306,2025,新潟,1,3,6,2025-05-10,https://www.jra.go.jp/datafile/seiseki/report/2025/2025-1niigata3.pdf,official_daily_result_pdf
202504010307,2025,新潟,1,3,7,2025-05-10,https://www.jra.go.jp/datafile/seiseki/report/2025/2025-1niigata3.pdf,official_daily_result_pdf
202504010308,2025,新潟,1,3,8,2025-05-10,https://www.jra.go.jp/datafile/seiseki/report/2025/2025-1niigata3.pdf,official_daily_result_pdf
202504010309,2025,新潟,1,3,9,2025-05-10,https://www.jra.go.jp/datafile/seiseki/report/2025/2025-1niigata3.pdf,official_daily_result_pdf
202504010310,2025,新潟,1,3,10,2025-05-10,https://www.jra.go.jp/datafile/seiseki/report/2025/2025-1niigata3.pdf,official_daily_result_pdf
202504010311,2025,新潟,1,3,11,2025-05-10,https://www.jra.go.jp/datafile/seiseki/report/2025/2025-1niigata3.pdf,official_daily_result_pdf
202504010312,2025,新潟,1,3,12,2025-05-10,https://www.jra.go.jp/datafile/seiseki/report/2025/2025-1niigata3.pdf,official_daily_result_pdf
202504010401,2025,新潟,1,4,1,2025-05-11,https://www.jra.go.jp/datafile/seiseki/report/2025/2025-1niigata4.pdf,official_daily_result_pdf
202504010402,2025,新潟,1,4,2,2025-05-11,https://www.jra.go.jp/datafile/seiseki/report/2025/2025-1niigata4.pdf,official_daily_result_pdf
202504010403,2025,新潟,1,4,3,2025-05-11,https://www.jra.go.jp/datafile/seiseki/report/2025/2025-1niigata4.pdf,official_daily_result_pdf
202504010404,2025,新潟,1,4,4,2025-05-11,https://www.jra.go.jp/datafile/seiseki/report/2025/2025-1niigata4.pdf,official_daily_result_pdf
202504010405,2025,新潟,1,4,5,2025-05-11,https://www.jra.go.jp/datafile/seiseki/report/2025/2025-1niigata4.pdf,official_daily_result_pdf
202504010406,2025,新潟,1,4,6,2025-05-11,https://www.jra.go.jp/datafile/seiseki/report/2025/2025-1niigata4.pdf,official_daily_result_pdf
202504010407,2025,新潟,1,4,7,2025-05-11,https://www.jra.go.jp/datafile/seiseki/report/2025/2025-1niigata4.pdf,official_daily_result_pdf
202504010408,2025,新潟,1,4,8,2025-05-11,https://www.jra.go.jp/datafile/seiseki/report/2025/2025-1niigata4.pdf,official_daily_result_pdf
202504010409,2025,新潟,1,4,9,2025-05-11,https://www.jra.go.jp/datafile/seiseki/report/2025/2025-1niigata4.pdf,official_daily_result_pdf
202504010410,2025,新潟,1,4,10,2025-05-11,https://www.jra.go.jp/datafile/seiseki/report/2025/2025-1niigata4.pdf,official_daily_result_pdf
202504010411,2025,新潟,1,4,11,2025-05-11,https://www.jra.go.jp/datafile/seiseki/report/2025/2025-1niigata4.pdf,official_daily_result_pdf
202504010412,2025,新潟,1,4,12,2025-05-11,https://www.jra.go.jp/datafile/seiseki/report/2025/2025-1niigata4.pdf,official_daily_result_pdf
202504010501,2025,新潟,1,5,1,2025-05-17,https://www.jra.go.jp/datafile/seiseki/report/2025/2025-1niigata5.pdf,official_daily_result_pdf
202504010502,2025,新潟,1,5,2,2025-05-17,https://www.jra.go.jp/datafile/seiseki/report/2025/2025-1niigata5.pdf,official_daily_result_pdf
202504010503,2025,新潟,1,5,3,2025-05-17,https://www.jra.go.jp/datafile/seiseki/report/2025/2025-1niigata5.pdf,official_daily_result_pdf
202504010504,2025,新潟,1,5,4,2025-05-17,https://www.jra.go.jp/datafile/seiseki/report/2025/2025-1niigata5.pdf,official_daily_result_pdf
202504010505,2025,新潟,1,5,5,2025-05-17,https://www.jra.go.jp/datafile/seiseki/report/2025/2025-1niigata5.pdf,official_daily_result_pdf
202504010506,2025,新潟,1,5,6,2025-05-17,https://www.jra.go.jp/datafile/seiseki/report/2025/2025-1niigata5.pdf,official_daily_result_pdf
202504010507,2025,新潟,1,5,7,2025-05-17,https://www.jra.go.jp/datafile/seiseki/report/2025/2025-1niigata5.pdf,official_daily_result_pdf
202504010508,2025,新潟,1,5,8,2025-05-17,https://www.jra.go.jp/datafile/seiseki/report/2025/2025-1niigata5.pdf,official_daily_result_pdf
202504010509,2025,新潟,1,5,9,2025-05-17,https://www.jra.go.jp/datafile/seiseki/report/2025/2025-1niigata5.pdf,official_daily_result_pdf
202504010510,2025,新潟,1,5,10,2025-05-17,https://www.jra.go.jp/datafile/seiseki/report/2025/2025-1niigata5.pdf,official_daily_result_pdf
202504010511,2025,新潟,1,5,11,2025-05-17,https://www.jra.go.jp/datafile/seiseki/report/2025/2025-1niigata5.pdf,official_daily_result_pdf
202504010512,2025,新潟,1,5,12,2025-05-17,https://www.jra.go.jp/datafile/seiseki/report/2025/2025-1niigata5.pdf,official_daily_result_pdf
202504010601,2025,新潟,1,6,1,2025-05-18,https://www.jra.go.jp/datafile/seiseki/report/2025/2025-1niigata6.pdf,official_daily_result_pdf
202504010602,2025,新潟,1,6,2,2025-05-18,https://www.jra.go.jp/datafile/seiseki/report/2025/2025-1niigata6.pdf,official_daily_result_pdf
202504010603,2025,新潟,1,6,3,2025-05-18,https://www.jra.go.jp/datafile/seiseki/report/2025/2025-1niigata6.pdf,official_daily_result_pdf
202504010604,2025,新潟,1,6,4,2025-05-18,https://www.jra.go.jp/datafile/seiseki/report/2025/2025-1niigata6.pdf,official_daily_result_pdf
202504010605,2025,新潟,1,6,5,2025-05-18,https://www.jra.go.jp/datafile/seiseki/report/2025/2025-1niigata6.pdf,official_daily_result_pdf
202504010606,2025,新潟,1,6,6,2025-05-18,https://www.jra.go.jp/datafile/seiseki/report/2025/2025-1niigata6.pdf,official_daily_result_pdf
202504010607,2025,新潟,1,6,7,2025-05-18,https://www.jra.go.jp/datafile/seiseki/report/2025/2025-1niigata6.pdf,official_daily_result_pdf
202504010608,2025,新潟,1,6,8,2025-05-18,https://www.jra.go.jp/datafile/seiseki/report/2025/2025-1niigata6.pdf,official_daily_result_pdf
202504010609,2025,新潟,1,6,9,2025-05-18,https://www.jra.go.jp/datafile/seiseki/report/2025/2025-1niigata6.pdf,official_daily_result_pdf
202504010610,2025,新潟,1,6,10,2025-05-18,https://www.jra.go.jp/datafile/seiseki/report/2025/2025-1niigata6.pdf,official_daily_result_pdf
202504010611,2025,新潟,1,6,11,2025-05-18,https://www.jra.go.jp/datafile/seiseki/report/2025/2025-1niigata6.pdf,official_daily_result_pdf
202504010612,2025,新潟,1,6,12,2025-05-18,https://www.jra.go.jp/datafile/seiseki/report/2025/2025-1niigata6.pdf,official_daily_result_pdf
202504010701,2025,新潟,1,7,1,2025-05-24,https://www.jra.go.jp/datafile/seiseki/report/2025/2025-1niigata7.pdf,official_daily_result_pdf
202504010702,2025,新潟,1,7,2,2025-05-24,https://www.jra.go.jp/datafile/seiseki/report/2025/2025-1niigata7.pdf,official_daily_result_pdf
202504010703,2025,新潟,1,7,3,2025-05-24,https://www.jra.go.jp/datafile/seiseki/report/2025/2025-1niigata7.pdf,official_daily_result_pdf
202504010704,2025,新潟,1,7,4,2025-05-24,https://www.jra.go.jp/datafile/seiseki/report/2025/2025-1niigata7.pdf,official_daily_result_pdf
202504010705,2025,新潟,1,7,5,2025-05-24,https://www.jra.go.jp/datafile/seiseki/report/2025/2025-1niigata7.pdf,official_daily_result_pdf
202504010706,2025,新潟,1,7,6,2025-05-24,https://www.jra.go.jp/datafile/seiseki/report/2025/2025-1niigata7.pdf,official_daily_result_pdf
202504010707,2025,新潟,1,7,7,2025-05-24,https://www.jra.go.jp/datafile/seiseki/report/2025/2025-1niigata7.pdf,official_daily_result_pdf
202504010708,2025,新潟,1,7,8,2025-05-24,https://www.jra.go.jp/datafile/seiseki/report/2025/2025-1niigata7.pdf,official_daily_result_pdf
202504010709,2025,新潟,1,7,9,2025-05-24,https://www.jra.go.jp/datafile/seiseki/report/2025/2025-1niigata7.pdf,official_daily_result_pdf
202504010710,2025,新潟,1,7,10,2025-05-24,https://www.jra.go.jp/datafile/seiseki/report/2025/2025-1niigata7.pdf,official_daily_result_pdf
202504010711,2025,新潟,1,7,11,2025-05-24,https://www.jra.go.jp/datafile/seiseki/report/2025/2025-1niigata7.pdf,official_daily_result_pdf
202504010712,2025,新潟,1,7,12,2025-05-24,https://www.jra.go.jp/datafile/seiseki/report/2025/2025-1niigata7.pdf,official_daily_result_pdf
202504010801,2025,新潟,1,8,1,2025-05-25,https://www.jra.go.jp/datafile/seiseki/report/2025/2025-1niigata8.pdf,official_daily_result_pdf
202504010802,2025,新潟,1,8,2,2025-05-25,https://www.jra.go.jp/datafile/seiseki/report/2025/2025-1niigata8.pdf,official_daily_result_pdf
202504010803,2025,新潟,1,8,3,2025-05-25,https://www.jra.go.jp/datafile/seiseki/report/2025/2025-1niigata8.pdf,official_daily_result_pdf
202504010804,2025,新潟,1,8,4,2025-05-25,https://www.jra.go.jp/datafile/seiseki/report/2025/2025-1niigata8.pdf,official_daily_result_pdf
202504010805,2025,新潟,1,8,5,2025-05-25,https://www.jra.go.jp/datafile/seiseki/report/2025/2025-1niigata8.pdf,official_daily_result_pdf
202504010806,2025,新潟,1,8,6,2025-05-25,https://www.jra.go.jp/datafile/seiseki/report/2025/2025-1niigata8.pdf,official_daily_result_pdf
202504010807,2025,新潟,1,8,7,2025-05-25,https://www.jra.go.jp/datafile/seiseki/report/2025/2025-1niigata8.pdf,official_daily_result_pdf
202504010808,2025,新潟,1,8,8,2025-05-25,https://www.jra.go.jp/datafile/seiseki/report/2025/2025-1niigata8.pdf,official_daily_result_pdf
202504010809,2025,新潟,1,8,9,2025-05-25,https://www.jra.go.jp/datafile/seiseki/report/2025/2025-1niigata8.pdf,official_daily_result_pdf
202504010810,2025,新潟,1,8,10,2025-05-25,https://www.jra.go.jp/datafile/seiseki/report/2025/2025-1niigata8.pdf,official_daily_result_pdf
202504010811,2025,新潟,1,8,11,2025-05-25,https://www.jra.go.jp/datafile/seiseki/report/2025/2025-1niigata8.pdf,official_daily_result_pdf
202504010812,2025,新潟,1,8,12,2025-05-25,https://www.jra.go.jp/datafile/seiseki/report/2025/2025-1niigata8.pdf,official_daily_result_pdf
202504020101,2025,新潟,2,1,1,2025-07-26,https://www.jra.go.jp/datafile/seiseki/report/2025/2025-2niigata1.pdf,official_daily_result_pdf
202504020102,2025,新潟,2,1,2,2025-07-26,https://www.jra.go.jp/datafile/seiseki/report/2025/2025-2niigata1.pdf,official_daily_result_pdf
202504020103,2025,新潟,2,1,3,2025-07-26,https://www.jra.go.jp/datafile/seiseki/report/2025/2025-2niigata1.pdf,official_daily_result_pdf
202504020104,2025,新潟,2,1,4,2025-07-26,https://www.jra.go.jp/datafile/seiseki/report/2025/2025-2niigata1.pdf,official_daily_result_pdf
202504020105,2025,新潟,2,1,5,2025-07-26,https://www.jra.go.jp/datafile/seiseki/report/2025/2025-2niigata1.pdf,official_daily_result_pdf
202504020106,2025,新潟,2,1,6,2025-07-26,https://www.jra.go.jp/datafile/seiseki/report/2025/2025-2niigata1.pdf,official_daily_result_pdf
202504020107,2025,新潟,2,1,7,2025-07-26,https://www.jra.go.jp/datafile/seiseki/report/2025/2025-2niigata1.pdf,official_daily_result_pdf
202504020108,2025,新潟,2,1,8,2025-07-26,https://www.jra.go.jp/datafile/seiseki/report/2025/2025-2niigata1.pdf,official_daily_result_pdf
202504020109,2025,新潟,2,1,9,2025-07-26,https://www.jra.go.jp/datafile/seiseki/report/2025/2025-2niigata1.pdf,official_daily_result_pdf
202504020110,2025,新潟,2,1,10,2025-07-26,https://www.jra.go.jp/datafile/seiseki/report/2025/2025-2niigata1.pdf,official_daily_result_pdf
202504020111,2025,新潟,2,1,11,2025-07-26,https://www.jra.go.jp/datafile/seiseki/report/2025/2025-2niigata1.pdf,official_daily_result_pdf
202504020112,2025,新潟,2,1,12,2025-07-26,https://www.jra.go.jp/datafile/seiseki/report/2025/2025-2niigata1.pdf,official_daily_result_pdf
202504020201,2025,新潟,2,2,1,2025-07-27,https://www.jra.go.jp/datafile/seiseki/report/2025/2025-2niigata2.pdf,official_daily_result_pdf
202504020202,2025,新潟,2,2,2,2025-07-27,https://www.jra.go.jp/datafile/seiseki/report/2025/2025-2niigata2.pdf,official_daily_result_pdf
202504020203,2025,新潟,2,2,3,2025-07-27,https://www.jra.go.jp/datafile/seiseki/report/2025/2025-2niigata2.pdf,official_daily_result_pdf
202504020204,2025,新潟,2,2,4,2025-07-27,https://www.jra.go.jp/datafile/seiseki/report/2025/2025-2niigata2.pdf,official_daily_result_pdf
202504020205,2025,新潟,2,2,5,2025-07-27,https://www.jra.go.jp/datafile/seiseki/report/2025/2025-2niigata2.pdf,official_daily_result_pdf
202504020206,2025,新潟,2,2,6,2025-07-27,https://www.jra.go.jp/datafile/seiseki/report/2025/2025-2niigata2.pdf,official_daily_result_pdf
202504020207,2025,新潟,2,2,7,2025-07-27,https://www.jra.go.jp/datafile/seiseki/report/2025/2025-2niigata2.pdf,official_daily_result_pdf
202504020208,2025,新潟,2,2,8,2025-07-27,https://www.jra.go.jp/datafile/seiseki/report/2025/2025-2niigata2.pdf,official_daily_result_pdf
202504020209,2025,新潟,2,2,9,2025-07-27,https://www.jra.go.jp/datafile/seiseki/report/2025/2025-2niigata2.pdf,official_daily_result_pdf
202504020210,2025,新潟,2,2,10,2025-07-27,https://www.jra.go.jp/datafile/seiseki/report/2025/2025-2niigata2.pdf,official_daily_result_pdf
202504020211,2025,新潟,2,2,11,2025-07-27,https://www.jra.go.jp/datafile/seiseki/report/2025/2025-2niigata2.pdf,official_daily_result_pdf
202504020212,2025,新潟,2,2,12,2025-07-27,https://www.jra.go.jp/datafile/seiseki/report/2025/2025-2niigata2.pdf,official_daily_result_pdf
202504020301,2025,新潟,2,3,1,2025-08-02,https://www.jra.go.jp/datafile/seiseki/report/2025/2025-2niigata3.pdf,official_daily_result_pdf
202504020302,2025,新潟,2,3,2,2025-08-02,https://www.jra.go.jp/datafile/seiseki/report/2025/2025-2niigata3.pdf,official_daily_result_pdf
202504020303,2025,新潟,2,3,3,2025-08-02,https://www.jra.go.jp/datafile/seiseki/report/2025/2025-2niigata3.pdf,official_daily_result_pdf
202504020304,2025,新潟,2,3,4,2025-08-02,https://www.jra.go.jp/datafile/seiseki/report/2025/2025-2niigata3.pdf,official_daily_result_pdf
202504020305,2025,新潟,2,3,5,2025-08-02,https://www.jra.go.jp/datafile/seiseki/report/2025/2025-2niigata3.pdf,official_daily_result_pdf
202504020306,2025,新潟,2,3,6,2025-08-02,https://www.jra.go.jp/datafile/seiseki/report/2025/2025-2niigata3.pdf,official_daily_result_pdf
202504020307,2025,新潟,2,3,7,2025-08-02,https://www.jra.go.jp/datafile/seiseki/report/2025/2025-2niigata3.pdf,official_daily_result_pdf
202504020308,2025,新潟,2,3,8,2025-08-02,https://www.jra.go.jp/datafile/seiseki/report/2025/2025-2niigata3.pdf,official_daily_result_pdf
202504020309,2025,新潟,2,3,9,2025-08-02,https://www.jra.go.jp/datafile/seiseki/report/2025/2025-2niigata3.pdf,official_daily_result_pdf
202504020310,2025,新潟,2,3,10,2025-08-02,https://www.jra.go.jp/datafile/seiseki/report/2025/2025-2niigata3.pdf,official_daily_result_pdf
202504020311,2025,新潟,2,3,11,2025-08-02,https://www.jra.go.jp/datafile/seiseki/report/2025/2025-2niigata3.pdf,official_daily_result_pdf
202504020312,2025,新潟,2,3,12,2025-08-02,https://www.jra.go.jp/datafile/seiseki/report/2025/2025-2niigata3.pdf,official_daily_result_pdf
202504020401,2025,新潟,2,4,1,2025-08-03,https://www.jra.go.jp/datafile/seiseki/report/2025/2025-2niigata4.pdf,official_daily_result_pdf
202504020402,2025,新潟,2,4,2,2025-08-03,https://www.jra.go.jp/datafile/seiseki/report/2025/2025-2niigata4.pdf,official_daily_result_pdf
202504020403,2025,新潟,2,4,3,2025-08-03,https://www.jra.go.jp/datafile/seiseki/report/2025/2025-2niigata4.pdf,official_daily_result_pdf
202504020404,2025,新潟,2,4,4,2025-08-03,https://www.jra.go.jp/datafile/seiseki/report/2025/2025-2niigata4.pdf,official_daily_result_pdf
202504020405,2025,新潟,2,4,5,2025-08-03,https://www.jra.go.jp/datafile/seiseki/report/2025/2025-2niigata4.pdf,official_daily_result_pdf
202504020406,2025,新潟,2,4,6,2025-08-03,https://www.jra.go.jp/datafile/seiseki/report/2025/2025-2niigata4.pdf,official_daily_result_pdf
202504020407,2025,新潟,2,4,7,2025-08-03,https://www.jra.go.jp/datafile/seiseki/report/2025/2025-2niigata4.pdf,official_daily_result_pdf
202504020408,2025,新潟,2,4,8,2025-08-03,https://www.jra.go.jp/datafile/seiseki/report/2025/2025-2niigata4.pdf,official_daily_result_pdf
202504020409,2025,新潟,2,4,9,2025-08-03,https://www.jra.go.jp/datafile/seiseki/report/2025/2025-2niigata4.pdf,official_daily_result_pdf
202504020410,2025,新潟,2,4,10,2025-08-03,https://www.jra.go.jp/datafile/seiseki/report/2025/2025-2niigata4.pdf,official_daily_result_pdf
202504020411,2025,新潟,2,4,11,2025-08-03,https://www.jra.go.jp/datafile/seiseki/report/2025/2025-2niigata4.pdf,official_daily_result_pdf
202504020412,2025,新潟,2,4,12,2025-08-03,https://www.jra.go.jp/datafile/seiseki/report/2025/2025-2niigata4.pdf,official_daily_result_pdf
202504020501,2025,新潟,2,5,1,2025-08-09,https://www.jra.go.jp/datafile/seiseki/report/2025/2025-2niigata5.pdf,official_daily_result_pdf
202504020502,2025,新潟,2,5,2,2025-08-09,https://www.jra.go.jp/datafile/seiseki/report/2025/2025-2niigata5.pdf,official_daily_result_pdf
202504020503,2025,新潟,2,5,3,2025-08-09,https://www.jra.go.jp/datafile/seiseki/report/2025/2025-2niigata5.pdf,official_daily_result_pdf
202504020504,2025,新潟,2,5,4,2025-08-09,https://www.jra.go.jp/datafile/seiseki/report/2025/2025-2niigata5.pdf,official_daily_result_pdf
202504020505,2025,新潟,2,5,5,2025-08-09,https://www.jra.go.jp/datafile/seiseki/report/2025/2025-2niigata5.pdf,official_daily_result_pdf
202504020506,2025,新潟,2,5,6,2025-08-09,https://www.jra.go.jp/datafile/seiseki/report/2025/2025-2niigata5.pdf,official_daily_result_pdf
202504020507,2025,新潟,2,5,7,2025-08-09,https://www.jra.go.jp/datafile/seiseki/report/2025/2025-2niigata5.pdf,official_daily_result_pdf
202504020508,2025,新潟,2,5,8,2025-08-09,https://www.jra.go.jp/datafile/seiseki/report/2025/2025-2niigata5.pdf,official_daily_result_pdf
202504020509,2025,新潟,2,5,9,2025-08-09,https://www.jra.go.jp/datafile/seiseki/report/2025/2025-2niigata5.pdf,official_daily_result_pdf
202504020510,2025,新潟,2,5,10,2025-08-09,https://www.jra.go.jp/datafile/seiseki/report/2025/2025-2niigata5.pdf,official_daily_result_pdf
202504020511,2025,新潟,2,5,11,2025-08-09,https://www.jra.go.jp/datafile/seiseki/report/2025/2025-2niigata5.pdf,official_daily_result_pdf
202504020512,2025,新潟,2,5,12,2025-08-09,https://www.jra.go.jp/datafile/seiseki/report/2025/2025-2niigata5.pdf,official_daily_result_pdf
202504020601,2025,新潟,2,6,1,2025-08-10,https://www.jra.go.jp/datafile/seiseki/report/2025/2025-2niigata6.pdf,official_daily_result_pdf
202504020602,2025,新潟,2,6,2,2025-08-10,https://www.jra.go.jp/datafile/seiseki/report/2025/2025-2niigata6.pdf,official_daily_result_pdf
202504020603,2025,新潟,2,6,3,2025-08-10,https://www.jra.go.jp/datafile/seiseki/report/2025/2025-2niigata6.pdf,official_daily_result_pdf
202504020604,2025,新潟,2,6,4,2025-08-10,https://www.jra.go.jp/datafile/seiseki/report/2025/2025-2niigata6.pdf,official_daily_result_pdf
202504020605,2025,新潟,2,6,5,2025-08-10,https://www.jra.go.jp/datafile/seiseki/report/2025/2025-2niigata6.pdf,official_daily_result_pdf
202504020606,2025,新潟,2,6,6,2025-08-10,https://www.jra.go.jp/datafile/seiseki/report/2025/2025-2niigata6.pdf,official_daily_result_pdf
202504020607,2025,新潟,2,6,7,2025-08-10,https://www.jra.go.jp/datafile/seiseki/report/2025/2025-2niigata6.pdf,official_daily_result_pdf
202504020608,2025,新潟,2,6,8,2025-08-10,https://www.jra.go.jp/datafile/seiseki/report/2025/2025-2niigata6.pdf,official_daily_result_pdf
202504020609,2025,新潟,2,6,9,2025-08-10,https://www.jra.go.jp/datafile/seiseki/report/2025/2025-2niigata6.pdf,official_daily_result_pdf
202504020610,2025,新潟,2,6,10,2025-08-10,https://www.jra.go.jp/datafile/seiseki/report/2025/2025-2niigata6.pdf,official_daily_result_pdf
202504020611,2025,新潟,2,6,11,2025-08-10,https://www.jra.go.jp/datafile/seiseki/report/2025/2025-2niigata6.pdf,official_daily_result_pdf
202504020612,2025,新潟,2,6,12,2025-08-10,https://www.jra.go.jp/datafile/seiseki/report/2025/2025-2niigata6.pdf,official_daily_result_pdf
202504020701,2025,新潟,2,7,1,2025-08-16,https://www.jra.go.jp/datafile/seiseki/report/2025/2025-2niigata7.pdf,official_daily_result_pdf
202504020702,2025,新潟,2,7,2,2025-08-16,https://www.jra.go.jp/datafile/seiseki/report/2025/2025-2niigata7.pdf,official_daily_result_pdf
202504020703,2025,新潟,2,7,3,2025-08-16,https://www.jra.go.jp/datafile/seiseki/report/2025/2025-2niigata7.pdf,official_daily_result_pdf
202504020704,2025,新潟,2,7,4,2025-08-16,https://www.jra.go.jp/datafile/seiseki/report/2025/2025-2niigata7.pdf,official_daily_result_pdf
202504020705,2025,新潟,2,7,5,2025-08-16,https://www.jra.go.jp/datafile/seiseki/report/2025/2025-2niigata7.pdf,official_daily_result_pdf
202504020706,2025,新潟,2,7,6,2025-08-16,https://www.jra.go.jp/datafile/seiseki/report/2025/2025-2niigata7.pdf,official_daily_result_pdf
202504020707,2025,新潟,2,7,7,2025-08-16,https://www.jra.go.jp/datafile/seiseki/report/2025/2025-2niigata7.pdf,official_daily_result_pdf
202504020708,2025,新潟,2,7,8,2025-08-16,https://www.jra.go.jp/datafile/seiseki/report/2025/2025-2niigata7.pdf,official_daily_result_pdf
202504020709,2025,新潟,2,7,9,2025-08-16,https://www.jra.go.jp/datafile/seiseki/report/2025/2025-2niigata7.pdf,official_daily_result_pdf
202504020710,2025,新潟,2,7,10,2025-08-16,https://www.jra.go.jp/datafile/seiseki/report/2025/2025-2niigata7.pdf,official_daily_result_pdf
202504020711,2025,新潟,2,7,11,2025-08-16,https://www.jra.go.jp/datafile/seiseki/report/2025/2025-2niigata7.pdf,official_daily_result_pdf
202504020712,2025,新潟,2,7,12,2025-08-16,https://www.jra.go.jp/datafile/seiseki/report/2025/2025-2niigata7.pdf,official_daily_result_pdf
202504020801,2025,新潟,2,8,1,2025-08-17,https://www.jra.go.jp/datafile/seiseki/report/2025/2025-2niigata8.pdf,official_daily_result_pdf
202504020802,2025,新潟,2,8,2,2025-08-17,https://www.jra.go.jp/datafile/seiseki/report/2025/2025-2niigata8.pdf,official_daily_result_pdf
202504020803,2025,新潟,2,8,3,2025-08-17,https://www.jra.go.jp/datafile/seiseki/report/2025/2025-2niigata8.pdf,official_daily_result_pdf
202504020804,2025,新潟,2,8,4,2025-08-17,https://www.jra.go.jp/datafile/seiseki/report/2025/2025-2niigata8.pdf,official_daily_result_pdf
202504020805,2025,新潟,2,8,5,2025-08-17,https://www.jra.go.jp/datafile/seiseki/report/2025/2025-2niigata8.pdf,official_daily_result_pdf
202504020806,2025,新潟,2,8,6,2025-08-17,https://www.jra.go.jp/datafile/seiseki/report/2025/2025-2niigata8.pdf,official_daily_result_pdf
202504020807,2025,新潟,2,8,7,2025-08-17,https://www.jra.go.jp/datafile/seiseki/report/2025/2025-2niigata8.pdf,official_daily_result_pdf
202504020808,2025,新潟,2,8,8,2025-08-17,https://www.jra.go.jp/datafile/seiseki/report/2025/2025-2niigata8.pdf,official_daily_result_pdf
202504020809,2025,新潟,2,8,9,2025-08-17,https://www.jra.go.jp/datafile/seiseki/report/2025/2025-2niigata8.pdf,official_daily_result_pdf
202504020810,2025,新潟,2,8,10,2025-08-17,https://www.jra.go.jp/datafile/seiseki/report/2025/2025-2niigata8.pdf,official_daily_result_pdf
202504020811,2025,新潟,2,8,11,2025-08-17,https://www.jra.go.jp/datafile/seiseki/report/2025/2025-2niigata8.pdf,official_daily_result_pdf
202504020812,2025,新潟,2,8,12,2025-08-17,https://www.jra.go.jp/datafile/seiseki/report/2025/2025-2niigata8.pdf,official_daily_result_pdf
202504030101,2025,新潟,3,1,1,2025-08-23,https://www.jra.go.jp/datafile/seiseki/report/2025/2025-3niigata1.pdf,official_daily_result_pdf
202504030102,2025,新潟,3,1,2,2025-08-23,https://www.jra.go.jp/datafile/seiseki/report/2025/2025-3niigata1.pdf,official_daily_result_pdf
202504030103,2025,新潟,3,1,3,2025-08-23,https://www.jra.go.jp/datafile/seiseki/report/2025/2025-3niigata1.pdf,official_daily_result_pdf
202504030104,2025,新潟,3,1,4,2025-08-23,https://www.jra.go.jp/datafile/seiseki/report/2025/2025-3niigata1.pdf,official_daily_result_pdf
202504030105,2025,新潟,3,1,5,2025-08-23,https://www.jra.go.jp/datafile/seiseki/report/2025/2025-3niigata1.pdf,official_daily_result_pdf
202504030106,2025,新潟,3,1,6,2025-08-23,https://www.jra.go.jp/datafile/seiseki/report/2025/2025-3niigata1.pdf,official_daily_result_pdf
202504030107,2025,新潟,3,1,7,2025-08-23,https://www.jra.go.jp/datafile/seiseki/report/2025/2025-3niigata1.pdf,official_daily_result_pdf
202504030108,2025,新潟,3,1,8,2025-08-23,https://www.jra.go.jp/datafile/seiseki/report/2025/2025-3niigata1.pdf,official_daily_result_pdf
202504030109,2025,新潟,3,1,9,2025-08-23,https://www.jra.go.jp/datafile/seiseki/report/2025/2025-3niigata1.pdf,official_daily_result_pdf
202504030110,2025,新潟,3,1,10,2025-08-23,https://www.jra.go.jp/datafile/seiseki/report/2025/2025-3niigata1.pdf,official_daily_result_pdf
202504030111,2025,新潟,3,1,11,2025-08-23,https://www.jra.go.jp/datafile/seiseki/report/2025/2025-3niigata1.pdf,official_daily_result_pdf
202504030112,2025,新潟,3,1,12,2025-08-23,https://www.jra.go.jp/datafile/seiseki/report/2025/2025-3niigata1.pdf,official_daily_result_pdf
202504030201,2025,新潟,3,2,1,2025-08-24,https://www.jra.go.jp/datafile/seiseki/report/2025/2025-3niigata2.pdf,official_daily_result_pdf
202504030202,2025,新潟,3,2,2,2025-08-24,https://www.jra.go.jp/datafile/seiseki/report/2025/2025-3niigata2.pdf,official_daily_result_pdf
202504030203,2025,新潟,3,2,3,2025-08-24,https://www.jra.go.jp/datafile/seiseki/report/2025/2025-3niigata2.pdf,official_daily_result_pdf
202504030204,2025,新潟,3,2,4,2025-08-24,https://www.jra.go.jp/datafile/seiseki/report/2025/2025-3niigata2.pdf,official_daily_result_pdf
202504030205,2025,新潟,3,2,5,2025-08-24,https://www.jra.go.jp/datafile/seiseki/report/2025/2025-3niigata2.pdf,official_daily_result_pdf
202504030206,2025,新潟,3,2,6,2025-08-24,https://www.jra.go.jp/datafile/seiseki/report/2025/2025-3niigata2.pdf,official_daily_result_pdf
202504030207,2025,新潟,3,2,7,2025-08-24,https://www.jra.go.jp/datafile/seiseki/report/2025/2025-3niigata2.pdf,official_daily_result_pdf
202504030208,2025,新潟,3,2,8,2025-08-24,https://www.jra.go.jp/datafile/seiseki/report/2025/2025-3niigata2.pdf,official_daily_result_pdf
202504030209,2025,新潟,3,2,9,2025-08-24,https://www.jra.go.jp/datafile/seiseki/report/2025/2025-3niigata2.pdf,official_daily_result_pdf
202504030210,2025,新潟,3,2,10,2025-08-24,https://www.jra.go.jp/datafile/seiseki/report/2025/2025-3niigata2.pdf,official_daily_result_pdf
202504030211,2025,新潟,3,2,11,2025-08-24,https://www.jra.go.jp/datafile/seiseki/report/2025/2025-3niigata2.pdf,official_daily_result_pdf
202504030212,2025,新潟,3,2,12,2025-08-24,https://www.jra.go.jp/datafile/seiseki/report/2025/2025-3niigata2.pdf,official_daily_result_pdf
202504030301,2025,新潟,3,3,1,2025-08-30,https://www.jra.go.jp/datafile/seiseki/report/2025/2025-3niigata3.pdf,official_daily_result_pdf
202504030302,2025,新潟,3,3,2,2025-08-30,https://www.jra.go.jp/datafile/seiseki/report/2025/2025-3niigata3.pdf,official_daily_result_pdf
202504030303,2025,新潟,3,3,3,2025-08-30,https://www.jra.go.jp/datafile/seiseki/report/2025/2025-3niigata3.pdf,official_daily_result_pdf
202504030304,2025,新潟,3,3,4,2025-08-30,https://www.jra.go.jp/datafile/seiseki/report/2025/2025-3niigata3.pdf,official_daily_result_pdf
202504030305,2025,新潟,3,3,5,2025-08-30,https://www.jra.go.jp/datafile/seiseki/report/2025/2025-3niigata3.pdf,official_daily_result_pdf
202504030306,2025,新潟,3,3,6,2025-08-30,https://www.jra.go.jp/datafile/seiseki/report/2025/2025-3niigata3.pdf,official_daily_result_pdf
202504030307,2025,新潟,3,3,7,2025-08-30,https://www.jra.go.jp/datafile/seiseki/report/2025/2025-3niigata3.pdf,official_daily_result_pdf
202504030308,2025,新潟,3,3,8,2025-08-30,https://www.jra.go.jp/datafile/seiseki/report/2025/2025-3niigata3.pdf,official_daily_result_pdf
202504030309,2025,新潟,3,3,9,2025-08-30,https://www.jra.go.jp/datafile/seiseki/report/2025/2025-3niigata3.pdf,official_daily_result_pdf
202504030310,2025,新潟,3,3,10,2025-08-30,https://www.jra.go.jp/datafile/seiseki/report/2025/2025-3niigata3.pdf,official_daily_result_pdf
202504030311,2025,新潟,3,3,11,2025-08-30,https://www.jra.go.jp/datafile/seiseki/report/2025/2025-3niigata3.pdf,official_daily_result_pdf
202504030312,2025,新潟,3,3,12,2025-08-30,https://www.jra.go.jp/datafile/seiseki/report/2025/2025-3niigata3.pdf,official_daily_result_pdf
202504030401,2025,新潟,3,4,1,2025-08-31,https://www.jra.go.jp/datafile/seiseki/report/2025/2025-3niigata4.pdf,official_daily_result_pdf
202504030402,2025,新潟,3,4,2,2025-08-31,https://www.jra.go.jp/datafile/seiseki/report/2025/2025-3niigata4.pdf,official_daily_result_pdf
202504030403,2025,新潟,3,4,3,2025-08-31,https://www.jra.go.jp/datafile/seiseki/report/2025/2025-3niigata4.pdf,official_daily_result_pdf
202504030404,2025,新潟,3,4,4,2025-08-31,https://www.jra.go.jp/datafile/seiseki/report/2025/2025-3niigata4.pdf,official_daily_result_pdf
202504030405,2025,新潟,3,4,5,2025-08-31,https://www.jra.go.jp/datafile/seiseki/report/2025/2025-3niigata4.pdf,official_daily_result_pdf
202504030406,2025,新潟,3,4,6,2025-08-31,https://www.jra.go.jp/datafile/seiseki/report/2025/2025-3niigata4.pdf,official_daily_result_pdf
202504030407,2025,新潟,3,4,7,2025-08-31,https://www.jra.go.jp/datafile/seiseki/report/2025/2025-3niigata4.pdf,official_daily_result_pdf
202504030408,2025,新潟,3,4,8,2025-08-31,https://www.jra.go.jp/datafile/seiseki/report/2025/2025-3niigata4.pdf,official_daily_result_pdf
202504030409,2025,新潟,3,4,9,2025-08-31,https://www.jra.go.jp/datafile/seiseki/report/2025/2025-3niigata4.pdf,official_daily_result_pdf
202504030410,2025,新潟,3,4,10,2025-08-31,https://www.jra.go.jp/datafile/seiseki/report/2025/2025-3niigata4.pdf,official_daily_result_pdf
202504030411,2025,新潟,3,4,11,2025-08-31,https://www.jra.go.jp/datafile/seiseki/report/2025/2025-3niigata4.pdf,official_daily_result_pdf
202504030412,2025,新潟,3,4,12,2025-08-31,https://www.jra.go.jp/datafile/seiseki/report/2025/2025-3niigata4.pdf,official_daily_result_pdf
202504040101,2025,新潟,4,1,1,2025-10-18,https://www.jra.go.jp/datafile/seiseki/report/2025/2025-4niigata1.pdf,official_daily_result_pdf
202504040102,2025,新潟,4,1,2,2025-10-18,https://www.jra.go.jp/datafile/seiseki/report/2025/2025-4niigata1.pdf,official_daily_result_pdf
202504040103,2025,新潟,4,1,3,2025-10-18,https://www.jra.go.jp/datafile/seiseki/report/2025/2025-4niigata1.pdf,official_daily_result_pdf
202504040104,2025,新潟,4,1,4,2025-10-18,https://www.jra.go.jp/datafile/seiseki/report/2025/2025-4niigata1.pdf,official_daily_result_pdf
202504040105,2025,新潟,4,1,5,2025-10-18,https://www.jra.go.jp/datafile/seiseki/report/2025/2025-4niigata1.pdf,official_daily_result_pdf
202504040106,2025,新潟,4,1,6,2025-10-18,https://www.jra.go.jp/datafile/seiseki/report/2025/2025-4niigata1.pdf,official_daily_result_pdf
202504040107,2025,新潟,4,1,7,2025-10-18,https://www.jra.go.jp/datafile/seiseki/report/2025/2025-4niigata1.pdf,official_daily_result_pdf
202504040108,2025,新潟,4,1,8,2025-10-18,https://www.jra.go.jp/datafile/seiseki/report/2025/2025-4niigata1.pdf,official_daily_result_pdf
202504040109,2025,新潟,4,1,9,2025-10-18,https://www.jra.go.jp/datafile/seiseki/report/2025/2025-4niigata1.pdf,official_daily_result_pdf
202504040110,2025,新潟,4,1,10,2025-10-18,https://www.jra.go.jp/datafile/seiseki/report/2025/2025-4niigata1.pdf,official_daily_result_pdf
202504040111,2025,新潟,4,1,11,2025-10-18,https://www.jra.go.jp/datafile/seiseki/report/2025/2025-4niigata1.pdf,official_daily_result_pdf
202504040112,2025,新潟,4,1,12,2025-10-18,https://www.jra.go.jp/datafile/seiseki/report/2025/2025-4niigata1.pdf,official_daily_result_pdf
202504040201,2025,新潟,4,2,1,2025-10-19,https://www.jra.go.jp/datafile/seiseki/report/2025/2025-4niigata2.pdf,official_daily_result_pdf
202504040202,2025,新潟,4,2,2,2025-10-19,https://www.jra.go.jp/datafile/seiseki/report/2025/2025-4niigata2.pdf,official_daily_result_pdf
202504040203,2025,新潟,4,2,3,2025-10-19,https://www.jra.go.jp/datafile/seiseki/report/2025/2025-4niigata2.pdf,official_daily_result_pdf
202504040204,2025,新潟,4,2,4,2025-10-19,https://www.jra.go.jp/datafile/seiseki/report/2025/2025-4niigata2.pdf,official_daily_result_pdf
202504040205,2025,新潟,4,2,5,2025-10-19,https://www.jra.go.jp/datafile/seiseki/report/2025/2025-4niigata2.pdf,official_daily_result_pdf
202504040206,2025,新潟,4,2,6,2025-10-19,https://www.jra.go.jp/datafile/seiseki/report/2025/2025-4niigata2.pdf,official_daily_result_pdf
202504040207,2025,新潟,4,2,7,2025-10-19,https://www.jra.go.jp/datafile/seiseki/report/2025/2025-4niigata2.pdf,official_daily_result_pdf
202504040208,2025,新潟,4,2,8,2025-10-19,https://www.jra.go.jp/datafile/seiseki/report/2025/2025-4niigata2.pdf,official_daily_result_pdf
202504040209,2025,新潟,4,2,9,2025-10-19,https://www.jra.go.jp/datafile/seiseki/report/2025/2025-4niigata2.pdf,official_daily_result_pdf
202504040210,2025,新潟,4,2,10,2025-10-19,https://www.jra.go.jp/datafile/seiseki/report/2025/2025-4niigata2.pdf,official_daily_result_pdf
202504040211,2025,新潟,4,2,11,2025-10-19,https://www.jra.go.jp/datafile/seiseki/report/2025/2025-4niigata2.pdf,official_daily_result_pdf
202504040212,2025,新潟,4,2,12,2025-10-19,https://www.jra.go.jp/datafile/seiseki/report/2025/2025-4niigata2.pdf,official_daily_result_pdf
202504040301,2025,新潟,4,3,1,2025-10-25,https://www.jra.go.jp/datafile/seiseki/report/2025/2025-4niigata3.pdf,official_daily_result_pdf
202504040302,2025,新潟,4,3,2,2025-10-25,https://www.jra.go.jp/datafile/seiseki/report/2025/2025-4niigata3.pdf,official_daily_result_pdf
202504040303,2025,新潟,4,3,3,2025-10-25,https://www.jra.go.jp/datafile/seiseki/report/2025/2025-4niigata3.pdf,official_daily_result_pdf
202504040304,2025,新潟,4,3,4,2025-10-25,https://www.jra.go.jp/datafile/seiseki/report/2025/2025-4niigata3.pdf,official_daily_result_pdf
202504040305,2025,新潟,4,3,5,2025-10-25,https://www.jra.go.jp/datafile/seiseki/report/2025/2025-4niigata3.pdf,official_daily_result_pdf
202504040306,2025,新潟,4,3,6,2025-10-25,https://www.jra.go.jp/datafile/seiseki/report/2025/2025-4niigata3.pdf,official_daily_result_pdf
202504040307,2025,新潟,4,3,7,2025-10-25,https://www.jra.go.jp/datafile/seiseki/report/2025/2025-4niigata3.pdf,official_daily_result_pdf
202504040308,2025,新潟,4,3,8,2025-10-25,https://www.jra.go.jp/datafile/seiseki/report/2025/2025-4niigata3.pdf,official_daily_result_pdf
202504040309,2025,新潟,4,3,9,2025-10-25,https://www.jra.go.jp/datafile/seiseki/report/2025/2025-4niigata3.pdf,official_daily_result_pdf
202504040310,2025,新潟,4,3,10,2025-10-25,https://www.jra.go.jp/datafile/seiseki/report/2025/2025-4niigata3.pdf,official_daily_result_pdf
202504040311,2025,新潟,4,3,11,2025-10-25,https://www.jra.go.jp/datafile/seiseki/report/2025/2025-4niigata3.pdf,official_daily_result_pdf
202504040312,2025,新潟,4,3,12,2025-10-25,https://www.jra.go.jp/datafile/seiseki/report/2025/2025-4niigata3.pdf,official_daily_result_pdf
202504040401,2025,新潟,4,4,1,2025-10-26,https://www.jra.go.jp/datafile/seiseki/report/2025/2025-4niigata4.pdf,official_daily_result_pdf
202504040402,2025,新潟,4,4,2,2025-10-26,https://www.jra.go.jp/datafile/seiseki/report/2025/2025-4niigata4.pdf,official_daily_result_pdf
202504040403,2025,新潟,4,4,3,2025-10-26,https://www.jra.go.jp/datafile/seiseki/report/2025/2025-4niigata4.pdf,official_daily_result_pdf
202504040404,2025,新潟,4,4,4,2025-10-26,https://www.jra.go.jp/datafile/seiseki/report/2025/2025-4niigata4.pdf,official_daily_result_pdf
202504040405,2025,新潟,4,4,5,2025-10-26,https://www.jra.go.jp/datafile/seiseki/report/2025/2025-4niigata4.pdf,official_daily_result_pdf
202504040406,2025,新潟,4,4,6,2025-10-26,https://www.jra.go.jp/datafile/seiseki/report/2025/2025-4niigata4.pdf,official_daily_result_pdf
202504040407,2025,新潟,4,4,7,2025-10-26,https://www.jra.go.jp/datafile/seiseki/report/2025/2025-4niigata4.pdf,official_daily_result_pdf
202504040408,2025,新潟,4,4,8,2025-10-26,https://www.jra.go.jp/datafile/seiseki/report/2025/2025-4niigata4.pdf,official_daily_result_pdf
202504040409,2025,新潟,4,4,9,2025-10-26,https://www.jra.go.jp/datafile/seiseki/report/2025/2025-4niigata4.pdf,official_daily_result_pdf
202504040410,2025,新潟,4,4,10,2025-10-26,https://www.jra.go.jp/datafile/seiseki/report/2025/2025-4niigata4.pdf,official_daily_result_pdf
202504040411,2025,新潟,4,4,11,2025-10-26,https://www.jra.go.jp/datafile/seiseki/report/2025/2025-4niigata4.pdf,official_daily_result_pdf
202504040412,2025,新潟,4,4,12,2025-10-26,https://www.jra.go.jp/datafile/seiseki/report/2025/2025-4niigata4.pdf,official_daily_result_pdf
202505010101,2025,東京,1,1,1,2025-02-01,https://www.jra.go.jp/datafile/seiseki/report/2025/2025-1tokyo1.pdf,official_daily_result_pdf
202505010102,2025,東京,1,1,2,2025-02-01,https://www.jra.go.jp/datafile/seiseki/report/2025/2025-1tokyo1.pdf,official_daily_result_pdf
202505010103,2025,東京,1,1,3,2025-02-01,https://www.jra.go.jp/datafile/seiseki/report/2025/2025-1tokyo1.pdf,official_daily_result_pdf
202505010104,2025,東京,1,1,4,2025-02-01,https://www.jra.go.jp/datafile/seiseki/report/2025/2025-1tokyo1.pdf,official_daily_result_pdf
202505010105,2025,東京,1,1,5,2025-02-01,https://www.jra.go.jp/datafile/seiseki/report/2025/2025-1tokyo1.pdf,official_daily_result_pdf
202505010106,2025,東京,1,1,6,2025-02-01,https://www.jra.go.jp/datafile/seiseki/report/2025/2025-1tokyo1.pdf,official_daily_result_pdf
202505010107,2025,東京,1,1,7,2025-02-01,https://www.jra.go.jp/datafile/seiseki/report/2025/2025-1tokyo1.pdf,official_daily_result_pdf
202505010108,2025,東京,1,1,8,2025-02-01,https://www.jra.go.jp/datafile/seiseki/report/2025/2025-1tokyo1.pdf,official_daily_result_pdf
202505010109,2025,東京,1,1,9,2025-02-01,https://www.jra.go.jp/datafile/seiseki/report/2025/2025-1tokyo1.pdf,official_daily_result_pdf
202505010110,2025,東京,1,1,10,2025-02-01,https://www.jra.go.jp/datafile/seiseki/report/2025/2025-1tokyo1.pdf,official_daily_result_pdf
202505010111,2025,東京,1,1,11,2025-02-01,https://www.jra.go.jp/datafile/seiseki/report/2025/2025-1tokyo1.pdf,official_daily_result_pdf
202505010112,2025,東京,1,1,12,2025-02-01,https://www.jra.go.jp/datafile/seiseki/report/2025/2025-1tokyo1.pdf,official_daily_result_pdf
202505010201,2025,東京,1,2,1,2025-02-02,https://www.jra.go.jp/datafile/seiseki/report/2025/2025-1tokyo2.pdf,official_daily_result_pdf
202505010202,2025,東京,1,2,2,2025-02-02,https://www.jra.go.jp/datafile/seiseki/report/2025/2025-1tokyo2.pdf,official_daily_result_pdf
202505010203,2025,東京,1,2,3,2025-02-02,https://www.jra.go.jp/datafile/seiseki/report/2025/2025-1tokyo2.pdf,official_daily_result_pdf
202505010204,2025,東京,1,2,4,2025-02-02,https://www.jra.go.jp/datafile/seiseki/report/2025/2025-1tokyo2.pdf,official_daily_result_pdf
202505010205,2025,東京,1,2,5,2025-02-02,https://www.jra.go.jp/datafile/seiseki/report/2025/2025-1tokyo2.pdf,official_daily_result_pdf
202505010206,2025,東京,1,2,6,2025-02-02,https://www.jra.go.jp/datafile/seiseki/report/2025/2025-1tokyo2.pdf,official_daily_result_pdf
202505010207,2025,東京,1,2,7,2025-02-02,https://www.jra.go.jp/datafile/seiseki/report/2025/2025-1tokyo2.pdf,official_daily_result_pdf
202505010208,2025,東京,1,2,8,2025-02-02,https://www.jra.go.jp/datafile/seiseki/report/2025/2025-1tokyo2.pdf,official_daily_result_pdf
202505010209,2025,東京,1,2,9,2025-02-02,https://www.jra.go.jp/datafile/seiseki/report/2025/2025-1tokyo2.pdf,official_daily_result_pdf
202505010210,2025,東京,1,2,10,2025-02-02,https://www.jra.go.jp/datafile/seiseki/report/2025/2025-1tokyo2.pdf,official_daily_result_pdf
202505010211,2025,東京,1,2,11,2025-02-02,https://www.jra.go.jp/datafile/seiseki/report/2025/2025-1tokyo2.pdf,official_daily_result_pdf
202505010212,2025,東京,1,2,12,2025-02-02,https://www.jra.go.jp/datafile/seiseki/report/2025/2025-1tokyo2.pdf,official_daily_result_pdf
202505010301,2025,東京,1,3,1,2025-02-08,https://www.jra.go.jp/datafile/seiseki/report/2025/2025-1tokyo3.pdf,official_daily_result_pdf
202505010302,2025,東京,1,3,2,2025-02-08,https://www.jra.go.jp/datafile/seiseki/report/2025/2025-1tokyo3.pdf,official_daily_result_pdf
202505010303,2025,東京,1,3,3,2025-02-08,https://www.jra.go.jp/datafile/seiseki/report/2025/2025-1tokyo3.pdf,official_daily_result_pdf
202505010304,2025,東京,1,3,4,2025-02-08,https://www.jra.go.jp/datafile/seiseki/report/2025/2025-1tokyo3.pdf,official_daily_result_pdf
202505010305,2025,東京,1,3,5,2025-02-08,https://www.jra.go.jp/datafile/seiseki/report/2025/2025-1tokyo3.pdf,official_daily_result_pdf
202505010306,2025,東京,1,3,6,2025-02-08,https://www.jra.go.jp/datafile/seiseki/report/2025/2025-1tokyo3.pdf,official_daily_result_pdf
202505010307,2025,東京,1,3,7,2025-02-08,https://www.jra.go.jp/datafile/seiseki/report/2025/2025-1tokyo3.pdf,official_daily_result_pdf
202505010308,2025,東京,1,3,8,2025-02-08,https://www.jra.go.jp/datafile/seiseki/report/2025/2025-1tokyo3.pdf,official_daily_result_pdf
202505010309,2025,東京,1,3,9,2025-02-08,https://www.jra.go.jp/datafile/seiseki/report/2025/2025-1tokyo3.pdf,official_daily_result_pdf
202505010310,2025,東京,1,3,10,2025-02-08,https://www.jra.go.jp/datafile/seiseki/report/2025/2025-1tokyo3.pdf,official_daily_result_pdf
202505010311,2025,東京,1,3,11,2025-02-08,https://www.jra.go.jp/datafile/seiseki/report/2025/2025-1tokyo3.pdf,official_daily_result_pdf
202505010312,2025,東京,1,3,12,2025-02-08,https://www.jra.go.jp/datafile/seiseki/report/2025/2025-1tokyo3.pdf,official_daily_result_pdf
202505010401,2025,東京,1,4,1,2025-02-09,https://www.jra.go.jp/datafile/seiseki/report/2025/2025-1tokyo4.pdf,official_daily_result_pdf
202505010402,2025,東京,1,4,2,2025-02-09,https://www.jra.go.jp/datafile/seiseki/report/2025/2025-1tokyo4.pdf,official_daily_result_pdf
202505010403,2025,東京,1,4,3,2025-02-09,https://www.jra.go.jp/datafile/seiseki/report/2025/2025-1tokyo4.pdf,official_daily_result_pdf
202505010404,2025,東京,1,4,4,2025-02-09,https://www.jra.go.jp/datafile/seiseki/report/2025/2025-1tokyo4.pdf,official_daily_result_pdf
202505010405,2025,東京,1,4,5,2025-02-09,https://www.jra.go.jp/datafile/seiseki/report/2025/2025-1tokyo4.pdf,official_daily_result_pdf
202505010406,2025,東京,1,4,6,2025-02-09,https://www.jra.go.jp/datafile/seiseki/report/2025/2025-1tokyo4.pdf,official_daily_result_pdf
202505010407,2025,東京,1,4,7,2025-02-09,https://www.jra.go.jp/datafile/seiseki/report/2025/2025-1tokyo4.pdf,official_daily_result_pdf
202505010408,2025,東京,1,4,8,2025-02-09,https://www.jra.go.jp/datafile/seiseki/report/2025/2025-1tokyo4.pdf,official_daily_result_pdf
202505010409,2025,東京,1,4,9,2025-02-09,https://www.jra.go.jp/datafile/seiseki/report/2025/2025-1tokyo4.pdf,official_daily_result_pdf
202505010410,2025,東京,1,4,10,2025-02-09,https://www.jra.go.jp/datafile/seiseki/report/2025/2025-1tokyo4.pdf,official_daily_result_pdf
202505010411,2025,東京,1,4,11,2025-02-09,https://www.jra.go.jp/datafile/seiseki/report/2025/2025-1tokyo4.pdf,official_daily_result_pdf
202505010412,2025,東京,1,4,12,2025-02-09,https://www.jra.go.jp/datafile/seiseki/report/2025/2025-1tokyo4.pdf,official_daily_result_pdf
202505010501,2025,東京,1,5,1,2025-02-15,https://www.jra.go.jp/datafile/seiseki/report/2025/2025-1tokyo5.pdf,official_daily_result_pdf
202505010502,2025,東京,1,5,2,2025-02-15,https://www.jra.go.jp/datafile/seiseki/report/2025/2025-1tokyo5.pdf,official_daily_result_pdf
202505010503,2025,東京,1,5,3,2025-02-15,https://www.jra.go.jp/datafile/seiseki/report/2025/2025-1tokyo5.pdf,official_daily_result_pdf
202505010504,2025,東京,1,5,4,2025-02-15,https://www.jra.go.jp/datafile/seiseki/report/2025/2025-1tokyo5.pdf,official_daily_result_pdf
202505010505,2025,東京,1,5,5,2025-02-15,https://www.jra.go.jp/datafile/seiseki/report/2025/2025-1tokyo5.pdf,official_daily_result_pdf
202505010506,2025,東京,1,5,6,2025-02-15,https://www.jra.go.jp/datafile/seiseki/report/2025/2025-1tokyo5.pdf,official_daily_result_pdf
202505010507,2025,東京,1,5,7,2025-02-15,https://www.jra.go.jp/datafile/seiseki/report/2025/2025-1tokyo5.pdf,official_daily_result_pdf
202505010508,2025,東京,1,5,8,2025-02-15,https://www.jra.go.jp/datafile/seiseki/report/2025/2025-1tokyo5.pdf,official_daily_result_pdf
202505010509,2025,東京,1,5,9,2025-02-15,https://www.jra.go.jp/datafile/seiseki/report/2025/2025-1tokyo5.pdf,official_daily_result_pdf
202505010510,2025,東京,1,5,10,2025-02-15,https://www.jra.go.jp/datafile/seiseki/report/2025/2025-1tokyo5.pdf,official_daily_result_pdf
202505010511,2025,東京,1,5,11,2025-02-15,https://www.jra.go.jp/datafile/seiseki/report/2025/2025-1tokyo5.pdf,official_daily_result_pdf
202505010512,2025,東京,1,5,12,2025-02-15,https://www.jra.go.jp/datafile/seiseki/report/2025/2025-1tokyo5.pdf,official_daily_result_pdf
202505010601,2025,東京,1,6,1,2025-02-16,https://www.jra.go.jp/datafile/seiseki/report/2025/2025-1tokyo6.pdf,official_daily_result_pdf
202505010602,2025,東京,1,6,2,2025-02-16,https://www.jra.go.jp/datafile/seiseki/report/2025/2025-1tokyo6.pdf,official_daily_result_pdf
202505010603,2025,東京,1,6,3,2025-02-16,https://www.jra.go.jp/datafile/seiseki/report/2025/2025-1tokyo6.pdf,official_daily_result_pdf
202505010604,2025,東京,1,6,4,2025-02-16,https://www.jra.go.jp/datafile/seiseki/report/2025/2025-1tokyo6.pdf,official_daily_result_pdf
202505010605,2025,東京,1,6,5,2025-02-16,https://www.jra.go.jp/datafile/seiseki/report/2025/2025-1tokyo6.pdf,official_daily_result_pdf
202505010606,2025,東京,1,6,6,2025-02-16,https://www.jra.go.jp/datafile/seiseki/report/2025/2025-1tokyo6.pdf,official_daily_result_pdf
202505010607,2025,東京,1,6,7,2025-02-16,https://www.jra.go.jp/datafile/seiseki/report/2025/2025-1tokyo6.pdf,official_daily_result_pdf
202505010608,2025,東京,1,6,8,2025-02-16,https://www.jra.go.jp/datafile/seiseki/report/2025/2025-1tokyo6.pdf,official_daily_result_pdf
202505010609,2025,東京,1,6,9,2025-02-16,https://www.jra.go.jp/datafile/seiseki/report/2025/2025-1tokyo6.pdf,official_daily_result_pdf
202505010610,2025,東京,1,6,10,2025-02-16,https://www.jra.go.jp/datafile/seiseki/report/2025/2025-1tokyo6.pdf,official_daily_result_pdf
202505010611,2025,東京,1,6,11,2025-02-16,https://www.jra.go.jp/datafile/seiseki/report/2025/2025-1tokyo6.pdf,official_daily_result_pdf
202505010612,2025,東京,1,6,12,2025-02-16,https://www.jra.go.jp/datafile/seiseki/report/2025/2025-1tokyo6.pdf,official_daily_result_pdf
202505010701,2025,東京,1,7,1,2025-02-22,https://www.jra.go.jp/datafile/seiseki/report/2025/2025-1tokyo7.pdf,official_daily_result_pdf
202505010702,2025,東京,1,7,2,2025-02-22,https://www.jra.go.jp/datafile/seiseki/report/2025/2025-1tokyo7.pdf,official_daily_result_pdf
202505010703,2025,東京,1,7,3,2025-02-22,https://www.jra.go.jp/datafile/seiseki/report/2025/2025-1tokyo7.pdf,official_daily_result_pdf
202505010704,2025,東京,1,7,4,2025-02-22,https://www.jra.go.jp/datafile/seiseki/report/2025/2025-1tokyo7.pdf,official_daily_result_pdf
202505010705,2025,東京,1,7,5,2025-02-22,https://www.jra.go.jp/datafile/seiseki/report/2025/2025-1tokyo7.pdf,official_daily_result_pdf
202505010706,2025,東京,1,7,6,2025-02-22,https://www.jra.go.jp/datafile/seiseki/report/2025/2025-1tokyo7.pdf,official_daily_result_pdf
202505010707,2025,東京,1,7,7,2025-02-22,https://www.jra.go.jp/datafile/seiseki/report/2025/2025-1tokyo7.pdf,official_daily_result_pdf
202505010708,2025,東京,1,7,8,2025-02-22,https://www.jra.go.jp/datafile/seiseki/report/2025/2025-1tokyo7.pdf,official_daily_result_pdf
202505010709,2025,東京,1,7,9,2025-02-22,https://www.jra.go.jp/datafile/seiseki/report/2025/2025-1tokyo7.pdf,official_daily_result_pdf
202505010710,2025,東京,1,7,10,2025-02-22,https://www.jra.go.jp/datafile/seiseki/report/2025/2025-1tokyo7.pdf,official_daily_result_pdf
202505010711,2025,東京,1,7,11,2025-02-22,https://www.jra.go.jp/datafile/seiseki/report/2025/2025-1tokyo7.pdf,official_daily_result_pdf
202505010712,2025,東京,1,7,12,2025-02-22,https://www.jra.go.jp/datafile/seiseki/report/2025/2025-1tokyo7.pdf,official_daily_result_pdf
202505010801,2025,東京,1,8,1,2025-02-23,https://www.jra.go.jp/datafile/seiseki/report/2025/2025-1tokyo8.pdf,official_daily_result_pdf
202505010802,2025,東京,1,8,2,2025-02-23,https://www.jra.go.jp/datafile/seiseki/report/2025/2025-1tokyo8.pdf,official_daily_result_pdf
202505010803,2025,東京,1,8,3,2025-02-23,https://www.jra.go.jp/datafile/seiseki/report/2025/2025-1tokyo8.pdf,official_daily_result_pdf
202505010804,2025,東京,1,8,4,2025-02-23,https://www.jra.go.jp/datafile/seiseki/report/2025/2025-1tokyo8.pdf,official_daily_result_pdf
202505010805,2025,東京,1,8,5,2025-02-23,https://www.jra.go.jp/datafile/seiseki/report/2025/2025-1tokyo8.pdf,official_daily_result_pdf
202505010806,2025,東京,1,8,6,2025-02-23,https://www.jra.go.jp/datafile/seiseki/report/2025/2025-1tokyo8.pdf,official_daily_result_pdf
202505010807,2025,東京,1,8,7,2025-02-23,https://www.jra.go.jp/datafile/seiseki/report/2025/2025-1tokyo8.pdf,official_daily_result_pdf
202505010808,2025,東京,1,8,8,2025-02-23,https://www.jra.go.jp/datafile/seiseki/report/2025/2025-1tokyo8.pdf,official_daily_result_pdf
202505010809,2025,東京,1,8,9,2025-02-23,https://www.jra.go.jp/datafile/seiseki/report/2025/2025-1tokyo8.pdf,official_daily_result_pdf
202505010810,2025,東京,1,8,10,2025-02-23,https://www.jra.go.jp/datafile/seiseki/report/2025/2025-1tokyo8.pdf,official_daily_result_pdf
202505010811,2025,東京,1,8,11,2025-02-23,https://www.jra.go.jp/datafile/seiseki/report/2025/2025-1tokyo8.pdf,official_daily_result_pdf
202505010812,2025,東京,1,8,12,2025-02-23,https://www.jra.go.jp/datafile/seiseki/report/2025/2025-1tokyo8.pdf,official_daily_result_pdf
202505020101,2025,東京,2,1,1,2025-04-26,https://www.jra.go.jp/datafile/seiseki/report/2025/2025-2tokyo1.pdf,official_daily_result_pdf
202505020102,2025,東京,2,1,2,2025-04-26,https://www.jra.go.jp/datafile/seiseki/report/2025/2025-2tokyo1.pdf,official_daily_result_pdf
202505020103,2025,東京,2,1,3,2025-04-26,https://www.jra.go.jp/datafile/seiseki/report/2025/2025-2tokyo1.pdf,official_daily_result_pdf
202505020104,2025,東京,2,1,4,2025-04-26,https://www.jra.go.jp/datafile/seiseki/report/2025/2025-2tokyo1.pdf,official_daily_result_pdf
202505020105,2025,東京,2,1,5,2025-04-26,https://www.jra.go.jp/datafile/seiseki/report/2025/2025-2tokyo1.pdf,official_daily_result_pdf
202505020106,2025,東京,2,1,6,2025-04-26,https://www.jra.go.jp/datafile/seiseki/report/2025/2025-2tokyo1.pdf,official_daily_result_pdf
202505020107,2025,東京,2,1,7,2025-04-26,https://www.jra.go.jp/datafile/seiseki/report/2025/2025-2tokyo1.pdf,official_daily_result_pdf
202505020108,2025,東京,2,1,8,2025-04-26,https://www.jra.go.jp/datafile/seiseki/report/2025/2025-2tokyo1.pdf,official_daily_result_pdf
202505020109,2025,東京,2,1,9,2025-04-26,https://www.jra.go.jp/datafile/seiseki/report/2025/2025-2tokyo1.pdf,official_daily_result_pdf
202505020110,2025,東京,2,1,10,2025-04-26,https://www.jra.go.jp/datafile/seiseki/report/2025/2025-2tokyo1.pdf,official_daily_result_pdf
202505020111,2025,東京,2,1,11,2025-04-26,https://www.jra.go.jp/datafile/seiseki/report/2025/2025-2tokyo1.pdf,official_daily_result_pdf
202505020112,2025,東京,2,1,12,2025-04-26,https://www.jra.go.jp/datafile/seiseki/report/2025/2025-2tokyo1.pdf,official_daily_result_pdf
202505020201,2025,東京,2,2,1,2025-04-27,https://www.jra.go.jp/datafile/seiseki/report/2025/2025-2tokyo2.pdf,official_daily_result_pdf
202505020202,2025,東京,2,2,2,2025-04-27,https://www.jra.go.jp/datafile/seiseki/report/2025/2025-2tokyo2.pdf,official_daily_result_pdf
202505020203,2025,東京,2,2,3,2025-04-27,https://www.jra.go.jp/datafile/seiseki/report/2025/2025-2tokyo2.pdf,official_daily_result_pdf
202505020204,2025,東京,2,2,4,2025-04-27,https://www.jra.go.jp/datafile/seiseki/report/2025/2025-2tokyo2.pdf,official_daily_result_pdf
202505020205,2025,東京,2,2,5,2025-04-27,https://www.jra.go.jp/datafile/seiseki/report/2025/2025-2tokyo2.pdf,official_daily_result_pdf
202505020206,2025,東京,2,2,6,2025-04-27,https://www.jra.go.jp/datafile/seiseki/report/2025/2025-2tokyo2.pdf,official_daily_result_pdf
202505020207,2025,東京,2,2,7,2025-04-27,https://www.jra.go.jp/datafile/seiseki/report/2025/2025-2tokyo2.pdf,official_daily_result_pdf
202505020208,2025,東京,2,2,8,2025-04-27,https://www.jra.go.jp/datafile/seiseki/report/2025/2025-2tokyo2.pdf,official_daily_result_pdf
202505020209,2025,東京,2,2,9,2025-04-27,https://www.jra.go.jp/datafile/seiseki/report/2025/2025-2tokyo2.pdf,official_daily_result_pdf
202505020210,2025,東京,2,2,10,2025-04-27,https://www.jra.go.jp/datafile/seiseki/report/2025/2025-2tokyo2.pdf,official_daily_result_pdf
202505020211,2025,東京,2,2,11,2025-04-27,https://www.jra.go.jp/datafile/seiseki/report/2025/2025-2tokyo2.pdf,official_daily_result_pdf
202505020212,2025,東京,2,2,12,2025-04-27,https://www.jra.go.jp/datafile/seiseki/report/2025/2025-2tokyo2.pdf,official_daily_result_pdf
202505020301,2025,東京,2,3,1,2025-05-03,https://www.jra.go.jp/datafile/seiseki/report/2025/2025-2tokyo3.pdf,official_daily_result_pdf
202505020302,2025,東京,2,3,2,2025-05-03,https://www.jra.go.jp/datafile/seiseki/report/2025/2025-2tokyo3.pdf,official_daily_result_pdf
202505020303,2025,東京,2,3,3,2025-05-03,https://www.jra.go.jp/datafile/seiseki/report/2025/2025-2tokyo3.pdf,official_daily_result_pdf
202505020304,2025,東京,2,3,4,2025-05-03,https://www.jra.go.jp/datafile/seiseki/report/2025/2025-2tokyo3.pdf,official_daily_result_pdf
202505020305,2025,東京,2,3,5,2025-05-03,https://www.jra.go.jp/datafile/seiseki/report/2025/2025-2tokyo3.pdf,official_daily_result_pdf
202505020306,2025,東京,2,3,6,2025-05-03,https://www.jra.go.jp/datafile/seiseki/report/2025/2025-2tokyo3.pdf,official_daily_result_pdf
202505020307,2025,東京,2,3,7,2025-05-03,https://www.jra.go.jp/datafile/seiseki/report/2025/2025-2tokyo3.pdf,official_daily_result_pdf
202505020308,2025,東京,2,3,8,2025-05-03,https://www.jra.go.jp/datafile/seiseki/report/2025/2025-2tokyo3.pdf,official_daily_result_pdf
202505020309,2025,東京,2,3,9,2025-05-03,https://www.jra.go.jp/datafile/seiseki/report/2025/2025-2tokyo3.pdf,official_daily_result_pdf
202505020310,2025,東京,2,3,10,2025-05-03,https://www.jra.go.jp/datafile/seiseki/report/2025/2025-2tokyo3.pdf,official_daily_result_pdf
202505020311,2025,東京,2,3,11,2025-05-03,https://www.jra.go.jp/datafile/seiseki/report/2025/2025-2tokyo3.pdf,official_daily_result_pdf
202505020312,2025,東京,2,3,12,2025-05-03,https://www.jra.go.jp/datafile/seiseki/report/2025/2025-2tokyo3.pdf,official_daily_result_pdf
202505020401,2025,東京,2,4,1,2025-05-04,https://www.jra.go.jp/datafile/seiseki/report/2025/2025-2tokyo4.pdf,official_daily_result_pdf
202505020402,2025,東京,2,4,2,2025-05-04,https://www.jra.go.jp/datafile/seiseki/report/2025/2025-2tokyo4.pdf,official_daily_result_pdf
202505020403,2025,東京,2,4,3,2025-05-04,https://www.jra.go.jp/datafile/seiseki/report/2025/2025-2tokyo4.pdf,official_daily_result_pdf
202505020404,2025,東京,2,4,4,2025-05-04,https://www.jra.go.jp/datafile/seiseki/report/2025/2025-2tokyo4.pdf,official_daily_result_pdf
202505020405,2025,東京,2,4,5,2025-05-04,https://www.jra.go.jp/datafile/seiseki/report/2025/2025-2tokyo4.pdf,official_daily_result_pdf
202505020406,2025,東京,2,4,6,2025-05-04,https://www.jra.go.jp/datafile/seiseki/report/2025/2025-2tokyo4.pdf,official_daily_result_pdf
202505020407,2025,東京,2,4,7,2025-05-04,https://www.jra.go.jp/datafile/seiseki/report/2025/2025-2tokyo4.pdf,official_daily_result_pdf
202505020408,2025,東京,2,4,8,2025-05-04,https://www.jra.go.jp/datafile/seiseki/report/2025/2025-2tokyo4.pdf,official_daily_result_pdf
202505020409,2025,東京,2,4,9,2025-05-04,https://www.jra.go.jp/datafile/seiseki/report/2025/2025-2tokyo4.pdf,official_daily_result_pdf
202505020410,2025,東京,2,4,10,2025-05-04,https://www.jra.go.jp/datafile/seiseki/report/2025/2025-2tokyo4.pdf,official_daily_result_pdf
202505020411,2025,東京,2,4,11,2025-05-04,https://www.jra.go.jp/datafile/seiseki/report/2025/2025-2tokyo4.pdf,official_daily_result_pdf
202505020412,2025,東京,2,4,12,2025-05-04,https://www.jra.go.jp/datafile/seiseki/report/2025/2025-2tokyo4.pdf,official_daily_result_pdf
202505020501,2025,東京,2,5,1,2025-05-10,https://www.jra.go.jp/datafile/seiseki/report/2025/2025-2tokyo5.pdf,official_daily_result_pdf
202505020502,2025,東京,2,5,2,2025-05-10,https://www.jra.go.jp/datafile/seiseki/report/2025/2025-2tokyo5.pdf,official_daily_result_pdf
202505020503,2025,東京,2,5,3,2025-05-10,https://www.jra.go.jp/datafile/seiseki/report/2025/2025-2tokyo5.pdf,official_daily_result_pdf
202505020504,2025,東京,2,5,4,2025-05-10,https://www.jra.go.jp/datafile/seiseki/report/2025/2025-2tokyo5.pdf,official_daily_result_pdf
202505020505,2025,東京,2,5,5,2025-05-10,https://www.jra.go.jp/datafile/seiseki/report/2025/2025-2tokyo5.pdf,official_daily_result_pdf
202505020506,2025,東京,2,5,6,2025-05-10,https://www.jra.go.jp/datafile/seiseki/report/2025/2025-2tokyo5.pdf,official_daily_result_pdf
202505020507,2025,東京,2,5,7,2025-05-10,https://www.jra.go.jp/datafile/seiseki/report/2025/2025-2tokyo5.pdf,official_daily_result_pdf
202505020508,2025,東京,2,5,8,2025-05-10,https://www.jra.go.jp/datafile/seiseki/report/2025/2025-2tokyo5.pdf,official_daily_result_pdf
202505020509,2025,東京,2,5,9,2025-05-10,https://www.jra.go.jp/datafile/seiseki/report/2025/2025-2tokyo5.pdf,official_daily_result_pdf
202505020510,2025,東京,2,5,10,2025-05-10,https://www.jra.go.jp/datafile/seiseki/report/2025/2025-2tokyo5.pdf,official_daily_result_pdf
202505020511,2025,東京,2,5,11,2025-05-10,https://www.jra.go.jp/datafile/seiseki/report/2025/2025-2tokyo5.pdf,official_daily_result_pdf
202505020512,2025,東京,2,5,12,2025-05-10,https://www.jra.go.jp/datafile/seiseki/report/2025/2025-2tokyo5.pdf,official_daily_result_pdf
202505020601,2025,東京,2,6,1,2025-05-11,https://www.jra.go.jp/datafile/seiseki/report/2025/2025-2tokyo6.pdf,official_daily_result_pdf
202505020602,2025,東京,2,6,2,2025-05-11,https://www.jra.go.jp/datafile/seiseki/report/2025/2025-2tokyo6.pdf,official_daily_result_pdf
202505020603,2025,東京,2,6,3,2025-05-11,https://www.jra.go.jp/datafile/seiseki/report/2025/2025-2tokyo6.pdf,official_daily_result_pdf
202505020604,2025,東京,2,6,4,2025-05-11,https://www.jra.go.jp/datafile/seiseki/report/2025/2025-2tokyo6.pdf,official_daily_result_pdf
202505020605,2025,東京,2,6,5,2025-05-11,https://www.jra.go.jp/datafile/seiseki/report/2025/2025-2tokyo6.pdf,official_daily_result_pdf
202505020606,2025,東京,2,6,6,2025-05-11,https://www.jra.go.jp/datafile/seiseki/report/2025/2025-2tokyo6.pdf,official_daily_result_pdf
202505020607,2025,東京,2,6,7,2025-05-11,https://www.jra.go.jp/datafile/seiseki/report/2025/2025-2tokyo6.pdf,official_daily_result_pdf
202505020608,2025,東京,2,6,8,2025-05-11,https://www.jra.go.jp/datafile/seiseki/report/2025/2025-2tokyo6.pdf,official_daily_result_pdf
202505020609,2025,東京,2,6,9,2025-05-11,https://www.jra.go.jp/datafile/seiseki/report/2025/2025-2tokyo6.pdf,official_daily_result_pdf
202505020610,2025,東京,2,6,10,2025-05-11,https://www.jra.go.jp/datafile/seiseki/report/2025/2025-2tokyo6.pdf,official_daily_result_pdf
202505020611,2025,東京,2,6,11,2025-05-11,https://www.jra.go.jp/datafile/seiseki/report/2025/2025-2tokyo6.pdf,official_daily_result_pdf
202505020612,2025,東京,2,6,12,2025-05-11,https://www.jra.go.jp/datafile/seiseki/report/2025/2025-2tokyo6.pdf,official_daily_result_pdf
202505020701,2025,東京,2,7,1,2025-05-17,https://www.jra.go.jp/datafile/seiseki/report/2025/2025-2tokyo7.pdf,official_daily_result_pdf
202505020702,2025,東京,2,7,2,2025-05-17,https://www.jra.go.jp/datafile/seiseki/report/2025/2025-2tokyo7.pdf,official_daily_result_pdf
202505020703,2025,東京,2,7,3,2025-05-17,https://www.jra.go.jp/datafile/seiseki/report/2025/2025-2tokyo7.pdf,official_daily_result_pdf
202505020704,2025,東京,2,7,4,2025-05-17,https://www.jra.go.jp/datafile/seiseki/report/2025/2025-2tokyo7.pdf,official_daily_result_pdf
202505020705,2025,東京,2,7,5,2025-05-17,https://www.jra.go.jp/datafile/seiseki/report/2025/2025-2tokyo7.pdf,official_daily_result_pdf
202505020706,2025,東京,2,7,6,2025-05-17,https://www.jra.go.jp/datafile/seiseki/report/2025/2025-2tokyo7.pdf,official_daily_result_pdf
202505020707,2025,東京,2,7,7,2025-05-17,https://www.jra.go.jp/datafile/seiseki/report/2025/2025-2tokyo7.pdf,official_daily_result_pdf
202505020708,2025,東京,2,7,8,2025-05-17,https://www.jra.go.jp/datafile/seiseki/report/2025/2025-2tokyo7.pdf,official_daily_result_pdf
202505020709,2025,東京,2,7,9,2025-05-17,https://www.jra.go.jp/datafile/seiseki/report/2025/2025-2tokyo7.pdf,official_daily_result_pdf
202505020710,2025,東京,2,7,10,2025-05-17,https://www.jra.go.jp/datafile/seiseki/report/2025/2025-2tokyo7.pdf,official_daily_result_pdf
202505020711,2025,東京,2,7,11,2025-05-17,https://www.jra.go.jp/datafile/seiseki/report/2025/2025-2tokyo7.pdf,official_daily_result_pdf
202505020712,2025,東京,2,7,12,2025-05-17,https://www.jra.go.jp/datafile/seiseki/report/2025/2025-2tokyo7.pdf,official_daily_result_pdf
202505020801,2025,東京,2,8,1,2025-05-18,https://www.jra.go.jp/datafile/seiseki/report/2025/2025-2tokyo8.pdf,official_daily_result_pdf
202505020802,2025,東京,2,8,2,2025-05-18,https://www.jra.go.jp/datafile/seiseki/report/2025/2025-2tokyo8.pdf,official_daily_result_pdf
202505020803,2025,東京,2,8,3,2025-05-18,https://www.jra.go.jp/datafile/seiseki/report/2025/2025-2tokyo8.pdf,official_daily_result_pdf
202505020804,2025,東京,2,8,4,2025-05-18,https://www.jra.go.jp/datafile/seiseki/report/2025/2025-2tokyo8.pdf,official_daily_result_pdf
202505020805,2025,東京,2,8,5,2025-05-18,https://www.jra.go.jp/datafile/seiseki/report/2025/2025-2tokyo8.pdf,official_daily_result_pdf
202505020806,2025,東京,2,8,6,2025-05-18,https://www.jra.go.jp/datafile/seiseki/report/2025/2025-2tokyo8.pdf,official_daily_result_pdf
202505020807,2025,東京,2,8,7,2025-05-18,https://www.jra.go.jp/datafile/seiseki/report/2025/2025-2tokyo8.pdf,official_daily_result_pdf
202505020808,2025,東京,2,8,8,2025-05-18,https://www.jra.go.jp/datafile/seiseki/report/2025/2025-2tokyo8.pdf,official_daily_result_pdf
202505020809,2025,東京,2,8,9,2025-05-18,https://www.jra.go.jp/datafile/seiseki/report/2025/2025-2tokyo8.pdf,official_daily_result_pdf
202505020810,2025,東京,2,8,10,2025-05-18,https://www.jra.go.jp/datafile/seiseki/report/2025/2025-2tokyo8.pdf,official_daily_result_pdf
202505020811,2025,東京,2,8,11,2025-05-18,https://www.jra.go.jp/datafile/seiseki/report/2025/2025-2tokyo8.pdf,official_daily_result_pdf
202505020812,2025,東京,2,8,12,2025-05-18,https://www.jra.go.jp/datafile/seiseki/report/2025/2025-2tokyo8.pdf,official_daily_result_pdf
202505020901,2025,東京,2,9,1,2025-05-24,https://www.jra.go.jp/datafile/seiseki/report/2025/2025-2tokyo9.pdf,official_daily_result_pdf
202505020902,2025,東京,2,9,2,2025-05-24,https://www.jra.go.jp/datafile/seiseki/report/2025/2025-2tokyo9.pdf,official_daily_result_pdf
202505020903,2025,東京,2,9,3,2025-05-24,https://www.jra.go.jp/datafile/seiseki/report/2025/2025-2tokyo9.pdf,official_daily_result_pdf
202505020904,2025,東京,2,9,4,2025-05-24,https://www.jra.go.jp/datafile/seiseki/report/2025/2025-2tokyo9.pdf,official_daily_result_pdf
202505020905,2025,東京,2,9,5,2025-05-24,https://www.jra.go.jp/datafile/seiseki/report/2025/2025-2tokyo9.pdf,official_daily_result_pdf
202505020906,2025,東京,2,9,6,2025-05-24,https://www.jra.go.jp/datafile/seiseki/report/2025/2025-2tokyo9.pdf,official_daily_result_pdf
202505020907,2025,東京,2,9,7,2025-05-24,https://www.jra.go.jp/datafile/seiseki/report/2025/2025-2tokyo9.pdf,official_daily_result_pdf
202505020908,2025,東京,2,9,8,2025-05-24,https://www.jra.go.jp/datafile/seiseki/report/2025/2025-2tokyo9.pdf,official_daily_result_pdf
202505020909,2025,東京,2,9,9,2025-05-24,https://www.jra.go.jp/datafile/seiseki/report/2025/2025-2tokyo9.pdf,official_daily_result_pdf
202505020910,2025,東京,2,9,10,2025-05-24,https://www.jra.go.jp/datafile/seiseki/report/2025/2025-2tokyo9.pdf,official_daily_result_pdf
202505020911,2025,東京,2,9,11,2025-05-24,https://www.jra.go.jp/datafile/seiseki/report/2025/2025-2tokyo9.pdf,official_daily_result_pdf
202505020912,2025,東京,2,9,12,2025-05-24,https://www.jra.go.jp/datafile/seiseki/report/2025/2025-2tokyo9.pdf,official_daily_result_pdf
202505021001,2025,東京,2,10,1,2025-05-25,https://www.jra.go.jp/datafile/seiseki/report/2025/2025-2tokyo10.pdf,official_daily_result_pdf
202505021002,2025,東京,2,10,2,2025-05-25,https://www.jra.go.jp/datafile/seiseki/report/2025/2025-2tokyo10.pdf,official_daily_result_pdf
202505021003,2025,東京,2,10,3,2025-05-25,https://www.jra.go.jp/datafile/seiseki/report/2025/2025-2tokyo10.pdf,official_daily_result_pdf
202505021004,2025,東京,2,10,4,2025-05-25,https://www.jra.go.jp/datafile/seiseki/report/2025/2025-2tokyo10.pdf,official_daily_result_pdf
202505021005,2025,東京,2,10,5,2025-05-25,https://www.jra.go.jp/datafile/seiseki/report/2025/2025-2tokyo10.pdf,official_daily_result_pdf
202505021006,2025,東京,2,10,6,2025-05-25,https://www.jra.go.jp/datafile/seiseki/report/2025/2025-2tokyo10.pdf,official_daily_result_pdf
202505021007,2025,東京,2,10,7,2025-05-25,https://www.jra.go.jp/datafile/seiseki/report/2025/2025-2tokyo10.pdf,official_daily_result_pdf
202505021008,2025,東京,2,10,8,2025-05-25,https://www.jra.go.jp/datafile/seiseki/report/2025/2025-2tokyo10.pdf,official_daily_result_pdf
202505021009,2025,東京,2,10,9,2025-05-25,https://www.jra.go.jp/datafile/seiseki/report/2025/2025-2tokyo10.pdf,official_daily_result_pdf
202505021010,2025,東京,2,10,10,2025-05-25,https://www.jra.go.jp/datafile/seiseki/report/2025/2025-2tokyo10.pdf,official_daily_result_pdf
202505021011,2025,東京,2,10,11,2025-05-25,https://www.jra.go.jp/datafile/seiseki/report/2025/2025-2tokyo10.pdf,official_daily_result_pdf
202505021012,2025,東京,2,10,12,2025-05-25,https://www.jra.go.jp/datafile/seiseki/report/2025/2025-2tokyo10.pdf,official_daily_result_pdf
202505021101,2025,東京,2,11,1,2025-05-31,https://www.jra.go.jp/datafile/seiseki/report/2025/2025-2tokyo11.pdf,official_daily_result_pdf
202505021102,2025,東京,2,11,2,2025-05-31,https://www.jra.go.jp/datafile/seiseki/report/2025/2025-2tokyo11.pdf,official_daily_result_pdf
202505021103,2025,東京,2,11,3,2025-05-31,https://www.jra.go.jp/datafile/seiseki/report/2025/2025-2tokyo11.pdf,official_daily_result_pdf
202505021104,2025,東京,2,11,4,2025-05-31,https://www.jra.go.jp/datafile/seiseki/report/2025/2025-2tokyo11.pdf,official_daily_result_pdf
202505021105,2025,東京,2,11,5,2025-05-31,https://www.jra.go.jp/datafile/seiseki/report/2025/2025-2tokyo11.pdf,official_daily_result_pdf
202505021106,2025,東京,2,11,6,2025-05-31,https://www.jra.go.jp/datafile/seiseki/report/2025/2025-2tokyo11.pdf,official_daily_result_pdf
202505021107,2025,東京,2,11,7,2025-05-31,https://www.jra.go.jp/datafile/seiseki/report/2025/2025-2tokyo11.pdf,official_daily_result_pdf
202505021108,2025,東京,2,11,8,2025-05-31,https://www.jra.go.jp/datafile/seiseki/report/2025/2025-2tokyo11.pdf,official_daily_result_pdf
202505021110,2025,東京,2,11,10,2025-05-31,https://www.jra.go.jp/datafile/seiseki/report/2025/2025-2tokyo11.pdf,official_daily_result_pdf
202505021111,2025,東京,2,11,11,2025-05-31,https://www.jra.go.jp/datafile/seiseki/report/2025/2025-2tokyo11.pdf,official_daily_result_pdf
202505021112,2025,東京,2,11,12,2025-05-31,https://www.jra.go.jp/datafile/seiseki/report/2025/2025-2tokyo11.pdf,official_daily_result_pdf
202505021201,2025,東京,2,12,1,2025-06-01,https://www.jra.go.jp/datafile/seiseki/report/2025/2025-2tokyo12.pdf,official_daily_result_pdf
202505021202,2025,東京,2,12,2,2025-06-01,https://www.jra.go.jp/datafile/seiseki/report/2025/2025-2tokyo12.pdf,official_daily_result_pdf
202505021203,2025,東京,2,12,3,2025-06-01,https://www.jra.go.jp/datafile/seiseki/report/2025/2025-2tokyo12.pdf,official_daily_result_pdf
202505021204,2025,東京,2,12,4,2025-06-01,https://www.jra.go.jp/datafile/seiseki/report/2025/2025-2tokyo12.pdf,official_daily_result_pdf
202505021205,2025,東京,2,12,5,2025-06-01,https://www.jra.go.jp/datafile/seiseki/report/2025/2025-2tokyo12.pdf,official_daily_result_pdf
202505021206,2025,東京,2,12,6,2025-06-01,https://www.jra.go.jp/datafile/seiseki/report/2025/2025-2tokyo12.pdf,official_daily_result_pdf
202505021207,2025,東京,2,12,7,2025-06-01,https://www.jra.go.jp/datafile/seiseki/report/2025/2025-2tokyo12.pdf,official_daily_result_pdf
202505021208,2025,東京,2,12,8,2025-06-01,https://www.jra.go.jp/datafile/seiseki/report/2025/2025-2tokyo12.pdf,official_daily_result_pdf
202505021209,2025,東京,2,12,9,2025-06-01,https://www.jra.go.jp/datafile/seiseki/report/2025/2025-2tokyo12.pdf,official_daily_result_pdf
202505021210,2025,東京,2,12,10,2025-06-01,https://www.jra.go.jp/datafile/seiseki/report/2025/2025-2tokyo12.pdf,official_daily_result_pdf
202505021211,2025,東京,2,12,11,2025-06-01,https://www.jra.go.jp/datafile/seiseki/report/2025/2025-2tokyo12.pdf,official_daily_result_pdf
202505021212,2025,東京,2,12,12,2025-06-01,https://www.jra.go.jp/datafile/seiseki/report/2025/2025-2tokyo12.pdf,official_daily_result_pdf
202505030101,2025,東京,3,1,1,2025-06-07,https://www.jra.go.jp/datafile/seiseki/report/2025/2025-3tokyo1.pdf,official_daily_result_pdf
202505030102,2025,東京,3,1,2,2025-06-07,https://www.jra.go.jp/datafile/seiseki/report/2025/2025-3tokyo1.pdf,official_daily_result_pdf
202505030103,2025,東京,3,1,3,2025-06-07,https://www.jra.go.jp/datafile/seiseki/report/2025/2025-3tokyo1.pdf,official_daily_result_pdf
202505030104,2025,東京,3,1,4,2025-06-07,https://www.jra.go.jp/datafile/seiseki/report/2025/2025-3tokyo1.pdf,official_daily_result_pdf
202505030105,2025,東京,3,1,5,2025-06-07,https://www.jra.go.jp/datafile/seiseki/report/2025/2025-3tokyo1.pdf,official_daily_result_pdf
202505030106,2025,東京,3,1,6,2025-06-07,https://www.jra.go.jp/datafile/seiseki/report/2025/2025-3tokyo1.pdf,official_daily_result_pdf
202505030107,2025,東京,3,1,7,2025-06-07,https://www.jra.go.jp/datafile/seiseki/report/2025/2025-3tokyo1.pdf,official_daily_result_pdf
202505030108,2025,東京,3,1,8,2025-06-07,https://www.jra.go.jp/datafile/seiseki/report/2025/2025-3tokyo1.pdf,official_daily_result_pdf
202505030109,2025,東京,3,1,9,2025-06-07,https://www.jra.go.jp/datafile/seiseki/report/2025/2025-3tokyo1.pdf,official_daily_result_pdf
202505030110,2025,東京,3,1,10,2025-06-07,https://www.jra.go.jp/datafile/seiseki/report/2025/2025-3tokyo1.pdf,official_daily_result_pdf
202505030111,2025,東京,3,1,11,2025-06-07,https://www.jra.go.jp/datafile/seiseki/report/2025/2025-3tokyo1.pdf,official_daily_result_pdf
202505030112,2025,東京,3,1,12,2025-06-07,https://www.jra.go.jp/datafile/seiseki/report/2025/2025-3tokyo1.pdf,official_daily_result_pdf
202505030201,2025,東京,3,2,1,2025-06-08,https://www.jra.go.jp/datafile/seiseki/report/2025/2025-3tokyo2.pdf,official_daily_result_pdf
202505030202,2025,東京,3,2,2,2025-06-08,https://www.jra.go.jp/datafile/seiseki/report/2025/2025-3tokyo2.pdf,official_daily_result_pdf
202505030203,2025,東京,3,2,3,2025-06-08,https://www.jra.go.jp/datafile/seiseki/report/2025/2025-3tokyo2.pdf,official_daily_result_pdf
202505030204,2025,東京,3,2,4,2025-06-08,https://www.jra.go.jp/datafile/seiseki/report/2025/2025-3tokyo2.pdf,official_daily_result_pdf
202505030205,2025,東京,3,2,5,2025-06-08,https://www.jra.go.jp/datafile/seiseki/report/2025/2025-3tokyo2.pdf,official_daily_result_pdf
202505030206,2025,東京,3,2,6,2025-06-08,https://www.jra.go.jp/datafile/seiseki/report/2025/2025-3tokyo2.pdf,official_daily_result_pdf
202505030207,2025,東京,3,2,7,2025-06-08,https://www.jra.go.jp/datafile/seiseki/report/2025/2025-3tokyo2.pdf,official_daily_result_pdf
202505030208,2025,東京,3,2,8,2025-06-08,https://www.jra.go.jp/datafile/seiseki/report/2025/2025-3tokyo2.pdf,official_daily_result_pdf
202505030209,2025,東京,3,2,9,2025-06-08,https://www.jra.go.jp/datafile/seiseki/report/2025/2025-3tokyo2.pdf,official_daily_result_pdf
202505030210,2025,東京,3,2,10,2025-06-08,https://www.jra.go.jp/datafile/seiseki/report/2025/2025-3tokyo2.pdf,official_daily_result_pdf
202505030211,2025,東京,3,2,11,2025-06-08,https://www.jra.go.jp/datafile/seiseki/report/2025/2025-3tokyo2.pdf,official_daily_result_pdf
202505030212,2025,東京,3,2,12,2025-06-08,https://www.jra.go.jp/datafile/seiseki/report/2025/2025-3tokyo2.pdf,official_daily_result_pdf
202505030301,2025,東京,3,3,1,2025-06-14,https://www.jra.go.jp/datafile/seiseki/report/2025/2025-3tokyo3.pdf,official_daily_result_pdf
202505030302,2025,東京,3,3,2,2025-06-14,https://www.jra.go.jp/datafile/seiseki/report/2025/2025-3tokyo3.pdf,official_daily_result_pdf
202505030303,2025,東京,3,3,3,2025-06-14,https://www.jra.go.jp/datafile/seiseki/report/2025/2025-3tokyo3.pdf,official_daily_result_pdf
202505030304,2025,東京,3,3,4,2025-06-14,https://www.jra.go.jp/datafile/seiseki/report/2025/2025-3tokyo3.pdf,official_daily_result_pdf
202505030305,2025,東京,3,3,5,2025-06-14,https://www.jra.go.jp/datafile/seiseki/report/2025/2025-3tokyo3.pdf,official_daily_result_pdf
202505030306,2025,東京,3,3,6,2025-06-14,https://www.jra.go.jp/datafile/seiseki/report/2025/2025-3tokyo3.pdf,official_daily_result_pdf
202505030307,2025,東京,3,3,7,2025-06-14,https://www.jra.go.jp/datafile/seiseki/report/2025/2025-3tokyo3.pdf,official_daily_result_pdf
202505030308,2025,東京,3,3,8,2025-06-14,https://www.jra.go.jp/datafile/seiseki/report/2025/2025-3tokyo3.pdf,official_daily_result_pdf
202505030309,2025,東京,3,3,9,2025-06-14,https://www.jra.go.jp/datafile/seiseki/report/2025/2025-3tokyo3.pdf,official_daily_result_pdf
202505030310,2025,東京,3,3,10,2025-06-14,https://www.jra.go.jp/datafile/seiseki/report/2025/2025-3tokyo3.pdf,official_daily_result_pdf
202505030311,2025,東京,3,3,11,2025-06-14,https://www.jra.go.jp/datafile/seiseki/report/2025/2025-3tokyo3.pdf,official_daily_result_pdf
202505030312,2025,東京,3,3,12,2025-06-14,https://www.jra.go.jp/datafile/seiseki/report/2025/2025-3tokyo3.pdf,official_daily_result_pdf
202505030401,2025,東京,3,4,1,2025-06-15,https://www.jra.go.jp/datafile/seiseki/report/2025/2025-3tokyo4.pdf,official_daily_result_pdf
202505030402,2025,東京,3,4,2,2025-06-15,https://www.jra.go.jp/datafile/seiseki/report/2025/2025-3tokyo4.pdf,official_daily_result_pdf
202505030403,2025,東京,3,4,3,2025-06-15,https://www.jra.go.jp/datafile/seiseki/report/2025/2025-3tokyo4.pdf,official_daily_result_pdf
202505030404,2025,東京,3,4,4,2025-06-15,https://www.jra.go.jp/datafile/seiseki/report/2025/2025-3tokyo4.pdf,official_daily_result_pdf
202505030405,2025,東京,3,4,5,2025-06-15,https://www.jra.go.jp/datafile/seiseki/report/2025/2025-3tokyo4.pdf,official_daily_result_pdf
202505030406,2025,東京,3,4,6,2025-06-15,https://www.jra.go.jp/datafile/seiseki/report/2025/2025-3tokyo4.pdf,official_daily_result_pdf
202505030407,2025,東京,3,4,7,2025-06-15,https://www.jra.go.jp/datafile/seiseki/report/2025/2025-3tokyo4.pdf,official_daily_result_pdf
202505030408,2025,東京,3,4,8,2025-06-15,https://www.jra.go.jp/datafile/seiseki/report/2025/2025-3tokyo4.pdf,official_daily_result_pdf
202505030409,2025,東京,3,4,9,2025-06-15,https://www.jra.go.jp/datafile/seiseki/report/2025/2025-3tokyo4.pdf,official_daily_result_pdf
202505030410,2025,東京,3,4,10,2025-06-15,https://www.jra.go.jp/datafile/seiseki/report/2025/2025-3tokyo4.pdf,official_daily_result_pdf
202505030411,2025,東京,3,4,11,2025-06-15,https://www.jra.go.jp/datafile/seiseki/report/2025/2025-3tokyo4.pdf,official_daily_result_pdf
202505030412,2025,東京,3,4,12,2025-06-15,https://www.jra.go.jp/datafile/seiseki/report/2025/2025-3tokyo4.pdf,official_daily_result_pdf
202505030501,2025,東京,3,5,1,2025-06-21,https://www.jra.go.jp/datafile/seiseki/report/2025/2025-3tokyo5.pdf,official_daily_result_pdf
202505030502,2025,東京,3,5,2,2025-06-21,https://www.jra.go.jp/datafile/seiseki/report/2025/2025-3tokyo5.pdf,official_daily_result_pdf
202505030503,2025,東京,3,5,3,2025-06-21,https://www.jra.go.jp/datafile/seiseki/report/2025/2025-3tokyo5.pdf,official_daily_result_pdf
202505030504,2025,東京,3,5,4,2025-06-21,https://www.jra.go.jp/datafile/seiseki/report/2025/2025-3tokyo5.pdf,official_daily_result_pdf
202505030505,2025,東京,3,5,5,2025-06-21,https://www.jra.go.jp/datafile/seiseki/report/2025/2025-3tokyo5.pdf,official_daily_result_pdf
202505030506,2025,東京,3,5,6,2025-06-21,https://www.jra.go.jp/datafile/seiseki/report/2025/2025-3tokyo5.pdf,official_daily_result_pdf
202505030507,2025,東京,3,5,7,2025-06-21,https://www.jra.go.jp/datafile/seiseki/report/2025/2025-3tokyo5.pdf,official_daily_result_pdf
202505030508,2025,東京,3,5,8,2025-06-21,https://www.jra.go.jp/datafile/seiseki/report/2025/2025-3tokyo5.pdf,official_daily_result_pdf
202505030509,2025,東京,3,5,9,2025-06-21,https://www.jra.go.jp/datafile/seiseki/report/2025/2025-3tokyo5.pdf,official_daily_result_pdf
202505030510,2025,東京,3,5,10,2025-06-21,https://www.jra.go.jp/datafile/seiseki/report/2025/2025-3tokyo5.pdf,official_daily_result_pdf
202505030511,2025,東京,3,5,11,2025-06-21,https://www.jra.go.jp/datafile/seiseki/report/2025/2025-3tokyo5.pdf,official_daily_result_pdf
202505030512,2025,東京,3,5,12,2025-06-21,https://www.jra.go.jp/datafile/seiseki/report/2025/2025-3tokyo5.pdf,official_daily_result_pdf
202505030601,2025,東京,3,6,1,2025-06-22,https://www.jra.go.jp/datafile/seiseki/report/2025/2025-3tokyo6.pdf,official_daily_result_pdf
202505030602,2025,東京,3,6,2,2025-06-22,https://www.jra.go.jp/datafile/seiseki/report/2025/2025-3tokyo6.pdf,official_daily_result_pdf
202505030603,2025,東京,3,6,3,2025-06-22,https://www.jra.go.jp/datafile/seiseki/report/2025/2025-3tokyo6.pdf,official_daily_result_pdf
202505030604,2025,東京,3,6,4,2025-06-22,https://www.jra.go.jp/datafile/seiseki/report/2025/2025-3tokyo6.pdf,official_daily_result_pdf
202505030605,2025,東京,3,6,5,2025-06-22,https://www.jra.go.jp/datafile/seiseki/report/2025/2025-3tokyo6.pdf,official_daily_result_pdf
202505030606,2025,東京,3,6,6,2025-06-22,https://www.jra.go.jp/datafile/seiseki/report/2025/2025-3tokyo6.pdf,official_daily_result_pdf
202505030607,2025,東京,3,6,7,2025-06-22,https://www.jra.go.jp/datafile/seiseki/report/2025/2025-3tokyo6.pdf,official_daily_result_pdf
202505030608,2025,東京,3,6,8,2025-06-22,https://www.jra.go.jp/datafile/seiseki/report/2025/2025-3tokyo6.pdf,official_daily_result_pdf
202505030609,2025,東京,3,6,9,2025-06-22,https://www.jra.go.jp/datafile/seiseki/report/2025/2025-3tokyo6.pdf,official_daily_result_pdf
202505030610,2025,東京,3,6,10,2025-06-22,https://www.jra.go.jp/datafile/seiseki/report/2025/2025-3tokyo6.pdf,official_daily_result_pdf
202505030611,2025,東京,3,6,11,2025-06-22,https://www.jra.go.jp/datafile/seiseki/report/2025/2025-3tokyo6.pdf,official_daily_result_pdf
202505030612,2025,東京,3,6,12,2025-06-22,https://www.jra.go.jp/datafile/seiseki/report/2025/2025-3tokyo6.pdf,official_daily_result_pdf
202505040101,2025,東京,4,1,1,2025-10-04,https://www.jra.go.jp/datafile/seiseki/report/2025/2025-4tokyo1.pdf,official_daily_result_pdf
202505040102,2025,東京,4,1,2,2025-10-04,https://www.jra.go.jp/datafile/seiseki/report/2025/2025-4tokyo1.pdf,official_daily_result_pdf
202505040103,2025,東京,4,1,3,2025-10-04,https://www.jra.go.jp/datafile/seiseki/report/2025/2025-4tokyo1.pdf,official_daily_result_pdf
202505040104,2025,東京,4,1,4,2025-10-04,https://www.jra.go.jp/datafile/seiseki/report/2025/2025-4tokyo1.pdf,official_daily_result_pdf
202505040105,2025,東京,4,1,5,2025-10-04,https://www.jra.go.jp/datafile/seiseki/report/2025/2025-4tokyo1.pdf,official_daily_result_pdf
202505040106,2025,東京,4,1,6,2025-10-04,https://www.jra.go.jp/datafile/seiseki/report/2025/2025-4tokyo1.pdf,official_daily_result_pdf
202505040107,2025,東京,4,1,7,2025-10-04,https://www.jra.go.jp/datafile/seiseki/report/2025/2025-4tokyo1.pdf,official_daily_result_pdf
202505040108,2025,東京,4,1,8,2025-10-04,https://www.jra.go.jp/datafile/seiseki/report/2025/2025-4tokyo1.pdf,official_daily_result_pdf
202505040109,2025,東京,4,1,9,2025-10-04,https://www.jra.go.jp/datafile/seiseki/report/2025/2025-4tokyo1.pdf,official_daily_result_pdf
202505040110,2025,東京,4,1,10,2025-10-04,https://www.jra.go.jp/datafile/seiseki/report/2025/2025-4tokyo1.pdf,official_daily_result_pdf
202505040111,2025,東京,4,1,11,2025-10-04,https://www.jra.go.jp/datafile/seiseki/report/2025/2025-4tokyo1.pdf,official_daily_result_pdf
202505040112,2025,東京,4,1,12,2025-10-04,https://www.jra.go.jp/datafile/seiseki/report/2025/2025-4tokyo1.pdf,official_daily_result_pdf
202505040201,2025,東京,4,2,1,2025-10-05,https://www.jra.go.jp/datafile/seiseki/report/2025/2025-4tokyo2.pdf,official_daily_result_pdf
202505040202,2025,東京,4,2,2,2025-10-05,https://www.jra.go.jp/datafile/seiseki/report/2025/2025-4tokyo2.pdf,official_daily_result_pdf
202505040203,2025,東京,4,2,3,2025-10-05,https://www.jra.go.jp/datafile/seiseki/report/2025/2025-4tokyo2.pdf,official_daily_result_pdf
202505040204,2025,東京,4,2,4,2025-10-05,https://www.jra.go.jp/datafile/seiseki/report/2025/2025-4tokyo2.pdf,official_daily_result_pdf
202505040205,2025,東京,4,2,5,2025-10-05,https://www.jra.go.jp/datafile/seiseki/report/2025/2025-4tokyo2.pdf,official_daily_result_pdf
202505040206,2025,東京,4,2,6,2025-10-05,https://www.jra.go.jp/datafile/seiseki/report/2025/2025-4tokyo2.pdf,official_daily_result_pdf
202505040207,2025,東京,4,2,7,2025-10-05,https://www.jra.go.jp/datafile/seiseki/report/2025/2025-4tokyo2.pdf,official_daily_result_pdf
202505040208,2025,東京,4,2,8,2025-10-05,https://www.jra.go.jp/datafile/seiseki/report/2025/2025-4tokyo2.pdf,official_daily_result_pdf
202505040209,2025,東京,4,2,9,2025-10-05,https://www.jra.go.jp/datafile/seiseki/report/2025/2025-4tokyo2.pdf,official_daily_result_pdf
202505040210,2025,東京,4,2,10,2025-10-05,https://www.jra.go.jp/datafile/seiseki/report/2025/2025-4tokyo2.pdf,official_daily_result_pdf
202505040211,2025,東京,4,2,11,2025-10-05,https://www.jra.go.jp/datafile/seiseki/report/2025/2025-4tokyo2.pdf,official_daily_result_pdf
202505040212,2025,東京,4,2,12,2025-10-05,https://www.jra.go.jp/datafile/seiseki/report/2025/2025-4tokyo2.pdf,official_daily_result_pdf
202505040301,2025,東京,4,3,1,2025-10-11,https://www.jra.go.jp/datafile/seiseki/report/2025/2025-4tokyo3.pdf,official_daily_result_pdf
202505040302,2025,東京,4,3,2,2025-10-11,https://www.jra.go.jp/datafile/seiseki/report/2025/2025-4tokyo3.pdf,official_daily_result_pdf
202505040303,2025,東京,4,3,3,2025-10-11,https://www.jra.go.jp/datafile/seiseki/report/2025/2025-4tokyo3.pdf,official_daily_result_pdf
202505040304,2025,東京,4,3,4,2025-10-11,https://www.jra.go.jp/datafile/seiseki/report/2025/2025-4tokyo3.pdf,official_daily_result_pdf
202505040305,2025,東京,4,3,5,2025-10-11,https://www.jra.go.jp/datafile/seiseki/report/2025/2025-4tokyo3.pdf,official_daily_result_pdf
202505040306,2025,東京,4,3,6,2025-10-11,https://www.jra.go.jp/datafile/seiseki/report/2025/2025-4tokyo3.pdf,official_daily_result_pdf
202505040307,2025,東京,4,3,7,2025-10-11,https://www.jra.go.jp/datafile/seiseki/report/2025/2025-4tokyo3.pdf,official_daily_result_pdf
202505040308,2025,東京,4,3,8,2025-10-11,https://www.jra.go.jp/datafile/seiseki/report/2025/2025-4tokyo3.pdf,official_daily_result_pdf
202505040309,2025,東京,4,3,9,2025-10-11,https://www.jra.go.jp/datafile/seiseki/report/2025/2025-4tokyo3.pdf,official_daily_result_pdf
202505040310,2025,東京,4,3,10,2025-10-11,https://www.jra.go.jp/datafile/seiseki/report/2025/2025-4tokyo3.pdf,official_daily_result_pdf
202505040311,2025,東京,4,3,11,2025-10-11,https://www.jra.go.jp/datafile/seiseki/report/2025/2025-4tokyo3.pdf,official_daily_result_pdf
202505040312,2025,東京,4,3,12,2025-10-11,https://www.jra.go.jp/datafile/seiseki/report/2025/2025-4tokyo3.pdf,official_daily_result_pdf
202505040401,2025,東京,4,4,1,2025-10-12,https://www.jra.go.jp/datafile/seiseki/report/2025/2025-4tokyo4.pdf,official_daily_result_pdf
202505040402,2025,東京,4,4,2,2025-10-12,https://www.jra.go.jp/datafile/seiseki/report/2025/2025-4tokyo4.pdf,official_daily_result_pdf
202505040403,2025,東京,4,4,3,2025-10-12,https://www.jra.go.jp/datafile/seiseki/report/2025/2025-4tokyo4.pdf,official_daily_result_pdf
202505040404,2025,東京,4,4,4,2025-10-12,https://www.jra.go.jp/datafile/seiseki/report/2025/2025-4tokyo4.pdf,official_daily_result_pdf
202505040405,2025,東京,4,4,5,2025-10-12,https://www.jra.go.jp/datafile/seiseki/report/2025/2025-4tokyo4.pdf,official_daily_result_pdf
202505040406,2025,東京,4,4,6,2025-10-12,https://www.jra.go.jp/datafile/seiseki/report/2025/2025-4tokyo4.pdf,official_daily_result_pdf
202505040407,2025,東京,4,4,7,2025-10-12,https://www.jra.go.jp/datafile/seiseki/report/2025/2025-4tokyo4.pdf,official_daily_result_pdf
202505040408,2025,東京,4,4,8,2025-10-12,https://www.jra.go.jp/datafile/seiseki/report/2025/2025-4tokyo4.pdf,official_daily_result_pdf
202505040409,2025,東京,4,4,9,2025-10-12,https://www.jra.go.jp/datafile/seiseki/report/2025/2025-4tokyo4.pdf,official_daily_result_pdf
202505040410,2025,東京,4,4,10,2025-10-12,https://www.jra.go.jp/datafile/seiseki/report/2025/2025-4tokyo4.pdf,official_daily_result_pdf
202505040411,2025,東京,4,4,11,2025-10-12,https://www.jra.go.jp/datafile/seiseki/report/2025/2025-4tokyo4.pdf,official_daily_result_pdf
202505040412,2025,東京,4,4,12,2025-10-12,https://www.jra.go.jp/datafile/seiseki/report/2025/2025-4tokyo4.pdf,official_daily_result_pdf
202505040501,2025,東京,4,5,1,2025-10-13,https://www.jra.go.jp/datafile/seiseki/report/2025/2025-4tokyo5.pdf,official_daily_result_pdf
202505040502,2025,東京,4,5,2,2025-10-13,https://www.jra.go.jp/datafile/seiseki/report/2025/2025-4tokyo5.pdf,official_daily_result_pdf
202505040503,2025,東京,4,5,3,2025-10-13,https://www.jra.go.jp/datafile/seiseki/report/2025/2025-4tokyo5.pdf,official_daily_result_pdf
202505040504,2025,東京,4,5,4,2025-10-13,https://www.jra.go.jp/datafile/seiseki/report/2025/2025-4tokyo5.pdf,official_daily_result_pdf
202505040505,2025,東京,4,5,5,2025-10-13,https://www.jra.go.jp/datafile/seiseki/report/2025/2025-4tokyo5.pdf,official_daily_result_pdf
202505040506,2025,東京,4,5,6,2025-10-13,https://www.jra.go.jp/datafile/seiseki/report/2025/2025-4tokyo5.pdf,official_daily_result_pdf
202505040507,2025,東京,4,5,7,2025-10-13,https://www.jra.go.jp/datafile/seiseki/report/2025/2025-4tokyo5.pdf,official_daily_result_pdf
202505040508,2025,東京,4,5,8,2025-10-13,https://www.jra.go.jp/datafile/seiseki/report/2025/2025-4tokyo5.pdf,official_daily_result_pdf
202505040509,2025,東京,4,5,9,2025-10-13,https://www.jra.go.jp/datafile/seiseki/report/2025/2025-4tokyo5.pdf,official_daily_result_pdf
202505040510,2025,東京,4,5,10,2025-10-13,https://www.jra.go.jp/datafile/seiseki/report/2025/2025-4tokyo5.pdf,official_daily_result_pdf
202505040511,2025,東京,4,5,11,2025-10-13,https://www.jra.go.jp/datafile/seiseki/report/2025/2025-4tokyo5.pdf,official_daily_result_pdf
202505040512,2025,東京,4,5,12,2025-10-13,https://www.jra.go.jp/datafile/seiseki/report/2025/2025-4tokyo5.pdf,official_daily_result_pdf
202505040601,2025,東京,4,6,1,2025-10-18,https://www.jra.go.jp/datafile/seiseki/report/2025/2025-4tokyo6.pdf,official_daily_result_pdf
202505040602,2025,東京,4,6,2,2025-10-18,https://www.jra.go.jp/datafile/seiseki/report/2025/2025-4tokyo6.pdf,official_daily_result_pdf
202505040603,2025,東京,4,6,3,2025-10-18,https://www.jra.go.jp/datafile/seiseki/report/2025/2025-4tokyo6.pdf,official_daily_result_pdf
202505040604,2025,東京,4,6,4,2025-10-18,https://www.jra.go.jp/datafile/seiseki/report/2025/2025-4tokyo6.pdf,official_daily_result_pdf
202505040605,2025,東京,4,6,5,2025-10-18,https://www.jra.go.jp/datafile/seiseki/report/2025/2025-4tokyo6.pdf,official_daily_result_pdf
202505040606,2025,東京,4,6,6,2025-10-18,https://www.jra.go.jp/datafile/seiseki/report/2025/2025-4tokyo6.pdf,official_daily_result_pdf
202505040607,2025,東京,4,6,7,2025-10-18,https://www.jra.go.jp/datafile/seiseki/report/2025/2025-4tokyo6.pdf,official_daily_result_pdf
202505040608,2025,東京,4,6,8,2025-10-18,https://www.jra.go.jp/datafile/seiseki/report/2025/2025-4tokyo6.pdf,official_daily_result_pdf
202505040609,2025,東京,4,6,9,2025-10-18,https://www.jra.go.jp/datafile/seiseki/report/2025/2025-4tokyo6.pdf,official_daily_result_pdf
202505040610,2025,東京,4,6,10,2025-10-18,https://www.jra.go.jp/datafile/seiseki/report/2025/2025-4tokyo6.pdf,official_daily_result_pdf
202505040611,2025,東京,4,6,11,2025-10-18,https://www.jra.go.jp/datafile/seiseki/report/2025/2025-4tokyo6.pdf,official_daily_result_pdf
202505040612,2025,東京,4,6,12,2025-10-18,https://www.jra.go.jp/datafile/seiseki/report/2025/2025-4tokyo6.pdf,official_daily_result_pdf
202505040701,2025,東京,4,7,1,2025-10-19,https://www.jra.go.jp/datafile/seiseki/report/2025/2025-4tokyo7.pdf,official_daily_result_pdf
202505040702,2025,東京,4,7,2,2025-10-19,https://www.jra.go.jp/datafile/seiseki/report/2025/2025-4tokyo7.pdf,official_daily_result_pdf
202505040703,2025,東京,4,7,3,2025-10-19,https://www.jra.go.jp/datafile/seiseki/report/2025/2025-4tokyo7.pdf,official_daily_result_pdf
202505040704,2025,東京,4,7,4,2025-10-19,https://www.jra.go.jp/datafile/seiseki/report/2025/2025-4tokyo7.pdf,official_daily_result_pdf
202505040705,2025,東京,4,7,5,2025-10-19,https://www.jra.go.jp/datafile/seiseki/report/2025/2025-4tokyo7.pdf,official_daily_result_pdf
202505040706,2025,東京,4,7,6,2025-10-19,https://www.jra.go.jp/datafile/seiseki/report/2025/2025-4tokyo7.pdf,official_daily_result_pdf
202505040707,2025,東京,4,7,7,2025-10-19,https://www.jra.go.jp/datafile/seiseki/report/2025/2025-4tokyo7.pdf,official_daily_result_pdf
202505040708,2025,東京,4,7,8,2025-10-19,https://www.jra.go.jp/datafile/seiseki/report/2025/2025-4tokyo7.pdf,official_daily_result_pdf
202505040709,2025,東京,4,7,9,2025-10-19,https://www.jra.go.jp/datafile/seiseki/report/2025/2025-4tokyo7.pdf,official_daily_result_pdf
202505040710,2025,東京,4,7,10,2025-10-19,https://www.jra.go.jp/datafile/seiseki/report/2025/2025-4tokyo7.pdf,official_daily_result_pdf
202505040711,2025,東京,4,7,11,2025-10-19,https://www.jra.go.jp/datafile/seiseki/report/2025/2025-4tokyo7.pdf,official_daily_result_pdf
202505040712,2025,東京,4,7,12,2025-10-19,https://www.jra.go.jp/datafile/seiseki/report/2025/2025-4tokyo7.pdf,official_daily_result_pdf
202505040801,2025,東京,4,8,1,2025-10-25,https://www.jra.go.jp/datafile/seiseki/report/2025/2025-4tokyo8.pdf,official_daily_result_pdf
202505040802,2025,東京,4,8,2,2025-10-25,https://www.jra.go.jp/datafile/seiseki/report/2025/2025-4tokyo8.pdf,official_daily_result_pdf
202505040803,2025,東京,4,8,3,2025-10-25,https://www.jra.go.jp/datafile/seiseki/report/2025/2025-4tokyo8.pdf,official_daily_result_pdf
202505040804,2025,東京,4,8,4,2025-10-25,https://www.jra.go.jp/datafile/seiseki/report/2025/2025-4tokyo8.pdf,official_daily_result_pdf
202505040805,2025,東京,4,8,5,2025-10-25,https://www.jra.go.jp/datafile/seiseki/report/2025/2025-4tokyo8.pdf,official_daily_result_pdf
202505040806,2025,東京,4,8,6,2025-10-25,https://www.jra.go.jp/datafile/seiseki/report/2025/2025-4tokyo8.pdf,official_daily_result_pdf
202505040807,2025,東京,4,8,7,2025-10-25,https://www.jra.go.jp/datafile/seiseki/report/2025/2025-4tokyo8.pdf,official_daily_result_pdf
202505040808,2025,東京,4,8,8,2025-10-25,https://www.jra.go.jp/datafile/seiseki/report/2025/2025-4tokyo8.pdf,official_daily_result_pdf
202505040809,2025,東京,4,8,9,2025-10-25,https://www.jra.go.jp/datafile/seiseki/report/2025/2025-4tokyo8.pdf,official_daily_result_pdf
202505040810,2025,東京,4,8,10,2025-10-25,https://www.jra.go.jp/datafile/seiseki/report/2025/2025-4tokyo8.pdf,official_daily_result_pdf
202505040811,2025,東京,4,8,11,2025-10-25,https://www.jra.go.jp/datafile/seiseki/report/2025/2025-4tokyo8.pdf,official_daily_result_pdf
202505040812,2025,東京,4,8,12,2025-10-25,https://www.jra.go.jp/datafile/seiseki/report/2025/2025-4tokyo8.pdf,official_daily_result_pdf
202505040901,2025,東京,4,9,1,2025-10-26,https://www.jra.go.jp/datafile/seiseki/report/2025/2025-4tokyo9.pdf,official_daily_result_pdf
202505040902,2025,東京,4,9,2,2025-10-26,https://www.jra.go.jp/datafile/seiseki/report/2025/2025-4tokyo9.pdf,official_daily_result_pdf
202505040903,2025,東京,4,9,3,2025-10-26,https://www.jra.go.jp/datafile/seiseki/report/2025/2025-4tokyo9.pdf,official_daily_result_pdf
202505040904,2025,東京,4,9,4,2025-10-26,https://www.jra.go.jp/datafile/seiseki/report/2025/2025-4tokyo9.pdf,official_daily_result_pdf
202505040905,2025,東京,4,9,5,2025-10-26,https://www.jra.go.jp/datafile/seiseki/report/2025/2025-4tokyo9.pdf,official_daily_result_pdf
202505040906,2025,東京,4,9,6,2025-10-26,https://www.jra.go.jp/datafile/seiseki/report/2025/2025-4tokyo9.pdf,official_daily_result_pdf
202505040907,2025,東京,4,9,7,2025-10-26,https://www.jra.go.jp/datafile/seiseki/report/2025/2025-4tokyo9.pdf,official_daily_result_pdf
202505040908,2025,東京,4,9,8,2025-10-26,https://www.jra.go.jp/datafile/seiseki/report/2025/2025-4tokyo9.pdf,official_daily_result_pdf
202505040909,2025,東京,4,9,9,2025-10-26,https://www.jra.go.jp/datafile/seiseki/report/2025/2025-4tokyo9.pdf,official_daily_result_pdf
202505040910,2025,東京,4,9,10,2025-10-26,https://www.jra.go.jp/datafile/seiseki/report/2025/2025-4tokyo9.pdf,official_daily_result_pdf
202505040911,2025,東京,4,9,11,2025-10-26,https://www.jra.go.jp/datafile/seiseki/report/2025/2025-4tokyo9.pdf,official_daily_result_pdf
202505040912,2025,東京,4,9,12,2025-10-26,https://www.jra.go.jp/datafile/seiseki/report/2025/2025-4tokyo9.pdf,official_daily_result_pdf
202505041001,2025,東京,4,10,1,2025-11-01,https://www.jra.go.jp/datafile/seiseki/report/2025/2025-4tokyo10.pdf,official_daily_result_pdf
202505041002,2025,東京,4,10,2,2025-11-01,https://www.jra.go.jp/datafile/seiseki/report/2025/2025-4tokyo10.pdf,official_daily_result_pdf
202505041003,2025,東京,4,10,3,2025-11-01,https://www.jra.go.jp/datafile/seiseki/report/2025/2025-4tokyo10.pdf,official_daily_result_pdf
202505041004,2025,東京,4,10,4,2025-11-01,https://www.jra.go.jp/datafile/seiseki/report/2025/2025-4tokyo10.pdf,official_daily_result_pdf
202505041005,2025,東京,4,10,5,2025-11-01,https://www.jra.go.jp/datafile/seiseki/report/2025/2025-4tokyo10.pdf,official_daily_result_pdf
202505041006,2025,東京,4,10,6,2025-11-01,https://www.jra.go.jp/datafile/seiseki/report/2025/2025-4tokyo10.pdf,official_daily_result_pdf
202505041007,2025,東京,4,10,7,2025-11-01,https://www.jra.go.jp/datafile/seiseki/report/2025/2025-4tokyo10.pdf,official_daily_result_pdf
202505041008,2025,東京,4,10,8,2025-11-01,https://www.jra.go.jp/datafile/seiseki/report/2025/2025-4tokyo10.pdf,official_daily_result_pdf
202505041009,2025,東京,4,10,9,2025-11-01,https://www.jra.go.jp/datafile/seiseki/report/2025/2025-4tokyo10.pdf,official_daily_result_pdf
202505041010,2025,東京,4,10,10,2025-11-01,https://www.jra.go.jp/datafile/seiseki/report/2025/2025-4tokyo10.pdf,official_daily_result_pdf
202505041011,2025,東京,4,10,11,2025-11-01,https://www.jra.go.jp/datafile/seiseki/report/2025/2025-4tokyo10.pdf,official_daily_result_pdf
202505041012,2025,東京,4,10,12,2025-11-01,https://www.jra.go.jp/datafile/seiseki/report/2025/2025-4tokyo10.pdf,official_daily_result_pdf
202505041101,2025,東京,4,11,1,2025-11-02,https://www.jra.go.jp/datafile/seiseki/report/2025/2025-4tokyo11.pdf,official_daily_result_pdf
202505041102,2025,東京,4,11,2,2025-11-02,https://www.jra.go.jp/datafile/seiseki/report/2025/2025-4tokyo11.pdf,official_daily_result_pdf
202505041103,2025,東京,4,11,3,2025-11-02,https://www.jra.go.jp/datafile/seiseki/report/2025/2025-4tokyo11.pdf,official_daily_result_pdf
202505041104,2025,東京,4,11,4,2025-11-02,https://www.jra.go.jp/datafile/seiseki/report/2025/2025-4tokyo11.pdf,official_daily_result_pdf
202505041105,2025,東京,4,11,5,2025-11-02,https://www.jra.go.jp/datafile/seiseki/report/2025/2025-4tokyo11.pdf,official_daily_result_pdf
202505041106,2025,東京,4,11,6,2025-11-02,https://www.jra.go.jp/datafile/seiseki/report/2025/2025-4tokyo11.pdf,official_daily_result_pdf
202505041107,2025,東京,4,11,7,2025-11-02,https://www.jra.go.jp/datafile/seiseki/report/2025/2025-4tokyo11.pdf,official_daily_result_pdf
202505041108,2025,東京,4,11,8,2025-11-02,https://www.jra.go.jp/datafile/seiseki/report/2025/2025-4tokyo11.pdf,official_daily_result_pdf
202505041109,2025,東京,4,11,9,2025-11-02,https://www.jra.go.jp/datafile/seiseki/report/2025/2025-4tokyo11.pdf,official_daily_result_pdf
202505041110,2025,東京,4,11,10,2025-11-02,https://www.jra.go.jp/datafile/seiseki/report/2025/2025-4tokyo11.pdf,official_daily_result_pdf
202505041111,2025,東京,4,11,11,2025-11-02,https://www.jra.go.jp/datafile/seiseki/report/2025/2025-4tokyo11.pdf,official_daily_result_pdf
202505041112,2025,東京,4,11,12,2025-11-02,https://www.jra.go.jp/datafile/seiseki/report/2025/2025-4tokyo11.pdf,official_daily_result_pdf
202505050101,2025,東京,5,1,1,2025-11-08,https://www.jra.go.jp/datafile/seiseki/report/2025/2025-5tokyo1.pdf,official_daily_result_pdf
202505050102,2025,東京,5,1,2,2025-11-08,https://www.jra.go.jp/datafile/seiseki/report/2025/2025-5tokyo1.pdf,official_daily_result_pdf
202505050103,2025,東京,5,1,3,2025-11-08,https://www.jra.go.jp/datafile/seiseki/report/2025/2025-5tokyo1.pdf,official_daily_result_pdf
202505050104,2025,東京,5,1,4,2025-11-08,https://www.jra.go.jp/datafile/seiseki/report/2025/2025-5tokyo1.pdf,official_daily_result_pdf
202505050105,2025,東京,5,1,5,2025-11-08,https://www.jra.go.jp/datafile/seiseki/report/2025/2025-5tokyo1.pdf,official_daily_result_pdf
202505050106,2025,東京,5,1,6,2025-11-08,https://www.jra.go.jp/datafile/seiseki/report/2025/2025-5tokyo1.pdf,official_daily_result_pdf
202505050107,2025,東京,5,1,7,2025-11-08,https://www.jra.go.jp/datafile/seiseki/report/2025/2025-5tokyo1.pdf,official_daily_result_pdf
202505050108,2025,東京,5,1,8,2025-11-08,https://www.jra.go.jp/datafile/seiseki/report/2025/2025-5tokyo1.pdf,official_daily_result_pdf
202505050109,2025,東京,5,1,9,2025-11-08,https://www.jra.go.jp/datafile/seiseki/report/2025/2025-5tokyo1.pdf,official_daily_result_pdf
202505050110,2025,東京,5,1,10,2025-11-08,https://www.jra.go.jp/datafile/seiseki/report/2025/2025-5tokyo1.pdf,official_daily_result_pdf
202505050111,2025,東京,5,1,11,2025-11-08,https://www.jra.go.jp/datafile/seiseki/report/2025/2025-5tokyo1.pdf,official_daily_result_pdf
202505050112,2025,東京,5,1,12,2025-11-08,https://www.jra.go.jp/datafile/seiseki/report/2025/2025-5tokyo1.pdf,official_daily_result_pdf
202505050201,2025,東京,5,2,1,2025-11-09,https://www.jra.go.jp/datafile/seiseki/report/2025/2025-5tokyo2.pdf,official_daily_result_pdf
202505050202,2025,東京,5,2,2,2025-11-09,https://www.jra.go.jp/datafile/seiseki/report/2025/2025-5tokyo2.pdf,official_daily_result_pdf
202505050203,2025,東京,5,2,3,2025-11-09,https://www.jra.go.jp/datafile/seiseki/report/2025/2025-5tokyo2.pdf,official_daily_result_pdf
202505050204,2025,東京,5,2,4,2025-11-09,https://www.jra.go.jp/datafile/seiseki/report/2025/2025-5tokyo2.pdf,official_daily_result_pdf
202505050205,2025,東京,5,2,5,2025-11-09,https://www.jra.go.jp/datafile/seiseki/report/2025/2025-5tokyo2.pdf,official_daily_result_pdf
202505050206,2025,東京,5,2,6,2025-11-09,https://www.jra.go.jp/datafile/seiseki/report/2025/2025-5tokyo2.pdf,official_daily_result_pdf
202505050207,2025,東京,5,2,7,2025-11-09,https://www.jra.go.jp/datafile/seiseki/report/2025/2025-5tokyo2.pdf,official_daily_result_pdf
202505050208,2025,東京,5,2,8,2025-11-09,https://www.jra.go.jp/datafile/seiseki/report/2025/2025-5tokyo2.pdf,official_daily_result_pdf
202505050209,2025,東京,5,2,9,2025-11-09,https://www.jra.go.jp/datafile/seiseki/report/2025/2025-5tokyo2.pdf,official_daily_result_pdf
202505050210,2025,東京,5,2,10,2025-11-09,https://www.jra.go.jp/datafile/seiseki/report/2025/2025-5tokyo2.pdf,official_daily_result_pdf
202505050211,2025,東京,5,2,11,2025-11-09,https://www.jra.go.jp/datafile/seiseki/report/2025/2025-5tokyo2.pdf,official_daily_result_pdf
202505050212,2025,東京,5,2,12,2025-11-09,https://www.jra.go.jp/datafile/seiseki/report/2025/2025-5tokyo2.pdf,official_daily_result_pdf
202505050301,2025,東京,5,3,1,2025-11-15,https://www.jra.go.jp/datafile/seiseki/report/2025/2025-5tokyo3.pdf,official_daily_result_pdf
202505050302,2025,東京,5,3,2,2025-11-15,https://www.jra.go.jp/datafile/seiseki/report/2025/2025-5tokyo3.pdf,official_daily_result_pdf
202505050303,2025,東京,5,3,3,2025-11-15,https://www.jra.go.jp/datafile/seiseki/report/2025/2025-5tokyo3.pdf,official_daily_result_pdf
202505050304,2025,東京,5,3,4,2025-11-15,https://www.jra.go.jp/datafile/seiseki/report/2025/2025-5tokyo3.pdf,official_daily_result_pdf
202505050305,2025,東京,5,3,5,2025-11-15,https://www.jra.go.jp/datafile/seiseki/report/2025/2025-5tokyo3.pdf,official_daily_result_pdf
202505050306,2025,東京,5,3,6,2025-11-15,https://www.jra.go.jp/datafile/seiseki/report/2025/2025-5tokyo3.pdf,official_daily_result_pdf
202505050307,2025,東京,5,3,7,2025-11-15,https://www.jra.go.jp/datafile/seiseki/report/2025/2025-5tokyo3.pdf,official_daily_result_pdf
202505050308,2025,東京,5,3,8,2025-11-15,https://www.jra.go.jp/datafile/seiseki/report/2025/2025-5tokyo3.pdf,official_daily_result_pdf
202505050309,2025,東京,5,3,9,2025-11-15,https://www.jra.go.jp/datafile/seiseki/report/2025/2025-5tokyo3.pdf,official_daily_result_pdf
202505050310,2025,東京,5,3,10,2025-11-15,https://www.jra.go.jp/datafile/seiseki/report/2025/2025-5tokyo3.pdf,official_daily_result_pdf
202505050311,2025,東京,5,3,11,2025-11-15,https://www.jra.go.jp/datafile/seiseki/report/2025/2025-5tokyo3.pdf,official_daily_result_pdf
202505050312,2025,東京,5,3,12,2025-11-15,https://www.jra.go.jp/datafile/seiseki/report/2025/2025-5tokyo3.pdf,official_daily_result_pdf
202505050401,2025,東京,5,4,1,2025-11-16,https://www.jra.go.jp/datafile/seiseki/report/2025/2025-5tokyo4.pdf,official_daily_result_pdf
202505050402,2025,東京,5,4,2,2025-11-16,https://www.jra.go.jp/datafile/seiseki/report/2025/2025-5tokyo4.pdf,official_daily_result_pdf
202505050403,2025,東京,5,4,3,2025-11-16,https://www.jra.go.jp/datafile/seiseki/report/2025/2025-5tokyo4.pdf,official_daily_result_pdf
202505050404,2025,東京,5,4,4,2025-11-16,https://www.jra.go.jp/datafile/seiseki/report/2025/2025-5tokyo4.pdf,official_daily_result_pdf
202505050405,2025,東京,5,4,5,2025-11-16,https://www.jra.go.jp/datafile/seiseki/report/2025/2025-5tokyo4.pdf,official_daily_result_pdf
202505050406,2025,東京,5,4,6,2025-11-16,https://www.jra.go.jp/datafile/seiseki/report/2025/2025-5tokyo4.pdf,official_daily_result_pdf
202505050407,2025,東京,5,4,7,2025-11-16,https://www.jra.go.jp/datafile/seiseki/report/2025/2025-5tokyo4.pdf,official_daily_result_pdf
202505050408,2025,東京,5,4,8,2025-11-16,https://www.jra.go.jp/datafile/seiseki/report/2025/2025-5tokyo4.pdf,official_daily_result_pdf
202505050409,2025,東京,5,4,9,2025-11-16,https://www.jra.go.jp/datafile/seiseki/report/2025/2025-5tokyo4.pdf,official_daily_result_pdf
202505050410,2025,東京,5,4,10,2025-11-16,https://www.jra.go.jp/datafile/seiseki/report/2025/2025-5tokyo4.pdf,official_daily_result_pdf
202505050411,2025,東京,5,4,11,2025-11-16,https://www.jra.go.jp/datafile/seiseki/report/2025/2025-5tokyo4.pdf,official_daily_result_pdf
202505050412,2025,東京,5,4,12,2025-11-16,https://www.jra.go.jp/datafile/seiseki/report/2025/2025-5tokyo4.pdf,official_daily_result_pdf
202505050501,2025,東京,5,5,1,2025-11-23,https://www.jra.go.jp/datafile/seiseki/report/2025/2025-5tokyo5.pdf,official_daily_result_pdf
202505050502,2025,東京,5,5,2,2025-11-23,https://www.jra.go.jp/datafile/seiseki/report/2025/2025-5tokyo5.pdf,official_daily_result_pdf
202505050503,2025,東京,5,5,3,2025-11-23,https://www.jra.go.jp/datafile/seiseki/report/2025/2025-5tokyo5.pdf,official_daily_result_pdf
202505050504,2025,東京,5,5,4,2025-11-23,https://www.jra.go.jp/datafile/seiseki/report/2025/2025-5tokyo5.pdf,official_daily_result_pdf
202505050505,2025,東京,5,5,5,2025-11-23,https://www.jra.go.jp/datafile/seiseki/report/2025/2025-5tokyo5.pdf,official_daily_result_pdf
202505050506,2025,東京,5,5,6,2025-11-23,https://www.jra.go.jp/datafile/seiseki/report/2025/2025-5tokyo5.pdf,official_daily_result_pdf
202505050507,2025,東京,5,5,7,2025-11-23,https://www.jra.go.jp/datafile/seiseki/report/2025/2025-5tokyo5.pdf,official_daily_result_pdf
202505050508,2025,東京,5,5,8,2025-11-23,https://www.jra.go.jp/datafile/seiseki/report/2025/2025-5tokyo5.pdf,official_daily_result_pdf
202505050509,2025,東京,5,5,9,2025-11-23,https://www.jra.go.jp/datafile/seiseki/report/2025/2025-5tokyo5.pdf,official_daily_result_pdf
202505050510,2025,東京,5,5,10,2025-11-23,https://www.jra.go.jp/datafile/seiseki/report/2025/2025-5tokyo5.pdf,official_daily_result_pdf
202505050511,2025,東京,5,5,11,2025-11-23,https://www.jra.go.jp/datafile/seiseki/report/2025/2025-5tokyo5.pdf,official_daily_result_pdf
202505050512,2025,東京,5,5,12,2025-11-23,https://www.jra.go.jp/datafile/seiseki/report/2025/2025-5tokyo5.pdf,official_daily_result_pdf
202505050601,2025,東京,5,6,1,2025-11-24,https://www.jra.go.jp/datafile/seiseki/report/2025/2025-5tokyo6.pdf,official_daily_result_pdf
202505050602,2025,東京,5,6,2,2025-11-24,https://www.jra.go.jp/datafile/seiseki/report/2025/2025-5tokyo6.pdf,official_daily_result_pdf
202505050603,2025,東京,5,6,3,2025-11-24,https://www.jra.go.jp/datafile/seiseki/report/2025/2025-5tokyo6.pdf,official_daily_result_pdf
202505050604,2025,東京,5,6,4,2025-11-24,https://www.jra.go.jp/datafile/seiseki/report/2025/2025-5tokyo6.pdf,official_daily_result_pdf
202505050605,2025,東京,5,6,5,2025-11-24,https://www.jra.go.jp/datafile/seiseki/report/2025/2025-5tokyo6.pdf,official_daily_result_pdf
202505050606,2025,東京,5,6,6,2025-11-24,https://www.jra.go.jp/datafile/seiseki/report/2025/2025-5tokyo6.pdf,official_daily_result_pdf
202505050607,2025,東京,5,6,7,2025-11-24,https://www.jra.go.jp/datafile/seiseki/report/2025/2025-5tokyo6.pdf,official_daily_result_pdf
202505050608,2025,東京,5,6,8,2025-11-24,https://www.jra.go.jp/datafile/seiseki/report/2025/2025-5tokyo6.pdf,official_daily_result_pdf
202505050609,2025,東京,5,6,9,2025-11-24,https://www.jra.go.jp/datafile/seiseki/report/2025/2025-5tokyo6.pdf,official_daily_result_pdf
202505050610,2025,東京,5,6,10,2025-11-24,https://www.jra.go.jp/datafile/seiseki/report/2025/2025-5tokyo6.pdf,official_daily_result_pdf
202505050611,2025,東京,5,6,11,2025-11-24,https://www.jra.go.jp/datafile/seiseki/report/2025/2025-5tokyo6.pdf,official_daily_result_pdf
202505050612,2025,東京,5,6,12,2025-11-24,https://www.jra.go.jp/datafile/seiseki/report/2025/2025-5tokyo6.pdf,official_daily_result_pdf
202505050701,2025,東京,5,7,1,2025-11-29,https://www.jra.go.jp/datafile/seiseki/report/2025/2025-5tokyo7.pdf,official_daily_result_pdf
202505050702,2025,東京,5,7,2,2025-11-29,https://www.jra.go.jp/datafile/seiseki/report/2025/2025-5tokyo7.pdf,official_daily_result_pdf
202505050703,2025,東京,5,7,3,2025-11-29,https://www.jra.go.jp/datafile/seiseki/report/2025/2025-5tokyo7.pdf,official_daily_result_pdf
202505050704,2025,東京,5,7,4,2025-11-29,https://www.jra.go.jp/datafile/seiseki/report/2025/2025-5tokyo7.pdf,official_daily_result_pdf
202505050705,2025,東京,5,7,5,2025-11-29,https://www.jra.go.jp/datafile/seiseki/report/2025/2025-5tokyo7.pdf,official_daily_result_pdf
202505050706,2025,東京,5,7,6,2025-11-29,https://www.jra.go.jp/datafile/seiseki/report/2025/2025-5tokyo7.pdf,official_daily_result_pdf
202505050707,2025,東京,5,7,7,2025-11-29,https://www.jra.go.jp/datafile/seiseki/report/2025/2025-5tokyo7.pdf,official_daily_result_pdf
202505050708,2025,東京,5,7,8,2025-11-29,https://www.jra.go.jp/datafile/seiseki/report/2025/2025-5tokyo7.pdf,official_daily_result_pdf
202505050709,2025,東京,5,7,9,2025-11-29,https://www.jra.go.jp/datafile/seiseki/report/2025/2025-5tokyo7.pdf,official_daily_result_pdf
202505050710,2025,東京,5,7,10,2025-11-29,https://www.jra.go.jp/datafile/seiseki/report/2025/2025-5tokyo7.pdf,official_daily_result_pdf
202505050711,2025,東京,5,7,11,2025-11-29,https://www.jra.go.jp/datafile/seiseki/report/2025/2025-5tokyo7.pdf,official_daily_result_pdf
202505050712,2025,東京,5,7,12,2025-11-29,https://www.jra.go.jp/datafile/seiseki/report/2025/2025-5tokyo7.pdf,official_daily_result_pdf
202505050801,2025,東京,5,8,1,2025-11-30,https://www.jra.go.jp/datafile/seiseki/report/2025/2025-5tokyo8.pdf,official_daily_result_pdf
202505050802,2025,東京,5,8,2,2025-11-30,https://www.jra.go.jp/datafile/seiseki/report/2025/2025-5tokyo8.pdf,official_daily_result_pdf
202505050803,2025,東京,5,8,3,2025-11-30,https://www.jra.go.jp/datafile/seiseki/report/2025/2025-5tokyo8.pdf,official_daily_result_pdf
202505050804,2025,東京,5,8,4,2025-11-30,https://www.jra.go.jp/datafile/seiseki/report/2025/2025-5tokyo8.pdf,official_daily_result_pdf
202505050805,2025,東京,5,8,5,2025-11-30,https://www.jra.go.jp/datafile/seiseki/report/2025/2025-5tokyo8.pdf,official_daily_result_pdf
202505050806,2025,東京,5,8,6,2025-11-30,https://www.jra.go.jp/datafile/seiseki/report/2025/2025-5tokyo8.pdf,official_daily_result_pdf
202505050807,2025,東京,5,8,7,2025-11-30,https://www.jra.go.jp/datafile/seiseki/report/2025/2025-5tokyo8.pdf,official_daily_result_pdf
202505050808,2025,東京,5,8,8,2025-11-30,https://www.jra.go.jp/datafile/seiseki/report/2025/2025-5tokyo8.pdf,official_daily_result_pdf
202505050809,2025,東京,5,8,9,2025-11-30,https://www.jra.go.jp/datafile/seiseki/report/2025/2025-5tokyo8.pdf,official_daily_result_pdf
202505050810,2025,東京,5,8,10,2025-11-30,https://www.jra.go.jp/datafile/seiseki/report/2025/2025-5tokyo8.pdf,official_daily_result_pdf
202505050811,2025,東京,5,8,11,2025-11-30,https://www.jra.go.jp/datafile/seiseki/report/2025/2025-5tokyo8.pdf,official_daily_result_pdf
202505050812,2025,東京,5,8,12,2025-11-30,https://www.jra.go.jp/datafile/seiseki/report/2025/2025-5tokyo8.pdf,official_daily_result_pdf
202506010101,2025,中山,1,1,1,2025-01-05,https://www.jra.go.jp/datafile/seiseki/report/2025/2025-1nakayama1.pdf,official_daily_result_pdf
202506010102,2025,中山,1,1,2,2025-01-05,https://www.jra.go.jp/datafile/seiseki/report/2025/2025-1nakayama1.pdf,official_daily_result_pdf
202506010103,2025,中山,1,1,3,2025-01-05,https://www.jra.go.jp/datafile/seiseki/report/2025/2025-1nakayama1.pdf,official_daily_result_pdf
202506010104,2025,中山,1,1,4,2025-01-05,https://www.jra.go.jp/datafile/seiseki/report/2025/2025-1nakayama1.pdf,official_daily_result_pdf
202506010105,2025,中山,1,1,5,2025-01-05,https://www.jra.go.jp/datafile/seiseki/report/2025/2025-1nakayama1.pdf,official_daily_result_pdf
202506010106,2025,中山,1,1,6,2025-01-05,https://www.jra.go.jp/datafile/seiseki/report/2025/2025-1nakayama1.pdf,official_daily_result_pdf
202506010107,2025,中山,1,1,7,2025-01-05,https://www.jra.go.jp/datafile/seiseki/report/2025/2025-1nakayama1.pdf,official_daily_result_pdf
202506010108,2025,中山,1,1,8,2025-01-05,https://www.jra.go.jp/datafile/seiseki/report/2025/2025-1nakayama1.pdf,official_daily_result_pdf
202506010109,2025,中山,1,1,9,2025-01-05,https://www.jra.go.jp/datafile/seiseki/report/2025/2025-1nakayama1.pdf,official_daily_result_pdf
202506010110,2025,中山,1,1,10,2025-01-05,https://www.jra.go.jp/datafile/seiseki/report/2025/2025-1nakayama1.pdf,official_daily_result_pdf
202506010111,2025,中山,1,1,11,2025-01-05,https://www.jra.go.jp/datafile/seiseki/report/2025/2025-1nakayama1.pdf,official_daily_result_pdf
202506010112,2025,中山,1,1,12,2025-01-05,https://www.jra.go.jp/datafile/seiseki/report/2025/2025-1nakayama1.pdf,official_daily_result_pdf
202506010201,2025,中山,1,2,1,2025-01-06,https://www.jra.go.jp/datafile/seiseki/report/2025/2025-1nakayama2.pdf,official_daily_result_pdf
202506010202,2025,中山,1,2,2,2025-01-06,https://www.jra.go.jp/datafile/seiseki/report/2025/2025-1nakayama2.pdf,official_daily_result_pdf
202506010203,2025,中山,1,2,3,2025-01-06,https://www.jra.go.jp/datafile/seiseki/report/2025/2025-1nakayama2.pdf,official_daily_result_pdf
202506010204,2025,中山,1,2,4,2025-01-06,https://www.jra.go.jp/datafile/seiseki/report/2025/2025-1nakayama2.pdf,official_daily_result_pdf
202506010205,2025,中山,1,2,5,2025-01-06,https://www.jra.go.jp/datafile/seiseki/report/2025/2025-1nakayama2.pdf,official_daily_result_pdf
202506010206,2025,中山,1,2,6,2025-01-06,https://www.jra.go.jp/datafile/seiseki/report/2025/2025-1nakayama2.pdf,official_daily_result_pdf
202506010207,2025,中山,1,2,7,2025-01-06,https://www.jra.go.jp/datafile/seiseki/report/2025/2025-1nakayama2.pdf,official_daily_result_pdf
202506010208,2025,中山,1,2,8,2025-01-06,https://www.jra.go.jp/datafile/seiseki/report/2025/2025-1nakayama2.pdf,official_daily_result_pdf
202506010209,2025,中山,1,2,9,2025-01-06,https://www.jra.go.jp/datafile/seiseki/report/2025/2025-1nakayama2.pdf,official_daily_result_pdf
202506010210,2025,中山,1,2,10,2025-01-06,https://www.jra.go.jp/datafile/seiseki/report/2025/2025-1nakayama2.pdf,official_daily_result_pdf
202506010211,2025,中山,1,2,11,2025-01-06,https://www.jra.go.jp/datafile/seiseki/report/2025/2025-1nakayama2.pdf,official_daily_result_pdf
202506010212,2025,中山,1,2,12,2025-01-06,https://www.jra.go.jp/datafile/seiseki/report/2025/2025-1nakayama2.pdf,official_daily_result_pdf
202506010301,2025,中山,1,3,1,2025-01-11,https://www.jra.go.jp/datafile/seiseki/report/2025/2025-1nakayama3.pdf,official_daily_result_pdf
202506010302,2025,中山,1,3,2,2025-01-11,https://www.jra.go.jp/datafile/seiseki/report/2025/2025-1nakayama3.pdf,official_daily_result_pdf
202506010303,2025,中山,1,3,3,2025-01-11,https://www.jra.go.jp/datafile/seiseki/report/2025/2025-1nakayama3.pdf,official_daily_result_pdf
202506010304,2025,中山,1,3,4,2025-01-11,https://www.jra.go.jp/datafile/seiseki/report/2025/2025-1nakayama3.pdf,official_daily_result_pdf
202506010305,2025,中山,1,3,5,2025-01-11,https://www.jra.go.jp/datafile/seiseki/report/2025/2025-1nakayama3.pdf,official_daily_result_pdf
202506010306,2025,中山,1,3,6,2025-01-11,https://www.jra.go.jp/datafile/seiseki/report/2025/2025-1nakayama3.pdf,official_daily_result_pdf
202506010307,2025,中山,1,3,7,2025-01-11,https://www.jra.go.jp/datafile/seiseki/report/2025/2025-1nakayama3.pdf,official_daily_result_pdf
202506010308,2025,中山,1,3,8,2025-01-11,https://www.jra.go.jp/datafile/seiseki/report/2025/2025-1nakayama3.pdf,official_daily_result_pdf
202506010309,2025,中山,1,3,9,2025-01-11,https://www.jra.go.jp/datafile/seiseki/report/2025/2025-1nakayama3.pdf,official_daily_result_pdf
202506010310,2025,中山,1,3,10,2025-01-11,https://www.jra.go.jp/datafile/seiseki/report/2025/2025-1nakayama3.pdf,official_daily_result_pdf
202506010311,2025,中山,1,3,11,2025-01-11,https://www.jra.go.jp/datafile/seiseki/report/2025/2025-1nakayama3.pdf,official_daily_result_pdf
202506010312,2025,中山,1,3,12,2025-01-11,https://www.jra.go.jp/datafile/seiseki/report/2025/2025-1nakayama3.pdf,official_daily_result_pdf
202506010401,2025,中山,1,4,1,2025-01-12,https://www.jra.go.jp/datafile/seiseki/report/2025/2025-1nakayama4.pdf,official_daily_result_pdf
202506010402,2025,中山,1,4,2,2025-01-12,https://www.jra.go.jp/datafile/seiseki/report/2025/2025-1nakayama4.pdf,official_daily_result_pdf
202506010403,2025,中山,1,4,3,2025-01-12,https://www.jra.go.jp/datafile/seiseki/report/2025/2025-1nakayama4.pdf,official_daily_result_pdf
202506010404,2025,中山,1,4,4,2025-01-12,https://www.jra.go.jp/datafile/seiseki/report/2025/2025-1nakayama4.pdf,official_daily_result_pdf
202506010405,2025,中山,1,4,5,2025-01-12,https://www.jra.go.jp/datafile/seiseki/report/2025/2025-1nakayama4.pdf,official_daily_result_pdf
202506010406,2025,中山,1,4,6,2025-01-12,https://www.jra.go.jp/datafile/seiseki/report/2025/2025-1nakayama4.pdf,official_daily_result_pdf
202506010407,2025,中山,1,4,7,2025-01-12,https://www.jra.go.jp/datafile/seiseki/report/2025/2025-1nakayama4.pdf,official_daily_result_pdf
202506010408,2025,中山,1,4,8,2025-01-12,https://www.jra.go.jp/datafile/seiseki/report/2025/2025-1nakayama4.pdf,official_daily_result_pdf
202506010409,2025,中山,1,4,9,2025-01-12,https://www.jra.go.jp/datafile/seiseki/report/2025/2025-1nakayama4.pdf,official_daily_result_pdf
202506010410,2025,中山,1,4,10,2025-01-12,https://www.jra.go.jp/datafile/seiseki/report/2025/2025-1nakayama4.pdf,official_daily_result_pdf
202506010411,2025,中山,1,4,11,2025-01-12,https://www.jra.go.jp/datafile/seiseki/report/2025/2025-1nakayama4.pdf,official_daily_result_pdf
202506010412,2025,中山,1,4,12,2025-01-12,https://www.jra.go.jp/datafile/seiseki/report/2025/2025-1nakayama4.pdf,official_daily_result_pdf
202506010501,2025,中山,1,5,1,2025-01-13,https://www.jra.go.jp/datafile/seiseki/report/2025/2025-1nakayama5.pdf,official_daily_result_pdf
202506010502,2025,中山,1,5,2,2025-01-13,https://www.jra.go.jp/datafile/seiseki/report/2025/2025-1nakayama5.pdf,official_daily_result_pdf
202506010503,2025,中山,1,5,3,2025-01-13,https://www.jra.go.jp/datafile/seiseki/report/2025/2025-1nakayama5.pdf,official_daily_result_pdf
202506010504,2025,中山,1,5,4,2025-01-13,https://www.jra.go.jp/datafile/seiseki/report/2025/2025-1nakayama5.pdf,official_daily_result_pdf
202506010505,2025,中山,1,5,5,2025-01-13,https://www.jra.go.jp/datafile/seiseki/report/2025/2025-1nakayama5.pdf,official_daily_result_pdf
202506010506,2025,中山,1,5,6,2025-01-13,https://www.jra.go.jp/datafile/seiseki/report/2025/2025-1nakayama5.pdf,official_daily_result_pdf
202506010507,2025,中山,1,5,7,2025-01-13,https://www.jra.go.jp/datafile/seiseki/report/2025/2025-1nakayama5.pdf,official_daily_result_pdf
202506010508,2025,中山,1,5,8,2025-01-13,https://www.jra.go.jp/datafile/seiseki/report/2025/2025-1nakayama5.pdf,official_daily_result_pdf
202506010509,2025,中山,1,5,9,2025-01-13,https://www.jra.go.jp/datafile/seiseki/report/2025/2025-1nakayama5.pdf,official_daily_result_pdf
202506010510,2025,中山,1,5,10,2025-01-13,https://www.jra.go.jp/datafile/seiseki/report/2025/2025-1nakayama5.pdf,official_daily_result_pdf
202506010511,2025,中山,1,5,11,2025-01-13,https://www.jra.go.jp/datafile/seiseki/report/2025/2025-1nakayama5.pdf,official_daily_result_pdf
202506010512,2025,中山,1,5,12,2025-01-13,https://www.jra.go.jp/datafile/seiseki/report/2025/2025-1nakayama5.pdf,official_daily_result_pdf
202506010601,2025,中山,1,6,1,2025-01-18,https://www.jra.go.jp/datafile/seiseki/report/2025/2025-1nakayama6.pdf,official_daily_result_pdf
202506010602,2025,中山,1,6,2,2025-01-18,https://www.jra.go.jp/datafile/seiseki/report/2025/2025-1nakayama6.pdf,official_daily_result_pdf
202506010603,2025,中山,1,6,3,2025-01-18,https://www.jra.go.jp/datafile/seiseki/report/2025/2025-1nakayama6.pdf,official_daily_result_pdf
202506010604,2025,中山,1,6,4,2025-01-18,https://www.jra.go.jp/datafile/seiseki/report/2025/2025-1nakayama6.pdf,official_daily_result_pdf
202506010605,2025,中山,1,6,5,2025-01-18,https://www.jra.go.jp/datafile/seiseki/report/2025/2025-1nakayama6.pdf,official_daily_result_pdf
202506010606,2025,中山,1,6,6,2025-01-18,https://www.jra.go.jp/datafile/seiseki/report/2025/2025-1nakayama6.pdf,official_daily_result_pdf
202506010607,2025,中山,1,6,7,2025-01-18,https://www.jra.go.jp/datafile/seiseki/report/2025/2025-1nakayama6.pdf,official_daily_result_pdf
202506010608,2025,中山,1,6,8,2025-01-18,https://www.jra.go.jp/datafile/seiseki/report/2025/2025-1nakayama6.pdf,official_daily_result_pdf
202506010609,2025,中山,1,6,9,2025-01-18,https://www.jra.go.jp/datafile/seiseki/report/2025/2025-1nakayama6.pdf,official_daily_result_pdf
202506010610,2025,中山,1,6,10,2025-01-18,https://www.jra.go.jp/datafile/seiseki/report/2025/2025-1nakayama6.pdf,official_daily_result_pdf
202506010611,2025,中山,1,6,11,2025-01-18,https://www.jra.go.jp/datafile/seiseki/report/2025/2025-1nakayama6.pdf,official_daily_result_pdf
202506010612,2025,中山,1,6,12,2025-01-18,https://www.jra.go.jp/datafile/seiseki/report/2025/2025-1nakayama6.pdf,official_daily_result_pdf
202506010701,2025,中山,1,7,1,2025-01-19,https://www.jra.go.jp/datafile/seiseki/report/2025/2025-1nakayama7.pdf,official_daily_result_pdf
202506010702,2025,中山,1,7,2,2025-01-19,https://www.jra.go.jp/datafile/seiseki/report/2025/2025-1nakayama7.pdf,official_daily_result_pdf
202506010703,2025,中山,1,7,3,2025-01-19,https://www.jra.go.jp/datafile/seiseki/report/2025/2025-1nakayama7.pdf,official_daily_result_pdf
202506010704,2025,中山,1,7,4,2025-01-19,https://www.jra.go.jp/datafile/seiseki/report/2025/2025-1nakayama7.pdf,official_daily_result_pdf
202506010705,2025,中山,1,7,5,2025-01-19,https://www.jra.go.jp/datafile/seiseki/report/2025/2025-1nakayama7.pdf,official_daily_result_pdf
202506010706,2025,中山,1,7,6,2025-01-19,https://www.jra.go.jp/datafile/seiseki/report/2025/2025-1nakayama7.pdf,official_daily_result_pdf
202506010707,2025,中山,1,7,7,2025-01-19,https://www.jra.go.jp/datafile/seiseki/report/2025/2025-1nakayama7.pdf,official_daily_result_pdf
202506010708,2025,中山,1,7,8,2025-01-19,https://www.jra.go.jp/datafile/seiseki/report/2025/2025-1nakayama7.pdf,official_daily_result_pdf
202506010709,2025,中山,1,7,9,2025-01-19,https://www.jra.go.jp/datafile/seiseki/report/2025/2025-1nakayama7.pdf,official_daily_result_pdf
202506010710,2025,中山,1,7,10,2025-01-19,https://www.jra.go.jp/datafile/seiseki/report/2025/2025-1nakayama7.pdf,official_daily_result_pdf
202506010711,2025,中山,1,7,11,2025-01-19,https://www.jra.go.jp/datafile/seiseki/report/2025/2025-1nakayama7.pdf,official_daily_result_pdf
202506010712,2025,中山,1,7,12,2025-01-19,https://www.jra.go.jp/datafile/seiseki/report/2025/2025-1nakayama7.pdf,official_daily_result_pdf
202506010801,2025,中山,1,8,1,2025-01-25,https://www.jra.go.jp/datafile/seiseki/report/2025/2025-1nakayama8.pdf,official_daily_result_pdf
202506010802,2025,中山,1,8,2,2025-01-25,https://www.jra.go.jp/datafile/seiseki/report/2025/2025-1nakayama8.pdf,official_daily_result_pdf
202506010803,2025,中山,1,8,3,2025-01-25,https://www.jra.go.jp/datafile/seiseki/report/2025/2025-1nakayama8.pdf,official_daily_result_pdf
202506010804,2025,中山,1,8,4,2025-01-25,https://www.jra.go.jp/datafile/seiseki/report/2025/2025-1nakayama8.pdf,official_daily_result_pdf
202506010805,2025,中山,1,8,5,2025-01-25,https://www.jra.go.jp/datafile/seiseki/report/2025/2025-1nakayama8.pdf,official_daily_result_pdf
202506010806,2025,中山,1,8,6,2025-01-25,https://www.jra.go.jp/datafile/seiseki/report/2025/2025-1nakayama8.pdf,official_daily_result_pdf
202506010807,2025,中山,1,8,7,2025-01-25,https://www.jra.go.jp/datafile/seiseki/report/2025/2025-1nakayama8.pdf,official_daily_result_pdf
202506010808,2025,中山,1,8,8,2025-01-25,https://www.jra.go.jp/datafile/seiseki/report/2025/2025-1nakayama8.pdf,official_daily_result_pdf
202506010809,2025,中山,1,8,9,2025-01-25,https://www.jra.go.jp/datafile/seiseki/report/2025/2025-1nakayama8.pdf,official_daily_result_pdf
202506010810,2025,中山,1,8,10,2025-01-25,https://www.jra.go.jp/datafile/seiseki/report/2025/2025-1nakayama8.pdf,official_daily_result_pdf
202506010811,2025,中山,1,8,11,2025-01-25,https://www.jra.go.jp/datafile/seiseki/report/2025/2025-1nakayama8.pdf,official_daily_result_pdf
202506010812,2025,中山,1,8,12,2025-01-25,https://www.jra.go.jp/datafile/seiseki/report/2025/2025-1nakayama8.pdf,official_daily_result_pdf
202506010901,2025,中山,1,9,1,2025-01-26,https://www.jra.go.jp/datafile/seiseki/report/2025/2025-1nakayama9.pdf,official_daily_result_pdf
202506010902,2025,中山,1,9,2,2025-01-26,https://www.jra.go.jp/datafile/seiseki/report/2025/2025-1nakayama9.pdf,official_daily_result_pdf
202506010903,2025,中山,1,9,3,2025-01-26,https://www.jra.go.jp/datafile/seiseki/report/2025/2025-1nakayama9.pdf,official_daily_result_pdf
202506010904,2025,中山,1,9,4,2025-01-26,https://www.jra.go.jp/datafile/seiseki/report/2025/2025-1nakayama9.pdf,official_daily_result_pdf
202506010905,2025,中山,1,9,5,2025-01-26,https://www.jra.go.jp/datafile/seiseki/report/2025/2025-1nakayama9.pdf,official_daily_result_pdf
202506010906,2025,中山,1,9,6,2025-01-26,https://www.jra.go.jp/datafile/seiseki/report/2025/2025-1nakayama9.pdf,official_daily_result_pdf
202506010907,2025,中山,1,9,7,2025-01-26,https://www.jra.go.jp/datafile/seiseki/report/2025/2025-1nakayama9.pdf,official_daily_result_pdf
202506010908,2025,中山,1,9,8,2025-01-26,https://www.jra.go.jp/datafile/seiseki/report/2025/2025-1nakayama9.pdf,official_daily_result_pdf
202506010909,2025,中山,1,9,9,2025-01-26,https://www.jra.go.jp/datafile/seiseki/report/2025/2025-1nakayama9.pdf,official_daily_result_pdf
202506010910,2025,中山,1,9,10,2025-01-26,https://www.jra.go.jp/datafile/seiseki/report/2025/2025-1nakayama9.pdf,official_daily_result_pdf
202506010911,2025,中山,1,9,11,2025-01-26,https://www.jra.go.jp/datafile/seiseki/report/2025/2025-1nakayama9.pdf,official_daily_result_pdf
202506010912,2025,中山,1,9,12,2025-01-26,https://www.jra.go.jp/datafile/seiseki/report/2025/2025-1nakayama9.pdf,official_daily_result_pdf
202506020101,2025,中山,2,1,1,2025-03-01,https://www.jra.go.jp/datafile/seiseki/report/2025/2025-2nakayama1.pdf,official_daily_result_pdf
202506020102,2025,中山,2,1,2,2025-03-01,https://www.jra.go.jp/datafile/seiseki/report/2025/2025-2nakayama1.pdf,official_daily_result_pdf
202506020103,2025,中山,2,1,3,2025-03-01,https://www.jra.go.jp/datafile/seiseki/report/2025/2025-2nakayama1.pdf,official_daily_result_pdf
202506020104,2025,中山,2,1,4,2025-03-01,https://www.jra.go.jp/datafile/seiseki/report/2025/2025-2nakayama1.pdf,official_daily_result_pdf
202506020105,2025,中山,2,1,5,2025-03-01,https://www.jra.go.jp/datafile/seiseki/report/2025/2025-2nakayama1.pdf,official_daily_result_pdf
202506020106,2025,中山,2,1,6,2025-03-01,https://www.jra.go.jp/datafile/seiseki/report/2025/2025-2nakayama1.pdf,official_daily_result_pdf
202506020107,2025,中山,2,1,7,2025-03-01,https://www.jra.go.jp/datafile/seiseki/report/2025/2025-2nakayama1.pdf,official_daily_result_pdf
202506020108,2025,中山,2,1,8,2025-03-01,https://www.jra.go.jp/datafile/seiseki/report/2025/2025-2nakayama1.pdf,official_daily_result_pdf
202506020109,2025,中山,2,1,9,2025-03-01,https://www.jra.go.jp/datafile/seiseki/report/2025/2025-2nakayama1.pdf,official_daily_result_pdf
202506020110,2025,中山,2,1,10,2025-03-01,https://www.jra.go.jp/datafile/seiseki/report/2025/2025-2nakayama1.pdf,official_daily_result_pdf
202506020111,2025,中山,2,1,11,2025-03-01,https://www.jra.go.jp/datafile/seiseki/report/2025/2025-2nakayama1.pdf,official_daily_result_pdf
202506020112,2025,中山,2,1,12,2025-03-01,https://www.jra.go.jp/datafile/seiseki/report/2025/2025-2nakayama1.pdf,official_daily_result_pdf
202506020201,2025,中山,2,2,1,2025-03-02,https://www.jra.go.jp/datafile/seiseki/report/2025/2025-2nakayama2.pdf,official_daily_result_pdf
202506020202,2025,中山,2,2,2,2025-03-02,https://www.jra.go.jp/datafile/seiseki/report/2025/2025-2nakayama2.pdf,official_daily_result_pdf
202506020203,2025,中山,2,2,3,2025-03-02,https://www.jra.go.jp/datafile/seiseki/report/2025/2025-2nakayama2.pdf,official_daily_result_pdf
202506020204,2025,中山,2,2,4,2025-03-02,https://www.jra.go.jp/datafile/seiseki/report/2025/2025-2nakayama2.pdf,official_daily_result_pdf
202506020205,2025,中山,2,2,5,2025-03-02,https://www.jra.go.jp/datafile/seiseki/report/2025/2025-2nakayama2.pdf,official_daily_result_pdf
202506020206,2025,中山,2,2,6,2025-03-02,https://www.jra.go.jp/datafile/seiseki/report/2025/2025-2nakayama2.pdf,official_daily_result_pdf
202506020207,2025,中山,2,2,7,2025-03-02,https://www.jra.go.jp/datafile/seiseki/report/2025/2025-2nakayama2.pdf,official_daily_result_pdf
202506020208,2025,中山,2,2,8,2025-03-02,https://www.jra.go.jp/datafile/seiseki/report/2025/2025-2nakayama2.pdf,official_daily_result_pdf
202506020209,2025,中山,2,2,9,2025-03-02,https://www.jra.go.jp/datafile/seiseki/report/2025/2025-2nakayama2.pdf,official_daily_result_pdf
202506020210,2025,中山,2,2,10,2025-03-02,https://www.jra.go.jp/datafile/seiseki/report/2025/2025-2nakayama2.pdf,official_daily_result_pdf
202506020211,2025,中山,2,2,11,2025-03-02,https://www.jra.go.jp/datafile/seiseki/report/2025/2025-2nakayama2.pdf,official_daily_result_pdf
202506020212,2025,中山,2,2,12,2025-03-02,https://www.jra.go.jp/datafile/seiseki/report/2025/2025-2nakayama2.pdf,official_daily_result_pdf
202506020301,2025,中山,2,3,1,2025-03-08,https://www.jra.go.jp/datafile/seiseki/report/2025/2025-2nakayama3.pdf,official_daily_result_pdf
202506020302,2025,中山,2,3,2,2025-03-08,https://www.jra.go.jp/datafile/seiseki/report/2025/2025-2nakayama3.pdf,official_daily_result_pdf
202506020303,2025,中山,2,3,3,2025-03-08,https://www.jra.go.jp/datafile/seiseki/report/2025/2025-2nakayama3.pdf,official_daily_result_pdf
202506020304,2025,中山,2,3,4,2025-03-08,https://www.jra.go.jp/datafile/seiseki/report/2025/2025-2nakayama3.pdf,official_daily_result_pdf
202506020305,2025,中山,2,3,5,2025-03-08,https://www.jra.go.jp/datafile/seiseki/report/2025/2025-2nakayama3.pdf,official_daily_result_pdf
202506020306,2025,中山,2,3,6,2025-03-08,https://www.jra.go.jp/datafile/seiseki/report/2025/2025-2nakayama3.pdf,official_daily_result_pdf
202506020307,2025,中山,2,3,7,2025-03-08,https://www.jra.go.jp/datafile/seiseki/report/2025/2025-2nakayama3.pdf,official_daily_result_pdf
202506020308,2025,中山,2,3,8,2025-03-08,https://www.jra.go.jp/datafile/seiseki/report/2025/2025-2nakayama3.pdf,official_daily_result_pdf
202506020309,2025,中山,2,3,9,2025-03-08,https://www.jra.go.jp/datafile/seiseki/report/2025/2025-2nakayama3.pdf,official_daily_result_pdf
202506020310,2025,中山,2,3,10,2025-03-08,https://www.jra.go.jp/datafile/seiseki/report/2025/2025-2nakayama3.pdf,official_daily_result_pdf
202506020311,2025,中山,2,3,11,2025-03-08,https://www.jra.go.jp/datafile/seiseki/report/2025/2025-2nakayama3.pdf,official_daily_result_pdf
202506020312,2025,中山,2,3,12,2025-03-08,https://www.jra.go.jp/datafile/seiseki/report/2025/2025-2nakayama3.pdf,official_daily_result_pdf
202506020401,2025,中山,2,4,1,2025-03-09,https://www.jra.go.jp/datafile/seiseki/report/2025/2025-2nakayama4.pdf,official_daily_result_pdf
202506020402,2025,中山,2,4,2,2025-03-09,https://www.jra.go.jp/datafile/seiseki/report/2025/2025-2nakayama4.pdf,official_daily_result_pdf
202506020403,2025,中山,2,4,3,2025-03-09,https://www.jra.go.jp/datafile/seiseki/report/2025/2025-2nakayama4.pdf,official_daily_result_pdf
202506020404,2025,中山,2,4,4,2025-03-09,https://www.jra.go.jp/datafile/seiseki/report/2025/2025-2nakayama4.pdf,official_daily_result_pdf
202506020405,2025,中山,2,4,5,2025-03-09,https://www.jra.go.jp/datafile/seiseki/report/2025/2025-2nakayama4.pdf,official_daily_result_pdf
202506020406,2025,中山,2,4,6,2025-03-09,https://www.jra.go.jp/datafile/seiseki/report/2025/2025-2nakayama4.pdf,official_daily_result_pdf
202506020407,2025,中山,2,4,7,2025-03-09,https://www.jra.go.jp/datafile/seiseki/report/2025/2025-2nakayama4.pdf,official_daily_result_pdf
202506020408,2025,中山,2,4,8,2025-03-09,https://www.jra.go.jp/datafile/seiseki/report/2025/2025-2nakayama4.pdf,official_daily_result_pdf
202506020409,2025,中山,2,4,9,2025-03-09,https://www.jra.go.jp/datafile/seiseki/report/2025/2025-2nakayama4.pdf,official_daily_result_pdf
202506020410,2025,中山,2,4,10,2025-03-09,https://www.jra.go.jp/datafile/seiseki/report/2025/2025-2nakayama4.pdf,official_daily_result_pdf
202506020411,2025,中山,2,4,11,2025-03-09,https://www.jra.go.jp/datafile/seiseki/report/2025/2025-2nakayama4.pdf,official_daily_result_pdf
202506020412,2025,中山,2,4,12,2025-03-09,https://www.jra.go.jp/datafile/seiseki/report/2025/2025-2nakayama4.pdf,official_daily_result_pdf
202506020501,2025,中山,2,5,1,2025-03-15,https://www.jra.go.jp/datafile/seiseki/report/2025/2025-2nakayama5.pdf,official_daily_result_pdf
202506020502,2025,中山,2,5,2,2025-03-15,https://www.jra.go.jp/datafile/seiseki/report/2025/2025-2nakayama5.pdf,official_daily_result_pdf
202506020503,2025,中山,2,5,3,2025-03-15,https://www.jra.go.jp/datafile/seiseki/report/2025/2025-2nakayama5.pdf,official_daily_result_pdf
202506020504,2025,中山,2,5,4,2025-03-15,https://www.jra.go.jp/datafile/seiseki/report/2025/2025-2nakayama5.pdf,official_daily_result_pdf
202506020505,2025,中山,2,5,5,2025-03-15,https://www.jra.go.jp/datafile/seiseki/report/2025/2025-2nakayama5.pdf,official_daily_result_pdf
202506020506,2025,中山,2,5,6,2025-03-15,https://www.jra.go.jp/datafile/seiseki/report/2025/2025-2nakayama5.pdf,official_daily_result_pdf
202506020507,2025,中山,2,5,7,2025-03-15,https://www.jra.go.jp/datafile/seiseki/report/2025/2025-2nakayama5.pdf,official_daily_result_pdf
202506020508,2025,中山,2,5,8,2025-03-15,https://www.jra.go.jp/datafile/seiseki/report/2025/2025-2nakayama5.pdf,official_daily_result_pdf
202506020509,2025,中山,2,5,9,2025-03-15,https://www.jra.go.jp/datafile/seiseki/report/2025/2025-2nakayama5.pdf,official_daily_result_pdf
202506020510,2025,中山,2,5,10,2025-03-15,https://www.jra.go.jp/datafile/seiseki/report/2025/2025-2nakayama5.pdf,official_daily_result_pdf
202506020511,2025,中山,2,5,11,2025-03-15,https://www.jra.go.jp/datafile/seiseki/report/2025/2025-2nakayama5.pdf,official_daily_result_pdf
202506020512,2025,中山,2,5,12,2025-03-15,https://www.jra.go.jp/datafile/seiseki/report/2025/2025-2nakayama5.pdf,official_daily_result_pdf
202506020601,2025,中山,2,6,1,2025-03-16,https://www.jra.go.jp/datafile/seiseki/report/2025/2025-2nakayama6.pdf,official_daily_result_pdf
202506020602,2025,中山,2,6,2,2025-03-16,https://www.jra.go.jp/datafile/seiseki/report/2025/2025-2nakayama6.pdf,official_daily_result_pdf
202506020603,2025,中山,2,6,3,2025-03-16,https://www.jra.go.jp/datafile/seiseki/report/2025/2025-2nakayama6.pdf,official_daily_result_pdf
202506020604,2025,中山,2,6,4,2025-03-16,https://www.jra.go.jp/datafile/seiseki/report/2025/2025-2nakayama6.pdf,official_daily_result_pdf
202506020605,2025,中山,2,6,5,2025-03-16,https://www.jra.go.jp/datafile/seiseki/report/2025/2025-2nakayama6.pdf,official_daily_result_pdf
202506020606,2025,中山,2,6,6,2025-03-16,https://www.jra.go.jp/datafile/seiseki/report/2025/2025-2nakayama6.pdf,official_daily_result_pdf
202506020607,2025,中山,2,6,7,2025-03-16,https://www.jra.go.jp/datafile/seiseki/report/2025/2025-2nakayama6.pdf,official_daily_result_pdf
202506020608,2025,中山,2,6,8,2025-03-16,https://www.jra.go.jp/datafile/seiseki/report/2025/2025-2nakayama6.pdf,official_daily_result_pdf
202506020609,2025,中山,2,6,9,2025-03-16,https://www.jra.go.jp/datafile/seiseki/report/2025/2025-2nakayama6.pdf,official_daily_result_pdf
202506020610,2025,中山,2,6,10,2025-03-16,https://www.jra.go.jp/datafile/seiseki/report/2025/2025-2nakayama6.pdf,official_daily_result_pdf
202506020611,2025,中山,2,6,11,2025-03-16,https://www.jra.go.jp/datafile/seiseki/report/2025/2025-2nakayama6.pdf,official_daily_result_pdf
202506020612,2025,中山,2,6,12,2025-03-16,https://www.jra.go.jp/datafile/seiseki/report/2025/2025-2nakayama6.pdf,official_daily_result_pdf
202506020701,2025,中山,2,7,1,2025-03-22,https://www.jra.go.jp/datafile/seiseki/report/2025/2025-2nakayama7.pdf,official_daily_result_pdf
202506020702,2025,中山,2,7,2,2025-03-22,https://www.jra.go.jp/datafile/seiseki/report/2025/2025-2nakayama7.pdf,official_daily_result_pdf
202506020703,2025,中山,2,7,3,2025-03-22,https://www.jra.go.jp/datafile/seiseki/report/2025/2025-2nakayama7.pdf,official_daily_result_pdf
202506020704,2025,中山,2,7,4,2025-03-22,https://www.jra.go.jp/datafile/seiseki/report/2025/2025-2nakayama7.pdf,official_daily_result_pdf
202506020705,2025,中山,2,7,5,2025-03-22,https://www.jra.go.jp/datafile/seiseki/report/2025/2025-2nakayama7.pdf,official_daily_result_pdf
202506020706,2025,中山,2,7,6,2025-03-22,https://www.jra.go.jp/datafile/seiseki/report/2025/2025-2nakayama7.pdf,official_daily_result_pdf
202506020707,2025,中山,2,7,7,2025-03-22,https://www.jra.go.jp/datafile/seiseki/report/2025/2025-2nakayama7.pdf,official_daily_result_pdf
202506020708,2025,中山,2,7,8,2025-03-22,https://www.jra.go.jp/datafile/seiseki/report/2025/2025-2nakayama7.pdf,official_daily_result_pdf
202506020709,2025,中山,2,7,9,2025-03-22,https://www.jra.go.jp/datafile/seiseki/report/2025/2025-2nakayama7.pdf,official_daily_result_pdf
202506020710,2025,中山,2,7,10,2025-03-22,https://www.jra.go.jp/datafile/seiseki/report/2025/2025-2nakayama7.pdf,official_daily_result_pdf
202506020711,2025,中山,2,7,11,2025-03-22,https://www.jra.go.jp/datafile/seiseki/report/2025/2025-2nakayama7.pdf,official_daily_result_pdf
202506020712,2025,中山,2,7,12,2025-03-22,https://www.jra.go.jp/datafile/seiseki/report/2025/2025-2nakayama7.pdf,official_daily_result_pdf
202506020801,2025,中山,2,8,1,2025-03-23,https://www.jra.go.jp/datafile/seiseki/report/2025/2025-2nakayama8.pdf,official_daily_result_pdf
202506020802,2025,中山,2,8,2,2025-03-23,https://www.jra.go.jp/datafile/seiseki/report/2025/2025-2nakayama8.pdf,official_daily_result_pdf
202506020803,2025,中山,2,8,3,2025-03-23,https://www.jra.go.jp/datafile/seiseki/report/2025/2025-2nakayama8.pdf,official_daily_result_pdf
202506020804,2025,中山,2,8,4,2025-03-23,https://www.jra.go.jp/datafile/seiseki/report/2025/2025-2nakayama8.pdf,official_daily_result_pdf
202506020805,2025,中山,2,8,5,2025-03-23,https://www.jra.go.jp/datafile/seiseki/report/2025/2025-2nakayama8.pdf,official_daily_result_pdf
202506020806,2025,中山,2,8,6,2025-03-23,https://www.jra.go.jp/datafile/seiseki/report/2025/2025-2nakayama8.pdf,official_daily_result_pdf
202506020807,2025,中山,2,8,7,2025-03-23,https://www.jra.go.jp/datafile/seiseki/report/2025/2025-2nakayama8.pdf,official_daily_result_pdf
202506020808,2025,中山,2,8,8,2025-03-23,https://www.jra.go.jp/datafile/seiseki/report/2025/2025-2nakayama8.pdf,official_daily_result_pdf
202506020809,2025,中山,2,8,9,2025-03-23,https://www.jra.go.jp/datafile/seiseki/report/2025/2025-2nakayama8.pdf,official_daily_result_pdf
202506020810,2025,中山,2,8,10,2025-03-23,https://www.jra.go.jp/datafile/seiseki/report/2025/2025-2nakayama8.pdf,official_daily_result_pdf
202506020811,2025,中山,2,8,11,2025-03-23,https://www.jra.go.jp/datafile/seiseki/report/2025/2025-2nakayama8.pdf,official_daily_result_pdf
202506020812,2025,中山,2,8,12,2025-03-23,https://www.jra.go.jp/datafile/seiseki/report/2025/2025-2nakayama8.pdf,official_daily_result_pdf
202506030101,2025,中山,3,1,1,2025-03-29,https://www.jra.go.jp/datafile/seiseki/report/2025/2025-3nakayama1.pdf,official_daily_result_pdf
202506030102,2025,中山,3,1,2,2025-03-29,https://www.jra.go.jp/datafile/seiseki/report/2025/2025-3nakayama1.pdf,official_daily_result_pdf
202506030103,2025,中山,3,1,3,2025-03-29,https://www.jra.go.jp/datafile/seiseki/report/2025/2025-3nakayama1.pdf,official_daily_result_pdf
202506030104,2025,中山,3,1,4,2025-03-29,https://www.jra.go.jp/datafile/seiseki/report/2025/2025-3nakayama1.pdf,official_daily_result_pdf
202506030105,2025,中山,3,1,5,2025-03-29,https://www.jra.go.jp/datafile/seiseki/report/2025/2025-3nakayama1.pdf,official_daily_result_pdf
202506030106,2025,中山,3,1,6,2025-03-29,https://www.jra.go.jp/datafile/seiseki/report/2025/2025-3nakayama1.pdf,official_daily_result_pdf
202506030107,2025,中山,3,1,7,2025-03-29,https://www.jra.go.jp/datafile/seiseki/report/2025/2025-3nakayama1.pdf,official_daily_result_pdf
202506030108,2025,中山,3,1,8,2025-03-29,https://www.jra.go.jp/datafile/seiseki/report/2025/2025-3nakayama1.pdf,official_daily_result_pdf
202506030109,2025,中山,3,1,9,2025-03-29,https://www.jra.go.jp/datafile/seiseki/report/2025/2025-3nakayama1.pdf,official_daily_result_pdf
202506030110,2025,中山,3,1,10,2025-03-29,https://www.jra.go.jp/datafile/seiseki/report/2025/2025-3nakayama1.pdf,official_daily_result_pdf
202506030111,2025,中山,3,1,11,2025-03-29,https://www.jra.go.jp/datafile/seiseki/report/2025/2025-3nakayama1.pdf,official_daily_result_pdf
202506030112,2025,中山,3,1,12,2025-03-29,https://www.jra.go.jp/datafile/seiseki/report/2025/2025-3nakayama1.pdf,official_daily_result_pdf
202506030201,2025,中山,3,2,1,2025-03-30,https://www.jra.go.jp/datafile/seiseki/report/2025/2025-3nakayama2.pdf,official_daily_result_pdf
202506030202,2025,中山,3,2,2,2025-03-30,https://www.jra.go.jp/datafile/seiseki/report/2025/2025-3nakayama2.pdf,official_daily_result_pdf
202506030203,2025,中山,3,2,3,2025-03-30,https://www.jra.go.jp/datafile/seiseki/report/2025/2025-3nakayama2.pdf,official_daily_result_pdf
202506030204,2025,中山,3,2,4,2025-03-30,https://www.jra.go.jp/datafile/seiseki/report/2025/2025-3nakayama2.pdf,official_daily_result_pdf
202506030205,2025,中山,3,2,5,2025-03-30,https://www.jra.go.jp/datafile/seiseki/report/2025/2025-3nakayama2.pdf,official_daily_result_pdf
202506030206,2025,中山,3,2,6,2025-03-30,https://www.jra.go.jp/datafile/seiseki/report/2025/2025-3nakayama2.pdf,official_daily_result_pdf
202506030207,2025,中山,3,2,7,2025-03-30,https://www.jra.go.jp/datafile/seiseki/report/2025/2025-3nakayama2.pdf,official_daily_result_pdf
202506030208,2025,中山,3,2,8,2025-03-30,https://www.jra.go.jp/datafile/seiseki/report/2025/2025-3nakayama2.pdf,official_daily_result_pdf
202506030209,2025,中山,3,2,9,2025-03-30,https://www.jra.go.jp/datafile/seiseki/report/2025/2025-3nakayama2.pdf,official_daily_result_pdf
202506030210,2025,中山,3,2,10,2025-03-30,https://www.jra.go.jp/datafile/seiseki/report/2025/2025-3nakayama2.pdf,official_daily_result_pdf
202506030211,2025,中山,3,2,11,2025-03-30,https://www.jra.go.jp/datafile/seiseki/report/2025/2025-3nakayama2.pdf,official_daily_result_pdf
202506030212,2025,中山,3,2,12,2025-03-30,https://www.jra.go.jp/datafile/seiseki/report/2025/2025-3nakayama2.pdf,official_daily_result_pdf
202506030301,2025,中山,3,3,1,2025-04-05,https://www.jra.go.jp/datafile/seiseki/report/2025/2025-3nakayama3.pdf,official_daily_result_pdf
202506030302,2025,中山,3,3,2,2025-04-05,https://www.jra.go.jp/datafile/seiseki/report/2025/2025-3nakayama3.pdf,official_daily_result_pdf
202506030303,2025,中山,3,3,3,2025-04-05,https://www.jra.go.jp/datafile/seiseki/report/2025/2025-3nakayama3.pdf,official_daily_result_pdf
202506030304,2025,中山,3,3,4,2025-04-05,https://www.jra.go.jp/datafile/seiseki/report/2025/2025-3nakayama3.pdf,official_daily_result_pdf
202506030305,2025,中山,3,3,5,2025-04-05,https://www.jra.go.jp/datafile/seiseki/report/2025/2025-3nakayama3.pdf,official_daily_result_pdf
202506030306,2025,中山,3,3,6,2025-04-05,https://www.jra.go.jp/datafile/seiseki/report/2025/2025-3nakayama3.pdf,official_daily_result_pdf
202506030307,2025,中山,3,3,7,2025-04-05,https://www.jra.go.jp/datafile/seiseki/report/2025/2025-3nakayama3.pdf,official_daily_result_pdf
202506030308,2025,中山,3,3,8,2025-04-05,https://www.jra.go.jp/datafile/seiseki/report/2025/2025-3nakayama3.pdf,official_daily_result_pdf
202506030309,2025,中山,3,3,9,2025-04-05,https://www.jra.go.jp/datafile/seiseki/report/2025/2025-3nakayama3.pdf,official_daily_result_pdf
202506030310,2025,中山,3,3,10,2025-04-05,https://www.jra.go.jp/datafile/seiseki/report/2025/2025-3nakayama3.pdf,official_daily_result_pdf
202506030311,2025,中山,3,3,11,2025-04-05,https://www.jra.go.jp/datafile/seiseki/report/2025/2025-3nakayama3.pdf,official_daily_result_pdf
202506030312,2025,中山,3,3,12,2025-04-05,https://www.jra.go.jp/datafile/seiseki/report/2025/2025-3nakayama3.pdf,official_daily_result_pdf
202506030401,2025,中山,3,4,1,2025-04-06,https://www.jra.go.jp/datafile/seiseki/report/2025/2025-3nakayama4.pdf,official_daily_result_pdf
202506030402,2025,中山,3,4,2,2025-04-06,https://www.jra.go.jp/datafile/seiseki/report/2025/2025-3nakayama4.pdf,official_daily_result_pdf
202506030403,2025,中山,3,4,3,2025-04-06,https://www.jra.go.jp/datafile/seiseki/report/2025/2025-3nakayama4.pdf,official_daily_result_pdf
202506030404,2025,中山,3,4,4,2025-04-06,https://www.jra.go.jp/datafile/seiseki/report/2025/2025-3nakayama4.pdf,official_daily_result_pdf
202506030405,2025,中山,3,4,5,2025-04-06,https://www.jra.go.jp/datafile/seiseki/report/2025/2025-3nakayama4.pdf,official_daily_result_pdf
202506030406,2025,中山,3,4,6,2025-04-06,https://www.jra.go.jp/datafile/seiseki/report/2025/2025-3nakayama4.pdf,official_daily_result_pdf
202506030407,2025,中山,3,4,7,2025-04-06,https://www.jra.go.jp/datafile/seiseki/report/2025/2025-3nakayama4.pdf,official_daily_result_pdf
202506030408,2025,中山,3,4,8,2025-04-06,https://www.jra.go.jp/datafile/seiseki/report/2025/2025-3nakayama4.pdf,official_daily_result_pdf
202506030409,2025,中山,3,4,9,2025-04-06,https://www.jra.go.jp/datafile/seiseki/report/2025/2025-3nakayama4.pdf,official_daily_result_pdf
202506030410,2025,中山,3,4,10,2025-04-06,https://www.jra.go.jp/datafile/seiseki/report/2025/2025-3nakayama4.pdf,official_daily_result_pdf
202506030411,2025,中山,3,4,11,2025-04-06,https://www.jra.go.jp/datafile/seiseki/report/2025/2025-3nakayama4.pdf,official_daily_result_pdf
202506030412,2025,中山,3,4,12,2025-04-06,https://www.jra.go.jp/datafile/seiseki/report/2025/2025-3nakayama4.pdf,official_daily_result_pdf
202506030501,2025,中山,3,5,1,2025-04-12,https://www.jra.go.jp/datafile/seiseki/report/2025/2025-3nakayama5.pdf,official_daily_result_pdf
202506030502,2025,中山,3,5,2,2025-04-12,https://www.jra.go.jp/datafile/seiseki/report/2025/2025-3nakayama5.pdf,official_daily_result_pdf
202506030503,2025,中山,3,5,3,2025-04-12,https://www.jra.go.jp/datafile/seiseki/report/2025/2025-3nakayama5.pdf,official_daily_result_pdf
202506030504,2025,中山,3,5,4,2025-04-12,https://www.jra.go.jp/datafile/seiseki/report/2025/2025-3nakayama5.pdf,official_daily_result_pdf
202506030505,2025,中山,3,5,5,2025-04-12,https://www.jra.go.jp/datafile/seiseki/report/2025/2025-3nakayama5.pdf,official_daily_result_pdf
202506030506,2025,中山,3,5,6,2025-04-12,https://www.jra.go.jp/datafile/seiseki/report/2025/2025-3nakayama5.pdf,official_daily_result_pdf
202506030507,2025,中山,3,5,7,2025-04-12,https://www.jra.go.jp/datafile/seiseki/report/2025/2025-3nakayama5.pdf,official_daily_result_pdf
202506030508,2025,中山,3,5,8,2025-04-12,https://www.jra.go.jp/datafile/seiseki/report/2025/2025-3nakayama5.pdf,official_daily_result_pdf
202506030509,2025,中山,3,5,9,2025-04-12,https://www.jra.go.jp/datafile/seiseki/report/2025/2025-3nakayama5.pdf,official_daily_result_pdf
202506030510,2025,中山,3,5,10,2025-04-12,https://www.jra.go.jp/datafile/seiseki/report/2025/2025-3nakayama5.pdf,official_daily_result_pdf
202506030511,2025,中山,3,5,11,2025-04-12,https://www.jra.go.jp/datafile/seiseki/report/2025/2025-3nakayama5.pdf,official_daily_result_pdf
202506030512,2025,中山,3,5,12,2025-04-12,https://www.jra.go.jp/datafile/seiseki/report/2025/2025-3nakayama5.pdf,official_daily_result_pdf
202506030601,2025,中山,3,6,1,2025-04-13,https://www.jra.go.jp/datafile/seiseki/report/2025/2025-3nakayama6.pdf,official_daily_result_pdf
202506030602,2025,中山,3,6,2,2025-04-13,https://www.jra.go.jp/datafile/seiseki/report/2025/2025-3nakayama6.pdf,official_daily_result_pdf
202506030603,2025,中山,3,6,3,2025-04-13,https://www.jra.go.jp/datafile/seiseki/report/2025/2025-3nakayama6.pdf,official_daily_result_pdf
202506030604,2025,中山,3,6,4,2025-04-13,https://www.jra.go.jp/datafile/seiseki/report/2025/2025-3nakayama6.pdf,official_daily_result_pdf
202506030605,2025,中山,3,6,5,2025-04-13,https://www.jra.go.jp/datafile/seiseki/report/2025/2025-3nakayama6.pdf,official_daily_result_pdf
202506030606,2025,中山,3,6,6,2025-04-13,https://www.jra.go.jp/datafile/seiseki/report/2025/2025-3nakayama6.pdf,official_daily_result_pdf
202506030607,2025,中山,3,6,7,2025-04-13,https://www.jra.go.jp/datafile/seiseki/report/2025/2025-3nakayama6.pdf,official_daily_result_pdf
202506030608,2025,中山,3,6,8,2025-04-13,https://www.jra.go.jp/datafile/seiseki/report/2025/2025-3nakayama6.pdf,official_daily_result_pdf
202506030609,2025,中山,3,6,9,2025-04-13,https://www.jra.go.jp/datafile/seiseki/report/2025/2025-3nakayama6.pdf,official_daily_result_pdf
202506030610,2025,中山,3,6,10,2025-04-13,https://www.jra.go.jp/datafile/seiseki/report/2025/2025-3nakayama6.pdf,official_daily_result_pdf
202506030611,2025,中山,3,6,11,2025-04-13,https://www.jra.go.jp/datafile/seiseki/report/2025/2025-3nakayama6.pdf,official_daily_result_pdf
202506030612,2025,中山,3,6,12,2025-04-13,https://www.jra.go.jp/datafile/seiseki/report/2025/2025-3nakayama6.pdf,official_daily_result_pdf
202506030701,2025,中山,3,7,1,2025-04-19,https://www.jra.go.jp/datafile/seiseki/report/2025/2025-3nakayama7.pdf,official_daily_result_pdf
202506030702,2025,中山,3,7,2,2025-04-19,https://www.jra.go.jp/datafile/seiseki/report/2025/2025-3nakayama7.pdf,official_daily_result_pdf
202506030703,2025,中山,3,7,3,2025-04-19,https://www.jra.go.jp/datafile/seiseki/report/2025/2025-3nakayama7.pdf,official_daily_result_pdf
202506030704,2025,中山,3,7,4,2025-04-19,https://www.jra.go.jp/datafile/seiseki/report/2025/2025-3nakayama7.pdf,official_daily_result_pdf
202506030705,2025,中山,3,7,5,2025-04-19,https://www.jra.go.jp/datafile/seiseki/report/2025/2025-3nakayama7.pdf,official_daily_result_pdf
202506030706,2025,中山,3,7,6,2025-04-19,https://www.jra.go.jp/datafile/seiseki/report/2025/2025-3nakayama7.pdf,official_daily_result_pdf
202506030707,2025,中山,3,7,7,2025-04-19,https://www.jra.go.jp/datafile/seiseki/report/2025/2025-3nakayama7.pdf,official_daily_result_pdf
202506030708,2025,中山,3,7,8,2025-04-19,https://www.jra.go.jp/datafile/seiseki/report/2025/2025-3nakayama7.pdf,official_daily_result_pdf
202506030709,2025,中山,3,7,9,2025-04-19,https://www.jra.go.jp/datafile/seiseki/report/2025/2025-3nakayama7.pdf,official_daily_result_pdf
202506030710,2025,中山,3,7,10,2025-04-19,https://www.jra.go.jp/datafile/seiseki/report/2025/2025-3nakayama7.pdf,official_daily_result_pdf
202506030711,2025,中山,3,7,11,2025-04-19,https://www.jra.go.jp/datafile/seiseki/report/2025/2025-3nakayama7.pdf,official_daily_result_pdf
202506030712,2025,中山,3,7,12,2025-04-19,https://www.jra.go.jp/datafile/seiseki/report/2025/2025-3nakayama7.pdf,official_daily_result_pdf
202506030801,2025,中山,3,8,1,2025-04-20,https://www.jra.go.jp/datafile/seiseki/report/2025/2025-3nakayama8.pdf,official_daily_result_pdf
202506030802,2025,中山,3,8,2,2025-04-20,https://www.jra.go.jp/datafile/seiseki/report/2025/2025-3nakayama8.pdf,official_daily_result_pdf
202506030803,2025,中山,3,8,3,2025-04-20,https://www.jra.go.jp/datafile/seiseki/report/2025/2025-3nakayama8.pdf,official_daily_result_pdf
202506030804,2025,中山,3,8,4,2025-04-20,https://www.jra.go.jp/datafile/seiseki/report/2025/2025-3nakayama8.pdf,official_daily_result_pdf
202506030805,2025,中山,3,8,5,2025-04-20,https://www.jra.go.jp/datafile/seiseki/report/2025/2025-3nakayama8.pdf,official_daily_result_pdf
202506030806,2025,中山,3,8,6,2025-04-20,https://www.jra.go.jp/datafile/seiseki/report/2025/2025-3nakayama8.pdf,official_daily_result_pdf
202506030807,2025,中山,3,8,7,2025-04-20,https://www.jra.go.jp/datafile/seiseki/report/2025/2025-3nakayama8.pdf,official_daily_result_pdf
202506030808,2025,中山,3,8,8,2025-04-20,https://www.jra.go.jp/datafile/seiseki/report/2025/2025-3nakayama8.pdf,official_daily_result_pdf
202506030809,2025,中山,3,8,9,2025-04-20,https://www.jra.go.jp/datafile/seiseki/report/2025/2025-3nakayama8.pdf,official_daily_result_pdf
202506030810,2025,中山,3,8,10,2025-04-20,https://www.jra.go.jp/datafile/seiseki/report/2025/2025-3nakayama8.pdf,official_daily_result_pdf
202506030811,2025,中山,3,8,11,2025-04-20,https://www.jra.go.jp/datafile/seiseki/report/2025/2025-3nakayama8.pdf,official_daily_result_pdf
202506030812,2025,中山,3,8,12,2025-04-20,https://www.jra.go.jp/datafile/seiseki/report/2025/2025-3nakayama8.pdf,official_daily_result_pdf
202506040101,2025,中山,4,1,1,2025-09-06,https://www.jra.go.jp/datafile/seiseki/report/2025/2025-4nakayama1.pdf,official_daily_result_pdf
202506040102,2025,中山,4,1,2,2025-09-06,https://www.jra.go.jp/datafile/seiseki/report/2025/2025-4nakayama1.pdf,official_daily_result_pdf
202506040103,2025,中山,4,1,3,2025-09-06,https://www.jra.go.jp/datafile/seiseki/report/2025/2025-4nakayama1.pdf,official_daily_result_pdf
202506040104,2025,中山,4,1,4,2025-09-06,https://www.jra.go.jp/datafile/seiseki/report/2025/2025-4nakayama1.pdf,official_daily_result_pdf
202506040105,2025,中山,4,1,5,2025-09-06,https://www.jra.go.jp/datafile/seiseki/report/2025/2025-4nakayama1.pdf,official_daily_result_pdf
202506040106,2025,中山,4,1,6,2025-09-06,https://www.jra.go.jp/datafile/seiseki/report/2025/2025-4nakayama1.pdf,official_daily_result_pdf
202506040107,2025,中山,4,1,7,2025-09-06,https://www.jra.go.jp/datafile/seiseki/report/2025/2025-4nakayama1.pdf,official_daily_result_pdf
202506040108,2025,中山,4,1,8,2025-09-06,https://www.jra.go.jp/datafile/seiseki/report/2025/2025-4nakayama1.pdf,official_daily_result_pdf
202506040109,2025,中山,4,1,9,2025-09-06,https://www.jra.go.jp/datafile/seiseki/report/2025/2025-4nakayama1.pdf,official_daily_result_pdf
202506040110,2025,中山,4,1,10,2025-09-06,https://www.jra.go.jp/datafile/seiseki/report/2025/2025-4nakayama1.pdf,official_daily_result_pdf
202506040111,2025,中山,4,1,11,2025-09-06,https://www.jra.go.jp/datafile/seiseki/report/2025/2025-4nakayama1.pdf,official_daily_result_pdf
202506040112,2025,中山,4,1,12,2025-09-06,https://www.jra.go.jp/datafile/seiseki/report/2025/2025-4nakayama1.pdf,official_daily_result_pdf
202506040201,2025,中山,4,2,1,2025-09-07,https://www.jra.go.jp/datafile/seiseki/report/2025/2025-4nakayama2.pdf,official_daily_result_pdf
202506040202,2025,中山,4,2,2,2025-09-07,https://www.jra.go.jp/datafile/seiseki/report/2025/2025-4nakayama2.pdf,official_daily_result_pdf
202506040203,2025,中山,4,2,3,2025-09-07,https://www.jra.go.jp/datafile/seiseki/report/2025/2025-4nakayama2.pdf,official_daily_result_pdf
202506040204,2025,中山,4,2,4,2025-09-07,https://www.jra.go.jp/datafile/seiseki/report/2025/2025-4nakayama2.pdf,official_daily_result_pdf
202506040205,2025,中山,4,2,5,2025-09-07,https://www.jra.go.jp/datafile/seiseki/report/2025/2025-4nakayama2.pdf,official_daily_result_pdf
202506040206,2025,中山,4,2,6,2025-09-07,https://www.jra.go.jp/datafile/seiseki/report/2025/2025-4nakayama2.pdf,official_daily_result_pdf
202506040207,2025,中山,4,2,7,2025-09-07,https://www.jra.go.jp/datafile/seiseki/report/2025/2025-4nakayama2.pdf,official_daily_result_pdf
202506040208,2025,中山,4,2,8,2025-09-07,https://www.jra.go.jp/datafile/seiseki/report/2025/2025-4nakayama2.pdf,official_daily_result_pdf
202506040209,2025,中山,4,2,9,2025-09-07,https://www.jra.go.jp/datafile/seiseki/report/2025/2025-4nakayama2.pdf,official_daily_result_pdf
202506040210,2025,中山,4,2,10,2025-09-07,https://www.jra.go.jp/datafile/seiseki/report/2025/2025-4nakayama2.pdf,official_daily_result_pdf
202506040211,2025,中山,4,2,11,2025-09-07,https://www.jra.go.jp/datafile/seiseki/report/2025/2025-4nakayama2.pdf,official_daily_result_pdf
202506040212,2025,中山,4,2,12,2025-09-07,https://www.jra.go.jp/datafile/seiseki/report/2025/2025-4nakayama2.pdf,official_daily_result_pdf
202506040301,2025,中山,4,3,1,2025-09-13,https://www.jra.go.jp/datafile/seiseki/report/2025/2025-4nakayama3.pdf,official_daily_result_pdf
202506040302,2025,中山,4,3,2,2025-09-13,https://www.jra.go.jp/datafile/seiseki/report/2025/2025-4nakayama3.pdf,official_daily_result_pdf
202506040303,2025,中山,4,3,3,2025-09-13,https://www.jra.go.jp/datafile/seiseki/report/2025/2025-4nakayama3.pdf,official_daily_result_pdf
202506040304,2025,中山,4,3,4,2025-09-13,https://www.jra.go.jp/datafile/seiseki/report/2025/2025-4nakayama3.pdf,official_daily_result_pdf
202506040305,2025,中山,4,3,5,2025-09-13,https://www.jra.go.jp/datafile/seiseki/report/2025/2025-4nakayama3.pdf,official_daily_result_pdf
202506040306,2025,中山,4,3,6,2025-09-13,https://www.jra.go.jp/datafile/seiseki/report/2025/2025-4nakayama3.pdf,official_daily_result_pdf
202506040307,2025,中山,4,3,7,2025-09-13,https://www.jra.go.jp/datafile/seiseki/report/2025/2025-4nakayama3.pdf,official_daily_result_pdf
202506040308,2025,中山,4,3,8,2025-09-13,https://www.jra.go.jp/datafile/seiseki/report/2025/2025-4nakayama3.pdf,official_daily_result_pdf
202506040309,2025,中山,4,3,9,2025-09-13,https://www.jra.go.jp/datafile/seiseki/report/2025/2025-4nakayama3.pdf,official_daily_result_pdf
202506040310,2025,中山,4,3,10,2025-09-13,https://www.jra.go.jp/datafile/seiseki/report/2025/2025-4nakayama3.pdf,official_daily_result_pdf
202506040311,2025,中山,4,3,11,2025-09-13,https://www.jra.go.jp/datafile/seiseki/report/2025/2025-4nakayama3.pdf,official_daily_result_pdf
202506040312,2025,中山,4,3,12,2025-09-13,https://www.jra.go.jp/datafile/seiseki/report/2025/2025-4nakayama3.pdf,official_daily_result_pdf
202506040401,2025,中山,4,4,1,2025-09-14,https://www.jra.go.jp/datafile/seiseki/report/2025/2025-4nakayama4.pdf,official_daily_result_pdf
202506040402,2025,中山,4,4,2,2025-09-14,https://www.jra.go.jp/datafile/seiseki/report/2025/2025-4nakayama4.pdf,official_daily_result_pdf
202506040403,2025,中山,4,4,3,2025-09-14,https://www.jra.go.jp/datafile/seiseki/report/2025/2025-4nakayama4.pdf,official_daily_result_pdf
202506040404,2025,中山,4,4,4,2025-09-14,https://www.jra.go.jp/datafile/seiseki/report/2025/2025-4nakayama4.pdf,official_daily_result_pdf
202506040405,2025,中山,4,4,5,2025-09-14,https://www.jra.go.jp/datafile/seiseki/report/2025/2025-4nakayama4.pdf,official_daily_result_pdf
202506040406,2025,中山,4,4,6,2025-09-14,https://www.jra.go.jp/datafile/seiseki/report/2025/2025-4nakayama4.pdf,official_daily_result_pdf
202506040407,2025,中山,4,4,7,2025-09-14,https://www.jra.go.jp/datafile/seiseki/report/2025/2025-4nakayama4.pdf,official_daily_result_pdf
202506040408,2025,中山,4,4,8,2025-09-14,https://www.jra.go.jp/datafile/seiseki/report/2025/2025-4nakayama4.pdf,official_daily_result_pdf
202506040409,2025,中山,4,4,9,2025-09-14,https://www.jra.go.jp/datafile/seiseki/report/2025/2025-4nakayama4.pdf,official_daily_result_pdf
202506040410,2025,中山,4,4,10,2025-09-14,https://www.jra.go.jp/datafile/seiseki/report/2025/2025-4nakayama4.pdf,official_daily_result_pdf
202506040411,2025,中山,4,4,11,2025-09-14,https://www.jra.go.jp/datafile/seiseki/report/2025/2025-4nakayama4.pdf,official_daily_result_pdf
202506040412,2025,中山,4,4,12,2025-09-14,https://www.jra.go.jp/datafile/seiseki/report/2025/2025-4nakayama4.pdf,official_daily_result_pdf
202506040501,2025,中山,4,5,1,2025-09-15,https://www.jra.go.jp/datafile/seiseki/report/2025/2025-4nakayama5.pdf,official_daily_result_pdf
202506040502,2025,中山,4,5,2,2025-09-15,https://www.jra.go.jp/datafile/seiseki/report/2025/2025-4nakayama5.pdf,official_daily_result_pdf
202506040503,2025,中山,4,5,3,2025-09-15,https://www.jra.go.jp/datafile/seiseki/report/2025/2025-4nakayama5.pdf,official_daily_result_pdf
202506040504,2025,中山,4,5,4,2025-09-15,https://www.jra.go.jp/datafile/seiseki/report/2025/2025-4nakayama5.pdf,official_daily_result_pdf
202506040505,2025,中山,4,5,5,2025-09-15,https://www.jra.go.jp/datafile/seiseki/report/2025/2025-4nakayama5.pdf,official_daily_result_pdf
202506040506,2025,中山,4,5,6,2025-09-15,https://www.jra.go.jp/datafile/seiseki/report/2025/2025-4nakayama5.pdf,official_daily_result_pdf
202506040507,2025,中山,4,5,7,2025-09-15,https://www.jra.go.jp/datafile/seiseki/report/2025/2025-4nakayama5.pdf,official_daily_result_pdf
202506040508,2025,中山,4,5,8,2025-09-15,https://www.jra.go.jp/datafile/seiseki/report/2025/2025-4nakayama5.pdf,official_daily_result_pdf
202506040509,2025,中山,4,5,9,2025-09-15,https://www.jra.go.jp/datafile/seiseki/report/2025/2025-4nakayama5.pdf,official_daily_result_pdf
202506040510,2025,中山,4,5,10,2025-09-15,https://www.jra.go.jp/datafile/seiseki/report/2025/2025-4nakayama5.pdf,official_daily_result_pdf
202506040511,2025,中山,4,5,11,2025-09-15,https://www.jra.go.jp/datafile/seiseki/report/2025/2025-4nakayama5.pdf,official_daily_result_pdf
202506040512,2025,中山,4,5,12,2025-09-15,https://www.jra.go.jp/datafile/seiseki/report/2025/2025-4nakayama5.pdf,official_daily_result_pdf
202506040601,2025,中山,4,6,1,2025-09-20,https://www.jra.go.jp/datafile/seiseki/report/2025/2025-4nakayama6.pdf,official_daily_result_pdf
202506040602,2025,中山,4,6,2,2025-09-20,https://www.jra.go.jp/datafile/seiseki/report/2025/2025-4nakayama6.pdf,official_daily_result_pdf
202506040603,2025,中山,4,6,3,2025-09-20,https://www.jra.go.jp/datafile/seiseki/report/2025/2025-4nakayama6.pdf,official_daily_result_pdf
202506040604,2025,中山,4,6,4,2025-09-20,https://www.jra.go.jp/datafile/seiseki/report/2025/2025-4nakayama6.pdf,official_daily_result_pdf
202506040605,2025,中山,4,6,5,2025-09-20,https://www.jra.go.jp/datafile/seiseki/report/2025/2025-4nakayama6.pdf,official_daily_result_pdf
202506040606,2025,中山,4,6,6,2025-09-20,https://www.jra.go.jp/datafile/seiseki/report/2025/2025-4nakayama6.pdf,official_daily_result_pdf
202506040607,2025,中山,4,6,7,2025-09-20,https://www.jra.go.jp/datafile/seiseki/report/2025/2025-4nakayama6.pdf,official_daily_result_pdf
202506040608,2025,中山,4,6,8,2025-09-20,https://www.jra.go.jp/datafile/seiseki/report/2025/2025-4nakayama6.pdf,official_daily_result_pdf
202506040609,2025,中山,4,6,9,2025-09-20,https://www.jra.go.jp/datafile/seiseki/report/2025/2025-4nakayama6.pdf,official_daily_result_pdf
202506040610,2025,中山,4,6,10,2025-09-20,https://www.jra.go.jp/datafile/seiseki/report/2025/2025-4nakayama6.pdf,official_daily_result_pdf
202506040611,2025,中山,4,6,11,2025-09-20,https://www.jra.go.jp/datafile/seiseki/report/2025/2025-4nakayama6.pdf,official_daily_result_pdf
202506040612,2025,中山,4,6,12,2025-09-20,https://www.jra.go.jp/datafile/seiseki/report/2025/2025-4nakayama6.pdf,official_daily_result_pdf
202506040701,2025,中山,4,7,1,2025-09-21,https://www.jra.go.jp/datafile/seiseki/report/2025/2025-4nakayama7.pdf,official_daily_result_pdf
202506040702,2025,中山,4,7,2,2025-09-21,https://www.jra.go.jp/datafile/seiseki/report/2025/2025-4nakayama7.pdf,official_daily_result_pdf
202506040703,2025,中山,4,7,3,2025-09-21,https://www.jra.go.jp/datafile/seiseki/report/2025/2025-4nakayama7.pdf,official_daily_result_pdf
202506040704,2025,中山,4,7,4,2025-09-21,https://www.jra.go.jp/datafile/seiseki/report/2025/2025-4nakayama7.pdf,official_daily_result_pdf
202506040705,2025,中山,4,7,5,2025-09-21,https://www.jra.go.jp/datafile/seiseki/report/2025/2025-4nakayama7.pdf,official_daily_result_pdf
202506040706,2025,中山,4,7,6,2025-09-21,https://www.jra.go.jp/datafile/seiseki/report/2025/2025-4nakayama7.pdf,official_daily_result_pdf
202506040707,2025,中山,4,7,7,2025-09-21,https://www.jra.go.jp/datafile/seiseki/report/2025/2025-4nakayama7.pdf,official_daily_result_pdf
202506040708,2025,中山,4,7,8,2025-09-21,https://www.jra.go.jp/datafile/seiseki/report/2025/2025-4nakayama7.pdf,official_daily_result_pdf
202506040709,2025,中山,4,7,9,2025-09-21,https://www.jra.go.jp/datafile/seiseki/report/2025/2025-4nakayama7.pdf,official_daily_result_pdf
202506040710,2025,中山,4,7,10,2025-09-21,https://www.jra.go.jp/datafile/seiseki/report/2025/2025-4nakayama7.pdf,official_daily_result_pdf
202506040711,2025,中山,4,7,11,2025-09-21,https://www.jra.go.jp/datafile/seiseki/report/2025/2025-4nakayama7.pdf,official_daily_result_pdf
202506040712,2025,中山,4,7,12,2025-09-21,https://www.jra.go.jp/datafile/seiseki/report/2025/2025-4nakayama7.pdf,official_daily_result_pdf
202506040801,2025,中山,4,8,1,2025-09-27,https://www.jra.go.jp/datafile/seiseki/report/2025/2025-4nakayama8.pdf,official_daily_result_pdf
202506040802,2025,中山,4,8,2,2025-09-27,https://www.jra.go.jp/datafile/seiseki/report/2025/2025-4nakayama8.pdf,official_daily_result_pdf
202506040803,2025,中山,4,8,3,2025-09-27,https://www.jra.go.jp/datafile/seiseki/report/2025/2025-4nakayama8.pdf,official_daily_result_pdf
202506040804,2025,中山,4,8,4,2025-09-27,https://www.jra.go.jp/datafile/seiseki/report/2025/2025-4nakayama8.pdf,official_daily_result_pdf
202506040805,2025,中山,4,8,5,2025-09-27,https://www.jra.go.jp/datafile/seiseki/report/2025/2025-4nakayama8.pdf,official_daily_result_pdf
202506040806,2025,中山,4,8,6,2025-09-27,https://www.jra.go.jp/datafile/seiseki/report/2025/2025-4nakayama8.pdf,official_daily_result_pdf
202506040807,2025,中山,4,8,7,2025-09-27,https://www.jra.go.jp/datafile/seiseki/report/2025/2025-4nakayama8.pdf,official_daily_result_pdf
202506040808,2025,中山,4,8,8,2025-09-27,https://www.jra.go.jp/datafile/seiseki/report/2025/2025-4nakayama8.pdf,official_daily_result_pdf
202506040809,2025,中山,4,8,9,2025-09-27,https://www.jra.go.jp/datafile/seiseki/report/2025/2025-4nakayama8.pdf,official_daily_result_pdf
202506040810,2025,中山,4,8,10,2025-09-27,https://www.jra.go.jp/datafile/seiseki/report/2025/2025-4nakayama8.pdf,official_daily_result_pdf
202506040811,2025,中山,4,8,11,2025-09-27,https://www.jra.go.jp/datafile/seiseki/report/2025/2025-4nakayama8.pdf,official_daily_result_pdf
202506040812,2025,中山,4,8,12,2025-09-27,https://www.jra.go.jp/datafile/seiseki/report/2025/2025-4nakayama8.pdf,official_daily_result_pdf
202506040901,2025,中山,4,9,1,2025-09-28,https://www.jra.go.jp/datafile/seiseki/report/2025/2025-4nakayama9.pdf,official_daily_result_pdf
202506040902,2025,中山,4,9,2,2025-09-28,https://www.jra.go.jp/datafile/seiseki/report/2025/2025-4nakayama9.pdf,official_daily_result_pdf
202506040903,2025,中山,4,9,3,2025-09-28,https://www.jra.go.jp/datafile/seiseki/report/2025/2025-4nakayama9.pdf,official_daily_result_pdf
202506040904,2025,中山,4,9,4,2025-09-28,https://www.jra.go.jp/datafile/seiseki/report/2025/2025-4nakayama9.pdf,official_daily_result_pdf
202506040905,2025,中山,4,9,5,2025-09-28,https://www.jra.go.jp/datafile/seiseki/report/2025/2025-4nakayama9.pdf,official_daily_result_pdf
202506040906,2025,中山,4,9,6,2025-09-28,https://www.jra.go.jp/datafile/seiseki/report/2025/2025-4nakayama9.pdf,official_daily_result_pdf
202506040907,2025,中山,4,9,7,2025-09-28,https://www.jra.go.jp/datafile/seiseki/report/2025/2025-4nakayama9.pdf,official_daily_result_pdf
202506040908,2025,中山,4,9,8,2025-09-28,https://www.jra.go.jp/datafile/seiseki/report/2025/2025-4nakayama9.pdf,official_daily_result_pdf
202506040909,2025,中山,4,9,9,2025-09-28,https://www.jra.go.jp/datafile/seiseki/report/2025/2025-4nakayama9.pdf,official_daily_result_pdf
202506040910,2025,中山,4,9,10,2025-09-28,https://www.jra.go.jp/datafile/seiseki/report/2025/2025-4nakayama9.pdf,official_daily_result_pdf
202506040911,2025,中山,4,9,11,2025-09-28,https://www.jra.go.jp/datafile/seiseki/report/2025/2025-4nakayama9.pdf,official_daily_result_pdf
202506040912,2025,中山,4,9,12,2025-09-28,https://www.jra.go.jp/datafile/seiseki/report/2025/2025-4nakayama9.pdf,official_daily_result_pdf
202506050101,2025,中山,5,1,1,2025-12-06,https://www.jra.go.jp/datafile/seiseki/report/2025/2025-5nakayama1.pdf,official_daily_result_pdf
202506050102,2025,中山,5,1,2,2025-12-06,https://www.jra.go.jp/datafile/seiseki/report/2025/2025-5nakayama1.pdf,official_daily_result_pdf
202506050103,2025,中山,5,1,3,2025-12-06,https://www.jra.go.jp/datafile/seiseki/report/2025/2025-5nakayama1.pdf,official_daily_result_pdf
202506050104,2025,中山,5,1,4,2025-12-06,https://www.jra.go.jp/datafile/seiseki/report/2025/2025-5nakayama1.pdf,official_daily_result_pdf
202506050105,2025,中山,5,1,5,2025-12-06,https://www.jra.go.jp/datafile/seiseki/report/2025/2025-5nakayama1.pdf,official_daily_result_pdf
202506050106,2025,中山,5,1,6,2025-12-06,https://www.jra.go.jp/datafile/seiseki/report/2025/2025-5nakayama1.pdf,official_daily_result_pdf
202506050107,2025,中山,5,1,7,2025-12-06,https://www.jra.go.jp/datafile/seiseki/report/2025/2025-5nakayama1.pdf,official_daily_result_pdf
202506050108,2025,中山,5,1,8,2025-12-06,https://www.jra.go.jp/datafile/seiseki/report/2025/2025-5nakayama1.pdf,official_daily_result_pdf
202506050109,2025,中山,5,1,9,2025-12-06,https://www.jra.go.jp/datafile/seiseki/report/2025/2025-5nakayama1.pdf,official_daily_result_pdf
202506050110,2025,中山,5,1,10,2025-12-06,https://www.jra.go.jp/datafile/seiseki/report/2025/2025-5nakayama1.pdf,official_daily_result_pdf
202506050111,2025,中山,5,1,11,2025-12-06,https://www.jra.go.jp/datafile/seiseki/report/2025/2025-5nakayama1.pdf,official_daily_result_pdf
202506050112,2025,中山,5,1,12,2025-12-06,https://www.jra.go.jp/datafile/seiseki/report/2025/2025-5nakayama1.pdf,official_daily_result_pdf
202506050201,2025,中山,5,2,1,2025-12-07,https://www.jra.go.jp/datafile/seiseki/report/2025/2025-5nakayama2.pdf,official_daily_result_pdf
202506050202,2025,中山,5,2,2,2025-12-07,https://www.jra.go.jp/datafile/seiseki/report/2025/2025-5nakayama2.pdf,official_daily_result_pdf
202506050203,2025,中山,5,2,3,2025-12-07,https://www.jra.go.jp/datafile/seiseki/report/2025/2025-5nakayama2.pdf,official_daily_result_pdf
202506050204,2025,中山,5,2,4,2025-12-07,https://www.jra.go.jp/datafile/seiseki/report/2025/2025-5nakayama2.pdf,official_daily_result_pdf
202506050205,2025,中山,5,2,5,2025-12-07,https://www.jra.go.jp/datafile/seiseki/report/2025/2025-5nakayama2.pdf,official_daily_result_pdf
202506050206,2025,中山,5,2,6,2025-12-07,https://www.jra.go.jp/datafile/seiseki/report/2025/2025-5nakayama2.pdf,official_daily_result_pdf
202506050207,2025,中山,5,2,7,2025-12-07,https://www.jra.go.jp/datafile/seiseki/report/2025/2025-5nakayama2.pdf,official_daily_result_pdf
202506050208,2025,中山,5,2,8,2025-12-07,https://www.jra.go.jp/datafile/seiseki/report/2025/2025-5nakayama2.pdf,official_daily_result_pdf
202506050209,2025,中山,5,2,9,2025-12-07,https://www.jra.go.jp/datafile/seiseki/report/2025/2025-5nakayama2.pdf,official_daily_result_pdf
202506050210,2025,中山,5,2,10,2025-12-07,https://www.jra.go.jp/datafile/seiseki/report/2025/2025-5nakayama2.pdf,official_daily_result_pdf
202506050211,2025,中山,5,2,11,2025-12-07,https://www.jra.go.jp/datafile/seiseki/report/2025/2025-5nakayama2.pdf,official_daily_result_pdf
202506050212,2025,中山,5,2,12,2025-12-07,https://www.jra.go.jp/datafile/seiseki/report/2025/2025-5nakayama2.pdf,official_daily_result_pdf
202506050301,2025,中山,5,3,1,2025-12-13,https://www.jra.go.jp/datafile/seiseki/report/2025/2025-5nakayama3.pdf,official_daily_result_pdf
202506050302,2025,中山,5,3,2,2025-12-13,https://www.jra.go.jp/datafile/seiseki/report/2025/2025-5nakayama3.pdf,official_daily_result_pdf
202506050303,2025,中山,5,3,3,2025-12-13,https://www.jra.go.jp/datafile/seiseki/report/2025/2025-5nakayama3.pdf,official_daily_result_pdf
202506050304,2025,中山,5,3,4,2025-12-13,https://www.jra.go.jp/datafile/seiseki/report/2025/2025-5nakayama3.pdf,official_daily_result_pdf
202506050305,2025,中山,5,3,5,2025-12-13,https://www.jra.go.jp/datafile/seiseki/report/2025/2025-5nakayama3.pdf,official_daily_result_pdf
202506050306,2025,中山,5,3,6,2025-12-13,https://www.jra.go.jp/datafile/seiseki/report/2025/2025-5nakayama3.pdf,official_daily_result_pdf
202506050307,2025,中山,5,3,7,2025-12-13,https://www.jra.go.jp/datafile/seiseki/report/2025/2025-5nakayama3.pdf,official_daily_result_pdf
202506050308,2025,中山,5,3,8,2025-12-13,https://www.jra.go.jp/datafile/seiseki/report/2025/2025-5nakayama3.pdf,official_daily_result_pdf
202506050309,2025,中山,5,3,9,2025-12-13,https://www.jra.go.jp/datafile/seiseki/report/2025/2025-5nakayama3.pdf,official_daily_result_pdf
202506050310,2025,中山,5,3,10,2025-12-13,https://www.jra.go.jp/datafile/seiseki/report/2025/2025-5nakayama3.pdf,official_daily_result_pdf
202506050311,2025,中山,5,3,11,2025-12-13,https://www.jra.go.jp/datafile/seiseki/report/2025/2025-5nakayama3.pdf,official_daily_result_pdf
202506050312,2025,中山,5,3,12,2025-12-13,https://www.jra.go.jp/datafile/seiseki/report/2025/2025-5nakayama3.pdf,official_daily_result_pdf
202506050401,2025,中山,5,4,1,2025-12-14,https://www.jra.go.jp/datafile/seiseki/report/2025/2025-5nakayama4.pdf,official_daily_result_pdf
202506050402,2025,中山,5,4,2,2025-12-14,https://www.jra.go.jp/datafile/seiseki/report/2025/2025-5nakayama4.pdf,official_daily_result_pdf
202506050403,2025,中山,5,4,3,2025-12-14,https://www.jra.go.jp/datafile/seiseki/report/2025/2025-5nakayama4.pdf,official_daily_result_pdf
202506050404,2025,中山,5,4,4,2025-12-14,https://www.jra.go.jp/datafile/seiseki/report/2025/2025-5nakayama4.pdf,official_daily_result_pdf
202506050405,2025,中山,5,4,5,2025-12-14,https://www.jra.go.jp/datafile/seiseki/report/2025/2025-5nakayama4.pdf,official_daily_result_pdf
202506050406,2025,中山,5,4,6,2025-12-14,https://www.jra.go.jp/datafile/seiseki/report/2025/2025-5nakayama4.pdf,official_daily_result_pdf
202506050407,2025,中山,5,4,7,2025-12-14,https://www.jra.go.jp/datafile/seiseki/report/2025/2025-5nakayama4.pdf,official_daily_result_pdf
202506050408,2025,中山,5,4,8,2025-12-14,https://www.jra.go.jp/datafile/seiseki/report/2025/2025-5nakayama4.pdf,official_daily_result_pdf
202506050409,2025,中山,5,4,9,2025-12-14,https://www.jra.go.jp/datafile/seiseki/report/2025/2025-5nakayama4.pdf,official_daily_result_pdf
202506050410,2025,中山,5,4,10,2025-12-14,https://www.jra.go.jp/datafile/seiseki/report/2025/2025-5nakayama4.pdf,official_daily_result_pdf
202506050411,2025,中山,5,4,11,2025-12-14,https://www.jra.go.jp/datafile/seiseki/report/2025/2025-5nakayama4.pdf,official_daily_result_pdf
202506050412,2025,中山,5,4,12,2025-12-14,https://www.jra.go.jp/datafile/seiseki/report/2025/2025-5nakayama4.pdf,official_daily_result_pdf
202506050501,2025,中山,5,5,1,2025-12-20,https://www.jra.go.jp/datafile/seiseki/report/2025/2025-5nakayama5.pdf,official_daily_result_pdf
202506050502,2025,中山,5,5,2,2025-12-20,https://www.jra.go.jp/datafile/seiseki/report/2025/2025-5nakayama5.pdf,official_daily_result_pdf
202506050503,2025,中山,5,5,3,2025-12-20,https://www.jra.go.jp/datafile/seiseki/report/2025/2025-5nakayama5.pdf,official_daily_result_pdf
202506050504,2025,中山,5,5,4,2025-12-20,https://www.jra.go.jp/datafile/seiseki/report/2025/2025-5nakayama5.pdf,official_daily_result_pdf
202506050505,2025,中山,5,5,5,2025-12-20,https://www.jra.go.jp/datafile/seiseki/report/2025/2025-5nakayama5.pdf,official_daily_result_pdf
202506050506,2025,中山,5,5,6,2025-12-20,https://www.jra.go.jp/datafile/seiseki/report/2025/2025-5nakayama5.pdf,official_daily_result_pdf
202506050507,2025,中山,5,5,7,2025-12-20,https://www.jra.go.jp/datafile/seiseki/report/2025/2025-5nakayama5.pdf,official_daily_result_pdf
202506050508,2025,中山,5,5,8,2025-12-20,https://www.jra.go.jp/datafile/seiseki/report/2025/2025-5nakayama5.pdf,official_daily_result_pdf
202506050509,2025,中山,5,5,9,2025-12-20,https://www.jra.go.jp/datafile/seiseki/report/2025/2025-5nakayama5.pdf,official_daily_result_pdf
202506050510,2025,中山,5,5,10,2025-12-20,https://www.jra.go.jp/datafile/seiseki/report/2025/2025-5nakayama5.pdf,official_daily_result_pdf
202506050511,2025,中山,5,5,11,2025-12-20,https://www.jra.go.jp/datafile/seiseki/report/2025/2025-5nakayama5.pdf,official_daily_result_pdf
202506050512,2025,中山,5,5,12,2025-12-20,https://www.jra.go.jp/datafile/seiseki/report/2025/2025-5nakayama5.pdf,official_daily_result_pdf
202506050601,2025,中山,5,6,1,2025-12-21,https://www.jra.go.jp/datafile/seiseki/report/2025/2025-5nakayama6.pdf,official_daily_result_pdf
202506050602,2025,中山,5,6,2,2025-12-21,https://www.jra.go.jp/datafile/seiseki/report/2025/2025-5nakayama6.pdf,official_daily_result_pdf
202506050603,2025,中山,5,6,3,2025-12-21,https://www.jra.go.jp/datafile/seiseki/report/2025/2025-5nakayama6.pdf,official_daily_result_pdf
202506050604,2025,中山,5,6,4,2025-12-21,https://www.jra.go.jp/datafile/seiseki/report/2025/2025-5nakayama6.pdf,official_daily_result_pdf
202506050605,2025,中山,5,6,5,2025-12-21,https://www.jra.go.jp/datafile/seiseki/report/2025/2025-5nakayama6.pdf,official_daily_result_pdf
202506050606,2025,中山,5,6,6,2025-12-21,https://www.jra.go.jp/datafile/seiseki/report/2025/2025-5nakayama6.pdf,official_daily_result_pdf
202506050607,2025,中山,5,6,7,2025-12-21,https://www.jra.go.jp/datafile/seiseki/report/2025/2025-5nakayama6.pdf,official_daily_result_pdf
202506050608,2025,中山,5,6,8,2025-12-21,https://www.jra.go.jp/datafile/seiseki/report/2025/2025-5nakayama6.pdf,official_daily_result_pdf
202506050609,2025,中山,5,6,9,2025-12-21,https://www.jra.go.jp/datafile/seiseki/report/2025/2025-5nakayama6.pdf,official_daily_result_pdf
202506050610,2025,中山,5,6,10,2025-12-21,https://www.jra.go.jp/datafile/seiseki/report/2025/2025-5nakayama6.pdf,official_daily_result_pdf
202506050611,2025,中山,5,6,11,2025-12-21,https://www.jra.go.jp/datafile/seiseki/report/2025/2025-5nakayama6.pdf,official_daily_result_pdf
202506050612,2025,中山,5,6,12,2025-12-21,https://www.jra.go.jp/datafile/seiseki/report/2025/2025-5nakayama6.pdf,official_daily_result_pdf
202506050701,2025,中山,5,7,1,2025-12-27,https://www.jra.go.jp/JRADB/accessS.html?CNAME=pw01sde1006202505070120251227/A2,official_jradb_supplement
202506050702,2025,中山,5,7,2,2025-12-27,https://www.jra.go.jp/JRADB/accessS.html?CNAME=pw01sde1006202505070220251227/57,official_jradb_supplement
202506050703,2025,中山,5,7,3,2025-12-27,https://www.jra.go.jp/JRADB/accessS.html?CNAME=pw01sde1006202505070320251227/0C,official_jradb_supplement
202506050704,2025,中山,5,7,4,2025-12-27,https://www.jra.go.jp/JRADB/accessS.html?CNAME=pw01sde1006202505070420251227/C1,official_jradb_supplement
202506050705,2025,中山,5,7,5,2025-12-27,https://www.jra.go.jp/JRADB/accessS.html?CNAME=pw01sde1006202505070520251227/76,official_jradb_supplement
202506050706,2025,中山,5,7,6,2025-12-27,https://www.jra.go.jp/JRADB/accessS.html?CNAME=pw01sde1006202505070620251227/2B,official_jradb_supplement
202506050707,2025,中山,5,7,7,2025-12-27,https://www.jra.go.jp/JRADB/accessS.html?CNAME=pw01sde1006202505070720251227/E0,official_jradb_supplement
202506050708,2025,中山,5,7,8,2025-12-27,https://www.jra.go.jp/JRADB/accessS.html?CNAME=pw01sde1006202505070820251227/95,official_jradb_supplement
202506050709,2025,中山,5,7,9,2025-12-27,https://www.jra.go.jp/JRADB/accessS.html?CNAME=pw01sde1006202505070920251227/4A,official_jradb_supplement
202506050710,2025,中山,5,7,10,2025-12-27,https://www.jra.go.jp/JRADB/accessS.html?CNAME=pw01sde1006202505071020251227/3F,official_jradb_supplement
202506050711,2025,中山,5,7,11,2025-12-27,https://www.jra.go.jp/JRADB/accessS.html?CNAME=pw01sde1006202505071120251227/F4,official_jradb_supplement
202506050712,2025,中山,5,7,12,2025-12-27,https://www.jra.go.jp/JRADB/accessS.html?CNAME=pw01sde1006202505071220251227/A9,official_jradb_supplement
202506050801,2025,中山,5,8,1,2025-12-28,https://www.jra.go.jp/JRADB/accessS.html?CNAME=pw01sde1006202505080120251228/D2,official_jradb_supplement
202506050802,2025,中山,5,8,2,2025-12-28,https://www.jra.go.jp/JRADB/accessS.html?CNAME=pw01sde1006202505080220251228/87,official_jradb_supplement
202506050803,2025,中山,5,8,3,2025-12-28,https://www.jra.go.jp/JRADB/accessS.html?CNAME=pw01sde1006202505080320251228/3C,official_jradb_supplement
202506050804,2025,中山,5,8,4,2025-12-28,https://www.jra.go.jp/JRADB/accessS.html?CNAME=pw01sde1006202505080420251228/F1,official_jradb_supplement
202506050805,2025,中山,5,8,5,2025-12-28,https://www.jra.go.jp/JRADB/accessS.html?CNAME=pw01sde1006202505080520251228/A6,official_jradb_supplement
202506050806,2025,中山,5,8,6,2025-12-28,https://www.jra.go.jp/JRADB/accessS.html?CNAME=pw01sde1006202505080620251228/5B,official_jradb_supplement
202506050807,2025,中山,5,8,7,2025-12-28,https://www.jra.go.jp/JRADB/accessS.html?CNAME=pw01sde1006202505080720251228/10,official_jradb_supplement
202506050808,2025,中山,5,8,8,2025-12-28,https://www.jra.go.jp/JRADB/accessS.html?CNAME=pw01sde1006202505080820251228/C5,official_jradb_supplement
202506050809,2025,中山,5,8,9,2025-12-28,https://www.jra.go.jp/JRADB/accessS.html?CNAME=pw01sde1006202505080920251228/7A,official_jradb_supplement
202506050810,2025,中山,5,8,10,2025-12-28,https://www.jra.go.jp/JRADB/accessS.html?CNAME=pw01sde1006202505081020251228/6F,official_jradb_supplement
202506050811,2025,中山,5,8,11,2025-12-28,https://www.jra.go.jp/JRADB/accessS.html?CNAME=pw01sde1006202505081120251228/24,official_jradb_supplement
202506050812,2025,中山,5,8,12,2025-12-28,https://www.jra.go.jp/JRADB/accessS.html?CNAME=pw01sde1006202505081220251228/D9,official_jradb_supplement
202507010101,2025,中京,1,1,1,2025-01-05,https://www.jra.go.jp/datafile/seiseki/report/2025/2025-1chukyo1.pdf,official_daily_result_pdf
202507010102,2025,中京,1,1,2,2025-01-05,https://www.jra.go.jp/datafile/seiseki/report/2025/2025-1chukyo1.pdf,official_daily_result_pdf
202507010103,2025,中京,1,1,3,2025-01-05,https://www.jra.go.jp/datafile/seiseki/report/2025/2025-1chukyo1.pdf,official_daily_result_pdf
202507010104,2025,中京,1,1,4,2025-01-05,https://www.jra.go.jp/datafile/seiseki/report/2025/2025-1chukyo1.pdf,official_daily_result_pdf
202507010105,2025,中京,1,1,5,2025-01-05,https://www.jra.go.jp/datafile/seiseki/report/2025/2025-1chukyo1.pdf,official_daily_result_pdf
202507010106,2025,中京,1,1,6,2025-01-05,https://www.jra.go.jp/datafile/seiseki/report/2025/2025-1chukyo1.pdf,official_daily_result_pdf
202507010107,2025,中京,1,1,7,2025-01-05,https://www.jra.go.jp/datafile/seiseki/report/2025/2025-1chukyo1.pdf,official_daily_result_pdf
202507010108,2025,中京,1,1,8,2025-01-05,https://www.jra.go.jp/datafile/seiseki/report/2025/2025-1chukyo1.pdf,official_daily_result_pdf
202507010109,2025,中京,1,1,9,2025-01-05,https://www.jra.go.jp/datafile/seiseki/report/2025/2025-1chukyo1.pdf,official_daily_result_pdf
202507010110,2025,中京,1,1,10,2025-01-05,https://www.jra.go.jp/datafile/seiseki/report/2025/2025-1chukyo1.pdf,official_daily_result_pdf
202507010111,2025,中京,1,1,11,2025-01-05,https://www.jra.go.jp/datafile/seiseki/report/2025/2025-1chukyo1.pdf,official_daily_result_pdf
202507010112,2025,中京,1,1,12,2025-01-05,https://www.jra.go.jp/datafile/seiseki/report/2025/2025-1chukyo1.pdf,official_daily_result_pdf
202507010201,2025,中京,1,2,1,2025-01-06,https://www.jra.go.jp/datafile/seiseki/report/2025/2025-1chukyo2.pdf,official_daily_result_pdf
202507010202,2025,中京,1,2,2,2025-01-06,https://www.jra.go.jp/datafile/seiseki/report/2025/2025-1chukyo2.pdf,official_daily_result_pdf
202507010203,2025,中京,1,2,3,2025-01-06,https://www.jra.go.jp/datafile/seiseki/report/2025/2025-1chukyo2.pdf,official_daily_result_pdf
202507010204,2025,中京,1,2,4,2025-01-06,https://www.jra.go.jp/datafile/seiseki/report/2025/2025-1chukyo2.pdf,official_daily_result_pdf
202507010205,2025,中京,1,2,5,2025-01-06,https://www.jra.go.jp/datafile/seiseki/report/2025/2025-1chukyo2.pdf,official_daily_result_pdf
202507010206,2025,中京,1,2,6,2025-01-06,https://www.jra.go.jp/datafile/seiseki/report/2025/2025-1chukyo2.pdf,official_daily_result_pdf
202507010207,2025,中京,1,2,7,2025-01-06,https://www.jra.go.jp/datafile/seiseki/report/2025/2025-1chukyo2.pdf,official_daily_result_pdf
202507010208,2025,中京,1,2,8,2025-01-06,https://www.jra.go.jp/datafile/seiseki/report/2025/2025-1chukyo2.pdf,official_daily_result_pdf
202507010209,2025,中京,1,2,9,2025-01-06,https://www.jra.go.jp/datafile/seiseki/report/2025/2025-1chukyo2.pdf,official_daily_result_pdf
202507010210,2025,中京,1,2,10,2025-01-06,https://www.jra.go.jp/datafile/seiseki/report/2025/2025-1chukyo2.pdf,official_daily_result_pdf
202507010211,2025,中京,1,2,11,2025-01-06,https://www.jra.go.jp/datafile/seiseki/report/2025/2025-1chukyo2.pdf,official_daily_result_pdf
202507010212,2025,中京,1,2,12,2025-01-06,https://www.jra.go.jp/datafile/seiseki/report/2025/2025-1chukyo2.pdf,official_daily_result_pdf
202507010301,2025,中京,1,3,1,2025-01-11,https://www.jra.go.jp/datafile/seiseki/report/2025/2025-1chukyo3.pdf,official_daily_result_pdf
202507010302,2025,中京,1,3,2,2025-01-11,https://www.jra.go.jp/datafile/seiseki/report/2025/2025-1chukyo3.pdf,official_daily_result_pdf
202507010303,2025,中京,1,3,3,2025-01-11,https://www.jra.go.jp/datafile/seiseki/report/2025/2025-1chukyo3.pdf,official_daily_result_pdf
202507010304,2025,中京,1,3,4,2025-01-11,https://www.jra.go.jp/datafile/seiseki/report/2025/2025-1chukyo3.pdf,official_daily_result_pdf
202507010305,2025,中京,1,3,5,2025-01-11,https://www.jra.go.jp/datafile/seiseki/report/2025/2025-1chukyo3.pdf,official_daily_result_pdf
202507010306,2025,中京,1,3,6,2025-01-11,https://www.jra.go.jp/datafile/seiseki/report/2025/2025-1chukyo3.pdf,official_daily_result_pdf
202507010307,2025,中京,1,3,7,2025-01-11,https://www.jra.go.jp/datafile/seiseki/report/2025/2025-1chukyo3.pdf,official_daily_result_pdf
202507010308,2025,中京,1,3,8,2025-01-11,https://www.jra.go.jp/datafile/seiseki/report/2025/2025-1chukyo3.pdf,official_daily_result_pdf
202507010309,2025,中京,1,3,9,2025-01-11,https://www.jra.go.jp/datafile/seiseki/report/2025/2025-1chukyo3.pdf,official_daily_result_pdf
202507010310,2025,中京,1,3,10,2025-01-11,https://www.jra.go.jp/datafile/seiseki/report/2025/2025-1chukyo3.pdf,official_daily_result_pdf
202507010311,2025,中京,1,3,11,2025-01-11,https://www.jra.go.jp/datafile/seiseki/report/2025/2025-1chukyo3.pdf,official_daily_result_pdf
202507010312,2025,中京,1,3,12,2025-01-11,https://www.jra.go.jp/datafile/seiseki/report/2025/2025-1chukyo3.pdf,official_daily_result_pdf
202507010401,2025,中京,1,4,1,2025-01-12,https://www.jra.go.jp/datafile/seiseki/report/2025/2025-1chukyo4.pdf,official_daily_result_pdf
202507010402,2025,中京,1,4,2,2025-01-12,https://www.jra.go.jp/datafile/seiseki/report/2025/2025-1chukyo4.pdf,official_daily_result_pdf
202507010403,2025,中京,1,4,3,2025-01-12,https://www.jra.go.jp/datafile/seiseki/report/2025/2025-1chukyo4.pdf,official_daily_result_pdf
202507010404,2025,中京,1,4,4,2025-01-12,https://www.jra.go.jp/datafile/seiseki/report/2025/2025-1chukyo4.pdf,official_daily_result_pdf
202507010405,2025,中京,1,4,5,2025-01-12,https://www.jra.go.jp/datafile/seiseki/report/2025/2025-1chukyo4.pdf,official_daily_result_pdf
202507010406,2025,中京,1,4,6,2025-01-12,https://www.jra.go.jp/datafile/seiseki/report/2025/2025-1chukyo4.pdf,official_daily_result_pdf
202507010407,2025,中京,1,4,7,2025-01-12,https://www.jra.go.jp/datafile/seiseki/report/2025/2025-1chukyo4.pdf,official_daily_result_pdf
202507010408,2025,中京,1,4,8,2025-01-12,https://www.jra.go.jp/datafile/seiseki/report/2025/2025-1chukyo4.pdf,official_daily_result_pdf
202507010409,2025,中京,1,4,9,2025-01-12,https://www.jra.go.jp/datafile/seiseki/report/2025/2025-1chukyo4.pdf,official_daily_result_pdf
202507010410,2025,中京,1,4,10,2025-01-12,https://www.jra.go.jp/datafile/seiseki/report/2025/2025-1chukyo4.pdf,official_daily_result_pdf
202507010411,2025,中京,1,4,11,2025-01-12,https://www.jra.go.jp/datafile/seiseki/report/2025/2025-1chukyo4.pdf,official_daily_result_pdf
202507010412,2025,中京,1,4,12,2025-01-12,https://www.jra.go.jp/datafile/seiseki/report/2025/2025-1chukyo4.pdf,official_daily_result_pdf
202507010501,2025,中京,1,5,1,2025-01-13,https://www.jra.go.jp/datafile/seiseki/report/2025/2025-1chukyo5.pdf,official_daily_result_pdf
202507010502,2025,中京,1,5,2,2025-01-13,https://www.jra.go.jp/datafile/seiseki/report/2025/2025-1chukyo5.pdf,official_daily_result_pdf
202507010503,2025,中京,1,5,3,2025-01-13,https://www.jra.go.jp/datafile/seiseki/report/2025/2025-1chukyo5.pdf,official_daily_result_pdf
202507010504,2025,中京,1,5,4,2025-01-13,https://www.jra.go.jp/datafile/seiseki/report/2025/2025-1chukyo5.pdf,official_daily_result_pdf
202507010505,2025,中京,1,5,5,2025-01-13,https://www.jra.go.jp/datafile/seiseki/report/2025/2025-1chukyo5.pdf,official_daily_result_pdf
202507010506,2025,中京,1,5,6,2025-01-13,https://www.jra.go.jp/datafile/seiseki/report/2025/2025-1chukyo5.pdf,official_daily_result_pdf
202507010507,2025,中京,1,5,7,2025-01-13,https://www.jra.go.jp/datafile/seiseki/report/2025/2025-1chukyo5.pdf,official_daily_result_pdf
202507010508,2025,中京,1,5,8,2025-01-13,https://www.jra.go.jp/datafile/seiseki/report/2025/2025-1chukyo5.pdf,official_daily_result_pdf
202507010509,2025,中京,1,5,9,2025-01-13,https://www.jra.go.jp/datafile/seiseki/report/2025/2025-1chukyo5.pdf,official_daily_result_pdf
202507010510,2025,中京,1,5,10,2025-01-13,https://www.jra.go.jp/datafile/seiseki/report/2025/2025-1chukyo5.pdf,official_daily_result_pdf
202507010511,2025,中京,1,5,11,2025-01-13,https://www.jra.go.jp/datafile/seiseki/report/2025/2025-1chukyo5.pdf,official_daily_result_pdf
202507010512,2025,中京,1,5,12,2025-01-13,https://www.jra.go.jp/datafile/seiseki/report/2025/2025-1chukyo5.pdf,official_daily_result_pdf
202507010601,2025,中京,1,6,1,2025-01-18,https://www.jra.go.jp/datafile/seiseki/report/2025/2025-1chukyo6.pdf,official_daily_result_pdf
202507010602,2025,中京,1,6,2,2025-01-18,https://www.jra.go.jp/datafile/seiseki/report/2025/2025-1chukyo6.pdf,official_daily_result_pdf
202507010603,2025,中京,1,6,3,2025-01-18,https://www.jra.go.jp/datafile/seiseki/report/2025/2025-1chukyo6.pdf,official_daily_result_pdf
202507010604,2025,中京,1,6,4,2025-01-18,https://www.jra.go.jp/datafile/seiseki/report/2025/2025-1chukyo6.pdf,official_daily_result_pdf
202507010605,2025,中京,1,6,5,2025-01-18,https://www.jra.go.jp/datafile/seiseki/report/2025/2025-1chukyo6.pdf,official_daily_result_pdf
202507010606,2025,中京,1,6,6,2025-01-18,https://www.jra.go.jp/datafile/seiseki/report/2025/2025-1chukyo6.pdf,official_daily_result_pdf
202507010607,2025,中京,1,6,7,2025-01-18,https://www.jra.go.jp/datafile/seiseki/report/2025/2025-1chukyo6.pdf,official_daily_result_pdf
202507010608,2025,中京,1,6,8,2025-01-18,https://www.jra.go.jp/datafile/seiseki/report/2025/2025-1chukyo6.pdf,official_daily_result_pdf
202507010609,2025,中京,1,6,9,2025-01-18,https://www.jra.go.jp/datafile/seiseki/report/2025/2025-1chukyo6.pdf,official_daily_result_pdf
202507010610,2025,中京,1,6,10,2025-01-18,https://www.jra.go.jp/datafile/seiseki/report/2025/2025-1chukyo6.pdf,official_daily_result_pdf
202507010611,2025,中京,1,6,11,2025-01-18,https://www.jra.go.jp/datafile/seiseki/report/2025/2025-1chukyo6.pdf,official_daily_result_pdf
202507010612,2025,中京,1,6,12,2025-01-18,https://www.jra.go.jp/datafile/seiseki/report/2025/2025-1chukyo6.pdf,official_daily_result_pdf
202507010701,2025,中京,1,7,1,2025-01-19,https://www.jra.go.jp/datafile/seiseki/report/2025/2025-1chukyo7.pdf,official_daily_result_pdf
202507010702,2025,中京,1,7,2,2025-01-19,https://www.jra.go.jp/datafile/seiseki/report/2025/2025-1chukyo7.pdf,official_daily_result_pdf
202507010703,2025,中京,1,7,3,2025-01-19,https://www.jra.go.jp/datafile/seiseki/report/2025/2025-1chukyo7.pdf,official_daily_result_pdf
202507010704,2025,中京,1,7,4,2025-01-19,https://www.jra.go.jp/datafile/seiseki/report/2025/2025-1chukyo7.pdf,official_daily_result_pdf
202507010705,2025,中京,1,7,5,2025-01-19,https://www.jra.go.jp/datafile/seiseki/report/2025/2025-1chukyo7.pdf,official_daily_result_pdf
202507010706,2025,中京,1,7,6,2025-01-19,https://www.jra.go.jp/datafile/seiseki/report/2025/2025-1chukyo7.pdf,official_daily_result_pdf
202507010707,2025,中京,1,7,7,2025-01-19,https://www.jra.go.jp/datafile/seiseki/report/2025/2025-1chukyo7.pdf,official_daily_result_pdf
202507010708,2025,中京,1,7,8,2025-01-19,https://www.jra.go.jp/datafile/seiseki/report/2025/2025-1chukyo7.pdf,official_daily_result_pdf
202507010709,2025,中京,1,7,9,2025-01-19,https://www.jra.go.jp/datafile/seiseki/report/2025/2025-1chukyo7.pdf,official_daily_result_pdf
202507010710,2025,中京,1,7,10,2025-01-19,https://www.jra.go.jp/datafile/seiseki/report/2025/2025-1chukyo7.pdf,official_daily_result_pdf
202507010711,2025,中京,1,7,11,2025-01-19,https://www.jra.go.jp/datafile/seiseki/report/2025/2025-1chukyo7.pdf,official_daily_result_pdf
202507010712,2025,中京,1,7,12,2025-01-19,https://www.jra.go.jp/datafile/seiseki/report/2025/2025-1chukyo7.pdf,official_daily_result_pdf
202507010801,2025,中京,1,8,1,2025-01-25,https://www.jra.go.jp/datafile/seiseki/report/2025/2025-1chukyo8.pdf,official_daily_result_pdf
202507010802,2025,中京,1,8,2,2025-01-25,https://www.jra.go.jp/datafile/seiseki/report/2025/2025-1chukyo8.pdf,official_daily_result_pdf
202507010803,2025,中京,1,8,3,2025-01-25,https://www.jra.go.jp/datafile/seiseki/report/2025/2025-1chukyo8.pdf,official_daily_result_pdf
202507010804,2025,中京,1,8,4,2025-01-25,https://www.jra.go.jp/datafile/seiseki/report/2025/2025-1chukyo8.pdf,official_daily_result_pdf
202507010805,2025,中京,1,8,5,2025-01-25,https://www.jra.go.jp/datafile/seiseki/report/2025/2025-1chukyo8.pdf,official_daily_result_pdf
202507010806,2025,中京,1,8,6,2025-01-25,https://www.jra.go.jp/datafile/seiseki/report/2025/2025-1chukyo8.pdf,official_daily_result_pdf
202507010807,2025,中京,1,8,7,2025-01-25,https://www.jra.go.jp/datafile/seiseki/report/2025/2025-1chukyo8.pdf,official_daily_result_pdf
202507010808,2025,中京,1,8,8,2025-01-25,https://www.jra.go.jp/datafile/seiseki/report/2025/2025-1chukyo8.pdf,official_daily_result_pdf
202507010809,2025,中京,1,8,9,2025-01-25,https://www.jra.go.jp/datafile/seiseki/report/2025/2025-1chukyo8.pdf,official_daily_result_pdf
202507010810,2025,中京,1,8,10,2025-01-25,https://www.jra.go.jp/datafile/seiseki/report/2025/2025-1chukyo8.pdf,official_daily_result_pdf
202507010811,2025,中京,1,8,11,2025-01-25,https://www.jra.go.jp/datafile/seiseki/report/2025/2025-1chukyo8.pdf,official_daily_result_pdf
202507010812,2025,中京,1,8,12,2025-01-25,https://www.jra.go.jp/datafile/seiseki/report/2025/2025-1chukyo8.pdf,official_daily_result_pdf
202507010901,2025,中京,1,9,1,2025-01-26,https://www.jra.go.jp/datafile/seiseki/report/2025/2025-1chukyo9.pdf,official_daily_result_pdf
202507010902,2025,中京,1,9,2,2025-01-26,https://www.jra.go.jp/datafile/seiseki/report/2025/2025-1chukyo9.pdf,official_daily_result_pdf
202507010903,2025,中京,1,9,3,2025-01-26,https://www.jra.go.jp/datafile/seiseki/report/2025/2025-1chukyo9.pdf,official_daily_result_pdf
202507010904,2025,中京,1,9,4,2025-01-26,https://www.jra.go.jp/datafile/seiseki/report/2025/2025-1chukyo9.pdf,official_daily_result_pdf
202507010905,2025,中京,1,9,5,2025-01-26,https://www.jra.go.jp/datafile/seiseki/report/2025/2025-1chukyo9.pdf,official_daily_result_pdf
202507010906,2025,中京,1,9,6,2025-01-26,https://www.jra.go.jp/datafile/seiseki/report/2025/2025-1chukyo9.pdf,official_daily_result_pdf
202507010907,2025,中京,1,9,7,2025-01-26,https://www.jra.go.jp/datafile/seiseki/report/2025/2025-1chukyo9.pdf,official_daily_result_pdf
202507010908,2025,中京,1,9,8,2025-01-26,https://www.jra.go.jp/datafile/seiseki/report/2025/2025-1chukyo9.pdf,official_daily_result_pdf
202507010909,2025,中京,1,9,9,2025-01-26,https://www.jra.go.jp/datafile/seiseki/report/2025/2025-1chukyo9.pdf,official_daily_result_pdf
202507010910,2025,中京,1,9,10,2025-01-26,https://www.jra.go.jp/datafile/seiseki/report/2025/2025-1chukyo9.pdf,official_daily_result_pdf
202507010911,2025,中京,1,9,11,2025-01-26,https://www.jra.go.jp/datafile/seiseki/report/2025/2025-1chukyo9.pdf,official_daily_result_pdf
202507010912,2025,中京,1,9,12,2025-01-26,https://www.jra.go.jp/datafile/seiseki/report/2025/2025-1chukyo9.pdf,official_daily_result_pdf
202507020101,2025,中京,2,1,1,2025-03-15,https://www.jra.go.jp/datafile/seiseki/report/2025/2025-2chukyo1.pdf,official_daily_result_pdf
202507020102,2025,中京,2,1,2,2025-03-15,https://www.jra.go.jp/datafile/seiseki/report/2025/2025-2chukyo1.pdf,official_daily_result_pdf
202507020103,2025,中京,2,1,3,2025-03-15,https://www.jra.go.jp/datafile/seiseki/report/2025/2025-2chukyo1.pdf,official_daily_result_pdf
202507020104,2025,中京,2,1,4,2025-03-15,https://www.jra.go.jp/datafile/seiseki/report/2025/2025-2chukyo1.pdf,official_daily_result_pdf
202507020105,2025,中京,2,1,5,2025-03-15,https://www.jra.go.jp/datafile/seiseki/report/2025/2025-2chukyo1.pdf,official_daily_result_pdf
202507020106,2025,中京,2,1,6,2025-03-15,https://www.jra.go.jp/datafile/seiseki/report/2025/2025-2chukyo1.pdf,official_daily_result_pdf
202507020107,2025,中京,2,1,7,2025-03-15,https://www.jra.go.jp/datafile/seiseki/report/2025/2025-2chukyo1.pdf,official_daily_result_pdf
202507020108,2025,中京,2,1,8,2025-03-15,https://www.jra.go.jp/datafile/seiseki/report/2025/2025-2chukyo1.pdf,official_daily_result_pdf
202507020109,2025,中京,2,1,9,2025-03-15,https://www.jra.go.jp/datafile/seiseki/report/2025/2025-2chukyo1.pdf,official_daily_result_pdf
202507020110,2025,中京,2,1,10,2025-03-15,https://www.jra.go.jp/datafile/seiseki/report/2025/2025-2chukyo1.pdf,official_daily_result_pdf
202507020111,2025,中京,2,1,11,2025-03-15,https://www.jra.go.jp/datafile/seiseki/report/2025/2025-2chukyo1.pdf,official_daily_result_pdf
202507020112,2025,中京,2,1,12,2025-03-15,https://www.jra.go.jp/datafile/seiseki/report/2025/2025-2chukyo1.pdf,official_daily_result_pdf
202507020201,2025,中京,2,2,1,2025-03-16,https://www.jra.go.jp/datafile/seiseki/report/2025/2025-2chukyo2.pdf,official_daily_result_pdf
202507020202,2025,中京,2,2,2,2025-03-16,https://www.jra.go.jp/datafile/seiseki/report/2025/2025-2chukyo2.pdf,official_daily_result_pdf
202507020203,2025,中京,2,2,3,2025-03-16,https://www.jra.go.jp/datafile/seiseki/report/2025/2025-2chukyo2.pdf,official_daily_result_pdf
202507020204,2025,中京,2,2,4,2025-03-16,https://www.jra.go.jp/datafile/seiseki/report/2025/2025-2chukyo2.pdf,official_daily_result_pdf
202507020205,2025,中京,2,2,5,2025-03-16,https://www.jra.go.jp/datafile/seiseki/report/2025/2025-2chukyo2.pdf,official_daily_result_pdf
202507020206,2025,中京,2,2,6,2025-03-16,https://www.jra.go.jp/datafile/seiseki/report/2025/2025-2chukyo2.pdf,official_daily_result_pdf
202507020207,2025,中京,2,2,7,2025-03-16,https://www.jra.go.jp/datafile/seiseki/report/2025/2025-2chukyo2.pdf,official_daily_result_pdf
202507020208,2025,中京,2,2,8,2025-03-16,https://www.jra.go.jp/datafile/seiseki/report/2025/2025-2chukyo2.pdf,official_daily_result_pdf
202507020209,2025,中京,2,2,9,2025-03-16,https://www.jra.go.jp/datafile/seiseki/report/2025/2025-2chukyo2.pdf,official_daily_result_pdf
202507020210,2025,中京,2,2,10,2025-03-16,https://www.jra.go.jp/datafile/seiseki/report/2025/2025-2chukyo2.pdf,official_daily_result_pdf
202507020211,2025,中京,2,2,11,2025-03-16,https://www.jra.go.jp/datafile/seiseki/report/2025/2025-2chukyo2.pdf,official_daily_result_pdf
202507020212,2025,中京,2,2,12,2025-03-16,https://www.jra.go.jp/datafile/seiseki/report/2025/2025-2chukyo2.pdf,official_daily_result_pdf
202507020301,2025,中京,2,3,1,2025-03-22,https://www.jra.go.jp/datafile/seiseki/report/2025/2025-2chukyo3.pdf,official_daily_result_pdf
202507020302,2025,中京,2,3,2,2025-03-22,https://www.jra.go.jp/datafile/seiseki/report/2025/2025-2chukyo3.pdf,official_daily_result_pdf
202507020303,2025,中京,2,3,3,2025-03-22,https://www.jra.go.jp/datafile/seiseki/report/2025/2025-2chukyo3.pdf,official_daily_result_pdf
202507020304,2025,中京,2,3,4,2025-03-22,https://www.jra.go.jp/datafile/seiseki/report/2025/2025-2chukyo3.pdf,official_daily_result_pdf
202507020305,2025,中京,2,3,5,2025-03-22,https://www.jra.go.jp/datafile/seiseki/report/2025/2025-2chukyo3.pdf,official_daily_result_pdf
202507020306,2025,中京,2,3,6,2025-03-22,https://www.jra.go.jp/datafile/seiseki/report/2025/2025-2chukyo3.pdf,official_daily_result_pdf
202507020307,2025,中京,2,3,7,2025-03-22,https://www.jra.go.jp/datafile/seiseki/report/2025/2025-2chukyo3.pdf,official_daily_result_pdf
202507020308,2025,中京,2,3,8,2025-03-22,https://www.jra.go.jp/datafile/seiseki/report/2025/2025-2chukyo3.pdf,official_daily_result_pdf
202507020309,2025,中京,2,3,9,2025-03-22,https://www.jra.go.jp/datafile/seiseki/report/2025/2025-2chukyo3.pdf,official_daily_result_pdf
202507020310,2025,中京,2,3,10,2025-03-22,https://www.jra.go.jp/datafile/seiseki/report/2025/2025-2chukyo3.pdf,official_daily_result_pdf
202507020311,2025,中京,2,3,11,2025-03-22,https://www.jra.go.jp/datafile/seiseki/report/2025/2025-2chukyo3.pdf,official_daily_result_pdf
202507020312,2025,中京,2,3,12,2025-03-22,https://www.jra.go.jp/datafile/seiseki/report/2025/2025-2chukyo3.pdf,official_daily_result_pdf
202507020401,2025,中京,2,4,1,2025-03-23,https://www.jra.go.jp/datafile/seiseki/report/2025/2025-2chukyo4.pdf,official_daily_result_pdf
202507020402,2025,中京,2,4,2,2025-03-23,https://www.jra.go.jp/datafile/seiseki/report/2025/2025-2chukyo4.pdf,official_daily_result_pdf
202507020403,2025,中京,2,4,3,2025-03-23,https://www.jra.go.jp/datafile/seiseki/report/2025/2025-2chukyo4.pdf,official_daily_result_pdf
202507020404,2025,中京,2,4,4,2025-03-23,https://www.jra.go.jp/datafile/seiseki/report/2025/2025-2chukyo4.pdf,official_daily_result_pdf
202507020405,2025,中京,2,4,5,2025-03-23,https://www.jra.go.jp/datafile/seiseki/report/2025/2025-2chukyo4.pdf,official_daily_result_pdf
202507020406,2025,中京,2,4,6,2025-03-23,https://www.jra.go.jp/datafile/seiseki/report/2025/2025-2chukyo4.pdf,official_daily_result_pdf
202507020407,2025,中京,2,4,7,2025-03-23,https://www.jra.go.jp/datafile/seiseki/report/2025/2025-2chukyo4.pdf,official_daily_result_pdf
202507020408,2025,中京,2,4,8,2025-03-23,https://www.jra.go.jp/datafile/seiseki/report/2025/2025-2chukyo4.pdf,official_daily_result_pdf
202507020409,2025,中京,2,4,9,2025-03-23,https://www.jra.go.jp/datafile/seiseki/report/2025/2025-2chukyo4.pdf,official_daily_result_pdf
202507020410,2025,中京,2,4,10,2025-03-23,https://www.jra.go.jp/datafile/seiseki/report/2025/2025-2chukyo4.pdf,official_daily_result_pdf
202507020411,2025,中京,2,4,11,2025-03-23,https://www.jra.go.jp/datafile/seiseki/report/2025/2025-2chukyo4.pdf,official_daily_result_pdf
202507020412,2025,中京,2,4,12,2025-03-23,https://www.jra.go.jp/datafile/seiseki/report/2025/2025-2chukyo4.pdf,official_daily_result_pdf
202507020501,2025,中京,2,5,1,2025-03-29,https://www.jra.go.jp/datafile/seiseki/report/2025/2025-2chukyo5.pdf,official_daily_result_pdf
202507020502,2025,中京,2,5,2,2025-03-29,https://www.jra.go.jp/datafile/seiseki/report/2025/2025-2chukyo5.pdf,official_daily_result_pdf
202507020503,2025,中京,2,5,3,2025-03-29,https://www.jra.go.jp/datafile/seiseki/report/2025/2025-2chukyo5.pdf,official_daily_result_pdf
202507020504,2025,中京,2,5,4,2025-03-29,https://www.jra.go.jp/datafile/seiseki/report/2025/2025-2chukyo5.pdf,official_daily_result_pdf
202507020505,2025,中京,2,5,5,2025-03-29,https://www.jra.go.jp/datafile/seiseki/report/2025/2025-2chukyo5.pdf,official_daily_result_pdf
202507020506,2025,中京,2,5,6,2025-03-29,https://www.jra.go.jp/datafile/seiseki/report/2025/2025-2chukyo5.pdf,official_daily_result_pdf
202507020507,2025,中京,2,5,7,2025-03-29,https://www.jra.go.jp/datafile/seiseki/report/2025/2025-2chukyo5.pdf,official_daily_result_pdf
202507020508,2025,中京,2,5,8,2025-03-29,https://www.jra.go.jp/datafile/seiseki/report/2025/2025-2chukyo5.pdf,official_daily_result_pdf
202507020509,2025,中京,2,5,9,2025-03-29,https://www.jra.go.jp/datafile/seiseki/report/2025/2025-2chukyo5.pdf,official_daily_result_pdf
202507020510,2025,中京,2,5,10,2025-03-29,https://www.jra.go.jp/datafile/seiseki/report/2025/2025-2chukyo5.pdf,official_daily_result_pdf
202507020511,2025,中京,2,5,11,2025-03-29,https://www.jra.go.jp/datafile/seiseki/report/2025/2025-2chukyo5.pdf,official_daily_result_pdf
202507020512,2025,中京,2,5,12,2025-03-29,https://www.jra.go.jp/datafile/seiseki/report/2025/2025-2chukyo5.pdf,official_daily_result_pdf
202507020601,2025,中京,2,6,1,2025-03-30,https://www.jra.go.jp/datafile/seiseki/report/2025/2025-2chukyo6.pdf,official_daily_result_pdf
202507020602,2025,中京,2,6,2,2025-03-30,https://www.jra.go.jp/datafile/seiseki/report/2025/2025-2chukyo6.pdf,official_daily_result_pdf
202507020603,2025,中京,2,6,3,2025-03-30,https://www.jra.go.jp/datafile/seiseki/report/2025/2025-2chukyo6.pdf,official_daily_result_pdf
202507020604,2025,中京,2,6,4,2025-03-30,https://www.jra.go.jp/datafile/seiseki/report/2025/2025-2chukyo6.pdf,official_daily_result_pdf
202507020605,2025,中京,2,6,5,2025-03-30,https://www.jra.go.jp/datafile/seiseki/report/2025/2025-2chukyo6.pdf,official_daily_result_pdf
202507020606,2025,中京,2,6,6,2025-03-30,https://www.jra.go.jp/datafile/seiseki/report/2025/2025-2chukyo6.pdf,official_daily_result_pdf
202507020607,2025,中京,2,6,7,2025-03-30,https://www.jra.go.jp/datafile/seiseki/report/2025/2025-2chukyo6.pdf,official_daily_result_pdf
202507020608,2025,中京,2,6,8,2025-03-30,https://www.jra.go.jp/datafile/seiseki/report/2025/2025-2chukyo6.pdf,official_daily_result_pdf
202507020609,2025,中京,2,6,9,2025-03-30,https://www.jra.go.jp/datafile/seiseki/report/2025/2025-2chukyo6.pdf,official_daily_result_pdf
202507020610,2025,中京,2,6,10,2025-03-30,https://www.jra.go.jp/datafile/seiseki/report/2025/2025-2chukyo6.pdf,official_daily_result_pdf
202507020611,2025,中京,2,6,11,2025-03-30,https://www.jra.go.jp/datafile/seiseki/report/2025/2025-2chukyo6.pdf,official_daily_result_pdf
202507020612,2025,中京,2,6,12,2025-03-30,https://www.jra.go.jp/datafile/seiseki/report/2025/2025-2chukyo6.pdf,official_daily_result_pdf
202507030101,2025,中京,3,1,1,2025-07-26,https://www.jra.go.jp/datafile/seiseki/report/2025/2025-3chukyo1.pdf,official_daily_result_pdf
202507030102,2025,中京,3,1,2,2025-07-26,https://www.jra.go.jp/datafile/seiseki/report/2025/2025-3chukyo1.pdf,official_daily_result_pdf
202507030103,2025,中京,3,1,3,2025-07-26,https://www.jra.go.jp/datafile/seiseki/report/2025/2025-3chukyo1.pdf,official_daily_result_pdf
202507030104,2025,中京,3,1,4,2025-07-26,https://www.jra.go.jp/datafile/seiseki/report/2025/2025-3chukyo1.pdf,official_daily_result_pdf
202507030105,2025,中京,3,1,5,2025-07-26,https://www.jra.go.jp/datafile/seiseki/report/2025/2025-3chukyo1.pdf,official_daily_result_pdf
202507030106,2025,中京,3,1,6,2025-07-26,https://www.jra.go.jp/datafile/seiseki/report/2025/2025-3chukyo1.pdf,official_daily_result_pdf
202507030107,2025,中京,3,1,7,2025-07-26,https://www.jra.go.jp/datafile/seiseki/report/2025/2025-3chukyo1.pdf,official_daily_result_pdf
202507030108,2025,中京,3,1,8,2025-07-26,https://www.jra.go.jp/datafile/seiseki/report/2025/2025-3chukyo1.pdf,official_daily_result_pdf
202507030109,2025,中京,3,1,9,2025-07-26,https://www.jra.go.jp/datafile/seiseki/report/2025/2025-3chukyo1.pdf,official_daily_result_pdf
202507030110,2025,中京,3,1,10,2025-07-26,https://www.jra.go.jp/datafile/seiseki/report/2025/2025-3chukyo1.pdf,official_daily_result_pdf
202507030111,2025,中京,3,1,11,2025-07-26,https://www.jra.go.jp/datafile/seiseki/report/2025/2025-3chukyo1.pdf,official_daily_result_pdf
202507030112,2025,中京,3,1,12,2025-07-26,https://www.jra.go.jp/datafile/seiseki/report/2025/2025-3chukyo1.pdf,official_daily_result_pdf
202507030201,2025,中京,3,2,1,2025-07-27,https://www.jra.go.jp/datafile/seiseki/report/2025/2025-3chukyo2.pdf,official_daily_result_pdf
202507030202,2025,中京,3,2,2,2025-07-27,https://www.jra.go.jp/datafile/seiseki/report/2025/2025-3chukyo2.pdf,official_daily_result_pdf
202507030203,2025,中京,3,2,3,2025-07-27,https://www.jra.go.jp/datafile/seiseki/report/2025/2025-3chukyo2.pdf,official_daily_result_pdf
202507030204,2025,中京,3,2,4,2025-07-27,https://www.jra.go.jp/datafile/seiseki/report/2025/2025-3chukyo2.pdf,official_daily_result_pdf
202507030205,2025,中京,3,2,5,2025-07-27,https://www.jra.go.jp/datafile/seiseki/report/2025/2025-3chukyo2.pdf,official_daily_result_pdf
202507030206,2025,中京,3,2,6,2025-07-27,https://www.jra.go.jp/datafile/seiseki/report/2025/2025-3chukyo2.pdf,official_daily_result_pdf
202507030207,2025,中京,3,2,7,2025-07-27,https://www.jra.go.jp/datafile/seiseki/report/2025/2025-3chukyo2.pdf,official_daily_result_pdf
202507030208,2025,中京,3,2,8,2025-07-27,https://www.jra.go.jp/datafile/seiseki/report/2025/2025-3chukyo2.pdf,official_daily_result_pdf
202507030209,2025,中京,3,2,9,2025-07-27,https://www.jra.go.jp/datafile/seiseki/report/2025/2025-3chukyo2.pdf,official_daily_result_pdf
202507030210,2025,中京,3,2,10,2025-07-27,https://www.jra.go.jp/datafile/seiseki/report/2025/2025-3chukyo2.pdf,official_daily_result_pdf
202507030211,2025,中京,3,2,11,2025-07-27,https://www.jra.go.jp/datafile/seiseki/report/2025/2025-3chukyo2.pdf,official_daily_result_pdf
202507030212,2025,中京,3,2,12,2025-07-27,https://www.jra.go.jp/datafile/seiseki/report/2025/2025-3chukyo2.pdf,official_daily_result_pdf
202507030301,2025,中京,3,3,1,2025-08-02,https://www.jra.go.jp/datafile/seiseki/report/2025/2025-3chukyo3.pdf,official_daily_result_pdf
202507030302,2025,中京,3,3,2,2025-08-02,https://www.jra.go.jp/datafile/seiseki/report/2025/2025-3chukyo3.pdf,official_daily_result_pdf
202507030303,2025,中京,3,3,3,2025-08-02,https://www.jra.go.jp/datafile/seiseki/report/2025/2025-3chukyo3.pdf,official_daily_result_pdf
202507030304,2025,中京,3,3,4,2025-08-02,https://www.jra.go.jp/datafile/seiseki/report/2025/2025-3chukyo3.pdf,official_daily_result_pdf
202507030305,2025,中京,3,3,5,2025-08-02,https://www.jra.go.jp/datafile/seiseki/report/2025/2025-3chukyo3.pdf,official_daily_result_pdf
202507030306,2025,中京,3,3,6,2025-08-02,https://www.jra.go.jp/datafile/seiseki/report/2025/2025-3chukyo3.pdf,official_daily_result_pdf
202507030307,2025,中京,3,3,7,2025-08-02,https://www.jra.go.jp/datafile/seiseki/report/2025/2025-3chukyo3.pdf,official_daily_result_pdf
202507030308,2025,中京,3,3,8,2025-08-02,https://www.jra.go.jp/datafile/seiseki/report/2025/2025-3chukyo3.pdf,official_daily_result_pdf
202507030309,2025,中京,3,3,9,2025-08-02,https://www.jra.go.jp/datafile/seiseki/report/2025/2025-3chukyo3.pdf,official_daily_result_pdf
202507030310,2025,中京,3,3,10,2025-08-02,https://www.jra.go.jp/datafile/seiseki/report/2025/2025-3chukyo3.pdf,official_daily_result_pdf
202507030311,2025,中京,3,3,11,2025-08-02,https://www.jra.go.jp/datafile/seiseki/report/2025/2025-3chukyo3.pdf,official_daily_result_pdf
202507030312,2025,中京,3,3,12,2025-08-02,https://www.jra.go.jp/datafile/seiseki/report/2025/2025-3chukyo3.pdf,official_daily_result_pdf
202507030401,2025,中京,3,4,1,2025-08-03,https://www.jra.go.jp/datafile/seiseki/report/2025/2025-3chukyo4.pdf,official_daily_result_pdf
202507030402,2025,中京,3,4,2,2025-08-03,https://www.jra.go.jp/datafile/seiseki/report/2025/2025-3chukyo4.pdf,official_daily_result_pdf
202507030403,2025,中京,3,4,3,2025-08-03,https://www.jra.go.jp/datafile/seiseki/report/2025/2025-3chukyo4.pdf,official_daily_result_pdf
202507030404,2025,中京,3,4,4,2025-08-03,https://www.jra.go.jp/datafile/seiseki/report/2025/2025-3chukyo4.pdf,official_daily_result_pdf
202507030405,2025,中京,3,4,5,2025-08-03,https://www.jra.go.jp/datafile/seiseki/report/2025/2025-3chukyo4.pdf,official_daily_result_pdf
202507030406,2025,中京,3,4,6,2025-08-03,https://www.jra.go.jp/datafile/seiseki/report/2025/2025-3chukyo4.pdf,official_daily_result_pdf
202507030407,2025,中京,3,4,7,2025-08-03,https://www.jra.go.jp/datafile/seiseki/report/2025/2025-3chukyo4.pdf,official_daily_result_pdf
202507030408,2025,中京,3,4,8,2025-08-03,https://www.jra.go.jp/datafile/seiseki/report/2025/2025-3chukyo4.pdf,official_daily_result_pdf
202507030409,2025,中京,3,4,9,2025-08-03,https://www.jra.go.jp/datafile/seiseki/report/2025/2025-3chukyo4.pdf,official_daily_result_pdf
202507030410,2025,中京,3,4,10,2025-08-03,https://www.jra.go.jp/datafile/seiseki/report/2025/2025-3chukyo4.pdf,official_daily_result_pdf
202507030411,2025,中京,3,4,11,2025-08-03,https://www.jra.go.jp/datafile/seiseki/report/2025/2025-3chukyo4.pdf,official_daily_result_pdf
202507030412,2025,中京,3,4,12,2025-08-03,https://www.jra.go.jp/datafile/seiseki/report/2025/2025-3chukyo4.pdf,official_daily_result_pdf
202507030501,2025,中京,3,5,1,2025-08-09,https://www.jra.go.jp/datafile/seiseki/report/2025/2025-3chukyo5.pdf,official_daily_result_pdf
202507030502,2025,中京,3,5,2,2025-08-09,https://www.jra.go.jp/datafile/seiseki/report/2025/2025-3chukyo5.pdf,official_daily_result_pdf
202507030503,2025,中京,3,5,3,2025-08-09,https://www.jra.go.jp/datafile/seiseki/report/2025/2025-3chukyo5.pdf,official_daily_result_pdf
202507030504,2025,中京,3,5,4,2025-08-09,https://www.jra.go.jp/datafile/seiseki/report/2025/2025-3chukyo5.pdf,official_daily_result_pdf
202507030505,2025,中京,3,5,5,2025-08-09,https://www.jra.go.jp/datafile/seiseki/report/2025/2025-3chukyo5.pdf,official_daily_result_pdf
202507030506,2025,中京,3,5,6,2025-08-09,https://www.jra.go.jp/datafile/seiseki/report/2025/2025-3chukyo5.pdf,official_daily_result_pdf
202507030507,2025,中京,3,5,7,2025-08-09,https://www.jra.go.jp/datafile/seiseki/report/2025/2025-3chukyo5.pdf,official_daily_result_pdf
202507030508,2025,中京,3,5,8,2025-08-09,https://www.jra.go.jp/datafile/seiseki/report/2025/2025-3chukyo5.pdf,official_daily_result_pdf
202507030509,2025,中京,3,5,9,2025-08-09,https://www.jra.go.jp/datafile/seiseki/report/2025/2025-3chukyo5.pdf,official_daily_result_pdf
202507030510,2025,中京,3,5,10,2025-08-09,https://www.jra.go.jp/datafile/seiseki/report/2025/2025-3chukyo5.pdf,official_daily_result_pdf
202507030511,2025,中京,3,5,11,2025-08-09,https://www.jra.go.jp/datafile/seiseki/report/2025/2025-3chukyo5.pdf,official_daily_result_pdf
202507030512,2025,中京,3,5,12,2025-08-09,https://www.jra.go.jp/datafile/seiseki/report/2025/2025-3chukyo5.pdf,official_daily_result_pdf
202507030601,2025,中京,3,6,1,2025-08-10,https://www.jra.go.jp/datafile/seiseki/report/2025/2025-3chukyo6.pdf,official_daily_result_pdf
202507030602,2025,中京,3,6,2,2025-08-10,https://www.jra.go.jp/datafile/seiseki/report/2025/2025-3chukyo6.pdf,official_daily_result_pdf
202507030603,2025,中京,3,6,3,2025-08-10,https://www.jra.go.jp/datafile/seiseki/report/2025/2025-3chukyo6.pdf,official_daily_result_pdf
202507030604,2025,中京,3,6,4,2025-08-10,https://www.jra.go.jp/datafile/seiseki/report/2025/2025-3chukyo6.pdf,official_daily_result_pdf
202507030605,2025,中京,3,6,5,2025-08-10,https://www.jra.go.jp/datafile/seiseki/report/2025/2025-3chukyo6.pdf,official_daily_result_pdf
202507030606,2025,中京,3,6,6,2025-08-10,https://www.jra.go.jp/datafile/seiseki/report/2025/2025-3chukyo6.pdf,official_daily_result_pdf
202507030607,2025,中京,3,6,7,2025-08-10,https://www.jra.go.jp/datafile/seiseki/report/2025/2025-3chukyo6.pdf,official_daily_result_pdf
202507030608,2025,中京,3,6,8,2025-08-10,https://www.jra.go.jp/datafile/seiseki/report/2025/2025-3chukyo6.pdf,official_daily_result_pdf
202507030609,2025,中京,3,6,9,2025-08-10,https://www.jra.go.jp/datafile/seiseki/report/2025/2025-3chukyo6.pdf,official_daily_result_pdf
202507030610,2025,中京,3,6,10,2025-08-10,https://www.jra.go.jp/datafile/seiseki/report/2025/2025-3chukyo6.pdf,official_daily_result_pdf
202507030611,2025,中京,3,6,11,2025-08-10,https://www.jra.go.jp/datafile/seiseki/report/2025/2025-3chukyo6.pdf,official_daily_result_pdf
202507030612,2025,中京,3,6,12,2025-08-10,https://www.jra.go.jp/datafile/seiseki/report/2025/2025-3chukyo6.pdf,official_daily_result_pdf
202507030701,2025,中京,3,7,1,2025-08-16,https://www.jra.go.jp/datafile/seiseki/report/2025/2025-3chukyo7.pdf,official_daily_result_pdf
202507030702,2025,中京,3,7,2,2025-08-16,https://www.jra.go.jp/datafile/seiseki/report/2025/2025-3chukyo7.pdf,official_daily_result_pdf
202507030703,2025,中京,3,7,3,2025-08-16,https://www.jra.go.jp/datafile/seiseki/report/2025/2025-3chukyo7.pdf,official_daily_result_pdf
202507030704,2025,中京,3,7,4,2025-08-16,https://www.jra.go.jp/datafile/seiseki/report/2025/2025-3chukyo7.pdf,official_daily_result_pdf
202507030705,2025,中京,3,7,5,2025-08-16,https://www.jra.go.jp/datafile/seiseki/report/2025/2025-3chukyo7.pdf,official_daily_result_pdf
202507030706,2025,中京,3,7,6,2025-08-16,https://www.jra.go.jp/datafile/seiseki/report/2025/2025-3chukyo7.pdf,official_daily_result_pdf
202507030707,2025,中京,3,7,7,2025-08-16,https://www.jra.go.jp/datafile/seiseki/report/2025/2025-3chukyo7.pdf,official_daily_result_pdf
202507030708,2025,中京,3,7,8,2025-08-16,https://www.jra.go.jp/datafile/seiseki/report/2025/2025-3chukyo7.pdf,official_daily_result_pdf
202507030709,2025,中京,3,7,9,2025-08-16,https://www.jra.go.jp/datafile/seiseki/report/2025/2025-3chukyo7.pdf,official_daily_result_pdf
202507030710,2025,中京,3,7,10,2025-08-16,https://www.jra.go.jp/datafile/seiseki/report/2025/2025-3chukyo7.pdf,official_daily_result_pdf
202507030711,2025,中京,3,7,11,2025-08-16,https://www.jra.go.jp/datafile/seiseki/report/2025/2025-3chukyo7.pdf,official_daily_result_pdf
202507030712,2025,中京,3,7,12,2025-08-16,https://www.jra.go.jp/datafile/seiseki/report/2025/2025-3chukyo7.pdf,official_daily_result_pdf
202507030801,2025,中京,3,8,1,2025-08-17,https://www.jra.go.jp/datafile/seiseki/report/2025/2025-3chukyo8.pdf,official_daily_result_pdf
202507030802,2025,中京,3,8,2,2025-08-17,https://www.jra.go.jp/datafile/seiseki/report/2025/2025-3chukyo8.pdf,official_daily_result_pdf
202507030803,2025,中京,3,8,3,2025-08-17,https://www.jra.go.jp/datafile/seiseki/report/2025/2025-3chukyo8.pdf,official_daily_result_pdf
202507030804,2025,中京,3,8,4,2025-08-17,https://www.jra.go.jp/datafile/seiseki/report/2025/2025-3chukyo8.pdf,official_daily_result_pdf
202507030805,2025,中京,3,8,5,2025-08-17,https://www.jra.go.jp/datafile/seiseki/report/2025/2025-3chukyo8.pdf,official_daily_result_pdf
202507030806,2025,中京,3,8,6,2025-08-17,https://www.jra.go.jp/datafile/seiseki/report/2025/2025-3chukyo8.pdf,official_daily_result_pdf
202507030807,2025,中京,3,8,7,2025-08-17,https://www.jra.go.jp/datafile/seiseki/report/2025/2025-3chukyo8.pdf,official_daily_result_pdf
202507030808,2025,中京,3,8,8,2025-08-17,https://www.jra.go.jp/datafile/seiseki/report/2025/2025-3chukyo8.pdf,official_daily_result_pdf
202507030809,2025,中京,3,8,9,2025-08-17,https://www.jra.go.jp/datafile/seiseki/report/2025/2025-3chukyo8.pdf,official_daily_result_pdf
202507030810,2025,中京,3,8,10,2025-08-17,https://www.jra.go.jp/datafile/seiseki/report/2025/2025-3chukyo8.pdf,official_daily_result_pdf
202507030811,2025,中京,3,8,11,2025-08-17,https://www.jra.go.jp/datafile/seiseki/report/2025/2025-3chukyo8.pdf,official_daily_result_pdf
202507030812,2025,中京,3,8,12,2025-08-17,https://www.jra.go.jp/datafile/seiseki/report/2025/2025-3chukyo8.pdf,official_daily_result_pdf
202507040101,2025,中京,4,1,1,2025-08-23,https://www.jra.go.jp/datafile/seiseki/report/2025/2025-4chukyo1.pdf,official_daily_result_pdf
202507040102,2025,中京,4,1,2,2025-08-23,https://www.jra.go.jp/datafile/seiseki/report/2025/2025-4chukyo1.pdf,official_daily_result_pdf
202507040103,2025,中京,4,1,3,2025-08-23,https://www.jra.go.jp/datafile/seiseki/report/2025/2025-4chukyo1.pdf,official_daily_result_pdf
202507040104,2025,中京,4,1,4,2025-08-23,https://www.jra.go.jp/datafile/seiseki/report/2025/2025-4chukyo1.pdf,official_daily_result_pdf
202507040105,2025,中京,4,1,5,2025-08-23,https://www.jra.go.jp/datafile/seiseki/report/2025/2025-4chukyo1.pdf,official_daily_result_pdf
202507040106,2025,中京,4,1,6,2025-08-23,https://www.jra.go.jp/datafile/seiseki/report/2025/2025-4chukyo1.pdf,official_daily_result_pdf
202507040107,2025,中京,4,1,7,2025-08-23,https://www.jra.go.jp/datafile/seiseki/report/2025/2025-4chukyo1.pdf,official_daily_result_pdf
202507040108,2025,中京,4,1,8,2025-08-23,https://www.jra.go.jp/datafile/seiseki/report/2025/2025-4chukyo1.pdf,official_daily_result_pdf
202507040109,2025,中京,4,1,9,2025-08-23,https://www.jra.go.jp/datafile/seiseki/report/2025/2025-4chukyo1.pdf,official_daily_result_pdf
202507040110,2025,中京,4,1,10,2025-08-23,https://www.jra.go.jp/datafile/seiseki/report/2025/2025-4chukyo1.pdf,official_daily_result_pdf
202507040111,2025,中京,4,1,11,2025-08-23,https://www.jra.go.jp/datafile/seiseki/report/2025/2025-4chukyo1.pdf,official_daily_result_pdf
202507040112,2025,中京,4,1,12,2025-08-23,https://www.jra.go.jp/datafile/seiseki/report/2025/2025-4chukyo1.pdf,official_daily_result_pdf
202507040201,2025,中京,4,2,1,2025-08-24,https://www.jra.go.jp/datafile/seiseki/report/2025/2025-4chukyo2.pdf,official_daily_result_pdf
202507040202,2025,中京,4,2,2,2025-08-24,https://www.jra.go.jp/datafile/seiseki/report/2025/2025-4chukyo2.pdf,official_daily_result_pdf
202507040203,2025,中京,4,2,3,2025-08-24,https://www.jra.go.jp/datafile/seiseki/report/2025/2025-4chukyo2.pdf,official_daily_result_pdf
202507040204,2025,中京,4,2,4,2025-08-24,https://www.jra.go.jp/datafile/seiseki/report/2025/2025-4chukyo2.pdf,official_daily_result_pdf
202507040205,2025,中京,4,2,5,2025-08-24,https://www.jra.go.jp/datafile/seiseki/report/2025/2025-4chukyo2.pdf,official_daily_result_pdf
202507040206,2025,中京,4,2,6,2025-08-24,https://www.jra.go.jp/datafile/seiseki/report/2025/2025-4chukyo2.pdf,official_daily_result_pdf
202507040207,2025,中京,4,2,7,2025-08-24,https://www.jra.go.jp/datafile/seiseki/report/2025/2025-4chukyo2.pdf,official_daily_result_pdf
202507040208,2025,中京,4,2,8,2025-08-24,https://www.jra.go.jp/datafile/seiseki/report/2025/2025-4chukyo2.pdf,official_daily_result_pdf
202507040209,2025,中京,4,2,9,2025-08-24,https://www.jra.go.jp/datafile/seiseki/report/2025/2025-4chukyo2.pdf,official_daily_result_pdf
202507040210,2025,中京,4,2,10,2025-08-24,https://www.jra.go.jp/datafile/seiseki/report/2025/2025-4chukyo2.pdf,official_daily_result_pdf
202507040211,2025,中京,4,2,11,2025-08-24,https://www.jra.go.jp/datafile/seiseki/report/2025/2025-4chukyo2.pdf,official_daily_result_pdf
202507040212,2025,中京,4,2,12,2025-08-24,https://www.jra.go.jp/datafile/seiseki/report/2025/2025-4chukyo2.pdf,official_daily_result_pdf
202507040301,2025,中京,4,3,1,2025-08-30,https://www.jra.go.jp/datafile/seiseki/report/2025/2025-4chukyo3.pdf,official_daily_result_pdf
202507040302,2025,中京,4,3,2,2025-08-30,https://www.jra.go.jp/datafile/seiseki/report/2025/2025-4chukyo3.pdf,official_daily_result_pdf
202507040303,2025,中京,4,3,3,2025-08-30,https://www.jra.go.jp/datafile/seiseki/report/2025/2025-4chukyo3.pdf,official_daily_result_pdf
202507040304,2025,中京,4,3,4,2025-08-30,https://www.jra.go.jp/datafile/seiseki/report/2025/2025-4chukyo3.pdf,official_daily_result_pdf
202507040305,2025,中京,4,3,5,2025-08-30,https://www.jra.go.jp/datafile/seiseki/report/2025/2025-4chukyo3.pdf,official_daily_result_pdf
202507040306,2025,中京,4,3,6,2025-08-30,https://www.jra.go.jp/datafile/seiseki/report/2025/2025-4chukyo3.pdf,official_daily_result_pdf
202507040307,2025,中京,4,3,7,2025-08-30,https://www.jra.go.jp/datafile/seiseki/report/2025/2025-4chukyo3.pdf,official_daily_result_pdf
202507040308,2025,中京,4,3,8,2025-08-30,https://www.jra.go.jp/datafile/seiseki/report/2025/2025-4chukyo3.pdf,official_daily_result_pdf
202507040309,2025,中京,4,3,9,2025-08-30,https://www.jra.go.jp/datafile/seiseki/report/2025/2025-4chukyo3.pdf,official_daily_result_pdf
202507040310,2025,中京,4,3,10,2025-08-30,https://www.jra.go.jp/datafile/seiseki/report/2025/2025-4chukyo3.pdf,official_daily_result_pdf
202507040311,2025,中京,4,3,11,2025-08-30,https://www.jra.go.jp/datafile/seiseki/report/2025/2025-4chukyo3.pdf,official_daily_result_pdf
202507040312,2025,中京,4,3,12,2025-08-30,https://www.jra.go.jp/datafile/seiseki/report/2025/2025-4chukyo3.pdf,official_daily_result_pdf
202507040401,2025,中京,4,4,1,2025-08-31,https://www.jra.go.jp/datafile/seiseki/report/2025/2025-4chukyo4.pdf,official_daily_result_pdf
202507040402,2025,中京,4,4,2,2025-08-31,https://www.jra.go.jp/datafile/seiseki/report/2025/2025-4chukyo4.pdf,official_daily_result_pdf
202507040403,2025,中京,4,4,3,2025-08-31,https://www.jra.go.jp/datafile/seiseki/report/2025/2025-4chukyo4.pdf,official_daily_result_pdf
202507040404,2025,中京,4,4,4,2025-08-31,https://www.jra.go.jp/datafile/seiseki/report/2025/2025-4chukyo4.pdf,official_daily_result_pdf
202507040405,2025,中京,4,4,5,2025-08-31,https://www.jra.go.jp/datafile/seiseki/report/2025/2025-4chukyo4.pdf,official_daily_result_pdf
202507040406,2025,中京,4,4,6,2025-08-31,https://www.jra.go.jp/datafile/seiseki/report/2025/2025-4chukyo4.pdf,official_daily_result_pdf
202507040407,2025,中京,4,4,7,2025-08-31,https://www.jra.go.jp/datafile/seiseki/report/2025/2025-4chukyo4.pdf,official_daily_result_pdf
202507040408,2025,中京,4,4,8,2025-08-31,https://www.jra.go.jp/datafile/seiseki/report/2025/2025-4chukyo4.pdf,official_daily_result_pdf
202507040409,2025,中京,4,4,9,2025-08-31,https://www.jra.go.jp/datafile/seiseki/report/2025/2025-4chukyo4.pdf,official_daily_result_pdf
202507040410,2025,中京,4,4,10,2025-08-31,https://www.jra.go.jp/datafile/seiseki/report/2025/2025-4chukyo4.pdf,official_daily_result_pdf
202507040411,2025,中京,4,4,11,2025-08-31,https://www.jra.go.jp/datafile/seiseki/report/2025/2025-4chukyo4.pdf,official_daily_result_pdf
202507040412,2025,中京,4,4,12,2025-08-31,https://www.jra.go.jp/datafile/seiseki/report/2025/2025-4chukyo4.pdf,official_daily_result_pdf
202507050101,2025,中京,5,1,1,2025-12-06,https://www.jra.go.jp/datafile/seiseki/report/2025/2025-5chukyo1.pdf,official_daily_result_pdf
202507050102,2025,中京,5,1,2,2025-12-06,https://www.jra.go.jp/datafile/seiseki/report/2025/2025-5chukyo1.pdf,official_daily_result_pdf
202507050103,2025,中京,5,1,3,2025-12-06,https://www.jra.go.jp/datafile/seiseki/report/2025/2025-5chukyo1.pdf,official_daily_result_pdf
202507050104,2025,中京,5,1,4,2025-12-06,https://www.jra.go.jp/datafile/seiseki/report/2025/2025-5chukyo1.pdf,official_daily_result_pdf
202507050105,2025,中京,5,1,5,2025-12-06,https://www.jra.go.jp/datafile/seiseki/report/2025/2025-5chukyo1.pdf,official_daily_result_pdf
202507050106,2025,中京,5,1,6,2025-12-06,https://www.jra.go.jp/datafile/seiseki/report/2025/2025-5chukyo1.pdf,official_daily_result_pdf
202507050107,2025,中京,5,1,7,2025-12-06,https://www.jra.go.jp/datafile/seiseki/report/2025/2025-5chukyo1.pdf,official_daily_result_pdf
202507050108,2025,中京,5,1,8,2025-12-06,https://www.jra.go.jp/datafile/seiseki/report/2025/2025-5chukyo1.pdf,official_daily_result_pdf
202507050109,2025,中京,5,1,9,2025-12-06,https://www.jra.go.jp/datafile/seiseki/report/2025/2025-5chukyo1.pdf,official_daily_result_pdf
202507050110,2025,中京,5,1,10,2025-12-06,https://www.jra.go.jp/datafile/seiseki/report/2025/2025-5chukyo1.pdf,official_daily_result_pdf
202507050111,2025,中京,5,1,11,2025-12-06,https://www.jra.go.jp/datafile/seiseki/report/2025/2025-5chukyo1.pdf,official_daily_result_pdf
202507050112,2025,中京,5,1,12,2025-12-06,https://www.jra.go.jp/datafile/seiseki/report/2025/2025-5chukyo1.pdf,official_daily_result_pdf
202507050201,2025,中京,5,2,1,2025-12-07,https://www.jra.go.jp/datafile/seiseki/report/2025/2025-5chukyo2.pdf,official_daily_result_pdf
202507050202,2025,中京,5,2,2,2025-12-07,https://www.jra.go.jp/datafile/seiseki/report/2025/2025-5chukyo2.pdf,official_daily_result_pdf
202507050203,2025,中京,5,2,3,2025-12-07,https://www.jra.go.jp/datafile/seiseki/report/2025/2025-5chukyo2.pdf,official_daily_result_pdf
202507050204,2025,中京,5,2,4,2025-12-07,https://www.jra.go.jp/datafile/seiseki/report/2025/2025-5chukyo2.pdf,official_daily_result_pdf
202507050205,2025,中京,5,2,5,2025-12-07,https://www.jra.go.jp/datafile/seiseki/report/2025/2025-5chukyo2.pdf,official_daily_result_pdf
202507050206,2025,中京,5,2,6,2025-12-07,https://www.jra.go.jp/datafile/seiseki/report/2025/2025-5chukyo2.pdf,official_daily_result_pdf
202507050207,2025,中京,5,2,7,2025-12-07,https://www.jra.go.jp/datafile/seiseki/report/2025/2025-5chukyo2.pdf,official_daily_result_pdf
202507050208,2025,中京,5,2,8,2025-12-07,https://www.jra.go.jp/datafile/seiseki/report/2025/2025-5chukyo2.pdf,official_daily_result_pdf
202507050209,2025,中京,5,2,9,2025-12-07,https://www.jra.go.jp/datafile/seiseki/report/2025/2025-5chukyo2.pdf,official_daily_result_pdf
202507050210,2025,中京,5,2,10,2025-12-07,https://www.jra.go.jp/datafile/seiseki/report/2025/2025-5chukyo2.pdf,official_daily_result_pdf
202507050211,2025,中京,5,2,11,2025-12-07,https://www.jra.go.jp/datafile/seiseki/report/2025/2025-5chukyo2.pdf,official_daily_result_pdf
202507050212,2025,中京,5,2,12,2025-12-07,https://www.jra.go.jp/datafile/seiseki/report/2025/2025-5chukyo2.pdf,official_daily_result_pdf
202507050301,2025,中京,5,3,1,2025-12-13,https://www.jra.go.jp/datafile/seiseki/report/2025/2025-5chukyo3.pdf,official_daily_result_pdf
202507050302,2025,中京,5,3,2,2025-12-13,https://www.jra.go.jp/datafile/seiseki/report/2025/2025-5chukyo3.pdf,official_daily_result_pdf
202507050303,2025,中京,5,3,3,2025-12-13,https://www.jra.go.jp/datafile/seiseki/report/2025/2025-5chukyo3.pdf,official_daily_result_pdf
202507050304,2025,中京,5,3,4,2025-12-13,https://www.jra.go.jp/datafile/seiseki/report/2025/2025-5chukyo3.pdf,official_daily_result_pdf
202507050305,2025,中京,5,3,5,2025-12-13,https://www.jra.go.jp/datafile/seiseki/report/2025/2025-5chukyo3.pdf,official_daily_result_pdf
202507050306,2025,中京,5,3,6,2025-12-13,https://www.jra.go.jp/datafile/seiseki/report/2025/2025-5chukyo3.pdf,official_daily_result_pdf
202507050307,2025,中京,5,3,7,2025-12-13,https://www.jra.go.jp/datafile/seiseki/report/2025/2025-5chukyo3.pdf,official_daily_result_pdf
202507050308,2025,中京,5,3,8,2025-12-13,https://www.jra.go.jp/datafile/seiseki/report/2025/2025-5chukyo3.pdf,official_daily_result_pdf
202507050309,2025,中京,5,3,9,2025-12-13,https://www.jra.go.jp/datafile/seiseki/report/2025/2025-5chukyo3.pdf,official_daily_result_pdf
202507050310,2025,中京,5,3,10,2025-12-13,https://www.jra.go.jp/datafile/seiseki/report/2025/2025-5chukyo3.pdf,official_daily_result_pdf
202507050311,2025,中京,5,3,11,2025-12-13,https://www.jra.go.jp/datafile/seiseki/report/2025/2025-5chukyo3.pdf,official_daily_result_pdf
202507050312,2025,中京,5,3,12,2025-12-13,https://www.jra.go.jp/datafile/seiseki/report/2025/2025-5chukyo3.pdf,official_daily_result_pdf
202507050401,2025,中京,5,4,1,2025-12-14,https://www.jra.go.jp/datafile/seiseki/report/2025/2025-5chukyo4.pdf,official_daily_result_pdf
202507050402,2025,中京,5,4,2,2025-12-14,https://www.jra.go.jp/datafile/seiseki/report/2025/2025-5chukyo4.pdf,official_daily_result_pdf
202507050403,2025,中京,5,4,3,2025-12-14,https://www.jra.go.jp/datafile/seiseki/report/2025/2025-5chukyo4.pdf,official_daily_result_pdf
202507050404,2025,中京,5,4,4,2025-12-14,https://www.jra.go.jp/datafile/seiseki/report/2025/2025-5chukyo4.pdf,official_daily_result_pdf
202507050405,2025,中京,5,4,5,2025-12-14,https://www.jra.go.jp/datafile/seiseki/report/2025/2025-5chukyo4.pdf,official_daily_result_pdf
202507050406,2025,中京,5,4,6,2025-12-14,https://www.jra.go.jp/datafile/seiseki/report/2025/2025-5chukyo4.pdf,official_daily_result_pdf
202507050407,2025,中京,5,4,7,2025-12-14,https://www.jra.go.jp/datafile/seiseki/report/2025/2025-5chukyo4.pdf,official_daily_result_pdf
202507050408,2025,中京,5,4,8,2025-12-14,https://www.jra.go.jp/datafile/seiseki/report/2025/2025-5chukyo4.pdf,official_daily_result_pdf
202507050409,2025,中京,5,4,9,2025-12-14,https://www.jra.go.jp/datafile/seiseki/report/2025/2025-5chukyo4.pdf,official_daily_result_pdf
202507050410,2025,中京,5,4,10,2025-12-14,https://www.jra.go.jp/datafile/seiseki/report/2025/2025-5chukyo4.pdf,official_daily_result_pdf
202507050411,2025,中京,5,4,11,2025-12-14,https://www.jra.go.jp/datafile/seiseki/report/2025/2025-5chukyo4.pdf,official_daily_result_pdf
202507050412,2025,中京,5,4,12,2025-12-14,https://www.jra.go.jp/datafile/seiseki/report/2025/2025-5chukyo4.pdf,official_daily_result_pdf
202507050501,2025,中京,5,5,1,2025-12-20,https://www.jra.go.jp/datafile/seiseki/report/2025/2025-5chukyo5.pdf,official_daily_result_pdf
202507050502,2025,中京,5,5,2,2025-12-20,https://www.jra.go.jp/datafile/seiseki/report/2025/2025-5chukyo5.pdf,official_daily_result_pdf
202507050503,2025,中京,5,5,3,2025-12-20,https://www.jra.go.jp/datafile/seiseki/report/2025/2025-5chukyo5.pdf,official_daily_result_pdf
202507050504,2025,中京,5,5,4,2025-12-20,https://www.jra.go.jp/datafile/seiseki/report/2025/2025-5chukyo5.pdf,official_daily_result_pdf
202507050505,2025,中京,5,5,5,2025-12-20,https://www.jra.go.jp/datafile/seiseki/report/2025/2025-5chukyo5.pdf,official_daily_result_pdf
202507050506,2025,中京,5,5,6,2025-12-20,https://www.jra.go.jp/datafile/seiseki/report/2025/2025-5chukyo5.pdf,official_daily_result_pdf
202507050507,2025,中京,5,5,7,2025-12-20,https://www.jra.go.jp/datafile/seiseki/report/2025/2025-5chukyo5.pdf,official_daily_result_pdf
202507050508,2025,中京,5,5,8,2025-12-20,https://www.jra.go.jp/datafile/seiseki/report/2025/2025-5chukyo5.pdf,official_daily_result_pdf
202507050509,2025,中京,5,5,9,2025-12-20,https://www.jra.go.jp/datafile/seiseki/report/2025/2025-5chukyo5.pdf,official_daily_result_pdf
202507050510,2025,中京,5,5,10,2025-12-20,https://www.jra.go.jp/datafile/seiseki/report/2025/2025-5chukyo5.pdf,official_daily_result_pdf
202507050511,2025,中京,5,5,11,2025-12-20,https://www.jra.go.jp/datafile/seiseki/report/2025/2025-5chukyo5.pdf,official_daily_result_pdf
202507050512,2025,中京,5,5,12,2025-12-20,https://www.jra.go.jp/datafile/seiseki/report/2025/2025-5chukyo5.pdf,official_daily_result_pdf
202507050601,2025,中京,5,6,1,2025-12-21,https://www.jra.go.jp/datafile/seiseki/report/2025/2025-5chukyo6.pdf,official_daily_result_pdf
202507050602,2025,中京,5,6,2,2025-12-21,https://www.jra.go.jp/datafile/seiseki/report/2025/2025-5chukyo6.pdf,official_daily_result_pdf
202507050603,2025,中京,5,6,3,2025-12-21,https://www.jra.go.jp/datafile/seiseki/report/2025/2025-5chukyo6.pdf,official_daily_result_pdf
202507050604,2025,中京,5,6,4,2025-12-21,https://www.jra.go.jp/datafile/seiseki/report/2025/2025-5chukyo6.pdf,official_daily_result_pdf
202507050605,2025,中京,5,6,5,2025-12-21,https://www.jra.go.jp/datafile/seiseki/report/2025/2025-5chukyo6.pdf,official_daily_result_pdf
202507050606,2025,中京,5,6,6,2025-12-21,https://www.jra.go.jp/datafile/seiseki/report/2025/2025-5chukyo6.pdf,official_daily_result_pdf
202507050607,2025,中京,5,6,7,2025-12-21,https://www.jra.go.jp/datafile/seiseki/report/2025/2025-5chukyo6.pdf,official_daily_result_pdf
202507050608,2025,中京,5,6,8,2025-12-21,https://www.jra.go.jp/datafile/seiseki/report/2025/2025-5chukyo6.pdf,official_daily_result_pdf
202507050609,2025,中京,5,6,9,2025-12-21,https://www.jra.go.jp/datafile/seiseki/report/2025/2025-5chukyo6.pdf,official_daily_result_pdf
202507050610,2025,中京,5,6,10,2025-12-21,https://www.jra.go.jp/datafile/seiseki/report/2025/2025-5chukyo6.pdf,official_daily_result_pdf
202507050611,2025,中京,5,6,11,2025-12-21,https://www.jra.go.jp/datafile/seiseki/report/2025/2025-5chukyo6.pdf,official_daily_result_pdf
202507050612,2025,中京,5,6,12,2025-12-21,https://www.jra.go.jp/datafile/seiseki/report/2025/2025-5chukyo6.pdf,official_daily_result_pdf
202508010101,2025,京都,1,1,1,2025-02-01,https://www.jra.go.jp/datafile/seiseki/report/2025/2025-1kyoto1.pdf,official_daily_result_pdf
202508010102,2025,京都,1,1,2,2025-02-01,https://www.jra.go.jp/datafile/seiseki/report/2025/2025-1kyoto1.pdf,official_daily_result_pdf
202508010103,2025,京都,1,1,3,2025-02-01,https://www.jra.go.jp/datafile/seiseki/report/2025/2025-1kyoto1.pdf,official_daily_result_pdf
202508010104,2025,京都,1,1,4,2025-02-01,https://www.jra.go.jp/datafile/seiseki/report/2025/2025-1kyoto1.pdf,official_daily_result_pdf
202508010105,2025,京都,1,1,5,2025-02-01,https://www.jra.go.jp/datafile/seiseki/report/2025/2025-1kyoto1.pdf,official_daily_result_pdf
202508010106,2025,京都,1,1,6,2025-02-01,https://www.jra.go.jp/datafile/seiseki/report/2025/2025-1kyoto1.pdf,official_daily_result_pdf
202508010107,2025,京都,1,1,7,2025-02-01,https://www.jra.go.jp/datafile/seiseki/report/2025/2025-1kyoto1.pdf,official_daily_result_pdf
202508010108,2025,京都,1,1,8,2025-02-01,https://www.jra.go.jp/datafile/seiseki/report/2025/2025-1kyoto1.pdf,official_daily_result_pdf
202508010109,2025,京都,1,1,9,2025-02-01,https://www.jra.go.jp/datafile/seiseki/report/2025/2025-1kyoto1.pdf,official_daily_result_pdf
202508010110,2025,京都,1,1,10,2025-02-01,https://www.jra.go.jp/datafile/seiseki/report/2025/2025-1kyoto1.pdf,official_daily_result_pdf
202508010111,2025,京都,1,1,11,2025-02-01,https://www.jra.go.jp/datafile/seiseki/report/2025/2025-1kyoto1.pdf,official_daily_result_pdf
202508010112,2025,京都,1,1,12,2025-02-01,https://www.jra.go.jp/datafile/seiseki/report/2025/2025-1kyoto1.pdf,official_daily_result_pdf
202508010201,2025,京都,1,2,1,2025-02-02,https://www.jra.go.jp/datafile/seiseki/report/2025/2025-1kyoto2.pdf,official_daily_result_pdf
202508010202,2025,京都,1,2,2,2025-02-02,https://www.jra.go.jp/datafile/seiseki/report/2025/2025-1kyoto2.pdf,official_daily_result_pdf
202508010203,2025,京都,1,2,3,2025-02-02,https://www.jra.go.jp/datafile/seiseki/report/2025/2025-1kyoto2.pdf,official_daily_result_pdf
202508010204,2025,京都,1,2,4,2025-02-02,https://www.jra.go.jp/datafile/seiseki/report/2025/2025-1kyoto2.pdf,official_daily_result_pdf
202508010205,2025,京都,1,2,5,2025-02-02,https://www.jra.go.jp/datafile/seiseki/report/2025/2025-1kyoto2.pdf,official_daily_result_pdf
202508010206,2025,京都,1,2,6,2025-02-02,https://www.jra.go.jp/datafile/seiseki/report/2025/2025-1kyoto2.pdf,official_daily_result_pdf
202508010207,2025,京都,1,2,7,2025-02-02,https://www.jra.go.jp/datafile/seiseki/report/2025/2025-1kyoto2.pdf,official_daily_result_pdf
202508010208,2025,京都,1,2,8,2025-02-02,https://www.jra.go.jp/datafile/seiseki/report/2025/2025-1kyoto2.pdf,official_daily_result_pdf
202508010209,2025,京都,1,2,9,2025-02-02,https://www.jra.go.jp/datafile/seiseki/report/2025/2025-1kyoto2.pdf,official_daily_result_pdf
202508010210,2025,京都,1,2,10,2025-02-02,https://www.jra.go.jp/datafile/seiseki/report/2025/2025-1kyoto2.pdf,official_daily_result_pdf
202508010211,2025,京都,1,2,11,2025-02-02,https://www.jra.go.jp/datafile/seiseki/report/2025/2025-1kyoto2.pdf,official_daily_result_pdf
202508010212,2025,京都,1,2,12,2025-02-02,https://www.jra.go.jp/datafile/seiseki/report/2025/2025-1kyoto2.pdf,official_daily_result_pdf
202508010301,2025,京都,1,3,1,2025-02-10,https://www.jra.go.jp/datafile/seiseki/report/2025/2025-1kyoto3.pdf,official_daily_result_pdf
202508010302,2025,京都,1,3,2,2025-02-10,https://www.jra.go.jp/datafile/seiseki/report/2025/2025-1kyoto3.pdf,official_daily_result_pdf
202508010303,2025,京都,1,3,3,2025-02-10,https://www.jra.go.jp/datafile/seiseki/report/2025/2025-1kyoto3.pdf,official_daily_result_pdf
202508010304,2025,京都,1,3,4,2025-02-10,https://www.jra.go.jp/datafile/seiseki/report/2025/2025-1kyoto3.pdf,official_daily_result_pdf
202508010305,2025,京都,1,3,5,2025-02-10,https://www.jra.go.jp/datafile/seiseki/report/2025/2025-1kyoto3.pdf,official_daily_result_pdf
202508010306,2025,京都,1,3,6,2025-02-10,https://www.jra.go.jp/datafile/seiseki/report/2025/2025-1kyoto3.pdf,official_daily_result_pdf
202508010307,2025,京都,1,3,7,2025-02-10,https://www.jra.go.jp/datafile/seiseki/report/2025/2025-1kyoto3.pdf,official_daily_result_pdf
202508010308,2025,京都,1,3,8,2025-02-10,https://www.jra.go.jp/datafile/seiseki/report/2025/2025-1kyoto3.pdf,official_daily_result_pdf
202508010309,2025,京都,1,3,9,2025-02-10,https://www.jra.go.jp/datafile/seiseki/report/2025/2025-1kyoto3.pdf,official_daily_result_pdf
202508010310,2025,京都,1,3,10,2025-02-10,https://www.jra.go.jp/datafile/seiseki/report/2025/2025-1kyoto3.pdf,official_daily_result_pdf
202508010311,2025,京都,1,3,11,2025-02-10,https://www.jra.go.jp/datafile/seiseki/report/2025/2025-1kyoto3.pdf,official_daily_result_pdf
202508010312,2025,京都,1,3,12,2025-02-10,https://www.jra.go.jp/datafile/seiseki/report/2025/2025-1kyoto3.pdf,official_daily_result_pdf
202508010401,2025,京都,1,4,1,2025-02-09,https://www.jra.go.jp/datafile/seiseki/report/2025/2025-1kyoto4.pdf,official_daily_result_pdf
202508010402,2025,京都,1,4,2,2025-02-09,https://www.jra.go.jp/datafile/seiseki/report/2025/2025-1kyoto4.pdf,official_daily_result_pdf
202508010403,2025,京都,1,4,3,2025-02-09,https://www.jra.go.jp/datafile/seiseki/report/2025/2025-1kyoto4.pdf,official_daily_result_pdf
202508010404,2025,京都,1,4,4,2025-02-09,https://www.jra.go.jp/datafile/seiseki/report/2025/2025-1kyoto4.pdf,official_daily_result_pdf
202508010405,2025,京都,1,4,5,2025-02-09,https://www.jra.go.jp/datafile/seiseki/report/2025/2025-1kyoto4.pdf,official_daily_result_pdf
202508010406,2025,京都,1,4,6,2025-02-09,https://www.jra.go.jp/datafile/seiseki/report/2025/2025-1kyoto4.pdf,official_daily_result_pdf
202508010407,2025,京都,1,4,7,2025-02-09,https://www.jra.go.jp/datafile/seiseki/report/2025/2025-1kyoto4.pdf,official_daily_result_pdf
202508010408,2025,京都,1,4,8,2025-02-09,https://www.jra.go.jp/datafile/seiseki/report/2025/2025-1kyoto4.pdf,official_daily_result_pdf
202508010409,2025,京都,1,4,9,2025-02-09,https://www.jra.go.jp/datafile/seiseki/report/2025/2025-1kyoto4.pdf,official_daily_result_pdf
202508010410,2025,京都,1,4,10,2025-02-09,https://www.jra.go.jp/datafile/seiseki/report/2025/2025-1kyoto4.pdf,official_daily_result_pdf
202508010411,2025,京都,1,4,11,2025-02-09,https://www.jra.go.jp/datafile/seiseki/report/2025/2025-1kyoto4.pdf,official_daily_result_pdf
202508010412,2025,京都,1,4,12,2025-02-09,https://www.jra.go.jp/datafile/seiseki/report/2025/2025-1kyoto4.pdf,official_daily_result_pdf
202508010501,2025,京都,1,5,1,2025-02-15,https://www.jra.go.jp/datafile/seiseki/report/2025/2025-1kyoto5.pdf,official_daily_result_pdf
202508010502,2025,京都,1,5,2,2025-02-15,https://www.jra.go.jp/datafile/seiseki/report/2025/2025-1kyoto5.pdf,official_daily_result_pdf
202508010503,2025,京都,1,5,3,2025-02-15,https://www.jra.go.jp/datafile/seiseki/report/2025/2025-1kyoto5.pdf,official_daily_result_pdf
202508010504,2025,京都,1,5,4,2025-02-15,https://www.jra.go.jp/datafile/seiseki/report/2025/2025-1kyoto5.pdf,official_daily_result_pdf
202508010505,2025,京都,1,5,5,2025-02-15,https://www.jra.go.jp/datafile/seiseki/report/2025/2025-1kyoto5.pdf,official_daily_result_pdf
202508010506,2025,京都,1,5,6,2025-02-15,https://www.jra.go.jp/datafile/seiseki/report/2025/2025-1kyoto5.pdf,official_daily_result_pdf
202508010507,2025,京都,1,5,7,2025-02-15,https://www.jra.go.jp/datafile/seiseki/report/2025/2025-1kyoto5.pdf,official_daily_result_pdf
202508010508,2025,京都,1,5,8,2025-02-15,https://www.jra.go.jp/datafile/seiseki/report/2025/2025-1kyoto5.pdf,official_daily_result_pdf
202508010509,2025,京都,1,5,9,2025-02-15,https://www.jra.go.jp/datafile/seiseki/report/2025/2025-1kyoto5.pdf,official_daily_result_pdf
202508010510,2025,京都,1,5,10,2025-02-15,https://www.jra.go.jp/datafile/seiseki/report/2025/2025-1kyoto5.pdf,official_daily_result_pdf
202508010511,2025,京都,1,5,11,2025-02-15,https://www.jra.go.jp/datafile/seiseki/report/2025/2025-1kyoto5.pdf,official_daily_result_pdf
202508010512,2025,京都,1,5,12,2025-02-15,https://www.jra.go.jp/datafile/seiseki/report/2025/2025-1kyoto5.pdf,official_daily_result_pdf
202508010601,2025,京都,1,6,1,2025-02-16,https://www.jra.go.jp/datafile/seiseki/report/2025/2025-1kyoto6.pdf,official_daily_result_pdf
202508010602,2025,京都,1,6,2,2025-02-16,https://www.jra.go.jp/datafile/seiseki/report/2025/2025-1kyoto6.pdf,official_daily_result_pdf
202508010603,2025,京都,1,6,3,2025-02-16,https://www.jra.go.jp/datafile/seiseki/report/2025/2025-1kyoto6.pdf,official_daily_result_pdf
202508010604,2025,京都,1,6,4,2025-02-16,https://www.jra.go.jp/datafile/seiseki/report/2025/2025-1kyoto6.pdf,official_daily_result_pdf
202508010605,2025,京都,1,6,5,2025-02-16,https://www.jra.go.jp/datafile/seiseki/report/2025/2025-1kyoto6.pdf,official_daily_result_pdf
202508010606,2025,京都,1,6,6,2025-02-16,https://www.jra.go.jp/datafile/seiseki/report/2025/2025-1kyoto6.pdf,official_daily_result_pdf
202508010607,2025,京都,1,6,7,2025-02-16,https://www.jra.go.jp/datafile/seiseki/report/2025/2025-1kyoto6.pdf,official_daily_result_pdf
202508010608,2025,京都,1,6,8,2025-02-16,https://www.jra.go.jp/datafile/seiseki/report/2025/2025-1kyoto6.pdf,official_daily_result_pdf
202508010609,2025,京都,1,6,9,2025-02-16,https://www.jra.go.jp/datafile/seiseki/report/2025/2025-1kyoto6.pdf,official_daily_result_pdf
202508010610,2025,京都,1,6,10,2025-02-16,https://www.jra.go.jp/datafile/seiseki/report/2025/2025-1kyoto6.pdf,official_daily_result_pdf
202508010611,2025,京都,1,6,11,2025-02-16,https://www.jra.go.jp/datafile/seiseki/report/2025/2025-1kyoto6.pdf,official_daily_result_pdf
202508010612,2025,京都,1,6,12,2025-02-16,https://www.jra.go.jp/datafile/seiseki/report/2025/2025-1kyoto6.pdf,official_daily_result_pdf
202508010701,2025,京都,1,7,1,2025-02-22,https://www.jra.go.jp/datafile/seiseki/report/2025/2025-1kyoto7.pdf,official_daily_result_pdf
202508010702,2025,京都,1,7,2,2025-02-22,https://www.jra.go.jp/datafile/seiseki/report/2025/2025-1kyoto7.pdf,official_daily_result_pdf
202508010703,2025,京都,1,7,3,2025-02-22,https://www.jra.go.jp/datafile/seiseki/report/2025/2025-1kyoto7.pdf,official_daily_result_pdf
202508010704,2025,京都,1,7,4,2025-02-22,https://www.jra.go.jp/datafile/seiseki/report/2025/2025-1kyoto7.pdf,official_daily_result_pdf
202508010705,2025,京都,1,7,5,2025-02-22,https://www.jra.go.jp/datafile/seiseki/report/2025/2025-1kyoto7.pdf,official_daily_result_pdf
202508010706,2025,京都,1,7,6,2025-02-22,https://www.jra.go.jp/datafile/seiseki/report/2025/2025-1kyoto7.pdf,official_daily_result_pdf
202508010707,2025,京都,1,7,7,2025-02-22,https://www.jra.go.jp/datafile/seiseki/report/2025/2025-1kyoto7.pdf,official_daily_result_pdf
202508010708,2025,京都,1,7,8,2025-02-22,https://www.jra.go.jp/datafile/seiseki/report/2025/2025-1kyoto7.pdf,official_daily_result_pdf
202508010709,2025,京都,1,7,9,2025-02-22,https://www.jra.go.jp/datafile/seiseki/report/2025/2025-1kyoto7.pdf,official_daily_result_pdf
202508010710,2025,京都,1,7,10,2025-02-22,https://www.jra.go.jp/datafile/seiseki/report/2025/2025-1kyoto7.pdf,official_daily_result_pdf
202508010711,2025,京都,1,7,11,2025-02-22,https://www.jra.go.jp/datafile/seiseki/report/2025/2025-1kyoto7.pdf,official_daily_result_pdf
202508010712,2025,京都,1,7,12,2025-02-22,https://www.jra.go.jp/datafile/seiseki/report/2025/2025-1kyoto7.pdf,official_daily_result_pdf
202508010801,2025,京都,1,8,1,2025-02-23,https://www.jra.go.jp/datafile/seiseki/report/2025/2025-1kyoto8.pdf,official_daily_result_pdf
202508010802,2025,京都,1,8,2,2025-02-23,https://www.jra.go.jp/datafile/seiseki/report/2025/2025-1kyoto8.pdf,official_daily_result_pdf
202508010803,2025,京都,1,8,3,2025-02-23,https://www.jra.go.jp/datafile/seiseki/report/2025/2025-1kyoto8.pdf,official_daily_result_pdf
202508010804,2025,京都,1,8,4,2025-02-23,https://www.jra.go.jp/datafile/seiseki/report/2025/2025-1kyoto8.pdf,official_daily_result_pdf
202508010805,2025,京都,1,8,5,2025-02-23,https://www.jra.go.jp/datafile/seiseki/report/2025/2025-1kyoto8.pdf,official_daily_result_pdf
202508010806,2025,京都,1,8,6,2025-02-23,https://www.jra.go.jp/datafile/seiseki/report/2025/2025-1kyoto8.pdf,official_daily_result_pdf
202508010807,2025,京都,1,8,7,2025-02-23,https://www.jra.go.jp/datafile/seiseki/report/2025/2025-1kyoto8.pdf,official_daily_result_pdf
202508010808,2025,京都,1,8,8,2025-02-23,https://www.jra.go.jp/datafile/seiseki/report/2025/2025-1kyoto8.pdf,official_daily_result_pdf
202508010809,2025,京都,1,8,9,2025-02-23,https://www.jra.go.jp/datafile/seiseki/report/2025/2025-1kyoto8.pdf,official_daily_result_pdf
202508010810,2025,京都,1,8,10,2025-02-23,https://www.jra.go.jp/datafile/seiseki/report/2025/2025-1kyoto8.pdf,official_daily_result_pdf
202508010811,2025,京都,1,8,11,2025-02-23,https://www.jra.go.jp/datafile/seiseki/report/2025/2025-1kyoto8.pdf,official_daily_result_pdf
202508010812,2025,京都,1,8,12,2025-02-23,https://www.jra.go.jp/datafile/seiseki/report/2025/2025-1kyoto8.pdf,official_daily_result_pdf
202508020101,2025,京都,2,1,1,2025-04-26,https://www.jra.go.jp/datafile/seiseki/report/2025/2025-2kyoto1.pdf,official_daily_result_pdf
202508020102,2025,京都,2,1,2,2025-04-26,https://www.jra.go.jp/datafile/seiseki/report/2025/2025-2kyoto1.pdf,official_daily_result_pdf
202508020103,2025,京都,2,1,3,2025-04-26,https://www.jra.go.jp/datafile/seiseki/report/2025/2025-2kyoto1.pdf,official_daily_result_pdf
202508020104,2025,京都,2,1,4,2025-04-26,https://www.jra.go.jp/datafile/seiseki/report/2025/2025-2kyoto1.pdf,official_daily_result_pdf
202508020105,2025,京都,2,1,5,2025-04-26,https://www.jra.go.jp/datafile/seiseki/report/2025/2025-2kyoto1.pdf,official_daily_result_pdf
202508020106,2025,京都,2,1,6,2025-04-26,https://www.jra.go.jp/datafile/seiseki/report/2025/2025-2kyoto1.pdf,official_daily_result_pdf
202508020107,2025,京都,2,1,7,2025-04-26,https://www.jra.go.jp/datafile/seiseki/report/2025/2025-2kyoto1.pdf,official_daily_result_pdf
202508020108,2025,京都,2,1,8,2025-04-26,https://www.jra.go.jp/datafile/seiseki/report/2025/2025-2kyoto1.pdf,official_daily_result_pdf
202508020109,2025,京都,2,1,9,2025-04-26,https://www.jra.go.jp/datafile/seiseki/report/2025/2025-2kyoto1.pdf,official_daily_result_pdf
202508020110,2025,京都,2,1,10,2025-04-26,https://www.jra.go.jp/datafile/seiseki/report/2025/2025-2kyoto1.pdf,official_daily_result_pdf
202508020111,2025,京都,2,1,11,2025-04-26,https://www.jra.go.jp/datafile/seiseki/report/2025/2025-2kyoto1.pdf,official_daily_result_pdf
202508020112,2025,京都,2,1,12,2025-04-26,https://www.jra.go.jp/datafile/seiseki/report/2025/2025-2kyoto1.pdf,official_daily_result_pdf
202508020201,2025,京都,2,2,1,2025-04-27,https://www.jra.go.jp/datafile/seiseki/report/2025/2025-2kyoto2.pdf,official_daily_result_pdf
202508020202,2025,京都,2,2,2,2025-04-27,https://www.jra.go.jp/datafile/seiseki/report/2025/2025-2kyoto2.pdf,official_daily_result_pdf
202508020203,2025,京都,2,2,3,2025-04-27,https://www.jra.go.jp/datafile/seiseki/report/2025/2025-2kyoto2.pdf,official_daily_result_pdf
202508020204,2025,京都,2,2,4,2025-04-27,https://www.jra.go.jp/datafile/seiseki/report/2025/2025-2kyoto2.pdf,official_daily_result_pdf
202508020205,2025,京都,2,2,5,2025-04-27,https://www.jra.go.jp/datafile/seiseki/report/2025/2025-2kyoto2.pdf,official_daily_result_pdf
202508020206,2025,京都,2,2,6,2025-04-27,https://www.jra.go.jp/datafile/seiseki/report/2025/2025-2kyoto2.pdf,official_daily_result_pdf
202508020207,2025,京都,2,2,7,2025-04-27,https://www.jra.go.jp/datafile/seiseki/report/2025/2025-2kyoto2.pdf,official_daily_result_pdf
202508020208,2025,京都,2,2,8,2025-04-27,https://www.jra.go.jp/datafile/seiseki/report/2025/2025-2kyoto2.pdf,official_daily_result_pdf
202508020209,2025,京都,2,2,9,2025-04-27,https://www.jra.go.jp/datafile/seiseki/report/2025/2025-2kyoto2.pdf,official_daily_result_pdf
202508020210,2025,京都,2,2,10,2025-04-27,https://www.jra.go.jp/datafile/seiseki/report/2025/2025-2kyoto2.pdf,official_daily_result_pdf
202508020211,2025,京都,2,2,11,2025-04-27,https://www.jra.go.jp/datafile/seiseki/report/2025/2025-2kyoto2.pdf,official_daily_result_pdf
202508020212,2025,京都,2,2,12,2025-04-27,https://www.jra.go.jp/datafile/seiseki/report/2025/2025-2kyoto2.pdf,official_daily_result_pdf
202508020301,2025,京都,2,3,1,2025-05-03,https://www.jra.go.jp/datafile/seiseki/report/2025/2025-2kyoto3.pdf,official_daily_result_pdf
202508020302,2025,京都,2,3,2,2025-05-03,https://www.jra.go.jp/datafile/seiseki/report/2025/2025-2kyoto3.pdf,official_daily_result_pdf
202508020303,2025,京都,2,3,3,2025-05-03,https://www.jra.go.jp/datafile/seiseki/report/2025/2025-2kyoto3.pdf,official_daily_result_pdf
202508020304,2025,京都,2,3,4,2025-05-03,https://www.jra.go.jp/datafile/seiseki/report/2025/2025-2kyoto3.pdf,official_daily_result_pdf
202508020305,2025,京都,2,3,5,2025-05-03,https://www.jra.go.jp/datafile/seiseki/report/2025/2025-2kyoto3.pdf,official_daily_result_pdf
202508020306,2025,京都,2,3,6,2025-05-03,https://www.jra.go.jp/datafile/seiseki/report/2025/2025-2kyoto3.pdf,official_daily_result_pdf
202508020307,2025,京都,2,3,7,2025-05-03,https://www.jra.go.jp/datafile/seiseki/report/2025/2025-2kyoto3.pdf,official_daily_result_pdf
202508020308,2025,京都,2,3,8,2025-05-03,https://www.jra.go.jp/datafile/seiseki/report/2025/2025-2kyoto3.pdf,official_daily_result_pdf
202508020309,2025,京都,2,3,9,2025-05-03,https://www.jra.go.jp/datafile/seiseki/report/2025/2025-2kyoto3.pdf,official_daily_result_pdf
202508020310,2025,京都,2,3,10,2025-05-03,https://www.jra.go.jp/datafile/seiseki/report/2025/2025-2kyoto3.pdf,official_daily_result_pdf
202508020311,2025,京都,2,3,11,2025-05-03,https://www.jra.go.jp/datafile/seiseki/report/2025/2025-2kyoto3.pdf,official_daily_result_pdf
202508020312,2025,京都,2,3,12,2025-05-03,https://www.jra.go.jp/datafile/seiseki/report/2025/2025-2kyoto3.pdf,official_daily_result_pdf
202508020401,2025,京都,2,4,1,2025-05-04,https://www.jra.go.jp/datafile/seiseki/report/2025/2025-2kyoto4.pdf,official_daily_result_pdf
202508020402,2025,京都,2,4,2,2025-05-04,https://www.jra.go.jp/datafile/seiseki/report/2025/2025-2kyoto4.pdf,official_daily_result_pdf
202508020403,2025,京都,2,4,3,2025-05-04,https://www.jra.go.jp/datafile/seiseki/report/2025/2025-2kyoto4.pdf,official_daily_result_pdf
202508020404,2025,京都,2,4,4,2025-05-04,https://www.jra.go.jp/datafile/seiseki/report/2025/2025-2kyoto4.pdf,official_daily_result_pdf
202508020405,2025,京都,2,4,5,2025-05-04,https://www.jra.go.jp/datafile/seiseki/report/2025/2025-2kyoto4.pdf,official_daily_result_pdf
202508020406,2025,京都,2,4,6,2025-05-04,https://www.jra.go.jp/datafile/seiseki/report/2025/2025-2kyoto4.pdf,official_daily_result_pdf
202508020407,2025,京都,2,4,7,2025-05-04,https://www.jra.go.jp/datafile/seiseki/report/2025/2025-2kyoto4.pdf,official_daily_result_pdf
202508020408,2025,京都,2,4,8,2025-05-04,https://www.jra.go.jp/datafile/seiseki/report/2025/2025-2kyoto4.pdf,official_daily_result_pdf
202508020409,2025,京都,2,4,9,2025-05-04,https://www.jra.go.jp/datafile/seiseki/report/2025/2025-2kyoto4.pdf,official_daily_result_pdf
202508020410,2025,京都,2,4,10,2025-05-04,https://www.jra.go.jp/datafile/seiseki/report/2025/2025-2kyoto4.pdf,official_daily_result_pdf
202508020411,2025,京都,2,4,11,2025-05-04,https://www.jra.go.jp/datafile/seiseki/report/2025/2025-2kyoto4.pdf,official_daily_result_pdf
202508020412,2025,京都,2,4,12,2025-05-04,https://www.jra.go.jp/datafile/seiseki/report/2025/2025-2kyoto4.pdf,official_daily_result_pdf
202508020501,2025,京都,2,5,1,2025-05-10,https://www.jra.go.jp/datafile/seiseki/report/2025/2025-2kyoto5.pdf,official_daily_result_pdf
202508020502,2025,京都,2,5,2,2025-05-10,https://www.jra.go.jp/datafile/seiseki/report/2025/2025-2kyoto5.pdf,official_daily_result_pdf
202508020503,2025,京都,2,5,3,2025-05-10,https://www.jra.go.jp/datafile/seiseki/report/2025/2025-2kyoto5.pdf,official_daily_result_pdf
202508020504,2025,京都,2,5,4,2025-05-10,https://www.jra.go.jp/datafile/seiseki/report/2025/2025-2kyoto5.pdf,official_daily_result_pdf
202508020505,2025,京都,2,5,5,2025-05-10,https://www.jra.go.jp/datafile/seiseki/report/2025/2025-2kyoto5.pdf,official_daily_result_pdf
202508020506,2025,京都,2,5,6,2025-05-10,https://www.jra.go.jp/datafile/seiseki/report/2025/2025-2kyoto5.pdf,official_daily_result_pdf
202508020507,2025,京都,2,5,7,2025-05-10,https://www.jra.go.jp/datafile/seiseki/report/2025/2025-2kyoto5.pdf,official_daily_result_pdf
202508020508,2025,京都,2,5,8,2025-05-10,https://www.jra.go.jp/datafile/seiseki/report/2025/2025-2kyoto5.pdf,official_daily_result_pdf
202508020509,2025,京都,2,5,9,2025-05-10,https://www.jra.go.jp/datafile/seiseki/report/2025/2025-2kyoto5.pdf,official_daily_result_pdf
202508020510,2025,京都,2,5,10,2025-05-10,https://www.jra.go.jp/datafile/seiseki/report/2025/2025-2kyoto5.pdf,official_daily_result_pdf
202508020511,2025,京都,2,5,11,2025-05-10,https://www.jra.go.jp/datafile/seiseki/report/2025/2025-2kyoto5.pdf,official_daily_result_pdf
202508020512,2025,京都,2,5,12,2025-05-10,https://www.jra.go.jp/datafile/seiseki/report/2025/2025-2kyoto5.pdf,official_daily_result_pdf
202508020601,2025,京都,2,6,1,2025-05-11,https://www.jra.go.jp/datafile/seiseki/report/2025/2025-2kyoto6.pdf,official_daily_result_pdf
202508020602,2025,京都,2,6,2,2025-05-11,https://www.jra.go.jp/datafile/seiseki/report/2025/2025-2kyoto6.pdf,official_daily_result_pdf
202508020603,2025,京都,2,6,3,2025-05-11,https://www.jra.go.jp/datafile/seiseki/report/2025/2025-2kyoto6.pdf,official_daily_result_pdf
202508020604,2025,京都,2,6,4,2025-05-11,https://www.jra.go.jp/datafile/seiseki/report/2025/2025-2kyoto6.pdf,official_daily_result_pdf
202508020605,2025,京都,2,6,5,2025-05-11,https://www.jra.go.jp/datafile/seiseki/report/2025/2025-2kyoto6.pdf,official_daily_result_pdf
202508020606,2025,京都,2,6,6,2025-05-11,https://www.jra.go.jp/datafile/seiseki/report/2025/2025-2kyoto6.pdf,official_daily_result_pdf
202508020607,2025,京都,2,6,7,2025-05-11,https://www.jra.go.jp/datafile/seiseki/report/2025/2025-2kyoto6.pdf,official_daily_result_pdf
202508020608,2025,京都,2,6,8,2025-05-11,https://www.jra.go.jp/datafile/seiseki/report/2025/2025-2kyoto6.pdf,official_daily_result_pdf
202508020609,2025,京都,2,6,9,2025-05-11,https://www.jra.go.jp/datafile/seiseki/report/2025/2025-2kyoto6.pdf,official_daily_result_pdf
202508020610,2025,京都,2,6,10,2025-05-11,https://www.jra.go.jp/datafile/seiseki/report/2025/2025-2kyoto6.pdf,official_daily_result_pdf
202508020611,2025,京都,2,6,11,2025-05-11,https://www.jra.go.jp/datafile/seiseki/report/2025/2025-2kyoto6.pdf,official_daily_result_pdf
202508020612,2025,京都,2,6,12,2025-05-11,https://www.jra.go.jp/datafile/seiseki/report/2025/2025-2kyoto6.pdf,official_daily_result_pdf
202508020701,2025,京都,2,7,1,2025-05-17,https://www.jra.go.jp/datafile/seiseki/report/2025/2025-2kyoto7.pdf,official_daily_result_pdf
202508020702,2025,京都,2,7,2,2025-05-17,https://www.jra.go.jp/datafile/seiseki/report/2025/2025-2kyoto7.pdf,official_daily_result_pdf
202508020703,2025,京都,2,7,3,2025-05-17,https://www.jra.go.jp/datafile/seiseki/report/2025/2025-2kyoto7.pdf,official_daily_result_pdf
202508020704,2025,京都,2,7,4,2025-05-17,https://www.jra.go.jp/datafile/seiseki/report/2025/2025-2kyoto7.pdf,official_daily_result_pdf
202508020705,2025,京都,2,7,5,2025-05-17,https://www.jra.go.jp/datafile/seiseki/report/2025/2025-2kyoto7.pdf,official_daily_result_pdf
202508020706,2025,京都,2,7,6,2025-05-17,https://www.jra.go.jp/datafile/seiseki/report/2025/2025-2kyoto7.pdf,official_daily_result_pdf
202508020707,2025,京都,2,7,7,2025-05-17,https://www.jra.go.jp/datafile/seiseki/report/2025/2025-2kyoto7.pdf,official_daily_result_pdf
202508020708,2025,京都,2,7,8,2025-05-17,https://www.jra.go.jp/datafile/seiseki/report/2025/2025-2kyoto7.pdf,official_daily_result_pdf
202508020709,2025,京都,2,7,9,2025-05-17,https://www.jra.go.jp/datafile/seiseki/report/2025/2025-2kyoto7.pdf,official_daily_result_pdf
202508020710,2025,京都,2,7,10,2025-05-17,https://www.jra.go.jp/datafile/seiseki/report/2025/2025-2kyoto7.pdf,official_daily_result_pdf
202508020711,2025,京都,2,7,11,2025-05-17,https://www.jra.go.jp/datafile/seiseki/report/2025/2025-2kyoto7.pdf,official_daily_result_pdf
202508020712,2025,京都,2,7,12,2025-05-17,https://www.jra.go.jp/datafile/seiseki/report/2025/2025-2kyoto7.pdf,official_daily_result_pdf
202508020801,2025,京都,2,8,1,2025-05-18,https://www.jra.go.jp/datafile/seiseki/report/2025/2025-2kyoto8.pdf,official_daily_result_pdf
202508020802,2025,京都,2,8,2,2025-05-18,https://www.jra.go.jp/datafile/seiseki/report/2025/2025-2kyoto8.pdf,official_daily_result_pdf
202508020803,2025,京都,2,8,3,2025-05-18,https://www.jra.go.jp/datafile/seiseki/report/2025/2025-2kyoto8.pdf,official_daily_result_pdf
202508020804,2025,京都,2,8,4,2025-05-18,https://www.jra.go.jp/datafile/seiseki/report/2025/2025-2kyoto8.pdf,official_daily_result_pdf
202508020805,2025,京都,2,8,5,2025-05-18,https://www.jra.go.jp/datafile/seiseki/report/2025/2025-2kyoto8.pdf,official_daily_result_pdf
202508020806,2025,京都,2,8,6,2025-05-18,https://www.jra.go.jp/datafile/seiseki/report/2025/2025-2kyoto8.pdf,official_daily_result_pdf
202508020807,2025,京都,2,8,7,2025-05-18,https://www.jra.go.jp/datafile/seiseki/report/2025/2025-2kyoto8.pdf,official_daily_result_pdf
202508020808,2025,京都,2,8,8,2025-05-18,https://www.jra.go.jp/datafile/seiseki/report/2025/2025-2kyoto8.pdf,official_daily_result_pdf
202508020809,2025,京都,2,8,9,2025-05-18,https://www.jra.go.jp/datafile/seiseki/report/2025/2025-2kyoto8.pdf,official_daily_result_pdf
202508020810,2025,京都,2,8,10,2025-05-18,https://www.jra.go.jp/datafile/seiseki/report/2025/2025-2kyoto8.pdf,official_daily_result_pdf
202508020811,2025,京都,2,8,11,2025-05-18,https://www.jra.go.jp/datafile/seiseki/report/2025/2025-2kyoto8.pdf,official_daily_result_pdf
202508020812,2025,京都,2,8,12,2025-05-18,https://www.jra.go.jp/datafile/seiseki/report/2025/2025-2kyoto8.pdf,official_daily_result_pdf
202508020901,2025,京都,2,9,1,2025-05-24,https://www.jra.go.jp/datafile/seiseki/report/2025/2025-2kyoto9.pdf,official_daily_result_pdf
202508020902,2025,京都,2,9,2,2025-05-24,https://www.jra.go.jp/datafile/seiseki/report/2025/2025-2kyoto9.pdf,official_daily_result_pdf
202508020903,2025,京都,2,9,3,2025-05-24,https://www.jra.go.jp/datafile/seiseki/report/2025/2025-2kyoto9.pdf,official_daily_result_pdf
202508020904,2025,京都,2,9,4,2025-05-24,https://www.jra.go.jp/datafile/seiseki/report/2025/2025-2kyoto9.pdf,official_daily_result_pdf
202508020905,2025,京都,2,9,5,2025-05-24,https://www.jra.go.jp/datafile/seiseki/report/2025/2025-2kyoto9.pdf,official_daily_result_pdf
202508020906,2025,京都,2,9,6,2025-05-24,https://www.jra.go.jp/datafile/seiseki/report/2025/2025-2kyoto9.pdf,official_daily_result_pdf
202508020907,2025,京都,2,9,7,2025-05-24,https://www.jra.go.jp/datafile/seiseki/report/2025/2025-2kyoto9.pdf,official_daily_result_pdf
202508020908,2025,京都,2,9,8,2025-05-24,https://www.jra.go.jp/datafile/seiseki/report/2025/2025-2kyoto9.pdf,official_daily_result_pdf
202508020909,2025,京都,2,9,9,2025-05-24,https://www.jra.go.jp/datafile/seiseki/report/2025/2025-2kyoto9.pdf,official_daily_result_pdf
202508020910,2025,京都,2,9,10,2025-05-24,https://www.jra.go.jp/datafile/seiseki/report/2025/2025-2kyoto9.pdf,official_daily_result_pdf
202508020911,2025,京都,2,9,11,2025-05-24,https://www.jra.go.jp/datafile/seiseki/report/2025/2025-2kyoto9.pdf,official_daily_result_pdf
202508020912,2025,京都,2,9,12,2025-05-24,https://www.jra.go.jp/datafile/seiseki/report/2025/2025-2kyoto9.pdf,official_daily_result_pdf
202508021001,2025,京都,2,10,1,2025-05-25,https://www.jra.go.jp/datafile/seiseki/report/2025/2025-2kyoto10.pdf,official_daily_result_pdf
202508021002,2025,京都,2,10,2,2025-05-25,https://www.jra.go.jp/datafile/seiseki/report/2025/2025-2kyoto10.pdf,official_daily_result_pdf
202508021003,2025,京都,2,10,3,2025-05-25,https://www.jra.go.jp/datafile/seiseki/report/2025/2025-2kyoto10.pdf,official_daily_result_pdf
202508021004,2025,京都,2,10,4,2025-05-25,https://www.jra.go.jp/datafile/seiseki/report/2025/2025-2kyoto10.pdf,official_daily_result_pdf
202508021005,2025,京都,2,10,5,2025-05-25,https://www.jra.go.jp/datafile/seiseki/report/2025/2025-2kyoto10.pdf,official_daily_result_pdf
202508021006,2025,京都,2,10,6,2025-05-25,https://www.jra.go.jp/datafile/seiseki/report/2025/2025-2kyoto10.pdf,official_daily_result_pdf
202508021007,2025,京都,2,10,7,2025-05-25,https://www.jra.go.jp/datafile/seiseki/report/2025/2025-2kyoto10.pdf,official_daily_result_pdf
202508021008,2025,京都,2,10,8,2025-05-25,https://www.jra.go.jp/datafile/seiseki/report/2025/2025-2kyoto10.pdf,official_daily_result_pdf
202508021009,2025,京都,2,10,9,2025-05-25,https://www.jra.go.jp/datafile/seiseki/report/2025/2025-2kyoto10.pdf,official_daily_result_pdf
202508021010,2025,京都,2,10,10,2025-05-25,https://www.jra.go.jp/datafile/seiseki/report/2025/2025-2kyoto10.pdf,official_daily_result_pdf
202508021011,2025,京都,2,10,11,2025-05-25,https://www.jra.go.jp/datafile/seiseki/report/2025/2025-2kyoto10.pdf,official_daily_result_pdf
202508021012,2025,京都,2,10,12,2025-05-25,https://www.jra.go.jp/datafile/seiseki/report/2025/2025-2kyoto10.pdf,official_daily_result_pdf
202508021101,2025,京都,2,11,1,2025-05-31,https://www.jra.go.jp/datafile/seiseki/report/2025/2025-2kyoto11.pdf,official_daily_result_pdf
202508021102,2025,京都,2,11,2,2025-05-31,https://www.jra.go.jp/datafile/seiseki/report/2025/2025-2kyoto11.pdf,official_daily_result_pdf
202508021103,2025,京都,2,11,3,2025-05-31,https://www.jra.go.jp/datafile/seiseki/report/2025/2025-2kyoto11.pdf,official_daily_result_pdf
202508021104,2025,京都,2,11,4,2025-05-31,https://www.jra.go.jp/datafile/seiseki/report/2025/2025-2kyoto11.pdf,official_daily_result_pdf
202508021105,2025,京都,2,11,5,2025-05-31,https://www.jra.go.jp/datafile/seiseki/report/2025/2025-2kyoto11.pdf,official_daily_result_pdf
202508021106,2025,京都,2,11,6,2025-05-31,https://www.jra.go.jp/datafile/seiseki/report/2025/2025-2kyoto11.pdf,official_daily_result_pdf
202508021107,2025,京都,2,11,7,2025-05-31,https://www.jra.go.jp/datafile/seiseki/report/2025/2025-2kyoto11.pdf,official_daily_result_pdf
202508021108,2025,京都,2,11,8,2025-05-31,https://www.jra.go.jp/datafile/seiseki/report/2025/2025-2kyoto11.pdf,official_daily_result_pdf
202508021109,2025,京都,2,11,9,2025-05-31,https://www.jra.go.jp/datafile/seiseki/report/2025/2025-2kyoto11.pdf,official_daily_result_pdf
202508021110,2025,京都,2,11,10,2025-05-31,https://www.jra.go.jp/datafile/seiseki/report/2025/2025-2kyoto11.pdf,official_daily_result_pdf
202508021111,2025,京都,2,11,11,2025-05-31,https://www.jra.go.jp/datafile/seiseki/report/2025/2025-2kyoto11.pdf,official_daily_result_pdf
202508021112,2025,京都,2,11,12,2025-05-31,https://www.jra.go.jp/datafile/seiseki/report/2025/2025-2kyoto11.pdf,official_daily_result_pdf
202508021201,2025,京都,2,12,1,2025-06-01,https://www.jra.go.jp/datafile/seiseki/report/2025/2025-2kyoto12.pdf,official_daily_result_pdf
202508021202,2025,京都,2,12,2,2025-06-01,https://www.jra.go.jp/datafile/seiseki/report/2025/2025-2kyoto12.pdf,official_daily_result_pdf
202508021203,2025,京都,2,12,3,2025-06-01,https://www.jra.go.jp/datafile/seiseki/report/2025/2025-2kyoto12.pdf,official_daily_result_pdf
202508021204,2025,京都,2,12,4,2025-06-01,https://www.jra.go.jp/datafile/seiseki/report/2025/2025-2kyoto12.pdf,official_daily_result_pdf
202508021205,2025,京都,2,12,5,2025-06-01,https://www.jra.go.jp/datafile/seiseki/report/2025/2025-2kyoto12.pdf,official_daily_result_pdf
202508021206,2025,京都,2,12,6,2025-06-01,https://www.jra.go.jp/datafile/seiseki/report/2025/2025-2kyoto12.pdf,official_daily_result_pdf
202508021207,2025,京都,2,12,7,2025-06-01,https://www.jra.go.jp/datafile/seiseki/report/2025/2025-2kyoto12.pdf,official_daily_result_pdf
202508021208,2025,京都,2,12,8,2025-06-01,https://www.jra.go.jp/datafile/seiseki/report/2025/2025-2kyoto12.pdf,official_daily_result_pdf
202508021209,2025,京都,2,12,9,2025-06-01,https://www.jra.go.jp/datafile/seiseki/report/2025/2025-2kyoto12.pdf,official_daily_result_pdf
202508021210,2025,京都,2,12,10,2025-06-01,https://www.jra.go.jp/datafile/seiseki/report/2025/2025-2kyoto12.pdf,official_daily_result_pdf
202508021211,2025,京都,2,12,11,2025-06-01,https://www.jra.go.jp/datafile/seiseki/report/2025/2025-2kyoto12.pdf,official_daily_result_pdf
202508021212,2025,京都,2,12,12,2025-06-01,https://www.jra.go.jp/datafile/seiseki/report/2025/2025-2kyoto12.pdf,official_daily_result_pdf
202508030101,2025,京都,3,1,1,2025-10-04,https://www.jra.go.jp/datafile/seiseki/report/2025/2025-3kyoto1.pdf,official_daily_result_pdf
202508030102,2025,京都,3,1,2,2025-10-04,https://www.jra.go.jp/datafile/seiseki/report/2025/2025-3kyoto1.pdf,official_daily_result_pdf
202508030103,2025,京都,3,1,3,2025-10-04,https://www.jra.go.jp/datafile/seiseki/report/2025/2025-3kyoto1.pdf,official_daily_result_pdf
202508030104,2025,京都,3,1,4,2025-10-04,https://www.jra.go.jp/datafile/seiseki/report/2025/2025-3kyoto1.pdf,official_daily_result_pdf
202508030105,2025,京都,3,1,5,2025-10-04,https://www.jra.go.jp/datafile/seiseki/report/2025/2025-3kyoto1.pdf,official_daily_result_pdf
202508030106,2025,京都,3,1,6,2025-10-04,https://www.jra.go.jp/datafile/seiseki/report/2025/2025-3kyoto1.pdf,official_daily_result_pdf
202508030107,2025,京都,3,1,7,2025-10-04,https://www.jra.go.jp/datafile/seiseki/report/2025/2025-3kyoto1.pdf,official_daily_result_pdf
202508030108,2025,京都,3,1,8,2025-10-04,https://www.jra.go.jp/datafile/seiseki/report/2025/2025-3kyoto1.pdf,official_daily_result_pdf
202508030109,2025,京都,3,1,9,2025-10-04,https://www.jra.go.jp/datafile/seiseki/report/2025/2025-3kyoto1.pdf,official_daily_result_pdf
202508030110,2025,京都,3,1,10,2025-10-04,https://www.jra.go.jp/datafile/seiseki/report/2025/2025-3kyoto1.pdf,official_daily_result_pdf
202508030111,2025,京都,3,1,11,2025-10-04,https://www.jra.go.jp/datafile/seiseki/report/2025/2025-3kyoto1.pdf,official_daily_result_pdf
202508030112,2025,京都,3,1,12,2025-10-04,https://www.jra.go.jp/datafile/seiseki/report/2025/2025-3kyoto1.pdf,official_daily_result_pdf
202508030201,2025,京都,3,2,1,2025-10-05,https://www.jra.go.jp/datafile/seiseki/report/2025/2025-3kyoto2.pdf,official_daily_result_pdf
202508030202,2025,京都,3,2,2,2025-10-05,https://www.jra.go.jp/datafile/seiseki/report/2025/2025-3kyoto2.pdf,official_daily_result_pdf
202508030203,2025,京都,3,2,3,2025-10-05,https://www.jra.go.jp/datafile/seiseki/report/2025/2025-3kyoto2.pdf,official_daily_result_pdf
202508030204,2025,京都,3,2,4,2025-10-05,https://www.jra.go.jp/datafile/seiseki/report/2025/2025-3kyoto2.pdf,official_daily_result_pdf
202508030205,2025,京都,3,2,5,2025-10-05,https://www.jra.go.jp/datafile/seiseki/report/2025/2025-3kyoto2.pdf,official_daily_result_pdf
202508030206,2025,京都,3,2,6,2025-10-05,https://www.jra.go.jp/datafile/seiseki/report/2025/2025-3kyoto2.pdf,official_daily_result_pdf
202508030207,2025,京都,3,2,7,2025-10-05,https://www.jra.go.jp/datafile/seiseki/report/2025/2025-3kyoto2.pdf,official_daily_result_pdf
202508030208,2025,京都,3,2,8,2025-10-05,https://www.jra.go.jp/datafile/seiseki/report/2025/2025-3kyoto2.pdf,official_daily_result_pdf
202508030209,2025,京都,3,2,9,2025-10-05,https://www.jra.go.jp/datafile/seiseki/report/2025/2025-3kyoto2.pdf,official_daily_result_pdf
202508030210,2025,京都,3,2,10,2025-10-05,https://www.jra.go.jp/datafile/seiseki/report/2025/2025-3kyoto2.pdf,official_daily_result_pdf
202508030211,2025,京都,3,2,11,2025-10-05,https://www.jra.go.jp/datafile/seiseki/report/2025/2025-3kyoto2.pdf,official_daily_result_pdf
202508030212,2025,京都,3,2,12,2025-10-05,https://www.jra.go.jp/datafile/seiseki/report/2025/2025-3kyoto2.pdf,official_daily_result_pdf
202508030301,2025,京都,3,3,1,2025-10-11,https://www.jra.go.jp/datafile/seiseki/report/2025/2025-3kyoto3.pdf,official_daily_result_pdf
202508030302,2025,京都,3,3,2,2025-10-11,https://www.jra.go.jp/datafile/seiseki/report/2025/2025-3kyoto3.pdf,official_daily_result_pdf
202508030303,2025,京都,3,3,3,2025-10-11,https://www.jra.go.jp/datafile/seiseki/report/2025/2025-3kyoto3.pdf,official_daily_result_pdf
202508030304,2025,京都,3,3,4,2025-10-11,https://www.jra.go.jp/datafile/seiseki/report/2025/2025-3kyoto3.pdf,official_daily_result_pdf
202508030305,2025,京都,3,3,5,2025-10-11,https://www.jra.go.jp/datafile/seiseki/report/2025/2025-3kyoto3.pdf,official_daily_result_pdf
202508030306,2025,京都,3,3,6,2025-10-11,https://www.jra.go.jp/datafile/seiseki/report/2025/2025-3kyoto3.pdf,official_daily_result_pdf
202508030307,2025,京都,3,3,7,2025-10-11,https://www.jra.go.jp/datafile/seiseki/report/2025/2025-3kyoto3.pdf,official_daily_result_pdf
202508030308,2025,京都,3,3,8,2025-10-11,https://www.jra.go.jp/datafile/seiseki/report/2025/2025-3kyoto3.pdf,official_daily_result_pdf
202508030309,2025,京都,3,3,9,2025-10-11,https://www.jra.go.jp/datafile/seiseki/report/2025/2025-3kyoto3.pdf,official_daily_result_pdf
202508030310,2025,京都,3,3,10,2025-10-11,https://www.jra.go.jp/datafile/seiseki/report/2025/2025-3kyoto3.pdf,official_daily_result_pdf
202508030311,2025,京都,3,3,11,2025-10-11,https://www.jra.go.jp/datafile/seiseki/report/2025/2025-3kyoto3.pdf,official_daily_result_pdf
202508030312,2025,京都,3,3,12,2025-10-11,https://www.jra.go.jp/datafile/seiseki/report/2025/2025-3kyoto3.pdf,official_daily_result_pdf
202508030401,2025,京都,3,4,1,2025-10-12,https://www.jra.go.jp/datafile/seiseki/report/2025/2025-3kyoto4.pdf,official_daily_result_pdf
202508030402,2025,京都,3,4,2,2025-10-12,https://www.jra.go.jp/datafile/seiseki/report/2025/2025-3kyoto4.pdf,official_daily_result_pdf
202508030403,2025,京都,3,4,3,2025-10-12,https://www.jra.go.jp/datafile/seiseki/report/2025/2025-3kyoto4.pdf,official_daily_result_pdf
202508030404,2025,京都,3,4,4,2025-10-12,https://www.jra.go.jp/datafile/seiseki/report/2025/2025-3kyoto4.pdf,official_daily_result_pdf
202508030405,2025,京都,3,4,5,2025-10-12,https://www.jra.go.jp/datafile/seiseki/report/2025/2025-3kyoto4.pdf,official_daily_result_pdf
202508030406,2025,京都,3,4,6,2025-10-12,https://www.jra.go.jp/datafile/seiseki/report/2025/2025-3kyoto4.pdf,official_daily_result_pdf
202508030407,2025,京都,3,4,7,2025-10-12,https://www.jra.go.jp/datafile/seiseki/report/2025/2025-3kyoto4.pdf,official_daily_result_pdf
202508030408,2025,京都,3,4,8,2025-10-12,https://www.jra.go.jp/datafile/seiseki/report/2025/2025-3kyoto4.pdf,official_daily_result_pdf
202508030409,2025,京都,3,4,9,2025-10-12,https://www.jra.go.jp/datafile/seiseki/report/2025/2025-3kyoto4.pdf,official_daily_result_pdf
202508030410,2025,京都,3,4,10,2025-10-12,https://www.jra.go.jp/datafile/seiseki/report/2025/2025-3kyoto4.pdf,official_daily_result_pdf
202508030411,2025,京都,3,4,11,2025-10-12,https://www.jra.go.jp/datafile/seiseki/report/2025/2025-3kyoto4.pdf,official_daily_result_pdf
202508030412,2025,京都,3,4,12,2025-10-12,https://www.jra.go.jp/datafile/seiseki/report/2025/2025-3kyoto4.pdf,official_daily_result_pdf
202508030501,2025,京都,3,5,1,2025-10-13,https://www.jra.go.jp/datafile/seiseki/report/2025/2025-3kyoto5.pdf,official_daily_result_pdf
202508030502,2025,京都,3,5,2,2025-10-13,https://www.jra.go.jp/datafile/seiseki/report/2025/2025-3kyoto5.pdf,official_daily_result_pdf
202508030503,2025,京都,3,5,3,2025-10-13,https://www.jra.go.jp/datafile/seiseki/report/2025/2025-3kyoto5.pdf,official_daily_result_pdf
202508030504,2025,京都,3,5,4,2025-10-13,https://www.jra.go.jp/datafile/seiseki/report/2025/2025-3kyoto5.pdf,official_daily_result_pdf
202508030505,2025,京都,3,5,5,2025-10-13,https://www.jra.go.jp/datafile/seiseki/report/2025/2025-3kyoto5.pdf,official_daily_result_pdf
202508030506,2025,京都,3,5,6,2025-10-13,https://www.jra.go.jp/datafile/seiseki/report/2025/2025-3kyoto5.pdf,official_daily_result_pdf
202508030507,2025,京都,3,5,7,2025-10-13,https://www.jra.go.jp/datafile/seiseki/report/2025/2025-3kyoto5.pdf,official_daily_result_pdf
202508030508,2025,京都,3,5,8,2025-10-13,https://www.jra.go.jp/datafile/seiseki/report/2025/2025-3kyoto5.pdf,official_daily_result_pdf
202508030509,2025,京都,3,5,9,2025-10-13,https://www.jra.go.jp/datafile/seiseki/report/2025/2025-3kyoto5.pdf,official_daily_result_pdf
202508030510,2025,京都,3,5,10,2025-10-13,https://www.jra.go.jp/datafile/seiseki/report/2025/2025-3kyoto5.pdf,official_daily_result_pdf
202508030511,2025,京都,3,5,11,2025-10-13,https://www.jra.go.jp/datafile/seiseki/report/2025/2025-3kyoto5.pdf,official_daily_result_pdf
202508030512,2025,京都,3,5,12,2025-10-13,https://www.jra.go.jp/datafile/seiseki/report/2025/2025-3kyoto5.pdf,official_daily_result_pdf
202508030601,2025,京都,3,6,1,2025-10-18,https://www.jra.go.jp/datafile/seiseki/report/2025/2025-3kyoto6.pdf,official_daily_result_pdf
202508030602,2025,京都,3,6,2,2025-10-18,https://www.jra.go.jp/datafile/seiseki/report/2025/2025-3kyoto6.pdf,official_daily_result_pdf
202508030603,2025,京都,3,6,3,2025-10-18,https://www.jra.go.jp/datafile/seiseki/report/2025/2025-3kyoto6.pdf,official_daily_result_pdf
202508030604,2025,京都,3,6,4,2025-10-18,https://www.jra.go.jp/datafile/seiseki/report/2025/2025-3kyoto6.pdf,official_daily_result_pdf
202508030605,2025,京都,3,6,5,2025-10-18,https://www.jra.go.jp/datafile/seiseki/report/2025/2025-3kyoto6.pdf,official_daily_result_pdf
202508030606,2025,京都,3,6,6,2025-10-18,https://www.jra.go.jp/datafile/seiseki/report/2025/2025-3kyoto6.pdf,official_daily_result_pdf
202508030607,2025,京都,3,6,7,2025-10-18,https://www.jra.go.jp/datafile/seiseki/report/2025/2025-3kyoto6.pdf,official_daily_result_pdf
202508030608,2025,京都,3,6,8,2025-10-18,https://www.jra.go.jp/datafile/seiseki/report/2025/2025-3kyoto6.pdf,official_daily_result_pdf
202508030609,2025,京都,3,6,9,2025-10-18,https://www.jra.go.jp/datafile/seiseki/report/2025/2025-3kyoto6.pdf,official_daily_result_pdf
202508030610,2025,京都,3,6,10,2025-10-18,https://www.jra.go.jp/datafile/seiseki/report/2025/2025-3kyoto6.pdf,official_daily_result_pdf
202508030611,2025,京都,3,6,11,2025-10-18,https://www.jra.go.jp/datafile/seiseki/report/2025/2025-3kyoto6.pdf,official_daily_result_pdf
202508030612,2025,京都,3,6,12,2025-10-18,https://www.jra.go.jp/datafile/seiseki/report/2025/2025-3kyoto6.pdf,official_daily_result_pdf
202508030701,2025,京都,3,7,1,2025-10-19,https://www.jra.go.jp/datafile/seiseki/report/2025/2025-3kyoto7.pdf,official_daily_result_pdf
202508030702,2025,京都,3,7,2,2025-10-19,https://www.jra.go.jp/datafile/seiseki/report/2025/2025-3kyoto7.pdf,official_daily_result_pdf
202508030703,2025,京都,3,7,3,2025-10-19,https://www.jra.go.jp/datafile/seiseki/report/2025/2025-3kyoto7.pdf,official_daily_result_pdf
202508030704,2025,京都,3,7,4,2025-10-19,https://www.jra.go.jp/datafile/seiseki/report/2025/2025-3kyoto7.pdf,official_daily_result_pdf
202508030705,2025,京都,3,7,5,2025-10-19,https://www.jra.go.jp/datafile/seiseki/report/2025/2025-3kyoto7.pdf,official_daily_result_pdf
202508030706,2025,京都,3,7,6,2025-10-19,https://www.jra.go.jp/datafile/seiseki/report/2025/2025-3kyoto7.pdf,official_daily_result_pdf
202508030707,2025,京都,3,7,7,2025-10-19,https://www.jra.go.jp/datafile/seiseki/report/2025/2025-3kyoto7.pdf,official_daily_result_pdf
202508030708,2025,京都,3,7,8,2025-10-19,https://www.jra.go.jp/datafile/seiseki/report/2025/2025-3kyoto7.pdf,official_daily_result_pdf
202508030709,2025,京都,3,7,9,2025-10-19,https://www.jra.go.jp/datafile/seiseki/report/2025/2025-3kyoto7.pdf,official_daily_result_pdf
202508030710,2025,京都,3,7,10,2025-10-19,https://www.jra.go.jp/datafile/seiseki/report/2025/2025-3kyoto7.pdf,official_daily_result_pdf
202508030711,2025,京都,3,7,11,2025-10-19,https://www.jra.go.jp/datafile/seiseki/report/2025/2025-3kyoto7.pdf,official_daily_result_pdf
202508030712,2025,京都,3,7,12,2025-10-19,https://www.jra.go.jp/datafile/seiseki/report/2025/2025-3kyoto7.pdf,official_daily_result_pdf
202508030801,2025,京都,3,8,1,2025-10-25,https://www.jra.go.jp/datafile/seiseki/report/2025/2025-3kyoto8.pdf,official_daily_result_pdf
202508030802,2025,京都,3,8,2,2025-10-25,https://www.jra.go.jp/datafile/seiseki/report/2025/2025-3kyoto8.pdf,official_daily_result_pdf
202508030803,2025,京都,3,8,3,2025-10-25,https://www.jra.go.jp/datafile/seiseki/report/2025/2025-3kyoto8.pdf,official_daily_result_pdf
202508030804,2025,京都,3,8,4,2025-10-25,https://www.jra.go.jp/datafile/seiseki/report/2025/2025-3kyoto8.pdf,official_daily_result_pdf
202508030805,2025,京都,3,8,5,2025-10-25,https://www.jra.go.jp/datafile/seiseki/report/2025/2025-3kyoto8.pdf,official_daily_result_pdf
202508030806,2025,京都,3,8,6,2025-10-25,https://www.jra.go.jp/datafile/seiseki/report/2025/2025-3kyoto8.pdf,official_daily_result_pdf
202508030807,2025,京都,3,8,7,2025-10-25,https://www.jra.go.jp/datafile/seiseki/report/2025/2025-3kyoto8.pdf,official_daily_result_pdf
202508030808,2025,京都,3,8,8,2025-10-25,https://www.jra.go.jp/datafile/seiseki/report/2025/2025-3kyoto8.pdf,official_daily_result_pdf
202508030809,2025,京都,3,8,9,2025-10-25,https://www.jra.go.jp/datafile/seiseki/report/2025/2025-3kyoto8.pdf,official_daily_result_pdf
202508030810,2025,京都,3,8,10,2025-10-25,https://www.jra.go.jp/datafile/seiseki/report/2025/2025-3kyoto8.pdf,official_daily_result_pdf
202508030811,2025,京都,3,8,11,2025-10-25,https://www.jra.go.jp/datafile/seiseki/report/2025/2025-3kyoto8.pdf,official_daily_result_pdf
202508030812,2025,京都,3,8,12,2025-10-25,https://www.jra.go.jp/datafile/seiseki/report/2025/2025-3kyoto8.pdf,official_daily_result_pdf
202508030901,2025,京都,3,9,1,2025-10-26,https://www.jra.go.jp/datafile/seiseki/report/2025/2025-3kyoto9.pdf,official_daily_result_pdf
202508030902,2025,京都,3,9,2,2025-10-26,https://www.jra.go.jp/datafile/seiseki/report/2025/2025-3kyoto9.pdf,official_daily_result_pdf
202508030903,2025,京都,3,9,3,2025-10-26,https://www.jra.go.jp/datafile/seiseki/report/2025/2025-3kyoto9.pdf,official_daily_result_pdf
202508030904,2025,京都,3,9,4,2025-10-26,https://www.jra.go.jp/datafile/seiseki/report/2025/2025-3kyoto9.pdf,official_daily_result_pdf
202508030905,2025,京都,3,9,5,2025-10-26,https://www.jra.go.jp/datafile/seiseki/report/2025/2025-3kyoto9.pdf,official_daily_result_pdf
202508030906,2025,京都,3,9,6,2025-10-26,https://www.jra.go.jp/datafile/seiseki/report/2025/2025-3kyoto9.pdf,official_daily_result_pdf
202508030907,2025,京都,3,9,7,2025-10-26,https://www.jra.go.jp/datafile/seiseki/report/2025/2025-3kyoto9.pdf,official_daily_result_pdf
202508030908,2025,京都,3,9,8,2025-10-26,https://www.jra.go.jp/datafile/seiseki/report/2025/2025-3kyoto9.pdf,official_daily_result_pdf
202508030909,2025,京都,3,9,9,2025-10-26,https://www.jra.go.jp/datafile/seiseki/report/2025/2025-3kyoto9.pdf,official_daily_result_pdf
202508030910,2025,京都,3,9,10,2025-10-26,https://www.jra.go.jp/datafile/seiseki/report/2025/2025-3kyoto9.pdf,official_daily_result_pdf
202508030911,2025,京都,3,9,11,2025-10-26,https://www.jra.go.jp/datafile/seiseki/report/2025/2025-3kyoto9.pdf,official_daily_result_pdf
202508030912,2025,京都,3,9,12,2025-10-26,https://www.jra.go.jp/datafile/seiseki/report/2025/2025-3kyoto9.pdf,official_daily_result_pdf
202508031001,2025,京都,3,10,1,2025-11-01,https://www.jra.go.jp/datafile/seiseki/report/2025/2025-3kyoto10.pdf,official_daily_result_pdf
202508031002,2025,京都,3,10,2,2025-11-01,https://www.jra.go.jp/datafile/seiseki/report/2025/2025-3kyoto10.pdf,official_daily_result_pdf
202508031003,2025,京都,3,10,3,2025-11-01,https://www.jra.go.jp/datafile/seiseki/report/2025/2025-3kyoto10.pdf,official_daily_result_pdf
202508031004,2025,京都,3,10,4,2025-11-01,https://www.jra.go.jp/datafile/seiseki/report/2025/2025-3kyoto10.pdf,official_daily_result_pdf
202508031005,2025,京都,3,10,5,2025-11-01,https://www.jra.go.jp/datafile/seiseki/report/2025/2025-3kyoto10.pdf,official_daily_result_pdf
202508031006,2025,京都,3,10,6,2025-11-01,https://www.jra.go.jp/datafile/seiseki/report/2025/2025-3kyoto10.pdf,official_daily_result_pdf
202508031007,2025,京都,3,10,7,2025-11-01,https://www.jra.go.jp/datafile/seiseki/report/2025/2025-3kyoto10.pdf,official_daily_result_pdf
202508031008,2025,京都,3,10,8,2025-11-01,https://www.jra.go.jp/datafile/seiseki/report/2025/2025-3kyoto10.pdf,official_daily_result_pdf
202508031009,2025,京都,3,10,9,2025-11-01,https://www.jra.go.jp/datafile/seiseki/report/2025/2025-3kyoto10.pdf,official_daily_result_pdf
202508031010,2025,京都,3,10,10,2025-11-01,https://www.jra.go.jp/datafile/seiseki/report/2025/2025-3kyoto10.pdf,official_daily_result_pdf
202508031011,2025,京都,3,10,11,2025-11-01,https://www.jra.go.jp/datafile/seiseki/report/2025/2025-3kyoto10.pdf,official_daily_result_pdf
202508031012,2025,京都,3,10,12,2025-11-01,https://www.jra.go.jp/datafile/seiseki/report/2025/2025-3kyoto10.pdf,official_daily_result_pdf
202508031101,2025,京都,3,11,1,2025-11-02,https://www.jra.go.jp/datafile/seiseki/report/2025/2025-3kyoto11.pdf,official_daily_result_pdf
202508031102,2025,京都,3,11,2,2025-11-02,https://www.jra.go.jp/datafile/seiseki/report/2025/2025-3kyoto11.pdf,official_daily_result_pdf
202508031103,2025,京都,3,11,3,2025-11-02,https://www.jra.go.jp/datafile/seiseki/report/2025/2025-3kyoto11.pdf,official_daily_result_pdf
202508031104,2025,京都,3,11,4,2025-11-02,https://www.jra.go.jp/datafile/seiseki/report/2025/2025-3kyoto11.pdf,official_daily_result_pdf
202508031105,2025,京都,3,11,5,2025-11-02,https://www.jra.go.jp/datafile/seiseki/report/2025/2025-3kyoto11.pdf,official_daily_result_pdf
202508031106,2025,京都,3,11,6,2025-11-02,https://www.jra.go.jp/datafile/seiseki/report/2025/2025-3kyoto11.pdf,official_daily_result_pdf
202508031107,2025,京都,3,11,7,2025-11-02,https://www.jra.go.jp/datafile/seiseki/report/2025/2025-3kyoto11.pdf,official_daily_result_pdf
202508031108,2025,京都,3,11,8,2025-11-02,https://www.jra.go.jp/datafile/seiseki/report/2025/2025-3kyoto11.pdf,official_daily_result_pdf
202508031109,2025,京都,3,11,9,2025-11-02,https://www.jra.go.jp/datafile/seiseki/report/2025/2025-3kyoto11.pdf,official_daily_result_pdf
202508031110,2025,京都,3,11,10,2025-11-02,https://www.jra.go.jp/datafile/seiseki/report/2025/2025-3kyoto11.pdf,official_daily_result_pdf
202508031111,2025,京都,3,11,11,2025-11-02,https://www.jra.go.jp/datafile/seiseki/report/2025/2025-3kyoto11.pdf,official_daily_result_pdf
202508031112,2025,京都,3,11,12,2025-11-02,https://www.jra.go.jp/datafile/seiseki/report/2025/2025-3kyoto11.pdf,official_daily_result_pdf
202508040101,2025,京都,4,1,1,2025-11-08,https://www.jra.go.jp/datafile/seiseki/report/2025/2025-4kyoto1.pdf,official_daily_result_pdf
202508040102,2025,京都,4,1,2,2025-11-08,https://www.jra.go.jp/datafile/seiseki/report/2025/2025-4kyoto1.pdf,official_daily_result_pdf
202508040103,2025,京都,4,1,3,2025-11-08,https://www.jra.go.jp/datafile/seiseki/report/2025/2025-4kyoto1.pdf,official_daily_result_pdf
202508040104,2025,京都,4,1,4,2025-11-08,https://www.jra.go.jp/datafile/seiseki/report/2025/2025-4kyoto1.pdf,official_daily_result_pdf
202508040105,2025,京都,4,1,5,2025-11-08,https://www.jra.go.jp/datafile/seiseki/report/2025/2025-4kyoto1.pdf,official_daily_result_pdf
202508040106,2025,京都,4,1,6,2025-11-08,https://www.jra.go.jp/datafile/seiseki/report/2025/2025-4kyoto1.pdf,official_daily_result_pdf
202508040107,2025,京都,4,1,7,2025-11-08,https://www.jra.go.jp/datafile/seiseki/report/2025/2025-4kyoto1.pdf,official_daily_result_pdf
202508040108,2025,京都,4,1,8,2025-11-08,https://www.jra.go.jp/datafile/seiseki/report/2025/2025-4kyoto1.pdf,official_daily_result_pdf
202508040109,2025,京都,4,1,9,2025-11-08,https://www.jra.go.jp/datafile/seiseki/report/2025/2025-4kyoto1.pdf,official_daily_result_pdf
202508040110,2025,京都,4,1,10,2025-11-08,https://www.jra.go.jp/datafile/seiseki/report/2025/2025-4kyoto1.pdf,official_daily_result_pdf
202508040111,2025,京都,4,1,11,2025-11-08,https://www.jra.go.jp/datafile/seiseki/report/2025/2025-4kyoto1.pdf,official_daily_result_pdf
202508040112,2025,京都,4,1,12,2025-11-08,https://www.jra.go.jp/datafile/seiseki/report/2025/2025-4kyoto1.pdf,official_daily_result_pdf
202508040201,2025,京都,4,2,1,2025-11-09,https://www.jra.go.jp/datafile/seiseki/report/2025/2025-4kyoto2.pdf,official_daily_result_pdf
202508040202,2025,京都,4,2,2,2025-11-09,https://www.jra.go.jp/datafile/seiseki/report/2025/2025-4kyoto2.pdf,official_daily_result_pdf
202508040203,2025,京都,4,2,3,2025-11-09,https://www.jra.go.jp/datafile/seiseki/report/2025/2025-4kyoto2.pdf,official_daily_result_pdf
202508040204,2025,京都,4,2,4,2025-11-09,https://www.jra.go.jp/datafile/seiseki/report/2025/2025-4kyoto2.pdf,official_daily_result_pdf
202508040205,2025,京都,4,2,5,2025-11-09,https://www.jra.go.jp/datafile/seiseki/report/2025/2025-4kyoto2.pdf,official_daily_result_pdf
202508040206,2025,京都,4,2,6,2025-11-09,https://www.jra.go.jp/datafile/seiseki/report/2025/2025-4kyoto2.pdf,official_daily_result_pdf
202508040207,2025,京都,4,2,7,2025-11-09,https://www.jra.go.jp/datafile/seiseki/report/2025/2025-4kyoto2.pdf,official_daily_result_pdf
202508040208,2025,京都,4,2,8,2025-11-09,https://www.jra.go.jp/datafile/seiseki/report/2025/2025-4kyoto2.pdf,official_daily_result_pdf
202508040209,2025,京都,4,2,9,2025-11-09,https://www.jra.go.jp/datafile/seiseki/report/2025/2025-4kyoto2.pdf,official_daily_result_pdf
202508040210,2025,京都,4,2,10,2025-11-09,https://www.jra.go.jp/datafile/seiseki/report/2025/2025-4kyoto2.pdf,official_daily_result_pdf
202508040211,2025,京都,4,2,11,2025-11-09,https://www.jra.go.jp/datafile/seiseki/report/2025/2025-4kyoto2.pdf,official_daily_result_pdf
202508040212,2025,京都,4,2,12,2025-11-09,https://www.jra.go.jp/datafile/seiseki/report/2025/2025-4kyoto2.pdf,official_daily_result_pdf
202508040301,2025,京都,4,3,1,2025-11-15,https://www.jra.go.jp/datafile/seiseki/report/2025/2025-4kyoto3.pdf,official_daily_result_pdf
202508040302,2025,京都,4,3,2,2025-11-15,https://www.jra.go.jp/datafile/seiseki/report/2025/2025-4kyoto3.pdf,official_daily_result_pdf
202508040303,2025,京都,4,3,3,2025-11-15,https://www.jra.go.jp/datafile/seiseki/report/2025/2025-4kyoto3.pdf,official_daily_result_pdf
202508040304,2025,京都,4,3,4,2025-11-15,https://www.jra.go.jp/datafile/seiseki/report/2025/2025-4kyoto3.pdf,official_daily_result_pdf
202508040305,2025,京都,4,3,5,2025-11-15,https://www.jra.go.jp/datafile/seiseki/report/2025/2025-4kyoto3.pdf,official_daily_result_pdf
202508040306,2025,京都,4,3,6,2025-11-15,https://www.jra.go.jp/datafile/seiseki/report/2025/2025-4kyoto3.pdf,official_daily_result_pdf
202508040307,2025,京都,4,3,7,2025-11-15,https://www.jra.go.jp/datafile/seiseki/report/2025/2025-4kyoto3.pdf,official_daily_result_pdf
202508040308,2025,京都,4,3,8,2025-11-15,https://www.jra.go.jp/datafile/seiseki/report/2025/2025-4kyoto3.pdf,official_daily_result_pdf
202508040309,2025,京都,4,3,9,2025-11-15,https://www.jra.go.jp/datafile/seiseki/report/2025/2025-4kyoto3.pdf,official_daily_result_pdf
202508040310,2025,京都,4,3,10,2025-11-15,https://www.jra.go.jp/datafile/seiseki/report/2025/2025-4kyoto3.pdf,official_daily_result_pdf
202508040311,2025,京都,4,3,11,2025-11-15,https://www.jra.go.jp/datafile/seiseki/report/2025/2025-4kyoto3.pdf,official_daily_result_pdf
202508040312,2025,京都,4,3,12,2025-11-15,https://www.jra.go.jp/datafile/seiseki/report/2025/2025-4kyoto3.pdf,official_daily_result_pdf
202508040401,2025,京都,4,4,1,2025-11-16,https://www.jra.go.jp/datafile/seiseki/report/2025/2025-4kyoto4.pdf,official_daily_result_pdf
202508040402,2025,京都,4,4,2,2025-11-16,https://www.jra.go.jp/datafile/seiseki/report/2025/2025-4kyoto4.pdf,official_daily_result_pdf
202508040403,2025,京都,4,4,3,2025-11-16,https://www.jra.go.jp/datafile/seiseki/report/2025/2025-4kyoto4.pdf,official_daily_result_pdf
202508040404,2025,京都,4,4,4,2025-11-16,https://www.jra.go.jp/datafile/seiseki/report/2025/2025-4kyoto4.pdf,official_daily_result_pdf
202508040405,2025,京都,4,4,5,2025-11-16,https://www.jra.go.jp/datafile/seiseki/report/2025/2025-4kyoto4.pdf,official_daily_result_pdf
202508040406,2025,京都,4,4,6,2025-11-16,https://www.jra.go.jp/datafile/seiseki/report/2025/2025-4kyoto4.pdf,official_daily_result_pdf
202508040407,2025,京都,4,4,7,2025-11-16,https://www.jra.go.jp/datafile/seiseki/report/2025/2025-4kyoto4.pdf,official_daily_result_pdf
202508040408,2025,京都,4,4,8,2025-11-16,https://www.jra.go.jp/datafile/seiseki/report/2025/2025-4kyoto4.pdf,official_daily_result_pdf
202508040409,2025,京都,4,4,9,2025-11-16,https://www.jra.go.jp/datafile/seiseki/report/2025/2025-4kyoto4.pdf,official_daily_result_pdf
202508040410,2025,京都,4,4,10,2025-11-16,https://www.jra.go.jp/datafile/seiseki/report/2025/2025-4kyoto4.pdf,official_daily_result_pdf
202508040411,2025,京都,4,4,11,2025-11-16,https://www.jra.go.jp/datafile/seiseki/report/2025/2025-4kyoto4.pdf,official_daily_result_pdf
202508040412,2025,京都,4,4,12,2025-11-16,https://www.jra.go.jp/datafile/seiseki/report/2025/2025-4kyoto4.pdf,official_daily_result_pdf
202508040501,2025,京都,4,5,1,2025-11-22,https://www.jra.go.jp/datafile/seiseki/report/2025/2025-4kyoto5.pdf,official_daily_result_pdf
202508040502,2025,京都,4,5,2,2025-11-22,https://www.jra.go.jp/datafile/seiseki/report/2025/2025-4kyoto5.pdf,official_daily_result_pdf
202508040503,2025,京都,4,5,3,2025-11-22,https://www.jra.go.jp/datafile/seiseki/report/2025/2025-4kyoto5.pdf,official_daily_result_pdf
202508040504,2025,京都,4,5,4,2025-11-22,https://www.jra.go.jp/datafile/seiseki/report/2025/2025-4kyoto5.pdf,official_daily_result_pdf
202508040505,2025,京都,4,5,5,2025-11-22,https://www.jra.go.jp/datafile/seiseki/report/2025/2025-4kyoto5.pdf,official_daily_result_pdf
202508040506,2025,京都,4,5,6,2025-11-22,https://www.jra.go.jp/datafile/seiseki/report/2025/2025-4kyoto5.pdf,official_daily_result_pdf
202508040507,2025,京都,4,5,7,2025-11-22,https://www.jra.go.jp/datafile/seiseki/report/2025/2025-4kyoto5.pdf,official_daily_result_pdf
202508040508,2025,京都,4,5,8,2025-11-22,https://www.jra.go.jp/datafile/seiseki/report/2025/2025-4kyoto5.pdf,official_daily_result_pdf
202508040509,2025,京都,4,5,9,2025-11-22,https://www.jra.go.jp/datafile/seiseki/report/2025/2025-4kyoto5.pdf,official_daily_result_pdf
202508040510,2025,京都,4,5,10,2025-11-22,https://www.jra.go.jp/datafile/seiseki/report/2025/2025-4kyoto5.pdf,official_daily_result_pdf
202508040511,2025,京都,4,5,11,2025-11-22,https://www.jra.go.jp/datafile/seiseki/report/2025/2025-4kyoto5.pdf,official_daily_result_pdf
202508040512,2025,京都,4,5,12,2025-11-22,https://www.jra.go.jp/datafile/seiseki/report/2025/2025-4kyoto5.pdf,official_daily_result_pdf
202508040601,2025,京都,4,6,1,2025-11-23,https://www.jra.go.jp/datafile/seiseki/report/2025/2025-4kyoto6.pdf,official_daily_result_pdf
202508040602,2025,京都,4,6,2,2025-11-23,https://www.jra.go.jp/datafile/seiseki/report/2025/2025-4kyoto6.pdf,official_daily_result_pdf
202508040603,2025,京都,4,6,3,2025-11-23,https://www.jra.go.jp/datafile/seiseki/report/2025/2025-4kyoto6.pdf,official_daily_result_pdf
202508040604,2025,京都,4,6,4,2025-11-23,https://www.jra.go.jp/datafile/seiseki/report/2025/2025-4kyoto6.pdf,official_daily_result_pdf
202508040605,2025,京都,4,6,5,2025-11-23,https://www.jra.go.jp/datafile/seiseki/report/2025/2025-4kyoto6.pdf,official_daily_result_pdf
202508040606,2025,京都,4,6,6,2025-11-23,https://www.jra.go.jp/datafile/seiseki/report/2025/2025-4kyoto6.pdf,official_daily_result_pdf
202508040607,2025,京都,4,6,7,2025-11-23,https://www.jra.go.jp/datafile/seiseki/report/2025/2025-4kyoto6.pdf,official_daily_result_pdf
202508040608,2025,京都,4,6,8,2025-11-23,https://www.jra.go.jp/datafile/seiseki/report/2025/2025-4kyoto6.pdf,official_daily_result_pdf
202508040609,2025,京都,4,6,9,2025-11-23,https://www.jra.go.jp/datafile/seiseki/report/2025/2025-4kyoto6.pdf,official_daily_result_pdf
202508040610,2025,京都,4,6,10,2025-11-23,https://www.jra.go.jp/datafile/seiseki/report/2025/2025-4kyoto6.pdf,official_daily_result_pdf
202508040611,2025,京都,4,6,11,2025-11-23,https://www.jra.go.jp/datafile/seiseki/report/2025/2025-4kyoto6.pdf,official_daily_result_pdf
202508040612,2025,京都,4,6,12,2025-11-23,https://www.jra.go.jp/datafile/seiseki/report/2025/2025-4kyoto6.pdf,official_daily_result_pdf
202508040701,2025,京都,4,7,1,2025-11-29,https://www.jra.go.jp/datafile/seiseki/report/2025/2025-4kyoto7.pdf,official_daily_result_pdf
202508040702,2025,京都,4,7,2,2025-11-29,https://www.jra.go.jp/datafile/seiseki/report/2025/2025-4kyoto7.pdf,official_daily_result_pdf
202508040703,2025,京都,4,7,3,2025-11-29,https://www.jra.go.jp/datafile/seiseki/report/2025/2025-4kyoto7.pdf,official_daily_result_pdf
202508040704,2025,京都,4,7,4,2025-11-29,https://www.jra.go.jp/datafile/seiseki/report/2025/2025-4kyoto7.pdf,official_daily_result_pdf
202508040705,2025,京都,4,7,5,2025-11-29,https://www.jra.go.jp/datafile/seiseki/report/2025/2025-4kyoto7.pdf,official_daily_result_pdf
202508040706,2025,京都,4,7,6,2025-11-29,https://www.jra.go.jp/datafile/seiseki/report/2025/2025-4kyoto7.pdf,official_daily_result_pdf
202508040707,2025,京都,4,7,7,2025-11-29,https://www.jra.go.jp/datafile/seiseki/report/2025/2025-4kyoto7.pdf,official_daily_result_pdf
202508040708,2025,京都,4,7,8,2025-11-29,https://www.jra.go.jp/datafile/seiseki/report/2025/2025-4kyoto7.pdf,official_daily_result_pdf
202508040709,2025,京都,4,7,9,2025-11-29,https://www.jra.go.jp/datafile/seiseki/report/2025/2025-4kyoto7.pdf,official_daily_result_pdf
202508040710,2025,京都,4,7,10,2025-11-29,https://www.jra.go.jp/datafile/seiseki/report/2025/2025-4kyoto7.pdf,official_daily_result_pdf
202508040711,2025,京都,4,7,11,2025-11-29,https://www.jra.go.jp/datafile/seiseki/report/2025/2025-4kyoto7.pdf,official_daily_result_pdf
202508040712,2025,京都,4,7,12,2025-11-29,https://www.jra.go.jp/datafile/seiseki/report/2025/2025-4kyoto7.pdf,official_daily_result_pdf
202508040801,2025,京都,4,8,1,2025-11-30,https://www.jra.go.jp/datafile/seiseki/report/2025/2025-4kyoto8.pdf,official_daily_result_pdf
202508040802,2025,京都,4,8,2,2025-11-30,https://www.jra.go.jp/datafile/seiseki/report/2025/2025-4kyoto8.pdf,official_daily_result_pdf
202508040803,2025,京都,4,8,3,2025-11-30,https://www.jra.go.jp/datafile/seiseki/report/2025/2025-4kyoto8.pdf,official_daily_result_pdf
202508040804,2025,京都,4,8,4,2025-11-30,https://www.jra.go.jp/datafile/seiseki/report/2025/2025-4kyoto8.pdf,official_daily_result_pdf
202508040805,2025,京都,4,8,5,2025-11-30,https://www.jra.go.jp/datafile/seiseki/report/2025/2025-4kyoto8.pdf,official_daily_result_pdf
202508040806,2025,京都,4,8,6,2025-11-30,https://www.jra.go.jp/datafile/seiseki/report/2025/2025-4kyoto8.pdf,official_daily_result_pdf
202508040807,2025,京都,4,8,7,2025-11-30,https://www.jra.go.jp/datafile/seiseki/report/2025/2025-4kyoto8.pdf,official_daily_result_pdf
202508040808,2025,京都,4,8,8,2025-11-30,https://www.jra.go.jp/datafile/seiseki/report/2025/2025-4kyoto8.pdf,official_daily_result_pdf
202508040809,2025,京都,4,8,9,2025-11-30,https://www.jra.go.jp/datafile/seiseki/report/2025/2025-4kyoto8.pdf,official_daily_result_pdf
202508040810,2025,京都,4,8,10,2025-11-30,https://www.jra.go.jp/datafile/seiseki/report/2025/2025-4kyoto8.pdf,official_daily_result_pdf
202508040811,2025,京都,4,8,11,2025-11-30,https://www.jra.go.jp/datafile/seiseki/report/2025/2025-4kyoto8.pdf,official_daily_result_pdf
202508040812,2025,京都,4,8,12,2025-11-30,https://www.jra.go.jp/datafile/seiseki/report/2025/2025-4kyoto8.pdf,official_daily_result_pdf
202509010101,2025,阪神,1,1,1,2025-03-01,https://www.jra.go.jp/datafile/seiseki/report/2025/2025-1hanshin1.pdf,official_daily_result_pdf
202509010102,2025,阪神,1,1,2,2025-03-01,https://www.jra.go.jp/datafile/seiseki/report/2025/2025-1hanshin1.pdf,official_daily_result_pdf
202509010103,2025,阪神,1,1,3,2025-03-01,https://www.jra.go.jp/datafile/seiseki/report/2025/2025-1hanshin1.pdf,official_daily_result_pdf
202509010104,2025,阪神,1,1,4,2025-03-01,https://www.jra.go.jp/datafile/seiseki/report/2025/2025-1hanshin1.pdf,official_daily_result_pdf
202509010105,2025,阪神,1,1,5,2025-03-01,https://www.jra.go.jp/datafile/seiseki/report/2025/2025-1hanshin1.pdf,official_daily_result_pdf
202509010106,2025,阪神,1,1,6,2025-03-01,https://www.jra.go.jp/datafile/seiseki/report/2025/2025-1hanshin1.pdf,official_daily_result_pdf
202509010107,2025,阪神,1,1,7,2025-03-01,https://www.jra.go.jp/datafile/seiseki/report/2025/2025-1hanshin1.pdf,official_daily_result_pdf
202509010108,2025,阪神,1,1,8,2025-03-01,https://www.jra.go.jp/datafile/seiseki/report/2025/2025-1hanshin1.pdf,official_daily_result_pdf
202509010109,2025,阪神,1,1,9,2025-03-01,https://www.jra.go.jp/datafile/seiseki/report/2025/2025-1hanshin1.pdf,official_daily_result_pdf
202509010110,2025,阪神,1,1,10,2025-03-01,https://www.jra.go.jp/datafile/seiseki/report/2025/2025-1hanshin1.pdf,official_daily_result_pdf
202509010111,2025,阪神,1,1,11,2025-03-01,https://www.jra.go.jp/datafile/seiseki/report/2025/2025-1hanshin1.pdf,official_daily_result_pdf
202509010112,2025,阪神,1,1,12,2025-03-01,https://www.jra.go.jp/datafile/seiseki/report/2025/2025-1hanshin1.pdf,official_daily_result_pdf
202509010201,2025,阪神,1,2,1,2025-03-02,https://www.jra.go.jp/datafile/seiseki/report/2025/2025-1hanshin2.pdf,official_daily_result_pdf
202509010202,2025,阪神,1,2,2,2025-03-02,https://www.jra.go.jp/datafile/seiseki/report/2025/2025-1hanshin2.pdf,official_daily_result_pdf
202509010203,2025,阪神,1,2,3,2025-03-02,https://www.jra.go.jp/datafile/seiseki/report/2025/2025-1hanshin2.pdf,official_daily_result_pdf
202509010204,2025,阪神,1,2,4,2025-03-02,https://www.jra.go.jp/datafile/seiseki/report/2025/2025-1hanshin2.pdf,official_daily_result_pdf
202509010205,2025,阪神,1,2,5,2025-03-02,https://www.jra.go.jp/datafile/seiseki/report/2025/2025-1hanshin2.pdf,official_daily_result_pdf
202509010206,2025,阪神,1,2,6,2025-03-02,https://www.jra.go.jp/datafile/seiseki/report/2025/2025-1hanshin2.pdf,official_daily_result_pdf
202509010207,2025,阪神,1,2,7,2025-03-02,https://www.jra.go.jp/datafile/seiseki/report/2025/2025-1hanshin2.pdf,official_daily_result_pdf
202509010208,2025,阪神,1,2,8,2025-03-02,https://www.jra.go.jp/datafile/seiseki/report/2025/2025-1hanshin2.pdf,official_daily_result_pdf
202509010209,2025,阪神,1,2,9,2025-03-02,https://www.jra.go.jp/datafile/seiseki/report/2025/2025-1hanshin2.pdf,official_daily_result_pdf
202509010210,2025,阪神,1,2,10,2025-03-02,https://www.jra.go.jp/datafile/seiseki/report/2025/2025-1hanshin2.pdf,official_daily_result_pdf
202509010211,2025,阪神,1,2,11,2025-03-02,https://www.jra.go.jp/datafile/seiseki/report/2025/2025-1hanshin2.pdf,official_daily_result_pdf
202509010212,2025,阪神,1,2,12,2025-03-02,https://www.jra.go.jp/datafile/seiseki/report/2025/2025-1hanshin2.pdf,official_daily_result_pdf
202509010301,2025,阪神,1,3,1,2025-03-08,https://www.jra.go.jp/datafile/seiseki/report/2025/2025-1hanshin3.pdf,official_daily_result_pdf
202509010302,2025,阪神,1,3,2,2025-03-08,https://www.jra.go.jp/datafile/seiseki/report/2025/2025-1hanshin3.pdf,official_daily_result_pdf
202509010303,2025,阪神,1,3,3,2025-03-08,https://www.jra.go.jp/datafile/seiseki/report/2025/2025-1hanshin3.pdf,official_daily_result_pdf
202509010304,2025,阪神,1,3,4,2025-03-08,https://www.jra.go.jp/datafile/seiseki/report/2025/2025-1hanshin3.pdf,official_daily_result_pdf
202509010305,2025,阪神,1,3,5,2025-03-08,https://www.jra.go.jp/datafile/seiseki/report/2025/2025-1hanshin3.pdf,official_daily_result_pdf
202509010306,2025,阪神,1,3,6,2025-03-08,https://www.jra.go.jp/datafile/seiseki/report/2025/2025-1hanshin3.pdf,official_daily_result_pdf
202509010307,2025,阪神,1,3,7,2025-03-08,https://www.jra.go.jp/datafile/seiseki/report/2025/2025-1hanshin3.pdf,official_daily_result_pdf
202509010308,2025,阪神,1,3,8,2025-03-08,https://www.jra.go.jp/datafile/seiseki/report/2025/2025-1hanshin3.pdf,official_daily_result_pdf
202509010309,2025,阪神,1,3,9,2025-03-08,https://www.jra.go.jp/datafile/seiseki/report/2025/2025-1hanshin3.pdf,official_daily_result_pdf
202509010310,2025,阪神,1,3,10,2025-03-08,https://www.jra.go.jp/datafile/seiseki/report/2025/2025-1hanshin3.pdf,official_daily_result_pdf
202509010311,2025,阪神,1,3,11,2025-03-08,https://www.jra.go.jp/datafile/seiseki/report/2025/2025-1hanshin3.pdf,official_daily_result_pdf
202509010312,2025,阪神,1,3,12,2025-03-08,https://www.jra.go.jp/datafile/seiseki/report/2025/2025-1hanshin3.pdf,official_daily_result_pdf
202509010401,2025,阪神,1,4,1,2025-03-09,https://www.jra.go.jp/datafile/seiseki/report/2025/2025-1hanshin4.pdf,official_daily_result_pdf
202509010402,2025,阪神,1,4,2,2025-03-09,https://www.jra.go.jp/datafile/seiseki/report/2025/2025-1hanshin4.pdf,official_daily_result_pdf
202509010403,2025,阪神,1,4,3,2025-03-09,https://www.jra.go.jp/datafile/seiseki/report/2025/2025-1hanshin4.pdf,official_daily_result_pdf
202509010404,2025,阪神,1,4,4,2025-03-09,https://www.jra.go.jp/datafile/seiseki/report/2025/2025-1hanshin4.pdf,official_daily_result_pdf
202509010405,2025,阪神,1,4,5,2025-03-09,https://www.jra.go.jp/datafile/seiseki/report/2025/2025-1hanshin4.pdf,official_daily_result_pdf
202509010406,2025,阪神,1,4,6,2025-03-09,https://www.jra.go.jp/datafile/seiseki/report/2025/2025-1hanshin4.pdf,official_daily_result_pdf
202509010407,2025,阪神,1,4,7,2025-03-09,https://www.jra.go.jp/datafile/seiseki/report/2025/2025-1hanshin4.pdf,official_daily_result_pdf
202509010408,2025,阪神,1,4,8,2025-03-09,https://www.jra.go.jp/datafile/seiseki/report/2025/2025-1hanshin4.pdf,official_daily_result_pdf
202509010409,2025,阪神,1,4,9,2025-03-09,https://www.jra.go.jp/datafile/seiseki/report/2025/2025-1hanshin4.pdf,official_daily_result_pdf
202509010410,2025,阪神,1,4,10,2025-03-09,https://www.jra.go.jp/datafile/seiseki/report/2025/2025-1hanshin4.pdf,official_daily_result_pdf
202509010411,2025,阪神,1,4,11,2025-03-09,https://www.jra.go.jp/datafile/seiseki/report/2025/2025-1hanshin4.pdf,official_daily_result_pdf
202509010412,2025,阪神,1,4,12,2025-03-09,https://www.jra.go.jp/datafile/seiseki/report/2025/2025-1hanshin4.pdf,official_daily_result_pdf
202509010501,2025,阪神,1,5,1,2025-03-15,https://www.jra.go.jp/datafile/seiseki/report/2025/2025-1hanshin5.pdf,official_daily_result_pdf
202509010502,2025,阪神,1,5,2,2025-03-15,https://www.jra.go.jp/datafile/seiseki/report/2025/2025-1hanshin5.pdf,official_daily_result_pdf
202509010503,2025,阪神,1,5,3,2025-03-15,https://www.jra.go.jp/datafile/seiseki/report/2025/2025-1hanshin5.pdf,official_daily_result_pdf
202509010504,2025,阪神,1,5,4,2025-03-15,https://www.jra.go.jp/datafile/seiseki/report/2025/2025-1hanshin5.pdf,official_daily_result_pdf
202509010505,2025,阪神,1,5,5,2025-03-15,https://www.jra.go.jp/datafile/seiseki/report/2025/2025-1hanshin5.pdf,official_daily_result_pdf
202509010506,2025,阪神,1,5,6,2025-03-15,https://www.jra.go.jp/datafile/seiseki/report/2025/2025-1hanshin5.pdf,official_daily_result_pdf
202509010507,2025,阪神,1,5,7,2025-03-15,https://www.jra.go.jp/datafile/seiseki/report/2025/2025-1hanshin5.pdf,official_daily_result_pdf
202509010508,2025,阪神,1,5,8,2025-03-15,https://www.jra.go.jp/datafile/seiseki/report/2025/2025-1hanshin5.pdf,official_daily_result_pdf
202509010509,2025,阪神,1,5,9,2025-03-15,https://www.jra.go.jp/datafile/seiseki/report/2025/2025-1hanshin5.pdf,official_daily_result_pdf
202509010510,2025,阪神,1,5,10,2025-03-15,https://www.jra.go.jp/datafile/seiseki/report/2025/2025-1hanshin5.pdf,official_daily_result_pdf
202509010511,2025,阪神,1,5,11,2025-03-15,https://www.jra.go.jp/datafile/seiseki/report/2025/2025-1hanshin5.pdf,official_daily_result_pdf
202509010512,2025,阪神,1,5,12,2025-03-15,https://www.jra.go.jp/datafile/seiseki/report/2025/2025-1hanshin5.pdf,official_daily_result_pdf
202509010601,2025,阪神,1,6,1,2025-03-16,https://www.jra.go.jp/datafile/seiseki/report/2025/2025-1hanshin6.pdf,official_daily_result_pdf
202509010602,2025,阪神,1,6,2,2025-03-16,https://www.jra.go.jp/datafile/seiseki/report/2025/2025-1hanshin6.pdf,official_daily_result_pdf
202509010603,2025,阪神,1,6,3,2025-03-16,https://www.jra.go.jp/datafile/seiseki/report/2025/2025-1hanshin6.pdf,official_daily_result_pdf
202509010604,2025,阪神,1,6,4,2025-03-16,https://www.jra.go.jp/datafile/seiseki/report/2025/2025-1hanshin6.pdf,official_daily_result_pdf
202509010605,2025,阪神,1,6,5,2025-03-16,https://www.jra.go.jp/datafile/seiseki/report/2025/2025-1hanshin6.pdf,official_daily_result_pdf
202509010606,2025,阪神,1,6,6,2025-03-16,https://www.jra.go.jp/datafile/seiseki/report/2025/2025-1hanshin6.pdf,official_daily_result_pdf
202509010607,2025,阪神,1,6,7,2025-03-16,https://www.jra.go.jp/datafile/seiseki/report/2025/2025-1hanshin6.pdf,official_daily_result_pdf
202509010608,2025,阪神,1,6,8,2025-03-16,https://www.jra.go.jp/datafile/seiseki/report/2025/2025-1hanshin6.pdf,official_daily_result_pdf
202509010609,2025,阪神,1,6,9,2025-03-16,https://www.jra.go.jp/datafile/seiseki/report/2025/2025-1hanshin6.pdf,official_daily_result_pdf
202509010610,2025,阪神,1,6,10,2025-03-16,https://www.jra.go.jp/datafile/seiseki/report/2025/2025-1hanshin6.pdf,official_daily_result_pdf
202509010611,2025,阪神,1,6,11,2025-03-16,https://www.jra.go.jp/datafile/seiseki/report/2025/2025-1hanshin6.pdf,official_daily_result_pdf
202509010612,2025,阪神,1,6,12,2025-03-16,https://www.jra.go.jp/datafile/seiseki/report/2025/2025-1hanshin6.pdf,official_daily_result_pdf
202509010701,2025,阪神,1,7,1,2025-03-22,https://www.jra.go.jp/datafile/seiseki/report/2025/2025-1hanshin7.pdf,official_daily_result_pdf
202509010702,2025,阪神,1,7,2,2025-03-22,https://www.jra.go.jp/datafile/seiseki/report/2025/2025-1hanshin7.pdf,official_daily_result_pdf
202509010703,2025,阪神,1,7,3,2025-03-22,https://www.jra.go.jp/datafile/seiseki/report/2025/2025-1hanshin7.pdf,official_daily_result_pdf
202509010704,2025,阪神,1,7,4,2025-03-22,https://www.jra.go.jp/datafile/seiseki/report/2025/2025-1hanshin7.pdf,official_daily_result_pdf
202509010705,2025,阪神,1,7,5,2025-03-22,https://www.jra.go.jp/datafile/seiseki/report/2025/2025-1hanshin7.pdf,official_daily_result_pdf
202509010706,2025,阪神,1,7,6,2025-03-22,https://www.jra.go.jp/datafile/seiseki/report/2025/2025-1hanshin7.pdf,official_daily_result_pdf
202509010707,2025,阪神,1,7,7,2025-03-22,https://www.jra.go.jp/datafile/seiseki/report/2025/2025-1hanshin7.pdf,official_daily_result_pdf
202509010708,2025,阪神,1,7,8,2025-03-22,https://www.jra.go.jp/datafile/seiseki/report/2025/2025-1hanshin7.pdf,official_daily_result_pdf
202509010709,2025,阪神,1,7,9,2025-03-22,https://www.jra.go.jp/datafile/seiseki/report/2025/2025-1hanshin7.pdf,official_daily_result_pdf
202509010710,2025,阪神,1,7,10,2025-03-22,https://www.jra.go.jp/datafile/seiseki/report/2025/2025-1hanshin7.pdf,official_daily_result_pdf
202509010711,2025,阪神,1,7,11,2025-03-22,https://www.jra.go.jp/datafile/seiseki/report/2025/2025-1hanshin7.pdf,official_daily_result_pdf
202509010712,2025,阪神,1,7,12,2025-03-22,https://www.jra.go.jp/datafile/seiseki/report/2025/2025-1hanshin7.pdf,official_daily_result_pdf
202509010801,2025,阪神,1,8,1,2025-03-23,https://www.jra.go.jp/datafile/seiseki/report/2025/2025-1hanshin8.pdf,official_daily_result_pdf
202509010802,2025,阪神,1,8,2,2025-03-23,https://www.jra.go.jp/datafile/seiseki/report/2025/2025-1hanshin8.pdf,official_daily_result_pdf
202509010803,2025,阪神,1,8,3,2025-03-23,https://www.jra.go.jp/datafile/seiseki/report/2025/2025-1hanshin8.pdf,official_daily_result_pdf
202509010804,2025,阪神,1,8,4,2025-03-23,https://www.jra.go.jp/datafile/seiseki/report/2025/2025-1hanshin8.pdf,official_daily_result_pdf
202509010805,2025,阪神,1,8,5,2025-03-23,https://www.jra.go.jp/datafile/seiseki/report/2025/2025-1hanshin8.pdf,official_daily_result_pdf
202509010806,2025,阪神,1,8,6,2025-03-23,https://www.jra.go.jp/datafile/seiseki/report/2025/2025-1hanshin8.pdf,official_daily_result_pdf
202509010807,2025,阪神,1,8,7,2025-03-23,https://www.jra.go.jp/datafile/seiseki/report/2025/2025-1hanshin8.pdf,official_daily_result_pdf
202509010808,2025,阪神,1,8,8,2025-03-23,https://www.jra.go.jp/datafile/seiseki/report/2025/2025-1hanshin8.pdf,official_daily_result_pdf
202509010809,2025,阪神,1,8,9,2025-03-23,https://www.jra.go.jp/datafile/seiseki/report/2025/2025-1hanshin8.pdf,official_daily_result_pdf
202509010810,2025,阪神,1,8,10,2025-03-23,https://www.jra.go.jp/datafile/seiseki/report/2025/2025-1hanshin8.pdf,official_daily_result_pdf
202509010811,2025,阪神,1,8,11,2025-03-23,https://www.jra.go.jp/datafile/seiseki/report/2025/2025-1hanshin8.pdf,official_daily_result_pdf
202509010812,2025,阪神,1,8,12,2025-03-23,https://www.jra.go.jp/datafile/seiseki/report/2025/2025-1hanshin8.pdf,official_daily_result_pdf
202509020101,2025,阪神,2,1,1,2025-03-29,https://www.jra.go.jp/datafile/seiseki/report/2025/2025-2hanshin1.pdf,official_daily_result_pdf
202509020102,2025,阪神,2,1,2,2025-03-29,https://www.jra.go.jp/datafile/seiseki/report/2025/2025-2hanshin1.pdf,official_daily_result_pdf
202509020103,2025,阪神,2,1,3,2025-03-29,https://www.jra.go.jp/datafile/seiseki/report/2025/2025-2hanshin1.pdf,official_daily_result_pdf
202509020104,2025,阪神,2,1,4,2025-03-29,https://www.jra.go.jp/datafile/seiseki/report/2025/2025-2hanshin1.pdf,official_daily_result_pdf
202509020105,2025,阪神,2,1,5,2025-03-29,https://www.jra.go.jp/datafile/seiseki/report/2025/2025-2hanshin1.pdf,official_daily_result_pdf
202509020106,2025,阪神,2,1,6,2025-03-29,https://www.jra.go.jp/datafile/seiseki/report/2025/2025-2hanshin1.pdf,official_daily_result_pdf
202509020107,2025,阪神,2,1,7,2025-03-29,https://www.jra.go.jp/datafile/seiseki/report/2025/2025-2hanshin1.pdf,official_daily_result_pdf
202509020108,2025,阪神,2,1,8,2025-03-29,https://www.jra.go.jp/datafile/seiseki/report/2025/2025-2hanshin1.pdf,official_daily_result_pdf
202509020109,2025,阪神,2,1,9,2025-03-29,https://www.jra.go.jp/datafile/seiseki/report/2025/2025-2hanshin1.pdf,official_daily_result_pdf
202509020110,2025,阪神,2,1,10,2025-03-29,https://www.jra.go.jp/datafile/seiseki/report/2025/2025-2hanshin1.pdf,official_daily_result_pdf
202509020111,2025,阪神,2,1,11,2025-03-29,https://www.jra.go.jp/datafile/seiseki/report/2025/2025-2hanshin1.pdf,official_daily_result_pdf
202509020112,2025,阪神,2,1,12,2025-03-29,https://www.jra.go.jp/datafile/seiseki/report/2025/2025-2hanshin1.pdf,official_daily_result_pdf
202509020201,2025,阪神,2,2,1,2025-03-30,https://www.jra.go.jp/datafile/seiseki/report/2025/2025-2hanshin2.pdf,official_daily_result_pdf
202509020202,2025,阪神,2,2,2,2025-03-30,https://www.jra.go.jp/datafile/seiseki/report/2025/2025-2hanshin2.pdf,official_daily_result_pdf
202509020203,2025,阪神,2,2,3,2025-03-30,https://www.jra.go.jp/datafile/seiseki/report/2025/2025-2hanshin2.pdf,official_daily_result_pdf
202509020204,2025,阪神,2,2,4,2025-03-30,https://www.jra.go.jp/datafile/seiseki/report/2025/2025-2hanshin2.pdf,official_daily_result_pdf
202509020205,2025,阪神,2,2,5,2025-03-30,https://www.jra.go.jp/datafile/seiseki/report/2025/2025-2hanshin2.pdf,official_daily_result_pdf
202509020206,2025,阪神,2,2,6,2025-03-30,https://www.jra.go.jp/datafile/seiseki/report/2025/2025-2hanshin2.pdf,official_daily_result_pdf
202509020207,2025,阪神,2,2,7,2025-03-30,https://www.jra.go.jp/datafile/seiseki/report/2025/2025-2hanshin2.pdf,official_daily_result_pdf
202509020208,2025,阪神,2,2,8,2025-03-30,https://www.jra.go.jp/datafile/seiseki/report/2025/2025-2hanshin2.pdf,official_daily_result_pdf
202509020209,2025,阪神,2,2,9,2025-03-30,https://www.jra.go.jp/datafile/seiseki/report/2025/2025-2hanshin2.pdf,official_daily_result_pdf
202509020210,2025,阪神,2,2,10,2025-03-30,https://www.jra.go.jp/datafile/seiseki/report/2025/2025-2hanshin2.pdf,official_daily_result_pdf
202509020211,2025,阪神,2,2,11,2025-03-30,https://www.jra.go.jp/datafile/seiseki/report/2025/2025-2hanshin2.pdf,official_daily_result_pdf
202509020212,2025,阪神,2,2,12,2025-03-30,https://www.jra.go.jp/datafile/seiseki/report/2025/2025-2hanshin2.pdf,official_daily_result_pdf
202509020301,2025,阪神,2,3,1,2025-04-05,https://www.jra.go.jp/datafile/seiseki/report/2025/2025-2hanshin3.pdf,official_daily_result_pdf
202509020302,2025,阪神,2,3,2,2025-04-05,https://www.jra.go.jp/datafile/seiseki/report/2025/2025-2hanshin3.pdf,official_daily_result_pdf
202509020303,2025,阪神,2,3,3,2025-04-05,https://www.jra.go.jp/datafile/seiseki/report/2025/2025-2hanshin3.pdf,official_daily_result_pdf
202509020304,2025,阪神,2,3,4,2025-04-05,https://www.jra.go.jp/datafile/seiseki/report/2025/2025-2hanshin3.pdf,official_daily_result_pdf
202509020305,2025,阪神,2,3,5,2025-04-05,https://www.jra.go.jp/datafile/seiseki/report/2025/2025-2hanshin3.pdf,official_daily_result_pdf
202509020306,2025,阪神,2,3,6,2025-04-05,https://www.jra.go.jp/datafile/seiseki/report/2025/2025-2hanshin3.pdf,official_daily_result_pdf
202509020307,2025,阪神,2,3,7,2025-04-05,https://www.jra.go.jp/datafile/seiseki/report/2025/2025-2hanshin3.pdf,official_daily_result_pdf
202509020308,2025,阪神,2,3,8,2025-04-05,https://www.jra.go.jp/datafile/seiseki/report/2025/2025-2hanshin3.pdf,official_daily_result_pdf
202509020309,2025,阪神,2,3,9,2025-04-05,https://www.jra.go.jp/datafile/seiseki/report/2025/2025-2hanshin3.pdf,official_daily_result_pdf
202509020310,2025,阪神,2,3,10,2025-04-05,https://www.jra.go.jp/datafile/seiseki/report/2025/2025-2hanshin3.pdf,official_daily_result_pdf
202509020311,2025,阪神,2,3,11,2025-04-05,https://www.jra.go.jp/datafile/seiseki/report/2025/2025-2hanshin3.pdf,official_daily_result_pdf
202509020312,2025,阪神,2,3,12,2025-04-05,https://www.jra.go.jp/datafile/seiseki/report/2025/2025-2hanshin3.pdf,official_daily_result_pdf
202509020401,2025,阪神,2,4,1,2025-04-06,https://www.jra.go.jp/datafile/seiseki/report/2025/2025-2hanshin4.pdf,official_daily_result_pdf
202509020402,2025,阪神,2,4,2,2025-04-06,https://www.jra.go.jp/datafile/seiseki/report/2025/2025-2hanshin4.pdf,official_daily_result_pdf
202509020403,2025,阪神,2,4,3,2025-04-06,https://www.jra.go.jp/datafile/seiseki/report/2025/2025-2hanshin4.pdf,official_daily_result_pdf
202509020404,2025,阪神,2,4,4,2025-04-06,https://www.jra.go.jp/datafile/seiseki/report/2025/2025-2hanshin4.pdf,official_daily_result_pdf
202509020405,2025,阪神,2,4,5,2025-04-06,https://www.jra.go.jp/datafile/seiseki/report/2025/2025-2hanshin4.pdf,official_daily_result_pdf
202509020406,2025,阪神,2,4,6,2025-04-06,https://www.jra.go.jp/datafile/seiseki/report/2025/2025-2hanshin4.pdf,official_daily_result_pdf
202509020407,2025,阪神,2,4,7,2025-04-06,https://www.jra.go.jp/datafile/seiseki/report/2025/2025-2hanshin4.pdf,official_daily_result_pdf
202509020408,2025,阪神,2,4,8,2025-04-06,https://www.jra.go.jp/datafile/seiseki/report/2025/2025-2hanshin4.pdf,official_daily_result_pdf
202509020409,2025,阪神,2,4,9,2025-04-06,https://www.jra.go.jp/datafile/seiseki/report/2025/2025-2hanshin4.pdf,official_daily_result_pdf
202509020410,2025,阪神,2,4,10,2025-04-06,https://www.jra.go.jp/datafile/seiseki/report/2025/2025-2hanshin4.pdf,official_daily_result_pdf
202509020411,2025,阪神,2,4,11,2025-04-06,https://www.jra.go.jp/datafile/seiseki/report/2025/2025-2hanshin4.pdf,official_daily_result_pdf
202509020412,2025,阪神,2,4,12,2025-04-06,https://www.jra.go.jp/datafile/seiseki/report/2025/2025-2hanshin4.pdf,official_daily_result_pdf
202509020501,2025,阪神,2,5,1,2025-04-12,https://www.jra.go.jp/datafile/seiseki/report/2025/2025-2hanshin5.pdf,official_daily_result_pdf
202509020502,2025,阪神,2,5,2,2025-04-12,https://www.jra.go.jp/datafile/seiseki/report/2025/2025-2hanshin5.pdf,official_daily_result_pdf
202509020503,2025,阪神,2,5,3,2025-04-12,https://www.jra.go.jp/datafile/seiseki/report/2025/2025-2hanshin5.pdf,official_daily_result_pdf
202509020504,2025,阪神,2,5,4,2025-04-12,https://www.jra.go.jp/datafile/seiseki/report/2025/2025-2hanshin5.pdf,official_daily_result_pdf
202509020505,2025,阪神,2,5,5,2025-04-12,https://www.jra.go.jp/datafile/seiseki/report/2025/2025-2hanshin5.pdf,official_daily_result_pdf
202509020506,2025,阪神,2,5,6,2025-04-12,https://www.jra.go.jp/datafile/seiseki/report/2025/2025-2hanshin5.pdf,official_daily_result_pdf
202509020507,2025,阪神,2,5,7,2025-04-12,https://www.jra.go.jp/datafile/seiseki/report/2025/2025-2hanshin5.pdf,official_daily_result_pdf
202509020508,2025,阪神,2,5,8,2025-04-12,https://www.jra.go.jp/datafile/seiseki/report/2025/2025-2hanshin5.pdf,official_daily_result_pdf
202509020509,2025,阪神,2,5,9,2025-04-12,https://www.jra.go.jp/datafile/seiseki/report/2025/2025-2hanshin5.pdf,official_daily_result_pdf
202509020510,2025,阪神,2,5,10,2025-04-12,https://www.jra.go.jp/datafile/seiseki/report/2025/2025-2hanshin5.pdf,official_daily_result_pdf
202509020511,2025,阪神,2,5,11,2025-04-12,https://www.jra.go.jp/datafile/seiseki/report/2025/2025-2hanshin5.pdf,official_daily_result_pdf
202509020512,2025,阪神,2,5,12,2025-04-12,https://www.jra.go.jp/datafile/seiseki/report/2025/2025-2hanshin5.pdf,official_daily_result_pdf
202509020601,2025,阪神,2,6,1,2025-04-13,https://www.jra.go.jp/datafile/seiseki/report/2025/2025-2hanshin6.pdf,official_daily_result_pdf
202509020602,2025,阪神,2,6,2,2025-04-13,https://www.jra.go.jp/datafile/seiseki/report/2025/2025-2hanshin6.pdf,official_daily_result_pdf
202509020603,2025,阪神,2,6,3,2025-04-13,https://www.jra.go.jp/datafile/seiseki/report/2025/2025-2hanshin6.pdf,official_daily_result_pdf
202509020604,2025,阪神,2,6,4,2025-04-13,https://www.jra.go.jp/datafile/seiseki/report/2025/2025-2hanshin6.pdf,official_daily_result_pdf
202509020605,2025,阪神,2,6,5,2025-04-13,https://www.jra.go.jp/datafile/seiseki/report/2025/2025-2hanshin6.pdf,official_daily_result_pdf
202509020606,2025,阪神,2,6,6,2025-04-13,https://www.jra.go.jp/datafile/seiseki/report/2025/2025-2hanshin6.pdf,official_daily_result_pdf
202509020607,2025,阪神,2,6,7,2025-04-13,https://www.jra.go.jp/datafile/seiseki/report/2025/2025-2hanshin6.pdf,official_daily_result_pdf
202509020608,2025,阪神,2,6,8,2025-04-13,https://www.jra.go.jp/datafile/seiseki/report/2025/2025-2hanshin6.pdf,official_daily_result_pdf
202509020609,2025,阪神,2,6,9,2025-04-13,https://www.jra.go.jp/datafile/seiseki/report/2025/2025-2hanshin6.pdf,official_daily_result_pdf
202509020610,2025,阪神,2,6,10,2025-04-13,https://www.jra.go.jp/datafile/seiseki/report/2025/2025-2hanshin6.pdf,official_daily_result_pdf
202509020611,2025,阪神,2,6,11,2025-04-13,https://www.jra.go.jp/datafile/seiseki/report/2025/2025-2hanshin6.pdf,official_daily_result_pdf
202509020612,2025,阪神,2,6,12,2025-04-13,https://www.jra.go.jp/datafile/seiseki/report/2025/2025-2hanshin6.pdf,official_daily_result_pdf
202509020701,2025,阪神,2,7,1,2025-04-19,https://www.jra.go.jp/datafile/seiseki/report/2025/2025-2hanshin7.pdf,official_daily_result_pdf
202509020702,2025,阪神,2,7,2,2025-04-19,https://www.jra.go.jp/datafile/seiseki/report/2025/2025-2hanshin7.pdf,official_daily_result_pdf
202509020703,2025,阪神,2,7,3,2025-04-19,https://www.jra.go.jp/datafile/seiseki/report/2025/2025-2hanshin7.pdf,official_daily_result_pdf
202509020704,2025,阪神,2,7,4,2025-04-19,https://www.jra.go.jp/datafile/seiseki/report/2025/2025-2hanshin7.pdf,official_daily_result_pdf
202509020705,2025,阪神,2,7,5,2025-04-19,https://www.jra.go.jp/datafile/seiseki/report/2025/2025-2hanshin7.pdf,official_daily_result_pdf
202509020706,2025,阪神,2,7,6,2025-04-19,https://www.jra.go.jp/datafile/seiseki/report/2025/2025-2hanshin7.pdf,official_daily_result_pdf
202509020707,2025,阪神,2,7,7,2025-04-19,https://www.jra.go.jp/datafile/seiseki/report/2025/2025-2hanshin7.pdf,official_daily_result_pdf
202509020708,2025,阪神,2,7,8,2025-04-19,https://www.jra.go.jp/datafile/seiseki/report/2025/2025-2hanshin7.pdf,official_daily_result_pdf
202509020709,2025,阪神,2,7,9,2025-04-19,https://www.jra.go.jp/datafile/seiseki/report/2025/2025-2hanshin7.pdf,official_daily_result_pdf
202509020710,2025,阪神,2,7,10,2025-04-19,https://www.jra.go.jp/datafile/seiseki/report/2025/2025-2hanshin7.pdf,official_daily_result_pdf
202509020711,2025,阪神,2,7,11,2025-04-19,https://www.jra.go.jp/datafile/seiseki/report/2025/2025-2hanshin7.pdf,official_daily_result_pdf
202509020712,2025,阪神,2,7,12,2025-04-19,https://www.jra.go.jp/datafile/seiseki/report/2025/2025-2hanshin7.pdf,official_daily_result_pdf
202509020801,2025,阪神,2,8,1,2025-04-20,https://www.jra.go.jp/datafile/seiseki/report/2025/2025-2hanshin8.pdf,official_daily_result_pdf
202509020802,2025,阪神,2,8,2,2025-04-20,https://www.jra.go.jp/datafile/seiseki/report/2025/2025-2hanshin8.pdf,official_daily_result_pdf
202509020803,2025,阪神,2,8,3,2025-04-20,https://www.jra.go.jp/datafile/seiseki/report/2025/2025-2hanshin8.pdf,official_daily_result_pdf
202509020804,2025,阪神,2,8,4,2025-04-20,https://www.jra.go.jp/datafile/seiseki/report/2025/2025-2hanshin8.pdf,official_daily_result_pdf
202509020805,2025,阪神,2,8,5,2025-04-20,https://www.jra.go.jp/datafile/seiseki/report/2025/2025-2hanshin8.pdf,official_daily_result_pdf
202509020806,2025,阪神,2,8,6,2025-04-20,https://www.jra.go.jp/datafile/seiseki/report/2025/2025-2hanshin8.pdf,official_daily_result_pdf
202509020807,2025,阪神,2,8,7,2025-04-20,https://www.jra.go.jp/datafile/seiseki/report/2025/2025-2hanshin8.pdf,official_daily_result_pdf
202509020808,2025,阪神,2,8,8,2025-04-20,https://www.jra.go.jp/datafile/seiseki/report/2025/2025-2hanshin8.pdf,official_daily_result_pdf
202509020809,2025,阪神,2,8,9,2025-04-20,https://www.jra.go.jp/datafile/seiseki/report/2025/2025-2hanshin8.pdf,official_daily_result_pdf
202509020810,2025,阪神,2,8,10,2025-04-20,https://www.jra.go.jp/datafile/seiseki/report/2025/2025-2hanshin8.pdf,official_daily_result_pdf
202509020811,2025,阪神,2,8,11,2025-04-20,https://www.jra.go.jp/datafile/seiseki/report/2025/2025-2hanshin8.pdf,official_daily_result_pdf
202509020812,2025,阪神,2,8,12,2025-04-20,https://www.jra.go.jp/datafile/seiseki/report/2025/2025-2hanshin8.pdf,official_daily_result_pdf
202509030101,2025,阪神,3,1,1,2025-06-07,https://www.jra.go.jp/datafile/seiseki/report/2025/2025-3hanshin1.pdf,official_daily_result_pdf
202509030102,2025,阪神,3,1,2,2025-06-07,https://www.jra.go.jp/datafile/seiseki/report/2025/2025-3hanshin1.pdf,official_daily_result_pdf
202509030103,2025,阪神,3,1,3,2025-06-07,https://www.jra.go.jp/datafile/seiseki/report/2025/2025-3hanshin1.pdf,official_daily_result_pdf
202509030104,2025,阪神,3,1,4,2025-06-07,https://www.jra.go.jp/datafile/seiseki/report/2025/2025-3hanshin1.pdf,official_daily_result_pdf
202509030105,2025,阪神,3,1,5,2025-06-07,https://www.jra.go.jp/datafile/seiseki/report/2025/2025-3hanshin1.pdf,official_daily_result_pdf
202509030106,2025,阪神,3,1,6,2025-06-07,https://www.jra.go.jp/datafile/seiseki/report/2025/2025-3hanshin1.pdf,official_daily_result_pdf
202509030107,2025,阪神,3,1,7,2025-06-07,https://www.jra.go.jp/datafile/seiseki/report/2025/2025-3hanshin1.pdf,official_daily_result_pdf
202509030108,2025,阪神,3,1,8,2025-06-07,https://www.jra.go.jp/datafile/seiseki/report/2025/2025-3hanshin1.pdf,official_daily_result_pdf
202509030109,2025,阪神,3,1,9,2025-06-07,https://www.jra.go.jp/datafile/seiseki/report/2025/2025-3hanshin1.pdf,official_daily_result_pdf
202509030110,2025,阪神,3,1,10,2025-06-07,https://www.jra.go.jp/datafile/seiseki/report/2025/2025-3hanshin1.pdf,official_daily_result_pdf
202509030111,2025,阪神,3,1,11,2025-06-07,https://www.jra.go.jp/datafile/seiseki/report/2025/2025-3hanshin1.pdf,official_daily_result_pdf
202509030112,2025,阪神,3,1,12,2025-06-07,https://www.jra.go.jp/datafile/seiseki/report/2025/2025-3hanshin1.pdf,official_daily_result_pdf
202509030201,2025,阪神,3,2,1,2025-06-08,https://www.jra.go.jp/datafile/seiseki/report/2025/2025-3hanshin2.pdf,official_daily_result_pdf
202509030202,2025,阪神,3,2,2,2025-06-08,https://www.jra.go.jp/datafile/seiseki/report/2025/2025-3hanshin2.pdf,official_daily_result_pdf
202509030203,2025,阪神,3,2,3,2025-06-08,https://www.jra.go.jp/datafile/seiseki/report/2025/2025-3hanshin2.pdf,official_daily_result_pdf
202509030204,2025,阪神,3,2,4,2025-06-08,https://www.jra.go.jp/datafile/seiseki/report/2025/2025-3hanshin2.pdf,official_daily_result_pdf
202509030205,2025,阪神,3,2,5,2025-06-08,https://www.jra.go.jp/datafile/seiseki/report/2025/2025-3hanshin2.pdf,official_daily_result_pdf
202509030206,2025,阪神,3,2,6,2025-06-08,https://www.jra.go.jp/datafile/seiseki/report/2025/2025-3hanshin2.pdf,official_daily_result_pdf
202509030207,2025,阪神,3,2,7,2025-06-08,https://www.jra.go.jp/datafile/seiseki/report/2025/2025-3hanshin2.pdf,official_daily_result_pdf
202509030208,2025,阪神,3,2,8,2025-06-08,https://www.jra.go.jp/datafile/seiseki/report/2025/2025-3hanshin2.pdf,official_daily_result_pdf
202509030209,2025,阪神,3,2,9,2025-06-08,https://www.jra.go.jp/datafile/seiseki/report/2025/2025-3hanshin2.pdf,official_daily_result_pdf
202509030210,2025,阪神,3,2,10,2025-06-08,https://www.jra.go.jp/datafile/seiseki/report/2025/2025-3hanshin2.pdf,official_daily_result_pdf
202509030211,2025,阪神,3,2,11,2025-06-08,https://www.jra.go.jp/datafile/seiseki/report/2025/2025-3hanshin2.pdf,official_daily_result_pdf
202509030212,2025,阪神,3,2,12,2025-06-08,https://www.jra.go.jp/datafile/seiseki/report/2025/2025-3hanshin2.pdf,official_daily_result_pdf
202509030301,2025,阪神,3,3,1,2025-06-14,https://www.jra.go.jp/datafile/seiseki/report/2025/2025-3hanshin3.pdf,official_daily_result_pdf
202509030302,2025,阪神,3,3,2,2025-06-14,https://www.jra.go.jp/datafile/seiseki/report/2025/2025-3hanshin3.pdf,official_daily_result_pdf
202509030303,2025,阪神,3,3,3,2025-06-14,https://www.jra.go.jp/datafile/seiseki/report/2025/2025-3hanshin3.pdf,official_daily_result_pdf
202509030304,2025,阪神,3,3,4,2025-06-14,https://www.jra.go.jp/datafile/seiseki/report/2025/2025-3hanshin3.pdf,official_daily_result_pdf
202509030305,2025,阪神,3,3,5,2025-06-14,https://www.jra.go.jp/datafile/seiseki/report/2025/2025-3hanshin3.pdf,official_daily_result_pdf
202509030306,2025,阪神,3,3,6,2025-06-14,https://www.jra.go.jp/datafile/seiseki/report/2025/2025-3hanshin3.pdf,official_daily_result_pdf
202509030307,2025,阪神,3,3,7,2025-06-14,https://www.jra.go.jp/datafile/seiseki/report/2025/2025-3hanshin3.pdf,official_daily_result_pdf
202509030308,2025,阪神,3,3,8,2025-06-14,https://www.jra.go.jp/datafile/seiseki/report/2025/2025-3hanshin3.pdf,official_daily_result_pdf
202509030309,2025,阪神,3,3,9,2025-06-14,https://www.jra.go.jp/datafile/seiseki/report/2025/2025-3hanshin3.pdf,official_daily_result_pdf
202509030310,2025,阪神,3,3,10,2025-06-14,https://www.jra.go.jp/datafile/seiseki/report/2025/2025-3hanshin3.pdf,official_daily_result_pdf
202509030311,2025,阪神,3,3,11,2025-06-14,https://www.jra.go.jp/datafile/seiseki/report/2025/2025-3hanshin3.pdf,official_daily_result_pdf
202509030312,2025,阪神,3,3,12,2025-06-14,https://www.jra.go.jp/datafile/seiseki/report/2025/2025-3hanshin3.pdf,official_daily_result_pdf
202509030401,2025,阪神,3,4,1,2025-06-15,https://www.jra.go.jp/datafile/seiseki/report/2025/2025-3hanshin4.pdf,official_daily_result_pdf
202509030402,2025,阪神,3,4,2,2025-06-15,https://www.jra.go.jp/datafile/seiseki/report/2025/2025-3hanshin4.pdf,official_daily_result_pdf
202509030403,2025,阪神,3,4,3,2025-06-15,https://www.jra.go.jp/datafile/seiseki/report/2025/2025-3hanshin4.pdf,official_daily_result_pdf
202509030404,2025,阪神,3,4,4,2025-06-15,https://www.jra.go.jp/datafile/seiseki/report/2025/2025-3hanshin4.pdf,official_daily_result_pdf
202509030405,2025,阪神,3,4,5,2025-06-15,https://www.jra.go.jp/datafile/seiseki/report/2025/2025-3hanshin4.pdf,official_daily_result_pdf
202509030406,2025,阪神,3,4,6,2025-06-15,https://www.jra.go.jp/datafile/seiseki/report/2025/2025-3hanshin4.pdf,official_daily_result_pdf
202509030407,2025,阪神,3,4,7,2025-06-15,https://www.jra.go.jp/datafile/seiseki/report/2025/2025-3hanshin4.pdf,official_daily_result_pdf
202509030408,2025,阪神,3,4,8,2025-06-15,https://www.jra.go.jp/datafile/seiseki/report/2025/2025-3hanshin4.pdf,official_daily_result_pdf
202509030409,2025,阪神,3,4,9,2025-06-15,https://www.jra.go.jp/datafile/seiseki/report/2025/2025-3hanshin4.pdf,official_daily_result_pdf
202509030410,2025,阪神,3,4,10,2025-06-15,https://www.jra.go.jp/datafile/seiseki/report/2025/2025-3hanshin4.pdf,official_daily_result_pdf
202509030411,2025,阪神,3,4,11,2025-06-15,https://www.jra.go.jp/datafile/seiseki/report/2025/2025-3hanshin4.pdf,official_daily_result_pdf
202509030412,2025,阪神,3,4,12,2025-06-15,https://www.jra.go.jp/datafile/seiseki/report/2025/2025-3hanshin4.pdf,official_daily_result_pdf
202509030501,2025,阪神,3,5,1,2025-06-21,https://www.jra.go.jp/datafile/seiseki/report/2025/2025-3hanshin5.pdf,official_daily_result_pdf
202509030502,2025,阪神,3,5,2,2025-06-21,https://www.jra.go.jp/datafile/seiseki/report/2025/2025-3hanshin5.pdf,official_daily_result_pdf
202509030503,2025,阪神,3,5,3,2025-06-21,https://www.jra.go.jp/datafile/seiseki/report/2025/2025-3hanshin5.pdf,official_daily_result_pdf
202509030504,2025,阪神,3,5,4,2025-06-21,https://www.jra.go.jp/datafile/seiseki/report/2025/2025-3hanshin5.pdf,official_daily_result_pdf
202509030505,2025,阪神,3,5,5,2025-06-21,https://www.jra.go.jp/datafile/seiseki/report/2025/2025-3hanshin5.pdf,official_daily_result_pdf
202509030506,2025,阪神,3,5,6,2025-06-21,https://www.jra.go.jp/datafile/seiseki/report/2025/2025-3hanshin5.pdf,official_daily_result_pdf
202509030507,2025,阪神,3,5,7,2025-06-21,https://www.jra.go.jp/datafile/seiseki/report/2025/2025-3hanshin5.pdf,official_daily_result_pdf
202509030508,2025,阪神,3,5,8,2025-06-21,https://www.jra.go.jp/datafile/seiseki/report/2025/2025-3hanshin5.pdf,official_daily_result_pdf
202509030509,2025,阪神,3,5,9,2025-06-21,https://www.jra.go.jp/datafile/seiseki/report/2025/2025-3hanshin5.pdf,official_daily_result_pdf
202509030510,2025,阪神,3,5,10,2025-06-21,https://www.jra.go.jp/datafile/seiseki/report/2025/2025-3hanshin5.pdf,official_daily_result_pdf
202509030511,2025,阪神,3,5,11,2025-06-21,https://www.jra.go.jp/datafile/seiseki/report/2025/2025-3hanshin5.pdf,official_daily_result_pdf
202509030512,2025,阪神,3,5,12,2025-06-21,https://www.jra.go.jp/datafile/seiseki/report/2025/2025-3hanshin5.pdf,official_daily_result_pdf
202509030601,2025,阪神,3,6,1,2025-06-22,https://www.jra.go.jp/datafile/seiseki/report/2025/2025-3hanshin6.pdf,official_daily_result_pdf
202509030602,2025,阪神,3,6,2,2025-06-22,https://www.jra.go.jp/datafile/seiseki/report/2025/2025-3hanshin6.pdf,official_daily_result_pdf
202509030603,2025,阪神,3,6,3,2025-06-22,https://www.jra.go.jp/datafile/seiseki/report/2025/2025-3hanshin6.pdf,official_daily_result_pdf
202509030604,2025,阪神,3,6,4,2025-06-22,https://www.jra.go.jp/datafile/seiseki/report/2025/2025-3hanshin6.pdf,official_daily_result_pdf
202509030605,2025,阪神,3,6,5,2025-06-22,https://www.jra.go.jp/datafile/seiseki/report/2025/2025-3hanshin6.pdf,official_daily_result_pdf
202509030606,2025,阪神,3,6,6,2025-06-22,https://www.jra.go.jp/datafile/seiseki/report/2025/2025-3hanshin6.pdf,official_daily_result_pdf
202509030607,2025,阪神,3,6,7,2025-06-22,https://www.jra.go.jp/datafile/seiseki/report/2025/2025-3hanshin6.pdf,official_daily_result_pdf
202509030608,2025,阪神,3,6,8,2025-06-22,https://www.jra.go.jp/datafile/seiseki/report/2025/2025-3hanshin6.pdf,official_daily_result_pdf
202509030609,2025,阪神,3,6,9,2025-06-22,https://www.jra.go.jp/datafile/seiseki/report/2025/2025-3hanshin6.pdf,official_daily_result_pdf
202509030610,2025,阪神,3,6,10,2025-06-22,https://www.jra.go.jp/datafile/seiseki/report/2025/2025-3hanshin6.pdf,official_daily_result_pdf
202509030611,2025,阪神,3,6,11,2025-06-22,https://www.jra.go.jp/datafile/seiseki/report/2025/2025-3hanshin6.pdf,official_daily_result_pdf
202509030612,2025,阪神,3,6,12,2025-06-22,https://www.jra.go.jp/datafile/seiseki/report/2025/2025-3hanshin6.pdf,official_daily_result_pdf
202509040101,2025,阪神,4,1,1,2025-09-06,https://www.jra.go.jp/datafile/seiseki/report/2025/2025-4hanshin1.pdf,official_daily_result_pdf
202509040102,2025,阪神,4,1,2,2025-09-06,https://www.jra.go.jp/datafile/seiseki/report/2025/2025-4hanshin1.pdf,official_daily_result_pdf
202509040103,2025,阪神,4,1,3,2025-09-06,https://www.jra.go.jp/datafile/seiseki/report/2025/2025-4hanshin1.pdf,official_daily_result_pdf
202509040104,2025,阪神,4,1,4,2025-09-06,https://www.jra.go.jp/datafile/seiseki/report/2025/2025-4hanshin1.pdf,official_daily_result_pdf
202509040105,2025,阪神,4,1,5,2025-09-06,https://www.jra.go.jp/datafile/seiseki/report/2025/2025-4hanshin1.pdf,official_daily_result_pdf
202509040106,2025,阪神,4,1,6,2025-09-06,https://www.jra.go.jp/datafile/seiseki/report/2025/2025-4hanshin1.pdf,official_daily_result_pdf
202509040107,2025,阪神,4,1,7,2025-09-06,https://www.jra.go.jp/datafile/seiseki/report/2025/2025-4hanshin1.pdf,official_daily_result_pdf
202509040108,2025,阪神,4,1,8,2025-09-06,https://www.jra.go.jp/datafile/seiseki/report/2025/2025-4hanshin1.pdf,official_daily_result_pdf
202509040109,2025,阪神,4,1,9,2025-09-06,https://www.jra.go.jp/datafile/seiseki/report/2025/2025-4hanshin1.pdf,official_daily_result_pdf
202509040110,2025,阪神,4,1,10,2025-09-06,https://www.jra.go.jp/datafile/seiseki/report/2025/2025-4hanshin1.pdf,official_daily_result_pdf
202509040111,2025,阪神,4,1,11,2025-09-06,https://www.jra.go.jp/datafile/seiseki/report/2025/2025-4hanshin1.pdf,official_daily_result_pdf
202509040112,2025,阪神,4,1,12,2025-09-06,https://www.jra.go.jp/datafile/seiseki/report/2025/2025-4hanshin1.pdf,official_daily_result_pdf
202509040201,2025,阪神,4,2,1,2025-09-07,https://www.jra.go.jp/datafile/seiseki/report/2025/2025-4hanshin2.pdf,official_daily_result_pdf
202509040202,2025,阪神,4,2,2,2025-09-07,https://www.jra.go.jp/datafile/seiseki/report/2025/2025-4hanshin2.pdf,official_daily_result_pdf
202509040203,2025,阪神,4,2,3,2025-09-07,https://www.jra.go.jp/datafile/seiseki/report/2025/2025-4hanshin2.pdf,official_daily_result_pdf
202509040204,2025,阪神,4,2,4,2025-09-07,https://www.jra.go.jp/datafile/seiseki/report/2025/2025-4hanshin2.pdf,official_daily_result_pdf
202509040205,2025,阪神,4,2,5,2025-09-07,https://www.jra.go.jp/datafile/seiseki/report/2025/2025-4hanshin2.pdf,official_daily_result_pdf
202509040206,2025,阪神,4,2,6,2025-09-07,https://www.jra.go.jp/datafile/seiseki/report/2025/2025-4hanshin2.pdf,official_daily_result_pdf
202509040207,2025,阪神,4,2,7,2025-09-07,https://www.jra.go.jp/datafile/seiseki/report/2025/2025-4hanshin2.pdf,official_daily_result_pdf
202509040208,2025,阪神,4,2,8,2025-09-07,https://www.jra.go.jp/datafile/seiseki/report/2025/2025-4hanshin2.pdf,official_daily_result_pdf
202509040209,2025,阪神,4,2,9,2025-09-07,https://www.jra.go.jp/datafile/seiseki/report/2025/2025-4hanshin2.pdf,official_daily_result_pdf
202509040210,2025,阪神,4,2,10,2025-09-07,https://www.jra.go.jp/datafile/seiseki/report/2025/2025-4hanshin2.pdf,official_daily_result_pdf
202509040211,2025,阪神,4,2,11,2025-09-07,https://www.jra.go.jp/datafile/seiseki/report/2025/2025-4hanshin2.pdf,official_daily_result_pdf
202509040212,2025,阪神,4,2,12,2025-09-07,https://www.jra.go.jp/datafile/seiseki/report/2025/2025-4hanshin2.pdf,official_daily_result_pdf
202509040301,2025,阪神,4,3,1,2025-09-13,https://www.jra.go.jp/datafile/seiseki/report/2025/2025-4hanshin3.pdf,official_daily_result_pdf
202509040302,2025,阪神,4,3,2,2025-09-13,https://www.jra.go.jp/datafile/seiseki/report/2025/2025-4hanshin3.pdf,official_daily_result_pdf
202509040303,2025,阪神,4,3,3,2025-09-13,https://www.jra.go.jp/datafile/seiseki/report/2025/2025-4hanshin3.pdf,official_daily_result_pdf
202509040304,2025,阪神,4,3,4,2025-09-13,https://www.jra.go.jp/datafile/seiseki/report/2025/2025-4hanshin3.pdf,official_daily_result_pdf
202509040305,2025,阪神,4,3,5,2025-09-13,https://www.jra.go.jp/datafile/seiseki/report/2025/2025-4hanshin3.pdf,official_daily_result_pdf
202509040306,2025,阪神,4,3,6,2025-09-13,https://www.jra.go.jp/datafile/seiseki/report/2025/2025-4hanshin3.pdf,official_daily_result_pdf
202509040307,2025,阪神,4,3,7,2025-09-13,https://www.jra.go.jp/datafile/seiseki/report/2025/2025-4hanshin3.pdf,official_daily_result_pdf
202509040308,2025,阪神,4,3,8,2025-09-13,https://www.jra.go.jp/datafile/seiseki/report/2025/2025-4hanshin3.pdf,official_daily_result_pdf
202509040309,2025,阪神,4,3,9,2025-09-13,https://www.jra.go.jp/datafile/seiseki/report/2025/2025-4hanshin3.pdf,official_daily_result_pdf
202509040310,2025,阪神,4,3,10,2025-09-13,https://www.jra.go.jp/datafile/seiseki/report/2025/2025-4hanshin3.pdf,official_daily_result_pdf
202509040311,2025,阪神,4,3,11,2025-09-13,https://www.jra.go.jp/datafile/seiseki/report/2025/2025-4hanshin3.pdf,official_daily_result_pdf
202509040312,2025,阪神,4,3,12,2025-09-13,https://www.jra.go.jp/datafile/seiseki/report/2025/2025-4hanshin3.pdf,official_daily_result_pdf
202509040401,2025,阪神,4,4,1,2025-09-14,https://www.jra.go.jp/datafile/seiseki/report/2025/2025-4hanshin4.pdf,official_daily_result_pdf
202509040402,2025,阪神,4,4,2,2025-09-14,https://www.jra.go.jp/datafile/seiseki/report/2025/2025-4hanshin4.pdf,official_daily_result_pdf
202509040403,2025,阪神,4,4,3,2025-09-14,https://www.jra.go.jp/datafile/seiseki/report/2025/2025-4hanshin4.pdf,official_daily_result_pdf
202509040404,2025,阪神,4,4,4,2025-09-14,https://www.jra.go.jp/datafile/seiseki/report/2025/2025-4hanshin4.pdf,official_daily_result_pdf
202509040405,2025,阪神,4,4,5,2025-09-14,https://www.jra.go.jp/datafile/seiseki/report/2025/2025-4hanshin4.pdf,official_daily_result_pdf
202509040406,2025,阪神,4,4,6,2025-09-14,https://www.jra.go.jp/datafile/seiseki/report/2025/2025-4hanshin4.pdf,official_daily_result_pdf
202509040407,2025,阪神,4,4,7,2025-09-14,https://www.jra.go.jp/datafile/seiseki/report/2025/2025-4hanshin4.pdf,official_daily_result_pdf
202509040408,2025,阪神,4,4,8,2025-09-14,https://www.jra.go.jp/datafile/seiseki/report/2025/2025-4hanshin4.pdf,official_daily_result_pdf
202509040409,2025,阪神,4,4,9,2025-09-14,https://www.jra.go.jp/datafile/seiseki/report/2025/2025-4hanshin4.pdf,official_daily_result_pdf
202509040410,2025,阪神,4,4,10,2025-09-14,https://www.jra.go.jp/datafile/seiseki/report/2025/2025-4hanshin4.pdf,official_daily_result_pdf
202509040411,2025,阪神,4,4,11,2025-09-14,https://www.jra.go.jp/datafile/seiseki/report/2025/2025-4hanshin4.pdf,official_daily_result_pdf
202509040412,2025,阪神,4,4,12,2025-09-14,https://www.jra.go.jp/datafile/seiseki/report/2025/2025-4hanshin4.pdf,official_daily_result_pdf
202509040501,2025,阪神,4,5,1,2025-09-15,https://www.jra.go.jp/datafile/seiseki/report/2025/2025-4hanshin5.pdf,official_daily_result_pdf
202509040502,2025,阪神,4,5,2,2025-09-15,https://www.jra.go.jp/datafile/seiseki/report/2025/2025-4hanshin5.pdf,official_daily_result_pdf
202509040503,2025,阪神,4,5,3,2025-09-15,https://www.jra.go.jp/datafile/seiseki/report/2025/2025-4hanshin5.pdf,official_daily_result_pdf
202509040504,2025,阪神,4,5,4,2025-09-15,https://www.jra.go.jp/datafile/seiseki/report/2025/2025-4hanshin5.pdf,official_daily_result_pdf
202509040505,2025,阪神,4,5,5,2025-09-15,https://www.jra.go.jp/datafile/seiseki/report/2025/2025-4hanshin5.pdf,official_daily_result_pdf
202509040506,2025,阪神,4,5,6,2025-09-15,https://www.jra.go.jp/datafile/seiseki/report/2025/2025-4hanshin5.pdf,official_daily_result_pdf
202509040507,2025,阪神,4,5,7,2025-09-15,https://www.jra.go.jp/datafile/seiseki/report/2025/2025-4hanshin5.pdf,official_daily_result_pdf
202509040508,2025,阪神,4,5,8,2025-09-15,https://www.jra.go.jp/datafile/seiseki/report/2025/2025-4hanshin5.pdf,official_daily_result_pdf
202509040509,2025,阪神,4,5,9,2025-09-15,https://www.jra.go.jp/datafile/seiseki/report/2025/2025-4hanshin5.pdf,official_daily_result_pdf
202509040510,2025,阪神,4,5,10,2025-09-15,https://www.jra.go.jp/datafile/seiseki/report/2025/2025-4hanshin5.pdf,official_daily_result_pdf
202509040511,2025,阪神,4,5,11,2025-09-15,https://www.jra.go.jp/datafile/seiseki/report/2025/2025-4hanshin5.pdf,official_daily_result_pdf
202509040512,2025,阪神,4,5,12,2025-09-15,https://www.jra.go.jp/datafile/seiseki/report/2025/2025-4hanshin5.pdf,official_daily_result_pdf
202509040601,2025,阪神,4,6,1,2025-09-20,https://www.jra.go.jp/datafile/seiseki/report/2025/2025-4hanshin6.pdf,official_daily_result_pdf
202509040602,2025,阪神,4,6,2,2025-09-20,https://www.jra.go.jp/datafile/seiseki/report/2025/2025-4hanshin6.pdf,official_daily_result_pdf
202509040603,2025,阪神,4,6,3,2025-09-20,https://www.jra.go.jp/datafile/seiseki/report/2025/2025-4hanshin6.pdf,official_daily_result_pdf
202509040604,2025,阪神,4,6,4,2025-09-20,https://www.jra.go.jp/datafile/seiseki/report/2025/2025-4hanshin6.pdf,official_daily_result_pdf
202509040605,2025,阪神,4,6,5,2025-09-20,https://www.jra.go.jp/datafile/seiseki/report/2025/2025-4hanshin6.pdf,official_daily_result_pdf
202509040606,2025,阪神,4,6,6,2025-09-20,https://www.jra.go.jp/datafile/seiseki/report/2025/2025-4hanshin6.pdf,official_daily_result_pdf
202509040607,2025,阪神,4,6,7,2025-09-20,https://www.jra.go.jp/datafile/seiseki/report/2025/2025-4hanshin6.pdf,official_daily_result_pdf
202509040608,2025,阪神,4,6,8,2025-09-20,https://www.jra.go.jp/datafile/seiseki/report/2025/2025-4hanshin6.pdf,official_daily_result_pdf
202509040609,2025,阪神,4,6,9,2025-09-20,https://www.jra.go.jp/datafile/seiseki/report/2025/2025-4hanshin6.pdf,official_daily_result_pdf
202509040610,2025,阪神,4,6,10,2025-09-20,https://www.jra.go.jp/datafile/seiseki/report/2025/2025-4hanshin6.pdf,official_daily_result_pdf
202509040611,2025,阪神,4,6,11,2025-09-20,https://www.jra.go.jp/datafile/seiseki/report/2025/2025-4hanshin6.pdf,official_daily_result_pdf
202509040612,2025,阪神,4,6,12,2025-09-20,https://www.jra.go.jp/datafile/seiseki/report/2025/2025-4hanshin6.pdf,official_daily_result_pdf
202509040701,2025,阪神,4,7,1,2025-09-21,https://www.jra.go.jp/datafile/seiseki/report/2025/2025-4hanshin7.pdf,official_daily_result_pdf
202509040702,2025,阪神,4,7,2,2025-09-21,https://www.jra.go.jp/datafile/seiseki/report/2025/2025-4hanshin7.pdf,official_daily_result_pdf
202509040703,2025,阪神,4,7,3,2025-09-21,https://www.jra.go.jp/datafile/seiseki/report/2025/2025-4hanshin7.pdf,official_daily_result_pdf
202509040704,2025,阪神,4,7,4,2025-09-21,https://www.jra.go.jp/datafile/seiseki/report/2025/2025-4hanshin7.pdf,official_daily_result_pdf
202509040705,2025,阪神,4,7,5,2025-09-21,https://www.jra.go.jp/datafile/seiseki/report/2025/2025-4hanshin7.pdf,official_daily_result_pdf
202509040706,2025,阪神,4,7,6,2025-09-21,https://www.jra.go.jp/datafile/seiseki/report/2025/2025-4hanshin7.pdf,official_daily_result_pdf
202509040707,2025,阪神,4,7,7,2025-09-21,https://www.jra.go.jp/datafile/seiseki/report/2025/2025-4hanshin7.pdf,official_daily_result_pdf
202509040708,2025,阪神,4,7,8,2025-09-21,https://www.jra.go.jp/datafile/seiseki/report/2025/2025-4hanshin7.pdf,official_daily_result_pdf
202509040709,2025,阪神,4,7,9,2025-09-21,https://www.jra.go.jp/datafile/seiseki/report/2025/2025-4hanshin7.pdf,official_daily_result_pdf
202509040710,2025,阪神,4,7,10,2025-09-21,https://www.jra.go.jp/datafile/seiseki/report/2025/2025-4hanshin7.pdf,official_daily_result_pdf
202509040711,2025,阪神,4,7,11,2025-09-21,https://www.jra.go.jp/datafile/seiseki/report/2025/2025-4hanshin7.pdf,official_daily_result_pdf
202509040712,2025,阪神,4,7,12,2025-09-21,https://www.jra.go.jp/datafile/seiseki/report/2025/2025-4hanshin7.pdf,official_daily_result_pdf
202509040801,2025,阪神,4,8,1,2025-09-27,https://www.jra.go.jp/datafile/seiseki/report/2025/2025-4hanshin8.pdf,official_daily_result_pdf
202509040802,2025,阪神,4,8,2,2025-09-27,https://www.jra.go.jp/datafile/seiseki/report/2025/2025-4hanshin8.pdf,official_daily_result_pdf
202509040803,2025,阪神,4,8,3,2025-09-27,https://www.jra.go.jp/datafile/seiseki/report/2025/2025-4hanshin8.pdf,official_daily_result_pdf
202509040804,2025,阪神,4,8,4,2025-09-27,https://www.jra.go.jp/datafile/seiseki/report/2025/2025-4hanshin8.pdf,official_daily_result_pdf
202509040805,2025,阪神,4,8,5,2025-09-27,https://www.jra.go.jp/datafile/seiseki/report/2025/2025-4hanshin8.pdf,official_daily_result_pdf
202509040806,2025,阪神,4,8,6,2025-09-27,https://www.jra.go.jp/datafile/seiseki/report/2025/2025-4hanshin8.pdf,official_daily_result_pdf
202509040807,2025,阪神,4,8,7,2025-09-27,https://www.jra.go.jp/datafile/seiseki/report/2025/2025-4hanshin8.pdf,official_daily_result_pdf
202509040808,2025,阪神,4,8,8,2025-09-27,https://www.jra.go.jp/datafile/seiseki/report/2025/2025-4hanshin8.pdf,official_daily_result_pdf
202509040809,2025,阪神,4,8,9,2025-09-27,https://www.jra.go.jp/datafile/seiseki/report/2025/2025-4hanshin8.pdf,official_daily_result_pdf
202509040810,2025,阪神,4,8,10,2025-09-27,https://www.jra.go.jp/datafile/seiseki/report/2025/2025-4hanshin8.pdf,official_daily_result_pdf
202509040811,2025,阪神,4,8,11,2025-09-27,https://www.jra.go.jp/datafile/seiseki/report/2025/2025-4hanshin8.pdf,official_daily_result_pdf
202509040812,2025,阪神,4,8,12,2025-09-27,https://www.jra.go.jp/datafile/seiseki/report/2025/2025-4hanshin8.pdf,official_daily_result_pdf
202509040901,2025,阪神,4,9,1,2025-09-28,https://www.jra.go.jp/datafile/seiseki/report/2025/2025-4hanshin9.pdf,official_daily_result_pdf
202509040902,2025,阪神,4,9,2,2025-09-28,https://www.jra.go.jp/datafile/seiseki/report/2025/2025-4hanshin9.pdf,official_daily_result_pdf
202509040903,2025,阪神,4,9,3,2025-09-28,https://www.jra.go.jp/datafile/seiseki/report/2025/2025-4hanshin9.pdf,official_daily_result_pdf
202509040904,2025,阪神,4,9,4,2025-09-28,https://www.jra.go.jp/datafile/seiseki/report/2025/2025-4hanshin9.pdf,official_daily_result_pdf
202509040905,2025,阪神,4,9,5,2025-09-28,https://www.jra.go.jp/datafile/seiseki/report/2025/2025-4hanshin9.pdf,official_daily_result_pdf
202509040906,2025,阪神,4,9,6,2025-09-28,https://www.jra.go.jp/datafile/seiseki/report/2025/2025-4hanshin9.pdf,official_daily_result_pdf
202509040907,2025,阪神,4,9,7,2025-09-28,https://www.jra.go.jp/datafile/seiseki/report/2025/2025-4hanshin9.pdf,official_daily_result_pdf
202509040908,2025,阪神,4,9,8,2025-09-28,https://www.jra.go.jp/datafile/seiseki/report/2025/2025-4hanshin9.pdf,official_daily_result_pdf
202509040909,2025,阪神,4,9,9,2025-09-28,https://www.jra.go.jp/datafile/seiseki/report/2025/2025-4hanshin9.pdf,official_daily_result_pdf
202509040910,2025,阪神,4,9,10,2025-09-28,https://www.jra.go.jp/datafile/seiseki/report/2025/2025-4hanshin9.pdf,official_daily_result_pdf
202509040911,2025,阪神,4,9,11,2025-09-28,https://www.jra.go.jp/datafile/seiseki/report/2025/2025-4hanshin9.pdf,official_daily_result_pdf
202509040912,2025,阪神,4,9,12,2025-09-28,https://www.jra.go.jp/datafile/seiseki/report/2025/2025-4hanshin9.pdf,official_daily_result_pdf
202509050101,2025,阪神,5,1,1,2025-12-06,https://www.jra.go.jp/datafile/seiseki/report/2025/2025-5hanshin1.pdf,official_daily_result_pdf
202509050102,2025,阪神,5,1,2,2025-12-06,https://www.jra.go.jp/datafile/seiseki/report/2025/2025-5hanshin1.pdf,official_daily_result_pdf
202509050103,2025,阪神,5,1,3,2025-12-06,https://www.jra.go.jp/datafile/seiseki/report/2025/2025-5hanshin1.pdf,official_daily_result_pdf
202509050104,2025,阪神,5,1,4,2025-12-06,https://www.jra.go.jp/datafile/seiseki/report/2025/2025-5hanshin1.pdf,official_daily_result_pdf
202509050105,2025,阪神,5,1,5,2025-12-06,https://www.jra.go.jp/datafile/seiseki/report/2025/2025-5hanshin1.pdf,official_daily_result_pdf
202509050106,2025,阪神,5,1,6,2025-12-06,https://www.jra.go.jp/datafile/seiseki/report/2025/2025-5hanshin1.pdf,official_daily_result_pdf
202509050107,2025,阪神,5,1,7,2025-12-06,https://www.jra.go.jp/datafile/seiseki/report/2025/2025-5hanshin1.pdf,official_daily_result_pdf
202509050108,2025,阪神,5,1,8,2025-12-06,https://www.jra.go.jp/datafile/seiseki/report/2025/2025-5hanshin1.pdf,official_daily_result_pdf
202509050109,2025,阪神,5,1,9,2025-12-06,https://www.jra.go.jp/datafile/seiseki/report/2025/2025-5hanshin1.pdf,official_daily_result_pdf
202509050110,2025,阪神,5,1,10,2025-12-06,https://www.jra.go.jp/datafile/seiseki/report/2025/2025-5hanshin1.pdf,official_daily_result_pdf
202509050111,2025,阪神,5,1,11,2025-12-06,https://www.jra.go.jp/datafile/seiseki/report/2025/2025-5hanshin1.pdf,official_daily_result_pdf
202509050112,2025,阪神,5,1,12,2025-12-06,https://www.jra.go.jp/datafile/seiseki/report/2025/2025-5hanshin1.pdf,official_daily_result_pdf
202509050201,2025,阪神,5,2,1,2025-12-07,https://www.jra.go.jp/datafile/seiseki/report/2025/2025-5hanshin2.pdf,official_daily_result_pdf
202509050202,2025,阪神,5,2,2,2025-12-07,https://www.jra.go.jp/datafile/seiseki/report/2025/2025-5hanshin2.pdf,official_daily_result_pdf
202509050203,2025,阪神,5,2,3,2025-12-07,https://www.jra.go.jp/datafile/seiseki/report/2025/2025-5hanshin2.pdf,official_daily_result_pdf
202509050204,2025,阪神,5,2,4,2025-12-07,https://www.jra.go.jp/datafile/seiseki/report/2025/2025-5hanshin2.pdf,official_daily_result_pdf
202509050205,2025,阪神,5,2,5,2025-12-07,https://www.jra.go.jp/datafile/seiseki/report/2025/2025-5hanshin2.pdf,official_daily_result_pdf
202509050206,2025,阪神,5,2,6,2025-12-07,https://www.jra.go.jp/datafile/seiseki/report/2025/2025-5hanshin2.pdf,official_daily_result_pdf
202509050207,2025,阪神,5,2,7,2025-12-07,https://www.jra.go.jp/datafile/seiseki/report/2025/2025-5hanshin2.pdf,official_daily_result_pdf
202509050208,2025,阪神,5,2,8,2025-12-07,https://www.jra.go.jp/datafile/seiseki/report/2025/2025-5hanshin2.pdf,official_daily_result_pdf
202509050209,2025,阪神,5,2,9,2025-12-07,https://www.jra.go.jp/datafile/seiseki/report/2025/2025-5hanshin2.pdf,official_daily_result_pdf
202509050210,2025,阪神,5,2,10,2025-12-07,https://www.jra.go.jp/datafile/seiseki/report/2025/2025-5hanshin2.pdf,official_daily_result_pdf
202509050211,2025,阪神,5,2,11,2025-12-07,https://www.jra.go.jp/datafile/seiseki/report/2025/2025-5hanshin2.pdf,official_daily_result_pdf
202509050212,2025,阪神,5,2,12,2025-12-07,https://www.jra.go.jp/datafile/seiseki/report/2025/2025-5hanshin2.pdf,official_daily_result_pdf
202509050301,2025,阪神,5,3,1,2025-12-13,https://www.jra.go.jp/datafile/seiseki/report/2025/2025-5hanshin3.pdf,official_daily_result_pdf
202509050302,2025,阪神,5,3,2,2025-12-13,https://www.jra.go.jp/datafile/seiseki/report/2025/2025-5hanshin3.pdf,official_daily_result_pdf
202509050303,2025,阪神,5,3,3,2025-12-13,https://www.jra.go.jp/datafile/seiseki/report/2025/2025-5hanshin3.pdf,official_daily_result_pdf
202509050304,2025,阪神,5,3,4,2025-12-13,https://www.jra.go.jp/datafile/seiseki/report/2025/2025-5hanshin3.pdf,official_daily_result_pdf
202509050305,2025,阪神,5,3,5,2025-12-13,https://www.jra.go.jp/datafile/seiseki/report/2025/2025-5hanshin3.pdf,official_daily_result_pdf
202509050306,2025,阪神,5,3,6,2025-12-13,https://www.jra.go.jp/datafile/seiseki/report/2025/2025-5hanshin3.pdf,official_daily_result_pdf
202509050307,2025,阪神,5,3,7,2025-12-13,https://www.jra.go.jp/datafile/seiseki/report/2025/2025-5hanshin3.pdf,official_daily_result_pdf
202509050308,2025,阪神,5,3,8,2025-12-13,https://www.jra.go.jp/datafile/seiseki/report/2025/2025-5hanshin3.pdf,official_daily_result_pdf
202509050309,2025,阪神,5,3,9,2025-12-13,https://www.jra.go.jp/datafile/seiseki/report/2025/2025-5hanshin3.pdf,official_daily_result_pdf
202509050310,2025,阪神,5,3,10,2025-12-13,https://www.jra.go.jp/datafile/seiseki/report/2025/2025-5hanshin3.pdf,official_daily_result_pdf
202509050311,2025,阪神,5,3,11,2025-12-13,https://www.jra.go.jp/datafile/seiseki/report/2025/2025-5hanshin3.pdf,official_daily_result_pdf
202509050312,2025,阪神,5,3,12,2025-12-13,https://www.jra.go.jp/datafile/seiseki/report/2025/2025-5hanshin3.pdf,official_daily_result_pdf
202509050401,2025,阪神,5,4,1,2025-12-14,https://www.jra.go.jp/datafile/seiseki/report/2025/2025-5hanshin4.pdf,official_daily_result_pdf
202509050402,2025,阪神,5,4,2,2025-12-14,https://www.jra.go.jp/datafile/seiseki/report/2025/2025-5hanshin4.pdf,official_daily_result_pdf
202509050403,2025,阪神,5,4,3,2025-12-14,https://www.jra.go.jp/datafile/seiseki/report/2025/2025-5hanshin4.pdf,official_daily_result_pdf
202509050404,2025,阪神,5,4,4,2025-12-14,https://www.jra.go.jp/datafile/seiseki/report/2025/2025-5hanshin4.pdf,official_daily_result_pdf
202509050405,2025,阪神,5,4,5,2025-12-14,https://www.jra.go.jp/datafile/seiseki/report/2025/2025-5hanshin4.pdf,official_daily_result_pdf
202509050406,2025,阪神,5,4,6,2025-12-14,https://www.jra.go.jp/datafile/seiseki/report/2025/2025-5hanshin4.pdf,official_daily_result_pdf
202509050407,2025,阪神,5,4,7,2025-12-14,https://www.jra.go.jp/datafile/seiseki/report/2025/2025-5hanshin4.pdf,official_daily_result_pdf
202509050408,2025,阪神,5,4,8,2025-12-14,https://www.jra.go.jp/datafile/seiseki/report/2025/2025-5hanshin4.pdf,official_daily_result_pdf
202509050409,2025,阪神,5,4,9,2025-12-14,https://www.jra.go.jp/datafile/seiseki/report/2025/2025-5hanshin4.pdf,official_daily_result_pdf
202509050410,2025,阪神,5,4,10,2025-12-14,https://www.jra.go.jp/datafile/seiseki/report/2025/2025-5hanshin4.pdf,official_daily_result_pdf
202509050411,2025,阪神,5,4,11,2025-12-14,https://www.jra.go.jp/datafile/seiseki/report/2025/2025-5hanshin4.pdf,official_daily_result_pdf
202509050412,2025,阪神,5,4,12,2025-12-14,https://www.jra.go.jp/datafile/seiseki/report/2025/2025-5hanshin4.pdf,official_daily_result_pdf
202509050501,2025,阪神,5,5,1,2025-12-20,https://www.jra.go.jp/datafile/seiseki/report/2025/2025-5hanshin5.pdf,official_daily_result_pdf
202509050502,2025,阪神,5,5,2,2025-12-20,https://www.jra.go.jp/datafile/seiseki/report/2025/2025-5hanshin5.pdf,official_daily_result_pdf
202509050503,2025,阪神,5,5,3,2025-12-20,https://www.jra.go.jp/datafile/seiseki/report/2025/2025-5hanshin5.pdf,official_daily_result_pdf
202509050504,2025,阪神,5,5,4,2025-12-20,https://www.jra.go.jp/datafile/seiseki/report/2025/2025-5hanshin5.pdf,official_daily_result_pdf
202509050505,2025,阪神,5,5,5,2025-12-20,https://www.jra.go.jp/datafile/seiseki/report/2025/2025-5hanshin5.pdf,official_daily_result_pdf
202509050506,2025,阪神,5,5,6,2025-12-20,https://www.jra.go.jp/datafile/seiseki/report/2025/2025-5hanshin5.pdf,official_daily_result_pdf
202509050507,2025,阪神,5,5,7,2025-12-20,https://www.jra.go.jp/datafile/seiseki/report/2025/2025-5hanshin5.pdf,official_daily_result_pdf
202509050508,2025,阪神,5,5,8,2025-12-20,https://www.jra.go.jp/datafile/seiseki/report/2025/2025-5hanshin5.pdf,official_daily_result_pdf
202509050509,2025,阪神,5,5,9,2025-12-20,https://www.jra.go.jp/datafile/seiseki/report/2025/2025-5hanshin5.pdf,official_daily_result_pdf
202509050510,2025,阪神,5,5,10,2025-12-20,https://www.jra.go.jp/datafile/seiseki/report/2025/2025-5hanshin5.pdf,official_daily_result_pdf
202509050511,2025,阪神,5,5,11,2025-12-20,https://www.jra.go.jp/datafile/seiseki/report/2025/2025-5hanshin5.pdf,official_daily_result_pdf
202509050512,2025,阪神,5,5,12,2025-12-20,https://www.jra.go.jp/datafile/seiseki/report/2025/2025-5hanshin5.pdf,official_daily_result_pdf
202509050601,2025,阪神,5,6,1,2025-12-21,https://www.jra.go.jp/datafile/seiseki/report/2025/2025-5hanshin6.pdf,official_daily_result_pdf
202509050602,2025,阪神,5,6,2,2025-12-21,https://www.jra.go.jp/datafile/seiseki/report/2025/2025-5hanshin6.pdf,official_daily_result_pdf
202509050603,2025,阪神,5,6,3,2025-12-21,https://www.jra.go.jp/datafile/seiseki/report/2025/2025-5hanshin6.pdf,official_daily_result_pdf
202509050604,2025,阪神,5,6,4,2025-12-21,https://www.jra.go.jp/datafile/seiseki/report/2025/2025-5hanshin6.pdf,official_daily_result_pdf
202509050605,2025,阪神,5,6,5,2025-12-21,https://www.jra.go.jp/datafile/seiseki/report/2025/2025-5hanshin6.pdf,official_daily_result_pdf
202509050606,2025,阪神,5,6,6,2025-12-21,https://www.jra.go.jp/datafile/seiseki/report/2025/2025-5hanshin6.pdf,official_daily_result_pdf
202509050607,2025,阪神,5,6,7,2025-12-21,https://www.jra.go.jp/datafile/seiseki/report/2025/2025-5hanshin6.pdf,official_daily_result_pdf
202509050608,2025,阪神,5,6,8,2025-12-21,https://www.jra.go.jp/datafile/seiseki/report/2025/2025-5hanshin6.pdf,official_daily_result_pdf
202509050609,2025,阪神,5,6,9,2025-12-21,https://www.jra.go.jp/datafile/seiseki/report/2025/2025-5hanshin6.pdf,official_daily_result_pdf
202509050610,2025,阪神,5,6,10,2025-12-21,https://www.jra.go.jp/datafile/seiseki/report/2025/2025-5hanshin6.pdf,official_daily_result_pdf
202509050611,2025,阪神,5,6,11,2025-12-21,https://www.jra.go.jp/datafile/seiseki/report/2025/2025-5hanshin6.pdf,official_daily_result_pdf
202509050612,2025,阪神,5,6,12,2025-12-21,https://www.jra.go.jp/datafile/seiseki/report/2025/2025-5hanshin6.pdf,official_daily_result_pdf
202509050701,2025,阪神,5,7,1,2025-12-27,https://www.jra.go.jp/JRADB/accessS.html?CNAME=pw01sde1009202505070120251227/80,official_jradb_supplement
202509050702,2025,阪神,5,7,2,2025-12-27,https://www.jra.go.jp/JRADB/accessS.html?CNAME=pw01sde1009202505070220251227/35,official_jradb_supplement
202509050703,2025,阪神,5,7,3,2025-12-27,https://www.jra.go.jp/JRADB/accessS.html?CNAME=pw01sde1009202505070320251227/EA,official_jradb_supplement
202509050704,2025,阪神,5,7,4,2025-12-27,https://www.jra.go.jp/JRADB/accessS.html?CNAME=pw01sde1009202505070420251227/9F,official_jradb_supplement
202509050705,2025,阪神,5,7,5,2025-12-27,https://www.jra.go.jp/JRADB/accessS.html?CNAME=pw01sde1009202505070520251227/54,official_jradb_supplement
202509050706,2025,阪神,5,7,6,2025-12-27,https://www.jra.go.jp/JRADB/accessS.html?CNAME=pw01sde1009202505070620251227/09,official_jradb_supplement
202509050707,2025,阪神,5,7,7,2025-12-27,https://www.jra.go.jp/JRADB/accessS.html?CNAME=pw01sde1009202505070720251227/BE,official_jradb_supplement
202509050708,2025,阪神,5,7,8,2025-12-27,https://www.jra.go.jp/JRADB/accessS.html?CNAME=pw01sde1009202505070820251227/73,official_jradb_supplement
202509050709,2025,阪神,5,7,9,2025-12-27,https://www.jra.go.jp/JRADB/accessS.html?CNAME=pw01sde1009202505070920251227/28,official_jradb_supplement
202509050710,2025,阪神,5,7,10,2025-12-27,https://www.jra.go.jp/JRADB/accessS.html?CNAME=pw01sde1009202505071020251227/1D,official_jradb_supplement
202509050711,2025,阪神,5,7,11,2025-12-27,https://www.jra.go.jp/JRADB/accessS.html?CNAME=pw01sde1009202505071120251227/D2,official_jradb_supplement
202509050712,2025,阪神,5,7,12,2025-12-27,https://www.jra.go.jp/JRADB/accessS.html?CNAME=pw01sde1009202505071220251227/87,official_jradb_supplement
202509050801,2025,阪神,5,8,1,2025-12-28,https://www.jra.go.jp/JRADB/accessS.html?CNAME=pw01sde1009202505080120251228/B0,official_jradb_supplement
202509050802,2025,阪神,5,8,2,2025-12-28,https://www.jra.go.jp/JRADB/accessS.html?CNAME=pw01sde1009202505080220251228/65,official_jradb_supplement
202509050803,2025,阪神,5,8,3,2025-12-28,https://www.jra.go.jp/JRADB/accessS.html?CNAME=pw01sde1009202505080320251228/1A,official_jradb_supplement
202509050804,2025,阪神,5,8,4,2025-12-28,https://www.jra.go.jp/JRADB/accessS.html?CNAME=pw01sde1009202505080420251228/CF,official_jradb_supplement
202509050805,2025,阪神,5,8,5,2025-12-28,https://www.jra.go.jp/JRADB/accessS.html?CNAME=pw01sde1009202505080520251228/84,official_jradb_supplement
202509050806,2025,阪神,5,8,6,2025-12-28,https://www.jra.go.jp/JRADB/accessS.html?CNAME=pw01sde1009202505080620251228/39,official_jradb_supplement
202509050807,2025,阪神,5,8,7,2025-12-28,https://www.jra.go.jp/JRADB/accessS.html?CNAME=pw01sde1009202505080720251228/EE,official_jradb_supplement
202509050808,2025,阪神,5,8,8,2025-12-28,https://www.jra.go.jp/JRADB/accessS.html?CNAME=pw01sde1009202505080820251228/A3,official_jradb_supplement
202509050809,2025,阪神,5,8,9,2025-12-28,https://www.jra.go.jp/JRADB/accessS.html?CNAME=pw01sde1009202505080920251228/58,official_jradb_supplement
202509050810,2025,阪神,5,8,10,2025-12-28,https://www.jra.go.jp/JRADB/accessS.html?CNAME=pw01sde1009202505081020251228/4D,official_jradb_supplement
202509050811,2025,阪神,5,8,11,2025-12-28,https://www.jra.go.jp/JRADB/accessS.html?CNAME=pw01sde1009202505081120251228/02,official_jradb_supplement
202509050812,2025,阪神,5,8,12,2025-12-28,https://www.jra.go.jp/JRADB/accessS.html?CNAME=pw01sde1009202505081220251228/B7,official_jradb_supplement
202510010101,2025,小倉,1,1,1,2025-01-25,https://www.jra.go.jp/datafile/seiseki/report/2025/2025-1kokura1.pdf,official_daily_result_pdf
202510010102,2025,小倉,1,1,2,2025-01-25,https://www.jra.go.jp/datafile/seiseki/report/2025/2025-1kokura1.pdf,official_daily_result_pdf
202510010103,2025,小倉,1,1,3,2025-01-25,https://www.jra.go.jp/datafile/seiseki/report/2025/2025-1kokura1.pdf,official_daily_result_pdf
202510010104,2025,小倉,1,1,4,2025-01-25,https://www.jra.go.jp/datafile/seiseki/report/2025/2025-1kokura1.pdf,official_daily_result_pdf
202510010105,2025,小倉,1,1,5,2025-01-25,https://www.jra.go.jp/datafile/seiseki/report/2025/2025-1kokura1.pdf,official_daily_result_pdf
202510010106,2025,小倉,1,1,6,2025-01-25,https://www.jra.go.jp/datafile/seiseki/report/2025/2025-1kokura1.pdf,official_daily_result_pdf
202510010107,2025,小倉,1,1,7,2025-01-25,https://www.jra.go.jp/datafile/seiseki/report/2025/2025-1kokura1.pdf,official_daily_result_pdf
202510010108,2025,小倉,1,1,8,2025-01-25,https://www.jra.go.jp/datafile/seiseki/report/2025/2025-1kokura1.pdf,official_daily_result_pdf
202510010109,2025,小倉,1,1,9,2025-01-25,https://www.jra.go.jp/datafile/seiseki/report/2025/2025-1kokura1.pdf,official_daily_result_pdf
202510010110,2025,小倉,1,1,10,2025-01-25,https://www.jra.go.jp/datafile/seiseki/report/2025/2025-1kokura1.pdf,official_daily_result_pdf
202510010111,2025,小倉,1,1,11,2025-01-25,https://www.jra.go.jp/datafile/seiseki/report/2025/2025-1kokura1.pdf,official_daily_result_pdf
202510010112,2025,小倉,1,1,12,2025-01-25,https://www.jra.go.jp/datafile/seiseki/report/2025/2025-1kokura1.pdf,official_daily_result_pdf
202510010201,2025,小倉,1,2,1,2025-01-26,https://www.jra.go.jp/datafile/seiseki/report/2025/2025-1kokura2.pdf,official_daily_result_pdf
202510010202,2025,小倉,1,2,2,2025-01-26,https://www.jra.go.jp/datafile/seiseki/report/2025/2025-1kokura2.pdf,official_daily_result_pdf
202510010203,2025,小倉,1,2,3,2025-01-26,https://www.jra.go.jp/datafile/seiseki/report/2025/2025-1kokura2.pdf,official_daily_result_pdf
202510010204,2025,小倉,1,2,4,2025-01-26,https://www.jra.go.jp/datafile/seiseki/report/2025/2025-1kokura2.pdf,official_daily_result_pdf
202510010205,2025,小倉,1,2,5,2025-01-26,https://www.jra.go.jp/datafile/seiseki/report/2025/2025-1kokura2.pdf,official_daily_result_pdf
202510010206,2025,小倉,1,2,6,2025-01-26,https://www.jra.go.jp/datafile/seiseki/report/2025/2025-1kokura2.pdf,official_daily_result_pdf
202510010207,2025,小倉,1,2,7,2025-01-26,https://www.jra.go.jp/datafile/seiseki/report/2025/2025-1kokura2.pdf,official_daily_result_pdf
202510010208,2025,小倉,1,2,8,2025-01-26,https://www.jra.go.jp/datafile/seiseki/report/2025/2025-1kokura2.pdf,official_daily_result_pdf
202510010209,2025,小倉,1,2,9,2025-01-26,https://www.jra.go.jp/datafile/seiseki/report/2025/2025-1kokura2.pdf,official_daily_result_pdf
202510010210,2025,小倉,1,2,10,2025-01-26,https://www.jra.go.jp/datafile/seiseki/report/2025/2025-1kokura2.pdf,official_daily_result_pdf
202510010211,2025,小倉,1,2,11,2025-01-26,https://www.jra.go.jp/datafile/seiseki/report/2025/2025-1kokura2.pdf,official_daily_result_pdf
202510010212,2025,小倉,1,2,12,2025-01-26,https://www.jra.go.jp/datafile/seiseki/report/2025/2025-1kokura2.pdf,official_daily_result_pdf
202510010301,2025,小倉,1,3,1,2025-02-01,https://www.jra.go.jp/datafile/seiseki/report/2025/2025-1kokura3.pdf,official_daily_result_pdf
202510010302,2025,小倉,1,3,2,2025-02-01,https://www.jra.go.jp/datafile/seiseki/report/2025/2025-1kokura3.pdf,official_daily_result_pdf
202510010303,2025,小倉,1,3,3,2025-02-01,https://www.jra.go.jp/datafile/seiseki/report/2025/2025-1kokura3.pdf,official_daily_result_pdf
202510010304,2025,小倉,1,3,4,2025-02-01,https://www.jra.go.jp/datafile/seiseki/report/2025/2025-1kokura3.pdf,official_daily_result_pdf
202510010305,2025,小倉,1,3,5,2025-02-01,https://www.jra.go.jp/datafile/seiseki/report/2025/2025-1kokura3.pdf,official_daily_result_pdf
202510010306,2025,小倉,1,3,6,2025-02-01,https://www.jra.go.jp/datafile/seiseki/report/2025/2025-1kokura3.pdf,official_daily_result_pdf
202510010307,2025,小倉,1,3,7,2025-02-01,https://www.jra.go.jp/datafile/seiseki/report/2025/2025-1kokura3.pdf,official_daily_result_pdf
202510010308,2025,小倉,1,3,8,2025-02-01,https://www.jra.go.jp/datafile/seiseki/report/2025/2025-1kokura3.pdf,official_daily_result_pdf
202510010309,2025,小倉,1,3,9,2025-02-01,https://www.jra.go.jp/datafile/seiseki/report/2025/2025-1kokura3.pdf,official_daily_result_pdf
202510010310,2025,小倉,1,3,10,2025-02-01,https://www.jra.go.jp/datafile/seiseki/report/2025/2025-1kokura3.pdf,official_daily_result_pdf
202510010311,2025,小倉,1,3,11,2025-02-01,https://www.jra.go.jp/datafile/seiseki/report/2025/2025-1kokura3.pdf,official_daily_result_pdf
202510010312,2025,小倉,1,3,12,2025-02-01,https://www.jra.go.jp/datafile/seiseki/report/2025/2025-1kokura3.pdf,official_daily_result_pdf
202510010401,2025,小倉,1,4,1,2025-02-02,https://www.jra.go.jp/datafile/seiseki/report/2025/2025-1kokura4.pdf,official_daily_result_pdf
202510010402,2025,小倉,1,4,2,2025-02-02,https://www.jra.go.jp/datafile/seiseki/report/2025/2025-1kokura4.pdf,official_daily_result_pdf
202510010403,2025,小倉,1,4,3,2025-02-02,https://www.jra.go.jp/datafile/seiseki/report/2025/2025-1kokura4.pdf,official_daily_result_pdf
202510010404,2025,小倉,1,4,4,2025-02-02,https://www.jra.go.jp/datafile/seiseki/report/2025/2025-1kokura4.pdf,official_daily_result_pdf
202510010405,2025,小倉,1,4,5,2025-02-02,https://www.jra.go.jp/datafile/seiseki/report/2025/2025-1kokura4.pdf,official_daily_result_pdf
202510010406,2025,小倉,1,4,6,2025-02-02,https://www.jra.go.jp/datafile/seiseki/report/2025/2025-1kokura4.pdf,official_daily_result_pdf
202510010407,2025,小倉,1,4,7,2025-02-02,https://www.jra.go.jp/datafile/seiseki/report/2025/2025-1kokura4.pdf,official_daily_result_pdf
202510010408,2025,小倉,1,4,8,2025-02-02,https://www.jra.go.jp/datafile/seiseki/report/2025/2025-1kokura4.pdf,official_daily_result_pdf
202510010409,2025,小倉,1,4,9,2025-02-02,https://www.jra.go.jp/datafile/seiseki/report/2025/2025-1kokura4.pdf,official_daily_result_pdf
202510010410,2025,小倉,1,4,10,2025-02-02,https://www.jra.go.jp/datafile/seiseki/report/2025/2025-1kokura4.pdf,official_daily_result_pdf
202510010411,2025,小倉,1,4,11,2025-02-02,https://www.jra.go.jp/datafile/seiseki/report/2025/2025-1kokura4.pdf,official_daily_result_pdf
202510010412,2025,小倉,1,4,12,2025-02-02,https://www.jra.go.jp/datafile/seiseki/report/2025/2025-1kokura4.pdf,official_daily_result_pdf
202510010501,2025,小倉,1,5,1,2025-02-08,https://www.jra.go.jp/datafile/seiseki/report/2025/2025-1kokura5.pdf,official_daily_result_pdf
202510010502,2025,小倉,1,5,2,2025-02-08,https://www.jra.go.jp/datafile/seiseki/report/2025/2025-1kokura5.pdf,official_daily_result_pdf
202510010503,2025,小倉,1,5,3,2025-02-08,https://www.jra.go.jp/datafile/seiseki/report/2025/2025-1kokura5.pdf,official_daily_result_pdf
202510010504,2025,小倉,1,5,4,2025-02-08,https://www.jra.go.jp/datafile/seiseki/report/2025/2025-1kokura5.pdf,official_daily_result_pdf
202510010505,2025,小倉,1,5,5,2025-02-08,https://www.jra.go.jp/datafile/seiseki/report/2025/2025-1kokura5.pdf,official_daily_result_pdf
202510010506,2025,小倉,1,5,6,2025-02-08,https://www.jra.go.jp/datafile/seiseki/report/2025/2025-1kokura5.pdf,official_daily_result_pdf
202510010507,2025,小倉,1,5,7,2025-02-08,https://www.jra.go.jp/datafile/seiseki/report/2025/2025-1kokura5.pdf,official_daily_result_pdf
202510010508,2025,小倉,1,5,8,2025-02-08,https://www.jra.go.jp/datafile/seiseki/report/2025/2025-1kokura5.pdf,official_daily_result_pdf
202510010509,2025,小倉,1,5,9,2025-02-08,https://www.jra.go.jp/datafile/seiseki/report/2025/2025-1kokura5.pdf,official_daily_result_pdf
202510010510,2025,小倉,1,5,10,2025-02-08,https://www.jra.go.jp/datafile/seiseki/report/2025/2025-1kokura5.pdf,official_daily_result_pdf
202510010511,2025,小倉,1,5,11,2025-02-08,https://www.jra.go.jp/datafile/seiseki/report/2025/2025-1kokura5.pdf,official_daily_result_pdf
202510010512,2025,小倉,1,5,12,2025-02-08,https://www.jra.go.jp/datafile/seiseki/report/2025/2025-1kokura5.pdf,official_daily_result_pdf
202510010601,2025,小倉,1,6,1,2025-02-09,https://www.jra.go.jp/datafile/seiseki/report/2025/2025-1kokura6.pdf,official_daily_result_pdf
202510010602,2025,小倉,1,6,2,2025-02-09,https://www.jra.go.jp/datafile/seiseki/report/2025/2025-1kokura6.pdf,official_daily_result_pdf
202510010603,2025,小倉,1,6,3,2025-02-09,https://www.jra.go.jp/datafile/seiseki/report/2025/2025-1kokura6.pdf,official_daily_result_pdf
202510010604,2025,小倉,1,6,4,2025-02-09,https://www.jra.go.jp/datafile/seiseki/report/2025/2025-1kokura6.pdf,official_daily_result_pdf
202510010605,2025,小倉,1,6,5,2025-02-09,https://www.jra.go.jp/datafile/seiseki/report/2025/2025-1kokura6.pdf,official_daily_result_pdf
202510010606,2025,小倉,1,6,6,2025-02-09,https://www.jra.go.jp/datafile/seiseki/report/2025/2025-1kokura6.pdf,official_daily_result_pdf
202510010607,2025,小倉,1,6,7,2025-02-09,https://www.jra.go.jp/datafile/seiseki/report/2025/2025-1kokura6.pdf,official_daily_result_pdf
202510010608,2025,小倉,1,6,8,2025-02-09,https://www.jra.go.jp/datafile/seiseki/report/2025/2025-1kokura6.pdf,official_daily_result_pdf
202510010609,2025,小倉,1,6,9,2025-02-09,https://www.jra.go.jp/datafile/seiseki/report/2025/2025-1kokura6.pdf,official_daily_result_pdf
202510010610,2025,小倉,1,6,10,2025-02-09,https://www.jra.go.jp/datafile/seiseki/report/2025/2025-1kokura6.pdf,official_daily_result_pdf
202510010611,2025,小倉,1,6,11,2025-02-09,https://www.jra.go.jp/datafile/seiseki/report/2025/2025-1kokura6.pdf,official_daily_result_pdf
202510010612,2025,小倉,1,6,12,2025-02-09,https://www.jra.go.jp/datafile/seiseki/report/2025/2025-1kokura6.pdf,official_daily_result_pdf
202510010701,2025,小倉,1,7,1,2025-02-15,https://www.jra.go.jp/datafile/seiseki/report/2025/2025-1kokura7.pdf,official_daily_result_pdf
202510010702,2025,小倉,1,7,2,2025-02-15,https://www.jra.go.jp/datafile/seiseki/report/2025/2025-1kokura7.pdf,official_daily_result_pdf
202510010703,2025,小倉,1,7,3,2025-02-15,https://www.jra.go.jp/datafile/seiseki/report/2025/2025-1kokura7.pdf,official_daily_result_pdf
202510010704,2025,小倉,1,7,4,2025-02-15,https://www.jra.go.jp/datafile/seiseki/report/2025/2025-1kokura7.pdf,official_daily_result_pdf
202510010705,2025,小倉,1,7,5,2025-02-15,https://www.jra.go.jp/datafile/seiseki/report/2025/2025-1kokura7.pdf,official_daily_result_pdf
202510010706,2025,小倉,1,7,6,2025-02-15,https://www.jra.go.jp/datafile/seiseki/report/2025/2025-1kokura7.pdf,official_daily_result_pdf
202510010707,2025,小倉,1,7,7,2025-02-15,https://www.jra.go.jp/datafile/seiseki/report/2025/2025-1kokura7.pdf,official_daily_result_pdf
202510010708,2025,小倉,1,7,8,2025-02-15,https://www.jra.go.jp/datafile/seiseki/report/2025/2025-1kokura7.pdf,official_daily_result_pdf
202510010709,2025,小倉,1,7,9,2025-02-15,https://www.jra.go.jp/datafile/seiseki/report/2025/2025-1kokura7.pdf,official_daily_result_pdf
202510010710,2025,小倉,1,7,10,2025-02-15,https://www.jra.go.jp/datafile/seiseki/report/2025/2025-1kokura7.pdf,official_daily_result_pdf
202510010711,2025,小倉,1,7,11,2025-02-15,https://www.jra.go.jp/datafile/seiseki/report/2025/2025-1kokura7.pdf,official_daily_result_pdf
202510010712,2025,小倉,1,7,12,2025-02-15,https://www.jra.go.jp/datafile/seiseki/report/2025/2025-1kokura7.pdf,official_daily_result_pdf
202510010801,2025,小倉,1,8,1,2025-02-16,https://www.jra.go.jp/datafile/seiseki/report/2025/2025-1kokura8.pdf,official_daily_result_pdf
202510010802,2025,小倉,1,8,2,2025-02-16,https://www.jra.go.jp/datafile/seiseki/report/2025/2025-1kokura8.pdf,official_daily_result_pdf
202510010803,2025,小倉,1,8,3,2025-02-16,https://www.jra.go.jp/datafile/seiseki/report/2025/2025-1kokura8.pdf,official_daily_result_pdf
202510010804,2025,小倉,1,8,4,2025-02-16,https://www.jra.go.jp/datafile/seiseki/report/2025/2025-1kokura8.pdf,official_daily_result_pdf
202510010805,2025,小倉,1,8,5,2025-02-16,https://www.jra.go.jp/datafile/seiseki/report/2025/2025-1kokura8.pdf,official_daily_result_pdf
202510010806,2025,小倉,1,8,6,2025-02-16,https://www.jra.go.jp/datafile/seiseki/report/2025/2025-1kokura8.pdf,official_daily_result_pdf
202510010807,2025,小倉,1,8,7,2025-02-16,https://www.jra.go.jp/datafile/seiseki/report/2025/2025-1kokura8.pdf,official_daily_result_pdf
202510010808,2025,小倉,1,8,8,2025-02-16,https://www.jra.go.jp/datafile/seiseki/report/2025/2025-1kokura8.pdf,official_daily_result_pdf
202510010809,2025,小倉,1,8,9,2025-02-16,https://www.jra.go.jp/datafile/seiseki/report/2025/2025-1kokura8.pdf,official_daily_result_pdf
202510010810,2025,小倉,1,8,10,2025-02-16,https://www.jra.go.jp/datafile/seiseki/report/2025/2025-1kokura8.pdf,official_daily_result_pdf
202510010811,2025,小倉,1,8,11,2025-02-16,https://www.jra.go.jp/datafile/seiseki/report/2025/2025-1kokura8.pdf,official_daily_result_pdf
202510010812,2025,小倉,1,8,12,2025-02-16,https://www.jra.go.jp/datafile/seiseki/report/2025/2025-1kokura8.pdf,official_daily_result_pdf
202510010901,2025,小倉,1,9,1,2025-02-22,https://www.jra.go.jp/datafile/seiseki/report/2025/2025-1kokura9.pdf,official_daily_result_pdf
202510010902,2025,小倉,1,9,2,2025-02-22,https://www.jra.go.jp/datafile/seiseki/report/2025/2025-1kokura9.pdf,official_daily_result_pdf
202510010903,2025,小倉,1,9,3,2025-02-22,https://www.jra.go.jp/datafile/seiseki/report/2025/2025-1kokura9.pdf,official_daily_result_pdf
202510010904,2025,小倉,1,9,4,2025-02-22,https://www.jra.go.jp/datafile/seiseki/report/2025/2025-1kokura9.pdf,official_daily_result_pdf
202510010905,2025,小倉,1,9,5,2025-02-22,https://www.jra.go.jp/datafile/seiseki/report/2025/2025-1kokura9.pdf,official_daily_result_pdf
202510010906,2025,小倉,1,9,6,2025-02-22,https://www.jra.go.jp/datafile/seiseki/report/2025/2025-1kokura9.pdf,official_daily_result_pdf
202510010907,2025,小倉,1,9,7,2025-02-22,https://www.jra.go.jp/datafile/seiseki/report/2025/2025-1kokura9.pdf,official_daily_result_pdf
202510010908,2025,小倉,1,9,8,2025-02-22,https://www.jra.go.jp/datafile/seiseki/report/2025/2025-1kokura9.pdf,official_daily_result_pdf
202510010909,2025,小倉,1,9,9,2025-02-22,https://www.jra.go.jp/datafile/seiseki/report/2025/2025-1kokura9.pdf,official_daily_result_pdf
202510010910,2025,小倉,1,9,10,2025-02-22,https://www.jra.go.jp/datafile/seiseki/report/2025/2025-1kokura9.pdf,official_daily_result_pdf
202510010911,2025,小倉,1,9,11,2025-02-22,https://www.jra.go.jp/datafile/seiseki/report/2025/2025-1kokura9.pdf,official_daily_result_pdf
202510010912,2025,小倉,1,9,12,2025-02-22,https://www.jra.go.jp/datafile/seiseki/report/2025/2025-1kokura9.pdf,official_daily_result_pdf
202510011001,2025,小倉,1,10,1,2025-02-23,https://www.jra.go.jp/datafile/seiseki/report/2025/2025-1kokura10.pdf,official_daily_result_pdf
202510011002,2025,小倉,1,10,2,2025-02-23,https://www.jra.go.jp/datafile/seiseki/report/2025/2025-1kokura10.pdf,official_daily_result_pdf
202510011003,2025,小倉,1,10,3,2025-02-23,https://www.jra.go.jp/datafile/seiseki/report/2025/2025-1kokura10.pdf,official_daily_result_pdf
202510011004,2025,小倉,1,10,4,2025-02-23,https://www.jra.go.jp/datafile/seiseki/report/2025/2025-1kokura10.pdf,official_daily_result_pdf
202510011005,2025,小倉,1,10,5,2025-02-23,https://www.jra.go.jp/datafile/seiseki/report/2025/2025-1kokura10.pdf,official_daily_result_pdf
202510011006,2025,小倉,1,10,6,2025-02-23,https://www.jra.go.jp/datafile/seiseki/report/2025/2025-1kokura10.pdf,official_daily_result_pdf
202510011007,2025,小倉,1,10,7,2025-02-23,https://www.jra.go.jp/datafile/seiseki/report/2025/2025-1kokura10.pdf,official_daily_result_pdf
202510011008,2025,小倉,1,10,8,2025-02-23,https://www.jra.go.jp/datafile/seiseki/report/2025/2025-1kokura10.pdf,official_daily_result_pdf
202510011009,2025,小倉,1,10,9,2025-02-23,https://www.jra.go.jp/datafile/seiseki/report/2025/2025-1kokura10.pdf,official_daily_result_pdf
202510011010,2025,小倉,1,10,10,2025-02-23,https://www.jra.go.jp/datafile/seiseki/report/2025/2025-1kokura10.pdf,official_daily_result_pdf
202510011011,2025,小倉,1,10,11,2025-02-23,https://www.jra.go.jp/datafile/seiseki/report/2025/2025-1kokura10.pdf,official_daily_result_pdf
202510011012,2025,小倉,1,10,12,2025-02-23,https://www.jra.go.jp/datafile/seiseki/report/2025/2025-1kokura10.pdf,official_daily_result_pdf
202510011101,2025,小倉,1,11,1,2025-03-01,https://www.jra.go.jp/datafile/seiseki/report/2025/2025-1kokura11.pdf,official_daily_result_pdf
202510011102,2025,小倉,1,11,2,2025-03-01,https://www.jra.go.jp/datafile/seiseki/report/2025/2025-1kokura11.pdf,official_daily_result_pdf
202510011103,2025,小倉,1,11,3,2025-03-01,https://www.jra.go.jp/datafile/seiseki/report/2025/2025-1kokura11.pdf,official_daily_result_pdf
202510011104,2025,小倉,1,11,4,2025-03-01,https://www.jra.go.jp/datafile/seiseki/report/2025/2025-1kokura11.pdf,official_daily_result_pdf
202510011105,2025,小倉,1,11,5,2025-03-01,https://www.jra.go.jp/datafile/seiseki/report/2025/2025-1kokura11.pdf,official_daily_result_pdf
202510011106,2025,小倉,1,11,6,2025-03-01,https://www.jra.go.jp/datafile/seiseki/report/2025/2025-1kokura11.pdf,official_daily_result_pdf
202510011107,2025,小倉,1,11,7,2025-03-01,https://www.jra.go.jp/datafile/seiseki/report/2025/2025-1kokura11.pdf,official_daily_result_pdf
202510011108,2025,小倉,1,11,8,2025-03-01,https://www.jra.go.jp/datafile/seiseki/report/2025/2025-1kokura11.pdf,official_daily_result_pdf
202510011109,2025,小倉,1,11,9,2025-03-01,https://www.jra.go.jp/datafile/seiseki/report/2025/2025-1kokura11.pdf,official_daily_result_pdf
202510011110,2025,小倉,1,11,10,2025-03-01,https://www.jra.go.jp/datafile/seiseki/report/2025/2025-1kokura11.pdf,official_daily_result_pdf
202510011111,2025,小倉,1,11,11,2025-03-01,https://www.jra.go.jp/datafile/seiseki/report/2025/2025-1kokura11.pdf,official_daily_result_pdf
202510011112,2025,小倉,1,11,12,2025-03-01,https://www.jra.go.jp/datafile/seiseki/report/2025/2025-1kokura11.pdf,official_daily_result_pdf
202510011201,2025,小倉,1,12,1,2025-03-02,https://www.jra.go.jp/datafile/seiseki/report/2025/2025-1kokura12.pdf,official_daily_result_pdf
202510011202,2025,小倉,1,12,2,2025-03-02,https://www.jra.go.jp/datafile/seiseki/report/2025/2025-1kokura12.pdf,official_daily_result_pdf
202510011203,2025,小倉,1,12,3,2025-03-02,https://www.jra.go.jp/datafile/seiseki/report/2025/2025-1kokura12.pdf,official_daily_result_pdf
202510011204,2025,小倉,1,12,4,2025-03-02,https://www.jra.go.jp/datafile/seiseki/report/2025/2025-1kokura12.pdf,official_daily_result_pdf
202510011205,2025,小倉,1,12,5,2025-03-02,https://www.jra.go.jp/datafile/seiseki/report/2025/2025-1kokura12.pdf,official_daily_result_pdf
202510011206,2025,小倉,1,12,6,2025-03-02,https://www.jra.go.jp/datafile/seiseki/report/2025/2025-1kokura12.pdf,official_daily_result_pdf
202510011207,2025,小倉,1,12,7,2025-03-02,https://www.jra.go.jp/datafile/seiseki/report/2025/2025-1kokura12.pdf,official_daily_result_pdf
202510011208,2025,小倉,1,12,8,2025-03-02,https://www.jra.go.jp/datafile/seiseki/report/2025/2025-1kokura12.pdf,official_daily_result_pdf
202510011209,2025,小倉,1,12,9,2025-03-02,https://www.jra.go.jp/datafile/seiseki/report/2025/2025-1kokura12.pdf,official_daily_result_pdf
202510011210,2025,小倉,1,12,10,2025-03-02,https://www.jra.go.jp/datafile/seiseki/report/2025/2025-1kokura12.pdf,official_daily_result_pdf
202510011211,2025,小倉,1,12,11,2025-03-02,https://www.jra.go.jp/datafile/seiseki/report/2025/2025-1kokura12.pdf,official_daily_result_pdf
202510011212,2025,小倉,1,12,12,2025-03-02,https://www.jra.go.jp/datafile/seiseki/report/2025/2025-1kokura12.pdf,official_daily_result_pdf
202510020101,2025,小倉,2,1,1,2025-06-28,https://www.jra.go.jp/datafile/seiseki/report/2025/2025-2kokura1.pdf,official_daily_result_pdf
202510020102,2025,小倉,2,1,2,2025-06-28,https://www.jra.go.jp/datafile/seiseki/report/2025/2025-2kokura1.pdf,official_daily_result_pdf
202510020103,2025,小倉,2,1,3,2025-06-28,https://www.jra.go.jp/datafile/seiseki/report/2025/2025-2kokura1.pdf,official_daily_result_pdf
202510020104,2025,小倉,2,1,4,2025-06-28,https://www.jra.go.jp/datafile/seiseki/report/2025/2025-2kokura1.pdf,official_daily_result_pdf
202510020105,2025,小倉,2,1,5,2025-06-28,https://www.jra.go.jp/datafile/seiseki/report/2025/2025-2kokura1.pdf,official_daily_result_pdf
202510020106,2025,小倉,2,1,6,2025-06-28,https://www.jra.go.jp/datafile/seiseki/report/2025/2025-2kokura1.pdf,official_daily_result_pdf
202510020107,2025,小倉,2,1,7,2025-06-28,https://www.jra.go.jp/datafile/seiseki/report/2025/2025-2kokura1.pdf,official_daily_result_pdf
202510020108,2025,小倉,2,1,8,2025-06-28,https://www.jra.go.jp/datafile/seiseki/report/2025/2025-2kokura1.pdf,official_daily_result_pdf
202510020109,2025,小倉,2,1,9,2025-06-28,https://www.jra.go.jp/datafile/seiseki/report/2025/2025-2kokura1.pdf,official_daily_result_pdf
202510020110,2025,小倉,2,1,10,2025-06-28,https://www.jra.go.jp/datafile/seiseki/report/2025/2025-2kokura1.pdf,official_daily_result_pdf
202510020111,2025,小倉,2,1,11,2025-06-28,https://www.jra.go.jp/datafile/seiseki/report/2025/2025-2kokura1.pdf,official_daily_result_pdf
202510020112,2025,小倉,2,1,12,2025-06-28,https://www.jra.go.jp/datafile/seiseki/report/2025/2025-2kokura1.pdf,official_daily_result_pdf
202510020201,2025,小倉,2,2,1,2025-06-29,https://www.jra.go.jp/datafile/seiseki/report/2025/2025-2kokura2.pdf,official_daily_result_pdf
202510020202,2025,小倉,2,2,2,2025-06-29,https://www.jra.go.jp/datafile/seiseki/report/2025/2025-2kokura2.pdf,official_daily_result_pdf
202510020203,2025,小倉,2,2,3,2025-06-29,https://www.jra.go.jp/datafile/seiseki/report/2025/2025-2kokura2.pdf,official_daily_result_pdf
202510020204,2025,小倉,2,2,4,2025-06-29,https://www.jra.go.jp/datafile/seiseki/report/2025/2025-2kokura2.pdf,official_daily_result_pdf
202510020205,2025,小倉,2,2,5,2025-06-29,https://www.jra.go.jp/datafile/seiseki/report/2025/2025-2kokura2.pdf,official_daily_result_pdf
202510020206,2025,小倉,2,2,6,2025-06-29,https://www.jra.go.jp/datafile/seiseki/report/2025/2025-2kokura2.pdf,official_daily_result_pdf
202510020207,2025,小倉,2,2,7,2025-06-29,https://www.jra.go.jp/datafile/seiseki/report/2025/2025-2kokura2.pdf,official_daily_result_pdf
202510020208,2025,小倉,2,2,8,2025-06-29,https://www.jra.go.jp/datafile/seiseki/report/2025/2025-2kokura2.pdf,official_daily_result_pdf
202510020209,2025,小倉,2,2,9,2025-06-29,https://www.jra.go.jp/datafile/seiseki/report/2025/2025-2kokura2.pdf,official_daily_result_pdf
202510020210,2025,小倉,2,2,10,2025-06-29,https://www.jra.go.jp/datafile/seiseki/report/2025/2025-2kokura2.pdf,official_daily_result_pdf
202510020211,2025,小倉,2,2,11,2025-06-29,https://www.jra.go.jp/datafile/seiseki/report/2025/2025-2kokura2.pdf,official_daily_result_pdf
202510020212,2025,小倉,2,2,12,2025-06-29,https://www.jra.go.jp/datafile/seiseki/report/2025/2025-2kokura2.pdf,official_daily_result_pdf
202510020301,2025,小倉,2,3,1,2025-07-05,https://www.jra.go.jp/datafile/seiseki/report/2025/2025-2kokura3.pdf,official_daily_result_pdf
202510020302,2025,小倉,2,3,2,2025-07-05,https://www.jra.go.jp/datafile/seiseki/report/2025/2025-2kokura3.pdf,official_daily_result_pdf
202510020303,2025,小倉,2,3,3,2025-07-05,https://www.jra.go.jp/datafile/seiseki/report/2025/2025-2kokura3.pdf,official_daily_result_pdf
202510020304,2025,小倉,2,3,4,2025-07-05,https://www.jra.go.jp/datafile/seiseki/report/2025/2025-2kokura3.pdf,official_daily_result_pdf
202510020305,2025,小倉,2,3,5,2025-07-05,https://www.jra.go.jp/datafile/seiseki/report/2025/2025-2kokura3.pdf,official_daily_result_pdf
202510020306,2025,小倉,2,3,6,2025-07-05,https://www.jra.go.jp/datafile/seiseki/report/2025/2025-2kokura3.pdf,official_daily_result_pdf
202510020307,2025,小倉,2,3,7,2025-07-05,https://www.jra.go.jp/datafile/seiseki/report/2025/2025-2kokura3.pdf,official_daily_result_pdf
202510020308,2025,小倉,2,3,8,2025-07-05,https://www.jra.go.jp/datafile/seiseki/report/2025/2025-2kokura3.pdf,official_daily_result_pdf
202510020309,2025,小倉,2,3,9,2025-07-05,https://www.jra.go.jp/datafile/seiseki/report/2025/2025-2kokura3.pdf,official_daily_result_pdf
202510020310,2025,小倉,2,3,10,2025-07-05,https://www.jra.go.jp/datafile/seiseki/report/2025/2025-2kokura3.pdf,official_daily_result_pdf
202510020311,2025,小倉,2,3,11,2025-07-05,https://www.jra.go.jp/datafile/seiseki/report/2025/2025-2kokura3.pdf,official_daily_result_pdf
202510020312,2025,小倉,2,3,12,2025-07-05,https://www.jra.go.jp/datafile/seiseki/report/2025/2025-2kokura3.pdf,official_daily_result_pdf
202510020401,2025,小倉,2,4,1,2025-07-06,https://www.jra.go.jp/datafile/seiseki/report/2025/2025-2kokura4.pdf,official_daily_result_pdf
202510020402,2025,小倉,2,4,2,2025-07-06,https://www.jra.go.jp/datafile/seiseki/report/2025/2025-2kokura4.pdf,official_daily_result_pdf
202510020403,2025,小倉,2,4,3,2025-07-06,https://www.jra.go.jp/datafile/seiseki/report/2025/2025-2kokura4.pdf,official_daily_result_pdf
202510020404,2025,小倉,2,4,4,2025-07-06,https://www.jra.go.jp/datafile/seiseki/report/2025/2025-2kokura4.pdf,official_daily_result_pdf
202510020405,2025,小倉,2,4,5,2025-07-06,https://www.jra.go.jp/datafile/seiseki/report/2025/2025-2kokura4.pdf,official_daily_result_pdf
202510020406,2025,小倉,2,4,6,2025-07-06,https://www.jra.go.jp/datafile/seiseki/report/2025/2025-2kokura4.pdf,official_daily_result_pdf
202510020407,2025,小倉,2,4,7,2025-07-06,https://www.jra.go.jp/datafile/seiseki/report/2025/2025-2kokura4.pdf,official_daily_result_pdf
202510020408,2025,小倉,2,4,8,2025-07-06,https://www.jra.go.jp/datafile/seiseki/report/2025/2025-2kokura4.pdf,official_daily_result_pdf
202510020409,2025,小倉,2,4,9,2025-07-06,https://www.jra.go.jp/datafile/seiseki/report/2025/2025-2kokura4.pdf,official_daily_result_pdf
202510020410,2025,小倉,2,4,10,2025-07-06,https://www.jra.go.jp/datafile/seiseki/report/2025/2025-2kokura4.pdf,official_daily_result_pdf
202510020411,2025,小倉,2,4,11,2025-07-06,https://www.jra.go.jp/datafile/seiseki/report/2025/2025-2kokura4.pdf,official_daily_result_pdf
202510020412,2025,小倉,2,4,12,2025-07-06,https://www.jra.go.jp/datafile/seiseki/report/2025/2025-2kokura4.pdf,official_daily_result_pdf
202510020501,2025,小倉,2,5,1,2025-07-12,https://www.jra.go.jp/datafile/seiseki/report/2025/2025-2kokura5.pdf,official_daily_result_pdf
202510020502,2025,小倉,2,5,2,2025-07-12,https://www.jra.go.jp/datafile/seiseki/report/2025/2025-2kokura5.pdf,official_daily_result_pdf
202510020503,2025,小倉,2,5,3,2025-07-12,https://www.jra.go.jp/datafile/seiseki/report/2025/2025-2kokura5.pdf,official_daily_result_pdf
202510020504,2025,小倉,2,5,4,2025-07-12,https://www.jra.go.jp/datafile/seiseki/report/2025/2025-2kokura5.pdf,official_daily_result_pdf
202510020505,2025,小倉,2,5,5,2025-07-12,https://www.jra.go.jp/datafile/seiseki/report/2025/2025-2kokura5.pdf,official_daily_result_pdf
202510020506,2025,小倉,2,5,6,2025-07-12,https://www.jra.go.jp/datafile/seiseki/report/2025/2025-2kokura5.pdf,official_daily_result_pdf
202510020507,2025,小倉,2,5,7,2025-07-12,https://www.jra.go.jp/datafile/seiseki/report/2025/2025-2kokura5.pdf,official_daily_result_pdf
202510020508,2025,小倉,2,5,8,2025-07-12,https://www.jra.go.jp/datafile/seiseki/report/2025/2025-2kokura5.pdf,official_daily_result_pdf
202510020509,2025,小倉,2,5,9,2025-07-12,https://www.jra.go.jp/datafile/seiseki/report/2025/2025-2kokura5.pdf,official_daily_result_pdf
202510020510,2025,小倉,2,5,10,2025-07-12,https://www.jra.go.jp/datafile/seiseki/report/2025/2025-2kokura5.pdf,official_daily_result_pdf
202510020511,2025,小倉,2,5,11,2025-07-12,https://www.jra.go.jp/datafile/seiseki/report/2025/2025-2kokura5.pdf,official_daily_result_pdf
202510020512,2025,小倉,2,5,12,2025-07-12,https://www.jra.go.jp/datafile/seiseki/report/2025/2025-2kokura5.pdf,official_daily_result_pdf
202510020601,2025,小倉,2,6,1,2025-07-13,https://www.jra.go.jp/datafile/seiseki/report/2025/2025-2kokura6.pdf,official_daily_result_pdf
202510020602,2025,小倉,2,6,2,2025-07-13,https://www.jra.go.jp/datafile/seiseki/report/2025/2025-2kokura6.pdf,official_daily_result_pdf
202510020603,2025,小倉,2,6,3,2025-07-13,https://www.jra.go.jp/datafile/seiseki/report/2025/2025-2kokura6.pdf,official_daily_result_pdf
202510020604,2025,小倉,2,6,4,2025-07-13,https://www.jra.go.jp/datafile/seiseki/report/2025/2025-2kokura6.pdf,official_daily_result_pdf
202510020605,2025,小倉,2,6,5,2025-07-13,https://www.jra.go.jp/datafile/seiseki/report/2025/2025-2kokura6.pdf,official_daily_result_pdf
202510020606,2025,小倉,2,6,6,2025-07-13,https://www.jra.go.jp/datafile/seiseki/report/2025/2025-2kokura6.pdf,official_daily_result_pdf
202510020607,2025,小倉,2,6,7,2025-07-13,https://www.jra.go.jp/datafile/seiseki/report/2025/2025-2kokura6.pdf,official_daily_result_pdf
202510020608,2025,小倉,2,6,8,2025-07-13,https://www.jra.go.jp/datafile/seiseki/report/2025/2025-2kokura6.pdf,official_daily_result_pdf
202510020609,2025,小倉,2,6,9,2025-07-13,https://www.jra.go.jp/datafile/seiseki/report/2025/2025-2kokura6.pdf,official_daily_result_pdf
202510020610,2025,小倉,2,6,10,2025-07-13,https://www.jra.go.jp/datafile/seiseki/report/2025/2025-2kokura6.pdf,official_daily_result_pdf
202510020611,2025,小倉,2,6,11,2025-07-13,https://www.jra.go.jp/datafile/seiseki/report/2025/2025-2kokura6.pdf,official_daily_result_pdf
202510020612,2025,小倉,2,6,12,2025-07-13,https://www.jra.go.jp/datafile/seiseki/report/2025/2025-2kokura6.pdf,official_daily_result_pdf
202510020701,2025,小倉,2,7,1,2025-07-19,https://www.jra.go.jp/datafile/seiseki/report/2025/2025-2kokura7.pdf,official_daily_result_pdf
202510020702,2025,小倉,2,7,2,2025-07-19,https://www.jra.go.jp/datafile/seiseki/report/2025/2025-2kokura7.pdf,official_daily_result_pdf
202510020703,2025,小倉,2,7,3,2025-07-19,https://www.jra.go.jp/datafile/seiseki/report/2025/2025-2kokura7.pdf,official_daily_result_pdf
202510020704,2025,小倉,2,7,4,2025-07-19,https://www.jra.go.jp/datafile/seiseki/report/2025/2025-2kokura7.pdf,official_daily_result_pdf
202510020705,2025,小倉,2,7,5,2025-07-19,https://www.jra.go.jp/datafile/seiseki/report/2025/2025-2kokura7.pdf,official_daily_result_pdf
202510020706,2025,小倉,2,7,6,2025-07-19,https://www.jra.go.jp/datafile/seiseki/report/2025/2025-2kokura7.pdf,official_daily_result_pdf
202510020707,2025,小倉,2,7,7,2025-07-19,https://www.jra.go.jp/datafile/seiseki/report/2025/2025-2kokura7.pdf,official_daily_result_pdf
202510020708,2025,小倉,2,7,8,2025-07-19,https://www.jra.go.jp/datafile/seiseki/report/2025/2025-2kokura7.pdf,official_daily_result_pdf
202510020709,2025,小倉,2,7,9,2025-07-19,https://www.jra.go.jp/datafile/seiseki/report/2025/2025-2kokura7.pdf,official_daily_result_pdf
202510020710,2025,小倉,2,7,10,2025-07-19,https://www.jra.go.jp/datafile/seiseki/report/2025/2025-2kokura7.pdf,official_daily_result_pdf
202510020711,2025,小倉,2,7,11,2025-07-19,https://www.jra.go.jp/datafile/seiseki/report/2025/2025-2kokura7.pdf,official_daily_result_pdf
202510020712,2025,小倉,2,7,12,2025-07-19,https://www.jra.go.jp/datafile/seiseki/report/2025/2025-2kokura7.pdf,official_daily_result_pdf
202510020801,2025,小倉,2,8,1,2025-07-20,https://www.jra.go.jp/datafile/seiseki/report/2025/2025-2kokura8.pdf,official_daily_result_pdf
202510020802,2025,小倉,2,8,2,2025-07-20,https://www.jra.go.jp/datafile/seiseki/report/2025/2025-2kokura8.pdf,official_daily_result_pdf
202510020803,2025,小倉,2,8,3,2025-07-20,https://www.jra.go.jp/datafile/seiseki/report/2025/2025-2kokura8.pdf,official_daily_result_pdf
202510020804,2025,小倉,2,8,4,2025-07-20,https://www.jra.go.jp/datafile/seiseki/report/2025/2025-2kokura8.pdf,official_daily_result_pdf
202510020805,2025,小倉,2,8,5,2025-07-20,https://www.jra.go.jp/datafile/seiseki/report/2025/2025-2kokura8.pdf,official_daily_result_pdf
202510020806,2025,小倉,2,8,6,2025-07-20,https://www.jra.go.jp/datafile/seiseki/report/2025/2025-2kokura8.pdf,official_daily_result_pdf
202510020807,2025,小倉,2,8,7,2025-07-20,https://www.jra.go.jp/datafile/seiseki/report/2025/2025-2kokura8.pdf,official_daily_result_pdf
202510020808,2025,小倉,2,8,8,2025-07-20,https://www.jra.go.jp/datafile/seiseki/report/2025/2025-2kokura8.pdf,official_daily_result_pdf
202510020809,2025,小倉,2,8,9,2025-07-20,https://www.jra.go.jp/datafile/seiseki/report/2025/2025-2kokura8.pdf,official_daily_result_pdf
202510020810,2025,小倉,2,8,10,2025-07-20,https://www.jra.go.jp/datafile/seiseki/report/2025/2025-2kokura8.pdf,official_daily_result_pdf
202510020811,2025,小倉,2,8,11,2025-07-20,https://www.jra.go.jp/datafile/seiseki/report/2025/2025-2kokura8.pdf,official_daily_result_pdf
202510020812,2025,小倉,2,8,12,2025-07-20,https://www.jra.go.jp/datafile/seiseki/report/2025/2025-2kokura8.pdf,official_daily_result_pdf
